0,0.410611867904663,82.4988998472691,0.73865157365799,2.65520918369293,13.0538864731789,5449.76178571582,1299.15951162577,2.00687131285667,74.4239583611488,31.5414763689041,13.0864543020725,6.56501877307892,15227.6110531986,3.04470166563988,2.39866319298744,989.001780986786,125.302627921104,350.967567026615,6.24423149228096,283.725888192654,1.42863091826439,127.186076939106,67.2309597432613,0,404.242996364832,101.324444025755,163.214578866959,18068.6876931787,6368.20875418186,0,14.5521622002125,15.6166083216667,200.899998664856,7.95517316460609,45.11629357934,6.33306354284286,159.8695102036,43.8477883338928,10.2826372981071,1.83470678329468,0,6.98383167386055,2.82880929112434,2.43119263648987,0,3.67328369617462,0,0,0,2.43689316511154,2.49035409092903,0.541101455688477,0,0,0.431019902229309,0,2.75666552782059,0,0,0,0,0,0,4.49656453728676,0.467149883508682,0,0.499421238899231,0,1.43498948216438,2.67682701349258,0.373151242733002,13.9473924934864,0,1.30466571450233,20.6732470095158,15.4133241772652,0.880236089229584,2.68160364031792,0,0,0,0,0.611615180969238
0.410611867904663,0,44.5159651041031,0.553808987140656,11.5153043270111,4.46580198407173,10.4645873308182,15.1288320720196,1460.49777001143,4.34455156326294,410.991887807846,5.0854417681694,4096.17644670606,4.26501899957657,119.737700343132,488.224351495504,187.682456851006,4.3786233663559,58.724789917469,0.561240136623383,34.2767078280449,1525.67527031898,52.2670630812645,2441.9739831686,2637.64217364788,418.278785735369,17633.1471424699,89.1544530391693,12.3706220090389,3.76969823241234,61.1155734360218,0.804080426692963,0.4539655148983,36.4800354540348,23.5567060709,292.128831356764,128.126071691513,194.498726904392,112.247442781925,34.2538988888264,1.54377269744873,528.330738425255,186.253104388714,122.983120173216,100.445484995842,83.6203890442848,2.75598269701004,0.793585002422333,78.2654913067818,1.98039472103119,1698.04189109802,15.1863940060139,0,0,0,9.21428653597832,3.79361307621002,11.3758859634399,2.180983543396,101.917986243963,2.85909926891327,263.07682454586,7.75506663322449,0,52.5959239602089,157.904361844063,3.06920951604843,70.9747276306152,0.409893184900284,4.89824679493904,104.077145934105,36.5265354216099,110.603518843651,129.663821518421,417.66002124548,4981.02133315802,13.5367007553577,7.23760974407196,8.0015914440155,38.8337785005569,2.82936841249466,0,54.9782472252846,12.2633895277977
82.4988998472691,44.5159651041031,0,1.82662346959114,11.5758208632469,52.377777159214,7143.40034222603,1059.12874960899,22.0251866877079,259.689344912767,70.5934759378433,25.5187207460403,25.9696410000324,1447.31786033511,48.2227810025215,255.743951946497,13506.038256377,145.071793824434,760.900847941637,22.7039134502411,12359.0458776653,82.025062173605,48925.2286657691,394.435861736536,1.8961353302002,53346.3555855155,27602.9415464699,3331.88795009255,401.358147680759,968.208531856537,18.0028116703033,39.5101443827152,101.881451785564,1968.00105261803,786.251480966806,8476.2352745533,913.366014689207,4770.11253920197,4238.61843392253,24.6934217512608,20.3384733498096,1.90659004449844,1539.54242241383,316.204982966185,632.403752207756,646.725537598133,11.5904205739498,5.21280711889267,0.558504521846771,1.63315138220787,398.336793899536,735.04515349865,0,0,0,101.020855695009,15.1497564613819,8.54036954045296,4.11284393072128,11.0325245559216,1.27378916740417,16.5361517965794,19.3034637868404,2.0619615316391,255.564021378756,2058.52635729313,7.29148399829865,124.61716940999,0,121.275848895311,434.34547907114,908.784302741289,191.880487859249,3.81867736577988,1043.93985852599,9709.34436309338,137.886212706566,15.2441449165344,65.1776777803898,14.7489608824253,0,3.88536149263382,285.22147449851,441.981765300035
0.73865157365799,0.553808987140656,1.82662346959114,0,62.4236883819103,44.778068870306,51.1896674633026,193.478098481894,4080.26712909341,9538.27668321133,5.83465805649757,1699.99055758119,36.9596595466137,74.8268550038338,649.937332332134,0,1.84661403298378,1.33688780665398,0.811566889286041,14884.082911551,4.27616775035858,0,5.12395682930946,6906.32280671597,0,19.440838932991,7.12609428167343,11084.7218332589,49.212914198637,0.52223926782608,0.657036304473877,6.94098022580147,3.36410367488861,17.6094971001148,22.0710477530956,145.850792735815,1.0102630853653,104.964588075876,25.1558015942574,285.529964059591,8.78336212038994,1.04862141609192,130.890125006437,2.43230307102203,118.83024969697,36.3520134985447,147.545882046223,45.8864607214928,3.45387399196625,0,1.62539207935333,0.329402476549149,870.983465671539,4.81696149706841,23.6191204488277,157.79938185215,278.940013110638,881.603736430407,234.360528737307,2.11142721772194,186.145526200533,0,44.3185259401798,48.7586784660816,0.375178188085556,0,0,0,283.975548297167,0,9.73049640655518,1.24344879388809,1322.92752227187,0,0,2.78488191962242,1444.79055562615,45.4545464813709,3.21224635839462,0,0,0,29.9281644225121,11.1023478209972
2.65520918369293,11.5153043270111,11.5758208632469,62.4236883819103,0,8156.7067052722,169.588649749756,1620.43095433712,560.929661035538,705.106729209423,19.569119066,1534.4564152956,246.076344609261,36.3813517093658,6388.15058210492,10.3754507303238,12.6686675548553,17.015851765871,2.34964963793755,190.364406764507,36.0647901296616,45.527920126915,59.3614575266838,300.852642446756,9.77311280369759,29.5694755911827,74.8012444376945,308.947596997023,12.5400280952454,14.1497410833836,0.946478426456451,1849.35737416148,1.39472159743309,8359.67726776004,504.886394381523,1933.35831701756,17.317532479763,229.589792191982,230.285252541304,13590.7235328257,12808.9865049422,5.46743541955948,63.7651675343513,12.6926727294922,31.3401196599007,26.1734502613544,47.3297481834888,11.8423943519592,3.90589702129364,0,0,0,91.5704561471939,1.37985903024673,1.57434892654419,25.6333276629448,21.2195032835007,105.183911561966,50.137775182724,0.82107949256897,39.953679561615,0,0.606880664825439,22.0859876871109,14.7693768143654,2.43607842922211,0,0,16.7765732705593,7.60507667064667,4.48521220684052,6.37576371431351,143.412924826145,0,0.893033683300018,9.68290340900421,190.251153349876,5.82597798109055,11.116497606039,0,0,0,3.23952281475067,129.153031766415
13.0538864731789,4.46580198407173,52.377777159214,44.778068870306,8156.7067052722,0,2104.66483291984,18439.2967554182,454.683601528406,25011.3781386018,140.666555553675,7138.75967568159,333.559410661459,743.663180828094,6022.96445447206,0.506473481655121,76.3079076707363,155.733050376177,87.2356945872307,1026.19511634111,53.3570387661457,5.04774302244186,54.6723886430264,172.246240139008,0.371181666851044,434.768209680915,89.1673798859119,1064.43775689602,287.670122802258,80.7872101068497,2.80895453691483,146.003678172827,6.68848794698715,1662.82561957836,3053.1000406146,2468.14192917943,31.7796019017696,908.781600385904,235.286569952965,4241.96797430515,3040.87003874779,29.0856693983078,152.264817893505,3.40039679408073,99.3590097725391,42.0674889981747,128.025461643934,68.6932371258736,22.6304267942905,1.59973657131195,0,0,162.470467269421,11.3207861185074,9.64698642492294,84.2798179686069,109.24940559268,162.472768038511,100.542483538389,1.0453422665596,113.958436399698,2.51590818166733,5.45936650037766,41.4053026735783,0.96471494436264,1.16065740585327,0,0,118.860744059086,5.32401165366173,1.63664215803146,1.57268661260605,386.699384629726,0,1.74094355106354,4.38313961029053,567.414283424616,16.6233568489552,15.1599141657352,0,0,0,20.5468410849571,478.156756460667
5449.76178571582,10.4645873308182,7143.40034222603,51.1896674633026,169.588649749756,2104.66483291984,0,21327.9538957477,1097.20158618689,25752.1938043833,211.999755680561,159.827524036169,736.731625050306,53559.3925432265,497.872570633888,52.2841986715794,3964.43245777488,521.563777893782,1119.89040252566,99.9209297597408,11179.9535217285,77.5301569998264,4282.3921892643,2918.00986868143,0,11119.4348326623,1185.67189615965,70885.4669041634,8111.9785952419,19065.3605453372,9.25125765800476,236.729062467813,789.184924960136,1639.60218960047,1780.46975895762,5882.07884648442,233.671077758074,5568.26506856084,2134.05973821878,754.055453181267,239.627212822437,17.9473922550678,2605.74119415879,56.1542787849903,1399.64575338364,573.176562339067,1129.82168731093,404.961147814989,25.7646478414536,60.4189728200436,12.3997681736946,41.721611648798,313.592179447412,19.3048464357853,67.6763250827789,1454.5931417942,1161.17921304703,622.95538392663,309.071430444717,42.2058471739292,264.746527463198,0,357.779999256134,133.376511245966,316.296041071415,26.3608296811581,0,12.9215163588524,121.957777887583,239.135228335857,82.6955745816231,320.357110142708,4661.32062795758,0.518664240837097,32.0477449893951,330.049088552594,6556.91831970215,747.924345195293,619.348759591579,0,22.8045188784599,8.41763913631439,392.517780303955,374.997676104307
1299.15951162577,15.1288320720196,1059.12874960899,193.478098481894,1620.43095433712,18439.2967554182,21327.9538957477,0,930.519633680582,30167.7396555841,1394.59170547128,6007.87754073739,1645.2921499908,51225.6620869935,1064.12852630019,32.7476544678211,3453.20639032125,2295.87457500398,2119.07656827569,2158.47594630718,1038.08120408654,26.7149990797043,918.070283532143,1178.98841929436,5.76013961434364,6923.43259230256,1159.87697935104,4332.52531388402,5918.84303462505,5469.18327870965,28.7553720772266,1592.23441308737,121.463090285659,2687.1965020746,575.105203807354,9806.73767822981,260.838450103998,4005.37926313281,1029.06378173828,7595.20384997129,2609.13461232185,104.929011017084,1203.38981419802,29.476809322834,792.306344151497,316.260132551193,623.143659621477,382.53419598937,146.838229387999,17.5993327200413,12.2652937173843,6.89870247244835,191.089459508657,5.60617011785507,28.8104482889175,784.360301166773,343.217957645655,412.42059789598,188.973763227463,6.85785734653473,278.415781676769,14.8185485601425,55.639555066824,83.1180899441242,40.4381780028343,12.5382795929909,0,5.67751955986023,188.688504070044,43.9425817430019,14.6919012665749,41.5798173248768,2443.08968767524,0.920063465833664,23.6797251105309,185.594141930342,3656.36410328746,127.957799136639,269.60747641325,1.04678380489349,8.84464222192764,2.87531697750092,114.850531607866,63.2989968061447
2.00687131285667,1460.49777001143,22.0251866877079,4080.26712909341,560.929661035538,454.683601528406,1097.20158618689,930.519633680582,0,3749.98653456569,304.288595050573,2985.26937475801,3146.76453915238,307.13084807992,3213.41854926944,163.696225106716,53.303604722023,32.200412184,38.1850805282593,1234.26684767008,139.407920926809,9335.55285108089,72.81885227561,46203.2786985934,775.268915832043,223.999814420938,4874.52064460516,12839.8366607726,531.304341644049,538.257435530424,61.9868754148483,21.991832524538,114.874733805656,165.813137978315,469.158264428377,1217.03171560168,82.0056402087212,613.904884576797,182.609258502722,2097.25348222256,82.2791342735291,115.82545363903,921.451591014862,54.7104150056839,413.105833917856,180.152921497822,268.001706272364,94.5701658129692,41.5998712182045,26.4960560202599,26.290589928627,5.56143683195114,895.143380224705,29.070429623127,70.5097607076168,629.920587658882,711.289351046085,4087.6930578351,681.69777610898,99.1395824849606,182.215168118477,136.068194031715,166.344101816416,127.054666101933,543.698900580406,19.4116013646126,43.131740540266,110.900039374828,148.794159770012,330.554768204689,900.586354076862,217.411019325256,8325.37038838863,51.1493688225746,153.314486354589,234.968624979258,4865.44565972686,431.337603241205,476.875799417496,13.91126704216,5.74148547649384,11.57912504673,116.620886176825,319.100302159786
74.4239583611488,4.34455156326294,259.689344912767,9538.27668321133,705.106729209423,25011.3781386018,25752.1938043833,30167.7396555841,3749.98653456569,0,400.119101256132,11761.4466767311,502.521492034197,13212.8816844225,1259.62204831839,2.51945543289185,232.22450569272,619.748779714108,384.408937871456,4049.85286226869,238.231891036034,16.3745768368244,351.416522055864,1626.07507550716,0,1852.7365244925,698.600450217724,22572.6621653587,3225.95336765051,203.549181729555,9.50709897279739,385.252925902605,58.6980296969414,931.292935431004,2571.54217198491,7369.44895717502,215.616070330143,4686.26667362452,544.896128535271,1593.0077495873,342.984400302172,23.8350857794285,731.991547644138,7.27713239192963,439.694302767515,143.974017679691,729.180330038071,214.434283703566,21.6163710951805,7.54854449629784,3.30518114566803,1.62366285920143,1101.85032609105,20.7530471682549,51.9855582416058,577.595615953207,909.864586174488,1459.35379016399,963.803057909012,2.34139028191566,492.689598023891,2.88176864385605,119.846681237221,197.888144105673,18.5544292926788,0,0,0,440.374677911401,10.6196069717407,17.5941408276558,10.2743673324585,3906.54358541965,0,1.10226079821587,16.5976096987724,5236.56289175153,108.553561985493,42.4889456927776,0,0,0,103.697112411261,212.110316067934
31.5414763689041,410.991887807846,70.5934759378433,5.83465805649757,19.569119066,140.666555553675,211.999755680561,1394.59170547128,304.288595050573,400.119101256132,0,204.410513967276,6189.40626096725,759.920412570238,44.9445763230324,33.4266503751278,1365.82498130202,23277.9201641679,2834.14495992661,69.5026220083237,101.931561499834,255.789693027735,123.05620098114,205.438477873802,269.410014152527,12024.9307509065,799.418310105801,145.981954723597,537.924894660711,45.8000937402248,351.564958363771,353.177721351385,32.0982090830803,12153.7513353527,65.329329431057,958.886841475964,4215.53164148331,5751.31837028265,461.280885785818,150.080894261599,37.2122953236103,3705.1629396975,22.8814294338226,2167.76836839318,62.9278683066368,4.11320221424103,16.7572541534901,3.09510731697083,651.635273754597,0,186.992684274912,0.411392241716385,0,0,1.68918371200562,12.3784816861153,3.98873603343964,50.116754502058,0,2528.75101563334,7.75122740864754,7169.42322096229,2.41380631923676,5.0025629401207,13.6283645033836,6.03295740485191,4.9259917140007,3.74741166830063,7.77792280912399,0.69002890586853,52.266314804554,1.9095516204834,66.4121036827564,221.643582522869,424.408925533295,693.081176370382,19.2245983183384,7.62106347084045,4.01632481813431,453.882566660643,32.2555065751076,0,26.5416415035725,27.8214002251625
13.0864543020725,5.0854417681694,25.5187207460403,1699.99055758119,1534.4564152956,7138.75967568159,159.827524036169,6007.87754073739,2985.26937475801,11761.4466767311,204.410513967276,0,167.729939430952,833.570160359144,4530.34739804268,0,62.0354517698288,278.099882096052,112.576783061028,7107.55170255899,19.1956829428673,17.7877762317657,52.1011953055859,388.7588339746,3.64899355173111,606.228073835373,200.405089020729,721.954855412245,325.403542995453,50.9307987391949,5.23280346393585,122.511527061462,0.985806107521057,292.330666065216,1416.03845256567,937.658969849348,28.5048039257526,1217.55604711175,69.7613205611706,2321.62497389317,209.880429834127,15.7188110649586,117.203938782215,3.797716319561,67.407787322998,36.1593472659588,220.964400172234,33.5434358716011,8.53493723273277,5.54786762595177,0.755304276943207,0.331160604953766,681.693166524172,23.5194804370403,79.6462630629539,127.311456918716,231.18286678195,952.819599628448,453.45182916522,6.6267526447773,689.391461074352,0,30.4805409312248,140.821781873703,1.70158457756042,1.09885764122009,2.32291647791862,3.12913545966148,258.869159221649,1.15435838699341,2.7528994679451,3.96469500660896,1059.53700530529,0.461713492870331,12.6174808740616,8.70813092589378,1363.25595909357,26.10671672225,10.4006811380386,0,4.21002554893494,0,8.82862129807472,952.412125438452
6.56501877307892,4096.17644670606,25.9696410000324,36.9596595466137,246.076344609261,333.559410661459,736.731625050306,1645.2921499908,3146.76453915238,502.521492034197,6189.40626096725,167.729939430952,0,245.786644488573,425.72185343504,331.419047176838,29.6562086939812,68.3464123308659,31.3247574865818,103.216193884611,121.96772685647,2666.10086393356,56.2885647118092,2582.67501232028,7775.95855894685,613.380536526442,5771.52973762155,816.40126517415,147.475310891867,151.56785312295,3590.8342127502,163.900648772717,15.589447081089,510.725371807814,303.620269030333,2771.54616874456,2571.49930176139,3540.96252053976,1020.31986379623,5267.73300775886,344.648167729378,8367.01054042578,1806.92256692052,4349.65547582507,2040.17399576306,712.212920933962,2748.01709604263,1104.08543336391,2410.7310448885,17.2925657629967,405.255941092968,5.47492963075638,123.257794320583,48.2302716374397,206.926163077354,333.897231131792,991.089196294546,118.740132302046,337.719279050827,5951.6535076797,458.630148500204,16865.7782141864,91.4842831790447,101.771332085133,62.6455302536488,16.9151259660721,52.4593822956085,60.877362370491,124.930142313242,162.654212087393,103.761430323124,48.3308139145374,402.766011595726,1473.00856348872,1773.49137759209,3027.52791920304,692.018454343081,161.098174899817,334.028056621552,2084.41819509864,87.3653489351273,8.47859936952591,140.479347586632,242.440329700708
15227.6110531986,4.26501899957657,1447.31786033511,74.8268550038338,36.3813517093658,743.663180828094,53559.3925432265,51225.6620869935,307.13084807992,13212.8816844225,759.920412570238,833.570160359144,245.786644488573,0,111.156139612198,22.8748140633106,5929.13055157661,1758.7105704248,3038.77645736933,459.084639340639,1794.82729116082,15.1349910199642,1172.78829485178,1392.23839953542,2.37438672780991,7285.48529526591,1172.07701486349,3523.26464164257,31340.0853180289,15634.2830851972,12.5565622448921,483.406912535429,264.674219489098,2243.33063848317,141.100713998079,1297.43535113335,95.4359951913357,2193.69652782381,436.920077770948,335.708203136921,131.312871932983,19.6071884036064,414.199813336134,7.6523469388485,183.828533142805,80.8924230337143,187.494950741529,45.3045651316643,17.3709045350552,12.1761733293533,5.59812706708908,2.4990710914135,39.0333194732666,2.85885000228882,0.78949362039566,277.483922272921,44.288592427969,143.633613586426,21.6250933408737,1.63993680477142,44.9744430482388,2.14690232276917,7.20237916707993,24.9418324530125,31.9419959187508,16.2610660791397,0,6.46758556365967,30.0100395083427,33.3234576880932,13.3394373059273,33.1993898451328,865.677225500345,1.19923174381256,21.0273405313492,184.557433456182,1124.27192506194,44.7159216701984,101.897584050894,0,0,0,45.9512947499752,10.5597699284554
3.04470166563988,119.737700343132,48.2227810025215,649.937332332134,6388.15058210492,6022.96445447206,497.872570633888,1064.12852630019,3213.41854926944,1259.62204831839,44.9445763230324,4530.34739804268,425.72185343504,111.156139612198,0,79.3031395077705,28.8735570311546,25.7484945058823,15.7474300265312,607.216917186975,431.964375793934,415.289832621813,495.300016134977,2918.64580407739,39.9159125685692,78.7317840754986,728.248561739922,1834.13725462556,87.9593239426613,120.602441102266,3.98707216978073,38.4816652536392,7.9925554394722,279.001792877913,1072.85833540559,604.505990147591,162.574126631021,233.012190252542,246.379555046558,8272.23776429892,348.807705700397,17.566486120224,171.606474161148,40.7098690271378,59.8879407048225,105.809073626995,89.1063609421253,15.9446283876896,19.9081231355667,2.4553816318512,4.34283632040024,6.05161684751511,191.163300573826,6.02161157131195,12.4901692867279,88.3600199222565,56.1044495403767,203.434078246355,98.0321866869926,1.62154221534729,95.161674708128,1.85133284330368,13.902091383934,55.6927045881748,79.325227111578,2.96527969837189,1.50853258371353,4.62665176391602,53.4564453065395,54.7753104269505,34.7982562482357,65.6647608280182,395.115134656429,7.77624517679214,15.8991403579712,68.181787610054,537.587755531073,27.602346777916,81.3034646213055,0,0,0,22.6162680089474,1677.74663934112
2.39866319298744,488.224351495504,255.743951946497,0,10.3754507303238,0.506473481655121,52.2841986715794,32.7476544678211,163.696225106716,2.51945543289185,33.4266503751278,0,331.419047176838,22.8748140633106,79.3031395077705,0,279.315965056419,16.9910719692707,58.5914539396763,0,3880.64014974236,12064.5710974634,13642.3407097161,4033.30202063918,118.091497778893,1189.12206268311,16806.7516663074,716.14365029335,27.7563162147999,141.650539189577,40.8437570035458,5.60246253013611,31.2728384137154,177.009218007326,718.520938575268,4655.17968660593,461.955258339643,1157.23931086063,1227.37245205045,19.2329347133636,7.05716371536255,13.2966908216476,1382.57967126369,181.639071881771,614.667733818293,628.62769934535,23.2390701174736,4.27355173230171,1.17693158984184,6.20346289873123,107.756747871637,131.946889430285,0,2.55661261081696,1.1803460419178,101.305322706699,10.9803925454617,48.354610979557,4.53818017244339,14.3971728384495,0,17.4980973899364,5.27509114146233,16.6288557648659,6475.45865055919,64.5284209251404,5.4967914223671,38.3956486284733,0,1526.36057311296,1996.68421903253,4254.97991529107,1454.24829289317,9.39707860350609,200.150182396173,2140.52516761422,800.210941195488,38.670397400856,302.259909689426,8.43120568990707,0,6.65135538578033,155.687971144915,235.61549076438
989.001780986786,187.682456851006,13506.038256377,1.84661403298378,12.6686675548553,76.3079076707363,3964.43245777488,3453.20639032125,53.303604722023,232.22450569272,1365.82498130202,62.0354517698288,29.6562086939812,5929.13055157661,28.8735570311546,279.315965056419,0,1263.42638593912,6721.48161649704,34.1949144005775,3488.29833480716,132.178125023842,9552.89907294512,436.655542612076,9.65097719430923,16336.9033986926,29172.0119268894,933.297388881445,3148.54290235043,3421.4198731184,19.0431578159332,97.7913287580013,583.323850244284,9554.54498839378,157.582583904266,1478.8329603374,405.043163925409,3045.89158275723,1021.880461514,58.1566888689995,10.5901840925217,0,1066.49756464362,425.367757171392,619.146389514208,412.528837233782,10.5512064397335,0.822586238384247,0,3.83365499973297,542.814191669226,150.919244736433,0,0,0,37.5771651268005,13.3485543429852,14.6886166334152,1.60154193639755,8.22153908014297,1.77960309386253,11.4224379062653,12.2451767027378,3.02871298789978,407.394732862711,1386.53366211057,5.35048544406891,322.182024776936,0.918298810720444,357.347841918468,147.165297299623,515.325883775949,269.177379280329,7.71158760786057,1550.6083804667,7974.42870157957,212.404511988163,26.0303936600685,129.270917117596,16.6662029623985,0,7.0110892355442,288.467589884996,37.1486449837685
125.302627921104,4.3786233663559,145.071793824434,1.33688780665398,17.015851765871,155.733050376177,521.563777893782,2295.87457500398,32.200412184,619.748779714108,23277.9201641679,278.099882096052,68.3464123308659,1758.7105704248,25.7484945058823,16.9910719692707,1263.42638593912,0,6139.44737574458,135.213623374701,316.02582642436,3.0971976518631,355.241102427244,78.4475389719009,2.43438923358917,4148.4646897614,743.858416974545,228.019578576088,1225.9003161788,169.651887714863,11.2920097112656,392.138885259628,138.677945673466,5862.59433880448,149.582689285278,2822.72109043598,1645.95761016011,6515.82602834702,1531.55734735727,108.874049127102,21.2986406683922,191.475310444832,21.3046510219574,75.3720789551735,10.8303449451923,9.27710437774658,0.681294858455658,1.75880771875381,0,0,6.72096216678619,1.90875560045242,0,0,0,0,0,22.6124814152718,0,59.7391395568848,1.41071355342865,98.6514172554016,0,0,8.76126649975777,13.7950899600983,0.509418904781342,15.8509640097618,0.923018842935562,0,8.15856119990349,10.7158607542515,8.15814587473869,1.10976040363312,202.489528566599,426.14973038435,0,0,1.05433535575867,71.7303309440613,0,0,7.35971957445145,77.6647275388241
350.967567026615,58.724789917469,760.900847941637,0.811566889286041,2.34964963793755,87.2356945872307,1119.89040252566,2119.07656827569,38.1850805282593,384.408937871456,2834.14495992661,112.576783061028,31.3247574865818,3038.77645736933,15.7474300265312,58.5914539396763,6721.48161649704,6139.44737574458,0,67.1059454381466,863.259338796139,17.0703014135361,1010.98873326182,130.361525535583,11.3839454650879,16493.3305544257,6540.07502743602,307.666141539812,1948.15780743957,409.529400259256,15.8879328668118,177.421281903982,313.799054503441,5294.35476411879,117.853776365519,1825.09629544616,745.088012874126,3338.6059204042,1371.62193953991,46.5892100930214,15.3971398472786,3.78575628995895,152.504733353853,125.457349658012,181.78822734952,107.465780287981,8.45657640695572,0,0,0.529332160949707,114.032023370266,9.22845011949539,0,0,0.569578170776367,2.07177716493607,3.32432633638382,14.536978662014,0,26.8086773455143,0,52.5403882861137,6.10685950517654,0,32.7185696363449,80.6480215787888,4.10157370567322,289.676945567131,0.543051242828369,14.956245213747,10.619978427887,35.3044372200966,31.7561107575893,26.9896969199181,1138.55740067363,4389.69841039181,15.9576734304428,8.60224372148514,12.1797860264778,55.7509490251541,0,0,46.5265719890594,56.746681958437
6.24423149228096,0.561240136623383,22.7039134502411,14884.082911551,190.364406764507,1026.19511634111,99.9209297597408,2158.47594630718,1234.26684767008,4049.85286226869,69.5026220083237,7107.55170255899,103.216193884611,459.084639340639,607.216917186975,0,34.1949144005775,135.213623374701,67.1059454381466,0,15.5489692389965,4.43676608800888,41.0017331838608,1453.56677934527,0,269.118175446987,93.6323815584183,1978.40582564473,217.462815374136,23.8831607103348,1.27663415670395,38.7496919333935,0.757313400506973,95.8705458343029,57.0257304608822,626.844553619623,24.3415941298008,319.680945396423,31.5582988262177,474.243988841772,44.4393652677536,4.09905856847763,129.944917023182,0,62.9318428635597,26.6181609630585,125.470923781395,30.2980738580227,2.68901073932648,0.769424617290497,0,0.324692875146866,608.913627073169,10.149975001812,18.1361953914165,109.959528446198,213.458433717489,537.390511155128,386.057689785957,2.29197090864182,205.088764816523,0,31.9819723665714,74.0579837560654,0.927441358566284,0,0,0.384301424026489,300.790790259838,3.82471519708633,0.535107791423798,0,980.216431975365,0,0.432110816240311,5.34676694869995,1267.19418203831,31.0854438245296,3.34903013706207,0,1.90123465657234,0,13.7459290921688,5.03363221883774
283.725888192654,34.2767078280449,12359.0458776653,4.27616775035858,36.0647901296616,53.3570387661457,11179.9535217285,1038.08120408654,139.407920926809,238.231891036034,101.931561499834,19.1956829428673,121.96772685647,1794.82729116082,431.964375793934,3880.64014974236,3488.29833480716,316.02582642436,863.259338796139,15.5489692389965,0,1049.38177889585,43506.2743484974,771.966271102428,10.5444830656052,9208.53394716978,3777.3010828197,15222.7562609613,1838.38227492571,23629.3379354775,5.60649219155312,90.2358709573746,1283.6427347064,9186.97864252329,3231.24551704526,12624.1820378304,895.666752517223,13231.9864106774,7986.05801606178,115.781916439533,35.7778604924679,4.459024310112,1495.13236090541,148.445321589708,651.223632484674,561.451939076185,46.5201354920864,11.8660350739956,8.16843685507774,17.3832075893879,17.7184998989105,111.47843375802,0.851077169179916,0,1.76694223284721,209.629795968533,26.3131846487522,59.3479395508766,11.7156081199646,11.2946091592312,2.19262820482254,2.00099632143974,15.1084107756615,15.1945658326149,3857.64548996091,87.7480622828007,2.94561803340912,37.1933733820915,1.32092848420143,2760.47423043847,959.081366598606,3528.72018548846,1569.03918433189,0.366185247898102,117.857904434204,1370.10165646672,1347.96645495296,99.1510728597641,732.737784385681,0.709212988615036,0,15.9297335743904,303.068118914962,461.269424855709
1.42863091826439,1525.67527031898,82.025062173605,0,45.527920126915,5.04774302244186,77.5301569998264,26.7149990797043,9335.55285108089,16.3745768368244,255.789693027735,17.7877762317657,2666.10086393356,15.1349910199642,415.289832621813,12064.5710974634,132.178125023842,3.0971976518631,17.0703014135361,4.43676608800888,1049.38177889585,0,2283.33819782734,25670.4948343933,771.81995216012,212.862167090178,8641.37513911724,1337.41198474169,31.5594408810139,366.19636246562,40.632343173027,1.61952209472656,8.38124743103981,74.516173094511,315.396873354912,1726.42819452286,160.432172805071,590.030169129372,490.929378956556,108.890381217003,15.2758712172508,170.011537879705,710.534766763449,120.203633695841,306.266454100609,303.662863850594,7.52809011936188,0,33.6085801720619,4.39994490146637,324.558431506157,84.7527819871902,0,0,0.455085933208466,32.4698755741119,6.986961632967,22.5124961137772,3.11401951313019,36.0635228157043,2.83832642436028,150.707329273224,4.25272127985954,1.91477382183075,1953.42935201526,89.6362248659134,4.12755692005157,25.1561075747013,0,362.127156347036,2082.70915344357,1033.10598027706,678.996196091175,53.7699691951275,146.089523941278,3109.59612238407,218.441872447729,9.19488260149956,78.7099888026714,26.4919745326042,1.15592479705811,1.40238273143768,59.3791015595198,202.393904149532
127.186076939106,52.2670630812645,48925.2286657691,5.12395682930946,59.3614575266838,54.6723886430264,4282.3921892643,918.070283532143,72.81885227561,351.416522055864,123.05620098114,52.1011953055859,56.2885647118092,1172.78829485178,495.300016134977,13642.3407097161,9552.89907294512,355.241102427244,1010.98873326182,41.0017331838608,43506.2743484974,2283.33819782734,0,1231.44777193666,5.93226259946823,10293.4303328693,36019.0189031661,4225.20363491774,1006.28622889519,4459.03101298213,18.0877557098866,114.181398868561,305.341348826885,10961.2241028249,4977.87684583664,29403.0886066854,2739.96775779128,15803.6386904716,13902.1508582234,86.9797229766846,39.1897913813591,11.1847900748253,3395.90802446008,336.94699126482,1600.49782858789,1788.81461235881,34.132638335228,4.32676875591278,1.75755590200424,2.45667397975922,77.1277067065239,1334.11395916343,0,0,0.300088047981262,164.338038444519,5.03779879212379,29.361842751503,6.26627638936043,20.7548578381538,2.48412993550301,7.38998427987099,12.9094907343388,20.8717511892319,8835.68396136165,677.471562474966,21.6113293170929,130.852239280939,0.372491598129272,1839.19228905439,3066.58474057913,9146.39538252354,1354.63908204436,2.85822114348412,494.627213060856,14088.3664656281,979.076161056757,38.1905269622803,250.737561136484,3.98070961236954,0,6.0296206176281,451.56999489665,1101.44490039349
67.2309597432613,2441.9739831686,394.435861736536,6906.32280671597,300.852642446756,172.246240139008,2918.00986868143,1178.98841929436,46203.2786985934,1626.07507550716,205.438477873802,388.7588339746,2582.67501232028,1392.23839953542,2918.64580407739,4033.30202063918,436.655542612076,78.4475389719009,130.361525535583,1453.56677934527,771.966271102428,25670.4948343933,1231.44777193666,0,672.581763923168,1639.02705702186,14494.545397073,16271.2811484635,3166.06374642253,996.375163942575,68.9888269901276,67.6276548206806,892.220693916082,828.140519946814,1403.32264366746,3922.31605365872,339.390751183033,1986.02996605635,1120.35020494461,923.601280003786,98.6124835312366,81.1726939380169,3005.53655034304,134.131654083729,1521.55323341489,732.976794689894,578.255234122276,304.371702581644,38.9741207361221,89.5446672439575,146.107954233885,66.7799586057663,218.482172459364,15.1793749034405,67.3872166275978,1401.0605481863,1005.00410836935,2918.85646864772,227.88299998641,109.528698414564,127.978288978338,79.9152420759201,315.34030649066,125.27341490984,2455.37164926529,102.286241561174,15.0668491125107,59.6033291816711,55.728252530098,1420.52278542519,1345.96288973093,1417.40646234155,11378.7279203832,50.2728251516819,191.063322156668,1411.35649800301,9057.49785211682,977.915882200003,1418.31641358137,14.9095084667206,14.0616416037083,40.6543534398079,493.386465549469,383.12131023407
0,2637.64217364788,1.8961353302002,0,9.77311280369759,0.371181666851044,0,5.76013961434364,775.268915832043,0,269.410014152527,3.64899355173111,7775.95855894685,2.37438672780991,39.9159125685692,118.091497778893,9.65097719430923,2.43438923358917,11.3839454650879,0,10.5444830656052,771.81995216012,5.93226259946823,672.581763923168,0,375.293963998556,21936.8777130842,20.7920208573341,2.92954739928246,0,524.171731740236,1.17164862155914,1.09373795986176,10.6703362762928,4.49326223134995,69.1555595993996,142.765632718801,68.7861739099026,32.4439499378204,16.2896032333374,0,868.77202424407,16.7225602865219,178.800500333309,35.6690429747105,10.5372187495232,6.74552631378174,0,131.955210208893,0.502395987510681,294.696338832378,0,0,1.12045967578888,1.85382878780365,0,0,30.250119805336,0,338.7382183671,0,1863.79054972529,0,11.8028803467751,26.019392490387,5.2177666425705,3.42790985107422,10.3783175945282,0,2.32926741242409,29.8022673130035,3.37534284591675,76.1878235042095,748.720157027245,544.184482812881,2107.34085342288,1.36856573820114,2.22705829143524,1.74241149425507,240.740020394325,2.38972091674805,0,8.43393558263779,2.04088258743286
404.242996364832,418.278785735369,53346.3555855155,19.440838932991,29.5694755911827,434.768209680915,11119.4348326623,6923.43259230256,223.999814420938,1852.7365244925,12024.9307509065,606.228073835373,613.380536526442,7285.48529526591,78.7317840754986,1189.12206268311,16336.9033986926,4148.4646897614,16493.3305544257,269.118175446987,9208.53394716978,212.862167090178,10293.4303328693,1639.02705702186,375.293963998556,0,28009.6920959055,2851.7534160912,3236.32518255711,1348.77803465724,986.838410019875,692.080361366272,326.288700014353,9243.7388753593,1303.5832465589,17588.8221809268,9886.24415302277,17606.4872106612,10226.046913743,236.945072114468,85.2491012811661,1043.40106546879,1347.91219192743,2962.02962937951,948.24852642417,700.716510742903,20.4643859565258,6.57180166244507,71.9982280135155,7.9081404209137,1016.13736748695,113.504844993353,0,1.17725908756256,4.85098451375961,38.7957331240177,42.3269442021847,152.32779148221,0,2300.35869315267,4.78570142388344,5271.98606795073,26.1877872049809,9.68113338947296,214.5053807199,1086.62565839291,123.219432979822,1221.7128777802,10.2292494177818,66.1518450677395,289.288353383541,221.56776112318,246.142735153437,543.270586788654,10863.1194501519,26780.2578542829,48.0459208190441,29.5003945827484,54.7207864820957,3234.23649033904,3.69436436891556,2.68720677495003,311.027899324894,698.104182988405
101.324444025755,17633.1471424699,27602.9415464699,7.12609428167343,74.8012444376945,89.1673798859119,1185.67189615965,1159.87697935104,4874.52064460516,698.600450217724,799.418310105801,200.405089020729,5771.52973762155,1172.07701486349,728.248561739922,16806.7516663074,29172.0119268894,743.858416974545,6540.07502743602,93.6323815584183,3777.3010828197,8641.37513911724,36019.0189031661,14494.545397073,21936.8777130842,28009.6920959055,0,3207.14633801579,1076.03719833493,462.847901448607,1891.55264893174,219.993310675025,130.478960603476,5572.07428184152,4086.38728374243,45984.8534621894,10138.6076599658,19535.4453851283,19370.3898548186,267.820727616549,73.9639523327351,347.992148309946,8631.12724074721,3433.52607059479,4223.38924625516,3535.35715979338,53.6395861804485,12.4700699448586,103.995932906866,10.596911996603,9308.61764457822,2217.2918201685,0.782302558422089,0,5.04263663291931,262.582162201405,134.308120936155,157.19657599926,22.1047112345695,1550.88818383217,14.6921804249287,4872.42144140601,98.5848218500614,9.10356658697128,2141.25985142589,7746.35855656862,206.824058651924,2740.52705782652,6.22933861613274,485.241353303194,4658.84895968437,4314.48302094638,1146.52735316753,2196.56402343512,18672.1013620198,106547.814781725,343.627939879894,94.1611924469471,174.899526327848,2733.89154428244,7.25137794017792,8.92149719595909,1582.28562343121,2224.76404893398
163.214578866959,89.1544530391693,3331.88795009255,11084.7218332589,308.947596997023,1064.43775689602,70885.4669041634,4332.52531388402,12839.8366607726,22572.6621653587,145.981954723597,721.954855412245,816.40126517415,3523.26464164257,1834.13725462556,716.14365029335,933.297388881445,228.019578576088,307.666141539812,1978.40582564473,15222.7562609613,1337.41198474169,4225.20363491774,16271.2811484635,20.7920208573341,2851.7534160912,3207.14633801579,0,7378.73318356276,18115.0562694073,14.2778484523296,185.763041615486,3541.20864164829,3299.65534764528,4254.35320129991,11037.5234809816,758.119249761105,8189.00651192665,3899.32146820426,1159.05250695348,255.753783017397,24.5719043016434,4601.17999246716,111.456333905458,2260.79955238104,1015.37295994163,1332.9570081234,598.410817742348,24.593246370554,132.492956548929,34.4472748041153,82.9213187098503,1180.26669123769,48.1256922483444,137.898153275251,2752.18286210299,2043.83051520586,2796.16092294455,1012.35166937113,68.6751885712147,465.417812496424,2.55783259868622,558.733079344034,239.126728445292,1659.14505237341,67.9278091192245,2.4862368106842,51.3755503594875,373.102848187089,1672.32783904672,697.835319757462,1218.73798066378,13529.2881990075,3.53418585658073,99.1102014482021,690.160427898169,14389.2785378695,1492.21774572134,2373.2016697228,0,14.3411684930325,48.4696277678013,735.666130796075,656.295188456774
18068.6876931787,12.3706220090389,401.358147680759,49.212914198637,12.5400280952454,287.670122802258,8111.9785952419,5918.84303462505,531.304341644049,3225.95336765051,537.924894660711,325.403542995453,147.475310891867,31340.0853180289,87.9593239426613,27.7563162147999,3148.54290235043,1225.9003161788,1948.15780743957,217.462815374136,1838.38227492571,31.5594408810139,1006.28622889519,3166.06374642253,2.92954739928246,3236.32518255711,1076.03719833493,7378.73318356276,0,11676.8828519881,10.5231454372406,1227.55042728782,4020.88945519924,8866.41289627552,97.0145484209061,810.791316747665,53.6676062345505,2454.81942293048,498.432755768299,175.006909191608,93.8045178949833,3.97329330444336,269.776448100805,7.71882373094559,121.962119400501,51.8875513374805,93.8922075629234,24.6910322606564,8.99970644712448,4.61262738704681,7.46433383226395,7.80219253897667,8.11232700943947,0,5.46409979462624,192.885237157345,25.8198913633823,144.968746721745,4.80876612663269,0,17.5812995135784,3.50688755512238,11.1429879963398,15.5289250314236,48.7589346468449,16.7306110858917,0,15.3240618407726,10.2250624895096,50.0241174995899,26.1097985506058,31.7905004024506,836.563721358776,1.70017623901367,25.79284709692,187.161260247231,804.024012923241,55.4175201356411,152.453943103552,1.00251936912537,0,2.84054151177406,44.20360699296,11.213549554348
6368.20875418186,3.76969823241234,968.208531856537,0.52223926782608,14.1497410833836,80.7872101068497,19065.3605453372,5469.18327870965,538.257435530424,203.549181729555,45.8000937402248,50.9307987391949,151.56785312295,15634.2830851972,120.602441102266,141.650539189577,3421.4198731184,169.651887714863,409.529400259256,23.8831607103348,23629.3379354775,366.19636246562,4459.03101298213,996.375163942575,0,1348.77803465724,462.847901448607,18115.0562694073,11676.8828519881,0,0.35846334695816,38.3342713713646,3638.47983685136,4195.31330892444,619.639157801867,2203.29439273477,96.1523516178131,2936.60391628742,966.013546466827,104.847058951855,41.5559187531471,2.81338948011398,1249.33254832029,63.6094692647457,474.794481948018,319.42095258832,158.204944878817,23.9964275360107,14.1949465274811,43.9858959317207,5.99450871348381,23.9078070521355,4.40873140096664,0.886063933372498,9.11598643660545,330.134546726942,44.4028450846672,252.480059444904,18.5555141270161,3.87195175886154,14.6007210612297,0.613079965114594,32.0236975252628,17.90721398592,1242.88200369477,53.054718285799,0,30.6145528554916,10.3887014687061,2015.41706171632,415.951015472412,669.926639288664,2288.04275217652,0,45.6579068303108,120.516725361347,2502.633923769,253.551471203566,1162.18182390928,0,0.810494780540466,35.8209282755852,267.344654500484,115.123902767897
