0,0,0.00353288271399885,3.72620856237084e-05,5.86401481638551e-05,0.00259851698561791,0.301850339741671,0.306075732030705,0.000144254289056015,0.00237211748611786,0.000303025032397583,0.00149816166898542,3.52196065139502e-05,0.650051079631038,0.000110092897657419,0,0.0104026816648806,0,0.00266755418028901,0,0.00189878172727445,0,0.0110017510543508,0.000436166353142565,0,0.00333884885973102,0.00123920531136145,0.00623222923638499,0.481844298370283,0.358336402785303,0,0.000262076038213366,0.00135056896744414,0.00624052968732759,0.000375512624840361,0.00111656190233168,0,0.00213618659072249,0.000413395471239531,0.000409092213545394,0,0,0.000122360456672346,0,0,0,0,0,0,0,0,8.30649538812639e-05,0,0,0,0,0,5.87249405342579e-05,0,0,0,0,0,0,0,0,0,0,0,0,0,0.000102045188659376,9.99016742086946e-05,0,0,0.000154833505416214,5.01728724149286e-05,0,0,0,0,0,3.26418797012001e-05,0
0,0,0.00384172018021145,0.000889139601361779,0.00158376016473533,0.000323942422176492,0.000427044679916787,0.00126799742510162,0.10988806753732,0.00207054423123816,0.0714405789869858,0.0034829833066666,0.188454939933454,0.000900641633004072,0.00363146005444469,0.0127171612631141,0.000701849999059492,0.000305909128477544,0.00202015406124264,0.000659009076882881,0.00479100180668192,0.197812674957753,0.00280270039494021,0.100102368056586,0.318855398297791,0.0152809473443823,2.58200502199966,0.00657642305819357,0.00128450696559428,4.14794568980754e-05,0.00241468618612749,0.00252192571796849,0,0.0312426480984299,0.000852513059176251,0.0118286028548028,0.0149099054991149,0.00967675016712409,0.00641599627382762,0.00226743401985732,0.000233915966008231,0.125568261912761,0.0106366032098317,0.00837994550299072,0.00756093418724442,0.00433159435725231,3.51674962100684e-05,0,0.00224044506488151,0,0.182721928651172,0.00987764081393891,3.20308330444187e-05,0,9.61962400606271e-05,0,8.21786935531855e-05,0.00203393291831435,0.000276527159084326,0.00396693159248345,0.000274231640297359,0.0171108412962463,0.000331240468699211,0.000126183495220006,0.00592896597296546,0.00175729361089952,0.00100930704907362,0.00657987876080506,0,0.000545826023791233,0.00656090586064733,0.00143136476369338,0.0066562624709851,0.0103165273826003,0.0566388966079004,0.539481342695355,0.00139280925888106,0.000396053734888602,0.000654946372998011,0.00780537088168641,0,0,0.00829243933958783,0.00121973516694775
0.00353288271399885,0.00384172018021145,0,4.87726310022295e-05,0.000838919632838988,0.0153346538426614,0.0308106880366535,0.171823808892413,0.000811042009681312,0.0163380493885598,0.00517036897302062,0.00223447129068476,0.00562061723018374,0.0363799079263364,0.00273544217652543,0.0167108984497898,2.30537084703744,0.00655940013680751,0.279005949602105,0.000420511900841361,0.154851427738336,0.00555441130767553,2.85570879149245,0.00596627781302432,0.000291308763204771,2.98707141550955,1.39792185134801,0.040884930070104,0.037126782104607,0.129738192122902,9.86569957464216e-05,0.00145181047405457,0.00307737555292666,0.633537895845283,0.0616052788476484,0.789955808224438,0.192227992828192,0.215609679203758,0.278315634912219,0.00916969121791653,0.00405926391483,0.000508243154858973,0.0392476968791148,0.00706717486840433,0.0162954491785106,0.0203537634868452,0.000711578323840922,0,0,3.09487875017017e-05,0.0351272675044337,0.231427052705344,0,0.0015658814699001,0,0.0014388892973388,0.000124319282357264,0.000264835816731202,0,3.70536231415629e-05,0.00025518187785492,6.06185911227405e-05,0.000878007989315306,0.00103448572805679,0.00997423641273702,0.034317452708595,0.000543221441965395,0.0169895816942592,0,0.00154301543169465,0.00536778021203337,0.0347019015381194,0.00432748661539565,0.000431436406743348,0.0910677056639504,0.751568831386291,0.00283363430526088,0.00030738426619423,0.00157171090283206,0,0,7.27557668633938e-05,0.0257742319278406,0.046736368630694
3.72620856237084e-05,0.000889139601361779,4.87726310022295e-05,0,0.0247963782829523,0.0124982954324535,0.015540279034191,0.016300156487776,0.337759990816921,0.945416072495691,0.00125045822583616,1.19335134475078,0.00333405678881362,0.00385949369980403,0.0407789518235912,0,0.000106185657478756,0.00064293109751386,0,2.41262420145731,0.00047130609641566,0.00399644128918661,0.00046889434138155,0.708060590657719,0.0051468506947186,0.00199742821258548,0.0058733091556488,0.699186350314082,0.00685479150000012,0.000891665215507684,0.000155135420508355,0.00411171132769435,7.35892576224208e-05,0.0111358217334075,0.00786491750291763,0.0376191937176706,0.000788738766538506,0.00532082285231613,0.00207771520971612,0.0768699321131006,0.00492433049814954,0.00020226413718459,0.013282935334767,6.25375017279327e-05,0.00243921848278598,0.0006889304338808,0.0827742106706929,0.00060677152773453,0.000439566951582902,0,0.000441917860458895,0,0.0989923182409098,0.00251919992823273,0.00938243622752909,0.00645851697744255,0.00453312470867367,0.0903472077375657,0.0751987388381594,0.000339457658467925,0.051352893152696,0.0002815396939455,0.00282809168103315,0.0051942975859982,6.88074490298689e-05,0,8.16852985551477e-05,0,0.0294056855006926,8.60198134523748e-05,0.00181274358199703,3.1621554610911e-05,0.19313157165057,0.000283493559782421,0.000102697950969571,0.000570849992851669,0.192543049350689,0.00175704421726589,0,0,0.00163061693334767,0.00017930780091753,0.00521152109412873,0.00128589982985336
5.86401481638551e-05,0.00158376016473533,0.000838919632838988,0.0247963782829523,0,0.304837536082673,0.0148826043619962,0.05338869457973,0.0514597590324152,0.0516948333651335,0.000224195396453634,0.236901597017425,0.00353091912222846,0.00137448835543525,0.278499516309721,0.0051708883676411,0.00050913967278598,9.81548507164031e-05,0.000141519094749015,0.0183602675216187,0.0212546354231486,0.00440294878156477,0.0219903539013829,0.0367007977806451,0.00549919678167297,0.000219554290171182,0.00730079937304483,0.0470517484955825,0.00205099528927749,0.0114770378671116,0,0.0530469769508092,0.000480137331434345,0.0711317780686383,0.256857736825079,0.0902993571089878,0.00218017850718154,0.00284274794679378,0.00273736530973585,1.32144203091594,0.366814088392693,0.000241875704457903,0.00368177464287853,0.000528057081247508,0.000170443893284154,0.00240372545608555,0.00417586734668003,0.00028034873732419,0.000217079574131906,0,0.000103994642854464,0.000533146728866896,0.00297683071710448,0.000350364593417221,0.000662854917971349,0.000635754629885411,0.000303594602059668,0.00171784737976926,0.00170400895017357,0.000237842145292032,0.00251637148689305,0,0.000139900936660826,7.9202047513032e-05,0.000748037852183503,0,9.47890988117455e-05,0.000117792453209067,0.000217901261917737,0.00102736708200074,0.000644078833277768,0.00257465027267755,0.00805839789580532,0,0,0.000817265879310105,0.00422690693776371,0,0,0,0.000109828936390197,0,0.00025791209577322,0.111955172684628
0.00259851698561791,0.000323942422176492,0.0153346538426614,0.0124982954324535,0.304837536082673,0,0.584381462464379,1.35724893111943,0.0108512017682794,1.97428829929585,0.0168424673333131,1.15791864069403,0.0220027208322167,0.0604652404133865,0.0812031422276761,0.000745766017320528,0.0107902868480963,0.00478533526186895,0.00414963011231561,0.0345861073648983,0.0082153941903173,0.000711434715092978,0.0511048724848523,0.0210822474159535,0.0253641993540529,0.0236585853034948,0.00736106834332451,0.289789297637033,0.0486234547032178,0.0472311490851189,0.000447860424711713,0.0596702291829963,0.00112709591531305,0.0535144623716348,0.201627501580313,0.366763327375406,0.00528620691530535,0.031194914514231,0.0143125348611276,0.28197614918675,0.0552135822443927,0.00430096537952063,0.0198252410116473,0,0.00335156839346027,0.00205032310818176,0.019599414775112,0.0012154557444069,0.000400425598693603,0,3.19231861481398e-05,2.78243148342938e-05,0.00694641765955774,0.000745866695854855,0.0024029626602919,0.00620370474177041,0.000974481529538789,0.00509605734980904,0.0139314927879111,0.000753779609936789,0.0028608499245812,0.000292451480046743,0.000758535917490956,0.000615697540982423,0.000231816558524052,3.88141399731279e-05,0,0,0.000770623386055603,7.70345773982346e-05,0.000188076977580851,0.000248548495859811,0.0641184769179333,0,5.46507857568741e-05,0.00022919815575923,0.0575611797944833,0.000760566579449773,0,0,0.000196626614216813,0.0001234731828565,0.00411750186634427,0.0252874017222277
0.301850339741671,0.000427044679916787,0.0308106880366535,0.015540279034191,0.0148826043619962,0.584381462464379,0,1.8691566254236,0.0241501100253207,3.64044359137399,0.0194633863785975,0.037333264165998,0.016958310724578,1.25654199597605,0.0325733417734767,0.00167190279549279,0.0149206633503435,0.00975293612610875,0.0083820198962058,0.00593405901615491,0.0548743183673514,0.000521778695823994,0.271810053008504,0.208980462403456,0.0102602720021318,0.0367280730906373,0.0210914463224483,6.59192797946857,0.274453603110039,1.11598096732324,0.000517862166859019,0.0219083897053056,0.0165455725596161,0.206871604331806,0.122895871072545,0.39143409867517,0.0139830814287331,0.117027548071699,0.0359921437727855,0.0336649837595857,0.0535430158408354,0.00319476424284524,0.0531578315738405,0.000296621138481316,0.0104445878293874,0.00356242211780492,0.0364159330320136,0.00386672025740761,0.000115236966553217,4.80229070900082e-05,0.000142911996815419,0.000125823682940829,0.0117206150664462,0.001026547338929,0.0052256719303483,0.0162662360448007,0.00469320988025986,0.00944619301065111,0.0233591723778721,0.00170803474229782,0.00226044656048112,0.000981292527967569,0.002722037335471,0.0018944584198851,0.00160088268951,0.000102903599169218,0,0,0.00147580005133814,0.000562234157958633,0.000732519012381736,0.00195230797914806,0.143094199641095,0,3.15716678501278e-05,0.00301656357026532,0.0988634649249683,0.00272869164381859,0.000199123260865545,0,0.00195521778893259,0.000184396463183599,0.0103502132831305,0.0199986215602772
0.306075732030705,0.00126799742510162,0.171823808892413,0.016300156487776,0.05338869457973,1.35724893111943,1.8691566254236,0,0.0102837835672713,1.56202002194931,0.0406819230804879,0.676427882570315,0.033346197556633,2.45316088764591,0.0133879018715329,0.000900274436482412,0.345155429477266,0.0167297448844569,0.083697011392249,0.0791346391357508,0.064307048249873,0.00122863849816568,0.547319228180757,0.0232479121496249,0.0300844131775286,0.199373163938662,0.0668598270201162,0.385492494349065,0.73527549491399,1.81877329003244,0.000988592152945966,0.0396930552034717,0.0096905588163652,0.228580884197845,0.0185452231976212,0.495710287757157,0.0116083847153243,0.101015983964326,0.0488440172768474,0.0534478341673374,0.0278161112598867,0.00832980017793545,0.0149601143026631,0.000247220057639605,0.00194815667144218,0.000847291747559578,0.0163173199791466,0.000619561430341014,0.000791975775061461,0,0.000350946452821767,0.000850197143339308,0.00416020276910552,0.000491862353022095,0.000662221224728959,0.0070347162171611,0.000449189141760916,0.00300824784280187,0.0056025268781477,0.000820037874318717,0.00190883087789767,0.00128460681236753,5.16422350632489e-05,7.97142162091761e-05,0.000418970550689855,0,0,0,0.000684826536556145,0.000210109035895059,0.000865350218571715,0.000589497785488448,0.0598924233244983,0.000235711319923645,7.69116445292622e-05,0.00423012845709962,0.0301080084929742,0.000348470191408223,0,0,0,0,0.00282983153852644,0.00205394243379205
0.000144254289056015,0.10988806753732,0.000811042009681312,0.337759990816921,0.0514597590324152,0.0108512017682794,0.0241501100253207,0.0102837835672713,0,0.117101399825555,0.0217258166963292,0.169238699918938,0.0568338459948151,0.00219400780394612,0.0793992881157881,0.00992953464727524,0.000568896609058097,0.000203352579253522,0.000166816394203544,0.0998021191496466,0.00948564901024801,0.520725038192217,0.00406649681224881,2.37098799964797,0.102392212335573,0.00458197721473155,0.558857365004641,0.589242274159955,0.00721567663754041,0.000923169404377722,0.000939224744250006,0.00437931356758015,0.00061427275080325,0.0154544191669753,0.0115333920428372,0.0686056174060798,0.00829573082846114,0.0104234718944594,0.00303338023617163,0.0855639349548796,0.0057930111282321,0.0252385272453901,0.0374068110108946,0.000677220443066323,0.00753894323021465,0.00223145435149166,0.0195561975519381,0.00173657513725407,0.000896612490205955,0,0.00540973114513481,0.000516558104909381,0.028148061501974,0.00138002864506089,0.0057845244974975,0.00884543430498759,0.00338727784108404,0.148066357050818,0.0303599068262192,0.0012471222093899,0.0121566862372939,0.00288030895127941,0.00197957227303191,0.00226741271543163,0.0294853332374527,0.000133062806752914,0.000251098172002929,0,0.00427282555549914,0.00982145099845488,0.0532332269628279,0.00641741261170747,0.368064362929294,0.00180010563410473,0.00356577862581945,0.0159436747264433,0.154908620990852,0.00150003293527659,0.000133824033542716,0.000383838737502456,0.00203198906196581,0.000121909944628775,0.00712573857016402,0.00685850124418284
0.00237211748611786,0.00207054423123816,0.0163380493885598,0.945416072495691,0.0516948333651335,1.97428829929585,3.64044359137399,1.56202002194931,0.117101399825555,0,0.0817737907358597,1.77493580538312,0.0600616149613153,0.678832523266041,0.0815587597821645,0.002179580709628,0.00579827293149016,0.0352428549330428,0.0169016095367146,1.62264716985426,0.0162166929454815,0.000881893150018183,0.0713387616630534,0.0969797106486481,0.0179866008534307,0.107121638659638,0.0406402820752677,1.66493277253429,0.240261624711651,0.0435269324934867,0.00307522861455041,0.12745573132317,0.00212272166201933,0.419832712146772,0.177854463126929,0.883393162830511,0.0210775344095973,0.25604768607611,0.0542790501661599,0.125764341608627,0.166072252244616,0.0184653192524578,0.0593667923556153,0.000192480207284993,0.00975758862657273,0.00346716839064091,0.100049292184431,0.00367700294301857,0.000994489329509262,0,0.000101665787461722,0.000227148781539204,0.0635952208395829,0.00377117686472366,0.0125382182461385,0.0235461641270063,0.0105363001069347,0.0522489544334203,0.1416487597149,0.0013897336663545,0.0276108326504367,0.000517690160086677,0.00352591287756041,0.00546177791144975,0.000759028780823535,0,9.7701933181998e-05,7.70661937708795e-05,0.0131705675563943,0.000193026669584739,0.00121755235178633,0.00075467369401747,0.257287844389537,0,0.000625761616045821,0.00112739983891915,0.291993134923975,0.00266772293090578,0,4.10136470670223e-05,0.00233721765392957,0,0.0127475365182738,0.0215328632028153
0.000303025032397583,0.0714405789869858,0.00517036897302062,0.00125045822583616,0.000224195396453634,0.0168424673333131,0.0194633863785975,0.0406819230804879,0.0217258166963292,0.0817737907358597,0,0.0696082277458947,0.737321858371594,0.0265363289689332,0.000751756757552829,0.0017279119983129,0.00623803472546762,1.07040142775292,0.294588467573758,0.00970119896631287,0.00532920670621006,0.0239492806594482,0.0226004107530344,0.0100072887121803,0.120314449080883,1.02272246054003,0.110050072061385,0.0139618512046349,0.0382390446410357,0.00659655855239258,0.085646687658092,0.0707351776635097,0.000363658713367536,0.938548281314439,0.00502889389780868,0.132494475082121,0.210307377125656,0.395536827609448,0.0865214022799826,0.00312962084076113,0.00482034594984994,0.477361225777439,0.00204371565255741,0.009943311441485,0.00163800272121187,0.000481728695946345,0,9.38620160282251e-05,0.0566861638364251,0,0.0124672876300858,0.000273157803669333,0.000196057417902029,0,0,0,0,0.00108209837372293,0.000166410598769534,0.0973210866884192,0.000123600730581659,0.271150474470655,4.86509906710625e-05,0,0.000510394006292993,0,0.000459660059048539,0,0,0,0.00271205209339895,3.96189727824211e-05,0.00142105302704427,0.0475089878676172,0.0791120906625056,0.154077454212436,0.000267162668335902,0,0,0.0989140636377859,0,0,0.000659002262113172,0.0028440355601956
0.00149816166898542,0.0034829833066666,0.00223447129068476,1.19335134475078,0.236901597017425,1.15791864069403,0.037333264165998,0.676427882570315,0.169238699918938,1.77493580538312,0.0696082277458947,0,0.0392742384293364,0.108662327270447,0.322092897734638,0.00052310016331929,0.000461066725342945,0.0251231877831882,0.00980771645628994,2.03370316799448,0.00139353620860796,0.00471420993338437,0.00417646022219289,0.130083992514855,0.0175493126058285,0.0755504303362374,0.0329557908910608,0.505564004606056,0.0849181930956748,0.006714089742832,0.00288137203172445,0.133737906629392,0,0.178570568749926,0.474406026396484,0.281934569289976,0.00647273627799552,0.0846797749629273,0.0166922444354856,0.368290728380938,0.0485743754548378,0.0143514600931892,0.0121237889856763,0,0.00320319055436127,0.00134622527009369,0.0699257408534571,0.00125553129494504,0.000618078303464693,0,0.000229261811473929,0,0.0645955492854243,0.00450447392342737,0.00651874445891274,0.00142815322785333,0.00604052200451497,0.0205798159222223,0.0283565971318348,0.00184850677509134,0.086497460020925,0.000935494756609553,0.00334472352676026,0.00670133169289392,0.000766536043611872,0,0.000136007281125388,0,0.0221469966407275,0.000150181262514609,3.41005216109038e-05,0.000406050250631351,0.0640227900110198,0.000165615709285807,0.00102332086447101,0.000136590057357481,0.0603442591583525,0.000674628266767869,0,0,0.00204622461021522,0,0.00190308202418272,0.0652215220624499
3.52196065139502e-05,0.188454939933454,0.00562061723018374,0.00333405678881362,0.00353091912222846,0.0220027208322167,0.016958310724578,0.033346197556633,0.0568338459948151,0.0600616149613153,0.737321858371594,0.0392742384293364,0,0.00559564970272846,0.00200259465160084,0.00625048554365896,0.00192558461824317,0.00970725420819872,0.00302566189038117,0.00668613124745057,0.0134404573282704,0.0660079202793186,0.0272271226208716,0.0465934138832498,0.692317301621141,0.0756617090487204,0.34613238894828,0.0515249276330791,0.00887309626573131,0.0056507155703427,0.113211722863259,0.0570949158029802,0.000248427595134371,0.381474820483456,0.0124294080114867,0.475868456462756,0.301669855608477,0.270219408596018,0.148609660638641,0.174145608564659,0.207134302316999,0.696480097091122,0.0287780758013326,0.0280020539716329,0.0138016968172949,0.00741264544818752,0.0320852626148113,0.0024478751992084,0.15591814722551,0,0.0530368867225311,0.000745210195345741,0.000991568574505147,0.000200664684268737,0.00148753912543473,0.00180900796815454,0.0037371239472565,0.00891738210103402,0.00401046465329565,0.318465212649094,0.00215847340894703,1.01854407983586,0.0012624123479777,0.000563281586172557,0.00442961839699912,0.000181299679653311,0.00033791329790844,0.000418062855973416,0.000424146951934451,0.000692541241028947,0.00987098081558944,0.00086125323526099,0.0252704119129664,0.267657876991325,0.207243930546134,0.513777727684406,0.0103213844064961,0.00159782253182247,0.000113338968122757,0.334059890386363,0.00299941712763385,0,0.00486431655479441,0.00694167052736792
0.650051079631038,0.000900641633004072,0.0363799079263364,0.00385949369980403,0.00137448835543525,0.0604652404133865,1.25654199597605,2.45316088764591,0.00219400780394612,0.678832523266041,0.0265363289689332,0.108662327270447,0.00559564970272846,0,0.00271704583565836,0.000338359811827758,0.133986314981782,0.00920989226513267,0.0321174177937733,0.017990096300989,0.0237237105391609,0.000285385130968219,0.153881018614986,0.0119030637649494,0.00340818851061154,0.0659688023102576,0.0240515549392095,0.127469244316794,1.90188985201112,1.15607504912004,0.000606870112688425,0.0233957586363564,0.0112122699570559,0.115114485722759,0.00472867546829667,0.092037859016044,0.00300047659039081,0.0322146768047315,0.0133049330025964,0.00673862975690999,0.00507929531784532,0.00176758848784619,0.00250798964151307,0,0.000271580831932056,0.000295403272498894,0.00217439771573171,0,0,0,4.38847303394973e-05,0.000121637880779955,0.000427560971973938,0,0,0.000495130054001274,0,0.000621668217341769,0.000596640847985351,0.000191649412660584,2.69636760554373e-05,0.000535195561969632,0,0,9.53015179813954e-05,0,0,0,0,0,4.46970820798635e-05,0,0.00912374089637902,0.000123024457208872,9.77404068575891e-05,0.00177712206711432,0.00238402756036685,4.60780984695553e-05,0,8.44740800145272e-05,0,0,0.000285932510095513,0.000955386110029662
0.000110092897657419,0.00363146005444469,0.00273544217652543,0.0407789518235912,0.278499516309721,0.0812031422276761,0.0325733417734767,0.0133879018715329,0.0793992881157881,0.0815587597821645,0.000751756757552829,0.322092897734638,0.00200259465160084,0.00271704583565836,0,0.0069415969590461,0.00176814165858256,0.000434394744588042,0.000397462913006932,0.0260870330852888,0.0284517248401072,0.00976878379508965,0.0300811187774915,0.084550411734914,0.00412106774894258,0.0022800505428131,0.0185829638294175,0.111408386480105,0.00398213443632876,0.0143571160283226,5.94290262834549e-05,0.00617535909469041,0.00104991891300863,0.00768625204130433,0.164249458467569,0.0412393805007609,0.006696903151188,0.00400164211868684,0.00699334187879467,0.448882034461707,0.00662343523852705,0.000576839910774726,0.00561363589559363,0.00118802432798406,0.000915750610721808,0.00476295620323165,0.00665066755923166,0.000550837656002605,0.00018058976685068,0,0,0.000646149346516454,0.00241085717874894,0.000230886737072676,0.00081263262277279,0.000640863514342594,0.000165682434482426,0.0035579897528336,0.00232539977992305,0,0.00395068214982234,3.66146045237422e-05,0.000211871875513941,0.000392472559228718,0.00192714377328017,0,0,0,0.000814726619084078,0.00155102779557296,0.000771667829854083,0.00204428165415352,0.0228129744623625,0.000133539523996234,0.00035129132412006,0.00239771569877051,0.0137172759534484,0.000415358677847832,8.20647139305475e-05,0,0.000106597024766779,0,0.000413366595897699,0.106275699083845
0,0.0127171612631141,0.0167108984497898,0,0.0051708883676411,0.000745766017320528,0.00167190279549279,0.000900274436482412,0.00992953464727524,0.002179580709628,0.0017279119983129,0.00052310016331929,0.00625048554365896,0.000338359811827758,0.0069415969590461,0,0.0100451093040986,0.00117916442083789,0.00641705275925801,0,1.52056342839566,0.521516436510064,0.950360536004569,0.296774381676099,0.00604704988990521,0.0111677257985028,0.756743014730531,0.344269357458004,0.000680370052876645,0.00516515227862309,0.00017503364068324,0.000214950331945109,0.00055139189715876,0.113007580429984,0.171086845407265,0.85893639901662,0.205128238094588,0.232313038748394,0.243626852833676,0.0396249645245475,0.00636320143767078,0.000812972361727187,0.076752046566451,0.0150529097174394,0.0304698659592101,0.0299141885572576,0.00529322326420112,0.000619604816605449,0.000330043857520371,0,0.0057675751255296,0.0352155293511278,0.000125372549439409,0.00183404995476665,0.000531505366535107,0.0113316304382077,0.00331044282254373,0.00314030596251786,0.00178737229361424,9.26645116514144e-05,0.000591650711599237,0.000331289485891598,0.00272694715256545,0.00158403679145527,1.39819858484528,0.00710789855221873,0.000445062222140395,0.00177245832369809,0,0.0792406503573368,0.191093365420323,0.664178836567285,0.145818186203918,0.000751875044847167,0.00518929989287369,0.41625154782436,0.0721012624579846,0.000598761668591273,0.00436521170601974,0,0.000252619954502576,0.000110672105823541,0.0254625440306049,0.0632929623529927
0.0104026816648806,0.000701849999059492,2.30537084703744,0.000106185657478756,0.00050913967278598,0.0107902868480963,0.0149206633503435,0.345155429477266,0.000568896609058097,0.00579827293149016,0.00623803472546762,0.000461066725342945,0.00192558461824317,0.133986314981782,0.00176814165858256,0.0100451093040986,0,0.00953273992669158,0.317007013420593,9.75680314638617e-05,0.270726996313698,0.00267709607244196,1.85593438037445,0.005692453471002,9.96562385290328e-05,1.2352337527341,1.30985593028018,0.0491486963724738,0.287582290714215,0.38930927141708,0,0.00153918389831443,0.0314220544677606,0.262337828676339,0.0155413643760595,0.0929653128477071,0.0182792664079839,0.0660116328519615,0.0812104824269998,0.00562327589065713,0.00284656922730099,0.000143649069452668,0.00222414071890063,0.000317968203743708,0.000817367923633921,0.00143007111057196,0,0.000258575992339611,0,0,0.00253419036109375,0.00681077765765753,0,0.000760577226936704,0,4.30385694018364e-05,0,7.70201255495727e-05,0,0,0,0,0.000121566937704027,0.000513813021624839,0.00312989658609789,0.00111621597006542,9.41815540581228e-05,0.000269182791503838,0,6.0231779690063e-05,0.00100968393135847,0.00455152401505253,0.000560437149972901,0.000168766467493522,0.00480007344428059,0.0484289639049358,0.000280871473166707,0,4.16218014637053e-05,5.59304596211553e-05,0,0,0.00183202417940415,0.00677257472974822
0,0.000305909128477544,0.00655940013680751,0.00064293109751386,9.81548507164031e-05,0.00478533526186895,0.00975293612610875,0.0167297448844569,0.000203352579253522,0.0352428549330428,1.07040142775292,0.0251231877831882,0.00970725420819872,0.00920989226513267,0.000434394744588042,0.00117916442083789,0.00953273992669158,0,0.561821252952324,0.00285573392998461,0.00514631593142192,0.000248794477382678,0.0212731400819919,0.000772574413980451,0.000441734813948661,0.446765024313947,0.0380658764726716,0.00805103275546462,0.014740669783687,0.00497937265584725,0.00231539490167337,0.0181756999968458,9.07349724629519e-05,0.301327150778405,0.00964989962711542,0.136638745491483,0.136506817960618,0.273840924698711,0.119110933240702,0.001811973730412,0.00182010268734406,0.00636347942545429,0.000813162513650909,4.64646830583036e-05,5.65493134898364e-05,0.000292890087509942,0,0,0,0,0.000295549648270184,0.000362652440786076,0,0.000129936127083111,0,0,0,0,3.64349205021679e-05,0.000371137793160617,4.15385922748923e-05,0.00121516362377399,0,0,0,0,0,0,0,0,0,0,0,0.000378275730402494,0.00472428183220037,0.00988909317148664,0,0,0,0.000513993537407488,0,0,0,0.00684000516996448
0.00266755418028901,0.00202015406124264,0.279005949602105,0,0.000141519094749015,0.00414963011231561,0.0083820198962058,0.083697011392249,0.000166816394203544,0.0169016095367146,0.294588467573758,0.00980771645628994,0.00302566189038117,0.0321174177937733,0.000397462913006932,0.00641705275925801,0.317007013420593,0.561821252952324,0,0.000970289080378196,0.0740430394959962,0.00111269235132668,0.338268139921341,0.0014563825205383,0.00105682819865866,1.37132157671294,0.538351458048205,0.0151450452644921,0.0733650372471424,0.0425002606550478,0.000416185793347264,0.00517417695480248,0.00795408524848044,0.914459523573847,0.00870216474542865,0.135103892561266,0.074288625774035,0.158534958751055,0.122018533872544,0.00154282569092554,0.0020316300318256,0.00133961486786121,0.0015751884698902,0.000247182307029039,0.000830687383941504,0.000903422928613784,0,0.000189494326806552,5.50022804253101e-05,0,0.00114831011855865,0.00463671963362106,0,0.000213027309793698,0,0,0,0,5.82823585763812e-05,3.93230525137037e-05,0,8.19486832607149e-05,0,0,0.00096665509497898,0.000441926348202583,0.000137322231583631,0.000210024529442525,0,0,0.00038930596447919,0.00142579293567271,0.000187290178863936,3.45819151473075e-05,0.00606096041333718,0.033711263099339,0,0,0,8.12830286538722e-05,0,0,0.00042016577008667,0.00773279409940915
0,0.000659009076882881,0.000420511900841361,2.41262420145731,0.0183602675216187,0.0345861073648983,0.00593405901615491,0.0791346391357508,0.0998021191496466,1.62264716985426,0.00970119896631287,2.03370316799448,0.00668613124745057,0.017990096300989,0.0260870330852888,0,9.75680314638617e-05,0.00285573392998461,0.000970289080378196,0,0.000348212419908426,0.00120610873245582,0.000991963308934647,0.223128919472073,0.00393236422134015,0.00911551862388854,0.00639729913554735,0.85972308264805,0.0132208750512294,0.000575458899110949,0.000416934477558142,0.0151771198051632,0,0.0330413804217496,0.00677734911865392,0.0704757357842624,0.00134939388517196,0.0189157567872503,0.00353444415874176,0.0559349394035967,0.0118845788698834,0.00190911567572498,0.00458226740482809,0,0.00141549127231183,0.000297835734130425,0.0332025242266947,0.000360503132363367,0.000106371045679969,0,0,0,0.0659727400916632,0.0018115322755849,0.00298502419931963,0.00262064407027187,0.00133573775539191,0.0191407859958252,0.0203877251090827,9.75584047746122e-05,0.0433729169990942,0.000346705837133521,0.000483488430638945,0.00233116296261287,3.71299230423629e-05,0,0,0,0.0151871414958561,0,0.000304181778118807,0.00017461723556962,0.0491715258273697,0,0.000115603733016601,8.24517569330691e-05,0.054630889051355,0.000102588009641466,0,0,0.000459946825219527,0,0.000461438480009815,0.00118076191722485
0.00189878172727445,0.00479100180668192,0.154851427738336,0.00047130609641566,0.0212546354231486,0.0082153941903173,0.0548743183673514,0.064307048249873,0.00948564901024801,0.0162166929454815,0.00532920670621006,0.00139353620860796,0.0134404573282704,0.0237237105391609,0.0284517248401072,1.52056342839566,0.270726996313698,0.00514631593142192,0.0740430394959962,0.000348212419908426,0,0.0665567218172933,5.70367867873555,0.0564129341232301,0.0020336426336995,0.0941350623971777,0.241396669597417,0.601404827056215,0.0961092759360679,2.11836512928643,0.000200632744170901,0.00113169891417834,0.0309799796005842,1.36376914898401,0.367190971216302,1.06357363951797,0.154895340294864,0.951034598153956,0.577199586888471,0.128537521030831,0.0177122980432135,0.00233761963555002,0.0343351734515297,0.00207856590989532,0.00445251524108276,0.00651560093844415,0.00509691895267459,0.000808131913978907,0,0.000103494404731226,0.00140172935764608,0.00362562141306698,0.000400843582262898,0.00141210464603977,0.000468262047010059,0.000696415421067873,0.000448427565253389,0.00305459029951552,0.00103422715433289,5.21529127331495e-05,0.000569042424808437,0.000104575023047555,0.000542633164768016,0.00147351414742564,0.237236762505195,0.001086122058089,0.000140941460312652,0.00013426289147942,0.000153127842282301,0.0560469487449316,0.064673907107262,0.0608318796976668,0.126528364549954,0.000145773954345656,0.00053673172779217,0.0508161330859533,0.0610467634036595,0.000735512014814373,0.000640864624932664,0,0.000170521861433017,0.000524766029521358,0.00401055937008796,0.101021097900786
0,0.197812674957753,0.00555441130767553,0.00399644128918661,0.00440294878156477,0.000711434715092978,0.000521778695823994,0.00122863849816568,0.520725038192217,0.000881893150018183,0.0239492806594482,0.00471420993338437,0.0660079202793186,0.000285385130968219,0.00976878379508965,0.521516436510064,0.00267709607244196,0.000248794477382678,0.00111269235132668,0.00120610873245582,0.0665567218172933,0,0.063659393387457,0.986056653296057,0.126677553942113,0.00553810270600803,1.74541548059054,0.0850545742675802,0.00121213136316385,0.000317068063402707,0.00125696889471735,0.00168151105367282,8.61689538840529e-05,0.0189371691315792,0.00427824963959608,0.0355429019039887,0.0106360049704051,0.0120479414093084,0.0107398676444408,0.00832986325708849,0.000558799107596534,0.0304085940410303,0.0339827115796531,0.00631043470180566,0.0160768948636389,0.0115595886768642,0.00240833126923334,7.96889680072547e-05,0.000878390552150227,0,0.137194048693107,0.0205829976351746,0.000531572509975219,0.000307866300092143,0.000320858698712841,0.00291362282067677,0.00130547349780234,0.00440478412853751,0.0011972386527772,0.00140504477619098,0.000270951311672783,0.00333123773786743,0.00165073457067612,9.26299699372649e-05,0.364587219861365,0.00585346753303427,0.000398524292122507,0.0051214700277571,9.7516670217538e-05,0.0222515317935915,0.127972147066974,0.0921893834025606,0.0815307512133483,0.0026971578730824,0.0179259940274738,0.555715158224685,0.0326516435837675,0.000471531064156619,0.00208448972407961,0.00144419211681482,0.000206040578208441,2.78901090256185e-05,0.0167315393806187,0.00542597822483833
0.0110017510543508,0.00280270039494021,2.85570879149245,0.00046889434138155,0.0219903539013829,0.0511048724848523,0.271810053008504,0.547319228180757,0.00406649681224881,0.0713387616630534,0.0226004107530344,0.00417646022219289,0.0272271226208716,0.153881018614986,0.0300811187774915,0.950360536004569,1.85593438037445,0.0212731400819919,0.338268139921341,0.000991963308934647,5.70367867873555,0.063659393387457,0,0.0981443979017336,0.00264759651755281,0.74749165631904,2.2435334235724,1.16482119542508,0.271496963369378,1.43581703515522,0.000244981084427929,0.00422200517835467,0.0430700097412292,2.7739092545519,0.743106208487547,3.46319686459638,0.614548377122558,1.98278527424831,1.89729162922425,0.217257939944503,0.0361895126605091,0.00261152055630213,0.114826047971938,0.0148790058327757,0.0505074114212037,0.0525264549845312,0.00329757250612727,0.000855175531100257,0.000164924359878057,0.000513669445958301,0.0120708202949142,0.158632112645845,0.000252935971725655,0.00838571378730599,0.000477724789535355,0.0120271981718673,0.0034526833636914,0.00106348416580247,0.00155538785404181,0.00074059260758025,0.000488309190224522,7.45173186703861e-05,0.00625731814660906,0.00458980953541873,0.593752954320622,0.0416189077503879,0.000710905445672706,0.00488112994800445,3.34893166359633e-05,0.041566387589148,0.0774253425126594,0.596291673788535,0.0729034462098642,4.64766632533193e-05,0.0173591998221301,0.824504028399823,0.0433310820706701,0.00133479726518699,0.00827047477206852,3.60944112235993e-05,0.000178389995105535,0.000388565510449621,0.0579547757250201,0.296871076767227
0.000436166353142565,0.100102368056586,0.00596627781302432,0.708060590657719,0.0367007977806451,0.0210822474159535,0.208980462403456,0.0232479121496249,2.37098799964797,0.0969797106486481,0.0100072887121803,0.130083992514855,0.0465934138832498,0.0119030637649494,0.084550411734914,0.296774381676099,0.005692453471002,0.000772574413980451,0.0014563825205383,0.223128919472073,0.0564129341232301,0.986056653296057,0.0981443979017336,0,0.0861123121174848,0.00792439219808256,0.466341295164677,1.49722906856831,0.0554164891769323,0.00666167776015385,0.000346513596355277,0.00513574201281265,0.0162112652507853,0.0745047961317058,0.12392558293391,0.406477236327119,0.0737687674869313,0.0610231397398116,0.0462348364809873,0.0989678643211924,0.0248441281384772,0.010421062495294,0.374135361973367,0.00988066583444702,0.0624292433714795,0.0222683297377848,0.121477380053919,0.0206653338671107,0.00245799066151065,7.7294762659216e-05,0.00977287884313813,0.00447934628196534,0.0758470775310521,0.00792877335067386,0.0288311464277223,0.070885820017029,0.0256143894816216,0.240957061213735,0.122765164318827,0.00623764906006938,0.0308842875022528,0.00575344779128629,0.0129757420617094,0.00900929841760675,0.333959422530973,0.000720144290876835,9.46789849877361e-05,0.000120927433948907,0.0136530575854636,0.0772337533483286,0.177245360016949,0.0945078391448163,1.82747026334349,0.00283164623324979,0.00249448237097274,0.0773558864624876,0.815484777393856,0.0191995165767392,0.00157669173625412,0.000169234512682462,0.0130545210689239,0.00260316063207978,0.069144888060921,0.0492456776295813
0,0.318855398297791,0.000291308763204771,0.0051468506947186,0.00549919678167297,0.0253641993540529,0.0102602720021318,0.0300844131775286,0.102392212335573,0.0179866008534307,0.120314449080883,0.0175493126058285,0.692317301621141,0.00340818851061154,0.00412106774894258,0.00604704988990521,9.96562385290328e-05,0.000441734813948661,0.00105682819865866,0.00393236422134015,0.0020336426336995,0.126677553942113,0.00264759651755281,0.0861123121174848,0,0.0298078209165995,1.0181951932677,0.0358542495825896,0.00322589040575894,0.000241564701430845,0.0127742554131888,0.0334654974610038,0.00020252391129095,0.0451262173983289,0.00263946578603961,0.114146802838106,0.0290239369953099,0.146421550885552,0.0533036136260418,0.244900581898347,0.0524544024645671,0.164432764388014,0.0692926194586213,0.00456711341513109,0.0680685326666004,0.0203794331766023,0.167898111186458,0.0139100656703712,0.0459009240530893,0,0.0325170181507929,0.00104726522892393,0.00355531324494148,0.00157612746198001,0.013127277854222,0.00804927626983866,0.0212740404609916,0.00490175525968369,0.0298533698307153,0.0372144981718961,0.0170117223682822,0.114986107956759,0.012391785770955,0.00182679254166277,0.0243913537945766,7.99168799933794e-05,0.00124149545678285,0.000722377782026887,0.00313390236633426,0.0052104383916838,0.00335685437686342,0.00558580796779717,0.0601478678592679,0.125647125003459,0.0813153201376804,0.336974103639254,0.047514208335658,0.00424187834881607,7.94415450802538e-05,0.0354727686797919,0.0181416433884388,0.000272836762798405,0.016213370594019,0.00502818837774422
0.00333884885973102,0.0152809473443823,2.98707141550955,0.00199742821258548,0.000219554290171182,0.0236585853034948,0.0367280730906373,0.199373163938662,0.00458197721473155,0.107121638659638,1.02272246054003,0.0755504303362374,0.0756617090487204,0.0659688023102576,0.0022800505428131,0.0111677257985028,1.2352337527341,0.446765024313947,1.37132157671294,0.00911551862388854,0.0941350623971777,0.00553810270600803,0.74749165631904,0.00792439219808256,0.0298078209165995,0,1.17802253946447,0.0388534360028584,0.0965354684106011,0.106490017766506,0.0277042114936214,0.041173178963902,0.00595370198728723,1.3916335459355,0.0822591756549986,1.11614169661107,1.0287968748187,0.855458156185689,0.751542398246202,0.00583982631115369,0.0156297180921821,0.0445083416712189,0.0133993586785298,0.0144939265236312,0.011934565082826,0.00945944165548245,0.000343254402023447,0.000162072052666646,0.00490943642433637,0,0.0414391349194153,0.0331080008944497,0.000208602629160493,0.0016953285309235,0,0,0,0.00123055958978074,0.00024974363255311,0.0270196244995287,0.000528753210918477,0.10223857625183,0.000136899512647313,0.000673014940927964,0.00270169331971591,0.00281455507437425,0.00257241758493308,0.00764269564628587,0,3.17019117099047e-05,0.00389466535245651,0.00425914894832855,0.00217047965084429,0.0293011750005651,0.455065782138569,1.19573732889202,0.0003762415452739,0.000311114695707756,6.21172071861088e-05,0.109940136926591,6.14014720559597e-05,0,0.00877476383875149,0.064715415264643
0.00123920531136145,2.58200502199966,1.39792185134801,0.0058733091556488,0.00730079937304483,0.00736106834332451,0.0210914463224483,0.0668598270201162,0.558857365004641,0.0406402820752677,0.110050072061385,0.0329557908910608,0.34613238894828,0.0240515549392095,0.0185829638294175,0.756743014730531,1.30985593028018,0.0380658764726716,0.538351458048205,0.00639729913554735,0.241396669597417,1.74541548059054,2.2435334235724,0.466341295164677,1.0181951932677,1.17802253946447,0,0.268672731834778,0.0398914536814425,0.0493720600149422,0.0260243477545707,0.00834585153622414,0.00442410130452821,1.93978790602731,0.319339015724648,3.39875334317994,1.23783174541723,1.1211053471655,1.32293147585175,0.0628334504513855,0.0255327460570381,0.038509930782338,0.321720244550778,0.13278159490752,0.203088961865157,0.169522823996147,0.00370054306213766,0.00154724070233626,0.0231201619887072,0.000886344546249979,0.924043847788792,0.960005534283434,0.000242511134474125,0.00728069871356672,0.000761236002973982,0.0194147319687269,0.0047502234794731,0.00981213486563368,0.0016324611744928,0.0836787346690213,0.00079032106201925,0.297561151061622,0.0101287580715503,0.00455467149111214,0.314567221178621,0.151823260515074,0.0145149538311088,0.139046635320067,7.38413568425059e-05,0.0278789024416533,0.166117601120194,0.569904433174057,0.06468563139397,0.200478851547941,1.9646788886187,10.8828156981105,0.0349076444970927,0.00468517167980318,0.0222878450075997,0.222547968237198,0.000697612256727683,0.000553693235910287,0.228258639532346,0.219825444430194
