0,4.02777889370918,252.782710313797,29.970907330513,1.9107891023159,101.472475320101,10720.6602405608,2480.79709175229,62.5581394135952,525.068185657263,404.952692329884,45.639513194561,2.90643495321274,16378.433321774,16.9263787269592,2.5993412733078,482.423348784447,130.805034160614,531.297071307898,98.2252244353294,983.38321980834,11.1957828700542,394.541847497225,136.487400740385,1.41657534241676,851.772974669933,293.259502202272,790.107570111752,5800.80412593484,7976.98651796579,16.0048228502274,68.9063792824745,17.802142560482,669.499744951725,32.9563346505165,213.681198269129,53.2836641073227,1520.70999053121,170.956891328096,38.1548207998276,20.0709534883499,20.602792352438,48.2394770383835,1.31798505783081,28.5098285675049,2.07757008075714,64.5152751505375,1.81969645619392,0,1.81256720423698,1.05337902903557,0,2.04283767938614,0,2.24889010190964,10.4555655419827,11.7270682156086,23.7487473189831,8.85181590914726,35.8177897334099,0,1.62044560909271,13.2031994760036,1.32752665877342,19.238895714283,1.65037941932678,0,0,1.03346598148346,9.05767333507538,8.60600638389587,9.14568188786507,190.813816130161,0.457821130752563,4.36579242348671,20.4470565021038,117.445040613413,5.95561501383781,25.6587456464767,0,0,1.13764584064484,7.74459049105644,2.04285225272179
4.02777889370918,0,74.1293129622936,8.09854108095169,0,16.5635476410389,7.46495506167412,28.6600963175297,4592.34063878655,1.56017771363258,169.246632635593,8.66902822256088,1829.30071088672,16.7870872318745,155.008426338434,1538.32581834495,20.4311594665051,22.7465991079807,39.2511969804764,5.93521052598953,367.461524665356,7433.76072859764,463.357499688864,3398.90725430846,3627.05190578103,704.309382736683,35596.7195301056,638.255082666874,25.1438373625278,58.7416387200356,34.5530313253403,12.3449409306049,10.7243903577328,49.4095558226109,17.7428697347641,262.829928576946,243.702898710966,171.373631238937,88.9103969335556,40.2638035416603,11.2090473771095,14.9527814984322,187.030151844025,82.4063545763493,68.087559223175,96.8939791321754,4.92800822854042,1.32877540588379,0,0,1578.37868851423,56.7233264148235,0.961363852024078,0,0.489014238119125,2.65112853050232,12.9303181171417,37.990971326828,0,205.238198757172,2.04654657840729,57.7808267176151,7.29106110334396,0.641638994216919,135.854678571224,309.95461589098,59.4371038377285,112.981722980738,0,21.6995329260826,125.800624907017,196.661698505282,43.9969531297684,163.932530403137,2394.42647433281,9069.65433982015,16.7737223207951,7.06633433699608,8.39789003133774,131.209069252014,0,0.641761660575867,41.7004241943359,6.46014586091042
252.782710313797,74.1293129622936,0,1.47512984275818,9.2429102063179,69.6822054088116,733.782727867365,791.033657997847,29.0409207940102,92.8239846527576,1273.19908416271,29.8634605109692,4.37560132145882,781.859927892685,32.5889038741589,26.3149334192276,10092.355088532,2821.11575724185,3886.39420416951,10.4978401362896,3742.85184624791,37.4009687006474,35908.2236331105,41.4977884590626,12.3483417034149,65806.2752316594,7051.91354033351,938.652302801609,674.146445453167,1016.25182786584,37.7399501800537,124.836339831352,38.5268748104572,3479.7754983604,1302.04705551267,6922.12561565638,2991.23527976871,19082.8549299836,8239.63154256344,1399.63102379441,458.506278336048,17.4422319531441,740.69436955452,147.34765252471,381.70212456584,537.693934291601,27.5330351889133,15.1442891657352,0,4.14435195922852,81.9820101857185,395.119306325912,1.07464241981506,0,6.80792409181595,29.4916137456894,50.5934329628944,58.7103608250618,0.651761591434479,64.7616768479347,2.97657266259193,1.06876826286316,32.4044473469257,1.27448952198029,118.81413552165,1198.45667174459,63.648540019989,163.143932849169,0,36.2316493690014,172.036779075861,1141.39232942462,88.9958518743515,2.22250220179558,1174.75177828968,9279.30042469501,38.1153832674026,7.46909514069557,32.5888588130474,1.85916355252266,0,0.445061355829239,248.181678563356,304.308806031942
29.970907330513,8.09854108095169,1.47512984275818,0,20.2541021108627,920.822202116251,331.361544162035,474.647721320391,1207.50610360503,5765.41818588972,23.39317253232,11765.156401217,0,67.5580541491508,698.450265973806,0,4.56075084209442,0,6.13060969114304,39331.7853583992,22.0616254806519,19.8231838941574,8.37493547797203,5087.25340354443,4.32368993759155,5.34556925296783,3.71768355369568,9414.42880773544,26.7248344421387,18.7508835196495,0,152.604525864124,0,125.929021209478,35.208695858717,1608.97398343682,18.5629304051399,173.799449443817,54.0643507242203,995.887003570795,129.323147296906,33.9138205945492,225.087851434946,0.390785098075867,60.5795316100121,4.28269439935684,1807.66185465455,2.40057098865509,0.684888005256653,3.09008890390396,0.551844596862793,0,637.288292735815,17.4817363917828,100.227220356464,79.6121350228786,112.684038341045,396.795368611813,1210.33779451251,135.329058527946,654.86914435029,2.0087748169899,67.2713828384876,426.128476977348,10.6172086596489,0,0,0,412.665534764528,8.844262778759,67.4888299405575,5.26586499810219,2482.94338455796,0.583641171455383,3.06469815969467,4.54315447807312,2358.92744672298,34.1264574229717,21.4312975406647,0,0,2.93057131767273,22.0037658810616,0
1.9107891023159,0,9.2429102063179,20.2541021108627,0,563.215218961239,102.159698575735,33.8050291538239,7.76845234632492,162.522789567709,93.6972894668579,259.139350652695,2.92059129476547,7.64616709947586,495.884028017521,6.21712362766266,6.87067127227783,29.617576777935,35.3805981278419,16.9140747785568,199.408112496138,6.06157302856445,226.926276296377,29.7563095986843,1.22576624155045,40.3304647505283,24.5277554392815,151.082809269428,13.4441791772842,10.9657986462116,9.9773730635643,312.200875163078,0,3027.63132205606,2006.9329957962,603.916148841381,46.537721991539,78.9112295508385,35.2044425904751,11877.60994488,4608.85881608725,12.1281169652939,8.1705267727375,0,0.505393862724304,0,50.0230676829815,1.17631757259369,0,0,0,0,3.66135832667351,0,4.0280881524086,1.68945062160492,3.51061198115349,4.72662478685379,11.8939143121243,21.70052292943,7.11033162474632,1.5101203918457,1.97722429037094,4.92737972736359,4.16908800601959,0,0,0,7.99551418423653,1.02778834104538,0,2.91871538758278,45.4806585907936,0,0,2.75976887345314,45.7284651696682,2.61186045408249,3.99261870980263,0,0,0,0.521731555461884,19.8431965112686
101.472475320101,16.5635476410389,69.6822054088116,920.822202116251,563.215218961239,0,10017.4132910669,13519.6935295165,795.82611733675,34283.9646660388,255.840358972549,7367.66624423862,18.2985458076,961.448217481375,1469.17902949452,1.96817082166672,101.623595058918,38.2274224460125,121.561526298523,1174.01586669683,702.838413953781,41.9362048208714,246.109697282314,1111.55270195007,1.86122441291809,170.007379859686,80.2190877199173,7936.99397313595,250.435220986605,660.116727799177,57.4385744929314,848.655389368534,45.6290696561337,509.487783491611,5883.08827552199,4714.93930238485,247.668693125248,1528.35035598278,339.161291196942,6220.56249782443,1294.88579106331,107.272041499615,546.013648629189,0,210.765001088381,28.0942777991295,992.046468496323,20.9349442720413,8.3254217505455,8.81545487046242,0.675577104091644,0.609708428382874,32.1244462430477,3.08734488487244,70.4810754060745,137.448888331652,309.735231846571,190.506920069456,243.902671337128,290.404404759407,54.5636426210403,4.79509615898132,155.944877445698,61.6942904889584,41.4287550151348,0.77001628279686,0,0,60.1816865205765,19.978271484375,29.0630264282227,20.0643803775311,2152.06105750799,3.14278870820999,4.33665218949318,4.41579955816269,1680.60703358054,120.790085196495,137.337737426162,0,0,3.30266916751862,106.269596755505,132.42843824625
10720.6602405608,7.46495506167412,733.782727867365,331.361544162035,102.159698575735,10017.4132910669,0,25591.5037336349,365.962291181087,19351.853710264,816.934511691332,406.325184077024,65.6730668544769,35740.8017959297,550.789583772421,8.75748461484909,585.989798158407,225.061344861984,581.038100481033,356.420432925224,10552.3385035396,19.9214604198933,2703.07392543554,2000.48703435063,6.11552399396896,975.587184280157,413.497501701117,96314.4987626374,4628.02487030625,7855.32563638687,188.483222991228,1518.63785716891,625.210868686438,2761.11405062675,1940.43345439434,10667.7081477344,703.393717825413,9967.0132291615,2460.62954974174,1955.09143027663,3037.63913705945,62.3480581343174,212.136506140232,3.3910685479641,87.373488932848,12.1654928028584,436.073445290327,9.8005228638649,0.560759246349335,3.11215963959694,2.93708601593971,5.17713338136673,41.9299031496048,0,23.1169889271259,76.0032074451447,158.429151415825,68.8155114650726,221.067138433456,149.642142027617,27.1932511925697,6.07799732685089,88.5232146680355,34.6532099843025,40.2381290197372,3.45935353636742,0,0.424568593502045,35.6723708212376,16.8401800692081,18.2432155609131,49.5147602558136,768.697470664978,2.03308832645416,3.73107221722603,136.867712974548,811.306406706572,39.5621661543846,44.9853291213512,0,0,0,40.9464007914066,82.0273467004299
2480.79709175229,28.6600963175297,791.033657997847,474.647721320391,33.8050291538239,13519.6935295165,25591.5037336349,0,628.645997136831,19237.7159906924,2328.40746831894,2998.13901871443,87.2714813649654,15219.4147290587,186.887797921896,24.2385774552822,1317.74684783816,610.340022236109,1652.41229385138,1028.46810823679,3854.91002501547,78.758339881897,1746.14577879012,1095.50105893612,18.5546821951866,2643.45378553867,1016.25246708095,7156.55171369016,5167.92712628841,15682.6611596644,366.23630875349,637.44128715992,166.971348434687,2563.87696813047,347.159916520119,3479.30056613684,623.072964608669,5486.48788623512,923.693032681942,686.011113554239,512.760547012091,137.287498772144,341.563848376274,17.4611611962318,164.96996819973,9.29666569828987,658.643005281687,13.2915513515472,3.78509533405304,9.42240303754807,7.28480485081673,3.43584036827087,6.97273519635201,0,8.97847589850426,85.1962821185589,65.9289910793304,193.895198881626,46.8073969781399,315.620071798563,16.0030968785286,13.8172816932201,46.9672459065914,31.0002110600471,81.6336012482643,3.97380784153938,0,0,8.21722406148911,40.0270865261555,59.9344246387482,37.9599768817425,1935.16046601534,10.5957416296005,27.2998190820217,47.0790162980556,993.573093950748,48.2720309197903,162.562408447266,3.87176370620728,0,1.53959667682648,64.8574900627136,21.1247123777866
62.5581394135952,4592.34063878655,29.0409207940102,1207.50610360503,7.76845234632492,795.82611733675,365.962291181087,628.645997136831,0,775.883683383465,120.777750790119,1750.3640961349,500.409113258123,142.271239459515,838.004931986332,170.795573085546,35.17720079422,13.1905373930931,34.2176437973976,1020.75339606404,201.831775009632,17343.58780393,119.308916270733,21061.8888947666,1443.61366358399,67.4695925712585,861.130144715309,8920.38270664215,227.197313666344,1058.07992973924,16.4289099872112,164.010908424854,61.174619436264,196.983264386654,261.947313219309,1105.31910452247,61.0718697011471,497.425121456385,155.71603384614,1011.72709965706,139.08034452796,10.2052258253098,962.711386024952,10.2854456603527,391.387312978506,73.6094864606857,2108.29900282621,37.9857658147812,0,19.0689409375191,6.16009747982025,19.5403810143471,695.278836160898,40.3511992096901,269.964095503092,404.906496822834,904.445713847876,2608.64933037758,1595.61921077967,71.1883183121681,1192.800224334,0,596.010465919971,606.764921307564,978.487425982952,15.7848832607269,34.0422431826591,35.5080020129681,582.924836397171,474.399956196547,461.590422540903,513.842042416334,7116.51558488607,0.684021592140198,52.8821766674519,177.49019318819,4387.90570104122,417.043545246124,420.892652004957,0,9.53285700082779,15.2945928871632,209.979262411594,110.420494705439
525.068185657263,1.56017771363258,92.8239846527576,5765.41818588972,162.522789567709,34283.9646660388,19351.853710264,19237.7159906924,775.883683383465,0,746.375771045685,14279.7503890097,61.647896707058,7860.52304306626,1015.36643227935,0,157.326048612595,128.89646333456,295.751361697912,22907.5793352127,370.682357937098,15.1104619503021,174.990129590034,2947.18703946471,0.98787122964859,245.734940439463,135.440999358892,15991.2436952293,441.029157370329,140.876405566931,117.627985656261,1929.78314758837,33.2531445622444,1614.50275099277,4040.93787908554,9059.40177854896,645.792400151491,4372.80646252632,482.921731978655,3352.77947986126,1457.56741073728,90.4573973715305,331.845698058605,10.8078355193138,90.4457615315914,11.3334695696831,1821.16869923472,3.95590859651566,3.56358498334885,2.86395683884621,0.305226892232895,1.21819424629211,140.297627210617,2.10541641712189,45.3504964113235,101.12402009964,77.213392496109,95.6391393244267,804.391482502222,271.911236912012,468.364279896021,4.98878133296967,35.5360760390759,323.696729630232,17.0691682398319,0.370077341794968,0,1.13729107379913,310.31551489234,9.66043916344643,13.3765347599983,10.0493739545345,1698.3811827898,3.47748446464539,0,5.64677137136459,1920.21148449183,18.1069751381874,35.1122889518738,0,0,1.66609820723534,27.6416036486626,275.39675500989
404.952692329884,169.246632635593,1273.19908416271,23.39317253232,93.6972894668579,255.840358972549,816.934511691332,2328.40746831894,120.777750790119,746.375771045685,0,200.725973933935,3339.4436031878,2023.30963873863,12.9441753327847,56.4157202541828,2209.58920744061,11331.2794834673,11830.496373713,60.4359432756901,1531.02652490139,172.136010587215,1694.53669047356,248.95107203722,961.64296489954,17077.5559347868,4444.65908887982,739.32945433259,2045.1383869946,2195.73577278852,10340.4409510791,2280.17327433825,76.2210479974747,16372.9641260505,112.99195125699,1397.88210338354,4531.49397140741,6405.24885335565,994.694631665945,56.5772017240524,257.537336736917,912.858882308006,6.9740424156189,1545.64704306424,6.57617020606995,4.28275141119957,6.4310674071312,0,115.60921561718,0,350.523049175739,2.16778123378754,0,0,0,0,0,13.9913295805454,0,9843.20772227645,2.60366734862328,3825.08239379525,0,0,8.95298394560814,13.1646426320076,26.0531333982944,4.05202448368073,0,0.468347638845444,50.470573246479,4.60793778300285,17.9888617098331,1012.84393322468,2320.30409377813,1135.70176543295,0.93547785282135,0,1.014728307724,696.117777436972,1.49999129772186,0,83.7382158339024,14.7268225550652
45.639513194561,8.66902822256088,29.8634605109692,11765.156401217,259.139350652695,7367.66624423862,406.325184077024,2998.13901871443,1750.3640961349,14279.7503890097,200.725973933935,0,20.4791592955589,328.347351431847,3100.56642878056,1.13101267814636,55.0665885806084,44.9269831478596,110.320242226124,30928.2297139168,28.5890199244022,25.3823040723801,48.163611471653,3093.60248237848,3.33258610963821,77.987357199192,48.7224356532097,3496.03336256742,75.6781053245068,36.5607009530067,43.255218565464,676.856631189585,1.50273090600967,425.780644804239,5389.41284739971,2702.58842819929,194.657230049372,998.285531908274,77.1395990848541,4299.28447493911,171.281840503216,40.175113350153,323.170255213976,4.72719219326973,84.9599038660526,21.9146792292595,2929.0809353888,13.4396646618843,0,1.18127492070198,16.7226682603359,4.48927202820778,949.948281764984,6.10672795772552,266.107595980167,67.0914382040501,388.28169336915,181.330040991306,1279.75037568808,131.424711018801,1816.23700004816,2.58746790885925,235.672117710114,725.397530168295,4.09212207794189,0.41137108206749,3.86616811156273,2.60586738586426,576.577048957348,9.044663220644,179.589380532503,6.57933464646339,1290.74555930495,3.65363556146622,20.1838165819645,58.5850205421448,1826.35036507249,85.4923160970211,26.7793063521385,0.73184072971344,2.56823217868805,2.07833984494209,34.7218417823315,143.569193273783
2.90643495321274,1829.30071088672,4.37560132145882,0,2.92059129476547,18.2985458076,65.6730668544769,87.2714813649654,500.409113258123,61.647896707058,3339.4436031878,20.4791592955589,0,51.965722233057,20.6320033669472,312.916763871908,1.60170060396194,29.6058052480221,37.684588432312,3.55166018009186,140.68851685524,1120.56603804231,128.671097934246,735.208577722311,8611.46280834079,134.331786811352,3028.49381914735,216.865453362465,56.0295107662678,29.7689957618713,2081.68191543221,78.400452286005,0.620255947113037,3170.97711992264,3.15674436092377,208.17846545577,889.749005943537,653.199305534363,49.6012759208679,12.6550753116608,40.329395532608,2125.74121409655,1.16206479072571,1810.72642222047,3.13505291938782,4.88487333059311,1.99353116750717,0,244.151428937912,0,648.699453443289,0.934708654880524,0,0,0,0,0,3.00994032621384,0,13958.7782687843,0,6385.31507745385,0,0,8.66532933712006,2.01750874519348,41.497039437294,10.2708473801613,0,0.317337304353714,64.0036748349667,16.0864579081535,1.70565286278725,2177.19703760743,2768.26084667444,1616.03837031126,0,0,0,1048.0663998425,0,0,98.3314644098282,0.713037312030792
16378.433321774,16.7870872318745,781.859927892685,67.5580541491508,7.64616709947586,961.448217481375,35740.8017959297,15219.4147290587,142.271239459515,7860.52304306626,2023.30963873863,328.347351431847,51.965722233057,0,68.8833418786526,32.2034873962402,1342.54652616382,579.417828917503,1609.11783543229,208.269942164421,2008.3711489439,36.7041268348694,1102.851303339,426.747995138168,20.9891376793385,1709.15291634202,843.889590159059,2768.85802578926,23287.9761492014,14589.243512243,347.158321768045,233.713054597378,414.087323814631,2120.31182190776,157.908439218998,1555.83942678571,524.38329449296,3634.13444083929,503.976424485445,234.278549879789,228.580493569374,73.8307463228703,78.2146853804588,7.60702326893806,26.1078032255173,1.35818263888359,125.67218798399,1.5963761806488,0.653050184249878,1.59749600291252,4.92486017942429,1.93130034208298,0,1.04207527637482,4.1783042550087,11.4401065707207,14.9295031428337,56.866316139698,4.43704557418823,138.151198416948,3.19930446147919,11.6594695150852,9.81384122371674,7.45578110218048,49.6238467097282,2.78159698843956,0,0,1.62330973148346,27.8308945000172,20.980472266674,19.2284555435181,451.686835229397,2.84441334009171,26.7260690033436,51.0138538479805,241.561077624559,12.8201595842838,57.8474507927895,3.84371680021286,0,3.64169588685036,18.9685107171535,7.8222638964653
16.9263787269592,155.008426338434,32.5889038741589,698.450265973806,495.884028017521,1469.17902949452,550.789583772421,186.887797921896,838.004931986332,1015.36643227935,12.9441753327847,3100.56642878056,20.6320033669472,68.8833418786526,0,58.4239941239357,18.4130890667439,6.14393356442451,11.1358380615711,500.076350331306,1078.55034527183,325.945473879576,998.794862002134,2566.63170981407,68.6156004071236,20.1698564589024,142.648156702518,2143.30860263109,78.9760301113129,171.706152319908,1.03667742013931,60.6678303182125,15.9358551800251,95.9862870872021,678.895547091961,1734.39412087202,146.208780765533,430.498124271631,121.177871674299,10443.1452504992,56.6540792882442,55.4838437139988,336.143740266562,3.46424865722656,97.7524220049381,19.8038368821144,2009.59672650695,15.1143827438354,1.02175152301788,2.93557032942772,0,2.16162344813347,219.25673314929,5.79870218038559,119.809988051653,68.9964075386524,272.883383244276,126.863436162472,707.371218502522,138.102108716965,420.472771495581,1.55618983507156,193.343545675278,384.994607269764,34.5978579521179,3.31462004780769,0.642635941505432,0,271.3112654984,24.9183587729931,29.7559974193573,29.7726838886738,1030.21214342117,0.378950625658035,7.2284220457077,39.0665022432804,1382.27023020387,89.6754309535027,63.0520733296871,0,0,1.71606782078743,33.7667872905731,376.122919440269
2.5993412733078,1538.32581834495,26.3149334192276,0,6.21712362766266,1.96817082166672,8.75748461484909,24.2385774552822,170.795573085546,0,56.4157202541828,1.13101267814636,312.916763871908,32.2034873962402,58.4239941239357,0,7.09497520327568,1.16680410504341,9.11049118638039,0.471872329711914,12229.9687908739,7013.89763656259,11068.0949512124,2863.52525240183,985.701653301716,28.0794047117233,11938.8998543322,4411.15456587076,96.9974758923054,191.722674846649,5.14316642284393,9.64261943101883,42.8345739543438,215.688040167093,390.279809832573,1678.88417720795,819.659180253744,195.872185617685,289.696908086538,161.310051947832,76.6023567318916,154.491894245148,699.942705959082,76.7056004703045,143.617779046297,175.948464155197,185.25264069438,18.0049232840538,3.2233372926712,9.68613317608833,38.9811469018459,153.8017398417,0.780405133962631,0.642467796802521,7.24022257328033,36.8152010142803,64.569762468338,207.796979874372,6.49353873729706,269.54919937253,1.79226413369179,13.4795988798141,56.6453849077225,7.90585151314735,5003.65864466131,101.270207345486,13.2937593460083,30.7138729989529,0.862277030944824,1413.71014726162,1027.99079468846,4487.46723726392,924.825897634029,9.9140767455101,184.45899271965,5005.40548253059,584.903962731361,78.6556457579136,512.166629463434,1.83075657486916,0,7.54832762479782,82.691641241312,68.8833664357662
482.423348784447,20.4311594665051,10092.355088532,4.56075084209442,6.87067127227783,101.623595058918,585.989798158407,1317.74684783816,35.17720079422,157.326048612595,2209.58920744061,55.0665885806084,1.60170060396194,1342.54652616382,18.4130890667439,7.09497520327568,0,3659.88753888011,11357.1106159687,19.7208685278893,13962.0634803474,25.8760785460472,12733.2755380869,55.6497165262699,4.56871199607849,9101.10856807232,3161.4786747992,886.714356690645,1452.92017787695,5070.47157683969,26.8391889333725,389.40857642889,111.125283628702,8499.68278637528,293.13665407896,4131.3782851696,7429.74715837836,7394.06898665428,1961.30479967594,260.009154379368,70.294468075037,10.7138978838921,79.5809971988201,29.9215816855431,46.8277922868729,80.4875048696995,24.0641221702099,2.76284182071686,0,0,270.753470122814,29.3670610189438,0,0,0,1.54221150279045,6.06742483377457,21.3705028295517,0,87.7580409049988,0.684938967227936,9.0531200170517,2.44932720065117,3.29217773675919,39.2346274852753,440.323954164982,48.7974044382572,115.60539278388,0,17.259896337986,32.2177158296108,76.296817690134,89.0025006532669,13.7628645896912,2737.08020614088,2163.52708798647,32.6191888153553,2.66046971082687,34.9565108120441,40.0265257656574,0,0,26.9403233528137,57.6967091560364
130.805034160614,22.7465991079807,2821.11575724185,0,29.617576777935,38.2274224460125,225.061344861984,610.340022236109,13.1905373930931,128.89646333456,11331.2794834673,44.9269831478596,29.6058052480221,579.417828917503,6.14393356442451,1.16680410504341,3659.88753888011,0,7843.82805261016,6.37759944796562,809.54292216897,2.98346564173698,1373.11692658067,40.326347142458,60.0690113008022,20395.3967911899,1780.33432498574,187.871518164873,664.185412198305,706.266340330243,79.1469223797321,603.353537857533,23.9069463908672,2188.10371659696,123.141823917627,1635.54489281774,1574.91854953766,2555.27701899409,843.492153733969,59.0311911404133,39.1996004581451,4.16664597392082,15.3056780993938,113.440935224295,3.6671949326992,12.7432786822319,0,0,5.07932776212692,0,82.7499495148659,4.43928280472755,0,0,0,0,0,7.95330783724785,0,1566.00072656572,0,241.863827556372,0,0,2.9459028840065,74.4714424163103,31.1104660630226,41.1873976886272,0,0,9.22505936026573,7.33552446961403,2.58015406131744,96.3279437720776,2219.36855344474,1354.59649921954,0,0,0,453.496358156204,0,0,2.43833237886429,18.7360699176788
531.297071307898,39.2511969804764,3886.39420416951,6.13060969114304,35.3805981278419,121.561526298523,581.038100481033,1652.41229385138,34.2176437973976,295.751361697912,11830.496373713,110.320242226124,37.684588432312,1609.11783543229,11.1358380615711,9.11049118638039,11357.1106159687,7843.82805261016,0,25.1461780071259,3105.24237790704,19.3582684993744,3892.72339370847,66.8658539354801,67.5637944042683,11516.4671282321,2244.9413587302,565.49554130435,2082.19405594468,2885.42838099599,97.3992009460926,1133.13916616142,148.825953274965,7712.33401319385,331.10116904974,4946.62216407061,2305.8739592433,7115.88503438234,1978.48051407933,170.424020379782,58.4030224382877,13.8165094554424,20.5479255318642,135.135809332132,18.1966207623482,28.5294145643711,6.61880770325661,0,2.27799260616302,0.702478885650635,222.79183241725,4.64315065741539,0,0,0,0,1.42679783701897,12.9191685914993,0,1195.98333290219,0,243.742894351482,0.977755486965179,0.325551360845566,15.2590965032578,110.555448025465,86.7338428646326,142.082434624434,0,4.60099059343338,26.8674196600914,12.1964084208012,42.6684377491474,176.78881162405,6245.84278896451,3413.57804720104,7.15573444962502,0.433593392372131,7.53289222717285,606.40588375926,0,0,7.21819663047791,72.793152987957
98.2252244353294,5.93521052598953,10.4978401362896,39331.7853583992,16.9140747785568,1174.01586669683,356.420432925224,1028.46810823679,1020.75339606404,22907.5793352127,60.4359432756901,30928.2297139168,3.55166018009186,208.269942164421,500.076350331306,0.471872329711914,19.7208685278893,6.37759944796562,25.1461780071259,0,30.0059258043766,18.3176147639751,12.5758808851242,2770.41857796907,2.72944265604019,19.5340378880501,5.72919335961342,8626.32177126408,50.8828299939632,24.8608454465866,8.05869102478027,212.267748951912,1.92266470193863,204.98886474967,39.6957059502602,2420.68649351597,74.5946777760983,492.891823232174,50.7043524980545,911.147482961416,217.453236281872,58.1420856416225,300.614928930998,1.14925503730774,116.331237912178,5.00565218925476,2244.63883069158,3.54637506604195,3.23957824707031,2.13860931992531,0.49791494011879,0,529.847731232643,9.56463241577148,132.309138298035,109.616353839636,228.223678976297,112.67947691679,1251.23395809531,199.318786382675,735.528620392084,0.503875136375427,113.264450162649,490.188273668289,11.5771178901196,0,0,0,437.006268262863,16.5094957649708,11.262647986412,6.67957550287247,1807.60464194417,0,1.30331754684448,1.06926816701889,2870.61265772581,53.3634741306305,47.7914469540119,0,0.660252451896667,1.48386150598526,30.7919599413872,0
983.38321980834,367.461524665356,3742.85184624791,22.0616254806519,199.408112496138,702.838413953781,10552.3385035396,3854.91002501547,201.831775009632,370.682357937098,1531.02652490139,28.5890199244022,140.68851685524,2008.3711489439,1078.55034527183,12229.9687908739,13962.0634803474,809.54292216897,3105.24237790704,30.0059258043766,0,2100.84839358926,45782.3578978777,1930.44251987338,318.506757766008,4934.85825970769,3488.6151470691,13146.2523347437,2256.10295343399,32460.1039505005,62.0299424827099,378.566030725837,750.943628460169,8413.59442391992,6666.66977408528,17458.8976596892,3835.96856498718,26993.4503548443,11687.2787751257,2701.92260855436,1365.19705146551,633.565154880285,569.107221215963,65.246362388134,138.998688727617,118.905120909214,673.446186870337,19.930015027523,6.47079917788506,30.196925342083,42.1386343240738,104.012855917215,1.53422796726227,4.20676648616791,17.8916362822056,47.7928339540958,200.990728139877,517.428828209639,14.4806278645992,1293.61107927561,11.0632249712944,20.1463866233826,173.354762434959,22.1944913566113,3965.88617497683,90.2153430432081,4.89997032284737,19.819686204195,1.34243428707123,1756.58711978793,933.0075045228,3399.09469178319,2353.68910950422,28.295434743166,200.05271011591,2730.8757545054,1487.5480453372,255.770205110312,1715.67447552085,5.3960902094841,2.03417927026749,20.8106099963188,108.7489990592,340.320480972528
11.1957828700542,7433.76072859764,37.4009687006474,19.8231838941574,6.06157302856445,41.9362048208714,19.9214604198933,78.758339881897,17343.58780393,15.1104619503021,172.136010587215,25.3823040723801,1120.56603804231,36.7041268348694,325.945473879576,7013.89763656259,25.8760785460472,2.98346564173698,19.3582684993744,18.3176147639751,2100.84839358926,0,1295.33123993874,12329.5754152238,3517.7451813817,63.0593728721142,7801.97923219204,3339.83795934916,92.7807178199291,280.842372357845,9.7425183057785,22.8899594843388,48.5508849322796,96.0574458837509,96.3935058414936,484.123030483723,93.7975019514561,308.536090373993,158.769992440939,110.10163500905,42.1691826879978,26.4776445329189,852.872778713703,104.300811260939,195.269545763731,288.244471311569,194.529649943113,24.1141649186611,3.1353754401207,11.0323077738285,122.181583791971,191.134535938501,0.792003870010376,0,8.977703332901,50.7562242597342,69.8484027981758,620.870554387569,6.75333943963051,89.6615065336227,10.5115936398506,16.3015803694725,82.7027058601379,30.7729667425156,3070.77424556017,178.755823910236,25.34988078475,54.8321923911572,4.90034958720207,921.598795324564,1606.05358669162,2412.32831281424,1247.32286241651,20.4027020335197,367.54141291976,8047.47543618083,592.549073010683,102.866060018539,623.606800794601,2.60967969894409,0.405913829803467,9.20106357336044,119.657238155603,70.5047137141228
394.541847497225,463.357499688864,35908.2236331105,8.37493547797203,226.926276296377,246.109697282314,2703.07392543554,1746.14577879012,119.308916270733,174.990129590034,1694.53669047356,48.163611471653,128.671097934246,1102.851303339,998.794862002134,11068.0949512124,12733.2755380869,1373.11692658067,3892.72339370847,12.5758808851242,45782.3578978777,1295.33123993874,0,480.735171765089,386.401820540428,16556.386421442,28335.6895941943,3511.28485250473,902.279182493687,7046.79193380475,62.6574178636074,172.120500609279,151.801991462708,7818.58829027414,11956.8057039678,31981.6511368752,20169.790538013,40282.9828204811,29222.6531165242,7726.34865993261,2027.95237925649,392.204019337893,2157.99927473068,212.331385910511,619.479531705379,928.974951535463,275.773494511843,42.5094339549541,3.02179616689682,8.81597363948822,88.4287038445473,923.636925801635,0.810178071260452,0,5.56263104081154,159.156228542328,123.578870147467,234.998064398766,3.72336214780807,713.085902184248,4.83421725034714,13.0565012395382,95.4462516903877,10.1913765966892,6851.25465302169,582.229925870895,46.0282931625843,152.793715417385,1.50503021478653,1858.0411285907,1267.77970093489,9553.86960060894,914.948797166348,30.5149234831333,703.554229989648,20894.2849899828,732.458368092775,91.0942707657814,596.207328915596,5.22591534256935,0,10.9059959053993,472.012828305364,1208.9565820992
136.487400740385,3398.90725430846,41.4977884590626,5087.25340354443,29.7563095986843,1111.55270195007,2000.48703435063,1095.50105893612,21061.8888947666,2947.18703946471,248.95107203722,3093.60248237848,735.208577722311,426.747995138168,2566.63170981407,2863.52525240183,55.6497165262699,40.326347142458,66.8658539354801,2770.41857796907,1930.44251987338,12329.5754152238,480.735171765089,0,1623.15991577506,88.2110719382763,1504.9341173172,34973.086258024,636.827880293131,1325.1625624299,43.7472218871117,291.909497797489,179.216892153025,803.091243684292,639.624989777803,4211.51688057184,371.866602122784,1292.84633082151,581.13344591856,1444.83608841896,476.170413523912,206.5061635077,2829.25792878866,45.1905000507832,1196.41252377629,198.405416250229,3998.33310556412,151.414121806622,8.10642042756081,92.7265166044235,17.3602362573147,44.2894493043423,854.931044459343,22.7790663540363,452.288394242525,777.526242315769,2568.26252001524,2622.39549258351,3320.77857023478,720.58392560482,777.244051456451,13.179628610611,2009.06720760465,639.204053282738,2059.63694369793,49.4762937426567,7.13706564903259,11.8755097687244,847.361383706331,1057.04839107394,1199.71152511239,1280.29931458831,14771.166238457,6.87714469432831,89.2408494502306,1010.55503001809,11139.2425517738,1279.87651363015,2103.21279716492,0.89330729842186,31.4172220230103,35.5964843332767,571.128130793571,159.327890872955
1.41657534241676,3627.05190578103,12.3483417034149,4.32368993759155,1.22576624155045,1.86122441291809,6.11552399396896,18.5546821951866,1443.61366358399,0.98787122964859,961.64296489954,3.33258610963821,8611.46280834079,20.9891376793385,68.6156004071236,985.701653301716,4.56871199607849,60.0690113008022,67.5637944042683,2.72944265604019,318.506757766008,3517.7451813817,386.401820540428,1623.15991577506,0,494.815134972334,14395.2289809883,443.432102650404,21.4885774254799,33.9286595582962,1740.16291722655,23.3499552309513,3.89065939188004,201.535999178886,10.9291630983353,692.817453056574,262.774435788393,168.237303555012,54.2189203500748,25.1850551664829,8.7289457321167,598.440451592207,20.1526736319065,501.207934230566,6.7801128923893,14.1823259294033,2.21127188205719,0,238.16608273983,0,903.082170546055,4.87848505377769,0,0,0,1.02450156211853,0.877363801002502,9.27191773056984,0,3771.40281847119,0,3281.77080571651,0,0,52.7867491841316,7.00432854890823,31.0333561599255,40.0793192386627,0,6.14151704311371,74.7323516607285,66.0159930586815,8.38794988393784,3611.99157443643,2145.8200276792,3236.32357993722,5.09613111615181,0.444852113723755,0.927658349275589,472.038356423378,1.47979044914246,0,101.34650143981,0
851.772974669933,704.309382736683,65806.2752316594,5.34556925296783,40.3304647505283,170.007379859686,975.587184280157,2643.45378553867,67.4695925712585,245.734940439463,17077.5559347868,77.987357199192,134.331786811352,1709.15291634202,20.1698564589024,28.0794047117233,9101.10856807232,20395.3967911899,11516.4671282321,19.5340378880501,4934.85825970769,63.0593728721142,16556.386421442,88.2110719382763,494.815134972334,0,26929.4271025658,1106.56486952305,1585.50257521868,2628.97540080547,313.644636124372,858.710292294621,104.994514554739,4022.45159362257,330.514596879482,5526.06548115611,4092.63193303347,8900.7199716419,2456.55709344149,246.047896116972,113.169268459082,37.9457527697086,321.923102289438,452.494789004326,180.968324914575,273.396916240454,27.7822405695915,0.479422330856323,5.08002054691315,0.509707689285278,1324.9468409121,109.821909964085,0,0,3.34682017564774,0,14.9313731789589,68.6756769120693,0,3215.58480775356,1.6651046872139,682.983706444502,8.04253348708153,3.18733605742455,78.3333793282509,1937.86493757367,296.921925872564,637.16155539453,0,19.2798287570477,183.849355220795,135.651510238647,123.68891698122,632.257030248642,18771.2624935657,18582.7134440839,25.2754475772381,2.04212927818298,23.2580752074718,1595.61365392804,0,1.25772315263748,93.0859805643559,66.9050981104374
293.259502202272,35596.7195301056,7051.91354033351,3.71768355369568,24.5277554392815,80.2190877199173,413.497501701117,1016.25246708095,861.130144715309,135.440999358892,4444.65908887982,48.7224356532097,3028.49381914735,843.889590159059,142.648156702518,11938.8998543322,3161.4786747992,1780.33432498574,2244.9413587302,5.72919335961342,3488.6151470691,7801.97923219204,28335.6895941943,1504.9341173172,14395.2289809883,26929.4271025658,0,1739.17449149489,935.689071461558,732.947073638439,1854.12435933948,458.371977061033,101.04637375474,3459.35432749987,4068.43179601431,31676.335267514,20847.4814141989,18463.1426312476,15703.8029927015,3787.83297213912,1190.81862151623,74.0085649192333,4582.5977345109,1722.69389604032,1746.12013038993,2767.23260545731,158.404322624207,92.2808768749237,21.2735426127911,10.1224619448185,6994.33530169725,1800.55399024487,0.832867085933685,1.61864304542542,18.8659317195415,217.755078136921,203.109838545322,495.561819553375,3.87638568878174,6384.94585907459,14.3682292997837,1628.18942442536,155.739972949028,5.30097270011902,2381.31178940833,6721.30983243883,1074.26516419649,2279.15186309814,1.0489935874939,330.547978758812,2426.16973951459,6949.39295494556,391.586571991444,3385.72430440784,64270.2797016501,125914.214014888,177.007499277592,40.1467835903168,132.453900039196,3592.537324965,0,0.871073305606842,1166.7742382884,938.127828896046
790.107570111752,638.255082666874,938.652302801609,9414.42880773544,151.082809269428,7936.99397313595,96314.4987626374,7156.55171369016,8920.38270664215,15991.2436952293,739.32945433259,3496.03336256742,216.865453362465,2768.85802578926,2143.30860263109,4411.15456587076,886.714356690645,187.871518164873,565.49554130435,8626.32177126408,13146.2523347437,3339.83795934916,3511.28485250473,34973.086258024,443.432102650404,1106.56486952305,1739.17449149489,0,2878.07446178794,22173.6496776938,77.5106831789017,1621.12420575321,916.291339606047,3725.89106482267,3565.13561958075,21158.9684692323,1730.06105725467,9251.70767220855,4028.46409913898,4770.27125546336,2435.70060756803,678.558935761452,4304.84298834205,54.984205275774,1895.07636794448,304.624144434929,7945.9546199739,180.321623265743,13.2498434185982,142.456878364086,18.2583030164242,74.8822047114372,968.98515561223,22.4943539202213,594.253612965345,1178.19560429454,3278.25839340687,2233.81086438894,4723.23078873754,2586.19517162442,855.902005314827,38.5296714603901,2761.47898799181,837.247000336647,2645.16341757774,75.2398146390915,2.26396942138672,6.92034330964088,961.264584332705,1433.94761306047,968.145459413528,2001.56680633128,18541.2269291282,23.0879447460175,111.944728508592,1749.06035372615,17465.8316566348,1605.07204642892,2863.62806645036,4.87971931695938,13.0951195061207,45.7236706018448,816.826782137156,233.794195920229
5800.80412593484,25.1438373625278,674.146445453167,26.7248344421387,13.4441791772842,250.435220986605,4628.02487030625,5167.92712628841,227.197313666344,441.029157370329,2045.1383869946,75.6781053245068,56.0295107662678,23287.9761492014,78.9760301113129,96.9974758923054,1452.92017787695,664.185412198305,2082.19405594468,50.8828299939632,2256.10295343399,92.7807178199291,902.279182493687,636.827880293131,21.4885774254799,1585.50257521868,935.689071461558,2878.07446178794,0,15116.5671940744,275.493581980467,2737.72419053316,3900.31703197956,7159.17146578431,351.437176615,2915.73774278164,392.01667869091,6781.27199205756,613.783668041229,243.23425629735,405.616632401943,69.3389107584953,138.746668487787,5.02181869745255,46.4510634839535,5.81462541222572,164.402562737465,10.6165077984333,1.42774158716202,3.75632685422897,6.18224743008614,1.70160812139511,0,0,5.55016794800758,18.5784229636192,39.5718026459217,83.6283463537693,17.9070690572262,187.205440074205,1.99264910817146,7.44301503896713,36.5491084456444,8.63045692443848,113.218083411455,11.0840221345425,0,0.36350604891777,3.27667364478111,69.2460147440434,68.1499365568161,62.3281753361225,650.965620875359,3.91611221432686,29.3419480621815,78.9918559640646,381.566076219082,23.8821360468864,129.552731156349,1.16564381122589,0,1.24828112125397,25.1692432463169,11.3785984516144
7976.98651796579,58.7416387200356,1016.25182786584,18.7508835196495,10.9657986462116,660.116727799177,7855.32563638687,15682.6611596644,1058.07992973924,140.876405566931,2195.73577278852,36.5607009530067,29.7689957618713,14589.243512243,171.706152319908,191.722674846649,5070.47157683969,706.266340330243,2885.42838099599,24.8608454465866,32460.1039505005,280.842372357845,7046.79193380475,1325.1625624299,33.9286595582962,2628.97540080547,732.947073638439,22173.6496776938,15116.5671940744,0,93.4798331558704,606.78109318018,2661.13117361069,10407.9879561067,331.683226555586,2188.72164109349,405.050656914711,10694.8252474666,1148.58752200007,287.356915801764,223.327720344067,178.87356325984,626.149649620056,13.5461584627628,254.221249192953,36.6465399265289,674.594046384096,24.889650374651,6.04049822688103,24.2636934518814,6.41261664032936,9.47151762247086,5.36952230334282,2.06358397006989,45.605455070734,99.6830449402332,339.632363826036,425.538213789463,49.2323546409607,491.107813894749,6.29365420341492,6.48167341947556,280.835796564817,28.8937172293663,483.482629567385,17.5562647283077,0,0.691427946090698,9.7728995680809,310.744626134634,271.480079859495,254.740413784981,2641.58264911175,4.36585691571236,45.6545957028866,214.54271543026,1464.3371797502,236.927740246058,749.992395162582,1.65507656335831,0,13.1010991632938,151.370691895485,29.78547924757
