0,0,0.00852484573020525,7.44662306268809e-05,0.00016339898783319,0.00161196759747455,0.314991042431576,0.0738011548604688,0.00102956038650332,0.00198366256564001,0.00156157357683802,0.000824326607561883,0.000164415464543116,1.9135577317945,0.000217555184548426,0.00015928295669511,0.0309612165301416,0.000411261211948902,0.00244739404037969,0.000317182485038006,0.00851004223296116,4.04019994444609e-05,0.0384307901558313,0.00183719380677718,0,0.00207556284225888,0.000693341772782441,0.0273303960998644,0.66584563516238,0.541094452465961,0.000160129318609721,0.000316069351589048,0.00964269474043877,0.0236946897271714,0.00667330253935249,0.0104117219588576,0.000799319076299418,0.0129437567794488,0.00525047330578882,0.00119457757472791,0.00244985771994102,0.000797090016579924,0.000459033876558113,0,9.37322439111945e-05,0,7.444857953794e-05,0.000260005197341609,4.80621611120224e-05,0,0,6.09546435593962e-05,4.62014989097476e-05,0,0,0.000659469553790644,9.85501122523546e-05,0.00026466346011523,9.00586333793163e-05,0,7.99663959324362e-05,0,0.000234458375657606,6.63198630748274e-05,0.00125899655554536,0,0,0,9.42608253459214e-05,0.000556151096315932,0.000136343015166926,0.000576995989803446,0.00180909397138835,0,3.91142157188296e-05,0.000181706696141416,0.00289119758790224,6.96724284934282e-05,0.000372286939801037,0,0,0,8.56799609627724e-05,0.000622158585722125
0,0,0.00308008791767641,0.000694526125084008,0.00135127995477612,8.00722396846714e-05,7.05928020822228e-05,7.84357584877374e-05,0.148491276170517,0.000200970829788321,0.00421687491402701,0.00099780446040132,0.0725813353705426,0,0.00202236695191503,0.0517621288271162,0.00958682376839915,0.000247211209416401,0.00168993135389651,0.000477107160978604,0.00541238755890139,0.270181455640312,0.00388954139960404,0.184419498419697,0.130451159068843,0.0177805064683803,1.47188184884251,0.00853937634519095,4.39207567713976e-05,5.77433020720601e-05,0.0152425547261574,0,0,0.00158253772266527,0.00151683830354733,0.00797798155514735,0.00356288794674672,0.00340496235650822,0.00390803766141786,0.00820056061097003,0.000545711061264646,0.00803792397210816,0.0096962604056859,0.00390911733998441,0.00422593850658495,0.00538581975166065,4.17241341144681e-05,7.5805167885542e-05,0.000979812194441021,0,0.113611061910256,0.0156427446702076,0,0,0,0.000130724430802184,8.24857702155529e-05,0.00124292635961756,0,0.003962745354783,5.01349027269721e-05,0.00587781875284151,5.82565267930627e-05,0.000313127483139217,0.0124604367966317,0.00914252600941092,0.00127957432554213,0.00606091559684862,0,0.00120863296677116,0.0110631300122472,0.00878398722654787,0.00683384081988102,0.00831651873395327,0.0293467565372687,0.510208280689543,0.00106950073900995,0.00011842503483606,0.000485931430796254,0.00401021861293873,0,0,0.00267045343868347,0.00137857982371337
0.00852484573020525,0.00308008791767641,0,3.93735676318288e-05,4.20344721433997e-05,0.00109529419841991,0.0351624834754312,0.0301179899020944,0.00210056511510252,0.00121880020137014,0.000295316514675331,0.000480285253049964,4.1269102054441e-05,0.0599161906083145,0.000650267147727142,0.00389072674879832,1.17647697746176,0.00179708715962899,0.0438315007869484,0.000102960692845631,0.483959542570416,0.00530727236401849,2.44394669400507,0.000605809179930651,4.14642000465631e-05,2.57289967071004,2.95833935992004,0.0212305515267051,0.0129768103821049,0.103589160190798,4.41841114749908e-05,0.000277226629327691,0.0015002490080804,0.0520937912701508,0.0319544490712347,0.124788495694417,0.0420289149896948,0.117285906104478,0.0908132797392451,0.000853231542258294,0.00320921682359151,0.00154140088011754,0.0153110386302391,0.00236100458668658,0.00595382130928945,0.00457491788735207,0.000552139307052862,0.00015670058031441,5.32222299996376e-05,0,0.00139079163009825,0.0906891375494239,0,0.000258806726832342,0,0.00081594644013127,0,0.000726443003700184,0,0.000181997235196149,0.000128031540112734,0,5.67452069984078e-05,0.000109413997929334,0.00329425821008676,0.0129102547520007,0.00034755622319628,0.00255269960181926,0,0.000841735706503932,0.00191185922760273,0.0139067567340211,0.00264770141333444,0,0.00592045984751894,0.270395863158945,0.00700391206392145,0.000165602257709861,0.00157464733395221,0,0,3.92527267321348e-05,0.00162936097062428,0.0199450970161692
7.44662306268809e-05,0.000694526125084008,3.93735676318288e-05,0,0.00415179782991817,0.0138404167009911,0.00620378624458296,0.055927964456014,0.12173544007701,0.550976862539785,0.00131148506109233,0.011318216510496,0.000260115861945254,0.0205465240897303,0.0114999890186787,0,0.000504002757578188,0.000554754558063537,0.000826056435205246,4.16125411600193,8.80853165929022e-05,0.000742807378102115,4.12257638558984e-05,0.282828351760125,0.000189351826417113,0.000717225834492668,0.00297006499713042,0.666359267932117,0.00973560085517202,0.000880236504076555,0.000446611723908013,0.00167013144939204,9.23333865515116e-05,0.0184299509284924,0.0237175905958321,0.0927821583935389,0.000631684255175441,0.0125783766434031,0.00361331548124214,0.0267969079002205,0.0153086889598184,0.00640896237877389,0.0151496267958349,0,0.00142120645393412,0.000564718221082318,0.0813939191190546,0.00439647645432052,0.000465325681217134,3.39816603091479e-05,4.13571710573792e-05,0,0.0792764494335544,0.00391276569146177,0.00181949648788768,0.0273253820281978,0.00700792342322699,0.0551417702894105,0.0367833386929724,3.38575928254009e-05,0.0200984145649583,0,0.00231881816830783,0.0180725730709521,0.000197373475841701,0,0,0,0.0478207209259451,0.000320752055356378,9.19525126556278e-05,0.00037532778980459,0.170631200183004,0,0,0,0.0909780466198853,0.000760536207552736,0.00164223397180945,0,0,0.000162483920224893,0.0024000771060359,0.00269424431755944
0.00016339898783319,0.00135127995477612,4.20344721433997e-05,0.00415179782991817,0,0.309434416337841,0.00403853289821413,0.0816090987672406,0.103817358493043,0.0241876267796645,0.000456241328939152,0.0968497823923594,0.000241802255989289,0.00257946270300623,0.14437087704808,0.000392265255759466,0.000113749246536321,0.000158022880499047,0.000131028743718088,0.0165581085401801,0.00092638776263744,0.00294382950521753,0.00098939841371194,0.0455917506300135,0.000626384117154038,0.000448304116707975,0.00371771189364829,0.023333156914018,0.0012716153452834,0.00154410732207951,0.000181305871073973,0.0534272272467578,0,0.376442784374245,0.130602556122843,0.0550004034353113,0.00142189203455658,0.00390323105187648,0.00416641254916553,1.50398883075767,0.278277440525653,0.00625408852255275,0.000968141963340568,0.000479902242683625,0.00019116026399743,0.00103844652835314,0.0176367869588897,0.000755947584584105,0.000243717473335612,0,0,4.95068641217708e-05,0.00324927452787333,0.000789141361009669,0.00043351091561538,0.000243138008518171,0.000410582997678715,0.00549037162606118,0.00173764972970706,0,0.00464851720181074,0,0.000171674901973986,0.00337283165391712,0,0,7.20314190999986e-05,0,0.00183850586217695,0.000323898996432877,0,0.00013307361799624,0.0158024815384098,0,0.000256451548769665,0.000454573858457053,0.00348642448151815,7.27014908113717e-05,0.000233232254692781,0,0,9.03219804730418e-05,0.00026954662492919,0.0169831280130693
0.00161196759747455,8.00722396846714e-05,0.00109529419841991,0.0138404167009911,0.309434416337841,0,0.0312433162982822,1.33713244940944,0.01402211215165,1.17210363892349,0.00939420487723587,0.778077972797455,0.00245299806706685,0.0570959640833519,0.26401575234496,0.000192861118970662,0.00288864332998398,0.00399180958113989,0.00641453787035834,0.0538544000783016,0.000836420919486534,2.75885816236556e-05,0.00176576443668053,0.0137552147786219,4.78084595260501e-05,0.00446824462906001,0.00123517639579961,0.0878264008975155,0.00296396936916231,0.00766567316396062,0.00143923973708321,0.0055899629946563,2.10987415634453e-05,0.0200534878521195,0.0647022950082791,0.0720799474283102,0.00166703512535287,0.0153547710199466,0.00817230456591724,0.353935672117259,0.0725217933829362,0.0157419290440348,0.000539087120109666,4.50709654974937e-05,0.00011735871919781,0.000120599202674842,0.00397688561207473,0,0.000175781839319748,0,6.12621925716877e-05,0,0.000938748431358628,0,0,0.000868565715553265,0.000208935749549067,0.00213324142620811,0.000696388073353984,6.46146476472019e-05,0.00461440847192489,0.00011219871689654,7.68507789752963e-05,0.00103640382478985,3.91722866219163e-05,0,0,0,0.000284463457840585,7.47033978720486e-05,0,2.56771368694186e-05,0.00541606910842812,4.45675803358793e-05,0,0.000254147486190677,0.00277273559954693,0,0,0,0,0,0,0.003815594805012
0.314991042431576,7.05928020822228e-05,0.0351624834754312,0.00620378624458296,0.00403853289821413,0.0312433162982822,0,1.31719144830487,0.0668733955622782,0.641716580523073,0.0114530896777466,0.025470486905448,0.00341946534577041,1.41061389354033,0.0124765743303794,0.0114361352113465,0.0245134607581736,0.00610615011363023,0.00907176599569802,0.0115144725247763,0.0178237471236343,0.00110697617154676,0.0855545305117058,0.13502849854748,0.000119483162256289,0.0127510520546814,0.0149848279347246,3.16528102442438,0.12379970180672,1.40425607173308,0.00138910579700455,0.0073034255844383,0.00629745429164728,0.110161160495801,0.0972890556750885,0.185478145321861,0.00589245356784791,0.0797619283701815,0.0375509782709771,0.0310608892615435,0.0370585561078636,0.0131612459274648,0.029979786749806,0.000397424965080816,0.0057057589475465,0.00118086141538259,0.0255935492188465,0.00638582945860188,0.000691500380668534,0.000187948798849737,9.78586720314982e-05,8.20415251434861e-05,0.0190813264592084,0.000948361241410986,0.00126011142214177,0.0348409077146398,0.00722924173128271,0.0200276546444663,0.0171901003177333,2.31107887732983e-05,0.00710501001516836,0,0.00433412632076805,0.00377551691745763,0.0103250804492125,0.000128312032239175,0,0,0.00878053637207353,0.00502557198838778,0.0010786278511365,0.00778254235366408,0.112231163562755,0,5.97635774517417e-05,0.0080509336065717,0.118051959894422,0.00258455200202345,0.00646092551425046,0,5.52050343890429e-05,0.000901554761796224,0.00630973118903852,0.0133945526123745
0.0738011548604688,7.84357584877374e-05,0.0301179899020944,0.055927964456014,0.0816090987672406,1.33713244940944,1.31719144830487,0,0.052997347455781,2.3795426386701,0.0321832932439091,0.509765858429146,0.00978006856550208,1.56706223928962,0.109081642544081,0.00211064069074331,0.0574129373911907,0.0168476937426615,0.0297089427527175,0.159755383906142,0.0169203735596175,0.000427853956588531,0.0909177254864258,0.0963308635457345,0.000137060462111843,0.0197988063586582,0.0111565405661088,0.789178245804202,0.151046088977522,0.359869341295496,0.00452621580102095,0.0453369257875653,0.00301835406928794,0.142672770072396,0.0665341224578653,0.374574813704159,0.0095912118941743,0.0740891893725516,0.043193846875658,0.319847668357696,0.0949493589148949,0.0717418178854034,0.01847394457258,0.000375871425460786,0.00320862548547744,0.000837598013876448,0.0240626112928004,0.00392272735118279,0.00151639538449478,0.000119382959318745,0,0.00011011606723339,0.0113894514922207,0.000662809534389961,0.000516659180016196,0.0264743878366103,0.00318342856172143,0.0174566286483078,0.00802877586435562,0.0001703013398157,0.0111943616027055,0.000598389048721111,0.00158021979871164,0.00359464100583093,0.00591289549979753,8.29930459222078e-05,0,0,0.00513333849934851,0.00362563819574644,0.000708549148553504,0.00458680832139934,0.0875056999947404,5.0968689334631e-05,6.92482163990019e-05,0.00315780253462829,0.0927966608672331,0.00162779346146641,0.0060002161197748,7.96544750509501e-05,0,0.00024538291959281,0.0044066083239602,0.00801667514872703
0.00102956038650332,0.148491276170517,0.00210056511510252,0.12173544007701,0.103817358493043,0.01402211215165,0.0668733955622782,0.052997347455781,0,0.0830747580960673,0.00288131348034651,0.356044462470489,0.0211812047913292,0.0249834659508183,0.173524967562468,0.0576622004835737,0.00365441020317023,0.00126411452093552,0.00201114223292967,0.142814878624187,0.0388211108106414,0.490344410116965,0.0167458839824307,2.83745565775653,0.0800619928204129,0.00428570851627767,0.437236610616374,0.632063995117277,0.0166712354650245,0.0119148958083081,0.00959308244920504,0.00254372561355513,0.00131681139798695,0.019294859084628,0.0189192022821783,0.0953078526264125,0.0033140133628597,0.0125450142703509,0.00730009726025439,0.441353172946073,0.0269276861632292,0.00602304172303553,0.0430206831334396,0.00288902433895502,0.00728176793992087,0.00294848876488386,0.0623406406473014,0.00824038742995273,0.00111725304531966,0.0011501045964667,0.00347003208567959,0.00237453201179194,0.0647557616729475,0.00486463980967415,0.00381153849802083,0.0508786003340732,0.0173692709378337,0.257291465731022,0.0467868598833924,0.00153642200979805,0.0206767069966147,0.00119014080857868,0.00869721315680631,0.021803768317155,0.252619756680123,0.00168390272891412,0.000645028818956503,0.000488069978745163,0.0196987380625102,0.0595325481092618,0.159780165212198,0.0598331139622844,0.515340146512006,0.000715848503547226,0.00254228020473012,0.16911383587206,0.233848168417218,0.00731654954004711,0.0305384100144911,0.000574293345165622,0.000521686468121147,0.0009228624018475,0.00908381475114763,0.0108613497835758
0.00198366256564001,0.000200970829788321,0.00121880020137014,0.550976862539785,0.0241876267796645,1.17210363892349,0.641716580523073,2.3795426386701,0.0830747580960673,0,0.0381036475197286,0.829490097533215,0.0122122343353155,0.414973620367601,0.0586360000832194,0.000282163068925399,0.00649846927769496,0.0207813285298449,0.0334193635005173,1.70618241242818,0.00143092824300434,0.000458340499625838,0.00350101400258993,0.182334150457143,0.000164134848756319,0.018577419188352,0.00611930390182423,2.438844461941,0.0858699121766415,0.0130304252870033,0.00649753129867642,0.0222874447214595,0.000238060175669635,0.184794887155032,0.14508491057717,0.508041063768921,0.00828397676175082,0.112777166336896,0.0324683237548723,0.130098533833587,0.109907124422834,0.048646814980533,0.0201575038833687,2.84665473202765e-05,0.00257079088548015,0.0013830669614817,0.0616589894163572,0.00485946008639983,0.000905834635295877,9.48128641989113e-05,3.61773964164495e-05,0,0.0861129544891662,0.00308276254278008,0.0036425504254764,0.0278806751004764,0.00777126326122029,0.0366928124940804,0.089417759280067,0.000441535717427808,0.0410602874520888,3.52414511351585e-05,0.00336648729170442,0.0129153979536157,0.000542063636288726,9.54976172482193e-05,2.59303533263028e-05,5.44403415783406e-05,0.0380369241833522,0.000754773789071989,0.000148040031100446,0.000262089932108605,0.130295185046389,3.84512325995445e-05,0.000203028775917315,0.00028309846629619,0.091095164551443,0.00106880513048387,0.00121335799662458,0.000134472001641637,0.00036113538969698,0.000133452916649437,0.00390725745969608,0.0120005382678411
0.00156157357683802,0.00421687491402701,0.000295316514675331,0.00131148506109233,0.000456241328939152,0.00939420487723587,0.0114530896777466,0.0321832932439091,0.00288131348034651,0.0381036475197286,0,0.0426873911798473,0.768483703519885,0.0293045532040557,0.00180867063252628,0.000249538436433732,0.00869050036283196,1.2110521268294,0.285519960110711,0.0167992632192279,0.000922142375157313,0.00266546880008401,0.00295201999478453,0.00383520616171827,0.0254456262389314,0.461857997161949,0.0170685611726939,0.0131768223380795,0.0113072230249612,0.0061424990497898,0.157863814815499,0.00959582746368564,0,0.484092592289622,0.00268321145856735,0.0122149389490067,0.0503337290255528,0.214924136342035,0.0252457622853781,0.00303033508739954,0.00146526442804126,0.0265466275606284,0.00103206666991092,0.000573142856776875,0.000352407365685487,0.000236944926677358,0.000706814380203306,0.000187549611806392,0.0126465544367376,0,0.0064660497787089,9.35955592662217e-05,3.88816619561672e-05,0,2.79060634162188e-05,0.000246170929039216,0,0.00246565763238037,0,0.117010060572981,0.000864595382948867,0.251745767164291,0.00012224381311332,0.000128542831927252,5.65584950808764e-05,0,0.00156521434508186,0.000450203419917738,0.000100200974197436,3.88589883543134e-05,0.00258101360552955,0.000206320515660596,0.00329476705913363,0.0324389279570522,0.0149646517793191,0.0214936840563957,0.000754135208897074,0.000253723207509905,4.61208685528278e-05,0.0374857865384987,0,0,0.0017114318261017,0.00201865212253286
0.000824326607561883,0.00099780446040132,0.000480285253049964,0.011318216510496,0.0968497823923594,0.778077972797455,0.025470486905448,0.509765858429146,0.356044462470489,0.829490097533215,0.0426873911798473,0,0.0142749793308104,0.134205782498099,0.644959646022632,0.000915686998287036,0.00598099791929144,0.0227050716432034,0.0331679805718996,1.52989602212264,0.00628473443525169,0.00120752104329122,0.00370576302913167,0.0755148499374272,0.000413789906417912,0.0218072916765496,0.00998812045551172,0.0686984121989849,0.0196552333086881,0.0096584629844122,0.00663883392548926,0.0132569905895669,0.000108038438180685,0.100646391533528,0.26871525975491,0.322858516136848,0.009639904458658,0.0746977645721013,0.0321853775030593,0.440798949666192,0.0770735694979371,0.0601542050905314,0.00715560398128294,0.00033086136363976,0.00266949472277451,0.00130916443944046,0.0742279882405306,0.00542911562031221,0.00127963963152726,0,0.000134032769570148,0,0.0193695138896876,0.00512642373186627,0.0103036034486941,0.00388827734725192,0.013088681144128,0.0438665405214086,0.0272547381829257,0.00190150072658019,0.231063764880945,0.000406942493877786,0.00612783153327791,0.0179101022064071,0.000297504766477406,9.54320734547079e-05,0.0012632418897564,0.000366533038665104,0.0474321623474966,0.00139263790204004,3.87085412629724e-05,0.000600886653074205,0.0791004939047037,0.000278275090313029,0.000424320831830716,0.00057418746146158,0.0244797408164464,0.0016550735124048,0.00137545936117275,0.000277923166257674,0.000827006890602441,0.00024528295636611,0.00311866306936727,0.0286205506113977
0.000164415464543116,0.0725813353705426,4.1269102054441e-05,0.000260115861945254,0.000241802255989289,0.00245299806706685,0.00341946534577041,0.00978006856550208,0.0211812047913292,0.0122122343353155,0.768483703519885,0.0142749793308104,0,0.00612657253197571,0.000592011166942114,0.00132709274826473,0.000360926536868358,0.00610597522174025,0.000567251576595509,0.00501547326352838,0.000429729705354214,0.0421085514350659,0.00052644951307041,0.0183524079863588,0.40348823221821,0.0130338907467169,0.112743337475128,0.00488551570766656,0.00414647545015492,0.00216419302540413,0.11908508879157,0.00237524593156302,0,0.0599125593219662,0.000404545596615994,0.00251384977574608,0.0199078194858609,0.081467140084191,0.000592562743495619,0.00128687815704074,0.000261411034852761,0.104170744017851,0.000957645678047127,0.00159424323691894,0.000768474667802275,0.000650000661562849,0.000624780938642156,9.19887242127421e-05,0.0736235819131407,0,0.0197288515203516,5.83106329548955e-05,0,0,0.000186614054628372,7.71254286255416e-05,9.60190815538523e-05,0.00725145359107533,0.000150898900621927,0.416940371055467,0.000556975410540337,0.817085594161858,0.00081376918839346,4.29486608119369e-05,0.000798047665204896,0.000164202749706459,0.00480148287220366,0.00160771129554118,8.9498058156842e-05,0,0.0080098687743028,0.000128579226121199,0.0064180779258035,0.159160083374687,0.0428282404639908,0.0792750216377686,0.000402636879999453,0.00121196950580765,0,0.116461309540653,0.000909413442091594,0,0.00622335298843779,0.000112427840511179
1.9135577317945,0,0.0599161906083145,0.0205465240897303,0.00257946270300623,0.0570959640833519,1.41061389354033,1.56706223928962,0.0249834659508183,0.414973620367601,0.0293045532040557,0.134205782498099,0.00612657253197571,0,0.00783090292719058,0.00207123795638971,0.202932105332128,0.0153254845188563,0.0380088573481562,0.0667441352120635,0.0655038115614427,0.000579029932506144,0.275815152594212,0.0402201878481908,0.000141363123361373,0.0259125428182359,0.0119507341204191,0.445644658819003,2.3371143228578,1.74355434584925,0.00329916168373608,0.0785342811588057,0.0202705091359354,0.198075026720641,0.0494805258167357,0.115485815362272,0.00640321915238036,0.095973292481254,0.0478526812473954,0.0230080591750231,0.0207599184895067,0.0228520512030443,0.0121042868255457,0.000165282540518558,0.00162954775673803,0.000880424947239065,0.0072967454767497,0.00274428652067876,0.0007396605644909,0.000166824120953512,0,0,0.00286400285880442,0.000102401786086726,0.000172698505325341,0.013568130694786,0.00187373944661102,0.0108345777122569,0.00248226542553406,0.000183774272558427,0.00411172988275395,0.000363189846701473,0.00104146105011571,0.000794683704008887,0.00795357800198979,0.000126389623567545,0,4.73545308968902e-05,0.00144149433171494,0.00617356456490559,0.00117225685387033,0.00367433894844818,0.0421549710518186,9.33804092717884e-05,0.000157206035360133,0.00274646378763631,0.0602905111997408,0.00107895326621651,0.00805719866064202,7.47749743884562e-05,0,0.000448380982082677,0.00211507638770608,0.00508213978653235
0.000217555184548426,0.00202236695191503,0.000650267147727142,0.0114999890186787,0.14437087704808,0.26401575234496,0.0124765743303794,0.109081642544081,0.173524967562468,0.0586360000832194,0.00180867063252628,0.644959646022632,0.000592011166942114,0.00783090292719058,0,0.0033408470474753,0.00227879137911496,0.00103320468953087,0.00250286991948495,0.0443772825629118,0.0178996713688326,0.00439128634357632,0.0111746454638236,0.0838920628405711,0.00151685501862251,0.00158405791366361,0.0122228862290933,0.0580611170246465,0.0037550745136962,0.0127618679144811,0.000366011564847135,0.00256642288590355,0.000110932988470984,0.00647099336777762,0.384137394824353,0.0222177754111095,0.00301936048955724,0.00476218813329249,0.00574799364673309,0.519952737834955,0.0271575820291804,0.00428549785610538,0.00321342842135502,0.000545154517369771,0.000425379379696154,0.00288782289679228,0.0321613127849841,0.000783373297909298,0.000197362445337963,0,3.45338817989707e-05,0.000203690438724494,0.00429955646522034,0.00228457027866744,0.00109397705392087,0.00268022727164129,0.000977229064683386,0.0100237646322788,0.00441440058913217,0,0.0103994969645714,0,0.000467607073999202,0.0066900555192762,0.000466643634264648,0.000117049712895787,0.000119646081921363,0.000175514285871458,0.00203627714957835,0.00133010402632105,0.000236267979450202,0.000885405377581501,0.0264718116223202,0,0.000301126352146364,0.0012782161410247,0.0114055256205478,0.000230417383525896,0.00111019576213106,0,0.000115196028942513,0.000102485509855008,0.000591461241729975,0.04700876345879
0.00015928295669511,0.0517621288271162,0.00389072674879832,0,0.000392265255759466,0.000192861118970662,0.0114361352113465,0.00211064069074331,0.0576622004835737,0.000282163068925399,0.000249538436433732,0.000915686998287036,0.00132709274826473,0.00207123795638971,0.0033408470474753,0,0.0273054013417655,0.00109257636829039,0.00530083348914707,0.000125499794086635,1.00217222217335,0.678528356897239,1.07105272101016,0.455180006919145,0.00801666511321352,0.00310142032975066,0.489042936253932,0.204699607215832,0.00181331273764756,0.0044676676888163,0.000883022940971473,5.79705060974836e-05,0.000307836855550409,0.048347706441974,0.278669898027607,0.653396319657111,0.0983625733875842,0.180553966675065,0.226564225852866,0.00522396870230716,0.0106795149201343,0.00842527889011735,0.0389707295488205,0.00871617936792397,0.00695302497329942,0.00580693075066036,0.0018431444515392,0.0037541249182141,0.00207212231627796,0.00156450942968716,0.00163996908483118,0.000553894378531015,3.18954777647555e-05,0.000553738246868241,0.000156492946967143,0.00716665698740068,0.00429621259217352,0.0148351180797904,0.000140110816840589,3.75021260514617e-05,0.000899259252708924,0.000354724547676993,0.00764010163113261,0.000463969749220651,0.913152533696455,0.00131818328597427,0.000258722344810474,0.000266029901339489,0,0.226427840654298,0.170639042397448,0.444178490747668,0.155260440750381,0,0.000113844805551887,0.207803893334378,0.100013878879532,0.00386580284237586,0.100017824818704,0,0.00010878482164886,0.000891847732065081,0.00467067417162516,0.0784306582989986
0.0309612165301416,0.00958682376839915,1.17647697746176,0.000504002757578188,0.000113749246536321,0.00288864332998398,0.0245134607581736,0.0574129373911907,0.00365441020317023,0.00649846927769496,0.00869050036283196,0.00598099791929144,0.000360926536868358,0.202932105332128,0.00227879137911496,0.0273054013417655,0,0.0176312309371527,0.9228354613698,0.00281199787285853,0.398636338083311,0.0224289085366924,0.489396674935593,0.00200031001952351,0.000220624111160147,0.538505293484065,2.04109204106469,0.0225795332309389,0.175869380178819,0.364211023614058,0.000354887984813094,0.00225491910509034,0.0340695644918565,1.54909654858662,0.0975812639410616,0.271204256980063,0.0781555446180239,0.617379092233319,0.338407389850469,0.00294511511632583,0.0124607125763474,0.00213299103301227,0.0272850470869106,0.00521607003215519,0.0107795229784693,0.0144488790252703,0.000314739854371703,0.000127743791977107,0.000125590787181372,0,0.00436824257300846,0.0824621199594287,0,8.32759732064248e-05,0,0.000453323450598347,0,0.000480359158185994,0,6.00686760865212e-05,0.000301418065023243,0.000101794221831513,0.000112901452064049,0.000235598303451967,0.00476165849598857,0.0249638033797001,0.000921590425720272,0.00663980265027719,0,0.00145423522559076,0.0035381214314202,0.017174158148323,0.00234973003257784,0.000422767927912104,0.0242903678745479,0.368403929439416,0.00253892785429029,5.82097831785679e-05,0.000727370688469705,0.000246226629468405,0,0,0.00499486957432104,0.067787383849672
0.000411261211948902,0.000247211209416401,0.00179708715962899,0.000554754558063537,0.000158022880499047,0.00399180958113989,0.00610615011363023,0.0168476937426615,0.00126411452093552,0.0207813285298449,1.2110521268294,0.0227050716432034,0.00610597522174025,0.0153254845188563,0.00103320468953087,0.00109257636829039,0.0176312309371527,0,0.319760456910788,0.0082296954283654,0.00141903370914066,0.00029309356187495,0.0040353675850137,0.00106247212219429,0.00150190801829169,0.461952364025098,0.0551500397503832,0.00703848563688967,0.00637408648667519,0.00390425576626858,0.0413936118370363,0.00590551815126617,0,0.304816772880568,0.012408710619129,0.0494432703702645,0.142173054879992,0.259462043698261,0.0981515286981803,0.00103572110738025,0.00186982252576799,0.00167030232707663,0.00234963504810731,0.00120011609186597,0.000448386541091287,0.00141735665212729,3.37217072165728e-05,0.000127118154285276,0.000119241689728272,0,0.000483354702840114,0.000585471027556562,0,0,0,0,0,0.000286355767581612,0,0.00708829864410062,9.9941852482945e-05,0.0124818090615849,0,0,0,0.00010243120964154,0.00310535585291614,0.00148744825117756,0,0,7.84355644361017e-05,0.000476315765140915,0.000114538810298276,0.00239002282851332,0.0318265176237165,0.0344569175359356,0,0,0,0.0151311994090343,0,0,0.000244412256191009,0.0127933623293701
0.00244739404037969,0.00168993135389651,0.0438315007869484,0.000826056435205246,0.000131028743718088,0.00641453787035834,0.00907176599569802,0.0297089427527175,0.00201114223292967,0.0334193635005173,0.285519960110711,0.0331679805718996,0.000567251576595509,0.0380088573481562,0.00250286991948495,0.00530083348914707,0.9228354613698,0.319760456910788,0,0.0118211004177118,0.0195879985302023,0.00127503886320922,0.0438592421652101,0.00231943816898991,0.00133116327619682,0.695065972038028,0.610763241203258,0.0133161554416252,0.0152474584223953,0.0146306832190412,0.00750255437337148,0.00946809988072749,0.000937425840096537,1.40173991727265,0.0672920659643488,0.285191290179798,0.30581191532732,0.428632964478023,0.41874202032909,0.00171690011557246,0.00446462664666358,0.00232797302030589,0.0201788866328177,0.0052095956876888,0.00556613468093693,0.0109628510749516,0.000200314284617406,6.59168140234471e-05,0,0,0.00302488242289035,0.0138565209491759,0,0.00028645995999248,0,5.43266387348771e-05,0,0.000577499424429202,0,0.00129516937462618,0.00052468197853086,0.00227752122935607,8.68934723762393e-05,0.00023260880103308,0.000366645253779363,0.0112728044079311,0.00351882884447665,0.00562221116697555,0,9.20439680498481e-05,0.00029110460871216,0.00202531611442338,0.000630993212570191,0.00329648402229507,0.0624092626381462,0.183512591902144,0.000136308633783078,0,7.20846501270059e-05,0.004138827622181,0,5.97989861677766e-05,0.00407239550404011,0.0621096055479563
0.000317182485038006,0.000477107160978604,0.000102960692845631,4.16125411600193,0.0165581085401801,0.0538544000783016,0.0115144725247763,0.159755383906142,0.142814878624187,1.70618241242818,0.0167992632192279,1.52989602212264,0.00501547326352838,0.0667441352120635,0.0443772825629118,0.000125499794086635,0.00281199787285853,0.0082296954283654,0.0118211004177118,0,0.000793394626605688,0.000616257441249299,0.00158379709685101,0.146776743736021,0.000216359461201525,0.00699721585375209,0.00569840667162789,0.23093292471927,0.0274074310129145,0.00287347786746366,0.00260490542169531,0.00958325691670611,6.34013664322436e-05,0.0413479516185286,0.0420517868152941,0.240907019778936,0.00384559029467886,0.0299139895914454,0.0133834221530197,0.0815900866191545,0.0363603095392173,0.0287297686247853,0.0209471531212646,0.000256295253494728,0.00279519717525717,0.00125255141014267,0.104363442390281,0.0057234601018095,0.00132180014781764,0,0,7.926796985271e-05,0.072636325915093,0.00614002403342754,0.00308009670897648,0.0272074336203248,0.0102722016297284,0.0526041028309307,0.0554254756274639,0.000259034920140612,0.0501666616951188,9.43389786907913e-05,0.00239761186264669,0.0203354804390735,0.000275833159754586,6.54995497385502e-05,0,5.40350704454899e-05,0.0307242856056215,0.000814149196666857,0.000185624973443425,0.000496281376424635,0.180346727022419,4.89373263772011e-05,0,0.000230470178887957,0.101685915033238,0.00144800219955256,0.00218705485163679,6.9311534306109e-05,0.00036914378653636,0.000228033649433362,0.00442966669976731,0.0045215320718239
0.00851004223296116,0.00541238755890139,0.483959542570416,8.80853165929022e-05,0.00092638776263744,0.000836420919486534,0.0178237471236343,0.0169203735596175,0.0388211108106414,0.00143092824300434,0.000922142375157313,0.00628473443525169,0.000429729705354214,0.0655038115614427,0.0178996713688326,1.00217222217335,0.398636338083311,0.00141903370914066,0.0195879985302023,0.000793394626605688,0,0.0915411589628547,4.42163994306729,0.0661297101861377,0.00147783181312061,0.0681787440352876,0.170609023098406,1.0520368611728,0.0908906628722472,1.00996589481895,0.00012978911143254,0.000665834171569636,0.0280311785238656,0.954279127045607,0.686646924996318,1.16985098817358,0.0799825701210155,0.721673453089944,0.592950591702398,0.0239033206406262,0.0455890015309362,0.0268829153176103,0.0563754830926054,0.00482606154554725,0.0139631591430984,0.00718189069521772,0.00492747757215643,0.00860544546501598,0.00629061769082719,0.00196093400912404,0.000302277637668789,0.00093769900201758,0,0.00049381287981683,0.000170905886758232,0.0162091736847509,0.00642937174048828,0.0323281814008361,0.00024181777441271,0.000196658290930062,0.00213496091013832,3.84275506901741e-05,0.0143363969758641,0.00258763138649634,0.348317385872902,0.00207120149941435,0.00017361143836565,0.00025088955138374,0.000144381862893307,0.24452271210734,0.0596981039429716,0.148558680049783,0.282033378645225,8.24395649992226e-05,0.000703868547012224,0.0717955060999658,0.23368434965955,0.0106283064876141,0.171079115475406,0,0.000598931152891362,0.00242825570355905,0.0130029596789449,0.104981084327167
4.04019994444609e-05,0.270181455640312,0.00530727236401849,0.000742807378102115,0.00294382950521753,2.75885816236556e-05,0.00110697617154676,0.000427853956588531,0.490344410116965,0.000458340499625838,0.00266546880008401,0.00120752104329122,0.0421085514350659,0.000579029932506144,0.00439128634357632,0.678528356897239,0.0224289085366924,0.00029309356187495,0.00127503886320922,0.000616257441249299,0.0915411589628547,0,0.078585666488416,0.980896926582059,0.109719545936335,0.00411803022948986,0.897244503288193,0.0560980567251685,0.00018698592795282,0.00259121689758581,0.0144960209193317,0,0,0.00510549096342746,0.010572471304784,0.054976284504536,0.0112717612129745,0.0189380350447473,0.0148459808068649,0.0130081971763374,0.000837073577917343,0.00334005463191529,0.0134672016103161,0.00396440912877169,0.00312309967570928,0.00186069935365062,0.000550462065500188,0.000436187218694949,0.000644416532778166,0.000261029550264967,0.00401423605633376,0.0201087587004524,0,9.23084946731207e-05,2.55693202588916e-05,0.00171847819864198,0.000388739868334991,0.0084685310191498,6.571816602788e-05,0.00189291516120105,8.85366065003158e-05,0.00295616114038965,0.0010628617265113,0.000292518685807944,0.258458148175812,0.00172880401147631,0.000162735034455728,0.000224439600071943,8.57345960104347e-05,0.0470154200405715,0.125924688428561,0.114331348230114,0.0767586659933528,0.000695802136343764,0.00327463652678955,0.366611240325026,0.0238251684905058,0.000681523204426564,0.0184610687785732,0.00133608255173714,0,0,0.00115112825308713,0.00562781067530355
0.0384307901558313,0.00388954139960404,2.44394669400507,4.12257638558984e-05,0.00098939841371194,0.00176576443668053,0.0855545305117058,0.0909177254864258,0.0167458839824307,0.00350101400258993,0.00295201999478453,0.00370576302913167,0.00052644951307041,0.275815152594212,0.0111746454638236,1.07105272101016,0.489396674935593,0.0040353675850137,0.0438592421652101,0.00158379709685101,4.42163994306729,0.078585666488416,0,0.0355021381766774,0.000996788721848596,0.125466437257371,2.64823322551201,0.238365316040735,0.159982580440602,0.815316561576028,0.000396971015524519,0.00145788489357529,0.0266754103735495,1.47622443495466,0.803999835890046,1.48735959712416,0.311398316825728,1.72162726764496,1.32780542764254,0.0158882693312028,0.0439458317356033,0.00882570803705248,0.0398571203643627,0.0103058167569379,0.00440175201817553,0.0124203642397899,0.00115731544108514,0.00237414813009571,0.00164119877862905,0.000343245818906009,0.000481769281955325,0.00550250267652631,0,0.00150000275275031,0.000107713747940612,0.00464602391796023,0.00199655543809312,0.0043459860109484,4.99774431422233e-05,0.000144935794700974,0.000826581900399005,9.39486609486581e-05,0.00398403017474245,0.000710507578535543,0.499840975049674,0.00185987866743081,0.000220251691827667,0.000634069484607047,0.000131705363720918,0.10158206402388,0.0623010108382902,0.324172149052758,0.0546628089783742,0.000149034353582013,0.000966095576601141,0.377147648368096,0.040935412603196,0.00165894255005559,0.0491223898089688,0,0.00011877553584609,0.000241214152069145,0.00260438090963753,0.257014894195283
0.00183719380677718,0.184419498419697,0.000605809179930651,0.282828351760125,0.0455917506300135,0.0137552147786219,0.13502849854748,0.0963308635457345,2.83745565775653,0.182334150457143,0.00383520616171827,0.0755148499374272,0.0183524079863588,0.0402201878481908,0.0838920628405711,0.455180006919145,0.00200031001952351,0.00106247212219429,0.00231943816898991,0.146776743736021,0.0661297101861377,0.980896926582059,0.0355021381766774,0,0.0768286621113885,0.0027003023280473,0.318154293483335,1.83874516385694,0.0398206795009971,0.0121864811777667,0.0073176536025333,0.00214359485335112,0.00562676988506521,0.0387115144117848,0.0683735162603736,0.212403150619895,0.0114787850022007,0.0272096369434706,0.0170252742056855,0.200771515347145,0.0245176049515308,0.0151503286025985,0.178333744972618,0.00298333301895617,0.0346561230665831,0.0108708186149247,0.181935725268128,0.0396847160451213,0.00377835418446619,0.00286807556125629,0.00362090648633133,0.000959594082028016,0.124245142316764,0.00987086554252395,0.00719214026668647,0.184214802515742,0.0505285634023333,0.445519542349189,0.108852074734786,0.00124369279889298,0.0542582546056779,0.00099765216030711,0.0323128448095056,0.0506280590996674,0.154672642138144,0.00198552497240454,0.000162229328284359,0.000242606259475869,0.0504521433818415,0.125298581852807,0.0672686695448855,0.0603153689935321,1.23498200090032,0.00089778959694184,0.000634935987939918,0.0290412912228998,0.94804981920415,0.0273891022937606,0.109823814588568,0,0.00116958228013328,0.00488259798342559,0.039672238106431,0.0390526301962818
0,0.130451159068843,4.14642000465631e-05,0.000189351826417113,0.000626384117154038,4.78084595260501e-05,0.000119483162256289,0.000137060462111843,0.0800619928204129,0.000164134848756319,0.0254456262389314,0.000413789906417912,0.40348823221821,0.000141363123361373,0.00151685501862251,0.00801666511321352,0.000220624111160147,0.00150190801829169,0.00133116327619682,0.000216359461201525,0.00147783181312061,0.109719545936335,0.000996788721848596,0.0768286621113885,0,0.0164099126361523,0.521395441726659,0.00305444375817019,0,0,0.0362133930537678,0.000149463812680459,0,0.00115523520375016,0.000352904465096092,0.000798671137889264,0.00185532163302445,0.00219462393650106,0.00035737945561254,0.00393780059541961,0.000179970708309865,0.0229359156949086,0.00710555704482569,0.00565076414527467,0.00339027907044728,0.00383543863747978,0,3.69609160407066e-05,0.00538354336997668,0,0.0379403865045106,0.00135406658762514,0,0,0.000149424081559372,0.000277979526842916,0,0.0021871477433936,6.511878808822e-05,0.0597519090432047,7.37285566526888e-05,0.19326931919119,0.00011289589876284,0,0.00161391537364132,0.00107000224072922,0.00595281978026284,0.0105824850825888,0,0.000162903208734691,0.00317771765824244,0.00102954794056412,0.00358847515019553,0.284019297215225,0.114037584980826,0.290206666314776,0.000126750506340063,0.000524028081594026,3.77525249547005e-05,0.0704712184251624,0,0,0.00460832599380879,0.000245887758239222
0.00207556284225888,0.0177805064683803,2.57289967071004,0.000717225834492668,0.000448304116707975,0.00446824462906001,0.0127510520546814,0.0197988063586582,0.00428570851627767,0.018577419188352,0.461857997161949,0.0218072916765496,0.0130338907467169,0.0259125428182359,0.00158405791366361,0.00310142032975066,0.538505293484065,0.461952364025098,0.695065972038028,0.00699721585375209,0.0681787440352876,0.00411803022948986,0.125466437257371,0.0027003023280473,0.0164099126361523,0,2.68721170566388,0.0120495389711019,0.00786680300955169,0.0223753750383575,0.0755894399007036,0.00356510453959989,0.000390893913780183,0.18809886568168,0.0453533343011043,0.264564061812792,0.396414030885111,0.198202601357618,0.185440197841599,0.00121374157963349,0.0040786631340508,0.00484049566360113,0.0600458644454658,0.0301021814000165,0.0217786375859337,0.0359725643624424,0.000586934485086119,0.000469647641092038,0.000418198141269362,0,0.0358315975705214,0.025623475462519,0,3.72997187810778e-05,0,0.000526405263590169,0,0.00351853384033184,0,0.077015597152154,0.000206882491098792,0.195721953365781,0.000236677447425282,0.00038814248418076,0.000670925123830691,0.0313407604779232,0.042247038661826,0.0561074730294032,3.28976308005452e-05,0.000324085093853563,0.0027430552687604,0.0031992911851809,0.00175835277715659,0.0615293255690602,0.687319117009084,1.40471256854241,0.0010906374690347,0.000145616210125494,0.000956483628366344,0.189589984541296,0,0,0.015918391648833,0.0449363136765725
