0,0,0.0386287562156743,0.000397804992586076,0,0.00328851815022737,0.292350075239773,0.054417897628617,0.000849657650864124,0.00651344770397454,0.00338909413794279,0.000822297870609462,3.18135612925888e-05,1.01094442003323,4.40263961103559e-05,0,0.0603870010788614,0.00120302457738072,0.00367473466394126,0.000308417525560856,0.0144331836216813,4.22788180804253e-05,0.0316798227033502,0.00529306820922643,0,0.0246329998781848,0.00887416430037081,0.0132551795026767,1.19577227398553,1.28291771620222,4.90349003273249e-05,0.00228158555873662,0.00278773207100988,0.0205182101627799,0.000337570375778675,0.00490816508442431,0.001497446900644,0.00930190028600961,0.00334179190871626,0.000387815629162788,8.84500343817473e-05,0.000100146462328434,0.000127301477851867,0.000295305432652831,8.37246228986978e-05,0,0.000173767458972931,0,4.23359112221002e-05,0,0,0.000278899784450233,8.39746839416027e-05,0,0,4.95116555607318e-05,0,0.000177284187270105,3.8720365691185e-05,9.93862486338615e-05,0,0,0,0,5.1671396856308e-05,0,0,0,0,0.000149018855014443,0.000210515681599975,0,0.000948465608174801,0,0,0.0010311877953735,0.000822420735118389,0,6.07800748962164e-05,0,0,0,0,0
0,0,0.0181174051596558,0.000240104708337485,0.000302377355815172,0.000583676968739927,0.00115229626918226,0.000996200665673908,0.154856556382079,0.0013439275478974,0.0624387650595501,0.00193599061403274,0.3143058922182,0.000837203169565201,0.00422476177473306,0.00771597019454867,0.0149743001255053,0.00136127622238577,0.00410346779499293,0.000625473826352656,0.00203910679860771,0.583403880622241,0.00589651799186825,0.379968854551992,0.308637249075106,0.0184293300520303,1.94331778453668,0.0115404438049356,0.00102150728719175,0.00051387343875736,0.0179197804165489,0.000477690780712366,0.000264618240399956,0.0137583734195119,0.00237303954346598,0.0267708200865224,0.0244761407864472,0.0170127207971191,0.0102077872648153,0.00121714410709619,0.000171206149161458,0.10769505821725,0.024193845442822,0.0191411993251401,0.011243239771581,0.00660164070581496,0.000272965514005422,0,0.00259668559299588,0,0.250692783039464,0.0143954631032485,0,0,4.98587505626678e-05,0.000513074378592074,0.000377179433161318,0.00288297221444785,0,0.00339960336988806,0.00022178846131146,0.0175174160838354,0.000193869920702577,0,0.00160104168042899,0.00974372173769828,0.000903057633449436,0.0124943899663031,3.3090363304317e-05,0.000904071177051366,0.0166872520382193,0.0035557486300841,0.00682220724404722,0.00175974758985937,0.064618122042397,0.353472648794139,0.00148728236237526,0.000267441138750315,0.000454266302170157,0.00562557974084258,0,0,0.00320466113973588,0.00276627480813682
0.0386287562156743,0.0181174051596558,0,0.00108571442483783,0.00544346759387076,0.184182734035127,0.34611939310342,0.673609720709045,0.00571900642714977,0.0558827835490573,0.0282337801042968,0.0026677242037332,0.00451540956034183,0.381819436950354,0.00594373950877726,0.005009436498245,1.52492141888015,0.0205572977044505,0.153095138501712,0.00140687002907842,0.537261141086049,0.0349035172528901,4.05362396739752,0.0264155266562998,5.44006406807899e-05,4.6491233665215,3.73779507010203,0.180575955714914,0.0760980037572151,0.697880731360219,0.000314446094098091,0.00679001616718411,0.00960778250524966,0.220069405649161,0.0450332047259805,0.773359803641192,0.347156735895554,0.371403415943496,0.371335381353984,0.00697166409004211,0.008978654394629,0.00187247422742039,0.114916790392572,0.170287774919151,0.0422128318384937,0.0401233289027497,0.000957057765939827,0.000295284387743175,9.79526772129538e-05,8.5854918898344e-05,0.0787030671747995,0.364496993599457,5.9017252560854e-05,0.000213935163305998,7.05245059633255e-05,0.0044662669349125,0.000990225371405487,0.00211519741809368,0.000113042220482827,0.000102555782700777,9.57199945950509e-05,0,0.00177458056837856,0.000165494198355675,0.0213939229087284,0.0822291776913125,0.000259712772037983,0.023755981429267,7.72899837148189e-05,0.00940982121085882,0.100836386849768,0.129186357312153,0.0112769164920536,8.81199215984344e-05,0.131395599815965,1.32507008163221,0.00864790049145431,0.000120029541577398,0.00335417526598871,0,0,0.000194831304228008,0.0218799233810279,0.0275318388686719
0.000397804992586076,0.000240104708337485,0.00108571442483783,0,0.00326205331304848,0.0115574140707985,0.036995589184388,0.0157855588168851,0.23315117145034,0.447708806310719,0.00444390525691152,0.470348485473127,0.0059168128261292,0.0164117918703193,0.0387374104293215,0,0.000656193687404395,0.000526633920357227,0.000811544539825916,1.53704584438116,0.00101404295287013,0.00130892677572102,0.000402431532968581,0.22806503974011,0.000102249955340624,0.000618710900186599,0.00155347435565114,1.83918722686205,0.0216028493636906,0.000686303628813923,0,0.00519830632645726,0.000757408149838149,0.0114062816865358,0.00759242412029564,0.051465805102373,0.00392643374247819,0.0292399196120024,0.0125192369735715,0.0241023655396548,0.0064007624474591,0.00376716354142338,0.00994821641479433,0.00360740174624831,0.00900807382315278,0.00186597048563272,0.0973827541969432,0.00116105316297323,0.00297494992342829,0.000114847121297121,0,0,0.170997902494218,0.00241658110715747,0.0220668893664479,0.0170414384035635,0.00876878034037292,0.0101353140733632,0.0551585189772552,4.51488186979294e-05,0.072280601843183,0,0.00312073694883495,0.0249832893800336,0.000137739917476774,0,6.48125835084915e-05,8.74790115335584e-05,0.0726906304354424,0.000341600556778014,0.000175796448525489,9.4333763589263e-05,0.15813489261774,0,0,0.000239260961405933,0.208964207364105,0.00543415849446505,0.000504863436196446,6.82223465090991e-05,0.000139082496525944,0.000399768012314737,0.00905448617561817,0.000905463489335775
0,0.000302377355815172,0.00544346759387076,0.00326205331304848,0,0.219795868443934,0.015110331555241,0.0154790287897941,0.0190790792709767,0.0243839789805776,0.00315187691992342,0.0505007972596273,0.00186758786192805,0.00237843339095056,0.541197258951455,0.0126197394189245,0.00599037664174408,0.00116861257220327,0.00326553954139441,0.00728034168453097,0.0799047401575291,0.00106976359673918,0.12872605048018,0.031361797194171,0,0.00581528630196154,0.0206565476672361,0.0601274546843692,0.00271688516939163,0.024104291541549,0.000245020215770603,0.0230668731544438,0.000558743264268636,0.129964744469865,0.275811305806868,0.0518037649124613,0.036462190347628,0.00848313683752477,0.0408400016375059,0.734790604933768,0.463440121877218,0.00289453405193299,0.00791150000946522,0.00412287297363013,0.00370767519531369,0.00917817114967704,0.00925408426386953,0.000216675044406653,0.000644443267909884,0,0.000429810693932176,0.000849942991828322,0.000743142068395615,0.000556086854032874,0.000939988543923497,0.00240910763815999,0.000356047290469408,0.00210693085397064,0.00164446498097062,0,0.00165090429806113,0,0.000312890420808792,0.00184707897516489,0.000998194930983781,0.000340772462405563,0.000723826436231732,0.000839514458025098,0.000905163788615763,0.00537723404377341,0.000427709945291877,0.00462528376920372,0.0157478088106298,0,0.00308803435847461,0.0037195936678952,0.0143735144617224,0.00109934513032079,0.00200720479085862,0.000150056584811211,0,0.0001816900750494,0.00142626981536507,0.208942023341657
0.00328851815022737,0.000583676968739927,0.184182734035127,0.0115574140707985,0.219795868443934,0,0.823388296716836,1.90845616065796,0.075883169758248,1.57853369946918,0.121190649725621,1.15765608743918,0.0291917554430401,0.291822714042436,0.752444692331099,0.000105560220684707,0.0387537095218988,0.0158740881602123,0.014721957134538,0.0559745651318407,0.0435275614978552,0.00072535747821629,0.0830803181024945,0.0301771404370281,0.00185256528643549,0.0802180472805905,0.0240428267061746,0.0612606743978553,0.178645227139132,0.265691912648516,0.0032962485298571,0.216075507018156,0.00239896095248401,0.132065528989708,0.330856976044693,0.456168981201264,0.0403432633253816,0.10803695781984,0.0421156247430504,0.862298023568107,0.0718666301101738,0.0367502073380836,0.00961992760397939,0.00646547365931333,0.00390318151579857,0.0020750882556358,0.0376648929149268,0.000655603250534534,0.00647716462403208,9.04397323536873e-05,0.000326186817567945,0.000134187781679035,0.00479545680693805,0.000515662862788439,0.00259636189036221,0.00770291544427067,0.00137658848787815,0.00534120199731142,0.00434805701679736,0.000279365888231993,0.00939355158484072,0.000441998965487481,0.00121568250792682,0.00689016582749963,0.000612937535554468,0,0,0,0.00513156996943921,0.00208139847667873,0.00121464559747249,0.000731301577935219,0.0366441191121546,0.00013290445894897,5.09115914154053e-05,0.0011727499339664,0.0399964265042004,0.00106031647357195,0.00129967489987135,0.000125912564846277,8.7748337046504e-05,0.000464783001755476,0.00819204837326556,0.0313882537245217
0.292350075239773,0.00115229626918226,0.34611939310342,0.036995589184388,0.015110331555241,0.823388296716836,0,1.15912277595267,0.111183468670539,3.54684782136313,0.0796974670533818,0.024236211516619,0.0196497097140491,2.4181769498068,0.0324060223181641,0.00246392460402578,0.033384805419378,0.0175259232015104,0.0201566781883844,0.0170774555090752,0.51384166395465,0.00454292329759151,0.241746537255697,0.723688861169355,0.000836008554120362,0.0762024188462019,0.0641321778920933,8.56004128801069,0.504350789042562,1.62284328580103,0.00258740014111698,0.0282677923270682,0.052957115624325,0.141535994257532,0.0783274245133496,0.332726527564246,0.0398462306765368,0.326850303238579,0.116111207431798,0.048331678516177,0.0413109480505836,0.0166384403449157,0.137421587209065,0.0219159112652162,0.0773234866042811,0.018468796112895,0.050455599838897,0.00841347214214087,0.0105281853855577,0.00105784579607516,0.000973239277207558,0.0115895633413518,0.0223598083012426,0.000897504842037857,0.00924269736308187,0.109922247127119,0.0244912218981448,0.0392410812403098,0.0221837877838245,0.000839129239501655,0.00708394684246034,0.00114498608180702,0.0270033879303047,0.00600205014794826,0.0180674264959181,0.00115648378660977,0,0.000257634193840027,0.0121368836310848,0.039791938475402,0.00692146732245147,0.0253995245762864,0.477186805888478,0,0.00144020760415524,0.034767407651082,0.446912401469828,0.0708466873502729,0.0227064762159732,0.000975063167487677,0.000999606014431714,0.00919590004725158,0.0624765539888236,0.0191173463134942
0.054417897628617,0.000996200665673908,0.673609720709045,0.0157855588168851,0.0154790287897941,1.90845616065796,1.15912277595267,0,0.0262296275738034,1.02250727883438,0.085017947758618,0.347270823460899,0.0262651826523998,2.61627818881252,0.0472782156294367,0.000506460311920345,0.363848949015358,0.011439750413104,0.0384019452178435,0.0762534758056922,0.120518870272533,0.00190466571253717,0.317461541155378,0.0637527197967446,0.000315414043703377,0.284158824849336,0.0802996741203583,0.16223227790935,0.295334002533819,1.53113289362625,0.0029450494983691,0.24030402636939,0.0148851462164355,0.13906340854765,0.010538014041625,0.454117794862661,0.0391246029896718,0.107002645087861,0.0451743906361359,0.114178808990773,0.0266953399905538,0.0269388679087472,0.0188972283468166,0.0079569631253694,0.00763382162360162,0.00229462630364567,0.00743091013722629,0.000902677725058794,0.00537739940919041,0,0.000911883816960454,0.00179878872953117,0.000916487704934478,0,0.000453011491989791,0.0222301510693019,9.28816336369515e-05,0.0112174402971608,0.000785450671983361,0.000379440962870121,0.0011127404492122,0.000966794649984239,0.000845157394115031,0.00105042733642459,0.000828997446579337,0,0,4.75661850696802e-05,0.000500031413803697,0.00272230967559278,0.00208878615003347,0.00196973359917909,0.0896801337301246,0.000100738827062845,9.87117795503142e-05,0.00885141230067551,0.0702817948076302,0.00236856538660079,0.00236600300512344,0.000112079841839075,0,0.00119530782605231,0.00791263822636664,0.00122485266500026
0.000849657650864124,0.154856556382079,0.00571900642714977,0.23315117145034,0.0190790792709767,0.075883169758248,0.111183468670539,0.0262296275738034,0,0.150336094614532,0.0124150384744969,0.429662194324797,0.0407070067220181,0.0192928521676245,0.14391010364675,0.0156412693736726,0.00531438986383886,0.00138625546982199,0.00234204212095052,0.129124674543031,0.00529154815039963,0.453835476276928,0.0105696679615572,3.29993965342517,0.0526358647155332,0.00513587023008674,0.69744116655904,0.663793325486109,0.0375418818571078,0.00858343862903416,0.00302722661588698,0.00612842567245603,0.00474639970214725,0.0125539522176674,0.0230527040332479,0.0719724000938622,0.0124914545969018,0.0298853509246704,0.017737550420351,0.0969633595992525,0.00532825642937422,0.00862518869624018,0.0520060920801016,0.00665724315174133,0.022143942551694,0.00605777354469448,0.15981022568703,0.00249895721148312,0.00258856677133977,0.00110562876951367,0.00459568903825522,0.00387148027813196,0.0894924968166545,0.00519674859488904,0.0414491023625457,0.039511752212761,0.0216795283731079,0.335892433979775,0.0590015945045033,0.00227555298704535,0.161566286238771,0.000842859121575952,0.0190500319033008,0.0566889463245732,0.119793112365509,0.00157862719027966,0.00158742622208655,0.00117175425713271,0.0663421883891004,0.0492724914603442,0.159830482250345,0.0484737696012658,0.570895566486944,0.000417493210090399,0.00478412915679931,0.0235887921304885,0.246461166419117,0.030005790792372,0.0225950211666843,0.000171585399810075,0.00128633571018934,0.00450682002220452,0.0194796719160131,0.0159469022746647
0.00651344770397454,0.0013439275478974,0.0558827835490573,0.447708806310719,0.0243839789805776,1.57853369946918,3.54684782136313,1.02250727883438,0.150336094614532,0,0.280740061118346,0.768290728658715,0.062659926386523,0.543923203449807,0.09076053172825,0.00130020907428235,0.0250624375643474,0.0398650457982069,0.0361450822893431,0.264009637656506,0.0436907599951029,0.0012607812645185,0.0420953857913456,0.110153992816053,0.00255955630242437,0.0519468789876884,0.0279089202585804,0.953023785093944,0.528625918868365,0.0617887899544153,0.00371861564803272,0.136973350969527,0.0118308946350821,0.329284343272815,0.132294604539459,1.08025109294721,0.106398330520465,0.530382535179511,0.230813465023053,0.253639622551564,0.144458365134132,0.0663308924098072,0.0277572464250532,0.00947119191257626,0.0202188120182741,0.00307831532418788,0.103506793257431,0.00194713719232857,0.0090220427753064,9.97503938966989e-05,0.000326944408799708,0.000770320445101261,0.104352057231269,0.00258105865464717,0.0218921120835176,0.0673959010363635,0.00913908397089869,0.0196541746398452,0.0616018514609108,0.000236884925048054,0.0655456064596742,0.000885614499268234,0.0027426373941198,0.0228827406762993,0.000894124830523432,0,0,0,0.0651464929658801,0.00286485798778117,0.000679979997771978,0.00106807017185747,0.36754624740601,0.000105386613646746,6.00976958978176e-05,0.00209084655527294,0.422351655329737,0.00638765823044479,0.0015986846533826,0,0,0.00118498396962404,0.0164528961681077,0.0487037446458372
0.00338909413794279,0.0624387650595501,0.0282337801042968,0.00444390525691152,0.00315187691992342,0.121190649725621,0.0796974670533818,0.085017947758618,0.0124150384744969,0.280740061118346,0,0.118718565084746,0.885247884796479,0.103691665771899,0.00763991058249592,0.00288132581528574,0.224498881897395,1.74460691953228,0.874507763613261,0.0418952573844123,0.0352805272210872,0.03305445639611,0.0904234022465891,0.02388211982927,0.0855640319866535,1.1804852201801,0.317536225033364,0.0442101899505866,0.168628456478935,0.029856007156325,0.267593228174737,0.0837167911615894,0.00737925317950845,0.936921496606138,0.0209317562856683,0.466903679088866,0.895913872533973,0.887055943611674,0.268483399110996,0.0138008797227743,0.00852583598394423,0.325611050040595,0.00231766308295637,0.19113429178503,0.00282776485317528,0.00153331085999786,0.000754507595402598,0,0.0759277837731439,0,0.036626275441432,0.00176602838261694,0,7.45459066736699e-05,0,0.00128806021905184,0,0.00402611304069936,0,0.196529455031505,0.000264757902846337,0.566395200172772,6.91334212750197e-05,0,0.000219674146741927,0.000225205742983818,0.00286890748995245,0.00123902824454248,6.63625809377432e-05,0.000219562781378031,0.00867729807273656,0.000307640984554589,0.00925435160198092,0.0311725348867571,0.128713620556473,0.285997933646872,0.00384525163838178,0.00141453137131155,0,0.305152416999252,0.0010706264805615,0,0.00972196736821715,0.0115777462886211
0.000822297870609462,0.00193599061403274,0.0026677242037332,0.470348485473127,0.0505007972596273,1.15765608743918,0.024236211516619,0.347270823460899,0.429662194324797,0.768290728658715,0.118718565084746,0,0.023747659558112,0.161319038500255,0.524473983301181,0,0.00393323446612984,0.015038950575605,0.00709440062561899,0.873268351445833,0.00167734940581441,0.0025809780245474,0.00457230795084089,0.102355656388979,0.000850232585434913,0.0142245243744162,0.00916169431224078,0.116568153638635,0.131701316397619,0.00431346824061603,0.00207370413961083,0.0952163841574089,0.000669195140732825,0.117638075805069,0.397907282887653,0.311285769488335,0.036445489886409,0.0835630490072375,0.0333573852175802,0.4206308402217,0.034625831115877,0.0267146660955584,0.00440926167551011,0.00470460309969306,0.00243567835195899,0.00107817746388942,0.145016840966731,0.000215559808784724,0.00453549371869862,0,7.30036036920548e-05,0,0.0576464010633401,0.0025053135850364,0.0184196945084542,0.00206396230832577,0.00600870380672068,0.00599211595547229,0.0239223114674744,0.00032637756275475,0.0869959457729182,0.00045327193231523,0.00286706144057035,0.0311522587839684,0.000236920134091973,0,0.000115709290675521,6.05680608272553e-05,0.0397793862230194,0.000264825315733552,9.6201130050123e-05,5.41999273002148e-05,0.0340030445626035,0,0.000172602881358862,0.000113431359942556,0.0461741086594981,0.0032360826215753,0.000105837158427537,0.000118440388652086,0.00016707608776778,0.000161358775797486,0.0040639410149002,0.0755711016141969
3.18135612925888e-05,0.3143058922182,0.00451540956034183,0.0059168128261292,0.00186758786192805,0.0291917554430401,0.0196497097140491,0.0262651826523998,0.0407070067220181,0.062659926386523,0.885247884796479,0.023747659558112,0,0.0069107013187936,0.00950329774664015,0.0015098513623631,0.00210519362403721,0.00652681730571985,0.00271210070855141,0.0113904549392018,0.00549131670156866,0.149971248178852,0.0253560046415341,0.0776410997233871,1.13011596254063,0.0154278087542259,0.476675205736569,0.0398870837338829,0.0143511124431556,0.00476683741101712,0.243757234928869,0.0269199315045512,0.000224239344175458,0.14703906706863,0.00893354962196588,0.227405704279888,0.309854339003538,0.13913944354399,0.0918143247731352,0.0653664564113787,0.0174302240065893,0.764106912345577,0.00575665962908864,0.205959816383213,0.00589774443125368,0.000757189878714681,0.00845545706861079,0,0.167025053674747,0,0.0689496823704233,0.000599192317752242,0.000484919949579835,0.000163423490381241,0.000864475575029254,0.00161831990847855,0.000467995402457714,0.00378360230353475,0.00047486680786103,0.275398408251635,0.000513141601527929,1.0104338759967,0.00125849294032752,0.000326759223234057,0.000249833316739797,0.000163695302272439,0.00362111013049721,0.000932554936360717,0.000817425762809515,0.000945823322381973,0.0105785003340805,0.000360213913247287,0.0128838662012887,0.0902621295499439,0.160834566166803,0.551537380829644,0.0100550175196732,0.00290187308923423,0.000161377980730533,0.428308567681836,0.00292708912096381,0,0.0204870847357285,0.00406456782036782
1.01094442003323,0.000837203169565201,0.381819436950354,0.0164117918703193,0.00237843339095056,0.291822714042436,2.4181769498068,2.61627818881252,0.0192928521676245,0.543923203449807,0.103691665771899,0.161319038500255,0.0069107013187936,0,0.0112416099463839,0.000917044103654624,0.448284576919817,0.0188761381890455,0.0545972340362075,0.0491943743362664,0.118203285489936,0.00249387791778088,0.237063361471769,0.075049331361562,0.000306581846956014,0.192369079260557,0.0825480071852168,0.203475421757323,2.34325301159518,2.79734215714032,0.00235992530155599,0.157616991969163,0.0189424469031796,0.198617252476203,0.00516227598388732,0.137234167825341,0.0235199376740492,0.0961524237911647,0.0314812850596761,0.0230983613914284,0.00580654575249285,0.00741243409857988,0.00652756934300065,0.00323802236233949,0.00294880925100356,0.000819230672129095,0.00236515836230189,7.12769628381729e-05,0.00118336964956105,0,0.00103106979305237,0.00194134034460515,0.000776510064041019,0,4.05334457543493e-05,0.00929486156180889,0.000108868070527911,0.00598090828938604,0.000654908397118449,8.10953501915932e-05,0.0002837191623196,0.000859442357289791,7.76293871042132e-05,3.67972159025073e-05,0.00140859121520967,0.000191392767848969,0,0,0.000367093072635233,0.0019514993487686,0.00173584062068671,0.00164900234060704,0.0469311208316275,0.000281791912983656,0.000114740635131598,0.0100827793305642,0.0330821281955722,0.000783230251151025,0.00108747048547178,0,0,0.000333503307359219,0.00125518995267213,0.000512952517706752
4.40263961103559e-05,0.00422476177473306,0.00594373950877726,0.0387374104293215,0.541197258951455,0.752444692331099,0.0324060223181641,0.0472782156294367,0.14391010364675,0.09076053172825,0.00763991058249592,0.524473983301181,0.00950329774664015,0.0112416099463839,0,0.00368147972333908,0.00277615265310109,0.000444014122611881,0.00208290544587225,0.0526220247715393,0.0315576579156974,0.00842729079173684,0.0337435116121316,0.153857113887417,0.00138008310243488,0.00494425413614005,0.0266859335935253,0.102203912332985,0.0106968496736589,0.0145737042739767,0.000245100431946516,0.0802101301532578,0.000690172257598937,0.0123110599702835,0.532441638860913,0.07935568853486,0.0296898279054764,0.0141954288186317,0.0313523290289291,1.25110987261852,0.0266294889883206,0.00996003337113174,0.0156176834704953,0.0063952686458677,0.00577897554865748,0.00795740256083071,0.0758993121168548,0.00106054529124856,0.00523997394910276,4.97563866251707e-05,7.65119486135244e-05,0.000194528087990284,0.0104438782243637,0.00161045817039549,0.0113064343862594,0.00663811498739451,0.00344770334663093,0.00393151265344262,0.0104291340069965,0.000497331433829069,0.0222238373497519,0,0.00263442324674249,0.0162767899259243,0.00114765808506489,0,0.00068934315393269,0.00065226339530468,0.00924532747214198,0.00342834119055927,0.00103658274003982,0.00212482481644213,0.0362307564000624,0,0.00176661995635986,0.00310813217064858,0.0474741748875225,0.00417805585952818,0.00109398176577687,0.000944842113037706,0.000286434063398838,0.000602529984288811,0.00718013009723693,0.0888904465927997
0,0.00771597019454867,0.005009436498245,0,0.0126197394189245,0.000105560220684707,0.00246392460402578,0.000506460311920345,0.0156412693736726,0.00130020907428235,0.00288132581528574,0,0.0015098513623631,0.000917044103654624,0.00368147972333908,0,0.0162855065500268,0.00120718234332204,0.0051531825161317,0,0.539767570969869,0.672892953426708,0.774161163247076,0.333465264331727,0.000494544841704369,0.0049099415917629,0.95278862255144,0.478080604447772,0.00191094717437714,0.0177642032980362,0.000142728868044018,0.0003334574752146,0.000594003657428026,0.014880030242275,0.0470200129395264,0.408390782068292,0.14655896395951,0.132159859378117,0.140747437997047,0.00525641913270414,0.00434145627790689,0.000670742192498446,0.0330001055368612,0.011289851402869,0.0145881303596717,0.0134953792519015,0.000960141283226605,0,0.00046998008798182,6.20125473636389e-05,0.00263005356596053,0.0114990242899525,0,0.000465086475986838,0,0.00227758943289757,0.000319160264429748,0.00319977397191166,0,0,0.000147321047075987,0.000150512706223726,0.000273215609069467,0.000313523083582521,1.0763838670267,0.00345694520042002,0,0.00124161155185551,0,0.1822832817985,0.278258489198019,0.714999320286343,0.107030689987233,0.000234423095882535,0.00306807358911932,0.140600695014487,0.0708311177347085,0.0026460701285702,0.00938978721667171,0.000112565981236696,0,0.00074899359092474,0.00553831105082631,0.0117261715116137
0.0603870010788614,0.0149743001255053,1.52492141888015,0.000656193687404395,0.00599037664174408,0.0387537095218988,0.033384805419378,0.363848949015358,0.00531438986383886,0.0250624375643474,0.224498881897395,0.00393323446612984,0.00210519362403721,0.448284576919817,0.00277615265310109,0.0162855065500268,0,0.0716852446093726,0.758802207869118,0.00348301725504219,0.409400932673973,0.0241605857874942,2.05397464648677,0.0277204092258069,0.000120669555752277,0.424755165549256,1.94029131439075,0.117718413719959,0.451133044900614,0.52337088361212,0.00106801316660375,0.00820351288761198,0.0778969910085985,1.02201568667174,0.0190072818300712,0.294148616845419,0.283264665646122,0.345568889115486,0.177804793319358,0.00320200666586995,0.00366477034007639,0.000720639987988472,0.0143033579113895,0.025331622530297,0.00533385564263016,0.00444768673204332,0.000278073476187587,0,0,0,0.0196539196655828,0.040624646341129,0,0.000374614780772925,0,8.30395845812559e-05,0,0.000696051289054155,0,0,0,0,4.93422529685497e-05,0.000153721614089012,0.00423318938642353,0.011568310457637,0.000106674041594267,0.00462710257048845,0,0.0027511701396355,0.0155538145766849,0.00864603434691936,0.00295183456662655,0,0.032982504176032,0.203633716466003,0.00154370481131315,0.000154918579827548,0.000225081486443281,8.04819263720512e-05,0,0,0.00196217856450051,0.00778806386034786
0.00120302457738072,0.00136127622238577,0.0205572977044505,0.000526633920357227,0.00116861257220327,0.0158740881602123,0.0175259232015104,0.011439750413104,0.00138625546982199,0.0398650457982069,1.74460691953228,0.015038950575605,0.00652681730571985,0.0188761381890455,0.000444014122611881,0.00120718234332204,0.0716852446093726,0,0.550346586140177,0.0066225705616486,0.0131147437529692,0.000879532588419914,0.0390280972315067,0.0026894204934597,0.00231300711145342,1.05914481246754,0.222455066967207,0.0109386735296943,0.0235368820072988,0.00886769204798251,0.0209095134803626,0.00885060047407776,0.00195250044346869,0.111821609185047,0.0152901822121954,0.230229466353257,0.261013661070093,0.382642197613354,0.158994062321116,0.0020349866487059,0.00148291200117052,0.00234533832989394,0.00159192681054175,0.0152970194745505,0.00100143645378113,0.000711662279993892,0.000192423940071165,0,0.000768623289234638,0,0.00262033182132303,0.0012108339796114,0,6.36090233391523e-05,0,0,0,0.000560757721124589,0,0.0052417255444622,0,0.00906871359487116,0,0,4.86552641057968e-05,0.000536163054315448,0.00129736232427836,0.000932234088667631,0,8.00290426379442e-05,0.000484143978427648,5.11647200310231e-05,0,0.000734420635972023,0.0482876299269435,0.0733193124722269,0,0,0,0.0142469008629531,0,0,5.5581009773612e-05,0.00681655938906759
0.00367473466394126,0.00410346779499293,0.153095138501712,0.000811544539825916,0.00326553954139441,0.014721957134538,0.0201566781883844,0.0384019452178435,0.00234204212095052,0.0361450822893431,0.874507763613261,0.00709440062561899,0.00271210070855141,0.0545972340362075,0.00208290544587225,0.0051531825161317,0.758802207869118,0.550346586140177,0,0.00524359400243462,0.0864040960958728,0.00390562730116188,0.2373577820798,0.00943377620653957,0.000709793739803731,0.980843596305995,0.649092297733943,0.0315520282733676,0.065679549036828,0.0557666416030499,0.00587010505960733,0.00547328292355567,0.0145635824350727,0.528485543586979,0.0222945319387301,0.395361546910366,0.287542319022723,0.462809665650786,0.20763228329911,0.00161628618998766,0.00239310076590478,0.000901323706401587,0.00887813561912924,0.0252026508072996,0.00331861613037139,0.00264633296738595,0,0,0.000106568519361019,0,0.0084111810168761,0.00955796736695231,0,0.000214148759357929,0.000161255164418221,0,0,0.000110766209109128,0,0.000658677264583111,0,0.001615144471744,0,0,0.000480176847104431,0.00367678808067173,0.00106468819278717,0.00439780295326263,0,0.000198542571069002,0.00237640912183106,0.00104051976832509,0.00029277570863396,0.000248627556536794,0.0837886767541015,0.135253575655237,3.91333001026512e-05,0,0.000146746203228235,0.00330290466650248,0,0,0.000806330749220252,0.0150794922799909
0.000308417525560856,0.000625473826352656,0.00140687002907842,1.53704584438116,0.00728034168453097,0.0559745651318407,0.0170774555090752,0.0762534758056922,0.129124674543031,0.264009637656506,0.0418952573844123,0.873268351445833,0.0113904549392018,0.0491943743362664,0.0526220247715393,0,0.00348301725504219,0.0066225705616486,0.00524359400243462,0,0.00113540830329001,0.000824636951504946,0.00299311480190099,0.0584780670203403,0.000594601048785747,0.00664767569013477,0.00465022982618362,0.346189552123121,0.0468814891395651,0.00152156335781604,0.00102097499244869,0.0212273063388168,0.000668553740196526,0.0354364003376859,0.0123308653707665,0.160123191762348,0.0159364421947602,0.037082438555359,0.0225655393575668,0.0612611121691158,0.0143210084469402,0.0118271108904567,0.00717538856256902,0.00343377159375787,0.0057946204870239,0.00148687005451977,0.0819619846829054,0.000659196024582982,0.00452440745137721,9.60777665644882e-05,0,8.93986061131954e-05,0.0561792582173851,0.00263639581223577,0.0173187468889215,0.0137916049960595,0.0059597743719247,0.00761561517980218,0.0393117638283313,5.81607023406029e-05,0.0608429631760525,0,0.0025790153053388,0.0224069044615942,0,0,0,5.45196749764681e-05,0.0354268566256696,0.000132410199839473,0.000100345123100281,0.00019575644957006,0.116579569998894,0,0,0.000182372626988589,0.1457905594262,0.0037897730294019,0.000550629908675552,0,0.000312810363398194,0.000290092883818745,0.00533133404966354,0.00126304357387841
0.0144331836216813,0.00203910679860771,0.537261141086049,0.00101404295287013,0.0799047401575291,0.0435275614978552,0.51384166395465,0.120518870272533,0.00529154815039963,0.0436907599951029,0.0352805272210872,0.00167734940581441,0.00549131670156866,0.118203285489936,0.0315576579156974,0.539767570969869,0.409400932673973,0.0131147437529692,0.0864040960958728,0.00113540830329001,0,0.0566738562823266,4.39217972867767,0.0450186722930395,0.000135007285713852,0.139721974394419,0.539563359595303,1.02661124172058,0.119504985520796,4.32961237191408,0.000581039170902372,0.00408760067590713,0.0319314308320418,0.810039580911741,0.242671163863265,1.71597028194044,0.309849363111418,1.46399619785158,0.789562571787277,0.0226418685077647,0.024441158328984,0.00214076214381874,0.0229161989697182,0.00886646684469849,0.00776752108002484,0.00686667767556042,0.00080207215312779,0.000171006575489044,0.000322690465098024,0.000198589945505262,0.00212293848319619,0.0201842477571586,4.92432117623091e-05,0.00119074305104793,0,0.00203943091516525,0.000446542173924744,0.00357952411889434,0,0.000194681163270772,8.58488858163356e-05,0,0.0013728377791965,0.000911130798736811,0.207039689681815,0.00303289646836818,0,0.000364400103850365,0,0.197998957226448,0.0797553701561621,0.169051092542721,0.0824348574749449,0.000229508753673434,0.00229679455306113,0.0886109381900159,0.0357312301207924,0.00769421041570633,0.014430141751939,5.85515938889981e-05,0,0.001789791561445,0.0070839061673534,0.0546077689087513
4.22788180804253e-05,0.583403880622241,0.0349035172528901,0.00130892677572102,0.00106976359673918,0.00072535747821629,0.00454292329759151,0.00190466571253717,0.453835476276928,0.0012607812645185,0.03305445639611,0.0025809780245474,0.149971248178852,0.00249387791778088,0.00842729079173684,0.672892953426708,0.0241605857874942,0.000879532588419914,0.00390562730116188,0.000824636951504946,0.0566738562823266,0,0.119230806838484,1.6472581701004,0.172459090883851,0.00790422852680593,3.04480852906497,0.0999834120556191,0.00289362662593425,0.00607367265499145,0.0138153124510968,6.62138461875916e-05,0.00031857593718946,0.0134714529785674,0.00366306783438563,0.0568885251143333,0.0278487669693062,0.0217795642837447,0.0187870606772787,0.00204421755619347,0.00112122239549697,0.0347556703920981,0.0238708130284193,0.0114815131106579,0.00894980501864255,0.00919703398315966,0.00139109820036828,0,0.0011575613381499,3.80549604061246e-05,0.0349236547535581,0.0131551195475998,0.000106146095886826,0,0,0.00395057085331678,0.000596172743196487,0.0196150416034063,0.000284903772714436,0.0019229318662709,0.000239380032557845,0.0053637367011559,0.000824039117872417,9.08388116562367e-05,0.287064280528958,0.00600670513567328,0.00027304279869318,0.00322006753888517,0.000347899409090281,0.0615119900765821,0.321382539890463,0.105210794418232,0.0820859183883476,0.000433649233854712,0.0209052184334546,0.285083165619799,0.0403468128642324,0.00277500137208223,0.00556372009581864,0.00181941851891756,0,0.000858202842446565,0.00506501255510778,0.0028261320199424
0.0316798227033502,0.00589651799186825,4.05362396739752,0.000402431532968581,0.12872605048018,0.0830803181024945,0.241746537255697,0.317461541155378,0.0105696679615572,0.0420953857913456,0.0904234022465891,0.00457230795084089,0.0253560046415341,0.237063361471769,0.0337435116121316,0.774161163247076,2.05397464648677,0.0390280972315067,0.2373577820798,0.00299311480190099,4.39217972867767,0.119230806838484,0,0.0912591314049393,0.00010650601118803,0.676450938331475,2.53545604085119,0.854919070293446,0.155335684156171,1.47582176417665,0.00160970839268536,0.00848170891361296,0.0417018328174317,1.34384613319361,0.455564195201526,4.08814847042603,1.56250636716455,2.84463785692209,2.40409903028911,0.0470166574884393,0.0462587935177088,0.00526673420884341,0.0738712910667461,0.0652915823623127,0.031217297185623,0.0359994970574883,0.00553043215474874,0.000434133728897273,0.00204957306185425,3.41744780892134e-05,0.00908848253603339,0.104238901269613,0.000145240285854936,0.0017114656964153,0.000192055808664859,0.00871441404686719,0.000827845655243396,0.00201692617827415,0.000395598667845726,0.000354470521238745,0.000206360849981904,0.00040842990490973,0.00136138777203084,0.00117051541987717,1.22297006437794,0.0168545214794612,0.000161425406198502,0.0044526554825592,0,0.183871789181202,0.213600680368442,1.15451368964781,0.0970822175123352,0,0.0141769292997292,0.757925563610205,0.087131111523428,0.00230792451203049,0.00664301663688361,0.000643225861136913,7.72225651574135e-05,0.000274003121893108,0.0123417547265697,0.128751135068404
0.00529306820922643,0.379968854551992,0.0264155266562998,0.22806503974011,0.031361797194171,0.0301771404370281,0.723688861169355,0.0637527197967446,3.29993965342517,0.110153992816053,0.02388211982927,0.102355656388979,0.0776410997233871,0.075049331361562,0.153857113887417,0.333465264331727,0.0277204092258069,0.0026894204934597,0.00943377620653957,0.0584780670203403,0.0450186722930395,1.6472581701004,0.0912591314049393,0,0.102296602963442,0.0160321036815012,1.47846810450394,2.17826974602991,0.17585966353017,0.346691420437456,0.00526974172007024,0.0128100644049704,0.0560204281166214,0.08902939557053,0.149380785770456,0.642408513772984,0.0949214492688284,0.259407291645252,0.144235490304136,0.0604932734867325,0.0269386406475377,0.0213244855057401,0.476906153893453,0.0363243226665983,0.212085920481485,0.0665075096438304,0.159939666031374,0.0223879793779322,0.0100369298153195,0.00582043199925721,0.00882769741201937,0.0317798436021593,0.103128379684766,0.00485055185025484,0.0360493309782895,0.362658510354277,0.0818311623403529,0.527580951617165,0.0963380271959411,0.00651765141546428,0.0575268238696638,0.00122691367411495,0.0999282258554949,0.036628589301323,0.299394388453083,0.00997864606702389,0.000108914889285565,0.00347481407513648,0.0583900824348333,0.378895043596414,0.25421830737742,0.148557139571225,2.52083073720027,0.000616192499536872,0.00712693512036592,0.0710083315861085,1.54559661515543,0.257591378426364,0.157049957367712,0.00058488851537168,0.00516811141441763,0.0415975231769657,0.154562550304618,0.0856509725059265
0,0.308637249075106,5.44006406807899e-05,0.000102249955340624,0,0.00185256528643549,0.000836008554120362,0.000315414043703377,0.0526358647155332,0.00255955630242437,0.0855640319866535,0.000850232585434913,1.13011596254063,0.000306581846956014,0.00138008310243488,0.000494544841704369,0.000120669555752277,0.00231300711145342,0.000709793739803731,0.000594601048785747,0.000135007285713852,0.172459090883851,0.00010650601118803,0.102296602963442,0,0.00810873775077403,0.365353559806808,0.00320185598907978,0.000668686022890807,0.000204957100924552,0.0374649585107043,0.000559072685288787,0,0.0226647467287213,0,0.00413991274468035,0.0213473341141301,0.0171155521000153,0.00171819001142353,0.000925108190968037,0.00065345102791071,0.234388905675339,0.0023651981018275,0.0114818565483874,0.0015033530072558,0.000749570419338942,6.02804291063547e-05,0,0.00727281595339358,0,0.0797729577270895,0.00014686615042448,0,0,0,0,0,0.00108568188928842,8.79942928719521e-05,0.0164267881446362,0,0.11908624170497,0,0,0,6.83790308654308e-05,0.000887655214773417,0.00169914806514859,0,5.19269296324253e-05,0.00430183921988636,5.95934118926525e-05,0.000617721069318652,0.100289164557926,0.0311482782965129,0.201282003955324,9.80327714797853e-05,0.000348051098009348,0,0.0297141804041469,0.00019385904527843,0,0.00263549892711997,0
0.0246329998781848,0.0184293300520303,4.6491233665215,0.000618710900186599,0.00581528630196154,0.0802180472805905,0.0762024188462019,0.284158824849336,0.00513587023008674,0.0519468789876884,1.1804852201801,0.0142245243744162,0.0154278087542259,0.192369079260557,0.00494425413614005,0.0049099415917629,0.424755165549256,1.05914481246754,0.980843596305995,0.00664767569013477,0.139721974394419,0.00790422852680593,0.676450938331475,0.0160321036815012,0.00810873775077403,0,3.43295617724668,0.0591212636147923,0.101465140387646,0.144850105203759,0.0569579427964014,0.0109661847465447,0.0105681419008344,0.243643297527163,0.0400444445863912,0.879781205225772,0.978994076557919,0.779663784915189,0.454815201165491,0.00601986511049956,0.00677736207252145,0.00588814221421838,0.0961986198117115,0.332438798613765,0.0349908097151774,0.0270797154871791,0.000272430270763635,0.0001255169670403,0.000857771607497334,6.46165083432197e-05,0.0733062386502653,0.1708748000783,0,0,0,0.000677283632543385,7.1342487552166e-05,0.00270327343636394,0,0.0369971751024699,3.39926521110535e-05,0.0796853722322255,0.000193186348129213,0.000200635835058689,0.00268848914209485,0.0464095601803958,0.0102310271049651,0.0571185589814544,3.39208618372679e-05,0.00183887485684275,0.0107959044996956,0.00784307481474906,0.00301856746766388,0.0101246046808809,0.990600956695947,1.50891143198115,0.000811821361329853,0.000465723175935745,0.000908026389635504,0.152691047258811,0,0,0.00851952509381891,0.0314554747977197
0.00887416430037081,1.94331778453668,3.73779507010203,0.00155347435565114,0.0206565476672361,0.0240428267061746,0.0641321778920933,0.0802996741203583,0.69744116655904,0.0279089202585804,0.317536225033364,0.00916169431224078,0.476675205736569,0.0825480071852168,0.0266859335935253,0.95278862255144,1.94029131439075,0.222455066967207,0.649092297733943,0.00465022982618362,0.539563359595303,3.04480852906497,2.53545604085119,1.47846810450394,0.365353559806808,3.43295617724668,0,0.498616128016459,0.0899801256540772,0.108773751194955,0.12311378141647,0.0102702397140133,0.0132548283704996,0.739503400276988,0.163217626591442,2.96000408965745,1.54487662777794,1.57953226293699,1.38579561689438,0.0168963131346748,0.0310019659677073,0.0168325883203885,0.659851026226373,0.733663450666316,0.276607578186453,0.208061194618713,0.00535051208049506,0.00201809207420737,0.00514061827413261,0.000603768915102482,1.0373105496285,0.808909120854144,0,0.00120984652738809,0.000455255350551903,0.015549058707777,0.00204372413343697,0.0198411810735646,0.000254519360094666,0.0509100713537434,0.000299056217882037,0.166826459235617,0.00393021753388256,0.000967792251847386,0.57442540518164,0.278973083346073,0.0515685433149273,0.227587796107734,0.000109365170402527,0.0599251457492245,0.677951705998655,0.796702111802068,0.0867382751027468,0.0706635533953974,2.87667692148954,10.2007706443811,0.0754029627485686,0.00186101054375679,0.0121403569143874,0.277500034172368,0.000388281594024897,0.000734905238748193,0.0702411838135243,0.109922976543177
