0,0.000119512537862921,0.00648479655606794,4.8921926017642e-05,0,0.00080735303059162,0.347873402552639,0.0102441546080073,7.70284594372273e-05,0.00284503864375222,0.00117533697639888,0.00134836243626395,0,0.865985575647838,0.000647196520057511,8.8018225659585e-05,0.0347461125196317,0.00243981795269459,0.00796861777471079,0.00032400125899887,0.0338074878147094,0,0.104658888932529,0.00161778834429767,0,0.00841515324491333,0.0053913861857808,0.00910096395908321,1.25693738440459,0.84013660176648,0,0,0.00536211422337062,0.0135423305166479,0.000461627704027462,0.00391162037669939,0.000843631041500759,0.00578547634524565,0.00193085843738404,0.000271773364814937,0,8.27539049401761e-05,0.000727135306244088,0,0.000310980333604575,0.000133064487654304,0.000198015114806557,0,0,0,0,0,0,0,0,0.000323146239288283,0,0,0,0,0,0,0,0,0,0,0,0,0,0,7.19148284956455e-05,3.72645718937874e-05,0.000877635551329244,0,6.59627280504942e-05,0.000141183204570258,0.00153633263873942,0,0.000132405943769217,0,0,0,9.84471485280989e-05,0
0.000119512537862921,0,0.00247738564777551,0.000557331708622814,0.000478784549023068,0.000414513735201574,0.00158015893609592,0.00130156389609,0.209135580769252,0.00127751069988295,0.056095183061776,0.00180319842411937,0.125304359277413,0.00466803664077705,0.00751161978957878,0.0364048117465627,0.00897749399231451,0.00183917490111859,0.00499801036069164,0.000299312031761741,0.00631327733654634,0.409744799426209,0.0059279828174734,0.447072220754018,0.638177215451568,0.0419364057637547,2.42753765309188,0.0344750063053813,0.0108455619475718,0.000788560047565556,0.00543899345939551,0.00384194660344677,0.00013940181060369,0.09773280458816,0.00275449963290847,0.0380351688954699,0.0409145231615,0.0574447026376349,0.0240318762875331,0.0102068324133807,0.000370081077134299,0.101575956435422,0.0288281602395341,0.0110933474680592,0.0163676474477864,0.0159830219343874,0.00282940721904638,0,0.00363740306368039,0,0.0904324133042554,0.000785122046478295,5.32853666600704e-05,0,0.000124249778794169,0.00121576610222894,0.000576341991007734,0.00729476313303859,0.000151010763232649,0.0170537212788053,0.000144261380146265,0.0539395446691487,0.00058791339839158,0.000143432749297714,0.00679645009721253,0.0175470476257785,0.00155562090171718,0.0206674401958863,9.5861022897935e-05,0.00140560289364856,0.0157325324016311,0.00518206644206558,0.0178446758926447,0.00696046121956323,0.0945410416141906,0.532578984318337,0.00523077577081253,4.4142586390543e-05,0.000522035445132065,0.0167082474696533,0,6.42905854591369e-05,0.00884527438844089,0.00241496551583391
0.00648479655606794,0.00247738564777551,0,0.00254952232050551,0.00532334020399482,0.0056301706860967,0.711111727941648,0.0971821778972073,0.00230191927534021,0.0288237966159533,0.00581427149018894,0.0010403452328585,0.000357068218179417,0.145540953310651,0.0114528128365172,0.00644068317121711,3.71078038263034,0.0318201871001235,0.125147941515813,0.00132095644823928,0.385360338443038,0.00316489884086612,2.51065628162996,0.0317287692304108,0,2.73701462389376,3.12215624480529,0.750423778569107,0.035548093615999,0.317186640616058,6.31565046758651e-05,0.000210588961655187,0.0141336811300633,0.34137466724929,0.090455921378376,0.927444918558581,0.0930559245457807,0.383990875559013,0.363090024543525,0.00804485886448052,0.00697264812886026,0.000327250153247452,0.108486692317891,0.00945336120004452,0.0427935445182587,0.0466764475988729,0.00545735381314991,0.000623529352426958,0,0.000277996376999402,0.00960640939952249,0.0112175568889306,0,0.00372902542706494,0.000134582030159855,0.00757254979404688,0.000254860328093541,0.000962677189384743,0,0.00230179269912826,0.000110627311972189,6.14619521323442e-05,0.0014674008149834,0.00238828726528004,0.0154493522453947,0.0663884441720561,0.00226680800257448,0.0175768522418808,0,0.00482771645675601,0.0285035293552071,0.0559948551065611,0.0136073073983168,0.000357389429399372,0.0570324164745457,0.498582141832029,0.0127741215354751,0.000257556982809198,0.00377885587083714,0.000116564325717401,0,9.95605086808566e-05,0.0221679152447095,0.0298551690611781
4.8921926017642e-05,0.000557331708622814,0.00254952232050551,0,0.00967504009526313,0.0143513371758947,0.0379389384913885,0.0164438636922368,0.253650310009697,0.44441618677214,0.00599146750217832,0.671722594153316,0.000631054031247425,0.0225240902805161,0.159491456720846,0,0.000547375289877069,0.00071179581118294,0.000240387995278287,2.63908912950432,5.86455242259264e-05,0.000283913190345132,0.00158416941427496,0.338900092712774,0.000392463348433614,0.000425265590054226,0.000373688839326025,0.959865901009343,0.0215339156510647,0.00024663452076205,7.10015371926069e-05,0.00183025497410295,0.000967626370151856,0.0300138220154179,0.00182548934342108,0.0364107053553178,0.000840693954295778,0.0235640692478606,0.00257957834254178,0.0878820693074183,0.00455066521377229,0.00163431010725607,0.0170899407951659,0,0.00918751201470373,0.000138050404735851,0.0291842122578522,0.000328440967797375,0.000193358586862457,0,0,0,0.150210061727399,0.00132057649093044,0.00525413993530927,0.0198536587790473,0.00572759969390144,0.0550871873895044,0.14888156248944,0.00509398715500317,0.140200403132352,7.94607110183e-05,0.000883785936974859,0.0127951064290622,5.54035759191513e-05,0,0.000251199019264842,4.49452742893696e-05,0.0796878903162239,0,0.000183900189285779,0,0.127077974277947,0,6.76317321051836e-05,0.000131241195080745,0.175066027180827,0.00191263547893202,0.000121885305884743,0,0.000260328445032263,0,0.00223029324081102,0.000161339461591888
0,0.000478784549023068,0.00532334020399482,0.00967504009526313,0,0.157301269771066,0.0131617521920167,0.0162963903399531,0.0557332641208399,0.0143821783866299,0.00282576806005432,0.0896666067585653,0.00152208805563826,0.00308169509043721,0.310693125122233,0.00768852412060533,0.00144155700643022,0.000374736870466447,0.000381539154188633,0.0137632351423025,0.0482345470698835,0.00203706565784111,0.0686900600412263,0.0467854922908674,0.000303675289465785,0.00213666284852657,0.0168452519155976,0.0721184117089351,0.0028190926812615,0.0114575360769451,0.00020524450820632,0.0924258668855888,0.000425373969613695,0.356811972919138,0.164653977059713,0.043623661258116,0.00746964793291429,0.00977901420972167,0.0503211963304471,1.10617111542507,0.455144548680248,0.00152413396993432,0.00358810007986518,0.000669861939959049,0.0010277581086849,0.00311067654097517,0.00021018090043695,0.000101640852552652,7.23560072783947e-05,5.78100160374642e-05,0,0.000126476121789265,0.000394774006015312,0.000237600877531243,0.000623597611311865,0.000875048945485819,0,0.000740042466830205,0.000855599505215621,0.00147377817285497,0.00136048973051476,0,0,0.000543894101038885,0.00132425219758172,0.000180341917644024,0,0,5.28113332867384e-05,0.00133349658297365,0.000923731733874893,0.00236847648454009,0.00334613811702321,0,0.00117395957898831,0.00177234460206924,0.0056783416328934,0.000202375153938389,0.000421329304823971,0,0,0,0.000214254280836296,0.171796095523909
0.00080735303059162,0.000414513735201574,0.0056301706860967,0.0143513371758947,0.157301269771066,0,0.365310104628718,1.83297931517972,0.0138281807843837,1.38808326927276,0.0526405029817322,0.807131246401068,0.00820857426121501,0.314283789212192,0.435803419573431,0,0.00234332272243359,0.0199085869352632,0.00490695082154063,0.0529422425001018,0.00300534574687815,0.000229336784625864,0.0154228193079452,0.0161063052325431,0.000541324068269777,0.024398493563551,0.00418155321843163,0.0493294986531881,0.12982921399171,0.0120836052744492,0.00118634577964693,0.0739560827193251,0.000941578410936248,0.0644964304139991,0.338270575381111,0.22433848670604,0.00163549643124032,0.0392970581150632,0.00763370937475451,0.554877210447838,0.117544436914869,0.00482392172867639,0.00237982317784367,6.78157909878016e-05,0.000408321550993395,0,0.000981370959779473,0,9.63608477251412e-05,0,0,0,0.000776171963213253,0.000404700771592212,0,0.00102925577950838,0.000196249507850933,0.00192175546908055,0.00296998707853081,0.00111624264428787,0.000547060075606048,0,0,0.000453032286839533,0,0,0,0,0,0,0,0,0.00832978913221965,9.50453006391764e-05,0,0,0.0094187700725588,0,3.8504382488358e-05,0,0,0,0,0.00677406747718692
0.347873402552639,0.00158015893609592,0.711111727941648,0.0379389384913885,0.0131617521920167,0.365310104628718,0,1.20055413995313,0.106054581776595,3.74420730538631,0.0987173361258241,0.0576549861722227,0.0110531029556438,2.75355632179089,0.103163791366108,0.00333383587364966,0.215059274564846,0.0492415641618575,0.019864699084857,0.0302206239209721,0.134907513111153,0.00428036796735234,0.555805317293252,0.37383721513337,0.0011987554107109,0.160953608530482,0.0888182122702096,6.55505762564777,0.642579289628127,2.12089009624061,0.00089392145525794,0.0203913806876134,0.0709603493755597,0.417015538353057,0.0873035802257539,0.611770239866904,0.0193459243620835,0.388903614453869,0.0976176906922866,0.0825460759556434,0.0558651540383012,0.00821226922498974,0.0983255518332422,0.00145658561485652,0.0456671645348761,0.00258578561059148,0.0292181127128989,0.0019699931455116,0.000955623965649748,0.000306821763944471,0,9.6327275673079e-05,0.0258310074425385,0.00106658035233403,0.00221062391717727,0.0610693711516707,0.0117269051883271,0.042024502764398,0.101695508888153,0.00999672930177513,0.00947787970289225,0.000356387418696427,0.00258973558475808,0.00550272393325435,0.00148277139527793,0.000186109639064384,0,0,0.0068546690748681,0.00087789354876194,0.00246795180110178,0.00140283849742062,0.224861783211204,0.000167937031544423,4.48447667972803e-05,0.00768704737050122,0.319504874802494,0.00339386529531566,0.00470629850985196,0,0,0.000130522947538662,0.00724407542284377,0.00181316463578553
0.0102441546080073,0.00130156389609,0.0971821778972073,0.0164438636922368,0.0162963903399531,1.83297931517972,1.20055413995313,0,0.0054629616035456,1.07559880865182,0.065899142718235,0.342664338869785,0.0142095909241347,2.22404392477369,0.03546427248568,0.000169125790895927,0.0945351956551681,0.0210113465060617,0.0184192249760012,0.0650327420248294,0.117754080405216,0.000980242058439227,0.422304672883602,0.0232646530041044,0.00170588279523715,0.0575962389056705,0.0244445207869008,0.142489450371276,0.174337661459589,0.593487619384944,0.00188476423571809,0.153509478226981,0.00851470934306406,0.113440403476926,0.0767509619160533,0.387429062337309,0.00871087385888468,0.0786130127848625,0.0247818101270795,0.390395867614244,0.0414159245688586,0.0102444586344527,0.00510815334900634,0.000761334048044444,0.000690840739411104,0.000509262881462717,0.00131501667898465,0.000197746332584381,0.000575941887609243,0,0,0,0.000619412098257745,0.000500539721830631,0,0.00206192036713955,0,0.00246357372538855,0.00136775200423082,0.00425414853198491,0.000389982483835137,0.00103465210170622,0,0.000325047969552827,0.000204885057147073,0,0,0,0,0,0.00024695245909996,0.00013986277245773,0.0116884262171238,7.5177408822155e-05,0,0.000961850447946701,0.0117299678655918,0.000571902213607335,0.000316796570856321,0,0,0,0.000182951265015435,0.00338653564310567
7.70284594372273e-05,0.209135580769252,0.00230191927534021,0.253650310009697,0.0557332641208399,0.0138281807843837,0.106054581776595,0.0054629616035456,0,0.182577356498551,0.0163853885608244,0.321122222977029,0.0403130982198328,0.00774424245059112,0.504359399495966,0.022401225376739,0.00401360438450296,0.00128239658111043,0.00266630076131051,0.126637261713671,0.0104243519014243,0.582178586003124,0.00671277291081844,3.38064894619452,0.123212703056137,0.0124077918957667,0.553211344655409,0.696685738893177,0.00811728899610579,0.00752381422507532,0.0015942999360534,0.00519686912730321,0.000540068587859166,0.0281312778913562,0.00260688869666727,0.0683025167206132,0.00982880627645075,0.0272530176540352,0.00970808551059039,0.342336216414867,0.00392453245947143,0.0157202406857899,0.100973390341259,0.0126787903650253,0.0219816187998283,0.00376409082803063,0.0318003768796323,0.00154015606241977,0.000886577428092671,0.000589659185116554,0.00300610010188397,0.000728992245188427,0.120633947639053,0.00151447375130121,0.00616053903469262,0.0280518727621644,0.0112828899516352,0.233524028257098,0.23104129560617,0.00842045953855845,0.0509952841442416,0.00764823183840408,0.00927523628410431,0.0154924360129969,0.0450305620452964,0.00200351760786735,0.00117097165492119,0.00104441907346222,0.0285379374642723,0.0243193672124491,0.0372995550896748,0.0140842429862242,0.46046614358059,0.00177533969789275,0.00330910155781746,0.0180162059598408,0.404604676062313,0.0122929852077515,0.0370759338404364,0.00037047335991683,0.000896187029961383,0.000629480052250099,0.00984316036818426,0.0101710195633331
0.00284503864375222,0.00127751069988295,0.0288237966159533,0.44441618677214,0.0143821783866299,1.38808326927276,3.74420730538631,1.07559880865182,0.182577356498551,0,0.264016637758558,1.3041457523127,0.0303201254463158,1.02876626081236,0.107824844394064,0,0.00733162097287584,0.0872754508679124,0.0229814793964906,0.47947442382208,0.00739137904260704,0.000671903966814423,0.0316352536319629,0.050628095703143,0.00344004400879866,0.0802247454169872,0.00957183669164536,0.739346750171134,0.552327799128056,0.00907367092693606,0.00182002751498934,0.027703774601835,0.0061010355751756,0.421736900229629,0.286637260470141,0.433824277999427,0.00753401913131615,0.30181961602059,0.0297859073423457,0.144092086500826,0.0562667523892646,0.0224111683352214,0.0280815850172495,0.000116259824775553,0.0152242677263246,0.000661150819959426,0.0659877649921498,0.000855993811754036,0.00133777913054895,0,9.95779021194939e-05,0,0.0623441552521111,0.00262432085535708,0.00339424840545323,0.0918138114915548,0.0173242084467115,0.0890595977970589,0.138849650648964,0.0202599658382707,0.0666117126074684,0.000583900450544358,0.000487540194510555,0.0283405934732232,0,0.00011094936356535,0,0,0.0162631475341084,0,0.00043137721848793,0,0.418290000673454,0.000102069565799511,0,0.000255424044151711,0.43037908179113,0.00145981537489339,0,0,0,0,0.00208957682925582,0.00151611205314975
0.00117533697639888,0.056095183061776,0.00581427149018894,0.00599146750217832,0.00282576806005432,0.0526405029817322,0.0987173361258241,0.065899142718235,0.0163853885608244,0.264016637758558,0,0.199951205636196,0.526885790512514,0.236634421492258,0.0102226600280707,0.000670892031704092,0.0228498365173093,1.56203911418355,0.108345705223269,0.0630912708943938,0.00716540655776657,0.0393054727433922,0.0225570511125661,0.028358289434781,0.0731379698474769,0.480819492244058,0.0552028717844483,0.0350092641755827,0.67908288865141,0.0133231899115302,0.0356539228714606,0.127257296336962,0.000631131182652891,1.21608903758458,0.00394784036469794,0.155882809767631,0.205272467628693,0.571948741078557,0.0308202501123934,0.0368184230095517,0.00464277581969754,0.344171873265063,0.0044676513733959,0.0171845469750791,0.0109168016333822,0.00114809436092727,0.00381534841416206,7.017206597085e-05,0.0341123556937991,0,0.0076000518761751,0,7.11905697125674e-05,0.000136223319049216,0,0.000186767188222003,0.000174289452627396,0.00532569120520724,0.000196475825500488,0.250525749462893,0.000466125758737135,0.544932108336334,0.000238458338325906,0.000437395679832244,0.000575340620589137,0.00032336434757781,0.00750758761605066,0.00119479546640232,5.68919397522926e-05,6.91211249667406e-05,0.00250152722608981,0.000866140497853839,0.00219272341335454,0.0251953965190233,0.100772683805491,0.128110968657751,0.00198464722761236,0.000709529081680942,0.000215369970595049,0.209431754475869,0.000275097609669256,0,0.00305259460132044,0.000874894857055807
0.00134836243626395,0.00180319842411937,0.0010403452328585,0.671722594153316,0.0896666067585653,0.807131246401068,0.0576549861722227,0.342664338869785,0.321122222977029,1.3041457523127,0.199951205636196,0,0.0294575787959027,0.370873474777553,0.644262377949006,0,0.00038856931339506,0.0465103297380715,0.00991306493821838,2.41699214103518,0.000996387494272359,0.00192029908230543,0.00200043244347335,0.152656117450261,0.00342810442933974,0.0424010236242694,0.00402599334352942,0.436630891052825,0.257500003144774,0.0023037353275555,0.00139484547060882,0.0344556938973951,8.53955695206642e-05,0.177022882371829,0.504777930895395,0.181186133745347,0.00469580526127381,0.107170439587123,0.0142357533055933,0.494952010560579,0.019577547973708,0.0215867500574552,0.018721532738154,0.000546916100238633,0.0120352310745315,0.00183098895434614,0.0292350101884239,0.000837027446015167,0.00111168142438395,0,6.82278253990888e-05,0,0.0377440432478176,0.00233042936797872,0.00726773633340987,0.00903256303109572,0.00761805633187669,0.0265486022404552,0.0758998862312755,0.0324046262641939,0.157542040464871,0.000867457514163709,0.00593973092332828,0.0148527480360226,0,6.7335600594449e-05,0.00103664786515907,0.000177081864153958,0.0241463499047758,0,0.0004947461632218,0,0.0499513644839952,0,0.00074096624850626,0.000875222179561186,0.0644108683705481,0.00414373223658142,0.000261267839356112,4.27665438673854e-05,0.000675161479175985,0,0.00403198770559992,0.0194279550001096
0,0.125304359277413,0.000357068218179417,0.000631054031247425,0.00152208805563826,0.00820857426121501,0.0110531029556438,0.0142095909241347,0.0403130982198328,0.0303201254463158,0.526885790512514,0.0294575787959027,0,0.0486087668449958,0.00315262994944689,0.000401496148432803,0.0003089224597116,0.00121137924833164,4.77538587125302e-05,0.00966579726770586,0.000263721054532743,0.12547901458966,0.000829422205703402,0.0489400960868919,0.6316276464046,0.0352053686933299,0.230186611661836,0.00939447798454664,0.123429667140385,0.00070634066571908,0.240041190821057,0.0444167807933876,0,0.712863199719899,0.000659147798997831,0.0394280990583558,0.111609820142713,0.189486498616093,0.00362024373472452,0.0289729068723219,0.000761935995366669,0.414811093883004,0.00643815916174389,0.0302105221776883,0.029087395073184,0.0029096929421633,0.00667876335589231,8.16115747791052e-05,0.0553242204377221,0,0.0300538957205501,0.000147013745316982,0,0,0,0.000598249125586581,0.000417153210238266,0.00953010884048553,0.000573414765325069,0.555253840736305,0.000429634004333997,1.74553813523509,0.000582654960284614,0.000380006010468936,0.000805618268762755,0.000137515104154014,0.0146895361200247,0.000714159892489887,7.42095161280156e-05,0.000135607462692905,0.00724326981364761,0.000215609499826098,0.00316003232252333,0.149920447602437,0.20587872254962,0.318996249581357,0.00329712181766621,0.00142332270293992,0,0.475073778148485,0.00197267852093246,8.82340072015286e-05,0.00632202867440654,0.000213940844497704
0.865985575647838,0.00466803664077705,0.145540953310651,0.0225240902805161,0.00308169509043721,0.314283789212192,2.75355632179089,2.22404392477369,0.00774424245059112,1.02876626081236,0.236634421492258,0.370873474777553,0.0486087668449958,0,0.0253376337774086,0.000872169503881002,0.316047409982902,0.0726471374880729,0.0694079003424557,0.0923055612355081,0.270678263919609,0.00268254975742003,1.06404548266071,0.0416227569022113,0.00442890847927126,0.172009162283086,0.0623556778406719,0.240662001177418,2.14602627311473,2.61803424436579,0.00575449789070391,0.0423649280686736,0.0161425146787172,0.247909214976859,0.0171610582295422,0.431843212382393,0.0161026496262469,0.144650154790847,0.0379069367509813,0.161679073849378,0.0338855811356185,0.0198308276083937,0.00738819326495969,0.000667056382594479,0.000794910513494539,0.000498915789220548,0.000791594200734257,0,0.000911724201381182,0.000111705116334772,0.000292911978096772,0,0.000348675365235114,8.89597809431076e-05,0,0.00234374923184459,0,0.00479004591028493,0.000648072074601817,0.00744511302849698,0.00107115259713407,0.00615793022470271,3.95237123112202e-05,0.00017691226312058,0.000342970820442653,0,0,0,0,6.81087325104475e-05,0.00050109838993274,6.68787977302552e-05,0.0230203633504021,0.000940226121819019,0.000327768128992545,0.00157975468228282,0.0180507865912368,9.06441289548397e-05,0.00214428379581374,0.000623293113228428,0.000110080486272097,6.82811633719683e-05,0.000646865190058136,0.000506556305198085
0.000647196520057511,0.00751161978957878,0.0114528128365172,0.159491456720846,0.310693125122233,0.435803419573431,0.103163791366108,0.03546427248568,0.504359399495966,0.107824844394064,0.0102226600280707,0.644262377949006,0.00315262994944689,0.0253376337774086,0,0.0129220888985755,0.00505762628729768,0.00200790520495184,0.00148399884038103,0.110748225715178,0.0884014183623932,0.0161509735181088,0.0881231409291494,0.380784721494022,0.00384223397964074,0.00888551327550102,0.0426530390489535,0.361029065065969,0.0228702529784579,0.0490607422910683,0.000463662613436294,0.0417413902696383,0.00267002584131685,0.0441186971614387,0.780587496312576,0.0902491235775019,0.015220071997305,0.0466821796415913,0.065042201565771,0.387739004015366,0.0201630802489386,0.0131228451192668,0.0198197416537402,0.00320370941647639,0.00812308903473523,0.0156903470844554,0.00586074487453401,0.000693676092865133,0.000192494983339834,0.000103261903883171,0.000428545160783243,0.000140963870021867,0.00416192918348183,0.00105750048286006,0.00250725928595874,0.00902185454979079,0.000872205611344743,0.00704394218738891,0.0102184370555239,0.00724353551735977,0.00783550459686195,0.000397132490551043,0.000850300363317991,0.00351423152944429,0.00235249844304607,0.000233216999241113,0.000588080924217653,0,0.00139059560897777,0.00240114632736296,0.000881643019600152,0.00448368764932301,0.0475509556498641,0,0.00463795599923594,0.00686593493227279,0.0500991959581763,0.000256749269821608,0.00269716082041619,0.000272735657879448,0.000125219798147035,0,0.00149999710228343,0.388372363064547
8.8018225659585e-05,0.0364048117465627,0.00644068317121711,0,0.00768852412060533,0,0.00333383587364966,0.000169125790895927,0.022401225376739,0,0.000670892031704092,0,0.000401496148432803,0.000872169503881002,0.0129220888985755,0,0.0263374711723385,0.000855797624628174,0.00293498700943587,7.45606663580417e-05,1.16984430472694,0.63720617676888,0.871474900542065,0.562016208932178,0.00496175241297819,0.0202580329884718,1.1444279847053,0.228909414192486,0.00116898507268853,0.0204502822626933,0,0,0.000562172281157469,0.0253134356311156,0.0838255888246811,0.424604932661967,0.0858016124940367,0.0900786230046427,0.132305501500378,0.00328030394606438,0.000225790341094065,0.000282338808311677,0.306594666997404,0.040606235932463,0.0376117719810007,0.0550798930787036,0.009877925670163,0.000821873944981742,0,0.000353824491940212,0.00441080746640332,0.00239453834993137,0,0.00330603552763517,0,0.00958202748590483,0.000229601879496216,0.00294080689402166,0.000392488222337151,0.00113904056017316,0.000206272524744058,0,0.000777703534806204,0.00525987197516931,0.73176963257426,0.0126618559645306,0.000342474188461947,0.00222300174840477,0,0.142749417032785,0.216185968090326,0.554288219347986,0.235120225392832,0.000151239267567587,0.00516088356055298,0.218896341541271,0.195534811145761,0.00145852079140298,0.086948483105788,0,0,0.000179650141857934,0.00845546131984234,0.0194881490091539
0.0347461125196317,0.00897749399231451,3.71078038263034,0.000547375289877069,0.00144155700643022,0.00234332272243359,0.215059274564846,0.0945351956551681,0.00401360438450296,0.00733162097287584,0.0228498365173093,0.00038856931339506,0.0003089224597116,0.316047409982902,0.00505762628729768,0.0263374711723385,0,0.128395688400568,1.19729162693651,0.0010542153553776,0.0982441578093629,0.0105762572247844,1.66400232821841,0.0686188691971062,0,2.29667616662096,2.01252040411343,0.277034479201856,0.226015356116558,0.24078944755295,0,0.000248794751539851,0.0333952079315519,0.478599792716441,0.023846939952385,0.219179513308068,0.0401388390921011,0.206195277839038,0.169919923301009,0.00411434892472143,0.00296587566981468,6.91760236327171e-05,0.0752248090523941,0.00731443572383756,0.0253375604820014,0.0264514597627544,0.00192300263722829,0.000485495354977512,0.000192112722150707,0,0.0141069602691579,0.00873029186233678,0,0.000422487361969328,0,0.00066479563289094,0,0.0013357496464066,0,0.00258349874357507,0,0.000372578494798207,0.000148097729566884,0.00143264986795106,0.00593342317637061,0.0624542878100794,0.000893147720216954,0.028470888402357,0,0.00430086790271433,0.00968907359319367,0.0134684198303719,0.00390326545202744,0.000559168107016611,0.067232922818546,0.462567499249349,0.00428748381318326,0,0.00206792513383069,0.000197559475316155,0,0,0.0164381650100479,0.00844399925244449
0.00243981795269459,0.00183917490111859,0.0318201871001235,0.00071179581118294,0.000374736870466447,0.0199085869352632,0.0492415641618575,0.0210113465060617,0.00128239658111043,0.0872754508679124,1.56203911418355,0.0465103297380715,0.00121137924833164,0.0726471374880729,0.00200790520495184,0.000855797624628174,0.128395688400568,0,0.495805081385675,0.0267625404895145,0.0165970222064192,0.000973671763456536,0.070920601898161,0.00467138587672981,0.000234212012550831,0.586112901307114,0.0815792784421547,0.0164989518623712,0.132892763309402,0.0154007235953339,0.000853986357395017,0.00394101319278016,0.00324336555331106,0.688435815530431,0.00934086460650383,0.150621492902221,0.142949876395928,0.742820701986816,0.156894288263752,0.0036079318270591,0.00323700188151741,0.00067294901377244,0.00148566146731796,0.000846527965154994,0.00101884144025924,0.00107029727443177,0.000114129107104397,0.00034376441287365,0,0,0.00067768300183053,7.28982938198089e-05,0,9.81611243631363e-05,0,0,0,0.000527490301896286,0,0.000326776194192839,0,0.00469209419034597,0,0.000223929005911661,0.000211628257487726,0.000382536365617383,0.000106129222961569,0.000880391212249303,0,0,0.000708409827482093,0.000291846304835844,0,0.000742917803755009,0.00910093393432077,0.0227940890972619,0.000135321112668943,0,0,0.00466824738865499,0,0,0.000310052670204663,0.00515128302842639
0.00796861777471079,0.00499801036069164,0.125147941515813,0.000240387995278287,0.000381539154188633,0.00490695082154063,0.019864699084857,0.0184192249760012,0.00266630076131051,0.0229814793964906,0.108345705223269,0.00991306493821838,4.77538587125302e-05,0.0694079003424557,0.00148399884038103,0.00293498700943587,1.19729162693651,0.495805081385675,0,0.00564114381635967,0.0262515985738285,0.00387589083221898,0.171316625633386,0.00587894388520807,0.000104657049175501,1.13892997684073,0.32584026850368,0.0309364210005297,0.0759340649784821,0.0336975795392011,0,0.000217454644961429,0.0108877141014483,0.417416216058023,0.00653673366111366,0.104381960389751,0.0753114980134473,0.311693484869137,0.103568587414298,0.00106972813024872,0.00181643445932872,0.000150761066629171,0.0177857257474236,0.0053845576361083,0.00764543649700495,0.00857451511397914,0.000180670909462166,0,0,0,0.00529604281276896,0.00195895600968117,0,0.000155030842818475,0,0,0,0.000478977614762735,0,0.000526527880203223,0,0.000489733191268158,0,0.000143069759524083,0.00131956726845335,0.011656292515256,0.000527644924849391,0.015832437966407,0,0.000400434111072278,0.000902053026453853,0.00175797427741252,0,0.000555472517249608,0.0513108923473488,0.150062876260107,5.41491273953676e-05,0,0.000239075126524615,0.000167314795211935,0,0.000213411901024747,0.00372293417339387,0.0026033035302245
0.00032400125899887,0.000299312031761741,0.00132095644823928,2.63908912950432,0.0137632351423025,0.0529422425001018,0.0302206239209721,0.0650327420248294,0.126637261713671,0.47947442382208,0.0630912708943938,2.41699214103518,0.00966579726770586,0.0923055612355081,0.110748225715178,7.45606663580417e-05,0.0010542153553776,0.0267625404895145,0.00564114381635967,0,0.000481584932661438,0.000444684339551925,0.00158345121532588,0.0414686764557455,0.00125694001881738,0.0253698056619475,0.00553389530203989,0.419216156109399,0.0811665619193732,0.000718240035892653,0.000687085188730001,0.00667722024774746,0.00046176386163733,0.0742999660936004,0.00312703447689296,0.0684746575075988,0.00242841065247573,0.044036366412992,0.00605208357294409,0.0862568692944875,0.00967803933006755,0.00779169759378823,0.0294673660223681,0.000208548955697286,0.0143200318476183,0.000785580615841269,0.0320704044548638,0.00110200267466412,0.00108982238544989,0,0,0,0.0508525089583935,0.00161931547963479,0.00392996811913887,0.0339803900912978,0.00783294405687998,0.0350772155753653,0.124567808178227,0.0133447411966493,0.0734089327666621,0.000537701813927865,0.00124444116527295,0.0178858589818781,0.000319863844447947,5.07037516044617e-05,5.1182821500206e-05,0,0.0225524903042736,0,0.0004249949784482,0,0.12903861724537,0,4.03231330448269e-05,0.000301696942318868,0.185271530538265,0.0027200429594189,0,0,0,0,0.00287243772585286,0.000292497545477593
0.0338074878147094,0.00631327733654634,0.385360338443038,5.86455242259264e-05,0.0482345470698835,0.00300534574687815,0.134907513111153,0.117754080405216,0.0104243519014243,0.00739137904260704,0.00716540655776657,0.000996387494272359,0.000263721054532743,0.270678263919609,0.0884014183623932,1.16984430472694,0.0982441578093629,0.0165970222064192,0.0262515985738285,0.000481584932661438,0,0.0590998805321858,4.10264661347231,0.109359702978183,0.00166219676874576,0.0809273237232872,0.37768521204802,1.32504722359223,0.226107195084707,3.22786121691888,0,0.000444091744954634,0.0653236430698795,1.01030343035422,0.391644566478914,1.09140944856352,0.112159713222158,0.982567275319512,0.738731087492263,0.0177928886941718,0.00368909914168703,0.00018900992135303,0.171809843069135,0.0221177735141247,0.0276720278546692,0.014714876590762,0.00681003714258972,0.000872040303646588,0.000201491630140686,0.00069293310576489,0.000449632585618221,0.000255532963951099,0,0.00395897822811821,0.000115004787418843,0.0134849587838216,0.000260653174957716,0.00720977600776341,0.0001508284451231,0.00107659533423028,0.000540859673462606,0,0.00210799791283722,0.0114342775965251,0.130204391460702,0.00646809650250288,0,0.000267830153651762,0,0.112488988754868,0.0602129011684509,0.0589499351277887,0.21761756118897,0,0.00112242760528825,0.0330102888449212,0.277089345819314,0.00550631419624618,0.16173503828866,0,0,0.000951814408127296,0.00907563041713725,0.0327633486684188
0,0.409744799426209,0.00316489884086612,0.000283913190345132,0.00203706565784111,0.000229336784625864,0.00428036796735234,0.000980242058439227,0.582178586003124,0.000671903966814423,0.0393054727433922,0.00192029908230543,0.12547901458966,0.00268254975742003,0.0161509735181088,0.63720617676888,0.0105762572247844,0.000973671763456536,0.00387589083221898,0.000444684339551925,0.0590998805321858,0,0.0407510230918198,2.56448298208548,0.394627303868375,0.0387232949807432,1.91064427017904,0.162603594662251,0.0083240075246325,0.00728381193823135,0.0104548477673648,0.0023327205168967,0.000252523584641504,0.0578888453080625,0.00537122833948195,0.0484956179732097,0.0301663557635731,0.0354068212232492,0.0191037926267034,0.013062457567128,0.000287533515258765,0.0613930365415115,0.108581900036373,0.0215043075993988,0.034011840249607,0.0442099111463213,0.00541309124490452,0.000339032825881863,0.00371538536957388,6.44171845383882e-05,0.1711196213189,0.00257996719522959,0.000404377230766261,0.000528573285701895,8.71632631172418e-05,0.00775219074325097,0.0020240513468128,0.0106738125401104,0.00130515102340357,0.0163560588956457,0.000503413409451556,0.0872984611295282,0.00356532305039831,0.00156173900731308,0.206246376880475,0.0279991365250848,0.00216239599650728,0.0308277292681401,0.000245628688361907,0.0267382310366479,0.181616605821866,0.11336921154375,0.0864441228958664,0.0305863558180827,0.0613248783784777,0.808734781818559,0.0502174065950134,0.00141173058921762,0.0190949100334103,0.0238949553901209,0,0.000275907217784178,0.0137846517476108,0.0108946839138549
0.104658888932529,0.0059279828174734,2.51065628162996,0.00158416941427496,0.0686900600412263,0.0154228193079452,0.555805317293252,0.422304672883602,0.00671277291081844,0.0316352536319629,0.0225570511125661,0.00200043244347335,0.000829422205703402,1.06404548266071,0.0881231409291494,0.871474900542065,1.66400232821841,0.070920601898161,0.171316625633386,0.00158345121532588,4.10264661347231,0.0407510230918198,0,0.157027315086108,0.00020628513034215,0.588178207363539,3.02862430978529,1.89568666824642,0.567628200650787,1.87437828159182,0,0.0010918351050043,0.0857009074370669,1.50794663930875,0.756351062907818,3.20638108409253,0.501733429528245,2.11029514721202,1.82411848437417,0.0415507085515618,0.0133938525467894,0.000568556482068014,0.415304837598185,0.0515739091719932,0.0751030791440922,0.107942743395363,0.0152960809325473,0.0013808952239355,0,0.000273434422483528,0.00493176920613599,0.0070122666918657,0,0.0116417283702387,0.000105805227648068,0.0164759849400023,0.000413107047640514,0.00420598468262587,0,0.00269388583743886,0.000584484115461731,0,0.00110647158786074,0.0161207066624422,0.64811552201377,0.0320603936519664,0.00153288280096697,0.00683503263726747,0,0.138292592173111,0.127982399234908,0.789034033763652,0.188323423562304,0,0.0167833527807429,0.672322242506007,0.168240513616654,0.000795652128556895,0.0776773183641239,0,0,5.21444828556061e-05,0.0232230885254976,0.134291139179274
0.00161778834429767,0.447072220754018,0.0317287692304108,0.338900092712774,0.0467854922908674,0.0161063052325431,0.37383721513337,0.0232646530041044,3.38064894619452,0.050628095703143,0.028358289434781,0.152656117450261,0.0489400960868919,0.0416227569022113,0.380784721494022,0.562016208932178,0.0686188691971062,0.00467138587672981,0.00587894388520807,0.0414686764557455,0.109359702978183,2.56448298208548,0.157027315086108,0,0.191984540108469,0.0961248154985265,1.96060186817988,1.8162752168098,0.0686259732834291,0.0455767096471053,0.00199491658247455,0.0092002410047365,0.0245510326969549,0.119072918887161,0.0792885422245911,0.525124853936701,0.0469517559164023,0.132503323123542,0.069895383757465,0.269317306933016,0.0144392777070505,0.0203103834799579,0.772565528914097,0.0351165731424636,0.258432449340132,0.0345696585028736,0.140101492086381,0.0160019697547475,0.0021938076434279,0.00481969929065262,0.00921690448491662,0.00180120720840043,0.102284273901887,0.00385872930228567,0.0096918264557281,0.257044988791992,0.04428266683967,0.40377647316953,0.34696074160954,0.0296100315852473,0.0494420500625008,0.00471699209882898,0.0351356992162709,0.0453053778240915,0.0998390300481449,0.0112953979863998,0,0.000523089250265264,0.0292807523080175,0.0625517432324719,0.136566759178076,0.049076830418594,1.80999030382403,0.00167659164144702,0.00300071254929496,0.10812176967731,1.87587322117093,0.0564320958976079,0.146012506999909,0.000163744369601226,0.000838235365304089,0.00476490985890083,0.0694156546661176,0.0195826257858854
0,0.638177215451568,0,0.000392463348433614,0.000303675289465785,0.000541324068269777,0.0011987554107109,0.00170588279523715,0.123212703056137,0.00344004400879866,0.0731379698474769,0.00342810442933974,0.6316276464046,0.00442890847927126,0.00384223397964074,0.00496175241297819,0,0.000234212012550831,0.000104657049175501,0.00125694001881738,0.00166219676874576,0.394627303868375,0.00020628513034215,0.191984540108469,0,0.0131112093318635,0.633041461059342,0.0134408324960978,0.010995289220812,0.000159484432066941,0.0105289322593988,0.00465787676596306,0,0.193732093220744,0,0.0053599855637563,0.0093121024276292,0.0231699630584197,0.00106952833294816,0.012566013109701,0.000212815453287721,0.152645108747058,0.0151668507333984,0.0149600218558662,0.0118313894321891,0.0087155534856583,0.00145855126207774,0,0.0152607837915241,0,0.0316043065484959,0,0.000150019960364199,0,0,0.00056289273253541,0.000124261858444404,0.0061365953957109,0.000422166705281353,0.0885719654902131,0.000217385945881033,0.443401568698888,0.00029058386990819,0.000253804627833009,0.00120956933026907,0.000576913513389802,0.00104284138424577,0.00694665069208146,0,6.25808490296602e-05,0.00628919646519173,0.00101551466285165,0.00572316335231259,0.186059611310129,0.108480400978219,0.409164556345601,0.00159722718460336,0.000312174589682865,0.000415028460931921,0.0614912443694726,0.000258740962895393,0,0.00326085416850153,0.000425918508583975
0.00841515324491333,0.0419364057637547,2.73701462389376,0.000425265590054226,0.00213666284852657,0.024398493563551,0.160953608530482,0.0575962389056705,0.0124077918957667,0.0802247454169872,0.480819492244058,0.0424010236242694,0.0352053686933299,0.172009162283086,0.00888551327550102,0.0202580329884718,2.29667616662096,0.586112901307114,1.13892997684073,0.0253698056619475,0.0809273237232872,0.0387232949807432,0.588178207363539,0.0961248154985265,0.0131112093318635,0,1.78861355264331,0.244615694352752,0.229726416511143,0.0617893449489479,0.0658738015443282,0.0297610108316264,0.0104944378005574,0.567152342352728,0.0731628698969107,1.23413417682928,1.62033645342201,1.68506465384407,0.783384751461596,0.0182007464220405,0.0172509290064833,0.0278709368150002,0.133199789506992,0.0668052307223194,0.0689107741565617,0.0733896824633992,0.00296056459118743,0.00101342386290779,0.0046478809382874,0.000188164145747709,0.0978902108087313,0.00519276212340038,0,0.00231623879743573,0,0.000350248195150709,0,0.00183079412782452,0,0.0607425090736229,6.04685967017412e-05,0.432990870432414,0,0.00252435177380219,0.00627382557904708,0.0379315007769028,0.0153382984097194,0.13936893516099,0,0.00205499170729426,0.0100822972421307,0.0135959914558124,0.00146421424269744,0.0523322605211481,0.729999130744844,1.99339273278516,0.00217949739973859,0.000205865835563707,0.00180597785559583,0.284340431712621,0,0.00022571413582306,0.0341983539624045,0.0328593666238669
0.0053913861857808,2.42753765309188,3.12215624480529,0.000373688839326025,0.0168452519155976,0.00418155321843163,0.0888182122702096,0.0244445207869008,0.553211344655409,0.00957183669164536,0.0552028717844483,0.00402599334352942,0.230186611661836,0.0623556778406719,0.0426530390489535,1.1444279847053,2.01252040411343,0.0815792784421547,0.32584026850368,0.00553389530203989,0.37768521204802,1.91064427017904,3.02862430978529,1.96060186817988,0.633041461059342,1.78861355264331,0,1.41613593958055,0.0618632459480648,0.085678422866051,0.165990954465648,0.00197902745475247,0.0147855019666172,0.87804901416203,0.312452779351419,2.98853357952097,1.00712653299629,1.40110070987377,1.17834105544037,0.0431172712553436,0.0188229725071206,0.0134706254127186,1.38152020635894,0.223808415289311,0.546828250467784,0.614675139140219,0.0617490983155905,0.00794450973700601,0.00544073347784453,0.00118637789962557,0.697025968885,0.0854658053006445,0.00010216265571177,0.0085689721866746,0.000126989075304008,0.099660718540768,0.00590705886237749,0.0127419711719222,0.00065251768602165,0.110904067709654,0.000668768294275689,0.832294374141093,0.0172417609478449,0.011246314239947,0.498718926154504,0.662386701417656,0.0358551549063161,0.500307149955029,0,0.0859651629832509,0.822985534776862,1.01294213229329,0.134025587128747,0.145831222815237,1.67975384713473,11.4960682816692,0.12048634039588,0.00234551717412303,0.0457742921612243,0.404396642506932,0.000190793899324286,0.000556380806331182,0.266661768239666,0.107891662879296
