0,0,0.0181237438602553,0.000364530230058098,0,0.00353221451002426,0.273225158712433,0.177971742667963,0.00218961035336938,0.0074142336209095,0.00342772972297192,0.00144395685230355,0.000334926278487062,1.4382780709384,0.00115915016148853,7.89230188512802e-05,0.0769240275396005,0.000892224966906068,0.0210403887695689,0.000479078323000431,0.00941678786856109,0.000329086398095655,0.0178618168346242,0.0235094086013098,0.000272656589967728,0.0147643032780398,0.00919357253680247,0.0433785774059443,0.650686603863414,0.535120347461183,3.87688220989704e-05,0.00550285030937752,0.00282984039361501,0.0584606561733501,0.00517519421174636,0.00981955477007561,0.00198860220458555,0.0199094851755042,0.00905440365648947,0.000359845263171816,0.000348502194545746,0,0.00228973654834662,0,0.00067070919230423,0,0.00028363665632143,0,0,9.73015594608309e-05,0,0,0,0,0,0.000898654131220243,0,0.00171462773102079,0,0,0,0,7.21737211767197e-05,0,0.000899072081001667,0,0,0,0,0.000245999879254055,0.000877947782157609,0,0.00808524148811254,0,0,0.000450212313064623,0.00275750292406021,0.000448042923750878,0.00015675654319315,0,0,0,0.000437496655915165,0.000649393283447934
0,0,0.0105834467834128,0.00225530627745385,0.00249416236396699,0.00115297094074588,0.000306681027579689,0.00132956279685049,0.224966159221961,0.00108891827946978,0.0572509150859983,0.00632622788197517,0.226445679448962,0.00117097806702247,0.0264135516977071,0.0349308110305348,0.0110262816384751,0.00166415733085718,0.00306689449747896,0.00213976499028125,0.00624429360317516,0.34487748354938,0.00273652281536383,0.307608794960631,0.191958475348533,0.0568191355181427,3.0256575170782,0.0107272568444343,0.00685355380214663,0.00125823885804252,0.0172051227442541,0.00449923797327242,0.000336137792095899,0.072478423586066,0.00180356889747581,0.0213828799416264,0.0294630937086553,0.0222469466892235,0.0103452991697904,0.00859295891019952,0.000163668990369749,0.0495737084961241,0.00351823996741257,0.0106494381454332,0.00342729143667393,0.00251883029324284,0.000208292556104469,0,0.0125182121893363,0,0.0824282000712678,0.0139204044924658,0,0,5.50839264439583e-05,0.000120411086916875,0.000169461792028522,0.00352276421567764,0,0.00831691228002739,0,0.0177939940591136,0.000178785806916999,0.000340388662289619,0.00465827252723823,0.0024546304322774,0.00141278546270704,0.00135180638239212,0,0.00035797802324872,0.00521533271137629,0.00287603786624727,0.00779668929762668,0.00482073174756231,0.0527411562503745,0.426346565677516,0.00165631141786013,0.000251650494599342,0.000129831412192106,0.00472852779827256,0.000139595014733696,0,0.00175228461718344,0.000429047977967024
0.0181237438602553,0.0105834467834128,0,0.00192024450641976,0.000432831732424688,0.158793893455656,0.414182445773686,0.621344415142585,0.00197588929165292,0.109605267890307,0.035295648878202,0.00461377270395088,0.00055449519550128,0.317005243793297,0.0079101909292203,0.0108387780055745,2.70403685385628,0.0110497552017069,0.203413238122479,0.00166845806190391,0.508309209402567,0.00608773177555823,2.97036081831094,0.0544309149384244,0.000329394879905605,2.74526970841297,2.26957611020791,0.282517069243294,0.0601528330369636,0.208939499110576,0.000156771138585758,0.00358093145165992,0.0030921675998446,0.310490535971486,0.136083730547322,0.77896392840989,0.359041137475461,0.367363976498176,0.520590321657597,0.00822150915258217,0.00274201561297274,0.00111851300026359,0.0165710718009329,0.0110836742143925,0.00970444656125368,0.0138941982098198,0.00121471675423055,0.000364981949373246,7.71213874416351e-05,5.77979518286705e-05,0.0188459575499347,0.130048149471555,0,0.000487571345571995,0,0.0034348992143179,0.000654420761948919,0.00333063854335994,0.000325518827783394,0.000693973275264692,0,0.00020470432330513,0.00152066456801081,0.000547064834254551,0.00856874864604195,0.0115932171900812,4.41531751321793e-05,0.00247559232200203,0,0.00217825550179391,0.00920600019269195,0.0181880139337518,0.0113470682917676,0.000594108412611484,0.0378345023368635,0.806918324794562,0.00597926264594908,0.000313311727581692,0.00178752858121414,0,0,0,0.00174018286610107,0.055939264739944
0.000364530230058098,0.00225530627745385,0.00192024450641976,0,0.0013387499293952,0.0052906061543273,0.00787828073126077,0.019109400909502,0.331668226666984,0.387722267012123,0.00492081447222462,0.446295696598955,0.00220847928501992,0.0128863542155657,0.0166130662856593,0,0.000252383455708456,0.000668165475138187,0.00249797102863593,3.20796470173575,0.000109011774480438,0.00249214189010983,0.000224839774192333,0.592190942475424,0.000684485201189041,0.0017490963552496,0.00441625508778291,0.696010900502273,0.0165419529970788,0.000782872879216671,0,0.00173166034193521,3.01274197742939e-05,0.0112769449073895,0.00628153905391274,0.0269903312402247,0.00145700292730923,0.0129129340907352,0.00215165139867697,0.0254207136116938,0.00123035127006116,0.00030795767969799,0.0175389219076976,3.34882110746861e-05,0.0072569435170619,0.00084675368328247,0.0652246769451508,0.00218287413747244,4.78825102035523e-05,0.000111493390474606,0,5.50283952202797e-05,0.187217941028049,0.000717967511944866,0.0360414952502047,0.00630982166761012,0.0132031198306137,0.0533461804626118,0.0648426404336555,0.000165155238996935,0.124955863263051,0,0.00355351094909177,0.00930684849825617,0.000130446003049945,0,0,0,0.0488470525309179,0.000120132033421039,0.000694049041928816,0,0.162508949323285,0,0,0.000110395079600096,0.20117898599451,0.00186114436306262,0.000469818279192161,0,0.0001828784323277,8.75563553010941e-05,0.00318178743942141,0.000801289560902405
0,0.00249416236396699,0.000432831732424688,0.0013387499293952,0,0.16735731956177,0.000693730801218892,0.0219034808274474,0.0239878732305031,0.00400387241514186,0.00142824032330423,0.0263581745494213,0.0048643311265996,0.00113674282756882,0.485841814823176,0.000209550438386154,0,0.000351794648277283,0.000155545696686745,0.00205971977879377,0.00038823147737155,0.00277004590528274,0.000178119980570841,0.0139693765401362,0.000741763151725578,0.000611108300130081,0.00750872610046973,0.00316846997249026,0.00376094496710806,0.000258453370201445,0,0.0253197710576959,0,0.163961375043493,0.0103915973268787,0.0364182416596275,0.000874334310649583,0.00386631800104894,0.0031966684655817,0.747134449958385,0.923923754960037,0.00124919646651039,0.00128989398029022,0.000177991929753589,0.000189559400014115,0.00125946264734688,0.00273036427985039,0.000385914082286358,6.2636415446949e-05,0,0,0.000127978820726585,0.00175180794469966,0,0.000950375171561098,0.000439297392801094,0,0.000856796703193954,0.000655344026661348,0,0.00263269386328258,0,0,0.000518971215224648,0.000232234791644669,0,0,0,0.000855671776448535,0,0.00049308009046669,0,0.00288029800512176,0,0,0.000214813078075218,0.00291054501311464,5.15667653226852e-05,0,0,0,0,0.00143749695326634,0.0173852302175421
0.00353221451002426,0.00115297094074588,0.158793893455656,0.0052906061543273,0.16735731956177,0,0.52581763613006,2.39806465697674,0.0424980481572145,2.15968836547951,0.0443157372075693,1.82337598680078,0.0243530380973417,0.0932098432652614,0.322612532061158,0.000472624352078009,0.0221404363062813,0.00998792577129345,0.0162771000702874,0.0297565583075264,0.0260326917957073,0.00140424305939408,0.0569353439911354,0.0228914649725605,0.000571818690872097,0.0417844652164361,0.0244173879982357,0.239104368117712,0.0887288866251619,0.0154071727545428,0.000881987542227455,0.120259179460402,0.00051176884381485,0.0577449124347287,0.468010432651953,0.197322592127634,0.0169348690319783,0.0411195708654399,0.0180942781909324,0.485082100862264,0.036413936069346,0.0046836529092772,0.0109593690357918,0.000854468353983593,0.00437116105816545,0.00216658049916973,0.0440664150798686,0.00117944915102086,0.000401767566909647,0,0,0.000286323497282028,0.0152176348635284,0.00086883950415268,0.0133464926135714,0.00277804098642669,0.0043028059652368,0.00460789486694722,0.00856873376763612,6.07098792144775e-05,0.0267882864370033,7.85723908236504e-05,0.00181179793952885,0.00457140223625064,0.000644015727784204,0,0,0,0.00578906966539993,0.000177904867832375,0.000900907390976523,0.000208664837165213,0.029680761972506,0,0,0.00226352658652959,0.0277839751401511,0.00135618773933773,0.000929926470597696,0,0.00079966437050538,0.000144553607327843,0.00730366897852717,0.0209436943920858
0.273225158712433,0.000306681027579689,0.414182445773686,0.00787828073126077,0.000693730801218892,0.52581763613006,0,1.59410257108392,0.00514900184728289,2.98253496732661,0.0252353736067678,0.00940175808866605,0.00493037682209153,2.37522439852156,0.0056754817653327,0.00118727198075761,0.0926723248057925,0.0076862708189034,0.0240712375671849,0.0024629055423018,0.214912043896052,0.000574874060442257,0.275824838083175,0.164156741542384,0,0.0712148561513236,0.0549352158712117,7.71968981314043,0.151991587324029,0.980432132497043,0.000660031947497415,0.0110244674508837,0.00499008574442926,0.0732551998085736,0.0336877686269193,0.0950397540566954,0.0247764054656231,0.0838772127109684,0.0423763281799489,0.00994610275716122,0.00207244478548489,0.00142420950847153,0.00422351367233953,8.4214773518467e-05,0.00142066553943472,0.000401687062302112,0.000873732632266853,0,0.000125333426031494,0,5.57123622041702e-05,0.00311553362818584,0.000607024288932228,0.0001069922835886,0.000240299595100403,0.00203189729647212,0.000477302652993775,0.0032312331854105,0.000704667533710432,8.292231814785e-05,0.000902943511418008,0,0.000252192575971222,0.000106023569996071,0.00423455660046296,0,0,0,0.000367339547487592,0.000744738539757156,0.00176321938374434,0.00227042512057743,0.0160808434823956,0,0,0.0176640015416841,0.00787689439133043,0.000571380076076698,0.000557037853894901,0,0,0,0.000695858006411409,0.00243541200717874
0.177971742667963,0.00132956279685049,0.621344415142585,0.019109400909502,0.0219034808274474,2.39806465697674,1.59410257108392,0,0.0273722797169411,1.6676658005384,0.0541794159948416,0.701889449146297,0.0521872719842484,1.42003996562227,0.0967084375082526,0.000622519643152427,0.455908611523825,0.0116914941392127,0.0948316891240262,0.109011329836452,0.166280589799656,0.00207746871621385,0.326476669731403,0.0865621203291201,0.000877101989768931,0.206013368270001,0.0883272442789376,0.499294158996655,0.437381140586869,0.575611942053427,0.00110439189726906,0.0758706394136318,0.00470084877582359,0.214849727093424,0.0310454556544712,0.470221574292242,0.0452594612238474,0.109079239287267,0.0775829438820983,0.21009995428109,0.0265713094201444,0.00696365782798782,0.0153250515809319,0.00242686732207222,0.00719317976925773,0.00238419319389324,0.0326291314762157,0.00159251986906748,0.000997049384903525,3.68950172814846e-05,0,0.00135125895662007,0.00494937301111174,0.000473792885591126,0.00687087063912764,0.00597670434855184,0.00219975718351617,0.0126180477348591,0.00173008350383,0.000361005035911703,0.0194710924607794,0.000194355525370073,0.00053824033505435,0.00241383753043046,0.00521346397299962,0,0,0,0.00275370569615493,0.0014458935492136,0.00468245995324511,0.000724450976880884,0.0799862286227559,0,4.10770723216533e-05,0.0112932488200803,0.0295267996712382,0.000557174453225517,0.00185062485007749,0.000221724266854048,0.000517345875740337,0,0.0140691511392819,0.00138456866472917
0.00218961035336938,0.224966159221961,0.00197588929165292,0.331668226666984,0.0239878732305031,0.0424980481572145,0.00514900184728289,0.0273722797169411,0,0.0690019457243121,0.0292282587665165,0.286074720644492,0.0791215886623402,0.0224327298017788,0.121468169064445,0.0528433566765466,0.00159823206756949,0.00351607059073334,0.0044352726695652,0.163264145188941,0.0127661567454606,0.423586076072694,0.00801909578537455,2.29454367765321,0.0821699989188507,0.0148824306863401,0.489121993215491,0.406149124963898,0.0542738244523451,0.0193232924007285,0.0127376645579964,0.00622905302901912,0.00307969239269152,0.0355304555089179,0.0231988099489973,0.0797739975115798,0.0131706770524381,0.0313041914162075,0.00866905708632828,0.0936246066950849,0.00396228367272778,0.00870880335752397,0.0336133376812752,0.00129428791363282,0.0117868895292804,0.00252670462884655,0.0269987420449484,0.00217356459163141,0.0018730438860857,0.000642529997172165,0.00472972627053423,0.000556315695296764,0.0922466111270732,0.00282989069162226,0.0144737113056297,0.013654829204924,0.00699942102260518,0.18986192850341,0.0252486714598767,0.00334103753822613,0.0336609204881304,0.00352666102125545,0.00895812976832553,0.0078574271799819,0.0623749621929168,0,0.000481842201657438,0.000382814742074442,0.0140603944444739,0.00822793091307011,0.126888187256009,0.0108627097089824,0.367314368087849,0.000395245796648741,0.00121772540894213,0.0152160560569656,0.153140774490102,0.0099404248967461,0.00597655891516781,0.000333888353017188,0.000558211347718906,0.000190923093838405,0.00658463927020765,0.00992522916248651
0.0074142336209095,0.00108891827946978,0.109605267890307,0.387722267012123,0.00400387241514186,2.15968836547951,2.98253496732661,1.6676658005384,0.0690019457243121,0,0.174953897126979,0.997665661276519,0.0369569052585406,0.318880080461578,0.0215840563493105,0.000173079907984542,0.0200398719605788,0.0468552446843586,0.0687431239215235,0.998013466730591,0.0199594832241884,0.000406055203544235,0.0367165370024278,0.110445087192893,0.000248990873439503,0.0988816480858065,0.0376489907830094,2.14705482387878,0.280710830982182,0.0220496410271651,0.00259462540776896,0.0681754190150855,0.000912587222512623,0.177465141548301,0.117780993297583,0.367480610809942,0.0452314412008717,0.181233526289371,0.0371574585672839,0.0619619028080308,0.0144244051988358,0.0119841625361694,0.0321055376883973,0.00218443880095825,0.0160211582952591,0.0026588198864307,0.057730738837848,0.00140695365577121,0.000603287130568695,5.44085559845925e-05,0.000114240462698746,0.000313793549894094,0.0612749408475555,0.00130898794782791,0.0244130322236576,0.015220490410651,0.0152068035787053,0.0310090664625551,0.0652314656422993,5.93036475025177e-05,0.0699280626331903,0,0.00159851717047148,0.00613638878410492,0.000420480899444771,0,0,0,0.0166045584124779,8.88781783401487e-05,0.00048284911191802,0.000324674382234096,0.201698149961907,0,0,0.00294615362695856,0.189729083299312,0.00153543204019723,0.00230983969783082,0,7.2664137486744e-05,0.000273171891219997,0.00987124813577315,0.00805378054068379
0.00342772972297192,0.0572509150859983,0.035295648878202,0.00492081447222462,0.00142824032330423,0.0443157372075693,0.0252353736067678,0.0541794159948416,0.0292282587665165,0.174953897126979,0,0.114865284517446,0.415975455344291,0.0445771553351208,0.00899085815731061,0.000921487837089583,0.0646052326795877,0.720848763691679,0.480990909635879,0.0232670567464376,0.0126955743465979,0.0356391458891132,0.047451248309711,0.0367155937019003,0.0777682505596986,0.485525090816115,0.120932811880402,0.0865486927587011,0.413423578532537,0.0187330404567397,0.061582710419529,0.215792150378724,0.00332724703502484,0.920390336431193,0.014279242089833,0.213141469942995,0.960753044642706,0.908039706535961,0.162025947262973,0.0139086125194947,0.00394592403676853,0.130769652884135,0.00266556299066563,0.0495121725192041,0.00390748527117863,0.00107182474997415,0.00346302486437216,0.000210669219703102,0.0156840795779246,0,0.00533810848437085,0.000415591498512745,0.00014189947460165,0,0.000150913296966744,0.000217621801682472,0.000138881194915962,0.00455084407742338,0.00018925242929225,0.0640403758772793,0.00180484975436096,0.232598351657627,0.000422289697151756,0.000184310926144123,0.000241893798084069,0,0.00277325732375708,0,0,0,0.000547627747416019,3.1041817583561e-05,0.0111301280918876,0.0145219562748215,0.0367446749357583,0.150525397372832,0,0.000434392688943577,0.00010738398390007,0.0598976186082657,0.000458314315061664,0,0.010949085093353,0.00460747605043802
0.00144395685230355,0.00632622788197517,0.00461377270395088,0.446295696598955,0.0263581745494213,1.82337598680078,0.00940175808866605,0.701889449146297,0.286074720644492,0.997665661276519,0.114865284517446,0,0.0272572400680554,0.114847833915056,0.165794604677108,0.000362794500282669,0.0032858106320211,0.030127420893712,0.033476915832756,1.58946345445356,0.00109528642159972,0.00842927293651366,0.00223326924602971,0.0976881147877497,0.00183390182522969,0.0497867461796251,0.0274753006437282,0.208058347263232,0.143849046749098,0.00459642147076416,0.00284632571015634,0.070271998793337,0,0.075572946408736,0.26134435799492,0.146765879150836,0.0189727594099262,0.0825969441924782,0.0184297027936729,0.306324627633991,0.00779340758323355,0.00963500986786102,0.0194752059293508,0.00122339149651542,0.0084392780073936,0.00361422926816278,0.108651526042288,0.00239562568204117,0.000547184556399012,0.000177901178553772,5.85537081311226e-05,4.74425965799332e-05,0.0766154327568645,0.00270454241245403,0.0402190601249781,0.0039526679723546,0.00973144083590567,0.0218243509335619,0.0413330214752388,0.00122881584537172,0.144283797913368,0.000191673199985409,0.00637438289594159,0.0140564747754764,0.000485085029537964,0,0.000217735075170088,3.86122753948689e-05,0.0642292368816925,0.000219964650263119,0.000749942474432182,7.84013902335167e-05,0.0769751842971984,3.52481460554123e-05,0.000161590473547173,0.000168750797288514,0.0860245788129234,0.00212139020212288,0.000417524303991938,0,0.00189164502412086,8.32123207150459e-05,0.00812843385127836,0.0134779449456942
0.000334926278487062,0.226445679448962,0.00055449519550128,0.00220847928501992,0.0048643311265996,0.0243530380973417,0.00493037682209153,0.0521872719842484,0.0791215886623402,0.0369569052585406,0.415975455344291,0.0272572400680554,0,0.012370034449496,0.0193347764073779,0.00348503159317369,0.000141862071381188,0.0018536722422144,0.000956491505264997,0.00447815680613827,0.0032273509676446,0.160005902246543,0.000984637506997255,0.0882079716528594,1.41925812388884,0.0222822856774473,0.216457887659127,0.0336389356701061,0.0776878049932564,0.00662483251772127,0.175267224311628,0.116680007243771,0.000453505360618401,0.557629499067159,0.0089562105752736,0.119063393304367,0.24179053850644,0.186136418850074,0.0796158297586755,0.10459129824895,0.127182100928527,0.375474948809364,0.0386930946068995,0.16451837220414,0.0189336462492615,0.00476397008882408,0.11229961268186,0.00479672428759795,0.126340664038996,0.0004497929962286,0.0187067914113117,0.000174934715544128,0.000568354976279402,0.000756094816506004,0.00732282033961616,0.0125009815222797,0.00996662344201466,0.00252044880250793,0.00331164972784314,0.258655709879103,0.00399030869897161,0.778535031694873,0.0113236468231712,0.00103891236706295,0.00172127921480122,0.000181337948778153,0.00575730762229915,0.000936709474633405,0.000782268310056734,0.00130195949810829,0.00335733265729409,0.000474270237811851,0.0272715822776028,0.0949052861764686,0.0512310099142089,0.355724936600469,0.0248668273290991,0.00741204933044786,0.00524796990189967,0.161536043861224,0.00536313429641328,0.000249341087055015,0.0850113229956716,0.00564530451755514
1.4382780709384,0.00117097806702247,0.317005243793297,0.0128863542155657,0.00113674282756882,0.0932098432652614,2.37522439852156,1.42003996562227,0.0224327298017788,0.318880080461578,0.0445771553351208,0.114847833915056,0.012370034449496,0,0.0128992253000011,0.00122412206970105,0.506372794729913,0.00952127398981827,0.119922862523507,0.028066502277519,0.118491467485435,0.0018689362635048,0.21715709019369,0.149876442762299,0.000292436318590546,0.15469525305523,0.0767830528205842,0.518531377054357,2.04464419247191,1.52005135338023,0.000651330407404613,0.039118556757679,0.00992396472794498,0.26628422651972,0.0224835631359884,0.151179433110548,0.025894925551323,0.11149517968376,0.0570053298311211,0.0203836470015901,0.00484647243314109,0.00303102626455135,0.0100157761708411,0.000434449721147728,0.00513343874678917,0.000707144982841301,0.00851920628896461,0.00063600164685545,0.000323607705660152,0.000372032772293377,0.000152703365267563,0.000961106403653766,0.000680671669704628,0,0.000458617669785118,0.00756055348805666,0.000469954267012215,0.0139431894417389,0.000724876583178854,0.000123607156981468,0.0035453136954804,0.000106157205269289,0.000501886193811942,0.000374602127418805,0.00693000518627119,0,0,0,0.000367570508962631,0.00127350652818108,0.00488102253736205,0.000162441372807121,0.0976322917118103,6.52226502854347e-05,0,0.0051502073317008,0.0266006926543058,0.000804914155838108,0.00236791152553076,0,0.000264575134220218,0,0.00502336274177704,0.00135303078320704
0.00115915016148853,0.0264135516977071,0.0079101909292203,0.0166130662856593,0.485841814823176,0.322612532061158,0.0056754817653327,0.0967084375082526,0.121468169064445,0.0215840563493105,0.00899085815731061,0.165794604677108,0.0193347764073779,0.0128992253000011,0,0.0059527304913456,0.0036491321053217,0.00226998542932129,0.0026876190446167,0.0132345615104059,0.0224970862271366,0.0256696868726184,0.0400913931948538,0.122302080753,0.00767926060837073,0.00781349693329964,0.0679199537672441,0.0707039294965335,0.0216746064177448,0.0288224231837059,0.000900283071541547,0.0775414606960095,0.000519579087047005,0.0213398229522433,0.286404877888552,0.0884576480448014,0.0172451179330986,0.0174336968011942,0.023942000907134,0.603601008021882,0.0308922733728298,0.00200281109724942,0.0204592390743942,0.00157507433943581,0.00618187175970941,0.00272607464443541,0.0358493134957985,0.0024305874440547,0.000428461081967735,6.49702783599854e-05,0.000341087118536186,0.000438076155668926,0.0176257235376727,9.73045513141628e-05,0.0122797212731785,0.0102762411808463,0.00454315984832453,0.0107826449316838,0.00754754492998209,0.000608065388192463,0.0171969916955053,0.000150869470358467,0.0046682037241045,0.00384237782746172,0.00327778349711065,8.18898457349777e-05,0.000128900544028092,0,0.00428284435012507,0.00146827926294994,0.00282413416365824,0.000805258006711483,0.0658813370461465,5.9856033585453e-05,0.000331487438729,0.00198741766819477,0.0465753790089993,0.00234347749146452,0.00405985834240823,4.25458726825714e-05,0.00119956853333091,0,0.00912706995953222,0.0394797360917895
7.89230188512802e-05,0.0349308110305348,0.0108387780055745,0,0.000209550438386154,0.000472624352078009,0.00118727198075761,0.000622519643152427,0.0528433566765466,0.000173079907984542,0.000921487837089583,0.000362794500282669,0.00348503159317369,0.00122412206970105,0.0059527304913456,0,0.00853878366570984,0.000213680034916878,0.00133898737237682,5.2858836604023e-05,0.867522333344481,0.725183148451527,0.52698802164082,0.61831219967698,0.00523748123987513,0.00758470557279606,0.787989224239394,0.391183270285746,0.0029652503589283,0.00240919107354822,0.000129419840314245,5.97374611819267e-05,0.000811637711950254,0.0145682239599847,0.107499713600722,0.492425604295853,0.253817644293555,0.0604948057668284,0.121816686518959,0.000831308488089848,0.00215789153042011,0.000748472109918213,0.022449849669186,0.00315007204295283,0.00473169701493735,0.00390839804418917,0.00359862648265505,0.000313643545342255,0,0.000277631698400879,0.00151229162387705,0.0157924047144846,0,9.42992245340345e-05,0.000243299663395071,0.011989595777198,0.00375693869608569,0.00102372532282329,0.00156612596133547,0.000175460917856598,6.81402379343033e-05,0.000110209132377815,0.0062844841266872,0.000281051401921368,1.36295803810187,0.0010327200872848,0,0.00016939057884388,0.000118991227616215,0.127290701540489,0.347718724875177,0.548195426650385,0.182776789311094,0,0.00149274069117327,0.370023468497887,0.164698392941477,0.00553064561738267,0.00844600856808128,0.000105647041211128,4.91709073677063e-05,0.000416575489761734,0.00290867809916205,0.015622914537753
0.0769240275396005,0.0110262816384751,2.70403685385628,0.000252383455708456,0,0.0221404363062813,0.0926723248057925,0.455908611523825,0.00159823206756949,0.0200398719605788,0.0646052326795877,0.0032858106320211,0.000141862071381188,0.506372794729913,0.0036491321053217,0.00853878366570984,0,0.0341352607464286,0.892259805655912,0.00104303519907393,0.291441866599285,0.00441207028599901,1.71520604399173,0.0227310620171499,0.000372931096471691,1.52517182980875,1.59657653257548,0.176389244645886,0.274508244477775,0.731702631983845,0,0.00325164870813551,0.00667731384257502,0.890097205221252,0.041873647209396,0.215132332260298,0.16297807233771,0.23983495386711,0.169705811452485,0.0020472901114893,0.000907484813752456,0.000316809123266507,0.00176267248862195,0.00161346828534451,0.000857568143984268,0.00196021915912237,7.13544486366272e-05,0.000117689134636975,0,3.91386672250748e-05,0.00428100067357387,0.0240908374308413,0,5.31394694143295e-05,0,0.000110551002159118,0,0.000285412563856983,0,6.17849349992752e-05,0,0,0,0,0.00170670458828268,0.00149318772055616,0.000134877963758087,9.51373983097076e-05,0,0.000817904553059721,0.00347748422367649,0.00263689790490708,0.00165935308150759,8.50812940937042e-05,0.0102448304379294,0.161611868975144,0.00120250449914641,7.3168770153904e-05,4.36722347089767e-05,0,0,0,0.000157873131158161,0.0082170253019178
0.000892224966906068,0.00166415733085718,0.0110497552017069,0.000668165475138187,0.000351794648277283,0.00998792577129345,0.0076862708189034,0.0116914941392127,0.00351607059073334,0.0468552446843586,0.720848763691679,0.030127420893712,0.0018536722422144,0.00952127398981827,0.00226998542932129,0.000213680034916878,0.0341352607464286,0,0.517650956866767,0.0060295491027246,0.00470949874940376,0.00135253933086672,0.0152531802946858,0.00700902911194606,0.00426422222363234,0.325685030787622,0.115211640029429,0.0231287310987603,0.0766543855198247,0.00511000063095479,0.00528299307018671,0.0248621906664934,0.00108192094098177,0.126026966256205,0.0124625509135331,0.129223763538254,0.544514895789775,0.458476783174161,0.0950930747126458,0.00356659408365908,0.000231755953604889,0.000217016224288178,0.000716301989646625,0.00774341711020498,0.00231645382892885,0.00162726228072595,9.44944530715946e-05,0.000261627617930413,0.000218161992930793,0,0.00297734660388871,0.000299732241008854,0,9.52984125785823e-05,0,0,0,0.00146085262383156,0,0.00322015506510687,0.000418996328681278,0.0169597917160493,0,0,0,5.32938076050758e-05,0.00936473548299051,0.000312685788401795,0,0,0.000387777794652653,0,8.02254251665116e-05,0.00387971832513447,0.0744441291547861,0.192464544903793,0,0,0,0.00934113190806465,0,0,0.000307651201722241,0.00158218009975739
0.0210403887695689,0.00306689449747896,0.203413238122479,0.00249797102863593,0.000155545696686745,0.0162771000702874,0.0240712375671849,0.0948316891240262,0.0044352726695652,0.0687431239215235,0.480990909635879,0.033476915832756,0.000956491505264997,0.119922862523507,0.0026876190446167,0.00133898737237682,0.892259805655912,0.517650956866767,0,0.00789102188991685,0.0492713908010898,0.00215726880293412,0.221174636404484,0.0166832935864026,0.0025519104094584,1.04753830964505,0.368003883127667,0.0544222127893479,0.149509038579155,0.0732522158720287,0.00159050721092176,0.0137879801491419,0.00624663254516353,0.742967157071271,0.0349605281216676,0.329187570681228,0.556769203166598,0.531779364218525,0.257452081724243,0.00421714311196328,0.00044789424329629,0.000320005238815356,0.000735986325148535,0.0027712555919406,0.00156962494896927,0.00102483232119083,0.000547112436056137,0,0,0,0.00396159173589134,0.00444198186781363,8.36649648767471e-05,0,0,0,0,0.00212107925405545,0,0.000389284718401432,0.000341633154511499,0.00307955622798825,0,0,0.000212029507261944,0.0007730241655231,0.00295051920592089,0.00211857423135738,0,4.09289907431126e-05,0.000495169677651977,0.000436488656559324,0.000756349765872669,0.00132235277903176,0.0527582976192006,0.138628243217853,0,0,0,0.00227168029907275,0,0,0,0.0107474781392754
0.000479078323000431,0.00213976499028125,0.00166845806190391,3.20796470173575,0.00205971977879377,0.0297565583075264,0.0024629055423018,0.109011329836452,0.163264145188941,0.998013466730591,0.0232670567464376,1.58946345445356,0.00447815680613827,0.028066502277519,0.0132345615104059,5.2858836604023e-05,0.00104303519907393,0.0060295491027246,0.00789102188991685,0,0.0001724785404109,0.00309272275288649,0.000543909133994723,0.154477231141175,0.000737546331551838,0.0125272186268269,0.00717140269046851,0.756413952464866,0.0336234906897003,0.00196226013121791,0.000444003087873936,0.0101208550012383,5.0711449036026e-05,0.0177585270920893,0.00451751069728556,0.043851299950952,0.00466714619744687,0.0167662361109315,0.00326632277713726,0.0257294434081288,0.00201398664230408,0.00186660472281575,0.00807783983753944,0.000458932729123974,0.003159126331145,0.000693010244677353,0.0242431959268935,0.000851188115301899,0.000198981456218004,0,0,0,0.0416601942925345,0.00113790605205841,0.0132000133013623,0.00217885590409055,0.00436361117692652,0.0117485126096452,0.0275374082516256,0.000237505641242075,0.0454825120542107,0,0.00194113374767876,0.00446207885670795,0.000216916492474556,0,0,0,0.0093193059993989,0,0.000811916234796429,0,0.0475586664194382,0,0,0.000159803680112839,0.0581242207272243,0.000864417302344517,0.000432703653811502,0,0.000269868645085096,0,0.0018581921896903,0.000379966095924282
0.00941678786856109,0.00624429360317516,0.508309209402567,0.000109011774480438,0.00038823147737155,0.0260326917957073,0.214912043896052,0.166280589799656,0.0127661567454606,0.0199594832241884,0.0126955743465979,0.00109528642159972,0.0032273509676446,0.118491467485435,0.0224970862271366,0.867522333344481,0.291441866599285,0.00470949874940376,0.0492713908010898,0.0001724785404109,0,0.0535880985871925,4.78283771492232,0.0601095800634989,0.000857130580380581,0.0716900509122456,0.407093260357483,1.23345001280199,0.0390339311981496,2.44787446145591,0,0.00125216983807325,0.00509662799920091,1.19744082888803,0.432247453202917,1.06400073079881,0.148248779285159,0.882669601139201,0.583823185558349,0.00493729542985802,0.00810382251957932,0.00136756666471954,0.0172458461992217,0.000998330029528809,0.00316581012643605,0.00289275675708151,0.00355877890285816,0.000603125327906037,0.000120048104859734,0.0010338383430059,0.000528386936482334,0.00626929879821477,0,0.000331670624046135,0.000216000591157913,0.0113667722638338,0.00430759114404831,0.00107343755096502,0.00100624263508077,0,0.000158961369796705,0,0.00625702073246493,0.000459657389356232,0.287246192139893,0.000574523561286688,0,5.1919379496193e-05,5.71411439998627e-05,0.102240949738887,0.0889095485742813,0.0594425082750024,0.102475314967633,0,0.000302960038869429,0.0544928339281628,0.141031966939708,0.00516680159061775,0.0154112848522692,0,0,0.000172328897206211,0.00156977891317834,0.040853718828938
0.000329086398095655,0.34487748354938,0.00608773177555823,0.00249214189010983,0.00277004590528274,0.00140424305939408,0.000574874060442257,0.00207746871621385,0.423586076072694,0.000406055203544235,0.0356391458891132,0.00842927293651366,0.160005902246543,0.0018689362635048,0.0256696868726184,0.725183148451527,0.00441207028599901,0.00135253933086672,0.00215726880293412,0.00309272275288649,0.0535880985871925,0,0.0412668368026005,1.57940074011413,0.146035586486828,0.0328506042783025,1.82424409036839,0.0531684330258996,0.00810960584535127,0.00439952324909692,0.0228986785785817,0.0022685112795064,0.000633007471298933,0.040290484702758,0.00591502358260813,0.0248350240494657,0.0203489040239054,0.014608709911325,0.00817469066317734,0.00608374632116404,0.000332999780158138,0.027792338426461,0.0145167622304454,0.0106907621618923,0.00472484887239218,0.0048256785875299,0.000766327541144753,8.33240351034164e-05,0.00774869004197059,7.91222651648521e-05,0.159668225229295,0.0208666556065813,0.000200256882788276,0.000183842347331143,0.000360749189494419,0.0028717408623827,0.000654304451123715,0.0096290128418895,0.000960671480663873,0.0059316218643549,0.000369436945330525,0.026447496580827,0.00126902806740112,0.000401286684605217,0.238848713462054,0.00314757264261427,0.000825550090217495,0.00154609473509569,5.83662574014664e-05,0.0148668300234311,0.162817464912876,0.0701892434339976,0.0777874958533585,0.0321301183182231,0.0262805929952273,0.704747417922812,0.0359583110134913,0.000930676008191489,0.00174708286575274,0.00253637175927959,0.000198955557987595,6.09343895057678e-05,0.00180025270854297,0.00227168941108551
0.0178618168346242,0.00273652281536383,2.97036081831094,0.000224839774192333,0.000178119980570841,0.0569353439911354,0.275824838083175,0.326476669731403,0.00801909578537455,0.0367165370024278,0.047451248309711,0.00223326924602971,0.000984637506997255,0.21715709019369,0.0400913931948538,0.52698802164082,1.71520604399173,0.0152531802946858,0.221174636404484,0.000543909133994723,4.78283771492232,0.0412668368026005,0,0.131074809564969,0.000206090253877163,0.461721392812002,2.14099265486954,1.04017735308343,0.0613246067272396,0.821058597518248,0.000104182448143959,0.00235349274829107,0.00545902945233273,0.969516790842091,0.834243514617538,2.73045602721607,1.08186490086506,1.4306620223437,1.81189490321356,0.00631600506532369,0.0112658908179348,0.00165304313901105,0.0121319588576672,0.00271548465359445,0.00225280238175459,0.0101571762131423,0.00283417489924927,0.000250856541628838,0.000134304983414459,0.000246571856417131,0.000997806207559111,0.0588691321475875,0,0.000524489415790939,0.00041216787829237,0.0114811593601956,0.00145105520879888,0.00120002755539618,0.00144424171767664,0,0,9.07864349552152e-05,0.00149392120978804,0.000482276684966183,0.546838908563944,0.00123271946095352,0,0.000107864509911156,0,0.0447759151970937,0.086462451047508,0.27764503318215,0.0654256047131453,0,0.00165647831223264,0.39156270264666,0.0599244179955121,0.000266140411743498,0.00286172747293759,0,0,0.000101153045030594,0.000827282259586382,0.144180694607011
0.0235094086013098,0.307608794960631,0.0544309149384244,0.592190942475424,0.0139693765401362,0.0228914649725605,0.164156741542384,0.0865621203291201,2.29454367765321,0.110445087192893,0.0367155937019003,0.0976881147877497,0.0882079716528594,0.149876442762299,0.122302080753,0.61831219967698,0.0227310620171499,0.00700902911194606,0.0166832935864026,0.154477231141175,0.0601095800634989,1.57940074011413,0.131074809564969,0,0.0891710561946345,0.0411931689362242,1.05988077071434,1.82840891486279,0.405264630996542,0.119128910750755,0.00885954001637969,0.011707913629927,0.0556951891681938,0.158877823495201,0.219767183452865,0.493072610646368,0.0937935995848566,0.17746966765384,0.0875515447167981,0.0737527047439892,0.0139741015407491,0.00772282062836451,0.538689468536436,0.00650398629050083,0.166147074733747,0.0215469393536947,0.171971576352138,0.0272226562296774,0.0023770939454011,0.00749752536219063,0.00619379948044476,0.0124471752738767,0.10698100238109,0.00388682870716191,0.0431461866209874,0.213830719900564,0.0794836798193456,0.512153103707998,0.0821054516162825,0.00885497596686307,0.0420372449158278,0.00140815133458528,0.0965495974980336,0.0202618462569191,0.308874025092593,0.000775338657196569,0.000239412980591297,0.000373374818138361,0.0188878352058208,0.0812366182626121,0.249911218353243,0.0652166315584189,2.61399378035947,0.000545514937990761,0.00161252569234986,0.163817201181698,1.10285038543417,0.123257717669727,0.0996603183713136,0,0.00258726730837169,0.00544098334604812,0.0910213467985983,0.0939422819851601
0.000272656589967728,0.191958475348533,0.000329394879905605,0.000684485201189041,0.000741763151725578,0.000571818690872097,0,0.000877101989768931,0.0821699989188507,0.000248990873439503,0.0777682505596986,0.00183390182522969,1.41925812388884,0.000292436318590546,0.00767926060837073,0.00523748123987513,0.000372931096471691,0.00426422222363234,0.0025519104094584,0.000737546331551838,0.000857130580380581,0.146035586486828,0.000206090253877163,0.0891710561946345,0,0.0680907252986608,1.00956981349774,0.00230175351930132,0.00362423825068879,0.000214286153068448,0.105035779325824,0.00516122237292104,0,0.171995443429998,0.000314534849783611,0.00388276351381182,0.0266210825264369,0.00822172606700258,0.0017618069964963,0.00266968385169215,0.000123669081270123,0.093756609409456,0.000844771236790848,0.0248789435138522,0.00285105300519733,0.000316703230862999,0.000271441584178734,0,0.0634517530934524,0,0.0235714076761899,0.000279116531962299,0,0.000128081311918449,0.000131763611214543,0.000140004928963089,0.000331445469394541,0.00220344715701713,0.000275838332491446,0.0816220560868268,0.000252388567633534,0.537492831405334,0.000455455614363861,0.000122970508786011,0.000434030346192932,0.000160362282377529,0.00163654826572199,0.000387553312157298,0,0,0.00245559313184042,0,0.00222789944037795,0.130528727183079,0.0216972636623863,0.227540421605945,5.07900357240677e-05,0.00100997960898037,0,0.0738565504873419,0.000908109297436141,0,0.0504231121882268,0
0.0147643032780398,0.0568191355181427,2.74526970841297,0.0017490963552496,0.000611108300130081,0.0417844652164361,0.0712148561513236,0.206013368270001,0.0148824306863401,0.0988816480858065,0.485525090816115,0.0497867461796251,0.0222822856774473,0.15469525305523,0.00781349693329964,0.00758470557279606,1.52517182980875,0.325685030787622,1.04753830964505,0.0125272186268269,0.0716900509122456,0.0328506042783025,0.461721392812002,0.0411931689362242,0.0680907252986608,0,2.66220513329689,0.090732620398355,0.155186758195188,0.0786440230825465,0.0740911880353871,0.0412702449051086,0.00335843685837984,0.49551522445893,0.105376840285859,0.940878100626185,1.90967092524491,1.00150543625476,0.579617519961421,0.00942532556678041,0.00220632170392461,0.00521373155435514,0.0235399639976173,0.117036985515476,0.0393467882777353,0.0253996289599603,0.000567860089877701,4.14283952476502e-05,0.00256956319063282,0,0.0832629136674855,0.103197461194052,3.80881400891781e-05,0.00051347150148182,0,0.000180754486840248,0.000189936883968449,0.00399668352728729,0,0.0601666688677537,0.000586371962532091,0.404126969275802,0.000151016328915882,0.000127782813902855,0.00271125459750199,0.0232133925908526,0.0585184400958125,0.0446752101416692,0,0.000730596855136442,0.00948786993725311,0.00607691840647859,0.0026352056555542,0.045102037446823,0.961303549044466,3.20218315367933,0.000837575877537299,0.000340282587949085,0.000171925080394125,0.157929477105954,0,0,0.00694259473073812,0.0358420378164013
0.00919357253680247,3.0256575170782,2.26957611020791,0.00441625508778291,0.00750872610046973,0.0244173879982357,0.0549352158712117,0.0883272442789376,0.489121993215491,0.0376489907830094,0.120932811880402,0.0274753006437282,0.216457887659127,0.0767830528205842,0.0679199537672441,0.787989224239394,1.59657653257548,0.115211640029429,0.368003883127667,0.00717140269046851,0.407093260357483,1.82424409036839,2.14099265486954,1.05988077071434,1.00956981349774,2.66220513329689,0,0.79290904376119,0.0805179754181114,0.0794931548495472,0.153235357541452,0.0086383273059074,0.00574527213925195,0.692210948754596,0.441607829242265,2.50893940979601,1.55766974241595,1.1450814379139,1.42983377257333,0.0287082478064517,0.00643865617607813,0.00705817586211962,0.182086781638873,0.249216633297037,0.127513997265671,0.130912141938307,0.00670477839411893,0.000453847867179298,0.00410413086064939,0.000110059350193453,0.916909975836189,0.943396318936329,0.000510856414463138,0.00130552732363777,0.000857779461314198,0.0497490683959733,0.0089650628097628,0.0359102866707407,0.00837641003412246,0.0366982204290643,0.000499403094525623,0.354572648618473,0.0124171569379846,0.00504509398254308,0.631332077466537,0.11681699722856,0.0577772309423341,0.0757709110795559,0.000149960897060967,0.0428620874807434,0.33148316592276,0.577940729011852,0.186210742035932,0.146845848365711,1.45308096924067,14.3725830673413,0.123088386109233,0.00147650983630628,0.00814796034124794,0.0931750984454643,0.000127238223316145,0.000251606748851967,0.0197274526391682,0.148103927821649
