0,0.85275810956955,85.7735640108585,2.71216553449631,2.09526687860489,25.4365084171295,5109.38045287132,1349.9600520432,0.478741943836212,81.0256795287132,83.9984630048275,9.19778096675873,27.0943315923214,10990.3957549036,7.63861992955208,2.00219333171844,864.932977437973,33.1636021733284,233.763018935919,11.386540800333,213.56813532114,0.832076609134674,793.829319804907,16.9601878225803,0,108.600854068995,127.276440531015,112.368801444769,10208.7230478525,10388.6496202946,3.55531141161919,8.7171795964241,43.7532250285149,358.682368695736,35.5228337645531,132.773126721382,52.3379763364792,204.579606533051,112.951243072748,13.5272041559219,3.53837943077087,6.55294847488403,8.07318007946014,0,1.06231153011322,0,0.518724203109741,0.615801453590393,0,0,0,0,0.470349788665771,0,0,0.436192661523819,1.79395785927773,2.74025803804398,0.559511244297028,0.799976229667664,0,0,0,1.38253140449524,3.58854931592941,0,0,0,0,2.67829692363739,3.33492076396942,0,45.8133021593094,1.13509953022003,0,0.345434814691544,15.2671275138855,1.89555487036705,1.88686230778694,0,0,2.22109484672546,0.676071107387543,2.6323938369751
0.85275810956955,0,63.2180835306644,5.27860346436501,15.1903947591782,2.35910338163376,1.68962806463242,1.49233734607697,1111.94256934524,5.8436450958252,310.529521524906,12.4409874379635,2232.37767726183,3.21821981668472,33.6911560893059,226.294769316912,20.4935940504074,0,14.8341789245605,4.70947709679604,40.0456355810165,5945.16938433051,41.1819770932198,3667.61719331145,1368.0864456296,249.023409605026,27662.6796943247,568.8697668612,2.79504185914993,2.1473588347435,121.188659071922,0,0.820101618766785,45.2826407253742,5.68716943264008,120.287693440914,127.358074456453,76.2737478017807,60.0777305960655,24.7238204181194,1.99217820167542,5.54430794715881,98.0207019746304,61.561320155859,58.2493217289448,86.1943575739861,3.05809593200684,2.79550713300705,0,0,1837.3309507668,35.5044586956501,1.99308037757874,0,0,6.81141394376755,0,43.5126950144768,0,14.0020197927952,0.564350008964539,11.033254891634,0.564465343952179,2.8353556394577,22.7805657088757,122.785125046968,1.44753336906433,54.0660536885262,2.26383769512177,6.45408025383949,103.146712005138,24.7539967298508,148.405291140079,20.0830426812172,646.739652127028,4607.38131597638,29.493526160717,2.01488488912582,5.04958981275558,13.0900658667088,0,0,23.9821445643902,5.40579104423523
85.7735640108585,63.2180835306644,0,6.95055228471756,10.7653538584709,32.1294004321098,1528.66930443048,341.507246494293,22.0104720592499,291.58967089653,342.14032047987,79.0526688098907,148.350954830647,636.016943186522,37.3732526302338,79.7267550528049,31644.5752679408,76.4499441087246,3057.46941225231,58.8670058846474,2791.23898127675,25.6780217289925,24658.5967440605,284.67297065258,0.611048400402069,21567.8132608086,18350.8220828176,1139.43424642086,288.599934637547,1903.18562036753,3.3934143781662,3.01836040616035,60.224724560976,3672.45004557073,1063.96711671352,9305.77331215143,5209.05920550227,6472.02398490906,7060.66097456217,71.287367194891,23.2566006183624,20.8798567056656,627.235488414764,296.034499615431,288.137361943722,575.681378811598,3.24800956249237,4.53551208972931,0,0.388336271047592,332.886639147997,536.667474150658,0.994793355464935,0,0,24.8029888868332,0.318696737289429,17.0259495377541,2.25520622730255,4.10457962751389,0.306957960128784,0,6.55952140688896,6.00310969352722,38.1645759940147,1418.59914603829,10.5571685731411,229.892139256001,3.03714996576309,31.5473185181618,73.9058629870415,249.227393597364,44.1328439712524,0.458071649074554,995.012340575457,7947.14948940277,33.8350596725941,8.44488340616226,29.2731509208679,0,0,0.994767278432846,70.0856867134571,480.11748701334
2.71216553449631,5.27860346436501,6.95055228471756,0,111.279840379953,123.013399481773,138.571978896856,175.41479164362,2388.23667725921,8298.81397715211,37.9868859052658,5359.44075673819,388.661474049091,111.390511274338,410.440769284964,0,4.24337369203568,16.8044134229422,18.9895540177822,30515.0507782102,9.96171802282333,13.9246346950531,15.3798117637634,6549.04994472861,0,22.9167840778828,48.6098124682903,14648.824662447,253.540451258421,10.6060709059238,1.37773656845093,40.851468026638,12.0905745625496,169.23111897707,133.927238941193,951.575803816319,70.980767339468,260.698056876659,81.0384450554848,454.157582223415,44.4857313334942,20.4505015909672,152.068919867277,0,102.375775843859,9.69330781698227,455.176597684622,30.3651403188705,9.30762243270874,0,0,0,2066.70405843854,13.3009651005268,63.3428798615932,163.773883998394,141.458963960409,379.452569067478,1603.07410547137,33.5444543063641,691.393987029791,34.0909555256367,73.9251248538494,87.2752687335014,0,0,0.746068835258484,0,1390.96378523111,0,1.77243149280548,0.425062537193298,1382.44256147742,0,9.7288878262043,11.4045678973198,1487.60297212005,21.9383846223354,0.960884034633636,0,0.342841386795044,0,40.1845182478428,4.1249383687973
2.09526687860489,15.1903947591782,10.7653538584709,111.279840379953,0,1886.92377638817,51.4443026483059,183.758379727602,534.541036427021,87.7106078565121,3.28305876255035,1099.33277082443,87.2529079914093,16.7517926096916,3878.44023174047,4.62778383493423,5.97918730974197,0,0.73567396402359,187.380375981331,133.822104871273,16.2373778522015,254.085824370384,395.995130121708,1.26077139377594,3.85962045192719,103.055506318808,241.076992809772,4.94929000735283,59.9902784824371,0,1553.97338086367,0.577399909496307,413.198229879141,1402.20462319255,188.857255101204,59.4898665547371,13.0109860897064,147.070868313313,6875.36768126488,7510.62960854173,2.48904085159302,17.4489021003246,4.27105867862701,2.74595737457275,29.599725484848,67.9558460116386,0,6.20761930942535,0,0,0.64311957359314,25.7902126908302,3.13434630632401,0,2.08474141359329,3.36734139919281,8.56795963644981,19.8801366686821,3.79325616359711,36.4426760077477,5.53234949707985,0,16.090270280838,4.20408540964127,1.91223752498627,0,1.24333083629608,27.6617494225502,8.13200008869171,0,15.621021926403,33.5459244847298,0,3.92903327941895,18.0882989168167,32.0511982738972,2.20708858966827,3.21439504623413,0,0,0,0,552.122650712729
25.4365084171295,2.35910338163376,32.1294004321098,123.013399481773,1886.92377638817,0,13308.2847756147,14201.6907961667,215.900034189224,13092.4310209453,232.853762388229,19581.9578869939,1209.79822078347,771.043689936399,2455.29653286934,0.427874833345413,42.6109713613987,84.7535539567471,66.6706554889679,1644.86101698875,44.6311055123806,5.31311866641045,82.3888429999352,162.275263547897,0.910388559103012,170.467704743147,87.3516698777676,727.462420225143,573.953709095716,140.85386505723,8.70031958818436,247.59153085947,39.1472277343273,740.07503092289,5280.17293649912,2596.26823762059,199.094433516264,344.161346152425,165.185436487198,6736.15430513024,1768.39181423187,172.527633875608,122.069161266088,5.12610000371933,46.0362206697464,22.8522051870823,69.6852793097496,25.7541922926903,19.4534600377083,0,0.610477983951569,0,30.182669878006,3.3607183098793,2.35851803421974,13.2668200135231,27.6715663969517,26.1406244337559,38.7505155801773,119.893992960453,54.4113676548004,98.1521504223347,12.8132875859737,15.3381154835224,0,0,0,0.820416629314423,44.0445797741413,0,1.98357480764389,0.808408915996552,361.636163562536,0,0,1.58089989423752,149.425370454788,4.62637609243393,1.7637528181076,0,4.12165969610214,0,5.9002440571785,161.147860944271
5109.38045287132,1.68962806463242,1528.66930443048,138.571978896856,51.4443026483059,13308.2847756147,0,14212.0058638155,261.444552898407,53673.375156641,815.897240698338,809.829755425453,2337.54875952005,23070.8392526656,494.281815767288,11.3907279372215,565.437977164984,329.856725990772,481.838857352734,426.998113334179,6677.08699721098,2.76134037971497,4350.9498270154,1213.46275952458,2.18009144067764,932.446338176727,1002.30435726047,49732.9578298926,7098.32673406601,8136.61465701461,52.4629790186882,305.4334667027,708.573982357979,1757.36315004528,1923.92568621039,10459.9455839097,1134.5464875102,2907.29319241643,1332.09624931216,871.758663773537,404.576214939356,135.410458832979,691.862946748734,13.9380179047585,318.397970557213,60.0094623863697,183.335953712463,160.101408541203,12.504973590374,1.82217597961426,3.02975064516068,5.1947705745697,330.056313604116,0,17.6986802518368,213.383874475956,197.097496807575,150.646257787943,309.330467492342,94.3258678615093,39.39271068573,51.9372666180134,93.8682731986046,50.3114989101887,41.3418247699738,0,0,0.272996962070465,175.468681395054,14.6836188435555,27.3195251822472,16.769926995039,2682.40841525793,0,3.46244895458221,55.9832282066345,1598.15317177773,55.4872007071972,23.7713569998741,0,3.37053322792053,3.23099452257156,110.158820390701,139.992642104626
1349.9600520432,1.49233734607697,341.507246494293,175.41479164362,183.758379727602,14201.6907961667,14212.0058638155,0,91.1651829779148,17713.6212684512,402.810811519623,7754.94679345191,1567.66875821352,14837.5436618328,327.57666555047,1.96825933456421,1994.37729348242,107.29992377758,608.56799761951,2865.02426072955,1530.86890673637,3.99258568882942,2606.18012741208,175.736639499664,0.861375361680984,338.687700614333,286.490345865488,1065.44918592274,2809.330719769,9332.15217006207,32.2141588032246,205.561632871628,89.8972012102604,1576.60794468224,833.800612419844,4055.1417645663,451.285735845566,1080.91789576411,765.084096193314,2299.10746991634,424.742481797934,265.878861069679,275.379608392715,8.59396201372147,87.0963257551193,66.7576468884945,54.0986163914204,81.5031540691853,18.8981491923332,0.744565188884735,0,3.1035590171814,13.0368665158749,0.561366677284241,6.67032146453857,22.9532534480095,53.8550626337528,51.4524119198322,29.3565186262131,231.976201742887,38.9344138503075,96.8810520470142,30.9349829256535,10.9414618611336,8.36588823795319,0,0,0,25.98190549016,3.55497828125954,8.78819787502289,4.34538409113884,944.199916511774,1.49770814180374,0,5.22797530889511,260.508690908551,31.8034227490425,20.4503988623619,1.02662241458893,26.4966349601746,2.7977779507637,20.2149091660976,61.9353294074535
0.478741943836212,1111.94256934524,22.0104720592499,2388.23667725921,534.541036427021,215.900034189224,261.444552898407,91.1651829779148,0,1417.91937619448,84.1223077476025,3200.03664880991,651.54638004303,31.2241646945477,2800.22263306379,91.8743359744549,5.80794125795364,2.61183777451515,15.3831812143326,2394.96395072341,94.1152420639992,5167.21059346199,99.2810919582844,38052.2425444424,214.582055836916,103.702326893806,8479.39002811909,8746.65026813745,47.6657149195671,62.143140822649,38.4838772714138,50.5207077264786,1.72956472635269,55.7179363071918,1141.89365178347,378.828309416771,110.891361474991,70.7054111659527,116.851758807898,2149.80827897787,47.3448640108109,3.11403053998947,187.076619267464,11.4315739274025,67.4727883636951,23.6777867972851,243.417381495237,34.6401358246803,2.92371091246605,1.02770373225212,27.6163572072983,0.847627878189087,714.474248707294,11.2129065394402,11.8826417326927,97.494270414114,65.9264334142208,997.38257843256,446.170358836651,22.941821962595,225.616582661867,6.66838279366493,47.2242784500122,72.7255204916,122.59944742918,2.14464667439461,1.68537020683289,3.40874722599983,365.054625749588,17.2189213633537,81.1972022354603,38.6568136811256,3180.94276618958,8.04748597741127,25.2383512556553,106.713849663734,1115.71106690168,37.9423809349537,15.5073156058788,0.77078902721405,3.05293136835098,1.4975374341011,27.9467517435551,136.059125244617
81.0256795287132,5.8436450958252,291.58967089653,8298.81397715211,87.7106078565121,13092.4310209453,53673.375156641,17713.6212684512,1417.91937619448,0,1762.53661748767,8565.81407153606,4183.76065954566,3861.0031452477,530.541346341372,4.71226054430008,245.204950034618,705.441872596741,636.131912589073,21456.1639432609,359.774071827531,6.75578105449677,640.126035362482,1133.11606347561,1.58227634429932,1741.71161408722,613.791835069656,6724.21150068939,3749.4091566354,333.352795749903,101.000693291426,805.893437445164,99.763474971056,3205.51849786937,1211.93808662891,8739.76103112102,777.710874289274,4106.02616110444,937.554805904627,1562.31400030851,710.229780197144,436.343985915184,487.984927743673,11.8699860274792,280.361606240273,56.4163769483566,550.677554309368,120.100432664156,37.9062740802765,0.413733899593353,1.99089485406876,0,1204.69914901257,10.8716807365417,49.1275221407413,484.269146561623,376.904760748148,463.530807733536,1466.85685837269,178.288548499346,265.283131986856,143.047967553139,148.468593865633,76.2200303375721,1.56563255190849,0,0,0,1301.63606524467,0,5.13434022665024,1.71057960391045,3675.90882533789,0,0,6.25455042719841,3584.21241506934,24.9142819941044,2.89774096012115,0,2.60375547409058,3.32576635479927,57.4514979422092,45.7499627172947
83.9984630048275,310.529521524906,342.14032047987,37.9868859052658,3.28305876255035,232.853762388229,815.897240698338,402.810811519623,84.1223077476025,1762.53661748767,0,1162.46703132987,10300.5986424685,1721.08845171332,2.60662347078323,1.97039863467216,490.293155252934,19262.2600333095,1344.50263383985,663.913031548262,285.928712904453,220.418150395155,625.330907583237,122.04106336832,2381.27430742979,17800.2086036652,2626.92757251859,298.814181894064,1447.02066224813,491.802121758461,2360.17534598708,141.999854207039,20.3681062906981,9598.69351841509,26.8325560688972,633.684405207634,5760.55837666988,4002.60149887204,488.303730368614,18.4716320931911,8.26442402601242,4924.3131403327,19.4911133050919,1091.20234581828,6.77363011240959,7.41826727986336,1.07084619998932,6.51122713088989,344.450857639313,0,71.6458948254585,0.715182423591614,2.69286435842514,0,1.81396886706352,1.85339802503586,3.22151172161102,40.9941178560257,5.66173422336578,2533.65545451641,8.86567109823227,3255.32253217697,29.697846531868,0,3.24242064356804,2.57807338237762,33.3075493872166,0,3.02226865291595,0.439667642116547,57.2690125405788,2.46805530786514,82.5926851332188,951.994366884232,902.483639895916,906.617866426706,22.5762816667557,33.8172586560249,0,1597.74992573261,9.32479506731033,0,216.759407520294,19.5561763048172
9.19778096675873,12.4409874379635,79.0526688098907,5359.44075673819,1099.33277082443,19581.9578869939,809.829755425453,7754.94679345191,3200.03664880991,8565.81407153606,1162.46703132987,0,2655.29169923067,2014.86122563481,2964.15217515826,0.573132574558258,99.6408362388611,382.362080842257,337.716908097267,23134.7970920503,22.2935099005699,16.2137958109379,93.7580468356609,2157.65710657835,10.4129625558853,1024.83721041679,433.795911610126,1535.71506434679,1094.38578572869,104.296482354403,98.7120523750782,375.058909237385,3.15922403335571,2384.42550751567,17637.3912074268,2035.0286694169,269.589502453804,1224.26162999868,274.103659182787,5579.54513064027,248.797420740128,412.284278482199,132.858854532242,9.72822996973991,100.312985032797,72.1905998289585,1039.14923083782,74.4101134240627,46.9929521977901,1.44209003448486,0.523591101169586,0,764.085292309523,41.3731949925423,43.2358238995075,77.5505228936672,123.978104770184,222.655144751072,694.212051212788,282.707592815161,2077.63045337796,197.055204421282,92.965631633997,187.600545793772,1.38595861196518,0,1.66224822402,2.45568710565567,1235.98532173038,0,0.948841273784637,2.11245906352997,699.929681092501,0,15.3406964242458,2.79359731078148,700.478087097406,31.2504941523075,1.23923325538635,1.26818883419037,12.6883310079575,0.9135622382164,38.9514286518097,1248.39255198836
27.0943315923214,2232.37767726183,148.350954830647,388.661474049091,87.2529079914093,1209.79822078347,2337.54875952005,1567.66875821352,651.54638004303,4183.76065954566,10300.5986424685,2655.29169923067,0,925.910610616207,134.288837939501,22.7818271517754,63.8926562666893,76.040641784668,49.7697771191597,1716.04460629821,347.631565243006,1444.50194206834,330.139497667551,1368.41021758318,13692.2046108842,1167.55840983987,7098.6014302671,3572.76793420315,352.130797445774,1029.96232810616,6676.58292141557,1135.09609284997,12.6924506127834,2022.88630315661,258.467186421156,6474.47318744659,3694.27788946033,4619.78541380167,4573.06874683499,4207.16233307123,1490.45721766353,4606.25482213497,1482.86298245192,1659.53923717141,871.933886229992,516.573295503855,3873.24370008707,1010.7647857964,629.253505200148,1.32522839307785,213.30754840374,2.03888612985611,88.9285053610802,18.5898915231228,126.85804027319,178.805354177952,701.878527522087,110.501826673746,311.346769452095,6529.57871735096,281.110094219446,5196.37339964509,352.101162165403,152.932788133621,74.9767045676708,1.3450071811676,24.5301637649536,5.03822302818298,184.500365197659,8.69698914885521,90.6220570802689,14.9559786915779,2055.82130113244,2333.47335541248,1718.57754036784,2226.43738755584,1015.62316587567,155.710796147585,28.8024610877037,2668.05405282974,256.515748500824,3.613490909338,524.843834072351,90.852609872818
10990.3957549036,3.21821981668472,636.016943186522,111.390511274338,16.7517926096916,771.043689936399,23070.8392526656,14837.5436618328,31.2241646945477,3861.0031452477,1721.08845171332,2014.86122563481,925.910610616207,0,45.1319644749165,3.87973549962044,3785.16007789969,518.50738927722,1497.08156505227,1116.41210368276,2335.07230806351,7.93451616168022,4423.87315967679,205.236302822828,8.64345881342888,1279.44776712358,868.986999601126,1182.60165962577,27197.8786078691,24063.5990466774,82.6426723301411,196.919396877289,100.674304336309,4052.05302213132,244.983275562525,2735.05508455634,541.365457445383,1554.40685860813,1024.13866367936,185.787860870361,170.078344732523,131.719564527273,202.194462507963,15.6207860708237,60.8259254693985,22.6237943172455,29.9987919330597,53.9279525578022,13.4913363456726,0.900146931409836,0,1.45741313695908,9.04062125086784,0.48060542345047,2.47082504630089,17.2958196997643,25.8342424035072,45.9465919733047,16.6906085014343,125.932356566191,20.6592694222927,50.1384044289589,22.8082015216351,9.54966866970062,15.3171611428261,0,0,0,12.8356602489948,7.12914144992828,16.5362864434719,3.3080752491951,797.968025058508,2.79063153266907,0.508739948272705,22.6098609566689,216.047190338373,25.7105696201324,20.8041266202927,1.57123112678528,5.74688422679901,4.61499980092049,12.2754313647747,21.7179604172707
7.63861992955208,33.6911560893059,37.3732526302338,410.440769284964,3878.44023174047,2455.29653286934,494.281815767288,327.57666555047,2800.22263306379,530.541346341372,2.60662347078323,2964.15217515826,134.288837939501,45.1319644749165,0,17.5984981656075,22.6887905597687,4.77126988768578,10.1600280106068,678.589033991098,537.764182299376,47.6730344891548,439.420717746019,1248.21885827184,4.47961208224297,23.8632760345936,324.525601416826,1209.73571902514,27.393598139286,495.059465974569,0.518914699554443,61.9024153351784,10.5827896296978,21.3287816941738,4278.60984495282,623.21563911438,107.548559963703,41.6613182425499,94.2528750896454,4788.65964856744,57.6290176510811,1.76551604270935,50.5814348459244,39.9979609847069,15.9960491061211,160.775892943144,249.742013514042,9.05664110183716,4.5895574092865,1.39785960316658,2.43483424186707,0,124.698982149363,21.5691618323326,16.4190919995308,24.7715442478657,4.65740603208542,41.6957978308201,83.3599212169647,13.0033382773399,130.553878605366,19.6552370786667,7.13057270646095,42.569432258606,24.8083965182304,3.34136068820953,3.69060951471329,0,108.590707421303,32.9385692477226,3.13384395837784,86.242295563221,212.556226283312,0,17.7912199497223,68.807467341423,137.3068549335,1.36148184537888,3.91949313879013,0,0,0.823932230472565,5.80750113725662,2559.13291224837
2.00219333171844,226.294769316912,79.7267550528049,0,4.62778383493423,0.427874833345413,11.3907279372215,1.96825933456421,91.8743359744549,4.71226054430008,1.97039863467216,0.573132574558258,22.7818271517754,3.87973549962044,17.5984981656075,0,17.0531025528908,1.20256567001343,9.18884110450745,0.891554594039917,6983.77763772011,4722.54108354449,9261.34018617868,4925.45407822728,5.03375166654587,27.87244784832,6041.57324594259,3283.86406394839,23.9339773654938,15.3699479699135,1.71507620811462,0,7.67500758171082,33.0599805414677,308.045294135809,2501.63507065177,1883.85347652435,212.779489159584,419.031644284725,13.7005089521408,2.62646627426147,1.16997194290161,770.85446318984,183.370229244232,355.975855320692,409.897227734327,25.6948089599609,14.5512800514698,0,8.07742702960968,31.9789348840714,117.268994450569,0,0,2.16113662719727,56.0645098090172,23.0310594290495,37.2580464482307,0,8.30630737543106,1.05521041154861,0,44.8052629232407,10.7757901549339,8120.84016290307,48.6904075145721,3.02245199680328,16.1924768090248,1.51867592334747,937.948275238276,3618.76218146086,5257.19949802756,2022.07976564765,0,28.3374791443348,5145.40788969398,1152.35556560755,106.239076882601,185.89824962616,0,0,12.4517421126366,55.9928916990757,95.1168805956841
864.932977437973,20.4935940504074,31644.5752679408,4.24337369203568,5.97918730974197,42.6109713613987,565.437977164984,1994.37729348242,5.80794125795364,245.204950034618,490.293155252934,99.6408362388611,63.8926562666893,3785.16007789969,22.6887905597687,17.0531025528908,0,121.045356094837,4564.95410317183,63.3494211137295,2652.87229406834,9.66641759872437,15030.8654208183,57.4224297106266,1.9454590678215,8148.44914588332,11200.9791695178,356.854418516159,2627.54746617377,6363.80189323425,3.56307727098465,8.04921543598175,313.024345219135,5038.17088082433,236.774476826191,2216.28539314866,4140.082562536,3367.95806652308,1688.26011604071,21.4629552066326,14.7799118161201,7.07816159725189,25.2416690587997,15.6349106132984,16.9153602719307,30.4286826252937,2.12733507156372,0,0,0,18.6213657855988,23.0172955393791,1.6169136762619,0,0,1.02389776706696,0,0.583168745040894,0,4.81969907879829,0.967461228370667,0,0,0,9.25840309262276,69.0269347131252,0.490175843238831,34.4157615303993,0,0,9.71654653549194,19.6806566119194,8.71464151144028,0.712141275405884,176.095365732908,653.15317890048,4.1480056643486,0,2.04363840818405,0.641031920909882,0,0,9.22781920433044,66.5382655262947
33.1636021733284,0,76.4499441087246,16.8044134229422,0,84.7535539567471,329.856725990772,107.29992377758,2.61183777451515,705.441872596741,19262.2600333095,382.362080842257,76.040641784668,518.50738927722,4.77126988768578,1.20256567001343,121.045356094837,0,1927.16624233127,222.567069739103,106.502423167229,0,186.938035145402,7.91768577694893,5.52192431688309,5475.25273266435,765.556387722492,125.528238922358,434.612467378378,220.547447919846,13.7645656466484,20.3167483210564,15.8844960033894,1298.84567320347,91.8138170838356,1249.24653819203,1531.72004511952,2762.7929905653,1437.85283085704,4.38660615682602,7.22888204455376,5.99047988653183,1.06169712543488,2.1437611579895,0.849593043327332,7.10606384277344,0,2.08860498666763,0,0,0,0.388424724340439,0.809776961803436,0,0,0,0,1.26887619495392,3.45125636458397,2.06929367780685,1.10486674308777,3.86341777443886,0,3.02689409255981,1.71396431326866,0.541587233543396,1.44551485776901,0,0,0,0.528726041316986,0,1.01466271281242,0.723672688007355,38.5797796845436,58.1175515651703,0,0,0,13.7851111292839,0,0,0,74.484322488308
233.763018935919,14.8341789245605,3057.46941225231,18.9895540177822,0.73567396402359,66.6706554889679,481.838857352734,608.56799761951,15.3831812143326,636.131912589073,1344.50263383985,337.716908097267,49.7697771191597,1497.08156505227,10.1600280106068,9.18884110450745,4564.95410317183,1927.16624233127,0,226.158372431993,1183.99079489708,10.6992502808571,2483.61811590195,28.1032964885235,13.4079955220222,6817.88899235427,3714.35519261658,268.704701095819,1230.82601694763,1337.16782900691,5.50058341026306,11.4554790556431,131.7758500278,2926.13368871808,275.381927907467,3284.16661438346,3605.37592852116,4375.56488463283,2587.17031243443,24.1833067238331,7.92784890532494,11.4749209880829,11.8762866556644,15.4895946979523,11.0070601701736,31.8704064488411,0,0,0,0,26.0503200292587,3.59332475066185,0,0,0,0.714252948760986,0,1.04130548238754,2.53921538591385,3.03950202465057,1.12075102329254,4.27447736263275,0,1.14460444450378,2.1436719596386,20.3772078752518,3.9690437912941,25.6575281620026,0,0,4.35017442703247,5.6905238032341,12.7492540478706,2.26805806159973,236.999760001898,467.996824204922,0,0,1.15425735712051,2.02205947041512,0,0,2.99454209208488,161.837987005711
11.386540800333,4.70947709679604,58.8670058846474,30515.0507782102,187.380375981331,1644.86101698875,426.998113334179,2865.02426072955,2394.96395072341,21456.1639432609,663.913031548262,23134.7970920503,1716.04460629821,1116.41210368276,678.589033991098,0.891554594039917,63.3494211137295,222.567069739103,226.158372431993,0,26.1301108002663,14.7363863587379,94.561850965023,2409.19537481666,2.12641477584839,610.370307564735,248.865372091532,5902.76673093438,936.753195136786,66.8841106295586,46.6946480572224,270.901731491089,19.8713236153126,1237.70681622624,316.737753123045,2512.3898344934,236.815520524979,1144.74961540103,257.795281767845,1227.18143793941,222.647273927927,229.243604838848,250.648917526007,12.6873940825462,173.352607131004,48.1893875896931,679.263743728399,96.5786917209625,27.819236010313,0.484908014535904,1.49717009067535,0,1501.10255977511,27.3108899891376,58.5771850049496,285.802325189114,276.664993584156,428.258530169725,1666.82344686985,137.409369409084,739.492919236422,121.279900759459,107.050193578005,138.282525897026,0,0,0,0,1412.77741089463,0,4.40172591805458,0,2412.63163498044,0,0,6.68648865818977,2474.87450501323,29.9884770810604,0,0,8.39185884594917,1.59583747386932,35.0816313624382,18.1420619487762
213.56813532114,40.0456355810165,2791.23898127675,9.96171802282333,133.822104871273,44.6311055123806,6677.08699721098,1530.86890673637,94.1152420639992,359.774071827531,285.928712904453,22.2935099005699,347.631565243006,2335.07230806351,537.764182299376,6983.77763772011,2652.87229406834,106.502423167229,1183.99079489708,26.1301108002663,0,525.672185868025,48572.1146799624,491.136960655451,0,1040.27221524715,7220.29821956158,13081.5238953531,649.84878718853,47133.5935582817,3.83261865377426,15.6053684055805,256.696089327335,9310.66686019301,6107.82739132643,23583.7495017648,5753.59752127528,16459.0986860096,13813.5982047915,139.542811244726,50.5542394816875,12.2750087678432,386.196869850159,53.1549775600433,105.103348612785,125.012937068939,24.7297261655331,13.7138425707817,0,14.6839944124222,13.6744341254234,47.1457844078541,0.505318582057953,2.98646819591522,0,26.4203205704689,38.6968204975128,41.0929772257805,1.54912775754929,6.23002600669861,1.41467750072479,0,85.1249617338181,28.2523050904274,2182.11659875512,31.8064760267735,0,3.21146434545517,1.62949669361115,438.864409655333,914.068684697151,754.959433794022,2204.39167651534,0,15.6140832901001,1142.66299426556,1040.8822132051,184.165506660938,228.30475962162,0,0.813782632350922,21.3517616391182,41.2275638878345,581.900005459785
0.832076609134674,5945.16938433051,25.6780217289925,13.9246346950531,16.2373778522015,5.31311866641045,2.76134037971497,3.99258568882942,5167.21059346199,6.75578105449677,220.418150395155,16.2137958109379,1444.50194206834,7.93451616168022,47.6730344891548,4722.54108354449,9.66641759872437,0,10.6992502808571,14.7363863587379,525.672185868025,0,1132.67181035876,18562.0507935584,843.645059704781,119.29540759325,21185.2309678793,3724.06091362238,23.9648602604866,3.873032361269,88.688405752182,3.47444987297058,6.1825849711895,19.226158618927,24.2620072364807,127.266328811646,111.126124739647,67.518861323595,52.9138942360878,24.4990871548653,6.51651000976562,0,351.632910996675,78.7093479633331,152.998803913593,200.976328313351,4.09665334224701,9.2870038151741,1.77225744724274,7.05356067419052,445.640582084656,151.657822966576,5.76558381319046,1.19134628772736,0.594936490058899,23.0357233583927,11.39986333251,155.531577408314,2.73419994115829,4.75755441188812,2.02071505784988,12.1319257318974,21.1563472747803,8.82125568389893,1617.13880181313,95.7536893486977,1.25047647953033,20.1731620430946,0,232.720508724451,2215.69952386618,986.790077388287,1496.60739859939,10.0690203905106,138.366212010384,3971.68357080221,348.958757013083,45.6176428496838,65.0041380524635,5.42090928554535,0,2.58395081758499,31.134318202734,34.4578903913498
793.829319804907,41.1819770932198,24658.5967440605,15.3798117637634,254.085824370384,82.3888429999352,4350.9498270154,2606.18012741208,99.2810919582844,640.126035362482,625.330907583237,93.7580468356609,330.139497667551,4423.87315967679,439.420717746019,9261.34018617868,15030.8654208183,186.938035145402,2483.61811590195,94.561850965023,48572.1146799624,1132.67181035876,0,718.012571781874,1.35075855255127,3812.98683863878,34373.4629102349,2551.70559501648,2493.92364802957,24012.9001194239,7.83744522929192,21.9416954517365,441.177378058434,16172.8440670818,8275.29804372787,49854.6005365551,26640.1345823109,24735.5869387835,26883.0854183435,325.542412132025,74.0443847775459,34.7685180008411,1361.94276663661,286.650982648134,759.073655307293,1030.53151777387,26.8911605477333,22.5779472589493,1.0844053030014,0.829110532999039,67.4003068506718,1113.84675011039,2.82694053649902,1.84345948696136,0,80.1782237291336,2.55480688810349,25.3566170334816,1.27372896671295,10.0592089891434,3.03707146644592,0,12.4111032485962,32.1079645454884,7812.65058875084,535.157855510712,4.60218381881714,80.7830543220043,0.465106964111328,670.619015932083,2879.6452319622,7727.08147668839,850.32010743022,0.565079629421234,269.455857366323,11817.6627114415,737.460029810667,10.8322415351868,62.4316726624966,0,0,0.850808560848236,104.599410027266,1437.18765538931
16.9601878225803,3667.61719331145,284.67297065258,6549.04994472861,395.995130121708,162.275263547897,1213.46275952458,175.736639499664,38052.2425444424,1133.11606347561,122.04106336832,2157.65710657835,1368.41021758318,205.236302822828,1248.21885827184,4925.45407822728,57.4224297106266,7.91768577694893,28.1032964885235,2409.19537481666,491.136960655451,18562.0507935584,718.012571781874,0,542.372422426939,150.848089367151,14051.244697094,15730.7712894976,552.042190611362,132.079653561115,71.3117136061192,46.7791813910007,93.4864028394222,160.367154419422,384.478888720274,2811.92945051193,959.540767580271,364.623855531216,306.031594932079,845.982222527266,36.7504683434963,22.1595789790154,3663.21699038148,135.609575688839,1417.48773664236,263.368501633406,795.245590537786,583.169591844082,37.999510884285,55.914025247097,57.1218128502369,49.2182387113571,1536.73153281212,22.547004878521,100.754667252302,1059.68704876304,982.998882055283,3822.09841093421,1890.65923804045,186.111459702253,355.087579369545,97.8174270689487,677.58759200573,279.671161413193,2713.97668594122,44.6834218800068,2.75464880466461,11.3478073179722,1211.9598519206,597.330484360456,2179.10806968808,734.406120300293,27324.3715987504,2.90257108211517,18.2846198379993,1374.78292414546,10469.5160861909,917.157929927111,716.711832433939,0,29.9747162461281,67.6382816135883,451.748014688492,248.454023212194
0,1368.0864456296,0.611048400402069,0,1.26077139377594,0.910388559103012,2.18009144067764,0.861375361680984,214.582055836916,1.58227634429932,2381.27430742979,10.4129625558853,13692.2046108842,8.64345881342888,4.47961208224297,5.03375166654587,1.9454590678215,5.52192431688309,13.4079955220222,2.12641477584839,0,843.645059704781,1.35075855255127,542.372422426939,0,1504.60888853669,9074.9336515069,73.6572461128235,3.84401759505272,2.36171165108681,2330.72165074944,3.64009582996368,0,132.580937981606,2.7034022808075,31.5601588487625,151.574939846992,92.2478509545326,23.9583656787872,5.34668156504631,0,98.7486115694046,28.3819333314896,69.76909288764,9.25000530481339,14.0513240098953,2.59833347797394,5.92504006624222,168.317363023758,0,1031.73362439871,0,0,1.95385468006134,0,0.566111326217651,0,57.3829921483994,1.59044462442398,1190.87702634931,7.86188632249832,2386.67495942116,5.08060052990913,2.4193993806839,2.38074845075607,6.22356021404266,4.64518347382545,7.11528417468071,0.414145588874817,0.339309185743332,67.0002149343491,0.647040009498596,41.0840573608875,3431.62224045396,834.074059575796,2609.76102468371,2.46823620796204,21.5226306915283,0,924.445330411196,0,0,113.959854632616,1.01608562469482
108.600854068995,249.023409605026,21567.8132608086,22.9167840778828,3.85962045192719,170.467704743147,932.446338176727,338.687700614333,103.702326893806,1741.71161408722,17800.2086036652,1024.83721041679,1167.55840983987,1279.44776712358,23.8632760345936,27.87244784832,8148.44914588332,5475.25273266435,6817.88899235427,610.370307564735,1040.27221524715,119.29540759325,3812.98683863878,150.848089367151,1504.60888853669,0,20632.0227221847,498.280789911747,966.333679631352,1054.16038110852,1386.49684384465,68.8742473125458,57.63839417696,4553.09505903721,787.598023355007,10626.0032032728,14814.0055939853,10505.8841489404,7353.7326913476,68.3807927370071,39.8601724803448,152.473144114017,316.938875645399,506.018035948277,229.862975656986,339.732757687569,0.408353805541992,3.34038990736008,9.23719692230225,0.577002644538879,671.561780780554,37.0951617956161,1.49382108449936,0,1.0191388130188,31.5408432483673,0,84.5000569820404,2.09911695122719,991.47196418047,6.11541512608528,1378.55929663777,4.18112730979919,10.3774338364601,13.402931958437,360.138149529696,184.231981098652,536.500896632671,1.21034854650497,19.0352182090282,130.330948174,50.2610578835011,47.2397408187389,1074.84506839514,7797.38619923592,13589.9970987439,13.0429763793945,8.1307335793972,49.6183676421642,2533.59317013621,1.2421361207962,0.484848320484161,83.0712312161922,501.940911531448
127.276440531015,27662.6796943247,18350.8220828176,48.6098124682903,103.055506318808,87.3516698777676,1002.30435726047,286.490345865488,8479.39002811909,613.791835069656,2626.92757251859,433.795911610126,7098.6014302671,868.986999601126,324.525601416826,6041.57324594259,11200.9791695178,765.556387722492,3714.35519261658,248.865372091532,7220.29821956158,21185.2309678793,34373.4629102349,14051.244697094,9074.9336515069,20632.0227221847,0,6350.74210387468,560.44575047493,1553.11584955454,1331.48575592041,17.6819457113743,75.7022570967674,5323.67571783066,2843.40552973747,30835.1760250628,17124.4501277804,15539.978058666,16140.0036856532,324.99187964201,62.5132066011429,70.1669961214066,5942.46785745025,2796.88105541468,3609.92327807844,5320.39519634843,45.3798121809959,84.9022032618523,7.06185472011566,4.10357040166855,11570.7670722902,5593.41309610009,7.2824741601944,0.535451114177704,0,272.604931235313,10.682064384222,343.363874465227,1.54353088140488,1044.7205131948,10.2760882377625,1331.29410806298,38.9670776426792,30.9100840687752,1944.66399148107,7680.57768043876,551.713419556618,2516.37317448854,5.33374643325806,429.678822129965,4473.74104303122,7402.42303073406,808.910328835249,1982.54600894451,29037.1143637002,129314.549634129,437.707941204309,28.739009231329,260.102752566338,2607.81465482712,0,6.67851635813713,787.469224333763,1427.16091585159
112.368801444769,568.8697668612,1139.43424642086,14648.824662447,241.076992809772,727.462420225143,49732.9578298926,1065.44918592274,8746.65026813745,6724.21150068939,298.814181894064,1535.71506434679,3572.76793420315,1182.60165962577,1209.73571902514,3283.86406394839,356.854418516159,125.528238922358,268.704701095819,5902.76673093438,13081.5238953531,3724.06091362238,2551.70559501648,15730.7712894976,73.6572461128235,498.280789911747,6350.74210387468,0,4365.86657333374,49297.7061909437,18.4006717801094,230.159053176641,1651.44110578299,1707.5562556982,4500.04353252053,20354.9030734301,3595.38171461225,4208.44293314219,3104.84952846169,1295.02883413434,400.408080220222,118.506275475025,7803.8024854362,172.262142330408,2532.43501627445,555.240719228983,1766.38341856003,1119.92328929901,81.1934375762939,119.322455108166,25.0531176924706,44.0379787385464,2502.36723944545,12.1997503936291,130.02331161499,1733.93928450346,1537.24575729668,2635.2577188313,3142.29215073586,299.263408601284,685.849370718002,271.572229325771,1035.37974104285,472.048954844475,2259.86827722192,44.498829215765,0,5.65151485800743,2238.82436087728,608.865363478661,1228.25126057863,655.994479984045,33062.2992134988,0,16.3733485341072,1015.15782833099,14179.9210893214,1485.85011664033,1287.95157930255,0,36.7278652191162,96.1795816719532,810.163538336754,478.973219484091
10208.7230478525,2.79504185914993,288.599934637547,253.540451258421,4.94929000735283,573.953709095716,7098.32673406601,2809.330719769,47.6657149195671,3749.4091566354,1447.02066224813,1094.38578572869,352.130797445774,27197.8786078691,27.393598139286,23.9339773654938,2627.54746617377,434.612467378378,1230.82601694763,936.753195136786,649.84878718853,23.9648602604866,2493.92364802957,552.042190611362,3.84401759505272,966.333679631352,560.44575047493,4365.86657333374,0,16900.1348105371,58.9717163145542,1413.19689312577,3285.48185376823,8164.14335437119,108.087679862976,931.766893684864,199.547826498747,1206.48623727262,535.189448475838,51.7776541411877,154.068487346172,59.3861879706383,182.174645155668,14.0569338798523,47.7126879096031,17.2559752762318,28.1387030184269,19.2520540952682,9.28355860710144,4.63659989833832,0,0,17.3635231852531,0.540231585502625,1.2315628528595,8.83360135555267,18.1252134740353,57.8460619449615,13.2318795025349,37.1904978752136,8.44655886292458,23.3739891946316,16.2487814426422,10.4767796695232,141.342862695456,3.05009746551514,0,0,4.51733115315437,50.6047535538673,73.5203641653061,6.25435617566109,970.319983154535,1.43184792995453,2.4714982509613,12.2629343867302,378.158010303974,45.8155896961689,57.7500299811363,4.34645059704781,4.62996208667755,6.53763836622238,15.0378705859184,13.5054005086422
10388.6496202946,2.1473588347435,1903.18562036753,10.6060709059238,59.9902784824371,140.85386505723,8136.61465701461,9332.15217006207,62.143140822649,333.352795749903,491.802121758461,104.296482354403,1029.96232810616,24063.5990466774,495.059465974569,15.3699479699135,6363.80189323425,220.547447919846,1337.16782900691,66.8841106295586,47133.5935582817,3.873032361269,24012.9001194239,132.079653561115,2.36171165108681,1054.16038110852,1553.11584955454,49297.7061909437,16900.1348105371,0,19.9282524883747,131.610976547003,4965.342107445,8660.28407503664,3885.76616477966,11346.8936087489,1489.69908726215,8956.26228037477,5152.3234179318,334.680060297251,233.168410509825,37.1957411468029,134.726925462484,7.18146216869354,42.378026932478,38.4294791817665,26.0894722938538,14.2900727391243,1.20491373538971,1.74753910303116,0,5.58307057619095,2.20709133148193,0,0,7.20472225546837,8.41144016385078,34.2838270962238,1.20467209815979,18.7136244177818,0,8.61061450839043,8.76653301715851,11.0459490418434,40.0686729252338,3.23334509134293,0,0,0.508857607841492,19.6280615031719,31.9149223864079,16.3899654150009,563.448265850544,0,2.97134363651276,98.4141085147858,206.947412729263,26.6135442554951,23.8816279768944,0,3.54230940341949,2.1467279791832,4.83183470368385,309.185994446278
3.55531141161919,121.188659071922,3.3934143781662,1.37773656845093,0,8.70031958818436,52.4629790186882,32.2141588032246,38.4838772714138,101.000693291426,2360.17534598708,98.7120523750782,6676.58292141557,82.6426723301411,0.518914699554443,1.71507620811462,3.56307727098465,13.7645656466484,5.50058341026306,46.6946480572224,3.83261865377426,88.688405752182,7.83744522929192,71.3117136061192,2330.72165074944,1386.49684384465,1331.48575592041,18.4006717801094,58.9717163145542,19.9282524883747,0,5.30965709686279,0,429.975725054741,9.99874269962311,107.235588282347,654.258779764175,326.976538091898,154.537507623434,1.03453174233437,1.12470400333405,22.1253053843975,1.61507129669189,314.493241280317,0.410750776529312,3.41876828670502,0,0.537575960159302,8.66533678770065,0,57.0745331346989,0,0,0,0,0,0,11.573546230793,0,843.827901214361,3.00385773181915,905.240529417992,0,1.26800215244293,0,1.10861337184906,25.6848328709602,3.39860737323761,0,0,21.1642350554466,0,6.65236526727676,1015.0075827837,1183.96355631948,1616.81042835116,0,0,0,1429.84818693995,0,0,4.03726851940155,2.14891916513443
