0,0,150.077680826187,2.41682142019272,0.455439388751984,34.6766028702259,3704.64089852571,851.283141940832,29.7930536866188,101.690097421408,22.5159604251385,64.4907529950142,2.82601898908615,9560.9875639081,13.683125525713,1.604168176651,633.687955260277,18.4597817659378,121.623003184795,47.8915902078152,661.822785228491,4.15886002779007,1165.41402605176,114.108509510756,0.571978509426117,28.2386946976185,93.2348633110523,160.888179063797,8906.77255356312,9006.66110157967,1.7859405875206,7.48019096255302,61.2931731343269,327.557677835226,21.1437149047852,135.182452112436,25.1636961102486,201.68659979105,80.4593960344791,19.7738169431686,7.88467180728912,3.46739304065704,12.2304475009441,1.12169194221497,4.72523885965347,2.6158264875412,0,0,0,0,0,1.29052728414536,0.682471632957458,0,0.412072002887726,5.357865691185,0.375274628400803,5.3102023601532,1.62140625715256,0,3.35986655950546,0,1.2799950838089,0.919963479042053,5.82931223511696,0,0,0,1.05656731128693,5.45245623588562,16.0665253996849,1.29548281431198,52.8368028998375,0,3.10757663846016,10.3628504574299,18.7356605529785,2.82380849123001,3.70045456290245,0,0,0.577433109283447,1.51048931479454,4.05342710018158
0,0,153.362929433584,1.14466869831085,0,3.02273881435394,4.90035176277161,2.67536795139313,1594.62676608562,1.42760467529297,402.04081761837,1.69567629694939,1459.46698611975,5.67290744185448,24.0051809251308,174.269710332155,140.453333973885,9.83752709627151,94.888365149498,0.425185590982437,44.4514257013798,5225.55902504921,52.0572704672813,2407.13614621758,3019.79109567404,403.857524842024,29506.5196542144,48.6627073585987,10.8307395577431,20.3138191401958,24.555571436882,0,8.02515745162964,94.6990769803524,19.978221654892,205.274003654718,187.700047314167,178.810308158398,106.306986421347,43.0160405039787,3.67536050081253,691.822570800781,53.806619644165,102.296236366034,27.0552340447903,25.4675589203835,3.93039560317993,0.587392389774323,18.9823302030563,1.79190862178802,2526.26254796982,61.3933172821999,0,0,0.491509467363358,4.0832531452179,0,28.3685131072998,0.876374155282974,20.6356546282768,0.455669909715652,177.355364918709,0.816181182861328,1.09284675121307,24.3123387098312,35.7433444857597,13.0650988221169,19.5258682966232,0.535691022872925,9.24049463868141,88.6660522222519,24.4988623261452,73.8528514206409,135.249606668949,487.574563473463,6230.09573325515,14.4500025510788,3.79371875524521,4.8423984348774,64.5856005847454,0,1.57483726739883,19.6714638471603,3.14947903156281
150.077680826187,153.362929433584,0,21.8855756223202,14.3729002475739,68.6373707652092,1922.93318939209,891.655817121267,20.7323024868965,115.859378010035,107.339210599661,28.0169419944286,2.12218201160431,1168.68830704689,104.656357556581,121.155840605497,43459.3558869362,232.289047628641,4261.88055944443,25.5619005858898,1197.37664413452,69.740870654583,29803.3705777824,723.361707061529,8.08593612909317,16480.204646647,41001.6640119851,1271.20474800467,444.32523560524,811.180089890957,1.06418371200562,22.8892740309238,17.5407240688801,2807.29627856612,1048.88879704475,11779.7661501467,3990.44192370772,7050.65760341287,6182.25205180049,114.719354242086,102.715160518885,25.4652293324471,351.475406378508,154.733790099621,216.475169062614,168.40862557292,2.48288893699646,2.01737731695175,2.61624240875244,0.626441955566406,286.384866386652,2428.74191251397,0.598153412342072,10.5915237665176,0,14.6537571549416,2.92007297277451,24.7995597720146,0,0.3904187977314,1.33775132894516,1.53062754869461,5.53759384155273,13.8507556915283,71.5275452435017,667.937567651272,22.4777375757694,233.514181375504,0.528095126152039,58.9612796902657,145.100137352943,364.340798318386,82.7995028793812,23.1262142956257,2266.09452527761,15034.4774329066,30.4333454966545,5.98561197519302,29.5541694760323,2.77694094181061,0.390460669994354,3.95604157447815,174.412422478199,494.06696420908
2.41682142019272,1.14466869831085,21.8855756223202,0,39.7152439951897,158.547035455704,490.317365825176,181.646825015545,1531.16496413946,13115.1558648348,17.9468651115894,543.675088524818,7.15348213911057,277.089734464884,469.237173676491,1.39532774686813,6.2044689655304,10.9927173256874,14.6240672171116,23395.9763987064,32.795819401741,2.24788802862167,20.4447420239449,6533.96299573779,0,17.3195814788342,8.67816123366356,11989.0187897086,408.456001162529,17.7871426939964,1.24487328529358,23.4192600846291,34.8396510779858,215.991176337004,133.663867712021,1172.25340503454,14.5784072875977,287.846268981695,67.1316159367561,745.649047732353,141.661743313074,38.3793494999409,271.794002979994,1.54762515425682,175.47403383255,24.4457378685474,1067.95956575871,41.1179580688477,30.5070940256119,1.2318657040596,0,1.80120176076889,4594.17086771131,64.4558610022068,713.114332675934,350.130378454924,390.686874806881,1258.82479184866,2162.24570381641,5.84951120615005,4666.48032644391,1.06094932556152,264.239912360907,664.895036190748,4.29156595468521,0,7.11437746882439,3.06646776199341,2223.53502684832,0.939893662929535,7.53861182928085,0,3449.93200558424,0.914273858070374,9.72041609883308,6.77263242006302,2112.4137711525,108.598817050457,9.45085912942886,6.18308168649673,13.2143252491951,8.28692123293877,185.34170410037,22.3765815198421
0.455439388751984,0,14.3729002475739,39.7152439951897,0,1207.12116628885,39.893173545599,32.7986301481724,379.108595758677,54.4754946231842,2.50031968951225,660.64800158143,0.918176114559174,19.3566238880157,2599.69999828935,53.2189450860023,1.55232244729996,0,2.89073187112808,77.6242442429066,150.309539824724,2.29632639884949,518.41687899828,230.087818622589,1.08144176006317,4.77368012070656,88.7664276957512,99.4159531891346,19.7047426402569,67.3678954839706,0,1151.58827248216,2.89987695217133,297.768107742071,2017.13096401095,774.693187445402,139.798404633999,46.876610159874,293.973724007607,21645.1470698714,4369.66625702381,55.1931570470333,34.1679891943932,20.3626948595047,5.96291613578796,26.9521600008011,250.912633389235,1.58767592906952,26.5786001980305,0,0,4.86277794837952,63.1805969774723,10.5156230926514,25.0326465666294,7.63506039977074,4.82072058320045,60.4997754096985,42.0426787436008,0,102.367786616087,0,6.07923212647438,92.6637831330299,9.39946240186691,1.18131577968597,0,1.47916769981384,48.7518154680729,8.27061849832535,2.73374712467194,11.8391876220703,62.6688367724419,0,3.72038167715073,14.2863408327103,34.0221261382103,3.65841627120972,5.82436835765839,0,0,0.713231384754181,4.86974835395813,823.530790656805
34.6766028702259,3.02273881435394,68.6373707652092,158.547035455704,1207.12116628885,0,4775.32947406173,13519.1028760374,681.070611417294,26499.040543586,131.016585618258,16566.4187615514,24.1903463304043,1210.41407439113,7160.88106521964,1.32383209466934,56.8086506128311,69.0652269124985,82.7079639434814,2139.66787001491,171.732155561447,1.44697844982147,215.744861841202,575.495231598616,0.930023789405823,63.2486290633678,42.4027806222439,1214.84716409445,621.079956293106,181.649076551199,2.29124972224236,227.537223607302,25.5883891582489,713.777843981981,9600.009722054,3683.14981871843,182.373146653175,510.23939409852,449.615603715181,11668.4119383991,3815.67607748508,411.64379888773,234.136798888445,1.96915027499199,99.6836706399918,15.9752813577652,511.803854227066,23.461944013834,61.4540413916111,1.43565279245377,0,0.383483856916428,474.174056649208,17.0894195139408,136.993637174368,163.189969152212,120.6208537817,243.481231808662,324.90243896842,2.32745313644409,362.959131419659,3.75606161355972,97.4319574832916,165.230160564184,9.22237545251846,0,0,0,266.172063857317,7.11609411239624,17.8883964717388,2.33651053905487,1266.48606702685,2.05890870094299,0.439382135868073,5.85556256771088,657.551249593496,64.2239003777504,6.48099917173386,0,8.49115091562271,2.0277636051178,87.5065932869911,759.583145081997
3704.64089852571,4.90035176277161,1922.93318939209,490.317365825176,39.893173545599,4775.32947406173,0,19776.3915424943,920.771026909351,32120.6508897245,254.20059004426,371.325539797544,65.848444133997,23411.8499922454,773.386134415865,124.912767529488,340.315950870514,129.926315635443,276.153391748667,367.482340693474,10537.6740439236,46.9320229887962,5603.73706963658,5973.90821361542,2.45627537369728,255.945075750351,439.695578545332,75813.7845945358,5500.06539663672,6917.97853428125,6.04208138585091,138.508300095797,849.627812683582,2156.62929049134,1141.16658300161,5834.88891851902,319.058290332556,2730.29722613096,821.765393704176,1483.48184040189,808.969295412302,113.010687023401,484.1441013515,6.1276872754097,254.821641296148,48.1842249929905,252.417549669743,53.6907767653465,38.7781185209751,7.94979465007782,1.45795488357544,36.1629698872566,541.984484493732,6.6682533621788,219.538659006357,352.941603422165,309.502315670252,322.863060295582,491.577819287777,8.58213007450104,283.376667618752,2.10444247722626,255.765836030245,120.689934849739,142.846123307943,3.37443971633911,0,0,274.259225159883,131.84303855896,174.137334644794,96.9020063579082,2242.74484568834,1.20596837997437,8.62131732702255,159.976401090622,1085.6960606873,190.840012043715,124.269369333982,0.84604674577713,16.6210302114487,30.4017416834831,230.301958501339,158.082432866096
851.283141940832,2.67536795139313,891.655817121267,181.646825015545,32.7986301481724,13519.1028760374,19776.3915424943,0,630.787698566914,17698.5548845232,220.870397388935,7321.90024116635,28.5094817876816,14001.8009059727,508.901329100132,28.0564585924149,790.216533005238,115.427220880985,284.187074393034,2948.90707066655,2712.76061394811,15.6666680574417,3524.8069357574,1282.65286418796,2.79940277338028,192.045008003712,269.306798636913,1630.17174765468,1891.35240370035,4915.8906852603,2.41792660951614,127.743076175451,118.361644595861,1446.84315744042,256.434255242348,3886.84258720279,263.91049271822,1053.9488850832,583.541840165854,2463.89736691117,728.574632644653,455.070659011602,331.353900074959,1.19644677639008,143.971384078264,29.2244189679623,201.714354842901,18.7515550553799,51.5252082049847,1.96766167879105,0,4.5572310090065,267.828157603741,5.21908068656921,60.5779893100262,249.358193457127,91.1124962568283,204.521343797445,191.50988176465,3.24553894996643,205.563908666372,2.79955363273621,56.62651476264,51.7093144059181,36.6457205116749,1.06693708896637,0,0,162.424649834633,41.4915939867496,46.7928766012192,13.9676712453365,1716.21952876449,0,2.06292232871056,30.8416085541248,803.335930138826,66.4105062186718,32.746150046587,0.522787570953369,1.66731119155884,16.0108029842377,108.484932214022,29.2979049086571
29.7930536866188,1594.62676608562,20.7323024868965,1531.16496413946,379.108595758677,681.070611417294,920.771026909351,630.787698566914,0,735.14887714386,242.752338856459,1139.34835252166,564.096763849258,686.037888169289,4412.08801239729,390.875995069742,41.1650491952896,33.5724692046642,52.6908133327961,674.705409795046,183.75431728363,4678.58601990342,100.730126410723,22411.1477769911,1093.91780421138,89.8613505661488,5107.36141571403,3655.54740869999,826.57679516077,528.654152065516,31.3842789232731,59.237056016922,156.571538984776,490.284283995628,251.835503906012,1735.15532952547,94.7729413807392,479.254335403442,135.667272925377,3631.13804230094,190.664158254862,217.598069578409,636.466483324766,47.43034273386,308.346247255802,92.1911359131336,1279.79764091969,50.4725657701492,40.56491330266,12.4479452371597,17.403106212616,26.4483979940414,1907.87240505219,119.074843853712,456.092910170555,451.669397890568,369.54115781188,4218.27825382352,834.120876163244,49.044694006443,834.594120055437,62.0366863310337,371.078571468592,762.081429362297,1543.69919538498,8.61395806074142,26.4884700477123,8.16191005706787,664.82497754693,394.68721267581,2826.79214555025,574.335305869579,6429.64440664649,31.2256942391396,77.3015347421169,432.767135709524,2074.97261640429,320.25142365694,224.094684690237,36.4810711145401,29.3788240253925,45.6215539574623,215.428510993719,153.66345334053
101.690097421408,1.42760467529297,115.859378010035,13115.1558648348,54.4754946231842,26499.040543586,32120.6508897245,17698.5548845232,735.14887714386,0,352.400685995817,6558.26737862825,65.6531421542168,4980.5749424994,1151.53982537985,11.1020926237106,68.0008121728897,172.592679470778,249.462425410748,21207.1851043105,273.89506405592,7.67525607347488,214.459107369184,1713.21554732323,0.887741029262543,158.862702906132,94.6067537367344,10734.715236932,3370.61367306113,202.50463232398,14.9574726521969,223.062048047781,105.750774979591,1854.93781372905,2071.54761815071,5422.73032492399,179.212191134691,1699.7425993979,346.968999892473,2062.6116053164,927.292483836412,177.418481200933,257.075667381287,5.90421581268311,114.372792512178,31.1688471138477,520.789079189301,39.4334610402584,44.0159388482571,0.367094844579697,0.450579643249512,0.526285588741302,1712.62448576093,27.5457311272621,430.479841202497,284.836962342262,229.936192601919,480.756484240294,1058.83262655139,0,1334.42016360164,4.78801870346069,107.315206706524,269.097874879837,10.4451602399349,0,0,0,899.739525824785,7.80893066525459,7.40511032938957,5.38243079185486,2231.05972146988,0,0,12.1999472379684,1342.37626805902,85.3463694751263,11.0289911329746,0,2.82020205259323,4.16500455141068,161.930181771517,172.340561747551
22.5159604251385,402.04081761837,107.339210599661,17.9468651115894,2.50031968951225,131.016585618258,254.20059004426,220.870397388935,242.752338856459,352.400685995817,0,411.005644291639,11079.006136328,676.581675469875,37.5385458767414,17.3714144229889,174.33338150382,13062.0578255951,3284.67807868123,218.269720107317,98.1843680739403,472.401668936014,250.930152744055,280.934778481722,1114.00431239605,6817.24819913507,1205.05034211278,132.270051538944,2479.09312391281,134.448203027248,670.41374027729,508.742894202471,7.69154399633408,10789.6334287822,130.162409305573,1297.06153491139,3968.2232375741,5415.4263908565,569.101489305496,223.792692601681,51.588220000267,2631.24207037687,15.4739130735397,1137.66525173187,22.183796107769,3.53008645772934,8.2438522875309,0.602743923664093,306.848000407219,0,11.1495966911316,2.72356399893761,0.856573641300201,0,1.08850800991058,2.01831322908401,0,33.6648924946785,0.404483765363693,623.730226874352,8.84577441215515,2210.84548994899,6.54272392392159,0.872858464717865,2.51635384559631,0.653335690498352,23.1124708354473,1.61375567317009,1.09398221969604,0,10.3016083240509,0.340845137834549,88.795888453722,230.718164652586,263.776060640812,530.826945632696,13.8790274858475,9.96786785125732,1.10371685028076,918.750580966473,0,0,66.922824293375,38.5584896206856
64.4907529950142,1.69567629694939,28.0169419944286,543.675088524818,660.64800158143,16566.4187615514,371.325539797544,7321.90024116635,1139.34835252166,6558.26737862825,411.005644291639,0,67.7195563912392,5317.94221311808,10238.6594084799,3.99155813455582,71.8860066533089,210.116574019194,270.072628945112,13918.1825797856,48.6646061241627,7.92546194791794,63.8614102602005,881.04115986824,4.67989253997803,384.230641812086,102.320342540741,350.896328628063,2555.24519431591,112.618482559919,13.7186866104603,292.110207080841,14.1404232978821,1718.01713261008,14209.438698709,3252.64759251475,187.827800780535,836.988988250494,282.536424785852,3769.10816854239,425.830937862396,178.344818264246,175.475761681795,18.9589750468731,92.6873958110809,27.5726998150349,839.616649150848,23.8243950009346,56.2187211215496,3.64639449119568,0.629316091537476,3.9786388874054,631.452973484993,39.6766547560692,205.55301630497,143.665242433548,135.495728999376,389.723233044147,400.289173573256,10.8715005815029,1081.40331324935,12.666236281395,117.27881154418,322.863888412714,5.13706463575363,0.81106972694397,6.7817448079586,4.49383735656738,489.007807224989,7.14098909497261,8.53189444541931,4.07101535797119,1024.64960423112,2.35589385032654,41.1952447593212,42.9127613306046,534.392596065998,70.9816725552082,5.00609576702118,24.245970338583,6.86624026298523,9.39511501789093,84.5920440852642,1816.87681049109
2.82601898908615,1459.46698611975,2.12218201160431,7.15348213911057,0.918176114559174,24.1903463304043,65.848444133997,28.5094817876816,564.096763849258,65.6531421542168,11079.006136328,67.7195563912392,0,68.0174577534199,12.1444501280785,23.3106527924538,5.10150873661041,37.4511176347733,7.70602744817734,45.4815963804722,23.4808274507523,1463.1906248033,28.2414344549179,594.450381666422,7051.62664204836,521.736218303442,4949.69683879614,45.5151338577271,207.346723169088,41.8512904644012,580.128798037767,45.9969815015793,4.9889352619648,1979.60011968017,11.9239519238472,136.85796764493,2351.13950970769,1269.98107784986,16.9766364097595,37.9377398192883,14.6218145489693,4548.49894469976,17.8054069280624,3943.85542821884,62.336122751236,13.5897981226444,9.35172313451767,0.625525295734406,1289.6545548439,0,63.9501768052578,0,0,0,1.33991074562073,3.25768357515335,3.41174983978271,85.4276184439659,0.875170290470123,2814.49935773015,9.40366077423096,8427.31622850895,21.5705502927303,1.72194588184357,5.18849179148674,1.59821659326553,55.3448611795902,2.44845926761627,3.48283123970032,0.612497389316559,59.5103674530983,0.739086359739304,73.2804479002953,1315.2817581594,623.432993650436,1855.34103509784,4.46413797140121,68.2654565274715,2.27445429563522,2698.36342582107,13.531138241291,0,168.742968529463,4.13896596431732
9560.9875639081,5.67290744185448,1168.68830704689,277.089734464884,19.3566238880157,1210.41407439113,23411.8499922454,14001.8009059727,686.037888169289,4980.5749424994,676.581675469875,5317.94221311808,68.0174577534199,0,269.60003605485,29.9247587025166,2133.46411350369,412.95418971777,818.009941697121,2400.28572109342,3837.50820153952,16.4337219297886,5798.02240383625,1445.43567666411,3.22848773002625,381.744324982166,572.639431774616,2055.86163169146,13940.5512242913,16303.7699469328,10.6903398931026,149.363143950701,193.934933036566,2085.12799622118,169.588895916939,2929.24622139335,286.129991322756,1341.45006388426,494.494789302349,810.409142285585,147.520489513874,263.326415836811,329.209825217724,2.79447749257088,144.982260763645,22.3954998552799,183.931444913149,7.38398802280426,69.4214552640915,2.57582560181618,3.34486013650894,6.74864527583122,147.043911129236,1.91462254524231,26.0882690250874,242.103036612272,55.6039422750473,195.654493629932,77.4074142873287,3.3622835278511,145.33029422164,3.75057080388069,25.7977915108204,51.983539223671,48.0170642733574,0.935915321111679,0,0.430972963571548,85.747287184,33.3230804204941,99.8227252662182,20.3164488971233,1921.95379799604,0.820852518081665,7.34218427538872,59.1825193166733,755.484932005405,55.3595516085625,59.7547029256821,4.81718903779984,0,18.3048432767391,70.4161577224731,27.0810944437981
13.683125525713,24.0051809251308,104.656357556581,469.237173676491,2599.69999828935,7160.88106521964,773.386134415865,508.901329100132,4412.08801239729,1151.53982537985,37.5385458767414,10238.6594084799,12.1444501280785,269.60003605485,0,94.2127925157547,45.4235785007477,28.3132955431938,53.5765047967434,1082.94347974658,585.091792345047,46.8998755812645,666.294664889574,2157.11609771848,10.2594429850578,66.1406762599945,262.874032467604,1388.30453804135,255.280542373657,703.885713160038,0.447772562503815,163.014740258455,51.2995111644268,195.243716090918,4995.42014473677,2358.02317878604,445.547289133072,184.650250732899,529.965849220753,5598.47753837705,165.218701153994,213.971779108047,300.802276909351,49.5528105199337,89.1365987956524,103.000463187695,2122.35484325886,30.1864821612835,161.726761698723,1.48649382591248,1.01727330684662,17.3993772268295,813.974705696106,121.095073610544,272.946563154459,129.249886870384,87.4372796714306,691.183208674192,380.476017206907,4.03307911753654,976.840226560831,2.55223608016968,93.0443653762341,915.296741515398,56.851525247097,5.75649780035019,0,2.72585546970367,520.731857001781,42.201370537281,62.3673304915428,71.4920799136162,1189.23391357064,1.27043500542641,15.8431138396263,43.8382248878479,512.673621207476,54.1192034184933,42.0284750163555,0,7.60823965072632,13.3013173043728,83.7013884782791,1407.17483153939
1.604168176651,174.269710332155,121.155840605497,1.39532774686813,53.2189450860023,1.32383209466934,124.912767529488,28.0564585924149,390.875995069742,11.1020926237106,17.3714144229889,3.99155813455582,23.3106527924538,29.9247587025166,94.2127925157547,0,168.037265211344,5.21077671647072,68.8720364272594,3.04727911949158,13973.4030260146,10046.8482799828,19308.0007606149,4630.21548911929,42.2332502901554,54.9399416446686,16105.1753357351,916.896571755409,53.0430687963963,402.859928309917,0,6.11842894554138,17.8522927165031,398.137999355793,922.915497124195,4624.47409528494,1274.63376256824,1409.82394346595,1238.69225242734,39.1202872991562,22.7662055492401,32.140134781599,585.206596404314,102.386575371027,254.801841676235,137.279340922832,34.095449090004,6.00328928232193,4.98869770765305,7.70133405923843,39.7655630111694,748.313254207373,0,3.85801064968109,0,46.1645764112473,12.589788287878,107.21751844883,0,1.10623669624329,3.50662130117416,3.36881333589554,17.0423779785633,28.7843415141106,15014.1874350309,51.6720191836357,0,6.93952357769012,2.2857877612114,1348.20853823423,3976.86721163988,6925.12103822827,1127.4747852087,1.35994952917099,21.1169609725475,8384.01641920209,396.842157006264,49.4208460450172,323.74207419157,0.995698869228363,1.02391910552979,14.5421287119389,88.279473900795,221.796300023794
633.687955260277,140.453333973885,43459.3558869362,6.2044689655304,1.55232244729996,56.8086506128311,340.315950870514,790.216533005238,41.1650491952896,68.0008121728897,174.33338150382,71.8860066533089,5.10150873661041,2133.46411350369,45.4235785007477,168.037265211344,0,202.593326598406,4606.86657714844,41.4657934904099,1959.86422923207,123.034180283546,13675.8722968996,336.738800734282,6.90368032455444,12252.5900556743,18860.4796414673,384.546578854322,2027.18965789676,2368.00323608518,0,32.9239040613174,164.52096632123,7669.35120150447,286.023855924606,2991.30861651897,1483.51734820008,3238.50961351395,1530.57117709517,71.2853637039661,39.3810370862484,19.1149179935455,49.41071793437,31.0385484397411,32.7417204082012,27.6506385207176,0.961224794387817,1.19563782215118,1.46310830116272,0,66.4915359020233,237.193724662066,0,0,0,0.537378072738647,0,9.34897267818451,0,0,0.361710041761398,0,0,1.33365499973297,36.8908308744431,56.8599914312363,14.4919375479221,54.6359829306602,0,15.9380904734135,44.5016354322433,40.1563002765179,30.9329234361649,8.18075877428055,810.734560310841,2471.99327361584,8.72627213597298,0,2.09817725419998,2.88633388280869,0,0,24.8678113222122,96.4915972352028
18.4597817659378,9.83752709627151,232.289047628641,10.9927173256874,0,69.0652269124985,129.926315635443,115.427220880985,33.5724692046642,172.592679470778,13062.0578255951,210.116574019194,37.4511176347733,412.95418971777,28.3132955431938,5.21077671647072,202.593326598406,0,4452.20722678304,109.869974702597,112.790652185678,5.59061944484711,299.537576824427,60.9665112197399,3.74179518222809,2543.06320792437,809.078759372234,69.1887588500977,1273.08248823881,78.6162535250187,10.827255487442,240.219480752945,5.41773039102554,3519.52535071969,241.036647975445,2195.51121616364,4990.72458609939,4309.70749723911,1298.98651719093,132.514171123505,41.0482974648476,288.248958259821,23.218789935112,123.970401406288,5.28535223007202,13.5716586709023,0.775290250778198,0,4.92891782522202,0,3.35315585136414,6.64663279056549,0,1.617546916008,0,0,0,10.7788116931915,0,56.9951094985008,1.99810409545898,79.7947631776333,1.99071407318115,0,1.8899941444397,2.02914199233055,48.9591558873653,9.83750638365746,0,0,4.36530959606171,0,8.84772461652756,15.5573871433735,497.730684995651,566.984098613262,0,1.67686939239502,0,174.917687922716,0,0,9.52325665950775,93.5775977671146
121.623003184795,94.888365149498,4261.88055944443,14.6240672171116,2.89073187112808,82.7079639434814,276.153391748667,284.187074393034,52.6908133327961,249.462425410748,3284.67807868123,270.072628945112,7.70602744817734,818.009941697121,53.5765047967434,68.8720364272594,4606.86657714844,4452.20722678304,0,145.72750377655,805.933884263039,30.6733072698116,2970.78874120116,173.647996172309,17.652804672718,7841.46893000603,7995.80853253603,227.145844131708,1650.80717644095,460.247923105955,4.32869297266006,153.838271707296,56.8026837706566,9971.24052131176,575.115940719843,6166.36017754674,6442.44797095656,6278.32603341341,3434.39399835467,148.415261656046,62.7795479297638,153.951282650232,47.4846724271774,111.568927109241,25.2469063699245,27.0196550190449,0,0,6.16049838066101,0,41.0172633528709,52.921900331974,0.362175732851028,0,0,0,0.426547348499298,12.518979460001,0,17.2188938260078,1.05487033724785,13.2339455485344,0.832520067691803,5.94489789009094,4.88850063085556,27.1885895133018,121.40782481432,96.8488964736462,0.393941432237625,2.3612340092659,14.600340783596,16.2436638176441,12.669302970171,23.4868717491627,1354.95096200705,2355.65949386358,2.1297704577446,0,2.533083319664,80.8323388397694,0.704621732234955,0,26.9403590857983,270.704160541296
47.8915902078152,0.425185590982437,25.5619005858898,23395.9763987064,77.6242442429066,2139.66787001491,367.482340693474,2948.90707066655,674.705409795046,21207.1851043105,218.269720107317,13918.1825797856,45.4815963804722,2400.28572109342,1082.94347974658,3.04727911949158,41.4657934904099,109.869974702597,145.72750377655,0,26.0610979199409,1.28483998775482,42.6680052280426,2269.43254545331,0,92.1289866864681,43.9285229444504,4190.41115796566,1599.78248333931,91.1824715435505,6.38055604696274,144.837358087301,27.4187305867672,920.866250365973,224.145476222038,2603.64423421025,92.4075742065907,687.513296663761,137.720003753901,1270.25660416484,435.48314383626,134.606540024281,243.555327147245,3.90046158432961,139.310274809599,20.6201334297657,781.591956853867,42.1621444225311,50.5566619634628,0.532096683979034,0,0,2120.62635073066,44.5973646044731,510.06958514452,265.953046858311,303.195177197456,603.286766201258,1310.61508101225,2.5496598482132,1166.04111266136,0,189.417883992195,394.029218554497,3.21326667070389,0.745371878147125,0,0,1114.51935094595,1.70924884080887,8.08588910102844,1.15498566627502,2373.89010637999,0.948882937431335,0.774077236652374,3.34389853477478,1413.41397166252,99.6456276476383,4.0874599814415,0.542935609817505,7.41726887226105,4.65679204463959,153.887471586466,26.492203950882
661.822785228491,44.4514257013798,1197.37664413452,32.795819401741,150.309539824724,171.732155561447,10537.6740439236,2712.76061394811,183.75431728363,273.89506405592,98.1843680739403,48.6646061241627,23.4808274507523,3837.50820153952,585.091792345047,13973.4030260146,1959.86422923207,112.790652185678,805.933884263039,26.0610979199409,0,919.487826496363,57662.3173252046,2644.16798308492,17.8567740619183,295.104602694511,4035.45214933157,20390.718398124,2231.52651947737,40166.7640570402,3.04631718993187,82.5521395206451,307.265774667263,11231.9048098326,3852.00897189975,14366.526737839,1535.67451128364,13802.2880584598,5126.12280112505,200.678817898035,188.636727243662,116.873085916042,434.310748338699,32.2102973163128,111.858920633793,81.5914512276649,34.7556779980659,10.2319982647896,24.489783257246,1.71818512678146,7.34514957666397,67.8882022500038,0.546557605266571,8.00424090027809,1.8914383649826,32.2942525744438,10.2799807786942,115.551173746586,3.44367498159409,0,9.15532666444778,0,15.3983235359192,41.2345100045204,2134.22793465853,15.7789814174175,0,2.40840178728104,0,989.711077660322,1162.32383710146,1308.10807150602,779.3381267488,0,15.9857537150383,598.289416730404,306.631398081779,75.2112661004066,386.960707813501,0,0,33.4776589870453,43.1929441988468,673.222139120102
4.15886002779007,5225.55902504921,69.740870654583,2.24788802862167,2.29632639884949,1.44697844982147,46.9320229887962,15.6666680574417,4678.58601990342,7.67525607347488,472.401668936014,7.92546194791794,1463.1906248033,16.4337219297886,46.8998755812645,10046.8482799828,123.034180283546,5.59061944484711,30.6733072698116,1.28483998775482,919.487826496363,0,1374.62628275156,12513.0003382266,3219.03049129248,106.72905600071,24606.4435020387,611.803734064102,71.3910239934921,209.129882991314,44.1006198227406,3.51540589332581,36.6002017557621,153.179178744555,59.5305909514427,526.887602031231,149.976241141558,247.721374690533,134.040870755911,115.162287175655,22.295588105917,446.370219349861,351.504287600517,93.4265938997269,133.635678350925,61.1668533682823,46.3099420666695,11.772492647171,28.436848282814,4.05405461788177,196.112709641457,229.749963700771,1.18278732895851,7.49240374565125,4.96832358837128,49.8951585888863,19.1998164951801,178.853293001652,6.8438463807106,36.0206533670425,5.58119279146194,134.003791451454,32.5062647461891,40.4131495952606,3386.61234340072,36.7042982876301,7.0541886985302,2.99907425045967,6.85711193084717,305.742360711098,3859.8602886498,790.357228606939,1014.19619187713,58.3913103342056,97.2516053020954,5065.16039282084,301.596975803375,68.6060659587383,130.372540324926,75.8207716941833,2.30962592363358,13.6387013196945,62.8963738679886,68.0392227768898
1165.41402605176,52.0572704672813,29803.3705777824,20.4447420239449,518.41687899828,215.744861841202,5603.73706963658,3524.8069357574,100.730126410723,214.459107369184,250.930152744055,63.8614102602005,28.2414344549179,5798.02240383625,666.294664889574,19308.0007606149,13675.8722968996,299.537576824427,2970.78874120116,42.6680052280426,57662.3173252046,1374.62628275156,0,3063.72484979033,6.62582343816757,2113.0013011694,32153.4942408502,7463.1649312973,3201.63614076376,15278.2524764836,6.17848074436188,128.720900684595,263.541675627232,17954.2716418505,9722.10649850965,41387.1984255016,13615.7367320061,35834.0779430866,22265.7108356357,389.716812342405,321.014892607927,68.9321902394295,759.195263624191,142.492136448622,314.86296287179,262.678304076195,20.9244961738586,12.2839690446854,8.68688035011292,4.79075774550438,63.4815741181374,2635.68748575449,0.869419723749161,42.7581853270531,0,34.1802395880222,3.33606106042862,36.4542957246304,0.502905130386353,0,12.0344909727573,0,9.56163066625595,35.9158901572227,9976.25799056888,164.855370014906,2.03487104177475,34.2443905472755,0,689.585042178631,1821.67596444488,6067.92655935884,616.77580961585,2.59796398878098,171.152493745089,12242.3647828698,279.101252645254,23.8170227706432,158.966201126575,1.06835281848907,0,8.80468738079071,73.8476234674454,2449.91025277972
114.108509510756,2407.13614621758,723.361707061529,6533.96299573779,230.087818622589,575.495231598616,5973.90821361542,1282.65286418796,22411.1477769911,1713.21554732323,280.934778481722,881.04115986824,594.450381666422,1445.43567666411,2157.11609771848,4630.21548911929,336.738800734282,60.9665112197399,173.647996172309,2269.43254545331,2644.16798308492,12513.0003382266,3063.72484979033,0,1208.06282711029,232.74612981081,14008.4725504518,15052.073245734,2710.52683237195,2806.57039925456,20.4682034552097,69.7970414459705,1102.25840437412,1792.22549661994,1676.8093958497,7537.15075081587,658.480369746685,2475.12825107574,999.173004150391,3249.53423058987,518.183387100697,402.163951426744,4124.67455780506,125.862922072411,1880.30202698708,488.204353392124,2195.18186077476,397.013061672449,214.842397987843,72.1718075275421,87.3800998330116,203.255407303572,3269.41825938225,99.0490278303623,871.119482755661,2206.48815453053,1444.86692646146,3900.74902629852,2125.11115092039,65.6852595806122,1276.19766032696,72.8756806850433,1791.51917415857,1092.63065561652,2023.85135933757,36.1145001649857,19.4003142118454,20.4825743436813,1507.50392746925,1194.85427367687,3117.70281329751,972.24343675375,18952.2050352097,32.6526589989662,75.5740005075932,1757.76216423512,7367.20646587014,1696.76906758547,1152.83502492309,21.0577539503574,138.309983462095,241.341298043728,1242.12105497718,722.099421143532
0.571978509426117,3019.79109567404,8.08593612909317,0,1.08144176006317,0.930023789405823,2.45627537369728,2.79940277338028,1093.91780421138,0.887741029262543,1114.00431239605,4.67989253997803,7051.62664204836,3.22848773002625,10.2594429850578,42.2332502901554,6.90368032455444,3.74179518222809,17.652804672718,0,17.8567740619183,3219.03049129248,6.62582343816757,1208.06282711029,0,270.003640204668,9731.30421677232,20.7362982928753,14.3172470629215,8.2649210691452,240.915938019753,3.47766864299774,3.40378272533417,82.8836008608341,1.60569268465042,25.8584203124046,125.592385798693,69.0619304776192,8.50852185487747,22.8629299104214,0.815240204334259,1128.70375716686,26.7287502288818,366.201872587204,32.364103615284,7.3572850227356,9.66399344801903,0,509.192549407482,0,143.087308645248,5.66115236282349,0.519904673099518,0,0.821386754512787,1.69651302695274,2.51887184381485,71.6977463364601,1.99103540182114,342.696552425623,0.606953203678131,1932.49131533504,9.22670167684555,0.608431935310364,4.00088822841644,6.10920161008835,21.6480249762535,6.9552153646946,3.12918722629547,4.31146487593651,54.7809846699238,1.13516947627068,85.7099821567535,1472.85158479214,481.025050401688,1832.69935753942,5.79695880413055,19.8686488866806,1.84305620193481,602.411508589983,2.14077204465866,0,46.2741844058037,0.987434804439545
28.2386946976185,403.857524842024,16480.204646647,17.3195814788342,4.77368012070656,63.2486290633678,255.945075750351,192.045008003712,89.8613505661488,158.862702906132,6817.24819913507,384.230641812086,521.736218303442,381.744324982166,66.1406762599945,54.9399416446686,12252.5900556743,2543.06320792437,7841.46893000603,92.1289866864681,295.104602694511,106.72905600071,2113.0013011694,232.74612981081,270.003640204668,0,44912.0165912211,206.218686461449,786.870413720608,212.475967884064,562.24730309844,134.457942396402,19.6813343167305,2826.67514260113,569.193300336599,7372.85855582356,11536.1030360162,6619.85787054896,3371.44881772995,125.704260736704,57.3188505768776,1193.16596910357,356.282510697842,1562.27534148097,338.771951764822,225.437512785196,15.6381512284279,2.49064990878105,68.3463852405548,0.760158538818359,437.701961964369,394.667012840509,0,1.32468235492706,0,1.31642699241638,2.79402607679367,142.192984253168,0,929.927950233221,3.3362198472023,2302.22331029177,17.0700368583202,7.85671085119247,15.9535455703735,213.695183694363,1234.41927152872,675.443060219288,0,7.43662944436073,147.601573854685,31.1564694046974,101.632500231266,674.977406233549,13658.5182572603,24322.3543685675,1.88722378015518,20.9119623303413,3.01099503040314,3297.53259328008,2.69097381830215,0.328453540802002,249.366486400366,271.911866664886
93.2348633110523,29506.5196542144,41001.6640119851,8.67816123366356,88.7664276957512,42.4027806222439,439.695578545332,269.306798636913,5107.36141571403,94.6067537367344,1205.05034211278,102.320342540741,4949.69683879614,572.639431774616,262.874032467604,16105.1753357351,18860.4796414673,809.078759372234,7995.80853253603,43.9285229444504,4035.45214933157,24606.4435020387,32153.4942408502,14008.4725504518,9731.30421677232,44912.0165912211,0,2764.4746325016,791.035080105066,576.973688483238,2841.62498131394,67.7258629202843,50.0895523428917,5474.89582243562,3095.90887662768,31482.3975504041,12620.5736456811,17504.7414209247,13834.7859838605,486.775430113077,268.557605743408,768.781485319138,2056.55492085218,2252.85575640202,1352.59155625105,980.541196554899,48.5920720994473,14.0374177098274,101.341970235109,8.07465127110481,7421.49118995667,9246.11130541563,3.87726223468781,26.3436967730522,3.73391950130463,50.4045277535915,8.16299706697464,352.192567318678,1.18846127390862,1031.6102642715,7.16523814201355,2818.82648643851,27.4717961549759,31.5738762915134,3202.90322068334,1841.39789128304,1136.98061403632,1171.04006123543,1.21894213557243,441.824424624443,4250.59053906798,4223.86809831858,1216.06100445986,2417.45361223817,25785.2193445861,135238.6840249,384.780320674181,46.0614346265793,126.951496422291,4565.18996566534,1.4877627491951,15.0792881250381,883.689355581999,1399.50295212865
160.888179063797,48.6627073585987,1271.20474800467,11989.0187897086,99.4159531891346,1214.84716409445,75813.7845945358,1630.17174765468,3655.54740869999,10734.715236932,132.270051538944,350.896328628063,45.5151338577271,2055.86163169146,1388.30453804135,916.896571755409,384.546578854322,69.1887588500977,227.145844131708,4190.41115796566,20390.718398124,611.803734064102,7463.1649312973,15052.073245734,20.7362982928753,206.218686461449,2764.4746325016,0,3626.68769398332,27213.9481972754,5.77608439326286,128.675167262554,1328.42302888632,3307.39443363249,2699.15457767248,10963.0515831709,695.884358376265,5263.85445520282,1831.94038003683,1972.13701164722,813.874897330999,301.035886198282,2187.83986645937,40.4679754972458,1021.58906301856,256.347869992256,1361.94683456421,202.692171722651,176.661405622959,30.9935927093029,14.3641157448292,93.5966408550739,2579.56086435914,52.410041898489,732.038633018732,1341.44674029946,948.609638810158,1744.07027703524,1880.54139637947,18.0516521036625,1367.14617329836,6.91668367385864,975.567397654057,611.048653155565,969.875249296427,21.5755241811275,2.43528026342392,0.982893705368042,1304.39304679632,757.989550322294,1139.18869143724,563.050413936377,9615.98525741696,0.66755086183548,13.033006310463,502.164742559195,4544.06838938594,921.24058625102,728.55334186554,0,73.0498560667038,111.369314163923,762.286821782589,608.401619642973
8906.77255356312,10.8307395577431,444.32523560524,408.456001162529,19.7047426402569,621.079956293106,5500.06539663672,1891.35240370035,826.57679516077,3370.61367306113,2479.09312391281,2555.24519431591,207.346723169088,13940.5512242913,255.280542373657,53.0430687963963,2027.18965789676,1273.08248823881,1650.80717644095,1599.78248333931,2231.52651947737,71.3910239934921,3201.63614076376,2710.52683237195,14.3172470629215,786.870413720608,791.035080105066,3626.68769398332,0,13556.5561318398,50.0430054366589,849.901263266802,5083.1931630969,6395.18694770336,312.015762001276,4013.95980605483,476.092447578907,1839.60152471066,478.083723574877,810.574076592922,299.904903978109,215.417887151241,444.926282912493,5.75321319699287,197.299352794886,48.7451159060001,171.741295009851,22.3918092548847,73.9839694201946,4.75953787565231,4.28772819042206,17.2394692003727,111.33950021863,2.1401002407074,23.5581180751324,269.049286603928,56.464382737875,258.43886885047,69.884830981493,6.35676544904709,104.608082383871,20.9173135757446,44.5525076389313,64.5192581415176,121.87021484971,1.49410486221313,0.432043761014938,0.61741977930069,50.7398056983948,118.984269350767,219.502131491899,44.1958339214325,2003.50333404541,2.45822036266327,10.9244415462017,76.9141955375671,829.16752076149,100.221044808626,112.164298534393,7.38311329483986,2.34013175964355,13.6046048998833,91.2473691701889,44.8792523741722
