0,6.44812627289832e-05,0.00553738848669959,0.000115899474691319,0.000169806080663431,0.00213240549858864,0.105971596170264,0.0222654200346162,3.82520743061185e-05,0.000985476419877663,0.00307575441408418,0.000502878355522469,0.000923627592553919,0.769728635764928,0.000348299058481208,3.832098308025e-05,0.0837183022454514,0.00544118961899827,0.0159974704051318,0.00055640554772433,0.00225908045077693,0,0.0359611931898573,0.000451869370354125,0.000158952427136883,0.037701873396979,0.0170631635249977,0.00125056750811608,1.07840497463397,0.657909474525873,0,4.51185867720008e-05,0.00212105471968746,0.018759536325256,0.0034794790022578,0.00813874330965941,0.000688477638526938,0.0112578389424245,0.00262063931846691,0.00031747269914496,0.000276451843860567,0,0.000232636949740732,0.00038690598048456,2.9583479594475e-05,3.87624739798546e-05,0,0,0,0,0,0.000253510712144524,0,0,0,7.70387275787115e-05,4.43846325185656e-05,0,0,6.1181302030325e-05,0,0,2.53390434529275e-05,0,0.000150781247332537,0.000220443814230454,0,0,0,4.12561193607032e-05,0,0.000287080649856203,0.00148800167373958,0,0.00103672493254606,0.00179792400636703,0.000845836084468067,3.83122131137431e-05,7.90873855662527e-05,0,0,0,0,0.000262052708146107
6.44812627289832e-05,0,0.000277127608678973,0,0.00168571903919923,0.000184540853251315,0.000295403893984041,0.000327508754420477,0.258808331378031,4.04622649983287e-05,0.002547711163481,0.000169369045472616,0.105127177129381,0,0.0158697579225864,0.0710284720812669,0.00147292964422146,4.81134640289367e-05,0.000602895316991556,0.000120384110225511,0.0083688075273985,0.252633520936718,0.0082712192167525,0.306846517429189,0.66909415610732,0.00874121782960131,1.19390679921198,0.00926638213094231,0.000279959631547779,0,0.00508118936089518,7.61649047364592e-05,0,0.00123241160430439,0.000705914628312528,0.00276870369957502,0.00633929138637811,0.00458108392379487,0.000736295845543358,0.00829092986676864,0.000157026506687152,0.084437496296048,0.0183836342215474,0.0157403251629288,0.00345428455495376,0.00417099346712542,0.000459070728451493,0.000111416063592976,0.0539629908362397,0,0.0803049609886009,0.0181683465906594,0.000589927599827558,0,4.47500713648677e-05,0.00135826368476886,0.00018581473508991,0.00306515519567464,0.000376579886415005,0.0186687290574754,0.000214888365343729,0.0669701551570839,0.000555414176830498,8.22582787915976e-05,0.00147404917641766,0.0152954656546519,0.000270764511740112,0.00341886948524641,0,0.000943807168347259,0.00567860611649871,0.00483599081991171,0.00449101595446605,0.0236691134366321,0.0767182851960719,0.616712542000444,0.00387974179644457,0.000259313826388323,0.00185551749255559,0.015354363682199,0,0,0.00139798619159943,0.000712748483262002
0.00553738848669959,0.000277127608678973,0,0.00042219122462925,0.000798071014431175,0.00301349803085723,0.38869834583508,0.0391974540633969,0.000964529341614759,0.00260320500299066,0.0161470182676259,0.0023274472263912,0.0229188324229894,0.0668739440450241,0.00129403429777654,0.00110561739781095,0.776908021166506,0.0210010093642269,0.0626500535259138,0.00166755726295785,0.303716288604635,0.00116840449662194,3.49608315508265,0.020672134190234,0.000452318517293039,6.88387132925892,0.542748247441889,0.248065570428968,0.0228952694016323,0.155374701890837,0.000804028964555415,0.000823507347489863,0.0025175983828132,0.201017212880306,0.0691951103155564,0.317313653985594,0.0617533844545644,0.248619375473867,0.236766814129241,0.00227359895572554,0.00493423654651975,0.000553841596740008,0.0569612946128011,0.00583604792132512,0.0143257782289458,0.0146584801208015,0.00159897503304797,0.000251680883386785,8.38426479449276e-05,3.95987857657671e-05,0.00163697306785805,0.121114632528925,0,0.000658791525128359,0,0.00895339540669639,0.000432262812856263,0.000768779335138629,0,0.00102886002083617,3.02389793365449e-05,0,0.00133621641553376,0,0.00691872045443781,0.0408891177762111,0.00235664436774338,0.00283457609824117,3.37237127090812e-05,0.00594128896928211,0.0010322625932372,0.113722445737757,0.0111236682591955,0.000215673359122503,0.0194373598535166,0.348829218078557,0.0112374428426118,0.000958471403263503,0.0106742116993545,5.69063323486328e-05,0,0,0.00429762619395835,0.0217484575372367
0.000115899474691319,0,0.00042219122462925,0,0.0113748622613595,0.0219020798824085,0.0460319661326701,0.0272547898110273,0.259189602022925,0.626120343850565,0.00837414036765952,0.198761371645833,0.0139190929394205,0.0247366324776699,0.0787772301288878,0,0.000379041727406228,0.000951859584504866,0.00020273747508038,2.37833854081463,0,8.54695474575044e-05,0.000176467756504842,0.390590651584464,0.000840499928947474,0.00164297200343061,0.000265386904424703,0.790187197201935,0.020806797673529,0.00103594033438825,4.70740285026371e-05,0.00285857200408421,0.00063319972407974,0.0241631733830756,0.00870293576103725,0.0569094827469238,0.00151056193297118,0.0146097404904467,0.00208081807799077,0.0704350202058615,0.00961948737197817,0.00168798932007525,0.00773371107041375,0.000251131175786051,0.00111543220813757,0.000923688067307844,0.041914228399877,0.000212699858658928,0.00021911970842036,0.000187462839002353,0,0,0.125495583721787,0.000481391373986304,0.0232105545908804,0.024381016995064,0.00402035487098952,0.0384897140598253,0.120343194959032,0.00316441583151907,0.0578217713142766,4.17831660575569e-05,0.00673663169973509,0.0114924992657735,0.000116748326998896,0,0.000308484869253805,0,0.0492395307143738,8.54013149963144e-05,0,0,0.109150809534444,0,0.000583173788503844,0.000152657348272431,0.213744016845344,0.00451760185597217,4.87060777183294e-05,0,0.00135684540459186,0,0.00422281861172217,0.000347848384312743
0.000169806080663431,0.00168571903919923,0.000798071014431175,0.0113748622613595,0,0.0826889328283599,0.0181667404689833,0.00963740469203365,0.031526062750711,0.0155383722152806,0.00140933020516102,0.0884021488772706,0.00298229592000742,0.00760864111492355,0.192981816918056,0.000817804778436674,0.000857655068630037,0.000114819632782036,0.00018031814090029,0.0140196342224431,0.0192219068530636,0.0026500382220929,0.0192639778786845,0.0324450885133068,0.00225122771048982,0.00102129160825603,0.00531958527667382,0.0259898054990737,0.00322849117387289,0.0195476844010664,0,0.0614026438754226,0,0.00939183725107299,0.380992298779726,0.0137992492584895,0.00270680848292995,0.00259369052423379,0.00421805482470619,0.601166029293612,0.0119740381975405,0.000368030884164977,0.00423674672420525,0.00284688450974518,0.000455499630358386,0.00780564265838912,0.00754932668415056,0.000126895934126615,0,0,0,0.000270973262580985,0.00150447957662851,7.30194395516038e-05,0.00274116342547127,0.00415358986421334,0.000348743402714169,0.000423815849873799,0.00438117755215132,0.00115470639905427,0.00432447192119345,0,0.000828753781037084,0.00190048615887193,0.000366569561973679,0.000191429675203568,0.00122380438388709,0.000424804513305694,0.00143522616800922,0.00179111055131444,4.61208648696423e-05,0.00478557677132459,0.00598931380979366,0.00010769594900496,0.00250278757143305,0.00293779459035388,0.0078970306800707,0.000345847603092962,0.00271678362141695,0,0.000297419092162371,0,0.000159194540539354,0.16504069969499
0.00213240549858864,0.000184540853251315,0.00301349803085723,0.0219020798824085,0.0826889328283599,0,0.52524904621694,1.47216321497433,0.0255986359047764,1.74258512383098,0.0407015322969186,0.839362439683459,0.0197717720877567,0.227771486232778,0.155938033700844,3.82762403378189e-05,0.011531845108289,0.00928635366315015,0.00501084551258702,0.139677082689821,0.00302125336439942,0.000378468485883275,0.00824457431025751,0.0151869170606825,0.00257160735957882,0.0209223102751162,0.0115623407240749,0.0369677541121354,0.0716088122135841,0.0357601723716256,0.000911877937098955,0.0409203906656414,0.00148070103025022,0.0707439118994512,0.753198878731726,0.143916945919315,0.00404379105493792,0.0297800252698656,0.00580543163672337,0.279197701205065,0.050401444432362,0.00427516472725016,0.00256508610044914,0.000182970936419302,0.000914248497944829,0.000614142790196037,0.0119077784417423,4.60501967977941e-05,0.000426561180916429,0,0,0.000138555140461284,0.00389322073104632,0.000491264950603104,0.00544661299899673,0.00908559436363998,0.000227048231119675,0.00181546879071071,0.0107613613893924,0.00549184714687477,0.0103070873618534,5.57592083525538e-05,0.000752266794418276,0.00236761809112892,0.000272266496694464,0,7.68760234823467e-05,0,0.00264446456359074,0,5.9150219338566e-05,0.000199360226841706,0.0135291530898068,0,0.000238335200115859,0.000334078931309414,0.0226522099412345,0.000388131777799132,0.000326483521465946,0,0.000269349899345225,4.69850778796434e-05,8.52100201018814e-05,0.0430519332817442
0.105971596170264,0.000295403893984041,0.38869834583508,0.0460319661326701,0.0181667404689833,0.52524904621694,0,1.48261309287539,0.0994904759683136,1.55063921772161,0.0960758840740136,0.0570153096277594,0.198373269046737,1.83414072228456,0.0811773561055014,0.0011112774033523,0.0828171125856835,0.0252937056435149,0.0206531385709699,0.030315760645273,0.139135996739725,0.000863562204666587,0.203588635155576,0.335783540863099,0.020000358166098,0.176538188043976,0.103843524502685,5.11391997258037,0.743721660481562,0.823059646499179,0.00263196011416102,0.0141389695768427,0.0516348951119345,0.305882720477026,0.329106209073301,0.871042402567146,0.0443539458797367,0.336463854440789,0.0839698268386635,0.0968162817310245,0.0962434583396521,0.0145459532353042,0.257292804857195,0.00431394617777548,0.0174131053962372,0.0175923758399844,0.243761937373757,0.00994911575525175,0.00250906235427874,0.00249037253455248,0.000374712847184456,0.011284720355113,0.0321211959732411,0.0040600853366531,0.0707786212498654,0.528445696785292,0.066960729947215,0.0296955329437743,0.0960793810451142,0.0434867457568163,0.0261273542129426,0.00074650803613663,0.0808434912747568,0.0139120345043711,0.0215045987213561,0.00145069904555545,4.15635765282393e-05,2.81827316148847e-05,0.0252866211240035,0.00965760381238692,0.00399303558766477,0.0161937509415375,0.495428012961628,0,3.75716018191993e-05,0.0368768808552192,0.831779157417343,0.0639196618557523,0.0286523179221685,0,0.0100085563371747,0.000460421935403046,0.0511468199117529,0.0313084472020552
0.0222654200346162,0.000327508754420477,0.0391974540633969,0.0272547898110273,0.00963740469203365,1.47216321497433,1.48261309287539,0,0.0130615589683799,1.13781781486754,0.092176252539444,0.356214934747368,0.0330519306202304,2.05526387673252,0.0310106548205121,0.00061203656162191,0.14833226613352,0.031861131324559,0.0394548076762911,0.141757257083655,0.0181026339808715,0.000162962607041013,0.0924522002340006,0.0126730684109858,0.00668836652943069,0.153208569945555,0.0734842307249878,0.0667412337535036,0.185705559527322,0.516863014506264,0.00213612773936309,0.0130601142534287,0.00857962859975725,0.117884419642432,0.104519301138886,0.415201380281303,0.0129970993167227,0.0818576830989416,0.0290899915015658,0.203226999754015,0.0672620851298618,0.00407963027894777,0.0149407540554514,0.000663784107044244,0.00126236908937576,0.00094635232181013,0.0203818816083711,0.000399922805482685,0.000496692761998454,4.3619536927408e-05,0.000155421611657071,0.000898308440658086,0.00252955660787485,0.00039918214114399,0.00527537292272111,0.0500618952388642,0.000988963025266742,0.00294199775372462,0.00661081404934578,0.00511179148712862,0.00822703857436211,8.58722851835367e-05,0.00169863419402868,0.00170154336740678,0.00235108501569112,0.0001840752626252,0,0,0.00185145831311581,0.000890419133058506,0.00062664012286866,0.00134374396201493,0.0587328287909505,6.27919346695423e-05,0.000148469618539822,0.00750274535846637,0.0828949756879037,0.00180072347559756,0.00280146297455858,0,0.000170316639469623,0,0.00117161762404335,0.00989819085832576
3.82520743061185e-05,0.258808331378031,0.000964529341614759,0.259189602022925,0.031526062750711,0.0255986359047764,0.0994904759683136,0.0130615589683799,0,0.128850303859246,0.00447429736373625,0.364774441125321,0.0359262641526662,0.013675533823,0.214150374187188,0.00266100831858452,0.000348396478487178,0.000694985380238492,0.000945977317335034,0.170702912538334,0.00144442310015876,0.858907140644908,0.000535724454942584,1.56673473101915,0.129842797180603,0.00317657578349177,0.256871965800942,0.514435545944472,0.0182503162009643,0.00102259021751027,0.00222182507830195,0.0057758551921096,0.00280035251070223,0.0159846980606315,0.0171888302050991,0.0442195658091369,0.0034153593393046,0.0142394030896192,0.00208228394871812,0.16140218733569,0.00852812394792853,0.0122198689187306,0.0334193786994538,0.00466526705110228,0.0022154654203923,0.00336158438449805,0.180504104603251,0.000767837005773727,0.017903540225749,0.00104771080746281,0.00142576555558897,0.000275334793688646,0.056350340045797,0.00704957014717193,0.051758861687173,0.0583603970323881,0.0142057077267993,0.257652010270778,0.140477250661151,0.0191213405044689,0.135557261628057,0.0247142330085248,0.0167039432082179,0.0591367983149176,0.0333319497452153,0.000671660014364862,0.00455412655409047,0.000476890011862767,0.0460287352111459,0.0140376283305395,0.0309155367229926,0.00811026606586036,0.59162321512638,0.00664373926411899,0.00615615375871033,0.0110460953946849,0.336578802849302,0.0156068856027216,0.00660844095785181,0.00494840716139575,0.0109832310879001,0.000392252766937333,0.00632421409885839,0.00558619025385842
0.000985476419877663,4.04622649983287e-05,0.00260320500299066,0.626120343850565,0.0155383722152806,1.74258512383098,1.55063921772161,1.13781781486754,0.128850303859246,0,0.109557384246803,0.790420767454689,0.157110638573808,0.500426517593059,0.0599111582374507,2.70092071021914e-05,0.00883915695658889,0.0258493429129989,0.0124592225289969,1.31433539980248,0.00235234116310148,0,0.00442810771607233,0.108359636432407,0.00580158857242094,0.0450785398007214,0.0174495848344326,0.443157901431148,0.282385518282117,0.0233936333196477,0.0022448719557457,0.0200396774666458,0.00251788755300925,0.258486526907758,0.0867573274938912,0.634177306395943,0.0160655809863314,0.1527312573243,0.0171224942712678,0.110632401534058,0.106042619107491,0.0171266700682763,0.0109227338741997,0.000234871173854261,0.00283073090112178,0.000881952030979571,0.0816984650333206,0.00092965611792275,0.00193776673394975,0,0,0,0.0785797045600317,0.00210891924759103,0.0421991955187475,0.0727802648614732,0.00342237187348097,0.0369343439279391,0.21916611096736,0.0133704354979726,0.0897834119229733,0.000545873107482138,0.00581639086137396,0.0181624951576133,8.72293490935685e-05,0,0,0,0.0625857173499921,8.25024277634116e-05,3.90660279818535e-05,3.9271516607362e-05,0.168343864474831,4.09874551498532e-05,0,0.000281320194161687,0.3592344779904,0.0025840650771104,0.000231962754145163,0,0.000601055447417829,0,0.00724859199210534,0.00393055261750076
0.00307575441408418,0.002547711163481,0.0161470182676259,0.00837414036765952,0.00140933020516102,0.0407015322969186,0.0960758840740136,0.092176252539444,0.00447429736373625,0.109557384246803,0,0.102948512833446,0.611850260392378,0.0972878312045931,0.00474720382265651,0.000879237956203654,0.21088845650478,0.838778913772397,0.293009250668686,0.0418316851745301,0.0156562020418186,0.000896422365207401,0.0462906329773232,0.00530248412046705,0.0683365339672492,0.619922376622115,0.110253496519114,0.0208874114288884,0.0910720462818467,0.0242941718094024,0.0482854850079608,0.0377729986143822,0.0054453497900836,1.44035708024898,0.0181795204960451,0.274222514077921,0.314820839903858,0.657387759336546,0.139409787999416,0.0481003626095665,0.0082329863775821,0.186541419982644,0.00448642790493668,0.0629127680129035,0.00597612157883487,0.0029083297550568,0.00475550613423576,0.000646128002916533,0.156154028916412,0.000256527417070115,0.00322395074031086,0.000978498085918474,0.000103687977063668,0.000360151206289202,0.000223388909550494,0.00163441147070798,0.000295200723830021,0.00108088615414617,0.000305504294026423,0.0922303957179148,0.00152964898709268,0.1715397646143,0.000537903623646415,0.000387194648971331,0.0010834422590163,0.00117627607421364,0,9.91405372532011e-05,0,0,0.000679279479731381,0.00111357845867733,0.00506178760244885,0.0119031723660419,0.0368886557552703,0.047515230466324,0.00108089774871379,0.000748500672868866,3.01521681610257e-05,0.0748215365458491,0.00182327037875366,0,0.00269077648907648,0.00992522950493245
0.000502878355522469,0.000169369045472616,0.0023274472263912,0.198761371645833,0.0884021488772706,0.839362439683459,0.0570153096277594,0.356214934747368,0.364774441125321,0.790420767454689,0.102948512833446,0,0.0499605185458063,0.235126736513131,0.532642101743132,9.30274639260172e-05,0.00929666349697682,0.028006201913861,0.0152906854261588,0.708816685585529,0.000588585655711094,4.76498581381858e-05,0.00334912777426315,0.115236268082591,0.00588012656423103,0.0487806877199392,0.0178849551615929,0.171274319502759,0.118726969808536,0.0060560042597963,0.0028181288349807,0.0308190667886224,0.000249258310539445,0.144015481903524,0.0582255311480793,0.214692473828716,0.0103913110325745,0.0552310314859413,0.00862004498598423,0.463563260670842,0.0578631741294506,0.0140345835055828,0.0103149158698036,0.000598880078001404,0.00213303840815237,0.00195894854805762,0.102663117683629,0.000155008141330898,0.00151877463529589,0,0,0.000154549419922501,0.0343159679504049,0.00442437253252473,0.0321513406157631,0.0203602781264054,0.00541429157365273,0.0123401051352291,0.100581776806894,0.0156601087016393,0.224646702509804,0.000198339352348352,0.00581787269839114,0.0262447944611247,8.6854919263458e-05,0,0.000996585381539559,8.96248009078917e-05,0.035914941860685,0.000207160404794282,0,0.000100186859678602,0.0610857309998403,5.26704871495783e-05,0.00056946590650025,0.000161997908515075,0.111428386330822,0.00377305051031393,0.000326317435804874,0,0.00306193827559634,0,0.00305396564447425,0.00513524180734358
0.000923627592553919,0.105127177129381,0.0229188324229894,0.0139190929394205,0.00298229592000742,0.0197717720877567,0.198373269046737,0.0330519306202304,0.0359262641526662,0.157110638573808,0.611850260392378,0.0499605185458063,0,0.0322246371734373,0.0180936865883057,0.0109981151864071,0.00892259863715642,0.0140527556210135,0.00979038812039142,0.0351453531690305,0.0485528831852966,0.0279942160969994,0.0835126228930624,0.0479736899272259,0.764607180652149,0.0766293228016963,0.151653454973723,0.12809082215395,0.0216368428078224,0.0826875987635101,0.243588554468442,0.00732184770357214,0.00389968425382645,0.321009017761073,0.0750954134232233,0.428549191113392,0.422869870611512,0.460077511995658,0.192838675542617,0.182608475785552,0.101166140439828,0.433837441967209,0.0255163665706994,0.23164778212638,0.0187574051349879,0.00631495968452919,0.041309955700855,0.00283493809584809,0.657611179283556,4.35740957703054e-05,0.0230720940856072,0.00199054683683997,0.000662172806932777,8.62451767332318e-05,0.00303227590166607,0.0397204885978212,0.00378024128499784,0.00796571316784868,0.00357281256630513,0.321986198420324,0.00521628814881556,1.36919064707976,0.00268704269683278,0.00429348095922223,0.00226445952343705,0.00114082064674711,0.00135519165037212,0.000122093634845924,0.001864114468821,0.00120057985936725,0.00504185409405749,0.00824808196533432,0.053437991652504,0.129801450260704,0.139966118381367,0.272515207770586,0.0560715741817365,0.00483322577412583,0.00211625958578767,0.341232574704378,0.0106081417388483,0,0.0116332360238103,0.0185271305574021
0.769728635764928,0,0.0668739440450241,0.0247366324776699,0.00760864111492355,0.227771486232778,1.83414072228456,2.05526387673252,0.013675533823,0.500426517593059,0.0972878312045931,0.235126736513131,0.0322246371734373,0,0.0289982427487065,0.000942659074085228,0.491444546039531,0.0618199404376411,0.111608019351241,0.106562676949962,0.0262006660495429,0.000480040604649008,0.225039799976133,0.0185579207450468,0.00454627281259498,0.330690322323959,0.165945200960858,0.0899865204065361,1.93921715031418,2.30783826796693,0.0025568473512355,0.0311494508189975,0.0134265817783449,0.205941156005743,0.0676342728057576,0.300410583818824,0.0165671698451429,0.119074304219325,0.0384293158044113,0.0652495566813964,0.0182567063349496,0.00284025307570107,0.0124744836675484,0.001318251570128,0.00118882873856759,0.00057932828859075,0.0211328654061973,0,0.000343003258509621,6.60176998602271e-05,4.68958620358884e-05,0.00166054099800945,0.00376792078495255,0.000490582519902897,0.00374942021129035,0.0541644271139532,0.00114709898134083,0.00387356635866554,0.00671131332582015,0.00292427032952402,0.00588959527251501,0.000262128603277126,0.00105369802027772,0.00131429608537536,0.00321646184091496,0.000628841541384191,0,0,0.00192268932487052,0.000988562670107219,0.00104947533444876,0.00313743244586817,0.0618046217704963,0,0.00104101550604921,0.0130687676200482,0.0896195933822303,0.00123256118218324,0.0030460528891492,0,2.36078701878726e-05,0,0.00203121972911606,0.00394389790294055
0.000348299058481208,0.0158697579225864,0.00129403429777654,0.0787772301288878,0.192981816918056,0.155938033700844,0.0811773561055014,0.0310106548205121,0.214150374187188,0.0599111582374507,0.00474720382265651,0.532642101743132,0.0180936865883057,0.0289982427487065,0,0.000567594539750945,0.00208223658250033,0.00140227347857531,0.00043480432616418,0.0895940812711797,0.0176645430235621,0.0272812928818795,0.0109007002218405,0.238491577481473,0.0081505136523338,0.00257302049778831,0.0173198801041453,0.143711665050069,0.0133784410717234,0.035918066722637,0.000466367258808881,0.0232654405421951,0.00126682444232773,0.0112810651046825,0.237339924710494,0.0526799931125386,0.00302160320384462,0.0114393042537345,0.00384029171111897,0.264561476662305,0.0180944304971783,0.00204470111479968,0.00608867410012898,0.0021256429018272,0.000511915120854255,0.00403237411671783,0.0214696402866538,0.000260957832640004,0.000588824197473979,4.78825805155337e-05,0.000134865004659987,0.000502132216585225,0.0026854492339226,0.00123391855109716,0.00517636313488288,0.016516580695599,0.00139599006279383,0.00222227676915001,0.00880771592161626,0.00486800691980003,0.0136996500771839,0.000569488136420393,0.00217537201558809,0.00327854307014097,0.00268110143683003,6.69389972187519e-05,0.00052762898903507,7.49144684131623e-05,0.0027081807285184,0.00228546466073478,0.00137311946432909,0.00401391851786622,0.0235244401217643,0.000273607771128506,0.00213203363034905,0.00218171872409408,0.0334033105957937,0.00161856435340652,0.00203600010569065,0,0.00108145788833113,0,0.000861475136082292,0.0900139896302082
3.832098308025e-05,0.0710284720812669,0.00110561739781095,0,0.000817804778436674,3.82762403378189e-05,0.0011112774033523,0.00061203656162191,0.00266100831858452,2.70092071021914e-05,0.000879237956203654,9.30274639260172e-05,0.0109981151864071,0.000942659074085228,0.000567594539750945,0,0.00211976463728069,0.000669632653604454,0.000756188434791592,0,1.06240814779365,0.341252116919319,0.423574923497788,0.448007450641381,0.0314526133816748,0.00515142970238089,0.848101789001855,0.207466048948056,0.00025832497288155,0.00414343783894977,0.000217047702165133,4.02231684820175e-05,0,0.00589289191795416,0.0636443349656423,0.175636026434104,0.0783922464773221,0.0614502347816161,0.0693729950824938,0.00153775919043383,0.0010601172600314,0.00117631484506859,0.0290437406696825,0.00290827683467422,0.00494096436841903,0.00581156076474731,0.00746135947763808,0.000731800519402313,0.00108239431211374,0.00126718656591452,0.00251818967923948,0.00580213945362354,0.000102471126529443,0.000327974818023616,0.00102564875438043,0.0045613274480515,0.00222313949029322,0.03914873126793,0.000342718621378422,0.00422080254273567,0.000534993975081122,0.00134367354811298,0.00423780170608851,0.00759096049113643,1.5480348376934,0.0117154293434069,0.000283898226158262,0.000585925889306405,0.000157421499966955,0.277072705908242,0.156046385788331,0.680054251318529,0.272383897146271,0.000632588125004184,0.00305263894834139,0.128472750562909,0.263522583972178,0.0150551731673109,0.0417317015910938,0.00070324597259199,0.000479176603815615,0.000414815165616414,0.00311543175823944,0.0121126662051958
0.0837183022454514,0.00147292964422146,0.776908021166506,0.000379041727406228,0.000857655068630037,0.011531845108289,0.0828171125856835,0.14833226613352,0.000348396478487178,0.00883915695658889,0.21088845650478,0.00929666349697682,0.00892259863715642,0.491444546039531,0.00208223658250033,0.00211976463728069,0,0.205008159304142,0.699602472245724,0.00329757895212674,0.207138649612671,0.00211600810788215,1.40911789965469,0.0060036068815155,0.000205722830911985,0.996873036131566,2.00000705541844,0.0582422551338414,0.454335624178991,0.535417162629643,0.000745119596610532,0.0030906196200323,0.0540815009031964,1.13676076545805,0.019513342054301,0.102133214678526,0.09618157567679,0.138808059313408,0.0605549487746521,0.00492704632106384,0.0028737247645919,0.000151946203004467,0.0466902082618322,0.0151394646549807,0.0122843201098456,0.0134223303050125,0.00054046237188347,0,5.49108555440783e-05,0,0.00197868768499371,0.0892800163317121,0,0.000220274983534503,0,0.00263708997655313,0,0.000228722781962365,0,0.00137658925914224,0.000198780692956192,0,0.000206973092631614,4.48990900699496e-05,0.00374032646106782,0.0695905990520532,0.0013159819169411,0.00319719244088956,0,0.00201833005537125,0.00124974404627605,0.0332370881426941,0.00190650994783999,0,0.0513428960999823,0.273771848003111,0.00331295159169642,0,0.00698426981642686,0.000207067604049903,0,0,0.00277393189035421,0.0064565642095342
0.00544118961899827,4.81134640289367e-05,0.0210010093642269,0.000951859584504866,0.000114819632782036,0.00928635366315015,0.0252937056435149,0.031861131324559,0.000694985380238492,0.0258493429129989,0.838778913772397,0.028006201913861,0.0140527556210135,0.0618199404376411,0.00140227347857531,0.000669632653604454,0.205008159304142,0,0.70136194392948,0.0118536869525877,0.0133922732936403,0.00070164097589395,0.0521097200486446,0.00118047927957767,0.000275140159222794,0.532836192928566,0.102991321044593,0.00349515094124643,0.0553252986469599,0.0249700571640141,0.00186606180363703,0.00724310754281641,0.00448630162228137,0.294636235043066,0.0192801447240341,0.203047908091162,0.201554791719028,0.338126346442503,0.117120033040519,0.0097782036111864,0.00188361034306465,0.0002455789228095,0.00394413346760039,0.00208560377224162,0.000368091920302844,0.00150509053917424,0,0,0.000324627687812561,0,0.000168553341339857,0.00176400338492407,0,0.000459323481626838,0,0,0,0.000165756389496386,0,0.000992193144498256,0.000244725857912165,0.0006479651340859,0,0,0.000113444776979267,0.00187751508373193,0,0.000228919208878529,0,8.6101303310919e-05,8.57571440103647e-05,0.00126365994976343,3.72993261856496e-05,0.000475870268977994,0.0106230506631237,0.0159088849115602,0,0.000138435433070671,0,0.00176650326078263,0,0,9.4575212722731e-05,0.0153085406867664
0.0159974704051318,0.000602895316991556,0.0626500535259138,0.00020273747508038,0.00018031814090029,0.00501084551258702,0.0206531385709699,0.0394548076762911,0.000945977317335034,0.0124592225289969,0.293009250668686,0.0152906854261588,0.00979038812039142,0.111608019351241,0.00043480432616418,0.000756188434791592,0.699602472245724,0.70136194392948,0,0.005552395061944,0.0269677086174686,0.000358904984765837,0.109562015503005,0.000864860869175155,0.000278015001983512,1.07566407479152,0.285003707966379,0.0069798731877718,0.0855711766097849,0.0612909602593358,0.000238218993639296,0.00392127892825274,0.0065066028469744,0.405588285509863,0.0131829404191766,0.152274562894304,0.091693402225833,0.155433678547499,0.0659305290055725,0.00479028441773592,0.00115177029913838,0.000181421600718367,0.0137764202510604,0.00885363409372925,0.00180772982128949,0.00450116879086311,0.000185809651691985,8.14182914879677e-05,0.000152136200527343,0,0.00127538931361998,0.0113273450224427,0,0.00020195124360472,0,0.000510061764804816,0,0,0,0.000380152818951711,0.000175971234507442,0.000129701987462544,5.87709536499083e-05,4.54173844816804e-05,0.00116856727365402,0.0164680483927336,0.000178182563438752,0.0034426740409407,0,0.000313652649374086,0,0.00335007066280182,3.20773791452199e-05,0.000223699894154155,0.0544720277880228,0.086447404542416,8.17327018597963e-05,0,0.00189036295868476,0.000890083997894357,2.50499749248416e-05,2.99160465375871e-05,0.000390776439881465,0.00825435902465825
0.00055640554772433,0.000120384110225511,0.00166755726295785,2.37833854081463,0.0140196342224431,0.139677082689821,0.030315760645273,0.141757257083655,0.170702912538334,1.31433539980248,0.0418316851745301,0.708816685585529,0.0351453531690305,0.106562676949962,0.0895940812711797,0,0.00329757895212674,0.0118536869525877,0.005552395061944,0,0.00102344514558345,0.000110559290025329,0.00179121458415806,0.132444501980038,0.00281743412013889,0.0205447980758403,0.00924073345551156,0.590097606854941,0.0627773798293494,0.00781086300084393,0.00151991214503936,0.00810406400212701,0.000293675240316218,0.056212814644833,0.016279016463504,0.175045383558195,0.00699845874479644,0.0284729996127044,0.00413762749744022,0.106134232606603,0.0257953592405041,0.00524419294012347,0.00839000720633482,0.000117801136282084,0.00130447345766681,0.00137764072685041,0.0755957904419628,0.000924274081420621,0.000814664798901229,0,0,0,0.0788999587398088,0.00200322340349291,0.032550395097314,0.0317479397383693,0.00560175440933983,0.0159344309332952,0.150131679440658,0.00589999299829185,0.0979806515943878,0.000374299874147209,0.00520995396314986,0.0202727006308592,3.3987238267681e-05,0,4.61624382239759e-05,0,0.0489085862415876,6.60887967056394e-05,0,0,0.108109067553367,0,6.0096252953428e-05,3.18532852833063e-05,0.213788276813054,0.00419101705553818,3.49234321922987e-05,0,0.00188897833833763,0,0.00379821579217492,0.00152184602874246
0.00225908045077693,0.0083688075273985,0.303716288604635,0,0.0192219068530636,0.00302125336439942,0.139135996739725,0.0181026339808715,0.00144442310015876,0.00235234116310148,0.0156562020418186,0.000588585655711094,0.0485528831852966,0.0262006660495429,0.0176645430235621,1.06240814779365,0.207138649612671,0.0133922732936403,0.0269677086174686,0.00102344514558345,0,0.0295030740705658,3.61357949329834,0.0657804615225629,0.0260834207297797,0.268095637868867,0.279888845381967,3.09142180710497,0.0258825462603641,2.10922189662001,0.00041539318111307,0.000892371133549767,0.0132873931315732,0.877872028012407,0.826592804844158,1.21391162318294,0.270415220229963,1.26031496109067,0.549972214179177,0.0258382016894416,0.0115486099115263,0.00248651696730133,0.0336340673469338,0.00418294446271115,0.00372127341708861,0.00528451504921049,0.00886503791899286,0.00109640682447359,0.000528612604431808,0.00436849317695714,0.000618174959111452,0.00419215436194574,0.00022966482400477,0.00181856010223645,0.00164301028362716,0.00859556348081886,0.00466141127167452,0.0235727671393401,0.000225530326289127,0.00944502105974497,0.000687772224237591,0.000146953886309343,0.00850687402070877,0.00484337574171832,0.271422137133757,0.00578927094228531,0,8.13182303252485e-05,0,0.17231966427139,0.0529867500154884,0.0928202719798443,0.303571163868561,0.00018530488353908,0.00174960492331238,0.0369689207431184,0.345895833033109,0.037995506873866,0.0860422409216457,4.12347469876885e-05,0.00123634392865404,0.00150280688675149,0.00510884775327515,0.100376307308223
0,0.252633520936718,0.00116840449662194,8.54695474575044e-05,0.0026500382220929,0.000378468485883275,0.000863562204666587,0.000162962607041013,0.858907140644908,0,0.000896422365207401,4.76498581381858e-05,0.0279942160969994,0.000480040604649008,0.0272812928818795,0.341252116919319,0.00211600810788215,0.00070164097589395,0.000358904984765837,0.000110559290025329,0.0295030740705658,0,0.0205869476952136,1.64029875661492,0.132199746105767,0.00178679168759676,1.30399460971351,0.0647605092459988,0.000148619384283381,0.000382221441432059,0.00116766070709861,0.000350580144893086,0,0.00165687997239687,0.000916348003172657,0.00473597925789529,0.00296879698555009,0.00337008749029534,0.00212387437000775,0.0132946025258596,0.000448590532278931,0.0199657758078047,0.0209856043301514,0.00577961135903977,0.00432323650962628,0.00580012576057303,0.00592478187663823,0.000109400558200598,0.0175292297626628,0.000438530876776004,0.0249292132463402,0.0120261001953279,0.000285549525980878,0.000538311692309749,0.000787822181379558,0.00201950791182304,0.000765883699070219,0.0315530966763881,0.000683491587672299,0.00788434357531287,0.00147720434868239,0.0264703331971221,0.00140947889234015,0.0034688963468848,0.454948853632872,0.00936700946484094,0.00104930856805441,0.00079529715226515,5.88232551840365e-05,0.049363159011582,0.223294909877874,0.0782665811454261,0.126041142036538,0.0098964067602578,0.0130755215684026,0.349271427567292,0.072929309228874,0.00491680253825755,0.0109005472159834,0.00910305030786933,0.000300843047987283,0.000418117263552374,0.00247511109320733,0.00338717305594169
0.0359611931898573,0.0082712192167525,3.49608315508265,0.000176467756504842,0.0192639778786845,0.00824457431025751,0.203588635155576,0.0924522002340006,0.000535724454942584,0.00442810771607233,0.0462906329773232,0.00334912777426315,0.0835126228930624,0.225039799976133,0.0109007002218405,0.423574923497788,1.40911789965469,0.0521097200486446,0.109562015503005,0.00179121458415806,3.61357949329834,0.0205869476952136,0,0.113438507777109,0.0144513809400098,1.46927388095788,2.81843883836258,0.74779593632907,0.144304440462241,1.32017194170631,0.00176582696331253,0.00252575545287304,0.0228178857014093,1.22922728819443,1.17665905447156,2.56437964635516,0.631711045474211,2.51779829789513,1.67846353786813,0.0317932973266202,0.0223583940300367,0.00309034218806511,0.107064978826057,0.0080039257728852,0.0278564689316958,0.0324499365499078,0.00537720225921166,0.00031388535407005,7.85812780485035e-05,0.000496950642775184,0.000959783609502111,0.0470952848216772,0.00039228563663035,0.00340982497988874,0.000394787090552446,0.0105025993923709,0.00147506181801656,0.0172595712016058,0.000246218020857656,0.00547700939348562,0.000575818372506929,0.000311218634461069,0.00271917015739334,0.00253528779866853,1.11941353291136,0.0216383337750642,0.00238792780743457,0.00228811772478981,0,0.238629265285949,0.0464775830606073,1.22466543581261,0.137769184216259,0,0.0111744916064072,1.08247180472245,0.193352940937139,0.00941379867276802,0.0390352696914256,0,0.000996902698288895,0.000702415409466079,0.00431724142417511,0.181898710503204
0.000451869370354125,0.306846517429189,0.020672134190234,0.390590651584464,0.0324450885133068,0.0151869170606825,0.335783540863099,0.0126730684109858,1.56673473101915,0.108359636432407,0.00530248412046705,0.115236268082591,0.0479736899272259,0.0185579207450468,0.238491577481473,0.448007450641381,0.0060036068815155,0.00118047927957767,0.000864860869175155,0.132444501980038,0.0657804615225629,1.64029875661492,0.113438507777109,0,0.142754076255086,0.00617727625398476,0.571442919291825,1.64352337373787,0.0414765086035519,0.00451749181145796,0.00212206964439506,0.00583352145929541,0.00738168488888594,0.0287302064480089,0.0549398337744244,0.111869744821172,0.0119820672389083,0.046365051460811,0.0198816247744196,0.0994754473178606,0.00915065500333219,0.0125349361561877,0.233851503390227,0.0110745500549362,0.0168386606329954,0.0172184842555179,0.14662339906831,0.00898909260719873,0.0166762635186108,0.00697405774297277,0.00334893565939453,0.00247903636047456,0.0658005864518286,0.00363643109684002,0.0603271138854933,0.408885192315225,0.0772646621909527,0.18391315148068,0.104978082701562,0.0412021856403287,0.0593511701782999,0.0164955136115722,0.0980561743134643,0.0220491501718998,0.230835471289925,0.0031904618651147,0.00141138316635541,0.000608618524640322,0.052695216423979,0.0714922878036333,0.119231436635293,0.0838110928318747,1.7257205425453,0.00770601218324389,0.00151253846417269,0.0777294620470015,1.24572221263355,0.114472401318895,0.0916894249023608,0.00195711784407137,0.018126207739249,0.000986918920235605,0.037371353496218,0.0222381842007938
0.000158952427136883,0.66909415610732,0.000452318517293039,0.000840499928947474,0.00225122771048982,0.00257160735957882,0.020000358166098,0.00668836652943069,0.129842797180603,0.00580158857242094,0.0683365339672492,0.00588012656423103,0.764607180652149,0.00454627281259498,0.0081505136523338,0.0314526133816748,0.000205722830911985,0.000275140159222794,0.000278015001983512,0.00281743412013889,0.0260834207297797,0.132199746105767,0.0144513809400098,0.142754076255086,0,0.00915459337029483,0.441853213823187,0.032536155958234,0.00363682966396959,0.00469460585128342,0.0159608650467495,0.00175741340267478,0.000180632873957377,0.0330377891022821,0.00144958913424235,0.0279983530236952,0.0112998583428243,0.0440126101194076,0.00576486892378205,0.128861005150076,0.0115875502491792,0.106222198838428,0.0676284107705115,0.00924914828478861,0.00226342861033788,0.00370051622362976,0.115394648158905,0.00183493365622702,0.0436484280437847,5.91570443528235e-05,0.0215189924355161,0.0029706517362187,0.000783240740267491,0.00132093234643733,0.00626857248718123,0.0103170181841613,0.0106104796565439,0.00339077443340504,0.00604087379993429,0.0381030847930017,0.00600371941910487,0.170106613394287,0.010788104069521,0.00500912856399547,0.00130394856367847,0.00276175999902691,0.000961635588613763,0.00225442400081323,0.00158381943688831,0.000236872352905184,0.0039674718469727,0.000897908613729909,0.0118250134763677,0.107105577242134,0.046202028633186,0.258379413144846,0.0105208100355375,0.00696414473907963,0.00103357816114895,0.0334118132529258,0.00998868387928735,5.77776488546908e-05,0.00236430612477047,0.001506618794245
0.037701873396979,0.00874121782960131,6.88387132925892,0.00164297200343061,0.00102129160825603,0.0209223102751162,0.176538188043976,0.153208569945555,0.00317657578349177,0.0450785398007214,0.619922376622115,0.0487806877199392,0.0766293228016963,0.330690322323959,0.00257302049778831,0.00515142970238089,0.996873036131566,0.532836192928566,1.07566407479152,0.0205447980758403,0.268095637868867,0.00178679168759676,1.46927388095788,0.00617727625398476,0.00915459337029483,0,1.81835107982278,0.068871679127005,0.174624373259948,0.277112685055942,0.0783164099026265,0.0147497799079562,0.0126666590507054,0.47511576448949,0.099116803551233,1.07377506824696,0.872241453769191,0.662324760369678,0.381021453132129,0.0200357436305378,0.00904220601522987,0.00267188253777094,0.11875353689042,0.112754632854819,0.0192332673456751,0.0363669690793854,0.00157359839234196,0.000495712990092582,0.0178389834104658,8.00961836742757e-05,0.0277607436510266,0.0585351928504747,0,0.00268943249170928,0,0.00310123320456641,9.02863896766065e-05,0.000668468617364496,0,0.0450740543783656,0.000766987066061034,0.117785693984491,0.000453862986193004,0.000143565962935028,0.00259799110982068,0.109956097245573,0.00366625344751316,0.0771486406937145,0,0.00495855963753461,0.00239624863252805,0.0249157991560044,0.00420426949160978,0.0410029366691759,1.11740417264644,1.65363395453997,0.0014430884761353,0.000436542081324461,0.0159757254212594,0.234737492518808,9.19260507281481e-05,2.70377603273183e-05,0.00719737820125494,0.0618810359319144
