0,0.00694167556252136,0.0185317303061699,0.000806044986846543,0,0.00260096500810223,0.624160898872828,0.035532437523899,0.0566324522299816,0.0205869088355763,0.00100467011071988,0.00113271633799782,0.00175293503040695,2.38164486826944,0.000226404834037018,0.0121935255065312,0.026198271595644,0.000385748496668053,0.00227498778537864,0.000444718665600205,0.0520977272192873,0.0309011057824045,0.0799882801843208,0.0867069051487347,0.000943703936730003,0.0130071683403601,0.0668944057971993,0.141072664489866,1.83761634816785,1.58029420126289,0.000186876821926117,0.00257349068988952,0.020073895187532,0.0707572653696809,0.00783218881301326,0.092769772728203,0.0403192152056654,0.0403845848586302,0.0151399117586013,0.00903502455358238,0.0042806514746458,0.00479011413353176,0.00709268821568069,0.000438576268266105,0.00227460715164547,0.00146606433284302,0.00281614053732433,0.00021776897298584,0,0.000394346410058976,4.45329698469162e-05,0.00260749632297993,0.000109818868056298,0,0.000411070532118034,0.0143652948977974,0.000546313712957192,0.0468842477295609,0.000213315717589951,3.69278745304108e-05,0.000412641392107392,0.00599898237231751,0.000900026193921852,0.000596750323633575,0.01145082236206,0.000326467758403397,0,0,0.000161599804232788,0.05157955174592,0.0124994852040844,0.0286733052547715,0.107146950300802,0,0.000408457610931873,0.0163979474621038,0.13537394710425,0.000939488764496231,0.0178088538168997,0,0,0.000117662674610711,0.00110209622297211,3.55063296581269e-05
0.00694167556252136,0,0.0140975033716854,0.000478046548329353,0.000190035743259811,0.000679454981580353,0.0165803300933701,0.00133775405062027,0.11914627846925,0.00107688155170307,0.0161332877142664,0.00267911057705326,0.130801144002894,0.00647218722300797,0.00422888848955441,0.0673602117934244,0.0743863057780993,0.0354852671845915,0.0483594546561344,0.000608533370620346,0.0371857274417988,0.519608605875792,0.0872387279677849,0.287820755848115,0.221444451807424,0.101300572769333,4.05167774754119,0.0342520702659725,0.00455172455247497,0.0174991961448927,0.00272312546641903,0.000242702124842263,0.000913542993202972,0.0320872763721388,0.00696703556826496,0.0839479775629103,0.0171687066050156,0.0541574079897575,0.0440173173822907,0.00249517994549313,0.0012018181021843,0.00120159489197007,0.00384911918953591,0.00136518191385784,0.00132707622181187,0.00267258283824673,8.70854809265137e-05,0,0.000142386108565712,0,0.0231601051404016,0.0111008653980423,0,0,0,0.000479008709515191,0,0.00196697455724945,0,0.000611121399352265,9.16266725914001e-05,0.00636994062906437,0,0,0.00115896649122829,0.000429469706847572,0.000202447318704224,0.000367541097242355,0,0.000350465207473946,0.00209341529549446,0.00370272647799473,0.00292035832874651,0.0105211864884298,0.0190566561287739,0.19055990661821,0.00229416821283302,6.37811361240387e-05,7.74943816690445e-05,0.00049879463881073,0,0,7.08133923696518e-05,0.00207677135494881
0.0185317303061699,0.0140975033716854,0,0.000110939177028656,0,0.000564223509137535,0.0794156001127953,0.0137645458475983,0.000801163598778534,0.00113993614559612,0.00118672489208184,0.000145882654586792,0.0011898394011013,0.0484231360215704,0,0.00100160469346218,0.696727936117355,0.00204438881681767,0.0105656622326505,0,0.188602939062387,0.00579624644147091,3.08162872012542,0.00330763947604542,0.000832629236789132,1.49179023670549,2.11262208843036,0.0104755730358399,0.0160541087654274,0.255156975616797,8.60195712392807e-05,0.000175481937094498,0.00124179093624248,0.15760922267857,0.00642213948743763,0.0354486322480047,0.0105123828575842,0.134043919305332,0.0732651916210647,0.000500205002802277,0.00112974687204838,0.000719169288892365,0.00291529377029591,0.00110206876587505,0.000973742928874396,0.00201746615002002,0,0,0,0,0.00200276206681977,0.00991960021320207,0,0,3.50086107151032e-05,3.81287893917084e-05,0,0.000249349373457527,0,0,0,7.07709831079483e-05,0,0,0.000979221812231824,0.000201695978796196,0,0,0,0.00129941408064613,0.000255215762602616,0.0054188478701067,0.00110316899056797,0,0.00302380120478516,0.0507297112181045,0.000515757793218518,0,0.000257635285955811,0,0,0,2.36113366492271e-05,0.00154392162632293
0.000806044986846543,0.000478046548329353,0.000110939177028656,0,0.00019897477253418,0.0123762128988434,0.0355127307760052,0.0104814710904727,0.14865585507047,0.498601883240429,0.000270706052404785,0.727752140810816,0.000853654990524101,0.0195741883421941,0.0197582278883206,7.0155030311966e-05,4.55796326890945e-05,6.66435377845765e-05,3.41081791944504e-05,4.60483702641249,0.00022153717027378,0.00248892520463848,3.63917382848739e-05,0.24915439703245,0,0.000107009739671135,0.000266706445967293,1.03663313736787,0.00884125246241846,0.000537156534854126,0,0.00255257098052759,0.000827595993009186,0.00558831311555862,0.00305475250247764,0.0362655116073066,0.000437385181942177,0.00672455911925879,0.00502478870287171,0.0389454608833863,0.00105641392818298,0.00178099822908573,0.0101770557308525,0.000308215349708557,0.00317478089528217,0.000302382092975997,0.0117457700180968,0.000449551225019264,4.49390576246261e-05,0.0010105400589611,3.22390397880554e-05,3.87813459920883e-05,0.0234846968024691,7.49238683300019e-05,0.00230834050539322,0.032990156604694,0.000326751801435852,0.0302294362868635,0.0162314832278493,0,0.106020795582339,0.0017608666742094,0.00121300499207917,0.0030696498859045,0.000130098668623352,0,0,3.84328770952225e-05,0.0143338097158789,0.000591973309313583,0.000339967930651093,0.000669357848448562,0.11458208736631,0.000206409515023804,3.62891044765472e-05,0.000524916138354302,0.108247391132423,0.00455597961317978,0.00143573046477336,0,0,0.000948343487327004,0.0054496515360384,0.000705776596821594
0,0.000190035743259811,0,0.00019897477253418,0,0.116424844761752,0.00142327949030437,0.0225015260202885,0.00369483034310779,0.00189406789577885,0,0.000701534912433624,0.00012521088097229,0.00039150534317112,0.282997247674537,0.00196596620703049,0,0,0,0.000141827186183166,0.00402891136747131,0.000274298430908966,0.0138871284916714,0.00326340457625695,0,8.68852265995026e-05,0.00192906091210766,0.00218056531262303,0.00016960882584095,0.000659326006907273,0,0.0558386302430671,9.27854780830383e-05,0.00152989456638718,0.0155682705634676,0.0221403700546982,0.000630901079010773,0.000450414990493774,0.00074528236882534,1.16053709861518,0.358924250410539,0.00016984408549118,0.00042659876392212,0.000545638126911164,6.26827617084504e-05,0.000673408343170929,0,0,0,0,0,5.29640753612519e-05,0.000147143151773071,0,0,0.000261334346810913,0,0.000144483007492066,0.000180064542153168,0,0.000137530740376282,5.91199650081635e-05,0,9.36317621147156e-05,0.000126776806888771,0,0,4.59733343595504e-05,3.68832839784622e-05,0.000191347555935669,0.00012711820851841,0.000937517112935829,0.000468231743752861,0,0.00032192929971695,0.000267924743250466,0.000436522915927887,0,7.14290792236328e-05,0,0,0,0,0.0314904611190485
0.00260096500810223,0.000679454981580353,0.000564223509137535,0.0123762128988434,0.116424844761752,0,0.169396700445808,2.05382152730414,0.0629320131699846,3.06909790331951,0.0016171621044178,0.502734802170755,0.00383052880816574,0.109105846678792,0.0648140986471508,0.000951858275837707,0.000157423767910767,0.00113345859344025,0.000418423548367309,0.0611054797502303,0.00676359824933987,0.0059892597053278,0.00687620474125843,0.0330698526367316,0.000106387528750611,0.000877256350104523,0.00262066518807735,0.102552485245959,0.061769689687215,0.00857623984915362,0.000270616896763421,0.464294024678502,0.00193296234067993,0.257595502888346,0.77603953113999,0.155379013401064,0.00616641113577328,0.0197146444587311,0.0250760894947488,0.490608904972509,0.697047731498454,0.0210814399700237,0.00587546349074535,0.000612092070682144,0.000965402164423756,0.000783294203149033,0.00854401914380321,0.000371374996350479,0,8.39760757301331e-05,0,7.39716431900024e-05,0.00385593909109345,5.49859644973755e-05,0.000583308228592301,0.0133560560477821,3.13600873277664e-05,0.00892263892932511,0.002223315059305,0.000138386360669709,0.00182877656556263,0.0075081764942791,0.000425985297966767,0.0027983853354927,0.00053281683669281,2.72299825843811e-05,0,0,0.00108320560156994,0.00106256447352734,0.000609463118002891,0.00109846022715054,0.0273558202114338,7.40552904369354e-05,6.41802867763519e-05,0.000779093615287781,0.0296182308059867,0.00285466068017521,0.00109760327148876,0,0,7.57016638088227e-05,0.00134183650082035,0.0173837211572809
0.624160898872828,0.0165803300933701,0.0794156001127953,0.0355127307760052,0.00142327949030437,0.169396700445808,0,1.46727123412525,0.111067792660392,2.52797541473472,0.00715393508579464,0.0141361074036772,0.0208192586771553,3.59424010511611,0.00895084371948624,0.00519127850999585,0.0269833173974932,0.00443505973469086,0.00451006734645958,0.0204091466283018,0.461996055536295,0.0873430310544456,0.300448382008584,0.334010191186761,0.00280922937239361,0.0395996496631911,0.305432331265778,4.52640445477602,0.452523438912039,1.54420654726672,0.000925424650918007,0.0397996113578089,0.176537262920982,0.277863725360578,0.119755908649756,1.00966280570895,0.0481668964529919,0.330440456533544,0.172955249059294,0.18286074161233,0.0397050142149126,0.0384191224164795,0.0374404109497774,0.00279658877561932,0.0104532520851458,0.00485622227348423,0.0199263916390805,0.000992456152815822,0.000534198493094063,0.00165926125794353,0.000777360525019264,0.00551649316383476,0.00892169534164181,0.000107772543376923,0.00433069009745884,0.0883638184669901,0.00142815512666931,0.112825861497435,0.00666818812174549,0.000833412566124916,0.00406485019238205,0.0169406351888437,0.00281210192228775,0.00626311199306698,0.0105479043204739,0.00081815620909214,0,0,0.00155144581868763,0.050879005583214,0.00950034313753165,0.0260257044055176,0.302485338708382,3.6445206772995e-05,0.000661693394311524,0.0268066852782179,0.370538604901511,0.00913975859076881,0.0418389788543846,0.000146177080673981,8.23091682407379e-05,0.00135245420976143,0.0116419331673727,0.00327467678260918
0.035532437523899,0.00133775405062027,0.0137645458475983,0.0104814710904727,0.0225015260202885,2.05382152730414,1.46727123412525,0,0.0338680955727471,1.56517945187835,0.00270157370769711,0.122106683719537,0.0061924723174076,2.81942771364695,0.0163115538830481,0.00286221719298058,0.00659462664599666,0.00160298879052715,0.00125176203832817,0.0439994913083303,0.0269370597881092,0.00940933573352375,0.0348602823348031,0.0466770486171746,0.000309558286086083,0.00672236776141148,0.0184121494428285,0.166474693553912,0.193687819410196,0.243793305745975,0.000380640633523368,0.8114778105488,0.01010395752607,0.202765938290663,0.0252366889553145,0.238340047541293,0.0117304138875467,0.0554885013150101,0.0544498553043644,0.17186446963747,0.0814073287835216,0.0245508863257584,0.00554212015271435,0.000292882927605057,0.000782073071037293,0.000315275328993225,0.00383004544160328,0.000385400703942871,0,0.000134800342140197,3.88171463121414e-05,0.000635574726767349,0.00126010669713164,0,0.000517820319141197,0.0124985944935926,2.75673894256592e-05,0.0200197794828694,0.000947775514428901,0.000322790714151001,0.00117544986787605,0.00948198130501996,8.72656538032532e-05,0.000591465934412575,0.00250563629412489,0.000160136919525146,0,3.93893601364136e-05,0.000573420227723694,0.00795430436391105,0.0027121290787014,0.00465578134572163,0.0409576173344284,0.00014719136083374,0.000258907560977745,0.00248972301791124,0.0420204531027472,0.000407686858672333,0.00367551246890545,0,0,0.000110544901036644,0.00128610441623402,0.000552429349170113
0.0566324522299816,0.11914627846925,0.000801163598778534,0.14865585507047,0.00369483034310779,0.0629320131699846,0.111067792660392,0.0338680955727471,0,0.117717539053859,0.000942544528625107,0.302971639261828,0.00777463067162476,0.0921141706958239,0.407088205362515,0.0179191340434033,0.00160499857081471,0.000645392926348114,0.00014626902587719,0.072302119128377,0.038612988112155,1.62487859269043,0.0192184818507369,3.26507130273037,0.0102824090139891,0.00226238491276016,0.0543626001269785,0.581648224261284,0.0547968680329727,0.0731050178996933,0.000374044273192978,0.0113709761703979,0.00577774121529541,0.0194730000587866,0.0112653639898939,0.0937343975667902,0.00585557174482498,0.0186169810900084,0.0122687137014063,0.325942806396823,0.00316121220618992,0.00504376822528992,0.0215669838816965,0.00112328408533192,0.00649748803968125,0.00188336760901718,0.0340730654489405,0.00164735429330082,0,0.00084561208111496,9.79877223464965e-05,0.00179889326831417,0.0383175841024731,0,0.00282273422691803,0.0756900301816322,0.000846169187170219,0.302969257539019,0.0150938137766599,0.000765322419849014,0.0158988441749672,0.00378285044324798,0.00271986404990635,0.014953339044183,0.0549952348620918,0.000386490211738968,0,0,0.00958796167939567,0.0665409879941179,0.0532788184045002,0.086606665981209,0.482178420874097,0.00015956489525528,0.000135955984619522,0.0210461484026775,0.275262607031254,0.0103495747883059,0.00898578489692898,0,0.000176716881215286,0.0021130165252409,0.00861334751037903,0.00155005676400623
0.0205869088355763,0.00107688155170307,0.00113993614559612,0.498601883240429,0.00189406789577885,3.06909790331951,2.52797541473472,1.56517945187835,0.117717539053859,0,0.00828595728404808,0.838489790162355,0.0296618628308185,0.734903948097487,0.0273173957567783,0.000958820688357922,0.00170012172435627,0.00709859034856243,0.00247073115040875,1.88399875875762,0.0078343802543211,0.00675850862302647,0.0105682951518265,0.134975602092109,0.00111894119586659,0.00569237004743462,0.00968179770194244,1.49007960620232,0.257123512937105,0.0283485274092551,0.000765677936208916,0.0873281403959564,0.0147260087631022,0.158527390482393,0.170807519523532,0.748727566651635,0.0325647904479981,0.201172800426143,0.149154617726926,0.320886809640572,0.0252076630635658,0.058001271885259,0.022556357571504,0.000715492111668968,0.00466085989017525,0.00188726347826996,0.0225776005107352,0.000752647932444572,0.000288349790587807,0.0011131542667965,7.11045677402497e-05,2.83291039009094e-05,0.0181334168788853,9.2919399684906e-05,0.0037315272696434,0.0647668973100396,0.000272962482581902,0.0358320996314001,0.020187326518372,0.00124915799932193,0.0152049156083433,0.0197672191440773,0.000721223518273354,0.00899872171348438,0.000533868046011543,0.000108916495724868,0,5.3390238930893e-05,0.0243827599143871,0.00224165562494412,0.000690422339182282,0.000951872447151371,0.160147848035412,0.000561151949751282,7.80562633636474e-05,0.000864961299694252,0.148945487082028,0.00475993617820415,0.00448882385412559,0,0,0.00182872932124901,0.00753587947168789,0.00396212838554459
0.00100467011071988,0.0161332877142664,0.00118672489208184,0.000270706052404785,0,0.0016171621044178,0.00715393508579464,0.00270157370769711,0.000942544528625107,0.00828595728404808,0,0.00177482863210907,2.77850369203845,0.017757047033424,0.000192061027400207,0.000819628311236382,0.0237115655298899,1.56504613956658,0.390883499196803,0.000322830845930671,0.00600738592737217,0.00234831440887775,0.0156269982555363,0.00233651796294079,0.202702457207846,1.01186568042925,1.22961070910915,0.00303962698042202,0.0109498951711197,0.0051423762432087,0.657421722750491,0.000376662743796539,0.000808117597346497,0.999855301279998,0.0219233366348505,0.23433824331242,1.39331436139219,0.386945485860447,0.25696125843176,0.00310257337835808,0.00159922504635315,0.29800014719762,0.00176574472102737,0.00811670513169766,0.00536237089612045,0.00243129094725418,0.000259338056007004,4.66769065574646e-05,0.0715123150017063,0,0.00668455422362899,0.000357873477417755,0,0,4.73237001380921e-05,9.5502183135223e-05,3.93013672840118e-05,0.000561717939401054,0,0.15308051125026,0,0.407694401387275,0.000107480281604957,3.28833521863938e-05,0,0.000637831151286126,0.0227237486504124,0.00513011374523106,0,0.000225601819334793,0.00441111325029278,0.000609767675348664,0.000590764625550843,0.0500145326888344,0.283407493161205,0.195677745864124,0.000284129350439071,0.000192888152291107,2.56076684761048e-05,0.0670980230683258,8.87605477428436e-05,0,0.00122894586119003,0.00586123590205307
0.00113271633799782,0.00267911057705326,0.000145882654586792,0.727752140810816,0.000701534912433624,0.502734802170755,0.0141361074036772,0.122106683719537,0.302971639261828,0.838489790162355,0.00177482863210907,0,0.00482722789727736,0.127455909930063,0.169078505421628,0,0.000299131763981438,0.00100604003596677,0.00041243995094347,2.61446350577538,0.0018329329844183,0.0132953833407908,0.00273001507873096,0.164773116125282,0.000498047763333321,0.00116719924927635,0.00186376957057476,0.37864615495718,0.0446443986146818,0.00412769864727402,0.000384961633698654,0.0319608284237535,0.000488355674015426,0.0317210068468696,0.208214276856895,0.217437881624872,0.0080982334170435,0.0301204919068369,0.0250440838218962,0.404334368214976,0.00544590613337498,0.0146041860836625,0.00932973215735455,0.000128807639031983,0.00382352782273865,0.000399048881401825,0.0235912424761771,0.00139449994572411,0.000193352144695854,0.000495115981931305,0,0.000273154504023552,0.0285717685307586,0,0.0050674960855587,0.0348717291264209,0.000393555504205323,0.0307928979188485,0.0148332480163788,0.00049834095307312,0.117760883667531,0.00815885594304256,0.00467772012927227,0.0101134936036249,0.000209211890179634,0.000140530549176407,0,0.000126821934983063,0.0450220294354591,0.00254339240965385,0.000463070098082161,0.00123378889419728,0.1004241876622,8.46660650817871e-05,0.000255817102734375,0.000103312152813721,0.0958028878966325,0.00925622519688683,0.00420345334953709,0,3.47095532762527e-05,0.000395743898496818,0.0065144200958499,0.0068181374397625
0.00175293503040695,0.130801144002894,0.0011898394011013,0.000853654990524101,0.00012521088097229,0.00383052880816574,0.0208192586771553,0.0061924723174076,0.00777463067162476,0.0296618628308185,2.77850369203845,0.00482722789727736,0,0.031279774523888,0.000890064128205872,0.00788367203277759,0.00375087591390114,0.0347104469290815,0.00305156791774082,0.00142236939999657,0.00949623830859505,0.0319962607607081,0.0301638001515259,0.0222599862487173,0.988167257704962,0.0247245211315617,0.400950499755985,0.0150228265897778,0.0226089093066214,0.0102630569181437,0.0665431047142109,0.000536540282166099,0.00181757997444305,0.709919094592384,0.00399378010373936,0.0631950161585663,0.126847687505054,0.122671047483373,0.0449730616337728,0.0162683203256239,0.00293510616930809,0.316103306927045,0.00244028273772411,0.0158709555615539,0.00963717862064136,0.00265290006898518,0.000572784411323548,0,0.0548423733857975,0,0.0140487655108093,0.000922829820860862,0,0,0,0.000222192358002472,9.66343604766843e-05,0.00138384766998119,2.52405015932083e-05,0.239329186898004,0,0.63893932628971,0.000317394982935714,0.000123644442975997,0.00030490324578209,0.00048100313872509,0.028731629362878,0.0042633051812746,0,0.000278915181223106,0.00875734087055073,0.00142071244552803,0.001024816071731,0.160735734271662,0.578950543469186,0.514807236029971,0.00139966620860062,0.000925259455668449,0.000397533512757301,0.171638749333901,0.0004205260122715,3.95382084403992e-05,0.0035730237941822,5.14729102680207e-05
2.38164486826944,0.00647218722300797,0.0484231360215704,0.0195741883421941,0.00039150534317112,0.109105846678792,3.59424010511611,2.81942771364695,0.0921141706958239,0.734903948097487,0.017757047033424,0.127455909930063,0.031279774523888,0,0.00927814581150627,0.0103006173498701,0.0486013097726774,0.0133439076078022,0.01042284646649,0.0431362874693769,0.107919132403171,0.0366879355373041,0.131418595237767,0.143028332795943,0.00294714932171802,0.034572912544734,0.0980947618462094,0.386335890287767,1.64938077241199,2.40796001402591,0.00245676535332508,0.144758073481101,0.0452474387891726,0.334387175131912,0.0616094210075741,0.479498028647566,0.0725872270208975,0.161876131942626,0.108612063741045,0.172866002673709,0.0521349430198863,0.0618299008037672,0.0159216833009196,0.00142130930991249,0.00342164650624733,0.00221842169818859,0.00957109021415117,0.000104891961468505,0.000508842343509483,0.000567396293405342,0.000328575773139572,0.00325230900066032,0.00165905876857204,0,0.00136314553937015,0.0407151246318393,0.000248455112357139,0.0612752404133936,0.00170425271887369,0.00128707778942147,0.00260564067871552,0.0227948523651578,0.000794296631145096,0.00353332267363262,0.0115786526359454,0.000177796967874527,0.000208232598368073,0,0.000569100670425224,0.0526524522830777,0.00996027741728425,0.0280939487673001,0.160306069064908,0.000886558288360596,0.00180480366237297,0.0197686897170551,0.184448068644121,0.00229462188442478,0.0214962676119116,0.000350244574633789,0,0.000359808966524315,0.00349147076129303,0.00202899798366566
0.000226404834037018,0.00422888848955441,0,0.0197582278883206,0.282997247674537,0.0648140986471508,0.00895084371948624,0.0163115538830481,0.407088205362515,0.0273173957567783,0.000192061027400207,0.169078505421628,0.000890064128205872,0.00927814581150627,0,0,3.33513987920762e-05,0,0,0.0189522627661203,0.000432952537051392,0.0207125788385369,0.0011154402985817,0.196114301638034,0.000497864271839905,4.01049449911118e-05,0.00188213250363369,0.0601471271806219,0.00560218326405525,0.000192774230093575,0,0.0251783532702433,0.000102096469683838,0.00561137598219471,0.230887051877684,0.0812433127547481,0.00177137426618691,0.00407357082951908,0.00901463622038707,2.24181570039709,0.0167724817843594,0.00856463498189316,0.00283658484282341,0,0.000266080913600922,0.000168081110697556,0.00427549565423661,0.000273664176210785,0,8.15118231956482e-05,0,0,0.00476300601745491,0,0.000532240828951263,0.00796144344962444,0,0.0144059139992105,0.0036120795046154,0.000159330221243286,0.00189111936568909,0.004809701432444,0.000556157796616363,0.00103159500690364,0.000264881911258698,3.2137319801712e-05,0,0,0.000457716496040725,0.000929776075989914,0.000416957738297653,0.00123364387093144,0.0265659599087591,0,0,6.1672770570755e-05,0.0261376493384161,0.000935264895393181,0.00124542781193599,0,0,0,0.00213001507681198,0.00307583507160911
0.0121935255065312,0.0673602117934244,0.00100160469346218,7.0155030311966e-05,0.00196596620703049,0.000951858275837707,0.00519127850999585,0.00286221719298058,0.0179191340434033,0.000958820688357922,0.000819628311236382,0,0.00788367203277759,0.0103006173498701,0,0,0.00973009600312782,0.000534476744815064,0.00085304028822136,5.71492159530639e-05,1.44214012653087,0.727544306254066,0.979946547921625,0.524661911661123,0.00913944071651878,0.003940039989814,0.362450585370382,0.112625332622086,0.0152421347091694,0.0680505176584976,0.000423784729755783,0.000656271000996018,0.00218434274149342,0.0134225730367824,0.0788635554034634,0.378846332869718,0.07903533014018,0.0514389614616434,0.100229417189398,0.00494031732996826,0.0103786858607117,0.00155399885058384,0.00919145776958408,0.00200064000242424,0.00320383995197878,0.00549512452881412,0.000377743226539612,5.4457209556961e-05,0.000211769915561295,0.000154260090741921,0.000384967852214814,0.0136309097627607,8.65830457567215e-05,0,0,0.00303715047899503,0.000136269148301124,0.00931619729523611,3.22264047138214e-05,0,0,0.00160794648697452,0.000278075472183037,0.000387194287529183,0.388226132737999,0.0021048025854186,0,0,0,0.139958334934832,0.0874198165422475,0.622353411915074,0.0400643812310975,0,0.000933615180771255,0.16905194077925,0.0241336317749685,0.000166702996417427,0.00943741612507,0,0,0.000148880785688973,0.000232250329759979,0.005670934550634
0.026198271595644,0.0743863057780993,0.696727936117355,4.55796326890945e-05,0,0.000157423767910767,0.0269833173974932,0.00659462664599666,0.00160499857081471,0.00170012172435627,0.0237115655298899,0.000299131763981438,0.00375087591390114,0.0486013097726774,3.33513987920762e-05,0.00973009600312782,0,0.017582159833178,0.754716794135542,0.000195042576735687,0.219914469267989,0.0274816421139583,0.999093831542116,0.00592007039246864,0.00172325925279464,2.94639976376569,2.50170577411465,0.0102381787936482,0.0504448455987473,0.525138101202942,0.000626535638229561,0.000168843399494362,0.00513513736134472,0.779999614236332,0.0160886516805772,0.213783599653921,0.0900952652195966,0.345914449490504,0.265793248684546,0.00113301410533505,0.00186731405405617,0.00190197258324738,0.017680119053049,0.00681168976930256,0.0076934793540307,0.0124156840757536,0.000201895288180351,0.000468953518832016,4.31501930942535e-05,0,0.0246907475328674,0.0492673923416792,0,0,0,0.000182257035912323,0,0.000864071070161438,0,0.000192429116592598,0,0.00132654314672852,0,0,0.0132262766566773,0.00185178459580679,0.000121524622112465,0.00071559232087841,0,0.00967238186695135,0.00556815288421288,0.0442152264148878,0.00182499919610482,0.00150136671610698,0.0396587163096571,0.421238979382691,0.00151531669529991,0,0.00052897314582653,6.78107289367676e-05,0,0,0.000672361876956081,0.0055399420254816
0.000385748496668053,0.0354852671845915,0.00204438881681767,6.66435377845765e-05,0,0.00113345859344025,0.00443505973469086,0.00160298879052715,0.000645392926348114,0.00709859034856243,1.56504613956658,0.00100604003596677,0.0347104469290815,0.0133439076078022,0,0.000534476744815064,0.017582159833178,0,0.271816184959346,0.000409475327118874,0.00979676214598257,0.000721277945850181,0.0201543395789468,0.00111330357625523,0.00907856289185676,1.27625451580935,0.471113635595384,0.00300501656975803,0.0090908918215805,0.00610342192400417,0.0653734364876858,0.000190885993788147,0.000553298408022118,0.612008863258015,0.00680732856661835,0.0920607595153749,0.39702176638655,0.285657650111668,0.104538503148877,0.00173631917786331,0.000589482969000434,0.00159086471253204,0.000665408253253174,0.00284853815210361,0.00240941019847241,0.00245991113316307,0.000208446248816109,0.000100442819686126,0.00194296478148422,0,0.0053950349536642,0.000646550936842918,0,0,7.77318989971161e-05,0,8.02527830320358e-05,0.000118853673230362,0,0.0297479322378914,0,0.0603178082534914,4.6348040981102e-05,0,0,0.000144400588105011,0.0063489777819294,0.00223384821566468,0,0,0.00024441503463955,0.000687741530641937,3.51734098808289e-05,0.025181501106888,0.351013601212658,0.39400753078454,0,4.01260873802185e-05,0,0.0285859378951276,3.14699638118744e-05,0,0.000707383616435623,0.00219463404623623
0.00227498778537864,0.0483594546561344,0.0105656622326505,3.41081791944504e-05,0,0.000418423548367309,0.00451006734645958,0.00125176203832817,0.00014626902587719,0.00247073115040875,0.390883499196803,0.00041243995094347,0.00305156791774082,0.01042284646649,0,0.00085304028822136,0.754716794135542,0.271816184959346,0,0.000278112554117203,0.0229005310835018,0.00176774915984154,0.0573316744853091,0.00112374356521015,0.00426954238976135,2.27593795637414,0.829337981716872,0.00197125196274071,0.0125826572352944,0.0420252268324005,0.0017720380432764,0,0.00110960598939781,0.740273075832961,0.00881293182480946,0.0986896511416675,0.179925016335702,0.353544401214794,0.155076097542687,0.00069278222079792,0.000176345620523071,0.00034611890885849,0.000771388534266282,0.00110202256693983,0.00109986732769422,0.00138795023558159,2.36753367235184e-05,0.000276055719070434,9.21360844949722e-05,0,0.0107612249806242,0.00147125539339657,0,0,9.32560256752015e-05,0,0,0.00023888730848732,0,0.00159298715320721,0,0.00975098014557627,0,0,0.000360125694960404,0.000264369285417748,0.000699628108283997,0.000812432122965717,0,0.000210319598027802,0.000314408643815041,0.000885688123303031,0.000209038623307419,0.0155695994105774,0.0950823219581509,0.246326035119137,0,0,0,0.00372423276629276,0,0,0.000441140901174831,0.00365248656820755
0.000444718665600205,0.000608533370620346,0,4.60483702641249,0.000141827186183166,0.0611054797502303,0.0204091466283018,0.0439994913083303,0.072302119128377,1.88399875875762,0.000322830845930671,2.61446350577538,0.00142236939999657,0.0431362874693769,0.0189522627661203,5.71492159530639e-05,0.000195042576735687,0.000409475327118874,0.000278112554117203,0,0.000839694571693039,0.00102395161028061,0.000440653487484359,0.0891089605655555,9.01159352985382e-05,0.000430770047238159,0.000499549345431328,0.777990021617543,0.0154745682093119,0.0021078146077466,0,0.00809535369378824,0.000431088855114364,0.0117975405118059,0.00429602112297115,0.0531270600641149,0.00198887066276722,0.0143455263650696,0.00901896531198921,0.0471109555606562,0.00115526854789543,0.0045066908930563,0.0062016831818449,0.000249205761947632,0.00229319505749168,0.000467593171740913,0.0106513000073677,9.67075001853944e-05,7.77769224121094e-05,0.000111536808118248,0,0,0.0106352704777203,0.000101730669290161,0.00210656574552288,0.0247480776459648,3.72026774929047e-05,0.0142447715968304,0.00687503133441925,0.000243565222632599,0.145301828428848,0.00253054549281158,0.000167099510283089,0.00441516953066826,0.000152583230231667,0,0,0,0.00240891606125889,0.000707388856058884,0.00020513015575962,0.000441446617065811,0.0590681495858165,0,0,0.000134592870599938,0.0609217762062622,0.00381249874395905,0.00156552467507191,0,0,0.000472302577379989,0.00234727425878543,5.29075598567963e-05
0.0520977272192873,0.0371857274417988,0.188602939062387,0.00022153717027378,0.00402891136747131,0.00676359824933987,0.461996055536295,0.0269370597881092,0.038612988112155,0.0078343802543211,0.00600738592737217,0.0018329329844183,0.00949623830859505,0.107919132403171,0.000432952537051392,1.44214012653087,0.219914469267989,0.00979676214598257,0.0229005310835018,0.000839694571693039,0,0.211837359723133,3.83676153524685,0.178818383297791,0.00576600101609173,0.104292879014588,0.565217786530491,1.03947233274264,0.0736732290705116,5.06941381015546,0.000884415310738755,0.00818993639518509,0.0143874092596523,1.78519029204316,0.251999278337747,0.547027323628222,0.360788525384083,1.31730757671782,0.23258306435394,0.0231305652563228,0.0698435159828516,0.00466539960501328,0.0154781349046088,0.00316555823886337,0.00309916320548945,0.00648401979461956,0.000275231355449677,0.000205161828320312,7.2097501810646e-05,0.000415177035923386,0.00129281416970711,0.0122856354692974,9.10897073989868e-05,0,0.000117677021332931,0.00363637192297382,0.000184841293360329,0.0132348528731617,5.38280699985504e-05,0.000227109461515426,8.77845123062134e-05,0.00417877213811856,0.000403877618611908,3.59068213371277e-05,0.163181699331301,0.00154282581796474,0,0.000435687937260437,9.51942421018604e-05,0.200396523196062,0.049002577368588,0.3555034082289,0.0718815451121597,0.000161358074270248,0.00241832051166897,0.107026895330772,0.0526801705691266,0.000441674288881493,0.0174776099947775,0,0,0.000341876884970092,0.00101114874927712,0.00929135332023984
0.0309011057824045,0.519608605875792,0.00579624644147091,0.00248892520463848,0.000274298430908966,0.0059892597053278,0.0873430310544456,0.00940933573352375,1.62487859269043,0.00675850862302647,0.00234831440887775,0.0132953833407908,0.0319962607607081,0.0366879355373041,0.0207125788385369,0.727544306254066,0.0274816421139583,0.000721277945850181,0.00176774915984154,0.00102395161028061,0.211837359723133,0,0.445306821060293,2.01301979047477,0.0440737773331597,0.0110350388821817,1.50148931460291,0.224107671379491,0.025355892998644,0.0883393433238434,0.00142009319391956,0.00127407900555057,0.00351240864382992,0.032147887431511,0.0171602506763617,0.107091458018099,0.00861874315389004,0.063898471245808,0.041157000401493,0.0213621623176794,0.00265862981486664,0.0018645732586195,0.0221365676074754,0.00470687750104885,0.00602431157264109,0.00875837260951996,0.00081263321331253,0.000226856465797043,5.91564782791137e-05,4.18448167806625e-05,0.0170483181804954,0.0359785160895815,0.000166452312131118,0,0.000256296126520539,0.00421959250953083,0.000112685024025727,0.0327794456249153,7.54133657043457e-05,0.000206328170721436,3.3549732112503e-05,0.00128369236754857,0.000191608162121964,0.000258494572853852,0.17427332430432,0.00144709117039948,0,0.000605231536581802,0,0.0480047984304675,0.0986958629286448,0.208214061282611,0.0540203034695343,0.000140854834326172,0.0131484920219471,0.498051974771049,0.0327893897565212,0.000103857741316986,0.00499814329334174,0.00015749208671341,0,3.89244793722153e-05,0.000153996983569146,0.00317428558679218
0.0799882801843208,0.0872387279677849,3.08162872012542,3.63917382848739e-05,0.0138871284916714,0.00687620474125843,0.300448382008584,0.0348602823348031,0.0192184818507369,0.0105682951518265,0.0156269982555363,0.00273001507873096,0.0301638001515259,0.131418595237767,0.0011154402985817,0.979946547921625,0.999093831542116,0.0201543395789468,0.0573316744853091,0.000440653487484359,3.83676153524685,0.445306821060293,0,0.384708233104792,0.00975687089670619,0.635634458464031,3.97567177756033,0.914974724953912,0.107342790553596,1.5325150719365,0.00173362911227799,0.00867669391337681,0.0140296568028202,1.49048762294082,0.608469663226544,2.12807121954612,0.681494555338998,2.32185732289137,1.56122218302553,0.0446293896417082,0.102374078648483,0.0127757441481105,0.0942028040881922,0.0211296428942224,0.0209678556065371,0.0479639041851768,0.00203981727664375,0.00158746945646344,7.60618058620453e-05,0.000251197534566689,0.00755847460292702,0.159085237517139,0,0,0.000297224642964744,0.00620348167545615,3.78318679763794e-05,0.0133778589095076,0.000169353430986214,0.000153132626798058,0.000221169137664795,0.00586981728177319,0.000301859440555763,0.000204974837143326,0.303966037151973,0.0106465607723723,2.93189796382904e-05,0.000962972390986819,0,0.156701040858268,0.0738443772804085,0.713842025357732,0.0467499549193406,0.000108820660412597,0.0235308352457885,0.775069976913633,0.0304102558072376,0.000536563243711662,0.0103338021487297,0.000123055596459961,0,0.000243162119629478,0.00110201696376819,0.0545679734159691
0.0867069051487347,0.287820755848115,0.00330763947604542,0.24915439703245,0.00326340457625695,0.0330698526367316,0.334010191186761,0.0466770486171746,3.26507130273037,0.134975602092109,0.00233651796294079,0.164773116125282,0.0222599862487173,0.143028332795943,0.196114301638034,0.524661911661123,0.00592007039246864,0.00111330357625523,0.00112374356521015,0.0891089605655555,0.178818383297791,2.01301979047477,0.384708233104792,0,0.0332885693888165,0.00883261458841266,0.605644439717422,1.84474574110301,0.0945354257897733,0.149506179529267,0.00103595244962063,0.0103901830511679,0.0238242280987915,0.0831539909126303,0.0834822827587333,0.392069357058547,0.0136354377110798,0.115949629236756,0.0546287260187277,0.195742681424769,0.0226313285030808,0.0163307414301093,0.103323248595847,0.00430292165022182,0.0288960463289248,0.00825737523818302,0.0663994518786261,0.00760979121285668,0.000839566769586372,0.00468103507368564,0.00101978728106498,0.00737793187442207,0.0443036517993214,0.000107546368192292,0.0168951068773025,0.302438347315506,0.00402136327144738,0.420928175203595,0.0276354271205336,0.000549458214010239,0.016273264006362,0.0174992623050385,0.0116455318789744,0.0210688671884598,0.0684624868652216,0.00227616611497402,0,0.000155470305085754,0.0109673613760418,0.215706254256624,0.0542787108162409,0.156056187963933,1.17727679828356,0.000262416051755523,0.000535785852804184,0.0555078195895401,1.04667072212331,0.0397940398219557,0.0750766819211755,0,0.00129531771658688,0.00669689518864289,0.0460053191983936,0.00468172896729221
0.000943703936730003,0.221444451807424,0.000832629236789132,0,0,0.000106387528750611,0.00280922937239361,0.000309558286086083,0.0102824090139891,0.00111894119586659,0.202702457207846,0.000498047763333321,0.988167257704962,0.00294714932171802,0.000497864271839905,0.00913944071651878,0.00172325925279464,0.00907856289185676,0.00426954238976135,9.01159352985382e-05,0.00576600101609173,0.0440737773331597,0.00975687089670619,0.0332885693888165,0,0.0574492396242762,1.77639101455208,0.00486009981537228,0.00185471287045231,0.00212099351498375,0.0336346872621986,0,0,0.0502632976123064,0.000179229999177933,0.00287326657954407,0.00557339133902607,0.0137831919636219,0.00272174584702034,0.0002864079867733,0.000204507011212921,0.0241186558806532,0.000478088083377457,0.00332359454759083,0.00217846530868234,0.000681830123740196,0.000180243818182945,0,0.00801525379204235,0,0.00997103518712657,4.86229682731628e-05,0,0,8.61136326618195e-05,0,8.43007626220703e-05,0.000691819581482315,0,0.0502230232283104,0,0.168384097007929,0.000116632627485275,0,4.69453863245011e-05,0.000374077422580528,0.00399700553886509,0.000941286057124711,0,0,0.00265484469065323,0.000308622654029464,7.83224995986939e-05,0.269690374439721,0.149751954853,0.234888369315284,6.78336961406708e-05,3.16291470746994e-05,0,0.0603988135024412,9.02999162384033e-05,0,0.000413161520907783,0
0.0130071683403601,0.101300572769333,1.49179023670549,0.000107009739671135,8.68852265995026e-05,0.000877256350104523,0.0395996496631911,0.00672236776141148,0.00226238491276016,0.00569237004743462,1.01186568042925,0.00116719924927635,0.0247245211315617,0.034572912544734,4.01049449911118e-05,0.003940039989814,2.94639976376569,1.27625451580935,2.27593795637414,0.000430770047238159,0.104292879014588,0.0110350388821817,0.635634458464031,0.00883261458841266,0.0574492396242762,0,7.37533343430129,0.00905466063870601,0.0208848448295426,0.158923641639795,0.0953695759092602,7.16097274009704e-05,0.00206791842015361,1.016724012282,0.021614739723441,0.2466521060751,0.458271911412149,0.801333802745795,0.404692309470824,0.00181379541606369,0.00132173055842209,0.00321517271530514,0.0040407928780695,0.004567578933852,0.00488445800486555,0.00528177518512144,0.000108217020165444,0.000227309543263054,0.00323686808836613,0,0.0255054165746378,0.00956520131329859,0,0,0.000419282552348327,8.19000419342041e-05,2.42319335281372e-05,0.000289388783549499,6.44417417137146e-05,0.0270021355624312,0,0.081004580121241,0,0,0.00109311479858189,0.000815018002942848,0.00628475400797748,0.00247951897043657,0,0.000540375154508782,0.00202845437275238,0.00318683270778217,0.000385202175409698,0.0686974528928492,0.418157520295536,0.865273138769671,0.000142180456181908,0.000161737812571048,6.87421030921936e-05,0.0364176220294391,3.93379060174942e-05,0,0.00103268487400436,0.00809471776563588
0.0668944057971993,4.05167774754119,2.11262208843036,0.000266706445967293,0.00192906091210766,0.00262066518807735,0.305432331265778,0.0184121494428285,0.0543626001269785,0.00968179770194244,1.22961070910915,0.00186376957057476,0.400950499755985,0.0980947618462094,0.00188213250363369,0.362450585370382,2.50170577411465,0.471113635595384,0.829337981716872,0.000499549345431328,0.565217786530491,1.50148931460291,3.97567177756033,0.605644439717422,1.77639101455208,7.37533343430129,0,0.254370830352716,0.0954035659267449,0.482325645856789,0.137616717778738,0.00101688739572811,0.0141550634708597,2.13263567251564,0.345668969225178,2.44969868185892,1.20859970092735,2.67593183802434,2.46602488368028,0.0221013031747009,0.0420019407725252,0.0205130443797442,0.34661648979459,0.080911467961701,0.120499897463955,0.19241512213885,0.00429695482553368,0.0046393217991747,0.00676900985220013,0.000288651207554626,0.576620062986631,0.703990288712464,4.58188050817489e-05,0,0.000507851494537544,0.00603134843194666,0.000249949901617432,0.00741205211154003,0.000117697207462502,0.0670872249912952,0.000251534910287094,0.274102792081776,0.00028825762470932,7.90288358959198e-05,0.365948858445696,0.0387450317886281,0.0184132534529513,0.0125868114827619,0,0.0379489928144133,0.175253054753264,0.959321203024726,0.0131827859771899,0.580927679339294,1.6817827153634,8.67634694928588,0.00979078437806395,0.000374128499005223,0.00744241403083248,0.100131843349194,0.000111929884542083,0.000194770611430931,0.00728278498697147,0.0902681553736503
