0,0,0.00697031380100264,0,8.57406491483568e-05,0.00264416674724675,0.981661228063244,0.185386682529631,4.88946479822814e-05,0.00399440180674316,0,0.00128410706810574,0.000190092555792397,1.34664036835247,0.000191382722750708,4.9073879966104e-05,0.0263501233834471,0.000131732076994092,0.00298567843824562,0.000337102720346418,0.00884632354166371,0,0.0246171964594514,0.000428609514236325,0,0.00491765657157571,0.000454048016320354,0.00586324611710589,0.435085043472491,0.430802777570014,0,0.000745441443244057,0.0015354763099702,0.0127945911715555,0.000297614515680888,0.00256959462181036,0.000249370832438254,0.00136888311570591,0.000157322256284314,0.000300831779614681,0.000443599223838046,0,0,0,0,0,9.9146740162754e-05,5.95949467065155e-05,0,0,0,0,5.5851745692116e-05,0,0,0.000211858251306847,2.42956668606221e-05,8.77972962851288e-05,8.12511367094754e-05,9.71865183221282e-05,0,0,0,0,0.000146138987900966,0,0,0,0,5.05271526653498e-05,0,9.50051756874981e-05,0.0001585882667294,0,0,0.000220185895330954,0.000351878392217585,0,0,0,0,0,0,0
0,0,0.00308112472763316,0.000136067130833143,0.000456503990550422,0.000191960648531508,0.000102242836442453,0,0.262066716402844,0,0.0233414037799485,7.39363506831081e-05,0.152895967353744,0,0.00474997852246491,0.0246812495439656,0.0020762182086794,0.00133802567586901,0.00204199194815656,0,0.00116937938421245,0.240949079394729,0.00200584818865637,0.219652316727221,0.202858707621021,0.0305340483049125,1.09902225836347,0.0128782607993832,0,5.15103187385142e-05,0.00466343066506699,0,0,0.0173846101363517,9.57520090795514e-05,0.00429976103269876,0.00997074614908681,0.00741486855218339,0.00023738663949188,0.0125489299407506,0,0.0449674727006109,0.00444647250404731,0.0102459795165591,0.00296452925761107,0.00116489059084777,0.00124001668265837,7.47115546552537e-05,0.00268479130086733,0,0.2381307509289,0.0140350191336346,0,8.30201030615092e-05,0.000127119785371864,8.5701381126404e-05,0.000213279140115893,0.00280891571145027,3.96713568813264e-05,0.0132604104180529,0,0.040139964442092,0.00010888792894867,4.99355973257125e-05,0.00247446478165106,0.00133773843309902,0.000970979254596606,0.00306886116158172,0,0.000370800357298201,0.00718017829496489,0.00206613706204884,0.00669666877355164,0.0310527203232919,0.0599721039480925,0.554082478706991,0.000992460098171545,5.59442635317177e-05,0.000330126877430528,0.0180220452520511,0.000281885042975134,7.15267786401631e-05,0.00450297783161718,0.000688854592004701
0.00697031380100264,0.00308112472763316,0,9.45593898301719e-05,0.00162595345529712,0.00942769790015967,0.0982418694900196,0.136016530999231,0.000878303539880121,0.00622148861902045,0.00343547993993259,0.000899380289301284,0.003050202286408,0.0810158458473505,0.0107661884447284,0.00284664748063562,1.01615150632317,0.0224797537961333,0.155444549855209,0.00026727546629554,0.0791356572534712,0.00318709663911446,2.87836749976302,0.00110783303983737,9.76328005961656e-05,2.0445639904577,0.634981369099164,0.0159152860326873,0.0506212402521593,0.0688040900936145,2.61271269665003e-05,0.00127988412140327,0.00499886956632614,0.736600799246145,0.0790103583665746,0.911372967863529,0.475869947263162,0.426793677581684,0.13634455577637,0.00740078252540404,0.0124030270044712,0.00253861983782309,0.017880609739492,0.0142602483562985,0.0071017834341616,0.00355429715214935,0.00343392661919024,0.00114679444781835,8.35448082256435e-05,0.000277686282899395,0.0129932678217054,0.214924801168644,0.000138867096293634,0.00102815642195887,0.000175853415483499,0.00604617111822845,0.00115798499454673,0.0022405912138763,0.000201694639275104,0.00083405715548106,0.000243865958017337,0.000250477060579288,0.00201071678095693,0.00139683977733847,0.0187289191921499,0.00993128677126677,6.49597367115078e-05,0.00250355802767159,0.000142210320492863,0.00336861084766786,0.0127647349805005,0.0659627149289455,0.016489073397243,9.41363661391319e-05,0.0340483271176744,0.719337335985565,0.00818858189262237,0.000636397226983992,0.00227216108652216,6.6691971876991e-05,2.25209789409727e-05,8.7157670652211e-05,0.00632687216354446,0.0607453675112648
0,0.000136067130833143,9.45593898301719e-05,0,0.00185954017634022,0.00690031211670457,0.00872427091710219,0.00439612796520463,0.0876704950733564,0.888340547107731,0,0.18461831091772,0.00226694448603095,0.00266673743356112,0.0222535806498673,0,0,3.88141182224929e-05,0,1.08512008924457,0.000142873774127948,0.000224468106341058,0.000151930052031425,0.227967272551881,4.15076095985472e-05,3.67440057824135e-05,0.00040619765754394,0.53422135823275,0.0053321542344133,0.00024135779798044,0,0.00133332329191384,3.23097051022291e-05,0.0195928069257737,0.00252919163247373,0.0444307433345332,7.50657041776537e-05,0.000183550276297367,0.000355734212298292,0.0248807304713163,0.00594785016726579,0.00022831558406592,0.00870727474955333,0.000535544981505614,0.00141048953230578,0.000315045754151377,0.0588218779431011,0.0066257173948072,0,0.000169977803556749,8.14095009407879e-05,0.000618133369933502,0.112243226288866,0.00316515128272675,0.0122774845594753,0.0558381098641925,0.00648444243472816,0.037165521737271,0.0604751382797561,0.0014000385095984,0.0460871895166892,0,0.00457246592537527,0.0154072694931733,0.000191727715939862,4.97484409251153e-05,0.000124804355473202,4.40541835286438e-05,0.0387692487037161,0.00187145884045557,0,0.00209559295325278,0.0697870894382912,0,0.000254270991001487,0.000228919668452346,0.13764172867651,0.00297889421035543,0.000374143366140181,0.000149257764219186,0.000208649959375095,4.81999857965648e-05,0.00519805565135108,0.000138846381846285
8.57406491483568e-05,0.000456503990550422,0.00162595345529712,0.00185954017634022,0,0.0454867489274809,0.00731401572633546,0.000823962302639088,0.0055848103051987,0.00380182260838825,4.17739335143089e-05,0.0310790910430339,0.00299995725904036,0.000345564037345609,0.133041299849617,0.00202262455675573,0.00258633367835364,6.30807593059658e-05,0.000295163974658728,0.00201638260937134,0.0358269190372015,0.000523693945041937,0.0554815528831709,0.0362691224449246,0,0.00082364781900203,0.0044192018556343,0.0181602771813369,0.000655424591187856,0.0215664165903741,0,0.0035899214042604,0.000355771534804749,0.0241342903143007,0.0770828625841422,0.0298680100141657,0.0032843181110133,0.000488317227839124,0.000631931308939413,0.616897016003152,0.0196352158620403,0.000130497306125683,0.00269879248419044,0.0067252333010979,0.000304260666722742,0.0018990795666789,0.0197997368450439,0.00123583418022994,0.000153106922825634,3.69030452864588e-05,0,0.00187479316383016,0.00245145614811825,0.000896701823656072,0.00251819241058628,0.0058912985415373,0.000621690911097685,0.00105763739498219,0.00552977456272723,0.00056068645849033,0.00785339326568867,0,0.00059011146417951,0.00381568639926105,0.000221623780937195,0.000194498943982911,0.000419408671391088,0.00103662144748291,0.00266353576295228,0.00116972854219181,0.000246032313247418,0.00256888119434292,0.00444415357915599,0,0.00360330567849034,0.00516033360791814,0.0107752253569049,0.000833530634380788,0.000496947260818118,6.38580383729695e-05,7.53380544462918e-05,0,0.000748949145630428,0.095217806416135
0.00264416674724675,0.000191960648531508,0.00942769790015967,0.00690031211670457,0.0454867489274809,0,0.358977778999314,0.577181674515114,0.00423192057885826,0.838830933605908,2.00643495138466e-05,0.53719926474723,0.0171880496467671,0.0474863405682614,0.201064020517501,0.000277974662682664,0.00606871800117898,0.000165730179286003,0.00140533249269468,0.0177974643696884,0.00904074754406124,0.000161334201245946,0.022909880095207,0.0145624520218226,0,0.00219897036925321,0.00122306386579388,0.0435997216924173,0.0152856553925496,0.0193424446095447,0,0.0191492946396499,0.00032378107309981,0.106690593944884,0.527485571898961,0.296787536548038,0.0029603163423588,0.00138426307454533,0.000634688071545485,0.21867485388528,0.0651014697036064,0.00146957948998691,0.0058408766127893,0.000294385857888522,0.000762315123619424,0.000347371758877331,0.0303501894600022,0.00287482322081843,7.21195950972558e-05,0.000176079624548799,0,0.000180801593238291,0.00333711674427276,0.00115961759048287,0.0044900566649027,0.0212986309956801,0.00137063820794087,0.00436164937898729,0.00638983191397665,0.00153795899397445,0.00919346912797695,0,0.00142482863670496,0.00427941954030493,0.00126435423467905,0,0,4.66144928711414e-05,0.00304195375149709,0.00223784344334794,0.000287737927411765,0.00198468237076172,0.0135222512382917,0,0.000230881731779966,0.000593646763319919,0.0292994187674367,0.00139279772798838,0.000633526154392193,0,8.11522895567982e-05,0.000108944443801236,0.00194099682591826,0.0285766110262284
0.981661228063244,0.000102242836442453,0.0982418694900196,0.00872427091710219,0.00731401572633546,0.358977778999314,0,1.49049910583485,0.0765724672412959,1.51529879376942,0.00016954066666559,0.0532294496781448,0.0178246857323172,2.60378269105369,0.155382154028687,0.00318434630802491,0.0115795527159611,0.0006885212682584,0.00272090912259434,0.01525426749678,0.213130983299912,0.000310222512802553,0.269266440430564,0.112557567981765,0,0.00935854785158181,0.00563441182867786,4.79448439424011,0.39144908684963,0.401842733602138,0,0.0329527328467787,0.0111756419918065,0.650081341474166,0.0872557812776181,0.626203956793138,0.00932768029360428,0.0162609035060069,0.0140904520678774,0.195125791439028,0.128908963719056,0.00077038811682074,0.0703784077042722,0.0037350407668358,0.00792582544635912,0.00332913694235871,0.0692779561601069,0.029521869021972,0.000375055071932644,0.00186631004829712,7.92131197998881e-05,0.00265707803855378,0.0293435479828913,0.00236448219545089,0.00855694186536537,0.302716113911362,0.0152066016097388,0.0948905054419384,0.0715529797715455,0.00771333850883764,0.0183486701121616,0,0.0206800046930771,0.00986616303635929,0.00390947966114962,0.000350867092822317,0,9.7805385706222e-05,0.0282524863141351,0.0115146977268258,0.000557865050382975,0.0138868384129989,0.177362964713312,0,0.000214725212947756,0.00445001062108258,0.442586700319317,0.0266231471663715,0.00598684535348391,0,0.0012458356355527,0.00126347538181758,0.0309960213913793,0.0122606704436302
0.185386682529631,0,0.136016530999231,0.00439612796520463,0.000823962302639088,0.577181674515114,1.49049910583485,0,0.00289060418215754,0.694929995464186,0.000461226251249745,0.33173445963851,0.0049734857795841,0.777207564359697,0.0224641559158325,6.68442714291366e-05,0.201901997290823,0.00445826759416506,0.0316537852295176,0.0221432812147504,0.105226580813813,2.81447889658421e-05,0.390056470629477,0.00330802957205671,0,0.0820003277231983,0.00787306392024884,0.0908861315660988,0.188905721837216,0.793241549817877,2.40773128597617e-05,0.0186590921297305,0.00186131415066084,0.0735247742957398,0.00413834009540785,0.0872367939096353,0.00750451053570723,0.00934983033975782,0.00380625523366203,0.0321279862732622,0.0060126925890279,0.00011775211001023,0.00317410360513058,7.91610526220529e-05,0.000311946407437253,0.000120767757581633,0.00490885088373332,0.000798825948601833,0,2.94315083830923e-05,3.60065532061636e-05,0.000421017590805161,0.000344677455348935,5.55194239045441e-05,0.000314361496640933,0.012740229185191,0.000288183789921671,0.00358427150133211,0.000930144477623883,0.000540411451259717,0.00171933164711241,0,8.67853508181098e-05,0.000238991392290684,0.00078912679098089,0,0,0,0.000345145892043799,0.000414836861456671,0.000302330642348709,0.00144321874603072,0.00610008142378722,0,0,0.001524246988899,0.0168936645900805,0.00081865742757612,0.000636871029359494,0,3.10907465661407e-05,0.000115437348084056,0.00111418460771212,0.000223406347647083
4.88946479822814e-05,0.262066716402844,0.000878303539880121,0.0876704950733564,0.0055848103051987,0.00423192057885826,0.0765724672412959,0.00289060418215754,0,0.0562536028096862,0.0161861769000699,0.031966984160196,0.109055287455074,0.00253940944153001,0.0496255642688879,0.0355737522558231,0.000458380310666507,0.000723429139952587,0.00057450043613618,0.0324279686017552,0.0301884276906622,0.417740076932011,0.0299111931341952,2.66100255136465,0.135474673754374,0.010205167897791,0.723695329233565,0.822881723186988,0.00377391268110399,0.00287304503608106,0.00395466576785932,0.00214702677089089,0.000194955683859002,0.0262268269065114,0.00203784461831222,0.0310527980873348,0.00644535932069993,0.00353214273862376,0.000388398013996139,0.0370013040959044,0.00474852960983744,0.0124055915443061,0.0455481963882021,0.00626290318333662,0.00450061105361489,0.00275664521994564,0.0163917717303194,0.0116885117620789,0.00074182755513296,0.00197615944516349,0.00610010522806359,0.00397676733308078,0.0289178983423487,0.000700653468212413,0.00437667635634362,0.0935274351542206,0.0057474798345483,0.329220815080276,0.041186179627997,0.00998818027115439,0.0112128083916337,0.0152587925030138,0.00594459033559896,0.00690571101710789,0.0906913503152247,0.00139568995212975,0.000985504726969837,0.000779595352856205,0.0188243618679158,0.0764194374656424,0.176723466858421,0.0671452592661049,0.254886136833445,0.00476875405921604,0.0189554497712238,0.0712024821441616,0.299600776092849,0.0178761211213332,0.00949003551817282,0.0139056016908124,0.000295535918530172,0.00116079110863921,0.0135071952716594,0.00978432722296672
0.00399440180674316,0,0.00622148861902045,0.888340547107731,0.00380182260838825,0.838830933605908,1.51529879376942,0.694929995464186,0.0562536028096862,0,8.48046700387361e-05,0.85075443979177,0.0142670789133734,0.39919248732155,0.182880074324225,0.000303353696964717,0.00239205234192146,0.000175529492628676,0.000710593813177898,0.841846759232131,0.00547450480722774,6.953024902724e-05,0.0134902479153788,0.0595829565510934,0,0.00118144381415999,0.00167146014682427,0.577937981417842,0.287130499127692,0.020227454504681,0,0.0680972229117183,0.000277353855258259,0.684423569206045,0.463254235457133,0.50253937288753,0.00364986351232906,0.00169748380375746,0.00384298244157894,0.156980804104919,0.143259759856035,0.000675235623998832,0.0201157873958966,0.000870822620335888,0.00202803725827366,0.00126996993595594,0.084316961706145,0.0110272401759277,0,0.000282358750447437,0,0.0010338836618657,0.0542252195872907,0.00301553960076797,0.0145888483490017,0.131147223758229,0.00633762474115363,0.0517634041641288,0.0850688030558413,0.00267361425959362,0.0461945294303491,0,0.00635143019941268,0.0164327030785932,0.00114104331603221,7.1618900441432e-05,0,0,0.0431012361621385,0.00461100102272956,0.000175142592378727,0.00442145282253782,0.111869376409031,0,0.000112501784208662,0.000607269233618697,0.245502970881398,0.0078469936740597,0.00138336754427241,0,0.000220569526895863,0.000258670746918726,0.00939470624259955,0.0242857890130607
0,0.0233414037799485,0.00343547993993259,0,4.17739335143089e-05,2.00643495138466e-05,0.00016954066666559,0.000461226251249745,0.0161861769000699,8.48046700387361e-05,0,0.000140741865107495,0.730259787495741,0.000238610297561177,0.000459646332061961,0.00073996411082534,0.016261373616283,1.48675784673054,0.181391467106847,0,0.00254780761140336,0.0137926496237949,0.00975555456906388,0.00513958657227176,0.0397889336211828,0.683602006258755,0.0827320589617899,0.00087143983603938,0.00124726031683942,0.000574413550436184,0.172698339452454,0,0.000351398859149164,1.18803999914059,0.00765422019700192,0.0796251455538843,0.146962131304012,0.240266034555484,0.0535627056325403,0.000802145613082927,0.000470682458516794,0.0599075723999958,0.00183132384861603,0.0512895404337148,0.00929152202304058,0.000896514032134094,0.00175268557571829,0.000340024046917516,0.0288679591733778,0,0.00606261803171176,9.87092400843682e-05,0,0.000123975124207234,0.000833386412550581,0.000168563213034734,0.000896431882468536,0.00705679913362066,0,0.0897713660440679,3.68798743064105e-05,0.247473576493043,0.000657831064276477,0.000106726910198241,9.3186438084921e-05,9.29995828194615e-05,0.00911678018312815,0.000575555850916588,0,0,0.00353783131460397,0,0.00563668948345483,0.0247493213006178,0.0553416385793981,0.0884677636368039,0.000173810324903107,0.000446416374077061,9.85576614314914e-05,0.110154412237974,0.000976762326783011,0,0.0143438926632238,0.00533354105297537
0.00128410706810574,7.39363506831081e-05,0.000899380289301284,0.18461831091772,0.0310790910430339,0.53719926474723,0.0532294496781448,0.33173445963851,0.031966984160196,0.85075443979177,0.000140741865107495,0,0.0110135770268344,0.179892718459234,0.639381535246412,0.000225345325772542,0.00146952861092407,0.000111427140580916,4.81125033014774e-05,0.774486756783521,0.00144309154289844,0.000422105929693955,0.00504377094702557,0.144630365681911,0,0.000754153144072392,0.00131746723842176,0.0792827191256659,0.14419980591797,0.0109124895254612,0,0.0562183656896079,4.43328740607262e-05,0.351019425232868,0.61899272029063,0.227766980742432,0.00181302946193776,0.000915250249761541,0.000792761685549168,0.31718738648779,0.0490862427680462,0.000901232960271224,0.0116853574299137,0.000565136213790792,0.00146129423301475,0.000461196270965463,0.107261068284532,0.00965444970405611,0,0.000282635055624217,0,0.00039032716234068,0.030722821270106,0.00495881050981795,0.022991242759596,0.0488207291704388,0.0081947481127324,0.0120965551060826,0.0512915713620858,0.00357606260128051,0.0668769626779334,7.07199919797895e-05,0.00552628759303882,0.0235377014698109,0.000802147182635768,0,0.000223887713077191,8.81689846479714e-05,0.0258704596169007,0.00231000312591974,0.000316856892198116,0.00262528759628247,0.0468438146334802,0,0.000508935463424477,0.00074705193221097,0.092229604954552,0.0036210245010173,0.000961108813134408,0.000140498880077434,0.000920458223187325,8.48108679473874e-05,0.00510717568211314,0.112893285058889
0.000190092555792397,0.152895967353744,0.003050202286408,0.00226694448603095,0.00299995725904036,0.0171880496467671,0.0178246857323172,0.0049734857795841,0.109055287455074,0.0142670789133734,0.730259787495741,0.0110135770268344,0,0.00425158919117467,0.00724600872103809,0.0236095708508098,0.00125619241756248,0.0295473932873433,0.00115636719620875,0.00341850865892151,0.0441596881459188,0.093859324248926,0.0607574856728462,0.0623931906559023,0.548866346134158,0.126729000940379,0.243989662769643,0.0805400121501798,0.0083036863823508,0.0284347308648253,0.274147578632353,0.00835663889019046,0.000520902991734839,0.333962846056963,0.00311389643608868,0.0896079769641701,0.151277812128649,0.0568828181917693,0.00273225139763062,0.104052855025704,0.0109883820627741,0.198356281857714,0.0304979428936033,0.09497403038802,0.0160392498907903,0.00245770636668109,0.131679980336039,0.0127297027892711,0.0680800949126814,0.000709192656933148,0.0119591694194605,0.00114620306403449,0.000488796332018107,0.000652422905336475,0.00747845131288918,0.0350624390330017,0.00823856638334409,0.0146913342617272,0.00848399346789154,0.235297482499168,0.00401941061271152,0.592260712521039,0.00893701566280278,0.00449207422287354,0.00921128303255488,0.000407202543673307,0.0109654084594706,0.000952890061401148,0.00296004580437617,0.0146758967258495,0.00893304602824049,0.0120469296669984,0.0282540441738052,0.0949014079008933,0.0839581545137955,0.188694709300218,0.0576670755016447,0.00587744476295155,0.00615905200237444,0.20124898255,0.00319831613861752,0.000368731697607028,0.0401957185506472,0.00361448017927852
1.34664036835247,0,0.0810158458473505,0.00266673743356112,0.000345564037345609,0.0474863405682614,2.60378269105369,0.777207564359697,0.00253940944153001,0.39919248732155,0.000238610297561177,0.179892718459234,0.00425158919117467,0,0.00652198043349025,0.000218554273977623,0.247703625153627,0.00226111252044855,0.0265990185866233,0.0198470039671107,0.0804398942747491,0,0.252640127222947,0.00504017004422663,0,0.0611543526946504,0.00723974329971341,0.073832594605185,0.994580007064441,1.4245957878809,0,0.0692419052086315,0.00489892099454483,0.153468887155269,0.00481208297610367,0.086905062189978,0.00575949195458483,0.00938344858288686,0.00315235407327278,0.0123395767085498,0.00473507538647768,0.000358707376089484,0.00349799545033452,0,0.000408953996735758,0.000217638217238686,0.00511506998719895,0.00110686369312943,0,6.37079507952902e-05,0,0.000409545376869497,0.000522887247809574,0.000169266212101111,0.000161974111588448,0.0158520706075729,0.000273659242854589,0.00344393720164526,0.00127055989619188,0.000787442710061515,0.000853443248286475,0,0.00027901694797107,0.00022777492056455,0.00117127528723779,0,0,0,0.000387862526369014,0.00111718279309566,0.00025614687857801,0.00143160678714056,0.00806885629987513,0,3.11964577748954e-05,0.00102230309768244,0.0197137148918754,0.000445941469364453,0.000472492207691777,0,2.47777112135857e-05,8.97586350633561e-05,0.00110899197210268,0.000352220395956099
0.000191382722750708,0.00474997852246491,0.0107661884447284,0.0222535806498673,0.133041299849617,0.201064020517501,0.155382154028687,0.0224641559158325,0.0496255642688879,0.182880074324225,0.000459646332061961,0.639381535246412,0.00724600872103809,0.00652198043349025,0,0.00274087931171328,0.0167177679078655,0.000484470653519675,0.00274210107993146,0.0239640674159429,0.0818953802853185,0.00914373480207704,0.0720511891828044,0.246755802557822,0.00140324388143184,0.00437363088909334,0.0275034574662465,0.169492885943858,0.0102132166979779,0.175954407054167,0,0.00300885227634002,0.00109304893800741,0.04499880310147,0.130185962921127,0.0757367312975737,0.00538034748938327,0.0031146011653133,0.00253014214637266,0.21777490018175,0.0105747651307862,0.000828582617231404,0.0135625753119717,0.0330814437444401,0.0031517655794737,0.0111363355924614,0.0722382082475278,0.00735047321024717,3.61425640849531e-05,0.00016302552765924,0,0.00663661145300437,0.0127494031266305,0.00275470182334643,0.0121056948914974,0.0314829321319692,0.00479191726632754,0.00798705281379583,0.0269787007149253,0.00420651256625066,0.0265138418102827,3.22911405772567e-05,0.00384037203977509,0.0125943808145986,0.00221796265668872,0.00186273321623351,0.00219477223243596,0.00412492141876977,0.0131762187496508,0.00744591823486716,0.000937657662429323,0.0148726631334663,0.0263456555673386,0,0.0173787432153675,0.0215197062854275,0.0491400005495703,0.00420112766041847,0.00340673036210661,0.000281976578931681,0.000492214506015512,6.51647221373169e-05,0.00443311270754141,0.223588754905651
4.9073879966104e-05,0.0246812495439656,0.00284664748063562,0,0.00202262455675573,0.000277974662682664,0.00318434630802491,6.68442714291366e-05,0.0355737522558231,0.000303353696964717,0.00073996411082534,0.000225345325772542,0.0236095708508098,0.000218554273977623,0.00274087931171328,0,0.00190566828303723,0.00014447754686876,0.000698746534515726,3.93352207153439e-05,0.535258931066512,0.538336945334632,0.318616824096331,0.329295697548285,0.00502564943746719,0.00270840703378806,0.580449967761752,0.139037614663964,0.00128674127601103,0.00168753591581304,0.000133278194218936,8.84170944505574e-05,0.000528964123861855,0.0360354681363812,0.0186905254202533,0.211664125956591,0.0531303707353645,0.0262033165307376,0.014181012881321,0.00207385738585259,0.00282641375446973,0.00170687197638413,0.0179075399537194,0.00495485818596346,0.0051534301889154,0.00202295495127842,0.0115167601940836,0.00140648854501304,0.000128376081014902,0.000330565052781647,0.00248260448449814,0.0158533340027049,5.25040208913744e-05,7.46447939077615e-05,0.000220268919200942,0.0060505170914101,0.00119635986063185,0.00519326900795932,0.00105606031376495,0.00367698826533051,0.000231646020059636,0.000232797792608917,0.00104022550946321,0.00057447405669812,0.541162034530685,0.000729052229078187,0,0.000213024412640524,0.000235307555049759,0.124288088732497,0.152037448596817,0.560236374814069,0.0455906064213306,7.59304438390073e-05,0.00153969172008147,0.105974737528716,0.0492241494987593,0.00232042453883032,0.00327450260390047,9.59846277606311e-05,8.12490579644946e-05,0.000256421920812273,0.00575713905799986,0.00752490065230049
0.0263501233834471,0.0020762182086794,1.01615150632317,0,0.00258633367835364,0.00606871800117898,0.0115795527159611,0.201901997290823,0.000458380310666507,0.00239205234192146,0.016261373616283,0.00146952861092407,0.00125619241756248,0.247703625153627,0.0167177679078655,0.00190566828303723,0,0.0411969938580067,0.73622676439451,0,0.2044874713406,0.00298361514423509,0.952562177870993,0.00169082792878825,0,1.17434295311735,1.0878114569043,0.00765653976796503,0.426911177288434,0.250474639779467,3.50061056262195e-05,0.00191122765379276,0.0632280158976156,1.71015433121633,0.0438365038314088,0.479820228215057,0.42829400125732,0.230588725458644,0.0746237201039895,0.0089790538141119,0.0149801675180131,0.000547464516175276,0.0040199720965138,0.00543373463195483,0.00239473130033326,0.00141585037287782,0.000571191590619304,0.000198496558562112,0,3.44606933149814e-05,0.00472838112681626,0.0649633108443056,0,0.000395256906974924,6.39727106333974e-05,0.00103251736611952,0.000323852168368223,0.000248052656262016,0,0.000171496694515025,6.06220474837363e-05,0.000232949955281454,0.000349961075746363,0.000416547321814108,0.00253496471792393,0.0023685414295795,0.000157037294841123,0.000655601888606554,0,0.00045181621803714,0.00218061992125014,0.00668222633417367,0.00316534975633334,4.40155944295466e-05,0.0181497570253021,0.194355087515401,0.0016031519479872,0.000312275942356005,0.000341779801649782,7.60977983229755e-05,0,0,0.00197644599623519,0.0254656132731735
0.000131732076994092,0.00133802567586901,0.0224797537961333,3.88141182224929e-05,6.30807593059658e-05,0.000165730179286003,0.0006885212682584,0.00445826759416506,0.000723429139952587,0.000175529492628676,1.48675784673054,0.000111427140580916,0.0295473932873433,0.00226111252044855,0.000484470653519675,0.00014447754686876,0.0411969938580067,0,0.424309819902322,0,0.00755784367379818,0.000794214078568797,0.032125796951459,0.000150729459088611,0.00228240302289069,0.457297068831205,0.0814405516236052,0.000428445382810861,0.00395514244653165,0.00186768651328564,0.0122371617359624,0,0.00072684304330622,0.570107208432688,0.0151116188348554,0.206607334627036,0.238152417598405,0.269244735850882,0.113360933991533,0.000589910946504107,0.000897038476314438,0.0152861274410411,0.000950493629800574,0.00442891916714139,0.000965249392076491,0.000675069183870645,0.000100255884751969,0.000189613429712677,0.0012343550172091,0,0.000191606520909846,0.000656828848211998,0,0.00010332095498718,0.000102517416936171,0,4.34167753453761e-05,0.000137735872111112,0,0.00507531667228351,0,0.00973619718995012,3.42998323996186e-05,0.000358870032865304,2.07486836768717e-05,3.37713384079337e-05,0.0010273348066743,0.000606706348169229,0,0,0.000107781481800264,0.000215832099935969,7.51115789220215e-05,0.0011733120393798,0.0304754793621213,0.0345218341909315,6.67428436395823e-05,3.70594494017839e-05,3.38725563154221e-05,0.00926002623146366,4.59262257007122e-05,0,0.000965149563040758,0.0147857455843227
0.00298567843824562,0.00204199194815656,0.155444549855209,0,0.000295163974658728,0.00140533249269468,0.00272090912259434,0.0316537852295176,0.00057450043613618,0.000710593813177898,0.181391467106847,4.81125033014774e-05,0.00115636719620875,0.0265990185866233,0.00274210107993146,0.000698746534515726,0.73622676439451,0.424309819902322,0,0,0.0506850007400858,0.00127564017736891,0.150746508387349,0.000939817677395959,0.00068836754150821,1.49635927459632,0.39897679471836,0.00190070614173735,0.0461467069110599,0.0186022005972591,0.000374976313231242,0.000306005873512412,0.00736685605129853,1.4729060006111,0.0344523670251529,0.489528363811467,0.317996364028569,0.217919835287947,0.15159903523761,0.00254891067488785,0.00299223196741938,0.00104864269647677,0.00338998617349057,0.00378202065525794,0.00110545322907133,0.00206787133763302,0.000195115276356664,2.67257343435436e-05,0,0,0.00221440884047493,0.0135353866307181,0,0.000677169059412697,1.72944318649113e-05,0.000233141783839339,0,0.000193626416784391,0,0.0002039463836548,0,0.000732062140481487,0,0.000516722699455816,0.000433500865053046,0.000776789512522938,0.000487906749620425,0.00109404121113716,0,0.000178135556261486,0.000716334815873043,0.000895030488965793,0.000535724399645704,0.000708917134707725,0.0455362028637166,0.101578611404999,0.00011156709724254,0,0.000187691932025695,0.000462996440392944,0,0,0.0010941616998684,0.0303771604077758
0.000337102720346418,0,0.00026727546629554,1.08512008924457,0.00201638260937134,0.0177974643696884,0.01525426749678,0.0221432812147504,0.0324279686017552,0.841846759232131,0,0.774486756783521,0.00341850865892151,0.0198470039671107,0.0239640674159429,3.93352207153439e-05,0,0,0,0,0.000388351170144147,0,0.0015347252807619,0.0594243474476376,0,0.000154303089994454,0.000292356873208004,0.309941387654935,0.0226286967664549,0.00164180618170219,0,0.00694432302711396,4.50217252508164e-05,0.0569875124105872,0.00448210786895747,0.0741949771795869,0.000811194068773072,0.000396320895893979,0.000285541655774551,0.0292117058492172,0.013893090451148,0.000105232305332554,0.00857115714847109,0.000367988890300512,0.000999104759963266,0.000289436158032489,0.0494202868697496,0.00614086456794674,3.89595354679465e-05,0.000179650696718502,0,0.000398002124242324,0.0308011225435837,0.00350753364483666,0.0110178001168042,0.0516815953634706,0.00515386404252103,0.0208878827281155,0.0470910394254473,0.00132404910897462,0.0384045570241658,0,0.00413794358985955,0.0139196788952447,0.000333990222239554,4.37364111308753e-05,0,0,0.02357997562164,0.00248540292968245,0,0.00197464584505833,0.0525519479830339,0,4.27633723236442e-05,0.000217751011510891,0.108719129753366,0.00283652230987299,0.000713330142396086,0,0.000401732363670373,0.000182830917380238,0.00461334590364468,0.000571919708006287
0.00884632354166371,0.00116937938421245,0.0791356572534712,0.000142873774127948,0.0358269190372015,0.00904074754406124,0.213130983299912,0.105226580813813,0.0301884276906622,0.00547450480722774,0.00254780761140336,0.00144309154289844,0.0441596881459188,0.0804398942747491,0.0818953802853185,0.535258931066512,0.2044874713406,0.00755784367379818,0.0506850007400858,0.000388351170144147,0,0.0525077518188506,1.41530432833792,0.163169912777698,0.000227812535080838,0.0320634050196173,0.10879632826632,0.814064425709921,0.0997816564436322,1.56592223301803,0.000118792446133018,0.00141339524273866,0.0281386688759851,1.55725479524604,0.280331353506495,1.50583526510414,0.144817210810979,0.385507474180249,0.225578760876606,0.0223718580682244,0.0552368133959963,0.0051472683307022,0.0313440343472675,0.00458019282122526,0.00298890468148171,0.00253405739045386,0.034311660405632,0.00528525676941594,0.000163805635571477,0.000530089347242361,0.000370809676061916,0.00409916364043734,0.000511405249719527,0.00120096071094391,0.000992372913161477,0.0187468701387663,0.00166749885096773,0.010599185916559,0.00186718557954677,0.00955125659097268,0.00144190278730413,3.14506231313407e-05,0.00209533715081622,0.00258635610470862,0.1651489510109,0.00024705555036957,2.88467751231193e-05,0.000116411960094249,0.000302208992878395,0.174525271223186,0.0839938065542919,0.166575148244754,0.0599871669010599,0,0.00112355422858925,0.0253936226332676,0.120405626337355,0.00814263861354758,0.0102056054927726,0,0.000266865389590359,0.00080667015757616,0.00664572158847093,0.0649244825143301
0,0.240949079394729,0.00318709663911446,0.000224468106341058,0.000523693945041937,0.000161334201245946,0.000310222512802553,2.81447889658421e-05,0.417740076932011,6.953024902724e-05,0.0137926496237949,0.000422105929693955,0.093859324248926,0,0.00914373480207704,0.538336945334632,0.00298361514423509,0.000794214078568797,0.00127564017736891,0,0.0525077518188506,0,0.140764785566834,0.998423305639516,0.108151338978585,0.00702301587391144,1.29763606192585,0.0886455199708493,0.000142566525034445,0.000316916615508693,0.00401649403677535,0,0,0.0106115043585578,0.000999437225930692,0.0135486708331791,0.0105699356130511,0.00569464484241482,0.000736541943593503,0.0174736272544269,0.000153128589955056,0.0136610220534691,0.00674480677296141,0.00615044990378587,0.00339484170930157,0.000810554079952923,0.00100835001020347,0.000521814299663907,0.00142411008629005,0.000150983113427853,0.017691781182927,0.0135036779384239,0,0.000221159112994206,2.20533762991876e-05,0.00163648172190492,0.000197008914480758,0.00133858464291157,0.000101877676324383,0.0064138000918124,0,0.0150106950341932,5.69502246222735e-05,0.000127251740964132,0.265594527317988,0.000888149082029083,0.000456985450883725,0.000296088685839015,5.29180798806191e-05,0.0277980997160664,0.217704260171263,0.201915798924666,0.0308501480375209,0.002962815481117,0.0156901777531949,0.268821985384314,0.0115977419425991,0.000515357464070335,0.000567700634996715,0.00989564074982286,0,0,0.00318171615175602,0.00135779221550713
0.0246171964594514,0.00200584818865637,2.87836749976302,0.000151930052031425,0.0554815528831709,0.022909880095207,0.269266440430564,0.390056470629477,0.0299111931341952,0.0134902479153788,0.00975555456906388,0.00504377094702557,0.0607574856728462,0.252640127222947,0.0720511891828044,0.318616824096331,0.952562177870993,0.032125796951459,0.150746508387349,0.0015347252807619,1.41530432833792,0.140764785566834,0,0.197572162732366,0.000368146517207003,0.360660942573458,1.09022980245561,0.376610081835972,0.18335472809271,1.07977052367033,0.000271734967424095,0.00339336497361245,0.0285154938943277,3.16238831289965,0.49322930709594,3.86354115309385,0.970056850938222,1.41546778578827,0.602437184249603,0.0441235944624544,0.1013927820157,0.0133609205849652,0.0448132335662445,0.0196920415992217,0.011373523203528,0.00931998701173587,0.0317517226949203,0.00576908902556905,0.000162200269552028,0.000322244822157112,0.00137070844543041,0.0746162346254417,3.18990151764035e-05,0.00401673013037341,0.00160080566177476,0.0222698617181924,0.00233145565731656,0.00808451959585302,0.00192795581836935,0.00931292476858632,0.00145752250263992,0,0.00328637034697657,0.00642409105663146,0.710615340980304,0.00256977567155539,0.000309573048263409,0.000771773573886984,0.000768735578438239,0.137162066875554,0.166360563924724,1.03877745852756,0.0525314158392469,0,0.00478435166393247,0.343637611375867,0.0787547504779166,0.0037369345327142,0.00718602531730422,0.000127857632161385,0.000368317094749474,0.000406806675071439,0.0101527601324651,0.249252406134122
0.000428609514236325,0.219652316727221,0.00110783303983737,0.227967272551881,0.0362691224449246,0.0145624520218226,0.112557567981765,0.00330802957205671,2.66100255136465,0.0595829565510934,0.00513958657227176,0.144630365681911,0.0623931906559023,0.00504017004422663,0.246755802557822,0.329295697548285,0.00169082792878825,0.000150729459088611,0.000939817677395959,0.0594243474476376,0.163169912777698,0.998423305639516,0.197572162732366,0,0.0668259934753113,0.0052503939402381,0.803862842801303,0.91329079258516,0.0212398125542146,0.00238956611729801,0.0010416546603254,0.00192804740360255,0.00267735889510631,0.052587319272504,0.0164580266894095,0.108519942952918,0.00897905135392912,0.00509667520389084,0.00333748345021787,0.232309426434755,0.00897049143616056,0.00518528649035385,0.0877239021382984,0.00716424419089527,0.00863054444151195,0.00429507910950739,0.0693046237370427,0.0236010672398368,0.000982200252475111,0.00211389664226921,0.00464185668130649,0.00971128244764839,0.037726498309353,0.00345657687818341,0.0113336816906934,0.210894372159949,0.0135897643783133,0.23119877199411,0.0700184684719376,0.0131842075272169,0.0298589976636661,0.00501026183892059,0.0151630497670714,0.0211242698161326,0.0886162001105995,0.000979743604797367,0.000184310938179955,0.000504871777971009,0.0333033638423528,0.083947995913382,0.0704936861515571,0.0811278547563789,0.33612572809292,0.00162175983094428,0.00952483994538459,0.0847396751367405,0.534742214749296,0.0323434600369848,0.0202230550882252,0.00431656835749027,0.000963179779703243,0.00228325103038875,0.0253818739991762,0.00817096872655231
0,0.202858707621021,9.76328005961656e-05,4.15076095985472e-05,0,0,0,0,0.135474673754374,0,0.0397889336211828,0,0.548866346134158,0,0.00140324388143184,0.00502564943746719,0,0.00228240302289069,0.00068836754150821,0,0.000227812535080838,0.108151338978585,0.000368146517207003,0.0668259934753113,0,0.0932452474321055,0.917227327176109,0.00437682862851985,0,2.90962646721542e-05,0.0385028974485341,0,0,0.0211869208610723,4.37531505944073e-05,0.00194762045205181,0.0143758090767108,0.0090474039729366,0.000274387212411594,0.00469130641807577,0,0.0783270203750103,0.00177496005821099,0.0113629112012762,0.00248040877315479,0.000749180238560138,0.00115642419105247,7.99644099919796e-05,0.00497780664539551,3.30589804264903e-05,0.00863186025970884,0.000107525677538646,0,0,0.000395677123721468,0,0.000109000626492619,0.00734216248819276,2.8215364091745e-05,0.0266369257058868,0.000120125416257292,0.155128953664353,0.000449295819138223,0.0001166594420757,0.00014143733762049,0.000156177055781281,0.00298779247991458,0.00021064157592262,0,6.90743632799031e-05,0.00556909697881151,0.000129928266569036,0.00547697150186871,0.164519883498945,0.0529501433520818,0.239658339500355,0.000299493418258911,0.000316908756794131,0,0.0608223762835306,0.000290700292314413,0,0.00549464712884151,3.49264161434829e-05
0.00491765657157571,0.0305340483049125,2.0445639904577,3.67440057824135e-05,0.00082364781900203,0.00219897036925321,0.00935854785158181,0.0820003277231983,0.010205167897791,0.00118144381415999,0.683602006258755,0.000754153144072392,0.126729000940379,0.0611543526946504,0.00437363088909334,0.00270840703378806,1.17434295311735,0.457297068831205,1.49635927459632,0.000154303089994454,0.0320634050196173,0.00702301587391144,0.360660942573458,0.0052503939402381,0.0932452474321055,0,2.1658861526619,0.00645672735282837,0.0528361276848835,0.0315444630655255,0.0585131653091035,0.000461193008668138,0.00517514566421419,1.04457174950535,0.068734254360328,1.1940917371908,1.78586360922064,0.48178840871061,0.240920082168841,0.00435178947542986,0.00494758180470498,0.0319708871800156,0.0378225641541727,0.0907198470855404,0.0242393038805444,0.0144952764615906,0.00322809384473032,0.000940325823777642,0.00695895114733032,0.000208906099448019,0.0551514302216322,0.149812259273543,0,0.000704841920341138,0.00045984951797719,0.0023350775610975,0.000676453704680363,0.00913345533332,0.00031820828449257,0.0475338397979921,8.59180122692643e-05,0.133460975344991,0.00190454594142874,0.00166590108450412,0.00462431882639677,0.011558890348565,0.0366801897551298,0.0253748044119795,0,0.0013183381650414,0.0115426077672639,0.0066769450407296,0.0171621949667975,0.0494495095272268,1.28850007179207,2.52827368720319,0.00235613733562221,0.000947205710438175,0.00125789357558176,0.165582034071938,0.00138987333166394,0,0.0353175883475968,0.0601367372490272
