0,0,0.0111242451374614,0.000210135950171578,0.000391252294156908,0.00330871340836539,1.52232186142428,0.276569811607853,0.000718877153823555,0.00653340100453978,0.00504807604758284,0.00514331549949435,0.00124044254960522,1.13607277052891,0.000856741490837413,0.000146936353120172,0.0472420208107382,0.00220806984459695,0.0102154974409878,0.000961648620156573,0.021563367771396,0,0.0353922565417819,0.000434756745244837,0,0.00724774294273802,0.00384890532635044,0.00422597914949573,1.13364522387869,0.501294435262268,0.000179535162657594,0.00268306209081681,0.00171233676569403,0.0219154878659262,0.00254488173410807,0.0282560692031541,0.00240150856231558,0.0128537575964387,0.00319078188521492,0.00070425400858134,0.00183312267961282,0.000731836579085541,0.0012019884579424,0.000179137629341245,0.000252448340108817,0.000212258863027048,0.000616416805112845,0,0,0,0,7.38531387907505e-05,0,0,4.24979021557093e-05,0.000907134865341578,0.000206359541363335,0.00019942555337776,0.000315418669258189,0.000212325963135254,0,7.72423960071802e-05,0.000243211782867599,0,4.38886563726008e-05,0,0,0,0,4.54526881427169e-05,4.80713743397832e-05,0.00013126084005869,0.00141219362136308,0,0,0.000384262894045156,0.00354772685074159,0.000141640811529219,3.62345840883255e-05,0,0,0,0,0.000275083280323416
0,0,0.0105361769453376,5.32165412503242e-05,4.79071959081649e-05,0.000132592946730947,0.00027948464003762,0,0.112772181932118,0.000360613838066709,0.031966795568415,0.00100294156679689,0.250432258652393,0.000179761757594097,0.0023962676443654,0.0677651878654252,0.00563433478396849,0.00210046871558285,0.00412970225053716,8.41958096449196e-05,0.0084571256854208,0.456253725401839,0.0187538271858706,0.246508334818961,0.211362564261472,0.0233366902537244,2.06372155194917,0.0239941023285816,0.000907382089684629,0.000224222357626975,0.00560837512932466,0,0,0.00494581713323927,0.000706269161764407,0.0237729016257608,0.0120199353867954,0.00946377722061717,0.00856089580038388,0.00311090534606839,0,0.0217525377841854,0.0332629566601404,0.0136495123456106,0.0116524048022906,0.0113582223237882,0.000571556298422539,0,0.00313316828938072,4.15267562183022e-05,0.216856121788387,0.0277166274554427,0.000173481413498474,0,0,0.00228090284359534,6.44368357876778e-05,0.00346633758919872,0.000511130414312518,0.00245869105900962,0.000458633497411072,0.00474023243385793,0.000734452308462328,0,0.0148152732685242,0.021641636423214,0.00253023921052282,0.0108586026268432,0,0.00547563160816367,0.0122205505570191,0.0257567485949586,0.00982451246441041,0.0102266905248937,0.0791550190579494,0.56744560394267,0.00740933641168006,0.000278526740655065,0.00118156361078653,0.00175054908144797,0,0,0.0081552489744439,0.00158037272018094
0.0111242451374614,0.0105361769453376,0,0,0.000935507138149416,0.0020999135088395,0.235613750104711,0.0315463020537349,0.000583624832420212,0.00214219995497853,0.00425382770766741,0.00168899836508142,0.000627625017425466,0.0362965184738066,0.0022673825791759,0.00579661822757979,1.82476713146945,0.0128081670626487,0.300662487514663,0.000269524852440924,0.300706519441462,0.00239283165099056,3.71331856530267,0.00814118284157663,0.000142587156972265,2.83542037723931,2.88090544044832,0.148187318572626,0.0203694630340648,0.178961872926569,5.8645484059143e-05,0.00209889498018565,0.00272719790319707,0.102449984088422,0.0211457944413349,0.53787867243198,0.41611440115133,0.232800569292321,0.148126272489549,0.00293079830545764,0.0038811639359738,0.000669935888214153,0.156127218596588,0.025480869809079,0.0565376021640811,0.0511204386465295,0.00178933896013486,0.000367806890817881,0.000200326610847264,0.000283790374869847,0.0219103523921296,0.285030509526414,0,0.00338814701057749,0.00010365632074902,0.0134112715453421,8.19464105886102e-05,0.000790565471759408,0,0.00164948631523779,0,0,0.00102728718655433,0.00111063097200897,0.0542462566092314,0.0419766372674862,0.00300613764725218,0.0138258902287154,0,0.031467982959877,0.00936426455101165,0.316916077956399,0.01682490937714,0,0.0330102499254786,0.872852906623575,0.0321736161319397,0.000667728872876799,0.00372087617521257,0,0,0,0.0266516851626307,0.0346275750694914
0.000210135950171578,5.32165412503242e-05,0,0,0.0115111329519949,0.0286022301694025,0.0047695291453559,0.020606060996075,0.133675837600952,0.342873262864179,0.00137158916966774,1.06652086511508,0.00039024596337232,0.00323579702440684,0.0750970103162105,0.000150727306855905,0.000122384152814173,0.000450148697927386,3.95923176581502e-05,1.52123498808795,6.59726844610333e-05,0.000192278958186817,0.00010129841295917,0.21291388049012,0,0.000399694857105583,0.000155993432684577,0.561678142791079,0.00144299278129253,0.000309468950235492,6.55795614063978e-05,0.0012143780185173,0,0.00359923334586569,0.000304384047264671,0.0319249735717206,0.000605555442274558,0.00198007471570775,0.000863160072194737,0.0706704624855907,0.0013794911811885,0.000942181751231803,0.0126043409117593,0,0.00327806634464282,0.0006548591641128,0.0513682178020857,0.00172860838686526,0.000319088091109729,0.000204396785663903,0,0,0.119550994104952,0.00415460943223034,0.0234621201732285,0.0167954568845799,0.0166159851844846,0.0140890044293339,0.156285022717676,0.0026836071444964,0.084899075552499,0.000139763285845804,0.00517507222501421,0.0191179447376955,3.83399610283255e-05,0,4.36709792060614e-05,0,0.0469918002310178,3.50611443346858e-05,0,0.000104590265944886,0.0518611066117447,0,0.000202524553345859,0,0.112583510951743,0.00239809205241518,3.74108886722803e-05,0,4.91102616868615e-05,0,0.00437432156396285,0.000119815214789772
0.000391252294156908,4.79071959081649e-05,0.000935507138149416,0.0115111329519949,0,0.42790605977539,0.0485131918956348,0.0244296357240683,0.00755837073260568,0.0516352519789355,0.00220118351529771,0.175816097241749,0.000790576266124642,0.00542302887389221,0.643717527142435,0.000720134819588459,0.00317770233945762,0.000935987756801473,0.0017897246477721,0.00990028325753529,0.0160667192187291,0.000147637563706493,0.0151953591716346,0.0162302504825509,0,0.00112376968308299,0.00377652678931485,0.031036310893077,0.00643861111284012,0.0245429949412398,0,0.0719551140137654,0.000787546752747249,0.618366667412155,0.169775185179636,0.325851246506543,0.00384072361540095,0.0068672192488747,0.00817680950341551,1.59486278777079,0.508194131305192,0.0037642607765185,0.00430172119969918,0.00567999866529942,0.00142880129238683,0.0155112601074794,0.00336347615635904,3.63936689042091e-05,4.7275745254159e-05,0,0.000177042781309724,0.00180957579294523,0.000586704937649656,0.000251777578200662,0.000484941843956804,0.00273339449962924,0.000297619941088497,0.00113585815787662,0.000950243725415543,0.01218120306408,0.0009503580006057,0,0.000507474346775502,0.000196910111459994,0.0011105973825306,5.42704203332901e-05,0.000401611709812855,0.000233323108769834,8.20107615110278e-05,0.0036366723203882,0.000585065708026195,0.00612155762684847,0.00471176578723163,0,0.00165684381450562,0.00507325804009521,0.00768452694704521,0.000707692601329738,0.00148975226046935,6.74687041081547e-05,0,0,0.000303648453457999,0.107978430373106
0.00330871340836539,0.000132592946730947,0.0020999135088395,0.0286022301694025,0.42790605977539,0,0.383953442588784,0.826470574012942,0.0102813664737854,1.87491150553038,0.0108276569242725,0.83282730906649,0.00266133977515266,0.110774241523489,0.415069320905816,0,0.00576333211371036,0.0021673085289863,0.0023754073140905,0.0674067526519646,0.00481086976382398,9.81031021267894e-05,0.00627019066389549,0.0120064130039785,0.000140240918766451,0.00303862513316316,0.00133647819831185,0.0656030275889557,0.0195732903455742,0.0239782483444764,0.000306798268682349,0.0284922852464873,0.000708254087045222,0.0393188376630288,0.226185412467257,0.335416451091652,0.00555118810146782,0.0214051050277703,0.0182286355246721,0.289795837957937,0.0444746995186779,0.00705579126644599,0.029047847570477,0.00055491585006038,0.00791602443612602,0.00317851483424612,0.0155507956357901,0.00308396583797998,0.000438656714973056,0,0,0,0.00221885639856803,0.000821709575656795,0.00239257942239345,0.0339453000601139,0.00865493195785591,0.00762723589693679,0.0105527388474117,0.0301612960321372,0.00309863224478823,5.06445018499851e-05,0.00422094985577244,0.00317121007676722,0.000932337547711041,0,0,8.9098052086163e-05,0.00216304632117686,0.000330870680874253,0.000828301865606034,0.000130196539826918,0.0454627368767241,0,0.000137208051697791,0.000392130206951409,0.0644860948155348,0.0014601207055015,0.000777116885920113,0,0,0.000124379662197447,0.00516544361443022,0.0132497707917709
1.52232186142428,0.00027948464003762,0.235613750104711,0.0047695291453559,0.0485131918956348,0.383953442588784,0,1.92541026189515,0.157440101807994,2.06442040716925,0.159333192379968,0.0462617982419569,0.0392889670419136,2.57336329866803,0.0481824551337505,0.00167887464348358,0.257610181259577,0.0650183613013542,0.127254616486473,0.0244557761284787,0.827175343593733,0.00207045430364039,0.576899431831007,0.343778945526008,0.000233989736386168,0.190300754179022,0.0742141013995676,5.62828532129728,0.564224916212068,1.45673523455521,0.0035008511934965,0.0771773993940621,0.0296670921444625,0.325168131016401,0.157722720656501,1.67006088075984,0.0631076933027819,0.391219051838148,0.159757360580954,0.0742036400406334,0.123900161333843,0.0200358283281066,0.238217475411439,0.00415712763384703,0.0800823187910382,0.0248463521255599,0.0882009016827548,0.0336101056406573,0.00161081959008674,0.000702912190397143,0.000394956367313838,0.00361448992611685,0.0359179466598007,0.00365958709933061,0.0208142668995502,0.234599161436226,0.11201715455426,0.065757703197067,0.150737830302809,0.0607062659807462,0.0124820056765798,0.000795766697354161,0.0512718113838858,0.0125101506343011,0.0108460265421603,9.2621499005866e-05,0,0.000143850696953457,0.0171809676750558,0.00273253020397773,0.00901461506511893,0.0103054034882391,0.414524192811606,0,0.000275493513511402,0.00841685298370423,0.565331619359788,0.0309798833185952,0.00364381908378936,0,0.000145187665952397,0.00155913801177784,0.0585800766687821,0.023874145856631
0.276569811607853,0,0.0315463020537349,0.020606060996075,0.0244296357240683,0.826470574012942,1.92541026189515,0,0.0633118334916395,0.877889578549132,0.0533948031562321,0.80654115470539,0.0122749873004642,2.74890265292286,0.038136826528951,0.00055531303644315,0.159155477057402,0.0107850596624422,0.0334666254424838,0.184251360610665,0.0807490740789295,0.000287493838264728,0.123245973165556,0.0407085836646556,0,0.0248649041648034,0.0115267010181498,0.206502851443153,0.498075684561715,0.658565002909333,0.00122945110244435,0.087342050134002,0.0111178159404622,0.17420163028112,0.0302823491348496,0.707416305666366,0.0176580234716931,0.095866412009697,0.0648504480114805,0.0990737186540669,0.056893308103638,0.0270014925874072,0.233237305551208,0.0025429362909199,0.0622437729729569,0.0135618850106749,0.108592220846342,0.0213033801913893,0.00308003802420372,0.00147363879895779,0,8.02896135102629e-05,0.0073768668480424,0.000927200207832314,0.0114891645842027,0.29069853143216,0.0538080059090494,0.072765706723144,0.0492793344340143,0.0954360613708486,0.00557063582859518,0.000906254886715304,0.0231728607426689,0.00881719444615336,0.00633309712572682,3.50072539853454e-05,0,0,0.00405463826624503,0.000911744563926804,0.00986275142308627,0.000406834384838986,0.442390298150441,0.000139886552397895,0.000130148050602621,0.000471664091365969,0.488417864951066,0.016352245283899,0.00293982015549402,0,0,0.00211114311013295,0.045560168609809,0.00440819785127519
0.000718877153823555,0.112772181932118,0.000583624832420212,0.133675837600952,0.00755837073260568,0.0102813664737854,0.157440101807994,0.0633118334916395,0,0.28962095964792,0.00595788976055811,0.103661532477241,0.0195484221439713,0.0183628769552169,0.114356842309789,0.0401802103202808,0.000399285593754649,0.00202016072247773,0.00128048400957795,0.0481113805965108,0.0145858447625253,0.907614914178886,0.0209517505400394,3.25415529544031,0.0593525930551133,0.00442426519690352,0.315019445836509,0.863287975763804,0.00513343421087657,0.00539409325717161,0.00103539722418024,0.00183137963800056,9.46571948620913e-05,0.0108361136904716,0.00258535528671257,0.0478826625447754,0.00219561929730404,0.00888358415003349,0.00489561183615944,0.0504921937718139,0.00341359945884131,0.00172423354391532,0.055869109921685,0.00200436972784342,0.0197328652366782,0.00776766773167504,0.0274849632384941,0.00642549625082141,6.10651407695651e-05,0.000907376454642248,0.00367548577478878,0.00124266114516493,0.0975530974369402,0.00244507069899595,0.0346746948864996,0.0614856104851274,0.0357074941327378,0.299870131363631,0.276782694091874,0.0154168575960322,0.057347357412595,0.000442426221905697,0.0121964967898788,0.0139307513919635,0.150666742687224,0.000256358941248619,0.00374417272564802,0.000494954336546445,0.0496259321055341,0.0236399606731102,0.169796629740802,0.0279426267674393,0.668272633448201,0.000542388530571592,0.00593981556449805,0.00982609718340934,0.440016200295093,0.0123176583750418,0.0030330955112809,0.000110645034878469,0.000779632296298462,0.00120152240787239,0.013348179014096,0.00445399406674039
0.00653340100453978,0.000360613838066709,0.00214219995497853,0.342873262864179,0.0516352519789355,1.87491150553038,2.06442040716925,0.877889578549132,0.28962095964792,0,0.102502641328061,0.917436057087699,0.0192498601126327,0.303750428638497,0.127333239885761,0.000241094646981883,0.0105603704452336,0.0319841208400084,0.0246643939787834,0.428099158138125,0.00139976574302564,0.000395255466111874,0.00571964562762461,0.160508357888991,4.40980859817743e-05,0.0244242773796146,0.00856455193099972,1.52062149455043,0.0854215351984929,0.0122851579553419,0.00127452202960716,0.032201057093093,0.000482461413419431,0.152417939288659,0.0291318998153272,0.538734091517143,0.0170984922012717,0.118443205798934,0.048830154090786,0.0950496244990052,0.0432900301479751,0.0107936530389948,0.059412202262834,0.00110180908712858,0.0212291382373027,0.00149598780282409,0.194146391554008,0.00362346082685447,0.000445279030446625,0.000157695373180807,0.000152709785203671,0,0.125349147453171,0.0116448181349956,0.0669746897907701,0.11552551476238,0.0465513156807117,0.0480829463461216,0.493422026642909,0.0298419330277052,0.115358045484409,0.000404065815450745,0.015169789654314,0.0631228232785594,0.000188420920112586,0,0,0,0.100119736498092,0.000129837282220549,0.000674723361347717,0,0.263270500906068,4.48524983068466e-05,0,0,0.513126101034044,0.00796816065774938,0.000318418377887166,0,0,0.000202345903578722,0.0197503996251149,0.00231970251789927
0.00504807604758284,0.031966795568415,0.00425382770766741,0.00137158916966774,0.00220118351529771,0.0108276569242725,0.159333192379968,0.0533948031562321,0.00595788976055811,0.102502641328061,0,0.0783781186796092,0.746818287940808,0.118874697386681,0.00851607737515979,0.000668878069332433,0.0257691219179907,1.6326997796845,0.311971227937308,0.0301253340957898,0.0130703079253404,0.00861996464591304,0.0268920984478323,0.00666850890169926,0.0723673473237738,0.608847979555221,0.0707547015646865,0.0287397271563214,0.232370621493295,0.0590418960362268,0.0349734451240485,0.102197782173657,0.00633786721801372,1.17355123777549,0.0146382923885756,0.23131016103039,0.576083468016852,0.473547329153072,0.164960805425709,0.00321257433139954,0.00639950526702404,0.365988182250772,0.00279175712243318,0.267612914552434,0.0042033855259165,0.00204812088550232,0.00186680023706297,0,0.105615117573607,4.68767768943668e-05,0.0130975751962997,0.000568209104274332,0,0.000196897117220473,0.000170084949525416,0.00102597962543281,0.000174069944263446,0.00697201637659462,0,0.162361943612622,0.000258113865335972,0.419237048093807,0,6.19102131468296e-05,0.000865564174716347,0.000249958968146921,0.00304325959281848,0,0,9.6902827586436e-05,0.00372944433600185,0.000522331356789678,0.00524043552327123,0.0593639239084463,0.0850258490537664,0.0640787343453468,0.0016814256881458,0.000537276437995625,9.98651041848185e-05,0.126606808618576,7.25536885558009e-05,6.73942395462393e-05,0.00342856819198121,0.0125783636949172
0.00514331549949435,0.00100294156679689,0.00168899836508142,1.06652086511508,0.175816097241749,0.83282730906649,0.0462617982419569,0.80654115470539,0.103661532477241,0.917436057087699,0.0783781186796092,0,0.0151396212748259,0.173147469569564,1.02241768680281,0,0.00456832520256506,0.0224995927151213,0.0150627885942346,0.936454836076223,0.000804024423553532,0.00309167688359154,0.00411250086314273,0.117810972615213,0.000327447581864118,0.0192453694411764,0.00652369325367541,0.177996393515765,0.0494667779949245,0.0115227973793362,0.00127016530079532,0.0238904620797935,0.000579943953875696,0.104646100567828,1.14093761406909,0.253218216956141,0.0113627216028768,0.0625934074828836,0.0317578735467228,0.404758985599048,0.0268923187427704,0.0115381575271457,0.0213844548919354,0.00161769723816164,0.00841931268496023,0.00379765495756964,0.101274635009483,0.0048704739173531,0.000481462221056068,3.01618613420069e-05,0.000146064135818601,0,0.0288663933236985,0.00753859892746257,0.0336715877798197,0.0233910248646548,0.0301975018365081,0.00836627348721956,0.10728843014115,0.0320682528506707,0.118572473744753,0.000173759309923893,0.00776301109455349,0.0258586622841078,0.000259473558484363,0.000135938679552865,0.000524586585381437,9.10493957734588e-05,0.032198792113565,0.000244005714081311,0.000479331128978634,0.000311021648842013,0.0246387089693769,0,0.000338516358417219,4.77266748023272e-05,0.0626759469317453,0.00443743569182433,0.000409507074401635,0,0.0006149040485488,0.000127438438896608,0.00726263917201637,0.110173362599996
0.00124044254960522,0.250432258652393,0.000627625017425466,0.00039024596337232,0.000790576266124642,0.00266133977515266,0.0392889670419136,0.0122749873004642,0.0195484221439713,0.0192498601126327,0.746818287940808,0.0151396212748259,0,0.0257842730540883,0.000725854886979556,0.00333466456050824,0.00116087058923032,0.00285134854192295,0.000708731570153642,0.00615872408241604,0.00642810517294083,0.0749352361106432,0.0158800995725044,0.0278538484356729,0.853425616404574,0.047236060331518,0.234276552056019,0.0113554835170957,0.037339557979786,0.0147379083313715,0.147628317592809,0.0177809138242542,0.00131174709592337,0.196134232921947,0.00447055069910369,0.0529890357498471,0.492289710826691,0.100439840712976,0.0180581202513505,0.00173254526296713,0.00225707218628604,0.622173188202153,0.00687721117513662,0.523372803676035,0.0108172490456751,0.00546295098345704,0.000213054071587121,0.000137233861453473,0.23112973833016,0,0.064417932357284,0.000226201750368512,0,0.00023958187464813,0,0.000487119877198851,0.000133096610183191,0.00542583494627473,0,0.405521386519224,0.00042117659798696,1.27510016610542,0.000675381612620735,0,0.00261585385235,0.000216211784806973,0.00672430244980799,0.000313815741502905,0,0.000379306795422274,0.0113720306403251,0.000208487392765743,0.00329610956373948,0.341755223866758,0.248546339420911,0.327730431257874,0.000880544564298856,0.000517877436638188,0,0.349016263443684,5.02925324770689e-05,0,0.0102175124653849,0.00215245551133656
1.13607277052891,0.000179761757594097,0.0362965184738066,0.00323579702440684,0.00542302887389221,0.110774241523489,2.57336329866803,2.74890265292286,0.0183628769552169,0.303750428638497,0.118874697386681,0.173147469569564,0.0257842730540883,0,0.00665181821104691,0.000558147008067685,0.217060390665948,0.0283985252534011,0.0561317400947663,0.0599140733747295,0.112866062797389,0,0.169227145442732,0.0119437885492098,0.000218786849362993,0.0451333842221247,0.0231833487970908,0.0698989178129062,2.68785713699528,1.1303733743709,0.0021200488951173,0.0552920496718368,0.0196058097441179,0.253986667980046,0.0230704568127174,0.279133942983156,0.0177537893664002,0.109372859457655,0.0399739908060411,0.013925892048385,0.0324913815019819,0.0093065285480745,0.0446499408946855,0.00303343870218294,0.0117079759791164,0.00329180906707865,0.0191690910158894,0.00228914411673253,0.000980624953911145,0.000266219316605097,4.35362244215786e-05,0.000123428575328815,0.00109584191103895,0.000723642817450738,0.00137711075951197,0.061935942671494,0.00661801371270266,0.0176510097809742,0.00590802176965089,0.025764872586148,0.00134508999914017,0.0013525261209163,0.0026865188161013,0.00123562729287417,0.00245869707515329,0,0,2.71497235547185e-05,0.000727434454540491,0.000157732876175088,0.00444508689139343,0.000109529186099016,0.108221502980415,0.000300800649171126,0.000148784641764665,0.000988279010425707,0.102576719776558,0.00247327348423709,0.000714109692449641,0.000125329030167889,0,0.000353893597962058,0.0064711611151308,0.0024888263115974
0.000856741490837413,0.0023962676443654,0.0022673825791759,0.0750970103162105,0.643717527142435,0.415069320905816,0.0481824551337505,0.038136826528951,0.114356842309789,0.127333239885761,0.00851607737515979,1.02241768680281,0.000725854886979556,0.00665181821104691,0,0.000508267166224789,0.00366483269825582,0.00700714809300159,0.00401786218454631,0.0347047515113225,0.0123097435558897,0.0116492577204824,0.0228690436978893,0.271215543326729,0.00108920821246438,0.00815484585865087,0.0222168923529923,0.117786137774428,0.00389894908379648,0.0192080028312163,0.000307374972166204,0.0107041075477226,0.000479180262808984,0.0222159245581179,0.554671334487979,0.0604879013495494,0.0181915358354206,0.0066807229243961,0.0188676934806362,0.819169278550065,0.0282455774270811,0.000668001552157104,0.00575468271264122,0.00714751419171139,0.00250994730463499,0.0223434910233902,0.0098235164075907,0.000912396315451775,0,0,0.000444880908394503,0.00217735005623694,0.00367451096502251,0.000865606303491687,0.00230629653655485,0.00459286073166125,0.00193992473648834,0.0015762325593995,0.00481322374232821,0.00291281252752294,0.006968340925458,0,0.000553836397767353,0.00323199597280132,0.00118897426711227,0.000687815785700011,0.00109689002103702,0.000728311245057428,0.000620950299211693,0.00313728643827786,0.00052938646401875,0.00915180260042643,0.00663274319045869,0,0.00266945185232749,0.0081359657805666,0.0099332589841239,0.00128093882110261,0.00120676434296875,0,0,0,0.000608369446820283,0.176366201430572
0.000146936353120172,0.0677651878654252,0.00579661822757979,0.000150727306855905,0.000720134819588459,0,0.00167887464348358,0.00055531303644315,0.0401802103202808,0.000241094646981883,0.000668878069332433,0,0.00333466456050824,0.000558147008067685,0.000508267166224789,0,0.010849907822156,0.000827437551556533,0.0059128749104775,7.65092465052724e-05,0.680559831304654,0.453359702284463,0.540218337770869,0.481080962039111,0.0110872723260251,0.00471471206808936,1.31089607824787,0.386303899801292,0.00100262841456061,0.00282588005060937,0,0.000396821382362116,0.000122217141091657,0.0210426972014208,0.0101423210697357,0.181938122747954,0.0399825666125105,0.0799438306832183,0.0514896605664017,0.00205956542266138,0.000923658005473037,0.000145793464547801,0.053196653766487,0.00522831769053757,0.012805128757659,0.0156262086615461,0.00283491817235629,0.000148592734929538,0,0.000291343008506405,0.00855703137294956,0.00902987675738387,0,0.00101752024409039,0.000280445046803772,0.0101259365479672,0.000591533404139572,0.0124632484734332,0.000131601618195385,0.00147577281631608,0,0,0.00136774376050145,0.00145543356976438,0.551344982792454,0.00201178348291681,0.000233879992358822,0.000721485124503928,0,0.118493816461618,0.16913101388266,0.422477030971724,0.209264892411391,0.00025956521202817,0.00223660040322214,0.118701879596669,0.186624683182479,0.002571232180518,0.00600906306277513,0,0,0.000378352215563285,0.00575271390400214,0.0099634884948856
0.0472420208107382,0.00563433478396849,1.82476713146945,0.000122384152814173,0.00317770233945762,0.00576333211371036,0.257610181259577,0.159155477057402,0.000399285593754649,0.0105603704452336,0.0257691219179907,0.00456832520256506,0.00116087058923032,0.217060390665948,0.00366483269825582,0.010849907822156,0,0.0229633038062434,0.982618283295215,0.00516464847683383,0.245672037963635,0.00117558341154625,1.92707854020151,0.00789249633643743,0,0.665137321209174,1.02986087142383,0.0786524935136785,0.233548462964097,0.621307947642874,0.000257164326527024,0.0156231380155132,0.0281999482943021,1.11451443246126,0.0266137300481886,0.407851347763193,0.330214227426812,0.531827916983741,0.198943895835727,0.00300435667686353,0.0102057095300686,0.000508108536102158,0.0431133496573123,0.0072497268587575,0.0138638133437914,0.0175722628076249,0.000848985935224581,0.000398153402300978,0.000119128691058314,4.025483200894e-05,0.00941812582626681,0.0777391219285107,0,0.00242280791863728,0,0.00376194440613993,5.96742577667236e-05,0.000813644613113361,0,0.00127043874490647,0.000120426837664056,3.10155019273699e-05,0.000124638240730375,0.000400483224240601,0.0193034970217368,0.0131144839531047,0.00082542621989941,0.00369548404608244,0,0.00945434546330015,0.00307539146918224,0.082043108617625,0.0133824485190812,0,0.0126940350798401,0.249928655408895,0.0181949745595831,0.00024984605177995,0.0016627002662177,0,0,0,0.00744316324518762,0.0267121705905304
0.00220806984459695,0.00210046871558285,0.0128081670626487,0.000450148697927386,0.000935987756801473,0.0021673085289863,0.0650183613013542,0.0107850596624422,0.00202016072247773,0.0319841208400084,1.6326997796845,0.0224995927151213,0.00285134854192295,0.0283985252534011,0.00700714809300159,0.000827437551556533,0.0229633038062434,0,0.108571171027254,0.0138666650983902,0.0121246895341757,0.000143262909993052,0.0318919834500167,0.00124550128274536,0.00122680571813138,0.342925992862624,0.104606363707653,0.00995253431680167,0.0704019916199924,0.0278273690456159,0.000563145403676129,0.0201841387852601,0.0042012957399613,0.294440107241694,0.0187837923490145,0.271134406091405,0.294293123274568,0.346281014531507,0.234110738108543,0.00105776116721674,0.00279666516549874,0.000124736761982083,0.00260436878441269,0.0070415500162262,0.00195027094501371,0.00197090393654754,6.05158450384855e-05,4.67783003234982e-05,0,0,0.00446893408324173,0.00104923241492814,3.29027023267389e-05,0.000596822877021169,0,0,0,0.00197184265733669,0,0.00264026302665958,4.16705023647189e-05,0.0064109914572389,0,0.000438949137927973,0.000226503892720222,0.000728116817697281,0.00228219800184138,0.00119146582055046,0,4.57112903302074e-05,0.000400402372946882,0.00100918225796135,0,0.003124311227538,0.0419969245712476,0.0424946970098356,3.0885777679789e-05,0,0,0.00676333997336349,0,0,0.000539606843414449,0.0181163500248763
0.0102154974409878,0.00412970225053716,0.300662487514663,3.95923176581502e-05,0.0017897246477721,0.0023754073140905,0.127254616486473,0.0334666254424838,0.00128048400957795,0.0246643939787834,0.311971227937308,0.0150627885942346,0.000708731570153642,0.0561317400947663,0.00401786218454631,0.0059128749104775,0.982618283295215,0.108571171027254,0,0.00797433299511384,0.0743411274448263,0.000848854371177715,0.364356756706316,0.00412347341293667,0.00104384716472405,0.675573898743626,0.478450462706356,0.0357333664415965,0.0844062671788648,0.109408758399275,0.00013298370432936,0.0182133770310296,0.00554331185502189,0.659710080821827,0.023748503574352,0.5474666534037,0.331406685206687,0.407229383201033,0.271659958505704,0.00126777509664317,0.00409035878675858,0.000225468390603828,0.0210076781175261,0.00476897273222988,0.00722736652172761,0.0112655297244248,0.000671856835788977,0.0002254922449157,0,4.56536257640481e-05,0.00894081136699154,0.0408670406516616,0,0.00328471287187497,9.16388674643518e-05,0.000282007546283912,0,0.00153291041402272,0,0.000853402389177775,0,0.000153598939171803,8.51496141599238e-05,0.000313941310432387,0.00548596565298748,0.0177828945942169,0.00104436917623173,0.0065666322792491,0,0.00217684018214797,0.00155533039997372,0.0200210067263438,0.00231091768657648,0.000618390234276414,0.0338320556332763,0.14962698832422,0.00460119008650335,7.82490763536334e-05,0.000753711098716258,0.000630815300349229,0,0,0.00470911381906549,0.0286548278889067
0.000961648620156573,8.41958096449196e-05,0.000269524852440924,1.52123498808795,0.00990028325753529,0.0674067526519646,0.0244557761284787,0.184251360610665,0.0481113805965108,0.428099158138125,0.0301253340957898,0.936454836076223,0.00615872408241604,0.0599140733747295,0.0347047515113225,7.65092465052724e-05,0.00516464847683383,0.0138666650983902,0.00797433299511384,0,0.000703306611824417,0,0.00246991479397164,0.0749771099134572,0,0.00883047469035809,0.00293967867492901,0.176915303577971,0.0254819942865171,0.00292618347908898,0.000158343873517614,0.00783978107478513,0,0.0354844663489018,0.00178796626749037,0.0900900596732436,0.00411503795424151,0.024885927188529,0.0125207054839503,0.0338874022363164,0.0101220686564537,0.00354823215950005,0.0108244825897802,0.000285133735857159,0.0039766329028461,0.000397120213075113,0.0388973071691363,0.000832026652274627,0.000374398510554522,7.25385286096931e-05,0,0,0.0224502536559953,0.0014985709730101,0.0119960141745653,0.0179208466108082,0.0102904290911456,0.00540689099561587,0.0882149747122404,0.0106151253504257,0.0218061602009277,0,0.00246987698872462,0.0114903970526022,0,0,0,0,0.0152277381777231,0,3.91480560682476e-05,6.56765713944077e-05,0.0326129755924174,0,0,7.25696291024625e-05,0.0685414797800893,0.00105964464596498,4.55085339358688e-05,0,0,0,0.00276070889836139,0.000125716449844742
0.021563367771396,0.0084571256854208,0.300706519441462,6.59726844610333e-05,0.0160667192187291,0.00481086976382398,0.827175343593733,0.0807490740789295,0.0145858447625253,0.00139976574302564,0.0130703079253404,0.000804024423553532,0.00642810517294083,0.112866062797389,0.0123097435558897,0.680559831304654,0.245672037963635,0.0121246895341757,0.0743411274448263,0.000703306611824417,0,0.0597404770762788,4.63560866233215,0.0826246711270369,0.00112654745409594,0.099990906784579,0.372648293562101,1.00929740893803,0.154339867423936,3.55396001985777,0.000192730589486998,0.00432184647759406,0.0218281294702216,1.01675475075936,0.192296329879175,1.97156993480008,0.193808284658691,1.22760881540647,0.59853758368226,0.0233058280359886,0.034250979804423,0.00498139072738193,0.0498209599577699,0.00408258587132535,0.00872132122281246,0.0180270580106364,0.00990765207419697,0.00167653799326032,0.000318319517586732,0.00113393683708537,0.002030926570822,0.00797826152115524,0.000131128382395029,0.008123508552174,0.000563686651599479,0.0208643999345707,0.00278895038772291,0.0212018550047703,2.94998516218782e-05,0.00802833414768035,5.04265907661081e-05,0,0.00508151867843402,0.0038396747300589,0.229325121274635,0.00178217059223352,4.29757900199711e-05,0.000137107653850812,8.97775950934764e-05,0.0878132196189847,0.077810076750011,0.126014528342661,0.278194421016609,9.15320014087435e-05,0.000898945245883449,0.0509926497206126,0.327353538505147,0.0119052866253939,0.0215458676584199,0,0.000149881656256008,0.00120184240941859,0.0068514879373292,0.093832815390739
0,0.456253725401839,0.00239283165099056,0.000192278958186817,0.000147637563706493,9.81031021267894e-05,0.00207045430364039,0.000287493838264728,0.907614914178886,0.000395255466111874,0.00861996464591304,0.00309167688359154,0.0749352361106432,0,0.0116492577204824,0.453359702284463,0.00117558341154625,0.000143262909993052,0.000848854371177715,0,0.0597404770762788,0,0.100994251998082,1.65680528921109,0.134604659260691,0.00491277904796801,1.15108645075909,0.120519504064678,5.59486484450221e-05,0.000875618764541912,0.00230011398041951,4.67897070790648e-05,0,0.00194843091181143,0.000637925785536778,0.00874313527086897,0.00576939145323102,0.00398564975914156,0.00187753071395183,0.00737366025398383,7.72532560795307e-05,0.00211189422921731,0.0283511597601095,0.00455334675002836,0.00616744282552023,0.00909016297970183,0.00155346518254752,0.000223859706905067,0,0.000354139040328091,0.0141618801116757,0.00526149746400833,0.000836291703888094,0.000287246926687551,4.68056449974418e-05,0.00470577153192481,0.000803387655879593,0.0140403778535073,0.00139540030933489,0.000740082233573318,0.00305901584678573,0.00164995832362918,0.000940746870743205,0.000876016660561549,0.283348604946399,0.0010601182996626,0.000261729252282512,0.000551099725242144,0.000386567161172712,0.0418499427014931,0.122281256301618,0.101934258551991,0.110951386698828,0.000782006144634974,0.00949909092996946,0.17703204491131,0.071620421964645,0.00201271282861447,0.00199272967258607,0.000467303554169613,0,0.000200574786629379,0.00404907677641087,0.00321375836576878
0.0353922565417819,0.0187538271858706,3.71331856530267,0.00010129841295917,0.0151953591716346,0.00627019066389549,0.576899431831007,0.123245973165556,0.0209517505400394,0.00571964562762461,0.0268920984478323,0.00411250086314273,0.0158800995725044,0.169227145442732,0.0228690436978893,0.540218337770869,1.92707854020151,0.0318919834500167,0.364356756706316,0.00246991479397164,4.63560866233215,0.100994251998082,0,0.12880616687426,0.00243625624690467,0.554488357725815,2.67284379854199,1.14901262092314,0.20524163310205,1.50795605437488,0.000160241849884224,0.0185269573597009,0.0245802924351973,1.85111929991575,0.314935818795556,4.11018103861723,1.22226791305164,2.79136927900061,1.71968986752881,0.0669400672756112,0.0424878392394778,0.00262397031087542,0.187048822088604,0.0269679425543304,0.0511895618137992,0.0989430445680527,0.00593044453369881,0.00244021251449101,0.000617574062517631,0.000286701812557417,0.00510822670034812,0.0628575246316843,0,0.0291586705376009,0.000632320826502084,0.0312491525887478,0.00101406873069444,0.0187884107577352,0.000325820973263752,0.00619444718653344,0.000269561871830821,0,0.00278726364396878,0.00638809812247131,0.972424338474691,0.012338929264412,0.00165725098837022,0.00384630351111282,0,0.314022760562375,0.166699002917412,1.14209467724364,0.329626624420053,9.55222947687147e-05,0.0108913285875375,0.372928980492574,0.377715597267906,0.00405530648660189,0.0152203372775902,0,0,0.000377900597404527,0.0196577156728082,0.331918540349477
0.000434756745244837,0.246508334818961,0.00814118284157663,0.21291388049012,0.0162302504825509,0.0120064130039785,0.343778945526008,0.0407085836646556,3.25415529544031,0.160508357888991,0.00666850890169926,0.117810972615213,0.0278538484356729,0.0119437885492098,0.271215543326729,0.481080962039111,0.00789249633643743,0.00124550128274536,0.00412347341293667,0.0749771099134572,0.0826246711270369,1.65680528921109,0.12880616687426,0,0.0786521338697143,0.0113987180118063,0.802153029219382,1.9035450005497,0.0109574601491799,0.0142370865174587,0.00205321247220111,0.00447881479626516,0.00253680725717405,0.022164910020066,0.0173825926480282,0.255118084155439,0.027048471538869,0.047152884916609,0.023168529955027,0.171745839324006,0.00726121193720795,0.0048693627285224,0.354066131902579,0.00721981383552536,0.120704095337447,0.0501679601905146,0.114458116976196,0.0454769343712603,0.00159745384252439,0.00213463450319753,0.0129716458580231,0.00839122988880017,0.0951752003145927,0.00443622375032822,0.0482724546979995,0.338065822089352,0.169938857955561,0.382546138423257,0.254482656049872,0.0477720810223965,0.0654531142828954,0.000321489181617081,0.0765405668908524,0.028181182509806,0.283673134272805,0.00132062378579618,0.000159068741294456,0.000485678541643047,0.0474664864739357,0.0572733258001322,0.294972379670064,0.109917790514618,1.77438389559188,0.000794327296215891,0.00178262089624993,0.100091299193637,1.42659368983023,0.0721315612520466,0.0233676407318885,0,0.00308982273124389,0.00423113742629032,0.0765234125760368,0.0166679191122917
0,0.211362564261472,0.000142587156972265,0,0,0.000140240918766451,0.000233989736386168,0,0.0593525930551133,4.40980859817743e-05,0.0723673473237738,0.000327447581864118,0.853425616404574,0.000218786849362993,0.00108920821246438,0.0110872723260251,0,0.00122680571813138,0.00104384716472405,0,0.00112654745409594,0.134604659260691,0.00243625624690467,0.0786521338697143,0,0.0313987831649671,0.74166740035837,0.00239896602278263,0.00059003974732039,0,0.025972742489708,0.000275020346046448,0,0.00641957658360588,0,0.00308629860885502,0.00845034062655906,0.00335226712139331,0.00112813476195529,0.00162084109769288,0,0.149666075561781,0.00493872968496706,0.0243968373147064,0.00444415820802352,0.00210053215449049,0.000152505903903484,0,0.0552274636887777,0,0.0763759507552146,0.000561273880994952,0,0,0,0.000630447500817609,0.000148178128275824,0.00176528925369441,7.44819085943699e-05,0.0767399307531318,9.24255551254508e-05,0.256437240814322,0.000325421014040631,0,0.00106401716025468,0.00066608304100219,0.0020882688777385,0.00106120263530858,0,0.000129031936366415,0.00536568568912863,0.000275304524072284,0.00286679694753242,0.207942667563922,0.0559856838858543,0.222874640615231,0.000758729981803882,4.82551387489319e-05,0.000246417796075249,0.0385747007562619,0,0,0.00704684567871825,4.75795749646425e-05
0.00724774294273802,0.0233366902537244,2.83542037723931,0.000399694857105583,0.00112376968308299,0.00303862513316316,0.190300754179022,0.0248649041648034,0.00442426519690352,0.0244242773796146,0.608847979555221,0.0192453694411764,0.047236060331518,0.0451333842221247,0.00815484585865087,0.00471471206808936,0.665137321209174,0.342925992862624,0.675573898743626,0.00883047469035809,0.099990906784579,0.00491277904796801,0.554488357725815,0.0113987180118063,0.0313987831649671,0,2.44663026743928,0.0934394808669449,0.0690536407947673,0.100244979572838,0.0408711734479893,0.019366996471904,0.00449847766426433,0.260228022888897,0.0523076134480138,1.2962008502584,1.25671739443859,0.546591579582449,0.445598050089316,0.00295356188443824,0.0077575072140915,0.00136724218653554,0.134760337320239,0.201419037105224,0.0646694223669716,0.05999272752232,0.000604814694401604,0.00070196599739461,0.00376793464279946,0.000216340786276263,0.141172303497882,0.122268237048712,0,0.0040339444746014,8.65267065529823e-05,0.00382887801776749,0.000180518590569371,0.00342929420306189,0,0.0816398148450331,7.68558541774153e-05,0.206727985266257,0.000944215504785642,0.0011322436776883,0.0172123187879122,0.138956666635047,0.0433589695902599,0.0743033060785355,0,0.00804969921900422,0.0165287901287887,0.0520157863068387,0.00789287580029652,0.139560226967437,1.12039083653113,1.79328171492374,0.00684007841943539,0.000535464314548505,0.00437064846776931,0.189432265370001,0,0,0.0463007187569062,0.0536031570531618
0.00384890532635044,2.06372155194917,2.88090544044832,0.000155993432684577,0.00377652678931485,0.00133647819831185,0.0742141013995676,0.0115267010181498,0.315019445836509,0.00856455193099972,0.0707547015646865,0.00652369325367541,0.234276552056019,0.0231833487970908,0.0222168923529923,1.31089607824787,1.02986087142383,0.104606363707653,0.478450462706356,0.00293967867492901,0.372648293562101,1.15108645075909,2.67284379854199,0.802153029219382,0.74166740035837,2.44663026743928,0,0.498879900797486,0.0591668076133088,0.0767660800621708,0.168712368322832,0.0148416436741281,0.00306727932892857,0.472689918437874,0.132601881605787,3.06184933931076,0.839778384513831,1.28788204893603,0.957027084392109,0.0191681267061205,0.0201033886305646,0.00317967361079945,0.810208363580642,0.27903729104637,0.309309929555012,0.302874413470801,0.00636999479450372,0.00289291900914398,0.0046508747282704,0.000493678002075368,0.942172381804254,0.818733915606726,0,0.0183064908524393,0.000190445603455949,0.0482611578572987,0.000798354693070871,0.0159657115361096,0.000214824563004708,0.0688119492590751,0.00183842036588408,0.250238532681556,0.0038431300124151,0.00549644491842541,0.835229703160998,0.399951066397557,0.0722494641084959,0.184457539904265,5.06778495261669e-05,0.17878427021286,0.22046049805398,1.38908927978683,0.148769434601423,0.403721488351744,2.1434632425235,8.77043278549762,0.200314261772787,0.00210169049212028,0.0172707677998056,0.18089002367304,0.000333215410444653,0,0.182785523956295,0.222964211861065
