0,0,0.00266036681069246,0,0.000598558189102208,0.0168877954900493,0.173263262278384,0.324666611100904,8.70934731775433e-05,0.01630499899985,0.0151415815399295,0.00392248185020062,0.00581966645806396,1.82385418578379,0.0013678686992432,0,0.00762729966378847,0.00670746503073891,0.00292891799673543,0.00054225938655274,0.0159355744807586,0,0.0326289771898364,0,0.000393008821818823,0.0124478175261071,0.00307260939954574,0.00159310848769649,0.735332899874382,0.27758906406872,0.00073958303413344,0.00332345263502997,0.000894060777560109,0.0200791658532416,0.00548172231922511,0.0234629823471531,0.00221489621734296,0.0139824561960402,0.00286437316570688,0.00451132115435967,0.00203725028356095,0.00228263783503905,0.000114701588719273,0,0.000140967924316967,0.000135306314651537,0,0.000286067122524411,0,0,0.000102213333342874,0,0,0,0,0,0,0.000114089692444432,0,5.43166098330975e-05,0,0,0,0,0,0,0,0,0,0,0,0,0,0,0,0,0,0,0,0,0,0,0,0.000420414273456359
0,0,0.00147515708212258,0,0.000146165618090957,0.000128218537655103,0.00174747390267741,0.00045844160251622,0.0853410574969376,0.00011816200772546,0.0125746902669752,0.00021889270214597,0.0705256856932678,7.37710197230577e-05,0.00222731074919439,0.00988696948535831,0.00101628097003717,7.32572062767923e-05,0.000805959301353997,0,0.00194846569702926,0.453538230446216,0.00234811804030828,0.241910773271124,0.786708000126223,0.0146641741816658,1.50689392321318,0.0431231689476047,0.000226864386705101,0.000870572455204579,0.0171646553487957,0,0,0.00199365803257621,0.000307691174996504,0.00410959774816931,0.00199841508625335,0.00192546648074614,0.00220684565557352,0.0046719513931737,0,0.00694150713691636,0.00807304780386565,0.00245548318390628,0.00363743989562083,0.00683925754251288,0.000374174628205532,5.84506682855904e-05,0.00210557345366556,4.11954644930333e-05,0.16370211082955,0.00602329083404705,0,0,0,0.000285478939938992,0.000249443805001211,0.000963670095315828,0.000541615975885007,0.029232804533209,0,0.0260121975179768,0.000173528442350704,7.7824146227938e-05,0.00151003572277108,0.000479044857570967,0.00135962159006212,0.00546919619436671,0,0.000106204188956875,0.0073785729508747,0.000498219722136328,0.00238075744116636,0.0667781409369556,0.0265032208258998,0.770218911935033,0.00137213281526814,0.000473406214928129,9.11421421375841e-05,0.0155295318062505,0.00053340582671206,0,0.00349191497942507,0.000147991712527406
0.00266036681069246,0.00147515708212258,0,0,0.000507307726940817,0.00462005884001374,0.00858753647554268,0.0545486778363848,0.000111552229430577,0.00437679903356471,0.165209300735556,0.000470465622001108,0.0450424660431352,0.0456929173776782,0.00273318534459214,0.00121736506476018,4.973467085502,0.198979852184721,0.23500062413689,0.000385597777382916,0.133606428060371,0.000813249540149316,7.36262343465193,0.000581375891992342,0.00185458816341326,3.99274390366331,4.27120136240711,0.0214026584023804,0.0603750178411787,0.0679770308930937,0.0216804299764149,0.0021186937147949,0.00289569795855674,0.175021837373677,0.104652195139267,0.771904450044449,0.146065174922214,0.572021731648653,0.441107386453664,0.00482933843408191,0.0124830313443732,0.0129430113079293,0.00583482981297569,0.00136509936810821,0.00185622937359855,0.00392249180950105,0.000725958177805472,0.000390122370658088,5.46120737576872e-05,0,0.0112013964493467,0.0352703413381066,0,0,0,0.000254280970976663,0,0,0,0.0015626829918864,0,0.000650529408946124,0,7.37016358481586e-05,0.00173459020861761,0.000387820161029273,0.000522991533896765,0.00411191525885412,0,0.000146207347222936,0.00181319579221028,0.00423520644665431,8.79569288059205e-05,0.00256225170140824,0.0185992543195478,0.665637811952445,0.0006438146285229,0,0.000159338965547759,0.000961977095645476,0,0,0.000543415543999836,0.0255090495140555
0,0,0,0,0.00448388686341755,0.0108487328321849,0.0342292893478881,0.00298931258965881,0.234597823136077,0.545521478388317,0.000227947615013361,0.672020823064854,0.00182533774294916,0.000530913730725721,0.0500194266682598,0,4.54412170051634e-05,5.13193993497729e-05,0,1.58250098441907,3.74435927912086e-05,0.000111318121308946,0,0.44963327720899,0.00049421501950174,0,0,0.664886540562058,0.000287570648468909,0.000422708763785231,0,0.000526333844806817,0,0.000192417614221692,0.000138332538474572,0.00594981167965131,0.000123476888893628,0.00051629094856438,0.00013372586518136,0.0776639619008009,4.39852531763822e-05,0,0.00123596763726994,0,0,0,0.0111545283436068,0,0,0,0,0,0.0118141292548977,0.00127474068719545,0.00842298731095502,0.00858935175173113,0.00334311134250869,0.0144322373138458,0.0723349303828553,0,0.0453506432813964,0.000428778648628115,0.000123399336595881,0.00934346096730293,0,0,0,0,0.0109757607085256,5.73476617273688e-05,0,0.000292017445235753,0.0295224487765197,0,0,0.000171456486807585,0.0297208256931038,0,0,0,0.000244120418568015,0,0,0
0.000598558189102208,0.000146165618090957,0.000507307726940817,0.00448388686341755,0,0.606926997866519,0.00845518960294511,0.015700287161676,0.0102125458825314,0.0375662860757195,0.00252186259498718,0.141323260560681,0.0344265994768693,0.00294549966494135,0.243390313784386,0,0.000701142975158304,0.000358641841633653,0.000113243126644329,0.0111904719613315,0.00837634698070384,0.000229986531952727,0.00931754830476542,0.006414766240792,0.00347721904917749,0.000623593203727513,0.0017386008789728,0.0109444517332231,0.0100495499449519,0.0082085635557562,9.079706697402e-05,0.0600160661931612,0.000953997627224982,0.376650011736269,0.0590740769391019,0.211889543180766,0.0030008599325477,0.0196139634295903,0.00629645312847193,1.18496455914617,1.31562996909487,0.00510373693088376,0.000544023030449146,0,0.000198645556643176,0.00126629845095394,0.00383566733568088,0.000307935113295734,0,0,0,0,0.000637271707786572,0,0.00253154255781651,0.00154683797647396,0.000147463673113102,0.00170887923875602,0.00977971624073223,0.00059041010029378,0.00623629460296886,0.00143884113589501,0,0.00377534884101984,5.97497843605996e-05,0,0,0,0.00206193460617935,0,0,0,0.00639778138653255,0,0,0.000296302052493266,0.00518017080592893,0,0,0,0,0,0,0.00851235542042198
0.0168877954900493,0.000128218537655103,0.00462005884001374,0.0108487328321849,0.606926997866519,0,0.276902609548719,2.43875152232564,0.0510378648233325,1.72252487306189,0.0391198077701537,0.757513039738875,0.0885715581255725,0.108213504104471,0.753359097489731,4.72124230084956e-05,0.00599877309953544,0.0112674112428036,0.00435321648803057,0.0536791548073758,0.0256380587662703,0.00100212259499545,0.0289929805717258,0.0215558238002555,0.00641867101638708,0.0191063753446931,0.0049879431763104,0.0768916274938549,0.068860285710384,0.0769401281192518,0.00218621636823234,0.0550311171732984,0.00185524434601363,0.038721494690327,0.952540906368669,0.540085084340108,0.0137851719926786,0.0613250353608623,0.0226724982604285,1.2236357105314,0.0854557220526663,0.0228115391078307,0.000831558495752427,0,0.000411816466654349,0.0032177846623313,0.00768584521770895,0.000469175137506944,0.000254967977443451,0,0,0,0.00224137949053219,0.000945882262634273,0.00556591751527441,0.00642436456991918,0.00195261347899354,0.00964932181768665,0.0218765588040838,0.000971797945523317,0.0162527241055533,0.00260215308561685,0.000220479116529739,0.00594111024896687,0.000363105794895497,0,0,0,0.00289645052012566,0.000192783896407461,0.000622292237827536,0.000469029475720542,0.0208422868574608,5.34931822836935e-05,3.06341990138561e-05,0.000111729691925722,0.0223320801168353,0,0,2.38891673559129e-05,0.000237876852283448,0,0,0.0757787874766299
0.173263262278384,0.00174747390267741,0.00858753647554268,0.0342292893478881,0.00845518960294511,0.276902609548719,0,2.01467880766518,0.198648023184069,3.3840652244981,0.0273568580479085,0.0302040760140552,0.0406942919449848,2.18074907141523,0.0411899008567227,0.00471577831087668,0.00787421319454934,0.0115699216082403,0.00567840018701475,0.045242117598596,0.0890217513753986,0.0188125336337932,0.0773253930249826,0.324236373900376,0.00281477814568349,0.0164976362014883,0.0229824451832893,6.71521764796147,0.0855161697908645,2.01088153403337,0.000668027273844648,0.0155822851118804,0.000967909593791495,0.0361222574720177,0.0452542599619664,0.201168937464462,0.00664332441593956,0.0538819422428241,0.0174026679288282,0.0952184131864984,0.0218987381829938,0.00963721520169238,0.00164924487056113,0,0.000135053368631029,0.00133634057722585,0.0227611920651858,0.000620341374240857,0.000141098299082464,0,0,0,0.0154217602737913,0.00242853942780882,0.0228119561577469,0.0595124884375666,0.0207097478416631,0.0473632604816484,0.200345066978821,0.00184210545470475,0.0376072629745504,0.00112452528014421,0.00042740289534328,0.0152736761093137,0.0143193563753512,0,0,0,0.0155804569879698,0.00288979942252345,0.0146954656467891,0.00924343975514362,0.182909460575384,0,0,0.00459012133448635,0.233748473346589,0,0,0,0,0,0.00019139835224328,0.00268358339965494
0.324666611100904,0.00045844160251622,0.0545486778363848,0.00298931258965881,0.015700287161676,2.43875152232564,2.01467880766518,0,0.0141615833147091,2.29511550028259,0.145747205440397,0.223234852736831,0.131538100838051,4.61859872127878,0.0772315139152259,0.000789777026920069,0.0650182078961011,0.0452524975110528,0.0123808509794586,0.043556709138332,0.300716980865737,0.00447227711490091,0.486638460790858,0.00974501277485912,0.00306537143865664,0.0628040807062957,0.0219736437040188,0.472450489002981,0.85104039256492,1.57294839191388,0.00863261220755522,0.0463811307892929,0.00511355954918304,0.163330437063649,0.419433614832397,0.649014999475023,0.0361814364436212,0.209714896941393,0.0777253474792052,0.241287911146856,0.0913651390904567,0.0499518704035869,0.00237758634994306,0.000293929125655926,0.00129659658533254,0.00739879593075815,0.00143325370729851,0.001250484810987,0,0,0.000167989263589376,0,0.000507286924129227,0.000211018684976727,0.000811173253377176,0.00237666311886296,0.00143057659232414,0.00418218302728088,0.00491557614566786,0.00210474173979855,0.00327964408645383,0.0012765155437259,6.68197592478573e-05,0.000903771564255867,0.000588796283798725,0,3.34835385874868e-05,0.00017476106577952,0.000314333152596709,0.000153429681441927,0.00126976814855867,0.000152942837826151,0.00832469649075498,0.000540450903348231,0.000106384357417527,0.000659633631298037,0.00809548843756985,8.59455459076941e-05,0,0.000287191302420619,0.000403539552554447,0,0,0.0110110503976855
8.70934731775433e-05,0.0853410574969376,0.000111552229430577,0.234597823136077,0.0102125458825314,0.0510378648233325,0.198648023184069,0.0141615833147091,0,0.758443999014369,0.00299192167374104,0.142335333535407,0.0141701539102771,0.00183757740037618,0.116303205874103,0.00290537739928069,0.00078191032764717,5.74142273560345e-05,0.000403224964415127,0.117333413025446,0.000653589580846795,0.74689421456424,0.00808324785101982,2.91153304399365,0.0649804322470966,0.00211255404467352,0.156998128634665,0.638282831677581,0.000589464755524596,0.0044733298982902,0.00339157643105567,0.000401995439934361,0,0.00150853333366894,0.000647603611811829,0.0111969838589031,0.000368675668400413,0.00190963397200312,0.00124519376140303,0.0697957578275723,0.000750511457588053,0.000919963834481466,0.0055982408936069,0.000231815113407267,0.00112522839608821,0.00151866205729866,0.0105569488017372,0.00100306264572838,0.000266390542761058,0.000192172915220541,0.000746038207482061,0.00038241810791212,0.0372934704452305,0.00143662323224964,0.0222447060457015,0.0503223333930818,0.0519841910720292,0.111473220853212,0.28123562214038,0.00504061412402741,0.0380678332568328,0.00332022098519687,0.00466849849416916,0.00768786004762548,0.0131101483439629,0,0.000156050190088069,0,0.0257598383102294,0.00482720523782359,0.0145467999916574,0.0106575963242097,0.238999144872575,0.00357383473918478,0.000175738396520645,0.0168854647414668,0.236708356617499,0.000932460940386126,0,0.000712922048624444,0.000310589070370281,0,0.000651560988120225,0.000396111278641069
0.01630499899985,0.00011816200772546,0.00437679903356471,0.545521478388317,0.0375662860757195,1.72252487306189,3.3840652244981,2.29511550028259,0.758443999014369,0,0.0877712471510741,0.971030223513169,0.106885538330489,0.357715157059449,0.202125179173583,0.000945830540517643,0.0120570998177743,0.0277965014189246,0.0148312862997993,0.904888230140599,0.0116633218168391,0.00271763910959625,0.0143435971876968,0.379456568193127,0.00733840300801057,0.0289315345413783,0.0047931554366555,1.05171012700598,0.161400458141209,0.0675215171171858,0.00120512610066664,0.0467337109481907,0.00250569720196046,0.098009742456853,0.405597426985698,0.581150191400981,0.0229415614858823,0.116729072106652,0.0298512572586138,0.416432989976392,0.0728700284373077,0.0316469635536466,0.00674077753209583,0.000111810236504829,0.000671369702649462,0.00531818689521115,0.0850115475718823,0.000411779049102265,4.72226966949642e-05,0,0,0,0.041654040787509,0.00581907895196992,0.0402582942014366,0.0684716387379449,0.00926245187160303,0.0947755876828533,0.174685247441451,0.00164066900060605,0.161170078219696,0.00185536668428613,0.000790666430624324,0.0636650031860458,0.00107592686384862,0,0.000125011710283601,0,0.0399260258336699,0.000602341662214488,0.00228337672081548,0.000257363481127858,0.274407065824079,0.000201040086292282,0,7.41670984066039e-05,0.22545389621684,0,0,0,0,0,0,0.0086379215252134
0.0151415815399295,0.0125746902669752,0.165209300735556,0.000227947615013361,0.00252186259498718,0.0391198077701537,0.0273568580479085,0.145747205440397,0.00299192167374104,0.0877712471510741,0,0.0177408756157952,0.890209230594272,0.145274224786264,0.00292387980054036,0.00147835379019361,0.390476394045373,0.963750925118859,0.197280392031545,0.00408201927473936,0.0331878558979366,0.0125302817491444,0.193252322624102,0.00416132404725765,0.280460580503365,1.06408890368463,0.304911480278883,0.00935740571703454,0.384947778156543,0.0519989082626323,0.330747999300703,0.0856328315400146,0.00329705731133375,1.45530362913299,0.0416967787169024,0.358088267196193,0.824653227615756,1.1979892716889,0.293736245776339,0.0119880407962799,0.0323092899392207,0.47566773733958,0.0041339327359741,0.00885626808548494,0.00882531736710327,0.00814922549639838,0.00074944470086236,0.00104098483511602,0.0221835885782332,3.47108595589966e-05,0.00280296782168416,0.000908348455086392,0,6.14614871929586e-05,0.000190576928904844,4.42076083129734e-05,0.0014496140645786,7.52123730223119e-05,0.000155644997016555,0.438707269253856,0.000113553201098445,0.521898426017211,0.00155188386670582,0,0,7.01984042009831e-05,0.00157037523638411,0.00299379019064295,0,3.79936364208758e-05,0.000424032340216494,0.000258445374698983,0.000100460788396275,0.139252502845194,0.0377453460968299,0.22936842274459,0.000832941252547574,0.00845883940023853,3.93969125187785e-05,0.135706313260156,0.00913977753165773,0,0.0279049214904737,0.0105891468186387
0.00392248185020062,0.00021889270214597,0.000470465622001108,0.672020823064854,0.141323260560681,0.757513039738875,0.0302040760140552,0.223234852736831,0.142335333535407,0.971030223513169,0.0177408756157952,0,0.0629421640741891,0.0379913447375651,0.794395813546469,0,0.00332206347823341,0.0076498795171724,0.00205697478193132,1.90222110994716,0.00329813803016778,0.000807552427318188,0.00346027462159358,0.399027007234204,0.00715282026687008,0.00641862577286837,0.00111386572131009,0.371901885064597,0.0230725955806474,0.0126984496064573,0.00014254607483927,0.0168371594283936,0.000654159458866787,0.0147699502863181,0.596417071393714,0.13482750301507,0.00618964973657633,0.0181091520616517,0.00478567016904538,0.438119568938018,0.0136202911901234,0.00810764405848718,0.00294200958698128,0.000148459805261869,0.000861133455235225,0.000994515547709445,0.0281754555934438,0.000795614291360948,6.78497777198613e-05,0,0,0,0.0178930874471449,0.00221432327686616,0.0219425684438553,0.0122686690291878,0.00583939482731238,0.0130174440737627,0.108352384238855,0.00287954899500732,0.19220485469142,0.00217392386588142,0.000733274558360923,0.0199520726575883,0.00076060537419258,0,0,0,0.0280334093980126,4.3373525322631e-05,0.000222184627080035,0.00138748415618609,0.0393635571402191,0,0.000191994922198963,0.000850561677473035,0.0480175071180783,0.000188603078646446,0,0,0.000278819317422629,0,8.15620333652854e-05,0.0976326244736143
0.00581966645806396,0.0705256856932678,0.0450424660431352,0.00182533774294916,0.0344265994768693,0.0885715581255725,0.0406942919449848,0.131538100838051,0.0141701539102771,0.106885538330489,0.890209230594272,0.0629421640741891,0,0.0427111969679337,0.0491214871137068,0.0176382741757003,0.0186356252384189,0.0427825382313332,0.0138176862650882,0.0117066214782858,0.0820073618168492,0.0824789981927919,0.108176120037307,0.0599689128354289,1.2990007060448,0.113806106936488,0.700621349882953,0.0875202179815138,0.0771919573339001,0.0509729066560727,0.375693185168071,0.0705776775110109,0.00624183092979973,0.118339363663388,0.0727920770882448,0.505053158150544,0.312399533726803,0.54255604433724,0.556833444833897,0.271039553573751,0.174691671288477,0.792502881899541,0.0163454016024144,0.0169606388043053,0.0195721431172406,0.0122583979841234,0.0127435608304075,0.0072934058219802,0.0334507643515113,0.000348592200126577,0.00679449793969262,0.000784563352791688,0,0.00132598637986236,0.00440817174221457,0.00196830737437275,0.00743971689694524,0.00344132894725403,0.00546853961597678,0.619604552953296,0.00290741873867673,0.64339484734432,0.00300902139679767,0.003764908341883,0.00840748949982943,0.00029990870311054,0.00235511477728469,0.00214118571412444,0.00059344957885657,0.00208250393561261,0.00556980928314733,0.00428833541833163,0.015098082535281,0.268831297599271,0.0390324876134176,0.355651042847177,0.0288455236537018,0.0133086330247812,0.000268184345260585,0.205302434903498,0.0130339306458073,0,0.0442800256874866,0.0162844516241058
1.82385418578379,7.37710197230577e-05,0.0456929173776782,0.000530913730725721,0.00294549966494135,0.108213504104471,2.18074907141523,4.61859872127878,0.00183757740037618,0.357715157059449,0.145274224786264,0.0379913447375651,0.0427111969679337,0,0.00967339437596002,6.6530462342167e-05,0.077174083171375,0.0562204754361134,0.0250649858038222,0.00887101399469089,0.235000989369251,0.000795868118785158,0.494109827851953,0.00175393431953595,0.00115224243430639,0.089241230547849,0.0341594308188495,0.138982458356366,3.61211697734769,2.2746109758685,0.00756629476616956,0.0515285704357471,0.0121690823125626,0.241024797782359,0.0503052581893289,0.178160053050098,0.0154109482321167,0.163285601383619,0.0433718698191093,0.0285004160045166,0.0302352952770574,0.0170262407583732,0.000101618834966594,0.000210768046325147,7.48766761064232e-05,0.000996534602188305,0.000171179846746781,0.000357531475073815,0.000133159462249851,0,0.00024736260314027,0,0,0,0.000353874081989247,0.000217693650654358,5.39061058832229e-05,0.00110664777726751,0.000528528874061197,0.000857576505681506,0.000647877343801817,0.000542745127010378,6.49995483214736e-05,0,4.02910881539077e-05,0,0,0,0,0,0.000166090764926488,0.000102649527122957,0.00107554224622023,6.03002518500089e-05,0.000185394718643027,0.00100894671579358,0.000988815675579464,0,0,0.000144433337008462,5.52400514395713e-05,0,0.000109425121594635,0.00184933207524047
0.0013678686992432,0.00222731074919439,0.00273318534459214,0.0500194266682598,0.243390313784386,0.753359097489731,0.0411899008567227,0.0772315139152259,0.116303205874103,0.202125179173583,0.00292387980054036,0.794395813546469,0.0491214871137068,0.00967339437596002,0,6.88299772335469e-05,0.00180438538185278,0.000984308342658968,0.000458485563227636,0.0884032619819158,0.0233977206710547,0.0118764808363214,0.0216500613283365,0.163449417600677,0.012553596513567,0.00303494717372402,0.00937981461178439,0.107004267872375,0.0241506475032088,0.021460299616453,0.000374636845850984,0.0113765916822392,0.00302304781952968,0.0125183400861689,0.232380082845126,0.0377980248298117,0.00306727763135631,0.0133368069930789,0.0071666273941153,0.779761202220424,0.00818153387963985,0.00357163304326227,0.00219145630762965,0.000191738164247793,0.000397010164452672,0.00238198624143645,0.0202878512099862,0.00108580674531839,0,0.000151628586309218,0,0,0.00656028837242574,0.00201360664608357,0.0159726071794245,0.0088554909119808,0.00565204505701158,0.00920689061588234,0.0914941838654864,0.00190611813965143,0.039657519023777,0.00285589071612321,0.000425594007928157,0.0129371710624351,0.000797353045427322,0,0.000123685989290463,0.000185937478060567,0.0113019017345948,0.000971976780650341,0.000521940476823646,0.00104676236059639,0.027262962129727,7.06586821968854e-05,0.000270953350781471,0.00181488778416112,0.0346655670971118,0,0,6.26479969274282e-05,0.000110267993358839,0,0,0.0240871683482039
0,0.00988696948535831,0.00121736506476018,0,0,4.72124230084956e-05,0.00471577831087668,0.000789777026920069,0.00290537739928069,0.000945830540517643,0.00147835379019361,0,0.0176382741757003,6.6530462342167e-05,6.88299772335469e-05,0,0.000550312522357842,7.52100516182929e-05,0.000251193531701576,0,1.45735243252224,0.588400226995885,1.21126892281679,0.169920077243228,0.00530896463072803,0.00414020257314163,0.671007833529927,0.207369395557098,0.00016405539044404,0.00120580583414937,0.0010571039797115,0.000193816413125628,0,0.000283206133825412,0.000337736124758041,0.00616010775113587,0.000555778901103168,0.00248066544487974,0.00214382191680911,0.000254994930431831,0.000657597606990886,0.00126655406083469,0.00664067337535688,0.00110699089313239,0.00219404726118158,0.00237932142400863,0.000740366593603906,0.000950738538789365,0.000321143896549797,0,0.00477002870315137,0.000997113805122627,9.58273557989361e-05,0.000146396736738247,0.000155243015173816,0.00963653303452484,0.00069870453251709,0.011867263795699,0.000748032245815072,0.00219122370406976,0,0.00318283808342225,0.000270902667261559,0.000185403830223977,0.214586799703427,0.000209599880454359,0.000164793714816844,0.000727757953639644,0,0.0376722203951434,0.162282511421393,0.178329655195446,0.107593589495236,0.000600795932751941,0.00179197038543984,0.227587224326431,0.114058072676079,4.15892470357239e-05,0,0.000792485732076824,0,0,0.00113655853892937,0.000355072605761444
0.00762729966378847,0.00101628097003717,4.973467085502,4.54412170051634e-05,0.000701142975158304,0.00599877309953544,0.00787421319454934,0.0650182078961011,0.00078191032764717,0.0120570998177743,0.390476394045373,0.00332206347823341,0.0186356252384189,0.077174083171375,0.00180438538185278,0.000550312522357842,0,0.456553082387454,1.27015998123286,0.0010279628982188,0.0954377947224361,0.00289324054608679,1.55236642957539,0.00175418848099533,0.0010606350682069,2.64675217997236,0.989064602178744,0.0139969060378126,0.142607139157253,0.0933588835791923,0.00593369736733758,0.00285112615647951,0.00418370295182548,0.555546153532013,0.0309414639992852,0.307200731525902,0.0316681882095397,0.30436275707898,0.195867304762363,0.00320074202560301,0.0076330035303053,0.00239255843463732,0.000931174694489383,0.00027635527196877,0,0.000868346447697776,0.000461880466429949,0.000155878467945063,0,0,0.00406333251414093,0.00208048526288822,0,0,0,0,0,0,0,0.000770862499254033,0,0.000361129370601446,0,0,4.04216257264584e-05,0,7.28789409304947e-05,0.000349663723169106,0,0,0.000238987126211688,0.000109306303322905,5.98335233263731e-05,0.00108511014727054,0.00222465049317109,0.0638558634048375,4.38241948953688e-05,0,0,8.42183427210509e-05,7.02703031641543e-05,0,0.000128687958109155,0.0103247177275368
0.00670746503073891,7.32572062767923e-05,0.198979852184721,5.13193993497729e-05,0.000358641841633653,0.0112674112428036,0.0115699216082403,0.0452524975110528,5.74142273560345e-05,0.0277965014189246,0.963750925118859,0.0076498795171724,0.0427825382313332,0.0562204754361134,0.000984308342658968,7.52100516182929e-05,0.456553082387454,0,1.48956866716803,0.00188479135882362,0.0115572273121169,0.000415959647915864,0.0890555002922901,8.45943821019471e-05,0.00113137619252718,0.77002715742552,0.155012803016552,0.00182154712316865,0.152044590459601,0.0285606214381002,0.012912147660444,0.0177102331613409,0.00310227270992514,0.27122703621987,0.0386810343179253,0.530445766058656,0.198601954152189,0.390149370122267,0.302495171095165,0.00237606142890615,0.00767810006232242,0.0105417526215551,0.000869942080329186,0.000121142886977124,0.000218923017942107,0.00187385375641962,0.000105775147459066,0.000238258320437467,3.42212089250594e-05,0,0.000587916162903526,0.000213964703869853,0,0,0,0,0,0,0,0.00992067038259007,0,0.00983741015657075,0,0,0,0.000106004963649929,0,0.000287852910987088,0,0,3.53778154950618e-05,0,0,0.00170799076136775,0.00385650715780517,0.0352068341044991,0,5.66736405265928e-05,0,0.00939842029727729,0.000224373174929482,0,0.000409295486451134,0.0114571800817062
0.00292891799673543,0.000805959301353997,0.23500062413689,0,0.000113243126644329,0.00435321648803057,0.00567840018701475,0.0123808509794586,0.000403224964415127,0.0148312862997993,0.197280392031545,0.00205697478193132,0.0138176862650882,0.0250649858038222,0.000458485563227636,0.000251193531701576,1.27015998123286,1.48956866716803,0,0.00141988808471174,0.0083801734657554,0.000733746841973498,0.0650712783821516,0.000719846496462172,0.000146181876340145,2.31084413425471,0.165875555475677,0.00130003702679047,0.0811999351186816,0.0145733711722344,0.00449420376393074,0.00376673857386421,0.00272634429607099,0.199658611496012,0.0175555599736607,0.301264587394517,0.0451712529935468,0.170667727243345,0.121358022434935,0.00113507027053208,0.00211514352454092,0.0029964652003537,0.000123241963929713,0.00012936041018678,0.000206416348526573,0.00130179321243963,0.000179297246425658,0.000332983478099411,3.293405916847e-05,0,0.00185806018101849,0.000644147018771395,0,0,0,0,0,0,0,0.000279403805972147,0,0.000454396273907789,0,0,0,4.18022884860576e-05,7.20986684782952e-05,0.000321184620769274,0,0,0,0,0,0.000321804351431802,0.00208649144526096,0.0258541758692098,0,0,0,0.000427224520567233,0,0,0,0.00718969640129095
0.00054225938655274,0,0.000385597777382916,1.58250098441907,0.0111904719613315,0.0536791548073758,0.045242117598596,0.043556709138332,0.117333413025446,0.904888230140599,0.00408201927473936,1.90222110994716,0.0117066214782858,0.00887101399469089,0.0884032619819158,0,0.0010279628982188,0.00188479135882362,0.00141988808471174,0,7.49549526148558e-05,2.92394534441442e-05,0.000672733085405264,0.0852838944612157,0.00223827958528946,0.0015557432780804,8.58859865963578e-05,0.255131662983989,0.00636805350350737,0.00239001478495545,0.000145397455115104,0.00281920699718323,0,0.00339781296014571,0.00338732573538456,0.0335808696741425,0.00050201616367251,0.00472794875565692,0.00188468162406266,0.10198863736647,0.00329843401619774,0.00151713792784087,0.00105936039283902,0,5.0480454603976e-05,0,0.0153731600497761,3.87375214966565e-05,0.000114601344486714,0,0,0,0.0139061752978707,0.000909769895398813,0.0114147561734344,0.00871300960908558,0.00372142364741313,0.0128230694654266,0.0664365395004708,0.000144338715233278,0.054165185695956,0.00058058649673112,0,0.0115422451305783,7.28591374173701e-05,0,0,0,0.00862013323218086,3.36842207368582e-05,0,0.000590157895326066,0.031411458760832,0,3.78767213074594e-05,0,0.0354767530157549,0,0,0,0,0,0,0.000101797378163731
0.0159355744807586,0.00194846569702926,0.133606428060371,3.74435927912086e-05,0.00837634698070384,0.0256380587662703,0.0890217513753986,0.300716980865737,0.000653589580846795,0.0116633218168391,0.0331878558979366,0.00329813803016778,0.0820073618168492,0.235000989369251,0.0233977206710547,1.45735243252224,0.0954377947224361,0.0115572273121169,0.0083801734657554,7.49549526148558e-05,0,0.0334866513797499,5.33559105525259,0.0467388455177403,0.00175201781385156,0.0283999615880515,0.170841290644299,0.548595455440093,0.217243617564567,5.44709242342707,0.00109630089499334,0.0137623871820566,0.00455356394259167,0.743620511879793,0.385056100438597,0.542472957255119,0.0110253728597808,0.670638858587074,0.267674192692317,0.0271533049182568,0.0829601340795944,0.0110442259418194,0.0018121992249737,0.000385100098677039,0.000747997576333768,0.00383517572294125,7.30630111463905e-05,7.9865718606484e-05,0,0,0.000643626681814924,0.000257048856497303,0,0,0,0.000641582285576108,5.9672748554194e-05,0.00393224478287275,4.13672090921849e-05,0.000839419583796021,0.00029307503704715,0.000111722831573338,4.43804280000806e-05,4.93732992729128e-05,0.04606286455513,4.61600269877136e-05,0,5.56795097817749e-05,0,0.00756278165381845,0.0269544911454363,0.0349446338166941,0.047485018613673,0.000144450120170045,0.00014821586555913,0.0438400368623595,0.0296853519870614,0,0,0.000198391246411842,0,0,0.000234602277528634,0.0281551070696731
0,0.453538230446216,0.000813249540149316,0.000111318121308946,0.000229986531952727,0.00100212259499545,0.0188125336337932,0.00447227711490091,0.74689421456424,0.00271763910959625,0.0125302817491444,0.000807552427318188,0.0824789981927919,0.000795868118785158,0.0118764808363214,0.588400226995885,0.00289324054608679,0.000415959647915864,0.000733746841973498,2.92394534441442e-05,0.0334866513797499,0,0.066167604721361,1.6818406479935,0.320304346762464,0.0104118381761588,1.02999439548497,0.275681504542085,0.000302779847601244,0.00804134895619674,0.0112344779190738,0,0,0.00193581830617928,0.00161230370314351,0.0105586480891282,0.00143516573298192,0.00445908650147541,0.00444230794620867,0.0193222554609138,0.000973502355722493,0.010111876266019,0.0084683216647788,0.00119475851944056,0.00250773688802281,0.00299676175059432,0.000799934314766595,0.000616475902514064,0.0022487513209244,0,0.0713757509818598,0.00187811014753058,0.000108086019545925,0,0.000818127228238937,0.005776254086417,0.00196774193424848,0.0374356770799951,0.00339624132751958,0.0325665554217306,0.000454984201054555,0.0235304853065511,0.000606115818833492,0.000290575538953921,0.1054409669393,6.81240009380281e-05,0.000141819728012958,0.00117990025371869,2.99645820245743e-05,0.031187591093382,0.158014787371802,0.0615172616248665,0.127255479955712,0.0282108144250749,0.00456249856630981,0.468316150516742,0.113449525770395,0.000676111699481189,5.86589883313775e-05,0.0058685247368728,0.000950855271446599,3.64917188977838e-05,0.0037203282450671,0.000455301040422439
0.0326289771898364,0.00234811804030828,7.36262343465193,0,0.00931754830476542,0.0289929805717258,0.0773253930249826,0.486638460790858,0.00808324785101982,0.0143435971876968,0.193252322624102,0.00346027462159358,0.108176120037307,0.494109827851953,0.0216500613283365,1.21126892281679,1.55236642957539,0.0890555002922901,0.0650712783821516,0.000672733085405264,5.33559105525259,0.066167604721361,0,0.0742826304235759,0.00358239352843435,0.225851685870587,2.71701647207133,0.858933866796685,0.541041891214266,1.48385557290882,0.00756549220880018,0.0164043332434372,0.0140460788738836,1.36483267560327,0.398758076122463,1.30248130986525,0.054637773159827,1.442581389562,0.65644472384907,0.039344911081384,0.102711333331629,0.0171028512987204,0.00717556315467581,0.000997205878125325,0.00158200260455374,0.00605293919705476,0.00107479756956533,0.00150507088238161,0.000209438286032876,0,0.00207419901869953,0.000489782720983696,0,7.03839986277401e-05,0.000111589705930042,0.00706969058403744,0.000118438375505501,0.0123409498001623,4.38367029682935e-05,0.00306905199525507,0.00054537874723835,0.00242140573360931,0.000156038748682046,0.000464500172268897,0.214800017030289,0.000133962428040372,0.0001981088505603,0.000325622087007752,0,0.0154356211133291,0.111757496347272,0.225195448892667,0.0452017754928869,0.000281198506717485,0.00156252520518505,0.41563565395974,0.0603068607932159,0,0,0.000812469670504223,7.02197291179508e-05,0,0.00105392687304829,0.0458326569676901
0,0.241910773271124,0.000581375891992342,0.44963327720899,0.006414766240792,0.0215558238002555,0.324236373900376,0.00974501277485912,2.91153304399365,0.379456568193127,0.00416132404725765,0.399027007234204,0.0599689128354289,0.00175393431953595,0.163449417600677,0.169920077243228,0.00175418848099533,8.45943821019471e-05,0.000719846496462172,0.0852838944612157,0.0467388455177403,1.6818406479935,0.0742826304235759,0,0.10573955776984,0.00588434659578891,0.464968410096724,1.80651799953694,0.000344409939558226,0.00898719254934882,0.00569769141090394,0.000155545942959696,0,0.00136868857310761,0.0017277508976407,0.0219277506665635,0.0011888897883261,0.00479866834172684,0.00316058686730354,0.164347447594548,0.00108020505987666,0.00244285854955254,0.0056862775136584,0.000501209053319674,0.00186486957198883,0.00205174076253532,0.0197882209415749,0.0012732076622971,0.000469035853265804,0,0.00468401810740482,0.00121773173150744,0.0132670281651105,0.0025624241281128,0.0229392529632696,0.0710817455347836,0.0255422167045032,0.150424197389065,0.203433994163006,0.0079934601681273,0.0357089350962604,0.00839272763272523,0.000525886922603324,0.0120432678512254,0.105083807576589,0.000120659990028882,0,0.000254837114256794,0.0105167737501001,0.0415769479705645,0.0895790333589374,0.0701943886548373,0.465944338116138,0.00436350320187046,0.000951964863269428,0.113627261657881,0.569645842812065,0,0,0.000151920761812033,0,0,0.000588981642435956,0.000287685598669612
0.000393008821818823,0.786708000126223,0.00185458816341326,0.00049421501950174,0.00347721904917749,0.00641867101638708,0.00281477814568349,0.00306537143865664,0.0649804322470966,0.00733840300801057,0.280460580503365,0.00715282026687008,1.2990007060448,0.00115224243430639,0.012553596513567,0.00530896463072803,0.0010606350682069,0.00113137619252718,0.000146181876340145,0.00223827958528946,0.00175201781385156,0.320304346762464,0.00358239352843435,0.10573955776984,0,0.0202481967647792,1.16272517253182,0.0291814053499821,0.00306804390240193,0.00139106716048239,0.139934524401412,0.0016682655119347,0,0.020198109475174,0.000537089224012869,0.011932846134324,0.0185723156357321,0.0207655047128654,0.00647580697561178,0.0336096873478448,0.00111830335316264,0.0700736137174148,0.00607603762178073,0.00969594423074084,0.00740208661499018,0.00309825224588359,0.00189287220831902,0.000798076689095145,0.0216254045369523,9.90599965094443e-05,0.0299386320848356,0.000463458195899528,0,0,0.000526447638516039,0.000212473141436756,0.00140199819165687,0.0006542185662482,0.000537232216325,0.252526756617767,0.000549884853491914,0.366782237340041,0.00108278296079414,0.000612609987278402,0.00103606247052534,6.57980495496094e-05,0.000426338266337354,0.00110417446023266,0,0.000370635281462699,0.00194162212499878,0.000460655057037807,0.00281128012386202,0.276602149808295,0.0245602137855089,0.401074000879906,0.00307743996060746,0.00771093350953895,4.99555141377211e-05,0.152951919759375,0.00814754316059001,7.50172235057354e-05,0.0186134109570452,5.44247249445796e-05
0.0124478175261071,0.0146641741816658,3.99274390366331,0,0.000623593203727513,0.0191063753446931,0.0164976362014883,0.0628040807062957,0.00211255404467352,0.0289315345413783,1.06408890368463,0.00641862577286837,0.113806106936488,0.089241230547849,0.00303494717372402,0.00414020257314163,2.64675217997236,0.77002715742552,2.31084413425471,0.0015557432780804,0.0283999615880515,0.0104118381761588,0.225851685870587,0.00588434659578891,0.0202481967647792,0,3.49473241300994,0.0149081508444127,0.259100492121569,0.0440417128351074,0.136218552628882,0.0242791503468912,0.00645904444561172,0.377991127490684,0.116928731937202,1.68658086562484,0.470864643509161,0.863992936110734,0.759678542567116,0.0060420802108084,0.0151950394744862,0.0228719801540976,0.0222295108844669,0.00506786119527926,0.00971595057899774,0.0173116830077778,0.000524531775638807,0.000495352956593954,0.00185324809575031,0,0.0410860115847659,0.015960286449699,0,0,0,8.3889694227764e-05,3.63516262354136e-05,0.000163842158116472,0,0.132433620689615,0,0.179840922910067,0.000233385067436541,0.000204021153614163,0.000100677066338548,0.0019637550393371,0.012009576673294,0.0340352528561176,0,0.000252570138319934,0.00126867624235376,0.00152201376891254,0.000145681373773998,0.0618929203656789,0.191651962436566,1.63715829324495,0.00033710545514574,0.000691076999612549,0.000183175666927227,0.174419568974637,0.000418240420346985,0,0.00646484672337825,0.0382104510987054
0.00307260939954574,1.50689392321318,4.27120136240711,0,0.0017386008789728,0.0049879431763104,0.0229824451832893,0.0219736437040188,0.156998128634665,0.0047931554366555,0.304911480278883,0.00111386572131009,0.700621349882953,0.0341594308188495,0.00937981461178439,0.671007833529927,0.989064602178744,0.155012803016552,0.165875555475677,8.58859865963578e-05,0.170841290644299,1.02999439548497,2.71701647207133,0.464968410096724,1.16272517253182,3.49473241300994,0,0.281434038541885,0.100040889787493,0.0407979685039124,0.658590302653283,0.00516527327283002,0.00396063973928917,0.231998195764699,0.188558697269674,1.70624982710441,0.439881879467114,0.654860735126186,0.626630420698227,0.0218733694475934,0.0329803113610919,0.0298218789925075,0.154467104381523,0.0335991079995547,0.0618277787724139,0.0926955535695379,0.00442005769289718,0.0033328330974426,0.00893762469564718,0.000107507992752213,0.68566751767271,0.343227694203641,0,0.000119676074023152,6.82692978120684e-05,0.0137234998163165,0.00095089710163123,0.0132463132693294,0.000171669834222898,0.296529719379796,0.00011092130999366,0.469254863250783,0.000807776438595495,0.000870221575127459,0.255730131719036,0.0157285113587566,0.0348803621632694,0.130393545003328,0,0.0110144558440481,0.387564590053803,0.345756833777069,0.040831131169447,0.476118181096128,0.734862963272848,18.838580854408,0.065672155004044,0.00208504328213565,0.00173939484125258,0.584456333891856,0.00126096451855353,3.46575290209591e-05,0.0296417974427516,0.0485324897070568
0.00159310848769649,0.0431231689476047,0.0214026584023804,0.664886540562058,0.0109444517332231,0.0768916274938549,6.71521764796147,0.472450489002981,0.638282831677581,1.05171012700598,0.00935740571703454,0.371901885064597,0.0875202179815138,0.138982458356366,0.107004267872375,0.207369395557098,0.0139969060378126,0.00182154712316865,0.00130003702679047,0.255131662983989,0.548595455440093,0.275681504542085,0.858933866796685,1.80651799953694,0.0291814053499821,0.0149081508444127,0.281434038541885,0,0.0146427575762569,4.24115271347423,0.0009758979829157,0.00800804129694615,0.000462874900332728,0.0467596674984572,0.129632050864028,0.298148880343394,0.00476537281721576,0.102558398667839,0.0417122815582046,0.163417387917848,0.0249387037016804,0.00643869406640203,0.00500226398226502,0.000342923505547309,0.00147252380715784,0.00214563708352386,0.0313161095384714,0.00206767976674033,0.000829928373288876,0,0.00183885546100797,0.000273436354835987,0.019989545230035,0.00321335057574269,0.0342071232910864,0.0903990091630213,0.0228086761149208,0.164234468066558,0.243922657122443,0.00609610831812193,0.056095405157396,0.00637071067742473,0.000280605698166138,0.0268235714731524,0.139939939351374,4.93823266433179e-05,8.636535792979e-05,0.000155577738054403,0.0205621095495642,0.0404539888465541,0.10522337144586,0.098207643453332,0.520257096998214,0.000455774606842316,0.000584684824649444,0.108348070016153,0.644779043745397,0,0,0.000250215813591945,4.16431530124843e-05,0,0.000773883061321437,0.00542892009007574
