0,0,213.751625925303,4.29927337169647,0,41.6589751243591,3222.42039883137,2099.0006070137,25.8242875635624,87.4435493946075,40.4266804456711,17.0300423204899,3.95012405514717,16963.0667132735,13.6710292100906,0.930818915367126,907.242790788412,10.5229106545448,248.150566697121,5.65025478601456,111.061695277691,3.88124844431877,210.662455826998,277.270212590694,3.21571469306946,174.130348324776,108.429091304541,511.607398688793,7674.20465749502,6311.21501260996,0.457239896059036,64.9006744921207,33.3751673996449,689.48559448123,61.0362950265408,115.811932355165,23.4535953402519,234.812677800655,106.787732064724,4.2440188229084,4.11023855209351,0,27.005176961422,0,7.91035127639771,0,3.34521371126175,0,0,1.14757561683655,0,0,0,0,0,10.5987362861633,0,20.2223375141621,0,0,0,0,0.85121762752533,0,10.6036655902863,0,0,0,0,2.90132516622543,10.3545253872871,0,95.3574232459068,0,0,5.30980876088142,32.5220185220242,5.28422296047211,1.84878832101822,0,0,0,5.15984016656876,7.65895122289658
0,0,124.821282804012,26.5991059839725,29.4161771833897,13.5981514155865,3.6169992685318,15.6808776259422,2653.25325068831,12.8427136540413,675.217895358801,74.6115982532501,2670.70272782445,13.8105276525021,311.521706849337,411.97435310483,130.044081747532,19.6270890831947,36.1709859967232,25.2364108264446,73.64526450634,4067.48867243528,32.2745788991451,3627.94136679173,2263.96027952433,670.125482589006,35684.6366156638,126.517380177975,80.8308857083321,14.8396823406219,202.917398810387,53.0640600323677,3.96441265940666,854.811290949583,21.2713105678558,252.189911186695,347.488037437201,262.380723506212,122.012567341328,101.345447868109,1.93031379580498,584.672839999199,41.4941592216492,125.599585622549,40.4215112924576,29.7071110010147,2.4566045999527,0,147.639926373959,0,972.159059584141,164.177397161722,0,0,0.649660408496857,1.42012962698936,1.99863415956497,41.5475182533264,0,98.0897510051727,0,209.862553298473,2.10860168933868,4.01454746723175,54.9397152364254,28.9499371647835,16.6624066233635,15.9432187080383,0,4.22199657559395,61.5096889138222,33.920020878315,91.9542356729507,56.8557609915733,622.029752165079,5028.3358848989,19.5345543026924,2.96796858310699,1.53123304247856,55.7683066427708,1.6463850736618,0,20.6664632260799,5.0601963698864
213.751625925303,124.821282804012,0,22.647383928299,5.10482200980186,1872.81685146689,4884.87212666869,7328.14257475734,23.3036591112614,1292.68568360806,416.277254521847,54.414883852005,6.53972217440605,3738.76318326592,93.2928751111031,127.832661926746,31891.4391270578,130.320929199457,2399.05787229538,19.6778119504452,5995.0041680336,71.798772662878,35032.4667681456,641.95878392458,3.88488668203354,32377.7398478687,26767.4045417309,3332.0092894733,709.44314622879,2464.23465257883,1.84896045923233,42.2335432469845,36.4690572321415,3661.9286506176,1604.97295099497,9187.10877391696,4234.53495597839,4332.69460704923,6139.84773528576,96.9645655155182,32.339361011982,13.1917541027069,195.439395308495,130.720970392227,114.454344928265,163.868319988251,14.3263821899891,4.30460095405579,0.909570455551147,0.681669652462006,222.26942178607,1533.78924423456,0,5.7504215836525,0,40.5112375020981,7.71824535727501,39.2815860509872,3.83917248249054,8.18472811579704,0,2.4142849445343,17.9347339272499,6.45208841562271,101.059911757708,136.730525612831,0.520743012428284,29.1971619129181,0,25.6903683245182,108.575663208961,214.509627848864,133.827442914248,7.0069208741188,446.220518946648,9516.80321922898,70.5194866061211,3.69520181417465,21.0821309089661,0,0,0,20.5237350463867,659.748277366161
4.29927337169647,26.5991059839725,22.647383928299,0,15.7892307639122,62.3974646925926,92.9165259003639,225.376475542784,3911.69855767488,4572.80049973726,58.0361377000809,5263.61614504457,26.0468279421329,151.98179730773,195.934678703547,0,2.97661313414574,7.88035064935684,29.4610966145992,37834.7694711536,1.28568601608276,29.3923476934433,2.65176266431808,6984.30621114373,8.07282567024231,20.6288608312607,52.0853590071201,8208.75988930464,195.095967829227,9.23321098089218,0,20.4232203066349,0.355323106050491,133.000406980515,74.0845377445221,318.324250847101,17.183907866478,152.295280635357,25.376599252224,299.812164008617,14.510775834322,3.6320561170578,206.854229658842,0.394960314035416,85.5884682536125,9.98662185668945,769.260526686907,25.7448405623436,0.564726829528809,1.31495422124863,0,0.649005472660065,2208.05036783218,8.46771639585495,425.07377448678,74.4181031882763,155.717734307051,629.165414094925,764.754784047604,1.94784262776375,1473.73076707125,0,41.9101455509663,109.765069186687,1.53848153352737,0,0,0,576.102651894093,1.41683846712112,8.18562170863152,0,1916.63225948811,0,0,1.30200073122978,2372.70707917213,21.9503562152386,5.54104173183441,0,2.15687015652657,1.03264057636261,37.5260345637798,9.45041751861572
0,29.4161771833897,5.10482200980186,15.7892307639122,0,1973.81398913264,8.18186837434769,258.329883515835,282.913229465485,47.2217134237289,16.8446814119816,310.86858817935,57.3699725270271,13.4067568778992,5730.0234797895,2.471440076828,0,4.14906978607178,1.83450758457184,24.2923567593098,4.57880613207817,32.6699505746365,2.10074892640114,164.754974007607,8.74836242198944,7.20741772651672,88.5579946935177,37.368968218565,44.3566245436668,3.04820176959038,0,298.621646463871,0,1933.76218372583,122.558608293533,429.517125606537,10.3119080662727,45.5993952155113,37.7015415430069,8811.71156990528,10896.7664946318,14.7330362796783,15.21302318573,2.09923869371414,2.23566555976868,14.8541157245636,32.201945066452,4.55147475004196,0.738734543323517,0,0,1.50938355922699,20.660841345787,0,11.20873478055,5.18107807636261,0,10.1050693392754,7.72913435101509,0,31.0500191450119,0,0,6.12075197696686,2.73897957801819,0,0,0,10.0918019413948,0,5.81539177894592,0,33.9702650010586,0,0,2.5335077047348,34.3269985318184,0.608178973197937,0,0,0,0,16.9538542032242,205.041588246822
41.6589751243591,13.5981514155865,1872.81685146689,62.3974646925926,1973.81398913264,0,6201.498737216,28282.7998152673,501.222427457571,25471.3873233199,522.660271257162,21504.915587917,287.219987750053,1099.31787294149,3804.89560014009,5.57413658499718,261.12453892827,117.797701716423,191.97228962183,350.949162006378,307.029841154814,16.5616574287415,671.496046543121,269.982178926468,6.74403566122055,492.806422740221,287.978931158781,2819.99943527579,1046.46942314506,181.712357699871,10.4021703600883,1418.33802884817,6.03580713272095,681.044105291367,5519.71997070312,2327.22472929955,199.730023682117,484.964651763439,213.404107511044,5721.06340533495,429.46634542942,55.2390517294407,129.254913806915,10.0776087641716,51.5535195469856,25.5526732206345,519.719763457775,13.910435706377,4.73845091462135,0,0,3.37690234184265,179.476945817471,10.2471022605896,157.408674418926,32.764244645834,50.747338861227,54.345560580492,101.059736281633,0.716012954711914,315.941332310438,0.926683604717255,21.3683639764786,53.9151661098003,7.59552827477455,0,0,0,68.2763485908508,2.0982118844986,10.625311255455,2.46099528670311,350.055219233036,0,0,26.6960563957691,327.684495359659,15.9948924779892,10.9675625860691,0,9.43125000596046,1.70486676692963,86.1395488381386,247.010152190924
3222.42039883137,3.6169992685318,4884.87212666869,92.9165259003639,8.18186837434769,6201.498737216,0,18800.8625087738,60.727382004261,35176.0488098264,297.626262038946,110.88443389535,58.1489161550999,28013.421566546,66.9366917014122,14.0026982426643,1092.97837457061,90.6519589722157,283.896429330111,29.0475338995457,2534.6749086678,6.78007072210312,3253.08104470372,1936.0663382709,0,839.908763319254,647.906514436007,91046.1029421389,1792.59038132429,11563.2268943191,7.78442373871803,130.022685199976,58.8531238138676,863.972597897053,397.313897907734,1120.89986008406,292.213186949492,989.248729914427,499.786860764027,117.304440647364,24.4424356222153,16.7971419394016,49.8121647238731,0.993229925632477,16.7553443312645,4.7375014424324,10.3048118650913,0,1.47818374633789,0,0.657072186470032,36.7446364164352,7.15925085544586,1.26186811923981,2.83409595489502,23.9642181098461,5.62931251525879,38.1091982126236,8.31085631251335,0.977986693382263,10.6493252813816,0,2.97436189651489,1.25044310092926,49.9424051344395,0,0,0,4.33240649104118,8.78345417976379,20.7954279780388,26.7774177789688,189.657637357712,0,0,208.329420179129,92.9001753926277,6.73886263370514,6.56971031427383,0,0,0,8.20695665478706,28.7232748568058
2099.0006070137,15.6808776259422,7328.14257475734,225.376475542784,258.329883515835,28282.7998152673,18800.8625087738,0,322.828955203295,19668.4680115581,638.992602735758,8278.09155391157,615.497235298157,16747.9663071334,1140.58033028245,7.34200322628021,5376.99096488953,137.889604985714,1118.4459400773,1285.68077194691,1961.11502698064,24.5016879141331,3850.46928051114,1020.91455863416,10.3445501029491,2429.72383463383,1041.73244908452,5888.68056862056,5158.47777757049,6788.77330559492,13.0252096652985,894.819120138884,55.441859960556,2533.93994364142,366.150430887938,5545.79819849133,533.79056224227,1286.48169672489,915.014057070017,2477.92107307911,313.382303088903,82.1294537484646,180.743819713593,28.6224987506866,84.8364379405975,28.1191996335983,384.828320205212,18.7821961045265,11.7592109441757,0.43514022231102,0,15.9367623627186,58.3729574084282,5.58791828155518,81.0351206660271,70.48931401968,25.9439593851566,148.817387849092,20.4046230614185,4.25769719481468,229.642269507051,2.29223111271858,6.34801217913628,28.468825250864,61.4876489937305,0,0,0,32.4772339761257,17.0528837442398,55.2249819934368,8.54418244957924,943.358422607183,0,0.484463423490524,133.192695498466,348.239386230707,6.57132136821747,21.8262889683247,2.61501833796501,6.10158270597458,0,165.931716680527,16.3296174108982
25.8242875635624,2653.25325068831,23.3036591112614,3911.69855767488,282.913229465485,501.222427457571,60.727382004261,322.828955203295,0,813.809674441814,344.718391656876,3373.96826756001,933.160849809647,264.571851491928,1432.59686496854,623.235105067492,18.849565833807,41.4685735702515,52.3096525669098,1925.53904747963,150.564187079668,4995.77864143252,94.577300131321,27061.8722950816,969.113832473755,175.523544222116,5768.70993828773,4790.12705644965,640.106057077646,227.899114042521,150.228149920702,73.4655170142651,36.321924507618,419.046566396952,273.607008814812,940.855366647243,155.335103839636,369.201963186264,102.242950558662,1104.20959720016,46.7312153577805,102.71171849966,396.436058551073,15.2648452818394,139.014699220657,29.7999809980392,318.423447966576,25.6350436806679,22.0906993150711,7.57800555229187,55.7824414372444,6.5611931681633,1087.95750296116,33.375760614872,170.703103542328,161.045199424028,82.5512452423573,2239.23358395696,297.783097058535,39.4042319059372,396.997250676155,41.5934772193432,105.652276813984,92.6705788969994,735.650960892439,0,5.68285199999809,4.51492109894753,165.828440129757,97.0403038263321,1496.52061659098,128.114912688732,4332.10952493548,4.66153308749199,14.3618662953377,179.458325356245,1806.14390686154,117.237475901842,70.4875987768173,3.93788275122643,6.58355051279068,2.25174897909164,77.6593048870564,117.058257251978
87.4435493946075,12.8427136540413,1292.68568360806,4572.80049973726,47.2217134237289,25471.3873233199,35176.0488098264,19668.4680115581,813.809674441814,0,2063.40810492635,11766.479314208,435.87012976408,3760.87502667308,254.562587857246,2.04130625724792,236.350460916758,552.611249178648,810.757127374411,11770.5813353956,235.402355313301,4.78901934623718,433.035224020481,1302.5905213058,2.93660098314285,1166.21119871736,444.032593727112,25322.3872006536,3310.70649640262,260.053698450327,30.6010393798351,804.061609730124,10.7630633115768,2093.02574807405,1389.11027514935,4334.07019335032,533.460093796253,2137.47011739016,438.235457599163,730.779334157705,170.121586799622,141.34133914113,378.653049558401,25.7632942199707,188.953709632158,31.3581497371197,680.876941740513,16.5936262309551,7.11517477035522,0.641695082187653,1.34735321998596,3.70088443160057,722.677297562361,15.4382176399231,287.927559107542,179.510624170303,179.349201530218,365.721256375313,769.340592652559,0.699427843093872,824.73230701685,0,18.852928340435,72.372633934021,4.95915615558624,0,0,0,195.83433675766,1.04823017120361,5.69472751021385,3.82921308279037,2378.83010447025,0,0,34.7469668984413,2237.66680622101,18.1089016497135,27.2422737181187,0,0.857001602649689,3.22179216146469,116.421604454517,94.986372500658
40.4266804456711,675.217895358801,416.277254521847,58.0361377000809,16.8446814119816,522.660271257162,297.626262038946,638.992602735758,344.718391656876,2063.40810492635,0,1354.72237509489,4906.01890042424,525.743439406157,106.038275778294,10.8680372536182,761.954794496298,8501.69790929556,5672.81185293198,274.41191226244,149.731737524271,420.328461885452,559.64052221179,433.024098724127,917.199565976858,5726.28803351521,1426.2828567028,1020.75619372725,4875.92203843594,220.937676399946,726.307135134935,2545.05489379168,39.2415865659714,10855.0933192968,168.40953156352,2513.79274082184,11331.1315249503,10709.4298602641,1910.93572810292,164.038322508335,46.5382696390152,1542.29866307974,31.4376779794693,583.94708403945,46.0849224328995,12.6411123871803,40.8429517149925,2.48463499546051,184.97819969058,0,62.9577076733112,4.90149050951004,1.67356389760971,0,1.7798730134964,2.56663382053375,1.63796627521515,53.6727029681206,2.2320451438427,755.292867422104,21.2864170074463,2743.26740863919,4.98048913478851,2.17376500368118,2.85289800167084,0,32.7078260779381,0,0,0,6.45872741937637,0.366107523441315,131.26884791255,171.27210521698,433.367083102465,1775.29812160134,0,5.12323194742203,1.26648783683777,706.433144569397,5.40536385774612,0,129.133624881506,54.3406210541725
17.0300423204899,74.6115982532501,54.414883852005,5263.61614504457,310.86858817935,21504.915587917,110.88443389535,8278.09155391157,3373.96826756001,11766.479314208,1354.72237509489,0,321.472176373005,1354.51656250656,1955.38331332803,4.27880215644836,38.7528851926327,355.32311925292,394.827097833157,18746.1487183869,12.9178195893764,99.414933770895,26.3392010033131,1152.13465443254,21.6290574371815,587.185408681631,324.0439850986,2453.842338413,1696.55717204511,54.2102432250977,33.5695953965187,828.788693711162,0,891.308125704527,3082.29811006784,1730.95832410455,223.764924257994,974.14922952652,217.360108807683,3612.79588381946,91.9155310988426,113.635407835245,229.690783798695,14.4286921918392,99.5329336822033,42.626258045435,1281.43724220991,28.2540345191956,6.45350041985512,2.09816837310791,0.690583050251007,0.55953848361969,903.603220671415,31.8974016904831,474.344018608332,46.6178076863289,114.772715687752,257.396624714136,487.482090502977,14.4926670193672,1701.6846318543,2.26059573888779,75.1795389950275,165.782211512327,5.72109794616699,0,2.56796976923943,0.455393582582474,757.520296096802,2.59426540136337,8.84482944011688,0.924666821956635,907.846134126186,0.415717005729675,1.90579974651337,1.99024868011475,1014.57478833199,25.019698381424,4.92428603768349,0,22.310081332922,0.981406986713409,95.8668344318867,158.959024608135
3.95012405514717,2670.70272782445,6.53972217440605,26.0468279421329,57.3699725270271,287.219987750053,58.1489161550999,615.497235298157,933.160849809647,435.87012976408,4906.01890042424,321.472176373005,0,145.892316550016,228.034556537867,41.1024993062019,1.67312276363373,21.8622299432755,11.2808708846569,52.8154285252094,38.063411295414,1887.11129590869,11.6128251254559,1040.32574647665,16738.7452574968,262.797511905432,2552.90660628676,396.737961500883,916.250790119171,78.1333444714546,2067.10348904133,1376.12523403764,5.34864699840546,6576.68818366528,105.629641830921,1404.23491433263,2851.680157125,2195.29488387704,938.989934504032,1233.55087286234,1499.98703753948,4428.35549989343,456.346765220165,1940.33141410351,223.303623229265,56.1863133907318,1324.46281445026,56.5726167559624,1490.06312200427,5.30486333370209,220.628094881773,2.06318187713623,6.70318457484245,8.91739022731781,86.3654201924801,147.436707705259,117.546461820602,29.7261997163296,39.0576317608356,3050.58816587925,47.0617428123951,9182.05036154389,133.551209867001,12.2529433965683,20.3007851839066,2.13870167732239,67.9017467200756,11.0475614070892,9.22608068585396,15.3553240299225,39.5964167118073,5.59354817867279,321.641328543425,1119.31394448876,604.219070374966,4195.42364794016,293.279623359442,87.4177878499031,61.8946122825146,1905.15780222416,63.2528623640537,2.94073140621185,1002.62443855405,66.5807809233665
16963.0667132735,13.8105276525021,3738.76318326592,151.98179730773,13.4067568778992,1099.31787294149,28013.421566546,16747.9663071334,264.571851491928,3760.87502667308,525.743439406157,1354.51656250656,145.892316550016,0,152.13359901309,14.4373085796833,5972.16607299447,112.294005692005,1414.37150335312,331.016623392701,1397.48961520195,22.0422539710999,2561.15300834179,1767.64434409142,3.44899702072144,1824.47744342685,905.580133467913,6115.56452095509,24114.5551354885,17927.5016674399,7.68179768323898,461.364670306444,117.043344497681,3140.55897146463,265.171380370855,1783.01182597876,305.40502461791,1314.97532320023,672.321460276842,240.404947370291,57.1593469083309,35.7479556798935,118.126169621944,5.12390458583832,60.5438306331635,8.3400753736496,100.475608676672,7.50101011991501,3.8166326880455,4.38775843381882,1.80098509788513,11.3352990448475,8.02784883975983,0,5.40894162654877,89.1692474484444,5.54264557361603,164.446123093367,8.549202054739,1.4578241109848,41.8134670555592,1.25201919674873,5.91925105452538,4.41806143522263,81.7325541377068,0,0,0,4.33513045310974,15.0197494029999,57.5668312013149,1.91583526134491,1151.47627648711,0.769236624240875,0,60.7415995001793,313.728849261999,9.49316602945328,27.9271734654903,0,3.12040191888809,0,59.2455930709839,15.957659304142
13.6710292100906,311.521706849337,93.2928751111031,195.934678703547,5730.0234797895,3804.89560014009,66.9366917014122,1140.58033028245,1432.59686496854,254.562587857246,106.038275778294,1955.38331332803,228.034556537867,152.13359901309,0,70.2065660953522,43.0379024744034,26.7722320556641,31.6978073120117,156.088557809591,265.330871850252,302.748557269573,472.838313490152,1442.4320282042,90.569280475378,92.1524651050568,801.048649907112,833.882888972759,255.630536317825,339.931962519884,10.617948025465,914.524803936481,6.12792122364044,251.682096600533,3377.8621455729,1043.27043247223,203.389102488756,205.613203644753,282.372210800648,7118.87664434314,364.343797445297,23.6211751699448,241.296481072903,18.5764433443546,72.9090606272221,32.1513530611992,422.807180851698,28.6663739085197,5.05327451229095,0.766260147094727,4.02278506755829,5.16667479276657,207.877968996763,1.14761090278625,144.827161997557,121.198096692562,53.5820750892162,127.170627862215,89.0158243775368,7.17152959108353,202.821501135826,1.77935612201691,55.0568438768387,45.3170445561409,38.6582130789757,0.96580970287323,1.52025437355042,0,50.5119113624096,17.3169010877609,33.3078680634499,9.49722141027451,777.005182832479,0.705942690372467,3.90956634283066,23.4396249055862,549.310510456562,27.6389982104301,47.882012039423,0.501786470413208,14.1477239131927,0,107.644759207964,465.62442317605
0.930818915367126,411.97435310483,127.832661926746,0,2.471440076828,5.57413658499718,14.0026982426643,7.34200322628021,623.235105067492,2.04130625724792,10.8680372536182,4.27880215644836,41.1024993062019,14.4373085796833,70.2065660953522,0,100.706504464149,2.52014458179474,15.7920311689377,0.623417675495148,10231.5675342083,8552.81768879294,6215.3022762537,7292.38059362769,61.7709088921547,89.4540973901749,9293.55320796371,4613.61960878968,34.9721939563751,28.4140248894691,1.52637895941734,0.704544246196747,9.57246372103691,171.81778678298,1267.85275414586,5807.67276215553,2993.52796941996,713.476376205683,1436.70728349686,9.8044610619545,25.4501954317093,8.82748794555664,264.773763388395,37.1519828438759,55.8056844174862,46.095687687397,42.4422386288643,3.69911527633667,0,3.27439117431641,17.8359833359718,186.255787491798,0,1.11216604709625,2.86947879195213,141.405418843031,44.3093745410442,12.0738272368908,18.4709060788155,2.06938791275024,0.803646683692932,1.29980766773224,74.1192719638348,3.31472319364548,16074.7414529026,12.179911583662,0,1.99779427051544,1.40338379144669,1501.26787430048,4100.99830254912,6465.42263424397,2155.67137771845,0,17.6053994297981,4364.06068369746,1942.45458057523,65.2284926474094,99.6123139858246,1.24600231647491,0.579922199249268,4.91309571266174,34.3049801290035,184.256818562746
907.242790788412,130.044081747532,31891.4391270578,2.97661313414574,0,261.12453892827,1092.97837457061,5376.99096488953,18.849565833807,236.350460916758,761.954794496298,38.7528851926327,1.67312276363373,5972.16607299447,43.0379024744034,100.706504464149,0,402.591624677181,10523.3215431273,12.301568120718,3437.26844346523,52.0360034108162,20229.1581434309,268.090384781361,4.39835327863693,17987.8926203549,18830.0404366553,2080.3366086781,3237.55312585831,8629.70854622126,0,38.3499791026115,78.752309769392,10497.8158108294,493.85823610425,2537.27299195528,1922.16510125995,2828.61597129703,2001.51212722063,24.1457611322403,10.7028854489326,3.73645013570786,20.7889778912067,19.0292619466782,10.1141677200794,23.1188454031944,0.841555118560791,1.38802689313889,0,0.461601853370667,50.4901670217514,284.127590328455,0,0.62672746181488,0,1.30383968353271,0,3.36615878343582,0,0.728692173957825,0,0,0,0,20.1288918852806,17.6106716990471,1.59075212478638,1.12205147743225,0,9.64637491106987,41.0134855508804,31.0996016561985,19.5704277157784,1.00344967842102,120.827638059855,1906.05208441615,14.1823507249355,0.862953245639801,0.515070796012878,0,0,0,1.86195737123489,96.911682933569
10.5229106545448,19.6270890831947,130.320929199457,7.88035064935684,4.14906978607178,117.797701716423,90.6519589722157,137.889604985714,41.4685735702515,552.611249178648,8501.69790929556,355.32311925292,21.8622299432755,112.294005692005,26.7722320556641,2.52014458179474,402.591624677181,0,6105.1808359921,71.1125656068325,55.5438778400421,15.9518631100655,179.896169006824,82.6645631492138,50.292281806469,3841.13268247247,1358.80729565024,272.780498117208,904.062629967928,60.2674012482166,62.3076758980751,293.224938511848,12.7601869702339,1486.36336705089,146.98345670104,1524.06642785668,6422.01441451907,5407.28000837564,1121.52872446179,42.0644481778145,2.73333215713501,2.5594916343689,8.44807320833206,91.3259429335594,27.3202808499336,19.1919484734535,1.11446857452393,3.08563888072968,2.5730048418045,0,35.1148571968079,3.53504520654678,0,1.12395048141479,0,0,0,17.2293112277985,0,37.9785427451134,4.94164711236954,200.023962080479,0,0,0,0.628547728061676,110.447788894176,3.687819480896,0,0,4.57345539331436,0,0.946179509162903,45.7574387788773,877.994843125343,2269.92886918783,0,0,0,110.169408082962,0,0,3.62844151258469,18.6602487564087
248.150566697121,36.1709859967232,2399.05787229538,29.4610966145992,1.83450758457184,191.97228962183,283.896429330111,1118.4459400773,52.3096525669098,810.757127374411,5672.81185293198,394.827097833157,11.2808708846569,1414.37150335312,31.6978073120117,15.7920311689377,10523.3215431273,6105.1808359921,0,93.0667952597141,581.107301920652,25.4428509771824,2608.53599065542,196.762940227985,30.0972582399845,12354.6778542101,4340.24167257547,641.856150686741,1763.31117528677,863.937405318022,18.7584587931633,162.615583062172,73.6728500127792,8762.56247371435,412.324836790562,3882.44167485833,6566.54184475541,6271.81142106652,3036.392562747,49.7370302677155,5.28246942162514,3.7741451561451,8.68023046851158,32.6842176318169,18.5121731758118,12.086883187294,6.45264983177185,0,0,0,46.7230546474457,52.3887809216976,0.986745476722717,0,0,0,0,25.0160310566425,0,4.59122806787491,4.02922502160072,36.3203185796738,0,0,2.5006782412529,9.11705514788628,34.7984545826912,24.9864867925644,0,0.482716947793961,5.84003639221191,5.14795181155205,8.92039710283279,15.5958425998688,622.231917649508,1634.98296022415,0,0,0,26.7922213673592,0,0,0,126.755870342255
5.65025478601456,25.2364108264446,19.6778119504452,37834.7694711536,24.2923567593098,350.949162006378,29.0475338995457,1285.68077194691,1925.53904747963,11770.5813353956,274.41191226244,18746.1487183869,52.8154285252094,331.016623392701,156.088557809591,0.623417675495148,12.301568120718,71.1125656068325,93.0667952597141,0,2.03421372175217,36.4756047129631,6.41487005352974,1821.90609067678,8.69862920045853,147.746148392558,84.5795988440514,8921.15412017703,396.555803239346,23.14291664958,5.23657709360123,119.365470454097,0.59809136390686,209.444255515933,53.2795687317848,517.182693362236,55.0443713963032,197.741165235639,38.5230452269316,303.453326478601,23.7529796659946,22.0147557556629,95.2701281011105,5.41265743970871,37.2587692141533,8.17337012290955,285.924508035183,10.0389215946198,2.34678938984871,0,0,0,491.340770155191,13.4204759597778,155.681095868349,25.6974494755268,51.4644761681557,138.562081426382,324.776482880116,2.80114403367043,536.421226084232,0,22.8937518596649,52.6258050203323,2.5583153963089,0,0,0,109.911993086338,0,9.57574862241745,0,560.907412528992,0,0,1.88472628593445,685.51767128706,10.1949467658997,5.10331144928932,0,3.1828336417675,0,21.9155382514,4.48132413625717
111.061695277691,73.64526450634,5995.0041680336,1.28568601608276,4.57880613207817,307.029841154814,2534.6749086678,1961.11502698064,150.564187079668,235.402355313301,149.731737524271,12.9178195893764,38.063411295414,1397.48961520195,265.330871850252,10231.5675342083,3437.26844346523,55.5438778400421,581.107301920652,2.03421372175217,0,632.018599003553,56408.8383716047,708.933020204306,10.1090070903301,845.513215333223,4801.26219922304,14547.3224388361,460.366595566273,28870.2571737766,0,14.7681042551994,60.1096842885017,14122.6297445893,5097.93101450801,12548.8358226418,1748.44766390324,10410.2145700753,6885.61679795384,58.2305142879486,95.5765681266785,16.1290956437588,203.39769166708,11.7743148803711,37.3375979661942,34.1172036528587,41.972275853157,7.1132664680481,1.41584861278534,12.1931003034115,6.23180109262466,73.9401760399342,0,3.91172683238983,2.54751324653625,134.059831768274,50.8037753105164,12.6601337790489,11.8676362335682,0,1.8747920691967,0,73.7953684031963,5.42120409011841,3387.784614712,6.77593693137169,0,0.612337708473206,0.673923254013062,1205.8308377862,1048.60015207529,701.065568506718,1208.59494376183,0,3.57311388850212,642.689057141542,1663.33250311017,60.9373123645782,181.760855823755,0,0,2.03244882822037,18.5139890313148,481.829190045595
3.88124844431877,4067.48867243528,71.798772662878,29.3923476934433,32.6699505746365,16.5616574287415,6.78007072210312,24.5016879141331,4995.77864143252,4.78901934623718,420.328461885452,99.414933770895,1887.11129590869,22.0422539710999,302.748557269573,8552.81768879294,52.0360034108162,15.9518631100655,25.4428509771824,36.4756047129631,632.018599003553,0,486.701507776976,18627.4689595103,1722.34524473548,387.440372765064,21515.1540105343,627.069058954716,95.6447767317295,51.8880235254765,270.067256271839,26.7548459172249,7.4656967818737,475.186400830746,69.7618504166603,292.904535144567,239.995188325644,172.295278519392,96.4123877584934,71.7517681717873,3.9274029135704,327.783132046461,171.210846602917,126.086961507797,55.7249173521996,56.9141040742397,9.03807508945465,0.982724547386169,91.3881319463253,0.933168828487396,1883.12872961164,246.101555943489,2.36183178424835,2.1682385802269,4.25467973947525,33.8693419694901,7.71687358617783,113.56467884779,11.3301695585251,69.9576107263565,4.35714322328568,311.922053158283,14.9669303894043,4.73277938365936,2816.984241575,37.1225048899651,9.73654645681381,18.2346575856209,0.688372254371643,175.339549839497,1920.27089560032,827.812676131725,917.42654517293,378.942953765392,309.953590512276,8311.79846775532,424.092698723078,10.9764026403427,20.6051137149334,29.9139952361584,2.34648394584656,0.718660831451416,21.2321994006634,26.7923288345337
210.662455826998,32.2745788991451,35032.4667681456,2.65176266431808,2.10074892640114,671.496046543121,3253.08104470372,3850.46928051114,94.577300131321,433.035224020481,559.64052221179,26.3392010033131,11.6128251254559,2561.15300834179,472.838313490152,6215.3022762537,20229.1581434309,179.896169006824,2608.53599065542,6.41487005352974,56408.8383716047,486.701507776976,0,1545.8976841867,2.43063062429428,5445.54696860909,25250.8899155259,12267.8626550138,723.263057470322,9683.57374462485,1.22872889041901,27.7571182549,64.3838508427143,11434.4912399054,9839.07679572701,32203.027135849,12759.5260325074,16873.2429559529,21369.5075671971,74.4910302460194,132.87003493309,19.4960081875324,143.084450513124,32.0264545977116,26.5695750117302,119.793843209743,33.4262886047363,2.95860469341278,1.58399438858032,2.9080710709095,11.7681369185448,694.303164422512,0,6.18583369255066,4.86111229658127,135.408914387226,17.1137604117393,14.1531376242638,17.0334020256996,0,0,1.07073616981506,17.6193224787712,5.6879763007164,6449.42384564877,14.5387063026428,0,1.2721551656723,0,528.087615311146,1019.73905807734,3274.54844486713,771.630270898342,0,19.5365226566792,4618.0946380496,706.74921682477,3.13886281847954,33.7512439489365,0,0,1.19300007820129,9.75697568058968,1700.46863037348
277.270212590694,3627.94136679173,641.95878392458,6984.30621114373,164.754974007607,269.982178926468,1936.0663382709,1020.91455863416,27061.8722950816,1302.5905213058,433.024098724127,1152.13465443254,1040.32574647665,1767.64434409142,1442.4320282042,7292.38059362769,268.090384781361,82.6645631492138,196.762940227985,1821.90609067678,708.933020204306,18627.4689595103,1545.8976841867,0,1051.68437570333,485.832668185234,12500.2449700236,21564.2739944756,4779.6953252852,1405.00762778521,104.489508241415,138.08325663209,656.869647502899,1873.80672323704,2591.93647572398,5815.30356186628,1106.20270112157,2093.07912901044,1032.58384028077,869.840176343918,164.810700714588,91.0830278098583,6353.30926415324,76.7080827951431,1959.54034888744,254.124829620123,2028.23458230495,321.064294219017,28.0354710221291,88.4258930683136,73.0497362911701,146.802116245031,1261.73506855965,45.841298699379,508.866579324007,2521.921762079,937.431356728077,6040.33909794688,968.352560907602,104.435679793358,495.78770917654,16.6077516674995,1138.70696952939,238.968428105116,3642.86350429058,9.14435228705406,2.82363921403885,4.40358653664589,222.763327300549,958.105531185865,2947.45554074645,769.165639311075,30829.4701701105,6.43380892276764,19.0181449949741,1932.06179568172,13007.0290584862,1453.70282006264,1175.39484426379,0,30.5142578780651,64.1710148751736,1073.50672256947,1107.95626291633
3.21571469306946,2263.96027952433,3.88488668203354,8.07282567024231,8.74836242198944,6.74403566122055,0,10.3445501029491,969.113832473755,2.93660098314285,917.199565976858,21.6290574371815,16738.7452574968,3.44899702072144,90.569280475378,61.7709088921547,4.39835327863693,50.292281806469,30.0972582399845,8.69862920045853,10.1090070903301,1722.34524473548,2.43063062429428,1051.68437570333,0,803.062731146812,11906.8770108521,27.1469052433968,42.7443040907383,2.52729314565659,1238.79308736324,60.8715110123158,0,2028.51607087255,3.70962733030319,45.7933537662029,313.969327628613,96.9671238064766,20.7787702679634,31.4862794578075,1.45855444669724,1105.7664386034,9.9632408618927,293.42252177,33.6253491640091,3.73520123958588,3.20138490200043,0,748.350644111633,0,278.001430332661,3.29190331697464,0,1.51059234142303,1.55402141809464,1.65121960639954,3.90907135605812,25.9874789714813,3.25324019789696,962.651388943195,2.97667342424393,6339.1961132288,5.37164831161499,1.45031547546387,5.11895847320557,1.89131444692612,19.3014674782753,4.57080784440041,0,0,28.9612912535667,0,26.2758694589138,1539.45718282461,255.897756099701,2683.61412835121,0.599018216133118,11.9117101430893,0,871.064934134483,10.7102506160736,0,594.690716087818,0
174.130348324776,670.125482589006,32377.7398478687,20.6288608312607,7.20741772651672,492.806422740221,839.908763319254,2429.72383463383,175.523544222116,1166.21119871736,5726.28803351521,587.185408681631,262.797511905432,1824.47744342685,92.1524651050568,89.4540973901749,17987.8926203549,3841.13268247247,12354.6778542101,147.746148392558,845.513215333223,387.440372765064,5445.54696860909,485.832668185234,803.062731146812,0,31398.0753743052,1070.1014803648,1830.27426022291,927.528436332941,873.83225184679,486.741702973843,39.6094396710396,5844.11177489161,1242.81556391716,11096.7262259424,22522.6790005863,11811.765660733,6836.01513361931,111.162388980389,26.0213814079762,61.4908048510551,277.630583256483,1380.335439533,464.056435257196,299.563491404057,6.69734787940979,0.488606929779053,30.305455327034,0,982.00368052721,1217.11194396019,0.449211925268173,6.05588829517365,0,2.13182032108307,2.24011760950089,47.1369276046753,0,709.606326162815,6.91567710042,4766.27773097157,1.78108817338943,1.50707185268402,31.976565271616,273.778996646404,690.167098671198,526.899898827076,0,8.6166670024395,111.900037944317,71.6712396740913,31.0796432495117,531.93390455842,11337.6241796613,37766.5818324983,9.87837871909142,4.01329642534256,2.02768620848656,1862.62191593647,0,0,81.8810353577137,422.721371412277
108.429091304541,35684.6366156638,26767.4045417309,52.0853590071201,88.5579946935177,287.978931158781,647.906514436007,1041.73244908452,5768.70993828773,444.032593727112,1426.2828567028,324.0439850986,2552.90660628676,905.580133467913,801.048649907112,9293.55320796371,18830.0404366553,1358.80729565024,4340.24167257547,84.5795988440514,4801.26219922304,21515.1540105343,25250.8899155259,12500.2449700236,11906.8770108521,31398.0753743052,0,9351.57761120796,949.629849910736,937.543105334044,1807.2594203651,101.880523204803,67.759800106287,8163.94321838021,5208.32738807797,29590.4578174949,18371.1733438373,13505.1025361121,16863.4745694399,338.585376918316,75.9375787377357,83.244200438261,2147.5334199667,2939.26359727979,1503.90142643452,1543.97918048501,79.0762269794941,5.35268652439117,48.4041625857353,1.29804113507271,10814.0459097922,11126.4261192083,6.02504593133926,15.3974030017853,10.1166599988937,586.741036504507,105.734045177698,423.526299118996,98.7914681434631,432.819198161364,5.88996535539627,4181.83355134726,146.448079675436,59.5018915534019,7445.93716937304,1377.74089536071,681.425270110369,893.642923116684,1.76864039897919,505.515911072493,3909.51594930887,6816.239043504,2196.17145231366,1731.90148186684,17137.6522517204,169510.396035105,1451.70572185516,17.413972556591,96.0971300601959,1098.90809217095,1.50064894556999,2.96745264530182,232.665784150362,1746.73928421736
511.607398688793,126.517380177975,3332.0092894733,8208.75988930464,37.368968218565,2819.99943527579,91046.1029421389,5888.68056862056,4790.12705644965,25322.3872006536,1020.75619372725,2453.842338413,396.737961500883,6115.56452095509,833.882888972759,4613.61960878968,2080.3366086781,272.780498117208,641.856150686741,8921.15412017703,14547.3224388361,627.069058954716,12267.8626550138,21564.2739944756,27.1469052433968,1070.1014803648,9351.57761120796,0,10554.9448335171,48399.2777109742,8.94725754857063,423.889579057693,1094.4444090724,6293.70888409019,5380.5534439683,12073.1866441071,1759.74975675344,7498.12544044852,3307.58096879721,1019.26860320568,298.290239870548,67.2014554142952,2532.60380473733,22.9084412157536,779.237436264753,77.9631806612015,2016.28770428896,169.39422956109,7.45849853754044,35.2920160889626,12.977664411068,117.370797872543,2123.28552049398,20.2405433058739,814.150419592857,1228.89817798138,757.904269367456,1601.16676795483,1428.34626087546,6.28258830308914,1237.28736644983,0,409.947536289692,208.518090248108,2214.32876372337,2.97466441988945,0,0,515.305522710085,779.440690368414,917.926203250885,508.960928440094,11659.0940589011,0,4.38586124777794,1226.16514769197,9338.13773462176,425.831715226173,593.930606901646,0.844439327716827,2.50938522815704,19.6326735913754,394.256790816784,503.271626889706
7674.20465749502,80.8308857083321,709.44314622879,195.095967829227,44.3566245436668,1046.46942314506,1792.59038132429,5158.47777757049,640.106057077646,3310.70649640262,4875.92203843594,1696.55717204511,916.250790119171,24114.5551354885,255.630536317825,34.9721939563751,3237.55312585831,904.062629967928,1763.31117528677,396.555803239346,460.366595566273,95.6447767317295,723.263057470322,4779.6953252852,42.7443040907383,1830.27426022291,949.629849910736,10554.9448335171,0,14889.581880331,97.829896569252,2267.30733498931,9011.09774190187,18701.0266040266,697.739674508572,3435.10788071156,753.299106359482,3486.85974520445,932.242105662823,511.977761089802,284.241043150425,261.29003444314,478.867714345455,24.5289186537266,209.902494251728,58.6216761171818,267.423660546541,12.9183743000031,14.8364793658257,2.423688352108,6.90508258342743,5.56415423750877,25.3091512024403,2.84177541732788,19.9623785316944,313.213955461979,38.2130794525146,459.602085441351,10.4752980470657,5.77455085515976,53.6873072087765,23.8277485966682,32.8607528209686,9.46267282962799,114.652078211308,0,0,0,3.99854937195778,47.6702400743961,87.6680329442024,7.48418805003166,2806.06865110993,0,2.69346594810486,36.2708068788052,918.835125505924,52.6968844532967,114.163809120655,4.37977987527847,1.75324636697769,6.76174771785736,169.573699533939,60.0982036292553
6311.21501260996,14.8396823406219,2464.23465257883,9.23321098089218,3.04820176959038,181.712357699871,11563.2268943191,6788.77330559492,227.899114042521,260.053698450327,220.937676399946,54.2102432250977,78.1333444714546,17927.5016674399,339.931962519884,28.4140248894691,8629.70854622126,60.2674012482166,863.937405318022,23.14291664958,28870.2571737766,51.8880235254765,9683.57374462485,1405.00762778521,2.52729314565659,927.528436332941,937.543105334044,48399.2777109742,14889.581880331,0,1.37033224105835,62.9436905384064,3296.18212008476,16969.537951678,3666.9515119195,5443.31816601753,480.613105148077,7699.06328344345,2537.82494136691,203.645785927773,102.537428408861,5.90935671329498,453.71685346961,0.554550349712372,111.982143104076,26.4395433664322,104.725223213434,8.12561321258545,0.776786386966705,1.18692427873611,0,15.8953461647034,1.34854900836945,4.23158943653107,6.01296609640121,178.113275647163,47.0848236083984,159.03994935751,10.0321310162544,1.81184911727905,3.83853495121002,0,63.2611337900162,2.05689525604248,504.551123589277,0,0,0,0,234.043802678585,275.158800065517,42.8752609193325,1749.20020225644,0,0.721445500850677,101.790163815022,1192.35919347405,63.8249638974667,106.070430397987,0,3.47961938381195,6.16441655158997,60.8634325861931,356.412125885487
0.457239896059036,202.917398810387,1.84896045923233,0,0,10.4021703600883,7.78442373871803,13.0252096652985,150.228149920702,30.6010393798351,726.307135134935,33.5695953965187,2067.10348904133,7.68179768323898,10.617948025465,1.52637895941734,0,62.3076758980751,18.7584587931633,5.23657709360123,0,270.067256271839,1.22872889041901,104.489508241415,1238.79308736324,873.83225184679,1807.2594203651,8.94725754857063,97.829896569252,1.37033224105835,0,83.1988672614098,0.506066560745239,148.512431174517,2.26431459188461,111.650830745697,1361.78584095836,395.595975756645,94.4466039538383,5.17509573698044,0.914145916700363,128.016396343708,4.78332814574242,430.055987685919,56.0670251250267,12.1514256596565,0,0,65.421658039093,0,45.2275516688824,0,0,0,0,0,1.67361971735954,2.17559283971786,0,586.637412130833,0,3352.72597774863,2.71422708034515,0,0,0,83.0331294834614,10.1575102508068,0,0,4.90015065670013,0,0,282.553092181683,650.176819175482,3909.87771511078,0,3.94135290384293,0,1011.5344735384,1.85876497626305,0,68.3722474873066,0.87450784444809
