0,0.000205880804164112,0.0436149309677866,0,0,0.00177942444098988,0.28560296507416,0.312342504109374,0.0033959151738874,0.000112445832851618,0.00120355232724297,0.000600334286102831,0.000693495525423705,1.18613940289959,0.00026815457311678,4.97041767554283e-05,0.0183798640108375,0.00444917297800669,0.0126074755392236,0.000141701509008825,0.0120027241296155,0,0.030276866367728,0.00145895203374394,0.00019811186041829,0.0267228218511984,0.0188039666493311,0.0212756124832916,1.65387752905525,1.83159948562957,4.55051415492595e-05,0.000373695141361833,0.00109842920751882,0.0163104618616317,0.00209545537187111,0.00467481534707534,0.0015008973207739,0.0125921322742909,0.000594223390852004,0.00139157825327361,0.00319486016276448,0.000963998790188909,0.00306189075802421,0,0.000523722320389807,8.91687852980792e-05,0.00198549874530014,0.000477497766308218,0,0,0.000165932054160416,0.000314384958657354,0,0,0.000254633855332613,0.00275549603648838,0.000371992708277971,0.00189869523029125,0,0,0.000175312111741424,0,0.000128119990156651,0,0.00020887663195762,0.000259665781228005,0,0,0,0.000454090582466036,0.000244301508416593,0.000192760294895053,0.00962871105575502,0,0.000108436787469506,0.00197136993416527,0.00969844127029615,0,0.00336212043822685,0,0,0,0.000187755987349033,0
0.000205880804164112,0,0.0179232492142589,0.000125978019595742,0,0.000299855808642149,0.000337224818487495,0.00165118972307798,0.0685492836928985,4.32529201656282e-05,0.0332240316693831,0.000413000205129385,0.318223634750581,0.00429497594014531,0.000138449062043906,0.075333748901615,0.0105123146369534,0.0339813242305124,0.00588922404809424,0.000177333488112062,0.0491034331034483,0.317508596388005,0.124181108806385,0.175982061037367,0.448670141192802,0.236266669946994,3.22734125610761,0.0361881961000536,0.0017657898571328,0.0191877389142993,0.000751797422160565,0.00172556358818674,0.000147740541225552,0.0370482392292432,0.000980287803938031,0.0202245883950536,0.0109986596136626,0.0166835813228886,0.0075748140628311,0.000495110867827833,0.000170350948724836,0.00055560528503561,0.0126834180222846,0.00403961062462601,0.00647509682147497,0.00499382868449143,0.00128646571538996,0.000377660037448406,0.000598569147346854,4.16215742838085e-05,0.0816226629609909,0.00848891335100532,0.000518765243210077,0.000108208807311773,0.000203050123670638,0.00325100264702753,0.00139106444259566,0.00517753825933403,0.000302389386793107,0.00657618296586296,7.22513475827873e-05,0.00220669033437869,0.00135870296127123,0.000143650914237619,0.00492723482191495,0.0107966780174109,0.00120600173715466,0.00857350828518379,0.000473033094472796,0.00114611776941052,0.0089596347107805,0.00750740121094963,0.015440137024466,0.00440376697761947,0.0244519468512531,0.290613489368812,0.00677645665369132,0.000589487255697801,0.0023536199880209,0.000412210567077339,0,2.57132842184603e-05,0.00438162388810823,0.000968409503540695
0.0436149309677866,0.0179232492142589,0,0.000318852965934694,0,0.0154643813931006,0.0545049134052785,0.351201740904273,0.00560364795628134,0.00369048348674381,0.0145328057581152,0.00910807720195782,0.0231088401906323,0.389029129707215,0.0049601453729406,0.00135138769485965,2.22796061229481,0.0931343855269661,0.291720026100817,0.00395405691146815,0.131600625653803,0.0221070482998101,2.99399884074098,0.00311914401916722,0.00368725505877626,1.93155060731429,4.10957177734358,0.0177567249077123,0.120538386469524,0.269939139572326,0.000101541977517873,0.0238574963323868,0.0146104370431452,1.01925945821453,0.0820641820720927,0.955991625601088,0.398545035247699,1.79411821180928,0.741396029415628,0.0209501695648887,0.0234513701678033,0.00511478130917147,0.038883992511582,0.0115547816314649,0.0262843597250777,0.0319237918125754,0.00536226106448379,0.00132910273936937,0,0.00099710079208301,0.0251935914998225,0.0938042598517771,0.000139386979408026,0.000960097887528479,0.000298718456334606,0.00262821036944859,0.00139526755409977,0.00226280354528997,0,0.00145710399224526,0.000113194250056177,8.17066704122424e-05,0.00506645139489907,0.0020453385923655,0.00845939903024629,0.0545686104778852,0.0012063830363532,0.00794448070259625,0,0.00761171259412667,0.0112436233678715,0.0773040990744934,0.00910849515922105,0.000526339952313006,0.0415155426218204,0.778589566389835,0.0163312656535665,0.00124071799913731,0.00838527067941772,9.57983497161269e-05,0,5.46841298521012e-05,0.0153690797205745,0.0433792930455853
0,0.000125978019595742,0.000318852965934694,0,0,0.0305409042392259,0.194649474268536,0.0678164966473821,0.352762832455662,1.87098679408481,0.000382375884912282,1.27344203070248,0.0027855351535801,0.00774627644980092,0.0145200853110978,0,7.32318752968907e-05,6.53480479934812e-05,0.000184982260559678,8.56183990434655,0.00019296979498756,0.000376819884462386,0.000209535411942839,0.335262555632493,5.89333731570244e-05,0.000445269689941913,8.79822646339238e-05,1.3343570922551,0.000176516689578741,0.00081739582543549,9.0565839437604e-05,0.000346409073863298,0,0.00439504670796942,0.000589250310546279,0.0150643758741327,0.00148761208709687,0.0146387004936943,0.000764144627186089,0.0105280888670549,0.00426885557303098,0.00145236416711933,0.00856138721930468,0.000361233765017986,0.00476684439146407,0.000214028690995544,0.0237356446805143,0.000910777327928841,0,0.000137088290771604,0.000168008288852692,0,0.219011819006851,0,0.0536818709103807,0.0174858847092596,0.0252037859616682,0.0578746025573978,0.0408298237428194,0,0.0390953473896026,0,0.00694203436563754,0.0123818659299815,0,0,0,0,0.0659947698219903,0,0.000445217187733203,4.11594041322469e-05,0.124123527883384,0,0.000150268793480217,0.000759533768241435,0.0957385564571406,0.00477339719779289,0.000307257564429879,0,0,0,0.00825112679371855,0
0,0,0,0,0,0.0446528620156618,0,0.003723371986969,0,0,0,0.00150725093381191,0,0,0.0573351249066842,0,0,0,0,0,0,0,0,0,0,0,0,5.64343608679176e-05,0.000487606110795617,0,0,0.164336190766945,0,0.110730486793563,0.00131304030355692,0.000142040617569804,0,0.000318813951757073,0,0.654792722339613,0.421980593684732,0,0,0,0,0,0,0,0,0,0,0,0,0,0,0,0,0,0,0,0,0,0,0,0,0,0,0,0,0,0,0,0,0,0,0,0,0,0,0,0,0,0,0
0.00177942444098988,0.000299855808642149,0.0154643813931006,0.0305409042392259,0.0446528620156618,0,2.50669224333067,1.28762083539151,0.0421998315882865,1.5795299180874,0.00830555386719879,2.2804643262141,0.0230157844803693,0.0454631342020242,0.0406419095652218,0.000277194695430517,0.00199344318289319,0.00382571439423564,0.00416080881605029,0.125482016187187,0.0301813312253966,0.000245473320068061,0.0281894937064363,0.0123592930136124,0.000429642206566244,0.00917569395776615,0.0122490477123337,0.148340267537541,0.00552391093904272,0.104705696165016,0.000734918788766683,0.06811651746501,0,0.100121940174007,1.24086497619938,0.126453128250824,0.013229243289236,0.0459309230342706,0.00487920913873699,0.151108951865265,0.516515019964421,0.00693548468966389,0.00663592423774213,0.000481380398759633,0.00147982023881735,0.00107770295586455,0.00957041598252469,0.000826361531464547,0.000374277664051055,5.00613234117329e-05,0.000198008417203903,2.989830357337e-05,0.0285841387298632,0.000381539909972667,0.0134507758310665,0.00830635763874876,0.0090924411017589,0.0103684816851703,0.00798849112101707,0.000215450174305946,0.0105786475624079,0.000564880230091452,0.00159543979075794,0.00252390978273773,5.1242174778521e-05,0.000106090493269324,0.000110436933386683,0.00015252597510159,0.0161159646250244,0.000639493964030325,0.000116151241731882,0.000120121794397264,0.0536016768358509,0.000150741459622025,3.02821973578036e-05,0.000689142986757636,0.0271876715772417,0.00170183075837755,0.0017866454978604,0,0,0.000123394422534585,0.00779965501169325,0.0328897954163923
0.28560296507416,0.000337224818487495,0.0545049134052785,0.194649474268536,0,2.50669224333067,0,2.06701942363963,0.106237144071755,5.43429352012957,0.00714587251210332,0.168789759952787,0.0573246028433931,2.88680355458278,0.0636961138531852,0.00225727175143618,0.00654358729136506,0.00230322454172304,0.00421996072901515,0.104065011511814,0.482963982203815,0.00326418890011433,0.239855669897995,0.258079238092634,0.000414277638048351,0.0100511761957643,0.0706383233978856,5.52137841857501,0.0915495960884173,2.35428892423915,0.000460422014338344,0.00807183814046059,0.0232810187961864,0.0863122036418434,0.0221649324682177,0.536081971166926,0.0320750401830574,0.255058440290634,0.0358437639353014,0.135194006531293,0.111530565494228,0.0167941331716294,0.0314266637813993,0.000431916421516836,0.00777640680188087,0.00168208116163638,0.0178123256783702,0.00193210587502972,0.000137914898493022,0.000267454426020652,8.49246977787316e-05,0.000273083720342457,0.0491487601025106,6.64841332146525e-05,0.0269943662285302,0.0218467097736198,0.041128241820193,0.0185255822853933,0.0152522783061418,6.27789182924032e-05,0.0150845871736185,8.33449669861794e-05,0.00918084710742045,0.00507637121219662,0.00110939987661902,3.41023117358387e-05,0,0,0.0237295254927635,0.00069987413678807,0.000879225653110296,0.00253457461820513,0.151734061295648,0,7.02097232673169e-05,0.00634206113078842,0.087399164258243,0.00419615277386164,0.00254252862333366,0,0,0,0.0112987618475516,0.0024645140677286
0.312342504109374,0.00165118972307798,0.351201740904273,0.0678164966473821,0.003723371986969,1.28762083539151,2.06701942363963,0,0.0730898605138925,0.965190044923043,0.0337892534913341,1.27729123087966,0.0833270642004163,2.42881611859537,0.0537513574913985,0.000579971680288166,0.0756908712511648,0.024841553646739,0.0648837762432424,0.298413431479701,0.166439941130082,0.00179252257513523,0.330465967014842,0.0308221089657268,0.00273757564029159,0.184595103932448,0.169042719034721,0.286047545084379,0.40529479639153,2.00950777536454,0.00356408497571209,0.00412772076800448,0.0150180462456817,0.114280547204213,0.0857751984375302,0.35421880800336,0.0473438492954604,0.13258720893266,0.0203496658866671,0.110877781927697,0.414050001358465,0.0289068324015218,0.0194430384335369,0.000802516040665835,0.00316937781417875,0.000866351365591227,0.0191250573184152,0.000368032012495279,0.000787030391472816,0.000862603416313053,0.000461288046410889,0.000657124572645456,0.0111614478691424,0.000144402631908059,0.0103572030107435,0.0227862947219743,0.0114874221371152,0.0164939705945404,0.00317018252531221,0.00106766949824849,0.0106623328525774,0.00196725211013356,0.00352070134056341,0.00296057084335482,0.000890047524617165,0.000300404426834554,6.13343380801082e-05,0.000407001856401056,0.0105878743963373,0.00279261414733392,0.00145193539908152,0.00106347395746621,0.146951920090606,0.000472608189697087,0.000406913713612318,0.00657385437271631,0.0658092944613351,0.00110010097933823,0.0126655204988251,0,6.40180301951766e-05,0,0.0176779417553201,0.000831595237287551
0.0033959151738874,0.0685492836928985,0.00560364795628134,0.352762832455662,0,0.0421998315882865,0.106237144071755,0.0730898605138925,0,0.170719600166097,0.00556358582350993,0.467503071923083,0.0512454109743481,0.0222056549707941,0.095200860345764,0.0379012745822463,0.0014408887270565,0.00483111775466644,0.00121510167802778,0.475477807862873,0.0636230075227774,1.11628752045159,0.0430148632149713,3.70852678952057,0.0445947855394728,0.0128214689171419,0.0612035190560755,1.49928570969396,0.0478171662427177,0.152414615430438,0.000283062904690564,0.000452530683085531,0.0036227916882618,0.0129694062844167,0.0088169294658683,0.152181670081085,0.00821131412910915,0.0391951959753417,0.00547437043105492,0.0704790897489299,0.0193096149635463,0.00424687436215028,0.0321453469139487,0.00196917838666406,0.0105220662910628,0.00346895792104256,0.0594166134891348,0.00149390742370069,0.000657582946307361,0.00314127121683985,4.41064403564334e-05,0.00514738834134194,0.158516893438297,0.000891268642939567,0.0549293427310711,0.0426812394464136,0.0423734567040942,0.16991577521726,0.0506502574149136,0.000670551802666753,0.0607386307959802,0.000190495927288234,0.0163195724415789,0.0385851684260307,0.0879734246413047,0.000774514379382104,0.000386716843331009,0.000546276193897396,0.093398392001113,0.1283403402096,0.0469599756381454,0.0438982517507858,0.433365238296803,0.00100480106356305,0.0020709354763383,0.0141928849629751,0.250673445518756,0.0111768448381876,0.190324253307379,0,0,5.97302735058665e-05,0.0228674914799468,0.00126264172849373
0.000112445832851618,4.32529201656282e-05,0.00369048348674381,1.87098679408481,0,1.5795299180874,5.43429352012957,0.965190044923043,0.170719600166097,0,0.00288878230980061,3.11048117916564,0.0171062017119799,0.149815612680074,0.0120025094085549,0,0.000852477965364724,0.000612756784993559,0.00158626790259028,2.86470203535983,0.00465641199542306,0.000359327358055204,0.00487779429133439,0.0238195944817206,5.82111180269122e-05,0.004107574546202,0.002580338467949,0.529148875025693,0.00521148336650949,0.0237922039233165,0.000241488904174119,0.00286474704062387,8.31688467499614e-05,0.0343143428500658,0.0171522431601572,0.165293449986725,0.0107976324975176,0.0878671719705187,0.00472405031077754,0.0263338534446691,0.0272837167973543,0.00831513647735983,0.0117592832383453,0.000155691937459812,0.0032647801843004,0.000327685642203092,0.0239832485625965,0.000771099153948634,0,0,7.30731349706054e-05,0,0.250870768610754,0.000249880446786404,0.0564331632216945,0.0204094891042174,0.0249662380887958,0.052482781906806,0.0556546949763956,0,0.0857535955592444,0,0.00583245993634462,0.0117408799041811,0,0,0,0,0.0902890586167795,0,0.000595402763686389,3.78234312152564e-05,0.147492397027317,0,0,0.000934142683612376,0.0994643675297316,0.00398950627115187,0.000286750288194061,0,0,0,0.00701403517669943,0.000290086032177002
0.00120355232724297,0.0332240316693831,0.0145328057581152,0.000382375884912282,0,0.00830555386719879,0.00714587251210332,0.0337892534913341,0.00556358582350993,0.00288878230980061,0,0.00472884285750732,0.982890955760335,0.113652750286816,0.000865286831799477,0.00241315689810512,0.0177900004750022,1.54587099613366,0.593071720020131,0.00266074146069721,0.00295991900770244,0.0104297273876176,0.0212095492659949,0.00593373842031032,0.254333016484341,1.30080242974194,1.27820840088408,0.00524851170341119,0.0354754703306784,0.0239212672473533,0.132175264070574,0.0649520065264055,0.0011767812850447,0.695628684077751,0.00640642297541115,0.103704075906369,1.20492435734239,0.196404436117458,0.0952863660622624,0.00224620338473031,0.00514378814037604,0.201267896609473,0.00228052609954277,0.137846406617731,0.00252197357301319,0.00365861895446864,0.000110085595931887,0.000116674483220815,0.0305714367791465,0,0.0200504361872134,0.000313094625940621,0,7.17596512981057e-05,0,3.60662002229095e-05,0.000698955796464831,0.00286453719713029,0,0.531279891896776,0,0.292924891921272,0.000853606680181354,9.98889878294468e-05,0.00014641699081415,0.000491379872387886,0.0118207674360184,0.0232062416255936,0,0,0.00226693568087942,0.000678974467591227,0.000930543541466445,0.0819230573846793,0.0589570896212286,0.349209769258577,0.000255166824928835,0.00014741727362895,0.000119271829043508,0.00997884639375458,8.37391341860891e-05,0,0.0261260810474831,0.00263641717659122
0.000600334286102831,0.000413000205129385,0.00910807720195782,1.27344203070248,0.00150725093381191,2.2804643262141,0.168789759952787,1.27729123087966,0.467503071923083,3.11048117916564,0.00472884285750732,0,0.0511174894986292,0.0490266955960259,0.253442412322481,0,0.00333619821989173,0.00299874649596468,0.00403964790272042,2.25759079685933,0.00654004309021139,0.00116497882541058,0.00842926945558823,0.0877309921536487,0.000247193441486895,0.00750841036495886,0.00834607643721819,0.78527507608295,0.00324002381738237,0.0178127205069351,0.000286087431910903,0.00487866176060403,0.000374024437555075,0.0178778263554227,0.943891993243125,0.165672275320744,0.0139616764678943,0.0672812551366786,0.00663077833130679,0.446853959351999,0.0276095377383372,0.0107015252521759,0.0183604918055177,0.00127313726087215,0.00629556928507517,0.00208229069422867,0.106487226708643,0.00258676515228415,0.00137859603924835,0.000314128701964855,0.000189578696659207,0.000342633677936286,0.122641722628964,0.000639103949439704,0.0558030975312997,0.014328112994483,0.0231061890771043,0.0499322682704986,0.0347399503102232,0.000276219554025858,0.124150560632177,0.000124978550768673,0.00596776062420663,0.0490445371928048,0,0,0,7.53201353860497e-05,0.0750754156850766,0.00035599503218481,0.00100421109097829,0.000436170970050394,0.120811849667132,0.000183348647594839,0.000133608523424164,0.000469338369181514,0.0694074683004975,0.00367569019770959,0.00183725008495149,0,0,0,0.0501530293045818,0.0476981009121869
0.000693495525423705,0.318223634750581,0.0231088401906323,0.0027855351535801,0,0.0230157844803693,0.0573246028433931,0.0833270642004163,0.0512454109743481,0.0171062017119799,0.982890955760335,0.0511174894986292,0,0.125855512165465,0.0201769672923952,0.0224659646385755,0.00547871769787857,0.0639603233648071,0.00904155538047526,0.0144416941494422,0.0415309802250696,0.0999087072005342,0.0594406779203759,0.071577455921684,0.871632950411098,0.0712720576387787,1.52645908129371,0.0983668660329338,0.0262380011555471,0.0708780447435981,0.0107734729441789,0.0452816013257659,0.00121607628207335,0.456461171449628,0.0091719767810398,0.308244679422374,0.618426105753502,0.492023246809494,0.647646000230994,0.258414814811719,0.184417999316382,0.49271040901752,0.0226668109953901,0.160314227052946,0.00472644008177949,0.00403993348840839,0.0905900030418035,0.00136275252162084,0.0300949934576338,7.37015207810998e-05,0.0435686000325036,0.000481913686319813,0.00120940829489064,0.000144271287356377,0.00288684904601213,0.00539403328546274,0.00334222010113258,0.0133620304306764,0.0002712670618864,1.24153302569247,0.00671499023974243,0.599740952063529,0.00227509605733511,0.00205216780953228,0.00156307131263662,0.000866850416382253,0.0203165092188195,0.0328872451006186,0.00212749601484358,0.000570970282804846,0.00945541142375269,0.00206963470168519,0.0328716899604027,0.277590592179477,0.115946768449231,0.7820390903347,0.0130537556836474,0.000539460308959365,0.00449241018439353,0.0253751980674076,0,0,0.0338034970063769,0.00178476158048835
1.18613940289959,0.00429497594014531,0.389029129707215,0.00774627644980092,0,0.0454631342020242,2.88680355458278,2.42881611859537,0.0222056549707941,0.149815612680074,0.113652750286816,0.0490266955960259,0.125855512165465,0,0.00922161125055677,0.000397461328769833,0.128575059622957,0.0751247476786601,0.1493978107168,0.0344380572381413,0.117302549401221,0.0028547376115441,0.28971736256251,0.018013129361242,0.00693534296358899,0.308309374332653,0.353318846874461,0.187599812511761,2.92351212568695,2.67902365432008,0.0105108306864439,0.012583705307314,0.0705986981094366,0.479614379278469,0.0252589988194773,0.318692982318459,0.129674998707767,0.376252828296824,0.0283812057218572,0.0316229999180415,0.12825922317473,0.0559873752695792,0.0158608129463088,0.00256869010318774,0.00211219528235967,0.00141036786595199,0.00950533506241143,0.000855457497505396,0.000769001704701096,0.000402064432573557,0.0016524736678988,0.00155888747292798,0.00517702533259588,0,0.00223692410264608,0.00788530054489303,0.0050679780924831,0.00798745488283792,0.00172159780816036,0.0031401132811355,0.00370586344153762,0.00268741095156664,0.000664061493743658,0.00118841173889622,0.00160726885602623,0.00115726189579879,0.000336858444517136,0.00079843900823027,0.00455266901415588,0.00453364916536548,0.00116160532956692,0.0023236218056091,0.0662523209807374,0.00168508668415097,0.00213166959703493,0.0224257780515314,0.045650932634382,0.0007537376318717,0.00828717391292435,0,0,5.52024349505901e-05,0.00639860647856561,0.0022753624443593
0.00026815457311678,0.000138449062043906,0.0049601453729406,0.0145200853110978,0.0573351249066842,0.0406419095652218,0.0636961138531852,0.0537513574913985,0.095200860345764,0.0120025094085549,0.000865286831799477,0.253442412322481,0.0201769672923952,0.00922161125055677,0,6.07608710044027e-05,0.000340158255393207,0.000165472402283401,0.000437303096620291,0.0182184027715762,0.0139293883853699,0.000851524757113874,0.0136428383953914,0.036106982493171,0,0.00197661901672527,0.00506805800795444,0.149867675658143,0.00175335053476906,0.0182968183337858,0.000146989046129882,0.00145151965484744,0,0.00217460220348912,0.139165073357114,0.0898194927904909,0.0061097756107018,0.00968913151136658,0.00610825704027653,2.74411534858164,0.00460774619197476,0.0019080019908207,0.0209360783625308,0.0108672829317221,0.00877276812744473,0.0214994515054653,0.0343611160255194,0.00168927453974438,0.000399511706633061,0.000456733422571808,0.00025536526146543,0.00103592088291377,0.0104479503789842,0,0.00838958867924887,0.0179145596980829,0.0124023512349078,0.0135441400522187,0.00307153097371548,0.00069364267914337,0.0174712413720278,0,0.00338441395330688,0.00683708126760089,0.00147647374606281,0.000213490902655542,0.000503631557860851,0.000251972013700723,0.00956203369584322,0.00262395429309821,0.000492026013305783,0.00466721319450322,0.0963466781002821,0,0.00210099162039995,0.00812496482243431,0.0528267152687789,0.00150089461808025,0.0104248893307065,0,0,0.000222125115360409,0.0150269275895134,0.196456779938781
4.97041767554283e-05,0.075333748901615,0.00135138769485965,0,0,0.000277194695430517,0.00225727175143618,0.000579971680288166,0.0379012745822463,0,0.00241315689810512,0,0.0224659646385755,0.000397461328769833,6.07608710044027e-05,0,0.00016514512516129,0.00417108578318378,0.000180913485648095,0,0.89508386969329,1.01505559157941,2.63715623884781,0.215785801008964,0.026365308127762,0.0110168303381139,0.769248704492993,0.588444642999486,0.000269454495626479,0.00814385123288035,9.14986439412832e-05,0.000104857915525883,0.000168681176898718,0.00322516312634837,0.00761250011135912,0.105913396168337,0.00983428216620389,0.00620149367521107,0.0102081548109452,0.000862859587155282,0.000427249823490381,0.000149933001283318,0.025124454478841,0.00159013805495635,0.00488190969407057,0.00368653996260465,0.0205994770395681,0.000860938766886294,0.000138680409439951,0.000219104149336398,9.02790518458784e-05,0.00956167182742214,0.000275449194128573,9.51728065034151e-05,0.000246804905428678,0.00289912658831414,0.00437477217817107,0.0033004230139237,0,0.00035655972663492,0.00112837794017589,4.9939292024374e-05,0.00294983993179735,0.000130763364441872,0.336174045425442,0.00060810265115425,3.45937472900748e-05,0.00048985093633759,0.000785777848772467,0.159048989895953,0.0967084956884619,0.264627046981927,0.0401957869401427,0.000140852131888389,0.00235997571551922,0.110094521232646,0.0618279637987023,0.00257517269512558,0.137129502816258,0,0,0.000612930415571988,0.0034039564728409,0.00168953053888607
0.0183798640108375,0.0105123146369534,2.22796061229481,7.32318752968907e-05,0,0.00199344318289319,0.00654358729136506,0.0756908712511648,0.0014408887270565,0.000852477965364724,0.0177900004750022,0.00333619821989173,0.00547871769787857,0.128575059622957,0.000340158255393207,0.00016514512516129,0,0.0799629114605773,1.46390770239104,0.00183590014989087,0.161605078801325,0.00272287296621588,0.499072715876931,0.000749578631507456,0.00067040977452609,1.35733874564163,1.26935929526218,0.00528946943254393,0.0895402937186328,0.369957887202012,0.000195300935025513,0.0214201164757502,0.00664292098693862,1.04757500012951,0.0108199824130445,0.205984120084807,0.915067173485551,0.16837169591408,0.101451402762726,0.00261278390129721,0.00477712848893931,0.00219881453566521,0.0241114425461458,0.00786293845770586,0.0157773725964945,0.0117917387829474,0.0018569778169011,0.00123239096187314,0,0.000472907330188573,0.0141620564065589,0.0348233657221242,0,0.00026998408049637,0.000354117137050122,0.000490813728022128,0.000859753273245722,0.000465652530982852,0,0.00432990483098581,0.000374521731595233,0,0.00410339731696406,0.000613262535285175,0.00157844413231921,0.0470605709002364,0.00284405587311271,0.0340508676157912,0,0.00248203075144749,0.00139345811660519,0.0108954014256825,0.00392447223164454,0.00103089477257916,0.0891043734536241,0.444999533251502,0.0077234458141052,0.000624929650381029,0.00349471544835593,0.000280462954743057,0,0,0.0189756591197902,0.00867865680386888
0.00444917297800669,0.0339813242305124,0.0931343855269661,6.53480479934812e-05,0,0.00382571439423564,0.00230322454172304,0.024841553646739,0.00483111775466644,0.000612756784993559,1.54587099613366,0.00299874649596468,0.0639603233648071,0.0751247476786601,0.000165472402283401,0.00417108578318378,0.0799629114605773,0,0.336712861844669,0.0011507958173191,0.00846930945011907,0.0183498327538147,0.0542897704684161,0.00763399036363151,0.0297289027422863,1.14311387444374,0.336873132693645,0.00320237522818822,0.0349443951668965,0.0428004153075754,0.00682485639284885,0.0357587097180841,0.00240294957143766,0.317353167530744,0.0036985727791771,0.0564565958394737,0.223058232381324,0.0931069218765972,0.0517013268734287,0.00211225932824987,0.00246933034410855,0.00168081671118582,0.00578359110019072,0.00802416812699636,0.00222790899773655,0.0034266190296089,0.000244459498347938,0.00012140728770256,0.000319680905925095,5.01856822952629e-05,0.00814250909429598,0.00125981459329837,0,4.95549244736433e-05,9.87086356660724e-05,0,0.000697242848312885,0.00141747319348079,0,0.254736370422925,0,0.0620821136079631,0.00172956190864456,0,0.000215067170820594,0.00290596986584714,0.0295177780192968,0.0595818026173281,0,2.78362850496471e-05,0.00141098053480404,0.000368948778896928,0.00139611745904037,0.0844785573508505,0.12021775287681,0.683658396675631,0.000273468890752181,0.000324217224579125,8.65101725901812e-05,0.0138940559791892,0,2.47897865198254e-05,0.0113805765875538,0.00285722458571777
0.0126074755392236,0.00588922404809424,0.291720026100817,0.000184982260559678,0,0.00416080881605029,0.00421996072901515,0.0648837762432424,0.00121510167802778,0.00158626790259028,0.593071720020131,0.00403964790272042,0.00904155538047526,0.1493978107168,0.000437303096620291,0.000180913485648095,1.46390770239104,0.336712861844669,0,0.00159487733318427,0.0227211996333871,0.00144542532551882,0.143553162533561,0.00111961465000236,0.00399300559487253,1.18257593736535,0.244642861087695,0.00300527299872509,0.09363055171558,0.181591759691962,0.000403032286244303,0.0533050521992053,0.00901516655639136,1.20165711554631,0.00400297855666599,0.0861569004646063,0.214484524761355,0.195394131565192,0.0610357886740812,0.00231740052917033,0.00512038069262376,0.0028560309140442,0.0143118303845279,0.00897896352673849,0.00843484951478098,0.00796656397990739,0.000396618883263678,0.000184840534484774,0.000159065794192553,7.95219241600931e-05,0.00790702481863835,0.00667918848378393,0,0.000222763234047652,0.000321953546954095,6.8949163105771e-05,0.00107991757324072,0.000911849791741699,0,0.0441580721038327,5.93641872928887e-05,0.00356410033337125,0.00346959018601334,0.00023031202908802,0.00055658787315616,0.0109983319740615,0.0159674433932526,0.0703197274994515,0,0.000525896535675674,0.00111168928706715,0.00150846720159413,0.000610962972247869,0.00827039796599063,0.0921267635062474,0.470836997479688,0.00145390881853823,0.000305220989382058,0.000593627583628625,0.0025320332817336,4.99579088141024e-05,3.14827497714162e-05,0.0199731178089245,0.00298201924839073
0.000141701509008825,0.000177333488112062,0.00395405691146815,8.56183990434655,0,0.125482016187187,0.104065011511814,0.298413431479701,0.475477807862873,2.86470203535983,0.00266074146069721,2.25759079685933,0.0144416941494422,0.0344380572381413,0.0182184027715762,0,0.00183590014989087,0.0011507958173191,0.00159487733318427,0,0.0036729964452149,0.000174538817036807,0.00342785836408645,0.080673026666368,0.000202052629399747,0.00445296723555568,0.00402293390152496,1.20916394050005,0.00163605637795019,0.0104578658179181,0.000341672809933692,0.00116933747852355,5.85950849430561e-05,0.0116474815607267,0.00208578689872292,0.127725262468954,0.00796394802365426,0.0396810053719705,0.0039490525053533,0.0213551218033604,0.0129133009717301,0.00496277961848059,0.0118135128212317,0.000412596845591456,0.00629992980145694,0.00134689976555053,0.0535903036847934,0.00165985315349093,0.000240850333978057,0.000362124744542658,8.96431080321074e-05,0,0.23010627123098,0.000732208266852856,0.0918159631921693,0.0265210273671971,0.0337151514440739,0.0932246843196043,0.0730923054500513,0.000127502186186671,0.139978682711938,0.000198562994040876,0.00854998171859401,0.0322738946387602,0,0,0,0.000125630459552765,0.135694834426058,0,0.00123095669005236,0,0.184260649208011,0,4.00486797163487e-05,0.000891117816736191,0.127378664139763,0.00605585287575319,0.000550962120952845,0,0,7.44781986222267e-05,0.0105361338066957,0.000627684315231114
0.0120027241296155,0.0491034331034483,0.131600625653803,0.00019296979498756,0,0.0301813312253966,0.482963982203815,0.166439941130082,0.0636230075227774,0.00465641199542306,0.00295991900770244,0.00654004309021139,0.0415309802250696,0.117302549401221,0.0139293883853699,0.89508386969329,0.161605078801325,0.00846930945011907,0.0227211996333871,0.0036729964452149,0,0.276621276857034,3.45683825753077,0.0723477904104698,0.0196002834516401,0.0719942064512823,0.162512383047099,1.01194549235344,0.0225154456141715,3.01982511501464,2.90000267758667e-05,0.00219955922792201,0.00505145178223228,1.19474375810837,0.295806825800933,1.58905350325397,0.0701046204416423,1.45203940536715,0.354308488769453,0.0492513383341059,0.0428285661607277,0.00189538894248935,0.0771662348212996,0.00314319352359034,0.00754268780329354,0.00496558272196,0.0450361510580849,0.00193444615653145,7.80057225663065e-05,0.000345848179082483,0.000205894343069434,0.00440686456818785,0.00151122781078041,0.000353117353438736,0.000631845293331176,0.00551836067466262,0.00923572199179992,0.00702054432498702,0.000610394077493876,0.000215321017346293,0.0019479108522459,7.18704935337901e-05,0.00568386902277145,0.00155263311233941,0.201266163438813,0.00144412793400222,0,0.000412243105918959,0.00136105064497391,0.197546781454366,0.121529285834069,0.160874925856675,0.0855964232086241,0.000617808618612349,0.00235661576176054,0.0128139944270989,0.122895369037687,0.00379704601976594,0.184259262430467,0,0,0.00030217469116953,0.00613254323706984,0.0278917282914214
0,0.317508596388005,0.0221070482998101,0.000376819884462386,0,0.000245473320068061,0.00326418890011433,0.00179252257513523,1.11628752045159,0.000359327358055204,0.0104297273876176,0.00116497882541058,0.0999087072005342,0.0028547376115441,0.000851524757113874,1.01505559157941,0.00272287296621588,0.0183498327538147,0.00144542532551882,0.000174538817036807,0.276621276857034,0,1.01140565907276,1.56803625499188,0.107149005202092,0.0299087466226176,2.38016266908656,0.197064199371241,0.0055523617784707,0.0782259049759388,0.000338590263829976,0.000255678700796098,0.000200013040053606,0.00699090406506359,0.00673489876758826,0.093014708562556,0.0159955260653935,0.0287379011014553,0.0231129238271792,0.00199842045714352,0.00120891425521159,0.000536506589132786,0.0199754977007863,0.00281555349172717,0.00689189918873734,0.00449016882783833,0.00720052900611803,0.00113011838267127,0.000161034220025301,0.000469463818681419,0.0135042596962623,0.0154628395938184,0.00311070888687596,0,0.001909343865495,0.00949444248843891,0.00363426021260855,0.0270021115125779,0.00284700688070673,0.00224613877127445,0.000957049614759774,0.00343554939712369,0.00225625434944189,0.000770181551301778,0.23189521873702,0.00145317595772031,0.000283528658295929,0.0015685745056324,0.00167381433084762,0.105140503828032,0.157396097561731,0.166145889597687,0.0805543078052639,0.00292077549188292,0.0034314684012674,0.344264924037836,0.0605811870504032,0.00220437093992934,0.103155646263412,0,0,0.000464281489474714,0.00407794401279604,0.0028661196719518
0.030276866367728,0.124181108806385,2.99399884074098,0.000209535411942839,0,0.0281894937064363,0.239855669897995,0.330465967014842,0.0430148632149713,0.00487779429133439,0.0212095492659949,0.00842926945558823,0.0594406779203759,0.28971736256251,0.0136428383953914,2.63715623884781,0.499072715876931,0.0542897704684161,0.143553162533561,0.00342785836408645,3.45683825753077,1.01140565907276,0,0.0954270024428868,0.0570907976559055,0.563058893918169,2.64787508915796,0.55337898273837,0.0592160437768617,0.815582781145375,6.66645841199756e-05,0.00836501830852757,0.0056661170854693,2.58612102460274,0.641086946508177,4.35475310557663,0.66615727251985,4.61825509395702,2.77995855485745,0.0594718030751618,0.0610233294042486,0.00419425578181165,0.118182567299688,0.0183765495354637,0.016988302358462,0.028449762534927,0.039107281753405,0.00289840743492244,0,0.000720590002149656,0.00614764303541026,0.033795799106908,0.001214077134563,0.00186384366510564,0.00221264493444606,0.00640476554694587,0.0112540547271742,0.00390269329353559,0.00152985733178568,0.000634901677360446,0.0017246429903194,0.000118218497121989,0.00709962310754861,0.00439820845571539,0.63269827195623,0.00586677329983709,0.00090357630914694,0.00434676174744139,0.00076881185796082,0.275889495110214,0.176199414785576,0.549434073241383,0.0567738350651909,0.000963236223588228,0.0113822874085269,0.523574098393916,0.0789198713360319,0.00902423277082748,0.270284277839638,0,0,0.000817782730338603,0.00952680979804269,0.136857497659868
0.00145895203374394,0.175982061037367,0.00311914401916722,0.335262555632493,0,0.0123592930136124,0.258079238092634,0.0308221089657268,3.70852678952057,0.0238195944817206,0.00593373842031032,0.0877309921536487,0.071577455921684,0.018013129361242,0.036106982493171,0.215785801008964,0.000749578631507456,0.00763399036363151,0.00111961465000236,0.080673026666368,0.0723477904104698,1.56803625499188,0.0954270024428868,0,0.0781645548604871,0.0211119787807258,0.122929471063255,3.58996624885539,0.0278885669633879,0.0788311057703676,0.000280550499759555,0.000339811552263096,0.00521117416563839,0.0209249011281454,0.0286631435969334,0.228348196782001,0.015488162936578,0.0467955133978169,0.00768640910998195,0.0328430263426737,0.016510380765276,0.0011339327927759,0.134663327804973,0.00437709150743781,0.0440350663016167,0.00783185554443172,0.147580480070627,0.0145559241368843,0.000383065586892396,0.0104668949513974,0.000685965038748025,0.00231250195099956,0.119397047841484,5.62422152482271e-05,0.0644879582221585,0.158962853364399,0.125153533123174,0.228687932072199,0.043038746190541,0.000617348297421202,0.0401300216598438,0.00072177314444676,0.0457997255743048,0.015885112190753,0.0372725314374968,0.00185335097850463,4.80871138145924e-05,0.000272035701598674,0.0645623038488882,0.101481480582391,0.0303632507140311,0.0252580563774861,1.05565810367099,0.000837356111454368,0.00153175610761348,0.00697426973609704,0.679043722560938,0.0319540258765492,0.363004695840394,0,0,0.000360778221235305,0.0408847139626006,0.0036371384923065
0.00019811186041829,0.448670141192802,0.00368725505877626,5.89333731570244e-05,0,0.000429642206566244,0.000414277638048351,0.00273757564029159,0.0445947855394728,5.82111180269122e-05,0.254333016484341,0.000247193441486895,0.871632950411098,0.00693534296358899,0,0.026365308127762,0.00067040977452609,0.0297289027422863,0.00399300559487253,0.000202052629399747,0.0196002834516401,0.107149005202092,0.0570907976559055,0.0781645548604871,0,0.407420109367589,0.80294873237569,0.0189257247434887,0.00342331227757963,0.0130743163078759,0.000857807985650182,0.00560539960382658,0.00059538919616431,0.108516704692818,4.76201646647454e-05,0.00852531494914981,0.0161932651989216,0.014136060442843,0.00278699657634324,0.000309003358258664,0.000458930944615781,0.0185361160338598,0.00218030293795296,0.0264989069230789,0.00146166705166814,0.000432136910443723,0.000885436522588729,0,0.00809912421590823,2.0130525511697e-05,0.0244138506419381,0.000381261058761328,0,0,0.000285661407902062,0.00265145897671592,0.000314281585395038,0.00863019558955977,0,0.139829806031437,6.16404547008276e-05,0.116608534755121,0.000403054356122613,0.000158687099118829,0.000287921737366617,0.000954161284221112,0.00977002037529975,0.0198850411487406,0,0,0.00188687546705854,0.00102204951447695,0.0125166039106681,0.137119794923529,0.0251662274039688,0.23399545440129,0.00649256506815434,5.94252316033244e-05,0.00152179278648722,0.00346002592873195,6.4689697259605e-05,0,0.012583434049082,6.14567287667394e-05
0.0267228218511984,0.236266669946994,1.93155060731429,0.000445269689941913,0,0.00917569395776615,0.0100511761957643,0.184595103932448,0.0128214689171419,0.004107574546202,1.30080242974194,0.00750841036495886,0.0712720576387787,0.308309374332653,0.00197661901672527,0.0110168303381139,1.35733874564163,1.14311387444374,1.18257593736535,0.00445296723555568,0.0719942064512823,0.0299087466226176,0.563058893918169,0.0211119787807258,0.407420109367589,0,5.67797725221043,0.0155292447893009,0.124555975689446,0.149593211602206,0.0489863404499285,0.0811784025474743,0.0114616376671259,1.38393389062043,0.0343294625513601,0.634913928104745,0.605139090104704,0.597032703984685,0.277500294310524,0.0106990409107437,0.0131259639343953,0.00381625199352848,0.0918281363055686,0.0339567395577723,0.0425161514959414,0.0369964297018358,0.0027642758432997,0.00291545575137222,7.17209169287681e-05,0.00129906443308574,0.11888378711082,0.0453715120608817,0,0.00039216848483032,0.00083140016004017,0.000663238304134786,0.00583238072516346,0.00579475829804376,0,0.132939069856288,0.000773486373289824,0.0157878662210892,0.0187618227047797,0.000918662716435284,0.00455297667767126,0.0898199805869477,0.0466084892172353,0.26429980936048,3.55613020747006e-05,0.00236905675025541,0.0060702760833573,0.0102116577992004,0.00795930782776503,0.0811767164784056,0.429590613510289,2.13105564045269,0.00645732933891493,0.00370901165832735,0.00312439243877236,0.00812869501342544,0.000912222397805631,0.000198986051445991,0.0892081923996605,0.0222516103524873
0.0188039666493311,3.22734125610761,4.10957177734358,8.79822646339238e-05,0,0.0122490477123337,0.0706383233978856,0.169042719034721,0.0612035190560755,0.002580338467949,1.27820840088408,0.00834607643721819,1.52645908129371,0.353318846874461,0.00506805800795444,0.769248704492993,1.26935929526218,0.336873132693645,0.244642861087695,0.00402293390152496,0.162512383047099,2.38016266908656,2.64787508915796,0.122929471063255,0.80294873237569,5.67797725221043,0,0.253302970346436,0.134279610843477,0.158235256395281,0.17894697407284,0.0958582297029623,0.0126680350563721,1.52842511764162,0.219701139646431,2.75574396723423,1.52832336145338,1.82798333533717,1.3164778859981,0.0254129995845468,0.0201303452436209,0.00387279749551821,0.405627053323654,0.122700287173468,0.232402191455381,0.189668930359854,0.0140181457650521,0.00938703551627659,0.00106867079854795,0.00788041129737459,0.881329619655538,0.559393400547957,0.00010887514530027,0.00185571022655645,0.00212843283523205,0.0148655166235334,0.0177008589853201,0.0206928930602288,0,0.520420658104999,0.00203010391689382,0.0912304798737627,0.0512953573967143,0.0036558472213133,0.542882832222101,0.423813261279484,0.113301211246051,0.566697889714265,0.000171029674589127,0.135439113140349,0.498905902366267,1.51156624768862,0.0437497069769626,0.270364942418156,1.07083022533014,11.5012344054846,0.0325023817741257,0.0176137039675151,0.0611908152417528,0.0272119972158741,0.000206829176183164,0.00102127147416027,0.2537880399872,0.105313132184065
