0,0,0.0219706663132797,0.000302095120493826,7.07894395840288e-05,0.00146360256289497,0.579737963952408,0.0451465438981248,0.000330536686453217,0.00934746630424426,0.000837273333360652,0.00082882347422421,0.00322422851309731,0.648912370839863,0.000780307755952111,2.21119055638165e-05,0.00912717865660381,0.000166311321213716,0.00238106370737815,0.00150186286914146,0.06199415514318,0.000281534755372846,0.0951234479487943,0.0033361177031348,0.000196669395857486,0.00152669476591343,0.00568832505533874,0.0533839889673443,1.05822839814917,0.904375767825665,0,0.00054425138748841,0.00166215426823133,0.0147012807845818,0.00654813142672211,0.0224872300058234,0.00167518680422276,0.00543591677686829,0.00182092585792798,0.000865644802951241,0.00119650039034579,0.000213526978455126,0.000366297874102333,0,9.12855325538636e-05,3.02254318865955e-05,0.00019810397555505,2.88124288578898e-05,0,7.74955498265506e-05,0,0.00010702618331725,4.50762304261386e-05,2.99242353064567e-05,8.48995133060576e-05,0.000898861725047796,0.000131680877062055,0.000303820607073176,0.000116609255033872,0,7.50817730716111e-05,0,0.000131089900628883,6.18920907159894e-05,0.000879297026804023,1.9761917153272e-05,0,0,2.26531889266491e-05,0.00125785679206206,0.000219436857714129,0.000437664978946075,0.00139833393760101,0,0,0.000270443585722956,0.00318205716220452,8.80927268331888e-05,0.00024744818600868,0,0,0,4.64084377275646e-05,0.000674064983666334
0,0,0.0204692858810294,0.000190251235899943,5.30075358486771e-05,0,0.000212526610681683,6.33679812075553e-05,0.116047404048817,3.08120336686939e-05,0.0201111469276694,0,0.176134763316471,0.000162332629817846,0.000194146339947975,0.0027224688325706,0.0183376899859141,3.69190706662238e-05,0.00357652332374536,0.000191389879720652,0.000440450584359348,0.184853102552501,0.00165167639129609,0.107696084939928,0.111260485493837,0.0778564828028198,2.87717519917761,0.00600475992058967,0.000200272892338094,0.000257272996124142,0.00192249091591784,4.94399967755019e-05,0.000103456703456077,0.0165427979267748,0.00314237050560939,0.0367294506535469,0.0188856487993584,0.00900853682004618,0.00456741557886399,0.000143741684415257,0.000110875190406418,0.000909958312962553,0.002578651005129,0.00352826785272421,0.00220211880908266,0.00123865980733874,6.9349630695498e-05,0,0.00133824838685118,0,0.11190452779401,0.0224202991215606,0,9.84235246627091e-05,0,0.000389391201122376,0,0.000377127209763425,0,0.000732028022300489,0,0.0109212979651432,0.000173084437764305,0,0.000797106888762601,0.00101211189683952,0.000507185981036416,0.000523866193776977,0.000517494614585048,0.000341579844307566,0.0108834337974539,0.00223281170950987,0.00138033483614715,0.00617213819324911,0.0136766178154676,0.469268218262354,0.00109882049519476,0.000149964028688246,0.000163087855862206,0.00261204101696851,0,0,0.0019691281905309,0.00245206850028331
0.0219706663132797,0.0204692858810294,0,0.00031001653846347,0.000203729661909467,0.00198852295119027,0.0756300410190318,0.0197548449440519,0.000931403160237817,0.00282421988552409,0.00419479795962396,0.000667649824793572,0.0139213344044671,0.0499250239356223,0.00135391408834894,0.00189833730694129,1.87260984167418,0.00622779157367755,0.345251240294331,0.000402601693656086,0.0442950120365164,0.00382414981385863,2.36016692575513,0.00433832420174214,0.00141255068422362,2.10057835067706,2.69765384735812,0.0276679032669086,0.0685477823402418,0.130021611240611,6.5895591573715e-05,0.000339948638873532,0.00707586984845859,0.558682618786793,0.125830705982684,0.696166862151737,0.19735015223885,0.25556606170224,0.156457521998371,0.00197295129449545,0.0131647455691753,0.000326520361936113,0.008370524068082,0.0108503793194981,0.00324061541475166,0.00970030354567423,0.00029667446254254,0.000257571677279913,0.000172252279032004,0.000307007549649212,0.0292657267692312,0.20220564249293,0,0.000181393449819142,0.000151333946964866,0.000744419940691048,0.000185579670213184,5.87720895697206e-05,0,0.00018417866410895,4.00752924404562e-05,0.000199276730532145,0.000987973250652581,0.000460937924319702,0.00386009867403884,0.00260138687866828,3.09118535671502e-05,0.000944582565870744,2.42580704539418e-05,0.00158091186683286,0.0106662069078037,0.0316571959530693,0.000687695627142922,0.000518024458976788,0.0238346473119106,0.810946669064362,0.000820862361857065,0.000955592507889247,0.00123712199143682,0.000126722241581529,0,1.82214227043987e-05,0.00181273452584071,0.0716372645016343
0.000302095120493826,0.000190251235899943,0.00031001653846347,0,0.00083336204495731,0.0154684296123461,0.0105120532201715,0.0151225969472892,0.275460270808305,0.396737618973547,0.00116995555445765,0.599588875311855,0.00895174060651251,0.0100413583150719,0.0263497870150335,0,0,4.87452280382574e-05,4.65920173647702e-05,2.29244880350777,0.000463282466660392,0.000673277537204612,0.000551455054973343,0.308354511126852,0.00066628657044518,0.000780751048984543,0.000690903514287813,0.650398413443299,0.0175706055711796,0.0011033394893643,5.64942532432526e-05,0.000982353205002915,4.28320010589838e-05,0.0124045440339527,0.00593570194380324,0.0587873751344304,0.00104225564509296,0.00408630681317451,0.0019374255891234,0.0306478614517576,0.00374924616879338,0.000739922378604441,0.00658511974848557,9.19935160739512e-05,0.00413563899148402,0.000298242096511066,0.014550934913733,0.00033734181951794,9.19102827762636e-05,0.000304391880893523,0,0,0.0629430600190933,3.27961029071868e-05,0.00224032216979172,0.0726637450530014,0.00771105029004826,0.0391414801005543,0.0658823105760792,0.000255867400343612,0.051720901867796,0,0.00590317535925605,0.00015966062630758,0.000151852135506624,0,1.9602785513109e-05,0,0.0429136592227716,0.000720845639322033,0.000514786049372327,0.000425327037447309,0.0935325600442362,0,0,3.52161672962129e-05,0.110165636879669,0.00184237332072556,3.32953914733708e-05,0,0,2.43210913807332e-05,0.00593765889576606,0.000980753886326417
7.07894395840288e-05,5.30075358486771e-05,0.000203729661909467,0.00083336204495731,0,0.0927623374086754,0.00330067907370946,0.0245984487261852,0.00617988392263647,0.00248578447738417,0,0.0139120945537859,0.00467489113894453,0.00143954078915183,0.140318574274913,0.000291191612253034,0.000475843713706184,0,0.000110720602100909,0.00116221813134634,0.0057607306078106,5.67697098213494e-05,0.00533582570936264,0.00144417184853551,0.000501181929998374,4.1554680799216e-05,0.000672020199461195,0.00447718605742084,0.0017240293478571,0.00407034125158959,0,0.0113296747737807,0.000126080016852486,0.107427743279509,0.0626028998417426,0.0360687337090441,0.00101906327486039,0.000437078406822628,0.000854853495242179,0.978780142458219,0.43799823696579,0.000189562476746929,0.000468898955125558,0.000398741519157851,0.000260890395097572,0.00368839725069939,0.000160108206868798,6.07352605810046e-05,2.38948872924775e-05,6.69538789859178e-05,0,8.55578908780933e-05,7.91184063502283e-05,5.06540291806161e-05,9.22362702816011e-05,0.000939676051762641,0.000189249159046716,0.000140166882679832,0.00050040798563768,0,0.000681456777830459,0,0.000233478227170301,0,0.000375387807715595,0,9.3042055058187e-05,0,0.00017844490904367,0.000816674582530162,0,0.00107195016673003,0.000813756030358538,0,0.000246274752589935,0.00151809421858413,0.00130835998104922,3.41899445934534e-05,0.000330235862459886,4.36553734158218e-05,0,0,0.000151374853659743,0.026270179761816
0.00146360256289497,0,0.00198852295119027,0.0154684296123461,0.0927623374086754,0,0.0703936229751158,1.75290515710464,0.015078648496349,0.871827927782226,0.0104063201429311,0.250991214901743,0.0918682852936533,0.12818196394941,0.36912922674336,9.64193116389514e-05,0.000455161638748384,0.00312885474677247,0.000342406751604911,0.0473344760641159,0.00925423663504547,0.00012372730726068,0.0165580664349795,0.00304105938869973,0.00619092386438082,0.00707102345058309,0.00256134472050238,0.0711111476981725,0.0759505661265005,0.00877780378652299,0.000165285213438231,0.0372939299790163,0.000328919111023146,0.106673060865253,0.255715552017388,0.25241676216177,0.00878984425545606,0.018923709815224,0.0176610381042376,0.581713565009205,0.110294937407131,0.0113999242553728,0.00246542907393436,0,0.000728366096423052,0.000537030028617945,0.00754132228478412,6.94583704333486e-05,0.000565173469521278,0.000189540332856363,0,0,0.00403327437796119,0.000136757602170271,0.0016141400443876,0.0106684527665429,0.00103303890591585,0.00116613533294329,0.00685126640733731,0.000257592010139081,0.0117804518943921,0.000116752838126064,0.00180308018438489,0.000120788809646022,0.000617313847575393,0,0,0,0.00422296099006651,0.0027294894190544,3.95529071995318e-05,0.0010901418380998,0.00546122885276664,0,0,0.00017127511173858,0.0129776424035547,0.00030779965066553,0.00103914912751106,0,2.63415629064292e-05,6.32015479781626e-05,0.000809610147584001,0.0350809768034238
0.579737963952408,0.000212526610681683,0.0756300410190318,0.0105120532201715,0.00330067907370946,0.0703936229751158,0,0.850505413940096,0.0205905896093509,0.850895627818449,0.00498990931144516,0.0067860893058609,0.0741589520712654,1.76552141437652,0.0206518093551237,0.00132692052262685,0.00296804381152587,0.00185226387294907,0.000949936313904585,0.00582365298075725,0.360985674181758,0.00187422250074904,0.241324510560571,0.0668733797765657,0.00448452115165824,0.00534950275194561,0.0238066354655164,3.1639971560502,0.951585571916473,1.05422914184855,0.000121826380490256,0.00615767932081153,0.0097551008624974,0.173206262258691,0.142158299534074,0.65416825418569,0.0418789639775683,0.0775924506704917,0.0306154559106545,0.0280380553680227,0.0429599430543097,0.00791630116828319,0.0280891751251519,0.000962347821834362,0.0105171914332249,0.00272362664329475,0.017608229796672,0.00176642689972275,0.000671582812207711,0.00109153855482158,5.90880709875584e-05,0.000431093450395059,0.00743250025159084,0.000525139691778052,0.00298135062145669,0.11084270791131,0.0130052181639686,0.0115460074569464,0.0127375244764964,0.00068574340388132,0.0114498952717641,0,0.0270101477368896,0.000644200697762587,0.00540769620122745,0,0,0,0.00636684800493844,0.0151370255827317,0.00138741772989644,0.00812136068889965,0.0616986576128502,0,0,0.00638414214990835,0.128547240345267,0.00416149865320862,0.006123343629898,0,0.00104506579304023,3.28553645999193e-05,0.012801258293461,0.0220088164330022
0.0451465438981248,6.33679812075553e-05,0.0197548449440519,0.0151225969472892,0.0245984487261852,1.75290515710464,0.850505413940096,0,0.0136971047012798,0.763348168615314,0.00555611805975302,0.209688852283575,0.0428989252237084,1.71919405219634,0.0883400109864647,0.000122429782044679,0.00444362766229561,0.0013089345618092,0.00108411370423686,0.0947982032239895,0.0368196545526958,0.000226137410666853,0.058777346691722,0.0120682455066182,0.00200331389579088,0.00342728312927268,0.00551860895060847,0.257398832079953,0.150568703330084,0.149533291449376,0.00012231367954663,0.098856113115816,0.00102606509853988,0.091174579843157,0.166107235933455,0.13680016059993,0.0084826620089357,0.0150847528927998,0.0105106672611986,0.116298449604014,0.0460438214711889,0.00456339717638763,0.00432545273447153,9.6422818774474e-05,0.00191903016652618,0.000869286388554845,0.00833729045928673,0.000549140278796616,0.000410367245217714,0.000170764445372271,0,3.97829508214116e-05,0.00346768838718509,0.000106944431098464,0.0011404010735576,0.0323059534755381,0.00245210379407842,0.00385347496479811,0.00615010311100696,0.000294557268593788,0.00918082955718593,0,0.00488000499421025,0.000129822106357196,0.000633892735240941,0,0,0,0.00336214357194157,0.00169780055270411,0.000312416266285998,0.000776212094542637,0.014527008256464,9.75280187584522e-05,0,0.000451644395186904,0.031914851899846,0.000463133962085742,0.0010222550462356,0,0,0,0.0029861542200446,0.0228517609639178
0.000330536686453217,0.116047404048817,0.000931403160237817,0.275460270808305,0.00617988392263647,0.015078648496349,0.0205905896093509,0.0136971047012798,0,0.106509289666649,0.0061409717961604,0.132878069955959,0.0705670572144286,0.00649406396852804,0.234511819643822,0.00190827212470195,0.000255081043837327,0.000189414146416855,0,0.0821607885240468,0.00276231347153316,0.572498082306024,0.00187706149729574,2.69199770368936,0.0690541480973722,0.00278326616685522,0.405948190380163,0.877126393354141,0.0104963925421078,0.00304230418454096,0.00113299137112906,0.00131007084405979,0.000294655320095158,0.0104261489014162,0.00338604616121508,0.048141547349583,0.0020495339881067,0.00401951772136283,0.00169250875788562,0.182076362871973,0.00365921396821134,0.000829097227283523,0.0209054080021028,0.000640445560304946,0.00617762277486239,0.00119551757678661,0.00796697750262331,0.000950003505579222,0.000938977062228573,0.000864626769743588,0.00146269733358724,0.000929348777751635,0.0396980555289024,0.000560496270544428,0.00237546378883076,0.0950470393561005,0.0122150756863505,0.147668426829619,0.0377542059778477,0.000784996477315014,0.026571685900421,0.00267885321657692,0.0171374157879897,0.00104352141886902,0.0270498146259936,0,0.000180287551003191,0,0.0284544173440473,0.0147413620458258,0.0376461562522284,0.00930781024054801,0.337731941411841,0.000851261358025041,0.00052558548355186,0.0189422348961766,0.262801179013457,0.00403024520550785,0.00358923975968435,0.000772269473627809,0.000503726251160905,9.59446916560291e-05,0.00668187330200321,0.00234958275248687
0.00934746630424426,3.08120336686939e-05,0.00282421988552409,0.396737618973547,0.00248578447738417,0.871827927782226,0.850895627818449,0.763348168615314,0.106509289666649,0,0.013488349246508,0.25027087981664,0.0703225479746219,0.459657960349851,0.0171730331923507,9.6458409156096e-05,0.000314212025332394,0.00391149212305631,0.000368217938117543,0.664320813470133,0.00371800558800297,0.00061186594815284,0.00505068882273398,0.101214268215816,0.00388489186256347,0.00859763174484483,0.00274901401138689,1.10752434467257,0.359270390958867,0.00770010544413529,0.000184476626042426,0.013218899892925,0.000108184316579229,0.163621347988158,0.092157853515527,0.460050468089472,0.0122931456612291,0.0469425958199962,0.0205255362456216,0.0427367423812019,0.0406438177509477,0.00960548131719097,0.00812960922325705,9.37462589538935e-05,0.00339683922063823,0.00133380482760769,0.0223711514033795,0.000541626042597717,0.000342443192819094,0.00022078296565471,0,4.10723977622509e-05,0.0581786995636961,0.000339705832763243,0.0020804181775668,0.0822545756637441,0.0073359842861145,0.0251578900644523,0.14613078248631,0.000448752691509417,0.058262334695329,0.00011694522638272,0.00676632392791374,0.000355938216551381,0.00138032248517252,0,0,0,0.0371834692330428,0.00353090333901999,0.000153647807430732,0.0013389729699477,0.0803218916653103,0,0,0.000113386953784427,0.118342323050363,0.00154555065019488,0.00141549525630081,0,0.000110535198456645,0,0.00533918590480422,0.0149862969762556
0.000837273333360652,0.0201111469276694,0.00419479795962396,0.00116995555445765,0,0.0104063201429311,0.00498990931144516,0.00555611805975302,0.0061409717961604,0.013488349246508,0,0.012086172162182,0.54098324869691,0.00511338541270939,0.000850188865972503,0,0.011130380861621,1.79526372588364,0.417033736138047,0.00523424279686467,0.000922689022127508,0.0109365478653246,0.0117330882590171,0.00395833580334613,0.192950519615675,0.51347469651638,0.0863041876386322,0.00443493691559288,0.0116735932472353,0.00476174597854859,0.0567303552600881,0.000984707277039019,0.000888065008342195,0.4128001242054,0.00564927441183886,0.0369567795523365,0.156604412078384,0.0923927061598206,0.0219032398088551,0.00189625180696884,0.00113596738508401,0.315937763589498,0.00210757506977455,0.0735562344129029,0.00611724261175303,0.00158573878268174,0.000612850413328162,4.08345279637456e-05,0.0426759513271367,0,0.00209473827161372,0.000178265867180121,0,0,3.74740767163038e-05,0.000949655956234354,0.000143703954903406,0.00356518546640918,2.55418544460386e-05,0.0763010777691267,0.000220730021254715,0.449288595278554,0.000219942378304428,0.00025499729151324,0.000283539821082831,5.68162257086634e-05,0.0099687074484801,0.000513723783993512,7.33264665719928e-05,0.000473248338882682,0.00205679789045887,0.000131375031488317,0.00142477038038678,0.0383768933947044,0.0530743995505336,0.10427039446355,0.00102986274611324,0,0.000216201328706181,0.11788217497671,0,0,0.0153454549341441,0.00425532280875662
0.00082882347422421,0,0.000667649824793572,0.599588875311855,0.0139120945537859,0.250991214901743,0.0067860893058609,0.209688852283575,0.132878069955959,0.25027087981664,0.012086172162182,0,0.0663351994742281,0.133275968148049,0.275604726046506,0.000125025944676107,0.000239751461981678,0.00363538089881661,0.000134249388562095,0.654461821894303,0.00107328499882211,0.000156234447781411,0.00152472396150676,0.0509027770458004,0.00439692051746095,0.0173460476264294,0.00177721925846027,0.0830725326826515,0.155419633836227,0.00226847534058636,0.00049949059350239,0.0106696098895571,7.35067800502182e-05,0.128457992202645,0.359928937049506,0.254460100232389,0.00940962124105054,0.0328586809895329,0.013925905536692,0.249634485126693,0.0298286265750275,0.00875725185002001,0.00573160741560384,0.000142288949915734,0.00250856727276356,0.00153107034011336,0.0388539558787853,0.000111670070067635,0.00113641047606688,0.000246117758226335,0.00012354125854075,4.89099577488631e-05,0.0465737777872638,0.000317849267797243,0.00402925314957145,0.0328066342475484,0.00419053442283318,0.0104192173001548,0.0524430565028174,0.000424240991391107,0.127222808643197,0.000178436775158536,0.00359585596343263,0.000564277262931383,0.000796331272395433,0,0,0,0.0422681552200633,0.00191233577886561,3.10141870363086e-05,0.00128620249940661,0.0386336358605805,0,0.000142516756163102,0.000221444970850539,0.051673553076576,0.00175818555017364,0.00111106260403001,3.35523799800039e-05,0.00015017143163715,0,0.00352160286790912,0.0960250984304868
0.00322422851309731,0.176134763316471,0.0139213344044671,0.00895174060651251,0.00467489113894453,0.0918682852936533,0.0741589520712654,0.0428989252237084,0.0705670572144286,0.0703225479746219,0.54098324869691,0.0663351994742281,0,0.0369749545268124,0.0183320124024808,0.00432399001242117,0.00378160385751628,0.0164085795370643,0.00494194876141889,0.0247550502257283,0.0374732306513714,0.0998283663646142,0.095460198137535,0.0677830794197465,0.979553033486353,0.0642256268813097,0.360292887150328,0.163831585092761,0.05350053861405,0.0379947729433754,0.124867256762735,0.0265046819928512,0.00110191278403867,0.352149643064651,0.0174236933936178,0.283501685149212,0.221671857807619,0.282655003982276,0.17930730943114,0.438359828771926,0.0962009086039693,0.259652828178169,0.0587690648006502,0.127637271290311,0.0653754838743846,0.0208235695044465,0.222577574864852,0.0118412083720308,0.0785670325136178,0.00070046224922733,0.00486137248406146,0.000435277305511656,0.000916189738343853,0.00233261629854111,0.0101425158557776,0.0504763958750057,0.0363943023730536,0.0116359697150138,0.00791798265625328,0.179189686044864,0.0179679963018909,0.806858628041261,0.0225035173897268,0.00133904821765351,0.00645527973757125,0.000181373293058216,0.0187515194467731,0.00128081325552811,0.00462555368695608,0.0261316146224074,0.00710381081716378,0.00893460866285318,0.025283709517077,0.118485585488046,0.118831536971221,0.251860426213129,0.0552271621818968,0.00573606676807918,0.0117778040070727,0.236916296355847,0.00976292883717866,6.53867529217958e-05,0.0387998765293257,0.00590651992551519
0.648912370839863,0.000162332629817846,0.0499250239356223,0.0100413583150719,0.00143954078915183,0.12818196394941,1.76552141437652,1.71919405219634,0.00649406396852804,0.459657960349851,0.00511338541270939,0.133275968148049,0.0369749545268124,0,0.0108031539008531,6.51137821094156e-05,0.0178054032005286,0.00140323303704628,0.00390804452542287,0.0690288005386047,0.111652933846642,0.000795945088949847,0.186499177166949,0.0143025746185364,0.00276320939821953,0.00404969032748404,0.0119837003928786,0.253150978357659,2.24325988070138,0.74635084848939,0,0.027354923103465,0.00316183013622708,0.0903393880086312,0.026613403574046,0.138457503004077,0.0078890037848977,0.0203250271258328,0.0108396590590884,0.0453933318362127,0.0252370946495751,0.00468346550509935,0.00506376007346059,3.99413650929451e-05,0.00159842824593099,0.000605868349725133,0.00452305737697242,0.000297635799530804,0.000284040998534372,5.30300690090418e-05,0,0.000161312023722187,0.00123622795734313,3.35709833690644e-05,0.000439631657092881,0.0275505923215498,0.00202429665015609,0.00287169282971231,0.00197941481736023,0.000199917446377301,0.00299938530217018,8.00062510541084e-05,0.00378995546495546,2.4227408969441e-05,0.0013103357106457,0,0,0,0.00105197558777824,0.00487023165483054,0.000706059092543312,0.00230318018346493,0.0146470736934572,0,0,0.000923889556138927,0.0313192704049511,0.000604212751904029,0.00175441016141813,0,2.32236545487463e-05,6.23659599642994e-05,0.00232016140741906,0.0034701464498675
0.000780307755952111,0.000194146339947975,0.00135391408834894,0.0263497870150335,0.140318574274913,0.36912922674336,0.0206518093551237,0.0883400109864647,0.234511819643822,0.0171730331923507,0.000850188865972503,0.275604726046506,0.0183320124024808,0.0108031539008531,0,0.00033543860532403,0.00127009881192135,0.000430633146272412,0.000751101348984327,0.0190459697125138,0.00906415442843376,0.00173619103540555,0.00670240520037994,0.068717289320894,0.00139710441040423,0.000770699031355736,0.00205110479369725,0.0576466834654068,0.0124217108042833,0.0167350259840803,0,0.00925498000040983,0.00121984052183306,0.0153282398424557,0.03276946754568,0.0425324341142242,0.00244342229716759,0.00320026667881407,0.00448947038719995,0.616295553820194,0.0156677260121251,0.00136175168170154,0.00301161739194227,0.00135034143871941,0.00119062246828362,0.00507347004527802,0.00521336404241409,0.000149418391064662,0.000386914397879648,0.000227911906313896,0,0.000495413496555,0.00213330321947806,4.07089384045958e-05,0.000274408508089936,0.0108207037719833,0.000850032405464631,0.0011602389780293,0.00461978052295782,8.9178819231033e-05,0.00974502328467214,2.77588423419267e-05,0.000879786609576549,3.81754445034742e-05,0.00124557893342993,0,8.83598993792296e-05,0,0.00926310601302482,0.0024842276577014,0.000519005214967024,0.00387495597709136,0.00610105638053372,0,0.000373790329729146,0.00243076057773301,0.0107106094697693,0.000602747258623427,0.00102666068689335,0,0,0,0.000982371884392269,0.0359020819194885
2.21119055638165e-05,0.0027224688325706,0.00189833730694129,0,0.000291191612253034,9.64193116389514e-05,0.00132692052262685,0.000122429782044679,0.00190827212470195,9.6458409156096e-05,0,0.000125025944676107,0.00432399001242117,6.51137821094156e-05,0.00033543860532403,0,0.000546581669578796,4.36403142355978e-05,0.000156823162742418,0.000103652875044447,0.622048901231141,0.635015267167985,0.48607066268556,0.265809190741983,0.00140650244920973,0.000298423485115403,0.584415183969291,0.125819824601651,0.000637409856460482,0.00146754653605894,6.96201175958275e-05,0.000104067654990935,0.000426272410666484,0.0219243072757433,0.0419462392358466,0.227091541385086,0.0537381271039545,0.0326788166174355,0.0114293325914147,0.000532733455796885,0.00309270312892963,0.00011555498080793,0.0242643918340127,0.00306331024875247,0.00272147075778164,0.00281658317763176,0.00102110814433416,0.000115961256136143,0.000129489471606624,0,0.000451835194852048,0.00408918161883538,0,2.79505002542943e-05,0,0.00124172477129643,0.000255346255205047,0.00131421358487096,0,0.000113291122974577,0,0,0.000284608913512454,0.000202365478874552,0.497593619143942,0.000439930998153645,0,2.53148082016111e-05,7.26603758969396e-05,0.191150926986542,0.209443609390686,0.370956034221414,0.0305098025354787,0.000100742186122763,0.000285375938139054,0.138800218509658,0.0503337592608178,0.00154118910453704,0.0264067334385143,0,8.38262927628995e-05,0.000111580595477503,0.000450269577671814,0.0134261078612209
0.00912717865660381,0.0183376899859141,1.87260984167418,0,0.000475843713706184,0.000455161638748384,0.00296804381152587,0.00444362766229561,0.000255081043837327,0.000314212025332394,0.011130380861621,0.000239751461981678,0.00378160385751628,0.0178054032005286,0.00127009881192135,0.000546581669578796,0,0.00458712545620614,0.281216647750391,7.63044954615714e-05,0.0395609069200483,0.00208095603720907,0.746444059715541,0.000911862035060871,0.000493780939798665,0.672227452771078,0.960077528653864,0.00419067344220039,0.0962928992042273,0.168326659484915,0,8.20603499294401e-05,0.0195643669140061,1.01210485827618,0.0246903724665745,0.0920902222459199,0.0377241905347737,0.0963634004062081,0.0348311664874941,0.000628822562841011,0.00470679497615513,7.18089297729315e-05,0.000974854674913572,0.001531657831655,0.000338856568403775,0.0012470701815419,0,0,0,2.8002773627302e-05,0.0115303393252928,0.0230990170174757,0,0,0,3.02982772416472e-05,0,4.68182313132942e-05,0,0,0,0,2.32055145761133e-05,0,0.000470321799265516,0.000681434274328745,2.53599672056258e-05,0.000242684050110054,0,0.000476233928874689,0.00180311641613484,0.00178513177512718,0,0,0.00538631341838747,0.140473446562008,0.000268462600984204,3.44065787975907e-05,5.06693423130423e-05,0,8.38912377946971e-05,0,0.000178957442051348,0.0103763741455893
0.000166311321213716,3.69190706662238e-05,0.00622779157367755,4.87452280382574e-05,0,0.00312885474677247,0.00185226387294907,0.0013089345618092,0.000189414146416855,0.00391149212305631,1.79526372588364,0.00363538089881661,0.0164085795370643,0.00140323303704628,0.000430633146272412,4.36403142355978e-05,0.00458712545620614,0,0.26141086541655,0.00126410752707905,0.000851041335319982,0,0.0103347379405722,0.000161861060968682,0.000636484437952675,0.0766402741496744,0.0121378979419489,0.0016478359481425,0.00430069018148009,0.00337941708561211,0.000770865014144358,0.000178546994121623,0.000266799903623432,0.306606610349842,0.0228997589255522,0.130947685313984,0.116669277917745,0.096232050571598,0.113583447497263,0.000692803894226854,0.00121486272501009,0.00332386614801909,0.000414748371146447,0.00218025215646786,0.000216754720213428,0.00306332524305439,4.76242348224342e-05,0,0,0,0,0.000117895821378198,0,7.15724279797196e-05,0,0,0,0.000104395954017413,0,0.001445317369456,0,0.00437612187102768,0,4.62163497647524e-05,0,0,0.000513891355373651,0.000202413177400589,0,0,0.000163611386668539,8.84191073156563e-05,0.000128589516904664,0.000448470228074938,0.00406703017643565,0.00670801055202151,0,0,0,0.00319291030634799,0,0,0.00013519776842705,0.0166571397148882
0.00238106370737815,0.00357652332374536,0.345251240294331,4.65920173647702e-05,0.000110720602100909,0.000342406751604911,0.000949936313904585,0.00108411370423686,0,0.000368217938117543,0.417033736138047,0.000134249388562095,0.00494194876141889,0.00390804452542287,0.000751101348984327,0.000156823162742418,0.281216647750391,0.26141086541655,0,0.00025640391607824,0.00716716149810931,0.000403335351373083,0.163431875026782,0.000384958698994839,0.000821231384065516,0.390576707464033,0.199461076743537,0.00227461585849393,0.0245944938710767,0.0293982664069822,0.000625171562469263,0,0.0049727850336204,1.62130799655385,0.0476028061965875,0.317435310598427,0.166668470680321,0.312659943385609,0.183053031972347,0.000753950377569849,0.00203785105977671,0.000206287019902933,0.00110371582057664,0.000846792514781267,0.000132335523205018,0.00368967963517388,0,2.90767319294125e-05,0.000117347297597104,0,0.00277063344987433,0.00907346224006083,0,0.000124357961408365,7.04198334708809e-05,4.10456011707544e-05,0,0,0,0.000387268303444236,0,0.000533591031993395,0,0.000390145137015402,6.19082954616219e-05,6.85670612282576e-05,4.41462203883648e-05,0.000296998983798301,0,7.28206011998716e-05,0.000115197675620431,0.000235891933485943,0.000130794808169925,0.000359300033950451,0.0127647067008997,0.0784060374834148,0,0,3.02289464367807e-05,0.000198358150197136,0,0,0.000244827543867892,0.0298708305986321
0.00150186286914146,0.000191389879720652,0.000402601693656086,2.29244880350777,0.00116221813134634,0.0473344760641159,0.00582365298075725,0.0947982032239895,0.0821607885240468,0.664320813470133,0.00523424279686467,0.654461821894303,0.0247550502257283,0.0690288005386047,0.0190459697125138,0.000103652875044447,7.63044954615714e-05,0.00126410752707905,0.00025640391607824,0,0.000528289596259546,0.00025704947740556,0.000384238260694849,0.0725077931149959,0.00131823543887287,0.00238958960573566,0.000850083546247887,0.157378726966463,0.0998708332991876,0.0011609089373047,0.000343745652493214,0.00352400353368649,0,0.0547327694156331,0.0134432648534649,0.128541187996969,0.00427262591249287,0.013107453479674,0.0061806802073763,0.0278870474530512,0.013404520941591,0.00294927143488464,0.00208206005640799,0,0.000805165870971875,0.000336233801962084,0.00637256297495543,5.08736996891856e-05,0.000279791373504737,8.30983878974319e-05,0,0,0.0192829724422005,7.78760925673841e-05,0.000357908716956881,0.0156281863753183,0.00123430090500819,0.00904139313928391,0.0212538160279545,2.65928143176913e-05,0.0283451131705493,0,0.00161160939957068,0.000362031310275445,0.000483521335708049,0,0,0,0.0193805428283423,0.00151398672522644,8.09670430646541e-05,0.000255720680849039,0.0207922228105626,0,0,0,0.0281454851629506,0.000172833950063315,0.000377538148914564,0,2.08504044872135e-05,0,0.000832192774871754,0.00152598953323326
0.06199415514318,0.000440450584359348,0.0442950120365164,0.000463282466660392,0.0057607306078106,0.00925423663504547,0.360985674181758,0.0368196545526958,0.00276231347153316,0.00371800558800297,0.000922689022127508,0.00107328499882211,0.0374732306513714,0.111652933846642,0.00906415442843376,0.622048901231141,0.0395609069200483,0.000851041335319982,0.00716716149810931,0.000528289596259546,0,0.0658995447086222,2.29481017029863,0.146034400930135,0.00278206964603006,0.00325103880318337,0.106985615162903,1.62062051280996,0.168556267334083,1.95504400128192,0,0.00350502035447344,0.0371654276122049,1.43322638053977,0.311453752674156,0.912530663185547,0.107847624528859,0.517976014648743,0.123282562174044,0.00639016459487119,0.0398965551054516,0.00220304052767371,0.0200205497557305,0.00192663708044956,0.002453472492643,0.00708547611509422,0.00298740853260558,0.000499214788435141,0.00032930276421504,7.96028544687418e-05,0.000205448866415727,0.00185325984938845,2.12376797419042e-05,0.000465789247384974,0.00015453103465333,0.00568587961426615,0.000900536658455919,0.0022516672323265,0,0.000253152034031403,0.000227478573027322,0,0.00153790425875289,0.000437710412292615,0.251242357339705,0.000192860433508641,0,3.78394453496397e-05,0,0.233258039209094,0.0952340750835088,0.20389271287182,0.0609030109381283,0,6.52682888536335e-05,0.0474700204587623,0.119320826226907,0.00222482101078433,0.0364205203687502,0,0.000180360168357361,0.000156828089785874,0.00105884841300735,0.0693911068290665
0.000281534755372846,0.184853102552501,0.00382414981385863,0.000673277537204612,5.67697098213494e-05,0.00012372730726068,0.00187422250074904,0.000226137410666853,0.572498082306024,0.00061186594815284,0.0109365478653246,0.000156234447781411,0.0998283663646142,0.000795945088949847,0.00173619103540555,0.635015267167985,0.00208095603720907,0,0.000403335351373083,0.00025704947740556,0.0658995447086222,0,0.122526010323091,0.980003975573944,0.104855531310321,0.00268021005538829,1.16055211681741,0.06855850307797,0.00405259969474207,0.00338701189324474,0.00127737777160007,3.94420913560867e-05,0.000698281352202809,0.00952096370350899,0.00503216707003816,0.0402869985816215,0.00752433709027805,0.00638722996029592,0.00141412657071189,0.00295307302149762,0.00139930805376068,0.00159482155743803,0.0170586662499936,0.00337911172569878,0.00295999317081229,0.00195574809036528,0.00121444727774395,9.3119801505375e-05,0.000625575778374877,5.5351829798162e-05,0.0288378534401747,0.0112995073227038,0.00011429173728556,0.000142700376580954,0,0.006625211892601,0.000692246281922785,0.00933624982864609,2.94390698193133e-05,0.0011692203999056,4.0339773463887e-05,0.00386179988130473,0.00181376304152795,0.000267036247855059,0.28973088299155,0.000324323313922262,0.000136410371655902,8.96173353669313e-05,0.00083045080178958,0.0732837483860084,0.281672490075578,0.127699788422275,0.0488967888201487,0.00173716065086487,0.00152660908763067,0.25274609345112,0.0572448546715708,0.00135049914489064,0.0101736958346749,0.00140136666445835,3.28802741597235e-05,0.000127470788868338,0.00147972802261082,0.00333109385569461
0.0951234479487943,0.00165167639129609,2.36016692575513,0.000551455054973343,0.00533582570936264,0.0165580664349795,0.241324510560571,0.058777346691722,0.00187706149729574,0.00505068882273398,0.0117330882590171,0.00152472396150676,0.095460198137535,0.186499177166949,0.00670240520037994,0.48607066268556,0.746444059715541,0.0103347379405722,0.163431875026782,0.000384238260694849,2.29481017029863,0.122526010323091,0,0.115519266798854,0.00101290037764671,0.106489736511182,1.93140697366891,0.311026338069899,0.234787464874112,0.814558269260769,3.62890801308632e-05,0.00182867328249263,0.0371174573536045,2.67336230477587,0.627016673908195,2.34740262077233,0.482453228188481,1.466286015375,0.404395327078062,0.0142436782777541,0.0707586724637535,0.00176662945904316,0.0315583205250969,0.00683390155614258,0.00549754708920545,0.0207701233375347,0.00186869150334639,0.000564785843923769,0.000154241165824342,0.000316670408698967,0.00198940609963207,0.0525827928975876,3.69652862596929e-05,0.000645756696271454,0.000186496254150224,0.00265607176510516,0.000616584968608596,0.000771756417886403,0.000210853358548361,0.000758446992433282,0.000429046662377286,2.20639067439348e-05,0.00109307755521589,0.000979099543436996,0.459074297896736,0.00040319270623574,0.000179512746541608,0.000185319371059593,0,0.117140679738653,0.143399454927851,0.463925288001012,0.0186247612996867,0.0002377117178936,0.00140207860926206,0.458814566159488,0.0388632681874054,0.000635312359563564,0.0233510636364979,0,0.000371889414080715,3.07883030402809e-05,0.000651424525715779,0.19555117955153
0.0033361177031348,0.107696084939928,0.00433832420174214,0.308354511126852,0.00144417184853551,0.00304105938869973,0.0668733797765657,0.0120682455066182,2.69199770368936,0.101214268215816,0.00395833580334613,0.0509027770458004,0.0677830794197465,0.0143025746185364,0.068717289320894,0.265809190741983,0.000911862035060871,0.000161861060968682,0.000384958698994839,0.0725077931149959,0.146034400930135,0.980003975573944,0.115519266798854,0,0.0545609802379053,0.00282838082191785,0.419801460159492,2.11180401104054,0.0206760233277973,0.040327335163073,0.000818351794093442,0.000855952819105857,0.000898006273152192,0.0240397132452835,0.0242885899346736,0.161288724534468,0.0142116744241565,0.0196324449504151,0.00623290316438411,0.0585486777196006,0.00507500582400133,0.00160794123054713,0.136313510348797,0.00387370201116586,0.0382688919478084,0.00714886625131431,0.0540281068618597,0.00644670024603079,0.00358775002045627,0.00322045555635121,0.00139478563587057,0.00331277269279939,0.0838136170946302,0.00270351843172829,0.0106728807234822,0.470696615465751,0.0541408337289923,0.233537049069721,0.108199073636967,0.00401671171635842,0.0645502526263532,0.00103687188435762,0.102460251977788,0.00332647010902216,0.176314798338887,0.000195406812240109,5.74853786394686e-05,2.65789822641671e-05,0.0628899369850417,0.230965504067992,0.110308303154363,0.106493172506721,0.786688269671878,2.94256678162336e-05,0.000264267188261908,0.056840894544024,1.06969215097811,0.0194088955833239,0.0628309497163954,0.00018716629684057,0.00362629284111304,0.000668943333115982,0.0413543679900405,0.00975714560221456
0.000196669395857486,0.111260485493837,0.00141255068422362,0.00066628657044518,0.000501181929998374,0.00619092386438082,0.00448452115165824,0.00200331389579088,0.0690541480973722,0.00388489186256347,0.192950519615675,0.00439692051746095,0.979553033486353,0.00276320939821953,0.00139710441040423,0.00140650244920973,0.000493780939798665,0.000636484437952675,0.000821231384065516,0.00131823543887287,0.00278206964603006,0.104855531310321,0.00101290037764671,0.0545609802379053,0,0.0316672761149046,1.22234351996554,0.0325139948167173,0.00495119844950399,0.00361493122719713,0.0229786693265122,0.000766520410991103,0.000176270896533591,0.0122231888512085,0.0010921569951659,0.0231534837645319,0.0355913193213576,0.00492567065511236,0.00228867090800304,0.0626557145018204,0.00206919533833424,0.0371408302467795,0.0143752653815753,0.0239738449155714,0.00621196166891026,0.00248308544372053,0.0491436880171062,0.00104036287630532,0.0134100109711278,0.000117056320276022,0.0387108379176616,0.000863690523974363,0.0001357622578309,0.000354777636450666,0.00116068862357412,0.012002577182802,0.00616838696702612,0.00297528031484519,0.000822161434883935,0.0173295158441169,0.0027541198631444,0.145547200987411,0.00440274499834072,0.000260403140529174,0.00308373710730805,0,0.00411130084267142,0.000802862368789993,0.000789743937636913,0.0129256186368298,0.00177982981295227,0.00363559566637937,0.00575336492067432,0.157623458234641,0.0405133778381998,0.229183419758218,0.0163676193194435,0.00115813519164463,0.00492265744364762,0.0469184590719629,0.00179616587782454,9.9105614326501e-05,0.00837175743051312,0.000768283328642125
0.00152669476591343,0.0778564828028198,2.10057835067706,0.000780751048984543,4.1554680799216e-05,0.00707102345058309,0.00534950275194561,0.00342728312927268,0.00278326616685522,0.00859763174484483,0.51347469651638,0.0173460476264294,0.0642256268813097,0.00404969032748404,0.000770699031355736,0.000298423485115403,0.672227452771078,0.0766402741496744,0.390576707464033,0.00238958960573566,0.00325103880318337,0.00268021005538829,0.106489736511182,0.00282838082191785,0.0316672761149046,0,2.4384682450127,0.00532056955676675,0.00949219032768033,0.01230815790293,0.0217157825773278,0.000355457103177479,0.000542975809674409,0.602529492115006,0.0769941351206272,0.635980816383579,0.779557021287861,0.305302670012041,0.212466705607534,0.00198632784489125,0.00401578635531425,0.0114070775698824,0.0157972860898585,0.0487871465139277,0.012628382376406,0.015039295330898,0.000209080351394882,0,0.00164780793925363,5.43471281542897e-05,0.0523262610340874,0.0588589285623366,0,0.000255222244969082,6.97401646945057e-05,5.3298114631632e-05,0,0.000700776908981523,6.38019058134914e-05,0.0347125842574111,0,0.134121150883918,8.03055290902373e-05,0.000649111467887166,0.000106724947810131,0.0047510695666012,0.0294659950904297,0.00978304878059535,0,0.000120334376082676,0.00152050752265431,0.00118829889275577,3.69702837424457e-05,0.0411132657711247,0.316767720595133,1.51947239248168,7.87252642435667e-05,0,0.000315508783130792,0.103950132842613,0,2.36367940010816e-05,0.0212595205395896,0.0471678005976883
