0,0,170.086032092571,5.17002269625664,0.98419177532196,79.7450768649578,4628.49942019582,1315.21400237083,3.44482079148293,85.9509342610836,46.0253473520279,11.776134878397,8.66490572690964,11971.2211950421,6.14397996664047,1.81028759479523,475.731518536806,41.5570741891861,34.4327339529991,14.9516677856445,191.84832456708,2.47008228302002,756.880825906992,31.407054066658,0,170.650810450315,111.015308111906,57.7788740992546,8264.76889702678,8346.58071279526,1.72621762752533,32.0576787292957,39.0664288401604,175.141473978758,36.6334496438503,147.715957552195,19.835407435894,221.929600536823,47.3570717275143,21.31338301301,9.09539371728897,26.452319175005,13.3559300303459,2.68970841169357,13.3744308054447,5.16718590259552,8.46670433878899,4.62278908491135,0,0,1.11729550361633,1.87080061435699,0,0,0,14.8098683655262,3.07306626439095,3.55467757582664,0,0,0,1.03576874732971,0.955149412155151,0,2.65067684650421,0,0,0,0,5.66710576415062,2.08921331167221,6.56087386608124,27.8440493345261,0.889996647834778,0,6.74717286229134,23.1016344726086,0,9.23597237467766,0,0,0,6.33992144465446,5.6931120455265
0,0,168.688720792532,0,1.17044293880463,0,6.82917389273643,0,2719.97662609816,1.09268510341644,55.6625874638557,5.53723669052124,360.616725951433,2.07929635047913,20.5675931870937,838.949558675289,107.82808971405,8.95388281345367,15.5931265950203,0.668719947338104,43.8236268758774,4694.84111407399,150.186207532883,4696.27999296784,5529.46122863889,245.638084113598,29681.4686209261,82.1339555382729,2.51037168502808,5.22011977434158,68.1618395149708,0.781594574451447,0.487307369709015,51.6424385607243,11.0273076295853,172.731509119272,243.219582557678,131.536773353815,69.1329749822617,15.6384083032608,2.06293106079102,197.362654864788,271.408238142729,264.49172514677,143.307144731283,163.870339155197,3.71693307161331,1.61199700832367,49.3269754648209,9.48128342628479,2800.72802245617,394.201383560896,5.15063780546188,0,0,27.2639569938183,4.99458310008049,23.8917781412601,1.4837072789669,305.894387483597,3.29443910717964,506.116107672453,8.45035839080811,1.94540420174599,66.4883206784725,337.421353906393,3.12709736824036,142.369882285595,3.88379427790642,54.804532378912,82.3640584349632,163.037253975868,105.357420176268,437.800395816565,1093.28732340038,7419.96829508245,22.5495583117008,14.1994861960411,49.0364342033863,108.902684539557,0,1.46439605951309,98.3175886571407,29.7321334481239
170.086032092571,168.688720792532,0,29.1852000951767,3.23285266757011,54.5832290500402,3639.54749679565,699.257836937904,15.6698558330536,146.239437371492,43.3498428165913,7.41788333654404,2.42154520750046,1369.51581659913,23.5062047243118,324.657847970724,15772.3676437736,437.704493075609,1269.02752460539,17.0177934020758,4469.66988497972,49.0080874860287,45323.5928770304,300.818120867014,4.79423487186432,40829.8869538009,60165.5191707313,1861.29141363502,693.901952922344,2396.08781251311,2.26146468520164,19.4665116667747,98.6809611618519,2030.89211523533,738.777314126492,6038.45853212476,4816.60970771313,3682.72235685587,3039.17876720428,14.983245164156,67.8435717523098,63.9029046297073,1094.19800102711,392.835085779428,532.707742795348,704.185468643904,50.0817705988884,7.2026931643486,2.28212344646454,14.9199388921261,425.739316955209,1963.3496170789,0,4.34163153171539,1.65118199586868,118.348843127489,5.7049814760685,24.5310076773167,1.15104842185974,5.53549227118492,1.8540518283844,0,17.7863683998585,17.0552912354469,225.569057077169,1314.93475854397,40.1641956567764,406.999043896794,0,168.392063677311,81.2233879268169,1131.14764398336,117.826820105314,6.39836525917053,2535.75972548127,7074.1985091269,95.572437942028,44.2789035141468,142.051227390766,0.67089855670929,0,2.73155510425568,301.850705608726,410.995515882969
5.17002269625664,0,29.1852000951767,0,29.2604070901871,195.051030188799,1352.83462113142,76.749439895153,1627.35896614194,7832.20331931114,7.17254513502121,955.486923068762,1.74233320355415,119.613017067313,320.378905028105,1.01286941766739,7.98869776725769,1.99074426293373,0.439945578575134,26631.3031782806,9.64476329088211,1.49208545684814,36.5061381161213,2350.58150407672,0,3.90065208077431,13.4049653410912,10968.8419341445,274.786115333438,30.6443141996861,1.30806267261505,15.8917628228664,14.6209180355072,90.7912748456001,204.103006541729,799.179597079754,21.1178788840771,239.084422230721,119.434122890234,346.606376588345,27.6660154461861,70.0079782009125,48.1174755096436,8.53896397352219,61.0789378285408,18.1965535581112,113.000355184078,23.6279729604721,24.7837444841862,0,0.455356568098068,0.439420700073242,798.602595448494,10.0213840603828,147.758358418941,551.652361452579,780.30811086297,515.018788039684,1601.83762919903,5.21673285961151,539.7742587924,2.45184427499771,103.057190001011,25.8113722503185,1.37280336022377,0,0,0,899.051386624575,1.4125055372715,5.55831405520439,6.22261044383049,1045.20607125759,0,0.278904289007187,2.1855434179306,2130.75110599399,52.6581202745438,1.6210253238678,0,3.11626017093658,5.09987914562225,130.479708135128,8.92043408751488
0.98419177532196,1.17044293880463,3.23285266757011,29.2604070901871,0,2964.96139517426,113.66474878788,253.47366476059,649.895691365004,278.867789983749,14.6306267082691,1377.77994427085,2.45351094007492,70.7123222053051,6707.13424164057,8.43510264158249,4.03082391619682,3.83341184258461,1.91961628198624,276.133753925562,20.0346743762493,11.5663914084435,51.4533793032169,427.70258179307,5.09983170032501,13.9380152225494,22.5238581299782,62.1390305459499,25.2843278348446,21.527528077364,1.21037393808365,1959.55321913958,1.3176406621933,163.124924331903,489.310517191887,805.643401563168,46.8872057497501,87.9172641038895,91.5848286449909,13411.008330524,5956.37822204828,104.983286261559,20.5942940711975,17.473836004734,17.6803353428841,40.6328502893448,52.8754672408104,34.1968857645988,23.8104989230633,0,0,3.90449643135071,10.0301042795181,1.89827293157578,15.3407727181911,57.7916107177734,28.5701790750027,14.0264835655689,34.683996707201,4.39293450117111,61.2842256724834,0.894202589988708,7.17889127135277,9.32352167367935,4.91450619697571,0,0,0,44.2817785441875,4.06891202926636,0.653366684913635,7.97823631763458,47.2283855080605,0,1.59987717866898,12.1307125687599,46.9929036796093,3.30688297748566,5.44949418306351,0,6.28089874982834,0.364467591047287,33.0251315236092,461.92358982563
79.7450768649578,0,54.5832290500402,195.051030188799,2964.96139517426,0,4350.84790825844,23818.8690339029,1022.28389453888,17545.4561488032,360.973105311394,7173.54167690873,62.8077822327614,4999.71615374088,3787.12098243833,1.02974987030029,87.571601241827,178.375320523977,49.0947843790054,1628.12002414465,50.2036031186581,2.63450717926025,137.979130387306,317.615346461535,11.6201276183128,290.288015604019,71.2127428352833,411.317818909883,791.242607235909,307.417831063271,18.632665425539,1833.6818626821,8.77331039309502,871.450550973415,5192.12505599856,3405.49114352465,141.192434817553,1012.65388375521,327.475177228451,10096.7960002422,1703.31152775884,590.9370020926,141.474757879972,18.6432677805424,155.279999792576,98.1305932402611,425.853431373835,89.3006564378738,116.800892680883,0,1.40147304534912,0,137.480241805315,27.7364084720612,161.856196969748,596.785714119673,328.02499037981,119.230036109686,317.596275269985,19.1902559995651,560.918762505054,7.60933187603951,82.1979859769344,98.7176859080791,4.0391651391983,0,0,0,347.740655183792,3.52718523144722,5.19216883182526,4.24061313271523,572.438273221254,8.55312365293503,0,3.94203069806099,555.571381449699,44.0404503047466,16.6873486638069,0.612653791904449,13.033466398716,6.06481730937958,151.179954886436,322.535363912582
4628.49942019582,6.82917389273643,3639.54749679565,1352.83462113142,113.66474878788,4350.84790825844,0,15556.0893507004,563.057527661324,10197.8188532889,659.257139891386,338.240904003382,142.810634553432,39664.7348970175,644.037176698446,163.053942322731,789.189031779766,287.777826309204,178.544736027718,573.578687876463,3304.06515195966,50.4852025806904,6956.18845236301,7339.95183321834,19.9649243950844,813.348285317421,1792.59282633662,79815.2234530449,9999.70699411631,9785.18148636818,38.2481907308102,382.903614938259,1429.62743881345,3513.29244707525,3370.25168189406,11323.6100975275,1145.32046625018,7294.60206907988,2988.70993477106,815.05361148715,543.92589405179,1079.51935848594,1325.14461919665,96.2656526863575,892.057107806206,486.380768090487,1293.57921603322,264.664293318987,182.078874111176,12.0442368984222,3.82320475578308,86.0916284322739,150.164080888033,15.0643744170666,405.067174702883,4147.69610765576,1411.69150260091,455.509500831366,314.79093542695,102.650759920478,182.71219855547,20.3669712245464,819.35007417202,92.1813779175282,320.860945492983,10.4466210901737,0.43781977891922,0.26425114274025,143.764911532402,147.684022545815,68.3121952414513,664.912799865007,3232.13315731287,8.3559735417366,14.3076370954514,353.540011048317,2661.15176606178,596.236397624016,345.749843806028,2.50062733888626,75.9254710078239,74.8954308331013,1175.27626362443,425.13897639513
1315.21400237083,0,699.257836937904,76.749439895153,253.47366476059,23818.8690339029,15556.0893507004,0,441.048169970512,9620.63252913952,540.726390510798,2703.85363575816,80.4379610717297,32874.4280552268,472.649938642979,7.80986538529396,840.593041718006,278.225240319967,115.514990031719,1173.79432177544,603.173943400383,4.37660244107246,1758.3911665976,1035.5527202785,10.7147260308266,634.508642733097,377.283802658319,859.616951525211,3022.41944485903,6145.13490787148,29.5688111484051,1819.96886259317,59.6323867440224,1486.21577611566,570.402502566576,3989.24962109327,224.666573166847,1753.16913217306,574.915958076715,4263.23873588443,1219.5796661973,755.584126263857,603.514825582504,52.0809165835381,460.914397120476,212.643020957708,687.002813637257,192.192783981562,142.963069230318,1.71416211128235,0.904745876789093,2.37590590119362,92.027052462101,9.25054782629013,208.710657894611,2847.58328226209,783.859993129969,347.996550112963,193.02110594511,28.5684794187546,176.71021977067,19.3136729598045,275.74614149332,67.2013649344444,14.7166087031364,0.553198218345642,0,0,121.492460399866,12.6402797400951,17.6170116364956,39.4663090109825,2238.65387970209,4.82167255878448,0,16.0058056414127,1773.06883832812,249.748599231243,58.4293451309204,0.901973485946655,6.70125126838684,60.4196919202805,705.12256911397,77.9353749752045
3.44482079148293,2719.97662609816,15.6698558330536,1627.35896614194,649.895691365004,1022.28389453888,563.057527661324,441.048169970512,0,1802.70061823726,33.72713804245,3681.50570309162,72.3722326159477,153.702853381634,3024.4988899529,1003.5507055223,14.0296117663383,15.5496761798859,4.60822436213493,4683.22091302276,408.821561723948,11637.1193549335,504.118429481983,29776.3908859789,1994.837965101,33.5644957125187,2413.52503997087,3450.98908361793,86.4750866889954,194.433840453625,10.5128256082535,55.3298349678516,11.9063437283039,70.5883359014988,63.5346143841743,347.124414682388,41.2504647672176,145.58709987998,51.3334304690361,2159.12329158187,43.1357679963112,76.8298642933369,791.923261940479,79.5254015624523,350.919015854597,225.90826305747,400.395591199398,30.8098875880241,32.453701287508,8.22280436754227,17.6602548956871,110.205908954144,953.136255353689,66.7456452846527,205.659767836332,1057.69506949186,374.848799139261,2131.87013241649,1363.35649231076,87.7327406406403,885.884643405676,47.440354347229,165.397778987885,188.43472546339,2704.4038824141,34.1310249865055,47.6223187893629,15.2880012691021,984.726704955101,950.791665971279,773.724628031254,2168.38762524724,4686.80423077941,27.1973553299904,93.4679246246815,791.980043679476,3086.65837696195,198.45492747426,513.303211241961,12.9264453649521,26.0148783326149,65.4457890689373,296.641186088324,280.96629217267
85.9509342610836,1.09268510341644,146.239437371492,7832.20331931114,278.867789983749,17545.4561488032,10197.8188532889,9620.63252913952,1802.70061823726,0,762.371648550034,6740.89697006345,166.529051065445,6831.17808032036,606.347626656294,2.92996552586555,128.027707219124,248.618744492531,93.4592621922493,10501.8145611286,102.183300584555,0.543109595775604,226.17564278841,972.081415534019,16.0322734415531,416.358086824417,127.259362965822,5062.68189737201,3288.17063269019,444.968951523304,19.8484916687012,698.944852262735,44.3961355388165,2551.53585663438,1131.75541618466,10405.3705742359,360.750675112009,4336.73105341196,1214.93747335672,2475.74988463521,867.97267717123,1434.0604634285,129.533976972103,26.5149833261967,169.551472604275,107.379716843367,464.404684633017,112.611088901758,144.846534907818,0,1.83023357391357,1.04897966980934,1552.62925603986,35.1379985809326,374.664583235979,1109.97629293799,1415.86989787221,500.109010130167,3342.34571495652,25.4024329185486,1552.8191126287,8.38675338029861,179.63869446516,145.173011422157,28.2140218615532,0,0,0,2023.50418877602,11.7018502056599,7.82263812422752,21.7513996958733,1666.19156116247,1.77781039476395,0,8.258195489645,3659.27364972234,85.6766526699066,7.49423643946648,0,8.83661764860153,4.4568552672863,362.072417020798,59.8878660798073
46.0253473520279,55.6625874638557,43.3498428165913,7.17254513502121,14.6306267082691,360.973105311394,659.257139891386,540.726390510798,33.72713804245,762.371648550034,0,225.725432634354,6888.19848915935,1770.46562942863,18.128704726696,12.8530485332012,270.551089137793,11753.5928600729,771.785243555903,127.373332202435,117.665052086115,10.8862980306149,331.127323567867,78.0385414958,308.888699799776,11128.2570569813,320.984448164701,87.4249231219292,1613.29605010152,246.833189457655,1035.54698941112,552.197294682264,23.0719568431377,18852.1858987212,27.1960707306862,668.932545483112,2037.13574782014,10249.5653744042,385.348288506269,139.95003631711,97.0981127619743,1529.86589971185,20.1205723881721,657.652799785137,93.1479059755802,4.97812861204147,13.2267001271248,2.61931157112122,293.854369372129,0,291.96505343914,5.82298374176025,0.566470563411713,0,0.640397787094116,9.51925754547119,5.03994682431221,42.9685591757298,0.760554432868958,2000.40292197466,2.65107616782188,2745.61595618725,3.04644000530243,0.562768936157227,9.21400567889214,1.02327761054039,0,0,1.82814997434616,1.86751461029053,46.985669285059,7.11727097630501,46.4176986217499,381.933526873589,333.861291021109,583.030818909407,16.1808262765408,0,0,1084.51575437188,1.90422642230988,0,76.8326074182987,5.03406834602356
11.776134878397,5.53723669052124,7.41788333654404,955.486923068762,1377.77994427085,7173.54167690873,338.240904003382,2703.85363575816,3681.50570309162,6740.89697006345,225.725432634354,0,48.1160336136818,1272.47117763758,6823.19673442841,0,22.2264484167099,84.7215438783169,28.4762190580368,14537.1630706191,9.63770487904549,2.15336406230927,16.8352211415768,908.021762192249,4.39375194907188,177.017521709204,35.9243751168251,431.031908363104,510.737033516169,58.8628184497356,7.70183750987053,339.874026864767,0.797775894403458,511.73154258728,4456.58236551285,1562.07759410143,98.3480635285378,690.999663352966,174.887116372585,6353.82290175557,231.845895856619,380.578875511885,79.4240346550941,20.0919628143311,51.4183268547058,36.2682562768459,463.722306907177,48.9648923277855,134.3347697258,0,2.88469371199608,0,628.783271878958,62.182711482048,274.97520840168,320.831681013107,441.943574786186,229.995712071657,1425.06066450477,26.4151110947132,1637.61509221792,16.2424548864365,70.1041693389416,213.020642638206,0.887394219636917,0,0.746337711811066,0,1271.06867608428,1.465965539217,2.08945709466934,8.22629356384277,391.66709113121,5.36850708723068,1.73128405213356,4.72335022687912,1047.94556418061,42.8351067602634,6.06366223096848,2.43501541018486,12.5570793151855,0.971504509449005,128.188166946173,290.750561803579
8.66490572690964,360.616725951433,2.42154520750046,1.74233320355415,2.45351094007492,62.8077822327614,142.810634553432,80.4379610717297,72.3722326159477,166.529051065445,6888.19848915935,48.1160336136818,0,168.538586646318,3.9440153837204,30.3043294847012,1.27980500459671,3.12345552444458,0.493879586458206,34.2078369259834,9.1177384853363,115.988635212183,16.8087388277054,128.032228380442,3673.41906830668,316.941291302443,1361.73647671938,19.4650464355946,83.6660400629044,32.3560778796673,1603.26214963198,45.6280271410942,0.451752424240112,2004.11614724994,8.62586089968681,220.060837894678,1698.24530771375,6926.1886831522,197.892999231815,90.8946456313133,108.262595117092,6205.0560349226,42.7337782979012,1702.60815030336,233.069568663836,24.7461120486259,19.3523942530155,6.93704867362976,710.792806476355,0.547379076480865,971.828489720821,1.930180311203,0,0,3.35567978024483,5.53630593419075,11.9793492555618,92.6359997093678,2.47895696759224,5749.32637304068,3.19108933210373,9011.60595431924,5.46919229626656,1.62486338615417,13.2570579349995,1.56546920537949,0,8.73891973495483,0.377480059862137,1.29915714263916,193.806959152222,2.87890958786011,91.8831178843975,2104.21017017961,1226.09098526835,3589.0225931704,2.25930199027061,3.40196990966797,0.549877643585205,4457.25782001019,6.52703130245209,0,214.635587960482,3.30457246303558
11971.2211950421,2.07929635047913,1369.51581659913,119.613017067313,70.7123222053051,4999.71615374088,39664.7348970175,32874.4280552268,153.702853381634,6831.17808032036,1770.46562942863,1272.47117763758,168.538586646318,0,139.928439825773,15.4832002818584,2937.65298688412,1304.8915861845,578.696504384279,761.464811936021,1202.57121556997,3.17472699284554,4214.23298242688,526.300609916449,17.5823383927345,2374.1403940618,1124.02256083488,965.454174041748,23338.4681709409,22365.8991271853,104.789670109749,1204.61013141274,171.80873131752,3064.59638816118,277.592287659645,2623.50139546394,302.204936683178,3097.80384641886,642.940779298544,866.123952656984,587.800470352173,602.070267558098,299.790331691504,27.0174925923347,219.598174095154,114.723764270544,289.551015496254,88.8740780949593,69.7035440504551,0.834568411111832,3.13458943367004,18.8550076782703,20.8182606697083,7.96433061361313,34.7376455962658,1029.94979667664,186.470137417316,184.997955143452,35.0138012170792,19.8689790964127,53.6070177555084,14.7197957932949,68.7267510294914,21.4533515572548,23.0910938978195,1.38600462675095,0.415475070476532,0.406828820705414,27.6576379537582,26.9319766461849,25.51329895854,47.9466060698032,902.987842619419,3.5948194861412,8.16411733627319,46.4529366195202,693.443325519562,47.3211683928967,96.1816699206829,0,16.8615834116936,22.903911948204,257.583458453417,25.8636747002602
6.14397996664047,20.5675931870937,23.5062047243118,320.378905028105,6707.13424164057,3787.12098243833,644.037176698446,472.649938642979,3024.4988899529,606.347626656294,18.128704726696,6823.19673442841,3.9440153837204,139.928439825773,0,36.089097738266,21.7259436249733,5.32910084724426,1.17981469631195,1378.84795323014,178.894592702389,53.6382710933685,276.486677318811,2725.65255042911,16.1957789957523,22.2296909093857,134.112332522869,650.315291881561,50.9326836764812,380.656333267689,0,609.506070882082,8.45649588108063,46.4050694108009,2339.77559837699,322.978894710541,78.2083500027657,96.1290211081505,99.655591905117,6141.71759951115,105.951241672039,36.2056110501289,37.2491515278816,57.3606458306313,14.4494011104107,241.009417831898,79.9274032711983,7.97432416677475,19.3381209969521,0,0,15.5722495913506,54.0080432891846,10.4922902584076,35.6037017703056,76.2129965424538,51.0375660955906,28.3542122244835,83.3925240039825,5.41953134536743,150.874784380198,3.94100004434586,11.9968538582325,20.0832792520523,15.3624227046967,6.67395174503326,2.22801899909973,0.80691009759903,131.237847357988,19.4245055317879,4.76757803559303,57.4182923734188,95.3490054011345,1.24131226539612,35.586578309536,102.990277916193,95.6693331599236,11.50192040205,11.1722881793976,1.45210516452789,5.4773243367672,0.859336674213409,19.1137115061283,3271.79361385107
1.81028759479523,838.949558675289,324.657847970724,1.01286941766739,8.43510264158249,1.02974987030029,163.053942322731,7.80986538529396,1003.5507055223,2.92996552586555,12.8530485332012,0,30.3043294847012,15.4832002818584,36.089097738266,0,307.976363539696,38.6757471561432,61.0870402753353,1.33647510409355,8191.14007845521,11788.3063458502,17787.6377916932,6011.12541595101,440.592612177134,187.400377362967,15674.1143565476,3516.99918949604,16.0557667315006,131.97062844038,2.3743514418602,1.31698295474052,6.31589478254318,131.457685977221,864.402909368277,4123.43038585782,1268.84577599168,1412.28415733576,1432.14893430471,10.0802856981754,13.6043404638767,71.6291401386261,608.837700545788,89.7616925835609,357.135602891445,351.775345027447,217.954947590828,8.80926662683487,17.4412406086922,1.31133705377579,82.4636292457581,459.970333069563,1.09363031387329,8.29699528217316,15.5226538479328,154.094722896814,25.9048475623131,168.279186218977,20.5377865433693,15.1033356785774,3.86472582817078,11.0800806283951,17.3969843089581,21.0105043649673,5761.77035650611,42.0398486852646,4.98150286078453,15.897014066577,2.56223621964455,1680.39901566505,1468.88204741478,7854.68786519766,1023.74270403385,13.0316540896893,123.270741403103,3116.36410684884,688.595116406679,21.5216708779335,304.58305940032,2.40724450349808,7.19353827834129,2.22337248921394,79.2976471930742,301.929640173912
475.731518536806,107.82808971405,15772.3676437736,7.98869776725769,4.03082391619682,87.571601241827,789.189031779766,840.593041718006,14.0296117663383,128.027707219124,270.551089137793,22.2264484167099,1.27980500459671,2937.65298688412,21.7259436249733,307.976363539696,0,2488.24105159938,10964.1982221156,21.0278252363205,2997.16471645236,44.5693605840206,19623.5789795816,170.99895876646,2.93910223245621,18493.9247836173,24060.3271081746,551.881271898746,4160.28643810749,6623.28163406253,3.53585568070412,60.0653281807899,830.756829679012,5558.9950658083,564.335657328367,4996.34516102076,3181.31152629852,5081.36035063863,2987.29146003723,23.3729737102985,34.783654242754,61.4726758599281,304.45831656456,113.14130449295,154.621921241283,224.990492790937,11.458112090826,5.03422611951828,2.36787569522858,2.33404111862183,189.111165046692,510.604576677084,0,4.89239284396172,0,26.406092196703,0,9.85673436522484,0,3.72265103459358,0,0,2.81575027108192,2.9497122168541,129.792316317558,363.730830043554,5.70756351947784,107.53964368999,0,96.2366899847984,49.8516954779625,376.237836435437,61.0320282280445,2.69519007205963,776.104579567909,2421.68466094136,60.5782329142094,8.40860104560852,34.18104159832,0,0,3.5363284945488,90.3174647390842,266.961819797754
41.5570741891861,8.95388281345367,437.704493075609,1.99074426293373,3.83341184258461,178.375320523977,287.777826309204,278.225240319967,15.5496761798859,248.618744492531,11753.5928600729,84.7215438783169,3.12345552444458,1304.8915861845,5.32910084724426,38.6757471561432,2488.24105159938,0,3122.91187560558,33.8842360675335,313.261379659176,4.16895240545273,1115.95452466607,33.8549754321575,0,4226.18574997783,1193.20100340247,76.3236590325832,1420.02934798598,322.53504639864,5.09070897102356,308.219134747982,50.786194652319,8285.82028147578,100.769738733768,1184.90693113208,1047.41437625885,6192.46643868089,1122.97804364562,32.1603118479252,17.291518419981,15.1157214641571,10.5147560536861,1.29081305861473,7.58258852362633,16.6448470056057,6.02242338657379,0,0,0,7.26250025629997,17.3312879800797,0,0.845421254634857,0,0,1.78468155860901,12.1759033799171,0,0,0,2.14831852912903,0,3.83221518993378,4.37392991781235,12.1519310474396,0,2.97807505726814,0,2.42333316802979,3.29186224937439,14.0241469740868,0,0.691315889358521,40.7206941246986,107.531921684742,0.504547357559204,0,0,0,0,0,2.67797040939331,62.53710308671
34.4327339529991,15.5931265950203,1269.02752460539,0.439945578575134,1.91961628198624,49.0947843790054,178.544736027718,115.514990031719,4.60822436213493,93.4592621922493,771.785243555903,28.4762190580368,0.493879586458206,578.696504384279,1.17981469631195,61.0870402753353,10964.1982221156,3122.91187560558,0,12.2061020284891,473.899956941605,7.56896969676018,2047.87858706713,32.4443066120148,0,10105.0014520288,3178.89261132479,90.8144360780716,664.506857976317,425.17909142375,1.07446837425232,60.7996312081814,104.078997194767,6656.37419979274,116.688100427389,1609.76642769575,1253.04649043083,3154.51859235764,1315.33152991533,14.2453777194023,10.2344226539135,16.5570468902588,39.0945388972759,14.6342737972736,23.7015848755836,39.5499286353588,3.84497660398483,1.6498749256134,1.85156869888306,0,32.5574115812778,52.9314890503883,0,0,0,0,0,5.9827655851841,0,1.43416798114777,0,1.20674431324005,0,2.76375812292099,11.525646597147,49.9183828532696,1.2657767534256,19.3725074231625,0,7.31878693401814,7.5314981341362,39.610895305872,8.63241139054298,0,154.402849346399,347.288324818015,2.5702565908432,0,3.80346420407295,0,0,1.07309448719025,7.77894023060799,80.7139471769333
14.9516677856445,0.668719947338104,17.0177934020758,26631.3031782806,276.133753925562,1628.12002414465,573.578687876463,1173.79432177544,4683.22091302276,10501.8145611286,127.373332202435,14537.1630706191,34.2078369259834,761.464811936021,1378.84795323014,1.33647510409355,21.0278252363205,33.8842360675335,12.2061020284891,0,23.4962529242039,1.39082491397858,31.264394402504,1549.91008391976,6.40884891152382,62.8851610720158,17.3642946779728,3873.82120916247,592.126041889191,71.398599177599,0.525730669498444,125.223572522402,12.9931909143925,337.401003718376,273.26496809721,2147.4613314867,84.1148493885994,651.5811804533,210.419208675623,1959.28776112199,156.953879535198,321.27134770155,105.319431990385,22.5567571222782,105.24343162775,48.3087466061115,468.704589217901,50.5927929282188,105.865852594376,0.78997415304184,1.92945143580437,0.340582758188248,2635.87062782049,38.7062777280807,418.768742829561,953.594527095556,1517.87365525961,1030.12506520748,5211.53696292639,14.5188107192516,2283.25542405248,16.3235215246677,194.851019799709,131.109676122665,5.53515487909317,0,0,0,3222.07248309255,4.64053437113762,24.2410055994987,5.41675692796707,2042.86348024011,6.01293939352036,0.83636486530304,2.26763314008713,5119.1748483777,90.4435567259789,6.26024466753006,0,4.29767191410065,7.37188640236855,305.111580073833,13.6320917606354
191.84832456708,43.8236268758774,4469.66988497972,9.64476329088211,20.0346743762493,50.2036031186581,3304.06515195966,603.173943400383,408.821561723948,102.183300584555,117.665052086115,9.63770487904549,9.1177384853363,1202.57121556997,178.894592702389,8191.14007845521,2997.16471645236,313.261379659176,473.899956941605,23.4962529242039,0,729.801111757755,53245.5451735556,598.908116072416,20.1714943349361,985.627636641264,5686.79592138529,11690.9406120777,1100.81693777442,40788.067849189,3.93857198953629,8.53521439433098,542.334313809872,8011.24591058493,3178.17321410775,8801.29387405515,2482.97553169727,15133.977886647,6098.74159836769,49.9771523177624,65.1542497575283,189.816628307104,354.945412546396,64.4211834669113,227.241114526987,182.972856879234,213.888803780079,35.0458964407444,32.5312250256538,6.23295509815216,26.8495442569256,189.781073540449,0,9.2551748752594,7.32544338703156,131.030698597431,26.7928833067417,226.13312163949,18.2522076070309,12.8036941289902,6.82215371727943,6.19154101610184,30.1881771981716,34.4556508660316,1610.44250556827,34.5727196931839,0,7.38944832980633,2.08721020817757,2171.86680880189,630.81492203474,1697.92691496015,1200.5893188715,0.718879580497742,53.8749034255743,637.792822778225,929.81288510561,28.5013246238232,636.59020152688,0.561821281909943,8.66243126988411,12.2470469176769,86.0460888445377,594.513217806816
2.47008228302002,4694.84111407399,49.0080874860287,1.49208545684814,11.5663914084435,2.63450717926025,50.4852025806904,4.37660244107246,11637.1193549335,0.543109595775604,10.8862980306149,2.15336406230927,115.988635212183,3.17472699284554,53.6382710933685,11788.3063458502,44.5693605840206,4.16895240545273,7.56896969676018,1.39082491397858,729.801111757755,0,1965.13938233256,19602.3163366616,2570.5848095715,39.1453501880169,14591.4984606206,1007.38064417243,3.24632716178894,27.4644520878792,11.8980613350868,0.571652770042419,3.55207940936089,31.0343415439129,29.7852384150028,174.268127113581,66.518444955349,78.1874223053455,55.6522312760353,43.907253831625,0.85170978307724,68.6184361577034,376.450307607651,85.5252333283424,220.475156664848,235.404255539179,30.3360847532749,10.393749833107,8.3596396446228,4.09241670370102,721.295101344585,200.912874549627,17.2206224799156,4.55351066589355,2.44530496001244,72.2894925475121,19.0937383770943,93.0704399943352,12.4590019583702,50.5625136494637,12.6200642585754,75.3876083493233,12.0622753202915,10.1583235263824,2130.61722442508,51.4842495322227,4.20911374688148,15.6462700068951,10.1166871190071,488.98269790411,1070.21609684825,2133.68571150303,610.610408306122,48.3042410612106,119.058360934258,5095.97083595395,212.403750568628,10.415208876133,92.2136318683624,8.75621426105499,0,3.52181875705719,40.8809206783772,62.4215095937252
756.880825906992,150.186207532883,45323.5928770304,36.5061381161213,51.4533793032169,137.979130387306,6956.18845236301,1758.3911665976,504.118429481983,226.17564278841,331.127323567867,16.8352211415768,16.8087388277054,4214.23298242688,276.486677318811,17787.6377916932,19623.5789795816,1115.95452466607,2047.87858706713,31.264394402504,53245.5451735556,1965.13938233256,0,3523.62508383393,72.9984923303127,6222.82091650367,60314.7550615072,11849.8055700958,3180.53321000934,25286.4492330849,3.14144268631935,58.9869620203972,582.26972296834,10857.3666384518,7760.64259919524,29173.5900661051,10524.2682020068,26138.0081321597,16918.3672679365,134.062537640333,182.034641474485,325.76564013958,1059.30251869559,193.126147508621,740.726717203856,847.899074554443,401.30718433857,28.1532997190952,38.8129838109016,3.35739237070084,129.219357788563,947.223708301783,2.65705168247223,16.3906081318855,14.6370848417282,260.680799305439,42.360917776823,146.688639193773,26.3856951892376,22.6067585200071,16.322748452425,7.31569835543633,26.7143096923828,43.2795499563217,6300.70770710707,165.5788834095,9.35637804865837,31.8035101145506,8.49691915512085,1918.86982190609,1139.88091993332,10898.1814400852,994.478555947542,2.92591321468353,317.432984277606,6260.64948147535,689.884486198425,23.8458295166492,222.439400672913,0,5.61626011133194,13.1179977953434,188.113878503442,2039.69065240026
31.407054066658,4696.27999296784,300.818120867014,2350.58150407672,427.70258179307,317.615346461535,7339.95183321834,1035.5527202785,29776.3908859789,972.081415534019,78.0385414958,908.021762192249,128.032228380442,526.300609916449,2725.65255042911,6011.12541595101,170.99895876646,33.8549754321575,32.4443066120148,1549.91008391976,598.908116072416,19602.3163366616,3523.62508383393,0,2700.51549988985,155.051708221436,11791.8244343698,22463.8541793227,862.751467585564,775.490531384945,19.1993915736675,67.3757350444794,369.350608408451,530.134316116571,1432.84785971045,5690.29949486256,1132.82166826725,1651.11467635632,989.124858081341,1963.68375343084,106.259727805853,304.70402765274,2767.8206320703,230.380319207907,1455.09832644463,806.674130439758,1497.40163269639,313.868948698044,187.335547894239,31.2252964377403,68.4084605276585,265.066840797663,1398.02853250504,25.2428130209446,582.900027751923,6627.69884827733,2755.16909536719,3314.02537727356,2019.59029984474,203.777782618999,661.854236185551,38.9562116861343,1074.59019693732,179.146956384182,2059.10224580765,41.0430097877979,12.2034893035889,13.0451616197824,979.822009325027,1565.12619528174,1287.52188777924,2445.14253690839,12370.2696667612,42.4947532713413,66.9343540370464,1100.85099288821,9423.55696192384,975.151154190302,1428.57092350721,4.61332803964615,118.203655987978,210.611439168453,1658.4033985436,507.18703353405
0,5529.46122863889,4.79423487186432,0,5.09983170032501,11.6201276183128,19.9649243950844,10.7147260308266,1994.837965101,16.0322734415531,308.888699799776,4.39375194907188,3673.41906830668,17.5823383927345,16.1957789957523,440.592612177134,2.93910223245621,0,0,6.40884891152382,20.1714943349361,2570.5848095715,72.9984923303127,2700.51549988985,0,212.572372853756,5627.34468212724,84.7686313688755,10.885167747736,4.94065502285957,573.274531781673,3.33387672901154,0,134.042180687189,5.28233116865158,85.3752681612968,712.021762490273,909.441334486008,65.116654753685,86.7487473487854,37.4942623972893,4246.65154996514,30.5701904892921,400.774027556181,90.6291365027428,21.0774803459644,5.48517745733261,4.52027344703674,295.554597407579,0,651.185606181622,2.99928164482117,1.68585658073425,0,1.59537976980209,5.1640904545784,5.53108984231949,71.1272641420364,1.86036604642868,1419.87056151032,2.15411704778671,2949.09727415442,5.02192306518555,0.440862864255905,15.5403071939945,11.0210481286049,0,6.76364454627037,2.12630835175514,1.49421805143356,86.7758035063744,7.31135281920433,119.37751531601,2610.87208282948,518.942607492208,3162.51603466272,6.85179471969604,1.16457116603851,1.46771267056465,944.682749867439,3.37994456291199,0,60.2164487838745,3.13908553123474
170.650810450315,245.638084113598,40829.8869538009,3.90065208077431,13.9380152225494,290.288015604019,813.348285317421,634.508642733097,33.5644957125187,416.358086824417,11128.2570569813,177.017521709204,316.941291302443,2374.1403940618,22.2296909093857,187.400377362967,18493.9247836173,4226.18574997783,10105.0014520288,62.8851610720158,985.627636641264,39.1453501880169,6222.82091650367,155.051708221436,212.572372853756,0,24309.4427236319,332.226542651653,2197.11740109324,1153.85742998123,658.126184552908,434.612713515759,109.546990990639,7441.50894324481,749.166151940823,11528.6456620693,22943.3569865227,15618.2060623914,7268.01664367318,90.2720403671265,76.4141497612,108.113585680723,639.248653024435,638.559390038252,454.27431102097,446.820439696312,16.0717664659023,9.04089221358299,20.7565962076187,6.41823653876781,743.702865421772,464.075600147247,0,6.95447939634323,0,25.4138711690903,1.38592994213104,38.811932682991,0,1003.87991860509,0,1373.00964450836,1.73038080334663,23.485424220562,40.8195168972015,673.110771223903,13.5060563981533,551.163003638387,0,82.7039083391428,64.7998033165932,268.714686825871,30.0858444273472,579.315417557955,7566.27262982726,12745.6559592783,15.8147795796394,22.4921756386757,60.725432023406,2825.27870854735,0,3.24704664945602,215.891278341413,518.779758691788
111.015308111906,29681.4686209261,60165.5191707313,13.4049653410912,22.5238581299782,71.2127428352833,1792.59282633662,377.283802658319,2413.52503997087,127.259362965822,320.984448164701,35.9243751168251,1361.73647671938,1124.02256083488,134.112332522869,15674.1143565476,24060.3271081746,1193.20100340247,3178.89261132479,17.3642946779728,5686.79592138529,14591.4984606206,60314.7550615072,11791.8244343698,5627.34468212724,24309.4427236319,0,4997.28980439901,1042.78082251549,1644.62455290556,1133.98950061202,77.9640558063984,150.590168297291,7385.18616655469,3729.23919376731,32166.8226591051,22090.411237359,17037.8302764893,14571.4584729075,80.8493037223816,229.02056992054,320.823232918978,6935.3551286757,3544.09588958323,4199.18813300133,4833.94016388059,203.292978197336,63.8730376958847,77.1355259418488,66.892634510994,12681.0233172178,9949.78637228906,6.43820896744728,11.9099635183811,5.6029252409935,588.185260921717,52.3713770508766,117.630688399076,11.1486921906471,1362.20286034048,2.70510137081146,2026.9270734787,109.186337679625,58.9252232611179,4263.35983175039,6327.96793222427,147.14237639308,3165.59853199124,2.91027474403381,1086.87892311811,1924.26549804211,12415.2054216415,1158.96030217409,4344.07239204645,32007.3238223046,121727.238992378,671.526717230678,219.494207382202,735.495734274387,5500.20751616359,2.3010301887989,21.5954937040806,1909.39424717426,1988.37054130435
57.7788740992546,82.1339555382729,1861.29141363502,10968.8419341445,62.1390305459499,411.317818909883,79815.2234530449,859.616951525211,3450.98908361793,5062.68189737201,87.4249231219292,431.031908363104,19.4650464355946,965.454174041748,650.315291881561,3516.99918949604,551.881271898746,76.3236590325832,90.8144360780716,3873.82120916247,11690.9406120777,1007.38064417243,11849.8055700958,22463.8541793227,84.7686313688755,332.226542651653,4997.28980439901,0,1696.30898144841,18432.5905932188,3.27584666013718,60.3769772946835,631.856799244881,1636.95266136527,3490.504637748,9406.71730852127,2003.26920521259,5376.46930357814,2862.62838706374,479.91150483489,170.473238766193,442.242117345333,2369.14606022835,235.475250214338,1323.37385043502,687.58250939846,1478.23034721613,256.902920782566,193.551588654518,27.0793398320675,24.0772793591022,247.432761192322,815.910022050142,22.7665430307388,483.610694259405,5132.95964968204,2367.42059662938,1474.62516283989,1379.67905211449,113.034513473511,464.191746383905,35.2988737225533,864.523952126503,156.773849457502,1196.43163388968,43.6427105665207,1.06698071956635,9.16699916124344,698.188595592976,1381.29851084948,710.453091144562,1451.36502292752,7284.97868564725,7.67975753545761,39.490098118782,627.203665673733,6969.4886739552,678.489934772253,1785.07156193256,0,72.4384023845196,160.567816376686,1446.14938476682,693.889094382524
8264.76889702678,2.51037168502808,693.901952922344,274.786115333438,25.2843278348446,791.242607235909,9999.70699411631,3022.41944485903,86.4750866889954,3288.17063269019,1613.29605010152,510.737033516169,83.6660400629044,23338.4681709409,50.9326836764812,16.0557667315006,4160.28643810749,1420.02934798598,664.506857976317,592.126041889191,1100.81693777442,3.24632716178894,3180.53321000934,862.751467585564,10.885167747736,2197.11740109324,1042.78082251549,1696.30898144841,0,24476.7432637513,88.7852565646172,1987.80913257599,4514.34860131145,6368.09449276328,102.450442582369,1078.8773856461,202.597511708736,2873.43408572674,474.240320086479,236.69077411294,727.505086958408,269.584654003382,238.344297766685,22.9691228568554,134.725843727589,86.7696380317211,132.849866688251,26.1130077540874,22.9308769106865,0.754927068948746,6.59761610627174,16.8582108020782,8.79034382104874,0,19.3934745490551,433.731294155121,62.7581997513771,143.805459707975,7.59267461299896,13.1609392762184,7.7808296084404,6.9317974448204,32.932687997818,5.61615183949471,32.2450920343399,3.00104004144669,0,3.04341286420822,3.94964104890823,44.2338015437126,53.2151171267033,35.3678914606571,505.498239278793,1.98965269327164,12.6502411365509,39.709267616272,443.865953892469,33.2576422691345,137.23199313879,0,4.80617502331734,13.1719560921192,119.006430059671,20.7762406170368
8346.58071279526,5.22011977434158,2396.08781251311,30.6443141996861,21.527528077364,307.417831063271,9785.18148636818,6145.13490787148,194.433840453625,444.968951523304,246.833189457655,58.8628184497356,32.3560778796673,22365.8991271853,380.656333267689,131.97062844038,6623.28163406253,322.53504639864,425.17909142375,71.398599177599,40788.067849189,27.4644520878792,25286.4492330849,775.490531384945,4.94065502285957,1153.85742998123,1644.62455290556,18432.5905932188,24476.7432637513,0,2.28235945105553,133.956752628088,7116.12689325213,10063.3559326231,3004.45563742518,7209.39134603739,1683.26906186342,11031.7034201026,3717.88105428219,163.025416374207,142.833835542202,363.635463684797,875.912677943707,91.9429752230644,531.664372295141,299.060551553965,460.155612379313,113.797755211592,53.2769525945187,5.86159273982048,3.83124658465385,92.8268600702286,1.8872757256031,7.10071313381195,47.6787026226521,906.693804740906,124.540462255478,376.147936940193,6.48725172877312,25.9515182077885,1.37532925605774,8.83762067556381,111.336419314146,47.2054761648178,359.259804666042,19.8526140451431,0,1.78635555505753,1.21015211939812,628.348768919706,317.487904816866,376.708302021027,1559.95291307569,0,24.7583673298359,204.780995666981,1401.7270680666,89.7257661521435,697.758586466312,0,21.533317387104,29.172306895256,282.054433345795,560.453928828239
