0,0,44.3836695551872,0.628990352153778,2.13355052471161,15.7617323994637,5174.41863372922,577.624208509922,1.08792793750763,22.3745432198048,7.10231906175613,3.70165705680847,1.86819607019424,7996.82303877175,7.92335671186447,2.17419403791428,274.533707201481,8.48809558153152,27.6888695061207,1.22059684991837,75.8507781922817,0,488.597604870796,0.496297925710678,0,49.4062246084213,30.1146721839905,27.381826967001,10300.7692686915,10871.9274435639,1.42184773087502,2.89269292354584,12.8175638616085,94.6064122319221,17.3645541965961,63.9575092494488,4.92090833187103,38.5945654213428,12.8374489545822,8.49358811974525,7.55081591010094,3.25079125165939,7.09220731258392,0,1.96093547344208,0,0,0,0,0,0,0,0,0,0,3.10454341769218,0,0,0,2.79897552728653,0,0,1.75391149520874,0,3.5368010699749,0,0,0,0,3.23983708024025,0,2.59655055403709,14.3112057745457,0,0.682716369628906,1.81553661823273,10.7675332427025,4.59433436393738,3.08560055494308,0,0,0,1.07538843154907,1.64745101332664
0,0,10.3811894953251,0,3.44851893186569,2.69986328482628,53.4161269664764,3.15132042765617,3624.92200314999,1.82682445645332,248.144636541605,5.19710856676102,1571.62689611316,4.45797365903854,54.3402361869812,152.172874510288,23.9710991680622,2.00846129655838,17.9286361932755,3.28323805332184,59.5886523127556,6317.13111615181,21.2590148448944,5485.99529871345,4005.31579902768,130.714248269796,10197.2850564718,152.616045892239,5.59937816858292,10.2444980740547,124.700099855661,0,9.47498482465744,99.1742324233055,8.45836308598518,52.1684444844723,93.9295726120472,118.236759901047,18.579074203968,60.8596216440201,0.861613392829895,787.403948515654,205.770029395819,92.7851158082485,59.7929288744926,98.6924269199371,4.8456397652626,0.567554831504822,100.645741432905,0.947326838970184,1282.78352168202,180.376765757799,0,0,0,12.3999765515327,0,34.9988872408867,0,198.147526502609,0,404.555645406246,2.19722843170166,5.69323319196701,10.9412749707699,152.718372821808,9.28835049271584,59.0943390130997,0,4.78347766399384,91.8241865634918,58.3023277521133,86.1926012933254,236.123913884163,513.207242548466,5083.7092846632,32.1969681680202,6.35538128018379,19.715599745512,111.877476900816,0.9765505194664,0,60.1020440459251,16.1187458634377
44.3836695551872,10.3811894953251,0,1.06775593757629,23.0342983007431,22.9203226864338,290.228669315577,416.282270744443,5.09917065501213,57.1632752120495,42.4417948722839,8.19222056865692,56.4781055450439,698.803681284189,36.1490117609501,63.2887225747108,16399.1319930851,50.2926598787308,779.295290917158,7.23753061890602,3004.50717151165,5.5323234796524,25178.1318756938,22.9447644352913,1.02902799844742,22736.277730763,32059.4030449092,161.433564662933,263.860903173685,1205.39559856057,2.84812593460083,3.26759824156761,57.4711037278175,3164.51711586118,1004.79461029172,9181.79084813595,2064.40111148357,5616.45211344957,2793.87490215898,102.980492949486,24.9125771820545,32.0072095990181,641.867712706327,80.4191734492779,249.447904318571,396.591345757246,5.76812449097633,3.74684229493141,0,10.9871279001236,91.2103022933006,1666.09329497814,0,2.15799427032471,0,27.1418333053589,2.11298817396164,3.22567617893219,0.479420751333237,13.6789650917053,0,0.905782997608185,30.3805885016918,12.3434121012688,57.220902711153,773.274881899357,6.66763710975647,203.632789522409,0.895858228206635,49.6336995363235,38.7109876573086,501.557003647089,39.9868888556957,6.23238527774811,649.536982059479,3830.19498926401,20.2533560097218,10.5749465227127,83.8437534868717,2.82794705033302,0,1.72205495834351,163.250800848007,559.530945181847
0.628990352153778,0,1.06775593757629,0,22.555675059557,105.199258029461,357.855611979961,103.494840860367,2155.00954937935,4079.80423852801,12.8878416121006,69.6420763134956,19.5533262789249,137.298731908202,171.356890887022,0,8.04415673017502,9.06266561150551,9.26745373010635,16913.1872242093,1.86398535966873,0.757100164890289,1.05885368585587,4385.41752403975,0.858928680419922,11.323609828949,5.5468567609787,10794.0821854472,148.17937579751,15.2216831743717,1.23532682657242,16.9038137495518,5.81489497423172,124.107981264591,88.274399459362,699.463781774044,22.0902020037174,99.1627250909805,48.5193594694138,245.635115593672,28.9328591227531,28.6929373145103,72.9347140192986,0.880863428115845,30.207482278347,21.3676133751869,574.525444447994,9.76815369725227,0,0,1.39353549480438,0,1047.60737577081,27.3214618265629,278.080019086599,688.5835519135,61.3381617069244,1004.71322160959,1239.76808142662,40.276921838522,567.058031827211,0,53.3038257062435,172.406100690365,0,0,0,0,1030.67766171694,0.463707834482193,0,1.30251264572144,1371.41089239717,0,0,0.763038218021393,1777.37801161408,32.3267192542553,2.45007789134979,0,0.799872219562531,0,36.6645089387894,6.9082073867321
2.13355052471161,3.44851893186569,23.0342983007431,22.555675059557,0,1260.67122390866,166.068974196911,41.6742577552795,32.1862813234329,123.697368621826,2.14823883771896,125.071285426617,6.80275279283524,42.2412902116776,1068.19461882114,79.6715623140335,53.3297461569309,1.44810935854912,11.6267189383507,30.7488254606724,497.735713541508,5.96976548433304,705.913173347712,123.910010814667,0,11.9810934662819,70.6610322892666,197.757951915264,70.7520205080509,517.109531491995,0,1465.25359016657,34.1036726236343,86.1553673744202,1765.90741872787,271.407497912645,85.2839006185532,61.8461793959141,29.5464362502098,13541.871969521,115.355841815472,13.8175886273384,37.8522093296051,29.3420540690422,18.2900997102261,118.588305711746,38.9197653532028,7.75626039505005,0,0.853131234645844,0,10.6578337550163,0.404807716608047,0,10.4067845344543,30.3099567294121,0.679908156394958,8.46706748008728,15.8621015548706,21.4375602602959,10.8547146320343,0,2.74759146571159,8.77623349428177,14.8115870058537,0,8.13615870475769,4.94891828298569,10.9287538230419,16.3306121826172,3.82540261745453,36.7590148448944,31.833902746439,0,9.1968292593956,41.2191689312458,54.3816558420658,8.08074897527695,20.5296205878258,0.696540713310242,0,0,4.09801107645035,3444.47615975142
15.7617323994637,2.69986328482628,22.9203226864338,105.199258029461,1260.67122390866,0,626.596633955836,17291.7705961615,207.547875106335,15994.8962979168,399.983239650726,4464.21441203356,199.088406443596,1682.80990485847,6211.64657357335,3.36084851622581,131.389053583145,267.575503945351,388.358044534922,674.433888494968,29.6823709607124,2.8479175567627,99.6396313160658,537.997261315584,4.93254393339157,348.319623947144,121.397613495588,161.767341673374,460.981533527374,337.728759735823,26.1937071979046,731.617233470082,3.71754959225655,1458.61551299691,3894.82871380448,3828.82508084178,133.492182284594,545.619784265757,296.051274985075,12120.5089402795,1305.48739042878,527.222472846508,142.145510464907,6.20244410634041,89.8005696237087,190.110760420561,936.128013283014,39.0713877081871,6.88295072317123,1.67923247814178,0.42607644200325,0,132.972709923983,34.9917643964291,236.862721204758,196.14558544755,89.4844465255737,147.821348905563,287.12512883544,585.681815594435,256.108584672213,1.89323401451111,54.7271513342857,175.851093798876,0,0,1.88389411568642,1.71803814172745,245.417007833719,3.50958216190338,0,0.479877144098282,163.35119047761,2.19027531147003,2.19347453117371,4.07679504156113,350.882259368896,37.5187619030476,30.7690672576427,1.6366138458252,10.9632757008076,0,55.243093162775,211.397398740053
5174.41863372922,53.4161269664764,290.228669315577,357.855611979961,166.068974196911,626.596633955836,0,10378.4974264503,1913.39919501543,21698.9448450953,186.667270213366,229.226529359818,343.62628147006,36483.0819734633,731.813422650099,51.771341085434,290.013367593288,179.652505576611,272.840731829405,872.686236172915,7226.94312506914,116.608869045973,1087.31691101193,18073.5479893088,29.1875237226486,310.670094370842,324.362902641296,62149.1606069803,2869.31608757377,8855.71598474681,15.908420085907,218.284862816334,267.63109883666,2057.10200661421,1694.50632324815,10867.2224492729,785.142707139254,1728.6514570713,745.144169270992,1186.00568372011,417.177534103394,486.25890237093,1675.7685097456,35.2929959893227,873.572721272707,510.178924977779,1286.08667394519,363.210108697414,27.4163134098053,47.4771093726158,5.38860410451889,66.7300688326359,799.282800465822,36.2914244830608,349.879315882921,9600.38579329848,538.754997372627,944.434122294188,1772.75820705295,1137.64772617817,321.759563714266,2.63729119300842,1005.81813719869,303.323562085629,46.9906985163689,40.0457503795624,4.10918807983398,8.24708080291748,764.86721175909,156.073618292809,48.0439253151417,86.5655037462711,7479.82895714045,3.88491451740265,6.01689550280571,41.5924251973629,9908.60207289457,867.611884087324,1279.54537668824,1.35864996910095,27.2459586262703,20.6939606666565,1061.54689386487,233.225506603718
577.624208509922,3.15132042765617,416.282270744443,103.494840860367,41.6742577552795,17291.7705961615,10378.4974264503,0,44.0750579237938,9712.95402939618,342.08701723814,707.599158495665,84.5414497852325,31290.7407756746,393.491655901074,4.43677353858948,1377.50103484094,286.549071013927,565.314678549767,645.566820308566,721.800174802542,2.56021532416344,2442.0456495136,68.0898397266865,1.13411450386047,578.012559518218,362.830834209919,644.59207560122,1839.82712875307,8779.52443413436,29.7809126079082,814.100079610944,76.6303840875626,3116.18122677505,846.257352262735,3886.12287785113,127.020814627409,852.311288163066,359.301137402654,4852.91323062778,884.982885628939,339.923366442323,128.380372405052,4.52489686012268,86.0102712512016,146.006279587746,133.966958284378,34.1886910498142,5.24469050765038,9.45226708054543,0,3.7570216357708,53.536896020174,3.66996237635612,24.9368596076965,427.62925465405,32.4594093263149,61.9794251918793,113.895806759596,279.991811573505,35.4951927661896,4.20145434141159,43.7805083394051,29.3913946151733,13.1434035599232,1.02412205934525,0,0,42.8624700307846,28.3112205862999,6.44268655776978,5.63257873058319,419.910616621375,0.627412855625153,1.51713392138481,8.25706449151039,506.360969603062,40.5714644789696,119.087196290493,0,2.3045608997345,1.25802576541901,74.7882100939751,78.91801866889
1.08792793750763,3624.92200314999,5.09917065501213,2155.00954937935,32.1862813234329,207.547875106335,1913.39919501543,44.0750579237938,0,1020.36379408836,88.4427043795586,2904.24155235291,519.373004734516,49.6744965314865,1186.92268949747,311.117388367653,9.0657696723938,0.658449172973633,15.3124043345451,2306.14942398667,183.471863538027,9234.08022022247,129.371760964394,39467.1373625696,2028.60103467107,45.0683645009995,5145.34053078294,4063.97856041789,51.7449431717396,87.75452709198,67.9185742139816,18.9390386939049,29.6171114444733,96.4337897598743,34.6845591962337,567.096205472946,40.0316654145718,93.20372402668,20.9102291166782,963.186171710491,28.2072380185127,167.910997629166,483.433035433292,38.0657571256161,215.595770508051,142.425323039293,357.719514548779,76.7933610379696,27.3897922039032,14.1285097002983,45.9199272096157,43.5470554232597,1471.88631150126,17.7115418016911,171.378094345331,2007.69989964366,228.398659586906,6345.27120643854,1431.80677464604,131.233551055193,624.054246932268,85.2806694209576,290.3387324512,224.382679611444,891.3903170228,38.8468483388424,37.655748963356,29.3441562950611,927.43364495039,618.345927238464,526.954455882311,219.759239763021,9965.73572891951,53.596217662096,137.311172753572,510.062421113253,6414.47084090114,257.161485522985,639.449258863926,24.5003907680511,7.97215855121613,24.2271768450737,309.271415114403,112.299372106791
22.3745432198048,1.82682445645332,57.1632752120495,4079.80423852801,123.697368621826,15994.8962979168,21698.9448450953,9712.95402939618,1020.36379408836,0,816.405528604984,7594.32386115193,380.150348454714,7213.88685244322,777.410407245159,3.38893181085587,256.208540320396,741.372338622808,1008.45199075341,11025.5378540158,211.734286934137,2.17666894197464,146.452598363161,794.260660082102,5.47543177008629,910.446524292231,262.488509684801,7521.00750011206,3766.78607989848,663.433861553669,60.4472321271896,357.503194898367,51.6402948200703,3417.62580479681,4460.34804958105,9786.59162890911,341.785680621862,2647.37405076623,963.507305443287,2033.27328275144,771.181627869606,764.190130382776,149.175700128078,6.10227271914482,176.681150764227,255.470166325569,1099.75510168076,74.1605198085308,4.93986934423447,1.04239845275879,1.65314704179764,0,1096.96167036891,55.7587172985077,391.856672614813,1448.96584248543,105.258559286594,772.380213201046,1623.6801032424,408.278187125921,676.870463520288,5.61333671212196,105.751470208168,296.620326757431,0.666974723339081,0.525222480297089,0,0,1129.05500042439,3.04669058322906,5.58303371071815,0.458684235811234,2134.91130307317,1.10728001594543,0,1.61971843242645,3009.59604428709,49.6127116084099,42.143169015646,0,1.38245549798012,0,107.633933514357,128.752042859793
7.10231906175613,248.144636541605,42.4417948722839,12.8878416121006,2.14823883771896,399.983239650726,186.667270213366,342.08701723814,88.4427043795586,816.405528604984,0,208.268547534943,7195.85311487317,321.774763286114,17.9841113388538,1.26740124821663,414.511207312346,20649.1014153659,5366.38898536563,187.934164702892,20.1566790044308,132.926974952221,69.4224437475204,76.3831199109554,387.832441300154,10332.5320489109,799.624006807804,43.6587774157524,372.053263872862,207.78367805481,3784.56592416763,71.0801600813866,10.5234022140503,12859.0989085734,58.7076047062874,534.370826482773,2214.07076603174,4426.30109524727,373.665692359209,201.783047616482,7.58885300159454,3657.88329038024,13.730564981699,685.163501471281,75.3746992051601,25.7063492834568,21.0598583519459,0.82693213224411,728.962371408939,0.386667788028717,193.008815228939,6.19345811009407,0,0,3.8480082154274,14.5603819489479,8.20154494047165,82.2734454870224,1.00574505329132,3085.15727728605,2.27358105778694,6923.33176407218,7.78713810443878,2.33851620554924,0,2.67287489771843,116.562501013279,7.36915597319603,0.890632450580597,0.501976788043976,82.7846564054489,1.71630477905273,84.2020048499107,700.953271329403,516.497283220291,1384.31337180734,8.91048711538315,13.5983663797379,1.57860720157623,1729.92360171676,22.0348598361015,1.16709840297699,356.526199549437,8.57604229450226
3.70165705680847,5.19710856676102,8.19222056865692,69.6420763134956,125.071285426617,4464.21441203356,229.226529359818,707.599158495665,2904.24155235291,7594.32386115193,208.268547534943,0,187.722553223372,772.553563654423,4418.76914954185,0,51.0073740184307,183.278999775648,250.775936663151,8393.80551213026,4.74981087446213,4.96817368268967,12.4891096651554,480.00098529458,2.21112608909607,275.474890172482,66.2870815694332,102.530285090208,609.003172963858,116.958418607712,19.9589120149612,144.957147061825,9.16074931621552,1028.60628521442,2552.01825249195,5005.3779233098,135.343210011721,915.83661288023,331.510957926512,5966.51586222649,247.698914468288,359.199467480183,439.60477784276,1.91486668586731,98.7536772787571,112.573669046164,3073.09166413546,40.7175433635712,3.9094186425209,3.70105159282684,0,0.76197874546051,805.987790733576,104.540631115437,941.246006697416,349.778044342995,255.576741427183,1855.49628502131,1394.37584778666,349.871339082718,1813.16705784202,3.29233318567276,174.885690003633,621.807249724865,1.63718664646149,1.38478258252144,11.7860469222069,3.52888664603233,1278.82982471585,1.38794255256653,0,0,563.218547672033,1.30576318502426,10.0675948262215,3.68430039286613,1184.03431245685,86.3965723514557,15.3658936321735,0.419564038515091,6.80891689658165,0.661936044692993,91.3899722099304,440.73222014308
1.86819607019424,1571.62689611316,56.4781055450439,19.5533262789249,6.80275279283524,199.088406443596,343.62628147006,84.5414497852325,519.373004734516,380.150348454714,7195.85311487317,187.722553223372,0,60.6679695397615,116.283499985933,33.1620925664902,78.5035972595215,51.090483725071,43.9679270386696,143.379943221807,121.250973016024,915.629804372787,267.559068769217,519.202287822962,9407.99061608315,384.4130885005,3968.69118636847,177.994252592325,119.541824996471,270.757352232933,4538.03857955337,31.1597222387791,20.1138395667076,1413.02072775364,158.874916911125,1214.39164406061,662.608253121376,1253.58481103182,310.647692322731,1452.18455663323,22.6041090190411,3050.32220077515,62.957109183073,1496.13734456897,93.6330545842648,19.103873193264,68.5009815692902,3.71900945901871,1393.74074336886,3.41122180223465,402.131533443928,10.1761533021927,2.20843148231506,0,10.0177401006222,64.9468332827091,12.8289124369621,134.478337317705,5.80153921246529,5730.1731993258,4.17633748054504,12102.53803882,16.5435560047626,23.353314012289,5.40721786022186,3.07940304279327,133.8687248528,13.5908493995667,4.28405201435089,7.64207005500793,180.162397414446,2.86087208986282,216.849096059799,2155.57362347841,834.346093505621,2520.28207173944,55.1396150290966,23.0573163628578,21.3637311160564,2551.25382587314,23.6750078201294,0,547.806765705347,23.17525562644
7996.82303877175,4.45797365903854,698.803681284189,137.298731908202,42.2412902116776,1682.80990485847,36483.0819734633,31290.7407756746,49.6744965314865,7213.88685244322,321.774763286114,772.553563654423,60.6679695397615,0,177.814051181078,5.73454084992409,3753.10721346736,317.94911006093,770.626470208168,946.4088421911,1166.74644690752,11.421581864357,4892.20787866414,70.6680194139481,0.853404521942139,724.080143392086,648.75456571579,902.119344890118,20491.8917881995,33940.1194424629,13.810304582119,557.210781365633,246.957497119904,2503.27064844966,418.511878758669,2105.93235704303,173.642075031996,816.214667648077,248.21876424551,602.21635954082,157.7672059834,143.583643227816,189.296815782785,10.5945279300213,71.9116750061512,65.9721967279911,121.222850143909,42.5704337656498,1.90239489078522,10.4406655430794,1.52942091226578,10.0625618696213,39.2740558385849,0.291925817728043,17.1962537169456,426.859727591276,22.2148328721523,48.0875822007656,67.7611217796803,147.796096384525,24.3090644478798,5.03865563869476,49.9881663322449,29.1335837841034,26.5557630360126,1.57098785042763,0,0.437467753887177,41.1211898624897,63.6645494103432,13.1867791414261,14.1540804803371,500.497151657939,0.6717569231987,5.9132207930088,18.9604046940804,558.051961898804,64.9394118189812,235.723542779684,0,1.01776671409607,0.911971211433411,81.4627708792686,44.6446991562843
7.92335671186447,54.3402361869812,36.1490117609501,171.356890887022,1068.19461882114,6211.64657357335,731.813422650099,393.491655901074,1186.92268949747,777.410407245159,17.9841113388538,4418.76914954185,116.283499985933,177.814051181078,0,46.946527838707,131.514785468578,12.9146799743176,28.6999541819096,449.743856906891,382.219948470592,77.7781037092209,364.331501811743,2259.29367870092,35.7510361075401,32.2078936398029,212.866508036852,654.486363619566,275.450007796288,1153.69841608405,2.10182416439056,1383.42498826981,65.3416311144829,308.615175634623,2711.77279415727,1516.3442132175,161.111919999123,478.661773264408,399.947148293257,12872.1477864981,152.247127175331,415.41527146101,172.796941578388,20.1434029340744,92.4688959121704,232.446522295475,581.958436697721,22.7084822654724,7.55350995063782,1.50241738557816,0.572563350200653,6.47127425670624,90.7001841366291,10.3047842383385,125.604656785727,267.799768656492,63.6817485690117,139.801767706871,171.682579755783,421.873449891806,150.200300574303,2.0583364367485,55.7728623449802,121.912910550833,16.2893998622894,1.12769460678101,3.79975429177284,7.49294698238373,134.895041108131,24.9216758310795,8.7366401553154,22.2542825937271,253.342395842075,2.91659843921661,17.604585647583,27.4418822228909,380.291234761477,35.839851886034,63.1925132274628,0,5.97677463293076,0,52.7926933467388,1177.67955681682
2.17419403791428,152.172874510288,63.2887225747108,0,79.6715623140335,3.36084851622581,51.771341085434,4.43677353858948,311.117388367653,3.38893181085587,1.26740124821663,0,33.1620925664902,5.73454084992409,46.946527838707,0,120.646468877792,2.77632021903992,39.9331295490265,0.618252217769623,6541.95837089419,7768.36740231514,11822.2319956422,3586.26954004169,39.5565680265427,59.3751323223114,8476.32061329484,1432.83605811,10.3055344223976,301.068570613861,2.83616638183594,1.54988253116608,17.9036483764648,606.84468537569,1286.50767445564,7747.22483700514,1844.3704841733,1819.0327718854,1308.49219036102,67.5871303677559,46.6353091001511,27.4434901177883,1166.73208701611,167.585443168879,322.70634201169,499.884754449129,44.9572941660881,9.53818506002426,0.641857743263245,12.0840376317501,13.1466929912567,321.668152689934,0,7.94674456119537,4.60171467065811,15.922137260437,4.11510589718819,12.0488939285278,2.36859107017517,12.7216507792473,1.23020243644714,2.44677940011024,19.3736203610897,29.182979375124,13715.473782897,34.0283722877502,2.10307276248932,10.5736278891563,0,2912.18369606137,2215.92002406716,11660.829000026,721.622124105692,0,35.0382702052593,6483.40971243382,655.952847570181,60.3382333219051,1255.75808122754,0.762339055538177,0,26.9524607360363,297.805331170559,429.311377197504
274.533707201481,23.9710991680622,16399.1319930851,8.04415673017502,53.3297461569309,131.389053583145,290.013367593288,1377.50103484094,9.0657696723938,256.208540320396,414.511207312346,51.0073740184307,78.5035972595215,3753.10721346736,131.514785468578,120.646468877792,0,412.297837257385,9598.29205748439,55.8787394464016,2048.73326131701,14.6116610765457,13517.9621410072,28.7907458245754,1.87263959646225,8555.18904671073,25895.4791671932,255.680474698544,3482.97493052483,6760.93329194188,1.15413975715637,34.9834060370922,659.379228949547,19999.7984861732,799.060350507498,5916.13389346004,2627.44049203396,7849.73528826237,2997.35141307116,236.64784103632,102.403397798538,55.703253954649,486.972247540951,63.4584185481071,181.212044745684,373.871505260468,11.4784644842148,4.92008727788925,0,2.29093825817108,117.511343747377,1432.42587253451,0,3.2235187292099,0.875572204589844,17.4772938191891,0.481730103492737,11.5857394635677,0,18.6816168725491,0.528662860393524,1.19869601726532,8.1841696202755,13.427864253521,56.6694224178791,797.944057017565,9.60370078682899,228.627889931202,0,54.4438091516495,46.3762156367302,251.828026235104,49.4401933550835,3.86232668161392,858.356385707855,3677.49025556445,28.426533550024,13.9140074253082,72.3377410769463,4.92024782299995,0,1.2638521194458,114.222716063261,335.526354044676
8.48809558153152,2.00846129655838,50.2926598787308,9.06266561150551,1.44810935854912,267.575503945351,179.652505576611,286.549071013927,0.658449172973633,741.372338622808,20649.1014153659,183.278999775648,51.090483725071,317.94911006093,12.9146799743176,2.77632021903992,412.297837257385,0,5397.39224860072,155.855573773384,19.9279265999794,0.41049724817276,57.3608435690403,2.30624660849571,6.69657164812088,7331.98129194975,353.016284346581,32.2866565585136,309.934451431036,195.102561593056,44.8065602779388,44.3169424235821,9.22825792431831,6861.97743794322,97.7980335950851,808.909691989422,3178.47636756301,4284.78961697221,807.239320933819,193.86177021265,11.5314285755157,91.0154470205307,4.92985039949417,12.2611163258553,3.48700928688049,20.4893617630005,5.44218441843987,1.16243779659271,1.53486013412476,0,11.5926694869995,8.70259949564934,0,0,0,0,0,9.01806661486626,0,101.086888670921,0,171.336684465408,0,2.40967440605164,0,6.04919508099556,11.1666579544544,12.5776267945766,0,0,1.88033068180084,0,0,12.5422451794147,201.404075711966,300.604499101639,0,1.06009924411774,0,160.597533971071,0,0,10.9624837636948,29.5388397574425
27.6888695061207,17.9286361932755,779.295290917158,9.26745373010635,11.6267189383507,388.358044534922,272.840731829405,565.314678549767,15.3124043345451,1008.45199075341,5366.38898536563,250.775936663151,43.9679270386696,770.626470208168,28.6999541819096,39.9331295490265,9598.29205748439,5397.39224860072,0,211.521388351917,237.957638025284,9.51627814769745,890.02141174674,22.1827252805233,6.77130973339081,12288.2396643758,5073.27558299899,81.9035858213902,869.583156824112,814.28490036726,9.14284431934357,84.5956369638443,65.1094416677952,14082.0031410754,634.003630161285,5373.52509522438,5010.99815616012,6526.0390573144,3505.01276433468,295.571183204651,22.4081874787807,40.1474609971046,150.968918085098,47.0730843245983,53.757145345211,190.783492982388,10.7066370248795,3.79318857192993,0,0,37.205161690712,224.050436139107,0,6.08785104751587,0,2.27496773004532,1.2616114616394,10.5259717404842,0,29.2251171469688,0,13.0949184298515,1.78419202566147,13.9684104323387,12.147636026144,158.902264595032,18.2540186345577,217.965875566006,0,4.01299029588699,6.56381976604462,16.1778019666672,2.59775096178055,17.9955731034279,1451.48631206155,2025.42791992426,3.6770350933075,2.72360917925835,3.15415775775909,21.8340139389038,0,0,34.3727938532829,271.160618335009
1.22059684991837,3.28323805332184,7.23753061890602,16913.1872242093,30.7488254606724,674.433888494968,872.686236172915,645.566820308566,2306.14942398667,11025.5378540158,187.934164702892,8393.80551213026,143.379943221807,946.4088421911,449.743856906891,0.618252217769623,55.8787394464016,155.855573773384,211.521388351917,0,22.2931913137436,0,26.3564241230488,1569.44561597705,1.674256503582,181.245130181313,51.8590044975281,6501.13850536942,873.707835882902,196.72329762578,9.43853166699409,121.924242049456,17.6342013478279,645.188229382038,406.232349127531,4513.97397920489,155.197525888681,614.347457796335,258.908095419407,1096.96525153518,223.929041028023,236.137941122055,207.864310592413,3.44134867191315,92.8178586363792,83.9088334441185,1688.34946507215,46.5943294465542,7.64325338602066,0.756380259990692,0,0,1869.88179898262,76.5825842320919,627.435175657272,1325.53468564153,239.371484845877,1650.05590438843,2802.41472950578,247.654200255871,1574.89529976249,4.51395601034164,134.910922795534,492.37942019105,0,0.400915533304214,2.53848400712013,0.382263630628586,1849.88731184602,1.80540978908539,3.27932447195053,0,2698.68516656756,0.603909075260162,1.13332936167717,1.56678545475006,3968.65800970793,82.9995631277561,16.0918565392494,0.671356320381165,3.48460757732391,0.930792450904846,115.92569988966,32.0916660428047
75.8507781922817,59.5886523127556,3004.50717151165,1.86398535966873,497.735713541508,29.6823709607124,7226.94312506914,721.800174802542,183.471863538027,211.734286934137,20.1566790044308,4.74981087446213,121.250973016024,1166.74644690752,382.219948470592,6541.95837089419,2048.73326131701,19.9279265999794,237.957638025284,22.2931913137436,0,751.754642575979,71101.1103036404,2276.80251893401,6.81346726417542,463.313499122858,3517.15920910239,12796.901324302,267.319801956415,38514.3158328533,1.07273578643799,10.9101683497429,139.131678789854,20851.6427766383,4723.28407868743,17025.4158551395,1864.16969653964,16983.9935008883,4630.23186793923,315.179800570011,152.144088566303,153.240611851215,392.230351120234,58.0821338891983,181.765325188637,187.97383928299,65.4560014605522,23.3540568649769,0,19.9103971421719,9.70486778020859,158.870163470507,1.51615619659424,6.85420048236847,6.1516190469265,105.587604135275,10.4995797872543,74.817845582962,2.85819947719574,34.3782373666763,0.930673718452454,2.64115065336227,56.3431219160557,33.5456046462059,2878.27374231815,25.311498105526,0,6.86711114645004,0.976615637540817,2827.99479269981,711.735630333424,1541.64052295685,1341.44488361478,0,27.7136759459972,521.530198156834,1233.81700113416,281.534199625254,2065.72791162133,0,1.72389626502991,85.1189346909523,275.991405963898,636.94064116478
0,6317.13111615181,5.5323234796524,0.757100164890289,5.96976548433304,2.8479175567627,116.608869045973,2.56021532416344,9234.08022022247,2.17666894197464,132.926974952221,4.96817368268967,915.629804372787,11.421581864357,77.7781037092209,7768.36740231514,14.6116610765457,0.41049724817276,9.51627814769745,0,751.754642575979,0,692.571256190538,18116.4258755445,3128.98474353552,54.0347905755043,8071.86513060331,702.389631390572,36.7319179773331,53.821449637413,92.4165242910385,0,38.6349619030952,79.5490663051605,21.4636454582214,130.666455477476,41.5681095719337,90.8475627303123,30.6734432280064,74.2523365616798,0.484396129846573,286.727637827396,481.442692816257,62.5579062700272,128.119621545076,147.748773217201,26.0892004072666,7.29386442899704,48.2898632884026,5.67607751488686,552.584385514259,315.08489844203,4.3590412735939,1.56139183044434,0,47.079024374485,5.47637811303139,87.9937646389008,0.961355745792389,80.4587695002556,0,142.052450060844,19.1908605396748,19.2463682889938,4058.15860798955,35.7672191560268,2.50991922616959,9.75459831953049,0.674712717533112,468.400731921196,2108.97355434299,1945.50992286205,897.488771885633,89.6130022704601,117.156195133924,6838.32983195782,229.576031476259,33.7924147844315,232.306414604187,46.3321248590946,0,8.67265069484711,128.012051731348,47.4578364491463
488.597604870796,21.2590148448944,25178.1318756938,1.05885368585587,705.913173347712,99.6396313160658,1087.31691101193,2442.0456495136,129.371760964394,146.452598363161,69.4224437475204,12.4891096651554,267.559068769217,4892.20787866414,364.331501811743,11822.2319956422,13517.9621410072,57.3608435690403,890.02141174674,26.3564241230488,71101.1103036404,692.571256190538,0,3257.28471335769,3.77024340629578,4958.72520968318,30607.2403056324,5172.32935407758,2351.88661342859,32630.973526597,3.92765435576439,27.8528309166431,519.782147884369,27303.7741082311,10050.847792238,45945.3080359101,10213.8554859459,32720.5208296776,18105.0382358134,788.750897079706,506.026506364346,287.963213711977,1107.52789232135,188.421061873436,340.826046407223,702.129312217236,57.5746964216232,31.6247385144234,1.28818821907043,11.7509731650352,21.8781371712685,834.054005771875,1.25382658839226,28.8022012710571,2.5273260474205,94.7836962342262,6.35599848628044,39.0986713767052,1.78814107179642,74.4069846570492,0.73762321472168,1.02554607391357,32.8065835833549,63.4392607808113,8338.84896492958,82.0504112541676,2.37828427553177,12.1942500174046,0,2320.12441673875,851.023578703403,8752.40227267146,551.724376946688,0.700291872024536,48.8933725357056,5807.02223694324,463.039525091648,45.8501807153225,959.844983071089,1.56668627262115,0.688132643699646,15.3472943902016,302.508832484484,2684.34720551968
0.496297925710678,5485.99529871345,22.9447644352913,4385.41752403975,123.910010814667,537.997261315584,18073.5479893088,68.0898397266865,39467.1373625696,794.260660082102,76.3831199109554,480.00098529458,519.202287822962,70.6680194139481,2259.29367870092,3586.26954004169,28.7907458245754,2.30624660849571,22.1827252805233,1569.44561597705,2276.80251893401,18116.4258755445,3257.28471335769,0,1783.58629432321,88.8718883991241,9672.64709416032,21098.4365232587,180.362353861332,397.504655092955,61.3156354427338,42.0636089742184,112.233610630035,331.239738792181,374.15747359395,2710.64538410306,282.758770138025,419.302164047956,147.147610515356,1984.59784135222,30.8529109358788,191.139824897051,2632.93945649266,100.633985042572,1167.7017147243,570.896470010281,1087.50723850727,521.689093112946,33.9340336024761,122.199503988028,88.6774620711803,162.031932979822,1510.53370153904,46.2255054712296,367.968222618103,8354.24341261387,618.647418320179,4206.78301486373,1808.86410585046,553.904234975576,788.549822568893,71.4599968492985,1133.54099670053,449.252590119839,1159.86290606856,131.49750572443,16.5422123670578,53.8643556833267,983.708506971598,1995.05166018009,882.129358649254,459.293540865183,18775.7532093823,52.1942801773548,160.224653214216,1002.96996435523,15348.3927474916,1385.53946578503,3637.14920473099,13.3601796627045,35.5041251480579,89.5041714608669,1401.58912026882,322.155509054661
0,4005.31579902768,1.02902799844742,0.858928680419922,0,4.93254393339157,29.1875237226486,1.13411450386047,2028.60103467107,5.47543177008629,387.832441300154,2.21112608909607,9407.99061608315,0.853404521942139,35.7510361075401,39.5565680265427,1.87263959646225,6.69657164812088,6.77130973339081,1.674256503582,6.81346726417542,3128.98474353552,3.77024340629578,1783.58629432321,0,137.068762302399,3911.28974607587,56.9788872301579,1.57095193862915,2.88214966654778,207.283043652773,0,0,112.666032522917,0,10.3366006016731,356.848242551088,167.607212096453,3.45137959718704,15.7745334506035,0,2709.2844350338,25.1620087921619,84.6522520780563,23.6552753448486,12.247841835022,7.89239382743835,0,327.62524548173,0,581.34256196022,6.06112027168274,0,0,0.579192638397217,1.77933126688004,0,54.0446842610836,0,801.418437838554,0.579632580280304,2323.44139382243,3.08564001321793,11.3958359956741,1.05085837841034,1.17055636644363,25.6521006822586,26.8111853897572,0,0,77.1123610138893,0,83.590981900692,2445.83595409989,536.65449911356,2561.42879161239,9.00583010911942,4.57559514045715,1.3883068561554,345.313410937786,5.5916696190834,0,116.969904482365,1.1640567779541
49.4062246084213,130.714248269796,22736.277730763,11.323609828949,11.9810934662819,348.319623947144,310.670094370842,578.012559518218,45.0683645009995,910.446524292231,10332.5320489109,275.474890172482,384.4130885005,724.080143392086,32.2078936398029,59.3751323223114,8555.18904671073,7331.98129194975,12288.2396643758,181.245130181313,463.313499122858,54.0347905755043,4958.72520968318,88.8718883991241,137.068762302399,0,57597.7577790916,99.8732099533081,540.970341622829,814.153912216425,919.716209053993,71.2913562059402,41.4688574671745,6997.97444006801,969.498219192028,9893.25605139136,15729.5930881798,7712.19574317336,3879.69519269466,298.269861847162,22.1520698964596,559.662038773298,1127.82293221354,363.538685888052,495.062636643648,673.474221676588,19.5025816857815,9.47888889908791,30.7829589247704,1.31028783321381,600.508919030428,1531.65157797933,0,5.77099594473839,0,8.47379893064499,5.63355651497841,85.0068315863609,2.82671266794205,1382.55866584182,1.47535488009453,4183.90490013361,19.0364938080311,26.2320418357849,8.05668017268181,1129.56137064099,641.097679704428,1563.58547919989,1.32757437229156,23.0372014343739,101.783907175064,78.2406109571457,58.6345012187958,726.783415466547,14444.2801174819,23599.6323984265,2.92115074396133,22.7246196269989,34.1278856694698,3368.15482074022,5.79111868143082,0,400.668182104826,442.099486649036
30.1146721839905,10197.2850564718,32059.4030449092,5.5468567609787,70.6610322892666,121.397613495588,324.362902641296,362.830834209919,5145.34053078294,262.488509684801,799.624006807804,66.2870815694332,3968.69118636847,648.75456571579,212.866508036852,8476.32061329484,25895.4791671932,353.016284346581,5073.27558299899,51.8590044975281,3517.15920910239,8071.86513060331,30607.2403056324,9672.64709416032,3911.28974607587,57597.7577790916,0,1493.87039580941,580.322469472885,1222.64582806826,2753.64200443029,29.9902103841305,129.538783460855,12343.7496726364,5268.0717857182,38905.8867985904,13589.8202340901,20063.3173584342,11876.5805135667,581.437526315451,140.462885141373,252.97493955493,10273.5962392092,1697.27175307274,3358.37232747674,5301.8397525847,81.251856982708,30.7699632048607,39.7640327811241,83.0687898993492,12124.5066938698,19635.5099685192,3.19877016544342,29.2506212294102,4.07385918498039,379.115913808346,57.8706233203411,258.231455981731,6.73440924286842,977.21971899271,8.09000635147095,3013.61210510135,392.794709891081,149.654462695122,5042.0513792634,6165.7551677525,949.887808799744,4267.31001099944,2.28410142660141,815.565201729536,2873.11632993817,15245.8982585371,735.697838515043,5276.84104019403,34367.4547333717,144540.414499849,202.230714827776,158.683734923601,907.351539283991,3229.97430002689,6.81099253892899,8.55224215984344,2320.08680659533,2950.74225926399
27.381826967001,152.616045892239,161.433564662933,10794.0821854472,197.757951915264,161.767341673374,62149.1606069803,644.59207560122,4063.97856041789,7521.00750011206,43.6587774157524,102.530285090208,177.994252592325,902.119344890118,654.486363619566,1432.83605811,255.680474698544,32.2866565585136,81.9035858213902,6501.13850536942,12796.901324302,702.389631390572,5172.32935407758,21098.4365232587,56.9788872301579,99.8732099533081,1493.87039580941,0,1125.64751909673,20805.126091361,8.57313075661659,82.9148390442133,281.187823593616,2145.97035801411,1939.58147001266,9379.25764715672,609.986545085907,2851.9426419735,866.176337987185,677.015288889408,188.722798496485,214.062398433685,1839.67295268178,84.1897654235363,838.320496112108,420.168121159077,1270.4766907692,341.837255895138,12.2094320952892,108.20285436511,8.354102820158,109.817790597677,1169.93726235628,36.6721304655075,353.66559997201,5586.41252741218,426.139992147684,1853.95023849607,1910.01751175523,578.870120853186,528.534374892712,1.22691670060158,747.073083937168,402.507037073374,726.342292129993,71.3935996592045,1.60082352161407,11.0685407519341,924.652631670237,1779.22888198495,469.658867657185,341.39735609293,10334.158452183,3.4161237180233,25.5336637496948,165.293851792812,9930.68481451273,1066.14479550719,3080.2084762156,1.21852135658264,15.1681018769741,94.9335243105888,995.036118596792,346.073093414307
10300.7692686915,5.59937816858292,263.860903173685,148.17937579751,70.7520205080509,460.981533527374,2869.31608757377,1839.82712875307,51.7449431717396,3766.78607989848,372.053263872862,609.003172963858,119.541824996471,20491.8917881995,275.450007796288,10.3055344223976,3482.97493052483,309.934451431036,869.583156824112,873.707835882902,267.319801956415,36.7319179773331,2351.88661342859,180.362353861332,1.57095193862915,540.970341622829,580.322469472885,1125.64751909673,0,23804.4697768688,17.7395495772362,2111.08076015115,7129.10367777944,5774.25027754903,807.717025190592,2515.39169675112,332.00673481822,1296.06517973542,350.28104481101,487.352804452181,207.411567628384,173.336159527302,258.213878333569,14.6881076097488,117.131658345461,83.8180972933769,138.793354272842,60.1267023086548,2.07615715265274,12.845387250185,0.673025190830231,11.9806786477566,17.4009379148483,2.44851785898209,13.6312957406044,328.706173211336,20.0872244536877,77.7926249206066,36.5602168738842,173.455781459808,12.462288826704,7.84412330389023,72.1011697351933,29.8482176959515,63.331801623106,10.7044875025749,0,0,18.4786978960037,246.717461913824,46.3895427882671,26.0661875605583,710.684425532818,0.436148285865784,12.2308768928051,33.208863735199,722.514697760344,105.409751087427,457.792376339436,2.24936532974243,1.08269548416138,7.45712184906006,112.332864016294,111.7863676548
10871.9274435639,10.2444980740547,1205.39559856057,15.2216831743717,517.109531491995,337.728759735823,8855.71598474681,8779.52443413436,87.75452709198,663.433861553669,207.78367805481,116.958418607712,270.757352232933,33940.1194424629,1153.69841608405,301.068570613861,6760.93329194188,195.102561593056,814.28490036726,196.72329762578,38514.3158328533,53.821449637413,32630.973526597,397.504655092955,2.88214966654778,814.153912216425,1222.64582806826,20805.126091361,23804.4697768688,0,12.6014919877052,160.785907134414,3392.0888428688,24769.5527655184,5144.2337783277,13263.0131534934,1311.88703119755,11673.8323818743,2534.88586777449,1145.77633196115,381.971867591143,386.502505719662,1037.04436528683,52.1021550297737,432.854098081589,300.69153508544,422.787651270628,164.945520281792,3.48190808296204,57.179684907198,1.72276961803436,98.9605535268784,8.93135955929756,11.267090678215,40.6012423932552,1363.69779491425,135.127175748348,232.243839353323,46.732709646225,476.001998186111,7.75563380122185,1.26156365871429,252.892394930124,138.157501399517,833.652351886034,32.57423427701,0.427355140447617,7.41425377130508,18.4583159089088,1292.64609065652,239.17877677083,447.078154027462,2386.32850179076,0.771462738513947,20.7190124094486,137.547172784805,2330.28835728765,442.849082231522,1770.44747370481,0,13.9923855066299,38.3780510425568,438.907488644123,606.680098265409
