0,0.762421727180481,329.555493921041,2.26825830340385,0,32.8841471970081,3549.91357633471,1205.08488473296,0,73.8386978507042,53.6953600049019,5.95979082584381,1.72510623931885,12951.7593597472,14.241458684206,0,1509.20795077085,16.853302448988,145.887472301722,1.50451123714447,1013.31496477127,0,1943.586070925,0,0,462.805729240179,67.0201258957386,29.9820824563503,8075.46247035265,9485.06757956743,0,15.8636418431997,110.662012636662,275.802291065454,29.244911968708,109.744259208441,4.21488571166992,113.567495644093,30.1632944643497,26.6972938477993,2.97890159487724,0,0.700021207332611,0,1.29044976830482,0,0,0,0,0,0,1.52035230398178,0,0,1.25147211551666,0.493428885936737,0,1.48134684562683,0,0,0,2.65788522362709,0,0,3.63588884472847,0.50026148557663,0,0,0,0.596704065799713,0.692783713340759,0.448692917823792,3.88639104366302,0,0.958524793386459,4.0153386592865,1.40780141949654,0,0,1.16729497909546,0,0,3.78216457366943,1.15453046560287
0.762421727180481,0,199.569250047207,32.9042371809483,24.8868318200111,5.81227403879166,24.5287748575211,7.34364545345306,3944.16261234879,33.7573730051517,691.570954322815,85.9193305075169,2477.34387668967,17.600407987833,333.623348265886,2605.9307615757,57.9064319729805,6.53322714567184,32.8834825456142,14.7333165109158,100.797728806734,4392.62353047729,274.086952567101,3138.24631327391,2186.51660764217,429.650856673717,39412.6749563813,251.751650124788,19.0729347467422,4.01293861865997,381.554827928543,30.361797273159,0.79834258556366,1431.99598938227,22.2012730240822,288.119042485952,130.274155050516,174.228860139847,72.2111504673958,76.5282572209835,2.09122413396835,359.663959205151,354.58462831378,72.9491462409496,206.989413499832,120.276005208492,3.99409070611,3.43532401323318,22.6766148209572,0,4999.82794564962,622.614283978939,0,1.21192419528961,0,14.2202197313309,7.4377002120018,13.900853484869,0.537691593170166,145.716833889484,0,291.145036399364,9.59443932771683,0.583961725234985,35.2952720820904,154.155496746302,13.2042284011841,16.4091130793095,0,9.60495680570602,1087.20500713587,16.3236130475998,58.9863002598286,48.2551542520523,614.181402862072,12671.6597780287,4.33931168913841,1.69086134433746,4.14809268712997,113.112526684999,0,0,95.060389816761,29.2973926663399
329.555493921041,199.569250047207,0,5.33804333209991,0.462547987699509,719.218640387058,12729.3233319223,2135.23437297344,4.22406232357025,2828.83288744092,107.860234856606,19.2236238121986,7.13414925336838,2431.27915483713,97.041622787714,119.905480712652,23123.5841543078,114.305270493031,2338.16844853759,7.63762274384499,6522.34207347035,59.4621557891369,42589.0726941824,87.2073528170586,3.63043341040611,26530.6137218177,28799.936070919,3204.56686577201,894.557747900486,2349.86758121848,1.53186559677124,18.1702158153057,118.637670993805,11853.9789686501,2991.64703214169,27479.6355703175,4952.5969761014,18975.9306862354,14190.3127996027,118.365332812071,28.836480230093,6.68478924036026,1690.60986292362,196.556128025055,832.214330077171,710.951092600822,41.4535930454731,8.56367015838623,6.82302352786064,5.37286630272865,1478.79877880216,9400.49132555723,3.59356594085693,9.24574971199036,0.342701017856598,161.616096943617,59.0420395731926,14.0317914187908,1.83405855298042,2.24754124879837,0,23.404188990593,153.327020347118,6.56319114565849,160.450947374105,848.514976143837,3.48113468289375,42.2024118602276,0,114.684662431479,2178.27144515514,110.420899510384,147.868203938007,39.52633446455,1403.83831480145,16625.237786144,38.7125147879124,13.2952805459499,106.433396458626,2.98406940698624,0,2.12498909235001,469.330587625504,703.821751832962
2.26825830340385,32.9042371809483,5.33804333209991,0,133.490248292685,760.75640976429,383.940148830414,437.219139128923,4324.33540529013,11818.9986633062,98.3033211827278,8183.90678733587,8.38744002580643,128.223038285971,816.165192574263,5.41767632961273,1.15658190846443,25.9302138388157,10.4959537982941,29889.7208610177,6.07714200019836,38.8872264027596,1.89410322904587,3331.83426010609,5.14977765083313,24.5291257202625,25.9128895103931,5879.50718665123,78.2217290699482,3.32695332169533,1.69530141353607,51.9087204635143,0.465056180953979,209.933255702257,36.4345853030682,460.640031844378,7.80079674720764,206.482686161995,41.3079033493996,869.834122091532,26.4953653514385,6.72039869427681,125.668936043978,0,53.5956284999847,5.99403759837151,372.356858968735,15.7510010004044,2.81773033738136,0,2.63231086730957,0,1014.26213015616,38.0168316066265,149.822321951389,573.726166456938,131.751847326756,1636.53822416067,3138.05132290721,0,1020.43481329083,1.74829137325287,34.3922981023788,138.598641991615,5.24401471018791,0.438380867242813,0,0,442.470714882016,1.86625775694847,13.8922278881073,1.53995251655579,1463.64291636646,0.889312505722046,0,2.96901348233223,1721.79620568454,11.2586084008217,3.53854045271873,0,0,0,53.3230356574059,4.40363103151321
0,24.8868318200111,0.462547987699509,133.490248292685,0,2078.34024742246,67.9589330255985,119.30853626132,160.842451095581,183.023874282837,20.8099852800369,1930.76071542501,3.65745037794113,9.9653927385807,4469.96236854792,0,5.59963822364807,3.29149085283279,0,122.401315391064,2.14602607488632,28.4440222978592,0,159.020048767328,4.87959712743759,1.13925367593765,16.691653072834,64.9326236844063,8.53897681832314,7.13279712200165,0,299.023048818111,1.0843425989151,3979.46633139253,35.3188325762749,309.129608869553,0,43.6970700323582,29.7376625537872,16028.125947237,13834.0055927634,3.45858824253082,0.597350835800171,0,0,0,13.3631194829941,0,0,0,0,0,5.07750859856606,3.46266424655914,1.89970433712006,5.38645428419113,3.36051231622696,20.3555896878242,13.8612882494926,1.84255212545395,9.57127010822296,0.525146067142487,0.622993290424347,4.88198420405388,0,0,0,0,0,0,0,0,15.1538004875183,0.512527406215668,0,1.77951669692993,11.4683717787266,0,0.954706966876984,0,0,0,0,3.20797520875931
32.8841471970081,5.81227403879166,719.218640387058,760.75640976429,2078.34024742246,0,7347.57324299216,15181.5517752469,184.481782764196,18950.5166981518,538.74302598834,14427.015172556,45.2762006521225,1981.14155626297,4100.81253480911,3.37306839227676,179.718712300062,169.759685665369,75.1001282036304,558.548077851534,359.664720982313,4.79007250070572,379.402424007654,215.011919230223,7.58042550086975,336.775706082582,57.6759532988071,830.479769989848,547.464550584555,474.403338760138,5.99172347784042,891.321042314172,19.023903131485,1724.01223322749,2669.70588636398,4691.87184497714,54.1862457990646,927.255337268114,368.821015238762,7711.33127221465,3544.12565135956,48.5074140131474,196.989156126976,5.60782653093338,90.5656186938286,41.5590925812721,251.059530138969,19.3332650959492,12.3911575675011,0,1.73028257489204,1.20375776290894,64.6329106092453,31.6929663419724,53.9221177995205,299.974494725466,51.5823066532612,190.788616657257,326.184870094061,4.0856015086174,188.703418493271,28.258417904377,20.8731837570667,73.5401061177254,33.7968018352985,0,0,0,41.4487760961056,17.0285043418407,5.90455949306488,5.44632935523987,506.455078065395,0,0,18.8736607432365,454.646259099245,17.7101267874241,16.7319034934044,0,0,1.90458750724792,41.1126383244991,120.007419645786
3549.91357633471,24.5287748575211,12729.3233319223,383.940148830414,67.9589330255985,7347.57324299216,0,9631.69913366437,854.508010745049,51391.4264510274,1462.43362012506,533.381020843983,134.562236219645,22601.36226964,1270.93653649092,116.939953565598,1098.36172905564,638.224208414555,374.223967581987,79.190781801939,25033.9613451362,45.9176366627216,5954.89470121264,1579.62828364968,30.0837386846542,2683.26264515519,1075.32751476765,32890.5917572677,10265.2619675696,13426.5554009974,17.9810740947723,652.8682320714,1278.70398774743,8469.73842656612,2931.38702833652,15276.6286860108,650.84251087904,6679.97951051593,2465.68557760119,2582.0461512208,548.923126935959,99.9089970886707,2981.02037990093,25.6105588972569,1273.75273165107,257.890514880419,1407.18525314331,270.981173098087,45.8294880390167,0.563872337341309,17.7627161741257,168.391806125641,320.207997888327,26.9630782008171,171.440106332302,3894.82010298967,711.080184549093,719.777450591326,2542.52380686998,30.919264793396,380.093930482864,27.4560304880142,368.844487756491,299.722850561142,610.20772922039,61.2992349863052,1.41008508205414,0.807340979576111,136.562530130148,375.927602648735,111.837640106678,202.237885683775,7389.82747110724,2.9627268910408,48.0840712189674,422.011999040842,6977.98245957494,295.69549164176,477.468160182238,0,10.7067388892174,18.9090074896812,782.544355005026,260.598874956369
1205.08488473296,7.34364545345306,2135.23437297344,437.219139128923,119.30853626132,15181.5517752469,9631.69913366437,0,87.1471017301083,26672.1360653937,558.646424144506,6562.2200243175,67.7997927367687,27463.1753320992,494.302604943514,3.00871598720551,1887.25528568029,113.129075735807,276.467045843601,523.467752546072,1478.542488873,2.11521977186203,2926.77708116174,132.578111052513,16.430791169405,1223.36709776521,136.500921040773,599.726975053549,1153.1472402513,7719.54460972548,3.0759544968605,1438.86275070906,30.6844297945499,1255.77717998624,200.819640487432,2232.65633887053,39.6865418553352,723.277986675501,203.965057492256,2861.58941119909,264.621851325035,46.9224602282047,163.734757572412,1.43495392799377,60.9479712247849,11.0278987884521,153.853345394135,5.60480535030365,2.78091114759445,0,2.28878402709961,7.33310025930405,29.8991146981716,13.7461061477661,34.5566660761833,222.51629370451,13.8251502513885,116.668191105127,163.004784822464,15.2394746541977,88.0693683028221,28.3871985375881,4.54978293180466,30.7092815935612,25.1467592120171,1.82018905878067,0,0,21.1086702644825,15.258577466011,3.28234419226646,8.38318282365799,439.364961266518,4.73215901851654,0.903246015310287,6.65118190646172,397.696006208658,9.12704092264175,19.8367277681828,0.827247202396393,1.32828342914581,1.0265007019043,35.4401455521584,14.7933837771416
0,3944.16261234879,4.22406232357025,4324.33540529013,160.842451095581,184.481782764196,854.508010745049,87.1471017301083,0,3587.30613413453,288.903188467026,4427.45761716366,931.942330658436,54.0436134636402,1542.5202793479,1731.9194368422,6.57271820306778,20.1966297626495,3.8700538277626,1509.01911908388,166.542218089104,7870.25179931521,21.1147251725197,40584.7116686404,1225.91126176715,125.329053997993,4456.02738085389,8018.68895253539,42.7493772506714,8.47601628303528,256.65661534667,40.0788027346134,4.10284852981567,464.473623603582,30.031196564436,408.283056229353,33.9956395626068,170.763986289501,37.0278761982918,730.734580427408,38.2906209230423,73.3565211892128,743.33814907074,17.2541904449463,292.644161760807,71.6961953639984,263.033791810274,52.3897153437138,11.944572865963,1.31399673223495,20.7460842132568,19.1124414205551,695.386141657829,8.21023565530777,44.2304658889771,1104.06000614166,221.924134641886,5648.04407581687,1709.88709695637,66.0213948488235,240.138950526714,98.5134744942188,99.4501032829285,78.3572596609592,406.296282976866,17.1486996412277,10.6099835932255,2.3722186088562,168.595073282719,115.74286711216,272.2236995399,75.7353540062904,10607.3106609881,12.7534924149513,57.367987036705,112.823350787163,4033.53097248077,160.079470992088,239.050023347139,20.9440476298332,3.3933944106102,7.94054290652275,218.055919855833,165.602076768875
73.8386978507042,33.7573730051517,2828.83288744092,11818.9986633062,183.023874282837,18950.5166981518,51391.4264510274,26672.1360653937,3587.30613413453,0,3514.64488875866,16062.2105194032,266.962417334318,12122.1194726229,1040.46587473154,7.85234427452087,498.224515736103,1696.86193907261,730.197102189064,9969.56229221821,1572.54000356793,30.5954967439175,1404.82898882031,1287.30311715603,46.1116729974747,1845.10182738304,331.476188629866,11545.6060133278,3181.52500364184,2710.74654328823,37.4383036792278,861.94196715951,62.7688579261303,5604.99913817644,3402.75891298056,10045.3068442047,233.535731911659,5130.87292736769,755.157379388809,2535.31671047211,512.635913491249,116.719956606627,431.663430780172,3.72369596362114,154.851098671556,43.1047135293484,1017.96966125071,55.5553539693356,10.1198591887951,0,4.7471008002758,15.9465734362602,2014.94744315743,106.550094723701,395.784370481968,1844.46286690235,287.507781997323,2131.8544948101,8293.13832402229,25.0687672793865,2011.77199192345,89.2068339288235,64.3774085044861,340.822766155005,81.071707546711,3.3528670668602,0,0,789.927681431174,40.5431306362152,11.5368323028088,16.7127329409122,3548.20783898234,11.7199582159519,1.68857544660568,42.2742236256599,4617.83719660342,43.6651218831539,32.0524271726608,0,0,1.89575201272964,137.540600121021,145.497660428286
53.6953600049019,691.570954322815,107.860234856606,98.3033211827278,20.8099852800369,538.74302598834,1462.43362012506,558.646424144506,288.903188467026,3514.64488875866,0,1028.77823257446,4745.80880147219,2020.80103856325,97.4346853792667,56.892829656601,338.535298585892,13643.9066898823,1971.61342802644,122.275659650564,60.8554377555847,257.900548607111,118.571659892797,187.97286811471,2164.7899774909,4755.36550271511,608.389751493931,456.451142817736,2785.01340004802,191.350643873215,1068.10861426592,2557.91830581427,3.02671670913696,14707.9507843256,260.134045571089,4720.31901612878,7171.96310609579,5749.42910444736,1417.44283568859,255.334518551826,63.2643947303295,5416.30746749043,56.1722257733345,322.811118543148,59.3244465589523,17.5707654953003,63.5725677609444,4.88793593645096,631.881338089705,0,359.922373771667,6.05806139111519,0.467544436454773,1.27174919843674,4.19410961866379,31.0426675379276,29.6444163918495,125.105857789516,13.245621919632,6242.51699998975,8.26662459969521,14306.6380011141,66.9791167378426,9.47630617022514,24.5067600309849,1.10650825500488,52.8723692595959,4.5666378736496,2.71541333198547,1.10094857215881,42.3345927596092,2.9271727502346,224.630285680294,851.430172592402,1282.4041287303,2708.24252986908,47.1122018396854,40.6797633767128,4.32226794958115,2968.01732569933,67.1836090385914,1.32938694953918,173.405298858881,77.2684904932976
5.95979082584381,85.9193305075169,19.2236238121986,8183.90678733587,1930.76071542501,14427.015172556,533.381020843983,6562.2200243175,4427.45761716366,16062.2105194032,1028.77823257446,0,113.305598884821,1234.17164379358,6383.48289901018,2.32594108581543,6.47406056523323,322.614715248346,79.7465432584286,14873.529761523,24.993437230587,119.436677545309,14.5632865726948,1389.55894753337,35.2409740388393,222.246930629015,114.71741104126,1249.12668144703,267.41582646966,57.527260184288,17.0350275337696,313.924394398928,1.54015079140663,1121.15151494741,1322.36302724481,2440.06112331152,36.1048271656036,923.803390234709,95.8690474331379,4788.97270700336,189.236907541752,49.3367611765862,120.455180615187,0.517902016639709,23.1619617342949,5.91361063718796,765.855034440756,18.6427994370461,8.2598831653595,0,2.6793115735054,1.83768236637115,504.323057204485,120.176072388887,303.90459728241,277.6473711133,94.4719724357128,1930.6316280067,2694.06049333513,15.7852187752724,1839.81205543876,31.4843939840794,16.7403036355972,304.153994679451,8.69662520289421,0,0,0,396.752125382423,2.71200531721115,10.0904838740826,2.72696521878242,518.792392730713,2.6075721681118,0.470697164535522,8.54670208692551,877.907936811447,9.71978971362114,8.68386512994766,1.19777023792267,3.36650115251541,0,25.9001132547855,48.8692831397057
1.72510623931885,2477.34387668967,7.13414925336838,8.38744002580643,3.65745037794113,45.2762006521225,134.562236219645,67.7997927367687,931.942330658436,266.962417334318,4745.80880147219,113.305598884821,0,192.71681958437,83.6279934942722,249.637616038322,4.55967664718628,16.9388384222984,1.06866252422333,11.105419844389,13.7820200622082,939.806529432535,34.2641995847225,474.876459032297,12618.2474071085,404.565859049559,3378.45938512683,51.9921034276485,306.387894749641,20.7108328044415,1292.45917564631,377.778145521879,0,1748.69320648909,18.5170543789864,381.401145815849,2244.33379891515,471.824620872736,92.3286825120449,43.5042988657951,6.96606808900833,1980.36114108562,59.4734300673008,470.559067487717,83.8525324165821,23.8478761315346,9.12030011415482,7.96310138702393,572.21701169014,0,699.479674726725,1.33679592609406,0.604629218578339,0,1.72226166725159,1.52083325386047,28.8603366017342,77.0702641606331,8.38556757569313,9338.68813067675,2.98777812719345,24470.9337883592,45.1927928924561,8.52937230467796,15.2739487886429,1.64358752965927,97.0448589324951,6.70760491490364,0,0,55.5303670465946,5.1884281039238,24.1183983683586,2274.67599320412,2544.74210378528,6928.42229008675,5.23139065504074,40.6617107391357,0,5575.27213186026,45.1354460120201,0,162.413226991892,9.25931650400162
12951.7593597472,17.600407987833,2431.27915483713,128.223038285971,9.9653927385807,1981.14155626297,22601.36226964,27463.1753320992,54.0436134636402,12122.1194726229,2020.80103856325,1234.17164379358,192.71681958437,0,163.894589573145,4.07893335819244,5078.00958308578,568.949030846357,696.812694340944,185.942134231329,2941.41815185547,7.16463416814804,6116.12281006575,135.784529060125,37.3681699037552,2352.93175819516,312.745054394007,937.932264566422,17989.7483045161,23460.4205638766,20.0617942214012,1062.85015869141,154.307638138533,2992.5760037601,280.486553281546,1840.13469049335,50.5243138372898,1545.7791056633,172.885267823935,433.974805444479,61.6506980359554,44.3040744066238,125.688863188028,5.31333297491074,45.7656264007092,13.7434586286545,70.8564961850643,7.24376535415649,7.3068556189537,0,5.88039565086365,4.23686775565147,13.2758806943893,0,3.05025932192802,145.295122087002,9.91125130653381,38.5427873730659,49.7032730877399,30.3876207470894,16.8168667256832,100.682098656893,1.56166759133339,7.53810232877731,24.4922472834587,2.09663569927216,0,0,0.978984802961349,18.9663717746735,5.72453954815865,8.41425478458405,348.060683339834,9.19351774454117,1.38650611042976,20.0872762799263,340.282478421926,9.76949176192284,20.2007979750633,8.91501998901367,0,2.71641325950623,36.047098249197,21.9683551490307
14.241458684206,333.623348265886,97.041622787714,816.165192574263,4469.96236854792,4100.81253480911,1270.93653649092,494.302604943514,1542.5202793479,1040.46587473154,97.4346853792667,6383.48289901018,83.6279934942722,163.894589573145,0,35.5681846141815,78.2938915789127,21.868011623621,10.2511229515076,611.022187739611,474.61322465539,458.807156205177,512.406876415014,2318.0940092206,100.04426831007,40.1719419360161,728.855109333992,1008.57437396049,98.2830383479595,469.726094067097,26.4487537741661,446.859789282084,3.95713096857071,391.712587237358,1795.12674844265,894.725284069777,95.8252758383751,237.14509126544,138.289995521307,9069.98170235753,497.926502257586,31.2380408942699,218.26419493556,50.2339696884155,74.284280449152,213.788072288036,100.242481201887,4.57501780986786,2.17931842803955,0,3.52830672264099,33.0678689479828,12.0974363088608,7.31351327896118,10.6245630383492,77.2513602674007,10.4462651312351,122.097498327494,74.1133223474026,2.01147431135178,55.2404230237007,3.769715487957,8.30934900045395,24.8407382965088,59.8493515849113,2.75748151540756,7.71553611755371,1.68321442604065,14.593368947506,19.3001998364925,5.64908957481384,20.0637779533863,251.89816853404,0,30.8269782066345,97.5857346653938,186.211583971977,5.02808982133865,22.8682998418808,0,0,0,11.2888427376747,1323.5804361701
0,2605.9307615757,119.905480712652,5.41767632961273,0,3.37306839227676,116.939953565598,3.00871598720551,1731.9194368422,7.85234427452087,56.892829656601,2.32594108581543,249.637616038322,4.07893335819244,35.5681846141815,0,165.712202340364,1.98958560824394,19.1320487856865,0,1494.05697837472,17871.2458718419,12464.9097235203,5933.7529899776,374.16367444396,128.359866917133,25528.6532411575,1784.62187626958,12.2865113019943,8.78444010019302,73.268351495266,1.82365494966507,8.2265442609787,524.776124089956,231.880824416876,3129.44995212555,418.837929964066,486.424859136343,364.076272964478,27.7346206307411,6.72233209013939,24.3459423184395,1121.41916641593,64.8814257979393,425.634658128023,185.293391108513,87.6655455231667,30.7968334555626,2.71974951028824,3.4978187084198,159.888122200966,650.851818442345,1.10595297813416,3.68269830942154,2.80098339915276,189.889134317636,21.5741714537144,1282.2507879734,7.42672896385193,15.7279523611069,3.09848535060883,23.2288924455643,37.1512177884579,94.8346458375454,5827.56376713514,160.825894266367,1.8371199965477,4.9346210360527,0.588872790336609,1801.66920086741,3563.03374272585,2926.00233313441,3726.20767325163,8.25834918022156,179.531875967979,5528.97027122974,950.910859197378,134.440413177013,587.934038698673,4.63974940776825,1.09009611606598,30.7386538982391,362.255733639002,183.779393970966
1509.20795077085,57.9064319729805,23123.5841543078,1.15658190846443,5.59963822364807,179.718712300062,1098.36172905564,1887.25528568029,6.57271820306778,498.224515736103,338.535298585892,6.47406056523323,4.55967664718628,5078.00958308578,78.2938915789127,165.712202340364,0,187.452419281006,7844.32996168733,1.38475972414017,2244.3743686676,24.8096936941147,9837.16986039281,77.9438517093658,5.97991359233856,31590.1182219982,26398.8282239437,322.716455161572,5075.40539231896,3336.06125387549,12.2200380861759,32.2431018948555,1560.74392920732,15207.9146896601,298.534776806831,2048.04075327516,472.205573797226,3540.72892284393,1278.46307998896,66.6396171152592,21.3379372954369,1.68774926662445,92.8423337638378,13.7245357632637,59.9850617349148,42.8702467381954,0,1.64126062393188,0.507993936538696,0,162.143521368504,339.362604111433,0.453060120344162,0,0,3.57167807221413,0,6.38225871324539,0,2.00501471757889,0,6.15329629182816,0.997054278850555,4.33500641584396,68.272719502449,67.9290891587734,3.58282947540283,6.85305178165436,0,18.4068867862225,53.7010166943073,61.326609313488,26.0330440998077,2.18375062942505,442.386316776276,2144.07691287994,2.25009515881538,1.49072659015656,7.34856578707695,11.3700725138187,0,1.29373133182526,29.0252094566822,17.208580493927
16.853302448988,6.53322714567184,114.305270493031,25.9302138388157,3.29149085283279,169.759685665369,638.224208414555,113.129075735807,20.1966297626495,1696.86193907261,13643.9066898823,322.614715248346,16.9388384222984,568.949030846357,21.868011623621,1.98958560824394,187.452419281006,0,3795.86314755678,49.258253544569,20.4616970717907,2.03768345713615,64.5607498884201,33.6586234867573,16.0396272540092,6994.3750205636,553.085225850344,137.904644608498,674.845583200455,117.79938146472,23.4692189395428,227.488456606865,2.10408395528793,5709.34510555863,331.663721710443,6884.41249591112,6922.97793418169,7096.17784541845,2744.84088122845,94.5550675392151,22.8255452513695,27.6731895208359,11.644528657198,15.2921995222569,9.68482366204262,34.3560589551926,6.23270070552826,2.13087511062622,1.23992466926575,0,9.45199698209763,4.86406594514847,2.2348016500473,0,0,0,0,20.8025186061859,0.67263799905777,115.856108605862,0,140.446589410305,1.24191832542419,0,0,0.553971111774445,16.0099667310715,2.26364898681641,0,0,0,0,18.7511578202248,2.29802215099335,429.133530795574,547.16264796257,0,0,0,153.601374596357,0,0,3.89084550738335,151.493773341179
145.887472301722,32.8834825456142,2338.16844853759,10.4959537982941,0,75.1001282036304,374.223967581987,276.467045843601,3.8700538277626,730.197102189064,1971.61342802644,79.7465432584286,1.06866252422333,696.812694340944,10.2511229515076,19.1320487856865,7844.32996168733,3795.86314755678,0,18.0229464769363,75.8832656741142,3.33123028278351,1089.21761184931,19.0317612588406,10.9058147668839,30738.8094381392,5317.53873619437,78.5416029989719,535.45959970355,199.566483050585,35.5622006356716,17.3779284656048,80.7353797852993,14433.5874935985,252.723679095507,4136.68526688218,2359.91007223725,5012.45123034716,2730.22452041507,20.5112800896168,12.4470150768757,2.56900069117546,33.9318212270737,18.8880946338177,21.5641768574715,26.6168555319309,1.72415396571159,2.24743536114693,0,0,34.2971840202808,67.0265923440456,0,3.10352331399918,0,0.877753853797913,0,10.8489248752594,0,13.6070396304131,1.27458298206329,19.8952713012695,0,3.97390073537827,5.27843236923218,16.1644121408463,14.2299511432648,7.80716609954834,0,1.44261091947556,4.42499214410782,0,2.99081671237946,5.17072176933289,514.904775887728,1747.75774246454,0.909697711467743,0,0,36.1891116201878,0,0,13.9139846265316,90.3621093034744
1.50451123714447,14.7333165109158,7.63762274384499,29889.7208610177,122.401315391064,558.548077851534,79.190781801939,523.467752546072,1509.01911908388,9969.56229221821,122.275659650564,14873.529761523,11.105419844389,185.942134231329,611.022187739611,0,1.38475972414017,49.258253544569,18.0229464769363,0,3.65673911571503,16.2823179364204,1.39432415366173,764.068640828133,10.2800770998001,27.3724327385426,15.5258798003197,1370.14570665359,30.888024687767,5.70884394645691,3.10789257287979,33.6464366018772,0,132.435677558184,12.4816022217274,346.452101767063,4.58551144599915,125.282797604799,12.4859249591827,556.427568852901,19.6919612884521,4.39181536436081,36.1740972697735,0,16.4248649179935,0.943445473909378,195.47321370244,9.3837463259697,2.30998069047928,0,0.454746901988983,0,316.572648793459,21.7236866950989,83.7410534024239,171.693872481585,45.9758744835854,709.103206753731,1494.3441709727,1.45989176630974,556.022186309099,2.39860129356384,10.7923092246056,87.4054209887981,1.16916918754578,0,0,0,186.235062479973,1.30604243278503,1.97838973999023,1.31739374995232,431.2176220119,0,0,1.48987329006195,618.451028078794,2.72444787621498,0.616013050079346,0,0,0,20.2788653075695,0.806825339794159
1013.31496477127,100.797728806734,6522.34207347035,6.07714200019836,2.14602607488632,359.664720982313,25033.9613451362,1478.542488873,166.542218089104,1572.54000356793,60.8554377555847,24.993437230587,13.7820200622082,2941.41815185547,474.61322465539,1494.05697837472,2244.3743686676,20.4616970717907,75.8832656741142,3.65673911571503,0,1038.10908704996,61159.9060887396,759.191937416792,20.6851699948311,775.752757787704,13518.9490023851,21729.9594286382,2865.17432123423,31759.5280579925,3.43463438749313,48.688123524189,1299.7196867466,17514.6821820438,3001.61441248655,17537.2331316769,1327.88804858923,10316.0115793049,4317.13473695517,241.505579680204,73.0350286066532,39.9689512550831,1337.1033218503,53.4729446470737,462.272274076939,225.845606476068,115.488280445337,40.8862268030643,11.4711403250694,3.34746545553207,36.0792713165283,518.05522787571,1.67169967293739,6.07375571131706,5.99112397432327,165.59081569314,35.6983019113541,686.780886620283,6.13882911205292,1.0782156586647,1.3818227648735,1.17213848233223,39.1169798374176,132.703414708376,6202.76927289367,176.562254846096,2.11314791440964,13.2594550251961,0,3206.48796114326,1670.42283859849,3534.92144557834,3558.43035897613,0,196.073846340179,2436.60847443342,1009.62001928687,214.617931216955,1011.01622870564,0,2.51844954490662,74.8389157056808,430.248602300882,382.438675045967
0,4392.62353047729,59.4621557891369,38.8872264027596,28.4440222978592,4.79007250070572,45.9176366627216,2.11521977186203,7870.25179931521,30.5954967439175,257.900548607111,119.436677545309,939.806529432535,7.16463416814804,458.807156205177,17871.2458718419,24.8096936941147,2.03768345713615,3.33123028278351,16.2823179364204,1038.10908704996,0,3293.86784827709,14335.2680932581,904.066203087568,64.9975880682468,17688.7999346852,1330.26156935096,13.2431570291519,8.74171161651611,189.869203239679,8.47641313076019,0,352.664955735207,15.5710827708244,140.549807101488,58.345233052969,62.5169014334679,35.6943940520287,122.785631746054,0.729465425014496,85.7361657619476,464.668143451214,58.6928215622902,159.763702273369,86.7215778231621,42.6405440866947,10.9152037501335,2.46510815620422,0.817323744297028,80.5514416098595,392.449032694101,2.88632655143738,3.89515995979309,1.83369955420494,41.3250595331192,12.6019712984562,433.498342782259,6.66644728183746,58.4265020787716,5.41520100831985,117.878832966089,3.92203065752983,36.0591967403889,2918.42569416761,141.624308079481,3.49111521244049,5.95556977391243,0,513.043795317411,6035.74185743928,1339.81357327104,1260.00606203079,13.6955551505089,81.8579204678535,5971.55129951239,205.152330428362,32.4804816246033,131.300689399242,40.0090720653534,1.84712898731232,8.99628007411957,84.216543585062,85.8725125789642
1943.586070925,274.086952567101,42589.0726941824,1.89410322904587,0,379.402424007654,5954.89470121264,2926.77708116174,21.1147251725197,1404.82898882031,118.571659892797,14.5632865726948,34.2641995847225,6116.12281006575,512.406876415014,12464.9097235203,9837.16986039281,64.5607498884201,1089.21761184931,1.39432415366173,61159.9060887396,3293.86784827709,0,286.463058799505,84.2348772287369,7858.56113836169,47926.6364308298,1593.16274148226,4185.26964059472,8020.58834165335,14.4510169923306,32.9538642168045,1071.62280145288,28334.6039153337,5279.65293428302,32866.1563245654,3223.21449878812,35217.9126466215,15363.2444643974,232.70301836729,57.583960711956,34.4485858678818,397.146255940199,40.37539306283,139.546620666981,106.217001348734,22.1098598539829,7.77955305576324,3.82769149541855,5.02730518579483,47.4827663004398,565.475676059723,0.627916693687439,12.9936996102333,2.06207048892975,35.7889083921909,9.62589997053146,138.999855160713,4.41639238595963,2.60497289896011,2.43976110219955,3.82457548379898,8.27523919939995,42.9400618970394,6326.65495270491,164.887153595686,0,2.25827571749687,0,1572.73205655813,3193.31516999006,4715.49494662881,704.881131052971,1.75994503498077,82.2568494081497,5999.16002097726,143.88809594512,58.2731774449348,165.780131936073,0,0,17.7143876552582,116.041820764542,660.710558056831
0,3138.24631327391,87.2073528170586,3331.83426010609,159.020048767328,215.011919230223,1579.62828364968,132.578111052513,40584.7116686404,1287.30311715603,187.97286811471,1389.55894753337,474.876459032297,135.784529060125,2318.0940092206,5933.7529899776,77.9438517093658,33.6586234867573,19.0317612588406,764.068640828133,759.191937416792,14335.2680932581,286.463058799505,0,606.542036920786,107.096753150225,4753.2786296308,12588.7452379763,155.580707579851,7.80661264061928,112.278242260218,30.2477400004864,27.7915654778481,695.75431266427,174.763308018446,1739.16988641024,182.878906399012,505.352296084166,218.629410624504,775.904804259539,48.2318353354931,49.2098596990108,2878.68502321839,27.4291681051254,1246.28606465459,266.456373810768,1152.23622277379,257.995368093252,30.6384918689728,4.93100559711456,64.8571593761444,213.084631621838,1113.12190842628,37.570571064949,154.441587418318,4865.10381612182,878.221883922815,4075.58209323883,5796.0690549314,44.4664683043957,612.290856182575,42.050431907177,388.648007154465,309.562262684107,1313.81947210431,71.2013093829155,3.47520619630814,5.89413034915924,400.365372538567,564.831061542034,530.260048359632,333.547544836998,19875.2844968438,10.9141545295715,80.0788559019566,746.550253123045,12405.3828137219,396.613960504532,418.108103394508,3.86429706215858,12.4658317863941,30.0565453469753,918.812029510736,174.23415479064
0,2186.51660764217,3.63043341040611,5.14977765083313,4.87959712743759,7.58042550086975,30.0837386846542,16.430791169405,1225.91126176715,46.1116729974747,2164.7899774909,35.2409740388393,12618.2474071085,37.3681699037552,100.04426831007,374.16367444396,5.97991359233856,16.0396272540092,10.9058147668839,10.2800770998001,20.6851699948311,904.066203087568,84.2348772287369,606.542036920786,0,713.530374825001,14865.433457315,39.8418361246586,50.9804743528366,3.18576034903526,1577.63529136777,76.897034317255,0,4870.15484875441,3.10792428255081,93.4010596871376,151.565752863884,129.343997299671,37.4770444631577,26.5937095284462,3.03039908409119,906.610832393169,19.0784619450569,92.4729091227055,33.1853041350842,11.9248244166374,2.59806996583939,0,258.460206151009,0,594.196398198605,0,0,0,0,0,2.71837627887726,15.3074143826962,2.773257791996,579.716102004051,0,2787.40801268816,17.6731563210487,1.67596191167831,7.42449018359184,2.80897599458694,29.8503198027611,6.56267762184143,0,0,14.0084469020367,0.979452967643738,11.3471658229828,2048.00613760948,731.102988064289,4950.32149586082,0,5.14607268571854,0,666.86848783493,13.7759186625481,0,62.0638513863087,2.46872329711914
462.805729240179,429.650856673717,26530.6137218177,24.5291257202625,1.13925367593765,336.775706082582,2683.26264515519,1223.36709776521,125.329053997993,1845.10182738304,4755.36550271511,222.246930629015,404.565859049559,2352.93175819516,40.1719419360161,128.359866917133,31590.1182219982,6994.3750205636,30738.8094381392,27.3724327385426,775.752757787704,64.9975880682468,7858.56113836169,107.096753150225,713.530374825001,0,31172.3893224001,660.461581707001,1316.10331815481,977.837978631258,620.074555307627,102.696459680796,141.101936906576,20793.1492093801,1394.36863026023,25469.086247772,19035.5197767615,14748.4994049966,11141.1438549459,106.250843405724,41.1430830359459,126.769496411085,888.168118298054,862.274568766356,749.526712656021,428.057797968388,8.85980200767517,14.8839489221573,13.2889716029167,0.573199570178986,2125.5106882453,1085.65598368645,2.37348693609238,6.13510036468506,0,41.0221877396107,10.7242838442326,32.8656448125839,0.7861348092556,2818.40460422635,0,4142.64330974221,22.9676090478897,6.34371003508568,70.9794630408287,447.051138848066,1203.07856535912,231.930594533682,0,21.6755324006081,29.1269013285637,19.9376973807812,19.5194178521633,545.731568127871,17244.1288383901,55540.3559783995,5.21353244781494,1.1511238515377,27.9813549816608,5086.38759922981,0,0,353.98109048605,492.094998985529
67.0201258957386,39412.6749563813,28799.936070919,25.9128895103931,16.691653072834,57.6759532988071,1075.32751476765,136.500921040773,4456.02738085389,331.476188629866,608.389751493931,114.71741104126,3378.45938512683,312.745054394007,728.855109333992,25528.6532411575,26398.8282239437,553.085225850344,5317.53873619437,15.5258798003197,13518.9490023851,17688.7999346852,47926.6364308298,4753.2786296308,14865.433457315,31172.3893224001,0,5464.50666835904,222.358265817165,212.004134476185,3389.53326523304,17.7533338963985,41.2155203521252,20573.7700336576,7628.08899649978,65335.7657036781,15073.9886461198,32500.3064609468,26896.3079218566,272.783720940351,51.1556306183338,49.7391682267189,8829.38246738911,1833.03698331118,4182.4838719964,3194.28706464171,116.969283610582,29.2214380800724,37.8442553579807,7.24436339735985,20696.9717478454,28653.7681092322,2.02167481184006,32.7319805324078,0.37900048494339,592.469940841198,139.683065414429,180.309414923191,11.1393174529076,960.901163071394,3.96063938736916,1667.80656465888,347.073611915112,65.1277961730957,5740.43247997761,3695.13045820594,700.714199304581,587.704412013292,0.63850873708725,609.090175867081,19168.1751630008,2424.43103507161,679.74737906456,1206.06467321515,20958.2956717908,201770.763717681,215.050032883883,33.887006431818,234.407376915216,2420.19716593623,1.65753847360611,7.87404006719589,2093.14290648699,1655.84560918808
29.9820824563503,251.751650124788,3204.56686577201,5879.50718665123,64.9326236844063,830.479769989848,32890.5917572677,599.726975053549,8018.68895253539,11545.6060133278,456.451142817736,1249.12668144703,51.9921034276485,937.932264566422,1008.57437396049,1784.62187626958,322.716455161572,137.904644608498,78.5416029989719,1370.14570665359,21729.9594286382,1330.26156935096,1593.16274148226,12588.7452379763,39.8418361246586,660.461581707001,5464.50666835904,0,1384.13990026712,474.511222571135,7.44937637448311,191.685240358114,570.465341627598,3514.72168818116,1539.33371430635,9655.37143272161,848.477740973234,3455.18536031246,1600.54823255539,1199.09232795238,176.735516816378,59.4356162548065,4542.16784885526,52.7118492722511,1928.66518856585,408.765732765198,1981.90918490291,428.50000962615,45.3391746878624,2.71912607550621,71.2911632061005,326.791324049234,1168.19516903162,56.2121714353561,264.503294110298,6137.99435976148,1026.30507850647,3429.1075565815,6278.8970400244,21.2200572788715,1019.56433799863,11.004308283329,477.745834827423,489.286924570799,1791.61738562584,87.0949022471905,1.74997520446777,4.52346262335777,516.35941618681,906.59581759572,498.559989243746,490.680405765772,18623.2138787806,2.07821971178055,103.721134960651,1055.21478480101,13905.6119253784,568.479500383139,882.190878719091,0,11.9535985291004,49.5703961551189,1353.22307556868,255.990539491177
8075.46247035265,19.0729347467422,894.557747900486,78.2217290699482,8.53897681832314,547.464550584555,10265.2619675696,1153.1472402513,42.7493772506714,3181.52500364184,2785.01340004802,267.41582646966,306.387894749641,17989.7483045161,98.2830383479595,12.2865113019943,5075.40539231896,674.845583200455,535.45959970355,30.888024687767,2865.17432123423,13.2431570291519,4185.26964059472,155.580707579851,50.9804743528366,1316.10331815481,222.358265817165,1384.13990026712,0,13937.0550729334,19.0064568817616,946.289101600647,3190.02173143625,8542.32095262408,206.80306571722,852.543371468782,36.7212582826614,1515.52873390913,204.920298814774,177.567804843187,84.7024767696857,60.4049209356308,106.921738505363,1.98075276613235,57.1056026220322,8.11150985956192,37.8733977377415,5.22997468709946,8.47251236438751,0,1.95349082350731,9.77806270122528,10.5706533193588,0,0,90.7740461826324,6.0676361322403,44.8734313845634,15.635414481163,57.2676845788956,5.97876572608948,126.944111257792,4.03150767087936,10.7428821027279,51.7414474189281,1.14876538515091,0,0,1.98298516869545,33.8986116051674,1.68232321739197,16.6018565893173,308.672824442387,11.0128902792931,4.55802410840988,28.6751237809658,171.747567385435,5.73865270614624,24.4540972113609,9.00264966487885,0,1.6580930352211,23.6732718348503,8.6968120932579
9485.06757956743,4.01293861865997,2349.86758121848,3.32695332169533,7.13279712200165,474.403338760138,13426.5554009974,7719.54460972548,8.47601628303528,2710.74654328823,191.350643873215,57.527260184288,20.7108328044415,23460.4205638766,469.726094067097,8.78444010019302,3336.06125387549,117.79938146472,199.566483050585,5.70884394645691,31759.5280579925,8.74171161651611,8020.58834165335,7.80661264061928,3.18576034903526,977.837978631258,212.004134476185,474.511222571135,13937.0550729334,0,2.67501214146614,102.495819181204,5072.32213908434,11753.4907215834,1854.2617444694,6921.89572578669,386.227344036102,4146.88603726029,1931.55227485299,332.277685850859,101.171744167805,10.3499090075493,174.173008292913,3.2239847779274,57.5631286799908,20.8104002475739,21.3111413121223,2.13931596279144,4.62782275676727,0.623292028903961,1.16825664043427,43.8529970347881,0,0.462027877569199,0,20.0097811222076,3.18293854594231,32.9100004136562,0.810548067092896,1.37318325042725,0,4.8774142563343,1.4673570394516,18.8568006455898,416.563683629036,9.31727382540703,0.89898407459259,0.935746312141418,0,227.172496944666,56.1440042555332,200.417043626308,246.555584341288,1.40294981002808,17.6155412793159,154.829597890377,102.182094484568,15.1961830854416,53.6073885262012,0,2.34052866697311,0.668235599994659,42.1672756671906,169.83065456152
