0,0,992.763308554888,30.1321374475956,1.34155976772308,83.9211500585079,7300.9353800118,1375.85462126136,30.2732736468315,169.920896589756,66.5506036281586,41.8495944738388,20.8149445056915,10007.4309041798,7.60599163174629,4.50031769275665,2150.10734528303,94.4996564984322,355.186856836081,18.2290769815445,163.26932489872,5.14000880718231,1187.03522473574,231.238958507776,6.49931761622429,1237.85289800167,371.033559322357,368.311967253685,6262.0015052557,13862.8419353962,1.53454157710075,12.2111155688763,35.0267841815948,296.509516298771,28.1818041801453,235.793197929859,80.3238211870193,182.81660977006,58.0172156989574,25.0286964476109,2.88562619686127,3.30769920349121,23.3512751460075,2.36562526226044,19.2287334799767,5.15361851453781,13.6810528337955,2.99648362398148,0,0,1.27406597137451,0.969129979610443,1.25359225273132,0,1.78050571680069,22.2819934487343,3.7353647351265,16.0943212807178,1.42595654726028,0.427448153495789,0,1.06003725528717,4.92163178324699,0.486364305019379,42.16628703475,0.525791823863983,0,0,0,21.094320088625,28.4007868468761,4.1387934088707,129.878552079201,0,0,26.571892529726,105.33509811759,10.3477246165276,4.06375157833099,0,0,2.44956156611443,11.762092769146,2.39299660921097
0,0,4.59754693508148,17.9243150949478,19.1852400898933,0.907956898212433,2.15795081853867,2.18047603964806,4385.31345787644,5.14057740569115,73.7215321063995,55.4068540334702,653.989365875721,10.4338861405849,136.098967075348,214.175782471895,43.4138685762882,6.03132086992264,20.6606552004814,15.226614177227,62.9674627184868,5740.96729299426,65.2907921969891,2092.92699497938,4919.60265654325,210.871776133776,21648.4046114683,42.3722496330738,12.6476430296898,1.66601836681366,50.058473944664,9.65016970038414,1.73946678638458,56.4737682640553,20.3643913269043,111.427209734917,95.4325020611286,42.9035288691521,44.0892433524132,166.878273665905,0.478693783283234,247.105185359716,244.007376194,246.685250014067,91.6890825629234,125.663154602051,3.24236732721329,1.28715896606445,81.9855760037899,0,4200.63621783257,71.2237627506256,1.2514740228653,0,0,8.43689274787903,1.35130169987679,101.706419676542,8.57614809274673,192.019478231668,4.77553743124008,713.607611447573,7.8889445066452,4.23549365997314,116.909550279379,141.478496611118,68.1563320755959,267.533229380846,3.27992323040962,3.67134380340576,204.38950252533,35.5731520950794,116.157439261675,425.1332680583,1002.04208907485,7793.40974053741,26.7831891775131,5.91479104757309,5.43465101718903,91.9343849122524,3.25978922843933,0,74.3721527159214,13.6687753200531
992.763308554888,4.59754693508148,0,63.6965164840221,9.81787025928497,391.307715237141,4411.63592088223,2586.33763614297,12.6452584862709,280.494793474674,41.5163930952549,29.0837997794151,62.0290506482124,5234.86799284816,39.3148994147778,66.7502448260784,23208.6430607736,420.890730500221,1776.53097730875,27.5694905221462,1483.7484523356,13.6236092150211,29887.0405503213,198.373528748751,2.3825911283493,50510.4104560018,26711.9552693963,2943.54048758745,747.00156879425,6427.83421081305,0.624510496854782,21.7749900221825,29.6133755743504,1785.3690726459,851.518367558718,5339.31070625782,4154.55293488503,3683.3630322814,3204.69494304061,78.8800628781319,83.6630422770977,3.51715368032455,201.552957385778,44.2163643240929,72.0603430569172,147.098296582699,8.08081060647964,8.03107798099518,0,2.70742565393448,74.1563958227634,242.777540296316,2.24689576029778,2.8088430762291,0,48.4916458427906,12.2649977505207,5.79429629445076,0.437375694513321,0.527053952217102,1.6752687394619,0.628060281276703,17.4676021039486,2.67941325902939,121.013364195824,165.66044729948,2.25947806239128,38.2825737297535,0,26.2283548414707,38.3372748792171,226.427367419004,44.2863664627075,2.83804571628571,90.3219988942146,4357.22735717893,26.8017776608467,4.72105404734612,21.5931490361691,0,0,1.10300004482269,64.4949437081814,198.702745974064
30.1321374475956,17.9243150949478,63.6965164840221,0,153.938366323709,315.919618785381,837.469206809998,318.890897631645,5913.100328058,5891.87708830833,31.2890881299973,2754.88582289219,31.4178662896156,383.668239355087,764.550501197577,3.09995466470718,17.5238150954247,31.2147448062897,7.6573797762394,9716.16409260035,43.278163254261,17.310814499855,60.0395539402962,2397.16011470556,9.01588597893715,67.6728670299053,40.8069923520088,17494.8746192455,163.083639919758,35.6740237176418,0.517456889152527,36.3763456046581,3.20404225587845,141.889001458883,50.1289560198784,465.838023245335,17.173736423254,187.599547326565,29.980739235878,1680.73276552558,31.5140759944916,5.57667794823647,202.635334908962,0,71.3158800154924,15.4534169137478,563.357209503651,8.95410481095314,2.94914814829826,1.02486932277679,0.434455275535583,0,3309.20382681489,54.0817766189575,391.848032593727,231.980007916689,225.643881857395,404.508208274841,1931.49379822612,7.79937270283699,1962.61533662677,0.859647870063782,104.985848426819,200.829469263554,2.57927498221397,0,9.81279212236404,6.45360395312309,1105.93821294606,5.41634100675583,16.4975410699844,0.386587589979172,1379.92170634866,0.507729411125183,10.0031133294106,9.03272846341133,1978.81032645702,37.7294184267521,0.460571140050888,1.66051170229912,9.60216793417931,2.290717035532,51.9575558006763,2.29593735933304
1.34155976772308,19.1852400898933,9.81787025928497,153.938366323709,0,3185.36316618323,258.854630500078,277.212055444717,147.691464573145,202.752699494362,29.7833301723003,999.885291725397,52.4470054209232,57.0535764694214,2157.56116765738,38.6187884807587,9.6595553457737,17.9226243495941,8.12809801101685,212.008390277624,115.075848966837,27.0201255083084,332.523623257875,246.887420147657,47.8153677582741,30.2234221994877,67.7312305569649,228.489454954863,21.9989501535892,150.607642650604,3.26731610298157,612.308946996927,1.27404534816742,343.496726065874,1145.78337049484,488.148873209953,68.9163864850998,84.3356087207794,90.8434816896915,10117.0205693543,1941.44970673323,6.77534583210945,52.5555226206779,9.06834542751312,15.5384100973606,32.0119788646698,125.240287810564,6.22223353385925,2.98454225063324,0.674001932144165,0,2.7561092376709,54.1168627440929,3.85975313186646,18.4277715682983,40.7638701498508,21.1956893503666,8.36386013031006,43.7888193428516,0,32.8104420900345,0,9.63288313150406,12.8524067997932,13.816391646862,0,1.60310471057892,1.75547790527344,33.5258097052574,13.4431787133217,6.62736582756042,18.3327454328537,68.8728364408016,0,3.05502837896347,30.6913851499557,129.082494467497,3.76284301280975,10.6915675401688,0,0.684434175491333,0,11.3691039681435,1000.53662830591
83.9211500585079,0.907956898212433,391.307715237141,315.919618785381,3185.36316618323,0,24133.2037051916,16293.8831233978,295.748203575611,27473.9095832109,647.569425940514,9639.55754047632,668.515845328569,6545.25425949693,4259.54035824537,14.9675570130348,126.609222829342,456.31607568264,141.795191317797,689.903342783451,407.360117167234,4.1569177210331,539.925044357777,860.989518284798,349.730077385902,659.141873031855,195.768935114145,2857.11752304435,573.194109410048,381.335584133863,13.6249867677689,806.530122548342,4.75482097268105,825.7217682302,6346.8517383039,6551.68616428971,259.487595438957,1144.14263391495,283.033559173346,8236.87155851722,517.334971576929,183.830857157707,454.536964774132,14.0910184979439,256.804076105356,90.7012802362442,575.772634595633,44.7013353407383,19.3711224794388,6.59838235378265,3.45955929160118,2.90759778022766,488.850382089615,20.1071419715881,285.579321920872,831.327001780272,399.872681766748,219.541333884001,992.838400959969,10.4759615063667,338.93972414732,1.6194221675396,208.060860306025,102.61977621913,27.9461134672165,0,1.73602449893951,0,379.29148799181,36.8776948750019,21.1813847124577,30.9437650740147,1416.66773572564,3.44272357225418,1.64929044246674,22.2482576668262,2659.24043798447,124.24489825964,19.6356634795666,1.97156792879105,2.49894243478775,3.44945913553238,191.244423300028,1044.08309429884
7300.9353800118,2.15795081853867,4411.63592088223,837.469206809998,258.854630500078,24133.2037051916,0,21559.8112803996,589.377290844917,28961.7781523466,1087.60756769776,1242.97810286283,818.886024415493,41905.4596584439,742.953011572361,40.800810188055,845.553127348423,979.956407129765,404.972611427307,532.940908938646,7310.84109768271,9.86677426099777,6838.05587440729,4773.54884913564,269.507021486759,2809.15264990926,835.862915933132,83491.4363399744,5008.63438084722,40594.274884671,22.3294616043568,396.151346057653,290.514839798212,3510.25854018331,1245.32773223519,8163.73527112603,545.237143337727,4317.84510922432,1040.75884157419,1672.74853560328,505.624426215887,185.191371411085,1077.76222980022,15.547335088253,627.197829723358,146.638563930988,861.624222278595,62.0984948575497,48.0482178330421,10.3572569489479,5.14533266425133,17.7976421117783,377.794223427773,22.5669777393341,296.290445953608,1506.50434437394,607.56501942873,427.616280853748,665.763931035995,21.8040415346622,236.034507721663,7.39250183105469,474.415022790432,117.53532281518,102.832425624132,3.41800481081009,0.505990624427795,0,277.512431114912,55.5272196531296,73.1642695069313,79.9545774459839,2225.31543591619,9.69646733999252,2.15753424167633,234.330694288015,4355.06635949016,314.933322519064,55.0261559784412,0,20.5633797347546,14.1660310029984,387.030667036772,60.0606386959553
1375.85462126136,2.18047603964806,2586.33763614297,318.890897631645,277.212055444717,16293.8831233978,21559.8112803996,0,231.229309201241,8850.45232576132,1419.32422730327,3847.17793115973,1395.42123496532,36612.1986781657,437.692490041256,10.1662081480026,2074.78019869328,729.985630095005,433.671535760164,570.549381017685,783.333500981331,12.0629426240921,2819.96018493176,839.810646265745,674.430733382702,3017.69889394939,547.203803092241,2533.13330614567,2200.54490026832,7505.49024489522,25.1308322548866,1632.1390683651,29.5431083738804,1274.85441580415,290.329379349947,9281.04208523035,576.806479126215,1730.30071288347,453.718320012093,1665.93421828747,576.199585109949,419.775275617838,1172.73105171323,11.518734395504,592.995309263468,139.116563379765,931.178256750107,86.4608916938305,38.9529004991055,8.87031185626984,6.40177011489868,2.54376286268234,165.488662093878,8.3406730890274,179.039007514715,1716.08367884159,313.442481219769,482.53093111515,261.770867943764,11.4191773235798,159.129106849432,23.7824103236198,196.925264328718,81.5476216971874,81.436385422945,0.859424889087677,0,0,142.797899574041,34.0315631330013,69.7331781089306,19.125692397356,2733.64707183838,6.80280917882919,5.08268392086029,39.592824280262,4886.27225130796,188.812611699104,34.1569501459599,0.707153618335724,9.50322258472443,13.4762085676193,371.448768377304,18.5657939612865
30.2732736468315,4385.31345787644,12.6452584862709,5913.100328058,147.691464573145,295.748203575611,589.377290844917,231.229309201241,0,2170.30966287851,42.2843380272388,1068.05898290873,192.961330652237,355.204640358686,806.666012972593,332.601873517036,16.6275782287121,22.8853050768375,9.63065582513809,2731.45391431451,156.083718925714,6033.5276670754,133.163681268692,28879.1199406087,1352.80584993958,31.1295486390591,5433.47689682245,5034.11604127288,391.139073610306,123.002647161484,10.1095648109913,25.9919892549515,32.9908885955811,165.310522288084,117.949170082808,350.743594825268,46.5096209943295,165.981061458588,65.4012368619442,609.206949025393,28.7794881463051,89.367953389883,535.642486512661,58.4285318553448,196.584396511316,53.7289514243603,909.72036549449,23.7686414718628,23.5177191495895,11.1664618253708,114.807553112507,10.9475112557411,1734.89416635036,73.6112513244152,199.624651819468,334.428625285625,183.957849830389,2687.48790174723,1276.52944120765,81.8406294584274,631.546181976795,171.491424173117,180.251736402512,290.439802348614,1037.46240094304,7.8260193169117,52.5775590240955,17.5045145750046,555.449118733406,349.995350152254,2361.82404410839,237.674785107374,5250.39526453614,106.774951696396,68.595761090517,706.148011952639,3535.99441739917,217.192259669304,138.191270112991,36.5676627159119,19.5569389462471,8.9265898168087,146.431051969528,73.770088493824
169.920896589756,5.14057740569115,280.494793474674,5891.87708830833,202.752699494362,27473.9095832109,28961.7781523466,8850.45232576132,2170.30966287851,0,813.492908328772,5306.18651261926,566.955277681351,6509.025056988,661.425976634026,4.51586145162582,146.966992199421,911.816015779972,304.506666839123,4163.76259064674,213.615304410458,7.96272671222687,334.888936042786,649.132899314165,107.976186871529,958.041245207191,301.898564040661,10000.459481895,1573.58624669909,360.208031177521,17.1895002126694,323.339212715626,7.66491788625717,2128.20686194301,491.061610341072,7250.13291504979,270.865952938795,2921.7165466547,292.350712746382,1666.75009900331,360.821714818478,150.097425341606,458.306703388691,2.40121018886566,270.91493293643,39.2790644466877,1393.53730720282,25.3451890349388,15.380507349968,5.26775497198105,1.66322532296181,0.612649023532867,3061.12083818018,100.926786273718,957.460221588612,1078.45047560334,598.879997372627,918.884157717228,5107.81185773015,1.68827015161514,1366.2603315413,10.0080785751343,163.274571120739,406.108066439629,19.4594876170158,0,0.44271183013916,0,1928.41089445353,20.5632392466068,44.9730983972549,11.7570592164993,3748.49618786573,7.15902197360992,0,10.1871380060911,6378.01430249214,91.4895023107529,7.0793699324131,0,12.0064781606197,4.84474769234657,205.426564455032,8.55519410967827
66.5506036281586,73.7215321063995,41.5163930952549,31.2890881299973,29.7833301723003,647.569425940514,1087.60756769776,1419.32422730327,42.2843380272388,813.492908328772,0,895.221281737089,9731.85585013032,1674.27202504873,105.609343528748,14.4881467223167,636.217599242926,19281.7095922828,2101.3765167892,118.797054111958,22.8012351989746,24.9882236123085,211.402576863766,96.6488308310509,784.901534289122,5495.65366381407,1326.18331810832,153.966185748577,2863.76253131032,240.582981288433,525.761214107275,2243.7171356976,6.79769265651703,12358.1487226486,229.993272036314,1606.42766529322,5995.01050019264,4106.63555780053,912.49416449666,215.757745623589,57.9944101274014,2596.84275713563,17.9271628856659,747.357712715864,21.0435649752617,13.7820788025856,15.835364818573,2.21703857183456,186.152269244194,0,274.320326536894,0.726446092128754,0,0,0.589339077472687,0.43442976474762,3.70590668916702,89.4310131072998,1.52650481462479,1241.27409178019,2.37562456727028,3491.07017120719,9.86551111936569,0.578801512718201,68.871494024992,0.787179827690125,44.0442851781845,3.22466707229614,0,6.02151015400887,134.995301812887,14.9725561141968,77.0064285099506,937.388690382242,608.134527117014,3019.74801754951,4.13031107187271,28.5387519001961,0,1165.35884720087,34.3321894109249,0,96.0292227864265,41.3203933238983
41.8495944738388,55.4068540334702,29.0837997794151,2754.88582289219,999.885291725397,9639.55754047632,1242.97810286283,3847.17793115973,1068.05898290873,5306.18651261926,895.221281737089,0,454.778128147125,1626.61593154073,5378.53820243478,0.900460183620453,79.9076349437237,712.288955450058,214.298282057047,13417.7887797356,16.1680599749088,57.1888165771961,50.155819028616,835.012712627649,171.995618999004,577.944254279137,254.806990921497,724.729312211275,676.933127254248,142.805642902851,25.941203981638,345.609012573957,0.573334872722626,920.703853517771,10812.8737038672,3839.53113603592,190.44104668498,1161.25523006916,184.957220882177,3624.25763177872,153.997910022736,142.960484445095,490.452174216509,7.28613430261612,100.830939471722,27.7071175277233,1291.04624858499,22.8926162719727,20.5339771211147,1.03559783101082,2.34708499908447,0,1481.01438701153,116.633930325508,362.06291282177,531.268880188465,290.006179004908,173.296570956707,1750.63801133633,5.32573437690735,1200.06960980594,4.35799598693848,65.6433303952217,281.904776573181,11.1804859042168,0.757577955722809,1.92518854141235,1.95448863506317,710.946510314941,9.15056601166725,16.1922447383404,16.0100489556789,1249.34766557813,2.6852445602417,2.14435014128685,10.5086112618446,2343.32890024781,21.015736669302,3.30011016130447,0.39436000585556,14.6867030262947,0.456723123788834,85.2599114775658,2681.79442965984
20.8149445056915,653.989365875721,62.0290506482124,31.4178662896156,52.4470054209232,668.515845328569,818.886024415493,1395.42123496532,192.961330652237,566.955277681351,9731.85585013032,454.778128147125,0,667.206266283989,107.285784870386,49.7142920792103,24.6460577249527,131.191989481449,24.3909864425659,126.680515229702,74.017256706953,202.404473930597,206.290070325136,375.323233515024,4427.71747651696,381.05643171072,4931.67874607444,661.378429561853,807.346985429525,404.999274253845,973.365808725357,1016.68893042207,7.19342258572578,4079.61060795188,395.369311630726,4961.35134392977,3705.44816640019,2961.62413007021,3535.04748642445,2920.5131726265,4445.95097583532,4612.19189226627,618.852821648121,2405.54710838199,900.606012552977,850.619827419519,435.529639929533,227.890299022198,778.491834789515,2.2945368885994,786.801159888506,6.60285016894341,12.9332329332829,15.1883654296398,116.449876368046,294.288481086493,343.451806128025,277.18061581254,110.003231137991,4581.79290518165,161.105858147144,12282.5947652757,227.64907515049,95.1289699077606,268.347768485546,6.67002588510513,120.342210203409,25.2891751229763,37.6291819512844,43.0369053781033,349.375464111567,62.8238381147385,410.172339171171,4564.16881009936,1354.72970718145,7899.04434195161,419.4533867836,219.744307756424,46.7787920832634,3321.06432297826,293.083660364151,3.20610094070435,626.584640711546,68.1809768676758
10007.4309041798,10.4338861405849,5234.86799284816,383.668239355087,57.0535764694214,6545.25425949693,41905.4596584439,36612.1986781657,355.204640358686,6509.025056988,1674.27202504873,1626.61593154073,667.206266283989,0,190.994090676308,18.3420900404453,6427.99135252833,1187.22464326024,1396.15430098772,392.226500511169,1759.36901247501,43.8896826505661,6800.74095591903,1640.67587825656,179.119651466608,5745.01134973764,1294.78510412574,3670.56267210841,23414.3158580661,24202.9587882161,25.1141581237316,345.481544524431,215.208447813988,2234.66321659088,307.72713765502,2928.35178670287,580.937882125378,1494.29608279467,387.723478287458,450.728450745344,93.5765744447708,152.379683434963,469.744861900806,11.0662939846516,189.141831845045,58.5573130548,320.677055388689,18.1022384762764,22.8618109226227,3.79448986053467,5.82686245441437,3.60757556557655,40.5017571151257,2.11603426933289,39.7519763112068,549.851630806923,72.8424513041973,239.94830262661,49.9679794609547,6.89703261852264,43.5778304338455,19.7839815020561,51.0745361745358,21.5088127851486,192.349898248911,1.50861126184464,0,0,32.1744563877583,105.13508310914,114.920410960913,26.4963410198689,1518.36138796806,15.6488316655159,2.40881395339966,80.2465121746063,1891.55638885498,64.6708118319511,55.8780044913292,0,6.11579978466034,7.56079190969467,147.635991603136,8.33677592873573
7.60599163174629,136.098967075348,39.3148994147778,764.550501197577,2157.56116765738,4259.54035824537,742.953011572361,437.692490041256,806.666012972593,661.425976634026,105.609343528748,5378.53820243478,107.285784870386,190.994090676308,0,90.2485077381134,20.9018200933933,58.0546786785126,14.139439791441,1002.67318341136,297.820757687092,204.018235057592,549.302287876606,1546.49563184381,78.8590180277824,64.0576034486294,337.615608662367,1038.34037557244,112.231925189495,739.333586722612,1.49410492181778,882.332864195108,1.08527362346649,98.3940025866032,1826.80913695693,623.505887657404,222.840840816498,274.959441691637,199.855515241623,2077.39473769069,305.984947413206,11.792769163847,114.95330658555,16.8231005072594,57.4763031005859,57.959655046463,150.790489703417,6.43369722366333,3.18166744709015,0,5.23026594519615,2.35627919435501,88.0049474537373,6.65663978457451,23.9494436085224,106.785940617323,36.5215830802917,51.2206489443779,107.647827923298,2.64265823364258,71.2914402186871,1.41964840888977,36.4068571329117,24.7256201207638,67.7583606243134,0,6.88602954149246,4.79260194301605,53.6783228516579,25.1670239567757,45.749827504158,44.0236585736275,297.635659456253,3.5948703289032,8.39090222120285,57.0691872835159,359.770830601454,32.4659602642059,28.8579279184341,1.43921023607254,2.85974812507629,0,40.193417340517,574.355731040239
4.50031769275665,214.175782471895,66.7502448260784,3.09995466470718,38.6187884807587,14.9675570130348,40.800810188055,10.1662081480026,332.601873517036,4.51586145162582,14.4881467223167,0.900460183620453,49.7142920792103,18.3420900404453,90.2485077381134,0,161.716469675303,40.1809213757515,94.8632461726665,1.73801934719086,17115.0611858964,5400.41885009408,11828.1985922158,4355.0216486752,80.6734180748463,68.2093643546104,5970.22454813123,1589.47514903545,44.4698643088341,358.726445972919,0,0,11.1198531389236,276.607000470161,1155.02917176485,4165.39477923512,996.403488755226,2039.79095217586,2809.84016245604,62.8070462346077,16.7797757983208,12.2339094281197,822.019137650728,79.9502096474171,223.05816668272,309.981538683176,53.3431217968464,8.90341210365295,2.30117005109787,8.9370624423027,14.5349655747414,160.560797005892,1.03387224674225,5.09541511535645,3.10770148038864,90.4718192517757,24.5162220597267,474.893564254045,11.1495491266251,12.8453392982483,2.16131001710892,12.4938510358334,47.5405447483063,22.6633839607239,14421.8878782094,56.5633153319359,5.44863539934158,13.5542703568935,0,1289.2605175972,3518.55475714803,8288.43901902437,1233.30846354365,6.80324518680573,23.172767162323,6361.27781501412,536.016618460417,54.8221560716629,339.500001907349,0,1.78940379619598,22.2837108671665,119.76005667448,202.381699711084
2150.10734528303,43.4138685762882,23208.6430607736,17.5238150954247,9.6595553457737,126.609222829342,845.553127348423,2074.78019869328,16.6275782287121,146.966992199421,636.217599242926,79.9076349437237,24.6460577249527,6427.99135252833,20.9018200933933,161.716469675303,0,1141.82549408078,4351.6943872273,12.0179930627346,1101.14709171653,30.5914005339146,15256.3918405473,165.214508980513,5.76473748683929,10014.7382384539,26448.2806068063,459.154571205378,7512.03639620543,9351.01819196343,0.855997741222382,39.2133514881134,241.364397853613,11803.7246480882,363.968012303114,2798.87998190522,2106.68576988578,2678.28908744454,1203.27853757143,51.4341109097004,17.1600165963173,3.31477218866348,137.674377262592,83.1432403624058,48.3987202644348,81.5588187277317,8.08156663179398,0.572867035865784,0,0.440215766429901,191.253365755081,243.411512225866,0.691555321216583,0,0,10.6677982509136,0.928754657506943,17.4100078642368,0,1.07663071155548,0.795136570930481,0,2.24427381157875,4.15120351314545,133.312100440264,215.609769672155,5.9778613448143,175.940604239702,0,38.1248504519463,64.3364589214325,82.9419229924679,87.6447664797306,3.0942507982254,705.916644603014,3762.789367944,25.4090564846992,0.976841986179352,11.1094699501991,0.528896152973175,0,0.682097673416138,55.5128392577171,54.2862120270729
94.4996564984322,6.03132086992264,420.890730500221,31.2147448062897,17.9226243495941,456.31607568264,979.956407129765,729.985630095005,22.8853050768375,911.816015779972,19281.7095922828,712.288955450058,131.191989481449,1187.22464326024,58.0546786785126,40.1809213757515,1141.82549408078,0,5147.37347656488,100.957105517387,113.996593296528,4.77785792946815,889.844307422638,96.6137163937092,10.3110853433609,2797.28919240832,2282.30818352103,180.230231881142,1557.07305139303,389.154546231031,7.77960062026978,567.044860839844,22.3770432770252,8469.59692022204,631.105052083731,3655.02375465631,7196.21138131618,4424.70029896498,3587.54652556777,127.424961954355,45.1044633388519,28.5030292868614,23.5313239693642,20.087601184845,2.89705568552017,31.1652658581734,2.74821728467941,0,0.967002332210541,0,17.2105137705803,9.74988633394241,0.57847273349762,1.45626878738403,0,0,0,23.2724890112877,0,12.7715919613838,3.18858671188354,30.821153908968,0,0,8.16093936562538,8.47443521022797,14.6226642727852,11.4238158166409,0,2.91079372167587,12.1096560955048,8.31813988089561,13.3456389904022,30.3452070951462,215.737403929234,608.553646951914,0.435947388410568,0,0,24.3372182250023,0,0,1.09668856859207,159.483775794506
355.186856836081,20.6606552004814,1776.53097730875,7.6573797762394,8.12809801101685,141.795191317797,404.972611427307,433.671535760164,9.63065582513809,304.506666839123,2101.3765167892,214.298282057047,24.3909864425659,1396.15430098772,14.139439791441,94.8632461726665,4351.6943872273,5147.37347656488,0,43.0803136527538,261.931132018566,2.77104300260544,2474.62468272448,60.4560387730598,1.93413054943085,8339.15949514508,5822.93946108222,131.630845338106,1570.1605220437,1008.20571768284,3.90179762244225,97.3916403353214,82.7869425415993,7356.08459663391,392.577308654785,3056.37086197734,2039.18350085616,2726.95573195815,1956.03400057554,34.4994021654129,17.6618002057076,4.38407301902771,37.0917486846447,21.7814754247665,9.79427644610405,25.125938475132,0.999887228012085,0.622182786464691,0,0,41.9324948787689,39.3973863422871,1.33471766114235,0.772727608680725,0,0.411435425281525,0,17.7077017426491,0,0,0,2.75551354885101,0,2.32751595973969,28.1689394712448,32.0395095944405,4.77674865722656,58.1543325185776,0,10.4925244450569,5.44869023561478,16.2286771833897,12.3130608797073,3.58653464913368,295.725212991238,851.700637310743,6.44837042689323,0,2.30424666404724,0.53883022069931,0,0,13.9742324650288,102.982695609331
18.2290769815445,15.226614177227,27.5694905221462,9716.16409260035,212.008390277624,689.903342783451,532.940908938646,570.549381017685,2731.45391431451,4163.76259064674,118.797054111958,13417.7887797356,126.680515229702,392.226500511169,1002.67318341136,1.73801934719086,12.0179930627346,100.957105517387,43.0803136527538,0,21.7493869066238,21.9084813594818,23.1696221530437,470.804653942585,75.5540034472942,100.455183446407,48.5370247364044,2498.03557789326,166.381503969431,40.9911552965641,1.74906176328659,67.1453516483307,0.828145205974579,193.305408746004,41.339984536171,968.925534784794,34.9603700339794,236.858416378498,32.6704575717449,1227.93900665641,46.621476739645,25.5982314348221,464.464811354876,1.78102493286133,127.754751801491,24.3732781410217,1467.68152391911,29.961516559124,12.848092854023,3.70301085710526,3.45692479610443,0,3043.40433096886,110.594205319881,517.19999229908,617.668626904488,396.335871189833,367.337016671896,3486.16858252883,13.5844911038876,1134.7248364687,1.16552948951721,139.103073865175,399.671418905258,11.4689441621304,0,1.31316196918488,0,1285.22553347051,18.1047508716583,17.5995138585567,12.4500170648098,2145.89092588425,2.44442701339722,0,1.76485505700111,3911.11083358526,65.5924467742443,4.61658787727356,0,24.4848926365376,1.31229376792908,85.9280519485474,6.2630250453949
163.26932489872,62.9674627184868,1483.7484523356,43.278163254261,115.075848966837,407.360117167234,7310.84109768271,783.333500981331,156.083718925714,213.615304410458,22.8012351989746,16.1680599749088,74.017256706953,1759.36901247501,297.820757687092,17115.0611858964,1101.14709171653,113.996593296528,261.931132018566,21.7493869066238,0,519.735152572393,40424.2056010962,3238.65598508716,54.6828261911869,499.077756643295,3434.204279989,26104.8930988014,913.927337437868,46817.5390917063,0.91179546713829,17.6315507590771,192.094141870737,11336.1490064263,2971.45867517591,8235.57903853059,1390.88532227278,10464.3042035699,4429.99403101206,124.02555257082,27.6336469054222,15.7991561293602,493.080528467894,18.8441114127636,114.92583796382,71.9269279539585,128.890341043472,8.41013750433922,4.73695719242096,10.0050365030766,7.12103208899498,18.1245248913765,4.72251817584038,5.74936211109161,10.0370023846626,77.7341813743114,67.4807765483856,207.513090103865,4.42449873685837,3.08529269695282,6.58332455158234,6.59268546104431,79.1624165475368,25.8631162047386,2916.9446490705,18.6897518336773,0.429502427577972,4.38040071725845,3.64615136384964,1348.69697880745,814.528202831745,1428.26421165466,1375.71155920625,3.81156426668167,7.33145886659622,832.585742890835,862.530336052179,84.4810051620007,532.97613760829,0,6.7671120762825,28.5483759045601,100.495685994625,235.625890403986
5.14000880718231,5740.96729299426,13.6236092150211,17.310814499855,27.0201255083084,4.1569177210331,9.86677426099777,12.0629426240921,6033.5276670754,7.96272671222687,24.9882236123085,57.1888165771961,202.404473930597,43.8896826505661,204.018235057592,5400.41885009408,30.5914005339146,4.77785792946815,2.77104300260544,21.9084813594818,519.735152572393,0,632.575864762068,9891.53035467863,2139.28861820698,61.5826487243176,13641.4043896496,251.503551989794,53.4705189168453,64.3983410596848,14.3629244863987,3.27863758802414,5.44705957174301,50.7503027021885,48.6867109537125,144.541028618813,46.2151880562305,62.6480683684349,51.1538038551807,233.913924157619,7.96335196495056,135.758860439062,322.500108152628,112.524978011847,128.406944453716,93.724306166172,18.5573597550392,1.85297203063965,33.6089982390404,6.79765683412552,555.370175719261,49.672095656395,4.63741493225098,1.3418185710907,3.0472511947155,48.2698493599892,17.1358215510845,288.150939464569,5.3342636525631,95.2089143395424,1.68937665224075,298.586776643991,23.1702939271927,3.3919740319252,2854.97386226058,49.0515599548817,2.75265020132065,22.8191524147987,2.77976721525192,403.983363717794,3462.16752630472,1025.00920855999,1067.87531688809,155.464455962181,95.820890635252,5912.91677191854,325.286254614592,26.552680939436,138.72828578949,52.7741428315639,2.07373610138893,6.2896922826767,67.1672334074974,44.2396630644798
1187.03522473574,65.2907921969891,29887.0405503213,60.0395539402962,332.523623257875,539.925044357777,6838.05587440729,2819.96018493176,133.163681268692,334.888936042786,211.402576863766,50.155819028616,206.290070325136,6800.74095591903,549.302287876606,11828.1985922158,15256.3918405473,889.844307422638,2474.62468272448,23.1696221530437,40424.2056010962,632.575864762068,0,2912.95518702269,29.4777373969555,7792.50598746538,43056.2158665508,9773.25550872087,3362.51485285163,28438.4234911203,5.94078814983368,58.6621783971786,316.564732134342,18978.7818696797,9084.00717261434,30603.3460972011,8011.33071479201,32523.6126742363,30603.3140519559,418.081116259098,183.600395917892,17.0016099512577,826.363114893436,91.603418469429,302.571603566408,423.799268364906,97.6721145808697,12.8309982419014,2.97112566232681,9.53302925825119,25.1175990700722,478.956022411585,1.56814840435982,11.5254169106483,11.4597447514534,160.935650259256,40.7217243611813,408.969832241535,10.3581798374653,3.68494987487793,4.78931969404221,4.9912086725235,59.3499217331409,42.9857668280602,10895.2343843579,157.565905898809,4.97349673509598,45.3591146469116,1.25908574461937,1477.05958637595,1511.01673799753,7971.02585595846,1030.10893508792,2.5903956592083,56.8194313049316,10427.7304713875,491.88839840889,40.7570503354073,379.586389929056,0,0.985764145851135,10.6408892273903,152.734301656485,1401.21638077497
231.238958507776,2092.92699497938,198.373528748751,2397.16011470556,246.887420147657,860.989518284798,4773.54884913564,839.810646265745,28879.1199406087,649.132899314165,96.6488308310509,835.012712627649,375.323233515024,1640.67587825656,1546.49563184381,4355.0216486752,165.214508980513,96.6137163937092,60.4560387730598,470.804653942585,3238.65598508716,9891.53035467863,2912.95518702269,0,689.030484616756,212.603779047728,6100.31635078788,17263.0515536964,1784.31034111977,1737.16689541936,5.2585061788559,70.6838551461697,317.509875863791,1106.41044414043,1450.27786570787,3733.89004844427,403.303325712681,1877.08088931441,1138.29183068871,1187.56577318907,113.498644053936,45.0347664654255,4700.61760401726,67.0928481817245,2260.34120428562,602.874349832535,1472.31007254124,177.587475240231,96.7713870406151,96.5834669172764,141.13168284297,42.1972449421883,675.363896965981,52.6541834175587,686.66095417738,3688.0597410202,1653.42232885957,4110.05547085404,1420.40993884206,126.758008748293,441.465435862541,64.4833334684372,2062.01809561253,343.70151245594,3048.92547863722,25.0059935450554,16.369987308979,35.5046378076077,540.63284856081,1468.16817554832,3481.05574050546,914.554863482714,21445.3575528562,130.793792843819,31.9419854879379,1452.28146478534,16850.0963163376,2055.88654622436,1931.55241295695,4.79415118694305,102.222822785378,137.086480975151,1506.76110225916,334.515595078468
6.49931761622429,4919.60265654325,2.3825911283493,9.01588597893715,47.8153677582741,349.730077385902,269.507021486759,674.430733382702,1352.80584993958,107.976186871529,784.901534289122,171.995618999004,4427.71747651696,179.119651466608,78.8590180277824,80.6734180748463,5.76473748683929,10.3110853433609,1.93413054943085,75.5540034472942,54.6828261911869,2139.28861820698,29.4777373969555,689.030484616756,0,105.526525855064,8356.36694018543,552.924711108208,149.432972401381,126.779829233885,95.3770771920681,226.064163446426,5.80831569433212,951.872026890516,37.3696537613869,727.114420622587,118.731433957815,659.342164248228,51.9521199464798,2374.0144790113,148.01778626442,1442.15053477883,1051.19423446059,287.081444144249,196.69977837801,91.1642629206181,1539.27365100384,67.0223323702812,267.72066745162,11.4843402802944,795.10245347023,2.54939651489258,11.8257180154324,17.0595998167992,129.996458142996,285.022492498159,366.514075607061,77.1945461034775,67.4859189093113,516.975020945072,50.3570035994053,1887.31917116046,279.155633091927,34.928403198719,284.445135474205,6.75856238603592,89.2110591828823,29.3989066183567,13.3244692981243,160.318881094456,93.3646765053272,135.642766833305,473.499356716871,2452.81814542413,459.005691051483,2798.20873990655,664.606452077627,200.443077236414,187.350104182959,230.992401391268,94.2158482670784,13.7710085511208,232.584824860096,60.1671487092972
1237.85289800167,210.871776133776,50510.4104560018,67.6728670299053,30.2234221994877,659.141873031855,2809.15264990926,3017.69889394939,31.1295486390591,958.041245207191,5495.65366381407,577.944254279137,381.05643171072,5745.01134973764,64.0576034486294,68.2093643546104,10014.7382384539,2797.28919240832,8339.15949514508,100.455183446407,499.077756643295,61.5826487243176,7792.50598746538,212.603779047728,105.526525855064,0,36758.50074628,1077.89046826959,2015.42426016927,3557.15677544475,443.478107988834,434.356371670961,31.4899997413158,3708.02119296789,1104.43543550372,8974.8071180284,14914.2356652319,5523.8280697763,4509.58828932047,136.145494610071,81.057386636734,21.4004129171371,301.720110833645,486.191528081894,129.227571934462,142.320686638355,7.27865114808083,4.97535169124603,5.57313105463982,0,556.977889150381,149.397451579571,2.22998470067978,0,0,4.49084550142288,0,88.0678977668285,0,204.635368853807,0.417198002338409,458.381560534239,4.94843009114265,0.527397930622101,91.3262076675892,99.4289458990097,337.554451465607,562.733498394489,0,20.5082825422287,118.884465366602,55.1141519248486,72.5347976982594,687.310380131006,5082.83734962344,12522.6693208218,14.0007210373878,10.4432179629803,20.702741086483,574.720223069191,1.6926132440567,0,68.1980096697807,253.014844834805
371.033559322357,21648.4046114683,26711.9552693963,40.8069923520088,67.7312305569649,195.768935114145,835.862915933132,547.203803092241,5433.47689682245,301.898564040661,1326.18331810832,254.806990921497,4931.67874607444,1294.78510412574,337.615608662367,5970.22454813123,26448.2806068063,2282.30818352103,5822.93946108222,48.5370247364044,3434.204279989,13641.4043896496,43056.2158665508,6100.31635078788,8356.36694018543,36758.50074628,0,2301.24637153745,1277.23211050034,2108.77659162879,919.273842677474,120.917667210102,46.3308506906033,9791.63017344475,6596.8073579967,36588.1039085686,16096.3189086318,23041.2585846633,24819.3793808818,583.738431483507,500.448120385408,91.3650665283203,5767.02760952711,3234.02849990129,2047.12455964088,2845.5213637948,63.6164383590221,34.2797033786774,95.2933621108532,34.3040527403355,14480.0537428856,4951.47787955403,4.8097295165062,27.2205996513367,11.2143639028072,595.413035303354,104.21706277132,535.111829042435,18.0644107758999,1049.37658578157,6.45561140775681,3581.25255852938,222.254617154598,93.1831797659397,5986.61915612221,3284.88042753935,1477.36558994651,4815.98277613521,3.37790042161942,324.775381833315,5385.06550124288,7808.73660540581,1117.85949602723,5696.81057521701,29306.9146489352,153005.279057384,235.557706296444,60.9043681919575,424.570508658886,2610.79563748837,8.87985968589783,3.33208984136581,1633.95418506861,2076.21752440929
368.311967253685,42.3722496330738,2943.54048758745,17494.8746192455,228.489454954863,2857.11752304435,83491.4363399744,2533.13330614567,5034.11604127288,10000.459481895,153.966185748577,724.729312211275,661.378429561853,3670.56267210841,1038.34037557244,1589.47514903545,459.154571205378,180.230231881142,131.630845338106,2498.03557789326,26104.8930988014,251.503551989794,9773.25550872087,17263.0515536964,552.924711108208,1077.89046826959,2301.24637153745,0,3804.07735699415,43758.4085499644,1.15576386451721,129.751935392618,1224.71608448029,4428.51855134964,3113.02142772079,7564.45281246305,710.528781145811,7544.35269612074,3260.23308372498,1286.93227672577,242.696146547794,48.1589135527611,4329.21722447872,33.0876974463463,2120.1182513833,498.59845238924,2470.62661167979,218.478465169668,79.305029541254,72.4769637584686,47.3583575487137,34.0458211302757,1652.9166007936,78.9853954613209,811.758819669485,4371.95152315497,1750.50514882803,2047.5857129395,2753.28154361248,43.5782268047333,1181.46882909536,7.46953451633453,1807.61838597059,377.452791571617,1381.65899565816,17.2962473332882,3.46025064587593,8.82284834980965,1007.23163977265,870.15747821331,801.781066536903,613.474369466305,11561.6828958392,50.9579567611217,8.13352331519127,929.471030712128,15794.7796787918,1449.17358928919,979.127436906099,0.742982804775238,79.1511562764645,77.0034587085247,1355.48591712117,267.513447910547
6262.0015052557,12.6476430296898,747.00156879425,163.083639919758,21.9989501535892,573.194109410048,5008.63438084722,2200.54490026832,391.139073610306,1573.58624669909,2863.76253131032,676.933127254248,807.346985429525,23414.3158580661,112.231925189495,44.4698643088341,7512.03639620543,1557.07305139303,1570.1605220437,166.381503969431,913.927337437868,53.4705189168453,3362.51485285163,1784.31034111977,149.432972401381,2015.42426016927,1277.23211050034,3804.07735699415,0,20230.0379894078,24.9936407506466,458.532955884933,5027.4121516645,6294.13130638003,206.218987226486,1267.9678350389,390.540726542473,1564.19443911314,236.016600221395,180.210157871246,141.806410729885,116.84202876687,410.441297829151,4.49912488460541,164.735540032387,35.8102484643459,218.846889317036,13.4020798206329,31.893608301878,2.75555518269539,16.1232125759125,0.955791354179382,21.4910696446896,4.8534933924675,20.1416440010071,374.106734454632,60.2293972074986,228.423197746277,17.8354109525681,13.0257847011089,17.1692101657391,42.0772835016251,70.6880328059196,17.7754980921745,379.293664067984,0.617580354213715,0,0.730030119419098,7.7451739013195,196.376085311174,209.447056800127,65.246320515871,1610.98483499885,12.5905287265778,5.61650654673576,57.2400036156178,1533.01289531589,88.8668640851974,89.2401010096073,0.805804193019867,4.62496131658554,5.02288326621056,103.137483984232,13.5615653991699
