0,0,0.00717153771887406,4.86575256101609e-05,0.00026452975376826,0.00142608735050133,0.496447941189466,0.0731685615915466,0.000188417280201286,0.00955858061583992,0.00149962424802417,0.00314245606409829,0.000184917652806235,1.21740955417047,0.000470380325188983,4.41344665186286e-05,0.106324366197749,0.001029422458228,0.00731591871577458,0.000924432000034121,0.0425577940743611,0,0.14163843425086,0.000687326291188085,0,0.00555288390250344,0.0117121282901998,0.00781444394154904,0.585973705225618,1.61351119744872,9.43541125405553e-05,0.000860941823942357,0.00407911130297417,0.0174593918865612,0.00135208076916736,0.0171783847333073,0.00315545588262103,0.0120006897503824,0.00455977518269541,0.00166139113577936,0.000546923068409872,5.63000155893445e-05,0.000235616562338972,0,0.000152747880363274,0.000203666509695256,0.000392559001384533,0,0,0,0,0.000267357307784056,0,0.000106774748901176,0,0.000467033498958528,0,0.000114002432795358,0,0.000149836294410896,0,0.000341172147826648,0,0,0.000103436889076805,0,0,0,0,0.000194340472526586,0,5.8667934167862e-05,0.000320194480204022,0,0,0.000399035148866338,0.000483087966888404,9.75940596390006e-05,0,0,0,0,0,0.000433056642175603
0,0,0.00171721709951448,8.87043500724435e-05,0.000280593046162903,0.0001109670418787,0,4.94664304170132e-05,0.288322908699652,0,0.0130283935429971,0.000204976911914742,0.297450877856176,0,0.00283002354561042,0.0226253136729911,0.00185255603561103,0.00054721976325202,0.00221083225918501,0,0.00270205846082478,0.213180748835221,0.00388686041014192,0.423149480043159,0.155327135357564,0.0234030157857169,0.869085080564045,0.00637214242039156,0.000229286638514793,5.11001106766105e-05,0.0136126446571072,0,0,0.00126288322658828,0.000211447668304718,0.0106076362548085,0.0114151777581811,0.00546853583315562,0.00331225656246504,0.0029723662812973,0,0.0707401918861906,0.0237731329091148,0.0235432547288309,0.00881749852411042,0.0122323091542361,0.000148208736374807,0,0.0152918171054633,3.82449999853849e-05,0.129267467602043,0.00680577119854815,0,0,0,0.000736109769629216,0,0.00664576638366727,0,0.0181723601173248,0,0.0535968643758988,0.000605784144535291,0,0.00616651672150763,0.0148539587305447,0.000459080752046275,0.00265556912897233,0,0.000480500004455942,0.00775759334095533,0.00759463238126173,0.0109216030946355,0.0327032703081177,0.0436345530907252,0.504492022201212,0.00108318872761091,0.000339867026895332,0.00116254714462735,0.0142210010541173,0.000381800112169933,0,0.00249364205374789,0.00131881609355864
0.00717153771887406,0.00171721709951448,0,0.00012683121738987,0.000633624540828156,0.00197262500539094,0.371115743457963,0.0333805862496672,0.000238537553912068,0.0051453334531217,0.0101029698898368,0.000520951112598956,0.00676241962675995,0.0377727524704045,0.00353231293938295,0.00855368988846292,2.01504952936404,0.0104203418857404,0.0870556737530953,0.000399392404443478,0.396910065848851,0.00422032080330584,4.17220493461542,0.0137841141871554,0.00011815049632352,1.22579960772372,2.32277674933665,0.144298466689664,0.0123849157306813,0.0513447362140364,9.22129706549584e-05,0.000200034159136325,0.00117708190581724,0.138915968959496,0.062772843505686,1.00090351319845,0.390660743290555,0.389165542209752,0.323496439507923,0.00352889045307535,0.00277552435287435,0.0012546128712541,0.10778287391139,0.0134447132446537,0.0394048481534027,0.0472527801460181,0.000714650055910379,0.000322329604313493,8.36918987521172e-05,0.000300623207301849,0.00994229947463628,0.138324585495171,0,0.00152872385392831,0.00011440484981389,0.016395479381387,0.00116850012052554,0.000318642700083142,0.000155806571080685,0.00115329564003971,5.54358072324276e-05,0.000684909009169627,0.00766048826379,0.0010798025327516,0.0222521050115131,0.0420071466693858,0.000498435580460591,0.00518196587121879,0,0.00821171394571676,0.00778714190456047,0.160335523701486,0.00802897449487002,8.27269763369084e-05,0.0320874843813073,0.574300847035581,0.0136282193607145,0.000333181909660286,0.011225042910403,0,0,0.00014776283710742,0.00628204415839996,0.0340821357676402
4.86575256101609e-05,8.87043500724435e-05,0.00012683121738987,0,0.00391470544764798,0.0289939410720504,0.0141500397754888,0.0309651998092628,0.28763044008084,0.577189070320592,0.00754213041798675,0.486376963080341,0.00386071783819232,0.0288691871042074,0.0554907825124028,0,0.000924629759101616,0.00167132587622551,0.0017939007556453,2.80755618492365,0.000308466533529114,0.000436555359003728,0.000910017299771549,0.323402576820317,0.000131877469490117,0.00121010204064357,0.000204178339364362,1.27869212055297,0.0434708525899995,0.0020770893112336,0,0.0052870541162661,0.000141502582365632,0.0269114235928445,0.00251486356315889,0.11190051411037,0.00109652872858092,0.0160393132868604,0.00453119884746598,0.0674739149710974,0.00593834844664763,0.00204171452264636,0.015957336317719,0,0.00520513738648319,0.000808120693569118,0.0410279776552815,0.00165973345940313,8.54341908990204e-05,0,0,0,0.134807514977455,0.00333127908756553,0.00994311884828463,0.0357541689990353,0.00328350926561712,0.0786986703619592,0.122948245579888,0.00155211515594542,0.117227868392243,0.00170659340806328,0.00274134450126411,0.0219833610683108,0,0,0,0,0.0227650826644803,0.000210634534717936,0.000118139379372608,0.000216321081411719,0.201143778766903,0,0,0,0.196775568536262,0.00126119201992407,6.78860370181441e-05,0,0.000511466454671776,4.54642263197064e-05,0.00230788207565048,0.000440406639311188
0.00026452975376826,0.000280593046162903,0.000633624540828156,0.00391470544764798,0,0.231420449795651,0.0110851537428267,0.00666113954935428,0.00293671913410807,0.0125760600329535,0.00332424688632153,0.0347552946069457,0.00248173905058146,0.00281405736785657,0.348383520984551,0.000987393621484848,0.00224225197354779,0.000614039349642706,0.000489593881874275,0.00363627328392599,0.0210119679127809,0.000347921152044106,0.0278597735614495,0.00662072177867331,0,0.000842607269648391,0.003091190789972,0.014115447455808,0.00332573945548898,0.0165144935129459,3.65838634548306e-05,0.0374406200051952,0.000117282348425579,0.204713638818319,0.0930355575118907,0.0414771467604657,0.00483814765875538,0.00466262361254001,0.00551116606721574,1.18435362706331,0.217935667875608,0.00120221851288652,0.00692056584063796,0.00122485005928568,0.00242328922933003,0.00527016209013073,0.0150617048103883,0.000767220986595595,0,5.8674618800354e-05,3.70373257839799e-05,0.000144597685047531,0.00199421106562704,0.000524542873298091,0.00152495819904956,0.00473179323022539,0.000628195079315239,0.000497292227099955,0.00546439263312611,0.00120585556357768,0.0112360493907993,0.00311116704019265,0.000507858887602061,0.00517915158202059,0.00085801237748754,0.000136595933565831,0.000126515904132223,0.000146472285246921,0.000818498588191187,0.00177096007177477,0,0.00172548062827485,0.00498720303222357,0.000225609196146059,0.000662955561960268,0.00126325019309387,0.0101854970422619,0.000549473555657053,0.00234786945883947,0,0.000303453102010274,0.000112258879245448,0.00062508499512927,0.0963521558958129
0.00142608735050133,0.0001109670418787,0.00197262500539094,0.0289939410720504,0.231420449795651,0,0.259753226243587,0.965454179118866,0.0155947665327347,1.63642868872169,0.0284781203613263,0.642457537461127,0.0180614739230766,0.0967162550422244,0.354358709327325,0.000191921155123233,0.00769326662167238,0.00860756876551507,0.00609968624312962,0.0344954879959602,0.00263428224353418,0,0.00961201593431732,0.00816111279625608,0,0.00730337279343936,0.00259754822759326,0.096813659869988,0.085749689564162,0.0191430742015008,0.000182101435348666,0.148291113106933,0.00058291007934795,0.0484369497467773,0.737756023379902,0.244296300108202,0.00306266644007963,0.0301701567716197,0.0110772968304052,0.498114855655496,0.0439300212144322,0.00938502984314104,0.0401843323580844,9.62973212796811e-05,0.0136351447578143,0.00588106052754074,0.0610031298955856,0.00381952704439765,0.000648681174704724,0,0.000142285852035379,0,0.00711418706170597,0.00374851357153732,0.00731588788237158,0.0402377724034754,0.00313188169859311,0.0113953830616148,0.0208273280551968,0.0086420860598374,0.0359509845183392,0.0156101679447434,0.00476025852985261,0.018775952795083,0.00102188601983618,0,0,4.80645055089116e-05,0.00370664589442752,0.00230861850736444,0.000169544990609169,0.000818110218006557,0.0590456694316082,0,0,0.000186369219680631,0.0818838044488124,0.00389263996589092,0.0021880937024251,0,0.00259092626085266,8.28730526969433e-05,0.00491400306321033,0.0328896998153633
0.496447941189466,0,0.371115743457963,0.0141500397754888,0.0110851537428267,0.259753226243587,0,1.29552959268752,0.0276374442943243,2.82717535444154,0.0581820714277018,0.0306525380876889,0.0520739101418274,2.41751476081401,0.0531877054368236,0.00336501480480135,0.310396300797977,0.0191827414025773,0.0316276492754474,0.0147042190365721,0.565053583922246,0.00105075578257937,0.819452876041705,0.0942842389635789,0.000108965187273264,0.059321512591102,0.0934373107057093,4.56683829246685,0.788924516521227,1.28920458623808,0.000234321495137775,0.0350340642535518,0.0613025375335351,0.384647656402441,0.103214546614494,1.64724367229498,0.114496040536586,0.413180526608797,0.193002030003873,0.246980053586732,0.0637279474919828,0.0156418447469651,0.143120367726119,0.000971967198345219,0.0341400738636699,0.019454018433164,0.0920899007538635,0.0123027821547412,0.00145430589184787,0.00043349035591501,0.000179187018604404,0.0107467169487583,0.00524021263068944,0.00550823509422226,0.00679660518548231,0.153776620796161,0.0102785359962098,0.0362527723005673,0.0396537645473196,0.0089137479790293,0.0172445846735486,0.0191365232161303,0.0119391074048265,0.0148062315070596,0.0249522765339565,0.00122096281158464,0,0,0.00292688239208827,0.0214299840113331,0.00566317684097428,0.0217210930717301,0.242031493670423,9.06879022826676e-05,0.000192443702700686,0.0466324723384969,0.305700327358431,0.0121683808374428,0.015306454492902,0,0.00131255114939719,0.00167117935261642,0.0203507437616927,0.0331253358691907
0.0731685615915466,4.94664304170132e-05,0.0333805862496672,0.0309651998092628,0.00666113954935428,0.965454179118866,1.29552959268752,0,0.00886964082148404,1.07924327934024,0.0164657868033311,0.380616753964649,0.0150263055302289,1.77855833619057,0.0290422929739062,0.000120619131638467,0.224456544667844,0.00489428016484614,0.0174403421971068,0.0641458780481286,0.0872866914543243,0,0.366393041660016,0.0121608314850695,0,0.0187898359090523,0.02604559366353,0.126884639448886,0.178581767018325,0.73395694523959,0.000319089753628015,0.183686355927756,0.00353021835960493,0.0585639010877685,0.0100775407497519,0.272710753988932,0.0144728111252777,0.056786267082663,0.0232537411798706,0.0780974559136109,0.0177453541227409,0.00615103082763517,0.0135769937899843,9.01867717749415e-05,0.00556176240674054,0.00296831346039145,0.0221209665527838,0.00145292833263946,0.000503414745203495,0.000183212160953832,0,0.00011323098442682,0.00253184955444475,0.000828573580047185,0.00126954809442177,0.0163545346200976,0.000830543993312293,0.00948577918590133,0.00492723505487408,0.00416186718981097,0.00911681497146052,0.0101687950889379,0.00144646738894718,0.00496645981148115,0.000976861672329593,0,0,0,0.000240171892993617,0.00252812729343629,4.74686626501918e-05,0.000594249891514373,0.0407047800128736,3.2179215557611e-05,0.000109893794136954,0.00100830253059201,0.0398878675465672,0.000599246895334613,0.00154508563283944,0,0,0.000274673723747039,0.00231042332867778,0.00147965863001145
0.000188417280201286,0.288322908699652,0.000238537553912068,0.28763044008084,0.00293671913410807,0.0155947665327347,0.0276374442943243,0.00886964082148404,0,0.201806830937336,0.00700038063379771,0.299517191580005,0.100707237703743,0.00497299443610657,0.0830399405273899,0.0520310810399507,0.00113378101779103,0.000618699907018203,0.00118044485443857,0.0550751813524982,0.0191712792611006,0.972236273383949,0.0124253718281955,3.37777975867577,0.0604109951733743,0.00552180118628185,0.499048892457407,0.907616338910009,0.0110723655909422,0.00147597147135799,0.00777007158406471,0.00158964153115653,0.000319679211805701,0.00984276308468741,0.000731371385562926,0.0399467084429227,0.00669477169763667,0.00616409614537941,0.00320282910446668,0.0361358520497924,0.00170610846154359,0.0157336934854934,0.0704644271613248,0.00589935881448968,0.0180828070144299,0.00716790609409053,0.0381430533622769,0.00555169386919717,0.00316583527967853,0.000979421442003142,0.00910508173546296,0.00229240495535818,0.0469227487764967,0.00339884826871853,0.00777232550502037,0.0872573143718964,0.00978984957462146,0.496252901998765,0.150016697344332,0.0162307135655643,0.0545144685300104,0.0151165505541838,0.0106199897957773,0.014136925798655,0.144895016126893,0.000397030045679486,0.00154731591922709,0.00093460311561984,0.00971191502449783,0.0381872757547448,0.164859411191991,0.0257763107289829,0.870561607741007,0.00588389597135114,0.00612713541434273,0.0439815697364697,0.488712995919022,0.0156348507734632,0.00780521353265456,0.0017714728896768,0.00370515603017948,0.000925419627703444,0.0107377489625737,0.0037897098822963
0.00955858061583992,0,0.0051453334531217,0.577189070320592,0.0125760600329535,1.63642868872169,2.82717535444154,1.07924327934024,0.201806830937336,0,0.084076173029957,1.0189260889826,0.0374469583839011,0.582812471072754,0.0714309580287332,0.000364325727600753,0.0183152277386036,0.0210766772469298,0.0236975346594723,0.634629323773869,0.00695255820250608,0.000114826471760148,0.0244517167508334,0.134113139524375,0.000408537929753482,0.0153972383207321,0.00473298453029096,1.08264774694779,0.497289693290813,0.0416781428532152,9.29086759240809e-05,0.0560184704222661,0.00227539379225309,0.252560508617498,0.0297509871052884,0.742415211310948,0.00849572599660784,0.136894038450323,0.0371154655946356,0.211115388555308,0.05172599781157,0.0158546398052535,0.0292346731377824,0.000403909421655643,0.0107325598880511,0.00391700063603234,0.0622148342528144,0.00143601105969698,0.00121002060650087,0,9.19177782482384e-05,0,0.133250980508129,0.0058529957943387,0.0106038306394324,0.0755143696473818,0.00470924757706874,0.0868691398520298,0.128610845820426,0.00699777517508958,0.130858024504705,0.00953034808657848,0.00300358930784777,0.0262272473383053,0.000326804272129184,0,0.000115666536702836,5.22867079318166e-05,0.0203992983798495,0.000284815553893542,0.000350384773884684,0.000281449747698957,0.300142943152974,0.000107332864829642,8.14654126423121e-05,0.000153642595390349,0.283049961675393,0.00163652635971887,0.000422718951761455,0,0.000128801895790643,0.000105738649611873,0.00357617990008568,0.00202216122540656
0.00149962424802417,0.0130283935429971,0.0101029698898368,0.00754213041798675,0.00332424688632153,0.0284781203613263,0.0581820714277018,0.0164657868033311,0.00700038063379771,0.084076173029957,0,0.0883819677543394,0.653638925072109,0.0598127687691406,0.0106075013971686,0.00111800850690979,0.0593430452760474,0.886848965047784,0.206896614494546,0.0153720648410587,0.00996653452671397,0.0098125851613263,0.0357269019519198,0.014009557662799,0.0285779750774381,0.507614160675686,0.0680832829651122,0.0314265486522929,0.35074559672024,0.0208665214213482,0.0908832707745403,0.0812107934828975,0.0010979678046196,1.14512026975659,0.00941678820269982,0.205845146991432,0.308297528279729,0.756422575541217,0.0620759170699032,0.0292709061035598,0.00386138047649133,0.332927364125564,0.00328231071047566,0.136526107402611,0.00664783972045453,0.00229713323213159,0.0045375171508493,0.000117459116247296,0.0486466595820348,0,0.0157312141403046,0.000367120846687019,0.000278939006698095,0,0,4.85648031157136e-05,0,0.00674288206358101,0,0.141805143706601,0.00112295302993743,0.454301508739677,0,0.000538303221420664,0.000384637883282268,0,0.00127048102380022,0.000118518073444581,0,0.000374114804120123,0.01087070752675,0.000434497619692278,0.00767791226187053,0.0762121062306276,0.0624899833407033,0.160686403593458,0.00121614498055406,0.000373969000930166,0.00049843941823237,0.153360151732069,0.00116708459871073,0,0.00363827872991451,0.00427356618555687
0.00314245606409829,0.000204976911914742,0.000520951112598956,0.486376963080341,0.0347552946069457,0.642457537461127,0.0306525380876889,0.380616753964649,0.299517191580005,1.0189260889826,0.0883819677543394,0,0.0188416385515718,0.301356107896186,0.610925944029966,0,0.0088986178543674,0.0261220356739456,0.0245616032738256,1.18944549038751,0.000856067358327115,0.000718072777894115,0.00433839571454008,0.0317258080954753,5.96192998484254e-05,0.0201074108704313,0.00442550267847935,0.295648035970714,0.259325611561795,0.0138600094958667,0.000254733821215564,0.0386939919933365,0.000153936202339363,0.107409173367015,0.772364293627551,0.234717939750518,0.0047801068695234,0.0604607418682567,0.0151809708851031,0.302958348481258,0.0099455699900021,0.0139577385657995,0.0447328776902822,0.000323213357721662,0.0103332421849114,0.00564401364935255,0.125612639824417,0.00523034719242077,0.00137300542572607,0,0,0,0.0585775696427105,0.0116239582875809,0.0297877710363658,0.031661827619266,0.0091313577376049,0.0293732173471245,0.127990931795606,0.00897326988838872,0.242524102318874,0.0146923850570568,0.00640567405815415,0.0584815702562508,0.000239699731904829,5.618283633852e-05,0.000310218142918181,0,0.0197744495000805,0.000717880321539891,0.000309368225105727,0.000513389799661225,0.104010510149599,0.000289771839303362,0.000659923004513633,0.000206401791143793,0.143047874632888,0.00767180276487402,0.000628517283422005,0,0.00459301591842838,9.11023843129697e-05,0.00454289960836187,0.0516364732924422
0.000184917652806235,0.297450877856176,0.00676241962675995,0.00386071783819232,0.00248173905058146,0.0180614739230766,0.0520739101418274,0.0150263055302289,0.100707237703743,0.0374469583839011,0.653638925072109,0.0188416385515718,0,0.0125439633147593,0.0084492247390068,0.010127238713235,0.0111732210763465,0.0193199377773649,0.00908231618307186,0.00535019436684448,0.0233248803457825,0.157219062354693,0.0191366492894775,0.126958652583623,0.671145464394735,0.0434996588808716,0.438608355043511,0.0470865091577104,0.0420547136143449,0.0269578176419026,0.177752007647143,0.030771668726286,0.00088481093524133,0.379931727583403,0.0474310610005554,0.291647536462728,0.209389942959757,0.439158467225282,0.182462446583196,0.0842784581533847,0.184155773893508,0.79486539027259,0.015151026610537,0.279054568749922,0.0241969614884448,0.012373901855946,0.0157598968324291,0.00244020850819788,0.207108198413122,0,0.0295685858416762,0.000325298861289943,0.000335766634223884,0.000861024741773522,0.00120926117225948,0.00511212685025776,0.000384418849086356,0.0108545988131345,0.0023030662800048,0.245586113032928,0.00197832803334609,0.684580949490842,0.00110440696969352,0.0023988322747706,0.00270214279806909,0.000179329353605628,0.000817246242647648,0.000210889295275003,0.000224977726017291,0.00315854790276607,0.0199268799835948,0.00232904695851123,0.0197464525559079,0.231204738686955,0.0595722609385484,0.19877165241577,0.0114862725580586,0.00320447172702912,0.00153149782108052,0.161567582542368,0.00457778712580563,0,0.0118609457780586,0.0249610154295369
1.21740955417047,0,0.0377727524704045,0.0288691871042074,0.00281405736785657,0.0967162550422244,2.41751476081401,1.77855833619057,0.00497299443610657,0.582812471072754,0.0598127687691406,0.301356107896186,0.0125439633147593,0,0.0178710457870479,0.000390268068561471,0.412415915949764,0.0182135351342084,0.0426061871981173,0.0625204614217391,0.149141374170981,0,0.585290542549906,0.0193519686910297,8.54488644172192e-05,0.0368660546986026,0.0391109785138656,0.140319430510883,1.37259488207716,2.21336156437979,0.000571697569794059,0.0326987642846621,0.00976835738847913,0.113356020035691,0.007386067029539,0.184498274012139,0.0179498104314064,0.0728284861519507,0.0250056981135859,0.0419822857846598,0.00703964471618343,0.00469747246838334,0.0123926748455367,0.000228769768589937,0.00270831141496233,0.00130559085615896,0.0171446313483949,0.000534457567881179,0.000286494759821302,4.09421099327564e-05,0,0.000430803570189696,0.00152565444798069,0.000559761349681795,0.00079812989701612,0.0136723281813834,0,0.00696487242305256,0.00139649755428326,0.00317355597932224,0.00513488420486842,0.00489061400815101,0.000570813695869678,0.00510555909438691,0.000648173857698178,0,0,0,0.000152196698134136,0.00276617369022662,0.000714326287771011,0.00067687663853597,0.0365093098638065,0,0,0.00192191631529816,0.0331927687759688,0.000689356135013944,0.00164399658650448,0,0,0,0.00102702298314921,0.00119206341524428
0.000470380325188983,0.00283002354561042,0.00353231293938295,0.0554907825124028,0.348383520984551,0.354358709327325,0.0531877054368236,0.0290422929739062,0.0830399405273899,0.0714309580287332,0.0106075013971686,0.610925944029966,0.0084492247390068,0.0178710457870479,0,0.0038743299647663,0.00640714670733102,0.00320494158759735,0.00302584526145878,0.0292686775499274,0.0855169100418036,0.0072789065671661,0.0678149833383977,0.120220101304893,0.000376938584639454,0.0049995111894656,0.016016902400287,0.13361433507593,0.0252380795762563,0.0787511942377594,0,0.0333833876918372,0.000313440797279447,0.0142234544347581,0.13497707326502,0.0611812399786522,0.0140313942280309,0.012743576658069,0.0139498529089227,0.528804798755893,0.0160209071995,0.00591777481631704,0.030973907654511,0.00219020112655305,0.00651091011767308,0.0142888796753713,0.068172346691847,0.00287930186896935,0.00012980821418519,0.000260336555580086,0.000181208356663918,0.000730442524276125,0.0117101474268402,0.0068625150298135,0.0114655746058831,0.0218239455375287,0.00403220515107693,0.00639384194797919,0.0385481656160604,0.00433178033066274,0.0637496088480693,0.0118224284060806,0.00507074281005815,0.0239410680468583,0.00384474081665763,0.000374026436278093,0.000194391094691396,0,0.00451336869904253,0.00390343385836941,0.00117535088595326,0.00527960275696283,0.0311773428346786,0,0.000672140739781761,0.00293387070132829,0.0559950562891224,0.00590016827634923,0.00231142262231631,0,0.00349520944484297,5.80649085429788e-05,0.00380733827854846,0.0866582432588288
4.41344665186286e-05,0.0226253136729911,0.00855368988846292,0,0.000987393621484848,0.000191921155123233,0.00336501480480135,0.000120619131638467,0.0520310810399507,0.000364325727600753,0.00111800850690979,0,0.010127238713235,0.000390268068561471,0.0038743299647663,0,0.0210591223120035,0.000391461760204285,0.00290942018501265,0,1.24168612842138,0.567000456188135,1.54108301918788,0.332601706128643,0.00287549710256298,0.0185325060722432,1.47507168981067,0.170954945330282,0.000618578804295182,0.00359496654014586,0.000385365260211587,0.000111573083086991,0.00206799036142186,0.0196070450996605,0.0217172887284695,0.312808785682056,0.120814084234254,0.0917446968808246,0.0650283363917753,0.00145232217894937,0.00141061003470494,0.00509470076322958,0.0776649342027229,0.0181030801067903,0.0289551413439811,0.0217757626770663,0.0161715155636075,0.000820087725659275,0.000315293632251167,0.000193972507075513,0.013414735059504,0.0160447389213141,0,0.001034905632477,0.000153142471862519,0.0142937623253764,0.000152635543185985,0.00308848854335591,0.000882701422165721,0.00118626687742211,0,0.0179707815188439,0.00113779937106058,0.000544217832991755,1.25412715395558,0.00707673851050752,5.15183929847598e-05,0.000846248637498027,0,0.124416823764688,0.4113630210955,0.466814873366134,0.24768410863405,0.00082224061118008,0.0100807587227279,0.463093649169348,0.143977252628926,0.00196712227537814,0.00971090329090821,0,0.000387438947834933,0.000118186718140209,0.00321003201022792,0.013113932205382
0.106324366197749,0.00185255603561103,2.01504952936404,0.000924629759101616,0.00224225197354779,0.00769326662167238,0.310396300797977,0.224456544667844,0.00113378101779103,0.0183152277386036,0.0593430452760474,0.0088986178543674,0.0111732210763465,0.412415915949764,0.00640714670733102,0.0210591223120035,0,0.0719234579635267,0.903642777056906,0.00229481361109408,0.243042757286993,0.0059331510431158,2.38783541491302,0.0192567536454951,0.000197672269046485,1.08696291276901,1.41891014462118,0.0734819092324732,0.285967482510168,0.435958946065838,0.000280530610731298,0.00294771390836299,0.0343721100527526,1.33519787154308,0.0716160243824746,0.837120306557194,0.257484729934201,0.804036212299467,0.470173562880289,0.0135724636097238,0.00601627420444408,0.00251771961256319,0.0172280831922459,0.00474569681855983,0.00730310080977669,0.0110315126683617,0.000842266899731451,0.000140907826830947,0,0,0.00450267554204744,0.023083090795829,8.57569654491842e-05,0.00121622619241131,0,0.00057497632311238,0,0.000545710568203759,0,0.000599774957198245,9.0156109772778e-05,0.000487543028055667,0.000140852073353696,0.00104943221195525,0.00685657985549872,0.0112623085983377,9.4186450388098e-05,0.00112219985718273,0,0.00108291915962875,0.00150073232762897,0.0209860570988609,0.00182542338281767,9.69232824785469e-05,0.0203197840496722,0.148861390484239,0.000714653941888643,0,0.000864158610503227,0,0,7.71491968624354e-05,0.00113156519602681,0.0305668028660423
0.001029422458228,0.00054721976325202,0.0104203418857404,0.00167132587622551,0.000614039349642706,0.00860756876551507,0.0191827414025773,0.00489428016484614,0.000618699907018203,0.0210766772469298,0.886848965047784,0.0261220356739456,0.0193199377773649,0.0182135351342084,0.00320494158759735,0.000391461760204285,0.0719234579635267,0,0.326053707433659,0.0053785648416389,0.00958094220324874,0.000228433978289008,0.0275416946977976,0.00259914142779672,0.000411379766279328,0.373922703553857,0.0916566590925236,0.00730886950835417,0.0712313505880397,0.00866805622129585,0.00776529680142462,0.0131698917278601,0.000636779191908878,0.220071856676169,0.0217989211631893,0.368364169500555,0.138373385468264,0.444858769280495,0.145846892067737,0.00849013242147533,0.00321019124428004,0.0186122111072726,0.00066958036484902,0.000877364889363879,0.000190469159746755,0.00273041452188039,0.000101700336179674,0,0,0,0.000409620947342717,0.000305299289843434,0,0,0,5.24862988457203e-05,9.55936833657506e-05,0.000739446378763134,0,0.000665442893356717,0,0.00160400835970202,0,7.83259707073927e-05,0,0,0,0,0,0,0,0.000103820039570439,0,0.000499849404335904,0.0060776959983039,0.0131659509709615,0,0,0,0.000870614511261618,0,0,0.000215356448235416,0.0106376693337531
0.00731591871577458,0.00221083225918501,0.0870556737530953,0.0017939007556453,0.000489593881874275,0.00609968624312962,0.0316276492754474,0.0174403421971068,0.00118044485443857,0.0236975346594723,0.206896614494546,0.0245616032738256,0.00908231618307186,0.0426061871981173,0.00302584526145878,0.00290942018501265,0.903642777056906,0.326053707433659,0,0.00378029775102478,0.0352840931915295,0.00249744094967572,0.140093618726986,0.00572239790705575,0.000344794329495525,1.59439153763211,0.32274978137483,0.0134957949833034,0.0628487006803902,0.0303181832419555,0.00243104472602101,0.00481152179537539,0.0034547042249213,0.389769229856963,0.0289694505711341,0.485192353244577,0.128733637508509,0.461758026340315,0.238765421450775,0.00578011094040087,0.00234092481128354,0.00280290256414255,0.00182267589173792,0.000877300102527094,0.000817433471276462,0.00237431217775112,0.000504196472265744,0,0.000113297482593799,0,0.00195688131127477,0.00230578485522838,0.00017763506976083,0.000508953322093665,0,0,0,0.000847472827776587,0,0.00037858754635458,4.00845674613655e-05,0.00138980268326955,0,0.000163998213260388,0.000342519580660504,0.000618685391510147,0,0.000284168494323373,0,0.000198140755729914,0.000161080266730219,0.00140582734620143,0.000444318175045908,0.000674310336883795,0.0146494239685041,0.0409454992851405,3.53881042894661e-05,0,0,0.000772443661037755,0,0,0.00035077254148826,0.0147811348604877
0.000924432000034121,0,0.000399392404443478,2.80755618492365,0.00363627328392599,0.0344954879959602,0.0147042190365721,0.0641458780481286,0.0550751813524982,0.634629323773869,0.0153720648410587,1.18944549038751,0.00535019436684448,0.0625204614217391,0.0292686775499274,0,0.00229481361109408,0.0053785648416389,0.00378029775102478,0,0.000441043189867777,0,0.000648122183025127,0.0496609281230228,0,0.00372108773494076,0.00044317868891657,0.403475780308985,0.0592611879125499,0.00577189695719382,0,0.00742927642433612,6.64814179031968e-05,0.0282333548724421,0.0024092348484345,0.098812403242317,0.00159986262079766,0.0156028482105673,0.00525628416907105,0.0409531925901104,0.00567789854423222,0.00270643796100601,0.00676050950641603,0.00014760277015438,0.00158491861333729,0.00116776635623705,0.0166838658493534,0.000355524991135419,0.000362933152072472,0,0,0,0.0806027205480497,0.00193537078524332,0.0042506510564793,0.00901747940704719,0.00105971888919643,0.0122226640329915,0.0271396874477722,0.00108783403834667,0.0724803192780653,0.00239736639057036,0.0003789527747486,0.00749165667558598,0.00021762329120701,0,0,0,0.00417164845420175,7.53619280656635e-05,0,0,0.0599255718995941,0,0,0,0.0480057494988188,0.000682988058435565,0,0,0.000272670409556383,0,0.000847257114471817,0.000230392010522061
0.0425577940743611,0.00270205846082478,0.396910065848851,0.000308466533529114,0.0210119679127809,0.00263428224353418,0.565053583922246,0.0872866914543243,0.0191712792611006,0.00695255820250608,0.00996653452671397,0.000856067358327115,0.0233248803457825,0.149141374170981,0.0855169100418036,1.24168612842138,0.243042757286993,0.00958094220324874,0.0352840931915295,0.000441043189867777,0,0.0538870565141482,4.63783003234965,0.097465081604751,0.000394598740930367,0.0567359011942365,0.491382641220899,1.85956111804285,0.10957503775125,4.17326870903849,0.000108471076165282,0.00122528181798433,0.0571146469971228,0.913253533886063,0.235314556982133,2.76748827409348,0.379862500168821,1.09895641696529,0.652000331902226,0.0334547509589822,0.00729247095860806,0.0117269416848692,0.0640777218807193,0.00560656135947342,0.014306740196558,0.0244695481686942,0.0404901946889521,0.00200886652246298,0,0.000484495880113113,0.00258482963230934,0.0156806646628387,0.000109734798439122,0.00639325822101686,0.000741515176106459,0.0187911118409574,0.00148422802624697,0.00826145214286725,0.000862261666598356,0.00363840765815682,0.000236903364806247,0.0402611162890589,0.00300020674186547,0.00654217058459305,0.49235951396465,0.00221443443248476,0,0.000198499663718212,0,0.294415310525211,0.0961599336001382,0.1734228988636,0.218519061439212,0.000975614088515447,0.00152512636201382,0.100470105176023,0.189852005701172,0.0106457249399122,0.0381666187754028,0,0.000875365972675848,0.000485499571254265,0.00265200457815545,0.137806489309836
0,0.213180748835221,0.00422032080330584,0.000436555359003728,0.000347921152044106,0,0.00105075578257937,0,0.972236273383949,0.000114826471760148,0.0098125851613263,0.000718072777894115,0.157219062354693,0,0.0072789065671661,0.567000456188135,0.0059331510431158,0.000228433978289008,0.00249744094967572,0,0.0538870565141482,0,0.0606382355323302,1.69262573317158,0.0627984658975322,0.0146065861707132,1.03117730019928,0.0798361851647866,0.000202019010243487,0.000110663659725922,0.0125344360155186,0,0,0.00238096413695938,0.000924114822792407,0.0189061172230497,0.0150118577255023,0.00958599035147073,0.00505129681241803,0.00577533286632916,0,0.0299844559187753,0.0303191463646619,0.0150976917784761,0.0120912960846155,0.0106655718199978,0.000659111716163946,0.000368656014317775,0.00683686022446292,0.00012449236196512,0.0827489493639847,0.0105887319159387,0,0.000272320968785978,7.34115017445803e-05,0.00285888423482202,0.000199696111165047,0.0264732268753594,0.000307352744134057,0.00773536737177757,0,0.0215352386062453,0.00076625235763737,0.000211413061405253,0.210160102144962,0.0082821090070493,0.000316185320982283,0.00179139100823364,0,0.0157898368460775,0.236125291184893,0.0620583423194336,0.103359675293967,0.0115047229552125,0.0228825196887671,0.430869296833318,0.0317530006260784,0.000508395910515499,0.002153801192261,0.00674595264790935,8.66038703563691e-05,0.000262730669026553,0.00152142320684198,0.00155181338335359
0.14163843425086,0.00388686041014192,4.17220493461542,0.000910017299771549,0.0278597735614495,0.00961201593431732,0.819452876041705,0.366393041660016,0.0124253718281955,0.0244517167508334,0.0357269019519198,0.00433839571454008,0.0191366492894775,0.585290542549906,0.0678149833383977,1.54108301918788,2.38783541491302,0.0275416946977976,0.140093618726986,0.000648122183025127,4.63783003234965,0.0606382355323302,0,0.0723361558798787,0.000488229477679801,0.377677841510493,2.4915103597119,0.474032783392941,0.289059997569759,1.65510100625533,0.000251650971015096,0.0036918975222712,0.0420375474245425,1.69964022126697,0.462415692231533,4.80764847110234,1.81910354465505,2.52174806151054,1.53654693000951,0.0294101400084292,0.00840922431060753,0.00830393390363381,0.139123064133964,0.0215614541306744,0.0634770868127153,0.0675324413362116,0.0166970484213363,0.00201253309159136,0.000286777156084573,0.000305007624544483,0.00965118330110475,0.077588489374906,0.000193561803897953,0.00946023706052965,0.000203975556109941,0.0290452315929837,0.000656430851801789,0.00135877240499034,0.000573687900371605,0.00288460083285108,0.000188379885360145,0.0217539418378609,0.00269773426419361,0.00845204019587317,0.957847513266275,0.0153683049441766,0.000137758558807641,0.00221593669918997,0,0.085802411378465,0.174618866313115,0.668885478468802,0.177336199732305,6.59278521312237e-05,0.00944188990827447,0.761043899057115,0.119521269564058,0.00144575030945853,0.0115436922951187,8.95153759646058e-05,0.00094147531150798,0.000331111866982782,0.00895918065420503,0.234150186936083
0.000687326291188085,0.423149480043159,0.0137841141871554,0.323402576820317,0.00662072177867331,0.00816111279625608,0.0942842389635789,0.0121608314850695,3.37777975867577,0.134113139524375,0.014009557662799,0.0317258080954753,0.126958652583623,0.0193519686910297,0.120220101304893,0.332601706128643,0.0192567536454951,0.00259914142779672,0.00572239790705575,0.0496609281230228,0.097465081604751,1.69262573317158,0.0723361558798787,0,0.0671723277332003,0.0407615800689686,1.35088239264165,0.961740132254306,0.0419436115407474,0.021560621425255,0.00905171246790358,0.00299144583734688,0.014044289018015,0.0515351787236317,0.0218007136784585,0.411978947024653,0.0486589294820752,0.0768312306037745,0.0470947933429493,0.0924515175636063,0.00894429645492286,0.0261724378243609,0.469351837572324,0.0115279170927088,0.129378824768287,0.0462321190315233,0.193555858337819,0.0348674943770069,0.00532243457179339,0.00386320145233319,0.0200400229670844,0.0161558383649801,0.0314712062555794,0.00877081602619717,0.0222251879113362,0.518994475448167,0.0468380350529309,0.673801335917626,0.231145833290323,0.0416873677076515,0.0491194014277306,0.046283836645839,0.059322964460606,0.0381095703916383,0.444060417156943,0.00453741284808607,0.000138534959053373,0.000279165164741134,0.0157993078508572,0.27826662675506,0.25545635376547,0.162528542727367,2.22391922143181,0.00486055618053298,0.0121780144293033,0.220359792769699,1.66868334169604,0.0879864414188815,0.0693985283909867,0.00085382266087879,0.0101203574223901,0.00372911255858148,0.0733052518384208,0.0171023870554483
0,0.155327135357564,0.00011815049632352,0.000131877469490117,0,0,0.000108965187273264,0,0.0604109951733743,0.000408537929753482,0.0285779750774381,5.96192998484254e-05,0.671145464394735,8.54488644172192e-05,0.000376938584639454,0.00287549710256298,0.000197672269046485,0.000411379766279328,0.000344794329495525,0,0.000394598740930367,0.0627984658975322,0.000488229477679801,0.0671723277332003,0,0.014339183744338,0.877700088262302,0.00129436565758714,0.00023245649338504,0,0.0359300938259268,0.000165237982267797,0,0.00259702708068199,0,0.00307916376223397,0.0129784986265661,0.00629612590450976,0.000825016032561224,0.000469570033106637,0,0.117046304689514,0.00167416224934979,0.0387112149757337,0.00403498817569191,0.00153363859070493,0.000130774979159355,0,0.0508874469649231,0,0.0302735296799793,4.42183216980994e-05,0,0,0,0,0,0.00493948085970677,0,0.0545661875958768,0,0.259888481509295,0.000152543334894037,0,0.000629734001695496,0.000513558707147861,0.000755258338617373,0.00125195897038551,0,4.97508647433162e-05,0.00695981349264695,0.000371854348507702,0.00648169110162915,0.241066427530259,0.0578919659459642,0.376218085203381,0.000252937478887189,0.000872853091842711,0,0.0567287293816577,0.000406537333872915,0,0.0029046327669174,0.000322406798963714
0.00555288390250344,0.0234030157857169,1.22579960772372,0.00121010204064357,0.000842607269648391,0.00730337279343936,0.059321512591102,0.0187898359090523,0.00552180118628185,0.0153972383207321,0.507614160675686,0.0201074108704313,0.0434996588808716,0.0368660546986026,0.0049995111894656,0.0185325060722432,1.08696291276901,0.373922703553857,1.59439153763211,0.00372108773494076,0.0567359011942365,0.0146065861707132,0.377677841510493,0.0407615800689686,0.014339183744338,0,3.29262964200329,0.03805950410919,0.0658272653594755,0.0266207453966481,0.0540735375809069,0.00909449436759774,0.00248816245213501,0.251477567847973,0.101794368567494,2.29600247144019,1.82757246169469,0.857979727549054,0.660922413745954,0.00971011665481901,0.0087202777353139,0.0772194262273688,0.0785528322705074,0.142487806162373,0.0427904919965321,0.0482203526350363,0.000416860516813422,0.000223025419643319,0.00255943701131441,0,0.0596375451216322,0.0581517592037535,0,0.000769276607499873,0.000120375812087012,0.00106138787267139,0,0.00410986212022937,0,0.0518754949626511,5.6561610754633e-05,0.167151540280386,0.000150458870443308,0.000592265950974137,0.00644233869692974,0.0750827717575249,0.0107232997545028,0.0234131393857779,0,0.00208461607886904,0.0135580923220784,0.0230599292941226,0.00509536869352932,0.0516680969978996,0.992827551262153,2.23950104037239,0.000963744623671412,0.000241632501261962,0.00371450797297719,0.208547968485915,0.000142926869726181,0.000107359343580222,0.0143449801107593,0.048085895339297
0.0117121282901998,0.869085080564045,2.32277674933665,0.000204178339364362,0.003091190789972,0.00259754822759326,0.0934373107057093,0.02604559366353,0.499048892457407,0.00473298453029096,0.0680832829651122,0.00442550267847935,0.438608355043511,0.0391109785138656,0.016016902400287,1.47507168981067,1.41891014462118,0.0916566590925236,0.32274978137483,0.00044317868891657,0.491382641220899,1.03117730019928,2.4915103597119,1.35088239264165,0.877700088262302,3.29262964200329,0,0.491235642777944,0.0264722689482408,0.0441529004264868,0.17037390368606,0.00153768947799512,0.00273121936395187,0.389735563374951,0.220475768141244,3.58889069679505,1.3183182818183,1.38830328412171,1.05019346039144,0.0156683174181724,0.00860038877658084,0.0320156017401784,0.927224369382348,0.325881077316433,0.359333372554081,0.399047513366247,0.00601965036967652,0.00135115612594794,0.015415076878509,0.00236269188419012,0.792676593066159,0.697134142590489,0,0.00515057516109075,0,0.0880217797660448,0.00427679120203587,0.0135660099050385,0.00069013313784073,0.0936720940002192,0,0.339305478242038,0.027941821943141,0.00338207667577167,0.493678602740866,0.497328281203607,0.0154303281487441,0.0903889847653999,0,0.0601679686102175,0.416979130244648,1.0314212670192,0.166705025105531,0.222845754970764,2.0953509396151,12.0584289626285,0.120048032072789,0.00293722997018797,0.0694017844336946,0.344363965913952,0.000104145363707995,0.000230522117145097,0.0818705100163608,0.114564960337557
