0,0,122.41366776824,2.09400576353073,4.67109322547913,37.005744934082,4598.45537737012,950.669985294342,0,89.112732231617,14.2439023256302,22.410626500845,1.2721186876297,9603.65403065085,7.69533938169479,0,1450.47032916546,14.2679741382599,125.17253562808,5.20757523179054,400.259832590818,0,1336.89898881316,8.14358401298523,0,98.8019115626812,26.3050917983055,96.7216082513332,16758.4229852855,8597.89296531677,0,14.7409948408604,47.9889697432518,381.795801788568,9.28851321339607,55.0640751421452,9.32810336351395,145.087651312351,36.6584377288818,26.4227010905743,3.68054014444351,3.32768815755844,0.481561809778214,0,0,0,0,2.49508047103882,0,0,0,0,0,0,0,0,0,0,0.488510072231293,0.876408994197845,0.570387601852417,2.8824850320816,1.60335314273834,0,0,0,0,0,0,0,0,0,1.95503276586533,1.70161241292953,0,1.56019806861877,0.417636275291443,0.51268070936203,0,0,1.66713047027588,0,0,1.59348767995834
0,0,3.86942797899246,0.947805106639862,1.32519644498825,0,0.877605736255646,0,1279.62561506033,3.0528450012207,15.539463698864,5.97400891780853,441.293953686953,0,57.0071210861206,381.431787014008,2.18070262670517,1.66573739051819,7.07621306180954,2.29767924547195,29.3310987353325,3539.42491874099,22.3743481040001,2232.50403267145,2938.70769432187,214.189870506525,24523.6166445017,112.17206120491,0.536892414093018,0,197.567077696323,0,0,19.7060936689377,0.953898549079895,47.4848105311394,42.0504880547523,16.617489695549,10.8197550773621,39.5416357517242,0,19.342634677887,100.19807934761,27.7556139230728,25.9744265079498,33.4866697788239,3.18145823478699,0,7.78851628303528,0.36508572101593,1278.00896400213,20.3124446868896,0,0,0,9.2264289855957,0,6.53040200471878,0,64.1269031763077,0,187.038380622864,1.65226665139198,0,64.6385420262814,23.3327586650848,5.74295830726624,21.949675142765,0,2.59435319900513,89.9465017616749,44.5454892516136,35.7681396007538,97.5734302401543,177.067299216986,3195.6308042407,7.43547689914703,1.6695516705513,2.9457822740078,73.1415581405163,1.04997277259827,0,10.3548100739717,4.77456498146057
122.41366776824,3.86942797899246,0,0,9.19731587171555,168.729120433331,3502.07365143299,2457.744538486,3.2324575483799,97.2449821233749,165.810089468956,11.956074744463,3.25242620706558,1411.45629096031,37.9581204950809,140.939863711596,22060.7875840068,118.001795381308,1001.81412899494,2.67073559761047,9879.8202175796,12.955919355154,53589.6293055117,109.393788039684,0.56032395362854,41201.4020512402,23283.4776450396,4073.24845910072,438.255951821804,624.772301346064,1.51305460929871,30.0086261928082,31.5715618729591,2295.88313490152,489.430918872356,9328.99748787284,2762.23254725337,4578.08310964704,3973.51825159788,84.553364276886,47.104834228754,10.8725343346596,412.772325277328,24.8291870951653,172.958430439234,176.563504010439,6.29782474040985,4.36765170097351,0,0.481480479240417,222.960117071867,329.077322393656,0,0,0,169.843965902925,6.21308171749115,7.538922727108,0.304210543632507,8.74777853488922,0,0,35.2557587772608,4.75766277313232,566.013707637787,78.6544291079044,2.48770889639854,27.5432888865471,0,78.978168964386,68.1440309286118,762.561515152454,91.1004581153393,3.19002491235733,39.8871605694294,6086.95398496091,78.1847311854362,2.32084563374519,6.74975031614304,1.19718277454376,0,0.33414888381958,16.0708748400211,280.182096749544
2.09400576353073,0.947805106639862,0,0,29.2400453388691,155.505046606064,83.3305542469025,181.623073160648,4521.97240546346,12229.9939726591,21.9368517994881,1514.74317449331,2.65791094303131,113.458421707153,433.065992325544,1.31489598751068,3.2405332326889,5.26180192828178,10.0202057659626,23727.0969745219,3.23262536525726,4.95692121982574,0.987879782915115,10652.9458306134,4.20444333553314,12.8903304636478,17.4027159512043,7207.93278384209,156.056138187647,6.00065809488297,0,14.1466987133026,3.14185440540314,267.830289900303,65.5898508727551,1267.05901184678,5.84253060817719,184.966160923243,64.6106302440166,1011.43128633499,58.3910872042179,4.88571107387543,127.539652645588,3.78220942616463,68.7609865963459,12.3194286525249,227.114486753941,24.4094391465187,4.79238402843475,0.629667222499847,12.0171540975571,0,1904.1275523603,13.8720880150795,43.760856449604,25.6881777644157,105.435087561607,659.246155202389,1648.62590375543,11.0776346325874,476.716275721788,1.97184646129608,19.8879271447659,67.0135866701603,1.22553139925003,0,0.864116221666336,0,557.298340141773,0,10.903678715229,1.58941408991814,3042.09438070655,18.3004434704781,0,7.33075478672981,1704.50574675202,27.8615748286247,1.66099488735199,1.81679847836494,6.62788790464401,6.10344672203064,25.5069999396801,22.4190884530544
4.67109322547913,1.32519644498825,9.19731587171555,29.2400453388691,0,2385.52129215002,116.628287374973,1217.09547963738,197.088950395584,358.62934845686,9.69983392953873,889.57496881485,4.22179996967316,88.982292175293,3029.78429874778,5.18839454650879,33.0482566654682,2.7704136967659,5.12653422355652,94.1440995335579,64.5185169577599,11.3230310678482,77.8969723582268,88.6264799237251,4.20866194367409,7.57161062955856,29.9322636127472,161.423852741718,25.3685240745544,52.1098324358463,0,1337.34060409665,1.03097462654114,1229.87412461638,427.122477978468,784.598404884338,29.5822590887547,153.728919804096,250.130145460367,26756.3319985867,5026.10310578346,37.7919009327888,27.9866202175617,10.0786129236221,33.2936561107635,41.3382957577705,35.2304361760616,17.742565870285,2.71064203977585,0,1.66503965854645,0,42.3683817386627,1.69082927703857,15.027091383934,1.34415179491043,11.3271781802177,5.6909071803093,47.1521514356136,46.1656611263752,46.5108521282673,3.37487864494324,29.7790140807629,13.783076941967,3.12067317962646,0,1.62365412712097,0,15.0520647764206,2.80108362436295,0.738427519798279,14.1009126901627,39.1466109156609,15.2422680258751,6.5713968873024,18.6826133131981,33.6640816032887,4.05736112594604,1.54245695471764,2.19344222545624,13.4003338813782,0,6.36231911182404,156.857924222946
37.005744934082,0,168.729120433331,155.505046606064,2385.52129215002,0,2193.50937747955,24848.7870795429,117.788534164429,27462.1461773813,316.091570496559,5375.21401268244,24.3239729404449,1264.13969579339,3683.48180824518,0,409.286488622427,108.760109901428,95.5225403308868,452.253413259983,67.271103054285,0,397.075300067663,189.128612548113,3.80341321229935,259.167027980089,23.5163610577583,3524.72406920791,695.373297065496,573.546265095472,8.24624001979828,2528.49810752273,2.73180639743805,767.362304359674,1448.31192287803,1680.45982849598,106.171588689089,626.825080484152,359.288362622261,5522.81718847156,415.864214241505,87.921346694231,37.9437077343464,0,48.1804550290108,22.7566729485989,43.0810969471931,25.2561771273613,12.8448787927628,0,0,0,69.7341330349445,4.07307767868042,8.96250528097153,1.03883051872253,25.9237885773182,20.4781471192837,78.0038395822048,62.9440331161022,72.1658830940723,2.64828702807426,28.8110400438309,7.81341874599457,0,0,0,0,24.7895666360855,0,0.718780279159546,0.519085466861725,156.281414270401,21.977383852005,0.407857418060303,4.3995435833931,73.2917444705963,6.26340663433075,0,1.19203960895538,22.7752289772034,0,12.1800497174263,132.697508007288
4598.45537737012,0.877605736255646,3502.07365143299,83.3305542469025,116.628287374973,2193.50937747955,0,27081.4364104867,162.661262184381,16027.77368173,426.89149338007,274.620652318001,13.6273010373116,35665.0171739459,473.485285401344,6.75895684957504,2868.06704673171,221.404180765152,465.752660572529,226.88801291585,1653.34194296598,3.13546714186668,5999.20613712072,445.309661448002,2.56798946857452,1205.73402327299,408.357284128666,34522.6700983047,6637.76381286979,41307.2785463035,9.93101578950882,398.811630964279,231.933871299028,4523.64947637916,1194.03865423799,7594.46569356322,273.614109367132,3728.32825133204,1737.61741006374,997.450600087643,491.805066138506,47.6985569000244,113.036687016487,4.68219518661499,60.657468944788,28.9985263943672,37.8042622804642,16.3082953691483,11.0386197566986,0,1.26811277866364,2.56092649698257,90.5656571090221,0,6.71289241313934,6.29107937216759,24.6621197164059,96.3791418969631,180.582097649574,24.4680545032024,20.6016239225864,5.03560522198677,13.5206940770149,5.67798465490341,37.7791981995106,0,0,0,47.5453971624374,3.37677040696144,3.85210448503494,23.6911790668964,630.403599888086,13.3273307979107,0,49.8546660542488,356.675897151232,5.98379567265511,0,1.94331523776054,9.2374432682991,0,14.0196200609207,165.886796891689
950.669985294342,0,2457.744538486,181.623073160648,1217.09547963738,24848.7870795429,27081.4364104867,0,120.188154548407,20049.3660500944,1058.33567214012,3458.12708956003,75.9921045303345,26034.8071921468,1458.31685560942,11.9473889172077,6481.36775895953,404.508267790079,679.846333235502,1050.54249000549,1364.86287799478,2.19026005268097,7058.71417281032,222.71873691678,7.19272071123123,1489.9303047061,239.23206999898,5190.92875483632,3454.94700230658,12232.3219383657,16.6714228689671,5388.46142041683,44.5913546085358,3786.23740631342,932.904619187117,6686.52560052276,401.340969979763,3236.5648303628,1687.84608644247,5835.18545517325,710.672686457634,632.055703431368,245.400556206703,15.2877107262611,417.961983770132,119.679649889469,128.409152388573,243.256158858538,112.576193928719,0,0,1.91086250543594,58.5146872699261,17.9727077186108,115.50331774354,12.8040436804295,291.236969083548,93.7753184735775,165.596234798431,415.893445968628,76.0886800289154,11.5656951963902,322.328467607498,43.4666183590889,7.19763371348381,0,1.30647718906403,0,42.5829740166664,2.66676902770996,1.48909348249435,3.84357067942619,706.939573615789,76.5416533648968,8.50815257430077,14.3870552182198,314.89331689477,49.6648404300213,0,12.9517628550529,291.363191485405,0.820957601070404,126.528216063976,140.006356209517
0,1279.62561506033,3.2324575483799,4521.97240546346,197.088950395584,117.788534164429,162.661262184381,120.188154548407,0,2490.59300985932,16.2738938033581,2041.21986624599,224.369109123945,33.9319143593311,3154.92796319723,312.815918236971,1.457475066185,3.53308591246605,4.8775894343853,1164.3887643218,117.952350020409,6063.33668264747,45.1375494599342,46540.1609155834,1034.66702538729,119.427454859018,7092.13874179125,6829.75814542174,63.8577347099781,10.8325836658478,91.9884695410728,27.251661837101,0,91.578087002039,24.3565455675125,538.160943180323,25.60563570261,88.3330001235008,48.5496764779091,1877.61403635144,24.9625765681267,7.34006530046463,234.413761556149,10.6861717104912,70.5185318589211,21.5911101698875,280.358264535666,14.2126868069172,7.28013437986374,1.45420587062836,89.0008200407028,3.06850403547287,1549.45020866394,50.4600996375084,38.1412379443645,25.3003122508526,91.7818270921707,1978.0947368145,1152.72405159473,32.2361595928669,682.289104789495,37.6330099105835,56.3335207700729,167.014337450266,98.5348568856716,1.31895112991333,4.54825922846794,1.93224102258682,417.379355460405,11.2119210660458,294.595072090626,15.0681813359261,5183.82754158974,22.905840575695,7.27444976568222,240.05141761899,1536.79578185081,39.1736003756523,0,17.4278988838196,7.2914779484272,1.31034278869629,25.1870408058167,36.7627714574337
89.112732231617,3.0528450012207,97.2449821233749,12229.9939726591,358.62934845686,27462.1461773813,16027.77368173,20049.3660500944,2490.59300985932,0,1444.68461965024,8893.54060018063,63.385454416275,5444.04545140266,1426.53636500239,0,157.223218739033,594.107312649488,472.45062187314,14299.4320136011,40.0646011829376,0,172.808845818043,3323.23304453492,8.56010076403618,810.561195909977,54.6844352781773,23710.0407360196,4882.65375125408,478.979345113039,27.1836653053761,699.074187248945,15.5496599376202,4852.53492623568,475.936389774084,9007.21957889199,345.870404452085,3012.27814650536,752.147329926491,3024.90155822039,787.588550776243,176.9343996346,295.174653708935,4.58017027378082,158.113036304712,34.8717062175274,321.080240696669,51.7355278432369,27.6269143819809,0,6.31534558534622,0,1913.39159843326,20.9517149329185,24.325806081295,55.0271891951561,101.614796310663,517.09118065238,2251.40289404988,94.6679314374924,637.180535107851,10.9697572886944,20.7034485340118,79.9501370191574,0,0,0,0,723.45251712203,0,12.0460113286972,1.44491082429886,4038.01975780725,70.3879162073135,0.641133368015289,7.78450202941895,2466.236738801,10.4503908455372,0,0.967211008071899,4.15761217474937,0,56.9943064451218,64.1104995012283
14.2439023256302,15.539463698864,165.810089468956,21.9368517994881,9.69983392953873,316.091570496559,426.89149338007,1058.33567214012,16.2738938033581,1444.68461965024,0,888.982713520527,11005.7444061339,1179.87910738587,59.6245058476925,17.0773313641548,971.568824678659,18380.500808537,3239.39603871107,246.670314490795,213.292393088341,18.6927537322044,539.466362029314,49.8287072479725,453.877357453108,10301.7940214574,707.882325619459,385.956293076277,4030.27361541986,144.898240417242,822.880155861378,811.18576157093,17.5147168040276,14032.9356362224,102.418341815472,1523.22248747945,6591.07638967037,9071.34826296568,1649.00004979968,305.812096327543,43.2165095210075,2964.022354424,44.8498662412167,35.9742857515812,109.814576804638,13.7283903360367,36.6452324092388,7.57881224155426,87.3762238025665,0,31.2875390052795,0.537582457065582,1.8033754825592,1.28378033638,6.56412500143051,0.504538714885712,7.43299096822739,15.1433970630169,6.80104887485504,2153.8854034543,6.36376246809959,4549.39897787571,23.4083285927773,0.942790269851685,17.481781899929,0,5.58360004425049,0.935873568058014,0,0.515065908432007,7.23991978168488,10.9217848479748,56.0266360640526,511.753223359585,1053.88125938177,1137.13948699832,24.0881327390671,42.927593767643,0,2929.98197263479,53.6275039315224,0,176.034020841122,66.8577884435654
22.410626500845,5.97400891780853,11.956074744463,1514.74317449331,889.57496881485,5375.21401268244,274.620652318001,3458.12708956003,2041.21986624599,8893.54060018063,888.982713520527,0,59.991228312254,1641.48738539219,8717.28302589059,0.618479192256927,42.8309352993965,322.834167391062,238.255551159382,18884.3511492312,6.78044518828392,10.9429317712784,20.9195022881031,1686.18145629764,12.7072739005089,527.72837921977,91.7904207110405,858.527876704931,1419.68125298619,101.761278808117,19.8006888628006,427.082279086113,1.80951720476151,2013.63082462549,423.997382700443,3326.2270757556,218.556805640459,1215.87385943532,310.428220897913,7221.99053534865,178.097833961248,109.795541018248,84.0820128321648,2.76135247945786,93.6857448816299,14.5394678115845,711.183562278748,32.0134558975697,17.6820336580276,0,1.38493716716766,0,1164.11438313127,56.3033601641655,37.0681863129139,11.6293201446533,73.844011425972,186.905328512192,1110.78681823611,83.9550321698189,2923.65608924627,19.4453696608543,23.8158059120178,225.260039031506,0,0,1.302774310112,0,652.931576818228,0,4.99700677394867,0,1280.68262988329,111.14217159152,13.8417419493198,6.1035358607769,760.789744853973,10.250657081604,0,11.4284226298332,11.1749958693981,0,19.2789513468742,163.870649456978
1.2721186876297,441.293953686953,3.25242620706558,2.65791094303131,4.22179996967316,24.3239729404449,13.6273010373116,75.9921045303345,224.369109123945,63.385454416275,11005.7444061339,59.991228312254,0,55.7914587557316,35.0678374767303,9.96329253911972,0,4.6954944729805,3.6242895424366,15.9587889313698,9.90195482969284,614.563933849335,2.64270853996277,192.128753721714,10233.5468866229,529.845405101776,3426.40074419975,80.0672164857388,129.743740767241,6.08369195461273,1669.48681378365,48.7760002613068,0,2110.10113760829,2.59191071987152,101.98957619071,1665.40804731846,1028.77047803998,36.0956941246986,213.259024441242,16.7287333607674,2774.26359954476,106.026333153248,124.866885840893,248.758498340845,42.682725995779,44.1572178006172,4.6144779920578,333.434326767921,1.11182820796967,355.131554067135,0,4.45695471763611,0,3.48697954416275,0.365378201007843,13.9299368560314,32.7475806474686,15.7354311943054,5591.83987486362,9.1518993973732,14338.9850031734,58.4885911047459,4.4784175157547,34.8761555850506,0,12.794306397438,5.24896013736725,2.77593606710434,2.34940487146378,27.6042575240135,9.98992824554443,42.1489597558975,2942.47385233641,2139.14812576771,4732.09442234039,19.4018177986145,132.744609713554,0.52430522441864,6548.81353703141,92.9971591830254,0,614.536847651005,2.95278865098953
9603.65403065085,0,1411.45629096031,113.458421707153,88.982292175293,1264.13969579339,35665.0171739459,26034.8071921468,33.9319143593311,5444.04545140266,1179.87910738587,1641.48738539219,55.7914587557316,0,172.799331068993,4.00318747758865,6718.04769435525,457.331594944,811.425398409367,534.992933124304,1619.44475895166,0,6842.25255572796,127.727831214666,1.11299657821655,1275.43684530258,221.392698198557,2309.90270912647,18574.5221636891,19496.6843028963,20.514452457428,2100.82349792123,62.4376246631145,3260.02656787634,185.604532331228,2405.64553192258,281.523107588291,2051.72676903009,720.617773383856,758.879928708076,183.364205062389,315.991438865662,116.611936450005,1.67823326587677,157.930916160345,35.0579993128777,50.3391649127007,80.6839300990105,28.2076047062874,0,2.05536317825317,0.340914905071259,4.76806855201721,7.09961199760437,36.2326055169106,1.87813901901245,87.7322214245796,35.3643769919872,27.3913647532463,165.08664137125,24.8948419094086,14.8539090156555,107.580821067095,8.49946969747543,2.81767222285271,0.93624085187912,0,0,7.74907267093658,0,1.14909434318542,1.57769399881363,186.892590761185,12.6978012919426,2.4932450056076,9.15623441338539,86.4574900269508,19.2669266462326,0,4.8968121111393,91.962954044342,0,45.5352946519852,34.0745299458504
7.69533938169479,57.0071210861206,37.9581204950809,433.065992325544,3029.78429874778,3683.48180824518,473.485285401344,1458.31685560942,3154.92796319723,1426.53636500239,59.6245058476925,8717.28302589059,35.0678374767303,172.799331068993,0,37.2937244176865,55.6883626282215,28.6695360541344,23.8214189112186,708.061399191618,517.163352489471,137.117612242699,494.658329516649,1735.95423096418,30.5604096651077,89.393555700779,559.339818954468,1438.04962858558,199.183985769749,377.260156750679,2.84646075963974,1466.46983063221,7.0766242146492,656.118357360363,4497.76839658618,1168.27754789591,68.3510185480118,197.716388612986,233.369412720203,17692.8627047837,117.20331132412,19.5756133794785,106.683113783598,63.2102538347244,44.0342147648335,200.937100827694,468.880098670721,18.3805465698242,31.7478611469269,0,6.4308180809021,13.2170661687851,524.647112160921,31.9765576124191,32.9078927338123,9.29098963737488,33.0610019564629,93.4415426850319,471.663763016462,61.0319795906544,658.720626592636,17.3459537029266,17.4001857638359,98.0419457554817,15.8512966632843,0,6.73271644115448,18.0008970499039,229.939847201109,16.5951452553272,11.8513516187668,39.9374477863312,541.909456938505,133.744439899921,30.3349288702011,134.298559933901,344.430606484413,5.99131101369858,0,9.85654973983765,10.1349169015884,0,12.8301708102226,1116.45000880957
0,381.431787014008,140.939863711596,1.31489598751068,5.18839454650879,0,6.75895684957504,11.9473889172077,312.815918236971,0,17.0773313641548,0.618479192256927,9.96329253911972,4.00318747758865,37.2937244176865,0,105.525356829166,4.81282171607018,36.3355574607849,0,8825.68501874804,10702.8755603433,16431.0090642869,4333.65103712678,42.8143742978573,164.464650601149,15306.5640771389,1965.62757870555,2.48823225498199,11.4572202563286,7.26321777701378,3.13492640852928,0.684627830982208,213.583132386208,473.818131387234,6159.21164184809,2066.23316919804,1179.67679473758,1234.06602352858,25.5540892481804,18.4811553359032,1.24235534667969,1442.47712519765,98.8245042860508,385.930657953024,253.217787742615,190.131764829159,57.9118611514568,2.99817526340485,6.41181230545044,77.3192133307457,103.654093116522,5.86326587200165,12.1337897777557,8.07096973061562,54.6382665634155,15.7791409194469,209.207000076771,7.96553775668144,52.5378723144531,21.4567816853523,5.86274567246437,29.2032148241997,75.425352036953,20095.1479875743,54.2843090593815,3.01596462726593,23.6810360252857,2.66505807638168,825.365262329578,4298.90056705475,6248.82437294722,4050.66040414572,8.93176263570786,19.4832944869995,4281.14681580663,1271.45044228435,100.217330485582,1.39143514633179,1.84685987234116,3.22882807254791,15.8075935840607,134.378182679415,209.182806909084
1450.47032916546,2.18070262670517,22060.7875840068,3.2405332326889,33.0482566654682,409.286488622427,2868.06704673171,6481.36775895953,1.457475066185,157.223218739033,971.568824678659,42.8309352993965,0,6718.04769435525,55.6883626282215,105.525356829166,0,606.219864785671,11907.7713516355,9.7740578353405,4776.386302948,4.92503824830055,17135.5492040515,42.131485491991,0,5688.27072060108,8607.69304853678,1960.29855000973,8689.99278107285,1988.4198127687,0.583437979221344,98.087741792202,576.578285425901,8915.80701225996,288.939584940672,6555.06476595998,1615.33348414302,5788.16989740729,3206.3936522305,194.8194039464,65.4792050421238,8.3877939581871,25.7980345785618,5.2753518819809,7.88239467144012,17.1920398771763,1.53721487522125,1.35031008720398,2.01013541221619,0.301070600748062,19.2566917538643,17.2586208879948,0,0,1.28591191768646,4.41418594121933,0,1.59323143959045,0,2.78363859653473,0.98732054233551,0,0,0.90417605638504,69.5340115725994,2.90514183044434,0,2.15941196680069,0,3.68937149643898,5.28848493099213,68.8436616361141,12.6029694080353,1.67212355136871,3.27781742811203,433.222652822733,7.37506306171417,0.261897921562195,1.03939282894135,0,0,0,1.4818389415741,129.352451980114
14.2679741382599,1.66573739051819,118.001795381308,5.26180192828178,2.7704136967659,108.760109901428,221.404180765152,404.508267790079,3.53308591246605,594.107312649488,18380.500808537,322.834167391062,4.6954944729805,457.331594944,28.6695360541344,4.81282171607018,606.219864785671,0,2869.71425074339,103.499887228012,153.705042123795,0,278.27537971735,9.0436569750309,0.620869576931,3658.26456037164,400.243971079588,163.911279886961,1440.47588509321,74.7939894199371,10.5224749147892,195.335734575987,13.7636749148369,4158.24890711904,149.66201210022,2614.47025701404,3049.11759200692,8174.6632565856,3172.34853678942,77.6257239580154,43.7571417093277,5.56235164403915,9.70029467344284,2.5581374168396,2.72534108161926,3.63446164131165,3.65178972482681,1.08577132225037,0,0,3.9474812746048,0.509999394416809,0.461085766553879,0,0.571183681488037,0,0,4.91458433866501,0,8.7623852789402,2.277449041605,33.7572955191135,0,0,1.48350259661674,0,0,0,0,0,0,1.80917730927467,0.896789908409119,1.98569798469543,100.208835333586,119.729642957449,0,0,0,96.1840735077858,0,0,2.42024186253548,101.027658522129
125.17253562808,7.07621306180954,1001.81412899494,10.0202057659626,5.12653422355652,95.5225403308868,465.752660572529,679.846333235502,4.8775894343853,472.45062187314,3239.39603871107,238.255551159382,3.6242895424366,811.425398409367,23.8214189112186,36.3355574607849,11907.7713516355,2869.71425074339,0,78.5394856631756,1033.34565457702,1.84394681453705,2252.21513736248,18.7658432424068,0.406042218208313,2877.9093310833,2323.93502405286,479.252296417952,2152.55674669147,176.667908996344,0.519908726215363,126.395173996687,127.087737888098,9411.01552379131,376.485241860151,6940.05001422763,2365.86737328768,9220.36311864853,5446.86882731318,76.0844514966011,52.1485850214958,6.74687337875366,15.0137843191624,15.5461986362934,6.69773471355438,30.0396294593811,0,0,0,0,17.6961553692818,0.539030432701111,0,0,0,0,0,3.32429239153862,0,1.38931167125702,1.71829023957253,0,0.516766488552094,0,10.6766463816166,0.965507984161377,1.2067454457283,2.7172771692276,0,0.94752037525177,2.25646471977234,13.0429549813271,3.4570454955101,1.30158191919327,38.5417729914188,229.134159803391,1.27170622348785,0,0,2.90679538249969,0,0,4.31877794861794,207.721826940775
5.20757523179054,2.29767924547195,2.67073559761047,23727.0969745219,94.1440995335579,452.253413259983,226.88801291585,1050.54249000549,1164.3887643218,14299.4320136011,246.670314490795,18884.3511492312,15.9587889313698,534.992933124304,708.061399191618,0,9.7740578353405,103.499887228012,78.5394856631756,0,6.09848785400391,0,8.27672237157822,3077.39120689034,1.97710204124451,145.681871771812,21.6938767135143,2426.95214053988,590.18554893136,33.6998307704926,3.14499065279961,112.511570334435,0.839231729507446,661.163959830999,56.117979824543,1705.12368765473,61.2427187263966,408.799569398165,117.826730310917,1210.74091872573,117.134615451097,22.7651983201504,68.0030601322651,0,31.0346548557281,13.8346708416939,143.844410538673,14.4468656778336,5.22482949495316,0,5.28795748949051,0,703.212152004242,13.4175933599472,27.3633004724979,16.8150662779808,42.4201962649822,145.841212183237,705.928974956274,15.2609764635563,374.180877327919,9.91557079553604,9.53388094902039,43.7095603942871,0,0,0,0,260.690011829138,0,0.671343803405762,0,1040.63383430243,30.3175913691521,0.590987622737885,1.98811194300652,631.787101179361,8.7447874546051,0,1.30374974012375,3.79992109537125,0,17.0130038261414,9.1509715616703
400.259832590818,29.3310987353325,9879.8202175796,3.23262536525726,64.5185169577599,67.271103054285,1653.34194296598,1364.86287799478,117.952350020409,40.0646011829376,213.292393088341,6.78044518828392,9.90195482969284,1619.44475895166,517.163352489471,8825.68501874804,4776.386302948,153.705042123795,1033.34565457702,6.09848785400391,0,813.548832833767,53654.0735853016,1978.31353741884,5.25852051377296,1857.872685045,12939.1424309015,16309.8359166086,2665.71110379696,20285.8715662062,3.79832085967064,99.0634179711342,632.919901996851,16639.2687888443,3564.26749184728,25423.1743322909,3237.08891013265,15874.5340572596,10896.7570177019,307.852520823479,263.490381121635,20.3525204658508,1263.20136299729,45.5122529566288,318.807209193707,208.636033773422,185.04433837533,87.7540227174759,8.93124687671661,6.81327962875366,32.5662018656731,36.815119355917,1.84930646419525,3.68974488973618,7.40344017744064,22.5152543485165,9.29784655570984,74.4896184206009,11.2747831940651,83.6528320014477,8.17259138822556,3.55792492628098,27.8000444173813,49.4917770624161,3379.55006146431,7.54759725928307,0.783275306224823,1.06067243218422,1.46241933107376,288.511034369469,1211.39080041647,1011.69065025449,3069.07809910178,20.2689799070358,4.94973057508469,1028.29063934088,944.318450093269,69.3747991919518,5.69156980514526,1.16664460301399,9.69615685939789,13.2426896393299,138.739007771015,940.858705997467
0,3539.42491874099,12.955919355154,4.95692121982574,11.3230310678482,0,3.13546714186668,2.19026005268097,6063.33668264747,0,18.6927537322044,10.9429317712784,614.563933849335,0,137.117612242699,10702.8755603433,4.92503824830055,0,1.84394681453705,0,813.548832833767,0,911.867212504148,17336.1137256622,2575.84975236654,147.460814148188,13939.0175194144,1833.19297865033,0,1.27933371067047,256.295157283545,0.814246773719788,0,26.9613919854164,9.24880343675613,105.200335741043,48.6909480988979,20.7694842219353,21.2176597118378,69.5318863391876,0.885858833789825,28.7239941358566,168.913783013821,19.5257731676102,56.50780621171,49.273484647274,18.9496538639069,2.18633723258972,0,0.32656529545784,509.869228422642,16.4183150231838,0,0,1.46635389328003,14.976824849844,6.93934047222137,80.9341078996658,1.89133650064468,64.1206618845463,5.80650824308395,168.400926470757,1.54927584528923,10.6733340620995,3128.08553606272,26.2620152235031,1.61247301101685,10.060606688261,0.793225646018982,53.3519741892815,1332.4848344028,610.161032021046,477.797838002443,44.5526350140572,60.5627357363701,2538.98806104064,124.189452022314,8.6286803483963,4.99400147795677,63.4095008671284,0,1.86407959461212,15.0233084261417,13.8143213689327
1336.89898881316,22.3743481040001,53589.6293055117,0.987879782915115,77.8969723582268,397.075300067663,5999.20613712072,7058.71417281032,45.1375494599342,172.808845818043,539.466362029314,20.9195022881031,2.64270853996277,6842.25255572796,494.658329516649,16431.0090642869,17135.5492040515,278.27537971735,2252.21513736248,8.27672237157822,53654.0735853016,911.867212504148,0,827.663119316101,4.37385755777359,6087.0778400898,78031.1056224704,10756.8585505188,5280.40231263638,9152.6116309762,1.69712871313095,151.707422673702,486.26108944416,21378.8171925545,5521.8854367137,52437.1344745755,12363.3914788365,26728.6231496632,19600.473849088,463.458668529987,321.141410201788,30.4272475838661,664.459813207388,89.1261590123177,216.971184268594,319.99200719595,79.9143317341805,19.587166249752,0,3.78771579265594,62.5482057332993,209.900874823332,0,3.04602932929993,1.1764098405838,80.323041588068,1.56507781147957,88.1980139017105,2.18223848938942,30.2688404917717,10.2968314886093,1.39034789800644,15.7151413857937,23.3700970411301,10192.7792605162,39.7437679767609,0,20.9151813387871,6.40445852279663,586.607883810997,1306.2795368135,4833.22712320089,1469.2958945334,8.12938749790192,19.1389029622078,5529.56701272726,565.377664119005,24.7934764772654,1.25455608963966,0,0,4.34706699848175,48.5145291388035,1586.92819625139
8.14358401298523,2232.50403267145,109.393788039684,10652.9458306134,88.6264799237251,189.128612548113,445.309661448002,222.71873691678,46540.1609155834,3323.23304453492,49.8287072479725,1686.18145629764,192.128753721714,127.727831214666,1735.95423096418,4333.65103712678,42.131485491991,9.0436569750309,18.7658432424068,3077.39120689034,1978.31353741884,17336.1137256622,827.663119316101,0,860.703012168407,182.225896507502,11962.9636124671,21207.7466919422,269.426486074924,23.8807943463326,80.2270372211933,30.0999508202076,27.9423090815544,865.354942709208,392.331442028284,5153.14551743865,589.880769610405,561.328206211329,544.203938245773,1294.06627988815,91.8178454041481,30.7958476543427,4245.91429793835,59.7466235160828,1464.20826426148,401.932126373053,1176.89350357652,355.697974294424,49.952662229538,9.79158282279968,153.484137624502,12.8146734237671,1868.87535271049,34.5569434463978,167.803057163954,148.992140889168,534.210098803043,6127.10457971692,2782.83121693134,440.696108043194,434.455906480551,58.1886932849884,340.868571698666,244.822086393833,1853.77740436792,2.73743972182274,0.932681977748871,2.27875620126724,664.393659561872,151.471659570932,1686.80607327819,422.156162172556,21525.2255212665,199.383629888296,17.0461850762367,747.82399353385,9337.89343413711,323.372501730919,1.38171458244324,36.7417503893375,66.9497958421707,24.7882588207722,462.503139764071,290.424000024796
0,2938.70769432187,0.56032395362854,4.20444333553314,4.20866194367409,3.80341321229935,2.56798946857452,7.19272071123123,1034.66702538729,8.56010076403618,453.877357453108,12.7072739005089,10233.5468866229,1.11299657821655,30.5604096651077,42.8143742978573,0,0.620869576931,0.406042218208313,1.97710204124451,5.25852051377296,2575.84975236654,4.37385755777359,860.703012168407,0,769.690586030483,11323.6938768327,74.0995794534683,2.78431302309036,0,2159.48785272241,3.87615525722504,0,1411.07465848327,0,27.0911400616169,41.3409257233143,78.9537165760994,8.864202439785,109.763711929321,3.95174026489258,1344.94389042258,87.9646847248077,62.3067521452904,77.3382023870945,39.3519661724567,15.1487843096256,2.23020243644714,185.304941862822,0.397793501615524,908.382271826267,4.46691000461578,1.43404543399811,0,2.61810505390167,1.53823179006577,2.555534273386,20.0591206550598,10.4773269295692,997.357303828001,1.73668223619461,3971.57210740447,16.4515445530415,1.82010191679001,11.9589799940586,9.6639244556427,13.1334163546562,23.4740767776966,1.42548102140427,1.4370282292366,55.080782443285,16.9017080664635,21.2014967799187,4020.41024780273,716.568689674139,5089.14776977897,10.641076862812,29.9185412228107,1.20720934867859,946.917522549629,33.3605640828609,0,260.220926463604,0
98.8019115626812,214.189870506525,41201.4020512402,12.8903304636478,7.57161062955856,259.167027980089,1205.73402327299,1489.9303047061,119.427454859018,810.561195909977,10301.7940214574,527.72837921977,529.845405101776,1275.43684530258,89.393555700779,164.464650601149,5688.27072060108,3658.26456037164,2877.9093310833,145.681871771812,1857.872685045,147.460814148188,6087.0778400898,182.225896507502,769.690586030483,0,46574.7563010156,1011.79143831134,2378.35305011272,236.832615733147,992.362296372652,332.211166739464,65.0088365972042,5527.54022371769,913.351384133101,19856.6016582549,26974.777616322,13008.76811257,9708.3446366787,235.293785631657,132.881935119629,49.5011278986931,1231.98870801926,1051.7537741065,696.912862360477,600.644622772932,19.5366902351379,3.83946597576141,27.0982239842415,0,2761.44561874866,159.049889534712,2.49764502048492,1.4226325750351,0,36.4049025326967,3.58566564321518,21.3213369250298,0,871.99975425005,0.911986380815506,3257.91075792909,21.8119931817055,5.87723019719124,231.357090771198,244.643116623163,272.070347309113,683.521701782942,0,43.4520974755287,82.3760897815228,259.817900955677,59.0437270998955,1268.59633755684,11145.1647788584,35359.4020228982,29.5233181864023,23.4761001169682,21.3477940261364,6544.19399917126,16.0033558011055,0,370.25629222393,565.347075134516
26.3050917983055,24523.6166445017,23283.4776450396,17.4027159512043,29.9322636127472,23.5163610577583,408.357284128666,239.23206999898,7092.13874179125,54.6844352781773,707.882325619459,91.7904207110405,3426.40074419975,221.392698198557,559.339818954468,15306.5640771389,8607.69304853678,400.243971079588,2323.93502405286,21.6938767135143,12939.1424309015,13939.0175194144,78031.1056224704,11962.9636124671,11323.6938768327,46574.7563010156,0,6121.52667841315,311.328007668257,133.447727918625,5085.55806064606,29.1536565423012,20.6966771781445,5549.56043687463,2716.63153252006,48086.7595185041,16262.6163584888,15531.748301059,15375.7918583453,536.938118368387,219.667375266552,30.4530994296074,7314.41011570394,2149.5502473712,2948.84492474794,2739.43559809029,131.720149993896,27.4177362322807,37.6952087283134,22.8332606554031,23203.3501923382,3195.51999539137,1.79198586940765,2.81600207090378,3.24984520673752,1681.654416278,65.1508688032627,242.179799079895,9.33200579881668,232.450539469719,14.1931785941124,1031.68600037694,403.691954061389,56.7529433369637,15057.6380188465,2048.90040382743,340.693097531796,1246.327159971,2.94089731574059,1499.21089884639,4032.88638728857,17056.0836800933,1357.25770875812,2131.91014117002,11967.0537596792,169957.778885007,1137.51143324375,60.7088352590799,157.585295647383,2477.74256828427,2.48624488711357,6.88113641738892,729.769757181406,1515.65049800277
96.7216082513332,112.17206120491,4073.24845910072,7207.93278384209,161.423852741718,3524.72406920791,34522.6700983047,5190.92875483632,6829.75814542174,23710.0407360196,385.956293076277,858.527876704931,80.0672164857388,2309.90270912647,1438.04962858558,1965.62757870555,1960.29855000973,163.911279886961,479.252296417952,2426.95214053988,16309.8359166086,1833.19297865033,10756.8585505188,21207.7466919422,74.0995794534683,1011.79143831134,6121.52667841315,0,4461.03501006961,9000.40050700307,10.8201732039452,390.259790152311,523.71180832386,9106.45893123746,4344.06468528509,32582.6390734315,2701.57959714532,9356.40729340911,6345.97516554594,1725.29590710998,830.727710664272,68.5040162503719,4250.5379575491,67.1522562801838,1401.45705673099,482.716300934553,1116.44962880015,375.115024477243,107.138867288828,7.41908848285675,25.7924345135689,21.7456175088882,2327.35208922625,31.4544029831886,126.162564665079,138.069763898849,489.141012370586,2567.93172445893,3505.51163977385,513.805887550116,466.640290111303,101.619976133108,216.638733178377,217.757244408131,2235.04516324401,4.67108103632927,0,1.25529652833939,809.597739487886,218.268331587315,1244.54609543085,675.624416708946,18168.850423336,350.03382602334,13.7415126264095,884.175078034401,8753.87306937575,251.612201809883,4.45620465278625,46.9573763906956,51.7615154385567,25.3781799376011,428.527734905481,823.566604942083
16758.4229852855,0.536892414093018,438.255951821804,156.056138187647,25.3685240745544,695.373297065496,6637.76381286979,3454.94700230658,63.8577347099781,4882.65375125408,4030.27361541986,1419.68125298619,129.743740767241,18574.5221636891,199.183985769749,2.48823225498199,8689.99278107285,1440.47588509321,2152.55674669147,590.18554893136,2665.71110379696,0,5280.40231263638,269.426486074924,2.78431302309036,2378.35305011272,311.328007668257,4461.03501006961,0,22141.7968113124,56.7714459300041,1328.30140393972,6392.79198402166,13768.7855013907,389.910899072886,2765.69236806035,615.870874881744,3879.40805256367,868.146522462368,495.723737835884,281.352296441793,265.946973741055,150.196496576071,5.62749600410461,141.051035672426,31.2549006342888,48.6303733885288,52.0416870713234,31.1753081083298,0,0,0.603975415229797,6.44406571984291,1.82154995203018,26.6324821412563,1.4924304485321,53.1167924404144,54.1585507392883,17.513013869524,108.21593350172,19.2699304819107,19.5287964940071,62.5593782663345,16.9533186852932,1.77867987751961,0,0,0,7.13163271546364,0.40513613820076,6.71246761083603,1.30910655856133,198.978779613972,7.70327162742615,11.8428494334221,19.6532152593136,102.588288545609,13.4476807713509,0,8.45794108510017,32.113080739975,0,42.0444707274437,62.1666985750198
8597.89296531677,0,624.772301346064,6.00065809488297,52.1098324358463,573.546265095472,41307.2785463035,12232.3219383657,10.8325836658478,478.979345113039,144.898240417242,101.761278808117,6.08369195461273,19496.6843028963,377.260156750679,11.4572202563286,1988.4198127687,74.7939894199371,176.667908996344,33.6998307704926,20285.8715662062,1.27933371067047,9152.6116309762,23.8807943463326,0,236.832615733147,133.447727918625,9000.40050700307,22141.7968113124,0,1.06123554706573,183.510026663542,2183.06569516659,12218.2135703862,1338.03960773349,5695.39788508415,190.290142834187,5618.23197484016,2997.86920768023,533.406499534845,268.381322056055,25.0933541357517,118.291181445122,4.4749344587326,34.7716544866562,39.6565918624401,22.9361084699631,14.2977129220963,5.82218158245087,0,0,0,1.06144708395004,1.91009938716888,2.17561829090118,0,3.82004070281982,2.83011251688004,2.45546597242355,15.1669900715351,0.955156564712524,0,5.95443335175514,2.92565673589706,11.1485162377357,0,0,0,1.66442656517029,1.76580393314362,6.72933876514435,2.87315189838409,127.594065636396,2.67421972751617,0,10.607093423605,47.7270030081272,2.23157131671906,0,0.923129022121429,11.3191214799881,1.79529917240143,13.0410628318787,283.727666258812
0,197.567077696323,1.51305460929871,0,0,8.24624001979828,9.93101578950882,16.6714228689671,91.9884695410728,27.1836653053761,822.880155861378,19.8006888628006,1669.48681378365,20.514452457428,2.84646075963974,7.26321777701378,0.583437979221344,10.5224749147892,0.519908726215363,3.14499065279961,3.79832085967064,256.295157283545,1.69712871313095,80.2270372211933,2159.48785272241,992.362296372652,5085.55806064606,10.8201732039452,56.7714459300041,1.06123554706573,0,19.1059814691544,0,136.252301871777,9.24892747402191,85.3132495582104,926.787529706955,293.033606737852,86.5786054730415,27.6928733587265,2.61368763446808,40.2413519620895,45.5146899521351,81.7285524606705,72.4586422145367,20.694844275713,9.1241352558136,0,24.4176390469074,0,143.857644885778,0,0,0,0,0,0.898948609828949,9.6378692984581,0.653788149356842,756.142447471619,0,3033.59671485424,4.09746271371841,0.696636557579041,7.11256927251816,2.68684434890747,25.2922197580338,20.1676142215729,0,1.44013547897339,9.8504404425621,0.844174385070801,4.5229956805706,1303.84473982453,2561.67438554764,5916.12526622415,4.44227448105812,5.86137682199478,0,3947.81108015776,4.5695686340332,0,58.7640082538128,3.45842033624649
