0,0,121.709136903286,11.5454858839512,2.10672238469124,60.1244432330132,3236.39846882224,1149.9594040215,11.4719596803188,150.271359592676,100.831380784512,44.954225808382,38.3690140843391,7649.26078540087,4.08855664730072,1.73472046852112,441.019329100847,59.1062474250793,72.0008798241615,1.30365008115768,853.316132515669,0,2335.92456331849,49.7629200220108,3.01283836364746,133.846731990576,36.5709158778191,907.290896296501,7660.95367750525,3478.06158807874,0,8.94830876588821,74.0739286541939,148.526155561209,18.0384340286255,111.735716253519,19.1494791507721,172.018261134624,52.5017870366573,18.1419270336628,7.11943173408508,5.40779268741608,16.8991657495499,0,3.32657742500305,2.17407262325287,2.78829896450043,0,3.79764842987061,0,0.965069770812988,0,1.26687562465668,0,0,29.2357147634029,0,4.82054799795151,2.34760600328445,0,5.12983572483063,0,0,0,0.462053298950195,0,0,0,0,3.69323885440826,0,2.3496316075325,91.7484699487686,0,0,2.05291795730591,103.030990540981,0,16.4839736223221,0,0,0,0,6.12571561336517
0,0,12.900565892458,0,6.61357301473618,2.29492074251175,0.568330645561218,3.87116420269012,2076.01554986835,1.08981263637543,171.616043716669,0,2590.60783860087,5.27795660495758,31.9187557399273,97.4657953381538,44.3108941912651,9.09496408700943,28.543711990118,0,6.6672850549221,3681.81298661232,10.6223328113556,3090.43445631862,4877.17140048742,599.170652598143,18797.4087540805,25.5798364281654,3.24480324983597,0,18.9066061973572,0,0,50.3819763362408,3.6024341583252,88.7752584815025,132.013939917088,74.6962177455425,31.7279661595821,29.2256974577904,0,461.183279842138,335.270080924034,195.943368673325,182.701046079397,160.537913948298,2.91942262649536,0,173.204983770847,2.5560742020607,2955.48371404409,1260.24815613031,0.631466567516327,2.16820120811462,0,25.7854867875576,1.01942729949951,43.8428693413734,0,121.182140499353,0.45353427529335,242.902080893517,6.03816437721252,4.05784732103348,72.8187855780125,263.722007751465,34.6938290297985,193.724944382906,1.6665118932724,15.2461051046848,149.708620429039,116.605060338974,173.048143267632,266.013339400291,1821.25494089723,14294.9489380419,15.5837885439396,0.826018929481506,12.1568065583706,56.3977418541908,0,0,73.2738931179047,4.47220486402512
121.709136903286,12.900565892458,0,29.9488818943501,5.16565960645676,129.978733450174,1641.25885492563,2191.37316650152,9.6431627869606,603.872232466936,145.445148825645,2.71354940533638,33.1490835547447,1112.43162250519,30.6589183211327,125.777000695467,14333.1227864027,152.6050581038,682.047858387232,1.60641738772392,8555.19893366098,16.7263477742672,43218.0257509947,333.15313449502,4.73563280701637,61465.6073071659,7378.35562801361,4449.6382226944,510.972226440907,188.753569036722,0.725221753120422,8.17357513308525,27.101643294096,1388.94586116076,494.089126467705,7898.42816221714,1677.33327913284,4741.54309761524,4770.79511877894,51.3923946321011,20.143840521574,1.23669010400772,188.49403834343,42.6117968857288,60.6290908753872,66.9445034265518,18.1864554584026,0,3.62255561351776,0.503759205341339,85.9408722519875,1006.11932086945,0,1.28359198570251,0,69.2920732498169,1.99034497141838,7.30701524019241,0,0,0,2.58198797702789,2.57790386676788,0,167.632713109255,77.4501055777073,2.90564122796059,29.4850115180016,0.554473280906677,75.6628245413303,250.777630358934,771.22773450613,127.714734792709,4.1691654920578,148.429801493883,4064.89489394426,134.218405604362,4.05935621261597,72.1171703934669,0,0,1.70912334322929,15.4174700975418,243.588496088982
11.5454858839512,0,29.9488818943501,0,262.779096513987,479.406271725893,73.3110001981258,585.206300377846,3939.92475271225,7009.83618810773,52.1289784908295,12870.3474862278,87.2516642212868,257.728387445211,2319.56691682339,0,6.27593997120857,14.4318750798702,11.7368611395359,26238.9270676076,2.00072318315506,1.13784426450729,31.2600846886635,7833.3790704906,20.0425764024258,18.8982733786106,3.66134920716286,9482.31745475531,218.111226052046,4.73688337206841,0,16.5808391571045,5.55744111537933,193.878679037094,134.08572268486,1006.13600385189,12.8896681070328,299.011134147644,74.6681874394417,1820.4171012938,67.1853405535221,10.604146271944,259.235047280788,0,44.5409051477909,23.0282160639763,1034.54813969135,37.8457745611668,7.96603158116341,0,0,0.636208653450012,2195.95756712556,33.2894120812416,21.0254929661751,1653.22288757563,40.0492714643478,921.880396127701,1122.28111535311,1.1534241437912,337.101561903954,0,8.57070127129555,80.6183523237705,0,0,1.0394287109375,0.464757412672043,481.429244935513,0.956031143665314,0,0.743947863578796,2378.68689212203,0,0,0,3625.57986244559,6.05435836315155,3.8594143986702,0,0,0,32.7560115456581,10.7233072519302
2.10672238469124,6.61357301473618,5.16565960645676,262.779096513987,0,874.948042869568,71.4573647081852,102.668100863695,402.511717677116,186.228251814842,8.69147258996964,394.612751603127,99.7414827346802,6.18604874610901,1493.96156817675,0,1.22948777675629,0.567948043346405,1.31746339797974,115.074791789055,1.78239560127258,18.3264793753624,4.06325766444206,962.270720809698,11.7417734861374,4.50311398506165,27.1958368718624,395.930232137442,5.90060719847679,5.12222975492477,0,1739.60784083605,0.742929100990295,1738.79884278774,309.260362446308,959.893798947334,22.6419671773911,98.1285507082939,132.883781254292,12557.6155435741,4022.56170779467,16.1446432471275,24.0450683236122,13.3133661746979,1.44536077976227,37.5204756259918,104.34919026494,6.69621157646179,10.7001095414162,1.00604367256165,0,2.07620406150818,69.4576900601387,4.63630521297455,4.74144315719604,45.3987068533897,11.752558529377,10.8137984275818,97.9042247831821,0.619222640991211,39.8491555154324,0,6.73048117756844,8.12015509605408,6.2799454331398,0.698162138462067,1.11731612682343,2.68718820810318,21.7364837825298,9.59908086061478,1.65255677700043,19.160757958889,60.1756346523762,0,0,5.68733781576157,119.529352992773,0,8.71994096040726,0,0,0,0.460622817277908,428.894827365875
60.1244432330132,2.29492074251175,129.978733450174,479.406271725893,874.948042869568,0,3395.85852786899,18441.9036457688,161.206138402224,29902.0495055318,228.606659114361,8788.91966235638,605.059422105551,429.689137935638,1441.80180293322,1.35112965106964,74.0259816646576,103.346257954836,29.6605395972729,323.867455124855,56.2986742258072,0,412.077475219965,221.963777065277,85.6736740171909,137.890311211348,32.0505214035511,1769.27824532986,150.374456584454,149.835338979959,6.00466567277908,349.979913711548,3.25725874304771,1156.55368334055,4709.04418221116,3358.53992530704,77.315463155508,746.272862404585,451.820681601763,6994.41710051894,848.587410479784,104.159607023001,38.2841799259186,1.95003765821457,0,9.52868819236755,194.071994960308,8.89719700813293,45.3153589963913,0,0,0,126.504583030939,0.689253866672516,0.513698995113373,65.2650470733643,6.12073719501495,36.599659204483,63.4408416152,2.69100850820541,100.089462608099,2.40370535850525,0.625059008598328,4.86297297477722,0,0,0,0,29.9962930977345,2.34955662488937,0,1.42488765716553,194.527442395687,0,0,0,156.538852334023,0,3.63415861129761,0,0,0,2.24304568767548,260.531609326601
3236.39846882224,0.568330645561218,1641.25885492563,73.3110001981258,71.4573647081852,3395.85852786899,0,41853.2922562957,148.576029777527,48751.5934115946,590.650197029114,172.073043942451,473.736700713634,26620.0424158275,562.95448461175,3.69895428419113,511.563919603825,405.522207826376,323.76990583539,21.7964890897274,1221.34879150987,0.531650006771088,4669.06136760116,293.074215888977,130.283732920885,604.767811596394,503.662891089916,29984.234264642,7096.17163938284,22457.575066179,7.00751227140427,73.2759171724319,908.836465924978,2788.46375367045,2215.30977463722,6480.46903967857,162.535480439663,3613.70152300596,1024.83446952701,533.584685951471,241.391029268503,45.001378595829,614.512367576361,1.17635995149612,111.906352430582,57.0686212480068,158.502115488052,28.5588124394417,70.4948327541351,3.62741115689278,0,2.76427590847015,75.0028825998306,6.23465359210968,1.64984029531479,1063.93027469516,25.7790284752846,108.949832856655,91.6517405807972,0.549413979053497,20.9109024405479,1.7996569275856,26.65851354599,17.4672025740147,34.0134451687336,0.408892393112183,0,0,19.5086713731289,61.1083948910236,23.4592246711254,49.2153177261353,1487.1747199297,0,0,28.6060115695,2057.65943422914,49.001411229372,406.23164743185,0,0.437170118093491,3.83636811375618,54.6433921456337,175.297549545765
1149.9594040215,3.87116420269012,2191.37316650152,585.206300377846,102.668100863695,18441.9036457688,41853.2922562957,0,336.781421899796,31191.3852271438,3811.92844778299,5337.60252824426,1376.95990121365,17610.6976541877,840.323503762484,9.64384433627129,2331.82855060697,1650.65440386534,535.35038369894,360.109365284443,1671.42878386378,4.71667414903641,10692.8777992725,440.86553683877,214.236804693937,1899.12190261483,527.651660740376,9223.62108743191,1764.83585035801,5488.71429595351,41.5531524717808,1166.55163198709,74.4743278324604,5973.96348565817,1040.64408716559,4893.75030961633,372.453757315874,3273.43152332306,1385.45594909787,2213.09636312723,632.579630017281,241.229830503464,140.906377017498,7.38571497797966,22.4213601648808,24.8254433572292,256.173785477877,11.2834184765816,118.134510785341,2.15578871965408,4.27831554412842,0,59.808697193861,4.28945976495743,1.80137777328491,601.456380188465,3.80289924144745,143.888887912035,43.6028522253036,14.8488503396511,131.661731690168,21.1253443956375,1.23618614673615,17.2627539038658,8.06801262497902,0,3.48046380281448,0,42.9315287321806,6.71426999568939,8.50264111161232,8.28031381964684,1114.96655917168,1.10495436191559,13.7216759026051,18.5067552626133,647.610438734293,6.3716214299202,46.0627557933331,2.48331606388092,0,0,6.88418060541153,210.881163775921
11.4719596803188,2076.01554986835,9.6431627869606,3939.92475271225,402.511717677116,161.206138402224,148.576029777527,336.781421899796,0,1869.76128739119,79.1853787600994,972.096407860518,634.305234998465,98.5751096010208,2482.63594210148,153.948001891375,11.6974147260189,20.1694032549858,26.1167018413544,729.168372064829,74.7724956870079,9412.30585303903,92.7869701683521,27410.1246696115,1333.03194370866,66.5536286830902,7711.4437482357,6738.99063637853,105.883449137211,50.1725126206875,1.02898266911507,7.84777867794037,15.9916932880878,120.903630048037,89.9919216632843,658.005758076906,30.8735487759113,180.411951720715,64.2641635239124,2227.71690478921,80.0216144323349,41.8089262545109,766.012853741646,39.1786896884441,157.959530383348,84.8538902401924,368.670322179794,33.9836610555649,31.1038511395454,7.76115918159485,42.576949775219,7.17090076208115,2045.57701855898,39.7196381986141,38.9230625331402,966.929415434599,144.626594007015,5431.33689129353,1246.79810202122,29.6294456124306,173.231174260378,22.7131004929543,101.180144995451,43.5158012509346,1972.56695011258,1.60138499736786,28.1008937060833,12.6655790507793,258.293233722448,1287.66633138061,3214.80605199933,621.206619739532,8391.46981659532,16.4704168438911,29.9612993299961,466.112741589546,5000.5152375102,83.8705236315727,258.645452916622,3.04980659484863,5.91305005550385,15.0898906588554,82.0809387862682,163.960551559925
150.271359592676,1.08981263637543,603.872232466936,7009.83618810773,186.228251814842,29902.0495055318,48751.5934115946,31191.3852271438,1869.76128739119,0,1417.55091056228,7150.16075120866,1219.89591145515,4478.71255832911,1030.61718279123,1.51020967960358,319.014619350433,698.496655970812,499.962396979332,4894.15163308382,81.0946985781193,0,911.218022763729,858.920566141605,246.572329819202,698.75336766243,184.462211489677,17643.0979243815,1922.87369394302,345.066790223122,13.0188729763031,174.839399218559,40.4797614812851,2500.93633824587,1490.08231690526,7364.91643196344,203.563303679228,3954.9474709332,819.371279776096,1909.57947078347,451.062992572784,184.942356139421,494.24974155426,1.05499243736267,76.4002228677273,38.6695945858955,2487.00181552768,74.8210671246052,100.392016321421,0,0.491417974233627,0,2407.1196988821,48.5137780606747,44.0214676260948,3058.77284952998,72.5413390994072,948.800404667854,1684.13425031304,2.14766365289688,1505.30404058099,0.834700405597687,18.7766753435135,185.670400351286,3.92829337716103,0.505275964736938,0,0,828.681830853224,9.67682230472565,1.37112766504288,3.8693882226944,3690.05710610747,1.6241842508316,0,1.82556456327438,5862.66529500484,15.8110226392746,20.9063466191292,0,2.16359812021255,0,78.3563645482063,67.3664356470108
100.831380784512,171.616043716669,145.445148825645,52.1289784908295,8.69147258996964,228.606659114361,590.650197029114,3811.92844778299,79.1853787600994,1417.55091056228,0,529.900175660849,13209.1408159733,3704.53578487039,24.0900168120861,57.6018967032433,1058.07932320237,21850.1282851398,1024.40665912628,45.8819948732853,91.7378080487251,92.0459188222885,819.21507397294,108.381504178047,3323.12321898341,8416.83910012245,3094.41661316156,638.424747228622,1874.6569609344,55.3619076907635,1320.23089396954,970.193045556545,14.552746117115,13618.8444769382,115.196796476841,1194.7697198689,7289.7950553298,6186.93083375692,875.297650277615,186.817328423262,33.3044393062592,4055.69428363442,29.6739839017391,1178.84456583858,91.0683864653111,0.991421103477478,31.5869433283806,0.921531081199646,2192.82120132446,0,101.26927292347,10.3601153790951,2.60783436894417,1.00824987888336,0,0,6.20768189430237,58.0367959737778,0,5648.06163349748,22.1372861862183,8617.72189092636,33.7986668944359,1.19597411155701,20.3907690942287,6.22314065694809,33.0739093720913,6.60361298918724,0.370102822780609,15.6234714984894,40.5405786335468,27.4543907046318,46.5727736055851,331.539773523808,454.900549352169,1359.78069770336,5.91254082322121,41.706690043211,3.31441128253937,1153.50206184387,12.2625561356544,0,397.270114153624,38.0842790007591
44.954225808382,0,2.71354940533638,12870.3474862278,394.612751603127,8788.91966235638,172.073043942451,5337.60252824426,972.096407860518,7150.16075120866,529.900175660849,0,382.570545136929,1044.1517983079,5816.21821725368,0.986611247062683,47.4563603699207,306.631248980761,187.51387706399,16697.7343988717,0.619123995304108,0.460265040397644,16.9058885872364,1415.28790506721,72.6825568974018,321.877710312605,38.9810521304607,1048.86452582479,235.378364086151,7.71060076355934,4.73198717832565,71.0235355198383,0.629415512084961,616.659690946341,3396.04462370276,1814.91276314855,70.1890180706978,1062.20845702291,250.284877836704,3615.07679378986,118.282775908709,76.0791638493538,139.933364838362,2.41602450609207,17.209063410759,13.9399974346161,1060.04846009612,33.7607307434082,33.2124390006065,0,0,0,1842.31156161427,30.2911864817142,26.2540871202946,366.028737425804,80.5850870609283,174.451053619385,1179.28920209408,0,1217.46648713946,0.334720373153687,15.9327117204666,72.6221971213818,1.70929002761841,0,0,0,617.604468137026,1.34990870952606,0,0.727497577667236,588.001567274332,1.3081146478653,0,0,1720.84152850509,4.69436931610107,1.0016753077507,0,0.568090856075287,0,13.5609550178051,431.152590543032
38.3690140843391,2590.60783860087,33.1490835547447,87.2516642212868,99.7414827346802,605.059422105551,473.736700713634,1376.95990121365,634.305234998465,1219.89591145515,13209.1408159733,382.570545136929,0,358.194136887789,53.7136949300766,20.0597628653049,29.3868792057037,113.180336683989,28.2460653185844,31.7569788992405,125.523110300303,1581.02309894562,96.1550572514534,727.26057985425,10342.644767195,484.781329482794,10424.2469501495,1034.47812527418,108.04331985116,168.72966375947,4993.42638531327,265.895303100348,7.68503087759018,8649.28046417236,206.280136734247,3041.19760194421,5503.68850183487,3960.44156903028,1951.48706009984,2409.76961377263,518.019057452679,5673.40687283874,191.988062918186,2185.56459069252,646.33345079422,813.108620584011,444.466408014297,1005.83877378702,2874.23929047585,2.62733316421509,243.398949444294,4.22083842754364,49.6547692418098,21.6620699763298,81.6214341521263,199.113271266222,359.445917010307,142.285449892282,121.636716634035,10924.6519111395,73.8071606457233,16716.9218776822,196.017081022263,61.3875696659088,24.6063526272774,1.74801301956177,26.1151190400124,21.8858441710472,22.4651536941528,81.5368638634682,66.2206246256828,20.6165385842323,335.787270158529,1014.45941311121,610.010333180428,3260.46462318301,280.528800368309,168.087759912014,99.7099581360817,2139.59695342183,112.231728374958,0,722.230894625187,40.9835778772831
7649.26078540087,5.27795660495758,1112.43162250519,257.728387445211,6.18604874610901,429.689137935638,26620.0424158275,17610.6976541877,98.5751096010208,4478.71255832911,3704.53578487039,1044.1517983079,358.194136887789,0,76.5870653688908,12.7002486586571,2321.23985746503,1923.05394127965,1065.42774379253,77.7242430746555,2506.94678908587,3.09819793701172,10750.3464081883,290.48323443532,44.9618608653545,1947.0798022151,600.183056801558,5017.6354970336,17725.9373889565,10688.8000790477,46.5345540642738,575.404897809029,109.536776214838,3126.73246580362,197.33592402935,1135.06636655331,269.239015847445,2001.7823125422,536.607311636209,181.379266709089,56.5179677009583,86.3984683454037,88.6854023933411,2.84379428625107,17.3385835886002,7.10774958133698,98.2265410721302,3.4341949224472,33.8280557692051,0,5.96791976690292,3.4262892305851,15.4860265552998,0,0,310.215099692345,0,67.9037715196609,7.97386300563812,4.34921985864639,33.5946979224682,7.18314212560654,1.05046474933624,8.95156979560852,6.00063461065292,1.67565810680389,5.38929688930511,0,8.10624551773071,10.1709220707417,2.3528248667717,8.48892560601234,548.659719973803,3.35264408588409,33.0577743649483,55.66467872262,404.767554938793,4.14029601216316,54.638884305954,3.84082281589508,0,1.55094802379608,4.84658819437027,14.3805857300758
4.08855664730072,31.9187557399273,30.6589183211327,2319.56691682339,1493.96156817675,1441.80180293322,562.95448461175,840.323503762484,2482.63594210148,1030.61718279123,24.0900168120861,5816.21821725368,53.7136949300766,76.5870653688908,0,6.76020061969757,14.4007300138474,16.0256839990616,6.18427664041519,1310.36467465758,112.477704286575,74.1505492031574,88.4774842262268,5541.96687865257,32.5306567251682,17.9119390845299,148.174131840467,2160.44299829006,62.6680619120598,219.710418820381,0.842814087867737,49.7903453707695,5.73827838897705,64.55022123456,1846.61107447743,565.343673527241,23.0759418010712,85.3316804766655,61.9557846784592,1957.56861039996,113.654728353024,1.30444890260696,157.5852394104,42.3486809134483,47.2797508835793,156.205220282078,560.059372752905,26.2874054908752,16.4774561524391,0,1.30057084560394,1.66191840171814,625.068258583546,21.6913509368896,25.5720457434654,322.225779771805,70.987077921629,77.0663551688194,565.86599946022,1.92702168226242,185.140335351229,0,28.8809557557106,37.7024047076702,23.2536709308624,0,9.68390023708344,7.70937007665634,160.051715672016,45.312519967556,20.5958304405212,67.9067938923836,439.493009358644,0,9.5370392203331,19.2097811996937,936.363512158394,21.336183577776,68.0709656178951,0.733949422836304,4.42761316895485,0,20.961513876915,1227.86705416441
1.73472046852112,97.4657953381538,125.777000695467,0,0,1.35112965106964,3.69895428419113,9.64384433627129,153.948001891375,1.51020967960358,57.6018967032433,0.986611247062683,20.0597628653049,12.7002486586571,6.76020061969757,0,523.171327352524,51.1264371275902,184.247649908066,0,3162.86935070157,3059.64632743597,8048.88840287924,5116.33373486996,21.9150272011757,110.046582192183,10769.7556012869,1423.51596605778,6.98506134748459,22.0220729708672,0.388986349105835,0,1.18311715126038,359.320455133915,393.439247757196,4518.52173396945,1041.30149814487,1838.69927212596,1597.87703600526,10.0328556895256,12.6685137152672,0,972.594159811735,151.59407928586,220.181751996279,169.735305398703,133.413544118404,13.0843691527843,5.00145593285561,2.47796645760536,31.7226013243198,102.430439859629,4.96346855163574,1.84650963544846,0.930260717868805,95.7957518398762,25.9195948243141,14.7321969270706,10.0441870987415,0,3.19789353013039,0.447450518608093,22.4883472323418,6.49009323120117,7463.60683125257,10.4574861526489,0.4490986764431,4.31477546691895,1.56161335110664,2809.2025604248,5076.28092080355,7281.44046065211,1106.5399735868,0.754111051559448,11.411911547184,2401.08299016953,718.576300084591,32.7386271059513,410.194828867912,0,1.71401274204254,4.06351923942566,48.6947338879108,144.557385206223
441.019329100847,44.3108941912651,14333.1227864027,6.27593997120857,1.22948777675629,74.0259816646576,511.563919603825,2331.82855060697,11.6974147260189,319.014619350433,1058.07932320237,47.4563603699207,29.3868792057037,2321.23985746503,14.4007300138474,523.171327352524,0,1649.63073322177,15092.3931894898,2.66952967643738,2449.94967114925,33.5855106711388,19213.1944383979,228.877519190311,10.6903512775898,9880.7165107429,15639.9426671863,976.645993381739,2185.89319050312,710.511914968491,1.2097096145153,22.7044448852539,535.472149610519,11432.1063627303,334.100913226604,7375.83524855971,5213.12767857313,7727.45827454329,3932.44000646472,32.5194707512856,19.8928406834602,3.56484562158585,209.302599102259,63.6632708311081,85.3723312914371,68.6932834684849,30.1118759214878,0,2.96594321727753,2.55548247694969,84.1079497039318,1691.30482047796,0.529135823249817,1.33290898799896,0,41.9644949436188,1.511410176754,5.90879979729652,0,1.85141623020172,1.40899986028671,0,0.496142596006393,0.972212314605713,171.676952332258,143.895177394152,1.40815013647079,36.5492084026337,0.725805521011353,228.441793829203,121.656335800886,514.578456580639,105.447343677282,1.99165663123131,321.873063266277,4799.46780064702,125.2023011446,5.50330102443695,93.3241670429707,3.8414591550827,0,0.550771951675415,21.9913842976093,151.31206870079
59.1062474250793,9.09496408700943,152.6050581038,14.4318750798702,0.567948043346405,103.346257954836,405.522207826376,1650.65440386534,20.1694032549858,698.496655970812,21850.1282851398,306.631248980761,113.180336683989,1923.05394127965,16.0256839990616,51.1264371275902,1649.63073322177,0,11930.8981641233,19.9291599094868,101.605637282133,1.59486597776413,689.984997570515,28.5714690387249,11.117638528347,6120.09590953588,1125.63652995229,296.589432954788,1033.56272426248,39.5757433176041,31.3860035538673,378.604088813066,14.1270834207535,4152.71608781815,245.617813676596,3165.28212934732,4930.65751326084,6596.3255212903,2021.80080604553,35.1575964689255,12.0465878844261,101.761026024818,49.3943781852722,13.5502243638039,9.08909267187119,5.50162011384964,1.90991753339767,0,9.19270473718643,0,8.66667592525482,45.415669709444,0.351369321346283,1.51664680242538,0,0,0,11.3795744180679,0,60.1685402989388,8.56923660635948,98.5340951681137,0,0,13.3046697676182,5.47160711884499,8.76494663953781,10.9668588936329,0,2.08701506257057,5.46524634957314,24.5786846578121,1.32695376873016,11.856985270977,270.846799612045,481.207446098328,0,0,0.723934888839722,106.905557066202,0,0,2.72115904092789,108.967837631702
72.0008798241615,28.543711990118,682.047858387232,11.7368611395359,1.31746339797974,29.6605395972729,323.76990583539,535.35038369894,26.1167018413544,499.962396979332,1024.40665912628,187.51387706399,28.2460653185844,1065.42774379253,6.18427664041519,184.247649908066,15092.3931894898,11930.8981641233,0,17.3991522490978,392.080123096704,12.3871337175369,2225.51902797818,75.1573420166969,8.7892884016037,15907.9115640819,3408.26834335923,338.385995596647,869.120239853859,103.718625485897,1.68312829732895,76.7051862776279,92.4241543710232,6481.92317169905,299.36783272028,5978.46490243077,4471.25191149116,5779.42013543844,3091.47270211577,24.2418445050716,6.20626503229141,1.32246404886246,89.1183589398861,30.0185857713223,32.3898862600327,35.1342756152153,3.63660883903503,0.282737970352173,2.89931046962738,0,33.1239944398403,377.152455151081,0,1.20469498634338,0,4.24733644723892,0,7.86636584997177,0,5.04968690872192,3.45489391684532,8.13966396450996,0,0,34.9360343813896,67.3545376062393,19.1979022026062,42.2822056412697,0,38.8960719108582,30.4174275994301,104.236319035292,16.972173511982,25.7429725825787,472.378107964993,1382.76403084397,13.2610973417759,0,9.22024115920067,16.522957354784,0,0,5.72484976053238,134.027976870537
1.30365008115768,0,1.60641738772392,26238.9270676076,115.074791789055,323.867455124855,21.7964890897274,360.109365284443,729.168372064829,4894.15163308382,45.8819948732853,16697.7343988717,31.7569788992405,77.7242430746555,1310.36467465758,0,2.66952967643738,19.9291599094868,17.3991522490978,0,0,0,1.54017397761345,913.737356543541,12.9067828655243,15.4931438267231,0.97430956363678,3538.73709970713,41.8407452106476,2.36221405863762,0,11.8961960375309,0,51.1190274655819,19.4658705294132,217.773195654154,6.89880895614624,104.883590459824,18.6086881458759,744.345947146416,18.7207868695259,8.04110953211784,65.0557957291603,0.645445048809052,8.29279670119286,4.63702273368835,420.699386239052,11.2434650957584,2.09024831652641,0,0,0,1032.08972585201,11.4069166779518,8.28699967265129,359.828221708536,20.7355133593082,173.589537680149,520.683361083269,0.614723086357117,168.282293468714,0,8.60917654633522,39.7558405399323,0,0,0,0,245.099602490664,0,0,0,663.143970161676,0,0,0,1145.4306910038,2.92930912971497,0.673103928565979,0,0,0,6.39488744735718,1.39916706085205
853.316132515669,6.6672850549221,8555.19893366098,2.00072318315506,1.78239560127258,56.2986742258072,1221.34879150987,1671.42878386378,74.7724956870079,81.0946985781193,91.7378080487251,0.619123995304108,125.523110300303,2506.94678908587,112.477704286575,3162.86935070157,2449.94967114925,101.605637282133,392.080123096704,0,0,119.598299056292,52797.8233195245,2288.87244945765,188.292286902666,1021.67844188213,4451.8826610744,13445.8390030563,4034.83126574755,17684.0723534226,0.485161364078522,7.91799056529999,1164.63778030872,11731.596917212,2765.07348057628,16391.3817850649,2560.56637811661,13137.3923419714,7100.41246297956,56.4079556763172,47.4881865680218,7.05290627479553,908.909788578749,17.7489695250988,121.671717852354,90.744138032198,391.417546838522,16.1911168396473,87.74795332551,19.0915015339851,2.82440483570099,39.7291271984577,34.0641514658928,8.71210250258446,3.34468185901642,441.977819502354,49.7850102186203,14.7476334571838,54.5226516127586,0,24.8458044528961,0.884973227977753,51.2550238668919,11.065481454134,1568.30318108201,3.85682967305183,0,0,24.9302716553211,3826.75143769383,580.433429658413,1621.30033060908,1451.74321830273,1.32263553142548,2.09837958216667,367.011330425739,2786.41085767746,123.788625627756,1858.46304377913,0,0.43810048699379,21.1112774312496,78.4141602516174,420.280075103045
0,3681.81298661232,16.7263477742672,1.13784426450729,18.3264793753624,0,0.531650006771088,4.71667414903641,9412.30585303903,0,92.0459188222885,0.460265040397644,1581.02309894562,3.09819793701172,74.1505492031574,3059.64632743597,33.5855106711388,1.59486597776413,12.3871337175369,0,119.598299056292,0,199.023367285728,14487.304744333,2011.81437668204,64.1735709607601,17567.9702016711,138.36781296134,3.15562719106674,0,5.69877398014069,0,0,28.7860621213913,7.10838651657104,90.4295977950096,62.6436101198196,47.5415869653225,45.3871482908726,68.2676629722118,2.43990004062653,133.184886664152,288.402981549501,75.07653388381,90.4234809279442,89.1364134252071,3.04965740442276,2.11652529239655,30.7978430092335,0,812.20993706584,163.265176326036,0,1.19573196768761,1.97756922245026,9.03202641010284,6.62883448600769,50.4036085605621,0,58.0726284086704,0.547846496105194,106.826594054699,4.34946709871292,3.60936540365219,1681.97405597568,35.4729710221291,3.60994607210159,18.7997348308563,0,328.003397494555,3850.303098768,921.096562474966,656.164825797081,41.2024962306023,177.994918048382,6724.99007019401,113.385135799646,3.25169709324837,33.7763539552689,34.7647934257984,0,0,31.3814022541046,30.6699903011322
2335.92456331849,10.6223328113556,43218.0257509947,31.2600846886635,4.06325766444206,412.077475219965,4669.06136760116,10692.8777992725,92.7869701683521,911.218022763729,819.21507397294,16.9058885872364,96.1550572514534,10750.3464081883,88.4774842262268,8048.88840287924,19213.1944383979,689.984997570515,2225.51902797818,1.54017397761345,52797.8233195245,199.023367285728,0,3287.65082085133,61.3371456563473,3282.68815982342,44388.5460834503,18654.8437872827,9413.57178518176,8377.8299819231,0.55273699760437,29.6265864372253,2029.36845469475,21439.8890333176,3215.18000304699,32567.1115355194,8912.16445341706,30825.1043923795,19197.459456563,127.210233837366,77.3377968072891,8.58125466108322,1310.37995421886,216.198682010174,387.575637310743,325.854203701019,454.035731822252,20.6483178734779,42.0302225649357,3.6194187104702,44.6052110493183,530.711373001337,20.9659448266029,6.82235318422318,5.71698123216629,434.184762120247,70.8785808384418,14.8726132810116,25.9729523956776,0.340050458908081,19.8576983809471,0,42.2114546597004,4.05518770217896,6727.76749613881,44.147872209549,1.74462586641312,18.7192770540714,11.0030053555965,3926.77569520473,3362.98673290014,13067.4654460251,1268.99357414246,1.68105435371399,35.7487976253033,7799.87919810414,1527.00519484282,49.7516847550869,848.941999465227,0,0.900801420211792,6.28093698620796,98.5216848254204,1080.66501906514
49.7629200220108,3090.43445631862,333.15313449502,7833.3790704906,962.270720809698,221.963777065277,293.074215888977,440.86553683877,27410.1246696115,858.920566141605,108.381504178047,1415.28790506721,727.26057985425,290.48323443532,5541.96687865257,5116.33373486996,228.877519190311,28.5714690387249,75.1573420166969,913.737356543541,2288.87244945765,14487.304744333,3287.65082085133,0,1407.93653148413,147.884697049856,19348.4495746195,20670.0318929851,503.602644532919,394.295642256737,1.66439190506935,14.5889955163002,165.726204276085,482.836784243584,633.727231025696,4443.93825155497,387.602550327778,1066.7567884624,692.585365593433,3963.96668937802,107.162672400475,54.6046538054943,5509.28771781921,84.9379462301731,968.978106558323,518.432388693094,1077.13485661149,203.523215830326,133.973435431719,50.6438874900341,186.604799479246,91.5606732070446,1109.23304265738,59.6111543774605,64.0011211931705,9042.99540689588,502.615192532539,5000.99941763282,1263.41140213609,33.100710183382,136.427678287029,27.9549816846848,406.016804754734,98.9446017146111,5070.90229430795,10.2607137560844,0,4.09167101979256,122.920859336853,6531.90815156698,4054.75297790766,3167.97367855906,31419.5259640217,34.5586631894112,22.9121067523956,1842.18928289413,22640.2992798686,895.380452126265,4176.09305688739,3.77203726768494,1.99039673805237,92.8493839800358,552.843135207891,484.047665715218
3.01283836364746,4877.17140048742,4.73563280701637,20.0425764024258,11.7417734861374,85.6736740171909,130.283732920885,214.236804693937,1333.03194370866,246.572329819202,3323.12321898341,72.6825568974018,10342.644767195,44.9618608653545,32.5306567251682,21.9150272011757,10.6903512775898,11.117638528347,8.7892884016037,12.9067828655243,188.292286902666,2011.81437668204,61.3371456563473,1407.93653148413,0,250.369136303663,8498.15283435583,621.956894785166,28.1946138739586,162.343555927277,169.249516636133,8.80242162942886,0.552843034267426,659.827698290348,27.8785142302513,321.441898167133,149.834461450577,276.689819604158,55.1577154397964,1852.67330929637,39.2744728326797,1347.31364655495,192.097118377686,188.693682968616,64.8359557986259,38.9810411334038,622.57397761941,30.3767298460007,650.319572091103,2.91372066736221,629.40931302309,10.5648660361767,33.8379567563534,3.07387942075729,18.19854798913,105.032722145319,115.37117856741,45.3208836615086,63.3780869841576,1712.05472421646,28.9524017572403,3381.89461573958,57.9527174830437,18.6953811049461,84.7224282622337,6.88637810945511,25.0181444883347,40.1845302283764,15.898114323616,323.235458642244,43.8858896195889,162.71476110816,135.147442430258,1206.5898630023,419.151296406984,2040.14853870869,356.16565027833,41.192312091589,237.897678673267,170.371907830238,4.73431450128555,1.26391506195068,215.133148759604,23.2490872740746
133.846731990576,599.170652598143,61465.6073071659,18.8982733786106,4.50311398506165,137.890311211348,604.767811596394,1899.12190261483,66.5536286830902,698.75336766243,8416.83910012245,321.877710312605,484.781329482794,1947.0798022151,17.9119390845299,110.046582192183,9880.7165107429,6120.09590953588,15907.9115640819,15.4931438267231,1021.67844188213,64.1735709607601,3282.68815982342,147.884697049856,250.369136303663,0,21485.8184138238,658.160070329905,920.613343060017,93.1342985332012,1667.62440004945,277.747450679541,13.7906201779842,4055.11057195067,514.21485543251,12327.1955151856,16641.2621378899,8727.29131677747,4415.06711798906,50.9130103290081,38.0530628561974,336.330618560314,1248.90161660314,821.350700318813,667.750363141298,508.588496655226,12.0421902537346,2.11317521333694,32.1353162825108,4.82548028230667,1130.91441294551,3123.37057366967,1.19385278224945,5.90132749080658,0,51.7548440992832,0,129.218157082796,0,2181.47910863161,4.13773536682129,3745.66068336368,8.85251173377037,9.89865919947624,80.0036224722862,1618.45609155297,1089.85255298018,1516.937091887,0,55.3956616222858,154.639115095139,365.263196051121,198.666394531727,1569.65258431435,19165.7057204843,36388.5990100205,45.9802344441414,10.279941290617,41.6816092729568,4053.13802096248,0,0,181.895684093237,271.492982685566
36.5709158778191,18797.4087540805,7378.35562801361,3.66134920716286,27.1958368718624,32.0505214035511,503.662891089916,527.651660740376,7711.4437482357,184.462211489677,3094.41661316156,38.9810521304607,10424.2469501495,600.183056801558,148.174131840467,10769.7556012869,15639.9426671863,1125.63652995229,3408.26834335923,0.97430956363678,4451.8826610744,17567.9702016711,44388.5460834503,19348.4495746195,8498.15283435583,21485.8184138238,0,4676.14019286633,321.140052258968,62.4219408333302,2819.49778014421,34.2685723602772,21.0258845686913,4753.59549683332,1653.42085120082,32306.0487463772,13305.1141954362,16505.3149486184,13961.086835891,213.579309910536,42.8446613252163,192.289708733559,4887.80888175964,2390.92372956872,2460.5388880074,2022.88561037183,80.9950932264328,12.0550716519356,198.195348143578,33.0007080733776,9341.33737319708,16110.2755372524,2.81980806589127,2.29244792461395,1.78024020791054,703.525427639484,10.1076074540615,293.646016180515,2.46427708864212,2271.2435413301,1.9145824611187,5935.30041310191,37.7715444564819,10.2254446148872,3846.20921555161,2961.42063817382,1137.88149020076,2270.97275128961,1.52767145633698,887.144498676062,14202.2646733522,15050.4191310108,1982.40473613143,3618.19165107608,27378.5884740353,166088.403803289,700.222745269537,17.0054001510143,249.053732275963,4137.98397794366,1.68171834945679,5.77070647478104,594.899169832468,919.423221617937
907.290896296501,25.5798364281654,4449.6382226944,9482.31745475531,395.930232137442,1769.27824532986,29984.234264642,9223.62108743191,6738.99063637853,17643.0979243815,638.424747228622,1048.86452582479,1034.47812527418,5017.6354970336,2160.44299829006,1423.51596605778,976.645993381739,296.589432954788,338.385995596647,3538.73709970713,13445.8390030563,138.36781296134,18654.8437872827,20670.0318929851,621.956894785166,658.160070329905,4676.14019286633,0,9034.00819066167,28801.1610616744,3.96050399541855,159.933412700891,3203.66751149297,8138.18448150158,6395.83450394869,25058.88677001,1094.58873176575,11736.9676660597,4758.65354844928,2775.7784089148,543.209664940834,112.872964203358,5821.8336519897,37.6967554092407,862.924313247204,411.072107702494,2496.26165595651,286.178153812885,348.014808535576,52.746580183506,17.9016320407391,46.5179643630981,1928.99773254991,89.7898878455162,51.6462074220181,13202.1506876051,276.735665768385,2714.71484392881,2157.13354668021,0.993481040000916,420.423335343599,0.668491363525391,315.453650027514,224.439428150654,1282.12717089057,4.06765612959862,0,0,429.214933514595,2708.48423737288,816.970915228128,1193.9132425189,21889.3857591748,0,1.53967499732971,608.460007280111,25727.0724367797,978.077632397413,6746.65365552902,0,2.56570395827293,109.926922291517,612.961949944496,718.874359875917
7660.95367750525,3.24480324983597,510.972226440907,218.111226052046,5.90060719847679,150.374456584454,7096.17163938284,1764.83585035801,105.883449137211,1922.87369394302,1874.6569609344,235.378364086151,108.04331985116,17725.9373889565,62.6680619120598,6.98506134748459,2185.89319050312,1033.56272426248,869.120239853859,41.8407452106476,4034.83126574755,3.15562719106674,9413.57178518176,503.602644532919,28.1946138739586,920.613343060017,321.140052258968,9034.00819066167,0,8961.35757353902,9.77761426568031,6294.08104163408,2896.43847972155,5422.37140643597,160.136476904154,621.854176908731,147.543699175119,1879.76119589806,334.438530772924,68.4389331936836,36.3993362486362,28.8656449615955,165.037009179592,0,22.7358874678612,6.30567437410355,47.0001530349255,7.85620760917664,18.2989069521427,1.43491354584694,5.1868941783905,2.43624648451805,8.44270202517509,0.422129899263382,0,353.348010629416,2.22603142261505,94.6391679942608,7.1375569999218,5.05923008918762,8.51787766814232,3.38224309682846,0,2.2732190489769,12.8988936841488,0,0.410432755947113,0.754478216171265,3.18358793854713,24.7474244236946,12.8078380227089,13.1207063794136,833.354083508253,1.14274644851685,13.0364865064621,28.3597605824471,942.612634003162,6.18919569253922,194.585658282042,0,0,1.67766523361206,25.7910817861557,12.555775731802
3478.06158807874,0,188.753569036722,4.73688337206841,5.12222975492477,149.835338979959,22457.575066179,5488.71429595351,50.1725126206875,345.066790223122,55.3619076907635,7.71060076355934,168.72966375947,10688.8000790477,219.710418820381,22.0220729708672,710.511914968491,39.5757433176041,103.718625485897,2.36221405863762,17684.0723534226,0,8377.8299819231,394.295642256737,162.343555927277,93.1342985332012,62.4219408333302,28801.1610616744,8961.35757353902,0,1.02811080217361,13.1646308600903,2958.35243356228,6943.77233815193,2144.87897461653,9153.00615012646,336.761810481548,4789.51450973749,1363.22912684083,80.2360453307629,71.5162239670753,12.7847509384155,826.31067481637,4.30139654874802,98.4991975724697,49.3029536306858,191.675982266665,29.8884735703468,100.691449820995,11.5776775479317,0,5.42715156078339,33.4836809039116,6.16304436326027,5.70698508620262,956.72542989254,13.1912266910076,62.1474894881248,55.4431231021881,1.04832398891449,14.8906826376915,0,39.8447532355785,7.63740462064743,136.506012350321,0,0,0,6.64227372407913,400.998058855534,40.6276447474957,80.7398587465286,1979.656185776,0,0,17.1942652463913,3475.55430927873,95.861331731081,1283.2165132463,0,0,5.41023993492126,84.7864603996277,190.878536522388
0,18.9066061973572,0.725221753120422,0,0,6.00466567277908,7.00751227140427,41.5531524717808,1.02898266911507,13.0188729763031,1320.23089396954,4.73198717832565,4993.42638531327,46.5345540642738,0.842814087867737,0.388986349105835,1.2097096145153,31.3860035538673,1.68312829732895,0,0.485161364078522,5.69877398014069,0.55273699760437,1.66439190506935,169.249516636133,1667.62440004945,2819.49778014421,3.96050399541855,9.77761426568031,1.02811080217361,0,12.6963167190552,0,180.88130146265,4.29932200908661,39.9461657106876,645.202255904675,207.799314290285,24.9916813969612,1.85431349277496,0.917352616786957,113.872220933437,2.93955671787262,154.854976326227,23.6347009539604,2.6346447467804,0,0,57.8753901720047,0,51.7929375767708,0,0,0,0,0,0.846021890640259,19.8680576682091,0.774023056030273,1682.23453879356,0.490837723016739,3759.74395936728,2.07477176189423,0.629952669143677,0,1.02726995944977,41.1490917801857,18.6346721351147,0.640406429767609,0,12.7556726932526,0,0,256.097581684589,791.773591309786,2472.96732842922,0,2.58000028133392,0,1616.49376156926,1.83153700828552,0,22.4462288618088,0.729097008705139
