0,6.9636957470429e-05,0.00711746454658157,0.000259081038803115,6.65924887893316e-05,0.00785114104924395,0.269380252614392,0.115952632158024,0.00120269884322218,0.0127257015356287,0.00532399417562538,0.00287130277917569,0.00063613137888709,0.886271325889563,0.00113205632765092,5.67063668794513e-05,0.0657048181577883,0.00144211747324372,0.0110124394699714,0.00102757947284514,0.00958489945740084,5.33062915638983e-05,0.0491531147938054,0.0078138318851376,0,0.0133707900290042,0.00724574892837036,0.0148607374705382,0.429479885073248,0.434594340991197,0.000145861074413905,0.000677780269087884,0.00134418106288309,0.0169445094475818,0.00149076919847967,0.00814354023134128,0.002542051652469,0.0106594628175725,0.00120514937240887,0.00125867235776725,0.000422924101817974,0.000118604318189806,0.00396715371418707,4.81827521812082e-05,0.000916736095146938,0.000327196171368602,0.000636762856540173,0.000735023528090112,0,5.42755791816592e-05,0,0.00027185308332943,0.000130111057092101,0,0,0.00254762506906599,0.000415788424613071,0.00042534157695325,0.000118665020955277,0.000217028169513142,0.000200597538328654,7.79583385374727e-05,0.000548092631402486,0.000199453976807326,3.3225104958123e-05,3.01188528377682e-05,0,0,0.000133979782638175,0,7.46497957011459e-05,0.000103494874684236,0.00833031772943594,0,0.000162698292871118,0.000677269226524622,0.0072978358439304,0.000970064541507691,0.000943013089681838,0,0,0,0.000585450811643571,0.000249030861163855
6.9636957470429e-05,0,0.00203560224215892,0,0.000222807069636452,7.16154270878107e-05,8.08480326857386e-05,0.0002421997253122,0.100623077958402,0.000435854582176289,0.0830543639419247,0.000171266856906202,0.294122427376304,0.000365052620963109,0.0027650232148286,0.0169909791231559,0.00165271757066959,0.000571384285269427,0.00471784290995884,7.30078093196032e-05,0.00598337628056634,0.281225958455839,0.00583507381249769,0.223636632369574,0.317171100741947,0.0243238392442984,1.08584968529317,0.00518341909991837,0.000966619680235851,0.000378113372707987,0.000600000594076103,0.000131659070128304,4.16358532199382e-05,0.00434466340362062,0.00110509229032695,0.00595004881670671,0.0102911221787013,0.0199313016238154,0.00286578713236795,0.00154021692165003,4.18268391826153e-05,0.0805967415904284,0.0279531029117464,0.00394144428007659,0.0133000882220392,0.0104572592582371,0.000171774539341682,0,0.00664232637779506,0,0.219324558622914,0.0100635858286125,9.99860371305168e-05,0,3.39193896394789e-05,0.00325208691018384,0.000121782091624144,0.00181296804095958,0.000175016680777541,0.0141572289667654,4.72188226582527e-05,0.0166141966937175,0.000589511349897296,0.000104659118608987,0.00186424602593171,0.0180571677653991,0.00218296031157039,0.00711136777482656,0,0.00176227505482549,0.00626869585648399,0.00659810677330968,0.00895514768759804,0.00329130040456783,0.0330351589756643,0.385348090929337,0.0028956089652633,0.000656551784860879,0.00311546639780401,0.00280193069701574,0,0,0.00322865221565737,0.00182959640592048
0.00711746454658157,0.00203560224215892,0,0,0.000151031665427798,0.00201423558522553,0.10401247529374,0.0261788166461094,0.000779272367852517,0.00559699477113605,0.00774321638641101,0.00126439261805064,0.0035750956891247,0.0547392609524386,0.00234117677072829,0.00877085971940001,1.72493602961783,0.00833139841700201,0.0810868812219532,0.000732946059699016,0.391817582542163,0.0033427986127481,2.95417420334803,0.0173983177712391,0,1.47724560563374,2.63514617901118,0.176347236774213,0.0237295106482836,0.222238226625473,0,0.000485043173945295,0.00174082409352607,0.155888798576974,0.0601880266369962,0.715575626882231,0.286077814926874,0.435318535994718,0.236046862046423,0.00261632728504791,0.00205419926603019,0,0.177590203150639,0.0124718630835477,0.0708829513889171,0.0653979070148725,0.00130359354591104,0.00171878947389653,0.000105336612493617,0.000871133184908513,0.0184858145860825,0.158728909506442,0,0.000272364793193996,7.75060027410984e-05,0.0196399361701695,0.000643898823105818,0.000512615295976478,0.000253690508036503,0.00185513409951021,2.98164629898906e-05,0.00066067815957267,0.00343431047846668,0.000790756524806385,0.0384370472281214,0.0732652177588399,0.000589025658878115,0.00348393620770362,0,0.0163650305140859,0.0135407380524862,0.188982222591659,0.0220758436495915,4.27334831526578e-05,0.00807633021720455,0.531969989896975,0.0352747548315965,0.00535298921433605,0.0180522389067417,0,0,0.000329634756058872,0.0232852143601831,0.0522284829954607
0.000259081038803115,0,0,0,0.00315084003578903,0.0200718821363548,0.00488782473746807,0.012340041575748,0.199636307822929,0.564955439258314,0.00270778822524456,0.307557874822686,0.00533166675479527,0.00858369243467159,0.0332016389870467,0,0.000404247308867395,0.000857411875740322,0.00101761807383697,1.62751105735495,0.000206026374945712,4.58325996765137e-05,9.18823655732036e-05,0.272659378539795,0,0.000770154232969949,0.000110694880521852,1.06189452022029,0.00582834076600028,0.00013936499467879,0,0.000942258011686748,0.00014286998786838,0.00373346342095994,0.00143351448905956,0.0125054980433896,0.000118173832082021,0.00596390359007181,0.00115360621489176,0.0335953712061127,0.00175983017309434,0.000276601262778115,0.0051071993863761,0,0.00196952524460819,0.000631899304830414,0.0216649706037559,0.00193466833601078,5.76328369813383e-05,4.99056729587912e-05,0,0,0.0700319400152875,0.00276006768577208,0.0060587670307026,0.00275307896051781,0.00524495654711452,0.0564701068069488,0.0312855221468489,0.00180556371100705,0.0496733437594355,0.000972367388452369,0.00227733176610955,0.0154905070744111,0,0,0.00018835732112793,0.000135090632616711,0.0363466804402768,0,0,0,0.0255092862722066,0,0,0.000106834859419286,0.0574717241648613,0.000536212520691005,0.000109556074752563,9.86118531303465e-05,0.000244206199931344,0,0.00229299345951,0.000307829979405772
6.65924887893316e-05,0.000222807069636452,0.000151031665427798,0.00315084003578903,0,0.295990573750776,0.00995670116961917,0.00534923501659012,0.0264565833004131,0.0184371315094961,0.00509292089833823,0.0620200022496019,0.00665279341402914,0.0011887540452032,0.298717142629793,0.000147942383232248,0.00014542887379452,0.000239600598558688,0.000445477765721059,0.00669194986300995,0.00179021996797594,0.00125165222998305,0.00157222329428432,0.0247158476508832,5.45468971976101e-05,0.000458879368671053,0.00128391277551729,0.00882442435695755,0.0012681872003201,0.000486464893813011,7.00032645469728e-05,0.0863409711672369,3.01021762105852e-05,0.284385193454966,0.0371151665617241,0.034195021787862,0.000786508992587144,0.00186043755434669,0.00200175953114731,1.21652720754976,0.40503758886624,0.000382524663422107,0.000884499792924839,0.000481208959096551,0.000196856907074046,0.00429540841438803,0.00339610679401479,0,8.09073417953965e-05,0.000115709037607646,0,0,0.000865431674020057,0.00041123679197123,0.000404439727854693,0.000860962841855772,0.000101435273826772,0.00219038042054128,0.000969619945619025,0,0.00201867942607033,0.000303376134946793,9.10085355048534e-05,0.00176637057226536,3.3300748186332e-05,0,0.00018286991750325,7.90659209049224e-05,0.000667324913579239,0.000239831402134049,0,0.000574468642427063,0.00177569399579865,0,0.000218522766950285,0.000704802857671959,0.00201242510428147,0.000103471676613963,0.00033587629479568,0,0,0,0.000177972079498368,0.0571307370743661
0.00785114104924395,7.16154270878107e-05,0.00201423558522553,0.0200718821363548,0.295990573750776,0,0.552163884958055,0.913818675480015,0.0322838573902062,2.09285959655863,0.0339311866800365,1.20802577434239,0.0671488840622488,0.145958227757016,0.428527011862786,0.000243760546990174,0.00789394525846061,0.00763665602207052,0.0104196331319185,0.0559560334084204,0.00303287719689806,8.04011730905952e-05,0.00539364218392029,0.039342774753329,0.000168111210710552,0.0114531047433586,0.00486948645918384,0.115191170553984,0.0504366535735179,0.0202583679135486,0.000906409639021888,0.0196486582843676,0.00170272393132397,0.0588369084141239,0.157017074993142,0.278827624899696,0.00554023162065599,0.0368579348687525,0.0202714152011611,0.883946957403184,0.372075954236377,0.00585683482678351,0.0121790992773902,0.000211253371619654,0.00212173770854461,0.00151366910908305,0.0148967171125889,0.00206524731501045,7.2393026009667e-05,5.04069756788909e-05,0.000141152326763582,0,0.00885501301943723,0.000923197697648215,0.00222474426237328,0.00827296758411929,0.00232638837591728,0.00902905930633353,0.0101101402081461,0.00167158316658243,0.0072630528109017,0.00285780280341603,0.000789541150641895,0.00602011699845008,5.61994265460074e-05,0,0,0.000129057224958581,0.00876698499798444,0,4.89505344907224e-05,0.000260941136256233,0.0418640240141198,0,0,0.000254453272791404,0.040031604018217,0.0012270208654129,0.000633010308347303,3.9404610263741e-05,0.000139492195298308,0,0.00122263565456582,0.0296963724106088
0.269380252614392,8.08480326857386e-05,0.10401247529374,0.00488782473746807,0.00995670116961917,0.552163884958055,0,0.926883200673992,0.0496842644739424,2.36497611077469,0.0711145951281093,0.0590995859963117,0.0675565387139136,2.25670383603159,0.108919145556903,0.00119694688711125,0.143436204926701,0.0198771938699265,0.0560035897123138,0.00881803613004116,0.217377037804028,0.000160089888857937,0.308048653947353,0.368028892079261,9.20460256460609e-05,0.0694865150635443,0.0456998015014131,2.78342509518829,0.608826444389012,0.811182629712406,0.00171934956408958,0.0201292394192365,0.0686689340284071,0.221869728436567,0.169488647778971,0.545053801753979,0.0210099877151156,0.275861935611349,0.0670751118484634,0.0569459200858386,0.0626318753168406,0.00403530441647083,0.044755894048861,0.000486975873386184,0.00936722326352455,0.00610804116301821,0.0236178858824158,0.00872892596240794,0.000451361819931256,0.000810199092257259,0.000221713002580881,0.000603809471159845,0.020569070729379,0.000910066296608455,0.00271788168298319,0.0258199501070114,0.0136281539558973,0.0148465787660363,0.0293384901291178,0.00544892059294435,0.00613502794370272,0.00248767879493055,0.00721954540390545,0.00367915341966077,0.00202854752887666,0.000257935083658245,0,0,0.0135598206020276,0.0006213311006013,0.000463799117386177,0.00269002654055779,0.0885645995916041,0,0.000189897759605422,0.00346815706927434,0.105130364491965,0.00683334300483683,0.00362014987100815,0,0.000575717885577309,7.02587307122735e-05,0.00710663580745314,0.0198258387358692
0.115952632158024,0.0002421997253122,0.0261788166461094,0.012340041575748,0.00534923501659012,0.913818675480015,0.926883200673992,0,0.0239024828103941,1.01784046279018,0.0853819463088382,0.615576603651106,0.0836177929721071,1.82973261182714,0.0210157726760669,0.000147754310561383,0.119823803339742,0.0195886635295132,0.0344309256868193,0.0909345792241738,0.0261623853653396,8.70902918717384e-05,0.102001419440547,0.0657298545033838,0.000136539042567992,0.0437300030608969,0.0222972243361249,0.142984287494778,0.176398333589834,0.450999780317392,0.00241541119991247,0.0310989309360497,0.00535729735483562,0.0940028484157479,0.0115738723716575,0.233510524825685,0.0141191762971251,0.053379483491292,0.0271242814617897,0.258131152458863,0.0863217709522016,0.00747754796963798,0.0300205690114536,9.67863490490552e-05,0.00641211014371642,0.000881283237277475,0.0277461246462593,0.00346819114888322,0.000491061298632055,0.000582236155541205,0,0.000140220181647983,0.00588725739226112,0.0010623448332158,0.00128716780039565,0.0254618096724339,0.00219680944732215,0.0115806776205493,0.00959722062671361,0.00149098806149549,0.00537872575977634,0.00381702369289067,0.00159344526100512,0.00358745436903795,2.27774460514903e-05,9.46293281070886e-05,0,4.79110955935061e-05,0.00726430143596168,3.09207108192801e-05,0.000293607241537297,6.02350935551077e-05,0.0939964037093547,0,0.000170893914217025,0.00135672987839276,0.0814664342273368,0.0031365541601943,0.00218049512143949,0,3.44929853022039e-05,0,0.00248207611352994,0.00116335155197483
0.00120269884322218,0.100623077958402,0.000779272367852517,0.199636307822929,0.0264565833004131,0.0322838573902062,0.0496842644739424,0.0239024828103941,0,0.223976028684633,0.0174943325172359,0.198525718489525,0.0326638396612643,0.0253405290921846,0.32329685084726,0.0108416719315974,0.00138969536771319,0.00234525613908301,0.00438918826597156,0.11128037708005,0.0140566687395032,0.744085658957147,0.00696312405486204,3.41040402181799,0.0464705137695244,0.0148319951283971,0.374768317520423,0.728351201434394,0.0159285215101151,0.0195005680023648,0.000425286433063507,0.00271141303346524,0.00204926953732216,0.0111529304046929,0.0077736949599237,0.0494995796110722,0.00612280482831232,0.0204237986654847,0.00461329457123944,0.397943867329039,0.00793554886075285,0.00393755248244044,0.0634975893026164,0.00578601133870597,0.0158769690418748,0.00758547162659785,0.0394371339208631,0.00718841081219301,0.00104974294264727,0.00272060276839939,0.0011155625114976,0.000384231612274176,0.11040200673696,0.00419336338464813,0.0101183448764441,0.0547473083482529,0.0203777501180526,0.245314353272494,0.0588678630529821,0.0120753318012669,0.0297665807020039,0.00662311428912688,0.0175802191392898,0.0230895706049043,0.0175084176532456,0.000889739710441652,0.00272901709725433,0.00253411366454129,0.031201869994025,0.0206165799403039,0.00680012331112139,0.00664818366515251,0.47048717417797,0.000414108215055579,0.00302652917931396,0.00913994966283065,0.305973779202871,0.0355631142287074,0.0389639168869301,0.000813807361641584,0.00258910951181776,0.00164098009315047,0.012940475905827,0.0164845266617633
0.0127257015356287,0.000435854582176289,0.00559699477113605,0.564955439258314,0.0184371315094961,2.09285959655863,2.36497611077469,1.01784046279018,0.223976028684633,0,0.124137457318871,0.694840756680531,0.077907532980168,0.51543963132941,0.0829024660761033,3.52017458943605e-05,0.0197824895009339,0.0366434728920163,0.0710997923420305,1.52106204504501,0.00433049228022823,0.000103820728341842,0.0070633702017088,0.117694354311152,0.000368193490076575,0.050842188529808,0.0241184172907923,0.620283970999515,0.235012806623115,0.0200465498337747,0.00353202262047412,0.0205996409042663,0.0039158376615458,0.131271704646691,0.0520781801726541,0.314582216825212,0.0144518435616211,0.162191796287133,0.0243819640575291,0.0842032663893203,0.040432206541162,0.00487883538583112,0.0343725976163683,5.16691829777003e-05,0.0100348656215839,0.00214494491238094,0.0996171720735297,0.00974846285227552,0.000645492368137225,0.000131997893839794,0.000127587862927538,2.69085391149551e-05,0.160201499193168,0.00917802584352315,0.0177725342972613,0.0216378641733893,0.0105933640352917,0.102624632112318,0.13587857060649,0.00369585023713705,0.0821525371687885,0.00839507911786789,0.00347466418211798,0.045935830697508,3.38808239548981e-05,0,0,0,0.0944101435327557,4.78259487349808e-05,3.58812908939004e-05,6.9374723806986e-05,0.114210476780689,0,0,0.000234739127490446,0.255952159592094,0.00231995205409624,0.000674873006608929,0,0.000903725107544152,0,0.00921510539692904,0.00469374660489344
0.00532399417562538,0.0830543639419247,0.00774321638641101,0.00270778822524456,0.00509292089833823,0.0339311866800365,0.0711145951281093,0.0853819463088382,0.0174943325172359,0.124137457318871,0,0.0861318217572484,0.818219646896447,0.239837322523701,0.00209579133523,0.00108688675185356,0.0527997447984622,0.773971013700209,0.709100940612241,0.0228009467143603,0.00978705240813326,0.0180719976883975,0.0251559692823655,0.030704398055814,0.167014804840693,0.492353232077872,0.0711842224815591,0.0343729021636268,0.417167692957038,0.0196745475709418,0.0696838782593978,0.188724759837246,0.00220152118109658,1.10921802502791,0.0126918199341399,0.183228344473856,0.216042430875091,0.662863339592138,0.152207422756592,0.0192904116662089,0.00253531446830984,0.223871195796041,0.00384056771262926,0.00186802416975527,0.00578180721847161,0.00078905981184447,0.00292492918245651,0.000161130571809495,0.235217150241341,0,0.00313749176182672,0.000655570875570917,0.000120403488475245,9.86279352885248e-05,0.000132746834237671,0.00243331223836986,0.000519894013840908,0.00702688448937533,0.000161762901797277,0.498101221606178,0.00122653941441437,0.650420911200437,0.00126841893103089,0.000685382626114455,0.000751921905990972,0.00108171496205945,0.00181814469870683,0.000582538204848891,0.00148960135821429,0.000137637885060006,0.00298887138472598,0.0003415942086981,0.0259324907055292,0.0278200445737817,0.0684971112465279,0.107854109456206,0.00778104688015019,0.00451589693286218,0.000112324638951546,0.128399950712782,0.00274743954211375,0,0.0111726579353887,0.00621739926778151
0.00287130277917569,0.000171266856906202,0.00126439261805064,0.307557874822686,0.0620200022496019,1.20802577434239,0.0590995859963117,0.615576603651106,0.198525718489525,0.694840756680531,0.0861318217572484,0,0.0459719337647095,0.202976334619614,0.445679627391821,0.000221842112587601,0.00837690318473833,0.0242305765059483,0.0399264504057233,1.12709757103715,0.00249634007447755,0.000414749812460828,0.00221950506727409,0.0811000250733785,0.00010057980930748,0.0271102519913064,0.012461422146865,0.317364738544244,0.051297373730292,0.00770318882774649,0.00235904210364502,0.0200492808657203,0.000154104095804968,0.0475679746407705,0.0678197153862947,0.128140954096452,0.00755097830862919,0.0607521363735579,0.0140071643331227,0.252029183383357,0.016540711476576,0.00376424347490103,0.0058680923630979,8.09419233565807e-05,0.00243950234175866,0.000877812128821156,0.0565885651967769,0.00202959950477087,0.000231622434762138,0,0,0.000149644761365676,0.0387648127059211,0.00851042168501844,0.0118199878957998,0.00366454713708305,0.00427132958119974,0.0375666896343255,0.0287440864351328,0.00169322109625764,0.0457438152286841,0.00666241781800698,0.00139295525267093,0.0366533799601006,0,0,3.40888802328408e-05,0,0.0232136641731159,0,0,8.75504108815074e-05,0.0208462502766449,0,0,8.23525235044001e-05,0.0430499939464132,0.000849610157037116,0.000301665333856836,2.57064283019691e-05,0.00129926430373023,0,0.00140141681819046,0.00768015518917516
0.00063613137888709,0.294122427376304,0.0035750956891247,0.00533166675479527,0.00665279341402914,0.0671488840622488,0.0675565387139136,0.0836177929721071,0.0326638396612643,0.077907532980168,0.818219646896447,0.0459719337647095,0,0.0596061117742361,0.035429736552623,0.00268364610079165,0.00235768582261041,0.00255906070396367,0.00372367567185973,0.0228682587488269,0.0137269075505165,0.0620735422442539,0.0118402813294932,0.0793760861101493,1.16362620488119,0.0114594655420263,0.0707359631363114,0.0969370464221219,0.0382206453927266,0.0336418326595113,0.032436329526865,0.0656289868608453,0.0022036930362055,0.194487045707345,0.0202147229027253,0.441234871263568,0.124487015406394,0.384529272493187,0.126950628155124,0.393172351749576,0.145312117967859,0.261391412012787,0.059674815116166,0.00231385530989936,0.0748696061844143,0.0112330797866965,0.11740377728285,0.0424919932056214,0.19095216670464,0.000751021669294474,0.00496131156282541,0,0.00402319991929974,0.00178915189220759,0.00706571186236154,0.0285927870519666,0.0315559783559656,0.00751513763650323,0.019532474797504,0.656058747332715,0.0178580792374283,1.0561884127971,0.0129077780594443,0.0142526782251054,0.000770039520136417,0.000398070228680366,0.0029121125901552,0.000674510140366227,0.0104990770366885,0.00165250918763054,0.00388543146955555,0.000387532013640952,0.0463207323590252,0.0909395292750603,0.178229922122412,0.444249823718049,0.0450721249953481,0.00885832693611592,0.00520314120559236,0.232343727386882,0.00752547787761647,0.000112729330616153,0.0200830727043579,0.00642540614377511
0.886271325889563,0.000365052620963109,0.0547392609524386,0.00858369243467159,0.0011887540452032,0.145958227757016,2.25670383603159,1.82973261182714,0.0253405290921846,0.51543963132941,0.239837322523701,0.202976334619614,0.0596061117742361,0,0.0134619831077662,0.000978823837576637,0.330135641469604,0.0668483190176878,0.16295429528683,0.0464231852456819,0.0662618526738556,0.000317633619725448,0.272750715499741,0.081288480704326,0.000527768381774455,0.134861145829564,0.0736718879324322,0.20918511466161,1.57022686413434,1.42085189488897,0.00592278097028932,0.0203851476824754,0.0119258643983509,0.166149904976283,0.0177127149028896,0.171776470112051,0.0297328375054974,0.115391974210661,0.0256762033639722,0.0636137812931426,0.0198971233803247,0.00462362084036265,0.0467573630598561,0.000741471697954005,0.00945577345710268,0.00214667899618411,0.0344612086524712,0.00506639729955678,0.000491833885904619,0.000952726707316081,0.000872061660851178,0.000656900167319018,0.0107048432192434,0.00063782310185256,0.00257991209209223,0.0375910326637123,0.0059050228622588,0.015951279385932,0.014697459662904,0.0031364221388642,0.00765512434733907,0.00474726646043155,0.00388159768579525,0.00574317442188335,0.000163815622955495,0.000395521812888786,0.000207492296142912,0,0.0123804100328602,0.000270794554497084,0.000512953351996207,0.000296231013164785,0.137113092265278,8.04115900772629e-05,0.00181133574521019,0.00661883226589473,0.119129445772943,0.00688970134160899,0.00579174347852726,0.00016795590273037,0,0.000312385426885134,0.00484345078363299,0.00258539798001779
0.00113205632765092,0.0027650232148286,0.00234117677072829,0.0332016389870467,0.298717142629793,0.428527011862786,0.108919145556903,0.0210157726760669,0.32329685084726,0.0829024660761033,0.00209579133523,0.445679627391821,0.035429736552623,0.0134619831077662,0,0.00194603356570019,0.00191442606995753,0.00058205517319271,0.00135904414032339,0.0395390294278692,0.0406173970451949,0.0112369431009998,0.0219512834015583,0.341646659249563,0.00114636452535995,0.00156268347025418,0.0188011228969898,0.175139811721305,0.00755360319439395,0.0464610197825977,0.000125426381499594,0.0120732371149275,0.000947188606508556,0.00521475180334775,0.31859746520584,0.0492108925217803,0.00703652020794866,0.00780635017579236,0.00585050009617221,0.749791638396277,0.0259842582002949,0.00193111943282089,0.0187518860626831,0.00190957973029074,0.00448743917996237,0.0151912305906291,0.0372376154881279,0.00258057219874268,0,0.000372488703827953,0,8.84891286196468e-05,0.0125493320756721,0.00420223380705218,0.00711623948178492,0.0152833819593323,0.00274951214452015,0.0228795989084592,0.0125413450873572,0.00188277643974782,0.0218993048565168,0.00425314871712693,0.00332941408011337,0.0186447441442753,0.00173858170919714,0,0.000487598930051178,0.000334398610198569,0.0104417490127052,0.000800481256255209,0.000385437215100455,0.00173620441386757,0.0418399503894248,0,0.000373439960531527,0.00285698402472073,0.0376383589947122,0.00425791103194622,0.00471005236412341,0,0.000725752461134943,0,0.00184815209844839,0.164183461512144
5.67063668794513e-05,0.0169909791231559,0.00877085971940001,0,0.000147942383232248,0.000243760546990174,0.00119694688711125,0.000147754310561383,0.0108416719315974,3.52017458943605e-05,0.00108688675185356,0.000221842112587601,0.00268364610079165,0.000978823837576637,0.00194603356570019,0,0.00454155042980143,0.000441242650423944,0.00296854605048728,3.2415853514418e-05,0.734677516608613,0.522016863509631,0.966193995065652,0.0966779316344074,0.00222035418750993,0.00506131676075492,0.810008560939356,0.0953072215339423,0.00162727679521206,0.0251817311655708,0,0,0.000499248880867314,0.012915026918036,0.0295284803680223,0.171910908574769,0.0147517595247666,0.0615553361149196,0.0329730725205946,0.000499760872218859,0.000163291726476329,8.33005047231255e-05,0.0823280297239728,0.00476054560276655,0.0223824698548522,0.0246386289656417,0.000860894281076169,0.000734809229887617,0.000130383138862932,0.00203157797045137,0.00028625193559326,0.00447191958630692,0,0.000496648626197445,0,0.0107264956130188,0.00267252253456336,0.00147458591364378,0,0.00137355263471825,7.14323640977981e-05,0.000711519188173375,0.00725238524373741,0.0011845662453083,0.243260243916949,0.00213996912807256,0.000176143912117198,0.000716559775508602,6.6086743299219e-05,0.0983167950222442,0.0767133954531837,0.198870146140249,0.0808399522909891,0,0.00172520088707259,0.0878631343368542,0.077100438543626,0.019375145065636,0.0435599752230614,3.08154169731229e-05,0,0.000593782810478205,0.00781637088194178,0.0188060500450724
0.0657048181577883,0.00165271757066959,1.72493602961783,0.000404247308867395,0.00014542887379452,0.00789394525846061,0.143436204926701,0.119823803339742,0.00138969536771319,0.0197824895009339,0.0527997447984622,0.00837690318473833,0.00235768582261041,0.330135641469604,0.00191442606995753,0.00454155042980143,0,0.0352716015258765,0.461195003006219,0.00193998980601393,0.150410665657056,0.00131966106282933,1.72485488081336,0.011615504057689,4.68207134583891e-05,0.702985576717032,0.977098521848783,0.0707317088070671,0.327196318243783,0.67075234484073,3.742595364452e-05,0.0021553394135542,0.0252181648992667,0.380433562754403,0.0264710868244959,0.2874462478961,0.257485415728533,0.319019320974024,0.143521242475762,0.00335192492059526,0.00136649153778373,3.92815354953289e-05,0.0292222577481627,0.00220903473587078,0.0142214323515511,0.0122530438989977,0.000526998383001036,0.000561561192821586,5.01095600799382e-05,0.000146254813676051,0.00804556684973284,0.0253201153670976,0,0.000110611776904476,0,0.00498976973697148,0.000100797257014635,0.000901805423431283,0,0.000687201941419089,0.000241284561932049,0.000156155637867379,0.000563570732302454,0.000188552198697305,0.00605896216023235,0.0221211971977984,0.000355359357002738,0.00213093945687062,0.000167593284511161,0.00415745305335281,0.00253677297636044,0.0173238277597516,0.00784551607328719,0.000216388536611426,0.0165751183445786,0.101987254131928,0.00787803088423805,0.000723999555104545,0.00512453266756503,0.00022631580679971,0,0.00011294402644361,0.00528250217603086,0.0199476849100711
0.00144211747324372,0.000571384285269427,0.00833139841700201,0.000857411875740322,0.000239600598558688,0.00763665602207052,0.0198771938699265,0.0195886635295132,0.00234525613908301,0.0366434728920163,0.773971013700209,0.0242305765059483,0.00255906070396367,0.0668483190176878,0.00058205517319271,0.000441242650423944,0.0352716015258765,0,0.771194320460409,0.0064786682812521,0.00528712053880272,0.000474751124190229,0.0176903724802011,0.00545569223268451,8.59162431452868e-05,0.393656697969635,0.046850760472994,0.0112534216656769,0.10563372359649,0.0104812440747743,0.00114581934610304,0.0329354803479047,0.000732330843332191,0.134507817111755,0.0129222185166646,0.143988065574301,0.171717150085423,0.334231596792983,0.132985188872501,0.00443599713729242,0.00099554845533688,0.000268658054546428,0.00313452611737355,0.000522487573844931,0.00168247988973747,0.00138095585447039,0.000341843366011876,0,0.000168113031517935,0,0.00169618168969272,0.00178205783570678,0,0,0,0.000182149450595954,0,0.00107931527768864,0,0.00938989738810717,0.000125269778285619,0.0117341828813485,0,7.08165257037996e-05,0.000253917506616545,0.00230584353498275,0.0010368835387354,0.001559239644382,0,0.000126581924917719,0.000240112070241964,0.000544036785910708,0.0011946873281397,0.00044596531691643,0.0264068538973565,0.0406143743927389,8.85962373678651e-05,0,0.000415344633816531,0.0126434691224215,0,0,0.000416560931179577,0.00734739340017051
0.0110124394699714,0.00471784290995884,0.0810868812219532,0.00101761807383697,0.000445477765721059,0.0104196331319185,0.0560035897123138,0.0344309256868193,0.00438918826597156,0.0710997923420305,0.709100940612241,0.0399264504057233,0.00372367567185973,0.16295429528683,0.00135904414032339,0.00296854605048728,0.461195003006219,0.771194320460409,0,0.0111155438631624,0.0346042042642383,0.00207528745754048,0.124599240261164,0.0129791854263172,0.000926442378372201,0.794628851045317,0.378777933602496,0.033556902313684,0.274806999972102,0.0784433209456624,0.000278895318667907,0.022947830826626,0.00526410788577466,0.554286795876771,0.0267552230389955,0.327476483049043,0.290321667180227,0.660903195566444,0.2148764165744,0.00550007196782909,0.00160564854829524,0.00018074201766876,0.0215783256715277,0.00281522621283809,0.0123746094995767,0.00982395280196644,0.000441926533866155,0,0,0.000149223522990954,0.0176231111468542,0.0145909995906025,0,0.00016389624633795,0,0.00300475139194737,0,0.0027273121325902,4.45393540092647e-05,0.00130119097383813,0.000526912596399376,0.0020656627051487,0.000109431838604307,0.000475503497548187,0.00248799727087349,0.0200495922434672,0.00408268901921227,0.010655434233012,0.000112767541981459,0.00175877613033769,0.000762908687263372,0.00547167368545105,0.00553562105487661,0.000855576708585044,0.0811523888776407,0.201318116429211,0.00280838456551463,9.77107857519957e-05,0.00320719421521503,0.00330279500606654,0,0,0.00412015202284225,0.018681447385022
0.00102757947284514,7.30078093196032e-05,0.000732946059699016,1.62751105735495,0.00669194986300995,0.0559560334084204,0.00881803613004116,0.0909345792241738,0.11128037708005,1.52106204504501,0.0228009467143603,1.12709757103715,0.0228682587488269,0.0464231852456819,0.0395390294278692,3.2415853514418e-05,0.00193998980601393,0.0064786682812521,0.0111155438631624,0,0.000375178743001962,4.02988412485361e-05,0.000639088161421528,0.104030505243392,0.00011386061103774,0.00941329088514418,0.00418766227728997,0.473345333363586,0.0169113967307291,0.00243660547461353,0.000461023612466297,0.0036921841310365,8.82035413791389e-05,0.00942280735953418,0.00241320636358442,0.032127540993747,0.00163118922210376,0.0120706239709098,0.00255009607396987,0.0410466381577236,0.00365779122911868,0.00109947499719315,0.0157719280202359,0.000206972517641092,0.00451663281068948,0.00162672138793876,0.0531999227701473,0.00505002083788403,0.000261063913790143,0.000251040264822334,7.72424206959726e-05,0,0.0985789317360601,0.00929832503615157,0.0119148455610264,0.00741937625240899,0.0113164001864469,0.0543493777134929,0.0628909901045546,0.00400081270868646,0.0638551751763499,0.00566986366171035,0.00386518566030955,0.0421106395280325,2.75497507058829e-05,0,0,0,0.0465242764951775,0,0,3.34302125123263e-05,0.0418152100106562,0,0,0,0.111928221929358,0.00143562468867786,0.000367235487527704,0,0.00209633458147843,0,0.00456664563570217,0.000304593690143263
0.00958489945740084,0.00598337628056634,0.391817582542163,0.000206026374945712,0.00179021996797594,0.00303287719689806,0.217377037804028,0.0261623853653396,0.0140566687395032,0.00433049228022823,0.00978705240813326,0.00249634007447755,0.0137269075505165,0.0662618526738556,0.0406173970451949,0.734677516608613,0.150410665657056,0.00528712053880272,0.0346042042642383,0.000375178743001962,0,0.147702650622201,5.78262941941474,0.0364011686307075,0.000241722022224218,0.0619167826376881,0.431971653814932,1.43726835529258,0.0626151195544161,2.91033952976929,9.97998620362102e-05,0.000466119396839157,0.00983497723950395,0.764801623461863,0.308475789236106,1.14029073345585,0.0873978204770117,1.17127366591678,0.493181917908189,0.00250598841665924,0.00280532913262043,0.000570810988809645,0.113457804239473,0.00839761642378181,0.0295412324112255,0.0300128939677964,0.00377440528673302,0.00262217273223628,0,0.00352167824760442,0.000516906931103185,0.00461439017761541,0,0.000939658400696895,0.000503891496793505,0.0230269980513483,0.00417775616980457,0.00226851635570974,0.000430531702769807,0.00252319949509887,0.000259847533752599,0.00249583588996068,0.0135403230107618,0.00301657403797786,0.183696924240115,0.00294324230210382,0.000202060256873301,0.000504649700671968,0.000106909561732977,0.128663759537991,0.0487361251599251,0.135108568945368,0.162600431560695,0,0.00107820162071407,0.0660195003707901,0.169389532287566,0.0351658095146932,0.0963481300648346,6.45531884578526e-05,6.03764452927589e-05,0.00163900789104737,0.0160357741296749,0.0713350679364606
5.33062915638983e-05,0.281225958455839,0.0033427986127481,4.58325996765137e-05,0.00125165222998305,8.04011730905952e-05,0.000160089888857937,8.70902918717384e-05,0.744085658957147,0.000103820728341842,0.0180719976883975,0.000414749812460828,0.0620735422442539,0.000317633619725448,0.0112369431009998,0.522016863509631,0.00131966106282933,0.000474751124190229,0.00207528745754048,4.02988412485361e-05,0.147702650622201,0,0.194855727852912,1.1888661327809,0.105848177823476,0.00984557858636432,1.21337038787623,0.0789064481595346,0.000538899680036688,0.00191656486904659,7.02758817335966e-05,0,0,0.00418968502303757,0.00446015918826763,0.0160216655180447,0.00601373724173276,0.013594430176087,0.00311143052804554,0.00475553289248446,0,0.00941501767981254,0.0583357120705126,0.0029284345653973,0.0158796655788706,0.0167174694259643,0.000868804407698269,0.000701830772481744,0.00141592656254499,0.000776820100532934,0.00520225424405802,0.00654302810980813,0.000958913716316555,0.000101268708335864,0,0.00429255895713025,0.000775117769642072,0.00202643911660227,0.000160202900958955,0.00785655627409555,0.000178173565122211,0.00983199395585622,0.00171227751672104,0.000483086426067877,0.116176313685662,0.00277134702453249,0.000486667836082759,0.00116776044119165,0,0.0480199257920771,0.0411575083947913,0.0805934225046248,0.0511683268179927,0.00063039632577399,0.00560950785354688,0.182089242881437,0.0352478583393369,0.00551372079902126,0.0179235963376931,0.00196053670396868,0.000206453302113229,0.000422632526581729,0.00438698210291467,0.00872538423615177
0.0491531147938054,0.00583507381249769,2.95417420334803,9.18823655732036e-05,0.00157222329428432,0.00539364218392029,0.308048653947353,0.102001419440547,0.00696312405486204,0.0070633702017088,0.0251559692823655,0.00221950506727409,0.0118402813294932,0.272750715499741,0.0219512834015583,0.966193995065652,1.72485488081336,0.0176903724802011,0.124599240261164,0.000639088161421528,5.78262941941474,0.194855727852912,0,0.107251450798302,0.000220696614120906,0.463898315488106,2.84714251535147,0.875634251776649,0.221836002056448,1.66645625597585,0.000179094690908376,0.000560214431164816,0.0185547598552445,0.778931552193495,0.36791385427196,2.39765771508707,0.848906935222907,1.68254756226424,0.886716483340813,0.00701483868716043,0.0054990480973271,0.00027842283391546,0.28947139925111,0.0102808478370361,0.111556604990704,0.121699504612143,0.00412949574690152,0.00262739479009322,0.000154513730223453,0.00116054483152688,0.00284797468553981,0.0514381273120495,7.88039588862565e-05,0.00109657857294711,8.80306630998254e-05,0.0176372500124294,0.00180741918459363,0.00120183588681867,0.000197671733141002,0.00375457890489657,0.000160158949621403,0.00120260312780707,0.00391537725711216,0.00283290146330629,0.653524114123916,0.0127197140221589,0.000971925961752765,0.00352061118755132,0.000123022281916929,0.289893760943912,0.113409907714275,0.825843984993193,0.119008410657213,9.81935634793639e-05,0.00625481931807323,0.639045947079103,0.157412942241734,0.010684594020343,0.0532929715783932,0,0,0.000967811905541083,0.0271614742005194,0.160063839135595
0.0078138318851376,0.223636632369574,0.0173983177712391,0.272659378539795,0.0247158476508832,0.039342774753329,0.368028892079261,0.0657298545033838,3.41040402181799,0.117694354311152,0.030704398055814,0.0811000250733785,0.0793760861101493,0.081288480704326,0.341646659249563,0.0966779316344074,0.011615504057689,0.00545569223268451,0.0129791854263172,0.104030505243392,0.0364011686307075,1.1888661327809,0.107251450798302,0,0.0649172987214312,0.0174547955155752,0.89608460296124,1.24396905938332,0.0924500543556831,0.275238056634309,0.000650898388561451,0.00541158426239186,0.0264118479172968,0.0778988090569733,0.116813662846116,0.399980625888213,0.0373956525318159,0.148890996615612,0.0591417233431905,0.192328089166424,0.0157323719128926,0.00705406666139215,0.442997950396775,0.0123417675987876,0.0983155194728561,0.0331983993435618,0.206528092884696,0.0655642912301338,0.00270781698809588,0.0105498390717754,0.00230429025833688,0.00107358607871733,0.150430007420673,0.00832998811605717,0.0263700815092349,0.339899489478929,0.127649905956844,0.305113510698845,0.165933474604407,0.0568598048077778,0.046389948123395,0.0234009727761185,0.091604612479486,0.0397752703100462,0.0439936187702907,0.00227640053828719,0.000810342052210726,0.00215007171937471,0.0775821048993789,0.0308125040080721,0.042079653364601,0.0366118188899005,1.61018000018873,0.00219734142621765,0.00221230844912243,0.0358374947855909,1.10879668315062,0.13793864724978,0.105567668960422,0.00015648494220103,0.0127030829919296,0.00214479340349075,0.0755339048885662,0.0450432975398121
0,0.317171100741947,0,0,5.45468971976101e-05,0.000168111210710552,9.20460256460609e-05,0.000136539042567992,0.0464705137695244,0.000368193490076575,0.167014804840693,0.00010057980930748,1.16362620488119,0.000527768381774455,0.00114636452535995,0.00222035418750993,4.68207134583891e-05,8.59162431452868e-05,0.000926442378372201,0.00011386061103774,0.000241722022224218,0.105848177823476,0.000220696614120906,0.0649172987214312,0,0.00555645210114194,0.366736805490749,0.000641057794709894,0.000843697786811567,5.9606517383194e-05,0.0114942961384807,0.000401257267563731,2.67969088591069e-05,0.00678136853249854,0.000233623055239493,0.000983740501745634,0.00703409286699,0.0128444158168054,0.00068239399421413,0.000572381186169309,0,0.0463208122737691,0.00408779410249764,0.00154100861657369,0.00305315172372124,0.00134065865096428,0.000195806870093643,3.47025690899074e-05,0.0286125698230057,0,0.0291019385089372,0.000405158417260295,6.93298413971185e-05,0,0,0.000352191451360193,0.000184599408934933,0.000887123749585721,9.42522280717584e-05,0.0975724780184735,0,0.324785430059326,0.000434803598376047,0,8.91965231141564e-05,0.00153178821530633,0.00276596791268872,0.00401311663446117,8.38885841704133e-05,0.000121356564017761,0.0011966773229757,0.000124653646594,0.00277173190974966,0.10521525674847,0.0765136931202174,0.404698326733859,0.000391926174986595,0.000543982224679327,5.05299480884016e-05,0.034566126095421,0.000479197063392508,0,0.0022455675884153,5.91165607536375e-05
0.0133707900290042,0.0243238392442984,1.47724560563374,0.000770154232969949,0.000458879368671053,0.0114531047433586,0.0694865150635443,0.0437300030608969,0.0148319951283971,0.050842188529808,0.492353232077872,0.0271102519913064,0.0114594655420263,0.134861145829564,0.00156268347025418,0.00506131676075492,0.702985576717032,0.393656697969635,0.794628851045317,0.00941329088514418,0.0619167826376881,0.00984557858636432,0.463898315488106,0.0174547955155752,0.00555645210114194,0,2.98546829272038,0.0451940486158696,0.136807427503399,0.120297569259505,0.0031422486791824,0.02650701554693,0.00200986278342681,0.184348209253995,0.0535491187925824,0.703757242135482,0.839209084863302,0.773993987393864,0.390727436952561,0.00631125046942471,0.00199928055996508,0.000990780900529206,0.148218196687772,0.0202332061172771,0.0791631213784025,0.0552042203591527,0.000580327915940896,0.000503924054797944,0.000421665284173557,0.000638282358685428,0.139846563315255,0.103546337240023,0,0.000279140629649115,0.000104289299834746,0.0251058484529641,0.000369294675012681,0.00548127420634134,9.7352511880779e-05,0.0783244739010532,0,0.171445109565229,0.00326792575928462,0.000419455282657862,0.00686945396745287,0.133329018542523,0.0377522857551901,0.0709581965256421,0,0.00856037547650315,0.00565151441330769,0.03751475755432,0.0130232502877648,0.00981119522154028,0.740350804716897,1.64571487873217,0.0108278086092956,0.00218681143729073,0.0212190379786978,0.176630692404376,0.000111614437461006,0.000130007336029834,0.0260777640567835,0.038546591378062
