0,5.92350768562406e-05,0.0115806069099702,0.000143510145543366,0,0.000844697160759834,0.492006289441424,0.107118410887562,0.0013913449518141,0.00213795148531307,0.000422930571624667,0.00136196657628005,3.07126066876948e-05,0.88985280461072,0,0,0.0224850738160977,0.00179724705170863,0.0194663495957349,4.72164475899637e-05,0.011916159385872,0,0.0248598399753639,0.00608251283321947,0.000168193625634551,0.0132023207604778,0.0253247658935727,0.00696122833801156,0.63736243195607,0.657971317848227,0.00041726656716156,0.000272928447080612,0.000655423801788315,0.00868770507892778,0.000163969196117788,0.0014481489461689,0.000371770510767117,0.00341659947181399,0.000445131297643215,7.08745356943607e-05,0.000236337257551551,0.000181100426220268,0.000328155876046151,0,4.51006206102669e-05,0,0,0,0,0,0,0,0,0,0,0,0,0.000366256106138989,0,0,0,0,0,0,0,0,0,0,6.56229552761615e-05,0,3.42032579926402e-05,0,0.000281542298754543,0,2.95318776731193e-05,0.000129455376879543,0.0003084107307107,0,0,0,0,0,0,3.78992280492485e-05
5.92350768562406e-05,0,0.00103913091976383,6.16507089961469e-05,3.42884594499021e-05,0.000256518395006865,0.00323465213970122,0.000415138883623689,0.302438821540973,0.000465204261847586,0.00515968744642261,0.000111029645453394,0.0489741224947051,0.00199083714177561,0.00405015787407136,0.00698277566637598,0.00192192340453389,0.00374599327153,0.0068005216338813,0.00022721543869403,0.00254086868402498,0.378241790579335,0.00110984799345891,0.504011258304278,0.404811267455971,0.0190196352518846,0.556787744473989,0.0172914831171379,0.00555742462077157,0.00170593262471696,0.00476246699469232,0.000679613171904385,0.000189324070506841,0.0105405437861623,0.000879108470268127,0.0188431049555816,0.0205212383279472,0.00872696051305259,0.00435750980032366,0.00126292420122325,0.000351866528992534,0.0206994733394643,0.00931454381943164,0.00423147963345468,0.0056526054483613,0.00272559409750542,0.000174971023070783,9.54432857428196e-05,0.000766530556310237,0,0.173714858733103,0.00232110888163737,0.00502204708224062,0,9.54223859690129e-05,0.000421076477591098,0.000132092146491736,0.00144279898854928,0,0.000565976543275624,0.000235719673609838,0.001763976308563,5.07857274446786e-05,0,0.000913321236529755,0.00269307129828082,0.000845845976063844,0.00829246067801868,0,0.000143668609018922,0.00544246386784166,0.000324132600521102,0.00394931724131213,0.00157419358494559,0.0706152510284995,0.565330721400419,0.00079582628818044,0,0.000307281668662831,0.00171695848479825,0,0,0.000986154452611997,0.000475646321120113
0.0115806069099702,0.00103913091976383,0,0.000467845599112481,0.000390732858504995,0.00485418851373109,0.10082338342169,0.0859232622885906,0.0033487605189084,0.0149681386941192,0.00121035120008373,0.00764833048962665,7.50137798695713e-05,0.142961606125941,0.00211485985751334,0.00617000675024882,2.15353663505844,0.00537513208784537,0.0885749986413687,0.00336181548272865,0.16366893395748,0.00388706056780128,3.8699586179665,0.0078857065059954,0.0021436619766932,2.86455812003963,3.6814713520803,0.102643701302724,0.108376684274413,0.282123884399099,0.000273227982878238,0.00157805095383924,0.00226560119356577,0.36303515585462,0.0639362973377606,1.01427506810211,0.206074732108775,0.406124348987055,0.195388514785723,0.0114875836168179,0.00668698993464126,0.00155788148415807,0.0723363387979641,0.0170742065522942,0.0290847464446259,0.0258877778713897,0.0028814174513807,0.000853758992339728,0,0.00050916053120555,0.0283197242646819,0.224402049854441,0,0.000503925299024165,0,0.00440405043215557,0.000188851580908,0.00204552494309386,0,0.000317002906754494,8.18512681844233e-05,0.000457644874901533,0.00151569655696435,0.000871382456088213,0.0149680037089311,0.062972715230234,0.000392342702835694,0.0150024844886613,0,0.00198265296946765,0.0177252621401999,0.0287960922979514,0.00506934131115446,0,0.178963037428788,1.41126659301119,0.00434607075875908,0.00188261419228436,0.00502292745125412,0,0,3.27781158158481e-05,0.00481890130386551,0.0744421712562634
0.000143510145543366,6.16507089961469e-05,0.000467845599112481,0,0.00420359146612599,0.0397801062342142,0.00580180514637284,0.0386266648948874,0.299163439151747,0.801216629425986,0.00364108127396667,0.345891413521695,0.000476893449162706,0.0248543276657781,0.0500293242907026,8.20113662534354e-05,0.000166574671323135,0.00300142255971886,0.000623453138304308,1.38071777046751,0.000158812433631316,0,0.000888437069802451,0.31301154086734,0.00258748731934732,0.00786170510491793,0.00580053811542823,0.649873066736662,0.0198199610486382,0.000448861336311057,0.000468628408221274,0.00467335847919778,0.000126932075680197,0.0181292943779896,0.00401114354017922,0.0558483100963632,0.00437851589177203,0.016485577976351,0.00167960295476422,0.0305201031832682,0.0164735750138572,0.0009290519009134,0.00832314257737181,0.00011194440078783,0.00173756626726155,0.000612791893862665,0.0468939335178388,0.00165249242109912,0.000146076098120719,0,0.00149035938913625,0,0.121476089960296,0.000888210531265017,0.0106852635331661,0.00319337135219344,0.00173235967499933,0.0545438514233321,0.0371135518865537,0.000112822352444798,0.0336770615281306,0.000888767324445847,0.0010116984379528,0.0148855571218096,0,0,0,0,0.0405355870423562,4.95399922598898e-05,0.00444928354807675,0,0.0929182463743463,0,6.57848352822661e-05,0.00228405739289306,0.0574107986453438,0.00101134129309592,0.000114740384407222,0,9.88371714173555e-05,0,0.000819876303448694,0.00109093348865995
0,3.42884594499021e-05,0.000390732858504995,0.00420359146612599,0,0.120663095104215,0.00130347274381392,0.00662519767675847,0.0323831682617153,0.00547284418930648,0.000490255419563353,0.0407880480494841,0,0.00217644893773167,0.266083171175754,0.00189358490901005,0.000484322950391769,0.000168105767387361,0.000118137585313559,0.00540018818157293,0.0114111596731731,9.46184468619822e-05,0.0183677022487449,0.0124871103009335,0.00187087340246537,0.000480266432761192,0.00306610700510384,0.00796310222235722,0.00341879270254949,0.00429325229693618,0,0.103829911995525,0.000248476697087765,0.063359540224721,0.0217429902786682,0.0131603708233603,0.00184048428872955,0.00359372379779728,0.000998640584815949,0.9313638406052,0.360488933872419,0.000180285952043295,0.00199865086225459,0.000798175668635967,0.000520400730231702,0.00255456029436979,0.00370934174478218,0.000144577433772028,0.000106754902689576,0,0,0.000416381059538781,0.00214271043609924,0,0.00119369853290057,0.00112287794339478,0.000178502182364285,0.00129561541192106,0.000897480444289745,4.23252881222963e-05,0.00168960185963484,8.78286311199663e-05,7.88333482139708e-05,0.000765963757575661,0.00115983946273386,0,0.000108316524211049,0.000179934753883451,0.00119877983012095,0.000317512305934042,0.000614528808265567,0.0013180772354663,0.00260034833520054,0,0.000353014312891096,0.00139114260986432,0.00373752145681851,0.000160318416814655,0.000451438705717921,8.30899953375462e-05,0,0,0.000141943730749249,0.103568625120743
0.000844697160759834,0.000256518395006865,0.00485418851373109,0.0397801062342142,0.120663095104215,0,0.657243338497136,1.27042740178077,0.0542961528433793,2.14076230485032,0.0057676903290952,1.37426811719238,0.000357714142043501,0.0964431011928336,0.273573359613059,0.000243228590756223,0.00111479762993194,0.00362829229303554,0.00253163178288135,0.079738793329992,0.00321248750596665,0.00014120364208579,0.0066634239271001,0.0170533942729805,0.0112131760261181,0.00907935569259153,0.0121438974685571,0.326455301211289,0.0138540475538973,0.0213783200758214,0.000734632422730833,0.0989270696141583,0.000121610488617152,0.0123172743025585,0.571542632574717,0.0838349017188786,0.00656549046715125,0.0121610344588748,0.00283673696733376,0.140054211212301,0.0972349299158019,0.00250568789079793,0.00414406057159668,0.000300988486155688,0.000566701324316695,0.00117369489848122,0.0114602548442062,0.00079225538524349,0,7.12247323779315e-05,0,0,0.00614351527165955,0.000292391726343483,0.00227979910426929,0.00177573627147256,0.00065065237514025,0.00259775311879581,0.00391679382508606,0.000114790794348538,0.00605261195873578,0.00074579008629863,0.000224108972105339,0.00250744675940253,0.000366201098615795,0,0,7.24640972527265e-05,0.0025413688949475,0.000138886801551282,0.000220418113031089,4.10172588110865e-05,0.00651813308997836,0,0.000144920601703733,0.000441249071417794,0.0102556413042876,0.000322190473269775,0.000105484100668788,0,0,4.22621513744593e-05,0.000337394648914397,0.0392471716393474
0.492006289441424,0.00323465213970122,0.10082338342169,0.00580180514637284,0.00130347274381392,0.657243338497136,0,1.56368627526465,0.141282297424475,1.50751492989108,0.0134187180061314,0.0331520348776955,0.00167751273795018,3.40120654269055,0.0213372590329281,0.00181411510766004,0.00590505000134919,0.011176105559974,0.00666262212908028,0.00675071654279411,0.138516970458025,0.00528476387405433,0.187950612796115,1.39229086987852,0.0104702211375662,0.0264543455665401,0.0521931938829629,7.05152669315523,0.410062039413455,1.07110103702426,0.0017591238498221,0.0122230852173527,0.00930031405487585,0.125676432266731,0.0354570424865676,0.253898786795686,0.0199618719539882,0.153285788718445,0.0154230518088085,0.00967054097760116,0.0354277871429692,0.00696693477974395,0.0585091199669132,0.000677097387532696,0.00885102927367643,0.0039318134090845,0.0200522475211475,0.00340872382556768,0.000153054172984093,0.000166623110543326,0.000271464903468802,0.000299431538190156,0.00605356968546018,0.000158340544918239,0.0038168910207537,0.0275997768914339,0.00207931936854272,0.0386946945127597,0.00570540323833259,0.000146127834154755,0.00435398469823493,0.00535364305000453,0.00165749185741873,0.00336256877936768,0.0013935674947241,5.11432982167602e-05,0,3.59825475042313e-05,0.00266741379157555,0.000294821521890357,0.00173449802023058,0.000345685267790064,0.0660364349185006,5.07661537635922e-05,5.76330302270055e-05,0.00364635137133582,0.102051343763261,0.00284007039146835,0.00156465332627879,0,0.000128819952846706,0.000254578885407314,0.00179469580586789,0.0139821016743847
0.107118410887562,0.000415138883623689,0.0859232622885906,0.0386266648948874,0.00662519767675847,1.27042740178077,1.56368627526465,0,0.0334739235129234,0.672980468149147,0.0166534676343677,0.41132077816446,0.00157804150312637,1.61655626086963,0.0448319936050773,0.000378371947671071,0.0631222342794599,0.0178085706967984,0.0547520780661057,0.0907313140244301,0.0827493826437728,0.000746679015056446,0.148711428365168,0.047434744919283,0.024101885014334,0.0738185782911512,0.120770183857653,0.225555690540498,0.229888352379188,1.08844885944616,0.00174271237956586,0.0188279067933991,0.00132277323828867,0.0352125627422947,0.00459814829716875,0.215012467160677,0.0174398035765379,0.0312030821891514,0.00797493814321318,0.0863689347402688,0.0417780158037316,0.00561464039684512,0.00521806598249392,0.000204468772274316,0.000474631464203268,0.000168817639744609,0.00639062391071808,0.000198735721202239,0,4.80472861194611e-05,0.000271433074941277,0,0.00210223753604749,0.000173376723493635,0.000863158111919373,0.00168531278309798,0,0.00471296240404312,0.000758389744471535,4.49752634078264e-05,0.00257295370228589,0.00089845909611264,0,0.00177405274381286,0.00123355086760424,0,3.71878046296388e-05,5.82909379777312e-05,0.00154319110958411,0.000324608080735296,0.000249781721970156,0.000122787669873253,0.0060939026113604,0.00013498704143323,0.000432232587143987,0.00267355611722232,0.00628702193160504,0.000400251077787056,0.000207704717082754,0,0,0.000121169088525415,0,0.00172013045484193
0.0013913449518141,0.302438821540973,0.0033487605189084,0.299163439151747,0.0323831682617153,0.0542961528433793,0.141282297424475,0.0334739235129234,0,0.262137288024209,0.00606219679575907,0.317196366797687,0.0117315530191424,0.0491798763647862,0.24803258515253,0.0357258578015279,0.00360203492506522,0.00502695029856172,0.00312019754899536,0.187763984301446,0.0321371312345002,0.357143878861766,0.01904399887657,3.00884326942975,0.11213316247761,0.0154492146512321,0.543603356391692,0.647925662207266,0.117717052027489,0.088702811281753,0.0030502697237864,0.0183254372149606,0.011372535562784,0.0790317249738455,0.0468436358592802,0.39107550881851,0.0375710053229344,0.117223393329094,0.0175307531576655,0.373354561530774,0.0418060640253866,0.00692800698491302,0.155773140893267,0.00462668963192713,0.0296530996096627,0.0132096350527973,0.099584895052743,0.0068595560333104,0.000411695964749932,0.00718488226232092,0.00329932147315458,0.00132556753666523,0.155340084570017,0.00438906354578188,0.021302975019112,0.0734338645882226,0.0165289075494844,0.428374739977497,0.106631067977411,0.00278968145582974,0.0667721899017414,0.0092354763329718,0.0212174879649904,0.0480844612226088,0.069243386956606,0.00071166079481104,0.00273797262741501,0.00237574658381729,0.050688767316066,0.01440558485371,0.11020689501434,0.0124532826356813,0.324038322645241,0.000326925409345597,0.00910377052609693,0.0259977478697633,0.343763693269934,0.0514522955662267,0.0393666649219405,0.000444455153815344,0.00155917356352073,0.0032813178812443,0.0149209028685388,0.0537087010918443
0.00213795148531307,0.000465204261847586,0.0149681386941192,0.801216629425986,0.00547284418930648,2.14076230485032,1.50751492989108,0.672980468149147,0.262137288024209,0,0.0458395699666907,0.625523063787424,0.00710174525055017,0.806838713435667,0.0563171685632534,0.00337566662939486,0.00210688481877587,0.0396946143189038,0.0193218822575878,0.854185934717097,0.00456155083402396,0.00012732292769596,0.0288692103845351,0.157980931875883,0.0334824582548784,0.0839372033604791,0.106352354674157,0.713388262182356,0.31005263358385,0.0164655605756619,0.00579434585640471,0.0431768620568678,0.000601883310106293,0.180342085716198,1.28677691208479,0.987116586792032,0.098608145298049,0.221491713369008,0.0209930099005314,0.0408874732140972,0.157649771260215,0.0232672278028563,0.0332739812361299,0.00140932919336099,0.00230146753759092,0.00348877438646174,0.0597351339796363,0.00262343720491159,0.000404194285859644,0,0.000338514990060836,0,0.0886995871497602,0.00108347395695617,0.0135458773340447,0.00812057598380566,0.00137645550908177,0.0679581855096702,0.0626898583292607,0.000524749335899577,0.0463748643458551,0.00175211430327907,0.000501497831046283,0.0223663827988799,0.000499567424520716,0,0,0,0.0345628878505883,7.16870782883614e-05,0.000567193723724291,0.000385558810768276,0.0891946509585033,0,6.82497147301137e-05,0.000263883078849748,0.108854932182248,0.00133983781381401,9.77746580433845e-05,0,0.000201506667914808,0,0.0013541018242538,0.0638992815867546
0.000422930571624667,0.00515968744642261,0.00121035120008373,0.00364108127396667,0.000490255419563353,0.0057676903290952,0.0134187180061314,0.0166534676343677,0.00606219679575907,0.0458395699666907,0,0.0364076426482544,0.687933296391421,0.0537799177065088,0.00202445743006967,0.000161916710785672,0.0251830682543218,1.01814206541888,0.181606611952539,0.0132113347145851,0.00497451004252662,0.0045606469383759,0.0054046782716646,0.00317021467217861,0.162577206714842,1.04705975887906,0.0967745796793726,0.00875873149598125,0.11318907053079,0.00797405081911962,0.219663262469232,0.0526481740044727,0.00254889198470983,0.634149218216346,0.0045779884784957,0.0606922762056487,0.114811336275303,0.112773942753193,0.0336732670082043,0.00423468413421039,0.00324875555248497,0.189254171010748,0.00229643094535047,0.0384358168376467,0.00410484257426654,0.00181040234503347,0.000422212172404811,0.000863326714478847,0.0864118017004311,0,0.0345636615566231,0,0.000209389342912987,0,0,0.000122534222704381,3.55126916728765e-05,0.00615755672414232,2.90125374026596e-05,0.0587656212148044,5.36278342264891e-05,0.525958839549139,0.000556551056091949,0,0.00169105975123689,0,0.00406020322211637,0.000935333348881322,0,3.65260935713201e-05,0.0250816423404107,0,0.0105325807029795,0.122555130775476,0.0457011330190723,0.121389232896993,0.000496242316092566,0.00945491426318752,0,0.0901807627298085,0.000394675095030486,0,0.0220917743811071,0.00204894610806118
0.00136196657628005,0.000111029645453394,0.00764833048962665,0.345891413521695,0.0407880480494841,1.37426811719238,0.0331520348776955,0.41132077816446,0.317196366797687,0.625523063787424,0.0364076426482544,0,0.00481272344307788,0.186720561952251,0.290301757607776,0.000405583165386379,0.00149418473150938,0.0307601976482727,0.0135729825380143,1.3413834489355,0.00168997366978796,0.000499069898015052,0.00851075452404246,0.0500216711448572,0.0258895274918789,0.0687326790455622,0.0867675322863373,0.0966806678143107,0.0997641372639129,0.00632133598510489,0.00672187049218841,0.0437431083149706,0.00022785652164337,0.0951222028493557,0.930987937017973,0.249621234094347,0.0387100150622495,0.0677848238566677,0.00890374875971439,0.171951410218651,0.0885136720262102,0.0135515104884341,0.0120954174318778,0.000158630765835405,0.00224103120721212,0.000355045389653414,0.0555896985675988,0.00100687119799604,0.000125093277757794,0,0.000161652065500498,5.62508824626207e-05,0.0479703674027947,0.00108869589597893,0.0123530750326209,0.00332314704032323,0.00190827581079796,0.0131115491865777,0.0245508841952206,0.000772821666797507,0.094702438952613,0.00245028760242319,0.00283221688820776,0.0192748444019953,0.000515907488367572,0,0.000503064634919688,0.000190191558463439,0.0269057348361661,6.35197883379013e-05,0.000268788956565261,0.000108738454222694,0.0219268746707926,0,0.000413395925829485,0.000531658115511596,0.0365559935064882,0.00194905438673291,3.4628825550288e-05,3.04908660273999e-05,0.000907473915863811,0,0.000651343336212471,0.20627284824999
3.07126066876948e-05,0.0489741224947051,7.50137798695713e-05,0.000476893449162706,0,0.000357714142043501,0.00167751273795018,0.00157804150312637,0.0117315530191424,0.00710174525055017,0.687933296391421,0.00481272344307788,0,0.00605597745543578,0.000480372280745387,0.000325284839262396,8.76465120841708e-05,0.00357905245357475,0.00291279493931712,0.00149111416611838,0.000278124743706301,0.0474122433359787,0.000138397284553557,0.0268169536767894,0.873051233786651,0.0560840774954975,0.171379712577556,0.00202424840470468,0.00767166588135571,0.000750889375558257,0.511138039934438,0.0055798329631816,0,0.204415078328842,0.000695673022690073,0.00554536584957358,0.0584952650261484,0.0359900867764689,0.00271746120999162,0.000594466319272787,0.000513344029120803,0.0493137951521993,0.00606925904758099,0.0344941188209124,0.0108430909354555,0.00473648308269614,7.82840557450952e-05,0.00066883574009937,0.0797217598416716,0,0.0474713649697468,0,0.000167685534129769,0,7.14161847121417e-05,5.55478737459481e-05,0.000256892376176357,0.00338897718837792,0,0.0604048840123191,0.000138341719887242,0.56737693563776,0.000847559897952868,0,0.0015750091780133,0,0.00569090204607995,0.00269501113249682,0,0.000115528313707352,0.0208135365095001,4.62287663649022e-05,0.00875501626534877,0.161545701928691,0.0638823150960457,0.245637044332623,0.000169645706371963,0.00898768156294959,0.000129282344802022,0.0861904431159968,8.0049446607813e-05,0,0.020361813925548,0.000227272511330366
0.88985280461072,0.00199083714177561,0.142961606125941,0.0248543276657781,0.00217644893773167,0.0964431011928336,3.40120654269055,1.61655626086963,0.0491798763647862,0.806838713435667,0.0537799177065088,0.186720561952251,0.00605597745543578,0,0.0150073479659434,0.000517651491380692,0.133562777583361,0.0708781838329897,0.159884216536139,0.0669434566344446,0.123048629905318,0.00211509812598551,0.231176141602826,0.120826692087287,0.0184662629758751,0.203512276642826,0.428254802694428,0.351225050668418,2.11831445383296,1.91774672677566,0.00739755982940604,0.010030756680751,0.0058746191525286,0.117934850888685,0.00321915967011791,0.153251534164147,0.0281353914575274,0.0587034149074923,0.0092251965727138,0.0374270901688751,0.0201692941442542,0.0091847678527303,0.0083869601126635,0.000466500595757723,0.00155793954215496,0.000256896833321333,0.00547309879220199,0.000177091044739604,0.000162824469599664,0.000116045628002822,0.00144667786040475,0.000655237241723255,0.00217156008281055,0,0.000482556958643287,0.0036308042050323,0.000185963014836103,0.00750855801699324,0.000582407612537637,5.5136941555351e-05,0.000924639700351073,0.000880202070846957,2.67503314277679e-05,0.00118148553435655,0.00028944368178995,0.000113567860591352,0.000203353031011998,0.000258174155297995,0.000486373683715969,0.000301941279170543,0.00126696226176124,0.00030270884511979,0.0113116668340887,0.000738775449493438,0.00273674037877737,0.0139498850160966,0.0124727709817802,0.000854749742456453,0.000814074249510287,0,0,9.68958085111378e-05,0.0004849304804326,0.00140848426049185
0,0.00405015787407136,0.00211485985751334,0.0500293242907026,0.266083171175754,0.273573359613059,0.0213372590329281,0.0448319936050773,0.24803258515253,0.0563171685632534,0.00202445743006967,0.290301757607776,0.000480372280745387,0.0150073479659434,0,0.00406808585567415,0.000587220083597184,0.00148327012968639,0.000822000807587179,0.0563991672947901,0.0167308910121948,0.00378637956575547,0.0305586987550369,0.211699551678522,0.043185600782273,0.00496535352424292,0.0250625024574054,0.0877383477922256,0.00930033011763442,0.0182152761786568,0.000432152185866103,0.0609202020570771,0.000281424856668025,0.0110148747844613,0.098496394062465,0.136365590059953,0.0288613590108505,0.101413222978139,0.0522956281292305,0.811169748804371,0.07290487059759,0.0167753620518683,0.0185235744171062,0.0110953885269804,0.0036701260059537,0.0173528351260511,0.0287791180601904,0.000830829237639367,0,0.000290416170504838,8.05066838381289e-05,0.0035353552718842,0.0169774317842774,0.00021402626784423,0.00596533729133838,0.0070710096881845,0.00208469406147516,0.013197821707749,0.0122618763509617,0.00054834570083414,0.015559089097258,0.00146748441864139,0.00133466220285342,0.00611470487591142,0.00589593770917861,0.000447338155362755,0.000270279047356158,0.0013397025017072,0.00808468191615453,0.00527236717713492,0.000833930466622266,0.0139208803984144,0.0185082613038656,0,0.00435069262010584,0.016996961902297,0.0321026972709079,0.00310966448200543,0.00204293152704419,4.14155332624913e-05,0,0.000126382539173424,0.00124954639138179,0.285183459863436
0,0.00698277566637598,0.00617000675024882,8.20113662534354e-05,0.00189358490901005,0.000243228590756223,0.00181411510766004,0.000378371947671071,0.0357258578015279,0.00337566662939486,0.000161916710785672,0.000405583165386379,0.000325284839262396,0.000517651491380692,0.00406808585567415,0,0.00217340562170428,0.000577510713574916,0.00105105533198415,0.000344980553110361,1.01259240778994,0.626113088369491,0.414531701410533,0.240382995111951,0.0260794761198255,0.00178407774232045,1.21673999420521,0.133770199412174,0.000981025227269662,0.0130155970035445,0,6.3593747936219e-05,0.000257318178562924,0.011767261106894,0.0288954652522681,0.469107592813321,0.0585477302523252,0.103422184812177,0.0532450884405525,0.00383611326654899,0.00340608133718063,0.0016302160226125,0.080970976365187,0.00470616870901946,0.0210074364701394,0.0122973781875527,0.0702399702582127,0.00148399937017467,5.15927699770332e-05,0.00178535674493546,0.00169420156648464,0.00974892780783435,0.000875910360542611,0.000201285634043515,0.000953775921224562,0.0063260725834011,0.00428444283507483,0.0123198360696556,0.00268525368010223,0.000448350705430806,0.00296850291113208,0.00205152228720774,0.00541437811499993,0.00152137627424485,1.14771305139098,0.00185206683839068,0.00011245760787946,0.000401143503653973,0.00172682480341932,0.0457868667989604,0.347215513347687,0.238138778947735,0.037082232587842,0,0.000651078573512837,0.312396166822308,0.0528785083142477,0.0161937482416561,0.0239291128924264,0,0.000122956007674634,0.000811235154064028,0.00822113299157765,0.0348349094735661
0.0224850738160977,0.00192192340453389,2.15353663505844,0.000166574671323135,0.000484322950391769,0.00111479762993194,0.00590505000134919,0.0631222342794599,0.00360203492506522,0.00210688481877587,0.0251830682543218,0.00149418473150938,8.76465120841708e-05,0.133562777583361,0.000587220083597184,0.00217340562170428,0,0.0451747060976055,0.463331904816729,0.000511606094823673,0.0671054602894865,0.00206918468420968,0.889752921030128,0.00913844615857624,0.000705860456044644,1.54605172971846,2.77012811010133,0.0269570665109186,0.166192800647887,0.114625448546158,0.000283746163556487,0.00212056419269219,0.0157119192112218,0.318968713709697,0.00154916655014566,0.0415353504271155,0.00882927553069209,0.041124320962092,0.00888919645073142,0.000689499119460404,0.00103317290028495,0.000385225751991316,0.0029836575608972,0.000842430635774629,0.00143164132958597,0.000432829250591695,0.000616154261812657,0,0,0,0.00323486754688743,0.00376617301612751,0,0,0,0.000798633831368493,0,0.00113909899962899,0,0,0,0.000155903623925239,0,0.000112296294225455,0.00149892317620552,0.00159138225604349,0,0.000957718335022866,0,0.00051123687699765,0.000716113763515532,0.000701801150396213,0.000695197091235995,9.05364433869422e-05,0.00880369665023433,0.0643870122524024,0.00233275261113867,0.000623969778042198,0.000490707255728528,0,0,0.00013768729543215,0.000335885877713203,0.00159401900263324
0.00179724705170863,0.00374599327153,0.00537513208784537,0.00300142255971886,0.000168105767387361,0.00362829229303554,0.011176105559974,0.0178085706967984,0.00502695029856172,0.0396946143189038,1.01814206541888,0.0307601976482727,0.00357905245357475,0.0708781838329897,0.00148327012968639,0.000577510713574916,0.0451747060976055,0,0.198524424629494,0.00947955499981087,0.00794498300943569,0.00171261123975677,0.0126024249203244,0.00264568517758778,0.0153937047599127,0.764973391503219,0.358298931104455,0.00782355317332474,0.183032546967016,0.0118363799833123,0.0122007615284658,0.0361814735634815,0.00253169730475429,0.483510065937512,0.0178320431572467,0.197228308479437,0.204199230023414,0.18108455596851,0.109662612652687,0.00233808402648266,0.00218074489337452,0.00248891049492502,0.00420201945227373,0.0053462615643827,0.00400695375943926,0.00424897211792013,0.000380734444012403,8.22879947202207e-05,0.00107023543519743,0,0.00609566720564659,0,0,0.000136913630837738,0,0,0,0.000807226803988818,0,0.00145358026970677,6.61487464351654e-05,0.00871861174639248,5.86176402581632e-05,0,0.000450721473735929,0,0.00257789523255671,0.00555062049197671,0,0,0.000672953833556145,8.84283841795328e-05,0,0.00860224273824775,0.032640256068504,0.114955446305134,0,0,0,0.00599401706465136,7.8384346111536e-05,0,0.000373042295846224,0.00958274924224848
0.0194663495957349,0.0068005216338813,0.0885749986413687,0.000623453138304308,0.000118137585313559,0.00253163178288135,0.00666262212908028,0.0547520780661057,0.00312019754899536,0.0193218822575878,0.181606611952539,0.0135729825380143,0.00291279493931712,0.159884216536139,0.000822000807587179,0.00105105533198415,0.463331904816729,0.198524424629494,0,0.00505499596933009,0.0425243390644866,0.00274573432177718,0.0701034176008641,0.00618454327044032,0.00565549823674927,1.9709902091844,1.27788289382971,0.0131728610673726,0.304490553544218,0.0651202210432288,0.00376566780933484,0.0159101891860987,0.0118547910885804,0.782832678844015,0.00785834496093597,0.121141007922694,0.0908345499766277,0.106341722767214,0.041642606316584,0.00139611345000741,0.000965816274468107,0.000683672532806679,0.00226903875972152,0.00324505898844934,0.00291829487894428,0.00183317114522993,0.00060456829101649,0.0001894036130476,0.000284267536708668,0,0.010143481226951,0.000840230212827919,6.38721307131648e-05,0.000114071250913262,0,4.67483644867241e-05,7.15073627956211e-05,0.000478478123056412,0,0.000448716633349717,9.26306615015866e-05,0.00453410950929254,0,0.000285366146971107,0.000761324219597131,0.000496951874694288,0.00114478088792586,0.00496118651269914,0,0.000141169631030664,0.000441141862807214,0.000214552577008203,0.000755231380691707,0.00486884573368481,0.0344825818741065,0.124844831045136,0.000135605933049709,0,6.50031220417619e-05,0.00340676178390311,0,0,5.9683270870924e-05,0.00639847961952871
4.72164475899637e-05,0.00022721543869403,0.00336181548272865,1.38071777046751,0.00540018818157293,0.079738793329992,0.00675071654279411,0.0907313140244301,0.187763984301446,0.854185934717097,0.0132113347145851,1.3413834489355,0.00149111416611838,0.0669434566344446,0.0563991672947901,0.000344980553110361,0.000511606094823673,0.00947955499981087,0.00505499596933009,0,0.00124726264330692,0,0.00534535780456707,0.102036075021175,0.0109002121192173,0.0215103158849002,0.034384058272968,0.114765854246483,0.0441759224237015,0.00244636658568346,0.00190186816530843,0.0116206562684393,9.15685118822154e-05,0.0224881231041468,0.00475477127344299,0.145995622862516,0.0221911591666572,0.0256933226439576,0.00424468921600249,0.0371491488495771,0.0236637321783312,0.00608183662032427,0.0072620859323695,0.000123644774708032,0.00149058735046067,0.000499294716775984,0.0394498598835026,0.000521385096224964,6.60233247698844e-05,0,0,0,0.066586680311619,0.000794919673581867,0.0089563777652489,0.0026254250639438,0.00238613353426787,0.0187700906656825,0.0232631083418664,0.000253290683024064,0.0275561988554907,0.000681844421902344,0.00138105554285025,0.0151446419114247,0.000153029635664284,0,0,0,0.0161022939510206,9.29339407484529e-05,4.29011623039246e-05,0,0.0228896738656094,0,0,0,0.0367136406729777,0.000776676569987508,0.000118790616910845,0,0.000394699130461037,0,0.000683829944156587,0.00109244525738323
0.011916159385872,0.00254086868402498,0.16366893395748,0.000158812433631316,0.0114111596731731,0.00321248750596665,0.138516970458025,0.0827493826437728,0.0321371312345002,0.00456155083402396,0.00497451004252662,0.00168997366978796,0.000278124743706301,0.123048629905318,0.0167308910121948,1.01259240778994,0.0671054602894865,0.00794498300943569,0.0425243390644866,0.00124726264330692,0,0.0364043008163236,4.45830514819755,0.0634996452979847,0.0221266057281822,0.0423735067391348,0.474790781242807,0.899429363486392,0.124591167115358,1.7143597046782,0.00020266569137007,0.00111320176022418,0.0520151330983881,1.12217871463404,0.0870018734704487,1.02430835962521,0.0532461108925734,1.1230463656609,0.266571697543079,0.012525526652192,0.00809886566345113,0.00216640532788112,0.0712215414581149,0.00506850305018932,0.0185054361346951,0.0172676883862294,0.0513624930000481,0.00230380202713028,0.000110056256560981,0.00401438367737454,0.00044054067775169,0.00148042120595918,0.000410277036330521,0.00171138302925563,0.00155693893382813,0.0106757341687194,0.00538831465125401,0.0173026776994953,0.00122568570577849,0.000350769864126534,0.00157120946192154,0.00213556447237213,0.00917081283570774,0.00269766204709803,0.158133404096761,0.00035315046761933,8.23458547241095e-05,0.00029180266951096,0.000708823336260483,0.0365605951794546,0.0724143412777193,0.028052772512886,0.0382652517277091,0,0.000968075966392216,0.022339540048459,0.0518266168416654,0.0318461640149141,0.0372032823763697,0,0.000230527447352081,0.00176847900114,0.0106811165511478,0.131677025001568
0,0.378241790579335,0.00388706056780128,0,9.46184468619822e-05,0.00014120364208579,0.00528476387405433,0.000746679015056446,0.357143878861766,0.00012732292769596,0.0045606469383759,0.000499069898015052,0.0474122433359787,0.00211509812598551,0.00378637956575547,0.626113088369491,0.00206918468420968,0.00171261123975677,0.00274573432177718,0,0.0364043008163236,0,0.0764653059088448,1.4346822553036,0.20278009188336,0.0109953914158145,1.21631297196759,0.0594943575921708,0.00486380475566896,0.00456813207103637,0.00452890494991205,0.000247748370590464,0.000232505139673441,0.0100049263100321,0.00111191150654125,0.0228004783460003,0.00679587846065902,0.0116373180732301,0.00332585807342998,0.00066807709074232,0.000237090667000562,0.0122614958083959,0.0190085220101208,0.000655885104782074,0.00485788564872332,0.00301814336642673,0.00747349154170719,0.000287760893150672,0.000130581722279131,0.000792598808724317,0.00331769251706949,0.00201454853604466,0.00340883693713266,0.000488322326318681,0.000121598364998639,0.0020303238777813,0.000671615619519845,0.00571416126575391,0.000217745773744374,0.000415056670479536,0.000473962832598567,0.00192024750881407,0.000724282199983656,0.000261953648475766,0.236724742092987,0.000669451378644645,0.00010817967650728,0.000752013211511552,0.000232201901866973,0.0108494018498483,0.185520594583077,0.0364331185861603,0.0201065777033466,0.0004331389024508,0.00486395828083047,0.107721841434766,0.0140217328255712,0.00233614876912834,0.00648012101972672,0.000674395503544807,4.57556873915196e-05,0.000308943062545777,0.00202086710539976,0.0015737247559152
0.0248598399753639,0.00110984799345891,3.8699586179665,0.000888437069802451,0.0183677022487449,0.0066634239271001,0.187950612796115,0.148711428365168,0.01904399887657,0.0288692103845351,0.0054046782716646,0.00851075452404246,0.000138397284553557,0.231176141602826,0.0305586987550369,0.414531701410533,0.889752921030128,0.0126024249203244,0.0701034176008641,0.00534535780456707,4.45830514819755,0.0764653059088448,0,0.0639489961547468,0.0159124733301596,0.250886115481802,4.05329991636185,0.729309587918141,0.200343685993349,1.08223405699374,0.000770659205557153,0.00171404987078294,0.0285836187327342,1.08192732290929,0.29867768333745,4.02837876552098,0.44088023004555,2.38740124523214,0.790016202798312,0.0594319876459379,0.0251215213005697,0.00307691471602596,0.072743825502685,0.0115153854937279,0.02320190357529,0.0469427237451024,0.0414699819412047,0.00345692210207768,0.000247865372948319,0.00150236784018046,0.00331381714462536,0.0862372211564132,0.00044877704654254,0.00473645684171554,0.000945241107899889,0.00856912243065181,0.00207744746895169,0.00942651303380857,0.000878796331985174,0.000113823515612513,0.00187090571676644,0.00207061020165229,0.00259616353881949,0.00491775178455719,0.728366381328858,0.0068403776544781,0,0.000722757133497268,0.000577834793599084,0.0238053129994038,0.166203271768389,0.187200450363405,0.0276731429803787,3.77287353471965e-05,0.0043656841765821,0.744585370101637,0.0384751017312896,0.00557285833017346,0.0122101893017781,0,6.47860111947655e-05,0.000225631317338959,0.00458914175398585,0.399710475530694
0.00608251283321947,0.504011258304278,0.0078857065059954,0.31301154086734,0.0124871103009335,0.0170533942729805,1.39229086987852,0.047434744919283,3.00884326942975,0.157980931875883,0.00317021467217861,0.0500216711448572,0.0268169536767894,0.120826692087287,0.211699551678522,0.240382995111951,0.00913844615857624,0.00264568517758778,0.00618454327044032,0.102036075021175,0.0634996452979847,1.4346822553036,0.0639489961547468,0,0.168780054153605,0.0145302664763726,1.25865823879791,1.31717141002873,0.277454962208845,0.326924866230049,0.00332126051227188,0.00281830346583308,0.0251903179732931,0.106197845241036,0.0444729498294621,0.270804297881434,0.0255719404412812,0.141796482813381,0.0239889335174949,0.0614557168047642,0.0210137345886583,0.00562050092088215,0.220716208735764,0.00481457914638022,0.0470548396653933,0.0181895749500299,0.0732272557808697,0.00908746595134604,0.000421343022227824,0.00717255233509086,0.00477274459314288,0.00154422481957957,0.0566349442850742,0.00209062208271074,0.00792237486445136,0.103758233852246,0.0185856167862059,0.213444801320097,0.0324191659741027,0.000647055164457619,0.0234056095288428,0.0151885909333176,0.0236944365637045,0.0148227037226904,0.0758331407051245,0.000270448142595917,0.000380726772934377,0.000782894114560233,0.0179171719303537,0.0194037524985675,0.0944670272018765,0.0176454432610571,0.306939472416357,0.000318008218566448,0.00158731347896199,0.0319121550092672,0.361825332483182,0.054932420701706,0.0517834558250467,8.82871368868949e-05,0.000676623247224688,0.00376929439665481,0.0182932452505449,0.0375517053602781
0.000168193625634551,0.404811267455971,0.0021436619766932,0.00258748731934732,0.00187087340246537,0.0112131760261181,0.0104702211375662,0.024101885014334,0.11213316247761,0.0334824582548784,0.162577206714842,0.0258895274918789,0.873051233786651,0.0184662629758751,0.043185600782273,0.0260794761198255,0.000705860456044644,0.0153937047599127,0.00565549823674927,0.0109002121192173,0.0221266057281822,0.20278009188336,0.0159124733301596,0.168780054153605,0,0.0831973450434694,0.254523646358921,0.040422317506582,0.0164216872872465,0.029308671880664,0.138552283685553,0.0217277339663991,0.00182067910316485,0.0945450620350714,0.00475762516771564,0.121573814556037,0.114480062115248,0.315093632082772,0.0689542004861544,0.296165994976091,0.0945141945656177,0.139491583287973,0.089893444949619,0.0239348412952672,0.0342451737506386,0.0103411292850625,0.250340345347717,0.00503144083989328,0.0272614024672014,0.00229934823652457,0.139068626316513,0.000510842451898724,0.00489230426095055,0.000521852286057413,0.00671460710249049,0.00754453842110802,0.00949588062628369,0.00421150613771553,0.00979937729710268,0.0203710581754555,0.0151971520175521,0.218236359568228,0.0108062122324486,0.00356909305061191,0.0316134691933323,0.00179006655431692,0.0103125607561944,0.021657139560885,0.00498360910600142,0.00864162325100344,0.0130900623266599,0.00783610546051882,0.016860449131331,0.0877065303569129,0.147210477040655,0.675275739064962,0.0224847938171452,0.0163695420799349,0.0146177929218117,0.0492984453619046,0.000861813534479808,0.000480907543337465,0.0135234984097124,0.00669708918282995
0.0132023207604778,0.0190196352518846,2.86455812003963,0.00786170510491793,0.000480266432761192,0.00907935569259153,0.0264543455665401,0.0738185782911512,0.0154492146512321,0.0839372033604791,1.04705975887906,0.0687326790455622,0.0560840774954975,0.203512276642826,0.00496535352424292,0.00178407774232045,1.54605172971846,0.764973391503219,1.9709902091844,0.0215103158849002,0.0423735067391348,0.0109953914158145,0.250886115481802,0.0145302664763726,0.0831973450434694,0,2.80085020461639,0.0306695898295567,0.35824572473749,0.0532989567971483,0.0991548549435012,0.0607084193378199,0.0053725847420065,0.667996370714107,0.0558696095029451,0.724726417773782,0.552841744223392,0.40482624284839,0.256134549602283,0.00994932445556388,0.00671862459247559,0.0178018857045418,0.0458689188688932,0.0773482662387359,0.0556796214467625,0.028567783102126,0.00101205015411762,0.000972763669623864,0.0218406221215906,0,0.0908766945316655,0.0119231071701071,0.000371300173766703,0.000471447372843325,0.000178053134216964,0.000145791236828297,0.000361166677391723,0.00577395413726725,0,0.0320864802459035,0.000415859453859925,0.276851207468806,0.00078508161270741,0.000492227743050992,0.00134753457798003,0.0124381850884818,0.0316504108258851,0.0714580247930677,0,0.000533365356287644,0.018899228880782,0.00166246964803738,0.00544776417295834,0.160816611217508,0.532476576036096,1.59173384013546,0.000283224877889588,0.00171683854477666,0.000824565489325673,0.145146355360032,8.49121111977098e-05,0,0.00929966940114559,0.040439478822413
