0,2.12357157424092e-05,0.00145285368931889,0.000376104356472194,2.82106979951262e-05,0.000722334298458696,0.451204633918713,0.0909698174772462,0.00137990513932854,0.00424400693983734,0.00169501737109423,0.000356935663162172,0.000442978452676535,0.626090850911316,7.38434068813918e-05,0.000304279320108891,0.042349389114511,0.000317355259479582,0.00280741789298951,0.000206985533536971,0.00481739582928121,0.000113061575464905,0.0180622897316873,0.00825214118812683,0.000123018083457649,0.00105505842900127,0.0102052634800181,0.0124131231583491,0.595637198187036,0.328262469077857,7.25011254698039e-05,0.000919724944844841,0.00128234011602849,0.0399435549314976,0.00129474292179197,0.0117663787931733,0.000336566473907232,0.0189531093164921,0.00672033056201934,0.000308599557504058,9.72326689660548e-05,0.00010360300630331,0.000735256096570192,0.000108593828040361,0.000307200915545225,2.37110190108418e-05,0.00017473857138902,6.24868812292814e-05,0.00013228589142859,0,0,0.000654376593755185,0.000265415299232304,0,5.94132993400097e-05,0.00121164978140741,0,0.00087181798710376,0.000102863621234894,5.46672659486532e-05,0.000230321051064133,4.92456576213241e-05,0,2.8586590012908e-05,6.58150285542011e-05,8.50312492758034e-05,0,0,0.000163021449311078,0,5.69624093592167e-05,0.000307071868555248,0.00276790807785541,0,0.000343180844034255,0.00160642920982093,0.00269465736633092,0.000111864568814635,0.000258851309967041,0,0,5.54478415712715e-05,0.00019236004512012,0.000353931352995336
2.12357157424092e-05,0,0.00503165770198703,0,0.00176331137275994,0.00010001083829999,0.000578260729765892,0,0.105527353810925,3.25574112474919e-05,0.0112499552774191,8.40952744424344e-05,0.146922613040815,0.000233201591357589,0.00292478840587288,0.0304843728472352,0.0142264219876528,0.00128860016771257,0.00449248012197912,0,0.00816113697094469,0.278649744681309,0.00487511256409139,0.220153827540748,0.188943940305291,0.0250692796590462,0.978737047182137,0.0138291715636208,0.00096637444753647,0.000203897229100764,0.0133671497496441,7.47808182522652e-05,0.000237630430595577,0.00361237883786559,0.00124623977351189,0.0162666333629072,0.00312726074676812,0.00279115809392631,0.00179419322785735,0.00360024326536507,0,0.0296672606241077,0.0246456914247528,0.0110262452367112,0.00399945364268571,0.00317238551797271,0.000539385917195678,8.40085797965526e-05,0.00856477700389626,2.89538274809718e-05,0.161768043276027,0.0170033735302806,0,0,7.92312526524069e-05,0.00141729618724287,0.000136014259672165,0.00397631193408519,0,0.00538091532534957,0,0.0080118267873779,0.000133364627082646,8.61923052012917e-05,0.00382207345544994,0.00790645345858635,0.0010160358748287,0.00201403078931272,0,0.00147326851611436,0.00860189488007426,0.010411775729397,0.00545104536128193,0.00288604820589423,0.0346777349438846,0.530372980823422,0.00199094670902342,0.000122040523611009,0.000704497047767046,0.00665508328566404,0,4.61446421831846e-05,0.00202397746526599,0.00194631845188737
0.00145285368931889,0.00503165770198703,0,0,0,0.000129286711192131,0.154318689912629,0.0047233578921631,0.000535231599882245,2.74309289529919e-05,0.0039791633138448,0,7.86713209480044e-05,0.00885970769313726,0.000135532006967068,0.0042280544028014,1.39923557344216,0.00615261458076685,0.046329586597985,0,0.105262404458128,0.00761874712037891,2.15098732003065,0.00477524119749069,0,1.48514964258847,3.96504357924096,0.121118711082798,0.00362692369570881,0.022140325033401,0.000681335127554832,3.32425650626421e-05,0.000554408064624667,0.0478331204591096,0.00754011148914545,0.139394477081725,0.0401996283743531,0.0458711054446846,0.0307392084284708,0.00111631290823818,0.000440468613633514,0.000313155638247728,0.107373873311832,0.011462392066513,0.028868334265177,0.0189638732056617,0.00411374659768939,7.38652905285359e-05,0.000224784107615054,9.05901587963102e-05,0.0108719974892691,0.341283401698566,0,0,0,0.0270513791260779,0.00025371029548645,0.00103023183068186,4.09925043493509e-05,0.00354667499378175,3.09452845081687e-05,0.000561207710802555,0.000726310610720513,3.16911339953541e-05,0.00898961997520033,0.0422582084465638,0.00191963669294268,0.00639719506811947,0,0.00690506522075686,0.00661243983077559,0.112632458105694,0.00333277763265521,0,0.122107452792147,0.573260725824375,0.00981188051913234,0.00011562233505249,0.00326817863506079,0.000628699857643246,0,6.37541742056608e-05,0.0111011075333297,0.00985005879941133
0.000376104356472194,0,0,0,0.0065478213869378,0.0267030214247748,0.0160201414466188,0.0262655728133216,0.358674804736474,0.362158726704941,0.0102601417325065,0.594486533194573,0.00532638095874489,0.0335495814812422,0.0173125838379845,0,0,0.000339112834757566,0.000101379102985561,1.29320034975139,0,5.12410376518965e-05,0,0.372700240063271,0.00461739396590888,0.000523107258671522,0,0.381583780107889,0.0256403680396512,0.000224114740012586,0.000409689639741183,0.0095410424144581,0.000427998439756035,0.0173518854631171,0.00273279604370445,0.0837901167797281,0.000701687537580728,0.0120781316672668,0.00408027750518471,0.0711682303707184,0.00451726464270204,0.00338050167717486,0.00578303376286179,0.00023634028058052,0.00269873703864366,0.00151201928013861,0.0347068583083034,0.00180917879852951,0.000922424234139921,0,0,0,0.146591635098146,0.00185945192782581,0.00567799576352835,0.0304989751665786,0.000504827746751905,0.0824193288533181,0.0459839140973121,0.00017996177661717,0.0927293257651316,0.000866515731100738,0.000691482905021312,0.0375366079598263,0,0,5.88602284759283e-05,0,0.114239008944319,0,0,2.12069535925984e-05,0.0685611148305999,0,0,0,0.205585085970207,0.00191480728150159,7.66967451989653e-05,0,0.000452784055544436,0.000121689619888365,0.00156316100045442,0.000326997387519479
2.82106979951262e-05,0.00176331137275994,0,0.0065478213869378,0,0.172363950549982,0.00878134146174792,0.00465485961172432,0.0538920141104758,0.00467206922308803,0.00108343867374659,0.071168304069802,0.00374324431162476,0.00491571533306837,0.31034366597743,4.47955411434174e-05,0.000188211328732967,0.00010383494823575,0,0.00976417575011999,0.000522741848275066,0.00363229342776239,0.000224229986822605,0.0169080492601767,0.00580121364737302,3.52487407118082e-05,0.00196193433086425,0.00901216572679727,0.0024005116153121,0.000610319544750452,0.000130617620015144,0.0365729866148293,0.000132172369641066,0.0271325184616327,0.00811763346379992,0.0235948618736788,0.000498147474485635,0.00229787034535557,0.00281415319327712,0.564204996740592,0.452343693517175,0.00145210517085493,0.00207838469830155,0.000259833607247471,0.00163715454709232,0.000815424452483656,0.00660547938463387,0.000395617526373267,0.00136776435054839,0,0,0.000127852501192689,0.0025784753095597,0.000358937397712469,0.00064535183929503,0.00175753604454696,0.000257069752264023,0.00107909416436255,0.00233888358726204,8.57916289865968e-05,0.0104407815332383,0.000937836264127494,0.000230140985405445,0.00618639090389907,6.69034922361372e-05,0,0.00011205133831501,0,0.0056905234322682,0.000196640240013599,5.75330051958561e-05,0.000845483422788981,0.00374092023336589,0,4.00885297626257e-05,0.000273157979294658,0.00587569855459928,7.41159349232912e-05,4.05509064406156e-05,0,0.000254935300880671,7.85915656417609e-05,0.000224137581351399,0.0122918232757956
0.000722334298458696,0.00010001083829999,0.000129286711192131,0.0267030214247748,0.172363950549982,0,0.149982009832652,0.97420188144721,0.0048724813670665,2.11537341607356,0.022381058618541,0.720672664502024,0.0173599602208033,0.155727574827388,0.040534247547099,7.11892959058282e-05,0.000234665717446804,0.0014335958855465,0.00021728096036911,0.0735331517536638,0.000222323309057951,0.000451267643022537,0.000902004979982975,0.00886694190957251,0.00838249073493628,0.00225794637959898,0.000550188930425048,0.0184187163503274,0.0449739906444266,0.00168568339801133,0.0019005049433738,0.179737859964296,0.000137256122794747,0.0401662550569028,0.153543177317382,0.269584301672047,0.00308494602935761,0.0206261400022387,0.0194002256506875,0.290528732029406,0.0868487264883487,0.0103171229895518,0.00411942262426615,0.000627655769625306,0.0172596384094208,0.00549823812438548,0.00692920823720994,0.0012847264422834,0.0069503082354829,6.19436718419194e-05,0,9.60734616994859e-05,0.00319398978408426,0.000113902693685889,0.00131057045847773,0.00623373953132182,0.00195726065225601,0.00447635127547681,0.00224291504774988,0.000461009957778454,0.0071429792615354,0.00623231544184685,0.00115212761725187,0.00280331631936729,0,0,8.71170899569986e-05,0,0.00460701690763682,4.90894302427768e-05,3.09833664894104e-05,0.00029645439042449,0.0192763659623131,0.000194535692945123,7.4625265967846e-05,0.000127569332568348,0.0186002901673347,0.00106083388085067,0.000117327746455371,0,0.000533596207907796,6.90002207726239e-05,0.00051919232698828,0.0121834480840534
0.451204633918713,0.000578260729765892,0.154318689912629,0.0160201414466188,0.00878134146174792,0.149982009832652,0,1.49834009149182,0.169802193383262,0.624160019609338,0.104841831796691,0.0144385931919694,0.0483877076434761,3.5976227738396,0.0200846890623808,0.0054395402619347,0.355618163902589,0.0109446439719245,0.0219481002798915,0.0051779522754103,0.268653125262514,0.003849099021779,0.597237078316574,0.60595682963208,0.0260576554536402,0.0492819126074955,0.26127775867715,4.80885316750137,0.669603992606957,1.33033571906265,0.0119457700043723,0.0596396320978537,0.0543760499511123,0.343086462160228,0.0571848536043227,0.568480305065314,0.034405050837493,0.314626584396869,0.148732503449392,0.0707640854321209,0.0344075939936087,0.0299504617177293,0.125972980904617,0.00543621128840446,0.0535195438857794,0.019453692216593,0.0597125340761617,0.0199740936528638,0.0135834333114266,0.00181610578041226,0.000266101887622476,0.0294987115256667,0.059187548307243,0.000392006828606129,0.00799238506559282,0.178213695968449,0.00858869676044133,0.124624493238889,0.0524788161174595,0.0120300247364402,0.0483181765612588,0.0208418714155242,0.0139120880471796,0.015194447660476,0.00889589794680926,0.00145455004190058,4.34465892523527e-05,8.86751208543775e-05,0.0565497126755699,0.00781937697043868,0.00267628094700426,0.035141329992114,0.354679816472496,0.00063835208658278,0.00265269117607623,0.051679946293737,0.598620518605927,0.0424273498351089,0.036400142469424,6.49742890924215e-05,0.0015197193507716,0.0139077294569805,0.0417250364882156,0.0262884885734126
0.0909698174772462,0,0.0047233578921631,0.0262655728133216,0.00465485961172432,0.97420188144721,1.49834009149182,0,0.00823676862759591,0.991199176000181,0.0243994834012449,0.252879452951682,0.0175919236542061,1.73059406069948,0.0190243079381168,0.000392738752314448,0.0464796595005423,0.00148509219709038,0.00278584181990772,0.0630799187470481,0.00927631444150957,0.000280115656372905,0.0278090283911973,0.0198519200493604,0.00554201963293701,0.00348221606251896,0.0222614464536443,0.0464805707382784,0.146982332683741,0.197945571390362,0.00212448273151517,0.0197834613149151,0.00664482482219783,0.0760371232965368,0.00974331530821322,0.233680999832252,0.00340949174779058,0.0550192426019266,0.0256506104362696,0.143492159498687,0.0161035656284362,0.0099376403188035,0.00661673021880538,0.000797855869629982,0.0106701220964313,0.00406944958608449,0.00575195365185141,0.00127574222290814,0.00550006768245846,0.000111724047186971,9.77345622003078e-05,0.00107965244954377,0.0046782264190793,0,0.00106033125561029,0.0139143351411581,0.00127412335896492,0.00951203859861195,0.00324028831632883,0.00062236316511333,0.00995660861316918,0.00515357013826221,0.00149336311279535,0.00387359921208769,0.000261171804732084,0,0,0,0.00503582498150021,0.000493241106238961,9.74586783125997e-05,0.00070215691639781,0.0328288818623766,0.000124595152401924,0.000114282948303222,0.00154815913332403,0.0364771428068072,0.000899505673585835,0.000490372205431759,3.69214198619128e-05,0.00051144836346209,0.000592748236007988,0.000898628310267625,0.00145960573743582
0.00137990513932854,0.105527353810925,0.000535231599882245,0.358674804736474,0.0538920141104758,0.0048724813670665,0.169802193383262,0.00823676862759591,0,0.112518067214942,0.00856243866427393,0.118923258076322,0.049206968622525,0.0176960399518445,0.161927974519256,0.0134165790505305,0.0028720790424183,0.000707824054889379,0.00082073381856233,0.114331905778076,0.00879282915190908,0.544881203384641,0.00541617880038321,2.25800490368553,0.103376063154401,0.00475338178995475,0.262758169002266,0.630341011249741,0.0462765823420331,0.00251078901820779,0.00709960493286697,0.00331912224468738,0.00883934887560454,0.0192259294229507,0.0126125752831534,0.0442720531375453,0.00237004033715576,0.0150383658844248,0.00492898467120677,0.14040960314358,0.00262461994389296,0.00763364105487315,0.023486698341608,0.00212353677941859,0.0107518397443056,0.00316780398578793,0.0150537864355132,0.0032183625229016,0.00188422625148743,0.00170858236906081,0.000958376905703546,0.000251818242144585,0.0620001389362872,0.000739835273775461,0.00548968602020144,0.049995472366105,0.00360984388100356,0.404316681269507,0.0185898615644485,0.00646773942933529,0.0350444094050333,0.00375852738489658,0.00596888456610292,0.01451927202698,0.0302530481215641,0.000391779910629987,0.000471353744114935,9.78058906048534e-05,0.0394031448199734,0.0267315408880591,0.0373434791120187,0.0172001587918952,0.485544626245196,0.000552629487933219,0.00165485511869788,0.00885525190900863,0.267656700728832,0.0165613020881519,0.013261110978216,0.000519555362780392,0.000886369966797531,0.00452293207949102,0.0115758222688839,0.0100149780619517
0.00424400693983734,3.25574112474919e-05,2.74309289529919e-05,0.362158726704941,0.00467206922308803,2.11537341607356,0.624160019609338,0.991199176000181,0.112518067214942,0,0.150810224347655,0.429480800975619,0.0582522900647029,0.79206076913459,0.00816865202653706,2.16861036121845e-05,0.00280906620006413,0.010842212393269,0.00419188260431886,0.781780582974316,8.94394098311662e-05,0.000107727972722054,0.00101322126218676,0.102717145871656,0.0151283164445221,0.0168715294428214,0.00174562924260646,0.452988030748871,0.305330037672838,0.00515456028351188,0.0140203036753222,0.0984292426464714,0.00221400285630673,0.203711770582161,0.0195070915615708,0.603838950482923,0.010798607735829,0.112274498836948,0.0402027179642156,0.102469811710681,0.0407841865352154,0.0378824325921759,0.0172502306371674,0.00292054500360936,0.0263790052489981,0.00940355686367153,0.0458734999113187,0.00537729717799723,0.0114090006990284,0.000156697832804918,0,4.68417239695787e-05,0.105222628129962,0.00209699088905454,0.00654215808902532,0.0686974026682422,0.00177957591906935,0.0776416880573002,0.0698596063008472,0.00142945472079366,0.104676581331794,0.00744352194742261,0.00047132554127276,0.0350449998435349,0,0,0,0,0.130758752964091,6.4749078476429e-05,0,0.000138329033799469,0.119297959169188,0.000164715209452808,0,0.000116190128463507,0.310620945634022,0.00436421130162031,0.000247810924614966,2.97362517625094e-05,0.000408059375734627,0.00100392088484913,0.00400570131895244,0.00446861276569069
0.00169501737109423,0.0112499552774191,0.0039791633138448,0.0102601417325065,0.00108343867374659,0.022381058618541,0.104841831796691,0.0243994834012449,0.00856243866427393,0.150810224347655,0,0.099797804606013,0.736963368626692,0.0290882432197988,0.00400932166821063,0.00170924446173907,0.0387181266594931,0.620790338018994,0.103638104166372,0.0288328769046798,0.00426807857097388,0.00944196706625819,0.0236805027839765,0.0214203414558694,0.173227523789129,0.710624769464666,0.0664190765961797,0.0306300369396553,0.203822466861337,0.0110749543024376,0.32952176524441,0.175381696396972,0.000735490552443268,1.29244222817746,0.0282048115825295,0.485829468139395,0.460490462565775,0.780188320049569,0.157958818555449,0.0200789202790484,0.00485567243780494,0.16499427565966,0.00366720194458365,0.118561016548151,0.00564881647423357,0.00319467237293422,0.00219779610119462,0.000369825174504518,0.0664291099118292,7.36635237336156e-05,0.00434370885977447,0.00590259287595749,0.000111766425043345,0,0.000271747617387772,0.00166995326524079,0.000535534999743104,0.00530323608662188,0.00042114960590601,0.192833822122456,0.00366096988771856,0.365281518936954,0.000710540759257975,0.000230100887954235,0.000297097097696364,0.000701019082532825,0.00805454349782912,0.000660503857956827,0.000434158367523551,0.000226922523213923,0.00147425580987632,0.00205734284054786,0.0112102435227916,0.0325068587352008,0.0544577536555454,0.0397091251064613,0.00394438059806675,0.000792368520087001,0.000211315740345418,0.0901089616793813,0.000703243605995179,6.29344843357802e-05,0.00710498894983382,0.0154918865029871
0.000356935663162172,8.40952744424344e-05,0,0.594486533194573,0.071168304069802,0.720672664502024,0.0144385931919694,0.252879452951682,0.118923258076322,0.429480800975619,0.099797804606013,0,0.0450924489557102,0.279344228958661,0.154856440076754,0,0.00132758200625181,0.00595023913354129,0.00269676868004054,0.775101371349612,0.000204116760291159,0.000307518586581946,0.000505929025447369,0.0254809703425438,0.0183864600330234,0.0114133790219933,0.00116170712442398,0.0226501241752714,0.121794102791552,0.000902259445331994,0.0089955731455788,0.0593951524487614,7.32248695492746e-05,0.0930002426399454,0.113196602888073,0.227946223169411,0.00550780424938649,0.0391601194551185,0.0275767847662568,0.309675535522239,0.017421674686414,0.0229632534259736,0.0107118705766797,0.00340898766638786,0.0188093575871497,0.00839300459004341,0.0548513355513632,0.00467084412741959,0.0115157421963439,0.000121756585693359,0,7.67398511365055e-05,0.0969573979107408,0.00418545038989484,0.00814891697046611,0.0172485141809106,0.00455564699961841,0.0202670422873333,0.028611730904831,0.00383354901354164,0.116482935100561,0.00956165475338546,0.00416551184985638,0.0450520569456249,0,0,4.53808438271284e-05,0,0.0868960808874342,9.48735603868959e-05,9.44517286062239e-05,0.000410509722107649,0.0332000583751514,5.70017689168453e-05,0.000165585142810643,0.000242726777002216,0.100326255036494,0.00353135445474833,9.41022202089431e-05,3.96869154810906e-05,0.000981780440926551,0.000400620064133406,0.0040775434897542,0.0174261567462266
0.000442978452676535,0.146922613040815,7.86713209480044e-05,0.00532638095874489,0.00374324431162476,0.0173599602208033,0.0483877076434761,0.0175919236542061,0.049206968622525,0.0582522900647029,0.736963368626692,0.0450924489557102,0,0.0151893261295259,0.00756011087596717,0.00620053522878885,0.00142057951734513,0.0245788744368017,0.00411000050233751,0.0124361661501333,0.00618804776739925,0.158378058422117,0.00466202338875979,0.0811997546266797,1.01238741320469,0.040222115608634,0.163752667265399,0.033609940701279,0.0342183249454513,0.00955381739922167,0.225525576377195,0.0449114694962829,9.92912821590903e-05,0.260073473905778,0.00308435074352324,0.0997661089995194,0.104434764795586,0.244932610265811,0.046338712538065,0.107483212008119,0.0225366199009448,0.657199309039723,0.0367914473237738,0.193723222231583,0.144530597755922,0.0493784451469391,0.0589452033057824,0.0154623532975585,0.0823036604058042,0.000236096092754603,0.00841840899436174,0.000118671158257127,0.00169196869900078,0.000205709898045659,0.0145204505921781,0.0174221024193809,0.027699026391381,0.00571070130494982,0.0271423013409108,0.494255844337567,0.0253092804491356,1.08659014944855,0.0107204201963603,0.00360437596592903,0.000419234532639385,0.000134161461876333,0.0257082036681041,0.00118672650529146,0.00964746143265366,0.000516646289947629,0.00262563114658445,0.000540510468976199,0.0157806636327178,0.0841666114897549,0.236378653858991,0.222396383689619,0.0185956153563738,0.00440762531954348,0.00234066952718943,0.49679409002269,0.00843907977995574,0.000435349688860774,0.00930086068540514,0.00250943937159777
0.626090850911316,0.000233201591357589,0.00885970769313726,0.0335495814812422,0.00491571533306837,0.155727574827388,3.5976227738396,1.73059406069948,0.0176960399518445,0.79206076913459,0.0290882432197988,0.279344228958661,0.0151893261295259,0,0.0125658543755204,0.000802158293567596,0.137844592099701,0.00180768870290369,0.00929946264592853,0.072131307815534,0.0240015096236676,0.000463304314233362,0.0719842781254427,0.0503439596815556,0.00433114338772595,0.00621747112677098,0.0452943827441901,0.10641130161653,0.498822253297234,0.681943084336865,0.00260644581534415,0.0206462675215334,0.0090467947781995,0.158902848001617,0.00895718143154381,0.167126690652975,0.00540269429169148,0.0851602828914596,0.0365296620939776,0.0541198109885216,0.0105488491764307,0.00803446149440111,0.0141811924375221,0.00113667999763638,0.0116543665131748,0.00277324307396114,0.0119527960857555,0.00219716165008843,0.0039323082449913,0.000392796847696602,0.000143118824672699,0.00214462795436829,0.0109551408692166,0.000200085459257662,0.00118945919015855,0.0302554407925263,0.00154845820787251,0.0198856122408494,0.00413301991292685,0.000299449963617325,0.018568508078143,0.00312377199572772,0.000446787696804106,0.00462025873176455,0.000231801057565213,0,3.97115053921938e-05,0,0.0136887599645242,0.000302079441507161,0.00046515339704901,0.0014497205833599,0.0717326562885897,0,6.9733828291297e-05,0.00343118145059645,0.0918172877305088,0.00323371497779489,0.00132862025784552,8.97936576247212e-05,0.000446160226249695,0.00143380097482503,0.00275375255111307,0.00190175267039537
7.38434068813918e-05,0.00292478840587288,0.000135532006967068,0.0173125838379845,0.31034366597743,0.040534247547099,0.0200846890623808,0.0190243079381168,0.161927974519256,0.00816865202653706,0.00400932166821063,0.154856440076754,0.00756011087596717,0.0125658543755204,0,0.000183266990366578,0.000323459513568878,0.000165707953029871,4.14645913928747e-05,0.0199663652125776,0.0013505000035733,0.0117294976365924,0.00125978644581288,0.051280869367218,0.0133131190405458,0.00082850064108968,0.0103948614442393,0.0300234665105179,0.00737258501504658,0.00165344297878146,0.000748690138050917,0.00656224931612313,0.000398548559390008,0.00598338656724394,0.0866315188600793,0.0312644667313188,0.000686484217652676,0.00332137409179956,0.00248687742559165,0.222766327521729,0.00257408896396458,0.00192196535359919,0.00557033622258604,0.00144224688905775,0.0022294965785712,0.00270006729003489,0.0170528498718828,0.000281615943172574,0.0016134569298774,8.37675005435946e-05,0,0.000593103926226497,0.00596883498397171,0.00073728164781332,0.00125015325884521,0.0053394981887564,0.000358222369019687,0.00433242902206778,0.00496290801963508,0.000518519456353784,0.0212106310932845,0.000997562866017221,0.00048463949842304,0.0154332832577259,0.000707359230995179,0.000291790914765,0.000203532535010576,0.000452504603862762,0.0170450786023691,0.00162108325628937,0.000290212046223879,0.00483435942770988,0.0137626504808083,0,0.000981426923176644,0.00359477121730149,0.01957579643455,0.000587572336430848,0.00117685444882661,7.56401522397995e-05,8.57481403648852e-05,0.00046196992200315,0.000683446637512744,0.0368818669820532
0.000304279320108891,0.0304843728472352,0.0042280544028014,0,4.47955411434174e-05,7.11892959058282e-05,0.0054395402619347,0.000392738752314448,0.0134165790505305,2.16861036121845e-05,0.00170924446173907,0,0.00620053522878885,0.000802158293567596,0.000183266990366578,0,0.014015262986894,0.000719849851982294,0.0035419635511145,0,0.68115218984359,0.670099985339948,0.827184449699371,0.447477281250241,0.0191590259640768,0.00636508231625408,0.456595140577157,0.253692653220212,0.000659447259110213,0.00196929041160196,0.00101995550862104,4.30671274781227e-05,0.000174586987245083,0.0335859881830439,0.0325491348564595,0.32694160600871,0.0894599121631131,0.108322934664318,0.0630452091906711,0.0040889192497015,0.000858755420091748,0.00139027418282032,0.0598484346334979,0.00853521055204418,0.0159108497616112,0.0128007902542546,0.00472672802092284,0.000220254008182883,0.000460875090064108,0.000454783040656149,0.00325552993411124,0.0213653783063695,0,0,0,0.0292537204633355,0.000539109925371408,0.0366345839594588,4.26605481147766e-05,0.000501014254830032,6.8094797873497e-05,0.000588265868085623,0.00095906804509163,0.000906902921327949,0.403158117707151,0.00186017043207586,0.000152250330354273,0.000718968759946528,0,0.107098096781753,0.170845723247507,0.551674996808477,0.127877178357745,0.000681452560570837,0.00533201834207028,0.157164456007482,0.0985874001829101,0.00383261792921573,0.0383367318827525,0,2.45293979421258e-05,0.00441741238676011,0.00545142601035834,0.0156132400829986
0.042349389114511,0.0142264219876528,1.39923557344216,0,0.000188211328732967,0.000234665717446804,0.355618163902589,0.0464796595005423,0.0028720790424183,0.00280906620006413,0.0387181266594931,0.00132758200625181,0.00142057951734513,0.137844592099701,0.000323459513568878,0.014015262986894,0,0.0902187068804561,1.0163015629366,0.000346312497755885,0.159799359177451,0.0173576995209307,1.9003524509594,0.0178351030543462,0.00100596214576811,0.313676799427866,1.92703685840629,0.0953330651850297,0.163575740770854,0.375010484289354,0.00418373758974374,0.00241277208022624,0.00885136204804478,0.779875555263348,0.0298821234758109,0.461259086802766,0.0983524898851407,0.18843433646776,0.174382561364293,0.00654542934004516,0.00166021854921877,0.00148190088192522,0.0753647866516827,0.0107730716410562,0.0175573179092511,0.0144852522107407,0.00297099476029426,0.000311700394356251,0.000331770410938561,0.000122594246019423,0.0180826782886863,0.167771605855519,0,0,0,0.0105745866278395,3.99214047163725e-05,0.000991807841652631,0,0.00239641126235425,0.00017840452286303,0.000846073788678649,9.48240626424551e-05,0.000382042969152331,0.00829558481206746,0.0350607879951507,0.00268512161860317,0.0109372702523902,0,0.00458608035671711,0.0069581079865113,0.0547566972966045,0.00973768363767563,0.000131996911892295,0.187775588939787,0.49620200973541,0.0127519324970841,0.000715188660652936,0.00466986191648841,0.00103849672156423,0,0.000471300643251836,0.00724010130926373,0.0228756468181997
0.000317355259479582,0.00128860016771257,0.00615261458076685,0.000339112834757566,0.00010383494823575,0.0014335958855465,0.0109446439719245,0.00148509219709038,0.000707824054889379,0.010842212393269,0.620790338018994,0.00595023913354129,0.0245788744368017,0.00180768870290369,0.000165707953029871,0.000719849851982294,0.0902187068804561,0,0.768461313798795,0.00206981964369267,0.0029076223616302,0.00154411007182002,0.0295957174395427,0.00257568692157715,0.00313544597458094,1.11687723728396,0.257388308759303,0.00471506068311185,0.0133311343159139,0.00240027729877531,0.111246503155477,0.00818704910884646,0.000161425006735325,0.205035345131546,0.0282528636796207,0.544872555160006,0.431056700849189,0.218698460295443,0.132579847240699,0.00394900004542172,0.00104463732083738,0.00115588442972302,0.00284132598115056,0.0148411554135963,0.00164837181691826,0.00166070425589383,0.000594020864975452,0.000302715150564909,0.00110137018249333,0,0.00085462785927057,0.00309074402424842,0,0,0,0,0,0.000342808670921624,0,0.0234854954671338,0,0.0379700050076097,0,0,0.000236202928362787,0.000538090949285031,0.014213844534646,0.00262287588923872,0,0,0.000163569184184074,0.000747191776446999,0.000107591635107994,0.00165814736043513,0.0937790081821338,0.101957010360463,0,0,0,0.0646702120984152,0,0,0.000512999031123519,0.0160318994609535
0.00280741789298951,0.00449248012197912,0.046329586597985,0.000101379102985561,0,0.00021728096036911,0.0219481002798915,0.00278584181990772,0.00082073381856233,0.00419188260431886,0.103638104166372,0.00269676868004054,0.00411000050233751,0.00929946264592853,4.14645913928747e-05,0.0035419635511145,1.0163015629366,0.768461313798795,0,0.000620272406449914,0.0135751387242526,0.00365441188991368,0.0978265874365211,0.00392115184157342,0.00118143859111369,0.989281552049357,0.375216349708284,0.00739307965209781,0.0127851335909575,0.00913037530318199,0.0201395828106344,0.00381408894646615,0.000664719587248566,0.332404464331886,0.0315893095794797,0.694334950865288,0.201955817888465,0.168108929261054,0.164642468812184,0.00588376513069421,0.000859276270911098,0.000170516695600748,0.0242509519112796,0.0134106360360011,0.0045974245717138,0.0057093318509996,0.00112325220862627,0.000354978343525529,0.000267258963632584,0,0.00511876651222855,0.0155226257071629,0,0,0,7.12254507288335e-05,0,0.00048112668145448,0,0.00574998766196519,0,0.00846594437362251,0,0,0.00149224966670573,0.00855859338307234,0.00614604916673899,0.0121926798137382,0,0.000286749904489517,0.00180540000428706,0.00487646276019663,0.00103473625691235,0.000640804468050599,0.159489864241035,0.207973454057112,0.000394794747555256,0,0.000380512220692635,0.0194555482564107,0,0,0.000939073847074804,0.0215038107885316
0.000206985533536971,0,0,1.29320034975139,0.00976417575011999,0.0735331517536638,0.0051779522754103,0.0630799187470481,0.114331905778076,0.781780582974316,0.0288328769046798,0.775101371349612,0.0124361661501333,0.072131307815534,0.0199663652125776,0,0.000346312497755885,0.00206981964369267,0.000620272406449914,0,0,0.000104182837584615,0.000119598812162876,0.162975014547193,0.00705709637905508,0.00179377470874787,0.000335724890577793,0.0874557562621281,0.0377533043612927,0.000499638209880889,0.00274831768817603,0.0166470848781153,8.80684506565335e-05,0.027548009856382,0.00150346318818927,0.0894089805619195,0.00154927387268991,0.0128408171993404,0.00705987084322123,0.075697438706115,0.00474913426157087,0.00595296693575084,0.00836628739454449,0.000803324081039426,0.00664915565700083,0.00321742670310438,0.0346668594914854,0.00264481096128523,0.00361708788434118,0.000141728776426613,0,0,0.0704056687596291,0.00214650858213455,0.00678710297217069,0.0292495916700751,0.00198017631814778,0.031042103232573,0.0468025010694489,0.00136810807943344,0.0782690642300205,0.00284113439964205,0.00188156404723227,0.0324768512938097,2.54414638459682e-05,0,0,0,0.0789221220646844,0,0,0,0.0499199845908523,0.000121741462799907,0,0,0.147655412409018,0.00294601503531933,8.74211531370879e-05,0,0.000908860729622843,0.000565809156301617,0.00380486749822944,0.000405612585380673
0.00481739582928121,0.00816113697094469,0.105262404458128,0,0.000522741848275066,0.000222323309057951,0.268653125262514,0.00927631444150957,0.00879282915190908,8.94394098311662e-05,0.00426807857097388,0.000204116760291159,0.00618804776739925,0.0240015096236676,0.0013505000035733,0.68115218984359,0.159799359177451,0.0029076223616302,0.0135751387242526,0,0,0.173011694858104,2.8944515247529,0.0228656060411901,0.0214509156093434,0.0212001870162204,0.206663243992925,1.5941655051124,0.013463436248678,1.66329023864847,0.000568433068589866,0.000463325179351866,0.00236083400200009,0.861463335427556,0.222120183039504,1.72755136933752,0.277963242081079,1.06413342907868,0.494159527188474,0.0213399178064391,0.00551079421772808,0.00343927198860795,0.0473928296837166,0.00323713685134202,0.0152820106795415,0.00987139067681727,0.00929033058093937,0.0019117932864815,0.000573908160464465,0.00160477740363926,0.00103734507770687,0.017518660541752,7.33465748906134e-05,0,3.07009494960308e-05,0.0351859292241275,0.00256533159191608,0.0645113958241627,6.71225249558685e-05,0.00092574796195328,0.000276244258448481,0.00138624058371931,0.00373047087133527,0.000978959823086861,0.247068691277325,0.00232395561938882,0.000209355425959825,0.000675736356081067,0,0.304393960733445,0.116951068765399,0.257958173331628,0.248200802041658,0.000246789108815789,0.00424287117933557,0.0536019649169728,0.180954628774488,0.0111541983014166,0.141227355864224,0,0,0.014405107854031,0.0108550932422116,0.0760458634517223
0.000113061575464905,0.278649744681309,0.00761874712037891,5.12410376518965e-05,0.00363229342776239,0.000451267643022537,0.003849099021779,0.000280115656372905,0.544881203384641,0.000107727972722054,0.00944196706625819,0.000307518586581946,0.158378058422117,0.000463304314233362,0.0117294976365924,0.670099985339948,0.0173576995209307,0.00154411007182002,0.00365441188991368,0.000104182837584615,0.173011694858104,0,0.289210161018647,1.11686308181217,0.244276214838391,0.0175648825979992,1.30549643418403,0.108728547989554,0.00267609206783474,0.00251077032752037,0.0183585373333231,0.000214209030890465,0.000751418721328676,0.00833472503671643,0.00285957496664822,0.0384109936694071,0.00680044933187663,0.01066092071262,0.00510342185427994,0.0124891771531016,8.45598765760662e-05,0.0190803594649494,0.0388103712581232,0.0109612848773226,0.00942665521513668,0.00671712923819123,0.00203558482959866,0.000272232425245642,0.00545727328123301,0.00012527749594152,0.045647601272361,0.0307121869833559,2.85389448523522e-05,0,0,0.00893723350102456,0.000289182635615766,0.0212056184389248,9.66748606681822e-05,0.00309760492344349,0.000126553098070622,0.00566291430986524,0.000478165412463248,8.39618177533152e-05,0.18881968533753,0.0054093661429435,0.000855417636975646,0.0012970472888723,0.000170792251753807,0.0385870998127252,0.14175933709783,0.13362531290203,0.0600279299239978,0.000995149745982883,0.0154115891844705,0.419471557979581,0.031382221300149,0.00103093607749343,0.00899127895229461,0.00268579170643687,0,0.000938565181311968,0.00268462725541591,0.00362444475399703
0.0180622897316873,0.00487511256409139,2.15098732003065,0,0.000224229986822605,0.000902004979982975,0.597237078316574,0.0278090283911973,0.00541617880038321,0.00101322126218676,0.0236805027839765,0.000505929025447369,0.00466202338875979,0.0719842781254427,0.00125978644581288,0.827184449699371,1.9003524509594,0.0295957174395427,0.0978265874365211,0.000119598812162876,2.8944515247529,0.289210161018647,0,0.194517310053527,0.0154556310301199,0.363171926652601,2.90333238675407,1.4226211031296,0.0430973028256282,0.975833937693261,0.00349824654937684,0.000822741534760595,0.00946913082082271,1.14417770128437,0.332984071952936,2.59206976915604,0.811296771478062,1.53830159599868,1.04067170680397,0.0494814912947863,0.00844153123513163,0.00643709957389534,0.191716941846666,0.0266116101101339,0.0510310392242923,0.0452082738484383,0.0155249093582734,0.00161221068256795,0.000307037252318859,0.000209570733886957,0.00431946087599695,0.254929478187932,0,4.45933151274919e-05,0.000102700209206343,0.0850776704102443,0.000795010589267311,0.0141913474918753,5.17111268877983e-05,0.00210727303478345,0.000405469481125474,0.00142113229579926,0.00116022954747677,0.000972041505566241,0.847192497036722,0.0129847257585436,0.000721868931937962,0.00306697884267122,0.000244463843254745,0.182437881730614,0.216159591661325,1.92364210363165,0.0828507480656686,3.3030542331934e-05,0.0402201486257314,0.742700895799628,0.135057348676447,0.00142230540529489,0.0289241500565976,0.000122516692619026,0,0.00191136470572203,0.00699663039994685,0.148844090319022
0.00825214118812683,0.220153827540748,0.00477524119749069,0.372700240063271,0.0169080492601767,0.00886694190957251,0.60595682963208,0.0198519200493604,2.25800490368553,0.102717145871656,0.0214203414558694,0.0254809703425438,0.0811997546266797,0.0503439596815556,0.051280869367218,0.447477281250241,0.0178351030543462,0.00257568692157715,0.00392115184157342,0.162975014547193,0.0228656060411901,1.11686308181217,0.194517310053527,0,0.16886499963212,0.0186117944620639,0.601091398734172,1.15341859283247,0.227847213509439,0.0246426605661169,0.0105598025452897,0.0120427399871484,0.0737240822948191,0.129830790726762,0.0593011385716841,0.398643828278844,0.0285626521563828,0.128011342541586,0.0579677882962704,0.0877949174917144,0.0147145795487613,0.0179299787499145,0.208348043386575,0.00788390357203783,0.077622766707489,0.0237294613381952,0.104141966330311,0.0300912159957826,0.0092787158003837,0.00574916972263008,0.00446459858732075,0.0110382677368328,0.118323685574788,0.00155107490018606,0.0155724599251896,0.394847541984495,0.0206687641502202,0.6980013964454,0.0927022307838188,0.029731954074043,0.0971529539927599,0.0271709853662387,0.0332181499518559,0.0480588045123339,0.0860370751094699,0.00239734198165834,0.000166161522084474,0.00100162751356065,0.120119124298324,0.0726150471230376,0.0620532495077893,0.0934588420720922,1.96573291805405,0.00118027843400538,0.00750816957730649,0.0620507345113412,1.46116616640099,0.0938816034809275,0.0940399066483183,0.000207281611374021,0.0018121320134908,0.0353726610409051,0.0788528462857963,0.0403809568260446
0.000123018083457649,0.188943940305291,0,0.00461739396590888,0.00580121364737302,0.00838249073493628,0.0260576554536402,0.00554201963293701,0.103376063154401,0.0151283164445221,0.173227523789129,0.0183864600330234,1.01238741320469,0.00433114338772595,0.0133131190405458,0.0191590259640768,0.00100596214576811,0.00313544597458094,0.00118143859111369,0.00705709637905508,0.0214509156093434,0.244276214838391,0.0154556310301199,0.16886499963212,0,0.0136916655323624,0.218110959793737,0.0499303551768556,0.0102084264157176,0.0155554762446731,0.0693952896849318,0.00665635818718674,0.000602641455888748,0.0638143083426431,0.000966543075844648,0.0918665408396783,0.0103410924067273,0.0398563288118765,0.00662161530588719,0.289085272253287,0.00430982926490307,0.202080772756139,0.0141547007116869,0.0573323782679334,0.00592617503048927,0.00126844608032406,0.0600722144757986,0.00105095849012733,0.072679785990715,0.000226189353328943,0.0197638038004696,0.000268463386505842,0.000622559307432175,0.000368718153584003,0.000815178533747794,0.00952061996930389,0.000983957609675824,0.00218769970741868,0.0021571543062821,0.131430609159761,0.00420794318388999,0.404163939433341,0.00141154430088848,0.00456781406015754,0.000357900186234713,3.63874832063914e-05,0.0103790849713594,0.000497143220946193,0.00246400406494439,0.00226517331326008,0.00319536474476158,0.000737875565797089,0.0088631740640223,0.130783958831862,0.0899736040684598,0.246449039896636,0.0225811481735006,0.00350961016940474,0.00589673970978409,0.149349586985931,0.000529234342324734,0.00117631788440644,0.00959848738463222,0.000877804398018119
0.00105505842900127,0.0250692796590462,1.48514964258847,0.000523107258671522,3.52487407118082e-05,0.00225794637959898,0.0492819126074955,0.00348221606251896,0.00475338178995475,0.0168715294428214,0.710624769464666,0.0114133790219933,0.040222115608634,0.00621747112677098,0.00082850064108968,0.00636508231625408,0.313676799427866,1.11687723728396,0.989281552049357,0.00179377470874787,0.0212001870162204,0.0175648825979992,0.363171926652601,0.0186117944620639,0.0136916655323624,0,3.34944615423283,0.0258860865944043,0.0183017138716802,0.0103226718570471,0.188650465120952,0.013189493870844,0.000291291137087345,0.125196403364083,0.0296430501806661,0.708924340717632,0.468308058429882,0.239169520543827,0.116077100831147,0.00588076617810577,0.0014613551791057,0.00401695468276441,0.115965626504025,0.0936499172462764,0.017119882752581,0.0198492243710339,0.00249881494627744,0.000178817468520999,0.00372318855051846,0,0.0305571995231107,0.0546622554020002,0,6.54926436334848e-05,0,0.00224727483310104,9.26483794927596e-05,0.00344121416376382,0,0.0840531649202761,4.56516900211573e-05,0.171307208942548,0,0,0.00478084160175025,0.0387409383157522,0.0648418271054372,0.0859803935981422,0,0.00159531050570011,0.00880863295628875,0.0201251199973338,0.00342801077486426,0.00828649612776342,0.888195820264015,1.20244877049345,0.00116342041715831,0.0001605114787817,0.00119092544357926,0.225050090050265,0,5.71424946427345e-05,0.00599536326497644,0.0194336236757979
