0,0.322486191987991,22.063078045845,5.7115316092968,0.428408473730087,10.9693894982338,6852.0065895021,1381.47027300298,20.9552792608738,64.4496118426323,25.7405827045441,5.42043527960777,6.72708356380463,9507.83372682333,1.12138810753822,4.62079453468323,643.11904501915,4.81936612725258,42.6335291266441,3.14328828454018,73.1571120619774,1.7169563472271,274.294453024864,125.317254185677,1.86815616488457,16.022147744894,154.977425664663,188.506046444178,9045.36367785931,4985.00332692266,1.10100418329239,13.9669695496559,19.4736540019512,606.58397769928,19.6620033681393,178.684567853808,5.11110818386078,287.822464942932,102.05513381958,4.68640178442001,1.47657811641693,1.57331824302673,11.1656202971935,1.64910900592804,4.66516196727753,0.36007621884346,2.65358498692513,0.948927581310272,2.00889736413956,0,0,9.93738183379173,4.03060439229012,0,0.902252078056335,18.4001485407352,0,13.2394531071186,1.56208992004395,0.830178678035736,3.49766212701797,0.747845977544785,0,0.434116780757904,0.999468922615051,1.29128700494766,0,0,2.47564843297005,0,0.86503279209137,4.66320225596428,42.0335319340229,0,5.21155419945717,24.3952803313732,40.921144515276,1.69877856969833,3.93092346191406,0,0,0.84203252196312,2.92118519544601,5.37481173872948
0.322486191987991,0,76.4108990430832,0,26.7776973843575,1.51876747608185,8.78148412704468,0,1602.54143980145,0.494417786598206,170.842145442963,1.27707326412201,2231.1710408628,3.54140609502792,44.4159211218357,462.936565637589,216.042854785919,19.5687193274498,68.2229327559471,0,123.935261517763,4231.58306273818,74.0336000621319,3343.26237723231,2869.3081291616,380.702804237604,14863.1290384531,210.010198384523,14.6753902435303,3.09638920426369,202.993921786547,1.13562366366386,3.60866257548332,54.8576892614365,18.9254331588745,247.025563597679,47.4906719326973,42.3866073489189,27.246670126915,54.6733981072903,0,450.527875840664,374.27018108964,167.444878309965,60.7358184158802,48.1759380102158,8.19113010168076,1.27575671672821,130.064950704575,0.439693659543991,2456.61417275667,258.213721036911,0,0,1.20320808887482,21.5231007933617,2.06551647186279,60.3843877613544,0,81.7147353887558,0,121.667832762003,2.0252790749073,1.3089188337326,58.0421177744865,120.06763035059,15.4295501112938,30.5851296782494,0,22.3730981945992,130.628623843193,158.113526642323,82.7797321379185,43.8276113271713,526.61708343029,8054.25938987732,30.2345741689205,1.85331091284752,10.6985124945641,101.064286798239,0,0.70075386762619,30.7361801862717,29.5568481683731
22.063078045845,76.4108990430832,0,0,0,1.96335172653198,2343.48807764053,71.7290492355824,8.12804251909256,0.416566878557205,60.427688896656,0,1.1947049498558,134.543776661158,2.05819296836853,64.2073561549187,21248.8317910731,93.4337825477123,703.562438845634,0,1598.51791128516,115.69851359725,32664.9555054009,72.5169506072998,0,22553.5253240466,60213.266199559,1839.31224119663,55.078567892313,336.223614782095,10.34677490592,0.504822552204132,8.41925686597824,726.395147442818,114.504350632429,2116.84855097532,610.472716391087,696.599930822849,466.806506127119,16.952360033989,6.68896907567978,4.75559055805206,1630.58273822069,174.068216651678,438.395357102156,287.985925674438,62.4714745283127,1.12172043323517,3.4135779440403,1.37570476531982,165.102467566729,5182.73958539963,0,0,0,410.803023934364,3.85285186767578,15.6451303064823,0.622513353824615,53.8599087893963,0.469935983419418,8.52251648902893,11.0297738909721,0.481262475252151,136.516628324986,641.734372764826,29.1516582071781,97.1479888856411,0,104.860519677401,100.416702061892,1710.43975862861,50.6116572916508,0,1854.32730132341,8705.55392292142,149.003500670195,1.75584411621094,49.6306550502777,9.54745417833328,0,0.96817272901535,168.58173930645,149.583277136087
5.7115316092968,0,0,0,99.435404509306,405.512853831053,243.28233024478,398.869746595621,5446.84593373537,5499.7528732717,155.810808390379,9027.88964608312,80.8865749239922,509.484912395477,262.909397691488,0,0,5.14977729320526,1.5395459830761,19638.5778246224,0,0.778147876262665,0,5659.83659929037,70.1198779940605,7.94392192363739,0,5794.74229472876,389.375368863344,3.40341290831566,6.22155869007111,144.890545397997,6.4995966553688,263.506233304739,41.500319570303,1272.4391310513,10.6558471918106,183.41885599494,61.9632119238377,1080.76279985905,68.5993112027645,51.3363960087299,87.8213175833225,3.58907032012939,40.9830985367298,22.9615684151649,527.059351682663,27.4742414355278,14.0079610347748,0,0,0,2226.14480027556,28.2376906275749,86.2262074947357,463.158316880465,7.66632872819901,1251.62230604887,698.313046276569,2.73290473222733,1408.1902166307,13.1589328944683,10.5008793473244,570.032011538744,0,0,0.89385312795639,0,1734.83688601851,0,0,0.322049409151077,1041.17106804252,0,0,0,3122.02104738355,29.0783186256886,1.16471898555756,0,6.8759917318821,1.84798207879066,23.7382080554962,4.96579176187515
0.428408473730087,26.7776973843575,0,99.435404509306,0,2617.52392634749,133.353704810143,70.688832372427,818.40568125248,70.950178027153,16.4531309604645,1080.76391905546,56.8450161218643,74.6501948833466,4712.8878660202,0.680266380310059,2.85818266868591,1.57684051990509,0,148.279054671526,7.93837279081345,55.160112798214,3.40516304969788,256.766123920679,88.0973978340626,0.535288393497467,29.7939913570881,136.85900875926,36.454238653183,9.26833021640778,1.98356294631958,555.398429989815,2.00717341899872,412.03520822525,123.274616003036,358.312253206968,7.56488192081451,34.8955253660679,42.7358115911484,8568.03335976601,6869.30438143015,22.0517110228539,31.5624099969864,3.94584065675735,24.8618761897087,12.3830592632294,100.311000525951,6.00785917043686,20.7709088921547,0,0,1.94157177209854,39.1568004488945,5.45083367824554,9.80033165216446,26.689993083477,3.90386867523193,16.3871551156044,35.5183536410332,1.30283415317535,158.554009616375,14.2420085668564,3.49492764472961,93.9467107653618,1.01599836349487,0,1.70161485671997,0,86.4164530336857,2.9861843585968,0.873697876930237,12.8395356535912,56.8097226023674,0,0.608785569667816,4.14818495512009,89.2285277843475,1.12552672624588,0.615807235240936,0,3.87145483493805,1.19349378347397,3.40375977754593,186.663982927799
10.9693894982338,1.51876747608185,1.96335172653198,405.512853831053,2617.52392634749,0,2277.6311288178,14794.2578807473,73.9936426281929,32124.1217323244,339.879401952028,10944.1558770239,263.628856807947,2364.88344460726,615.554252803326,1.08108270168304,3.56364035606384,21.7706284821033,3.29963493347168,1116.67656421661,3.3762081861496,6.8529634475708,13.6978736519814,134.653635680676,127.29674616456,34.2892388701439,8.35518497228622,279.707157939672,682.97631958127,25.5988367199898,28.861122906208,2729.50432747602,2.08437544107437,609.965908229351,2331.7111209929,4093.91498363018,46.8480794131756,313.229157209396,294.612386494875,4411.97770735621,1318.88726633787,156.676127403975,62.5576708316803,9.53159862756729,262.105366885662,83.4964028000832,105.227156221867,19.509892821312,105.547581404448,0.940678387880325,0,1.45897436141968,48.5040210187435,1.72972959280014,19.9023607969284,94.6657483875751,29.7230167388916,67.9779996275902,34.0609726309776,7.00091052055359,108.473489165306,94.6441221237183,17.4962432384491,42.5712425112724,0,0,1.322962641716,0,69.962291687727,0.745473504066467,0.470514297485352,4.50196492671967,292.731449693441,2.95422464609146,1.13326144218445,1.9372715651989,282.464543163776,16.1098539233208,1.7817425429821,0,8.10320740938187,1.04783934354782,7.88446965813637,185.018194139004
6852.0065895021,8.78148412704468,2343.48807764053,243.28233024478,133.353704810143,2277.6311288178,0,22753.8358616829,2578.62100809813,9478.51206696033,1592.1310827136,219.264892816544,734.817124426365,54633.6032473743,305.006667613983,82.6050153672695,5400.42769783735,166.205679148436,333.304484128952,78.6325326561928,4079.77411180735,58.4525288045406,9069.65950366855,9202.07789874077,395.712307572365,748.396546810865,3967.77158203721,73027.3829537034,10168.6255521178,20202.5166144669,181.408807963133,905.689173847437,825.756263494492,5210.12091359496,868.410836815834,8632.95831534266,522.476094722748,4777.92838871479,2258.65608882904,1074.62544316053,522.5147151649,454.828575819731,1913.02932277322,82.554461479187,812.749337673187,295.424331307411,906.796265393496,303.327162533998,206.278410196304,27.5794347822666,4.04103094339371,447.968284368515,898.823816359043,5.95302700996399,121.372590214014,2706.35832905769,130.428196817636,1892.55115017295,796.94481575489,182.688302755356,733.7612234056,316.505260676146,211.269370496273,230.743320584297,135.093362897635,22.0888389050961,0.659781157970428,1.34662294387817,858.765568345785,118.745284289122,40.6420796811581,533.657251209021,5386.17792668939,9.69403320550919,40.2838447391987,784.813155561686,9090.66846781969,644.302958771586,552.773613810539,0.986701428890228,23.0785019099712,211.20318081975,633.637608021498,399.217745989561
1381.47027300298,0,71.7290492355824,398.869746595621,70.688832372427,14794.2578807473,22753.8358616829,0,125.083806037903,15052.3792862594,370.531258940697,3840.23466897011,267.151460200548,26280.8513393998,288.903689265251,5.96414202451706,705.841450273991,22.5526529550552,42.3058742582798,957.933466166258,140.870378762484,4.25384443998337,422.308707535267,301.471830666065,84.1612700521946,52.8810335993767,338.062968164682,705.855288356543,2232.07794508338,3006.00715854764,32.2624560594559,300.432214349508,100.908501476049,1154.70194831491,147.962267398834,3548.68640595675,51.7766400575638,835.523805648088,389.53091019392,2179.0760743916,244.549212276936,150.913292616606,100.481856018305,12.1162622570992,162.036782026291,61.7987788319588,87.3493341207504,19.3734582066536,83.5241865217686,1.69664460420609,1.48419988155365,16.3956332504749,71.0436813831329,0,16.1022210419178,211.303494930267,19.3488740921021,144.450092613697,49.2071118652821,9.45122498273849,151.201345682144,78.2622648179531,22.6782553195953,58.8245894014835,3.9661625623703,0,0,0,76.4741834700108,7.49037367105484,1.48001030087471,10.66297519207,498.540347188711,1.89210557937622,1.73550415039062,23.5103892683983,553.942943155766,13.6599191129208,7.44680646061897,0.560689747333527,7.76686960458755,9.00149181485176,13.6465954482555,22.1656148433685
20.9552792608738,1602.54143980145,8.12804251909256,5446.84593373537,818.40568125248,73.9936426281929,2578.62100809813,125.083806037903,0,1708.70261526108,130.029440611601,1805.97202849388,747.258445292711,268.7325733006,2459.04289323092,203.744556576014,43.6154752075672,10.7490365207195,12.4636874496937,1736.24762001634,133.52815720439,8274.58167630434,82.2502475380898,34290.1276186109,1569.8718778193,72.1849930137396,3990.25313594937,9572.37678435445,702.757514685392,38.128914475441,107.814805358648,50.4042861759663,134.234607070684,291.965518951416,191.534932166338,672.316676348448,35.9915009438992,228.373058229685,74.8517034351826,2132.26428464055,39.8575541973114,115.924693316221,356.669678688049,32.2480908036232,163.277748584747,48.1063627302647,228.60723516345,48.8741461336613,28.6139142215252,25.9465811550617,14.5539393424988,3.82411909103394,941.535898804665,11.2351598143578,83.3665302991867,759.232685893774,54.8191933333874,6139.96478769183,282.306174099445,98.2192775905132,532.185412377119,57.0771053135395,90.6436532437801,220.490083932877,459.423661679029,5.94958102703094,7.15799155831337,1.48528307676315,598.377294152975,405.945951223373,567.099151283503,261.202107697725,7373.49470379949,8.39224734902382,25.1306775808334,134.476110994816,4064.64238008857,251.500411361456,201.383613944054,7.88998273015022,13.4604398906231,68.685377061367,175.790770977736,152.087745815516
64.4496118426323,0.494417786598206,0.416566878557205,5499.7528732717,70.950178027153,32124.1217323244,9478.51206696033,15052.3792862594,1708.70261526108,0,2290.20841833949,6522.10783562064,884.620957702398,12028.2576937675,124.049385368824,0.329325795173645,42.6585603654385,164.650150239468,63.6580501794815,11872.1424901187,1.35822945833206,1.6359601020813,15.3868073225021,1559.86554095149,229.739050030708,256.211532920599,26.5091760456562,6879.08930522203,4636.75076192617,78.2773011922836,212.912736147642,1494.74931885302,33.6219112575054,3093.57282584906,296.235255300999,9169.91572487354,163.98796865344,1705.00377884507,610.519634991884,1556.10951724648,619.349833488464,575.283714383841,261.962500184774,44.351480692625,400.592334836721,142.802685856819,696.636293262243,81.6597900986671,173.257413804531,2.37961781024933,0,0.711339771747589,1597.91386681795,31.8449641466141,99.3494015038013,1043.24073907733,27.0246912539005,1179.0689150691,1060.88999697566,21.7077406346798,1589.62158438563,113.037539064884,7.15756326913834,532.19437879324,0,0,0,0,1985.70619535446,0.983281373977661,0,2.10066869854927,1811.66225010157,2.5013699233532,0,1.76446664333344,4717.09864288568,66.2750387489796,3.76326385140419,0.451575577259064,6.19680145382881,15.2455715239048,60.8306958079338,67.8604823946953
25.7405827045441,170.842145442963,60.427688896656,155.810808390379,16.4531309604645,339.879401952028,1592.1310827136,370.531258940697,130.029440611601,2290.20841833949,0,1515.53234025836,11191.5469799042,441.734900832176,60.8856745362282,25.9566357135773,587.974588602781,9427.33998510242,1573.85124018788,437.856900602579,64.8151643276215,143.385984301567,359.612798541784,325.289923399687,2630.63817447424,10791.5682530701,1008.64201360941,465.148624747992,3095.25386273861,168.184575587511,5004.12703484297,2663.35150185227,11.1691807508469,19627.0649685264,428.31908249855,7377.82032102346,6993.02145126462,11847.9623394012,2398.76717624068,304.919062703848,73.7383817434311,2505.60783082247,55.690234541893,1800.47101819515,85.7830899655819,48.5143868327141,33.375795006752,5.61617577075958,1008.79437983036,1.11865639686584,65.9636880755424,89.6369457244873,1.69728815555573,0,4.1267671585083,25.3599584698677,8.1326499581337,80.5350962281227,6.39559006690979,2928.37998667359,55.5955943465233,5547.17568621039,10.7902924716473,3.49431872367859,4.51172509789467,10.6456960141659,122.31652995944,10.0304306447506,6.59314149618149,3.44605198502541,22.3880912661552,31.2428677380085,170.239081591368,493.650094687939,826.997018307447,603.023919612169,59.899477571249,12.0329312086105,3.20904693007469,1368.39729201794,10.6794776916504,0.955724895000458,107.896567195654,235.26023542881
5.42043527960777,1.27707326412201,0,9027.88964608312,1080.76391905546,10944.1558770239,219.264892816544,3840.23466897011,1805.97202849388,6522.10783562064,1515.53234025836,0,684.775230914354,4242.12952101231,2351.65436714888,0,20.1606986522675,90.360503166914,40.9532069861889,11770.7117896676,3.09972301125526,4.66998612880707,7.68305277824402,386.954750835896,279.217312574387,173.323903143406,17.6417179107666,343.965439260006,1849.56875917315,13.7017379701138,136.607033342123,901.976498842239,1.11199498176575,1412.30436810851,1719.00687757134,3461.59792208672,83.6416742503643,594.686703950167,418.781849145889,4702.74161764979,264.566054463387,348.720629096031,162.670775651932,51.7689850628376,285.639447033405,127.456409871578,832.973964333534,70.9315736889839,174.878393262625,1.8489990234375,0,1.1653735935688,1472.39784222841,63.5603703856468,123.749688237906,261.936434030533,69.1821867823601,307.775888949633,434.498571068048,58.2163859307766,1768.91321337223,145.203564971685,63.2575831413269,684.16183668375,0,0,0.689154803752899,0,1319.60639160872,1.44075262546539,1.4343466758728,6.23401248455048,504.177044421434,0.865630507469177,2.51458075642586,3.68605583906174,1523.55740374327,53.6272506415844,1.42903903126717,0.602686643600464,14.9093461036682,6.08382785320282,61.9216930866241,264.634119153023
6.72708356380463,2231.1710408628,1.1947049498558,80.8865749239922,56.8450161218643,263.628856807947,734.817124426365,267.151460200548,747.258445292711,884.620957702398,11191.5469799042,684.775230914354,0,230.665544867516,114.808061897755,94.1615068912506,21.5729615390301,373.255496382713,62.4145862162113,188.855977982283,93.9718719422817,2405.13376495242,70.7976216971874,1233.10181665421,15374.1444678009,610.814208179712,2486.75272992253,510.401529252529,519.640469938517,145.084546685219,3424.83791005611,682.026871621609,1.50784027576447,3949.48327875137,46.8390393853188,1515.05100986362,1585.94935148954,3719.55368664861,703.701025635004,1632.24315881729,342.241760075092,9980.2476695478,558.715980619192,2941.88644239306,2194.84582772851,749.862492740154,895.143558174372,234.811743319035,1249.86576166749,3.58536207675934,127.842201888561,1.80214363336563,25.6942854821682,3.12391644716263,220.507981657982,264.572550028563,420.638213992119,86.7228747904301,412.183771312237,7505.78351309896,384.347463160753,16500.9893614054,162.800610423088,54.7361574172974,6.36650770902634,2.03737983107567,390.405522674322,18.0216629505157,146.506627678871,7.84580546617508,39.8729103505611,8.20820757746696,239.645613253117,1278.15659058094,3589.65305784345,3377.31789961457,282.39355134964,66.9343252778053,35.5454749763012,7544.32938531041,128.156109035015,6.61123293638229,141.243138730526,38.1084187030792
9507.83372682333,3.54140609502792,134.543776661158,509.484912395477,74.6501948833466,2364.88344460726,54633.6032473743,26280.8513393998,268.7325733006,12028.2576937675,441.734900832176,4242.12952101231,230.665544867516,0,190.825427114964,12.1815989911556,2093.31195291877,27.4516128003597,141.221908062696,1095.38812172413,364.48761767149,7.03575268387794,1093.15532460809,764.52482432127,65.7728684544563,94.4186959266663,687.841803252697,1615.96509668231,7575.12913131714,10356.0073551536,39.5815613567829,313.534814298153,137.384886533022,2413.1032346487,136.024015665054,2537.9907464385,82.0454714000225,1293.24651315808,554.740502566099,821.86501121521,160.19512796402,122.011564075947,215.355997532606,17.261655241251,176.98354613781,42.1145493388176,181.515506237745,33.3661602139473,59.7161464691162,5.9650242626667,2.17340660095215,32.5683819949627,166.365085333586,3.03850355744362,18.0631615817547,459.459996849298,23.5149310231209,301.983481258154,62.7641596496105,4.54745578765869,281.981899440289,47.4376916587353,6.78493085503578,70.1633824110031,3.52013754844666,0,0.603060066699982,0,207.877903789282,4.58738711476326,7.06383290886879,22.0154986083508,1089.33418813348,0,1.0589799284935,52.1060205101967,1394.33998072147,49.1072889566422,20.1764655709267,1.36360907554626,6.7754020690918,21.7737429738045,41.8185656964779,28.8800709247589
1.12138810753822,44.4159211218357,2.05819296836853,262.909397691488,4712.8878660202,615.554252803326,305.006667613983,288.903689265251,2459.04289323092,124.049385368824,60.8856745362282,2351.65436714888,114.808061897755,190.825427114964,0,2.78309780359268,4.91206550598145,2.51644575595856,0.62968248128891,303.20979821682,20.5087320208549,178.124489545822,19.1311533153057,778.75276184082,202.173409879208,12.5816346406937,157.856665819883,455.937228709459,111.960288763046,25.1092327833176,11.3696300387383,99.65450745821,6.05236992239952,90.8638810515404,1315.58874502778,474.783093869686,10.4249691367149,50.4384827911854,37.7657923400402,3382.93587732315,39.0901892781258,29.1870213150978,84.5912865996361,21.9020028710365,33.8571993708611,41.0032997727394,258.965070188046,4.2766278386116,24.5020034909248,1.27209568023682,0,9.00689333677292,90.642900288105,11.1963803768158,18.9848634600639,81.0857735574245,5.43997523188591,65.7923921346664,75.3668643832207,7.87425142526627,322.105255782604,15.1490184664726,7.35974940657616,234.370284855366,10.7419776916504,4.43114525079727,3.09085094928741,6.87174797058105,258.847055464983,24.6178171038628,4.40716850757599,73.4147217571735,209.000007301569,0,14.9039775729179,54.5902994275093,297.278609484434,8.92289045453072,17.8717456161976,1.14867353439331,1.30217373371124,7.01548856496811,10.3788403570652,560.089096158743
4.62079453468323,462.936565637589,64.2073561549187,0,0.680266380310059,1.08108270168304,82.6050153672695,5.96414202451706,203.744556576014,0.329325795173645,25.9566357135773,0,94.1615068912506,12.1815989911556,2.78309780359268,0,212.836188107729,10.9316606223583,53.7883606851101,0,10343.9968085587,10176.1577120721,12561.6469202638,6795.40290433168,290.949521094561,96.6603237092495,6933.86697915196,3852.58395171165,10.0143851041794,29.9057010114193,15.4890737831593,0.654018640518188,2.65128302574158,510.037785619497,494.292101085186,4964.94466224313,1358.54080733657,1644.99521130323,957.406365841627,62.0944457054138,13.041084587574,21.1127438545227,908.860055178404,129.615953713655,241.622623562813,194.393170148134,71.7802281081676,3.34478372335434,6.99886241555214,6.9063483774662,49.4385715126991,324.455251425505,0,0,0,444.247843027115,8.18693888187408,556.333849042654,0.647844314575195,7.60841692984104,1.0340895652771,8.93342244625092,14.564435005188,13.7722539305687,6122.37080800533,28.2486018538475,2.31207790970802,10.9182803332806,0,1626.3947878778,2594.468082726,8377.75241926312,1941.94652023911,10.3485582470894,80.9721843898296,2386.70396366715,1497.15110376477,58.2022464573383,582.182716518641,0,0.372504144906998,67.0829519629478,82.7855126857758,237.103114396334
643.11904501915,216.042854785919,21248.8317910731,0,2.85818266868591,3.56364035606384,5400.42769783735,705.841450273991,43.6154752075672,42.6585603654385,587.974588602781,20.1606986522675,21.5729615390301,2093.31195291877,4.91206550598145,212.836188107729,0,1370.06388580799,15433.5848585665,5.25911158323288,2426.71767923236,263.594525754452,28858.807152003,270.844389587641,15.2765701711178,4763.50492677093,29264.0373334289,1447.73067858815,2484.06591907144,5694.9200347662,63.5343597531319,36.6404264271259,134.417039453983,11843.2126843333,453.790789306164,7004.69380110502,1493.58374920487,2861.56927058101,2648.17860841751,99.3990788161755,25.2121267914772,22.5041895508766,1144.49182462692,163.600176781416,266.625936359167,219.973458021879,45.1176121532917,4.73349118232727,5.03827503323555,1.8617197573185,274.604074239731,2547.78444731236,0,0,0,160.585977643728,0.60624760389328,15.0616225004196,0,36.3919705748558,2.70925623178482,12.8485009670258,1.44000095129013,5.80171555280685,125.976990312338,532.434138119221,40.7763343751431,166.093701630831,0,69.6443486213684,105.666028648615,831.536785066128,147.876744687557,2.00450891256332,2851.56551161408,7535.33803698421,193.651214838028,10.8608756363392,70.9166578054428,15.7706411778927,0,7.1571851670742,109.948387384415,347.390232622623
4.81936612725258,19.5687193274498,93.4337825477123,5.14977729320526,1.57684051990509,21.7706284821033,166.205679148436,22.5526529550552,10.7490365207195,164.650150239468,9427.33998510242,90.360503166914,373.255496382713,27.4516128003597,2.51644575595856,10.9316606223583,1370.06388580799,0,11669.8756841123,31.4323408305645,44.1552370786667,23.448900103569,449.441418975592,39.1144559085369,47.614973038435,16960.9299511611,3908.70628336072,71.6030475795269,202.44699037075,36.4506803154945,1689.39260676503,124.328763991594,2.45140480995178,3113.67266714573,429.048803031445,8274.4503441155,6546.03949657083,3321.16112825274,2013.36138558388,59.9696286320686,15.8638924956322,17.553294301033,43.1484583318233,225.378214329481,25.0322219729424,25.2195027470589,9.02081799507141,4.59704101085663,16.7254393696785,0,12.9784033298492,46.9361279308796,0,0,0,0,0,5.20590236783028,0,356.651411801577,0,576.613591611385,0,0,3.5869844853878,8.17146468162537,215.851853221655,39.8310689330101,0,0,2.48396635055542,11.3468758761883,1.63388967514038,25.1806736588478,1424.13072410226,1548.32210114598,0,0,0,982.083706885576,0,0,7.79041808843613,243.460887789726
42.6335291266441,68.2229327559471,703.562438845634,1.5395459830761,0,3.29963493347168,333.304484128952,42.3058742582798,12.4636874496937,63.6580501794815,1573.85124018788,40.9532069861889,62.4145862162113,141.221908062696,0.62968248128891,53.7883606851101,15433.5848585665,11669.8756841123,0,9.41947466135025,206.152448356152,55.4960044026375,1485.59737944603,59.5467250049114,17.9413605332375,15023.2581936121,5698.046312958,112.271520912647,194.155407607555,138.654142796993,305.840285658836,57.920864790678,10.0944508314133,5047.90378636122,479.716166734695,10544.1905978024,3066.9068775773,2552.90705028176,2500.26528188586,89.3510270416737,13.048994243145,2.58947145938873,368.275655448437,203.654305785894,69.816622197628,86.7020782232285,17.0577404499054,5.39071136713028,4.05860233306885,0,77.733735948801,235.727041870356,0,0,0,1.08163174986839,0,7.3064036667347,0,87.3194785416126,0,128.564075529575,0,0,22.6613464951515,129.971046060324,93.3340799808502,185.158387452364,0,4.35459232330322,27.4168565571308,74.0541041791439,15.7135346531868,9.73127514123917,2422.01768019795,3158.29087406397,5.99536442756653,0,5.77846956253052,295.452517181635,0,0,14.2608025372028,326.557491093874
3.14328828454018,0,0,19638.5778246224,148.279054671526,1116.67656421661,78.6325326561928,957.933466166258,1736.24762001634,11872.1424901187,437.856900602579,11770.7117896676,188.855977982283,1095.38812172413,303.20979821682,0,5.25911158323288,31.4323408305645,9.41947466135025,0,0,1.58212357759476,1.81623101234436,2474.94327330589,107.169269233942,27.2403144836426,5.09832787513733,1328.10563799739,573.322769343853,7.58752027153969,41.7360317111015,252.803111284971,1.33741003274918,418.344872534275,22.8316353559494,1357.76735857129,23.5273177325726,195.001020491123,107.211402326822,1149.54348832369,72.1204899251461,90.4019276499748,127.050681769848,12.1993026733398,100.974269658327,48.8599347472191,526.451928496361,40.1641755700111,54.929200977087,2.1522972881794,0,0,1069.18251723051,32.5969412624836,103.069141566753,444.185143053532,30.0710147023201,471.406275361776,710.744131654501,20.7761287689209,1188.59626773,43.1455489695072,28.5734859108925,493.194400817156,0.386354804039001,0,0,0,1198.51362285018,0,0,0,758.086326360703,1.84876936674118,0,0,2242.29935321212,44.738269329071,1.32758015394211,0,13.8019852638245,8.59239417314529,57.7808276116848,6.15964442491531
73.1571120619774,123.935261517763,1598.51791128516,0,7.93837279081345,3.3762081861496,4079.77411180735,140.870378762484,133.52815720439,1.35822945833206,64.8151643276215,3.09972301125526,93.9718719422817,364.48761767149,20.5087320208549,10343.9968085587,2426.71767923236,44.1552370786667,206.152448356152,0,0,2627.36059010029,43955.2243698239,347.237753093243,325.754223376513,321.946651726961,3138.39398622513,24209.0433578193,204.456131339073,25258.7735557854,8.63224098086357,7.03606954216957,35.8516932725906,13082.2070679963,3373.12350857258,26234.6449405849,4221.15781444311,16159.9609579146,7504.32083809376,324.068607538939,83.6870799958706,52.2288836538792,719.70887902379,49.1592536270618,232.073055118322,149.907223641872,141.083228260279,29.0325480103493,8.71538588404655,24.3701959550381,15.7531522810459,266.038884460926,1.11384320259094,0,0.466225504875183,534.33453643322,38.9571995735168,979.671918362379,1.01932460069656,14.0584352612495,4.19505327939987,21.0514895021915,56.6510382890701,14.8665121197701,3751.99227452278,35.2916570901871,3.17927753925323,10.2617518007755,0,4622.53547051549,1776.02230471373,3917.36026319861,3769.18454125524,3.74774652719498,64.4323641508818,814.000985831022,2747.98221373558,169.38797724247,2144.68270105124,0,0,218.756383508444,164.845759183168,1154.83467656374
1.7169563472271,4231.58306273818,115.69851359725,0.778147876262665,55.160112798214,6.8529634475708,58.4525288045406,4.25384443998337,8274.58167630434,1.6359601020813,143.385984301567,4.66998612880707,2405.13376495242,7.03575268387794,178.124489545822,10176.1577120721,263.594525754452,23.448900103569,55.4960044026375,1.58212357759476,2627.36059010029,0,4391.95384994149,16960.7149857581,3709.58564674854,266.740813940763,19825.306517601,1651.15486696362,40.6392113566399,38.1286306381226,278.793277651072,3.25298452377319,11.4110663831234,126.571374893188,43.425587952137,583.310458153486,103.271819770336,161.897049546242,77.500711530447,189.661004602909,1.28412872552872,289.754889369011,589.375417739153,166.458388417959,143.153458088636,102.006518423557,30.9124499559402,4.13412946462631,82.8743095099926,1.90246766805649,693.205790013075,466.396157681942,0.433393239974976,0,0,135.721085816622,4.39153584837914,322.029133468866,1.46810722351074,47.0403177440166,1.92183899879456,85.9971801042557,7.26143375039101,1.27504658699036,2867.42118963599,82.1467903256416,12.9903969168663,19.6969975531101,2.59365606307983,585.984811127186,2152.76138341427,2029.23785728216,911.585875838995,15.1123727560043,234.040838032961,6370.10718268156,476.571318149567,15.6558250188828,136.541821599007,40.78651034832,0,14.2530779242516,40.7688269615173,55.0409226119518
274.294453024864,74.0336000621319,32664.9555054009,0,3.40516304969788,13.6978736519814,9069.65950366855,422.308707535267,82.2502475380898,15.3868073225021,359.612798541784,7.68305277824402,70.7976216971874,1093.15532460809,19.1311533153057,12561.6469202638,28858.807152003,449.441418975592,1485.59737944603,1.81623101234436,43955.2243698239,4391.95384994149,0,2953.94548296928,234.709658771753,5515.13935691118,44090.0893964171,21603.9651196599,654.47688421607,14819.0423339903,53.1244730353355,12.4941766858101,143.798493862152,17375.5155851841,5056.70572441816,39363.2463045716,12320.3761803806,23360.6924221516,15803.6705664992,751.427354514599,128.193336904049,97.7539798617363,2911.41901057959,404.124678969383,774.958834081888,686.534151077271,235.761721462011,24.483077943325,4.66267657279968,3.18254721164703,65.5954574942589,3871.36641135812,0,0.677195370197296,1.55960834026337,1291.99195763469,12.0730537474155,215.510212481022,0.785286664962769,32.0011091083288,6.1574712395668,21.581356048584,17.619279384613,14.7614503502846,12865.4897044301,197.186420023441,10.9623224288225,46.5752291977406,3.71243497729301,2770.50693592429,3282.6057959199,29212.4844894707,1258.17385065556,0.50160276889801,610.784337520599,11278.6772330999,2050.98479387164,21.599170923233,439.242977321148,1.86054202914238,0,29.02603957057,106.251031130552,2260.35065025091
125.317254185677,3343.26237723231,72.5169506072998,5659.83659929037,256.766123920679,134.653635680676,9202.07789874077,301.471830666065,34290.1276186109,1559.86554095149,325.289923399687,386.954750835896,1233.10181665421,764.52482432127,778.75276184082,6795.40290433168,270.844389587641,39.1144559085369,59.5467250049114,2474.94327330589,347.237753093243,16960.7149857581,2953.94548296928,0,2564.38875675201,282.639247715473,9128.19132474065,17515.8480308652,3460.09435853362,374.224154382944,160.361466139555,182.881396919489,1119.5760409236,1971.61413404346,900.548801392317,6053.81667849422,433.753259778023,1943.98394140601,880.300505638123,1333.25615021586,223.456029593945,272.285174638033,3163.97939842939,119.725187122822,1178.78157490492,360.356284558773,1581.50290554762,456.966074347496,140.906845867634,87.3070572912693,67.7995229661465,167.627452343702,1796.86690318584,23.5546681880951,236.483825743198,5996.16616529226,313.876448750496,10599.8693461716,1407.7787514627,451.510312438011,1475.36756253242,412.619367748499,504.451783627272,729.822391986847,1306.56150507927,36.4061045050621,2.5233336687088,15.2107443213463,1824.13248744607,1102.73420080543,942.34243747592,1419.26867231727,29851.6768117547,17.9237423539162,114.019279837608,942.304244667292,22189.3115626574,1425.68873926997,1428.09273573756,3.14778453111649,27.5190890431404,537.170251190662,1197.46159887314,613.226375490427
1.86815616488457,2869.3081291616,0,70.1198779940605,88.0973978340626,127.29674616456,395.712307572365,84.1612700521946,1569.8718778193,229.739050030708,2630.63817447424,279.217312574387,15374.1444678009,65.7728684544563,202.173409879208,290.949521094561,15.2765701711178,47.614973038435,17.9413605332375,107.169269233942,325.754223376513,3709.58564674854,234.709658771753,2564.38875675201,0,207.922027826309,3312.23932868242,758.243814378977,155.025458097458,236.225911080837,1053.83887144923,101.083647489548,9.15173053741455,969.085927754641,14.6779510378838,1395.08793985844,157.040127664804,605.259359329939,100.556041091681,4390.05728554726,65.449191570282,3068.80444580317,214.953693419695,870.651150614023,89.9950650036335,19.2626587748528,912.258382320404,15.9598859548569,1103.71732711792,3.43491804599762,300.133694767952,4.07689273357391,9.45420360565186,5.59936451911926,12.379324734211,144.580409556627,14.9424086511135,33.2224708795547,32.7586075365543,1995.90902292728,63.9019466042519,6137.64524576068,21.4357524812222,69.366956114769,5.4350825548172,0.552581369876862,157.617083847523,7.54963129758835,37.4184368252754,34.3989872932434,48.5249012112617,11.2053996324539,134.596417069435,1986.0889723897,1366.34174743295,3742.58223077655,342.917967706919,53.2970412969589,89.548059374094,2268.02713721991,8.03696799278259,17.8635973334312,145.762906372547,13.3303629159927
16.022147744894,380.702804237604,22553.5253240466,7.94392192363739,0.535288393497467,34.2892388701439,748.396546810865,52.8810335993767,72.1849930137396,256.211532920599,10791.5682530701,173.323903143406,610.814208179712,94.4186959266663,12.5816346406937,96.6603237092495,4763.50492677093,16960.9299511611,15023.2581936121,27.2403144836426,321.946651726961,266.740813940763,5515.13935691118,282.639247715473,207.922027826309,0,50864.785941273,393.106857925653,277.93035492301,156.760392665863,2864.85140654445,200.296034485102,4.42355561256409,1901.23619383574,450.160215348005,10765.7454930544,7111.73968762159,3632.03523984551,1762.75020244718,89.3054848611355,22.1921819150448,61.0015897154808,1761.05735009909,1422.17034542561,259.983033448458,301.43089401722,37.9470758736134,2.71552723646164,56.5404487550259,0,464.042513638735,830.102587729692,0,0.994573175907135,0,34.1271804571152,1.40696096420288,52.2583775818348,0,1276.43378770351,0.69326788187027,2601.47621780634,0,0,72.6019985079765,588.321007072926,984.689857333899,1305.70073801279,0,24.2264313697815,133.768154233694,305.620652958751,52.0578705370426,125.838969290257,13488.1673540473,18260.4217235148,17.6677360236645,2.4375319480896,18.0854281485081,3417.61716097593,0,0.867767572402954,91.0457595288754,295.119569867849
154.977425664663,14863.1290384531,60213.266199559,0,29.7939913570881,8.35518497228622,3967.77158203721,338.062968164682,3990.25313594937,26.5091760456562,1008.64201360941,17.6417179107666,2486.75272992253,687.841803252697,157.856665819883,6933.86697915196,29264.0373334289,3908.70628336072,5698.046312958,5.09832787513733,3138.39398622513,19825.306517601,44090.0893964171,9128.19132474065,3312.23932868242,50864.785941273,0,3853.63996008039,493.759537011385,1298.61645013094,932.040928453207,30.5170617103577,31.7171878516674,8427.48332965374,1903.53000620008,33043.7381794453,6455.77775126696,8337.45955121517,5315.00017341971,478.811299353838,71.9047532081604,64.7265986204147,8633.58655667305,2508.83703923225,1784.5164783895,1439.84309399128,255.771765291691,19.7502671480179,62.0335901677608,6.48446217179298,4521.94700813293,16519.4825237691,0,0,0,1226.82338614762,10.854200065136,231.711073070765,1.55868220329285,1637.9353723973,2.49671030044556,3119.98320737481,36.3641546666622,3.71823799610138,3983.19370386004,2428.36879235506,2192.98500627279,2076.38711407781,0.901720762252808,549.049807846546,2910.68023395538,11946.7933070064,645.576878666878,427.754232168198,28338.4703485072,120118.405734062,864.90541100502,7.39113296568394,182.346445947886,7598.01958975196,0,3.91439163684845,597.758814454079,1366.19559782743
188.506046444178,210.010198384523,1839.31224119663,5794.74229472876,136.85900875926,279.707157939672,73027.3829537034,705.855288356543,9572.37678435445,6879.08930522203,465.148624747992,343.965439260006,510.401529252529,1615.96509668231,455.937228709459,3852.58395171165,1447.73067858815,71.6030475795269,112.271520912647,1328.10563799739,24209.0433578193,1651.15486696362,21603.9651196599,17515.8480308652,758.243814378977,393.106857925653,3853.63996008039,0,5899.42314603925,24098.3591957688,70.1904090046883,424.042005926371,2407.15210235119,6878.39592954516,2693.89030683041,18284.6647900045,1555.92434355617,7718.16331607103,3591.42814093828,1440.19986453652,445.389283955097,366.816629707813,3851.02844825387,125.538084000349,1240.67435869575,446.896139889956,1776.54815426469,446.331880956888,166.611421793699,103.273928850889,34.0622029006481,331.449088484049,2557.59867045283,33.6831452846527,259.372279047966,7926.67878684402,278.261247217655,6038.42944034934,1802.31645098329,277.725831627846,2220.48279026151,438.279177457094,503.698457032442,813.856742739677,1497.98995000124,52.1932608485222,1.52530378103256,10.0543049275875,2677.05256947875,1791.12113502622,610.77936860919,2297.83654370904,21242.7773029804,7.1967154443264,64.7537654340267,1067.07786017656,22021.8002652228,1635.99948716164,2564.45444014668,0,27.452728509903,591.932952582836,1193.99179169536,1051.62902531028
9045.36367785931,14.6753902435303,55.078567892313,389.375368863344,36.454238653183,682.97631958127,10168.6255521178,2232.07794508338,702.757514685392,4636.75076192617,3095.25386273861,1849.56875917315,519.640469938517,7575.12913131714,111.960288763046,10.0143851041794,2484.06591907144,202.44699037075,194.155407607555,573.322769343853,204.456131339073,40.6392113566399,654.47688421607,3460.09435853362,155.025458097458,277.93035492301,493.759537011385,5899.42314603925,0,13527.4296299219,193.488512039185,1485.44767037034,3453.30522978306,9485.86530485749,280.307976692915,3394.20690369606,110.243134200573,2350.62657642365,760.982393324375,699.614170581102,254.024316996336,210.956425279379,291.612007990479,40.2074012756348,234.648596972227,71.0195356309414,224.469989001751,51.8436186909676,87.5793333351612,7.91714471578598,0,18.1961845159531,168.975195258856,5.34754681587219,15.5601541697979,675.89533162117,32.0452961921692,532.593853235245,117.23073887825,42.342817991972,278.270657986403,83.4565595388412,25.6616427302361,77.2609730958939,3.26774120330811,4.20026397705078,0,0,203.745989263058,7.35584929585457,2.34977769851685,15.1968960762024,1936.0251788795,5.90629598498344,16.2284386456013,59.6861084103584,1993.84635385871,90.7848869860172,43.612298220396,3.14324909448624,3.19891911745071,39.0448022484779,93.4948685765266,82.5605010390282
4985.00332692266,3.09638920426369,336.223614782095,3.40341290831566,9.26833021640778,25.5988367199898,20202.5166144669,3006.00715854764,38.128914475441,78.2773011922836,168.184575587511,13.7017379701138,145.084546685219,10356.0073551536,25.1092327833176,29.9057010114193,5694.9200347662,36.4506803154945,138.654142796993,7.58752027153969,25258.7735557854,38.1286306381226,14819.0423339903,374.224154382944,236.225911080837,156.760392665863,1298.61645013094,24098.3591957688,13527.4296299219,0,25.3288135230541,58.9959252476692,6090.35830688477,15894.5871302783,2014.37306195498,12456.4606077671,736.166056632996,11288.3882108331,3695.79244074225,363.1363684237,153.285496532917,120.586063802242,613.387439310551,34.5588537752628,177.094983607531,90.2906646132469,119.066451102495,42.6397385895252,40.7854471504688,13.2208987772465,5.77872177958488,114.489012867212,7.23196646571159,0,3.1421385705471,545.004671901464,19.932865947485,143.001457512379,7.69622448086739,15.9049687385559,14.7377262711525,41.2006171941757,28.6948180198669,33.1531223654747,278.067525148392,12.2249185442924,0,0.43216136097908,6.4381767809391,647.155470132828,80.0863792002201,310.898130565882,1596.49965396523,3.20262664556503,24.0151053965092,220.096849650145,2385.80958721042,132.756272703409,740.825129538774,0,0.939311325550079,147.207245826721,147.463571161032,661.272138506174
