0,0,43.9188731610775,3.48076647520065,0.517691731452942,13.7508670687675,14740.0626381934,346.531603127718,4.51666083931923,110.172065258026,12.8815548419952,9.3744004368782,0,7287.30838790536,2.67041367292404,2.7888288795948,579.565929889679,18.3716820478439,111.149516731501,1.41632282733917,225.970464557409,0.447403997182846,137.260931909084,44.623865634203,0,453.968153744936,30.0649625062943,162.325389921665,6663.90272143483,13578.650491327,0,5.70058882236481,21.336267054081,265.391045212746,1.92596644163132,21.6515837013721,7.14371785521507,137.362880945206,30.1076999902725,1.6865485906601,0.889456331729889,0.388949304819107,0.397042989730835,0,2.77852559089661,1.59915161132812,0,0.607303977012634,0,0,0,0,0,0,0,4.88331282138824,0.471178948879242,2.38745039701462,1.68972572684288,0,0,0,0,0,0,0,0,0,0.511642396450043,0,0,0,11.4889353513718,0,0.44416943192482,1.19768115878105,11.6542320251465,0.515257894992828,0,0,0,0,1.0072078704834,1.5496398806572
0,0,62.2233270406723,3.09188908338547,4.45855319499969,0,1.02962955832481,0,2841.55734828115,0.897632956504822,40.4147864580154,4.69892567396164,320.313556730747,2.39539679884911,25.7187267541885,342.456375390291,48.7811647057533,5.27356880903244,42.4937574267387,0.744210481643677,121.71528249979,7169.02423503995,58.3089356124401,4588.23149457574,5560.47587758303,326.400487244129,17345.6373914182,312.653516888618,1.58007690310478,0.695712089538574,195.236755847931,2.046999335289,0,34.9240308701992,1.08981749415398,95.2343886494637,171.9170563519,93.8795365095139,44.8240822255611,47.0870077311993,0,521.532743036747,182.000491052866,109.623047500849,69.9584949314594,108.077228188515,2.59160467982292,0,53.8397207260132,0,3436.55358082056,232.01362991333,0.340703874826431,1.49009525775909,0,16.2455006241798,1.20037293434143,12.2193907797337,1.48633509874344,109.957711279392,0.768913209438324,374.094683021307,5.70967414975166,1.21938264369965,108.182117044926,107.817479789257,9.67839539051056,41.8202166259289,0,13.8018984794617,311.26301202178,74.2801666855812,35.9448364973068,195.880332231522,553.202759623528,6820.84515717626,36.9190577864647,2.97494319081306,17.746568351984,217.190656751394,0.713605523109436,0,12.6959720253944,13.4649751186371
43.9188731610775,62.2233270406723,0,0.87365135550499,3.83987563848495,9.15121188759804,3062.75151410699,244.067221283913,24.5154680907726,26.378938138485,45.6779906153679,18.7752425968647,0,526.480941474438,119.40260758996,158.464995622635,8793.15317419171,95.9288532435894,802.781613200903,1.54549345374107,7444.73067831993,117.263586938381,57716.68852669,248.928288847208,1.57375490665436,45120.1949546933,26191.9196787775,4363.25851666927,377.364859431982,1655.08041396737,0,11.2427921593189,220.687506198883,3085.35361868143,799.610334873199,5576.90881061554,2075.78869262338,3786.10320544243,2876.24161329865,45.7210468351841,20.2655313909054,58.3207540512085,613.199773520231,174.233442038298,274.331734091043,337.774421274662,6.71236789226532,1.83374518156052,0.994243204593658,4.51931914687157,109.345973193645,2695.21349793673,0,7.12209159135818,0,176.247777670622,4.89667403697968,4.12511596083641,1.85280498862267,9.80611249804497,0,4.64916551113129,28.0796342790127,8.28130912780762,422.763863265514,381.740619599819,1.78380632400513,50.0318465530872,0,88.5071887969971,526.932651370764,946.850484937429,95.489464610815,0.570783913135529,354.14767357707,9446.5462910831,268.211043208838,80.1159036159515,122.111531943083,0.839340806007385,0.616863489151001,9.59508094191551,100.469359070063,342.935917139053
3.48076647520065,3.09188908338547,0.87365135550499,0,23.6699168384075,258.948683351278,205.589312314987,260.372705042362,1152.20759749413,16150.1766967773,38.2504920959473,3836.40536376834,4.06287723779678,280.647986710072,102.506779283285,0.719785630702972,2.68177419900894,17.5662563443184,9.9097857773304,28065.4895395637,0.418532460927963,3.64920806884766,0,2510.26234433055,2.09806799888611,21.1990879774094,10.6566033959389,19592.9039545953,172.790709197521,2.51874446868896,0,25.2566857933998,3.11800330877304,149.323986172676,50.8077683150768,418.524191141129,13.3120240867138,163.217084169388,42.6141485571861,408.829136967659,43.8158137798309,15.8603885471821,135.704775393009,2.68408560752869,44.8705441057682,4.61283069849014,241.097909420729,13.5333806276321,4.80218443274498,0.478079408407211,0,0,512.595021605492,35.1325098872185,27.4199463129044,175.758150160313,49.6815655231476,213.418063670397,542.217661589384,2.40383407473564,392.292979955673,0,48.8417709171772,181.509804338217,3.43962249159813,0,0,0,224.139519959688,1.52358460426331,4.03145515918732,1.72561752796173,1649.96929344535,0,2.50875714421272,2.05278706550598,840.338563114405,73.7587762773037,3.96773663163185,0,0,5.71792614459991,43.6852296590805,8.59734642505646
0.517691731452942,4.45855319499969,3.83987563848495,23.6699168384075,0,2262.93298003078,52.7264273166656,91.6845456063747,610.78241121769,252.315495431423,52.4834853410721,1680.08022046089,3.12181907892227,17.4510821700096,7265.18034377694,6.71194118261337,1.70195496082306,21.5195401012897,6.60366314649582,122.517630547285,85.2779818475246,19.2509496808052,122.47253382206,368.441155791283,2.01044845581055,11.5640643835068,27.4002300202847,168.006379693747,18.8918243944645,11.4158034324646,2.82869648933411,1012.45509979129,1.64258277416229,928.139883905649,550.452531963587,493.346153706312,24.5607533454895,53.4969931840897,32.6472082138062,12972.6633984745,10724.7231669128,43.4743831753731,32.7065389156342,23.6179108023643,7.13385140895844,47.0939164757729,46.61758685112,1.11918878555298,4.78761845827103,1.92554485797882,0,8.11094936728477,8.90242290496826,5.22472953796387,2.82694387435913,9.87000614404678,4.04981869459152,10.8389984071255,27.3120854496956,0,56.5545861423016,0,3.0864839553833,34.5965758562088,7.24169826507568,0,2.30605638027191,1.82076251506805,15.7581848204136,11.3479768037796,0,35.6143701672554,69.9546430110931,0,2.45112985372543,8.58452206850052,66.2944214046001,3.99610680341721,2.80149105191231,0,1.5113730430603,0,0.994055569171906,1191.21257194877
13.7508670687675,0,9.15121188759804,258.948683351278,2262.93298003078,0,2711.79700255394,11268.419305414,171.097699344158,40578.931397289,184.39323079586,10585.3447215855,6.5406231880188,1239.26895821095,4319.08484455943,0.666711568832397,27.5864114761353,90.6169294118881,51.2751787602901,647.149354398251,17.8865474164486,1.38444316387177,21.8961710929871,161.460372507572,0,90.4131430089474,39.7582025527954,1316.63137769699,424.511637151241,44.3784671723843,8.67746713757515,511.528297752142,5.73424193263054,251.743121951818,6248.94084408879,1354.09763815999,52.9058078527451,277.291603922844,92.6520989835262,5629.95956742764,1332.70857349038,52.7759591341019,32.9328478574753,2.65870934724808,9.16337364912033,2.33397972583771,28.4923301935196,3.66769629716873,3.6614818572998,0.369858741760254,0.740526020526886,0,16.4741368889809,4.26288622617722,3.96851626038551,34.1593373715878,7.00774160027504,27.9992631971836,67.3600876331329,0,46.8936217725277,0,5.30648893117905,22.9652322530746,2.06761968135834,0,0.650150656700134,0,5.81458255648613,0,0,1.03599342703819,208.448724329472,0,0,0,142.57009345293,8.13687762618065,0,1.1079443693161,0,0.608957350254059,16.1390534341335,355.584332734346
14740.0626381934,1.02962955832481,3062.75151410699,205.589312314987,52.7264273166656,2711.79700255394,0,17527.834279716,1025.21371468902,30291.8046101332,529.378551006317,253.307124614716,22.9474441707134,45079.8996019065,386.20189011097,18.086587280035,2982.56728756428,341.636063992977,586.536945819855,144.667857378721,3769.01953834295,13.196263641119,2725.94450598955,3877.00698018074,0,5748.65378659964,409.196566313505,71932.9387934506,9892.28532442451,16136.4775139093,19.6385578215122,287.137270480394,699.611273914576,3645.35714598,1049.76778247952,3602.62674680352,246.595663309097,3936.50214877725,1284.43252319098,613.455872178078,408.302623569965,81.8735775649548,415.335584759712,14.2546104192734,135.182949066162,29.628161162138,158.274234324694,24.3432879447937,9.32213318347931,4.92107552289963,2.1333881020546,9.81995183229446,205.299683362246,22.171615332365,18.9883288443089,483.160421490669,103.4083301723,365.91758030653,784.104459404945,1.8577721118927,110.757680535316,3.81181246042252,110.708359092474,89.4309962391853,39.9445574581623,2.79763779044151,0,0,107.873174130917,5.16970574855804,25.6177107095718,56.5488246381283,2378.90830972791,0,4.43724983930588,82.6802141368389,2047.4717669487,162.678137332201,13.7586799860001,0,8.3378749191761,6.55104410648346,132.238759577274,143.549304753542
346.531603127718,0,244.067221283913,260.372705042362,91.6845456063747,11268.419305414,17527.834279716,0,264.733783006668,22537.4216896892,948.766981393099,4789.1308722198,52.2572202980518,28543.1068114042,198.091454058886,1.50497084856033,715.37789568305,385.973568707705,256.238219767809,830.354812175035,399.998248100281,1.64577585458755,209.716457396746,382.413394659758,1.53060215711594,1355.35265043378,93.9678810536861,2055.2762658,1018.89422041178,2771.38158023357,36.9159708321095,543.095312297344,27.0103471577168,841.827377825975,797.333411544561,4605.05290591717,236.671617150307,1051.17019766569,337.899319171906,3781.49915367365,698.498545557261,316.803533643484,105.492850035429,11.1204335689545,37.5496958196163,8.58283293247223,55.6675125658512,10.6770963668823,18.5216334164143,0,0.462744534015656,1.69868421554565,29.600447922945,6.87301754951477,5.94169157743454,128.95996800065,23.57492223382,102.316151887178,133.025931090117,1.60055899620056,63.9996581673622,3.44980239868164,9.32802382111549,37.4767467081547,12.4333159029484,0,0,0,26.4398283362389,2.32901835441589,5.36710050702095,4.78464606404305,694.084613144398,0.763250470161438,3.98064231872559,12.4252013266087,493.990296691656,32.4498918354511,0.458267152309418,5.11611860990524,1.87985843420029,0.943243741989136,47.4985394775867,75.7673346698284
4.51666083931923,2841.55734828115,24.5154680907726,1152.20759749413,610.78241121769,171.097699344158,1025.21371468902,264.733783006668,0,1396.28017005324,45.0491397082806,3149.88077256083,24.8947089910507,270.10155954957,2622.14319884777,795.946549862623,23.3643397390842,21.2743991315365,18.1634584665298,537.758724689484,441.791640222073,6859.28455534577,455.559665828943,42018.3525139987,1792.62452480197,117.562553495169,6429.61190715432,9548.72805693746,534.884654521942,30.8661905229092,14.6794698536396,43.7372441887856,79.8522563278675,227.826968282461,229.639856725931,969.645367205143,102.303509771824,389.451403617859,175.330866336823,3842.01205527782,55.362016916275,42.5362907350063,1048.11858433485,74.2052654325962,280.121871560812,122.503032505512,477.972304433584,58.8201966881752,10.0291567146778,23.1119727492332,65.2382454872131,20.3140336573124,465.862986594439,52.7513732910156,69.1162027716637,1193.20619603992,161.592896103859,3971.57396259904,1254.34096688032,34.5479398965836,513.469959825277,33.3552994430065,329.543037831783,390.482161223888,1648.15658807755,16.943262130022,16.7196524143219,12.536834359169,240.138146787882,336.631153345108,1708.32794693112,673.550397723913,8135.12412717938,28.6426679193974,124.874123305082,514.255563437939,4433.79520827532,539.206998884678,486.147374004126,9.47296336293221,22.6993320584297,43.9678429663181,292.768876671791,176.526211589575
110.172065258026,0.897632956504822,26.378938138485,16150.1766967773,252.315495431423,40578.931397289,30291.8046101332,22537.4216896892,1396.28017005324,0,1467.33711749315,16831.2125459909,80.2307942807674,13513.8080817461,600.34557312727,1.10581681132317,174.653792142868,807.453014969826,523.854888945818,16251.8050599694,19.4880106151104,3.08167207241058,38.2872045338154,1533.36443221569,1.48445761203766,814.824253380299,217.624232441187,14842.7269239426,4710.4449249208,150.997897952795,66.14121311903,603.343810379505,30.8178273737431,2600.67715486884,603.454652547836,5819.07394677401,224.586580604315,2315.89076033235,437.122437566519,2149.22423663735,524.536954820156,181.467060506344,258.987626343966,12.628563284874,68.7286328673363,19.6288861632347,336.346524238586,23.503590464592,7.8857823908329,4.29388466477394,0,0,268.51682716608,51.2110204398632,29.1350901424885,307.459029942751,59.9439091682434,268.4848741889,1110.91374486685,0,624.631621032953,0,62.910235106945,292.277967721224,18.7028532624245,0,0,0,172.804526239634,1.35979434847832,4.67443001270294,9.35927551984787,1974.71613016725,0.555574357509613,0,2.91308858990669,1647.27088502049,100.325142204762,4.82870441675186,2.24013501405716,0,0.52781480550766,99.7551807761192,56.3769021332264
12.8815548419952,40.4147864580154,45.6779906153679,38.2504920959473,52.4834853410721,184.39323079586,529.378551006317,948.766981393099,45.0491397082806,1467.33711749315,0,1112.3918646872,9268.00946545601,1896.90080159903,53.0003477632999,8.98343914747238,616.80343452096,11458.5362100005,1339.10407283902,169.588731050491,63.4934664964676,8.22090822458267,292.749212771654,109.811266243458,1274.11460611224,5280.46050664783,932.8460906744,327.508261531591,2309.15148285031,110.276266843081,1187.97241699696,4643.16982954741,6.30535578727722,11208.0906281173,199.322021573782,2810.28134375811,3427.73383766413,8908.32171487808,1440.74966514111,656.938091307878,101.034411162138,5737.24716046453,21.2878070175648,222.325390577316,59.5415117740631,11.3133478164673,3.97162130475044,4.68797183036804,495.511665910482,0,109.631456971169,11.062479019165,0,0,0,6.10749477148056,1.31889122724533,26.7680633366108,6.69943270087242,822.988296836615,1.53122913837433,2679.88925662637,1.26824191212654,2.31884664297104,11.8094726204872,2.39085507392883,15.1667555570602,5.23097920417786,0.413805663585663,0.714085519313812,67.8817266821861,3.93993505835533,75.1022698581219,491.47117164731,984.983871012926,1818.701682657,21.9551928341389,1.43485307693481,0,1723.75793626904,2.33913350105286,0,11.7079333662987,47.27728125453
9.3744004368782,4.69892567396164,18.7752425968647,3836.40536376834,1680.08022046089,10585.3447215855,253.307124614716,4789.1308722198,3149.88077256083,16831.2125459909,1112.3918646872,0,58.5931672155857,4266.54111742973,3875.74261805415,0.498811483383179,107.276260048151,622.089120745659,388.587329864502,24462.8306599557,6.91563591361046,18.4139710664749,24.4804266989231,966.449068665504,2.68706220388412,620.901665359735,218.841358363628,3558.26154819131,1931.41919764876,43.9391894936562,45.2625303268433,437.916320413351,0.47220042347908,973.780622422695,1520.92677393556,2689.6311635673,103.713755935431,807.748691737652,100.028739184141,9561.09703809023,137.288257837296,205.035240858793,131.684542328119,19.1085668206215,16.3598341345787,6.34471213817596,473.333327114582,6.56551390886307,12.0999771654606,1.82724794745445,1.22281527519226,0,233.643121033907,77.6341679096222,59.8134506344795,73.3842423260212,47.2763061523438,191.670013040304,357.348775237799,12.640318185091,1042.93494895101,0,39.1285055279732,393.046336561441,8.95250472426414,0,6.60746395587921,1.31460869312286,165.982827484608,0.943902194499969,4.51447635889053,4.59585905075073,632.985409885645,0.506079375743866,4.21313905715942,3.36584824323654,516.947101771832,24.7378749549389,0,0,3.8247235417366,3.78908967971802,26.0739105343819,146.704577952623
0,320.313556730747,0,4.06287723779678,3.12181907892227,6.5406231880188,22.9474441707134,52.2572202980518,24.8947089910507,80.2307942807674,9268.00946545601,58.5931672155857,0,84.2717410027981,3.00539064407349,1.28360897302628,0,50.6482410132885,3.2163393497467,8.51694488525391,1.77691024541855,77.8375563621521,3.45186811685562,29.3589411973953,5647.75616163015,339.53754863143,1529.73181641102,22.9687838256359,55.5999155342579,1.62831583619118,1721.90935328603,226.344427883625,0,331.561696529388,14.2789595425129,255.270508259535,1707.13144603372,973.143923610449,96.9419726133347,45.4532991051674,10.2603754401207,6278.07321295142,36.2210878133774,471.490149766207,74.7304420769215,20.91965675354,0.843527734279633,5.07873639464378,658.076860398054,0,159.044214338064,0.871088147163391,0,0,0,0,3.15912520885468,14.8511633872986,0,1266.6444555223,0.500957489013672,4805.80239748955,8.90387809276581,0,8.29514336585999,4.67756307125092,85.9606538414955,15.8115573525429,0,0,91.6777054965496,1.38714039325714,31.1349168717861,1272.50846275687,3107.74683648348,6729.19723048806,2.58206444978714,10.338122010231,0,3101.87394070625,5.15311193466187,0,17.1904630661011,1.52649259567261
7287.30838790536,2.39539679884911,526.480941474438,280.647986710072,17.4510821700096,1239.26895821095,45079.8996019065,28543.1068114042,270.10155954957,13513.8080817461,1896.90080159903,4266.54111742973,84.2717410027981,0,111.115036785603,1.68343889713287,3336.72908467054,901.609213739634,1083.66022461653,936.357698053122,1581.72246351838,1.74715197086334,957.597447752953,784.050911039114,0.427610844373703,4291.8099424243,301.742538243532,3679.15039998293,12059.9224686921,22262.1232881546,54.6566961705685,808.368786364794,91.1146714389324,2694.37044514716,215.946983069181,2897.32770305872,195.468764096498,1726.70417609811,412.498503923416,851.936030983925,235.577326506376,161.596349567175,98.7196881473064,4.82762938737869,30.5776217579842,10.2649372220039,42.6079428493977,4.49382653832436,7.03607034683228,0,1.04656326770782,6.85217976570129,22.9020791053772,1.39758545160294,0.851550430059433,134.990048110485,16.6185697317123,112.023942321539,96.1124077141285,2.49634635448456,42.7659792900085,1.49957925081253,17.0690214931965,24.7137711644173,9.02153939008713,0,0,0,15.0740138888359,2.17250108718872,2.07832062244415,5.52171415090561,698.464327335358,1.48692154884338,8.00188410282135,17.136566221714,470.822529643774,30.7672455310822,6.09965074062347,3.03581976890564,0,3.45218807458878,44.356861025095,29.8320352435112
2.67041367292404,25.7187267541885,119.40260758996,102.506779283285,7265.18034377694,4319.08484455943,386.20189011097,198.091454058886,2622.14319884777,600.34557312727,53.0003477632999,3875.74261805415,3.00539064407349,111.115036785603,0,60.802338540554,66.9940892755985,43.5820288658142,71.4273001849651,290.399779617786,531.180880218744,60.9835684597492,874.527769267559,1546.27842351794,11.6505199372768,187.755092740059,683.535735160112,1214.04753169417,144.316252857447,42.0667784810066,3.29887688159943,465.425238311291,13.1673296689987,91.2482185661793,5192.08539354801,1472.40482130647,496.179435253143,163.823883056641,459.797334909439,5782.87907987833,117.497329890728,84.0975029468536,96.4630057513714,32.19634526968,28.1843636929989,57.0685306787491,93.5762105882168,8.4698114991188,4.43432259559631,0,0,15.8826011121273,39.9702099263668,15.2705403268337,14.8552374243736,72.7184073030949,16.3675523102283,73.4413824379444,98.2910706400871,0,96.3063754141331,1.71675658226013,17.8932709097862,64.9954553544521,18.7522122859955,1.83146780729294,0,2.99394345283508,12.9693694412708,15.4507497549057,14.0102258324623,40.8075750172138,309.728304773569,0,16.3355555534363,60.7983591854572,285.61092799902,24.4342282414436,12.1364242732525,0.82858419418335,0,3.56251895427704,19.7934712171555,1372.23264184594
2.7888288795948,342.456375390291,158.464995622635,0.719785630702972,6.71194118261337,0.666711568832397,18.086587280035,1.50497084856033,795.946549862623,1.10581681132317,8.98343914747238,0.498811483383179,1.28360897302628,1.68343889713287,60.802338540554,0,104.504818230867,11.6310784518719,70.7472791075706,1.22640597820282,8837.04038873315,7670.30829551816,7735.6774610579,3867.54085093737,55.9422050118446,144.044284552336,16415.9528293312,3288.32017689943,8.98850673437119,37.4785935878754,0.554463326931,3.46528869867325,2.53840625286102,339.53053727746,651.019189298153,4067.58097741008,1333.84386762977,1556.55284008384,1158.47742146254,47.1761850714684,29.2024638056755,93.9693126380444,405.623251616955,82.9584001302719,138.963643580675,140.989686101675,27.7142471075058,2.59757441282272,11.2634134888649,11.7425262331963,79.3389069139957,147.651790827513,1.5371943116188,6.33286488056183,0,257.364558488131,16.2563562095165,70.954333037138,18.2702139168978,4.73100805282593,5.07458367943764,5.20665723085403,89.0016773939133,15.9163793027401,10495.7207597792,64.4515489935875,0.874884694814682,11.2663168311119,0.99012815952301,841.720464140177,2935.01597440243,7441.40714806318,1562.77206617594,4.50126725435257,65.1655329167843,2821.05661988258,1394.23830878735,122.858381450176,228.461027890444,0.495113283395767,0.985942900180817,9.54150900244713,51.897950053215,187.133703500032
579.565929889679,48.7811647057533,8793.15317419171,2.68177419900894,1.70195496082306,27.5864114761353,2982.56728756428,715.37789568305,23.3643397390842,174.653792142868,616.80343452096,107.276260048151,0,3336.72908467054,66.9940892755985,104.504818230867,0,1370.34132772684,8119.90863883495,31.0209891200066,4581.12051543593,110.0543012321,13966.0264078677,168.698120981455,0,6256.91353324056,17704.3762385547,2171.41100341082,3126.95911410451,14690.3341971636,1.32014131546021,106.313683986664,258.424499303102,15197.3285375237,472.716627717018,4221.06176662445,2468.35880419612,5678.18042722344,2738.5243421495,80.0061604678631,32.358930259943,36.2740617096424,185.094279825687,73.7127479910851,90.1238801181316,124.016028493643,2.14984554052353,0,1.63436090946198,1.04336047172546,61.9328984618187,738.551546126604,0,5.6420487165451,0,41.9906330406666,1.03032648563385,1.1103900372982,0,0.264781773090363,0.788520991802216,3.3294683098793,5.19108003377914,2.25282609462738,71.9761919081211,171.851758748293,3.77881437540054,25.2896038293839,0,20.8858200907707,94.162483304739,122.159235805273,16.2958846986294,0.713541150093079,355.907373189926,2571.84300014377,31.6115812659264,13.6946829557419,30.418448895216,0,0,3.04490846395493,27.2103132605553,230.747925043106
18.3716820478439,5.27356880903244,95.9288532435894,17.5662563443184,21.5195401012897,90.6169294118881,341.636063992977,385.973568707705,21.2743991315365,807.453014969826,11458.5362100005,622.089120745659,50.6482410132885,901.609213739634,43.5820288658142,11.6310784518719,1370.34132772684,0,4823.0841512382,107.064263671637,105.541066884995,2.71000158786774,296.059627354145,54.7083877027035,5.57713937759399,1948.18123498559,1025.78358989954,179.852517485619,1091.43099549413,268.9314211905,67.7049552202225,1292.66915816069,12.6505513191223,3316.48422667384,311.714803725481,3705.88367819786,4702.25326773524,7701.73630446196,2747.8076839745,320.204132914543,34.9311300814152,143.686572819948,12.1797168254852,9.21417850255966,4.95202213525772,4.16627767682076,2.98871901631355,0,10.2480944991112,0,5.05839061737061,20.2961790561676,0,1.97193646430969,0,0.488076865673065,0,13.9973255395889,0,21.7935352325439,3.97983711957932,45.2436326444149,0,1.54746514558792,3.55363786220551,6.09282529354095,8.70674112439156,0.505132973194122,0,0,2.37128007411957,1.05343288183212,1.81820097565651,8.67171168327332,158.857130467892,235.91639110446,0.603778302669525,0,0,55.3772648870945,0,0,2.30982393026352,85.3036282062531
111.149516731501,42.4937574267387,802.781613200903,9.9097857773304,6.60366314649582,51.2751787602901,586.536945819855,256.238219767809,18.1634584665298,523.854888945818,1339.10407283902,388.587329864502,3.2163393497467,1083.66022461653,71.4273001849651,70.7472791075706,8119.90863883495,4823.0841512382,0,49.3639432191849,585.849096924067,28.5770983994007,1657.3908392787,42.4897194206715,2.00219875574112,8950.10751903057,6456.0807236433,324.819418340921,1293.17422524095,1447.76344931126,6.09488826990128,498.457558244467,65.5430429279804,8736.57948979735,434.814829081297,6133.47697070241,4700.48034849763,8260.7514052093,3182.28913190961,155.56948196888,26.8390486240387,19.2302420735359,95.291192740202,52.9920390248299,49.4229371547699,60.2014520466328,2.84550428390503,0,3.1629319190979,0,100.649162143469,217.963875293732,0,4.82512909173965,0,14.8467624485493,0,6.81644657254219,0.498315006494522,2.15074545145035,0.5522141456604,5.61186417937279,1.15762549638748,2.95725071430206,14.6309433281422,70.0644192397594,1.81130999326706,45.2912181913853,0,5.56926336884499,10.2177157998085,32.9832432568073,8.04336166381836,0,820.16843354702,1752.87164327502,7.95551925897598,2.44522058963776,13.102547198534,4.41547155380249,0,0.485153257846832,8.99953705072403,231.817305028439
1.41632282733917,0.744210481643677,1.54549345374107,28065.4895395637,122.517630547285,647.149354398251,144.667857378721,830.354812175035,537.758724689484,16251.8050599694,169.588731050491,24462.8306599557,8.51694488525391,936.357698053122,290.399779617786,1.22640597820282,31.0209891200066,107.064263671637,49.3639432191849,0,1.67595809698105,8.41909244656563,5.66119819879532,648.765010178089,0,90.1563085913658,35.0710159242153,9836.67754361033,366.89130115509,13.642942070961,7.93086805939674,58.8828219175339,1.24884974956512,199.855549961329,47.2392809092999,694.355596959591,39.3051054775715,181.811236530542,22.5581495165825,827.223200976849,46.8364857435226,38.310851752758,34.4885744452477,6.71858006715775,10.3377532362938,3.75135079026222,112.607920348644,3.95593339204788,2.06030189990997,0.318432360887527,0,0.535586357116699,113.976233869791,19.3227163255215,9.95260727405548,66.8193365037441,8.37167766690254,59.742343723774,309.002400130033,0,228.554751873016,0,13.4897699654102,105.701080113649,4.12325918674469,0,0,0,27.1864500939846,0,1.31183898448944,0.885367214679718,796.166339308023,0,0,0,276.860303759575,16.0754529237747,0,0.426718533039093,0,1.75918567180634,10.0962530970573,1.6656251847744
225.970464557409,121.71528249979,7444.73067831993,0.418532460927963,85.2779818475246,17.8865474164486,3769.01953834295,399.998248100281,441.791640222073,19.4880106151104,63.4934664964676,6.91563591361046,1.77691024541855,1581.72246351838,531.180880218744,8837.04038873315,4581.12051543593,105.541066884995,585.849096924067,1.67595809698105,0,1254.19327491522,45677.2215437293,689.560495585203,19.3892924189568,5859.90743497014,7803.36734706163,8090.81071197987,1588.1534126997,26083.7496744394,1.2624024450779,13.5017634034157,856.733910381794,13879.6827696264,4430.84543639421,17919.7398601174,2115.89289823174,12672.29160285,6395.80116420984,420.423248976469,167.712448000908,114.775064468384,256.854447960854,49.1578627824783,50.4654629230499,98.4142163395882,53.0766090154648,8.18884825706482,7.78471308946609,16.8897579908371,22.323467373848,105.868669986725,0.356632471084595,35.8290736079216,1.75562977790833,211.060132741928,27.6842769384384,114.850091189146,15.360981553793,1.5582660138607,3.89374822378159,0,131.891589075327,34.6136184334755,2053.31856951118,17.1912343204021,0,1.5268492102623,1.50877746939659,692.685652554035,946.409024477005,877.214466333389,1028.56848368049,1.95669281482697,13.989147156477,734.677987545729,783.251514941454,188.479289382696,341.088320583105,0,1.26506000757217,15.3734994828701,57.0986666381359,982.79544994235
0.447403997182846,7169.02423503995,117.263586938381,3.64920806884766,19.2509496808052,1.38444316387177,13.196263641119,1.64577585458755,6859.28455534577,3.08167207241058,8.22090822458267,18.4139710664749,77.8375563621521,1.74715197086334,60.9835684597492,7670.30829551816,110.0543012321,2.71000158786774,28.5770983994007,8.41909244656563,1254.19327491522,0,1984.63789591193,17889.2430345714,3392.71598535776,244.043578922749,18853.8134955764,2202.71005985141,13.1876363158226,2.50436234474182,66.8447791337967,0,6.2893069088459,84.2854050397873,39.0360562801361,308.133948653936,158.139570057392,192.2351821661,86.2756234407425,110.332080692053,3.9592313170433,55.7627496123314,326.581519424915,74.1217205226421,99.4557870030403,102.825514942408,10.189891397953,4.24868738651276,16.165138065815,1.6136865913868,243.396615713835,400.827854663134,3.66712039709091,0,0,74.8839173316956,6.66927605867386,46.3237636685371,20.3140767216682,14.7223071455956,3.6558812558651,50.8217385709286,30.3637621700764,7.99276822805405,3909.56158062816,41.0542969107628,3.91066563129425,12.4137432277203,0.473859876394272,272.261069148779,2989.76161527634,1587.71646943688,685.995502084494,34.465323984623,275.636264890432,5768.67586523294,535.175131559372,29.4021224975586,63.5022565424442,31.964163005352,0,3.62995392084122,31.8713224828243,36.2147287726402
137.260931909084,58.3089356124401,57716.68852669,0,122.47253382206,21.8961710929871,2725.94450598955,209.716457396746,455.559665828943,38.2872045338154,292.749212771654,24.4804266989231,3.45186811685562,957.597447752953,874.527769267559,7735.6774610579,13966.0264078677,296.059627354145,1657.3908392787,5.66119819879532,45677.2215437293,1984.63789591193,0,991.605424463749,11.9188277721405,8152.09374731779,39672.3975722194,17008.4585393071,1216.59026640654,13274.6193989813,2.72249859571457,29.8830345869064,433.48116081953,20313.8281319141,8736.10489028692,45663.1974980831,9027.5812446177,31411.2010026574,18701.289850384,572.966743975878,288.437222599983,359.043384552002,726.130868911743,131.880026996136,231.812642872334,423.443091511726,34.8742626011372,7.38836145401001,8.64786124229431,4.25881126523018,77.2275470197201,851.509691178799,1.82748219370842,66.2832437753677,6.58251702785492,301.819833397865,13.6440443098545,73.5696839094162,16.2002581208944,7.23653934895992,7.6466252207756,2.7082062959671,53.9370247423649,68.473039150238,10889.1725627184,109.10943171382,2.23839974403381,20.9142583310604,1.31053885817528,995.971564143896,2317.38682022691,9864.09865742922,1419.12305194139,7.93117588758469,83.5145018696785,6536.6272238493,1520.97940206528,72.0738262832165,203.345300376415,0.816018640995026,1.68308877944946,8.92122784256935,88.2290950715542,2637.09744212031
44.623865634203,4588.23149457574,248.928288847208,2510.26234433055,368.441155791283,161.460372507572,3877.00698018074,382.413394659758,42018.3525139987,1533.36443221569,109.811266243458,966.449068665504,29.3589411973953,784.050911039114,1546.27842351794,3867.54085093737,168.698120981455,54.7083877027035,42.4897194206715,648.765010178089,689.560495585203,17889.2430345714,991.605424463749,0,1796.46398919821,291.602075248957,15641.594127357,23363.87969926,3000.29994401336,216.030213028193,16.4051989018917,70.1429923474789,685.794649273157,1461.58101400733,1270.84328335524,5411.66229090095,602.979903101921,2131.12495818734,1007.24205759168,3078.77142468095,280.248433887959,323.937220782042,2852.85050019622,197.631415903568,778.884145945311,295.393128216267,1216.1431581974,202.013847261667,75.3411297500134,50.206235229969,61.1886205077171,180.428272753954,741.415716975927,146.102778285742,142.269717782736,2879.76620829105,436.095268726349,3220.23702222109,2579.58224153519,42.8013805150986,1164.82049205899,34.1763343214989,650.666962563992,838.814495503902,1929.95731344819,33.2664746642113,7.4915175139904,12.0100641846657,523.918219536543,500.051995545626,1789.99215766788,1083.72469741106,13195.9054089189,15.1278031170368,106.803528606892,1591.32712161541,9932.68056631088,1096.78947141767,665.641665577888,7.60449275374413,27.8531040251255,89.0458570420742,883.692608654499,433.148056894541
0,5560.47587758303,1.57375490665436,2.09806799888611,2.01044845581055,0,0,1.53060215711594,1792.62452480197,1.48445761203766,1274.11460611224,2.68706220388412,5647.75616163015,0.427610844373703,11.6505199372768,55.9422050118446,0,5.57713937759399,2.00219875574112,0,19.3892924189568,3392.71598535776,11.9188277721405,1796.46398919821,0,184.895742952824,5858.66471460462,92.0023071169853,1.00198394060135,0,425.288906812668,1.95931535959244,0,8.60849285125732,0,2.25480246543884,169.158423870802,89.7368026971817,5.1666345000267,39.2607083320618,0,2904.65385204554,36.4542721509933,102.41404402256,42.4705393910408,22.2836787700653,1.08330377936363,0,100.809272319078,0,488.099443346262,4.21374446153641,0,0,0,3.70548075437546,1.67091965675354,11.8091462850571,0,178.682375729084,0.801693320274353,1120.51736995578,0,0,20.890284538269,10.6391929984093,22.5877701044083,21.4114505052567,0,3.55873259902,55.7588405013084,9.1330314874649,30.2484514415264,2145.88588121533,1079.31176704168,4634.43967595696,9.15317207574844,0.458647310733795,0,556.763033211231,1.86720812320709,1.58814632892609,6.75431555509567,0.83877044916153
453.968153744936,326.400487244129,45120.1949546933,21.1990879774094,11.5640643835068,90.4131430089474,5748.65378659964,1355.35265043378,117.562553495169,814.824253380299,5280.46050664783,620.901665359735,339.53754863143,4291.8099424243,187.755092740059,144.044284552336,6256.91353324056,1948.18123498559,8950.10751903057,90.1563085913658,5859.90743497014,244.043578922749,8152.09374731779,291.602075248957,184.895742952824,0,70933.4939106107,2935.27297084033,2960.04309390485,7202.03779441118,956.275917291641,1108.59622633457,256.518356651068,5226.73004150391,1210.13792648911,15886.9052784741,32403.121276319,12855.8051545024,6668.67212048173,347.780076950788,87.9786069095135,1391.07744163275,1393.98614597321,1220.19188466668,822.636880517006,812.775999516249,11.5765430033207,11.0858358442783,192.362238436937,7.47498738765717,1143.10895645618,3281.76249277592,0,6.42482089996338,2.66380333900452,198.814236551523,7.91031748056412,51.3438294827938,0.726157605648041,761.25719550252,0.811116725206375,1471.43001532555,26.4197129607201,6.33264315128326,148.855028569698,953.172693014145,458.896664381027,498.152992248535,0,76.3559827804565,234.450487554073,375.53699362278,98.2218854725361,263.710273653269,17554.5023198426,30119.8148490787,173.305316209793,50.580020815134,163.864689856768,1649.36524558067,9.78439554572105,6.69385686516762,162.36989441514,479.412136286497
30.0649625062943,17345.6373914182,26191.9196787775,10.6566033959389,27.4002300202847,39.7582025527954,409.196566313505,93.9678810536861,6429.61190715432,217.624232441187,932.8460906744,218.841358363628,1529.73181641102,301.742538243532,683.535735160112,16415.9528293312,17704.3762385547,1025.78358989954,6456.0807236433,35.0710159242153,7803.36734706163,18853.8134955764,39672.3975722194,15641.594127357,5858.66471460462,70933.4939106107,0,16126.9203867316,469.154144734144,821.173848420382,638.803887635469,142.591265916824,48.8273805975914,12914.8767312467,4385.9585108161,37468.5968082845,19991.8761752248,25371.2840237617,17085.3970462382,408.874762862921,148.296660274267,1277.799480021,5685.74193838239,2993.02073329687,2711.45277750492,3086.62956631184,55.3741414546967,29.3848793506622,168.403095275164,24.1064907312393,10477.9733578265,13240.4050765634,2.92292910814285,45.5695661306381,3.79505705833435,884.001734405756,24.0322703421116,162.688768327236,13.3009628653526,548.361713632941,6.22741943597794,1426.06243941188,131.511433035135,57.8783280849457,8384.09133610129,3013.69590848684,611.179340451956,1245.55754716694,0.479058057069778,924.392629742622,6354.47732171416,8891.97330591083,1466.74732908607,1607.40755647421,28888.8793241382,128400.051829189,2360.00155180693,309.601076602936,686.45758742094,1257.58274281025,5.08789139986038,31.0386106967926,688.276817455888,1956.2028336823
162.325389921665,312.653516888618,4363.25851666927,19592.9039545953,168.006379693747,1316.63137769699,71932.9387934506,2055.2762658,9548.72805693746,14842.7269239426,327.508261531591,3558.26154819131,22.9687838256359,3679.15039998293,1214.04753169417,3288.32017689943,2171.41100341082,179.852517485619,324.819418340921,9836.67754361033,8090.81071197987,2202.71005985141,17008.4585393071,23363.87969926,92.0023071169853,2935.27297084033,16126.9203867316,0,9240.96573132277,29592.6413665116,14.463229984045,206.812913268805,4372.73776474595,8626.05089454353,4757.31460055709,15504.0593496263,1574.19122391939,9228.48989239335,4431.65319359303,1790.79720243812,889.124251693487,472.532770246267,2800.35090258718,227.147084563971,780.615505039692,324.506068050861,1340.505417943,198.934878081083,89.1623747646809,55.1375317275524,39.1334401965141,200.603010833263,909.47046199441,176.742318153381,136.63919198513,3141.2769600749,440.907107323408,2284.4376744926,3158.88477647305,9.66220563650131,1440.2560672164,12.2675052881241,736.520711272955,1055.9553489387,1583.00170052052,34.8264186680317,1.53168711066246,2.95705130696297,541.408492922783,492.96879157424,1166.02763208747,990.836623072624,13207.6613952219,4.91833433508873,21.8437435030937,1398.47118335962,10304.2503425479,1078.71937403083,892.686486274004,1.82634493708611,20.7177790701389,87.5180471539497,920.330704897642,842.14796859026
6663.90272143483,1.58007690310478,377.364859431982,172.790709197521,18.8918243944645,424.511637151241,9892.28532442451,1018.89422041178,534.884654521942,4710.4449249208,2309.15148285031,1931.41919764876,55.5999155342579,12059.9224686921,144.316252857447,8.98850673437119,3126.95911410451,1091.43099549413,1293.17422524095,366.89130115509,1588.1534126997,13.1876363158226,1216.59026640654,3000.29994401336,1.00198394060135,2960.04309390485,469.154144734144,9240.96573132277,0,23438.232191503,51.426843136549,1461.10340458155,4803.43306553364,5548.95975394547,370.652960777283,2449.35950165987,189.596358150244,3164.86600968242,737.136274188757,449.954047203064,174.564306110144,94.0050113201141,327.045323938131,18.5456209182739,96.7947283983231,26.5300415754318,86.5328551232815,22.8542981743813,9.20530164241791,6.27092000842094,0.528505861759186,9.52764010429382,34.2030494213104,1.56387093663216,0.709568858146667,371.823321938515,41.62095952034,248.17106962204,153.949263751507,0,40.6353546977043,1.93757289648056,53.9813904464245,50.2593813836575,30.2765364944935,2.69118300080299,1.02769923210144,1.04723513126373,30.4932261705399,2.61594045162201,39.721403002739,14.5082356929779,1336.91737812757,0.597527086734772,12.9401502013206,51.0887230336666,1033.08924952149,102.261607140303,28.3809140920639,8.05487954616547,1.41207653284073,8.69218423962593,121.135626345873,82.1685987710953
13578.650491327,0.695712089538574,1655.08041396737,2.51874446868896,11.4158034324646,44.3784671723843,16136.4775139093,2771.38158023357,30.8661905229092,150.997897952795,110.276266843081,43.9391894936562,1.62831583619118,22262.1232881546,42.0667784810066,37.4785935878754,14690.3341971636,268.9314211905,1447.76344931126,13.642942070961,26083.7496744394,2.50436234474182,13274.6193989813,216.030213028193,0,7202.03779441118,821.173848420382,29592.6413665116,23438.232191503,0,0.890147864818573,31.8265311121941,1502.46712493896,9338.62615305185,285.980299264193,650.438432633877,159.877673655748,3049.47025567293,828.489338099957,100.151408046484,27.4532015919685,6.09431028366089,19.1361168622971,3.12362682819366,5.65717947483063,10.4550773799419,6.53328961133957,2.05189770460129,0.47397169470787,0,1.04313802719116,13.1514470875263,0.479466170072556,5.52215313911438,0,16.4105489850044,2.03359645605087,11.817427366972,0.593603491783142,0,0,0,2.90762302279472,5.10055127739906,15.9643359780312,0,0,0,0,1.03802958130836,6.47834974527359,13.6922497749329,49.5348181724548,0,5.36791130900383,54.0126531422138,39.9945421516895,1.78679466247559,3.66854482889175,0,0,0,5.6784995496273,75.056011736393
