0,1.02623200416565,206.203673124313,0,2.46339291334152,15.1025411486626,3058.17381253839,1049.58458673954,3.58769994974136,40.6154291331768,84.5956728458405,19.2699612677097,19.1204158961773,17159.3721852601,7.67915791273117,0,741.918322712183,66.5572637915611,84.1127274334431,3.00104337930679,103.141163647175,0,320.034947931767,7.9570375084877,1.48915037512779,30.1065402626991,122.650681108236,97.2124856412411,4094.78690779209,10105.3309174776,6.581691801548,8.04557746648788,30.327760130167,329.692265987396,7.17639660835266,49.3376147449017,36.0201442837715,70.456707239151,52.561517983675,4.52183884382248,1.35706904530525,10.2625665068626,2.17813611030579,2.02267616987228,5.59989589452744,0,3.08406808972359,2.96613812446594,1.85143554210663,0,0.527229964733124,1.99172413349152,0,0,0,2.43615999817848,0,0.559953331947327,1.08714842796326,0,0.78571093082428,0,0,0,3.6497862637043,0,0,0,0,2.64162564277649,0.998187720775604,2.96594375371933,26.3132244050503,1.23463475704193,0.734788775444031,12.4796036481857,20.9475871920586,0.796168267726898,3.95322692394257,0,0,0,0.678285717964172,2.49637824296951
1.02623200416565,0,42.8187307417393,0.598732471466064,0.907863974571228,4.7141255736351,30.2243808805943,21.6751739382744,1114.45624575019,16.6161778867245,827.434008866549,17.1656341552734,2007.22310695052,40.9137525260448,37.4307418763638,53.549323797226,92.8464976549149,10.5068674087524,56.4222492873669,6.9723639190197,48.3537681400776,3124.54335945845,104.736394882202,2695.63692209125,3814.9280102253,401.151961028576,9186.21145176888,45.0904707312584,49.3364351093769,26.9804358780384,113.980535328388,13.5425968170166,2.44735145568848,196.743206948042,29.1512630581856,353.650289237499,211.460482031107,80.5731908082962,177.18627640605,6.72639343142509,3.24633729457855,1045.64306637645,582.38166898489,254.285153180361,126.444707274437,146.960916936398,1.15469110012054,2.87065672874451,255.016233354807,1.5924174785614,2817.35161396861,42.6469194591045,0.585586547851562,0,1.73913764953613,12.0617810487747,5.22434532642365,32.8068930506706,3.46485137939453,237.597131550312,2.78104031085968,254.233313173056,2.04093652963638,1.18847930431366,9.62274938821793,419.376977413893,23.743654102087,201.513728559017,0,23.3045587837696,152.65784740448,39.45351344347,77.0665118396282,146.392687678337,469.854387044907,5406.6422457993,19.6232962310314,27.9418405890465,9.85483819246292,88.3817856907845,1.47194135189056,0,135.697697430849,38.4309737682343
206.203673124313,42.8187307417393,0,9.04101005196571,13.9599436819553,386.762276828289,1547.70104956627,1501.04907104373,12.0062136352062,113.567133724689,362.774608701468,13.3644039928913,41.561391711235,1684.27156734467,49.5791501402855,195.126991093159,38982.3956693411,362.656270980835,2323.22323340178,8.95702177286148,14474.3827490509,77.0450013875961,56678.7436158359,192.820199906826,9.53230929374695,34262.2461706698,19213.9243540764,2904.37702968717,608.067274302244,1013.39184191823,5.311015188694,7.6940806210041,145.499905884266,2214.54055455327,857.03601449728,6944.83494210243,3891.654738307,1626.28061589599,3652.24027168751,47.878526031971,41.7513450682163,22.3764835596085,2415.08407571912,351.679707616568,738.29512694478,754.941908329725,39.0496779680252,21.8429397344589,0,0,152.412478983402,1294.49033755064,0,2.82230639457703,0.850827127695084,35.6953423023224,3.62008392810822,2.13262188434601,0,46.5398859381676,2.37479484081268,4.12728106975555,4.84123811125755,1.95397406816483,229.754089951515,2946.10952427983,51.1788164079189,483.395333051682,0,125.524765759706,249.898124694824,785.073877215385,397.354436486959,4.49835419654846,1536.29626765847,8269.00843670964,382.250313133001,21.4665966033936,115.375907927752,3.94596657156944,0,6.26485633850098,510.797332376242,407.171882301569
0,0.598732471466064,9.04101005196571,0,33.5059360563755,306.586942762136,700.322991579771,249.869588732719,3122.78885892034,8419.74522763491,28.9343243837357,7195.77471011877,64.1079115569592,115.519000768661,438.861277371645,0,2.31843492388725,21.077867358923,9.67077219486237,20520.6012279987,2.25989043712616,0,4.10976213216782,4856.48069769144,61.9037279486656,13.0139080882072,7.08663326501846,10991.9961533546,182.632921040058,14.2688543498516,2.87381225824356,46.8067480921745,5.46938276290894,114.721520394087,81.049792766571,1187.99029427767,43.7282713651657,32.3101515471935,69.1646918058395,159.314459353685,70.9815816283226,58.6721510887146,373.605693310499,31.0493020415306,120.862236738205,40.0784323811531,331.614565968513,28.2920783162117,14.8400339484215,0,0,0,1916.55518639088,48.9800374507904,412.484135001898,1064.32905000448,738.851284623146,674.323773264885,1952.60029616952,3.96304246783257,1163.84054300189,0,171.431162923574,128.691428542137,0,0,0,0,803.696194171906,0,0,0,3922.66506025195,0,0.951042711734772,0.514605641365051,4689.67462807894,70.4120880067348,0,0,0,0,40.6168246865273,12.9872224926949
2.46339291334152,0.907863974571228,13.9599436819553,33.5059360563755,0,2898.96630936861,207.945468813181,230.085636794567,310.147602856159,87.8038255870342,5.93610787391663,701.744591236115,12.685195505619,43.1705448925495,4934.94003713131,14.2383787035942,13.3660380840302,5.53944247961044,1.77392029762268,54.5950236618519,130.337213397026,8.21202838420868,107.248555362225,367.956957787275,94.0729736983776,6.18725907802582,31.3974352777004,348.109419167042,45.8274475038052,135.879744797945,0,1126.38485255837,2.79890710115433,748.386568486691,923.555111527443,639.804241418839,70.2120730280876,8.00902023911476,38.7406152486801,12972.8156222701,2233.67933315039,49.5658021867275,87.7616810798645,49.0941320061684,17.268695473671,85.1281270384789,213.129227727652,9.92933058738708,18.2806383371353,0,1.84137320518494,0.358753740787506,85.3096188306808,22.2976017892361,138.076240241528,47.7985054552555,35.6434333622456,45.9100204706192,70.6417781412601,0.869675278663635,137.67628762126,0,19.0247935652733,60.9103292822838,14.5181865692139,0,4.75693982839584,3.48476153612137,57.5424211621284,26.8744117021561,0.873299121856689,43.1046273112297,208.511390686035,0,6.75690984725952,27.612165927887,141.970140129328,8.02443301677704,24.6528648734093,0.642194867134094,0.633936703205109,0,10.1469410061836,655.696436285973
15.1025411486626,4.7141255736351,386.762276828289,306.586942762136,2898.96630936861,0,12678.1551358104,18609.1246578693,2217.91016149521,17111.6765018404,254.788328200579,16936.7772059739,215.168662369251,1748.00213205814,5929.52034839988,0,343.758538767695,190.56962749362,77.8917244374752,716.56064248085,216.257420241833,10.8075606226921,385.092442899942,1605.78828051686,417.769988894463,117.832655459642,123.612585365772,2461.83920711279,836.25311011076,1167.03016498685,21.7013319134712,512.542489349842,37.2044876515865,622.643313407898,4458.14211151004,3892.78029060364,223.970831751823,208.912310317159,394.58573192358,9611.85446721315,390.13264426589,378.592927277088,801.884102374315,88.1226455569267,222.259123831987,102.104907572269,1914.47589564323,59.4428399503231,121.862335383892,0,1.72502169013023,3.08112555742264,1110.71567696333,257.797755718231,1367.58096686006,696.411417245865,919.329431772232,430.716140955687,1039.78587341309,4.53718674182892,1469.26203626394,6.04161298274994,379.622680604458,514.008025854826,4.44971549510956,1.32408893108368,0.588827252388,0,712.292368024588,6.79701671004295,1.87518298625946,11.1432323157787,2737.92450910807,0,0,5.95374700427055,2342.32002693415,147.231922954321,101.318281888962,0,10.2917585372925,1.50784075260162,79.4066416025162,544.028313070536
3058.17381253839,30.2243808805943,1547.70104956627,700.322991579771,207.945468813181,12678.1551358104,0,15389.9096466601,461.49340480566,38090.3960418403,1072.43253389001,766.488330125809,810.845711529255,28737.3509816527,1237.28886041045,11.2614451050758,911.349607825279,1182.92829063535,462.122927129269,295.931358397007,1108.87704184651,7.77657508850098,1707.79135143757,7261.39049851894,437.561996072531,766.801579028368,599.808455884457,93967.0724427402,8816.95561617613,16593.8254048228,95.800079613924,666.984016209841,1051.36794090271,3482.45116278529,2522.01087322831,11020.9885494709,1098.93000283837,1814.68568184972,1518.70953920484,913.814922988415,957.037086337805,840.68588155508,694.416460841894,58.0311862230301,277.876189857721,182.903155893087,275.579596757889,62.3962576985359,76.1434979438782,3.68805038928986,8.39152812957764,1.2767918407917,145.487592101097,16.5791138112545,158.762542515993,707.291757524014,741.373488634825,151.956175386906,196.406563401222,13.5345767140388,117.95872938633,8.84777706861496,315.342040300369,40.5415176451206,19.5774221122265,4.59130835533142,0,0,78.1796526014805,24.3825554847717,5.40700924396515,28.8298574388027,2486.49540540576,8.06611064076424,1.1453765630722,55.0668584406376,1855.72522261739,155.929133206606,102.170021206141,0,1.29932200908661,1.13976681232452,90.4640246927738,227.799451231956
1049.58458673954,21.6751739382744,1501.04907104373,249.869588732719,230.085636794567,18609.1246578693,15389.9096466601,0,836.253518044949,15516.163918972,567.786969929934,7485.45270332694,198.912225455046,22889.1358099282,535.836875557899,4.64533165097237,2864.4687846899,378.63514098525,418.623587414622,1046.07106015086,739.090944886208,17.3937409520149,1688.64134165645,3058.88157564402,582.201554000378,186.721854716539,511.937143310905,5022.66148468852,1996.05588802695,9795.16757322848,29.8065990805626,1157.77719840407,102.928135991096,1575.8157120347,203.366140991449,3466.14123746753,354.942480564117,504.5595382303,699.294351547956,1378.65545648336,578.250473588705,496.884059816599,1191.1766397655,105.247883677483,290.558274358511,131.945144414902,843.528353512287,88.6813942790031,111.052820235491,4.30945706367493,0.857376247644424,0.536838471889496,198.199656546116,48.5359002351761,299.077102422714,1166.90851658583,899.678049564362,503.404591888189,269.801154345274,19.1513059735298,283.131599187851,6.67024081945419,300.787786126137,136.175487399101,10.3599506616592,0.464345902204514,0,0,153.514024406672,36.9951903522015,8.9640888273716,35.1391079425812,6046.58260753751,2.24639582633972,1.93555322289467,27.5184706151485,3567.63614952564,137.113387942314,288.902000308037,1.63864415884018,4.81438040733337,7.61782205104828,202.139484703541,30.4522542953491
3.58769994974136,1114.45624575019,12.0062136352062,3122.78885892034,310.147602856159,2217.91016149521,461.49340480566,836.253518044949,0,1068.21600493789,387.761840164661,7847.17555764318,1932.12206071615,287.533028274775,1473.36729931831,168.179987609386,29.5082258880138,69.1903417110443,23.8563749790192,1089.02008506656,74.3143392205238,9138.01226758957,65.9850814044476,36182.8088035882,1967.2829836607,148.594847083092,4551.92284661531,4317.02306947112,275.104074925184,19.6319870948792,187.061885625124,103.992890447378,38.3903813958168,219.057804793119,115.157179057598,624.654072999954,158.250448793173,72.0687064528465,119.196162462234,1172.42560198903,67.8594909012318,445.21153819561,366.001423597336,83.9609171748161,132.854406088591,49.6963981091976,301.357406646013,27.2656315863132,83.8502504527569,0.489669978618622,46.3454379141331,3.00734269618988,1654.07509449124,64.9739118814468,424.767613112926,773.927090555429,433.482307881117,4570.89448410273,950.945083022118,93.1163580417633,755.682740986347,121.890680074692,200.605820536613,204.398670494556,691.115982472897,16.4169443249702,19.0279815196991,10.8231295049191,462.777175694704,401.174484044313,612.784928500652,196.178485929966,10221.1079877615,58.5743715167046,38.1475145816803,293.690836876631,4599.38834771514,159.540538579226,56.9280480444431,32.8131242096424,5.02245402336121,4.11089166998863,59.2845332920551,42.482951939106
40.6154291331768,16.6161778867245,113.567133724689,8419.74522763491,87.8038255870342,17111.6765018404,38090.3960418403,15516.163918972,1068.21600493789,0,884.8395832479,9997.55852127075,589.795018315315,4590.75719970465,594.785599946976,0,119.050283551216,847.263410806656,302.157624036074,8019.58453002572,80.8273405730724,2.62117791175842,109.805917799473,503.883480608463,417.597522318363,439.576091051102,163.653987646103,4692.45161446929,2862.17818057537,307.668172985315,49.6966199576855,646.651545107365,54.6426012814045,1774.67569300532,585.689192950726,8376.93344074488,674.790499031544,449.602876275778,605.727551519871,648.635365515947,588.176565915346,699.437173783779,260.917601644993,38.4494659304619,144.420984953642,63.6123563945293,514.778630703688,38.9461254775524,58.1256413757801,0,4.40767812728882,0.566518664360046,1493.02674555779,77.2543478906155,458.858087927103,854.405000388622,647.458390831947,328.73304310441,1607.47510156035,4.36164003610611,1012.14175835252,7.87998813390732,93.1560277044773,177.056470274925,1.03585249185562,0,0,0,653.03692471981,1.0520022213459,0,0,2600.89784958959,3.3276578783989,0,1.04567521810532,3407.91785821319,7.35728484392166,1.20781415700912,0,1.63847976922989,1.54730892181396,61.5639708042145,56.3812184631824
84.5956728458405,827.434008866549,362.774608701468,28.9343243837357,5.93610787391663,254.788328200579,1072.43253389001,567.786969929934,387.761840164661,884.8395832479,0,729.124278843403,11935.5978446603,3039.42814931273,55.3591174483299,86.2242502272129,2836.95712250471,19019.5048415363,2661.26912838221,206.888863384724,837.347120434046,383.94334757328,2433.72043937445,570.12384518981,1884.62100064754,4015.03932246566,1578.34233140945,629.005634754896,4919.10936525464,899.167997807264,1630.65803986788,601.617006778717,205.402378380299,9465.58692708611,116.681310176849,1677.84136760235,4796.86643359065,1547.29429653287,1339.00288191438,71.5166195631027,24.0871071815491,4971.53372001648,104.298085153103,2095.95206537843,256.206814438105,27.9912821650505,22.5325972735882,5.76332491636276,2073.3739438355,0,212.113158375025,22.7389605939388,0,0,3.05144590139389,4.1173141002655,6.7691193819046,71.6478367745876,0.629035949707031,5212.7924695611,7.59785431623459,6548.1699513495,56.0134318172932,2.03101509809494,36.368784725666,51.8761394023895,36.6589477062225,14.5731991827488,1.02967584133148,2.63743275403976,56.2037343978882,54.866034090519,87.1872877776623,943.429719388485,193.133326202631,1819.10332044959,10.0329715311527,825.627185374498,2.6010115146637,958.342464894056,35.4246718883514,0,1215.82785862684,32.9376460909843
19.2699612677097,17.1656341552734,13.3644039928913,7195.77471011877,701.744591236115,16936.7772059739,766.488330125809,7485.45270332694,7847.17555764318,9997.55852127075,729.124278843403,0,344.254836678505,2242.69038376212,5251.48578476906,1.65084826946259,68.9976428747177,686.967955976725,215.43334004283,13244.565076679,9.13265785574913,7.23294395208359,28.719547778368,1934.43969234824,370.662248253822,391.991733521223,133.100282102823,1672.85652592778,1479.7965760529,98.0969505012035,51.3301158845425,596.620844364166,5.09116730093956,838.471060097218,4909.93698477745,2961.46196162701,469.440520018339,148.814994424582,376.298910230398,2482.52700892091,317.877272456884,608.585297703743,293.502819657326,25.1430853009224,133.389464318752,66.6724464595318,1325.80916488171,35.5309360921383,56.5695722997189,0,4.98012387752533,0,2745.78071811795,291.072576344013,1767.29996043444,276.096722126007,619.835273355246,1147.43045562506,1983.72056564689,22.2875164449215,3741.03300759196,7.43572801351547,187.186304748058,647.348979204893,0,0.972962319850922,5.19366797804832,1.90075993537903,1719.2689371109,0.596967875957489,2.85492277145386,2.09430205821991,1455.85394793749,2.47257894277573,1.33011358976364,0.874608516693115,1921.0719884038,54.945994079113,0.491656333208084,0,5.7282347381115,0,54.6502102315426,650.958057284355
19.1204158961773,2007.22310695052,41.561391711235,64.1079115569592,12.685195505619,215.168662369251,810.845711529255,198.912225455046,1932.12206071615,589.795018315315,11935.5978446603,344.254836678505,0,590.930613785982,102.083794087172,27.8869995474815,31.9697828292847,105.864256292582,14.9809681475163,114.64738842845,66.745209634304,2063.39858177304,60.7795639634132,2591.25116071105,9038.66614091396,331.074258714914,6010.09037390351,551.769401282072,847.562989443541,297.24849742651,1629.01547661424,297.595187693834,7.93317651748657,2600.70222902298,117.674974650145,1124.5655759275,2618.22974401712,447.971129029989,411.181678712368,407.221734911203,48.0959293246269,3939.74235424399,204.901764392853,3311.05630722642,291.280657559633,62.467269808054,69.0533621609211,10.6014274954796,2139.19795325398,0,428.873377799988,6.96442425251007,2.89655959606171,0.442550301551819,15.7985697388649,34.4303196966648,16.3777655959129,106.994858652353,11.3794017732143,6854.53955093026,13.146591424942,13893.8518579602,56.4901959300041,11.3175691366196,7.69215029478073,2.45294165611267,73.9264381229877,21.3943592309952,3.46393924951553,3.2993089556694,115.398806750774,6.2299507856369,285.44708070159,2538.65444743633,346.720108568668,5452.76776561141,100.995081573725,623.405420422554,19.4301649034023,2327.64280471206,23.3019216954708,0,870.965041339397,43.1783637404442
17159.3721852601,40.9137525260448,1684.27156734467,115.519000768661,43.1705448925495,1748.00213205814,28737.3509816527,22889.1358099282,287.533028274775,4590.75719970465,3039.42814931273,2242.69038376212,590.930613785982,0,204.197457671165,17.9140274524689,4749.46164624393,2357.93623948097,1381.26729483902,588.756743401289,1072.64632909,37.7645457386971,2584.33032640815,1100.44583395123,408.943689644337,1367.30732691288,1489.0538046211,3011.88738751411,24588.729890734,28919.4704843462,198.894338488579,362.187712520361,220.654385387897,3982.70493115485,192.376884788275,2130.00733852386,932.168740183115,752.812091529369,689.011780381203,323.124678522348,220.343498378992,658.462633371353,306.734329581261,54.4625284969807,150.726463109255,76.8965243399143,227.555372476578,43.0750791728497,86.0601462125778,0.639747679233551,18.0015541911125,9.00703847408295,28.7575845122337,12.6984449028969,46.024451315403,241.54535523057,73.9226462841034,156.729430556297,21.4285842478275,37.1906197965145,74.8036303222179,28.054016917944,48.3258990049362,31.8429424762726,23.1639933586121,11.3781354129314,1.62614130973816,5.63974553346634,17.3147368133068,49.3876719772816,11.0909329652786,18.6153644323349,2333.83264935017,12.8072670698166,35.1354963779449,185.857814460993,1343.57302317023,73.4253580868244,248.761414825916,0,4.16701030731201,4.74710959196091,98.6603751182556,35.4791031181812
7.67915791273117,37.4307418763638,49.5791501402855,438.861277371645,4934.94003713131,5929.52034839988,1237.28886041045,535.836875557899,1473.36729931831,594.785599946976,55.3591174483299,5251.48578476906,102.083794087172,204.197457671165,0,16.9622203707695,53.4467580616474,24.9530474245548,20.5232356190681,444.659743666649,139.366265743971,167.219621092081,132.256006807089,3883.25949898362,148.954178750515,34.8507123291492,307.805618941784,1927.08397480845,257.683855205774,425.069076389074,10.1905261278152,266.692223906517,17.4537331163883,228.188889592886,1519.74640625715,615.273346066475,160.289132028818,43.6126089990139,111.454129159451,3478.11407145858,643.306784212589,94.1594131588936,148.218643307686,56.9626780748367,33.143744468689,107.407625943422,447.93647903204,17.6889559924603,27.2645779252052,0,2.61295729875565,0.997069299221039,209.591938108206,55.4426461458206,338.776024103165,105.118899941444,143.14639005065,111.41877925396,183.973510563374,4.65151739120483,379.766726016998,1.254678606987,68.3193002343178,142.12652155757,32.8388671875,4.57863962650299,2.72666823863983,3.71274775266647,162.240933746099,52.6524633765221,12.4261651039124,57.9322469830513,478.751004546881,1.03951668739319,8.06772655248642,39.4075217247009,373.568944334984,32.6862854063511,32.7366755008698,0,2.0179201066494,1.42530679702759,23.1285468041897,467.258412718773
0,53.549323797226,195.126991093159,0,14.2383787035942,0,11.2614451050758,4.64533165097237,168.179987609386,0,86.2242502272129,1.65084826946259,27.8869995474815,17.9140274524689,16.9622203707695,0,233.041147083044,71.7156825959682,139.961469441652,0,16038.8697534502,8303.43934872746,6573.3733419776,5434.94797632098,136.829744696617,210.363076388836,11601.0098670721,2807.84239014983,44.6730069518089,58.6466294825077,4.12549245357513,0,14.6628108024597,363.820910602808,704.003675967455,3127.1290307641,769.113927960396,687.85173407197,1224.58999034762,54.6773651838303,9.64650291204453,3.85121831297874,459.342951178551,49.5154365599155,195.482299804688,184.727172404528,20.162747323513,2.70080107450485,1.83572658896446,0,133.254070103168,67.801602691412,0,7.75346434116364,8.72552761435509,201.062288761139,49.2242393493652,88.9100722968578,5.7933629155159,8.9298554956913,10.8490179479122,0.935504287481308,51.4497666358948,12.2649483084679,11323.5638427734,180.014811784029,7.66135248541832,25.2030116021633,1.16047966480255,1687.74241471291,1667.31460478902,8211.6867928803,2361.24775445461,23.4963045716286,65.7783334851265,3636.38051629066,1103.66129049659,25.7391940057278,121.140315026045,0,0,1.12951129674911,88.9262512326241,198.420792192221
741.918322712183,92.8464976549149,38982.3956693411,2.31843492388725,13.3660380840302,343.758538767695,911.349607825279,2864.4687846899,29.5082258880138,119.050283551216,2836.95712250471,68.9976428747177,31.9697828292847,4749.46164624393,53.4467580616474,233.041147083044,0,1684.29096207023,9231.9684228003,22.7551307678223,4714.39053452015,173.32775503397,24231.3183812201,170.700960308313,12.1545727550983,6640.41377341747,19874.6347407997,1499.71241995692,3606.01065666974,5837.63772249222,2.06224316358566,18.0688317716122,898.304246306419,10628.95552288,339.031934857368,3441.27642154694,4886.42932060361,1346.93430346251,1652.54964014888,39.381456553936,48.0882953107357,39.9823106527328,1083.57781296968,190.493069082499,318.238031595945,310.178610146046,9.19993984699249,8.48312610387802,3.46178716421127,0,147.169414967299,587.743599832058,0,0.829852402210236,0,7.4323359131813,0.582252621650696,2.4803993999958,0,19.8971702754498,1.37179410457611,9.53537824749947,0.489058405160904,0,99.8349774181843,1313.87021735311,32.251922249794,352.99352312088,0,32.9101705849171,149.447063297033,292.909778118134,86.4662236273289,3.20573106408119,1136.08312931657,5149.22200149298,60.6132009625435,3.1294938325882,32.805409938097,13.2304365038872,0,0.889619588851929,223.679096698761,93.1411438584328
66.5572637915611,10.5068674087524,362.656270980835,21.077867358923,5.53944247961044,190.56962749362,1182.92829063535,378.63514098525,69.1903417110443,847.263410806656,19019.5048415363,686.967955976725,105.864256292582,2357.93623948097,24.9530474245548,71.7156825959682,1684.29096207023,0,8170.9207919836,222.325679123402,647.450970649719,4.25533246994019,1266.4038156569,254.556117653847,59.570366024971,7990.44258734584,1638.62042036653,618.095307856798,3263.44389519095,763.998093158007,96.1283102631569,260.564808219671,79.4299712777138,3446.65183359385,431.994064480066,6318.76492324471,5218.51120877266,2311.73330171406,3843.63528054953,40.3453843295574,23.1452342271805,174.006397068501,83.2516170144081,324.146735131741,42.1371783018112,27.0693878829479,7.61237797141075,3.02706348896027,46.492599606514,0,50.328226596117,16.5859523117542,0,0,0,0,0,26.5884481668472,0,184.917162656784,4.0350915491581,427.38935136795,1.28666830062866,0,11.7472442090511,27.4283189475536,59.2773866355419,22.7686258852482,0,1.54839652776718,15.9497782588005,20.4843795001507,5.44372075796127,64.8136912584305,374.093793839216,1279.10068699718,0,3.53790199756622,0.897992432117462,471.068437993526,0,0,17.1463068425655,192.682187318802
84.1127274334431,56.4222492873669,2323.22323340178,9.67077219486237,1.77392029762268,77.8917244374752,462.122927129269,418.623587414622,23.8563749790192,302.157624036074,2661.26912838221,215.43334004283,14.9809681475163,1381.26729483902,20.5232356190681,139.961469441652,9231.9684228003,8170.9207919836,0,68.0271564722061,1197.80776393414,43.7597223818302,2954.84304895997,152.148874759674,5.58031961321831,16631.3766849935,4676.42324697971,489.392871558666,1845.71222534776,793.755430608988,5.25892454385757,33.3924964368343,121.52436453104,5912.86327463388,314.502372413874,4643.58496928215,5048.15414717793,1642.1043587327,2666.45823088288,17.8548115491867,14.5522997379303,17.6533332169056,252.141711890697,141.308639347553,67.8380557596684,78.9909843802452,8.31747943162918,4.0427637398243,0.728962957859039,0.794164836406708,89.0772201120853,85.8820703923702,0,0,0,0.475157111883163,0,6.47828134894371,0,20.0095670521259,0,38.6903152763844,0,0,40.2576123774052,210.477187395096,31.579963773489,141.671739906073,0,10.9490452706814,31.7051510214806,63.9996172487736,11.6925310492516,21.9050747156143,684.975093573332,2257.39733666182,3.88025540113449,1.88370323181152,6.41335237026215,89.2655639052391,0,0,48.2487433254719,121.38543176651
3.00104337930679,6.9723639190197,8.95702177286148,20520.6012279987,54.5950236618519,716.56064248085,295.931358397007,1046.07106015086,1089.02008506656,8019.58453002572,206.888863384724,13244.565076679,114.64738842845,588.756743401289,444.659743666649,0,22.7551307678223,222.325679123402,68.0271564722061,0,9.98193275928497,0,4.16652017831802,460.452148854733,103.223710238934,167.395354092121,64.9220133125782,5315.54297575355,576.847622185946,42.8256576359272,14.9459392726421,145.828100442886,5.22494694590569,277.023610264063,105.573491215706,1605.27808207273,153.129419088364,68.37340888381,104.92331892252,268.553748905659,113.166601240635,200.211493462324,123.184065699577,17.8547360002995,54.4985416531563,22.6964896321297,296.929334163666,8.69346287846565,22.6387161910534,0.94387149810791,3.08984416723251,0,1041.58162087202,56.1911722719669,362.180930793285,307.16945502162,285.430874526501,229.347606927156,901.893018752337,6.04470860958099,950.604409873486,4.00330537557602,63.6101902723312,126.331615775824,0,0,0,0,442.298508554697,0,0,0,1092.87682387233,3.06866425275803,0,0,1584.88311931491,12.7454299628735,0,0,0.553433179855347,2.42742204666138,26.6384949684143,9.36515572667122
103.141163647175,48.3537681400776,14474.3827490509,2.25989043712616,130.337213397026,216.257420241833,1108.87704184651,739.090944886208,74.3143392205238,80.8273405730724,837.347120434046,9.13265785574913,66.745209634304,1072.64632909,139.366265743971,16038.8697534502,4714.39053452015,647.450970649719,1197.80776393414,9.98193275928497,0,609.755735456944,83136.720100522,585.820562511683,33.5726104080677,918.099146693945,5454.70772245526,8805.96631667018,1300.48896321654,14405.8197771609,14.3439511656761,18.8089365065098,496.511096924543,9649.65190571547,4024.93014475703,11429.944348067,2818.36735191941,5738.83923205733,7987.63824662566,192.694967001677,98.3846888840199,27.4022671580315,454.790903627872,66.4767681360245,174.3512570858,207.006489932537,89.7135953307152,12.5228469967842,2.17249834537506,0.3785460293293,64.6706931889057,68.8504966795444,0,12.2958636581898,4.25187960267067,69.9752174019814,14.1744012534618,96.8387706875801,0.88182544708252,4.23001661896706,2.19077658653259,0,12.9600840210915,20.5398907661438,3527.81497395039,251.534081846476,4.37083178758621,23.4539116919041,0.761455118656158,2534.68947380781,458.443774580956,3181.47582349181,2100.13004869223,7.23137998580933,80.1208837926388,1881.59275272489,1405.19784846902,32.0165305137634,286.135828077793,0,1.2904988527298,5.63939666748047,96.6951867938042,702.134907335043
0,3124.54335945845,77.0450013875961,0,8.21202838420868,10.8075606226921,7.77657508850098,17.3937409520149,9138.01226758957,2.62117791175842,383.94334757328,7.23294395208359,2063.39858177304,37.7645457386971,167.219621092081,8303.43934872746,173.32775503397,4.25533246994019,43.7597223818302,0,609.755735456944,0,1234.60006198287,14962.5202312469,2535.89880985022,223.525323778391,26854.6593367457,581.688000768423,47.2302237153053,9.67334020137787,134.507659852505,12.0664346814156,0,171.422201186419,41.37335729599,409.311402201653,212.582101523876,111.880387604237,152.974062204361,24.2055093050003,4.62683445215225,509.104397505522,426.774778157473,144.764572530985,151.383303672075,116.456094861031,8.89425671100616,1.60760951042175,97.8340118527412,0,227.588678628206,40.3415917754173,2.81631904840469,1.53068923950195,9.69842648506165,40.663810312748,10.724238038063,286.65693923831,1.97395884990692,97.03299254179,2.36929601430893,161.006388783455,14.8904218673706,9.0824961066246,3662.9419438839,243.654372543097,6.03078550100327,51.3346004188061,1.28271999955177,274.487563490868,2936.5656106472,1292.72711795568,1495.5221311152,98.7116708159447,145.144511699677,4578.36134487391,364.338017374277,11.5998726189137,17.8087516129017,36.6186239719391,0,0,83.3518135547638,53.9883924722672
320.034947931767,104.736394882202,56678.7436158359,4.10976213216782,107.248555362225,385.092442899942,1707.79135143757,1688.64134165645,65.9850814044476,109.805917799473,2433.72043937445,28.719547778368,60.7795639634132,2584.33032640815,132.256006807089,6573.3733419776,24231.3183812201,1266.4038156569,2954.84304895997,4.16652017831802,83136.720100522,1234.60006198287,0,1182.537014395,84.6249786615372,2195.10358449817,32614.3843933046,8710.09042537212,2146.44265718758,7719.70151725411,23.7166933715343,27.1295022666454,534.166847914457,17545.6357319057,7209.36088317633,26422.8721059859,8336.55762934685,10703.7740367949,17669.9050325453,433.06818407774,87.9850186407566,39.786612123251,2531.52342355251,303.596915096045,1146.30322575569,983.670572251081,85.3552995622158,37.7596605420113,4.81244266033173,2.73683544993401,182.161218434572,393.379921257496,0,51.9724626541138,21.9830151200294,506.571554034948,94.8998308181763,40.7421101629734,7.11568209528923,36.7783220410347,8.85221534967422,0,114.841256201267,11.241935968399,10303.1378516555,1199.14749825001,39.4208223819733,152.763102829456,0,1354.78394851089,1102.2642480135,14015.1934510171,1582.13030403852,11.1853253245354,345.17568269372,10728.2374356389,1062.38289234042,16.8234862983227,155.142777889967,0.552579343318939,0,5.10832485556602,529.538118183613,2131.82183611393
7.9570375084877,2695.63692209125,192.820199906826,4856.48069769144,367.956957787275,1605.78828051686,7261.39049851894,3058.88157564402,36182.8088035882,503.883480608463,570.12384518981,1934.43969234824,2591.25116071105,1100.44583395123,3883.25949898362,5434.94797632098,170.700960308313,254.556117653847,152.148874759674,460.452148854733,585.820562511683,14962.5202312469,1182.537014395,0,2916.12594503164,505.119079142809,20567.3648398221,16137.1849132478,1338.02720195055,416.897036254406,208.344989091158,317.820025414228,412.252945363522,1169.24022555351,1489.06751465797,5442.88316339254,974.448653966188,911.751436799765,901.297743678093,653.830809801817,273.851457029581,780.611749738455,5290.52588582039,270.944794386625,1880.26193347573,798.680125653744,1471.79366120696,328.087019562721,273.870685309172,14.7258943021297,124.219304233789,54.4041736721992,1508.21209535003,83.9922702014446,874.204768061638,5187.80461496115,4649.31406441331,5122.83239233494,1627.33426812291,186.225524455309,550.748060077429,113.111155837774,2835.435323596,195.573655575514,3480.63104251027,228.429289728403,8.77286294102669,40.5814915001392,526.136352300644,3357.54998034239,1461.99042350054,1939.21236911416,42412.2877384722,79.5973257124424,139.406256049871,1679.8544331193,23343.6301641762,2193.18529215455,2510.50358581543,23.883302628994,52.6421679258347,73.6486310660839,733.701405316591,372.957164824009
1.48915037512779,3814.9280102253,9.53230929374695,61.9037279486656,94.0729736983776,417.769988894463,437.561996072531,582.201554000378,1967.2829836607,417.597522318363,1884.62100064754,370.662248253822,9038.66614091396,408.943689644337,148.954178750515,136.829744696617,12.1545727550983,59.570366024971,5.58031961321831,103.223710238934,33.5726104080677,2535.89880985022,84.6249786615372,2916.12594503164,0,234.764602601528,7916.17803272605,460.7755677104,431.355572462082,146.562019959092,579.86164778471,625.575769722462,10.8227731585503,688.841703504324,43.9614129066467,777.360239893198,490.693121045828,355.3630014956,420.004175007343,1745.27275753021,758.976794928312,2096.34877634048,270.30480030179,428.207237005234,159.228425860405,38.9547976255417,892.069165945053,16.6990113854408,958.139544606209,0,545.864119589329,1.42021429538727,24.2686466574669,20.7301365733147,70.945790886879,66.9010987877846,123.864661246538,159.511298090219,55.2910888493061,1340.93439894915,40.3003543615341,1521.18564239144,137.110032975674,35.9723905920982,7.82807540893555,3.65481734275818,18.0695061087608,18.591726899147,11.3627116680145,10.9960229098797,38.4088251590729,3.36799201369286,677.598920255899,1271.38542973995,217.707969903946,2495.43064823747,215.591910630465,307.204220116138,34.9641599059105,222.056841343641,32.0966982543468,0,340.859110713005,8.24073445796967
30.1065402626991,401.151961028576,34262.2461706698,13.0139080882072,6.18725907802582,117.832655459642,766.801579028368,186.721854716539,148.594847083092,439.576091051102,4015.03932246566,391.991733521223,331.074258714914,1367.30732691288,34.8507123291492,210.363076388836,6640.41377341747,7990.44258734584,16631.3766849935,167.395354092121,918.099146693945,223.525323778391,2195.10358449817,505.119079142809,234.764602601528,0,44616.7470424771,629.643407553434,1635.5789591521,548.752338260412,711.099333047867,130.380247294903,45.5659186244011,2316.54774153233,723.938216507435,13297.1081624925,20530.9422982335,2980.85908910632,5088.28854367137,43.2042915225029,18.403738796711,127.349803596735,3744.47126471996,3915.48774930835,1032.24178680778,959.299079418182,14.9529062509537,12.2081759274006,141.25936371088,3.8642413020134,967.47148424387,299.283472567797,0,4.69981479644775,0,27.6185054779053,1.30430161952972,35.2884882092476,0,1595.15634641051,6.37282943725586,3743.7509469986,7.4738837480545,1.89062893390656,55.699874907732,1663.13695594668,817.479457527399,1761.41573691368,0,100.870570212603,163.484566271305,294.537723720074,68.4570388495922,1083.71910718083,10117.8041365445,32289.2588262558,28.4322386682034,45.7973723113537,97.0940815806389,4656.20710259676,0.604545950889587,3.30336475372314,517.952202647924,383.060099035501
122.650681108236,9186.21145176888,19213.9243540764,7.08663326501846,31.3974352777004,123.612585365772,599.808455884457,511.937143310905,4551.92284661531,163.653987646103,1578.34233140945,133.100282102823,6010.09037390351,1489.0538046211,307.805618941784,11601.0098670721,19874.6347407997,1638.62042036653,4676.42324697971,64.9220133125782,5454.70772245526,26854.6593367457,32614.3843933046,20567.3648398221,7916.17803272605,44616.7470424771,0,3152.65313747525,1495.36658096313,1414.23036319017,826.65401494503,39.458513379097,181.863492786884,6536.28132072091,3810.34573209286,37399.0948904157,14440.0912296772,7878.76524612308,14919.0685912669,209.534566879272,87.4014868140221,163.225627958775,17426.0863149464,5592.66086903214,5210.31417605281,4798.26444026828,87.2564935088158,86.3057402670383,175.545974761248,5.43337187170982,7567.87100490928,3608.99247598648,1.31405067443848,17.4062588214874,10.0754095315933,455.404094606638,89.5720774531364,202.290382087231,5.09395715594292,1571.5456006825,12.9721961915493,4498.55029836297,107.487342894077,4.57544046640396,3994.60949718952,12638.6818041801,1038.84636241198,3894.35653930902,0.469580173492432,815.960778027773,5245.67439731956,8146.98373627663,1808.45545515418,2474.13067579269,15703.1753615141,115287.840885669,1071.83774894476,71.5852504372597,320.5019492805,3811.63902756572,0,16.5461370944977,2857.84583309293,2008.88822281361
97.2124856412411,45.0904707312584,2904.37702968717,10991.9961533546,348.109419167042,2461.83920711279,93967.0724427402,5022.66148468852,4317.02306947112,4692.45161446929,629.005634754896,1672.85652592778,551.769401282072,3011.88738751411,1927.08397480845,2807.84239014983,1499.71241995692,618.095307856798,489.392871558666,5315.54297575355,8805.96631667018,581.688000768423,8710.09042537212,16137.1849132478,460.7755677104,629.643407553434,3152.65313747525,0,3396.01256930828,35088.9720260501,30.3903505802155,478.060189068317,1390.83818095922,5671.94339995086,5739.94674277306,18210.2500026524,2264.52863654494,4944.55035948753,4280.18013891578,846.479978650808,760.178881645203,577.243879854679,3896.0450463891,174.350412338972,1490.60957583785,690.961976796389,1710.36076271534,226.202645510435,139.801233232021,16.9160809516907,35.3077021837234,52.6452212929726,2297.66006857157,109.946860581636,915.212966442108,4497.34580209851,3605.76777842641,1703.32845982909,2682.93471345305,31.7542734146118,1035.17490309477,3.51786190271378,1960.91929730773,258.341477960348,2490.52582806349,228.273017436266,2.41219368577003,21.8427836298943,951.961422950029,3340.1316857338,551.83847028017,1850.04877138138,22376.2815241516,7.59284472465515,52.1301386654377,990.359803318977,18813.4060409069,1618.38127207756,3050.71076446772,0,35.3197117447853,67.0157264769077,650.190353035927,769.948900133371
4094.78690779209,49.3364351093769,608.067274302244,182.632921040058,45.8274475038052,836.25311011076,8816.95561617613,1996.05588802695,275.104074925184,2862.17818057537,4919.10936525464,1479.7965760529,847.562989443541,24588.729890734,257.683855205774,44.6730069518089,3606.01065666974,3263.44389519095,1845.71222534776,576.847622185946,1300.48896321654,47.2302237153053,2146.44265718758,1338.02720195055,431.355572462082,1635.5789591521,1495.36658096313,3396.01256930828,0,47991.5092640966,282.283039838076,457.518407672644,4893.51646032929,13625.1875036955,239.465904653072,2226.8592698276,1030.78625813127,1416.91060137749,682.032401025295,303.058083832264,724.812721192837,814.026499718428,240.204750239849,68.8853035569191,163.30931147933,90.3227367997169,181.179442763329,39.8143405914307,88.6466835737228,0.59010261297226,25.9216200709343,6.24959921836853,13.6851818561554,4.53229868412018,35.7686721384525,155.174203664064,51.5062858760357,118.073903679848,7.49865961074829,76.2529539763927,52.1320959031582,52.2411157786846,44.8748872280121,20.6631511449814,51.3644320070744,11.1397036910057,0.811258018016815,7.96606966853142,5.10407418012619,144.651150017977,18.203125,41.5935708582401,1992.84677094221,13.6686975955963,43.0357111096382,246.904106914997,1337.2276789248,95.1738979518414,304.521575331688,4.65193301439285,2.7739617228508,2.95681524276733,100.009481668472,30.6584402024746
10105.3309174776,26.9804358780384,1013.39184191823,14.2688543498516,135.879744797945,1167.03016498685,16593.8254048228,9795.16757322848,19.6319870948792,307.668172985315,899.167997807264,98.0969505012035,297.24849742651,28919.4704843462,425.069076389074,58.6466294825077,5837.63772249222,763.998093158007,793.755430608988,42.8256576359272,14405.8197771609,9.67334020137787,7719.70151725411,416.897036254406,146.562019959092,548.752338260412,1414.23036319017,35088.9720260501,47991.5092640966,0,65.2115908265114,212.578509688377,10567.7597657442,18568.9058341384,2665.44754692912,5197.70069220662,1048.25943168998,5064.0226881057,2120.78267711401,250.05749797821,482.925898373127,315.455139353871,147.294158577919,15.05245667696,72.6248057186604,89.0186495184898,72.1089636683464,13.8916517496109,16.8970475196838,1.06745040416718,17.1848974525928,9.66011267900467,3.73985439538956,8.1859182715416,11.0048102140427,89.5082274675369,62.0384238064289,16.4181594252586,6.94305753707886,8.71917694807053,2.94596266746521,4.3259462416172,59.9621671140194,2.22839784622192,47.840697824955,15.3241194486618,0.715202450752258,2.72232940793037,0,66.0056774616241,20.7010014653206,61.2795426249504,498.906468033791,4.86169105768204,8.671755194664,130.105323344469,520.275382399559,54.9527127146721,167.529536932707,0,1.20907008647919,1.78755235671997,28.3866142630577,334.407137155533
