0,0,0.0119441895520815,0.000363061741831005,6.91142769069194e-05,0.00560005017579554,0.325033594683599,0.0923601141880901,0.000241910473189414,0.00603585278792404,0.00323210240258775,0.000826972006154502,0.000608487805728793,0.840671825689114,0.000431457306769347,0.000127126360171938,0.0334079604503361,0.00291832060069108,0.00241801808220899,0.00104997189924621,0.0134724334837285,0.000173460046275711,0.053151501870823,0.00220554152759862,0,0.0119838507733871,0.00779598340297373,0.00405748676629569,0.580388436932367,0.586133622607619,0.00012122259716239,0.00225123125415755,0.00274341652544296,0.0122992049252739,0.0025725620211696,0.0103732644895284,0.00139292958594119,0.0155848730399381,0.00332562194782166,0.00149671953405882,0.000638718566560388,0.00185759824267322,0.000937912172823023,0.000188883159386134,0.000939211378653871,0.000362862529698229,0.000594569232168854,0.000324632589814449,0,0,7.84614063641546e-05,0.000131375850662851,0,0,0,0.00104001412004806,0.000215804234577096,0.00024962509995588,0,0,0,7.27362388199805e-05,6.70747943789482e-05,0,0.00018614219113965,0,0,0,0,0.000397969102024019,0.000146713751284194,0.000460733430721235,0.00195533165808749,6.24994805962086e-05,0,0.000473816165950692,0.00162229841985826,0,0.000648590618428314,0,0,0,0.000445217179497993,0.000399795377529871
0,0,0.0118460642044231,0,8.21936531117919e-05,0,0.00047957463911308,0,0.191008726581768,7.67331557763574e-05,0.00390887180709679,0.00038884912424984,0.0253240932099038,0.000146017338634587,0.00144434689100774,0.058914729388237,0.00757216290331533,0.000628781048245096,0.00109501795925934,4.69604570698499e-05,0.00307748790318237,0.329692400331177,0.0105467363122722,0.329793444738171,0.388303097104429,0.017249787074027,2.08436332502336,0.00576780774730189,0.000176289345358086,0.000366579779081273,0.00478662428283511,5.48870100341082e-05,3.42208676533938e-05,0.00362655926246373,0.00077438606190305,0.0121299665889954,0.0170799492533634,0.00923709098670765,0.00485482168834434,0.00109819784005151,0.000144868095985413,0.0138596740202868,0.0190594806786303,0.0185737727033968,0.0100636582544675,0.0115076962449702,0.000261019394794202,0.000113201522711325,0.00346395725583177,0.000665817439840794,0.196679444940171,0.0276825556397338,0.000361700449505877,0,0,0.00191459502151669,0.000350741601453292,0.00167778578490311,0.000104192453441083,0.0214812498244031,0.000231350009638226,0.0355416999916334,0.000593421347779465,0.000136614842825091,0.00466910242665332,0.0236952121252641,0.000219598536426258,0.00999783956157654,0.000272737122889412,0.00384861540358967,0.00578396658516023,0.0114491933381029,0.00739866161742631,0.0307442701159808,0.0767754463133977,0.521062821541188,0.0015835292027042,0.000997150398425269,0.00344355417007228,0.00764762568017967,0,0.000102836334641671,0.00690429367289451,0.00208792123211443
0.0119441895520815,0.0118460642044231,0,0.00204951316556373,0.00022702513886851,0.00383307451010164,0.255585039233976,0.0491049620442621,0.00110040622396269,0.0102695767457506,0.00304421670188943,0.000520916406578803,0.000170051559269595,0.0961734265111839,0.00165070912304196,0.0227989025790353,1.10760505436341,0.0307375354035388,0.0891166964988988,0.00119506433098473,0.31387988587077,0.00344156353885387,3.18282211563373,0.0211247720470135,0.000336672267335749,2.8672543133985,4.2250874844531,0.130708072747671,0.0487288483027999,0.168263828981046,0.000158810000639474,0.00136702410189225,0.00692981128901435,0.142618180257132,0.0518801936181444,0.424047127343342,0.33824352675833,0.258616967876789,0.21342450541966,0.00105218940170576,0.0047642741201629,0.00448754313587842,0.0768393981033282,0.0275866081978089,0.0374090816131576,0.049451002024237,0.00351696229124458,0.000505804805850482,0.000160260749753904,0.00104774375673622,0.0298972880895894,0.137875048849596,0,0.000304888469335794,0.000115953264950681,0.00831097649932204,0.000400628901168025,0.00172267529553496,8.08316847960471e-05,0.000388726623448598,0.000130199677217197,0,0.00124903704905902,0.00119769759383452,0.0158404516918099,0.0923405044578952,0.00282050654147973,0.028581263658226,0,0.011825231636501,0.00570386368312796,0.0794341646101451,0.00827431774580361,0.000449321361306095,0.178072205266087,0.496781345784331,0.00671151711101615,0.00310945943193885,0.00997546221278011,4.71134486057759e-05,0,0.000191821818263293,0.0211972846909494,0.028861913505572
0.000363061741831005,0,0.00204951316556373,0,0.00205479453166414,0.0136973415643903,0.0950019995681813,0.00538968336697318,0.114280306981938,0.550011778776633,0.000503687678579783,0.06709849588035,0.000122354303819668,0.00839975235574181,0.0224984163782557,7.11281471340419e-05,0.000561001507487011,0.000139798821417963,3.08949142880916e-05,1.87016728691285,0.000677297715244222,0.000104780805955887,0.00256362164552175,0.165068175774885,0,0.000273920951981127,0.000941355648098925,0.770280343520137,0.0192966900776215,0.00215197857808444,9.18579163467883e-05,0.0011159895091781,0.00102674519649267,0.00637576280126736,0.014333011172589,0.0561219076971675,0.00148299037390698,0.016789560100499,0.00838718961949295,0.0243402248320906,0.00194282933509915,0.00491626826437216,0.00337902084717942,0.000599643621662212,0.00428923176164658,0.00127784205568622,0.00793538214258877,0.00165926022436538,0.00174042358615529,0,3.1977141780746e-05,3.08580550102234e-05,0.0560813881038132,0.000703745682809946,0.0103762420649551,0.0387394560915905,0.0547966689004855,0.036166885378814,0.112488086407924,0.000366341935026503,0.037905323459141,0.000172179293105149,0.007237129333507,0.00181258812945527,9.64042922896981e-05,0,0,0,0.0631353441948788,9.91923538515687e-05,0.000390329269538295,0.00043697908485173,0.0733989692304215,0,1.95858863529563e-05,0.000153478475198126,0.149630717967764,0.00369788490140767,0.000113835530753422,0,0.000218837500747919,0.000358135953073835,0.00916285921596448,0.00062643213153528
6.91142769069194e-05,8.21936531117919e-05,0.00022702513886851,0.00205479453166414,0,0.208212634999275,0.0079820387847796,0.0178000360236136,0.0456385349886926,0.0195833232309348,0.00102742698221217,0.0967537699184539,0.000172296333660197,0.00496573039947423,0.471004477838664,0.000592350021943545,0.000283062191020572,0.000269199046598399,0.000134803901632714,0.0193913271891702,0.00140692298726748,0.0008122428968231,0.00361328268954082,0.0300351571848693,0.000358132621256304,0.000978788756194398,0.00158172442286284,0.004363676136671,0.00177557675160526,0.00151175774271604,8.49977835775615e-05,0.137608449082146,9.25305249181272e-05,0.0114553499362533,0.0343615374834899,0.0565758244887325,0.00329262589145275,0.00617393712133718,0.0064314896406973,0.94178001340605,0.418283086816407,0.00737238828774622,0.0014462219445734,0.00122708964913084,0.00124159094125283,0.00285341753185907,0.00371314796170557,0.00240145578468749,0.00167207800057277,0,0,0.000274190919193745,0.000704358054966591,0.00013330507765615,0.00107729655967134,0.00405838118768921,0.00200632368343462,0.000985001392501937,0.00243566285836517,0.000308491189584041,0.00430364797731474,6.2794840360403e-05,0.000504133332195985,0.000654738715421128,0.000345118248978901,0,0,0,0.00310966132919844,0.000285736905908013,4.58822834280491e-05,0.000560266858464098,0.00331658503527224,0,0.000112350414945722,0.000851872011713623,0.00330004846515836,0.000232223872964144,0.000382687459309125,0,0.000441072346167445,2.55945179007411e-05,0.00231917004616654,0.032438306941351
0.00560005017579554,0,0.00383307451010164,0.0136973415643903,0.208212634999275,0,0.305535683848704,1.67266578658441,0.0717892731236561,1.23211913077602,0.0253491197366295,0.503757660135909,0.00441063882262633,0.351102067066761,0.265948298719142,7.23135667919157e-05,0.00614966315424656,0.012526299858604,0.00344765177614503,0.114333751823544,0.00352551790684589,0.000185006685959243,0.00968950164397033,0.0223043471360534,0.000816016489919445,0.0203853017229829,0.00500087213796207,0.0288845470422552,0.0555645373475774,0.0215882327357196,0.00130846774990922,0.128769208597733,0.000616100458368862,0.0611970920717775,0.364613866782465,0.239148572259332,0.00991515401960177,0.0711130113943794,0.0229967478357616,0.709041441039408,0.119614030049948,0.0414981964097516,0.00993497998726631,0.00130921229392792,0.0109044448174338,0.00689116203194139,0.0299053017061687,0.00627108501795582,0.0082022726079794,0,9.84176037258147e-05,0,0.00965446749263316,0.00194777264310541,0.0113662543184824,0.0419089187026256,0.0230353581344279,0.00837285774778103,0.0223030078730695,0.00134762421341586,0.0393901835456599,0.000534360765395749,0.00577230424643863,0.00693239026228331,0.000283647948401117,0,0,0,0.0244198788658887,0.000247694466567242,0.00036461694091363,0.000297794512877047,0.0401991342739986,0.000600637976653171,0,0.000276826740552914,0.0390146669194762,0.00309271419838065,0.00117185904750664,4.30232449442148e-05,0.000915267357769992,0.000425898156660795,0.010616521623927,0.0226498524095427
0.325033594683599,0.00047957463911308,0.255585039233976,0.0950019995681813,0.0079820387847796,0.305535683848704,0,1.09241704099933,0.0395403770454999,0.716135710280901,0.0462959370945886,0.0237527645390951,0.010028791125134,2.78543220930212,0.0452271243113424,0.0114503652672484,0.055420326243315,0.0202090251858681,0.0125381969607049,0.0402792192089119,0.232025992857276,0.00354529306010743,0.488494160354121,0.515443713516658,0.00140202483669016,0.0571168953274447,0.125883755673793,5.60497617785601,0.702223423837621,0.687158498771314,0.00268595624515671,0.0268891766168703,0.100394729114211,0.246718854120391,0.236673902210001,0.79519372493281,0.0804294425501391,0.512259053539893,0.209880361943337,0.0572366508345182,0.0381968695542505,0.07580859923806,0.0930574857963132,0.00676019770050784,0.0626441751614261,0.0341557976106936,0.0908408242984033,0.0185858911997499,0.0127863796871329,0.00084579930964956,0.000268482260052013,0.00604573295167937,0.0105451824819136,0.00105788665481385,0.0284455993032051,0.291269470542461,0.0991351887552473,0.0319878813901822,0.0221060045657963,0.00720858802495961,0.0128308545162387,0.00143025833406104,0.0575383673486856,0.00647338195543167,0.0225322673806774,0.000733607698084794,3.07456312827349e-05,1.85568779482484e-05,0.010095804653416,0.0103710218728663,0.00479718292351377,0.0466931024228402,0.226974611692402,0.000586793228384328,0.00100474523044582,0.0248271351518614,0.186877786080629,0.041870343281308,0.024280075331372,0.000175605054496884,0.00533182064624183,0.00525948669299604,0.0825330704472674,0.0298551295339622
0.0923601141880901,0,0.0491049620442621,0.00538968336697318,0.0178000360236136,1.67266578658441,1.09241704099933,0,0.0309723431072772,0.675603146979305,0.0379721863377865,0.189876499258935,0.00564870755348558,2.30858698552147,0.03319155835124,0.000548443110763037,0.0590301419988219,0.0195382005663255,0.00811197086598345,0.0824290019700872,0.0423575282709259,0.000307344280462849,0.123481964639616,0.0727210684499255,0.000752435206679179,0.0445579887307461,0.0264945286713989,0.060366084650687,0.212247592063558,0.43153841182433,0.00207645202161006,0.127806221394288,0.00418764857966693,0.104368611148257,0.0400561735012363,0.280142661091502,0.0157770753006979,0.123115250405374,0.0403731282063625,0.299383382284243,0.0856442503109057,0.0530604419164036,0.042381466517636,0.00365735111852901,0.0323674369891472,0.0149327285609425,0.0482443603859882,0.0134966229394348,0.0100394957588575,0.000120376005767536,6.3535236349988e-05,0.000166846566367781,0.00646254454291956,0.000649614170772529,0.0146565807242543,0.199969827446886,0.0550460977015562,0.0244378489337528,0.0135547913523318,0.00200620432609439,0.0124093691572634,0.0013562910953985,0.0193641073386835,0.0047191755317024,0.00103346501621253,3.88480129643917e-05,0,0,0.00853173513610435,0.000887656060580334,0.00123714407196592,0.00277149787051084,0.157208125509751,0.000338599062437105,0,0.00112399809768482,0.124512695330289,0.0175384455318545,0.00410316570421181,6.33405468665123e-05,0.000470591349571705,0.00424293661328655,0.0495168093424871,0.00547296494640875
0.000241910473189414,0.191008726581768,0.00110040622396269,0.114280306981938,0.0456385349886926,0.0717892731236561,0.0395403770454999,0.0309723431072772,0,0.126593569295341,0.00236846803274823,0.258531529096187,0.00508229661211536,0.0107936906570132,0.212393619847608,0.0704737461648802,0.000985221068524047,0.00109196667992678,0.000323609790896308,0.328876378684476,0.0287092488791272,0.817209724428592,0.0354014142393146,2.09102918413334,0.140086299196439,0.0023570465727142,0.16948834781693,0.242343637803619,0.00607266107768269,0.0136539997855515,0.000738256870644237,0.0038855044627164,0.000836115844513904,0.00495702353568121,0.00446168017436001,0.0243766037464219,0.002896789137999,0.0102237667368117,0.00360485935462978,0.151623137677362,0.00302918342608016,0.00539533112208101,0.055612335915813,0.00558462360948227,0.0246430773369796,0.015864272228253,0.028117540154623,0.00216360586993644,0.00227904170069448,0.000577441503028035,0.00124018080389669,0.00773914383275939,0.0669334216504596,0.00468717289272756,0.0144423338004457,0.0742760016380242,0.0263235320102751,0.149709300926869,0.0957408916586277,0.00616097907184458,0.0622107175523776,0.00333147041982155,0.0116149597907568,0.0132327155348313,0.189915140000201,0.00239683075106236,0.00334424876359174,0.00107359071632193,0.069151842019449,0.0667687742678335,0.054334347768718,0.152273719950412,0.329128015023946,0.00190991795963538,0.00656372892601348,0.055616323379365,0.216758732527127,0.0139363782089234,0.03604641002754,0.000907751869886542,0.00182687922198088,0.00459589126989268,0.0208314493083409,0.0197306892880504
0.00603585278792404,7.67331557763574e-05,0.0102695767457506,0.550011778776633,0.0195833232309348,1.23211913077602,0.716135710280901,0.675603146979305,0.126593569295341,0,0.053537091596437,0.473375445184524,0.0116944026936402,0.479715381983649,0.0425803982733622,0.000205755071074593,0.00899066892283865,0.0174591021607413,0.00656312061189339,0.737483626466519,0.00717576097357002,3.81395454975843e-05,0.0158830488094304,0.0682638341570272,0.001125856783069,0.0292384968323926,0.00893671240865707,0.355523798633811,0.230909809778289,0.0312476776393531,0.00139384841833954,0.0490829828832392,0.00311769198053207,0.179180074610635,0.079476845048318,0.730710905353371,0.0253334997093358,0.304544336187223,0.0853182551039916,0.173858050198577,0.0609528604707433,0.100706035607988,0.00909644581247975,0.00186199879509217,0.0119066504327517,0.00754067618749534,0.0326125403355428,0.00790804615147261,0.0101717610059806,0,0.000128527054587936,7.3663967924559e-05,0.109032457927846,0.00246754486754684,0.0263105955589967,0.0779474191857946,0.0994286140561372,0.0351198551709849,0.234714222425393,0.00178387061024532,0.109045790492883,0.000588954724079442,0.0126150195355992,0.0101946876233141,0.00198131275681446,0,0,0,0.142099367554283,0.000821755409582343,0.000549340068691003,0.00152747899280288,0.117007302667698,0.000124845668286062,0,0.000579926823343026,0.256970296487561,0.00601659152775259,0.00052627825741967,0,0.000620546172402453,0.00031297998703202,0.0254263182418353,0.00420558946273482
0.00323210240258775,0.00390887180709679,0.00304421670188943,0.000503687678579783,0.00102742698221217,0.0253491197366295,0.0462959370945886,0.0379721863377865,0.00236846803274823,0.053537091596437,0,0.0158514330714879,0.483719605982122,0.124329886547248,0.00127307741220939,0.000902597621414934,0.018999287904048,0.825389006442903,0.0541981556575672,0.00894471582991668,0.00826295768371617,0.000764483747421113,0.0232532176211593,0.00548020975341766,0.0216915236102194,0.781475174872278,0.0225409402816972,0.0061393627712836,0.113292747140749,0.0173337126297501,0.0727206660032022,0.0387777237006852,0.00162021432613524,1.32388344342616,0.00190982774942,0.0469753866470242,0.143056635609221,0.71976957867831,0.0270608523513796,0.00982790733034726,0.00681865670984199,0.107433914887725,0.00141295512361595,0.0461832732732314,0.00654125580839153,0.000349586094903445,0.000928837080407263,0.000183939583495045,0.0206357467765361,0,0.0205030706987315,0.000408915539474869,3.97800554332495e-05,0,4.4971550360012e-05,0.000668484149576187,0.00035392724176923,0.00301744128698012,5.34094787155629e-05,0.140477094953917,0.000186170233239591,0.192809233153676,0.00021393442150836,3.95201108802796e-05,0.000647048020396793,7.18590562336326e-05,0,0,0.000128380735058474,0.000131145092998886,0.0032995404341417,0.000499806083948433,0.00325965503509321,0.0268210527645817,0.0234452088451828,0.0409429894394218,0.00113628881677431,0,0,0.0761594681413126,0.000133723157970858,0,0.00539552375638558,0.000353514429158497
0.000826972006154502,0.00038884912424984,0.000520916406578803,0.06709849588035,0.0967537699184539,0.503757660135909,0.0237527645390951,0.189876499258935,0.258531529096187,0.473375445184524,0.0158514330714879,0,0.00337891959090064,0.0893585249668925,0.479154896757194,0,0.0015608390041944,0.00594951958592848,0.0019997253976192,1.02086355433638,0.000676802042508042,0.000151218699257231,0.00118224330353455,0.0637652834368934,0.000308548594372403,0.0124309492515158,0.00252276768795397,0.030268957145654,0.0358662017364529,0.00413360610794161,0.000540856918028152,0.0238674496121621,5.60233335189462e-05,0.0359360405392662,0.312960822668721,0.109695961799216,0.00690643375245345,0.048525036759164,0.012281342814995,0.446193400982044,0.0162812389289936,0.0267259231854968,0.00557750517923319,0.00141094603345871,0.0036108211523756,0.00254691653608774,0.0325646207691724,0.00343853018478334,0.00943357860313247,0,0.000202575885108697,0,0.0441559279977367,0.00436674360419993,0.0193099690248829,0.0225302123001368,0.031035222373215,0.0161513108828049,0.100074030128449,0.00185498532755958,0.115000537281948,0.00114061664892707,0.00492302322932557,0.0149592468168824,6.23167266374707e-05,0,5.2411118009305e-05,0,0.0892600351368129,0.00010294655041219,0.000146730870798898,0.00057768652974472,0.0275045864744345,0.000377000189096522,0.000121578383790648,0.00033169443567245,0.0735913484772448,0.00300806967117544,0.000425817041972423,0.000170997496170986,0.000881813360661313,6.82233212733507e-05,0.00900193711089483,0.0204177837523193
0.000608487805728793,0.0253240932099038,0.000170051559269595,0.000122354303819668,0.000172296333660197,0.00441063882262633,0.010028791125134,0.00564870755348558,0.00508229661211536,0.0116944026936402,0.483719605982122,0.00337891959090064,0,0.0118355211240857,0.000276966113912535,0.00212810335546545,8.98735385648012e-05,0.000219342790130806,3.46823976312756e-05,0.00240222482342503,0.000640287714489651,0.00814523231459442,0.00118038359893232,0.00899098641867951,0.257963650020396,0.0222570120169393,0.0956271270357324,0.00136692120691177,0.00587539746379342,0.00227218615545291,0.112588122500616,0.00320420082916706,3.17240429408073e-05,0.140737853970939,0.000605745906163966,0.015453640304651,0.119258257787013,0.486387444561153,0.0138969171352547,0.0063830219526716,0.00760267578454072,0.435746337018819,0.00300095394070313,0.119564635790163,0.0163671706176767,0.00173778087094752,0.00135901027498146,0.000487150080876446,0.0499149983591181,3.84393672184229e-05,0.0682460725935508,0.000135545754246044,0,0,0.000235650599159825,0.000388783762444985,0.000841242613862274,0.00650530749799053,0.000174083265674984,0.403742994950958,0.000224092333693385,0.632834621178496,0.000384070747489941,0.000114105056374645,0.000930968939250579,0.000109934135666251,0,0.000613685395035362,2.65083107157827e-05,9.12325308475494e-05,0.0136099774222893,0.000202169698461723,0.00645243682356108,0.147766896674761,0.0861015037858787,0.252036958191835,0.000158658126685559,0.000238901295724487,3.86148275941849e-05,0.313008256055524,0.000458356856995917,0,0.0150726553831721,0.000232061618473196
0.840671825689114,0.000146017338634587,0.0961734265111839,0.00839975235574181,0.00496573039947423,0.351102067066761,2.78543220930212,2.30858698552147,0.0107936906570132,0.479715381983649,0.124329886547248,0.0893585249668925,0.0118355211240857,0,0.00982639072970101,0.00108729844987334,0.206294918412145,0.0916352287048548,0.0406386148024834,0.0534734095393199,0.0844498420706718,0.000222943298236382,0.295941982651138,0.0369591445510167,0.00123470916422674,0.166722584688753,0.0789338099210929,0.0677984400995773,1.63892992422342,1.57063184666711,0.00735879170965506,0.0845930237123808,0.0120651650715341,0.215209442600786,0.019493751845526,0.184233811395618,0.0212221603556142,0.217541416432457,0.0451501304617727,0.0608230349009651,0.0412779353501991,0.0422800232971069,0.0210525961688369,0.00189728720680115,0.0154211500169277,0.00805640751164039,0.0203335463326151,0.00624112880977166,0.00489488955881678,5.86070659292817e-05,0.000220124662225818,0.00132408160120192,0.00146194986457386,0.000559290338742614,0.00243943031941041,0.072327606501739,0.0130947535180486,0.0129913704011758,0.00245882318218866,0.00139528713565812,0.00376452065766992,0.00103368882770666,0.00482629485499542,0.00150654874109728,0.00162155821431804,9.73313433108094e-05,2.91764875391722e-05,2.85693098367453e-05,0.0019422410307199,0.00189128190079235,0.0017916561113841,0.00336702164328829,0.0634117794552431,0.000252444041522574,0.000573320241469383,0.00326212960234383,0.0486966414686159,0.00332310065769014,0.006754300061178,0,0.00118409457813614,0.00160841347421546,0.0180886438198161,0.00181626103762095
0.000431457306769347,0.00144434689100774,0.00165070912304196,0.0224984163782557,0.471004477838664,0.265948298719142,0.0452271243113424,0.03319155835124,0.212393619847608,0.0425803982733622,0.00127307741220939,0.479154896757194,0.000276966113912535,0.00982639072970101,0,0.00253433523521109,0.00152569135549757,0.00037423290953722,8.28517791596889e-05,0.0968287702068146,0.0125627654357696,0.00376671540456915,0.0194161110227071,0.191407314962354,0.00113733886250931,0.00156106670629706,0.00941795808401896,0.0456680011832075,0.00357671715157069,0.0267313626099235,0,0.0428021981240517,0.000593852349351359,0.00325876815633185,0.164309337530665,0.0226809990937109,0.00549213445393422,0.0067506028299072,0.0069982541481817,0.431298433395111,0.00744036237567394,0.00254251731262867,0.00261579931655457,0.00402811693706858,0.00101470052333792,0.0169247417615943,0.00561285393827794,0.000559992130017257,0.00135800794413836,0,0,0.00109355188420284,0.00379268243515701,0.000736814788022519,0.00250024859459865,0.00535201195439589,0.00358408245652319,0.00199115754093702,0.00585618996266527,0.000380583337009621,0.0105950912082288,0.000276754363514161,0.000842471864082062,0.00141033623550782,0.0010788169169837,0.000468674256923914,0.000156461297400379,5.66647774578333e-05,0.00921609908800629,0.00136407424626649,0.000334800307002699,0.00403216513094791,0.00669582669489143,8.71704090500833e-05,0.00249904610984018,0.0072324304724979,0.00671832151955574,0.00080771545908172,0.000784567234025289,0.000101973213915872,0.000384641815154875,6.03464023446321e-05,0.00134224892229096,0.229759743456523
0.000127126360171938,0.058914729388237,0.0227989025790353,7.11281471340419e-05,0.000592350021943545,7.23135667919157e-05,0.0114503652672484,0.000548443110763037,0.0704737461648802,0.000205755071074593,0.000902597621414934,0,0.00212810335546545,0.00108729844987334,0.00253433523521109,0,0.021627455343757,0.00271598113859186,0.00428980075111126,9.38531622999071e-05,0.57521789732547,0.827826740153523,1.24912619133898,0.42212767565991,0.0309403518345719,0.0131600790600879,1.10070527621994,0.246979157882846,0.00112750658525959,0.00926755819984862,0.000166737405393767,9.24843378068802e-05,0.000443529921567225,0.00923153712313876,0.0607021756686416,0.289565424788634,0.0891039333115501,0.0991768075784093,0.100571799622188,0.000707882014982949,0.000955356646471463,0.00503011338875093,0.0427552622182076,0.00630346100466501,0.02507963343169,0.0247032125393454,0.0153057554215973,0.000618625463309503,0.00122480065700104,9.20878577991726e-05,0.00579095888560581,0.0323011406576102,7.67995326135635e-05,0.000582651515493441,0.00109006905287877,0.010821209458595,0.0018191523771549,0.0118173048847159,0.00144225373733618,0.00106062268602669,0.000271398052447796,0.000778092014080669,0.001221692784906,0.00147545006272721,0.404616866223428,0.0029522231500135,0.000349823049496877,0.00111635827461693,0.000179931501182807,0.118005012635669,0.103151360450474,0.551590742520787,0.0718917171451547,0.000915140089455977,0.00865661385258807,0.218844799584996,0.0483561788925892,0.00151134642440035,0.0213891625965518,0.000169047300911451,0.00050516190947355,0.000156134999031555,0.00556862969554532,0.0212028278234289
0.0334079604503361,0.00757216290331533,1.10760505436341,0.000561001507487011,0.000283062191020572,0.00614966315424656,0.055420326243315,0.0590301419988219,0.000985221068524047,0.00899066892283865,0.018999287904048,0.0015608390041944,8.98735385648012e-05,0.206294918412145,0.00152569135549757,0.021627455343757,0,0.174735234903935,0.769954241629135,0.00147666641052547,0.210474093914037,0.0031298566053965,1.37805405969373,0.0120082992799994,0.000206396690812898,1.29872477157465,1.6896220349753,0.0387555311903263,0.292153618944236,0.465115978783061,0.000248303343664038,0.00421805163229906,0.0583393999101108,0.390377093099348,0.0396301329344902,0.350865341125586,0.223405693147398,0.356835481807387,0.209780750406238,0.00164135305502149,0.00244266124900485,0.00431688177865793,0.0213804026057563,0.00794528022323472,0.0108582316460164,0.0157998223619479,0.000804639046711001,0.0003535255087075,0.00016628264997201,0.000163906637130547,0.0132802180987049,0.0358569000344022,0,0.000343565352031505,0,0.00185435198085815,0,0.000692183256757295,0,0.000261420935313713,0,0,0.000197734373336565,0.000207141770601249,0.00911458753801072,0.0255427793013106,0.00040081022361722,0.00755190695434333,0,0.00675816381216848,0.00350080540392263,0.0264210763209767,0.00428593756309749,0.000189268105696344,0.0545014784374087,0.17006135230381,0.00425407005946061,0.000590488963267231,0.00240034313761706,0,0,0.000248336546732593,0.00634248977082334,0.0187472336182054
0.00291832060069108,0.000628781048245096,0.0307375354035388,0.000139798821417963,0.000269199046598399,0.012526299858604,0.0202090251858681,0.0195382005663255,0.00109196667992678,0.0174591021607413,0.825389006442903,0.00594951958592848,0.000219342790130806,0.0916352287048548,0.00037423290953722,0.00271598113859186,0.174735234903935,0,0.219304612717276,0.0023795001473009,0.0219985924297378,0.000292762181301475,0.07836723692196,0.002377445336738,0,0.296781358580743,0.0837918245433364,0.00535978316136774,0.0997207089447067,0.0226498301123167,0.000357491983064747,0.0216445038061962,0.00356643004774231,0.581866757774468,0.00707649444073562,0.0832093782945916,0.073554046124152,0.434862240176502,0.0788604593281875,0.00225843860333344,0.00121428650613211,0.00106149247038755,0.000738392435016474,9.06465725533842e-05,0.000532482729518545,0.00116887439406046,0.000422921068868112,0,0,0,0.000510004722998512,0.00121707929962831,0,5.936920035398e-05,0,0,0.000125328191644383,0.00085504550931265,0,0,0,0.000150864379716969,0,0.000269115012383986,0.000307156604120422,0.000853362066647817,0,0.000209133534051621,0,0.000170177117724991,0.000231169051344967,0.000984837306767061,0,4.85472435406685e-05,0.00285958631249048,0.007551364681158,3.54315354561806e-05,0,0,0,0,0,0.0001880588652174,0.00439163054200236
0.00241801808220899,0.00109501795925934,0.0891166964988988,3.08949142880916e-05,0.000134803901632714,0.00344765177614503,0.0125381969607049,0.00811197086598345,0.000323609790896308,0.00656312061189339,0.0541981556575672,0.0019997253976192,3.46823976312756e-05,0.0406386148024834,8.28517791596889e-05,0.00428980075111126,0.769954241629135,0.219304612717276,0,0.00085716619128943,0.03327934013625,0.000531526355573166,0.143811045049637,0.00227838196524477,0,0.709617663967851,0.223235826294717,0.00637738928492093,0.0466645953972721,0.029857946587778,7.54538969008446e-05,0.00426961762181581,0.0073088851306042,0.467439884355925,0.00819435183965314,0.113044881525077,0.0879944379626108,0.22152417543716,0.0923683674893861,0.00100037310311839,0.000718706190217483,0.00116270868364029,0.00274539053733786,0.00102768309684926,0.00166442957693693,0.00277737000846089,0.000270011175028872,0.000115861476726246,0.000130025300937844,0,0.00228632469384828,0.00371708205967009,0,0,0,0,0,0.000420136123560202,0,0.000100713585975313,0,8.47428953506946e-05,0,0.000194083255927253,0.00080938161689669,0.00350548848484115,8.88884130432607e-05,0.00136042271028713,0,0.000513957421169264,0.000528894937570834,0.00278165135631768,0.000606205910454046,0,0.0108428474536413,0.0243881142373502,0.000180494726938009,0,0.0002670959916525,0,0,7.5357416506243e-05,0.000546271410330308,0.00566808851213184
0.00104997189924621,4.69604570698499e-05,0.00119506433098473,1.87016728691285,0.0193913271891702,0.114333751823544,0.0402792192089119,0.0824290019700872,0.328876378684476,0.737483626466519,0.00894471582991668,1.02086355433638,0.00240222482342503,0.0534734095393199,0.0968287702068146,9.38531622999071e-05,0.00147666641052547,0.0023795001473009,0.00085716619128943,0,0.00165001026385046,9.76698450891974e-05,0.0021955233382792,0.108841505697215,0.000450057569502413,0.00441607270518567,0.00121939717518383,0.272036770120709,0.0415816960160433,0.00501392378808738,3.69191208271265e-05,0.00879375024624217,0.000912439036048665,0.0236937830455207,0.0191898684256457,0.150804183526855,0.00590691482940476,0.0457568974486247,0.0147765626777204,0.137589807452135,0.0110219920180316,0.0225610876295327,0.00739599391986559,0.00158403473485771,0.00739065683999977,0.00339245274516622,0.0329144985550736,0.00355284852770841,0.0074343659789285,5.54754609128714e-05,0.0001354945694085,2.39172198441148e-05,0.185102433316317,0.00271812512968783,0.0294077837039602,0.0669656035085692,0.106591766716413,0.0723399146291562,0.365977056299328,0.00101957477147301,0.160340242200831,0.00114630950495687,0.0136832959548227,0.00920709833990848,0.00038870293029139,0,0,0,0.226268106881684,0.000325878741892517,0.00170231007362144,0.000380388505212331,0.143458862181774,0.000422255061146331,5.87332208469868e-05,0.000159243176682735,0.359490982222415,0.00635134450494783,0.000439621925630498,0,0.00030180143156457,0.00051768629947449,0.0214262776437369,0.000957305464635565
0.0134724334837285,0.00307748790318237,0.31387988587077,0.000677297715244222,0.00140692298726748,0.00352551790684589,0.232025992857276,0.0423575282709259,0.0287092488791272,0.00717576097357002,0.00826295768371617,0.000676802042508042,0.000640287714489651,0.0844498420706718,0.0125627654357696,0.57521789732547,0.210474093914037,0.0219985924297378,0.03327934013625,0.00165001026385046,0,0.0512498451925213,3.73913646248584,0.0420579631063158,0.00141653108677429,0.0692151094065508,0.399351831501729,0.820989289918789,0.077304208965046,2.86431759186859,0.000276583854821992,0.000599380309713257,0.03808510178671,0.56258493732328,0.223185307056788,0.618065581529199,0.174365466928122,1.06277451670305,0.428280469500412,0.00350961553522347,0.00457541809667257,0.0133297588328894,0.0249258286288231,0.00452393895625377,0.0159578709229889,0.0128491590906301,0.0150202129121738,0.00246107705001341,0.00228448575869152,0.000437705531994677,0.00188549313571605,0.0133272620207339,0,0.000649939102510166,0.000514424866588259,0.00920155219058543,0.00188151415448595,0.0158800627872602,0.00128175032787918,0.000899131737991859,0.000479081651503718,0.000434797252931142,0.00211994663083528,0.00241962740867655,0.113092358688028,0.00242784849682202,0,0.000518919575291652,0.000146573084543145,0.152518043528027,0.0442985994109364,0.119235898846928,0.0843106645641598,5.04828872127056e-05,0.0037833327681189,0.0447886183039072,0.0652955519688104,0.00200148842091321,0.0447041649481042,3.94535624293566e-05,0.00060831403846885,0.00086004152156571,0.00604253496145435,0.041749334012553
0.000173460046275711,0.329692400331177,0.00344156353885387,0.000104780805955887,0.0008122428968231,0.000185006685959243,0.00354529306010743,0.000307344280462849,0.817209724428592,3.81395454975843e-05,0.000764483747421113,0.000151218699257231,0.00814523231459442,0.000222943298236382,0.00376671540456915,0.827826740153523,0.0031298566053965,0.000292762181301475,0.000531526355573166,9.76698450891974e-05,0.0512498451925213,0,0.138000734040675,1.37656090335226,0.180517775901273,0.00274895872974337,1.02467922449801,0.0707427013086224,0.000227971377140331,0.00192867466920006,0.000835534218419669,4.01439727845668e-05,0.000249442645274723,0.00217936801431636,0.00209165049655052,0.012237874665675,0.00467121788592241,0.0054906648189395,0.00390814455002081,0.00308336055597357,5.98108084907293e-05,0.00481868850811303,0.0264359969815627,0.00600595819534285,0.015482735591695,0.0165311226026855,0.00213033335014788,0.000729894845780039,0.000587050678259849,0.000287387507567382,0.0506525157148627,0.0141089860675228,0.00120930788127859,0.000319767554405975,0.000171720073633898,0.00507648624045351,0.00134084632128842,0.00653581580633819,0.000874925937125372,0.0035507221835254,0.000886236440519902,0.00529404956376622,0.000847066047002278,0.000713362174646088,0.149621316214917,0.00361545053285062,0.000295582487406504,0.0010987499234722,0.000710438282920002,0.0343385165706974,0.0751552832715102,0.149836798878873,0.0428797495570524,0.00339213634597888,0.00836080196159171,0.357861494372365,0.0149159259414316,0.000731401794201114,0.00647564696977663,0.00061489989275403,0,0.000247317609123087,0.00287083812608663,0.0043835130583136
0.053151501870823,0.0105467363122722,3.18282211563373,0.00256362164552175,0.00361328268954082,0.00968950164397033,0.488494160354121,0.123481964639616,0.0354014142393146,0.0158830488094304,0.0232532176211593,0.00118224330353455,0.00118038359893232,0.295941982651138,0.0194161110227071,1.24912619133898,1.37805405969373,0.07836723692196,0.143811045049637,0.0021955233382792,3.73913646248584,0.138000734040675,0,0.247444457337187,0.00512627532480081,0.43699386516892,4.23556748534131,0.832145486276635,0.22335103635298,1.77572572552385,0.000220605927781165,0.00414232401570518,0.0408895419336179,0.762452057765295,0.544986470142926,2.04869785823819,0.739060419925006,1.83552593827604,1.18808219037048,0.0094144612682698,0.0127832734767608,0.0228766966194179,0.0743888837938866,0.0135621678331044,0.0520170892796105,0.059543203771141,0.0281815562358655,0.00197704858079363,0.00272561850033028,0.000235770864797044,0.00907435186908716,0.0665182165812677,0.000186589860170603,0.00115102062169678,0.00102788050075946,0.0183061527227449,0.00297477003432673,0.0103011216741992,0.0018529196132471,0.00158754605301239,0.00114625521642247,0.000513740527591503,0.00187599636956177,0.00303928042795272,0.44246341830697,0.0116276777401021,0.000657046034640205,0.00223338241568825,0.000596691049516869,0.134751481921462,0.0800474536737654,0.765318252721119,0.0698366599042826,0.000205470499953222,0.0222915408611043,0.439650353446918,0.0484467241125927,0.00167455907030898,0.0156206734486149,0,0.000394398496562219,0.000921203524379313,0.0132101842495771,0.143236052250417
0.00220554152759862,0.329793444738171,0.0211247720470135,0.165068175774885,0.0300351571848693,0.0223043471360534,0.515443713516658,0.0727210684499255,2.09102918413334,0.0682638341570272,0.00548020975341766,0.0637652834368934,0.00899098641867951,0.0369591445510167,0.191407314962354,0.42212767565991,0.0120082992799994,0.002377445336738,0.00227838196524477,0.108841505697215,0.0420579631063158,1.37656090335226,0.247444457337187,0,0.189642080670465,0.0108884131788254,0.828073795808959,1.57751068143043,0.0605862041603157,0.0544583572721889,0.00134826575362586,0.00473142056805754,0.0259374248651184,0.0372283642686965,0.100620881239451,0.399597867847026,0.0795517219610667,0.115948537478317,0.0694606996838473,0.137898513374429,0.00746202562932934,0.0213976575194971,0.194368543194758,0.0161783196881837,0.102183406915578,0.0566482068056537,0.105154131215124,0.0220412586009509,0.0131555264495442,0.00219277770716245,0.0048039430954785,0.0186141598549114,0.0981757148780469,0.00177266139870802,0.0409338047088621,0.465426175000967,0.193480096620704,0.232725443703809,0.141824517052417,0.0143101725177496,0.0464783166235886,0.00273567659193177,0.0754624518258051,0.0125804875239054,0.144599219750495,0.00288222073654223,0.000856982714250948,0.000916088647652247,0.0688074127116444,0.109910047987943,0.0904154520561645,0.17170866756887,0.868694765186505,0.00298416855162798,0.00470042485163916,0.0773066004649788,0.661763633516924,0.0684794047123214,0.10032053596074,0.000323968193587327,0.00830078081956216,0.0147900619487411,0.116460383620685,0.0356169051177085
0,0.388303097104429,0.000336672267335749,0,0.000358132621256304,0.000816016489919445,0.00140202483669016,0.000752435206679179,0.140086299196439,0.001125856783069,0.0216915236102194,0.000308548594372403,0.257963650020396,0.00123470916422674,0.00113733886250931,0.0309403518345719,0.000206396690812898,0,0,0.000450057569502413,0.00141653108677429,0.180517775901273,0.00512627532480081,0.189642080670465,0,0.0149277673402313,0.395176903895576,0.00595282627670046,0.000764404373984112,0.0003469545345873,0.0402578600296489,0.000234119492968798,0,0.00941303171344943,0.000370948536919856,0.00599542698146617,0.0500013010578219,0.0638649720494792,0.00457277801008468,0.00609187873332005,0.0026330120802922,0.298218557105372,0.00214677328499624,0.0281441156207163,0.00636437673342321,0.00148015341080714,0.000385193295834708,0.000317433490654087,0.0207551442701888,0,0.0457291184827407,0.00021062275393858,0.000118388266868114,0,0.00011203458710649,0.000362645153718495,0.000388417465522981,0.00499486944801602,0.000130643089390826,0.0997095582597253,0.000151271577210593,0.20709858661913,0.000352661534098816,3.09593301246524e-05,0.00109130874851395,0.000773946492202402,0,0.000474972880075109,0.000149318728216994,0.000104930566131091,0.00609377873575304,0.000513435364916933,0.00838321438655761,0.183346925493451,0.0364424332455758,0.222085791024569,0.000481163173113823,8.17813113923547e-05,0.0001030692416628,0.066339779299791,0.000237354578963757,0,0.00422866398597832,0.000220440397979641
0.0119838507733871,0.017249787074027,2.8672543133985,0.000273920951981127,0.000978788756194398,0.0203853017229829,0.0571168953274447,0.0445579887307461,0.0023570465727142,0.0292384968323926,0.781475174872278,0.0124309492515158,0.0222570120169393,0.166722584688753,0.00156106670629706,0.0131600790600879,1.29872477157465,0.296781358580743,0.709617663967851,0.00441607270518567,0.0692151094065508,0.00274895872974337,0.43699386516892,0.0108884131788254,0.0149277673402313,0,1.70711602960142,0.0233304096217867,0.154291251221332,0.0810289457059739,0.0462165164345172,0.0305204170390161,0.00769287171412303,0.522575500634001,0.0526097435203531,0.809592224431419,1.61118347836436,1.0967791498078,0.510392107991963,0.00633929987155724,0.00536613781849041,0.00759221168627736,0.0448908531094491,0.0448424500298022,0.031901140926861,0.0313776972854097,0.00112863015700811,0.000634891231163537,0.0014576195147223,0.000450716809993046,0.0522260875025247,0.0325894305749803,0,0.000488374142920566,0,0.00178467385452666,9.7326098628187e-05,0.00272554468550343,0,0.0704968649560913,0,0.0964187784798129,0.000121514953686535,0.00164924982463443,0.00286652608239584,0.0472688000427359,0.000948454706926477,0.0387050912327035,0,0.0058078323407713,0.00455052730802577,0.0188703276535347,0.0021127603734038,0.0406820776087569,0.531336955666041,0.895056042346743,0.00111058340711243,0.00157949953892062,0.00426440702858447,0.198403502140513,0,0.000228021902730059,0.0151608354867587,0.0364309972862756
