0,0,966.256776154041,2.22869119048119,7.49175786972046,11.3840010762215,4697.03372478485,683.592920452356,1.03559756278992,47.2558786273003,106.004177957773,28.5797154307365,52.5204394161701,13136.9679190218,5.50853228569031,3.20323687791824,982.514710694551,81.260451734066,191.3383051157,5.20931985974312,490.999216228724,0,1664.61273789406,15.7016475498676,0.530175089836121,392.093761026859,324.961133956909,131.167889416218,8193.74685764313,6733.7654068172,1.49388879537582,1.00997453927994,26.0736875534058,254.506175607443,8.33777338266373,95.0035055279732,69.4747836887836,207.721366792917,34.0002802312374,11.4212606549263,3.95428562164307,1.37233233451843,14.8177597522736,0,5.1360696554184,0,4.33490669727325,1.13673865795135,3.94747638702393,0,1.76605772972107,6.61955520510674,0,0,0,7.52989655733109,1.23461890220642,8.48622232675552,0.686286807060242,0.952733993530273,0,1.48941260576248,0.650008857250214,1.10672521591187,1.9323747754097,0,0,0,0,0,0,0.908847630023956,25.2015002369881,0.610476076602936,0,10.7785475254059,15.3392286300659,0,0.478277623653412,0,0,0,2.44663313031197,0
0,0,19.0067135691643,0,16.7853990197182,4.53807833790779,4.12356734275818,2.19804775714874,3282.50568044186,2.59250727295876,118.911380946636,7.75276517868042,1641.29482287169,5.33784925937653,132.105799347162,688.40650254488,15.6192209124565,34.0220500528812,5.50980877876282,0,33.9562267959118,3757.64351320267,43.5820090770721,5518.30845314264,6356.16050410271,412.161638319492,15193.4356188476,188.525757461786,4.45816394686699,2.17760825157166,76.3671418428421,3.45990836620331,0,195.776309490204,3.08822852373123,54.1752315163612,165.490741789341,135.477232545614,21.97726303339,281.612033098936,0,430.005605995655,124.082116961479,208.9759953022,71.8901092410088,51.6666020750999,5.02276915311813,0,323.38762563467,0,1608.02169963717,171.07185536623,5.80780190229416,0,0,22.5781339108944,1.78928565979004,73.6493280827999,5.80964261293411,165.46290397644,0.430612921714783,412.463689118624,10.5835176110268,0,108.572626441717,44.3313546776772,22.015366435051,27.9164789021015,3.10274922847748,3.37776577472687,161.347041785717,74.4038293659687,148.805280029774,142.222471833229,399.356056571007,8398.72306296229,78.2557926476002,4.83250370621681,6.72228920459747,48.031199991703,0,1.00032413005829,67.2507969141006,4.29543948173523
966.256776154041,19.0067135691643,0,3.29140785336494,41.4141922593117,102.798452228308,5566.99132099748,3250.74470022321,8.90433862805367,785.533876597881,47.7271082401276,27.1988452672958,249.215719640255,5545.64290431142,81.8904890120029,206.694186925888,28674.4562944323,66.3103775084019,1564.89390265942,10.7426435351372,4196.25418277085,26.9613631665707,35105.1532407403,475.054973751307,3.27069362998009,18211.4366681874,23447.2703385949,4027.59612810612,1339.91803976893,2987.31818532944,1.04743242263794,10.155129134655,82.7478765249252,2595.12281300128,1272.37939536572,11383.2091578841,7046.08648055792,9150.87555634975,6701.44593346119,107.327912330627,91.9190531373024,9.85033532977104,587.954656630754,87.8693403303623,301.542916715145,139.939245015383,74.483061671257,8.81586256623268,3.24911522865295,13.3454477488995,204.804200351238,2438.02779832482,0.462079167366028,15.43024289608,0,180.819394379854,5.57464131712914,21.8376261591911,3.43823421001434,0,1.27225935459137,0,87.8572070896626,12.8388194143772,400.880964189768,74.7739601433277,0.960320800542831,11.761966586113,0,103.564481198788,88.9721248745918,2472.10168305039,342.631251901388,1.86473441123962,179.163462609053,7510.13125753403,268.782767087221,12.4527884721756,114.342975974083,0,0,1.88718295097351,113.980951100588,857.514208853245
2.22869119048119,0,3.29140785336494,0,127.730319350958,218.770601242781,187.804224669933,252.565667778254,4343.19051682949,4670.63850569725,27.7081906795502,5744.76768133044,85.7544443309307,233.705235779285,908.887548655272,1.50984621047974,3.82183501124382,29.0701639056206,29.3159304857254,17649.0432287157,3.99429154396057,0.62634140253067,5.24238955974579,3596.37251254916,0.431435286998749,13.9879643619061,2.95903143286705,5747.30133870244,204.352607101202,9.99275499582291,0,35.2586093246937,2.43612262606621,94.6252416968346,125.835546821356,1245.13492411375,9.48032438755035,265.247548758984,37.684369713068,1201.93204513192,71.3334163427353,0.430050194263458,395.325461596251,0,337.902131944895,48.9325531423092,839.280370354652,76.0419611334801,11.3114389181137,5.07892060279846,1.76170921325684,0,2390.87471193075,61.7985574603081,39.434098303318,1060.45216062665,224.259017437696,934.183311998844,854.835732460022,0,474.563355326653,0,194.373822778463,189.224386870861,3.60310113430023,0,0,0,431.634872347116,0.936096370220184,3.47084051370621,0.615078032016754,2811.01271352172,0,0,1.01203715801239,2537.94581779838,108.337666153908,0,0,6.58037757873535,0.41417720913887,221.535685241222,10.718681037426
7.49175786972046,16.7853990197182,41.4141922593117,127.730319350958,0,3133.29999041557,282.660356998444,162.59661385417,218.840822130442,339.044696092606,6.12877789139748,1066.94059541821,43.6781912446022,27.7536935806274,3967.91331982613,86.5850777029991,8.98175203800201,6.55654764175415,11.4655606746674,88.5478060543537,708.528166294098,21.950411349535,847.371193289757,308.302262067795,2.89848649501801,15.774844378233,104.616024911404,530.617071390152,16.4546810090542,212.062158823013,0.583479940891266,597.809184193611,1.20571100711823,733.442973405123,5582.93461763859,438.546471297741,132.836077392101,82.9715302586555,130.674233466387,15642.6837829649,8354.33144307137,0,65.5053403377533,36.563323199749,16.3047137856483,76.247406899929,18.6474118828773,4.32565665245056,0.82723742723465,0,0,13.863087952137,21.9287446141243,3.30903935432434,3.29649984836578,14.0800379216671,4.0778534412384,4.50800210237503,13.1241698563099,0,15.8866274952888,0,8.96439722180367,10.0017499923706,11.9017055034637,0,1.46779304742813,0.919909656047821,3.69963935017586,13.6883981227875,0.643945753574371,69.3827864825726,40.0522749125957,0,5.36076566576958,36.254455268383,51.4645302593708,2.88336575031281,11.3063168525696,0,0,0,2.37737768888474,2302.61216801405
11.3840010762215,4.53807833790779,102.798452228308,218.770601242781,3133.29999041557,0,2880.2225381434,11850.7282675505,105.362357139587,29536.7828218341,127.538928210735,6742.50277808309,279.183435827494,644.109010219574,2517.18668442965,2.07489418983459,34.8896307647228,82.8941634893417,38.2305649220943,556.916280373931,79.256480038166,8.21440207958221,96.0753075182438,111.720391958952,3.64228862524033,59.3906213641167,26.0417944192886,1328.44884777069,201.520122587681,76.7015633583069,3.21639290452003,593.800601094961,1.60848212242126,158.009776622057,1854.61032035947,1936.15117061138,30.6111567020416,281.848069816828,39.9300334751606,6352.53094992042,1856.00000008941,16.4094072580338,28.5609236359596,1.44962722063065,28.1951293647289,9.59643054008484,43.5751529633999,12.6172771453857,7.36402702331543,1.54040503501892,0,0,61.292580395937,2.31206297874451,4.06849032640457,77.103243291378,5.27160030603409,56.6133884489536,16.5205178260803,1.91773709654808,70.736273765564,3.71752646565437,10.0719426870346,5.62139129638672,0.870764851570129,0,0,0,3.66407305002213,0,0.548353672027588,0,188.854765444994,0,0,0.482955634593964,137.147629737854,6.67786347866058,5.02009230852127,0,0.675292611122131,1.56306385993958,12.5947509407997,60.9642463028431
4697.03372478485,4.12356734275818,5566.99132099748,187.804224669933,282.660356998444,2880.2225381434,0,14999.3303649127,630.83542445302,34677.8959957361,671.694449007511,283.692397087812,1078.67910036445,31896.0662747622,1059.94449162483,39.1906481385231,828.324288696051,658.354930043221,712.345926910639,222.523509949446,7494.93788394332,8.65875485539436,8151.05438819528,800.110717654228,6.13371565937996,1226.83914375305,804.976014018059,52121.4734083414,10055.2620610595,24539.9418075085,6.76484283804893,261.94241887331,397.925755172968,2246.30853836238,2214.96471846104,10548.7271898389,430.583981692791,4169.22878201306,1413.95065742731,2117.73096755147,752.24129101634,24.2703878283501,919.761249870062,2.2894299030304,457.007207512856,119.609784096479,452.785032957792,122.133841186762,33.2127876579762,11.7204324007034,5.43909811973572,21.7854941785336,725.585628598928,15.6341993808746,23.0143088698387,979.127272546291,225.161193490028,614.824497401714,432.997071027756,4.03556600213051,101.490018755198,7.97827738523483,328.168222218752,68.2441929280758,28.2431897222996,0.469417452812195,0,0.735841155052185,202.972209990025,9.81817835569382,23.456573754549,40.8977700769901,2678.84455621243,1.51257330179214,0.507992208003998,82.1370541751385,2443.02599194646,187.157516300678,104.370210707188,0,7.1380187869072,0.748359858989716,310.885851770639,206.221253156662
683.592920452356,2.19804775714874,3250.74470022321,252.565667778254,162.59661385417,11850.7282675505,14999.3303649127,0,205.483592540026,25161.3145089597,307.762808471918,6883.65866160393,742.89394441247,19528.4873169661,357.035500973463,8.95732763409615,962.080241978168,162.280504077673,228.076124608517,1102.55115126073,2418.2131883949,2.20029902458191,3264.90816959739,178.925627738237,4.44060683250427,827.441001534462,588.122013121843,2400.75894127786,1309.97112444043,4224.31021738052,4.3242427110672,1231.28967052698,37.9246567189693,588.624081522226,330.937371879816,4502.14998367429,188.649313718081,991.204127252102,288.159252643585,2605.80791574717,659.457047790289,23.5481931865215,396.974617511034,6.6277107000351,133.672942608595,30.3611273467541,259.894800871611,37.6851678490639,22.4814336299896,5.15235415101051,0.532022833824158,2.74557062983513,94.4371669590473,3.11191266775131,3.77217125892639,478.968627810478,26.3001048564911,315.631328374147,27.0400436520576,7.06403586268425,154.316548347473,14.4747461378574,55.4130192399025,22.1087475121021,8.25951814651489,0,0,0,22.5425084531307,0.352970510721207,6.86691945791245,2.00227925181389,1063.45896479487,3.22375535964966,1.01668453216553,14.755173265934,935.408743917942,20.295676112175,23.2119195461273,0.975241303443909,1.8005588054657,1.2062976360321,46.9500325918198,25.2224144637585
1.03559756278992,3282.50568044186,8.90433862805367,4343.19051682949,218.840822130442,105.362357139587,630.83542445302,205.483592540026,0,956.386131942272,108.316248476505,1822.97612601519,657.588014274836,139.199248373508,1861.97953605652,266.681420356035,11.2475179731846,45.8489384055138,38.1949051916599,651.711200535297,77.32082721591,11256.2341590822,68.9999597370625,31213.6981085539,1537.27779814601,98.2294382452965,3898.51879370213,9297.554990381,128.184094458818,74.7036026716232,30.3842138051987,19.2150493264198,0,128.350399047136,39.5396915376186,618.822160899639,51.0953623950481,195.934153407812,52.8216072916985,2427.68540459871,35.0719991922379,64.4980448484421,577.523292481899,30.1724712252617,181.631515949965,37.6893565058708,308.244395315647,23.7676270902157,47.2378111183643,25.8152358233929,54.1746079027653,24.7480020523071,775.182058691978,27.4290539622307,11.7879680395126,674.450625270605,194.295752823353,4585.29454824328,303.412574440241,42.0040946900845,122.359373450279,44.4200657010078,327.559861123562,91.5696923732758,1176.45655989647,5.25608184933662,24.8890810608864,18.161410599947,179.869161635637,124.860675811768,3127.07180291414,211.35182544589,5950.53988957405,13.4171292483807,52.865687340498,239.577294230461,2494.75802901387,172.53765437007,322.423113226891,5.46296185255051,5.17711311578751,8.47780624032021,104.490571528673,82.6660100221634
47.2558786273003,2.59250727295876,785.533876597881,4670.63850569725,339.044696092606,29536.7828218341,34677.8959957361,25161.3145089597,956.386131942272,0,1109.02075526118,7775.38497588038,1275.49927258492,6256.23293201625,792.735974431038,2.56529837846756,248.396404862404,961.666783541441,746.644712269306,6467.88214868307,580.150901347399,1.28717687726021,655.885258644819,387.938206106424,13.1609778106213,741.383594304323,118.328881889582,11509.3168289661,3595.12878552079,243.992047101259,6.63099345564842,517.414088904858,32.3968947529793,1467.98800933361,1104.3648147583,8358.21500259638,206.679078280926,3494.50462159514,419.60087159276,2991.85598486662,939.370907634497,47.5394252836704,559.133119493723,4.93048456311226,403.231635421515,62.9868431389332,678.523773491383,76.3228533864021,22.83042922616,1.97960293292999,0,0.921578019857407,1963.97018793225,35.673279941082,59.5089075863361,1697.25527134538,234.20200741291,589.956374049187,1028.02656853199,2.70601272583008,521.017563253641,8.84298202395439,264.950254768133,152.340528964996,10.2804561853409,0,1.34133592247963,0,452.40938565135,1.87852412462234,4.96922367811203,5.0871234536171,3653.54363113642,2.32109078764915,1.35666814446449,5.2062776684761,3719.15387645364,116.717123985291,20.7689354121685,0,3.10011368989944,1.470056027174,239.109728455544,75.7915472388268
106.004177957773,118.911380946636,47.7271082401276,27.7081906795502,6.12877789139748,127.538928210735,671.694449007511,307.762808471918,108.316248476505,1109.02075526118,0,1096.11229875684,11498.726364255,1095.93015369773,38.4156924784184,4.1014152765274,165.512775331736,12336.9759517014,1706.0381500423,187.763228595257,56.8338902294636,73.4872501790524,95.3758442997932,78.0226951241493,550.961761891842,5340.2161038518,333.039374351501,452.177254974842,2595.60444292426,117.273333340883,267.962380468845,1370.24798479676,2.00226378440857,7281.14771786332,56.6695453822613,713.068092614412,2812.77864643931,2811.17797374725,423.182015329599,232.242226272821,12.4351305961609,2123.35195463896,32.8510721325874,1094.37990424037,38.0283563137054,8.84096759557724,39.9884638190269,2.41108387708664,254.456512778997,0,56.6579700112343,4.38639885187149,3.2890944480896,0,0,13.4794620275497,1.4613972902298,202.692993372679,0,1079.12343031168,23.0033639073372,3809.21041235328,2.1846741437912,4.5238196849823,8.41866561770439,0,115.826259583235,20.9357166290283,0,0,14.852076113224,2.04559773206711,94.5000472068787,304.071042716503,657.242477983236,1935.35000839829,19.0050263702869,3.98954749107361,0,1694.93600168824,1.58968877792358,0,85.9768942296505,30.3477545976639
28.5797154307365,7.75276517868042,27.1988452672958,5744.76768133044,1066.94059541821,6742.50277808309,283.692397087812,6883.65866160393,1822.97612601519,7775.38497588038,1096.11229875684,0,1098.49752342701,2711.57539322972,6837.95082211494,0.784769535064697,114.971521228552,832.684509962797,613.366126269102,23100.552046299,10.4403054714203,10.3961394429207,20.3564441502094,322.196265012026,11.4091972112656,544.974262088537,131.561178982258,829.363430351019,1373.65181910992,30.1089007556438,9.99343854188919,283.523942828178,1.7765496969223,797.636154651642,1917.28525775671,3527.64624750614,149.667248904705,1275.58647716045,131.687840074301,5066.51282671094,294.751222103834,36.2062939703465,377.282188504934,9.90979695320129,278.906429618597,89.0915899574757,792.765633404255,66.5221472382545,50.6198551654816,1.84320259094238,1.01659834384918,0,1526.27659875154,52.4482792913914,63.603645324707,472.454810142517,187.870785683393,152.110998362303,448.198203325272,18.6051679551601,1739.13169276714,16.5088405013084,222.655461698771,193.954796910286,1.08205032348633,0.495277047157288,2.78463101387024,3.71323198080063,406.159805595875,0,0,0.564038932323456,1215.96808052063,2.46951729059219,6.06330984830856,4.09255146980286,1029.85369166732,121.421282231808,5.08669072389603,0.495246678590775,16.8631058037281,0,145.868890881538,91.7749058902264
52.5204394161701,1641.29482287169,249.215719640255,85.7544443309307,43.6781912446022,279.183435827494,1078.67910036445,742.89394441247,657.588014274836,1275.49927258492,11498.726364255,1098.49752342701,0,791.591101914644,125.37794277072,448.598704427481,59.6116805374622,367.621588140726,214.486406505108,230.263736128807,631.943414479494,1137.87831097841,657.028571367264,1012.96344137192,8936.78005483747,1334.60767123103,2539.62867608666,2107.80099362135,1359.89377170801,535.009997844696,2210.41812062263,1322.56850072742,12.4825552105904,5587.4730361104,516.923420161009,5704.95038285851,6427.33511283994,8051.46250802279,3354.62967965007,3055.68313202262,642.89148697257,6522.53931236267,1120.35901424289,2874.33709764481,1673.52469018102,522.056917011738,1647.66655394435,511.559405386448,1242.15501442552,24.3304480910301,189.357784539461,36.4790125191212,70.7645663619041,14.5455834269524,60.2553453743458,358.771086841822,219.206772089005,279.755311012268,185.927578121424,3249.63553786278,192.044953584671,14098.7470023632,491.483433395624,412.994277358055,381.839606672525,8.44798064231873,270.621304780245,77.9396224319935,55.2527899444103,122.566762030125,68.1805074214935,155.08104711771,998.002483069897,1693.70180949569,1756.96497252584,6208.56882894039,897.898513734341,259.509213000536,205.464025080204,6353.42589238286,92.1664521098137,16.9362517595291,439.621097415686,279.860091090202
13136.9679190218,5.33784925937653,5545.64290431142,233.705235779285,27.7536935806274,644.109010219574,31896.0662747622,19528.4873169661,139.199248373508,6256.23293201625,1095.93015369773,2711.57539322972,791.591101914644,0,155.463796883821,13.9658930003643,3759.5784689486,812.899227380753,1185.03424981236,623.827177673578,3321.25727695227,4.711022824049,6736.72992876172,238.219714999199,10.0713308751583,2382.02382177114,1794.25569532812,2371.0197339505,16867.4431656301,13732.8788309693,13.8580421805382,1648.04358544946,67.2123795151711,1422.73037907481,133.443957060575,2225.16492238641,393.757721036673,1322.86720338464,348.763145446777,636.696082949638,109.555224061012,31.8604992032051,396.715806007385,11.7645692527294,102.583398729563,49.5279465317726,247.287491410971,24.5993418395519,11.0761357247829,4.94309321045876,1.88705834746361,8.55529803037643,45.2962222695351,4.77946263551712,8.80980753898621,543.912062913179,25.3582928180695,294.976043105125,8.15780898928642,4.79847159981728,65.2115925550461,22.607727855444,30.843677520752,14.3672938346863,12.3749260604382,1.03092622756958,0,0.460371017456055,9.99460020661354,4.02688139677048,13.089857250452,8.99034979939461,1108.95330503583,3.23480585217476,4.57403188943863,54.5687308907509,1011.8848836422,17.6121170222759,40.6030802428722,3.69121563434601,0,3.44591325521469,19.949194341898,16.3707802593708
5.50853228569031,132.105799347162,81.8904890120029,908.887548655272,3967.91331982613,2517.18668442965,1059.94449162483,357.035500973463,1861.97953605652,792.735974431038,38.4156924784184,6837.95082211494,125.37794277072,155.463796883821,0,86.4031861126423,24.5777433514595,24.6258625090122,18.4534310996532,457.03390237689,1060.39397409558,199.136976718903,852.114129692316,1966.81728899479,49.068583548069,43.9679798185825,257.689906150103,2144.02291995287,86.7626260519028,568.63449037075,1.40478682518005,210.118204534054,3.88850462436676,79.2933169901371,5951.66943326592,533.949835509062,181.954549133778,208.986878722906,216.113425761461,9496.57213944197,68.7929670512676,11.1024378836155,160.657044231892,45.8398299813271,49.7023952901363,58.396075963974,183.800390839577,14.7334513664246,14.3521431088448,0,3.36147314310074,11.5662553906441,196.896676689386,11.6737034916878,9.60827919840813,89.2199295759201,24.3201194703579,60.0828434824944,68.0183690488338,0,69.0977881252766,0,23.9682069420815,46.4483329057693,20.9352413415909,0,0,0.824884653091431,46.7228445410728,15.1583345532417,7.66590297222137,72.3476340472698,341.595283567905,0,4.20031514763832,41.6248557567596,220.963218659163,52.681166857481,13.4517977535725,1.04291617870331,1.16996693611145,0,28.6592189073563,2185.32966515422
3.20323687791824,688.40650254488,206.694186925888,1.50984621047974,86.5850777029991,2.07489418983459,39.1906481385231,8.95732763409615,266.681420356035,2.56529837846756,4.1014152765274,0.784769535064697,448.598704427481,13.9658930003643,86.4031861126423,0,184.171839416027,7.30198433995247,72.7531405091286,0,14792.3703607619,6296.31423678994,20287.1247752905,6041.09586164355,176.327452987432,270.884784281254,16978.7104405165,3139.18297085166,16.5987282991409,38.8605662882328,4.93673399090767,0,1.88982939720154,216.767590403557,1416.60007280111,6318.80759143829,2531.15036764741,1381.21676920354,1354.19237676263,31.9030252695084,23.6477895975113,6.98842066526413,1178.1752179265,81.1902629137039,288.39149877429,118.122902333736,414.156370311975,39.1617150306702,41.0043496489525,48.1490415632725,118.081656992435,289.173983842134,0.920560717582703,11.5212707519531,15.7607577741146,271.593921720982,81.524138122797,399.864066779613,39.1272881627083,5.17700877785683,12.8546525239944,6.95579928159714,565.305722385645,70.3587038516998,9834.94861757755,14.7380491495132,0,2.89643540978432,6.50125360488892,917.830462515354,3147.07810249925,5621.85539582372,4407.31653416157,8.24038413167,51.8659047782421,3654.10039621592,1704.29394897819,219.332634240389,898.055950790644,0,7.89891749620438,12.2264812588692,121.136174768209,354.912479311228
982.514710694551,15.6192209124565,28674.4562944323,3.82183501124382,8.98175203800201,34.8896307647228,828.324288696051,962.080241978168,11.2475179731846,248.396404862404,165.512775331736,114.971521228552,59.6116805374622,3759.5784689486,24.5777433514595,184.171839416027,0,155.121627748013,8881.0258307457,38.6353252530098,934.965585410595,37.0636716783047,10606.69982557,167.800101161003,2.60999071598053,19042.9450695813,19467.7973786891,602.006089836359,2614.52485331893,2154.96477210522,5.43366450071335,10.8109400272369,322.928507640958,6558.53657327592,181.318200439215,1930.05480897427,1847.85609400272,4212.57397425175,1012.62541928887,35.8536130785942,13.8860763311386,5.18703043460846,121.938846439123,17.1358566582203,40.1262501776218,16.9509819149971,27.1649538874626,1.63709783554077,0.382015556097031,4.83423280715942,61.1243290901184,424.693361282349,2.38374677300453,3.92240834236145,0,22.7637464404106,2.26733976602554,15.3090692460537,0,0,6.18645641207695,0.855495631694794,5.17978432774544,6.38015913963318,87.0183452963829,36.527107745409,0.359782695770264,1.54272317886353,0,8.68940046429634,33.3703511357307,154.10244140029,101.508610725403,0,96.3209029436111,1509.35489964485,77.752852410078,3.32810470461845,24.4592714011669,0,0,0,27.465886503458,87.6622986197472
81.260451734066,34.0220500528812,66.3103775084019,29.0701639056206,6.55654764175415,82.8941634893417,658.354930043221,162.280504077673,45.8489384055138,961.666783541441,12336.9759517014,832.684509962797,367.621588140726,812.899227380753,24.6258625090122,7.30198433995247,155.121627748013,0,2690.64368700981,186.073939502239,38.1316314935684,5.4693224132061,86.7229152619839,45.4694594144821,118.796264767647,4545.19623702765,1268.58813643456,290.277799487114,1229.82960867882,129.974193394184,265.321471363306,362.196452647448,1.14431691169739,2690.9304895997,111.438870310783,1151.93531838059,8277.42558777332,5934.96469566226,1333.5248889327,134.994741350412,11.7570938467979,31.3432054519653,30.0097470283508,507.925745069981,40.9807309806347,42.4475080966949,2.28445845842361,3.75636726617813,2.4822301864624,0,82.9704032242298,14.1335170567036,2.77861180901527,1.73232138156891,0,0,2.01738405227661,72.5868025422096,0,16.5453109145164,12.9361004829407,252.507901787758,3.3163897395134,1.54253780841827,4.10599306225777,7.03722268342972,344.312474280596,263.487347513437,0,0.57130229473114,8.14835873246193,1.60871917009354,4.46343415975571,219.875263094902,1971.21342396736,4482.91821482778,0,0,0,434.498007655144,0,0,41.4553789198399,90.8121784329414
191.3383051157,5.50980877876282,1564.89390265942,29.3159304857254,11.4655606746674,38.2305649220943,712.345926910639,228.076124608517,38.1949051916599,746.644712269306,1706.0381500423,613.366126269102,214.486406505108,1185.03424981236,18.4534310996532,72.7531405091286,8881.0258307457,2690.64368700981,0,142.457997590303,401.604781076312,3.48867881298065,1567.83103248477,55.4366542100906,8.60635989904404,2565.25405430794,1801.28839817643,422.906459242105,1296.97832036018,763.290285184979,11.3133174180984,65.3296817839146,127.185799121857,6921.67154027522,325.00619700551,4229.29370653629,6604.8054972589,7549.37556688488,3690.15951016545,67.9272795915604,46.2821460664272,4.35846322774887,25.1262694597244,32.8537385165691,8.79404929280281,10.7849583625793,9.92295759916306,1.06207573413849,1.12473702430725,0,14.9885419607162,57.5392512381077,0,5.98343259096146,0,0.875297605991364,0,61.0631754100323,0,1.27094995975494,11.2583725452423,10.0008258223534,0.36080664396286,9.98356503248215,21.8829431831837,7.3754950761795,14.7363961935043,33.9207162559032,0,3.27224671840668,7.56123298406601,19.9213305413723,28.4262086451054,15.5116792321205,173.078652441502,637.346919596195,9.60744723677635,0.485307663679123,1.0170322060585,10.8796446323395,0,0,3.17121750116348,311.057134270668
5.20931985974312,0,10.7426435351372,17649.0432287157,88.5478060543537,556.916280373931,222.523509949446,1102.55115126073,651.711200535297,6467.88214868307,187.763228595257,23100.552046299,230.263736128807,623.827177673578,457.03390237689,0,38.6353252530098,186.073939502239,142.457997590303,0,5.6030336022377,0.649843633174896,15.0162991583347,339.115025401115,3.43916514515877,125.009949713945,31.2849266529083,1289.6424061954,499.976923495531,24.8321834504604,2.4603950381279,78.2520032525063,0.748488426208496,198.217469573021,127.152734696865,1610.4706093967,34.9163489043713,425.443993210793,43.9088581204414,714.669349163771,126.999359369278,4.29748210310936,372.31847769022,3.53163838386536,283.597988992929,48.1851600408554,381.389676213264,56.1652526855469,8.73541852831841,1.9868657886982,1.76993238925934,0.452373862266541,1191.04831397533,38.8230744600296,24.3221136331558,766.079828947783,190.098406761885,224.657911598682,431.215462505817,4.78238612413406,358.792177498341,1.02409654855728,204.053080648184,81.48540148139,1.10882294178009,0,0,0,225.200949221849,0.474819719791412,1.81772089004517,2.49847167730331,1340.17923179269,0.556346714496613,0,5.7489720582962,1499.95528969169,117.283534735441,4.55845537781715,0,4.08422565460205,0,186.058854341507,17.8909750878811
490.999216228724,33.9562267959118,4196.25418277085,3.99429154396057,708.528166294098,79.256480038166,7494.93788394332,2418.2131883949,77.32082721591,580.150901347399,56.8338902294636,10.4403054714203,631.943414479494,3321.25727695227,1060.39397409558,14792.3703607619,934.965585410595,38.1316314935684,401.604781076312,5.6030336022377,0,253.256568461657,57530.6721438915,1925.33404004574,11.1807477772236,620.205692008138,1657.07823324203,38574.8248861879,1062.90981569886,40349.7602887452,0.461905688047409,13.5944635868073,422.883479148149,11028.5315253586,5931.94382363558,14957.9907997847,1305.1348297298,13860.430711478,7357.012932688,284.899690419436,67.9751400053501,3.19460585713387,1011.60806700587,18.1251707077026,152.430738866329,69.1426101326942,412.983930498362,48.0371821820736,28.4249926507473,42.1533146500587,6.35956883430481,36.126915961504,3.51806324720383,21.6350022554398,3.36336416006088,226.708636820316,92.036106467247,105.736646234989,20.5093011260033,1.19449460506439,4.67971867322922,0,499.90425363183,70.2880133986473,714.220283955336,7.08973252773285,0,0.842561364173889,3.25498569011688,190.782231301069,390.533958017826,164.714919894934,1995.44181719422,0,2.30320379137993,178.888464540243,1163.72274923325,195.205211549997,679.92028132081,0,3.98814636468887,17.9933598637581,61.5848225057125,843.231921285391
0,3757.64351320267,26.9613631665707,0.62634140253067,21.950411349535,8.21440207958221,8.65875485539436,2.20029902458191,11256.2341590822,1.28717687726021,73.4872501790524,10.3961394429207,1137.87831097841,4.711022824049,199.136976718903,6296.31423678994,37.0636716783047,5.4693224132061,3.48867881298065,0.649843633174896,253.256568461657,0,344.057943880558,18209.3233447671,2285.82986488938,187.397665888071,10909.3804045916,749.816683888435,8.31195157766342,16.2106293439865,56.5263220071793,3.53375375270844,0,122.702935129404,14.7125551402569,157.381942331791,156.94317740202,109.675121217966,60.3410131037235,410.876176148653,0,148.51453858614,305.742102026939,58.0976784527302,71.9720259010792,24.6655856370926,64.8473317325115,3.36477267742157,97.746960401535,9.45859953761101,230.678771018982,118.940762341022,14.2557017207146,1.85120564699173,0.638043820858002,78.7251937091351,29.8251930773258,287.308015018702,18.0961498022079,54.9424033463001,0.63683807849884,157.652208715677,110.617296546698,23.0999372005463,2227.19571712613,15.7728095650673,7.48627978563309,2.73264390230179,1.34371590614319,187.562341809273,2498.85772156715,922.339210063219,1677.34327036142,39.6388530135155,60.208263874054,3031.22637081146,427.694063514471,59.6366475820541,215.955641418695,9.02722632884979,0,3.97321316599846,39.6391549706459,15.3883211016655
1664.61273789406,43.5820090770721,35105.1532407403,5.24238955974579,847.371193289757,96.0753075182438,8151.05438819528,3264.90816959739,68.9999597370625,655.885258644819,95.3758442997932,20.3564441502094,657.028571367264,6736.72992876172,852.114129692316,20287.1247752905,10606.69982557,86.7229152619839,1567.83103248477,15.0162991583347,57530.6721438915,344.057943880558,0,4346.19391050935,12.4571540355682,4719.62483742833,31236.5446389616,18851.2988844514,3133.07551074028,12551.7602134943,4.83989216387272,17.2716835141182,418.170429825783,13457.1089023352,11068.2200282514,38732.3546723723,11732.8343881071,30307.7136991322,21244.4546332359,244.788228303194,135.203875184059,23.266940176487,1037.60369899869,80.4122689068317,303.418016254902,171.503964662552,351.301804691553,34.0620097517967,12.1795505285263,22.7872099578381,80.4553481042385,722.186146259308,5.02872228622437,58.6437455415726,3.88877046108246,320.922955542803,43.7865036725998,195.288894891739,17.1667252182961,2.44107308983803,3.13417583703995,0.407655537128448,324.785805433989,97.9777140319347,4769.80514881015,7.18451434373856,0,1.66419684886932,1.43340820074081,490.988694280386,869.066810905933,6693.99172982574,2371.29719108343,1.48944446444511,23.758805513382,5614.42340871692,1257.86144442856,83.0599903464317,441.933647990227,0,4.60153460502625,7.61152422428131,103.506594926119,2845.0145804584
15.7016475498676,5518.30845314264,475.054973751307,3596.37251254916,308.302262067795,111.720391958952,800.110717654228,178.925627738237,31213.6981085539,387.938206106424,78.0226951241493,322.196265012026,1012.96344137192,238.219714999199,1966.81728899479,6041.09586164355,167.800101161003,45.4694594144821,55.4366542100906,339.115025401115,1925.33404004574,18209.3233447671,4346.19391050935,0,1476.17749363184,360.684545576572,13810.407227993,14702.0498529375,381.97252368927,450.981241852045,31.7516450285912,25.0957843661308,40.8845898807049,318.140167921782,564.598953604698,3243.52526894212,526.682922035456,890.628616690636,597.744719952345,2263.55025711656,62.274639159441,71.5336147546768,3137.66967597604,39.4004446268082,1039.25106880069,260.72747066617,990.174242347479,272.858607321978,97.0697646737099,58.0013716518879,157.630052447319,234.589300900698,1342.53530219197,26.5411509275436,68.2417966127396,2515.69998642802,530.025046795607,4759.86521065235,814.308664917946,19.8205663561821,143.550138831139,37.8516436219215,1075.28310272098,191.239706099033,1728.31051915884,11.1990401148796,0,3.01989042758942,364.41316062212,198.955305308104,1085.01200556755,982.644327372313,12097.5983537734,14.9520307183266,36.0941250622272,1519.40822267532,8038.56577712297,660.784935444593,840.366035759449,2.5701060295105,27.0878229141235,31.256529211998,580.630253225565,195.553152024746
0.530175089836121,6356.16050410271,3.27069362998009,0.431435286998749,2.89848649501801,3.64228862524033,6.13371565937996,4.44060683250427,1537.27779814601,13.1609778106213,550.961761891842,11.4091972112656,8936.78005483747,10.0713308751583,49.068583548069,176.327452987432,2.60999071598053,118.796264767647,8.60635989904404,3.43916514515877,11.1807477772236,2285.82986488938,12.4571540355682,1476.17749363184,0,698.508480280638,8635.30092096329,68.3318720459938,18.1197405159473,1.00085392594337,795.933642715216,18.8081535696983,0,441.759462594986,0,21.0592261552811,232.327167063951,171.738680571318,10.119904756546,105.562306970358,0,1817.50675731897,35.5736821889877,192.427645921707,48.0020523667336,28.6250616908073,4.22869926691055,0,163.696492135525,0,366.084289759398,18.3443888425827,2.70096379518509,0,0.853869140148163,9.49266469478607,0,24.0227100849152,0,316.106023967266,0,2412.43654289842,0.48778161406517,3.7825979590416,11.4947015345097,8.98306661844254,86.2183428108692,93.3294072151184,0,0.35506597161293,29.0936134159565,8.2988001704216,51.1403312087059,1301.03310021758,963.50151887536,6021.33973774314,14.7352185845375,2.05531257390976,1.65297877788544,605.8024302423,0,0,46.1805267632008,3.0450781583786
392.093761026859,412.161638319492,18211.4366681874,13.9879643619061,15.774844378233,59.3906213641167,1226.83914375305,827.441001534462,98.2294382452965,741.383594304323,5340.2161038518,544.974262088537,1334.60767123103,2382.02382177114,43.9679798185825,270.884784281254,19042.9450695813,4545.19623702765,2565.25405430794,125.009949713945,620.205692008138,187.397665888071,4719.62483742833,360.684545576572,698.508480280638,0,53162.0913701802,653.639873027802,1648.54086762667,944.068470031023,3056.95366334915,295.656041502953,101.852065235376,3557.13300234079,780.759845793247,11478.8195105791,21846.6586131454,12652.353131637,5668.73900508881,124.778728067875,99.9350375235081,106.001549005508,717.26558354497,2181.61696991324,519.452479526401,351.969636946917,27.4786668121815,13.1218787133694,23.8960682153702,8.3520393371582,1796.00136479735,1847.8030474484,0.653002798557281,17.819232404232,0.439299762248993,57.6369981169701,0.554265201091766,80.0686264634132,0,186.690233051777,3.99350494146347,1790.95052057505,27.2556141912937,23.0535550713539,129.839738845825,438.036919176579,1249.80346247554,1432.6719853878,0,32.5532484054565,117.559968858957,451.585022598505,129.432554364204,1009.20288550854,11096.1396466792,38567.3936387897,45.8776291906834,13.7392112016678,67.7478531301022,2712.14044085145,0,0.856481969356537,372.143921613693,722.101863026619
324.961133956909,15193.4356188476,23447.2703385949,2.95903143286705,104.616024911404,26.0417944192886,804.976014018059,588.122013121843,3898.51879370213,118.328881889582,333.039374351501,131.561178982258,2539.62867608666,1794.25569532812,257.689906150103,16978.7104405165,19467.7973786891,1268.58813643456,1801.28839817643,31.2849266529083,1657.07823324203,10909.3804045916,31236.5446389616,13810.407227993,8635.30092096329,53162.0913701802,0,3721.63892963529,967.760878682137,883.593747347593,2434.28392237425,17.7055541872978,64.5871885418892,4638.61511035264,3773.43874886632,32662.7690924108,22557.8180803061,20643.4516901374,16406.3423909843,534.031519591808,177.140067756176,84.5836715102196,4522.51263892651,2117.17995619774,2413.34691306949,1439.45638522506,197.149885296822,48.6171931028366,44.4842895567417,58.225927323103,10819.0535430014,15709.2630772293,10.2067024111748,47.2430598735809,0.920336782932281,882.302001923323,32.475394308567,205.782877266407,29.724341750145,96.1829071342945,1.06018927693367,1297.26449787617,475.775771230459,78.2553595602512,5479.00305739045,1315.33299452066,1010.03074878454,1972.84342634678,1.84889400005341,684.115543723106,3160.25992172956,13962.8866135776,2844.34321558475,1675.99928861856,15668.2154491544,150318.643859148,1430.04202973843,113.693046122789,571.824104934931,1475.52134570479,1.6839964389801,9.0918048620224,1145.82073649764,2277.18265241385
131.167889416218,188.525757461786,4027.59612810612,5747.30133870244,530.617071390152,1328.44884777069,52121.4734083414,2400.75894127786,9297.554990381,11509.3168289661,452.177254974842,829.363430351019,2107.80099362135,2371.0197339505,2144.02291995287,3139.18297085166,602.006089836359,290.277799487114,422.906459242105,1289.6424061954,38574.8248861879,749.816683888435,18851.2988844514,14702.0498529375,68.3318720459938,653.639873027802,3721.63892963529,0,4343.24677395821,12013.8002091944,4.11044856905937,226.386649042368,717.248387783766,2639.76480323076,4162.70785114169,18005.4011003077,1092.41108807921,5252.70720651746,2543.97325669229,3559.9435673058,564.316852450371,30.1567367911339,5037.29595705867,38.3646995425224,2122.79815196991,572.069698303938,2448.12171551585,619.63391289115,139.90398427844,82.410976678133,19.6710241734982,83.7270501852036,3990.69088354707,109.209343969822,189.216196060181,4770.21576195955,1061.70110812783,4754.14258241653,2077.83965590596,5.96182626485825,650.453202813864,4.43594148755074,1947.13275793195,504.667264014482,524.110621333122,10.3714675307274,2.94082701206207,1.10993114113808,1055.63788288832,107.301674515009,334.362540870905,391.442690759897,14634.2833564878,1.29336106777191,2.80091193318367,513.51118645072,12412.6901214123,1070.6587613225,888.594823181629,0,15.6550020873547,30.9927265942097,1429.78511402011,469.07274711132
8193.74685764313,4.45816394686699,1339.91803976893,204.352607101202,16.4546810090542,201.520122587681,10055.2620610595,1309.97112444043,128.184094458818,3595.12878552079,2595.60444292426,1373.65181910992,1359.89377170801,16867.4431656301,86.7626260519028,16.5987282991409,2614.52485331893,1229.82960867882,1296.97832036018,499.976923495531,1062.90981569886,8.31195157766342,3133.07551074028,381.97252368927,18.1197405159473,1648.54086762667,967.760878682137,4343.24677395821,0,13527.1470056772,27.1582513451576,324.866212725639,4512.22804266214,5110.75090418756,139.666377365589,1168.93935015798,271.226553857327,1730.81476664543,219.689757466316,329.989117443562,123.9023860991,38.0530628859997,510.733578771353,22.6822340786457,124.791087806225,43.9281129837036,233.791926860809,32.7524406313896,20.1742677688599,4.74982684850693,0.528831899166107,5.04707187414169,26.840101391077,1.63743078708649,5.85691255331039,312.285956859589,11.5615637004375,189.259619742632,16.0749740004539,14.9321113824844,47.2804487347603,48.4334260821342,41.2948751449585,17.0203112959862,13.2430868148804,0,0,0,4.42140400409698,2.62531113624573,19.6224154829979,9.25580269098282,1033.85173013806,6.36822199821472,3.37041985988617,58.0258731245995,879.60538572073,36.6185636222363,44.9110775589943,17.0446295142174,1.88377463817596,0.497970342636108,50.2349861860275,29.7947278022766
6733.7654068172,2.17760825157166,2987.31818532944,9.99275499582291,212.062158823013,76.7015633583069,24539.9418075085,4224.31021738052,74.7036026716232,243.992047101259,117.273333340883,30.1089007556438,535.009997844696,13732.8788309693,568.63449037075,38.8605662882328,2154.96477210522,129.974193394184,763.290285184979,24.8321834504604,40349.7602887452,16.2106293439865,12551.7602134943,450.981241852045,1.00085392594337,944.068470031023,883.593747347593,12013.8002091944,13527.1470056772,0,1.90654754638672,34.9184422492981,3975.52487361431,7332.84373392165,1487.25342226028,2310.82415774465,255.808973819017,4785.43932533264,1621.49746578932,387.430713862181,139.245559692383,2.31204640865326,1132.73259443045,10.4294408559799,258.953524589539,84.3540027439594,409.159338444471,67.8033818304539,23.6334289312363,18.0263347923756,0,21.1800070106983,15.9375750720501,8.16727110743523,16.0187839865685,303.573234736919,73.675196647644,160.289674848318,24.9167113006115,2.16241306066513,9.74376916885376,0.694842755794525,189.89204543829,36.0603713989258,84.5957823395729,3.598628282547,0,0,5.28067064285278,16.6206997036934,56.6083421111107,13.8183651864529,1333.66315129399,0,2.47778153419495,66.2243983745575,1179.95440012217,116.997128605843,152.166210144758,0,6.785779774189,8.83060652017593,108.816840291023,239.610063493252
