0,0,0.039634990464419,0.000443042519930452,0.0013907797091075,0.0278450670116673,1.38700140069546,0.291311815276257,0.000586758645820678,0.014548905501028,0.00228574619271389,0.00465719860254373,0.00133377259563793,1.14906717653173,0.00153514679929933,0.000195484494653687,0.0188748880216918,0.000367523147941231,0.00294999993751173,0.00101177939060065,0.0271518356328045,4.09879328062534e-05,0.114063619625835,0.00628095234194413,1.95863501847386e-05,0.00538359253546351,0.00554953302226864,0.0518170557181013,0.81332183281148,1.48763637158348,0,0.0126560421592247,0.0032577923220925,0.0173917002296476,0.00380719230153158,0.010612264746175,0.00297392675182872,0.00796933730678201,0.00883407472599879,0.00295824927209762,0.0016714120117851,4.61886880442202e-05,0.000806773471411642,7.36582080905736e-05,0.000219521575348303,2.93775914163887e-05,0,3.6805057894513e-05,7.42817692226171e-05,0,0.000157838568242863,4.86082519557476e-05,0.000129497616963551,0,0,7.92943816025852e-05,8.18409515898671e-05,0.000237023443847328,2.654419039011e-05,0,0,0,0.00025702093917638,0,0.000294093253444582,0.000103870564559102,0,0,0,6.13038614545762e-05,0.000183079724642247,0.000134320592963979,0.00165478368996292,0,0,0.00311127169527178,0.000455716943213373,0,0,0,2.94735581196845e-05,0,0,0.000156191987980992
0,0,0.00789835339654751,0.000527074651474446,0.000188910900316357,0.000409905394326031,0.000217704057233423,0.00023839650311628,0.140982610231838,0.000158821275909811,0.0017476948252286,0.000755611034324586,0.055918200823038,0.00036492131311734,0.00143399008140993,0.0269393404566558,0.00529581801118236,0.000260761180153012,0.00246798874859683,0.000538854194328294,0.00182564566844547,0.241638112583183,0.00519300037930992,0.105834351525529,0.0895886679497959,0.0184061017072697,0.724765758585871,0.00157314808169647,0.000487358150378645,0.000707880975304947,0.00301120471130234,3.33489264791757e-05,0.000124798165181667,0.00572401263904384,0.00288774480951542,0.0105484264808053,0.00451247807206799,0.00427720383474845,0.00598324933318609,0.00166582651132539,0.000190718152172982,0.0577403673988768,0.0321098048579097,0.0077676538760678,0.0105287326606237,0.000258819947157264,0.000954640724666803,0.00124460766862569,0.00248034159036234,0.000132228432580129,0.347031399901059,0.00193358148742045,0.000195617990057841,0,0,0.000349561127271145,0.000177085437349588,0.003317317122477,0.000433423830372199,0.00730835430833581,6.88611576266885e-05,0.00906747994367796,0.000487929222626731,8.07270864020289e-05,0.0113557072138707,0.0101292531089179,0.000628572033002228,0.00196814702338244,0,0.00261957370154834,0.0241390773390588,0.00982078010296486,0.00728161847507218,0.00281755929776451,0.0142589780650264,0.298154382388534,0.00180299641881037,0.000855447442854789,0.00112058007884693,0.00370743875620945,0,0.000131712334635586,0.00581334891247122,0.00608168576728255
0.039634990464419,0.00789835339654751,0,0.00284717252738579,0.00492396505350116,0.019739661982251,0.12296631001356,0.141249871376624,0.00217253113144717,0.0206151623259984,0.0306315434228368,0.00101920944463889,0.00685690898199725,0.259501450131632,0.00371935061190708,0.0163965679649409,2.75932076675487,0.0101113635331217,0.142783422307301,0.00270277540106849,0.223994510871409,0.00229061710893996,2.33566615157854,0.0259371342440626,0.00307242392095466,1.29196752192841,3.22752265516902,0.145887978261527,0.199103444476155,0.216345943080707,0.000311440444863126,0.0214396787447996,0.0327303056008901,0.215418172342947,0.0389898251801133,0.309231546475337,0.488373082341272,0.172703264721672,0.197413468938113,0.0109408353996523,0.00829568937713557,0.00381256403547877,0.0830349518326228,0.0159605123249037,0.0263595809657503,0.00294423289928168,0.00431290272658137,0.0022562902504311,0.000954460292283993,0.000487224026242777,0.0567061047074965,0.0397136704979655,4.79559144314527e-05,0.000144598063979134,3.87237723078728e-05,0.00179539645059422,0.000421551117195815,0.000773112348994955,0,0.000398637997713074,0.000262485675481677,3.58349634482414e-05,0.00343462898256024,0.000828294771814582,0.0241545609469831,0.0323096025292852,0.00215877294719556,0.00544654137016894,6.90215001019537e-05,0.00429905459283863,0.00929897743499506,0.0700481835460268,0.00597949078635653,0.000392628239534661,0.0172482130540273,0.790326334439293,0.00226376288118222,0.000668421319058046,0.00352747159514839,0.000832625226174805,2.89632367896139e-05,0.000154296634241954,0.0166956955798891,0.0234422904846306
0.000443042519930452,0.000527074651474446,0.00284717252738579,0,0.0049727672203898,0.0129304048218965,0.0962617551607333,0.0136216890027565,0.417900054424464,0.571547242468179,0.00229425253330374,0.356342287030912,0.0118894958234699,0.00857854759208741,0.0286118935983411,0.00377660720475838,0.0011278271015933,0.000611219682351977,0.000590419205834225,1.99564167530164,0.00211764605106206,0.00389806745597522,0.00414848345729001,0.571074342888752,0.00288675875163906,0.00133510262764077,0.0138148820313432,1.00009964024285,0.00756075777712513,0.00181373890842543,0,0.00616910465412347,0.000543352363440319,0.0145291945779819,0.0175297567543927,0.096634805073789,0.00294050925273664,0.0106786934588343,0.0219705112894042,0.102253777863903,0.0102832171486233,0.000752011134437472,0.0183854473711538,0.000443821534411013,0.00557726035182446,0.000302677647558391,0.006667493863815,0.00547657606793752,0.000442975125338345,0.000221651007946789,0.000716963624547437,0,0.0728670110773683,0.000148867828705654,0.0010559670979781,0.0103720321966516,0.0075192556041971,0.149333987355046,0.0323923302150294,2.61713411355317e-05,0.00201232687047859,4.66460824209451e-05,0.00661413446561976,0.00070524524117373,0.00252287324791581,0,0,0,0.0255417599858607,0.000576965443490833,0.00326528038287316,0.000642972588132098,0.140827424738918,0.000177139285837501,4.04505238073766e-05,0.00185667376345501,0.0536338194956526,0.000964572883514521,3.37046910276115e-05,0,0.000381203310445934,0,0.0026665197207733,0.00357675057332869
0.0013907797091075,0.000188910900316357,0.00492396505350116,0.0049727672203898,0,0.409612029429904,0.0271934881599988,0.0483596272496687,0.038196849105838,0.0661879098932534,0.00734366695688586,0.109638794301568,0.0204029347625803,0.0149259505456207,0.35286299032247,0.0092704905521345,0.0021802096275733,0.00142444170766297,0.00241133678456272,0.0141755320748635,0.0334483090251218,0.000791702797225935,0.0664602866829779,0.0321821357429912,0.00518968366064017,0.00466603505452022,0.0156013286312737,0.0265431032812017,0.00304704496563008,0.00954042529341191,0.000504635677415505,0.0648264801658418,0.000108729711926222,0.00846652417715778,0.457265792650634,0.136819068824802,0.0148282181934415,0.00510553829610357,0.0257160110461745,1.37391682785695,0.410322406592677,0.00226690001410069,0.00579777303306114,0.00172260544738841,0.00160081136459981,0.0004173936707367,0.000392895268929392,0.000497290352352366,0.000563944166853353,0,0.00033357511504291,0.000108370386077941,0.00162986128238356,0.000105510428513616,0.00157176343969131,0.000328399191302911,0.000236371455870628,0.00464626180532217,0.000872242346803785,0,0.000530316387645543,0.000152353701173812,0.000261726426328748,0.000326620264150411,0.00709596376721672,0,0.000115825441848367,9.24539769470691e-05,0.000972689601104823,0.00312987626045903,0.000632305628034979,0.0062385406609281,0.012860023688331,0,0.00124141836913338,0.00502251709932969,0.00626226882326135,7.85265481054781e-05,0.00019510349458474,0,0,7.20696822367012e-05,0.00028451476185973,0.17472688168666
0.0278450670116673,0.000409905394326031,0.019739661982251,0.0129304048218965,0.409612029429904,0,0.424716994615985,2.9862215250477,0.0331844675521208,2.09882099623647,0.024735512781051,0.654567309138789,0.026182707874025,0.412943799755279,0.343366554202481,0.000866074023395348,0.00961278708508331,0.00491186295085059,0.00550552636919634,0.0711333430705273,0.00788417117701657,0.000910708155256498,0.0384596523260163,0.0590515106509342,0.00439066732221453,0.0106962943332849,0.0124776595325925,0.0638986397319231,0.0505493090950091,0.0296243217765152,0.000866719953303666,0.156707531681506,0.000958672247739793,0.0344033523741428,0.633361612769222,0.214881820736893,0.00798201227481438,0.0135078919992194,0.0207314036954378,0.791190227215336,0.0558955125466409,0.00397534697941756,0.012084843104804,0.000294471361801609,0.0028091245894639,0.000191700975599199,0.00272956591810261,0.000956135923582661,0.000736962193486959,0,0.000287317445823669,7.33587297840565e-05,0.00497375916610032,0.000114627333420396,0.000534351124740571,0.00203086902893633,0.0015894494289812,0.00787752106580283,0.00281346929583287,0.000176702542006343,0.00112927182492855,3.93670261342824e-05,0.00270796929246278,0.00116844348119483,0.00417352751878131,0,0,0,0.00152546337534235,0.000515845577988699,0.000995326836743699,0.000364357672160327,0.0335230793461226,0,0.000143139009192496,0.00193307727409413,0.0108229980299421,0.00029112672925964,8.52092217204867e-05,0,0.000159378413919687,6.93915030404031e-05,0.000840871544210348,0.0724104360765221
1.38700140069546,0.000217704057233423,0.12296631001356,0.0962617551607333,0.0271934881599988,0.424716994615985,0,1.41899666191617,0.05446357347206,1.70399323034328,0.0627769507451088,0.0344099056379749,0.08190438273443,3.40352793453218,0.0505342965319761,0.00530248540003437,0.0433077310109261,0.0126697791731489,0.0219918303583653,0.0661202707767159,0.098196341272909,0.00151964974741146,0.250460706913244,0.644825571652367,0.00488750478572248,0.0473002992765344,0.176712353984373,6.1462184080414,0.494945571429535,1.22925824211548,0.00187427027423512,0.137792178182633,0.0203037673677184,0.264303974080726,0.160157156225241,0.624226798952579,0.0533970727096474,0.162670500912403,0.198602714775212,0.217561616320713,0.108169012714101,0.00888420729146124,0.0221352671367127,0.00147966338422354,0.00768508905226541,0.00115119981714865,0.00415808762700434,0.00349800022397097,0.00286158321939591,0.000188000937135547,0.00178384992887787,0.000572834812325776,0.00770928967356878,0.000185832775117516,0.00043944083825852,0.00324334824828708,0.00409147829583947,0.0144449094080261,0.0062769375948859,0.000171862637915254,0.000210461349357038,0.000209104641652197,0.00603929526794285,0.00150036070334462,0.0218986078783332,0.000687837001494735,0,0,0.00333463872655764,0.00287495099984035,0.00288656586038126,0.00682740385110456,0.0599065042039674,9.84233828063904e-05,0.00011085265292652,0.0330908089195377,0.0212996110514372,0.0013030160866257,0.000136716823438659,0,0.000507212372050047,7.3900798660934e-05,0.00214315968208137,0.0207909131792822
0.291311815276257,0.00023839650311628,0.141249871376624,0.0136216890027565,0.0483596272496687,2.9862215250477,1.41899666191617,0,0.0414962712890061,1.12276634572349,0.0299065953254491,0.378004097363936,0.0207866711604635,2.53473190166146,0.107369881079444,0.00248825548863524,0.0651149626027287,0.005718995947852,0.0172801273077995,0.0659984349071013,0.0518978684368546,0.00157703388654843,0.262065808834341,0.142017768445997,0.00404154190602028,0.0321663494563572,0.0395042954063456,0.156354335691644,0.252831175130965,0.215854448563406,0.000987288740124744,0.205054812317712,0.00353031287574919,0.0566236711002295,0.0191749054418197,0.170623546992892,0.0221464724273433,0.0285173060010338,0.0324059205846585,0.212887910957197,0.0198118666080176,0.00235774364570669,0.028329926632155,0.00097484556413878,0.00554823500451287,0.000897099917843897,0.00354804842816428,0.00525030622432524,0.000703867299587399,0.000205024111552462,0.00099070716352585,0.000315536316470608,0.0112238715615674,0,0.000275673872444615,0.00436566066231588,0.0044505097705711,0.0128487759685238,0.00686703124707096,0,0.00182332218926629,3.62422930762768e-05,0.00827505050736595,0.00110952907716283,0.0040843226457423,0,0,0,0.00410105947712497,0.00169208742743677,0.00241144102691881,0.00161633948196272,0.0904494390184075,0,2.77013404651731e-05,0.00946396312800551,0.0248149694684968,0.00123833619462994,0.000239181114897937,0,0.000268915353810906,0.000252821635527685,0.0020346470630443,0.00501199737821261
0.000586758645820678,0.140982610231838,0.00217253113144717,0.417900054424464,0.038196849105838,0.0331844675521208,0.05446357347206,0.0414962712890061,0,0.118135333894632,0.00302701244971766,0.322459422374353,0.0600544002018377,0.019952674370811,0.247020986911828,0.133720582548928,0.00133457113938801,0.000583628635501906,0.00103116727946398,0.343596865029649,0.0149867390218446,0.828810359351542,0.0478585378279335,2.75437071373187,0.0817318549414889,0.00892959887139731,0.533770818225838,0.273654175719457,0.00543588215005428,0.00210782247667789,0.00523006397985594,0.0121253231971603,0.000198598207883298,0.0111404418094791,0.0162764801011353,0.136717099803699,0.00622740367734505,0.0094114805540632,0.0117364885250385,0.559914628967836,0.00718156961877719,0.0207356548093033,0.128288626590092,0.0118925075868308,0.0235266432829668,0.00317664112777789,0.0142987806524315,0.013329644597571,0.00334526986710546,0.00121786904806045,0.00807213967204973,0.00168572061773923,0.0435825488413111,0.00147945696275008,0.00180619628417315,0.0253055466321831,0.0200498232622306,0.320201670876519,0.0297092583443023,0.00641698870743543,0.00224867645919644,0.00808704586139417,0.046628042153819,0.00419906992619286,0.340246116512428,0.00241274666662797,0.00223797350477621,0.000566752212060272,0.00974733733649151,0.0151965435145264,0.27592487222219,0.0498712502040133,0.540275603361024,0.00510540630103032,0.00433257347435193,0.169187578565156,0.0973960093826025,0.0129010462490469,0.00348345411177513,0.00328644743040753,0.00375462029561023,0.000856726585040432,0.0100498953661392,0.034617818429009
0.014548905501028,0.000158821275909811,0.0206151623259984,0.571547242468179,0.0661879098932534,2.09882099623647,1.70399323034328,1.12276634572349,0.118135333894632,0,0.0562675300833596,1.41147422374921,0.10461699266942,0.642694219810605,0.0876702440513434,0.00397010181120695,0.00961369493509004,0.0125560699196768,0.0117806623095267,0.933338410034957,0.0151749114892483,0.00149091987222779,0.0364375556831108,0.180412844333622,0.00967089056706774,0.0237369676857047,0.0538205850101545,1.05411449549649,0.0989456772991751,0.0141388259378034,0.00211837170051989,0.199793818049214,0.00187488200749367,0.164500448763844,0.100260237465223,0.780402283697583,0.0266773728651845,0.0774290583349673,0.098546162697379,0.400227903462822,0.110782327652476,0.00877608311399829,0.0354486603564166,0.0013857503797273,0.0108007395382013,0.00127209758954075,0.00951265689882308,0.00691380409270017,0.00276842589140381,0.000167299135180056,0.000909207581478924,0.000234819314743668,0.0513835183914408,0,0.00128232343419199,0.011887996277907,0.00851604447142157,0.0566622928046397,0.0245833786025761,0.000118088163300156,0.00386609399928152,0.000221499624330983,0.00973677037878357,0.00141137714386848,0.0196387599778781,0,0,0,0.0152532032049242,0.00183120416521859,0.00370149524183982,0.00457657377810639,0.172277663500906,9.4236370068252e-05,0,0.00518062944278191,0.0561718041445885,0.00117946052455707,0.000214789429517359,0,8.73219191604253e-05,9.97309495669007e-05,0.00247637300401473,0.00959613575326931
0.00228574619271389,0.0017476948252286,0.0306315434228368,0.00229425253330374,0.00734366695688586,0.024735512781051,0.0627769507451088,0.0299065953254491,0.00302701244971766,0.0562675300833596,0,0.0229338333440883,0.593444427823989,0.0640939714334216,0.00263720163643023,0.00407250581932487,0.1488584129716,0.820934879979625,0.147307169250209,0.00588946721610579,0.0286673718746133,0.00181946923734866,0.0705268389940496,0.0162207481849571,0.0063888664322235,0.651999561759406,0.123127749223911,0.0255964642502686,0.219311457685943,0.0379895936322465,0.114945745047288,0.227444182184157,0.00365904411869033,0.966481236289666,0.0104928866682679,0.058575759652891,0.354101570964358,0.682236690501417,0.0990589134785644,0.0100968449739015,0.0119112199477298,0.073695373902014,0.00238544715609069,0.0263282947786426,0.00796650093914069,0.000158105089204728,0.000219159827634543,0.000115117678332403,0.0197285991776611,0,0.00497594686646703,0.000226975446288571,5.55412243465185e-05,0,0,3.95589867783487e-05,0,0.000979426631640611,0,0.0546184863223949,5.8350179739058e-05,0.0846637798069204,0.000335691339735851,0.000193076427226365,0.00134200872458806,0.000650909352265194,0.000397654146072179,0.000285243005687043,0.000123447944535434,0.000184740261840224,0.0020981811051124,0.0019639639963948,0.00414583543451803,0.00212284960495058,0.0114076334896251,0.0337329137569007,0.000632038791572362,0.00127697948246921,4.21101939457357e-05,0.0387799517539222,0.00174124601257324,0,0.0112541800799411,0.00205172962764038
0.00465719860254373,0.000755611034324586,0.00101920944463889,0.356342287030912,0.109638794301568,0.654567309138789,0.0344099056379749,0.378004097363936,0.322459422374353,1.41147422374921,0.0229338333440883,0,0.0283206397903724,0.0825374200472929,0.610798212168668,0.00146425117026067,0.00102120875474054,0.0042154200512556,0.00419826885616699,1.09145692474542,0.000651997591528714,0.00483364938402982,0.00326027729453026,0.317081968019493,0.00367692472654788,0.00585332384499883,0.00961679737767952,0.0581923302122711,0.0304574437370596,0.00354572050927669,0.000614958529677808,0.100682223832729,8.72635492516754e-05,0.0401167383985992,0.10042591722357,0.195972822138133,0.00567744018859676,0.0147448976159621,0.0179652816109469,0.7554343048084,0.0245649253880927,0.00250267533470672,0.00775786539943987,0.000138803465964049,0.00263959871353643,0.000141079610951394,0.00235697766889745,0.00184109770359667,0.000749201500377848,3.92978020917773e-05,0.000266788020767778,0,0.0214715457551715,0,0.000493866081973315,0.00335985841528721,0.00197474398747325,0.0418631004873707,0.114336557586986,5.57209190477132e-05,0.0261628492398827,0,0.00296100263126427,6.81717317407131e-05,0.00386774529616613,9.4240657700762e-05,3.89386759849787e-05,0,0.0208923872409918,0.000222753013484091,0.00122931276873707,0.000999800639664621,0.0512057874100472,0,0,0.00220768780913668,0.0169256848459681,0.000195505710376859,0,0,0.000636265600531146,0,0.000655092883146122,0.0458983488593104
0.00133377259563793,0.055918200823038,0.00685690898199725,0.0118894958234699,0.0204029347625803,0.026182707874025,0.08190438273443,0.0207866711604635,0.0600544002018377,0.10461699266942,0.593444427823989,0.0283206397903724,0,0.0132923099728006,0.0151481828739155,0.0359521570466132,0.00460086362370314,0.00618572037634371,0.00492254547035526,0.0189309037977545,0.0375099667006664,0.0713559479802415,0.0734563626808658,0.114264942457349,0.608962627098476,0.0721541429589922,0.356677139903569,0.0884579118368298,0.0116769112857055,0.0328413641033031,0.220188557089638,0.0403665502704505,0.000373020110718936,0.073023327461167,0.0211792219139215,0.217926832683777,0.54779635283177,0.307998045915324,0.104588479230022,0.302011561852808,0.118292262025308,0.684744549946995,0.0855115721619894,0.209773872475819,0.196900016201803,0.0100080379200722,0.169093147347272,0.0460592275042694,0.166621653460233,0.000121096120224029,0.0510450607865148,0.0003683743258418,0.0277232200836378,0.00192921193593478,0.00176503666675311,0.00328538334397489,0.00433661275783547,0.0478713168590086,0.0142694350809366,0.511016032109579,0.0054391481593551,1.02829125233193,0.0131073605929769,0.00188909583384445,0.00964723801823468,0.000357174178554416,0.00523496627365312,0.000235881272113681,0.012061337579321,0.00191745367008843,0.00921456075797082,0.0037029930714418,0.0555750972039861,0.0694612414853199,0.135054347381886,0.227821282725105,0.0188802911763362,0.0159900112660801,0.000392431712073967,0.474144778646113,0.027438099267533,0.000157503150088191,0.111742134200318,0.0113800896657472
1.14906717653173,0.00036492131311734,0.259501450131632,0.00857854759208741,0.0149259505456207,0.412943799755279,3.40352793453218,2.53473190166146,0.019952674370811,0.642694219810605,0.0640939714334216,0.0825374200472929,0.0132923099728006,0,0.0245071673964541,0.00290122581160351,0.149188287590817,0.0114018948714304,0.0369581233517627,0.0202518955237877,0.117201029566441,0.00113995130972455,0.537260635767594,0.117992205353709,0.00108341166168806,0.0672485784835542,0.0661134279308599,0.219728592741395,1.53771253695141,0.746898961634958,0.0024309967939588,0.178470836797148,0.016080753233811,0.166179147574168,0.0154640380118394,0.0940475588866009,0.0313586953883023,0.0501093125282801,0.0432601755259624,0.0438501881716273,0.0122137995971232,0.00182148143077594,0.0164107068927753,0.000764819259675399,0.00354405770001935,0.000490712104946404,0.00218632318549883,0.00219234516195454,0.000292491117932409,0,0.0014977800842439,0.000910513360780143,0.00389903353289394,0,2.78490810687095e-05,0.00185830918883601,0.00213139633190637,0.00729789290038275,0.00343859703210262,4.51610044968128e-05,0.000339405484941721,0.000147745992016822,0.0038147409293773,0.00101738427279356,0.00344462654879929,0.000498928854433134,0,0,0.00204949199871236,0.00141432315369523,0.00249698384188315,0.00154968801101947,0.050944174843173,4.9314910084188e-05,0.000202683071011335,0.0218020352388214,0.0166644012533159,0.000324429404236615,0.000226425483083546,9.0797920313716e-05,4.03570901892483e-05,0.000183859978427917,0.00157693134653452,0.00287691903678121
0.00153514679929933,0.00143399008140993,0.00371935061190708,0.0286118935983411,0.35286299032247,0.343366554202481,0.0505342965319761,0.107369881079444,0.247020986911828,0.0876702440513434,0.00263720163643023,0.610798212168668,0.0151481828739155,0.0245071673964541,0,0.0145897499490861,0.00231499863474239,0.00119436118923371,0.00181530931681891,0.0490194591651874,0.0374946395016721,0.00873333746976267,0.0449704223118448,0.150723915341504,0.00206179944014676,0.00541754259755371,0.02323791161751,0.0729737857264709,0.0036030782916171,0.0322317332237194,0.000227722018666714,0.0182895397414016,0.000128280440033346,0.00409987685547128,0.44415656288594,0.0599994107315602,0.0183866273485026,0.0440164867563245,0.0174040067801896,0.474932468922944,0.00458216736696126,0.00525708330302831,0.0047071107600894,0.00253499334318834,0.00257574084172434,0.000420761475560456,0.00048193997880651,0.000680101018408001,0.000507400682872474,9.33155164370534e-05,0.000655688491819531,0.000275457518371969,0.00711590992671493,0,0.000450461268146813,0.0012656085335162,0.000751116968992114,0.0197805738907252,0.00366835874723691,7.3854531270206e-05,0.000403079596859485,0.000117906739019304,0.000755590619837135,0.00057851240495798,0.00761167788126294,9.14808954577147e-05,0.000395977892851174,0,0.00230512660262055,0.00230055418188211,0.00165482622581959,0.00488266571464417,0.0224040472791585,0.00015250427447474,0.000847501159224214,0.00594555280635624,0.00815749107338929,0.000565947862188458,0,8.27641476439091e-05,0.00016562545817022,0.000306786788355738,0.000204699048177839,0.0982854597940729
0.000195484494653687,0.0269393404566558,0.0163965679649409,0.00377660720475838,0.0092704905521345,0.000866074023395348,0.00530248540003437,0.00248825548863524,0.133720582548928,0.00397010181120695,0.00407250581932487,0.00146425117026067,0.0359521570466132,0.00290122581160351,0.0145897499490861,0,0.010765891974075,0.00236417783637759,0.00929480081562344,0.00275277929442969,0.229554796999098,1.10679653537809,0.337474838630422,1.03279030701825,0.0243734520360714,0.04322361476552,1.00441808275747,0.107683408055613,0.00230973915777829,0.00849756166342171,0.00120891535237317,0.00048619237737298,0.00114707894380899,0.0373214851196994,0.101325750812426,0.37974952895701,0.163486771399033,0.101065296199132,0.169098987938033,0.0219394826553196,0.00939222706171049,0.01175062079558,0.120952468544274,0.013161451746364,0.0271903553828065,0.00448718575234177,0.00897244560411633,0.00727398645515741,0.00232827462489636,0.000198993373708993,0.00738418605784571,0.00472582657106848,0.00367366107101885,0.000398218958240613,0.000365742053139687,0.00350020165656461,0.00170989257387006,0.00755003515838291,0.00258806697941548,0.000859523810160442,0.000377057530705244,0.000827167258382023,0.00368937062287666,0.00249615135796954,1.0657133101118,0.00317737643519037,0.00109358689003174,0.00118003523527785,0.000962611701338185,0.064549677579246,0.27943848868243,0.216614845394577,0.168291015404882,0.000333699746918767,0.00370454319699561,0.25667833875152,0.0455263337206243,0.00140399966042662,0.0094733473483005,0.000520274012355566,0.000574930506771997,0.000263961792276561,0.0060389598441137,0.0406547458025302
0.0188748880216918,0.00529581801118236,2.75932076675487,0.0011278271015933,0.0021802096275733,0.00961278708508331,0.0433077310109261,0.0651149626027287,0.00133457113938801,0.00961369493509004,0.1488584129716,0.00102120875474054,0.00460086362370314,0.149188287590817,0.00231499863474239,0.010765891974075,0,0.0533562507211572,0.983383617075541,0.0013496523567463,0.218923600333008,0.00250484971594819,1.41033886490588,0.0142918015511071,0.000674603208998784,0.784834963982764,1.27375001237718,0.0688835052712242,0.226272252197223,0.392240656783139,5.10229267405272e-05,0.0152658311451864,0.0682309409041591,1.27970912414495,0.0236842010782391,0.154018497461696,0.168183501791736,0.0743559164432533,0.116060613724987,0.00507663296618563,0.00570237991921017,0.00124668669373725,0.0296921736449692,0.00615128549173954,0.0106784437547434,0.000854091254931763,0.000961976580167829,0.000696155167449534,0.000413851450742304,0.000186414766188361,0.0439252777294529,0.00385906318307148,3.65105186501145e-05,4.4198232391715e-05,0,0.000351579648871765,5.09022828849554e-05,0.000768878864585025,0,0.000117229735691681,0,0.000208761301931903,0.000526416606564261,0.000429867213102519,0.00619029240894814,0.0154236516459042,0.000921825303148432,0.0019002375227013,0,0.000915632649865523,0.00369841722105131,0.0089406903944998,0.0019129648638584,0.000487952662743688,0.0153169796389561,0.257418808609725,0.000598947036791786,0.000123771346424088,0.00107658409605544,0.000679229582635462,4.40670975687205e-05,0.000110092548062921,0.00718237307094722,0.0113363658647728
0.000367523147941231,0.000260761180153012,0.0101113635331217,0.000611219682351977,0.00142444170766297,0.00491186295085059,0.0126697791731489,0.005718995947852,0.000583628635501906,0.0125560699196768,0.820934879979625,0.0042154200512556,0.00618572037634371,0.0114018948714304,0.00119436118923371,0.00236417783637759,0.0533562507211572,0,0.408904374904695,0.00142011219980501,0.0126332016480407,0.000260827621433497,0.0301899157467316,0.0052713192734462,0.000754042493967936,0.147576027243033,0.0790881662918446,0.00900771214416092,0.0310933201753585,0.00963102869275897,0.00684659383247513,0.0302820437274205,0.00147693825896942,0.119244640311112,0.0148471102558511,0.109962668340501,0.198390432285156,0.237728482306132,0.171551573883215,0.00259207255652382,0.00382418681531551,0.000368436502187669,0.000865212352257564,0.00275927840789185,0.00063748819090949,0,0.000269935190695747,6.89413175153732e-05,0.00132945565106528,0,0.00073384851884377,0.000222455800427571,0,0.000118033034650922,0,0,0,9.45317831816375e-05,0,0.00409478034258941,0,0.00740880268845248,0,0.000227028080439061,0.000478226882243425,0.000112270397542864,0.000539083468043208,0,0,0,0.000775796763303221,0.000399422893218428,3.9972024927169e-05,0.000513019288213164,0.015664879055548,0.0212477535366882,0,0.000135518524348363,0,0.0194058068319191,0,0,0.000501262488650873,0.00537672325336826
0.00294999993751173,0.00246798874859683,0.142783422307301,0.000590419205834225,0.00241133678456272,0.00550552636919634,0.0219918303583653,0.0172801273077995,0.00103116727946398,0.0117806623095267,0.147307169250209,0.00419826885616699,0.00492254547035526,0.0369581233517627,0.00181530931681891,0.00929480081562344,0.983383617075541,0.408904374904695,0,0.00154026583757296,0.0716156448832996,0.0014768133365605,0.183784481181836,0.00823915125666749,0.00070876336735177,1.29451195022623,0.357540976724757,0.0259597705876741,0.0744538477924242,0.0789701051186122,0.000882859133202313,0.0237415385663909,0.0218168819574093,0.8888479833752,0.038312753425144,0.31222556116907,0.205468890393325,0.235650816197023,0.318972900539824,0.00742359822555509,0.00585120027526682,0.00290595942598831,0.0073878099403295,0.00245520931349915,0.00254600561772269,0.000275659865573138,0.000537375474084765,0.000461314934325129,0.00014904821115309,0,0.00984804489026122,0.000702870539653182,0,0,0,0,0,0.000173348653262481,0,0.000441324627419665,0,0.00226287436297333,2.30068209360391e-05,0.000911964436121525,0.00137860342065442,0.00308987377722554,0.000678973470928594,0.000377077162115291,0,0.000110067712025374,0.00224361984240595,0.0023004794944561,0.000544526166961506,0.000799718243614706,0.0106464872942341,0.095251256630549,0,8.33958800184276e-05,0.000233777029639914,0.00666165973968423,0,0,0.00169036451642123,0.0141233050724182
0.00101177939060065,0.000538854194328294,0.00270277540106849,1.99564167530164,0.0141755320748635,0.0711333430705273,0.0661202707767159,0.0659984349071013,0.343596865029649,0.933338410034957,0.00588946721610579,1.09145692474542,0.0189309037977545,0.0202518955237877,0.0490194591651874,0.00275277929442969,0.0013496523567463,0.00142011219980501,0.00154026583757296,0,0.00236430749810715,0.00390486164889171,0.00488695409164521,0.516524747796426,0.00333349364268397,0.00240892829268475,0.01184555979717,0.510844291152813,0.0119624891103227,0.00275853807062568,7.61573122382313e-05,0.0195569146864505,0.000630060288631767,0.0185977277423613,0.0227860549303972,0.147048703257444,0.00400802263410318,0.0137558479753536,0.0183636281472502,0.180192021324485,0.0131596673172415,0.00155722888980357,0.0193454883723717,0.00106630489546062,0.00500095160158412,0.000316006117517159,0.00624230273047109,0.00399811506842552,0.000987360134086086,4.96179542301297e-05,0.00100312473288071,7.07627419381142e-05,0.0744362210355631,3.04983976207524e-05,0.00115236698153533,0.00917882206991726,0.00778634301928914,0.115204190109189,0.026579188302828,8.14770748134855e-05,0.00130805708045453,0.000115836722702563,0.00892864291206562,0.00128935350591106,0.00490528820346016,0,0,0,0.0151518332993186,0.000569799354631394,0.00364163907941463,0.000961281693168133,0.150166366075264,0.000120025067807183,0,0.00252313163849141,0.0502370916830156,0.000922972436642097,6.59259724264294e-05,3.92794167962074e-05,0.000487550628534734,0,0.00184867522132412,0.003244877317003
0.0271518356328045,0.00182564566844547,0.223994510871409,0.00211764605106206,0.0334483090251218,0.00788417117701657,0.098196341272909,0.0518978684368546,0.0149867390218446,0.0151749114892483,0.0286673718746133,0.000651997591528714,0.0375099667006664,0.117201029566441,0.0374946395016721,0.229554796999098,0.218923600333008,0.0126332016480407,0.0716156448832996,0.00236430749810715,0,0.0391201737366495,3.96701287683208,0.0947401485460152,0.00720880200028774,0.0833502779518257,0.292773615918136,0.492781913804379,0.14123355059767,2.61510404126123,0.000335745088353023,0.00940541071228491,0.0385276112479609,1.02063431297053,0.341364027261989,0.851262074887892,0.240324962862107,0.584972838500172,0.713139237071374,0.0600923760716708,0.0464740546671872,0.0146104433959462,0.0497891002183028,0.00700953683516548,0.00758266116596112,0.0021682171489499,0.0024468131371464,0.00231979662489916,0.000633359091852396,0.00010587097777848,0.00453822580691443,0.00103365923150468,0.000787567957871003,0.000209730472573817,0.00017526614198947,0.000378975437073514,0.000154751270824343,0.00262637055919779,0.000108376169501781,0.00014321065283069,0,0.000205691416069224,0.00116965679721296,0.00172950804999464,0.162467806649059,0.00122280890687512,0.000152241219481558,0.000127853220239252,0.00012071689740032,0.0329449463546507,0.0641618237876106,0.0235607873848283,0.069501389464335,7.61338789306432e-05,0.000673775945601195,0.0659917831366713,0.0227714496947224,0.00051323617114678,0.00454936237626088,0,0.000390902693293422,0,0.00155978939629886,0.0777251744475805
4.09879328062534e-05,0.241638112583183,0.00229061710893996,0.00389806745597522,0.000791702797225935,0.000910708155256498,0.00151964974741146,0.00157703388654843,0.828810359351542,0.00149091987222779,0.00181946923734866,0.00483364938402982,0.0713559479802415,0.00113995130972455,0.00873333746976267,1.10679653537809,0.00250484971594819,0.000260827621433497,0.0014768133365605,0.00390486164889171,0.0391201737366495,0,0.171891990218945,1.20435259059716,0.0946986521644555,0.00888911906162988,0.830258742668011,0.0208758574984008,0.000613766688138858,0.000470722419963285,0.00574995337409797,0.000837776438715682,3.51232663869411e-05,0.00579078738566367,0.00542763585698642,0.0211776313724945,0.00926049725877434,0.00907213940176748,0.0100336426377472,0.0149577073508993,0.000838967086345319,0.0330824872501628,0.0508026086165738,0.007634876015953,0.00929847548464895,0.00145917571194691,0.00270420243593357,0.00318133883863117,0.00283455011179144,0.000144461992363811,0.00440878572003749,0.00111976670883134,0.00172237977128997,0.000212774305791736,7.30041704938859e-05,0.00296897188289557,0.00204056508881188,0.0204936541459049,0.00160530829440673,0.00715669653599511,3.77695391511619e-05,0.00854231322511637,0.00894232230284187,0.0011817108915442,0.220974549761338,0.00108389282303144,0.00044006152356717,0.000443681447537929,0.000462023031500161,0.0147817627642658,0.148040500673536,0.0362067621715704,0.0972192324346242,0.00678879093985918,0.00208257509197591,0.102598847372675,0.0194221689187729,0.00315872589428034,0.00248223404558009,0.00284145738335483,0.000747221932905943,0.000268216099736064,0.00401523488934771,0.0112546291192224
0.114063619625835,0.00519300037930992,2.33566615157854,0.00414848345729001,0.0664602866829779,0.0384596523260163,0.250460706913244,0.262065808834341,0.0478585378279335,0.0364375556831108,0.0705268389940496,0.00326027729453026,0.0734563626808658,0.537260635767594,0.0449704223118448,0.337474838630422,1.41033886490588,0.0301899157467316,0.183784481181836,0.00488695409164521,3.96701287683208,0.171891990218945,0,0.175374289116775,0.0284281470186004,0.282997123688363,2.06736581223854,0.515989261815484,0.475482468905369,1.14404215681915,0.00146198111738854,0.0356032643791817,0.0801863912176918,1.79700167576099,0.550650431777279,2.20024331985184,0.973626284598078,1.58552488877192,1.68908228457305,0.111721427189196,0.0830054296624198,0.0333573170423388,0.119927072699623,0.0192418902506555,0.0382501983149479,0.00659514324518283,0.0112344921793707,0.00660556183582532,0.00284001858870995,0.00015003903218288,0.0118454398569492,0.015352883781051,0.000906207936524481,0.000689818505097151,0.000316067944315433,0.00221358472018671,0.000717505171372712,0.00362688547667445,0.00140655973566188,0.0010381157885644,0.000508365595389143,0.000489511849297494,0.0017457786007744,0.00599436483775038,0.975730011530001,0.00790680922750991,0.00133313427406427,0.00156055421324561,0.000489591648289635,0.0314582526649197,0.16969134647478,0.303963411598638,0.0732333795470353,0.000742594124762252,0.00620851815646912,0.525590765814034,0.0162438650521011,0.000497592749608278,0.0044214368462002,0.000375489444306507,0.000296312131640911,0,0.00770976555651652,0.163554878634703
0.00628095234194413,0.105834351525529,0.0259371342440626,0.571074342888752,0.0321821357429912,0.0590515106509342,0.644825571652367,0.142017768445997,2.75437071373187,0.180412844333622,0.0162207481849571,0.317081968019493,0.114264942457349,0.117992205353709,0.150723915341504,1.03279030701825,0.0142918015511071,0.0052713192734462,0.00823915125666749,0.516524747796426,0.0947401485460152,1.20435259059716,0.175374289116775,0,0.0776603127658678,0.0515897575077348,0.757270811029566,2.11815418690481,0.0489299627376772,0.0830815536110212,0.00229770437935636,0.0456000756930294,0.00521790163245043,0.0774031596829472,0.166449968565,0.652086877029218,0.0718690554883662,0.0717968390256469,0.103783771553118,0.380105159470967,0.0410656843142799,0.017383510121816,0.538887474723016,0.0337209032765762,0.0992508985955018,0.0141204456142076,0.0738609250767807,0.0682990692466023,0.0113322620829487,0.00427178421732035,0.0122303543596047,0.00150802648183975,0.170118326649458,0.00254645368553404,0.00660627558931598,0.0762696548990652,0.0979076766615753,0.297710645830505,0.107021510434108,0.00508389895302391,0.00482773790547028,0.0029424127028151,0.188296557044922,0.0209558489550802,0.211555290858566,0.00217985162047276,0.00137143648516347,0.000491822116031542,0.0549964197421999,0.0757897817339021,0.138410211868625,0.039802925113443,1.56834065209088,0.00088083511190155,0.00285882099670096,0.116081620107735,0.486529888228246,0.0522376651699652,0.00867973717879969,0.000713385675795317,0.0194780066184943,0.00513600518450542,0.0423117917123214,0.113572097224169
1.95863501847386e-05,0.0895886679497959,0.00307242392095466,0.00288675875163906,0.00518968366064017,0.00439066732221453,0.00488750478572248,0.00404154190602028,0.0817318549414889,0.00967089056706774,0.0063888664322235,0.00367692472654788,0.608962627098476,0.00108341166168806,0.00206179944014676,0.0243734520360714,0.000674603208998784,0.000754042493967936,0.00070876336735177,0.00333349364268397,0.00720880200028774,0.0946986521644555,0.0284281470186004,0.0776603127658678,0,0.012350527497135,0.601019351840192,0.0194081215065845,0.000649343581051827,0.000909743916867334,0.0289856439571116,0.00681080542014131,0,0.00297277696268125,0.00160815701197307,0.0135786545005598,0.0098136042176936,0.00227040734969908,0.00371825783306441,0.0856380821525342,0.00565927323089559,0.266809709755695,0.0594013900821466,0.0155236777271306,0.0162929311115353,0.000258185468337357,0.117259818213916,0.00523321671757774,0.0411556832663929,0,0.059232344391553,0.000147912984975546,0.0207116214624125,0.000910914758313123,0.000747519411527842,0.00124020681220217,0.00253101359628539,0.0304709154965646,0.0101070292269286,0.0540880187327167,0.00283539242389392,0.136078808817723,0.00559953983457923,0.000393917010167688,0.005079002653741,0.000786717090931607,0.000808319901748032,9.30285060846803e-05,0.00791133823852275,0.00103528963270645,0.00334884621565592,0.00206935940105183,0.0282778091311683,0.0853929245976991,0.00706199858605816,0.110464706050814,0.00883135608553349,0.00492616642708028,0.000270093501709342,0.020707683661221,0.011000119976857,7.2718724026531e-05,0.0200483051611379,0.00182466860120562
0.00538359253546351,0.0184061017072697,1.29196752192841,0.00133510262764077,0.00466603505452022,0.0106962943332849,0.0473002992765344,0.0321663494563572,0.00892959887139731,0.0237369676857047,0.651999561759406,0.00585332384499883,0.0721541429589922,0.0672485784835542,0.00541754259755371,0.04322361476552,0.784834963982764,0.147576027243033,1.29451195022623,0.00240892829268475,0.0833502779518257,0.00888911906162988,0.282997123688363,0.0515897575077348,0.012350527497135,0,6.25464518313052,0.0617181515852802,0.0928266801792746,0.0670804603061544,0.0539484928540148,0.0477010210409495,0.0155723521207546,0.40264455056423,0.0826255715473064,0.936909365676609,1.76774003285103,0.442102033586347,0.526653153613323,0.0118239187131618,0.0133768670907852,0.00964115233105532,0.0604977439024168,0.113705342856138,0.0400332597597831,0.00249800023322742,0.0028587024183539,0.00132786740666531,0.0372933725387588,0.000290629248129204,0.163714483494179,0.00240460535132803,0.000162542382560313,0,0.00013315168083933,0.000587649600648679,7.73850073733327e-05,0.0116517946408831,0.000124076201862111,0.11008193421136,4.58910959328413e-05,0.180130077205327,0.00220457948211773,0.00295113512964243,0.0101134200646185,0.0286632236775467,0.0440037644472909,0.00949095962844363,0.000112358288334846,0.0020125524648646,0.0151475869111549,0.0123881145179667,0.0204385366345276,0.0230980595972834,0.626927020499905,2.21987620858998,0.000773991408990683,0.00377497235817372,0.00309992984388624,0.520626366620066,0.00218689490009737,5.30644345001876e-05,0.0303529889377427,0.0406120167618054
