0,0.000157633264920026,0.010926881172003,0.000112371219154465,0.000285298811047071,0.00366926415426154,0.162840943253721,0.124054332623336,0.000888869337937419,0.00333998927790069,0.00326277523655073,0.000770108282322592,0.000759045824423183,0.875120858149176,0.000330997901688555,0,0.0258261031809053,0.00198707845133352,0.00642752360807647,0.000455939867722532,0.00530492864698567,0,0.0246709882249296,0.00561631917574788,0,0.0113090706167353,0.0124416296530399,0.00309975025026032,0.458667230135185,0.622104954495216,0.00122723632707552,0.00789895264354246,0.00162759510411384,0.0166548836580706,0.00164074497888833,0.00592761768689626,0.00151459798879366,0.00911196958503166,0.00288199962555093,0.00102272563893103,0.00111811308143477,0.00113168001616281,3.4757844797653e-05,3.69845477417946e-05,6.95251706433773e-05,0,0.000117045296232453,0.000129558121747875,0.0001163588246625,0,0.000304350438172209,0.000347378231270164,3.14836105773539e-05,0,4.21834122633219e-05,5.20469483528316e-05,0,0.000152479421085852,0,0,0.000106386885323531,0.000204195790362906,0,0,0,0,0,0,0.000143448833042604,3.41692868938297e-05,2.93826846378594e-05,0.000202398221213448,0.000512020203776121,0,9.95918933005214e-05,0.00163852386780265,0.000304886462413463,5.02770506343723e-05,0,0,3.55100242772043e-05,0,0,0.000551651001047063
0.000157633264920026,0,0.00547106237175997,0.00132815058159368,0.00217450035674924,0.000337268479875216,0.000636914625743026,0.00121159212411364,0.150419957635568,0.000657387440333429,0.0478876049080302,0.000953958741851717,0.0444469163957371,0.00114882855766809,0.0162390887405278,0.0909868205254388,0.0200970594985513,0.00106972208564872,0.00513041733420853,0.00122726173848924,0.0104011939925175,0.479219647305085,0.011724144954209,0.405723830043592,0.232281617992308,0.0370552292348618,2.48005743525584,0.0232589434461975,0.00337710750760366,0.00152255811057065,0.00243977941623496,0.000237701326312104,0.000449082509838953,0.01579176009188,0.00282454884319676,0.0296083877427517,0.0177049421541393,0.0109960342502994,0.00634724937267866,0.00525458338751923,0.000798336451325528,0.02939276822246,0.00776738379034749,0.0117944786393966,0.00310636002702856,0.00472700068234514,0.000424054425257442,0,0.00240608084173724,0,0.0874499273181807,0.00705698654651554,0.000647618565690071,7.86637168739678e-05,0,0.000267361705213243,0.000432043892552298,0.00134903915565794,0,0.00939590915391074,0.000894493814546498,0.0356215411444994,0.00017269491831668,0.00011030735586499,0.00681243507518438,0.00291047446717085,0.00148139951099974,0.00105780356301328,0,0.00123429032279439,0.00656681633468456,0.00596328879303692,0.00619675808899188,0.0384422661017592,0.0485963865743294,0.323928561226158,0.00153908304042634,0.000397357817083651,0.000690097005140469,0.00988565218572892,0.000217356750858986,0,0.00219561458955713,0.00300835743013848
0.010926881172003,0.00547106237175997,0,0.000178478165732705,0.00132105270438315,0.0200420104061336,0.0995027232369899,0.183482361007293,0.00161243899751111,0.00470616987040256,0.00842919270642456,0.000436274704092547,0.000388165487750047,0.0791911942892859,0.00232262428561293,0.0041891290147768,0.643392398286264,0.010776316859339,0.0557008971213327,0.000197381603504849,0.209270507789136,0.00502137633931385,3.73477561568699,0.0161144309241994,0.000450410728319061,1.92619828829301,1.53500869100985,0.112502658890648,0.0659835547513166,0.178142657516383,0.000681807947751034,0.00409132072016666,0.00742746491043267,0.171288389615391,0.0455718448563064,0.26274868386667,0.0765502200548921,0.146712982306368,0.11947782057472,0.0072713817764566,0.0134354044339578,0.0050809011029752,0.0242628154412329,0.00401916057558167,0.00472170981654233,0.0115112900985519,0.000688121125323797,0.000699369996879181,0.00105221773127047,0.00011193856161108,0.00916264621570277,0.0423941470717008,0,0.000622412056113458,3.69392983986735e-05,0.00236512140542291,0.000722566028163306,0.000405276454171405,0.000200340860322359,0.000251147149021459,0.000148837563513881,0.000357514445487055,0.000714918295079164,0.000213624219025809,0.00245208768466757,0.0125251477053162,0.000454354041980002,0.00209883119951001,9.91624777692675e-05,0.00226667222136174,0.00234960959006724,0.0184185273023899,0.00428860341984425,0.000484715787741086,0.0222889057022343,0.247261977591789,0.00346292936881543,0.000178110791452495,0.00299248210519338,0,0,4.22053836326897e-05,0.00131643605460947,0.0487690254189023
0.000112371219154465,0.00132815058159368,0.000178478165732705,0,0.00351333284159037,0.000876094842436566,0.00943223983394516,0.00233107899185647,0.241655321082122,0.0789767655122769,0.000484110435887772,0.00816118871941001,0.000146021671820986,0.00201744983738508,0.0213594258321848,0,3.23610995421707e-05,0.00025366900164684,0.00016476943380532,0.83851865275137,0.000103107888121933,0.00244525474395345,0.000523990506735042,0.20529958664119,0.000273099936025053,0.000241913788227016,0.00131704648997047,0.654231194367373,0.0044522450866563,0.000130284224262091,0,0.000528399422744003,0.000217966912649694,0.0017805627501777,0.00186369027677737,0.0250939667410969,0.000636435155014396,0.00111793917851579,0.00162684346360859,0.0194117411702946,0.00146996383584864,0.000751952457039353,0.00878737906300895,0.000328532965975142,0.00204493444233114,0.000324530567255581,0.0253132431367448,0.00189192835147481,0.000680189738635439,0,0,4.76050160843075e-05,0.0736151260864967,0.00214126055146691,0.00317226801042402,0.0185475426872165,0.00358710070570762,0.0371247284489924,0.0745484222417205,0,0.0336504084134638,0,0.00090351994176071,0.0154791577345065,0.000167963467015189,0,0,0,0.0469700688842424,0.000325014725427443,6.47109929101676e-05,0.000447629514723182,0.0656990131603839,0,0,0.000174039287651932,0.0699321080020043,0.000529563860405972,0.000545708890953469,0,0.000710797830362399,0,0.00176923290794024,0.000638661555806273
0.000285298811047071,0.00217450035674924,0.00132105270438315,0.00351333284159037,0,0.219436932591952,0.0198617752841905,0.00710600980816369,0.0582681751976496,0.0340630916649123,0.000673887761112142,0.0876672262762944,0.000416019141063184,0.00169047340471541,0.276694025778034,0.00587855254449444,0.0017910350169178,0,0.000928003241726884,0.0198667834477604,0.0585739002203835,0.00442829708209112,0.0418769233649576,0.0343208056789557,0.00100540392538859,0.0013485216954068,0.0113674346236842,0.0380969066232621,0.00792189708611062,0.0307721921139915,0.000231230896859992,0.00777809401832818,0.00278356663725944,0.00726585053627824,0.174664396304717,0.0625135774400355,0.00918356782848389,0.00458649307497953,0.00221767952608994,1.25957355356934,0.104291971048356,0.00288977954616748,0.00532535532823341,0.00694930275630262,0.000987294404939832,0.0130845408273233,0.0141701652682953,0.000680875922344113,0.00255641924046152,0,5.95570122908473e-05,0.00147340419460869,0.00354037331333171,0.0011177811100087,0.00172786897140702,0.00309236312554556,0.000842576581385598,0.00228279615433155,0.010155187655993,0.000549863251846188,0.00839596441559338,0,0.000845873264702488,0.00556117144286534,0.0019945721173865,0.000459080787464136,0.000656846189674634,0.000616414688903779,0.00584081426363881,0.00322285653921132,0.00131323372650332,0.00995368480585033,0.0111327617919726,0,0.00310014765806728,0.0128490067330401,0.0123301224954486,0.000647997536084202,0.00287410723692034,0,0.00101793044370966,4.21384773218811e-05,0.000552366207705647,0.191423465515749
0.00366926415426154,0.000337268479875216,0.0200420104061336,0.000876094842436566,0.219436932591952,0,0.395652873177257,0.68804668417052,0.0163610341757918,2.25860510761604,0.0454836799839445,0.724350344485727,0.00943911540875209,0.0625030413334218,0.425022916994431,0.000173190194875235,0.0101559222575605,0.00695998088672993,0.00786142792615285,0.0596107112832446,0.00299042360918973,0.000291867266451627,0.0321409220978478,0.0125416025521792,0.00114857319817352,0.0213524357141086,0.0129255313302952,0.0362009172146971,0.087686601130804,0.0488260990335681,0.0129316268296189,0.191850420114807,0.000438490505056349,0.0632508855149342,0.10624487018869,0.228038278357646,0.0176902405417058,0.029907651829331,0.0225747086032948,0.624571051954482,0.0918265818765998,0.039855139043099,0.0189525496971064,0.00275507725762417,0.00616534319968048,0.00131154458714373,0.0238669871903651,0.00407870819257036,0.0123138531966163,4.89614715101242e-05,8.83899615076839e-05,0.000915705095395114,0.00600250195361099,0.000837865115006494,0.00222905521789191,0.0234422049476752,0.00339072339916476,0.00885382057176478,0.0325849241164186,0.000447800990216208,0.0108489681953022,0.00144134497376034,0.00340748357497375,0.00431359721831006,0.00381491167379207,0,0,0,0.0117353651110914,0.00379405766553851,0.00108138479760277,0.0047185716427115,0.0619565024945082,0.000487127295584553,7.10668903216242e-05,0.00540881528459148,0.0621130358118797,0.0018791827033489,0.00775750140240663,0,0.00125535874482759,0.000193966637784398,0.00428909873110948,0.00905984957299485
0.162840943253721,0.000636914625743026,0.0995027232369899,0.00943223983394516,0.0198617752841905,0.395652873177257,0,1.79552328437894,0.0586550490528631,1.57210056398205,0.0766853401955173,0.019710690544875,0.0165572675425083,2.73450856948747,0.0326930932540175,0.00366155775055736,0.0204867479704976,0.0183669968547506,0.0191501649908887,0.0104392038327205,0.0182135866699478,0.00245900451346638,0.359668300404317,0.75119932049455,0.000931147662759921,0.0561570635899831,0.0735219128010255,5.20533210794913,0.312493831484989,0.675060325641065,0.0222108845346072,0.0785741536735927,0.0122033682691321,0.188861413771228,0.107749346587028,0.683344028361575,0.0593537627678791,0.131497140774701,0.127866511360522,0.160225031126662,0.109961346391643,0.0628453865327657,0.0181687271624529,0.00205308641446329,0.00787626442609429,0.00202118060326077,0.0211776003685478,0.0064297998394931,0.0113408384790966,0.000166261561722434,0.00166478665473852,0.00420796470306999,0.0144590576333835,0.00128807441596856,0.00208102039536416,0.0262911428356643,0.00418615280885053,0.020425653844309,0.0645596342371596,0.00051353289437975,0.0142371712219794,0.00113025071550094,0.00224303854702187,0.00638847496634786,0.00504182133854261,0.000447363877968496,0,0.000187783161112577,0.0247461322252013,0.0025651393997185,0.00345834532494587,0.00931575429315613,0.0750816776923283,0.000304438090910774,0.000274870333928004,0.0459388711918531,0.0785437558675922,0.00205295422488931,0.00249340909531119,0,0.000954983670913577,0.000222714796542901,0.00364158937713034,0.0128937205051483
0.124054332623336,0.00121159212411364,0.183482361007293,0.00233107899185647,0.00710600980816369,0.68804668417052,1.79552328437894,0,0.0108541020358399,0.578588270122468,0.0667522261056743,0.0680826835544743,0.0117009244853397,1.20943945837378,0.00714665696398831,0.000648613759294316,0.174885545019534,0.0170457541966303,0.0578170687759918,0.0204707985825203,0.0353886216227553,0.00114819592840666,0.318927707970997,0.0457856641636164,0.000901832172294153,0.132672556359308,0.122594815641793,0.15115617772039,0.283344820740999,0.980493443353743,0.0143347043457059,0.140039015923237,0.00603343801018417,0.136454289788279,0.00936171365734958,0.18168447447036,0.0243297736589423,0.0806541056432391,0.0377292616922017,0.104786387603987,0.0570270244056199,0.0375198544081693,0.004365664849802,0.00213590997588526,0.00235133269501615,0.0013634666384083,0.00461678781235134,0.0021863455094653,0.00681997767357159,0,0.0012943477666064,0.00281250003372997,0.00147834556823724,0.000103513135555196,0.000223954131218124,0.00358159814957869,0.00040955706571286,0.00248044098145611,0.00557559514871241,0.000470497761839974,0.00171084353245054,0.00140863596630173,0.000143974426906037,0.000568281155428726,0.00134700137137536,0.000117446805552232,0,0,0.00288205566662965,0.00105952274610746,0.0005632974866079,0.00221833099903649,0.0165658367767093,0.000512131738792968,0.000998587445848146,0.0201764455124542,0.0129842132514444,0.000426713207980842,0.00179286227661035,5.17091788697958e-05,0.00036095706834752,0.00012128531525048,0.00091948160059057,0.00155957787742534
0.000888869337937419,0.150419957635568,0.00161243899751111,0.241655321082122,0.0582681751976496,0.0163610341757918,0.0586550490528631,0.0108541020358399,0,0.154680038439028,0.016450189363428,0.126518308188724,0.0103522658680012,0.0146753653483298,0.363392413077016,0.0254528200538898,0.000853986843081402,0.000855226571779511,0.00106540379286173,0.174282782805073,0.0144887395222593,0.385042203025302,0.00633473526505768,1.91290674642428,0.0807872183036171,0.00291670786021333,0.172930476971042,0.500137247765425,0.0512668340145046,0.00775250513710289,0.001417446714074,0.00233487222567119,0.00845618864133047,0.0155637259435172,0.02238601919363,0.0645477573155828,0.00650240128766768,0.00623655656443685,0.00673143736477211,0.156626905048163,0.00526248320746227,0.00942759078038272,0.0252827324789152,0.006007822755966,0.00455360659389714,0.00284788951966949,0.0151741211452907,0.00442522538175841,0.00185618537800982,0.000269792989739025,0.00123926060708654,0.00164048557708645,0.0469532792955438,0.00182698852313909,0.00373533074309683,0.056466257368686,0.00795054551828942,0.350080171806048,0.109288524752337,0.00283323239711525,0.0245223202709144,0.0110096958750556,0.00534270139769823,0.0109725877613287,0.0413994787999976,0.000395512113853577,0.000969955868865928,0.000215934469112548,0.0376073274702574,0.0345135028444182,0.0892194873345287,0.0231540502220097,0.391418992938802,0.00226730096755826,0.00318875776403977,0.0167389522460631,0.285350166736374,0.00591550290207429,0.0174443593288837,0.00219700610077029,0.000710020221094998,0.000524168558122951,0.00677104754015102,0.00758312865910771
0.00333998927790069,0.000657387440333429,0.00470616987040256,0.0789767655122769,0.0340630916649123,2.25860510761604,1.57210056398205,0.578588270122468,0.154680038439028,0,0.106901002968287,0.476113196083195,0.0243514029449911,0.212829785777431,0.0919303257707388,0.00148103391900957,0.00309028664944062,0.0230349567417404,0.0154148629155088,0.593180563511632,0.00381895845827091,0.000953919251775741,0.0190550217547862,0.0329824027382647,0.0015867843165056,0.0364543293910026,0.0195467768797782,0.343022283549389,0.232044471897321,0.0176472914368153,0.0288425209963332,0.145009956143041,0.00261548556768329,0.188752475813318,0.0906258458648881,1.08142083177956,0.0655451334554613,0.0981869691441242,0.127295892112084,0.298787712492804,0.19369551214189,0.108846797185955,0.0563152530896602,0.0038813874747883,0.015969663892699,0.00357857589401411,0.0913744977024646,0.013622561255884,0.0232509601138185,0.000107577214168024,0.000247449638268947,0.00115016063471427,0.0684919352810333,0.00449822161636489,0.00991219457783704,0.0823920661950528,0.0134780074908014,0.0550632882925966,0.232545298682649,0.00134726903132528,0.0660161020399422,0.00219850142986815,0.00576315936376138,0.0322669597496542,0.00681375117490881,7.80318021618129e-05,0,0,0.0988038999090946,0.00587393764230412,0.00184591807462482,0.0101340463744328,0.220338608269789,0.000395192757284528,5.27990951672733e-05,0.00497400829022581,0.255282691736425,0.00539534807542238,0.00881563703279971,0,0.00294466165250319,0.00016595854179134,0.0122669886250708,0.00751009603148593
0.00326277523655073,0.0478876049080302,0.00842919270642456,0.000484110435887772,0.000673887761112142,0.0454836799839445,0.0766853401955173,0.0667522261056743,0.016450189363428,0.106901002968287,0,0.0308314420477114,1.08652055241589,0.0307355405033381,0.00249963516932754,0.00289280814284647,0.0990921874388467,1.20590443295341,0.401476234148208,0.00778556690528827,0.0176453656571105,0.043013424606351,0.0566426413681153,0.0332888811899186,0.102677924543636,0.879252916174747,0.175149720308633,0.0126052934402559,0.121389396493539,0.0392178779364966,0.535062524284981,0.0521178472730348,0.00388235281656547,0.828475472041393,0.0151197249569597,0.10223946329631,0.336876824735014,0.511076261267497,0.10210648065838,0.0108983540498751,0.012605975957306,0.334688067785077,0.00189777703527171,0.0922516693379909,0.00739013692172813,0.00260333715821408,0.00125400693193048,0.00229961010099414,0.0708023990751694,0,0.0199290557697469,0.000927511274552248,3.58071787795484e-05,4.70453157632768e-05,0.000253836749234229,0.000254866128917277,0.000449568342097685,0.0041973544119507,0.00040976990544253,0.104075596214776,0.000775938285759915,0.227305399611388,0.000560102571440071,0.000611639621514648,0.000120357756797302,0.000261956515609848,0.00419608896560347,0.000229934443157435,0.000180736235348374,0.000301890387934255,0.00440025597596322,0.000547554969832304,0.00472085359664703,0.0494325717166227,0.0311612259056859,0.0390107964001038,0.000541538097469035,0.00161859366151466,5.75977630981148e-05,0.0310518591396112,0.00232763992540981,0,0.0115985457559613,0.0092469287172905
0.000770108282322592,0.000953958741851717,0.000436274704092547,0.00816118871941001,0.0876672262762944,0.724350344485727,0.019710690544875,0.0680826835544743,0.126518308188724,0.476113196083195,0.0308314420477114,0,0.00689851643619337,0.0205515118380124,0.475611827532734,0.000144785479120997,0.00068777033471143,0.00563891220298345,0.00379624485594941,0.504860049031483,0.000297509808907902,0.00163790374927821,0.00153903181336815,0.0447725244359249,0.000722416403587054,0.00844080455063662,0.00381519791610623,0.0067173771195168,0.0422291500008712,0.00334512342059062,0.00754497842018031,0.0567766071400991,0.000348395437075165,0.0402811218633116,0.217116486730251,0.291002460287265,0.0208154953196288,0.0217487337862274,0.0260395139620216,0.281806733361696,0.0531255999116767,0.0327162710806277,0.00491647546740722,0.000835778190149614,0.00284174567802507,0.000540995166598662,0.0238444011269226,0.00269470928703055,0.00755881527079241,0,7.98083594794987e-05,4.27780887504935e-05,0.0168167752405948,0.00258221387308769,0.00359574912013443,0.00608505870539667,0.00184003322850999,0.00766623839955513,0.0336555461329832,0.000256480916362638,0.0624428614566957,0.000439623382097703,0.00120218559536518,0.0152801684012615,0.00209457762038835,0,0.000144147788809144,0,0.0234718513989902,0.00107039637313278,0.000226424552628386,0.0026546344892569,0.0208739114641759,0.000320349572049093,0,0.000868291304945748,0.0282630380479383,0.00114715030191471,0.00105169259471857,3.56640280197144e-05,0.000761368907814867,0,0.00099905140677441,0.0217119534342107
0.000759045824423183,0.0444469163957371,0.000388165487750047,0.000146021671820986,0.000416019141063184,0.00943911540875209,0.0165572675425083,0.0117009244853397,0.0103522658680012,0.0243514029449911,1.08652055241589,0.00689851643619337,0,0.00541224996268481,0.00180618965971531,0.00178045449392123,0.000381110755024641,0.0111936602602793,0.00213175102554463,0.00226119248385345,0.000911007942458741,0.0314021252360602,0.00182742921221631,0.0199300647031129,0.297703978645089,0.0128615991736356,0.168029750608555,0.00351619675711913,0.0158720467726846,0.00598055776059358,0.17386320535358,0.0100409231752504,0.000278884396133274,0.0923534715608492,0.00378587463909494,0.0204198664280084,0.281122592265617,0.0783568187818165,0.0119451736614969,0.00264598408429998,0.00380688380866083,0.4659922194009,0.00421313368105777,0.233866398706527,0.0178565997414825,0.00367665355940927,0.00168893961245096,0.00157696015003948,0.0896352776891643,0,0.0347903682182912,4.22068208975136e-05,0,3.6000045836246e-05,0.000424754405891797,0.000220875426260957,0.000902615085558734,0.00941362005386039,0.000703105893218647,0.285677292705832,0.000804124192235702,0.998097395255944,0.00054061210081641,0.000870873749307933,0.000102506264174256,0.000225641226966798,0.0274955096437253,0.000599070948869598,4.44094374064386e-05,7.59851329694212e-05,0.0128043533056389,4.99991807961285e-05,0.0081445638812749,0.136695283462636,0.189635286268498,0.189832803466915,0.000267328325554335,0.00583382948528726,0,0.259394708051313,0.00411559249517382,0,0.0318667203350096,0.00142114393492366
0.875120858149176,0.00114882855766809,0.0791911942892859,0.00201744983738508,0.00169047340471541,0.0625030413334218,2.73450856948747,1.20943945837378,0.0146753653483298,0.212829785777431,0.0307355405033381,0.0205515118380124,0.00541224996268481,0,0.00517707588486589,0.000119008016093085,0.12725864230732,0.00990468326241698,0.0346811465873818,0.00857874868186091,0.0285335278987938,0.000480310146409366,0.162801813216664,0.058289650322755,0.000760818598712859,0.0731385044168956,0.0717740373094678,0.0718414905464983,1.23769134665814,1.36166938483646,0.00762770491110428,0.0736169826304606,0.0124526024819616,0.102200544861791,0.00858253144446639,0.0552380746088486,0.0120820711209457,0.0654900918964345,0.0222884424334,0.0136449903838905,0.0196692600368484,0.0126943833783148,0.002106812531151,0.000620051005656528,0.000852025454323991,0.000319676531963908,0.00206806173805832,0.000385233585920286,0.00176257863516797,0,0.00120212768420894,0.00120435196585183,0.000674171972064793,0.000162841412457398,0.000102138804148131,0.00223482826358588,0.000259091375139472,0.00276340481288688,0.00182837173537284,0.000129923607576436,0.000574673807213229,0.000517605047399366,5.3969000151968e-05,0.000408710294200516,0.000626628974774265,0.000327693246043339,0,2.51154188352585e-05,0.000793198729764533,0.000286227904760402,0.000483686836787602,0.00107301149485401,0.0100089267714495,0,0.000446408286726543,0.00803621455374417,0.00767582232536852,0.000358388580153427,0.00127914137615053,0,8.71495284681501e-05,0,0.000183379318403455,0.0010429421589881
0.000330997901688555,0.0162390887405278,0.00232262428561293,0.0213594258321848,0.276694025778034,0.425022916994431,0.0326930932540175,0.00714665696398831,0.363392413077016,0.0919303257707388,0.00249963516932754,0.475611827532734,0.00180618965971531,0.00517707588486589,0,0.00145221236174972,0.00202681818470352,0.000307761631072497,0.001279406800582,0.0767512563227332,0.0322638131421004,0.0299862539091847,0.0205837497655925,0.171913504746075,0.0063893824173845,0.00223378962742739,0.0233957171518369,0.0988244964979105,0.0162909044607358,0.0425337926223244,0.000531373352320448,0.0228045064817951,0.00423237892041243,0.0100883990743226,0.14826200153417,0.0429215673149106,0.00471725291957045,0.0310108125017452,0.0139231118925129,0.389043609176717,0.00890321310226944,0.0187167586039485,0.0107177485300877,0.0020996010161072,0.00239611033149682,0.00214299325587492,0.0543326257270337,0.00368928290137076,0.00476687284619431,5.68843571036994e-05,0.000124248910402864,0.000829839487435267,0.0220170260244604,0.00376534366427683,0.00659599347616162,0.0130652852474199,0.00452453504238698,0.0146062756811774,0.0633430800501536,0.000377750772849983,0.0419511514743449,0.00025020862325772,0.00254877643980894,0.0268146370511808,0.00280355826416139,0,0.000267919568121857,0.000165400333857507,0.0335627710785393,0.00382682848967553,0.00276661893105603,0.00300553631406961,0.0500029850442099,0.000159947167374337,0.000273939037361342,0.00259383477778454,0.0649655358504901,0.00179316666847604,0.00315284850475105,6.66066655917048e-05,0.00272192005832097,0,0.00180644941266712,0.0209945480748479
0,0.0909868205254388,0.0041891290147768,0,0.00587855254449444,0.000173190194875235,0.00366155775055736,0.000648613759294316,0.0254528200538898,0.00148103391900957,0.00289280814284647,0.000144785479120997,0.00178045449392123,0.000119008016093085,0.00145221236174972,0,0.00212710019785843,0.00105169172705159,0.00336533150488313,9.10024434797465e-05,1.46149438941721,0.676094683766516,0.804732418324676,0.387291035397111,0.0147609840693078,0.0056038921063531,1.18325439712307,0.271106714507872,0.000601820975452054,0.00219649672717536,0.000180548039402354,0,0.000315306124036068,0.00588491339271158,0.0679903349716187,0.496930716141478,0.176736870901054,0.0615026074126303,0.0569262088568968,0.00655800297166196,0.00693662504752165,0.0110855692688512,0.0481842550182086,0.0150761820616232,0.0132098422300159,0.0135701955797655,0.0336238282666137,0.00303981680524605,0.0101884825040267,5.08230397756338e-05,0.00950885359878321,0.0100717007111089,0.00041618686211017,0.00148360273997947,0.00208386702492522,0.012648316852146,0.00289554742260786,0.00609319939989972,0.00425343784098186,0.000744602793080632,0.00235246281389731,0.00187152383146237,0.00345900224479946,0.00209795596239619,0.550972756164557,0.00233678592541011,0.000540691099342493,0.000742822109751281,0.00131198241189914,0.115176768199858,0.318993660225823,0.59910181212687,0.0691500485278534,0.000425638685116279,0.00177046079145297,0.574406601453291,0.0821967590036264,0.00395462865688566,0.0201634717414104,0.000236241148955351,0.00318864581458435,0.000527186577431125,0.00281453938389623,0.0397547634158231
0.0258261031809053,0.0200970594985513,0.643392398286264,3.23610995421707e-05,0.0017910350169178,0.0101559222575605,0.0204867479704976,0.174885545019534,0.000853986843081402,0.00309028664944062,0.0990921874388467,0.00068777033471143,0.000381110755024641,0.12725864230732,0.00202681818470352,0.00212710019785843,0,0.138942190534509,0.820271457291059,0.000324985514653152,0.122172878212688,0.00450640243995513,0.75407768919003,0.00539246315418654,0.000695242227427274,0.764089776727315,1.35628286661893,0.0298615751810614,0.16567890000156,0.333401136890892,0.00207051171927623,0.00541640163687226,0.0233659901136548,0.577077427557625,0.0210493577524277,0.124103632376763,0.0887815666947669,0.162528451869933,0.067979408729268,0.00451088941128513,0.0106378310732251,0.00619009126669279,0.0218536023196755,0.00419298728074167,0.00755654284690265,0.0091040966464323,0.000289704021607658,0.000344893545414838,0.000630732725162744,0,0.0183498974354456,0.0549104833555269,0.000105674316372549,0.000593117144666755,2.76599737118364e-05,0.00157136609689688,0.000826937406809032,0.000517195398342579,2.97416006962449e-05,0.000280383951279691,0,0.00102746939477101,0.000777017792095266,0.000115239219863504,0.00038214861130364,0.0179065332307015,0.000765480889810975,0.00170893405467704,0,0.0013665196685893,0.00111720646131687,0.0154038761447099,0.00119027025757793,0.00273082316464917,0.0640064384989947,0.351366712797234,0.000647932944913038,0.000368637621700564,0.00205956783368323,0.000235377262967128,0,0.000306324933804864,0.00182207060305926,0.0144502021548267
0.00198707845133352,0.00106972208564872,0.010776316859339,0.00025366900164684,0,0.00695998088672993,0.0183669968547506,0.0170457541966303,0.000855226571779511,0.0230349567417404,1.20590443295341,0.00563891220298345,0.0111936602602793,0.00990468326241698,0.000307761631072497,0.00105169172705159,0.138942190534509,0,0.708916963539909,0.00166348460713594,0.012501425163504,0.000384333390621134,0.0438963879760971,0.00331988091406318,0.00115656400677944,1.17545688662264,0.194414209592121,0.00402692971671204,0.0245649941906302,0.0172304958542624,0.130584352012128,0.00515373704580558,0.00234470078151142,0.216346907869734,0.0104690826575007,0.0735315678418446,0.174937132188095,0.326726801841168,0.0784443627557746,0.00283660054148418,0.00507144646260339,0.00166176993795159,0.000740232415776333,0.00157611525064623,0.000267067982588979,0.00159371451350053,0,8.46894659807803e-05,0.000368179711985862,0,0.00103683924876762,0.00173636572377137,2.75666025375157e-05,0.000424133713686371,0,0,0,9.93892614176122e-05,7.81562317306873e-05,0.000554020907831842,0,0.0038712603271809,5.36778192815483e-05,3.71105860673189e-05,0.000196840761159924,0.000560600855230281,0.000736119227212733,0.000232769548059502,0,0.00010114511109736,6.3050364066574e-05,0.000439599814221102,0.000137793244958169,0.00148731089343301,0.0134902604837438,0.0260173925046413,3.88919124910116e-05,0,3.30063007876694e-05,0.00242390617573217,0,0,5.47841048820913e-05,0.00910354155597488
0.00642752360807647,0.00513041733420853,0.0557008971213327,0.00016476943380532,0.000928003241726884,0.00786142792615285,0.0191501649908887,0.0578170687759918,0.00106540379286173,0.0154148629155088,0.401476234148208,0.00379624485594941,0.00213175102554463,0.0346811465873818,0.001279406800582,0.00336533150488313,0.820271457291059,0.708916963539909,0,0.00093546628832272,0.0684849176967038,0.0018117103306891,0.245625482148694,0.00562333651304747,0.00259377566210238,1.21663317216186,0.42571574802025,0.0142819888058475,0.0595164625393172,0.0552468485879568,0.0225519553679875,0.00415104293216635,0.0090525725480737,0.767346139819177,0.0344170628647102,0.231287066741318,0.199758792302102,0.310933394498848,0.165311331731429,0.0040019917163782,0.0140955687760926,0.00339243639426224,0.00351063886833604,0.002951463865557,0.00116353039671584,0.00601847667338077,0.000128962330563838,0.000861091308436224,0.000343921901313069,0,0.00298774910638232,0.00848896884239551,0,0.00060809024295119,0,0,0,0.000182341696904934,0,0.000376257385284579,0,0.00541688317162751,3.50905634381115e-05,0.000106422563789529,0.000333818731937712,0.00279162835773524,0.00128084005984685,0.00126150972584003,0,0.000176896272052747,0.000662672154887784,0.00248235424838232,0.000183543154343966,0.00329021189319898,0.0483914720576424,0.107919313844154,0.000171400820585155,0,0.000171354278928635,0.00364364705446467,0,0,0.000385626330782837,0.0283969379854353
0.000455939867722532,0.00122726173848924,0.000197381603504849,0.83851865275137,0.0198667834477604,0.0596107112832446,0.0104392038327205,0.0204707985825203,0.174282782805073,0.593180563511632,0.00778556690528827,0.504860049031483,0.00226119248385345,0.00857874868186091,0.0767512563227332,9.10024434797465e-05,0.000324985514653152,0.00166348460713594,0.00093546628832272,0,0.000347658714317179,0.00286989158811567,0.00154802856035782,0.17196442684892,0.000374764218208665,0.00267395459908441,0.00269893094825696,0.14687500709925,0.0156585213002852,0.000919662401972393,0.00438007486284341,0.0141247981102901,0.000307531785070125,0.0129905777163017,0.00553619397082964,0.128076601282057,0.00791679801962375,0.00633393968385528,0.0101817971871508,0.0880093669593866,0.0175289744082436,0.0114361974927472,0.0105691844817446,0.000991398187993416,0.00237652399694265,0.000568773347175988,0.0295052398786603,0.00315805051533094,0.00278544528937729,0,3.38987707883924e-05,0.00026439435561482,0.0308060138461604,0.00261119938674064,0.00540065016781506,0.0194680621930838,0.00393285411521906,0.0210843635886961,0.0833694432256777,0.00037483797398465,0.0372038779470858,7.84378703059553e-05,0.00183964687988421,0.0195869932175134,0.00135325612944112,0,0,0,0.040038937630434,0.00148712777895311,0.000456560212861168,0.00196332211542383,0.0658225621942724,5.32520704088509e-05,0,0.00104760171234172,0.0881442669555481,0.00175741610241463,0.00211356713480752,0,0.00174067504794419,7.22255217603567e-05,0.00223429749434414,0.00139178688831373
0.00530492864698567,0.0104011939925175,0.209270507789136,0.000103107888121933,0.0585739002203835,0.00299042360918973,0.0182135866699478,0.0353886216227553,0.0144887395222593,0.00381895845827091,0.0176453656571105,0.000297509808907902,0.000911007942458741,0.0285335278987938,0.0322638131421004,1.46149438941721,0.122172878212688,0.012501425163504,0.0684849176967038,0.000347658714317179,0,0.0555855149691573,4.7774607023855,0.0665332642199098,0.00154680238972178,0.0845129973031787,0.535848922120546,0.443921338399978,0.0664945919292419,1.83873369456721,0.00196919625963212,0.0014092921409825,0.0234757568088745,0.800224232032874,0.465424457657463,1.21357868433506,0.185303829736313,1.12443421991328,0.425776303723353,0.0306152746784087,0.0638827049031536,0.0228081713539784,0.0116569761547456,0.00655106740533963,0.00364170075494634,0.0129525980545768,0.017440992795313,0.00344940311439831,0.015274253848271,0.0001457667533054,0.00261440770072813,0.00858226432757392,0.000120922075148207,0.00293258050253629,0.00104076083808908,0.0035404515646434,0.00158057933394222,0.0038041669677882,0.00219152753512281,0.000230729773246813,0.00090190244106968,3.32815370014489e-05,0.00203855211476285,0.00159778679513901,0.121404223537952,0.00218508111656785,0.000112669374025792,0.00029859893715961,0.000293432764288118,0.0747952462145212,0.0596907774276031,0.0740646832755014,0.0444221007548208,0.000287376250772738,0.00561727014691839,0.114667389590833,0.0544016157941837,0.0027844869624324,0.0166646259759798,0,0.00164268957777939,0.000474625855901408,0.0015997162639596,0.121437384403914
0,0.479219647305085,0.00502137633931385,0.00244525474395345,0.00442829708209112,0.000291867266451627,0.00245900451346638,0.00114819592840666,0.385042203025302,0.000953919251775741,0.043013424606351,0.00163790374927821,0.0314021252360602,0.000480310146409366,0.0299862539091847,0.676094683766516,0.00450640243995513,0.000384333390621134,0.0018117103306891,0.00286989158811567,0.0555855149691573,0,0.0916352497309465,1.56810087333483,0.169970866263817,0.00672212888647492,1.51191416030365,0.0965101938776326,0.00280277045317193,0.00138925000973792,0.00239297121446095,0.000532244632872864,0.00075845241370901,0.00725364291925629,0.00635797635786055,0.0369941887896976,0.0184067920412274,0.00994384259803583,0.0043267287250851,0.00975969452669288,0.000941656498090259,0.0244099896789901,0.0293130336085487,0.0153437524519724,0.00668944626425862,0.0067917826351561,0.00515315950012684,0.000958850976947538,0.0047897981082184,3.92659524951577e-05,0.0541304488446031,0.0113569390605963,0.00144279066414097,0.000418315878002381,0.000575122860600081,0.00312700831042165,0.00111632053454592,0.00430957743154432,0.000595282028890914,0.0106054621320151,0.00208778174844895,0.0332126639243891,0.0012573894387398,0.00163736090619532,0.239633073358727,0.00673890515801669,0.00130263818163946,0.000839789312495019,0.000406817391928589,0.0586258552817829,0.234153508808111,0.202247644275719,0.0528770968358715,0.00559904473678536,0.0121642584640273,0.489946476457997,0.0349216477321113,0.00160200643521177,0.00999656012229963,0.00885934970096039,0.000986394152476739,0.000140157088281971,0.00292951584970098,0.00383121628564954
0.0246709882249296,0.011724144954209,3.73477561568699,0.000523990506735042,0.0418769233649576,0.0321409220978478,0.359668300404317,0.318927707970997,0.00633473526505768,0.0190550217547862,0.0566426413681153,0.00153903181336815,0.00182742921221631,0.162801813216664,0.0205837497655925,0.804732418324676,0.75407768919003,0.0438963879760971,0.245625482148694,0.00154802856035782,4.7774607023855,0.0916352497309465,0,0.12218914516984,0.000573097148117089,0.587854361443531,3.0905170910535,1.33311495305388,0.141955958049934,1.27131177074465,0.00508720431564796,0.00821770040027783,0.0248318122810474,0.966709605748384,0.534248281464607,2.56465772098157,0.900304002217712,1.82859629785702,0.896759704011797,0.0798581859639434,0.0905160030640457,0.0292240624449116,0.0893766285873596,0.0241583762314454,0.0225934194516637,0.0658638050677847,0.0163185623540885,0.00581593516053921,0.00852230081840943,0.000359672202592606,0.0265957016670281,0.0921777312498626,0.000108085483273936,0.00809308829468728,0.000962566037030202,0.0157672632706,0.00322806033208126,0.00466872167817776,0.00323185313920799,0.000452378913460848,0.0014027716440836,0.000318865710446286,0.00371661674866958,0.0027175415923189,0.250812730990921,0.0138453958925479,0.0010389673010391,0.00301048067859726,0.00101589811450039,0.0364038419260229,0.118915130228381,0.364013150476662,0.0406824638274848,0.000792746362910617,0.0198027710880488,1.11911080470473,0.046261841998082,0.00193355369054787,0.0136230368108827,0.000177443955696571,0.00145337732817815,0.000307926638873815,0.00477013475341886,0.417224736902119
0.00561631917574788,0.405723830043592,0.0161144309241994,0.20529958664119,0.0343208056789557,0.0125416025521792,0.75119932049455,0.0457856641636164,1.91290674642428,0.0329824027382647,0.0332888811899186,0.0447725244359249,0.0199300647031129,0.058289650322755,0.171913504746075,0.387291035397111,0.00539246315418654,0.00331988091406318,0.00562333651304747,0.17196442684892,0.0665332642199098,1.56810087333483,0.12218914516984,0,0.163885425844157,0.0136131566441692,0.723839572497452,1.51173205490003,0.247781586078149,0.0238654020322157,0.00421089558003194,0.00612233945014479,0.0787000276629915,0.0887040002254663,0.141210879955009,0.428383784095492,0.0706798504633444,0.0540847997928265,0.0455194401106752,0.101154474016145,0.0232525426036368,0.0364597642160267,0.099744481433134,0.017485191107908,0.0252624870134878,0.0102558752942715,0.0756584530624502,0.0124839026350754,0.0270490736161544,0.000972595624162969,0.0103139996699762,0.0102116267161975,0.0506149809849067,0.00341854878286707,0.00796151533793791,0.097785877998995,0.0168181501579322,0.204159868094738,0.114786280900614,0.00586588528038223,0.0347533204472297,0.0196104662285116,0.0189250746119982,0.0256665006406455,0.160477152855562,0.00189468102393114,0.000218171918877759,0.000210492425099209,0.0451174543396484,0.132202485599865,0.16415675094595,0.111194126728913,0.698287248092757,0.00411790919253658,0.00481086300854447,0.149625756199224,0.568239574301879,0.0286497407185825,0.0779103258924561,0.0030612614517626,0.00497976242486287,0.00286728961205949,0.0217811754950939,0.0232499026625569
0,0.232281617992308,0.000450410728319061,0.000273099936025053,0.00100540392538859,0.00114857319817352,0.000931147662759921,0.000901832172294153,0.0807872183036171,0.0015867843165056,0.102677924543636,0.000722416403587054,0.297703978645089,0.000760818598712859,0.0063893824173845,0.0147609840693078,0.000695242227427274,0.00115656400677944,0.00259377566210238,0.000374764218208665,0.00154680238972178,0.169970866263817,0.000573097148117089,0.163885425844157,0,0.0206450401294688,0.776937408954397,0.0058044111752642,0.00227151916832462,0.000594290146712157,0.0148504740712554,0.000501869488292122,0.000246393661020381,0.0158559359159665,0.000656242654818043,0.00345111943317069,0.0208757823644549,0.00724490880383123,0.00125340156986931,0.00225661129818099,0.000409166005145025,0.108551627127811,0.00135786990264358,0.0153179497735214,0.00212698034344647,0.00121791007079241,0.000168556677655566,0,0.00831276986631345,0,0.00706143042439964,0.000143076746820328,0.000287654447262078,0,0,0.000132251386577633,0,0.00162414153231694,0.000151916976895612,0.0281795124234813,0.000670757982214493,0.173068808537008,0.000101412148368621,0.000222146015321391,0.000619779393228349,7.83556787654075e-05,0.0023642494246122,0.000177860791077477,0,5.19520888744533e-05,0.00221025226616328,0.000754206210777411,0.00284441635493151,0.164271761628456,0.0340779692504161,0.116928040311594,0.000129170139866623,0.000432589791864508,0,0.0343257565805885,0.00037662687258907,0,0.00291674726862653,8.23250918489457e-05
0.0113090706167353,0.0370552292348618,1.92619828829301,0.000241913788227016,0.0013485216954068,0.0213524357141086,0.0561570635899831,0.132672556359308,0.00291670786021333,0.0364543293910026,0.879252916174747,0.00844080455063662,0.0128615991736356,0.0731385044168956,0.00223378962742739,0.0056038921063531,0.764089776727315,1.17545688662264,1.21663317216186,0.00267395459908441,0.0845129973031787,0.00672212888647492,0.587854361443531,0.0136131566441692,0.0206450401294688,0,3.12883530766739,0.0363292990903459,0.0893319510388161,0.10540054932924,0.0642359807913863,0.011476003634285,0.0103510777542594,0.383400161116005,0.0763286438558677,0.5998083202505,0.844954433942981,0.500745479115525,0.28869086256672,0.00696703034199852,0.0279726972445172,0.00802748042198659,0.0356828171643094,0.0406965746750781,0.0169477342280266,0.0269072469385809,0.000602844058935219,0.000901439917408243,0.00189067779020971,0.000110093338149804,0.0454234176747727,0.0555620779081538,7.00139897180704e-05,0.00159922345974154,0,0.000890360318492558,0.00044622983927418,0.00308475569712357,5.64427615696907e-05,0.00863128667664058,0.000239360383147296,0.108807137420857,0.00067425974525595,0.000689120022334846,0.000560357979932302,0.0264917134582847,0.0264665572121455,0.0120184532230565,0,0.00233345823882103,0.00474850335842896,0.0126433217750356,0.00568905552674212,0.0629776581512956,0.638417601645054,1.3199837597414,0.00114455319500144,0.000615394863765299,0.00344950120568097,0.0573443775173332,0.000197286601116616,0.000160153904853213,0.00851294021680508,0.0606159066684486
