0,0.571736037731171,657.56714323163,1.79870688915253,3.82585382461548,302.446907669306,13360.8085167706,1715.29482957721,0,76.0735929012299,62.5377302467823,37.600138515234,8.80163615942001,11940.1047237217,10.5750123262405,0,427.126172363758,22.0992561280727,53.344790905714,15.4764227867126,164.001802235842,0,557.741507053375,6.2331468462944,0,224.338596820831,56.3473482578993,61.4711927771568,10691.8444442749,13068.9567659497,1.27115654945374,152.170177012682,14.1127795279026,104.202714085579,12.4558077454567,169.044030159712,10.9027661383152,114.624359488487,46.6590720713139,11.5225019156933,8.08225131034851,1.45537233352661,5.60195761919022,1.46582162380219,0,0,8.9063224196434,0,0,0,0,0.994862258434296,0,0,0,0.408478498458862,0,0,0,0.373100370168686,1.27964168787003,0,0,0,1.11278840899467,0,0,0,0,1.74125963449478,0,0.797227442264557,10.8829086124897,0,0,6.01486971974373,3.05381911993027,0,0,0,0,0,2.69914919137955,0
0.571736037731171,0,303.940793275833,0,3.50192540884018,0.988107264041901,14.5966896414757,1.89559006690979,2344.83182650805,2.18225792050362,33.1638538241386,9.09026521444321,1121.01551616192,7.55104497075081,61.4050297737122,573.76809373498,467.595937043428,23.0734145641327,81.5754250884056,1.19546782970428,107.694100439548,5796.88460832834,136.416614025831,2700.60597684979,5800.91261738539,682.978740602732,23679.1812699437,117.765621304512,5.6314332485199,7.47559249401093,11.6056051850319,1.60578137636185,0,99.0020723640919,59.5712183117867,501.293815523386,193.807122468948,225.301877051592,209.264801025391,61.0051763951778,1.44543468952179,464.728297233582,122.332670211792,219.255313903093,57.1604263186455,88.9230400919914,15.3307249546051,2.34762096405029,19.1860197782516,0.401310473680496,2501.0595498085,157.183769375086,10.786753475666,0,0,5.38574174046516,1.69856315851212,18.8437007367611,2.59890753030777,86.1293707191944,0.763734757900238,215.334899634123,2.01742768287659,2.59525811672211,65.7919250428677,203.24697265029,4.71749120950699,89.6942999958992,0,20.5775961875916,112.373967349529,62.3937022089958,126.307391494513,101.641924679279,304.470981359482,4439.86859592795,22.3288756012917,4.14837598800659,6.49351328611374,30.8899365067482,1.95166450738907,0.939320981502533,96.5646880567074,56.8675383925438
657.56714323163,303.940793275833,0,2.02182683348656,34.7480911612511,702.240508913994,1000.59869685769,2985.75500527024,26.6677232384682,71.1809860765934,231.14538282156,22.124493688345,19.6154572963715,4197.80504223704,57.5654011666775,49.2362455129623,18507.9000652134,335.370522916317,1619.55207195878,7.33715713024139,7592.69362415373,116.862902581692,31824.105524987,77.9562621116638,16.5058924555779,42934.0749845207,35705.7433257401,1182.39129629731,1814.2848778069,7943.27608671784,10.0321037173271,187.408328294754,122.669340074062,1470.39708039165,615.966237366199,5908.3265389502,4226.18273770809,3638.31909012794,2747.87328445911,54.6615071296692,40.9299344718456,17.0425305366516,501.515711456537,1055.97050982714,160.478828012943,504.761956065893,21.692922949791,6.37060570716858,0,5.96639651060104,184.699085563421,1880.55943757296,0.473941594362259,0,0,19.8589259386063,7.15083301067352,8.85698041319847,1.08528399467468,28.9467298388481,2.4043972492218,2.4396607875824,11.4016358852386,19.161365121603,409.860218912363,503.971243411303,12.2987469732761,220.715530574322,0.521629929542542,68.7318804860115,148.171503514051,1154.42277014256,105.08713388443,1.0552853345871,366.954895764589,9785.01879861951,29.3318149447441,2.4975548684597,25.2509643733501,0,0,1.48713606595993,382.799262523651,451.61504176259
1.79870688915253,0,2.02182683348656,0,33.6921187639236,108.465569853783,336.937916994095,149.374990820885,1716.95500230789,2758.01457053423,89.3576644659042,2784.16519543529,14.574159860611,158.517256289721,263.064760178328,2.8855944275856,1.95992138981819,19.1432885825634,16.8335717022419,15933.8445924819,16.0667217373848,1.75572314858437,12.5509218871593,2698.9075294137,0,23.0903447270393,5.8735768198967,8463.21261999011,165.125415712595,13.4183828234673,0,77.5489535331726,5.23132327198982,124.481059700251,89.5701895952225,850.28269803524,4.51299494504929,221.51390966773,18.6032173931599,935.35962164402,53.4354363381863,17.1579293906689,150.570066869259,0.924200534820557,80.3682869672775,2.95828169584274,590.773643761873,12.3529290854931,0,0.490137726068497,1.08245241641998,0,1564.20634877682,83.5040835738182,72.0285341739655,150.534586817026,68.4516331851482,642.138400614262,906.939100414515,22.1924252212048,691.533067137003,0,51.9028732180595,158.294570505619,2.43256965279579,0,0.485689043998718,0.770209431648254,614.545762330294,3.38005542755127,2.4131073653698,0.495892405509949,1294.40489894152,0,3.96470347046852,2.98333311080933,2214.93292626739,28.4452104270458,2.27303889393806,0.599947094917297,10.7380076646805,4.33962714672089,62.0725599825382,9.58802503347397
3.82585382461548,3.50192540884018,34.7480911612511,33.6921187639236,0,2928.00267145038,334.313881486654,190.78797519207,32.8356763124466,249.690726101398,29.9466680884361,1571.60750392079,9.26650333404541,55.3351480364799,4587.53185522556,23.8204781413078,12.2696553468704,4.60024386644363,4.26081210374832,142.514187693596,281.554453939199,7.86904218792915,872.629718691111,115.166207104921,1.12779688835144,20.7969727814198,72.958192139864,235.676997959614,20.263006478548,173.631951600313,0,930.745500713587,1.14760905504227,645.424483418465,7627.62396657467,372.375345796347,45.2810095846653,36.858032643795,67.2545228302479,10756.7850909233,5007.03162968159,5.79757881164551,52.5458894371986,16.2343413829803,26.6696370840073,85.6593464016914,37.6198756098747,3.45763647556305,0,0,1.570436835289,9.04010108113289,9.57904371619225,4.35984659194946,2.63347625732422,7.88263520598412,1.30460184812546,11.4057538807392,11.1804359853268,3.52759701013565,35.1079487204552,0,0.920391440391541,7.32617956399918,12.7553355097771,0,11.9391999840736,12.8524079918861,3.14657685160637,17.5893284380436,2.51781010627747,21.1328885555267,61.757700830698,0,16.1777017116547,27.6136031746864,38.6316765546799,5.56313621997833,2.03379482030869,0.619126617908478,0,0.787677943706512,7.95821571350098,1707.2786771059
302.446907669306,0.988107264041901,702.240508913994,108.465569853783,2928.00267145038,0,18511.7713597715,33885.6864953041,121.332445114851,28986.7501930594,1215.25488096476,7711.44384452701,288.268941313028,3916.62119969726,4722.52004334331,4.7225381731987,303.690646320581,189.940881967545,186.560059458017,632.772876679897,1064.17835748196,2.04875683784485,626.747500598431,175.724596858025,0.880457103252411,619.734258562326,143.437308520079,1198.57026317716,1505.71963950992,3089.43295907974,29.5579389631748,1898.00094145536,81.6745602488518,799.494934514165,5447.09145632386,4600.94796699286,63.9021450579166,865.838261365891,192.524968802929,5028.19443061948,1128.04854202271,149.262243628502,178.388498038054,4.96824787557125,42.5460644066334,16.1021001040936,119.473108798265,11.4680759906769,0,0.356005907058716,0,0.698318183422089,18.1039319336414,3.64094987511635,8.95789238810539,51.0200466513634,4.74197289347649,68.8691975176334,19.4244869053364,44.4962532520294,71.3251985311508,2.02298283576965,1.4017368555069,17.191622287035,28.394354403019,0,2.94131469726562,0.843385577201843,11.4603033363819,14.2817811667919,5.0354588329792,7.15524405241013,602.133158907294,0,0.689954400062561,6.08579802513123,312.726484268904,6.01813235878944,24.5372512340546,0,0,5.46261942386627,30.0684480071068,480.617173671722
13360.8085167706,14.5966896414757,1000.59869685769,336.937916994095,334.313881486654,18511.7713597715,0,22088.9211726189,548.04820650816,23388.8060991764,1442.36834934354,576.997640192509,342.685843348503,71440.2666785419,1465.78049591184,60.4786603152752,339.091914355755,339.914222717285,336.747499287128,662.487161964178,5605.85503426194,36.3671827614307,2388.3698579967,5927.82384294271,5.76521736383438,1074.81456723809,586.633311241865,84744.9626374841,10313.2244051993,14960.4590507746,40.625201523304,1548.60499918461,1095.03602364659,3824.38140285015,3324.56664150953,18442.1173073947,217.686935216188,6223.21598184109,1502.23551794887,968.4880643785,923.561147004366,166.329926401377,871.620025128126,26.1843783855438,333.250052899122,85.2205884158611,707.802533715963,110.285363852978,2.41855883598328,1.62076905369759,3.60903510451317,18.0646775364876,222.935125797987,46.5186980962753,82.7751621603966,419.761341899633,235.737603634596,451.232491284609,486.69254103303,127.213398069143,175.491731762886,0.581161439418793,222.055973291397,108.33602258563,168.794588804245,3.34680730104446,0,0,194.164022833109,94.3635448217392,36.6015243530273,51.1675731837749,4044.4075089395,0,0.51636677980423,77.8911662399769,2922.19926545024,219.233657926321,115.48263463378,0,59.5389634668827,37.2401008009911,309.010919302702,384.585215568542
1715.29482957721,1.89559006690979,2985.75500527024,149.374990820885,190.78797519207,33885.6864953041,22088.9211726189,0,161.424426794052,16398.9629118145,742.268708705902,3283.01533889771,185.665090411901,24196.8364983946,332.475871771574,3.3669793009758,1498.62236441672,123.309450685978,303.627449721098,705.945915520191,2110.41307258606,4.30102524161339,2089.56332623959,182.996875554323,0.731990873813629,1379.11901056767,207.493148773909,1480.5386916101,4317.48164069653,14578.0639835298,14.1139484345913,1595.48743903637,103.473565757275,574.481564775109,146.815269559622,4202.41189816594,110.042026817799,790.818761453032,299.457578092813,807.195945888758,216.846946775913,161.535811811686,294.146006405354,14.1315228044987,85.9462799727917,12.701906889677,175.392475396395,26.9764900803566,1.79345178604126,0,0,4.91029557585716,25.1520443856716,3.57710886001587,2.06981021165848,92.4279735386372,12.9622925519943,108.075553029776,43.2592597305775,60.2027977108955,39.3937812447548,1.53785198926926,11.6898365020752,21.5346300601959,28.1195077747107,0.645876109600067,0,0,20.0308077931404,18.1116524934769,10.2490498423576,4.06111225485802,1244.86632844806,0,0.439676940441132,19.617023319006,666.588342547417,32.3330885469913,28.3423429131508,0,4.29511645436287,12.39162504673,96.1129049062729,17.6659530699253
0,2344.83182650805,26.6677232384682,1716.95500230789,32.8356763124466,121.332445114851,548.04820650816,161.424426794052,0,1049.48321962357,91.5986690819263,814.022381752729,1223.95973935723,87.9522275030613,546.812511086464,252.109597027302,20.2448313832283,10.9747661948204,9.32615765929222,1155.21237245202,306.455314338207,10433.3605034053,321.595557391644,39986.3724300563,1929.73229822516,36.8982410728931,1977.01072230935,6487.11490526795,100.115255475044,50.9603642523289,10.845880895853,158.065837085247,15.3175895214081,82.3068178892136,59.6550567150116,554.869087994099,20.4724558889866,104.106960356236,28.3779079318047,740.34488761425,46.6499547958374,319.811715483665,825.329553455114,78.4387320578098,252.466495364904,71.6584413945675,581.872848302126,87.3747556209564,23.6085306107998,8.06034541130066,25.6545110940933,28.3514770269394,511.274188429117,77.2372985482216,109.06112191081,435.478596627712,196.214941084385,3376.28722760081,552.576160907745,157.166199922562,264.800227016211,102.639960467815,209.042751073837,143.433941960335,893.098977029324,17.2989881634712,76.449139714241,6.25724267959595,201.926669329405,302.31919619441,923.443324238062,241.169362574816,8738.85460796952,65.5574076771736,47.5725392699242,255.674976289272,3960.14779680967,276.657009243965,297.576301127672,15.0798326730728,55.9843382239342,93.0430652797222,289.71071973443,159.340489804745
76.0735929012299,2.18225792050362,71.1809860765934,2758.01457053423,249.690726101398,28986.7501930594,23388.8060991764,16398.9629118145,1049.48321962357,0,2458.2101995945,11208.3172650933,542.688570588827,8556.31929638982,974.783329576254,5.76005080342293,130.713981479406,556.775770634413,414.12151736021,11230.5933472514,209.699277371168,2.39804035425186,152.933922559023,1692.70948916674,0.525965213775635,753.914937466383,297.517485052347,10957.851621151,3323.51279017329,358.013196349144,71.4339809417725,2039.46025288105,37.7382410764694,2544.2470985055,2070.5646417737,9670.36334213614,53.7348370850086,3396.01091468334,335.541779220104,1383.94562527537,910.581464886665,116.743957817554,319.663737684488,4.55268329381943,177.584944754839,13.766684114933,653.739530235529,44.715690612793,1.56940585374832,0.395981132984161,3.59184485673904,0.598013043403625,449.492568284273,34.0527133643627,79.5431988537312,304.941547304392,91.7472065091133,641.441902816296,511.268020361662,27.6669661998749,300.404609084129,0,31.4277301430702,135.798469513655,21.9167731404305,0,0,0,306.168800890446,10.031894415617,7.22663626074791,1.64057719707489,2316.62010674179,0,0,2.22962549328804,2655.90726825595,47.0968063473701,8.31941589713097,0,1.41806066036224,8.64667591452599,128.139461189508,115.282463371754
62.5377302467823,33.1638538241386,231.14538282156,89.3576644659042,29.9466680884361,1215.25488096476,1442.36834934354,742.268708705902,91.5986690819263,2458.2101995945,0,2107.7802067697,8751.3011508584,933.21031293273,126.221617877483,5.31889671087265,1318.96888446808,3936.10210749507,1794.18979403377,472.278024464846,86.2592490613461,15.5138913691044,464.024818390608,110.088274270296,69.7021059393883,5665.87823233008,1524.4695866406,536.294885218143,3293.12368822098,476.456239461899,571.660286188126,4756.35597223043,12.7961201369762,8869.5116340816,352.785537421703,4656.24133133888,4951.26192566752,10035.8899539411,1829.50238883495,213.850648373365,129.139606595039,4675.08109110594,88.0623664855957,484.955089390278,38.5554986298084,7.55525088310242,62.0607514977455,0,111.743425309658,0,39.0331172347069,31.2447527050972,0,0.596930980682373,0.72530460357666,7.63826256990433,4.69270950555801,72.8842422962189,2.8727742433548,298.500635266304,22.4783017337322,935.239657342434,1.81226825714111,5.45897835493088,11.7769523859024,9.3610811829567,0.601800799369812,5.71713137626648,1.98728543519974,3.09451693296432,6.28521859645844,0.803166538476944,377.89767023921,75.5299044251442,39.3028194308281,341.987234830856,56.5670621097088,4.50065940618515,4.84120327234268,84.8485453724861,4.85683172941208,2.51843947172165,58.7331017255783,241.133167684078
37.600138515234,9.09026521444321,22.124493688345,2784.16519543529,1571.60750392079,7711.44384452701,576.997640192509,3283.01533889771,814.022381752729,11208.3172650933,2107.7802067697,0,513.570849061012,1656.2442895472,7018.12055280805,3.9222149848938,85.9499481320381,410.956964761019,327.872849404812,12081.6596692204,19.6264661848545,19.4143331050873,47.3327983617783,1504.39794161916,7.04789340496063,577.675033539534,167.00108730793,2326.0787948966,1082.29058539867,129.516276240349,57.2396358847618,1542.4842274189,0,1052.35605877638,4574.22776168585,2955.62867364287,50.1049105525017,950.807946205139,64.547694414854,6284.69762846828,447.609058648348,164.130740195513,211.114819198847,6.54221069812775,62.0532583892345,9.05364698171616,1011.32703885436,23.1027041971684,0.52857917547226,1.42996042966843,0.912155449390411,0,376.200658261776,103.975929826498,87.0568728744984,103.620987594128,88.5671370625496,233.343760579824,377.382564872503,62.7720150649548,901.896165758371,4.84269231557846,56.1321402490139,204.987895160913,12.4582910835743,0.533416450023651,4.3247022330761,0,335.297411590815,6.71190267801285,3.12677583098412,3.52422621846199,868.473621100187,0,3.91488513350487,10.6196201145649,1555.05614671111,45.8237929046154,24.0738855004311,0.443866610527039,15.5475661456585,2.70416349172592,58.3789583444595,591.536939144135
8.80163615942001,1121.01551616192,19.6154572963715,14.574159860611,9.26650333404541,288.268941313028,342.685843348503,185.665090411901,1223.95973935723,542.688570588827,8751.3011508584,513.570849061012,0,140.861080557108,47.4843347072601,79.6197419166565,38.4179146885872,19.3999106884003,3.03391054272652,100.577139139175,85.6367105841637,1392.91298758984,48.1208759248257,1248.45836648345,5896.57603764534,225.494932234287,3839.89756608009,178.675802826881,482.507260739803,71.120376855135,774.591578781605,1318.25285586715,0,1332.76332572103,67.7577728629112,1106.54635673761,9033.92212086916,4019.1364955008,341.008397340775,71.0807408392429,39.3565875291824,8030.41020894051,38.6015346646309,6204.22968614101,263.743764877319,9.32522773742676,21.4792748689651,0,1281.49884939194,0,741.232861816883,2.60786592960358,5.52581876516342,1.25501191616058,4.491380661726,4.42672455310822,28.2620876729488,106.125452041626,6.75073546171188,4018.81117290258,13.1367556154728,13054.1102833748,13.8126493096352,5.01986426115036,18.3661144077778,4.01563769578934,13.1604167222977,9.53237825632095,0.532675325870514,2.98881158232689,95.8838680684566,3.0324282348156,80.5461103916168,3066.34272646904,598.054639011621,5810.142937392,4.88944202661514,18.1835263967514,2.03462207317352,1724.88969132304,109.288775444031,0.538726568222046,588.319964975119,51.5906851887703
11940.1047237217,7.55104497075081,4197.80504223704,158.517256289721,55.3351480364799,3916.62119969726,71440.2666785419,24196.8364983946,87.9522275030613,8556.31929638982,933.21031293273,1656.2442895472,140.861080557108,0,118.406141579151,3.85450595617294,3051.9190556407,225.664890944958,552.782250910997,539.959690272808,2586.2738032639,3.47045773267746,3835.49429607391,168.21705147624,0,1933.60111556947,434.233351349831,1923.86100393534,28003.3392703533,37504.051050514,14.8464123904705,2432.47459030151,227.996027082205,1026.82312557101,131.374608814716,2350.84687814116,153.604319274426,947.851527005434,336.058809071779,213.741035729647,103.4195099473,92.7558859288692,175.886568069458,14.3692207038403,45.5945375263691,10.8529379069805,116.334653317928,14.6681616902351,0,0.383763760328293,5.43368762731552,6.82414884865284,15.404091835022,3.11824911832809,2.47719502449036,55.0369399487972,5.17553809285164,64.3994191884995,8.39394307136536,26.0528197288513,27.225289106369,0,4.93897986412048,10.7151345014572,62.5080753266811,0.647182941436768,0,0,9.86694532632828,22.3585009276867,25.6698579490185,11.0136269032955,774.688857525587,0,0.944759041070938,58.7873580008745,360.814149320126,12.5914905667305,34.6687178611755,0,1.07836729288101,6.33999818563461,44.1690094769001,13.3757589161396
10.5750123262405,61.4050297737122,57.5654011666775,263.064760178328,4587.53185522556,4722.52004334331,1465.78049591184,332.475871771574,546.812511086464,974.783329576254,126.221617877483,7018.12055280805,47.4843347072601,118.406141579151,0,38.9449576735497,27.9599893093109,36.0988251268864,22.0492431521416,714.235445976257,305.577686399221,172.588492363691,876.333034783602,1678.46857953072,70.6265472769737,68.806786775589,209.594253838062,1333.76445668936,120.889295995235,432.914831638336,3.46095541119576,932.650942653418,4.9231615960598,113.611774802208,4060.15428426862,898.09712690115,117.211313307285,216.965087413788,136.696483671665,6217.66284200549,275.945737540722,39.8743935227394,90.4839116334915,18.6370885670185,36.8164134025574,70.6848618388176,231.791662275791,6.01931965351105,1.50183999538422,0,0,5.11219272017479,56.7471898496151,13.2303495407104,17.480266392231,27.8183125853539,12.4526064693928,77.7042382955551,74.0633188784122,21.6515556573868,106.199963331223,2.32790517807007,14.3410876989365,39.6952280402184,54.239814221859,1.88468766212463,6.33941900730133,3.02040061354637,47.1700011789799,12.9074196517467,22.0410215854645,30.2728052437305,345.647004812956,0.636250078678131,10.1630763411522,35.1293187439442,385.914411753416,19.2044223845005,16.3955185711384,0.8558030128479,1.6704974770546,5.70267045497894,24.9472036957741,1220.61443269253
0,573.76809373498,49.2362455129623,2.8855944275856,23.8204781413078,4.7225381731987,60.4786603152752,3.3669793009758,252.109597027302,5.76005080342293,5.31889671087265,3.9222149848938,79.6197419166565,3.85450595617294,38.9449576735497,0,86.5058064460754,1.67401218414307,5.70084637403488,1.43347835540771,15088.8748570383,8181.95463085175,21380.0733629763,1202.58003139496,102.50804913044,41.4599306583405,11323.3713364303,5374.07480597496,5.47213286161423,89.3330503106117,0.403064608573914,2.36086758971214,3.98443424701691,48.9881540238857,411.741203486919,3474.50315877795,1306.72052699327,487.879374682903,759.388696730137,37.5320744216442,53.5905891656876,416.682531625032,1097.29813241959,89.6176102459431,363.125622600317,503.406640201807,420.878560572863,35.0831086933613,2.62403491139412,1.02596607804298,8.14875009655952,84.9657223522663,1.18419566750526,8.05367276072502,10.6366735994816,125.329104155302,54.5018831193447,28.7338128089905,26.7939731478691,291.956952661276,16.1638917028904,3.24328005313873,60.5176614820957,40.5565831959248,15594.4497614801,36.7341875135899,6.65058213472366,15.645549505949,5.92675632238388,1444.71384340525,3112.64103105664,4749.36923089623,1296.8578773737,0.821569293737411,46.8154646456242,1674.72821927071,352.889294475317,114.778740018606,464.412595927715,0.978578239679337,24.973075658083,59.9606282114983,373.736319363117,277.875788658857
427.126172363758,467.595937043428,18507.9000652134,1.95992138981819,12.2696553468704,303.690646320581,339.091914355755,1498.62236441672,20.2448313832283,130.713981479406,1318.96888446808,85.9499481320381,38.4179146885872,3051.9190556407,27.9599893093109,86.5058064460754,0,2013.6830431819,9012.29434883595,30.0839796364307,1505.63139307499,157.044733285904,11256.053029567,96.7096811234951,28.6908719539642,7707.23218631744,19299.6097013354,466.322185873985,3953.56962260604,3266.17563074827,16.4500939249992,168.705502212048,569.802600771189,11636.7034777105,449.787570118904,5117.10851505399,3846.48697286844,3748.40498566628,2303.91990831494,36.1310425698757,29.8055609762669,20.7931564152241,154.215394765139,596.855413943529,56.5401544868946,154.864733725786,9.23908224701881,5.40137028694153,0,0.97150781750679,151.372603058815,781.227813899517,0,0.947528302669525,1.81572890281677,1.2067819237709,0.441328763961792,4.9646560549736,0,7.57120481133461,0.787267684936523,2.85760170221329,1.09075871109962,14.6405121088028,75.4209840297699,304.391877919436,4.56906944513321,110.698062211275,0,21.5471704006195,63.2453316450119,144.255995899439,35.2623206675053,3.09221744537354,370.338877022266,3942.6783182323,3.00362333655357,0.46939617395401,2.37808698415756,0,0,1.98697727918625,133.61658218503,329.274749696255
22.0992561280727,23.0734145641327,335.370522916317,19.1432885825634,4.60024386644363,189.940881967545,339.914222717285,123.309450685978,10.9747661948204,556.775770634413,3936.10210749507,410.956964761019,19.3999106884003,225.664890944958,36.0988251268864,1.67401218414307,2013.6830431819,0,7887.77879038453,127.572748064995,79.9116071462631,7.84202599525452,666.024918347597,23.5201210975647,2.96080097556114,1383.22767233849,1826.63429179788,120.78591811657,585.877624183893,197.645629107952,18.447728395462,270.598163872957,30.8571811020374,2854.34782406688,342.130481630564,4271.38885554671,2697.58509218693,4394.47560688853,2023.40123108029,29.714146733284,13.7868747115135,39.4934940934181,18.0208832919598,64.0913660228252,4.11131516098976,10.9508706331253,5.09203958511353,0.645401895046234,0,0,7.60169184207916,40.650677293539,0,0,0,0,0,9.62554204463959,0,2.59744113683701,4.29400640726089,14.758106648922,0,4.97922438383102,2.45840805768967,14.1704648137093,0.48915821313858,12.5397246181965,0,0.492159307003021,1.71767139434814,3.67155775427818,6.84912750124931,1.71114778518677,56.5571601986885,456.261450082064,0,0,0,5.96440398693085,0,0,9.27765905857086,249.785561800003
53.344790905714,81.5754250884056,1619.55207195878,16.8335717022419,4.26081210374832,186.560059458017,336.747499287128,303.627449721098,9.32615765929222,414.12151736021,1794.18979403377,327.872849404812,3.03391054272652,552.782250910997,22.0492431521416,5.70084637403488,9012.29434883595,7887.77879038453,0,86.1948345303535,350.265674322844,22.5632579624653,2408.31049031019,36.0225384235382,7.70321482419968,8279.89422285557,4518.47398912907,176.574194252491,908.214035749435,498.523998975754,1.14784169197083,143.796990394592,122.247633486986,6561.49370336533,353.602409154177,4804.8102401197,2336.84568411112,3210.94773328304,1695.88969823718,43.1113168001175,18.9000611007214,22.3845372796059,33.1035969555378,155.075871855021,15.4898120760918,42.1986507177353,5.17051112651825,1.73311543464661,0.976136863231659,0,53.657307267189,130.378985285759,0,0,0,0,0,13.616409599781,0,0.847989112138748,0,6.27412706613541,0,12.5147286057472,11.2781791388988,94.5721043348312,2.37346249818802,63.0912228822708,0,2.50087240338326,8.44813650846481,12.2988516390324,5.60866433382034,1.3036801815033,295.410441488028,1282.64016386867,2.16742393374443,0,0.496272772550583,0.746681153774261,0,1.01201009750366,18.4061685055494,276.405371278524
15.4764227867126,1.19546782970428,7.33715713024139,15933.8445924819,142.514187693596,632.772876679897,662.487161964178,705.945915520191,1155.21237245202,11230.5933472514,472.278024464846,12081.6596692204,100.577139139175,539.959690272808,714.235445976257,1.43347835540771,30.0839796364307,127.572748064995,86.1948345303535,0,11.0930967032909,1.58446484804153,29.1473517119884,2074.05775073171,0,154.26865029335,72.0547021925449,6291.02115008235,424.331495463848,44.2799993753433,10.6296927332878,307.628717660904,2.64683815836906,283.115163326263,142.211477339268,1716.03894543648,5.48218020796776,360.88167694211,33.3844068050385,1711.40089309216,134.027300417423,61.2905398011208,319.465769141912,3.55980056524277,162.897947669029,9.17825010418892,987.019335120916,41.1728259921074,1.95930063724518,1.95544254779816,0.997461259365082,1.69684028625488,556.568832218647,113.812528461218,96.2868537604809,220.066037088633,129.931532472372,490.616653472185,628.504806727171,73.6182446479797,565.631951272488,0,104.208468407393,194.261169970036,9.14327815175056,0,0,0.938068687915802,357.997876942158,4.04270052909851,1.34956783056259,2.06578394770622,2073.25746056437,0,0,6.7136178612709,2843.77385514975,79.0624640583992,17.7970032691956,0,46.6488963663578,4.05240041017532,101.077469885349,23.5027859210968
164.001802235842,107.694100439548,7592.69362415373,16.0667217373848,281.554453939199,1064.17835748196,5605.85503426194,2110.41307258606,306.455314338207,209.699277371168,86.2592490613461,19.6264661848545,85.6367105841637,2586.2738032639,305.577686399221,15088.8748570383,1505.63139307499,79.9116071462631,350.265674322844,11.0930967032909,0,1411.00083613396,35311.1060724258,1156.5638282299,94.7654773592949,1106.81444069743,3915.58094829321,38662.0121430755,412.044907003641,60747.7550341487,2.37849318981171,106.570887327194,152.33978164196,8762.51554244757,2860.15524557233,16054.3126826286,3747.30500662327,14317.0796166956,6129.79847863317,214.018451601267,101.697213739157,384.732245028019,832.742725044489,68.476843893528,251.967622160912,232.414458990097,524.901130735874,35.206438690424,1.75723668932915,7.65403991937637,11.5536264181137,80.8923997282982,3.95004191994667,15.9177756607533,5.26377680897713,90.2073594927788,51.6589268445969,42.6649824082851,13.8843653202057,268.079421877861,18.172211587429,7.86208486557007,71.30298858881,88.9529395699501,3645.44558209181,36.5639484524727,0.491744041442871,10.5769767463207,6.98850452899933,1342.40268114209,1564.13680168986,995.959850311279,1994.95942622423,4.99362424015999,46.9152247011662,450.60959097743,370.785346925259,258.400319546461,821.280696690083,0,31.4367451965809,81.9644177556038,331.490643650293,753.570498883724
0,5796.88460832834,116.862902581692,1.75572314858437,7.86904218792915,2.04875683784485,36.3671827614307,4.30102524161339,10433.3605034053,2.39804035425186,15.5138913691044,19.4143331050873,1392.91298758984,3.47045773267746,172.588492363691,8181.95463085175,157.044733285904,7.84202599525452,22.5632579624653,1.58446484804153,1411.00083613396,0,1656.42158547044,13331.886505425,2063.58919793367,74.4154631495476,30270.943829,1013.20669710636,7.9385586977005,26.7290439903736,15.129829287529,0,5.45537853240967,35.7218117117882,41.1350587308407,270.748788028955,75.1547646522522,117.930854618549,121.851276636124,152.022803664207,15.9736733138561,397.818342804909,894.45746409893,171.157948046923,281.031154304743,370.630473673344,223.938091427088,24.0237691700459,22.7414488494396,10.1900424361229,166.128357887268,142.802667886019,32.1618911325932,4.59823197126389,4.34895610809326,112.173747211695,21.3650225996971,248.160107880831,8.72913718223572,149.710744380951,2.85924476385117,154.72622358799,73.8789616525173,46.0314894616604,4708.69268959761,87.9027490317822,10.5143771469593,55.3523087203503,1.15601456165314,878.353976458311,2832.57372444868,1145.2011397779,2421.35461953282,76.3678843080997,95.819786220789,3419.15978181362,289.772810786963,254.820341259241,622.871126562357,15.5234167277813,11.3128768503666,105.878615885973,360.416897475719,218.22114521265
557.741507053375,136.416614025831,31824.105524987,12.5509218871593,872.629718691111,626.747500598431,2388.3698579967,2089.56332623959,321.595557391644,152.933922559023,464.024818390608,47.3327983617783,48.1208759248257,3835.49429607391,876.333034783602,21380.0733629763,11256.053029567,666.024918347597,2408.31049031019,29.1473517119884,35311.1060724258,1656.42158547044,0,664.157251566648,55.8193352818489,6267.97566995025,32550.7688616812,9853.82342678308,4043.52596262097,21256.531873256,9.94011786580086,159.245336025953,865.809587448835,22765.832991749,10245.5566242635,62982.6222393215,18286.3881390095,41649.1427564919,34700.3650356233,742.039545357227,284.877754986286,609.367426097393,1459.81221345067,248.430317431688,472.697266280651,992.806270599365,559.925301939249,50.9230281114578,0.94424232840538,3.41378715634346,44.410348534584,342.589785724878,3.50835937261581,24.8316705226898,13.0100516974926,143.910406678915,69.3716665506363,28.4444092512131,15.3063540458679,427.346190452576,35.8076368272305,4.23895409703255,63.839792907238,255.948411911726,15033.3054640293,100.356804549694,4.47007945179939,38.7746539413929,5.64310273528099,1647.45558178425,2917.46401295066,5495.29297509789,1334.96038407087,3.59138697385788,100.764587283134,2522.96788698435,473.256950378418,120.432518780231,533.985614269972,0,44.2508847117424,69.1248470246792,454.765530854464,4244.94568234682
6.2331468462944,2700.60597684979,77.9562621116638,2698.9075294137,115.166207104921,175.724596858025,5927.82384294271,182.996875554323,39986.3724300563,1692.70948916674,110.088274270296,1504.39794161916,1248.45836648345,168.21705147624,1678.46857953072,1202.58003139496,96.7096811234951,23.5201210975647,36.0225384235382,2074.05775073171,1156.5638282299,13331.886505425,664.157251566648,0,1943.66825523973,227.5098079741,4387.92394220829,30101.6316595674,274.634173333645,196.155779629946,8.95916748046875,85.5611208975315,77.1813704669476,255.682603240013,299.816745400429,2706.98674288392,151.538395553827,535.422704726458,270.854609400034,1690.16085320711,86.1615124940872,571.167006969452,5023.00977829099,147.950149178505,1774.92102754116,309.706806123257,2655.94956725836,558.368961751461,18.8497615754604,28.8063513338566,26.3338829278946,60.231152266264,1517.90547651052,155.55413800478,346.927000373602,2068.57981660962,1013.86354583502,5216.98719125986,1549.46159619093,639.06373116374,548.871939390898,107.026678293943,1280.07367169857,474.028100311756,1827.30225303769,34.760765850544,14.8020322918892,19.5870425701141,869.62710788846,893.927751213312,1100.50055468082,468.519720107317,26901.064719528,63.6603285074234,40.5628941059113,413.466681212187,13442.3865916133,1767.21944609284,1398.8439154923,5.82434219121933,341.672697514296,341.974455356598,1722.07602062821,510.726161032915
0,5800.91261738539,16.5058924555779,0,1.12779688835144,0.880457103252411,5.76521736383438,0.731990873813629,1929.73229822516,0.525965213775635,69.7021059393883,7.04789340496063,5896.57603764534,0,70.6265472769737,102.50804913044,28.6908719539642,2.96080097556114,7.70321482419968,0,94.7654773592949,2063.58919793367,55.8193352818489,1943.66825523973,0,181.645327597857,17422.7142778933,89.83366137743,0,0.50925612449646,115.117951393127,9.24101358652115,0,21.8546805381775,3.23062455654144,85.1170555353165,186.762967288494,104.678297966719,32.6482537984848,52.8795349597931,1.33930480480194,1024.34037837386,35.571596711874,714.28116697073,84.9038583338261,18.22132858634,13.5967251360416,0,306.87152826786,0.547777473926544,1047.45186817646,30.3578062355518,2.8517193198204,0,1.35003662109375,2.06014674901962,7.90862423181534,43.1124220788479,5.02556604146957,862.293672412634,11.381417453289,2820.49375092983,2.86757826805115,0.680119276046753,19.5742311775684,23.2957747876644,7.594766497612,42.9220496416092,0.739379495382309,4.85765606164932,43.8033093214035,4.1862812936306,57.3316193223,3046.23495566845,354.6053186059,4976.39652252197,4.16368719935417,8.56707102060318,1.81033936142921,181.186957478523,46.071330010891,0.443836003541946,239.626443982124,2.61810410022736
224.338596820831,682.978740602732,42934.0749845207,23.0903447270393,20.7969727814198,619.734258562326,1074.81456723809,1379.11901056767,36.8982410728931,753.914937466383,5665.87823233008,577.675033539534,225.494932234287,1933.60111556947,68.806786775589,41.4599306583405,7707.23218631744,1383.22767233849,8279.89422285557,154.26865029335,1106.81444069743,74.4154631495476,6267.97566995025,227.5098079741,181.645327597857,0,65828.5420880318,729.879906594753,1359.78077590466,2460.08497241139,184.175537228584,439.940304934978,47.2077822685242,2604.28679791093,1366.27794277668,18390.8704847097,15717.3964342177,7813.85154557228,6069.2605265379,89.288349032402,93.4620768725872,127.113622695208,436.097236409783,2720.58840635419,311.414098113775,493.035384774208,10.9391224086285,4.32204622030258,56.1756177544594,0,944.558210432529,1624.24585968256,0,0.852175056934357,0,3.86787277460098,0.616003572940826,30.3203486502171,0,463.966567635536,9.23716911673546,2408.73447990417,2.66329023241997,35.0304798483849,40.4448236525059,1087.59062963724,160.988551557064,969.544997125864,0,14.0948868691921,80.1984235644341,122.509510904551,36.3852605819702,451.262218236923,5365.43304625154,29623.5849957168,3.44575008749962,1.25788843631744,7.53849503397942,644.661406069994,4.74859666824341,1.48290520906448,470.861207962036,1058.128734231
56.3473482578993,23679.1812699437,35705.7433257401,5.8735768198967,72.958192139864,143.437308520079,586.633311241865,207.493148773909,1977.01072230935,297.517485052347,1524.4695866406,167.00108730793,3839.89756608009,434.233351349831,209.594253838062,11323.3713364303,19299.6097013354,1826.63429179788,4518.47398912907,72.0547021925449,3915.58094829321,30270.943829,32550.7688616812,4387.92394220829,17422.7142778933,65828.5420880318,0,5915.55909097195,738.061449557543,1236.6179484427,840.584990859032,105.342822551727,122.289049327374,6350.86901462078,3388.25298386812,35300.540985167,12963.508621484,16298.8690066636,15991.059386313,231.986863583326,137.652034312487,314.643828749657,4660.31296297908,6661.97991520166,2123.90472650528,4226.45967456698,217.021783173084,65.452888250351,180.856819689274,21.8726923167706,8633.40230610967,8129.36796456575,6.05087316036224,6.96521723270416,4.73635187745094,189.696435570717,36.0817530155182,113.726953297853,13.1442448794842,1256.08745610714,39.3436442613602,6944.98708772659,71.9108452498913,165.686591267586,11676.6843831241,4356.46536368132,370.630130946636,2876.72377923131,4.01012259721756,780.104117721319,4039.01656663418,10370.6082992256,1381.52683493495,2688.70589286089,12804.8282985389,134473.93260175,358.359088778496,64.3768126070499,265.772104233503,1510.74213904142,15.4780250489712,26.7752028107643,2674.03644350171,3285.85941585898
61.4711927771568,117.765621304512,1182.39129629731,8463.21261999011,235.676997959614,1198.57026317716,84744.9626374841,1480.5386916101,6487.11490526795,10957.851621151,536.294885218143,2326.0787948966,178.675802826881,1923.86100393534,1333.76445668936,5374.07480597496,466.322185873985,120.78591811657,176.574194252491,6291.02115008235,38662.0121430755,1013.20669710636,9853.82342678308,30101.6316595674,89.83366137743,729.879906594753,5915.55909097195,0,2626.16626593471,4824.22400686145,19.971929192543,472.948013484478,1051.17958647013,2888.63944065571,2564.41306897998,17893.9927408397,789.491960257292,5609.35713922977,2289.32772266865,1678.46338474751,483.218396425247,624.457351654768,4557.71244269609,99.2704483866692,1591.78604918718,299.353958249092,3778.76733669639,516.213434875011,7.91118866205215,24.3083112835884,8.51986220479012,100.441727519035,1467.57848101854,203.318521976471,353.164940446615,1809.50711706281,820.493822395802,3018.1524142921,1861.75160709023,578.916837394238,873.962920844555,4.55494177341461,974.642403513193,623.837356835604,2258.81912240386,32.6817699670792,1.29306852817535,7.20290181040764,1003.34414425492,1044.29816225171,926.79196318984,675.352701276541,18019.6637863815,2.47512483596802,31.2080913484097,654.731636911631,12321.9936513603,1397.38677048683,1260.20612850785,0,208.584310084581,278.896091848612,1481.28904020786,658.703914374113
10691.8444442749,5.6314332485199,1814.2848778069,165.125415712595,20.263006478548,1505.71963950992,10313.2244051993,4317.48164069653,100.115255475044,3323.51279017329,3293.12368822098,1082.29058539867,482.507260739803,28003.3392703533,120.889295995235,5.47213286161423,3953.56962260604,585.877624183893,908.214035749435,424.331495463848,412.044907003641,7.9385586977005,4043.52596262097,274.634173333645,0,1359.78077590466,738.061449557543,2626.16626593471,0,21832.2551479638,57.2087237238884,2499.52290675044,2725.56891465187,4634.37418815494,204.984157949686,2730.86085158587,137.89757630229,1429.68978831172,256.944014787674,221.656139433384,176.430986613035,166.772795408964,269.258719533682,10.2046156227589,71.0005546212196,16.4450829923153,215.03516086936,8.21329939365387,0,0,2.85855603218079,7.13169524073601,11.6175263226032,0,6.16719496250153,65.2116828560829,10.8617079555988,76.5496891736984,22.4491935372353,58.282717436552,22.4083911478519,3.61173450946808,16.8176440000534,16.0740218162537,137.113124758005,0.393935918807983,0,1.0111979842186,12.5276311635971,89.1225510537624,44.4556573927402,23.4632923901081,1009.29346594214,0,3.91692596673965,47.0303688943386,332.940900862217,40.925440132618,53.4518322944641,0,3.79019045829773,12.4771567583084,83.1972709298134,27.5190568566322
13068.9567659497,7.47559249401093,7943.27608671784,13.4183828234673,173.631951600313,3089.43295907974,14960.4590507746,14578.0639835298,50.9603642523289,358.013196349144,476.456239461899,129.516276240349,71.120376855135,37504.051050514,432.914831638336,89.3330503106117,3266.17563074827,197.645629107952,498.523998975754,44.2799993753433,60747.7550341487,26.7290439903736,21256.531873256,196.155779629946,0.50925612449646,2460.08497241139,1236.6179484427,4824.22400686145,21832.2551479638,0,4.70926091074944,876.225424051285,3321.68334928155,15213.1717796028,2148.14454576373,12738.5749835372,1026.4045214057,10102.4720742702,2802.00120681524,243.090819209814,195.019191175699,119.160629928112,218.224633604288,46.6331330835819,69.8882822692394,88.8925915956497,203.823816895485,7.83039098978043,0,0.488494485616684,4.8140321969986,42.6186301112175,0,6.30059432983398,2.2029016315937,22.2454024255276,9.74682173132896,10.3844868540764,3.7382670044899,90.6640269756317,7.03595843911171,1.24975943565369,12.7439062893391,37.8047243952751,309.787665963173,7.82551652193069,0,1.54180133342743,3.83622997999191,197.859724193811,185.477633535862,99.585796713829,516.05673673749,0,5.89879170060158,224.385233163834,111.639385551214,40.1243771314621,55.6535293459892,0,8.59030264616013,16.2801457047462,63.4817969799042,387.135180085897
