0,0,858.386982291937,0.487274289131165,1.43104675412178,82.7875166833401,13535.9023983777,3010.71616888046,11.2309729158878,83.1886545717716,114.676966547966,45.452383428812,17.6884579956532,7066.90130549669,3.26182344555855,0,1043.62455198169,58.5239986181259,186.644696086645,8.86640790104866,283.149829387665,1.13414013385773,1456.12752696872,17.2272435128689,1.05526268482208,386.293662041426,155.794068336487,129.120726168156,7686.93381839991,15987.7057709396,0,29.5500464439392,24.4985486865044,168.156752258539,13.5410717129707,123.755922198296,24.545141607523,60.7224573791027,17.8841251432896,16.7525355517864,8.71018916368484,0,2.13016247749329,2.52720308303833,2.1584780216217,1.27702784538269,1.78452828526497,1.0502564907074,1.04982352256775,0,0,0,0,0,0,0.408494502305984,0,7.58450528979301,0,2.1134871840477,0,2.92499530315399,1.03860104084015,0,3.26172718405724,0,0,0.818991601467133,0,3.80813318490982,1.94809937477112,1.33635210990906,9.148377597332,0,0,12.9245328009129,11.57112377882,0,0,0,0,0,0,0.852756917476654
0,0,4.77487909793854,16.6927421092987,16.0607039034367,0.830409944057465,1.96088695526123,6.55088564753532,1545.66934734583,8.96460819244385,388.887090444565,15.4201534092426,1876.16029968858,2.92956310510635,91.8652193248272,174.380525827408,9.46438068151474,3.26857423782349,9.67985534667969,3.00969389081001,48.6054640710354,2430.02790534496,47.7875539660454,2760.99250790477,4536.37950071692,163.282753676176,10092.5594238639,55.8173506855965,10.4822740852833,2.11759793758392,133.707063049078,3.23346865177155,0,67.4847117364407,8.14993745088577,91.5093322098255,115.661653578281,46.6963853240013,23.4196585714817,52.4363495409489,0.574206292629242,371.985927611589,99.6077339053154,318.055340588093,45.603245049715,29.7011982798576,6.16273707151413,0,133.016963362694,0.632741451263428,2991.16952162981,54.6791259050369,1.41882419586182,0,0,4.58660411834717,0.73471462726593,36.573952704668,0.564287126064301,164.7167121768,0.490543007850647,863.120985805988,19.9343481659889,0.933269441127777,47.0855577886105,19.2731425464153,13.1874956786633,24.8291176557541,0.514095842838287,0,134.566856861115,25.7123852968216,77.4456904530525,665.712997794151,153.815317630768,5697.04014179111,29.9794975221157,8.18085503578186,0,82.7619697749615,31.294365465641,0,55.4173227250576,4.41475707292557
858.386982291937,4.77487909793854,0,10.4309829771519,19.4463950693607,163.991815507412,1888.31420016289,5698.48581911623,3.07531905174255,570.680892646313,200.251161456108,21.7540338933468,132.847644925117,4855.78168553114,63.3347062766552,39.8029254376888,19090.1775279343,349.933838218451,1805.1615652144,15.670281380415,3841.04504474998,35.6594190299511,50798.3697221577,44.292156457901,2.99410623311996,42889.9395533502,27244.266543895,690.480032175779,673.456699371338,2960.90860131383,17.2124100923538,44.7490957975388,83.473336070776,1318.97286716104,698.880987733603,8361.39512762427,3535.55099898577,4038.48172795773,2571.07779553533,51.5712474584579,136.160002470016,6.418328166008,817.008191078901,1269.28606492281,285.225547671318,361.874835461378,23.3842426240444,4.20088458061218,3.82888424396515,4.49577867984772,60.5529664158821,1497.11530050635,0,0,3.66393944621086,94.0586731135845,27.2939997017384,3.34549129009247,0.796598255634308,13.1653015017509,0.980214953422546,23.7238327860832,37.20167568326,6.43639725446701,410.151430845261,205.822512745857,9.07362675666809,40.2216441035271,0,54.7941262423992,123.032379090786,971.400825411081,54.7960520386696,1.35209548473358,174.536953389645,10426.6901759505,137.071905195713,6.82019975781441,41.1890592575073,0,0,0,39.794115126133,363.59636849165
0.487274289131165,16.6927421092987,10.4309829771519,0,152.985908925533,186.440689384937,225.663735926151,226.928013771772,3592.52382212877,8675.83769455552,51.6098183691502,4904.73397663236,55.4074020981789,63.3159382045269,722.326650708914,0.696047365665436,4.1949602663517,6.41196355223656,4.84700945019722,33631.1096158028,20.8124958574772,33.2952225208282,11.4468975067139,8662.64630651474,28.1579089462757,9.17907366156578,49.8483941257,13142.169441551,103.437639266253,14.0873756408691,0.738974213600159,28.6092866361141,7.97141912579536,73.7991531789303,141.599823653698,939.133998572826,7.50147858262062,73.4473006129265,14.9554128050804,598.556699961424,55.324595451355,8.42251870036125,155.356493353844,4.60777738690376,49.8188271820545,5.74181434512138,1184.72792258859,13.776192098856,2.87505257129669,1.0226925611496,0.872898101806641,0.334044873714447,2729.29252251983,64.4992718398571,539.505150824785,201.661500781775,269.391752511263,946.364152282476,1729.93778204918,6.88009995222092,1355.20650413632,5.09328827261925,78.7424679398537,278.375054627657,12.5457829236984,0,1.56789094209671,0,1267.78914275765,2.20204085111618,4.65462404489517,1.15205615758896,2386.4119977653,0.436814963817596,1.0034367442131,2.05037406086922,2481.03969815373,15.7047699987888,1.41709589958191,0,21.6174013614655,1.07834470272064,25.4828499257565,9.90864616632462
1.43104675412178,16.0607039034367,19.4463950693607,152.985908925533,0,2488.77752014995,82.7876201868057,129.597470968962,996.664110183716,458.941647738218,9.44705733656883,1168.9944498539,112.176375150681,11.2563339471817,2127.31473591924,18.1039922833443,14.5009415745735,7.70244014263153,3.48375195264816,301.770844370127,348.715517580509,41.4299635887146,643.272835671902,751.4413639009,26.4581976532936,9.02598994970322,81.0244921147823,395.923746168613,19.1333088576794,132.140480190516,0,104.241284489632,1.1212694644928,718.350812554359,2180.70026940107,1395.19405013323,71.0331818461418,52.7803326249123,46.3545405268669,15198.0443236828,3561.29234102368,3.83527046442032,100.261097311974,3.48578143119812,19.1577805578709,6.13630473613739,494.353661984205,10.1356719732285,3.24029040336609,0,0,0.830244958400726,195.078968673944,34.102529913187,88.1526680588722,20.4921841621399,28.7233367860317,57.971970051527,215.742779165506,10.1903654336929,263.442208319902,12.7882952690125,10.1173969805241,95.4790324270725,15.3243140280247,0,0,0,193.508419573307,7.52298545837402,4.487633228302,11.2602607011795,213.064298778772,0,0,4.9180816411972,243.921846807003,2.23247045278549,0,0,8.85066831111908,0,5.10663095116615,303.318136721849
82.7875166833401,0.830409944057465,163.991815507412,186.440689384937,2488.77752014995,0,1085.54736769199,19096.7471217811,211.071298837662,10230.5980660915,463.425641715527,8619.35469764471,355.128827005625,440.811672866344,5000.27900081873,0,156.781316310167,132.834643006325,80.2370204627514,1424.16241177917,116.50140324235,3.89182925224304,202.516048699617,87.8850354254246,1.85950571298599,126.375819683075,74.8917699456215,566.847071439028,377.146710038185,264.985551804304,17.1502796113491,363.003084748983,9.78178536891937,305.811323136091,8987.85559844971,2260.69913813472,42.5680010318756,182.779872387648,88.3428308665752,7452.29077097774,400.143855988979,77.0918166041374,159.204863101244,13.4556621313095,37.7070094943047,26.0955437719822,477.555839180946,29.0708139836788,11.5894379913807,0,1.12065410614014,0.341103821992874,156.249513745308,21.6004059612751,94.6733566522598,50.6235624551773,34.401461571455,64.620506554842,181.688068032265,18.5951453745365,190.470909535885,29.7538018524647,15.7352550327778,79.2506151199341,22.576989620924,0,0,0,134.77804684639,22.0306938886642,7.17576313018799,3.14879086613655,461.596020162106,1.58940827846527,0.304317593574524,4.80884024500847,530.607947140932,2.72869026660919,2.4676094353199,0,6.63773855566978,1.5298900604248,10.8594236671925,585.200999349356
13535.9023983777,1.96088695526123,1888.31420016289,225.663735926151,82.7876201868057,1085.54736769199,0,16510.7786662281,426.744491100311,49455.4495957196,999.12648075819,268.859071224928,538.045213133097,21449.2390147746,607.744921267033,6.51038765907288,258.246996074915,395.878832668066,261.47551497817,138.943651556969,5275.30980309844,11.3184730410576,4236.59024909139,2498.77815687656,3.52480357885361,521.876667052507,349.416380703449,102639.40250656,3052.88371190429,13241.0629181862,28.5497060716152,405.776959687471,300.149575531483,1697.90459629893,1351.99820542336,7213.33343842626,195.713177442551,1258.33599072695,392.090511739254,669.041052758694,736.93066316843,72.2072647511959,604.145235866308,37.2005328536034,212.837380230427,61.2618510127068,397.546325385571,73.7148861587048,19.1793549656868,3.12088894844055,2.39530998468399,6.29616349935532,69.2395940423012,4.83463299274445,120.724306851625,230.109501391649,239.039588391781,127.024870157242,170.560317337513,56.3074617683887,76.1757808625698,27.9026163816452,168.196811527014,49.3846301436424,57.2304921150208,0.530608594417572,0,0,74.889721006155,74.4939453303814,25.0530269742012,47.9744429290295,1431.04621434212,0.72241348028183,0,90.8857788443565,1923.33132737875,58.677171587944,9.50972637534142,0,10.6674870252609,1.32624840736389,50.5519005060196,146.79904294014
3010.71616888046,6.55088564753532,5698.48581911623,226.928013771772,129.597470968962,19096.7471217811,16510.7786662281,0,521.242086291313,10079.0053489208,1099.63824430108,5376.56020100415,947.104135155678,21027.5205228031,342.436082363129,4.62952667474747,6822.75415328145,523.286374300718,2098.21484747529,1534.7134090662,1440.63745692372,16.2683072090149,6478.29789409041,428.582785844803,5.09488320350647,3584.81226849556,1019.35545128584,2751.83250242472,4296.07218298316,9702.59532055259,28.0255619585514,829.91477945447,69.3066479563713,1221.7283026278,424.684142827988,4502.45044344664,279.713801622391,644.129200279713,295.261876910925,2068.70769077539,226.521181836724,115.817694842815,614.376489192247,43.5180974304676,176.6642588377,78.3626132309437,539.712644219398,78.5287889838219,47.9183217585087,1.53405356407166,2.26609313488007,9.72411465644836,30.6102663874626,2.54303997755051,75.5285209715366,283.331638455391,82.2078882157803,184.94225409627,49.2795768082142,87.9277228116989,74.4895935952663,118.242914319038,21.7876532375813,42.0625566840172,111.727000921965,0,0,0,38.5370212495327,134.945040851831,39.927078217268,51.9604375958443,2374.1400873065,2.59413033723831,0,98.4100864827633,2671.01668447256,20.8142125606537,15.1848057806492,1.14211344718933,15.691374450922,5.95038247108459,40.3009389936924,35.1193661689758
11.2309729158878,1545.66934734583,3.07531905174255,3592.52382212877,996.664110183716,211.071298837662,426.744491100311,521.242086291313,0,1584.70615100861,334.000385910273,2589.19787088037,975.657549351454,160.489276468754,3883.61507856846,131.686285078526,18.8514497280121,57.8011001348495,22.9151366055012,1469.03805533051,169.74532738328,7522.65221771598,115.742756277323,29235.6823913157,2184.50540074706,53.7870209515095,3629.36398157477,5861.90004241467,235.435324311256,42.9039254188538,70.0630361735821,140.898992329836,23.4555215835571,199.616479426622,184.376679241657,1236.31561738253,78.3313072025776,143.796983659267,53.3200708925724,1973.23798841238,110.943242818117,141.816496193409,759.176503449678,94.7725645899773,192.091810137033,62.0919490754604,281.284199178219,77.781189262867,40.9968707859516,0.945721387863159,89.4182996451855,2.14169442653656,661.221145957708,13.2161104083061,265.328288257122,269.597565770149,402.158110827208,3435.94977626204,641.6846139431,170.00962895155,310.396694034338,174.423221230507,312.28994640708,95.6204379200935,719.202828228474,7.32772916555405,120.153722137213,11.4734766483307,387.054157465696,209.169870197773,1480.22899514437,189.563753694296,8575.78812143207,71.8596146702766,81.2113466560841,316.625675082207,3405.19422721863,114.915126293898,32.4248922467232,18.0291904509068,50.8459283411503,12.2838693857193,120.335499793291,107.673826664686
83.1886545717716,8.96460819244385,570.680892646313,8675.83769455552,458.941647738218,10230.5980660915,49455.4495957196,10079.0053489208,1584.70615100861,0,2035.12193289399,11367.8578745723,1052.60757106543,1825.41836646199,1843.00890141726,1.85140943527222,157.897799909115,700.659169346094,364.649330705404,12972.6774503887,936.66505241394,6.19554471969604,869.673294395208,837.549267411232,4.82256165146828,508.029187336564,295.058227658272,22194.094133541,3217.68210551143,454.621006578207,46.9313324689865,929.038776934147,145.962825238705,1799.14998608828,6019.98465690017,14446.5848565698,208.3537722826,1018.21787413955,332.796320468187,2374.5664703846,1235.24037432671,151.386083036661,266.62509393692,38.0694528222084,114.503323435783,29.2609803080559,1602.35028651357,35.1908926963806,34.1696270108223,0,2.45300185680389,2.15213638544083,1658.37662371993,93.5091658830643,664.059611707926,346.514600545168,336.37551343441,779.648649245501,1826.46306505799,42.8936056494713,769.343552470207,45.210894048214,56.1185193955898,337.722610145807,17.7289417088032,0,0,0,1124.76156505942,5.93550273776054,14.1797437667847,13.6586958169937,3087.79785561562,3.28062278032303,0,25.8721985220909,3505.67518949509,6.45134890079498,1.74856209754944,0,13.5945917367935,2.19767552614212,22.776661157608,407.07268217206
114.676966547966,388.887090444565,200.251161456108,51.6098183691502,9.44705733656883,463.425641715527,999.12648075819,1099.63824430108,334.000385910273,2035.12193289399,0,1450.21380209923,9048.06033825874,1554.74325880408,71.8589651286602,27.7455013990402,1051.84857544303,20607.1210303605,2374.81848651171,577.528022110462,207.006760418415,186.747381180525,691.08631247282,250.333863407373,607.563458889723,3375.36029526591,1390.76211974025,498.169878661633,3597.41704720259,696.12700676918,431.247725099325,2178.46151027083,72.2576141059399,12116.3879231811,274.826982289553,3286.8971580863,10545.7773329914,7349.76023331285,995.837777256966,172.753993809223,84.0424913167953,2895.76476168633,111.368509173393,2044.95856979489,118.777410715818,38.0976833403111,86.7748198211193,5.0021014213562,857.761399835348,0,279.11106556654,4.45480984449387,0.371913075447083,0,3.42134541273117,10.0670090019703,5.73640066385269,219.789109498262,4.63475313782692,1327.7661100626,16.6605266034603,5290.60513809323,60.1705041825771,10.4830605983734,35.4535068869591,0.371490389108658,69.8650805056095,1.287677526474,2.25380450487137,6.14323529601097,105.316980183125,4.40222600102425,346.391039550304,605.950097024441,1055.91463935375,3367.31609919667,137.347745686769,26.6020229458809,0,2052.70963266492,162.194695293903,1.31715619564056,256.343107014894,109.184116959572
45.452383428812,15.4201534092426,21.7540338933468,4904.73397663236,1168.9944498539,8619.35469764471,268.859071224928,5376.56020100415,2589.19787088037,11367.8578745723,1450.21380209923,0,759.440967917442,771.330538541079,5842.82995867729,2.37610441446304,75.5984160006046,441.056345432997,237.698171526194,18426.8765779734,18.4050374627113,26.9917770028114,40.8446514904499,1688.43144574761,26.7045606970787,352.57143971324,178.10087826848,1923.08110269904,1245.92000645399,118.669358879328,37.9157056808472,651.333894580603,4.74920678138733,984.110260158777,18940.734003067,6198.58858928084,138.673196464777,490.452755719423,163.921572834253,4526.50262078643,459.919963121414,132.660622626543,344.164414227009,36.0580917298794,110.493500053883,39.7279567718506,1796.03204929829,40.34288418293,37.8538126945496,0.462106078863144,1.67262083292007,1.13650417327881,2016.08690676093,107.532431960106,714.295186311007,291.455907046795,351.056242287159,522.97080719471,1688.93805789948,65.647927314043,3178.4329277575,49.1218446195126,154.781437516212,384.399872422218,13.5620457231998,0.505070447921753,12.1288658678532,1.05936202406883,1456.59798616171,10.4881341457367,8.9453934431076,7.8042189180851,2236.127515167,2.2493189573288,5.32368981838226,24.418675750494,2537.18460664153,23.055906444788,2.05041545629501,0.602018535137177,38.8330098986626,0,45.2020809352398,1519.27648970485
17.6884579956532,1876.16029968858,132.847644925117,55.4074020981789,112.176375150681,355.128827005625,538.045213133097,947.104135155678,975.657549351454,1052.60757106543,9048.06033825874,759.440967917442,0,313.080075323582,138.392590522766,260.056912600994,54.9110278189182,122.255154639482,79.7262734472752,330.748286932707,1008.84249007702,1010.95583820343,1111.12353080511,1333.57248297334,8591.1672488153,192.194507241249,1584.34334176779,1328.01918146014,713.746375113726,587.895466685295,1141.2465402782,1481.45985424519,32.35211789608,2145.84487864375,510.271397054195,6412.53796479106,8924.08924201131,3200.73853513598,1847.93853026628,2730.83286160231,935.452312797308,4204.43632140756,659.831934243441,3668.63946148753,481.042598515749,264.019245922565,1080.40525567532,298.630858719349,592.342161566019,4.60550081729889,374.128380715847,7.45224165916443,38.4216071367264,8.21255844831467,65.5008532106876,161.538901239634,168.047626823187,139.353456258774,101.411367505789,3299.92978423834,101.525836408138,13533.1060667932,144.881121814251,24.0421220958233,260.552178323269,3.18107837438583,186.151357024908,5.04036128520966,41.4700431525707,154.028668224812,97.7248656153679,224.848792612553,584.265870958567,2573.23648768663,2177.8158185482,9322.56076312065,701.679235756397,48.4809729158878,28.2149178981781,5607.9754152596,316.873420953751,1.56947183609009,217.132153779268,179.023464947939
7066.90130549669,2.92956310510635,4855.78168553114,63.3159382045269,11.2563339471817,440.811672866344,21449.2390147746,21027.5205228031,160.489276468754,1825.41836646199,1554.74325880408,771.330538541079,313.080075323582,0,78.2085056900978,4.95916920900345,6052.38928925991,694.000753462315,1706.73731836677,284.074959397316,1255.91863766313,9.45024645328522,6668.52345582843,240.138248801231,7.63167655467987,2927.45353093743,932.632078886032,1215.31573304534,22433.042091161,18868.0995156169,29.5594512224197,514.563288450241,140.530245810747,1525.75727617741,149.081060290337,1232.06650856137,216.84586173296,451.888098955154,147.797291278839,179.096213370562,76.4898753464222,46.2369661927223,188.791546076536,25.8625863790512,48.1171061098576,20.8553178310394,166.344412863255,22.0213437974453,17.0372529923916,0,0.857987225055695,4.06773272156715,7.02617287635803,0.488019347190857,19.7479375302792,76.352637976408,22.436043202877,56.2135261297226,6.87676525115967,33.3959293365479,9.10009333491325,34.0968370735645,9.484897762537,7.2452389895916,65.3183707892895,1.18891966342926,0,0,2.23814734816551,62.6025614738464,34.0115523934364,31.3924036324024,722.212266802788,2.0114443898201,0,91.2712932527065,733.187146812677,9.4318875670433,2.7791348695755,1.72153854370117,1.88039898872375,0.559429049491882,11.1827653348446,11.9628483951092
3.26182344555855,91.8652193248272,63.3347062766552,722.326650708914,2127.31473591924,5000.27900081873,607.744921267033,342.436082363129,3883.61507856846,1843.00890141726,71.8589651286602,5842.82995867729,138.392590522766,78.2085056900978,0,27.8098155856133,44.8479233682156,24.3317170441151,25.1874961555004,1236.52904072404,773.834525585175,202.647685021162,616.444935411215,3608.77694547176,76.4152940809727,39.7317771315575,329.424673467875,2454.53330814838,117.875279039145,710.48245215416,5.72702729701996,224.297887176275,6.99279761314392,64.8302629292011,2632.02399456501,896.655170589685,90.9495280385017,82.4846382439137,87.9345518946648,2556.49392390251,132.369346797466,11.5701659619808,206.744006305933,18.5762773156166,46.7236799895763,44.813633531332,878.171911686659,18.0777056217194,7.4585597217083,0,0,1.9399733543396,607.354633152485,76.6909196078777,226.597870260477,71.1618385910988,115.020493984222,155.148863911629,547.031624823809,16.4078659415245,691.797656387091,15.851988196373,38.5754514932632,218.951263338327,42.61494114995,0,1.47676753997803,0.740813910961151,446.081727445126,51.7200723290443,21.3959347009659,29.3629626333714,714.724232822657,2.59655338525772,11.1113631129265,19.3513424098492,721.325769484043,14.1877473592758,6.85919815301895,0,27.839312762022,1.56282377243042,19.3393553197384,1099.07241970301
0,174.380525827408,39.8029254376888,0.696047365665436,18.1039922833443,0,6.51038765907288,4.62952667474747,131.686285078526,1.85140943527222,27.7455013990402,2.37610441446304,260.056912600994,4.95916920900345,27.8098155856133,0,49.9208784997463,16.7038633823395,36.9851036667824,0,7972.69599270821,10928.0689948797,13166.1134131253,2128.27340227365,157.81067225337,23.8400991857052,16087.9417567253,764.751876741648,10.6630889773369,55.5327690839767,3.98860934376717,0,1.98879432678223,69.3246583640575,217.133610457182,2609.91817578673,616.650918185711,587.534344732761,553.989574372768,16.4552559256554,41.0661557912827,4.49493727087975,668.840189278126,184.296039164066,239.976512104273,183.904219031334,180.460389137268,19.2805908322334,9.64925926923752,3.10069984197617,70.9703164100647,63.1608324050903,1.66058057546616,3.36125802993774,6.21820986270905,54.0532262325287,14.7706944644451,81.8760516941547,8.63324737548828,31.199034512043,3.44734883308411,63.7211659252644,24.6541965901852,24.865445047617,7838.09157007933,51.0214751362801,1.74885630607605,5.1091037094593,6.88604918122292,674.43325355649,2676.23835760355,5199.73237669468,871.864399820566,10.2696121037006,24.5481062233448,3356.28763890266,735.189614802599,23.7209786772728,48.4751919806004,0,11.4507629871368,6.88975745439529,51.5165971815586,120.545907825232
1043.62455198169,9.46438068151474,19090.1775279343,4.1949602663517,14.5009415745735,156.781316310167,258.246996074915,6822.75415328145,18.8514497280121,157.897799909115,1051.84857544303,75.5984160006046,54.9110278189182,6052.38928925991,44.8479233682156,49.9208784997463,0,1334.9103397727,9822.77452129126,20.9003452062607,1333.91433995962,7.12678840756416,21411.702992022,59.2953228354454,3.16479280591011,3186.41927012801,15844.5095007122,303.030091553926,4559.38772273064,5404.68759471178,19.130561619997,89.6376129686832,581.216027736664,8139.15511348844,239.372473627329,2988.76485767961,1321.35997089744,2550.67247539759,998.082844078541,47.861835360527,106.283900499344,11.2170870304108,40.7723958790302,167.837668627501,18.621017485857,17.1690002083778,3.85541892051697,0,0,0,31.408636868,177.713876515627,0,0,0,10.070556551218,0,0.992882311344147,0,1.86061441898346,2.197833776474,5.16529268026352,1.29925519227982,4.27699607610703,18.4094894230366,30.99086150527,2.83007141947746,3.70075249671936,0,5.03326967358589,19.3145530819893,73.3537375330925,10.1541318297386,0.676368772983551,40.8278875946999,1164.20461347699,9.43636614084244,0,0.598803043365479,0.815636813640594,0,0,3.12100675702095,96.2267205715179
58.5239986181259,3.26857423782349,349.933838218451,6.41196355223656,7.70244014263153,132.834643006325,395.878832668066,523.286374300718,57.8011001348495,700.659169346094,20607.1210303605,441.056345432997,122.255154639482,694.000753462315,24.3317170441151,16.7038633823395,1334.9103397727,0,9021.95648083091,195.355867177248,189.005555719137,0,753.661011099815,44.3550769984722,10.3949638009071,5073.74844023585,1531.072296381,184.755205631256,1161.45482891798,417.220674395561,125.60687944293,351.67883476615,77.3017763495445,2842.71534144878,449.83947506547,4761.59795504808,4140.82145118713,4835.00766801834,2063.24567937851,43.0891550779343,61.1507879495621,10.546821475029,19.8305556178093,52.3202433586121,8.42110270261765,5.0420086979866,4.58235746622086,0,0.904569506645203,0,14.9681990742683,6.62094107270241,0,0,0,0,0,18.1856254637241,0.661121368408203,5.94347006082535,2.72665166854858,9.98205229640007,0,1.45998150110245,0.600242674350739,1.09708261489868,4.15666097402573,5.07493758201599,0,0,8.82679337263107,2.43868839740753,5.04183211922646,13.2239884138107,94.5677650272846,472.860408306122,0,0,0,16.9394107460976,0,0,1.44286459684372,227.146885931492
186.644696086645,9.67985534667969,1805.1615652144,4.84700945019722,3.48375195264816,80.2370204627514,261.47551497817,2098.21484747529,22.9151366055012,364.649330705404,2374.81848651171,237.698171526194,79.7262734472752,1706.73731836677,25.1874961555004,36.9851036667824,9822.77452129126,9021.95648083091,0,95.1623084247112,618.910461366177,1.63522773981094,2474.39789250493,33.4074807465076,5.71371278166771,7786.93133220077,3608.04587696493,224.835720866919,2085.88188767433,1178.8118365109,50.0282447338104,127.954646259546,283.164308965206,5574.01997202635,410.047441542149,5656.38000571728,2507.0827268064,3151.10884383321,2071.34967839718,32.2642674744129,84.567559659481,6.83021926879883,20.222376704216,62.6299901008606,2.81524181365967,10.7164126634598,0,1.02687680721283,0.739134967327118,0,15.2768229842186,42.2473144829273,0,0,0,0,0,10.888425797224,0,0.552006304264069,4.9222651720047,2.51118251681328,0,3.95627725124359,4.03277763724327,5.21530231833458,1.89609467983246,6.29624843597412,0,0.494537770748138,2.71609485149384,12.759998857975,9.40000829100609,4.357048869133,56.7795483767986,465.476540803909,0.716306567192078,0,0.897889196872711,4.18088760972023,0.682908415794373,0,0.904280006885529,255.317274212837
8.86640790104866,3.00969389081001,15.670281380415,33631.1096158028,301.770844370127,1424.16241177917,138.943651556969,1534.7134090662,1469.03805533051,12972.6774503887,577.528022110462,18426.8765779734,330.748286932707,284.074959397316,1236.52904072404,0,20.9003452062607,195.355867177248,95.1623084247112,0,14.3060057461262,16.6652162671089,16.9738653004169,1913.11894416809,3.00230950117111,111.966121613979,75.4367736279964,9436.71084749699,527.493282645941,46.1184829175472,14.5807499587536,251.371233850718,6.31890413165092,351.61430105567,292.123452156782,3751.18923178315,60.8798643946648,170.435428708792,62.9695073068142,1413.97834974527,215.289269953966,51.7850609719753,313.696848928928,19.4095758497715,84.5829431116581,16.7355100214481,1647.30004355311,29.1005768477917,13.92961114645,0,0.500739872455597,0,2426.61508461833,120.550927519798,725.861711859703,335.34369301796,411.37746873498,575.048510164022,2238.68940201402,30.2993910908699,1484.36752748489,18.733922123909,115.753115713596,349.65229600668,6.235485881567,0,0,0.634348452091217,1452.09404343367,6.92195689678192,7.68681371212006,2.27089184522629,2454.75758424401,0,0,1.70400649309158,3271.27346491814,25.0009071826935,3.22029364109039,0.376730769872665,36.159012645483,0,33.0666507780552,15.3440768718719
283.149829387665,48.6054640710354,3841.04504474998,20.8124958574772,348.715517580509,116.50140324235,5275.30980309844,1440.63745692372,169.74532738328,936.66505241394,207.006760418415,18.4050374627113,1008.84249007702,1255.91863766313,773.834525585175,7972.69599270821,1333.91433995962,189.005555719137,618.910461366177,14.3060057461262,0,1118.58112111688,65272.688118279,925.667248278856,47.9229576289654,523.311349570751,4644.10787957907,8715.39855748415,516.152981221676,27900.0398301482,7.63350003957748,38.0453384518623,315.647992968559,9718.61319772899,4129.00558024645,21447.3718016148,1938.37699118257,15379.7367811799,6444.55507305264,150.808187156916,386.146728694439,12.8066974282265,1038.91392827034,97.3567385971546,206.739867657423,135.104124754667,317.277148216963,61.8639149069786,36.2508627772331,6.16318690776825,21.6753651797771,42.9930211305618,3.01841461658478,2.43340587615967,13.2504693567753,47.4199502170086,41.1958919167519,96.367607831955,10.1511740684509,89.611253708601,14.6200907826424,143.289706975222,91.2439644038677,62.774964094162,3074.82952076197,15.8139520287514,0,2.95135259628296,2.52125373482704,1190.68676102161,1154.24070721865,1388.29988151789,1379.25617471337,7.7857329249382,1.56939294934273,964.853528082371,1420.95644193888,113.271896898746,113.943449050188,0,17.5228311419487,23.0979011654854,51.8521204590797,1005.86614152789
1.13414013385773,2430.02790534496,35.6594190299511,33.2952225208282,41.4299635887146,3.89182925224304,11.3184730410576,16.2683072090149,7522.65221771598,6.19554471969604,186.747381180525,26.9917770028114,1010.95583820343,9.45024645328522,202.647685021162,10928.0689948797,7.12678840756416,0,1.63522773981094,16.6652162671089,1118.58112111688,0,2429.17216062546,15486.4002470374,2234.78929382563,7.53585302829742,16890.0665229261,877.264640897512,23.1445830762386,33.513590157032,61.4419888854027,5.18367677927017,3.18816864490509,41.3750276267529,15.6683973073959,140.247199624777,64.195350587368,33.4836274087429,25.6538345217705,95.1886658966541,4.63642144203186,128.49337387085,312.226425111294,156.424880802631,82.9017208218575,90.7525064349174,27.0789005160332,4.36554330587387,42.8855596780777,1.07855689525604,148.936103463173,44.0693119466305,5.76368868350983,0,5.17741936445236,20.5889826416969,5.96858996152878,83.9208270907402,18.2528330683708,56.4402806460857,8.13077503442764,260.361239612103,9.23421642184258,7.4078004360199,3908.96165543795,25.919939905405,3.43983879685402,8.27083200216293,7.7468888759613,175.72587582469,4077.35743102431,1128.43802779913,711.852488815784,80.7513586580753,25.3894275128841,3189.7751416564,493.846569895744,12.2914450764656,10.3927883505821,14.7439916729927,13.4272218346596,0,23.4107277691364,16.9301328659058
1456.12752696872,47.7875539660454,50798.3697221577,11.4468975067139,643.272835671902,202.516048699617,4236.59024909139,6478.29789409041,115.742756277323,869.673294395208,691.08631247282,40.8446514904499,1111.12353080511,6668.52345582843,616.444935411215,13166.1134131253,21411.702992022,753.661011099815,2474.39789250493,16.9738653004169,65272.688118279,2429.17216062546,0,1283.36831304431,61.3913058042526,6022.72296270728,37840.550565362,9026.78791925311,1654.83956235647,17861.6449813098,34.2322366535664,65.9371290206909,273.989685386419,15581.6275876015,5230.78480312228,51138.2633939981,13484.4713947475,24321.8937854767,18458.572173804,384.965389281511,816.246308416128,40.3684086501598,1546.15195819736,785.579469054937,437.266569823027,471.906796395779,486.697234302759,35.8325451612473,29.1687343716621,1.63647150993347,43.8501463830471,295.990773022175,1.96412414312363,3.22627019882202,18.2454753220081,157.774946153164,60.4041311740875,105.33312112093,30.5318316221237,79.2873769104481,14.1543147861958,122.576841801405,58.9575697481632,96.7629620432854,11568.5701835155,140.51404184103,8.2924131155014,16.6115729808807,7.77228313684464,1053.69799372554,2254.29734250903,9633.86805707216,847.960762828588,4.44371038675308,38.9333373606205,8242.07041478157,1103.62637087703,34.0772876441479,95.5542281270027,0,27.908493489027,6.88812866806984,106.801722884178,2708.32544896007
17.2272435128689,2760.99250790477,44.292156457901,8662.64630651474,751.4413639009,87.8850354254246,2498.77815687656,428.582785844803,29235.6823913157,837.549267411232,250.333863407373,1688.43144574761,1333.57248297334,240.138248801231,3608.77694547176,2128.27340227365,59.2953228354454,44.3550769984722,33.4074807465076,1913.11894416809,925.667248278856,15486.4002470374,1283.36831304431,0,2596.63552579284,47.1042806208134,11424.8856156766,11980.4346721768,803.971060454845,535.688760459423,63.4242669045925,80.150745511055,219.577989578247,327.494494616985,902.030752420425,4374.1275254488,321.728357106447,571.835495442152,290.378351897001,1805.69206216931,207.027700573206,143.248338967562,3533.15028822422,249.158722370863,1129.83337971568,340.021208435297,1681.17144089937,346.506760239601,79.1631020605564,2.71597874164581,176.624990314245,84.5638376176357,1174.45506685972,67.9123018085957,1011.13400569558,1086.68557187915,1731.18049311638,2828.02607238293,1693.19905334711,271.944941282272,782.886475652456,253.942979991436,1203.12753808498,377.252455949783,3032.55225536227,20.0845400094986,22.8024131655693,6.48378074169159,796.111213207245,1230.8215303123,2559.43298882246,1308.121222049,18053.5031326115,77.318746060133,23.6871480047703,2235.63750588894,12356.1676202416,510.01735034585,142.252454668283,4.72729876637459,206.774373024702,48.8466149568558,391.411062031984,315.854363232851
1.05526268482208,4536.37950071692,2.99410623311996,28.1579089462757,26.4581976532936,1.85950571298599,3.52480357885361,5.09488320350647,2184.50540074706,4.82256165146828,607.563458889723,26.7045606970787,8591.1672488153,7.63167655467987,76.4152940809727,157.81067225337,3.16479280591011,10.3949638009071,5.71371278166771,3.00230950117111,47.9229576289654,2234.78929382563,61.3913058042526,2596.63552579284,0,124.473877072334,11054.3423238695,69.4893209934235,4.55185586214066,0.879130721092224,699.795421898365,2.70573335886002,0,100.622324883938,4.30221366882324,55.9312183260918,215.340048342943,60.7604306042194,28.5901875495911,52.1179124414921,0,464.801011443138,143.128479957581,540.28272652626,85.783361107111,30.2418022751808,10.402739405632,1.07898712158203,385.296011447906,0,1378.30349260569,16.7949179410934,2.99356427788734,0,0.339303880929947,0,5.4586740732193,105.55783739686,1.94565936923027,412.299495100975,0.834968626499176,2673.0789476037,22.6478432416916,3.04995548725128,18.3797137141228,26.5999337434769,52.1901160180569,33.6028859615326,1.23101553320885,5.25471007823944,54.383355140686,8.17343154549599,90.0036551952362,2161.62795388699,668.474251180887,7601.64150446653,17.1375777423382,9.12451905012131,2.11591702699661,477.316524744034,61.7301558256149,0,122.798307925463,3.92074757814407
386.293662041426,163.282753676176,42889.9395533502,9.17907366156578,9.02598994970322,126.375819683075,521.876667052507,3584.81226849556,53.7870209515095,508.029187336564,3375.36029526591,352.57143971324,192.194507241249,2927.45353093743,39.7317771315575,23.8400991857052,3186.41927012801,5073.74844023585,7786.93133220077,111.966121613979,523.311349570751,7.53585302829742,6022.72296270728,47.1042806208134,124.473877072334,0,17368.9118250906,245.953081279993,1157.03606128693,1014.59629669785,1492.39358004928,202.678125947714,104.529866546392,2756.50903378427,813.551529526711,12750.4952710867,16706.538929224,5634.43618515134,3302.04798352718,56.8336915075779,105.80683991313,15.3603645265102,617.256261587143,2312.28630772233,216.66629871726,222.613706916571,3.79341301321983,2.07009124755859,2.32611787319183,0.97624284029007,720.55115544796,1455.60353368521,0,0,2.71819865703583,27.8249368965626,0,27.3871782422066,1.00153946876526,101.102084219456,6.45056706666946,315.430308640003,7.56048601865768,10.752693593502,34.9490160644054,318.41020911932,165.670575916767,292.171869158745,0,12.5762466788292,46.976004242897,153.724570393562,25.658247590065,329.361769288778,4108.528552562,23939.8136698306,33.5971999764442,2.71697717905045,12.9366131424904,612.277252674103,0.82340681552887,0,68.4754568040371,396.562565743923
155.794068336487,10092.5594238639,27244.266543895,49.8483941257,81.0244921147823,74.8917699456215,349.416380703449,1019.35545128584,3629.36398157477,295.058227658272,1390.76211974025,178.10087826848,1584.34334176779,932.632078886032,329.424673467875,16087.9417567253,15844.5095007122,1531.072296381,3608.04587696493,75.4367736279964,4644.10787957907,16890.0665229261,37840.550565362,11424.8856156766,11054.3423238695,17368.9118250906,0,4058.81690037251,1034.46374425292,1859.21184273064,1588.96159511805,108.145836472511,150.183766782284,5987.41538305581,3868.41413292289,48153.8182030022,14801.4950472116,17991.2116459757,13530.0971286595,259.963261455297,685.078280210495,89.1098915636539,5687.66372025013,8100.77427795529,2051.67371281981,2407.55447289348,76.7332138717175,14.2305984795094,23.0853138566017,26.4938906133175,10688.7399134338,7704.87631466985,1.14271402359009,2.39348396658897,5.09224089980125,450.164134025574,96.8453396856785,116.89707583189,12.0185924470425,190.224741488695,5.60346883535385,902.505071312189,176.109064310789,53.3261910378933,6691.15985363722,1779.82742610574,440.595560371876,1016.85234203935,2.88714298605919,257.95309561491,4731.53560745716,5938.1149520874,737.052008539438,2270.63798871636,11363.2728090584,155233.149842054,932.290353417397,28.1046366393566,213.66973900795,1193.37682828307,8.96306264400482,4.22090697288513,384.401048660278,2233.66395783424
129.120726168156,55.8173506855965,690.480032175779,13142.169441551,395.923746168613,566.847071439028,102639.40250656,2751.83250242472,5861.90004241467,22194.094133541,498.169878661633,1923.08110269904,1328.01918146014,1215.31573304534,2454.53330814838,764.751876741648,303.030091553926,184.755205631256,224.835720866919,9436.71084749699,8715.39855748415,877.264640897512,9026.78791925311,11980.4346721768,69.4893209934235,245.953081279993,4058.81690037251,0,2671.22776293755,20719.8933488727,10.8759440481663,322.453361272812,1341.06550306082,2518.99059449136,4691.49312460423,16626.1878807247,665.924046844244,4018.94590812922,1270.96047574282,1493.55721125007,1010.95511078835,61.3376364707947,3460.42631852627,183.222250163555,1129.81114143133,341.096267193556,2453.08369934559,407.987077534199,91.9282394349575,6.84746879339218,35.0892228484154,45.6791714429855,1934.83705958724,80.9066417515278,1393.13219690323,1428.07620605826,1910.33291047812,1856.52383223176,2835.53482308984,241.022790759802,1067.33714467287,235.545407116413,1298.18229472637,497.05871784687,1548.84894147515,16.8041660487652,0,1.73607668280602,1342.91191872954,917.482174187899,863.66401553154,729.342207491398,12770.204841584,6.18983614444733,1.54641938209534,1105.23749500513,11764.6311267018,463.23411244154,145.584378749132,0.996553122997284,163.340535789728,36.1824623346329,381.384073257446,636.990103334188
7686.93381839991,10.4822740852833,673.456699371338,103.437639266253,19.1333088576794,377.146710038185,3052.88371190429,4296.07218298316,235.435324311256,3217.68210551143,3597.41704720259,1245.92000645399,713.746375113726,22433.042091161,117.875279039145,10.6630889773369,4559.38772273064,1161.45482891798,2085.88188767433,527.493282645941,516.152981221676,23.1445830762386,1654.83956235647,803.971060454845,4.55185586214066,1157.03606128693,1034.46374425292,2671.22776293755,0,15876.4180854559,88.9535028636456,828.229904413223,4266.83874496818,8068.09874120355,256.195398300886,1441.64313542843,202.111524492502,1045.15243664384,229.139946579933,258.358201414347,251.545854896307,127.916235774755,380.569117307663,52.4458123743534,119.598452538252,50.7427036762238,239.376580774784,28.2320798635483,32.091226786375,0,10.2086603045464,1.2696025967598,8.96796321868896,0,18.0098378658295,87.1729451417923,26.7872745096684,118.012363731861,5.88426619768143,52.5129107832909,28.0227485895157,65.9883000254631,19.1483199298382,20.0575425922871,165.74321565032,0,0,0,14.5644492805004,160.798901438713,83.0928894281387,48.6231072843075,1163.03896138072,5.37202262878418,2.03485608100891,59.4811334908009,1204.64339831471,16.5085961222649,9.46855384111404,1.57784402370453,14.9016433954239,5.22880497574806,22.1862809658051,30.5621230006218
15987.7057709396,2.11759793758392,2960.90860131383,14.0873756408691,132.140480190516,264.985551804304,13241.0629181862,9702.59532055259,42.9039254188538,454.621006578207,696.12700676918,118.669358879328,587.895466685295,18868.0995156169,710.48245215416,55.5327690839767,5404.68759471178,417.220674395561,1178.8118365109,46.1184829175472,27900.0398301482,33.513590157032,17861.6449813098,535.688760459423,0.879130721092224,1014.59629669785,1859.21184273064,20719.8933488727,15876.4180854559,0,25.4016025364399,205.690337508917,5863.40457242727,12977.7127269804,2716.97574982047,10178.4873076081,487.926927492023,7717.82436162233,1281.33716335893,168.627506285906,948.830698370934,38.2751484811306,567.720538914204,28.2330480515957,177.919653445482,73.1897003054619,323.637845396996,50.7874847054482,17.617833763361,1.80609863996506,4.18397146463394,7.66897523403168,7.36236071586609,0,17.1999689042568,80.4554683566093,45.1972772479057,48.2782399058342,15.1383964121342,49.1311391294003,11.1796750426292,70.0770778954029,84.7913196980953,46.3429659605026,392.778403967619,2.78484535217285,0,0,4.76409888267517,350.17341196537,154.504551231861,162.019042819738,691.925260394812,1.23988699913025,0.613692343235016,118.499503284693,1158.94916766882,57.2149587869644,20.3249307870865,0,14.4439736306667,8.70883160829544,52.9918965995312,427.906049728394
