0,0,43.2894605696201,2.04160934686661,7.86305445432663,16.1118648052216,1406.19055265188,210.861445605755,13.0438873767853,35.4191366434097,4.23848584294319,5.69872337579727,31.0048027932644,11412.2259112,8.32132053375244,0,234.573565900326,6.74622082710266,21.4848337173462,1.8614981174469,75.7497600317001,0.809052348136902,251.397372931242,33.8498317599297,0,58.9815934896469,59.0971957743168,92.9440435469151,8679.14401423931,6169.33320179582,0,4.6039360165596,52.7662655115128,81.2126573622227,17.9804638326168,112.103604584932,10.0279529690742,57.694009244442,13.977136939764,3.77761933207512,4.32082638144493,0,28.9527779817581,0,4.09924390912056,0,24.2657441794872,2.33828783035278,1.03439754247665,0,0,1.47281321883202,0.494108766317368,0,2.56996509432793,59.6584397852421,8.05240288376808,10.10577917099,0.544771671295166,2.88278412818909,1.04978978633881,6.36273497343063,1.54184767603874,1.60333663225174,0.594065845012665,0,0,0,2.04742389917374,6.57905870676041,0,3.33284854888916,67.7092278599739,0,0.854543328285217,3.21683490276337,121.693307697773,7.11748531460762,13.4682534635067,0,0,1.9883174598217,6.35677167773247,8.85116899013519
0,0,10.8897238969803,3.75338399410248,5.77574586868286,0.678773403167725,0.666175723075867,2.09783357381821,1838.52358442545,2.27782088518143,80.3617925643921,9.04329490661621,630.509107708931,0.443405568599701,102.648333251476,319.111876934767,15.7330897450447,1.63962113857269,9.079549908638,2.07250785827637,38.977392077446,2130.90169399977,12.7031610012054,2496.19621273875,3403.76205945015,59.066976994276,10350.1101827323,55.3869367241859,0.875074028968811,5.58714735507965,35.404099136591,0,0,17.6748574376106,4.88021945953369,25.2052230834961,42.0922533869743,19.8808618187904,6.01765674352646,96.6712531447411,0,645.833656072617,52.5091634392738,219.278279840946,10.3962158560753,18.7586159706116,4.83981376886368,0,597.603940188885,0,1121.13335436583,29.9816250801086,0.994039356708527,0,0,1.01850545406342,0,35.0761019587517,0,114.065394252539,22.3097845315933,536.143350839615,0.731584668159485,0.444185495376587,19.736230969429,21.9660089015961,1.9291358590126,30.5329620242119,0.340793520212173,4.437360227108,246.414694607258,14.7687314748764,42.8928083777428,150.591763615608,213.025235295296,3570.84466603398,9.97568076848984,2.6361400783062,1.90690875053406,61.7790158987045,0,0,14.9266406595707,4.10871756076813
43.2894605696201,10.8897238969803,0,5.2025271654129,20.0399767160416,43.8835377693176,1004.00509032607,1001.71185830235,7.82740357518196,62.2964597940445,32.7590838074684,41.2954987585545,326.343294978142,1243.8953589797,239.11585649848,99.6625705659389,18703.8328791559,141.416389703751,1140.79396635294,5.64805892109871,3076.60363411903,8.49630871415138,38864.3955374956,122.791711628437,1.61283200979233,19871.5601703525,27454.7457011938,526.783870428801,658.810427218676,1230.07831397653,10.1595730781555,15.9421965181828,78.4418467581272,1246.91540983319,934.235845267773,10832.5133593976,5061.10860621929,2351.30867761374,2781.63707387447,74.6682132184505,61.8088876605034,4.02684751152992,751.429825812578,97.8435686826706,240.859314471483,458.443714499474,79.5507835149765,15.9694224596024,0,1.08929312229156,104.068465948105,1897.74697723985,0,12.3248279094696,0.400339871644974,85.2611977159977,1.38593956828117,8.25790902972221,0.824640452861786,9.39190900325775,3.5494556427002,10.5016694366932,5.81993314623833,17.2479357719421,142.462084144354,857.315853387117,10.5769521892071,105.654161661863,1.79498901963234,53.7803104817867,86.3761167824268,572.763737142086,68.4747037887573,7.46802884340286,1272.56949436665,11208.9054969847,167.066233754158,12.6677195131779,50.8505478799343,0.739431798458099,0,0,109.134912550449,793.364580780268
2.04160934686661,3.75338399410248,5.2025271654129,0,87.224635630846,224.987433090806,240.801175802946,362.552770644426,4532.78198289871,5394.47527742386,38.0683724880219,4079.90033432841,150.046748369932,146.806593954563,863.713095039129,0.416018277406693,8.5209401845932,55.7514101266861,32.1545159518719,23635.6304108799,0.403050363063812,30.7861270904541,7.37474229931831,8281.88398048282,0.73981773853302,14.3408708572388,20.2671386897564,16838.1396543682,389.788434058428,11.010834723711,0.88503497838974,54.5968360900879,8.87435862421989,194.037501275539,147.277820438147,1777.85560819507,39.3111001551151,91.8056573867798,33.6990857124329,776.126734018326,27.0004688203335,11.8486954271793,266.824818909168,2.55957305431366,35.1599296927452,23.641038775444,1339.41096875072,55.3108701705933,0.890611052513123,0,0,0,2755.93490338326,46.1436789929867,150.847962081432,998.954037904739,48.1919978559017,591.943499833345,1076.1438139677,22.6389531195164,943.806662499905,22.9535565972328,28.281821846962,433.446062147617,1.61831307411194,0.396245539188385,0.639976263046265,0,2557.82986673713,0,1.42709064483643,0,2932.86128658056,0,0.396220445632935,0,3339.37900355458,34.1042532920837,1.54961025714874,0,1.23891854286194,0.542604684829712,75.3927804231644,13.0043739378452
7.86305445432663,5.77574586868286,20.0399767160416,87.224635630846,0,429.579009890556,362.264013797045,119.999713987112,229.8529086411,292.392382979393,4.91425529122353,766.097855091095,120.240655809641,72.1093342900276,2092.7522264123,42.2681045532227,53.5235144495964,6.48335826396942,4.57679659128189,119.531333506107,488.398014426231,35.2991377711296,492.931302249432,308.114634096622,1.85284245014191,18.9007103443146,105.005282729864,440.605118840933,113.455349236727,561.245619595051,0,1328.45651593804,8.51862502098083,2268.74238589406,3731.04724296927,450.27793648839,130.332075506449,31.094962567091,45.6549863219261,6154.51668667793,3801.06010180712,7.84779053926468,73.1357834935188,37.2148680090904,19.320563018322,140.119667172432,158.760938644409,59.8391686081886,1.71782302856445,0,0,11.8174135088921,130.685927867889,10.9397057890892,24.2661655247211,110.492499917746,21.7035446465015,19.0508177578449,74.7379462718964,7.80274611711502,97.9392447769642,56.6511387825012,9.60447388887405,42.4296554923058,22.090744137764,2.6234425008297,0,1.17214751243591,112.483420729637,38.0862193107605,2.13687360286713,94.5383833944798,139.766829818487,0,14.1457609534264,86.5788721442223,190.684563368559,10.5722658038139,32.3903496265411,0,2.13302111625671,2.15496474504471,14.4912012219429,1265.68275785446
16.1118648052216,0.678773403167725,43.8835377693176,224.987433090806,429.579009890556,0,1508.66659548879,14833.589633584,222.140416413546,24125.6179731786,132.775898486376,6679.88334876299,766.758466243744,856.610163643956,3821.38507029414,16.0845098495483,99.5620784759521,174.499301970005,74.9416052103043,692.137812227011,167.52204054594,11.2140511870384,340.42592304945,255.215927481651,4.59693843126297,78.5758735388517,130.932571202517,1190.48276656866,486.139854937792,444.456662863493,10.0203743577003,582.090130925179,12.5926275849342,326.052677959204,3470.11611700058,4458.58477406204,327.329656034708,135.264541953802,178.019193202257,5838.18340268731,628.529114812613,109.2294305861,198.653766036034,15.9019519984722,104.972548812628,320.076247632504,387.365087270737,432.901012659073,3.33521604537964,0,0,1.98110419511795,105.971264481544,23.4787229299545,155.804905444384,336.611506193876,177.19407337904,72.8258051276207,94.3988162875175,29.2798965275288,204.559434086084,206.854940086603,57.6569055318832,88.6966235637665,11.21943795681,0,0.414493143558502,0,135.95338755846,14.3690591156483,0,7.28358429670334,491.749924629927,0,1.1330863237381,7.18680337071419,491.83684566617,47.0899430215359,57.27212241292,0,50.4834268093109,4.27317810058594,141.150629460812,215.310874730349
1406.19055265188,0.666175723075867,1004.00509032607,240.801175802946,362.264013797045,1508.66659548879,0,19577.5367901921,918.941914945841,25941.9107542634,365.332424134016,262.97171163559,832.559094488621,38660.2149493694,1679.51799309254,18.8504747748375,395.067057818174,523.956516981125,366.281495094299,113.821368724108,611.91093865037,8.37280458211899,3256.8201058805,2086.89139589667,3.30158576369286,399.452430456877,724.724479019642,65492.4105734527,8413.29496860504,12344.8497817814,29.1678083539009,306.886245340109,549.654371261597,2016.03779041767,1829.98903813958,7522.03786835074,577.236681610346,1368.29054707289,439.151452362537,1085.89739656448,196.948753535748,88.8101836442947,629.97080591321,11.5624954402447,101.20278558135,145.515485823154,840.309828042984,130.854595988989,9.03890654444695,1.36191356182098,2.02876651287079,41.1943647563457,171.022865831852,15.8219322264194,73.8354704082012,1845.36662808061,92.3756182193756,412.850431293249,220.548463255167,95.2654354274273,64.5173283219337,111.29389166832,64.282692104578,123.120162010193,48.7628180980682,5.61426413059235,0,0.379690498113632,204.345907866955,64.1997184157372,8.51318046450615,45.0883477330208,2896.95099806786,3.56155073642731,5.77449503540993,123.991892904043,2971.71650069952,215.27795150876,211.482056170702,0,9.61625075340271,7.95474022626877,123.286445260048,458.20320507884
210.861445605755,2.09783357381821,1001.71185830235,362.552770644426,119.999713987112,14833.589633584,19577.5367901921,0,298.733234137297,29921.8944323808,823.907309234142,3226.43646979332,969.56459748745,20114.9769777954,794.600048750639,19.3190556466579,1725.10285609961,719.842665806413,391.374509960413,1178.21154072881,563.352427393198,1.74614077806473,3587.13276404142,539.830243378878,4.07072249054909,809.329909726977,826.580603271723,4010.79040303826,3861.14153543115,6555.5125169456,42.5727472007275,522.231413245201,108.480061143637,988.367491111159,847.617481589317,4558.04751294851,585.022630900145,879.610763326287,441.012648224831,2394.08193308115,126.891926825047,194.199729293585,269.675716459751,14.2785993814468,131.171606183052,319.538731843233,490.045419543982,379.748966097832,2.53701838850975,0,1.8055636882782,15.5876008868217,58.4629120826721,28.2195267379284,123.410410910845,814.167953908443,211.017204046249,159.109970808029,63.6825978159904,46.7552027404308,188.802651882172,234.214424341917,77.1029779911041,64.6364610493183,35.7859763503075,0.982520788908005,0.680683553218842,0,114.783025205135,35.5425096154213,5.1212272644043,20.7984510660172,1195.2848778069,0,1.46228069067001,54.4490668177605,1240.51069638133,49.4934298992157,129.657693296671,0,55.3322984874249,3.04471671581268,151.796972900629,81.5979643166065
13.0438873767853,1838.52358442545,7.82740357518196,4532.78198289871,229.8529086411,222.140416413546,918.941914945841,298.733234137297,0,1682.77438142896,56.7138587236404,1583.81729933619,305.982690304518,179.619039475918,3440.66362702847,18.7864354252815,12.9002801775932,28.0354930758476,23.0375205278397,1255.09170401096,26.3870983421803,10583.4580453634,27.084969073534,39598.4042934477,1201.9791751802,13.5879671573639,3896.73825836182,5652.94766184688,271.114128321409,175.185177057981,12.0202205479145,29.9214280247688,30.3616916835308,123.281307697296,71.3580240309238,622.404585272074,46.4477124512196,57.018082767725,25.5860398113728,1823.08300402761,19.3690618872643,142.566902905703,271.266155391932,54.6280026435852,46.9025392234325,26.8170737624168,205.2330724895,27.7553936839104,155.310672700405,0,50.7781207859516,0.582445621490479,1265.31554716825,14.950600028038,85.3379098773003,812.253725200891,63.8044267594814,3822.87072435021,615.499597758055,76.5657823979855,405.886325925589,197.478066146374,36.8106245398521,140.83133199811,174.30400454998,4.77924299240112,12.3282198011875,4.02907186746597,569.059894442558,145.35932046175,209.989282011986,41.0911580324173,7037.20534917712,36.6840567588806,27.8241342008114,99.8261276483536,3853.46434569359,123.067237645388,88.0799206793308,17.3538182973862,4.72542136907578,6.75876313447952,62.1523933410645,39.354934066534
35.4191366434097,2.27782088518143,62.2964597940445,5394.47527742386,292.392382979393,24125.6179731786,25941.9107542634,29921.8944323808,1682.77438142896,0,1051.5438619554,14796.2108490169,1565.57796052098,5404.47970971465,2148.85204714537,3.52251198887825,254.361312180758,1349.49744343758,865.841030746698,7871.58377596736,48.6582752168179,1.59070539474487,172.653202414513,1607.7799782455,2.96134549379349,519.090856194496,490.659967273474,23844.507314533,6770.66159950197,302.561099112034,47.9834730625153,909.112366467714,66.1432500779629,2649.36223199964,7553.66845807433,10148.7821908593,824.236008524895,950.15257370472,450.111022889614,3358.38908490539,329.178977817297,227.015693932772,280.659935444593,6.61748510599136,89.2482260763645,240.374054849148,1066.66623300314,215.29730373621,6.29295071959496,0,0,0,1996.59954565763,50.181343793869,137.055843383074,1136.16432189941,86.0070963799953,358.995672911406,971.098779559135,36.4011417925358,1463.7546736598,208.313455373049,24.3242174386978,270.085588693619,4.0386218726635,0,7.35830861330032,4.00777542591095,1434.2479275167,6.82822498679161,4.38608682155609,5.39280498027802,3098.3963702023,1.19002670049667,7.54059967398643,10.0996477901936,3260.70303046703,31.7911713719368,12.4507337212563,0.980472505092621,12.6158637404442,1.92506515979767,121.420780867338,488.15324652195
4.23848584294319,80.3617925643921,32.7590838074684,38.0683724880219,4.91425529122353,132.775898486376,365.332424134016,823.907309234142,56.7138587236404,1051.5438619554,0,601.265990197659,9729.62382277846,556.625649213791,62.819465726614,11.5706696510315,482.756756395102,17768.8854762912,1766.71570929885,193.648518264294,91.5978010296822,33.6099306046963,167.453571200371,45.0067256689072,441.018005639315,3668.45228609443,1008.00225484371,150.021120339632,2105.95339870453,209.909541770816,1323.56198891997,900.833137631416,15.4640983641148,11829.4264472127,170.789436548948,1391.47870063782,7946.96617469192,3294.84845307469,780.630148500204,142.390218049288,64.6977210938931,4990.92454817891,27.3030953705311,1494.45027992129,54.7324269413948,54.4674592912197,32.9505376815796,15.8418982625008,886.296966731548,0,143.517461925745,1.88293114304543,1.73957163095474,0,0,11.9063082635403,7.75150817632675,274.367555975914,1.53826546669006,1989.78424724936,17.5739473998547,5525.01574862003,2.57719612121582,8.46511462330818,6.24920156598091,0,50.8926429748535,0.594877660274506,2.2964980006218,0,111.404198110104,4.6775076687336,113.74787466228,606.292070448399,1209.80789262056,1147.76319780946,35.3405826091766,3.92031425237656,4.40858879685402,2128.61658146977,1.23970741033554,0,69.8323953747749,48.4028081893921
5.69872337579727,9.04329490661621,41.2954987585545,4079.90033432841,766.097855091095,6679.88334876299,262.97171163559,3226.43646979332,1583.81729933619,14796.2108490169,601.265990197659,0,491.394865632057,1099.31567913294,6089.33332997561,16.4075354933739,109.521724164486,652.200811773539,367.120653092861,12214.6177532375,127.810104042292,46.1522577404976,175.427665442228,1875.16812807322,10.1284136772156,266.57286131382,295.728637695312,528.808132827282,1230.36642101407,207.979680448771,27.3786645531654,361.665781766176,7.11059510707855,768.18091493845,12880.9460429549,1744.04879510403,399.752906858921,289.310779422522,175.754779279232,6004.9398496449,97.0001837611198,121.925175398588,223.198346555233,5.78493332862854,45.0295861363411,120.738090366125,907.595549583435,105.937026053667,8.93438470363617,0,1.74642017483711,0,1289.46566405892,53.4881736338139,227.596868902445,356.530268937349,132.429537594318,176.009725213051,587.466849178076,60.7227792143822,3578.36532884836,112.864839732647,46.8114506602287,385.136192083359,2.62749797105789,0,9.1616487801075,3.15661445260048,1096.25296705961,10.7316016852856,5.67623880505562,14.3930117487907,1111.55338680744,0,9.30247551202774,15.7279704809189,1429.88047432899,49.5626853108406,11.6214813888073,0,13.1500173509121,1.85898530483246,73.5421861708164,6927.67223352194
31.0048027932644,630.509107708931,326.343294978142,150.046748369932,120.240655809641,766.758466243744,832.559094488621,969.56459748745,305.982690304518,1565.57796052098,9729.62382277846,491.394865632057,0,466.640967786312,195.142783671618,164.49245211482,182.57388022542,255.596228569746,71.0918804705143,348.148258119822,1124.84214103222,300.546815752983,1342.05455103517,712.925293058157,5496.7376075685,450.893166750669,6471.63131821156,1677.46897351742,948.778532028198,1385.78219744563,2439.63010022044,915.788379341364,87.5064482688904,2874.05161058903,165.546258896589,3490.1950173676,6095.60142913461,1967.39158251882,944.566510975361,2988.33285650611,538.851969927549,9110.70843344927,491.69309297204,2592.57631570101,532.770693272352,348.875409990549,1512.23281303048,729.088801175356,2376.85202538967,2.66595655679703,505.577038705349,21.5185134112835,46.4389258027077,32.3192898631096,336.667922616005,920.945199340582,606.41370755434,748.248635828495,254.820451170206,4522.03171348572,346.961481660604,14086.2766820192,218.27661511302,80.3648864626884,171.619691967964,11.3089801669121,75.8416757881641,10.429844558239,119.559010982513,331.234671294689,356.758944571018,189.403355628252,787.709331214428,2578.79534602165,3245.38269394636,4947.08332297206,1242.28892299533,241.954318940639,474.348778992891,5881.52449032664,177.379546821117,15.4553870558739,648.445189416409,60.9190391898155
11412.2259112,0.443405568599701,1243.8953589797,146.806593954563,72.1093342900276,856.610163643956,38660.2149493694,20114.9769777954,179.619039475918,5404.47970971465,556.625649213791,1099.31567913294,466.640967786312,0,232.779768049717,12.9459759891033,3341.51533535123,542.566210120916,374.40124642849,516.999714255333,1024.21708965302,0.694083690643311,5506.14423525333,414.386535942554,1.31317922472954,973.688402101398,1131.92955929041,2327.33598709106,18430.4375513494,35687.8302674741,24.9456188380718,418.978845149279,157.974246263504,1022.65108750761,280.768683105707,2524.98261997104,404.325162231922,897.808018535376,323.385154575109,330.992595165968,44.3751112520695,75.5005462169647,176.457386553288,7.5991967022419,48.2279627025127,89.402496099472,280.109082877636,88.0834012031555,2.54007017612457,1.21870827674866,0.415432184934616,24.6295464932919,22.204005420208,7.1453195810318,34.1944195926189,524.599281221628,47.368322879076,127.927992880344,19.4140201807022,14.0983352661133,68.2183005809784,86.2151210308075,26.9266706705093,36.3684495687485,30.8339097797871,1.99483281373978,0,0,35.3371796309948,38.7235019803047,5.7195947766304,29.1957774758339,731.707851320505,0,1.72897920012474,84.3154654204845,922.670891106129,54.7592500448227,135.161635637283,1.31501507759094,11.3397042155266,1.90975993871689,40.2687743604183,56.6805647909641
8.32132053375244,102.648333251476,239.11585649848,863.713095039129,2092.7522264123,3821.38507029414,1679.51799309254,794.600048750639,3440.66362702847,2148.85204714537,62.819465726614,6089.33332997561,195.142783671618,232.779768049717,0,73.1623097062111,163.591281622648,178.981126874685,98.869686871767,792.294402301311,636.93052393198,384.407530784607,876.828898310661,3327.51467901468,59.4132562875748,233.30325448513,1038.15255701542,2069.02807435393,495.150158166885,1088.27482482791,14.0799234211445,261.215284496546,19.0067956149578,167.602783083916,3015.29174175858,1589.94405058026,992.615647047758,110.317855000496,319.258333146572,4049.62464490533,65.0935792326927,29.8267050683498,188.853062212467,135.756852030754,26.5552575588226,220.563074707985,499.582545906305,26.3726581335068,9.12160688638687,1.12602782249451,2.03106611967087,39.7690551877022,590.204336583614,35.1278299093246,82.1507670879364,381.887940943241,45.2547449469566,102.974256783724,256.912819504738,23.2976803183556,469.238205432892,36.8287522494793,22.6334007382393,191.861141324043,48.5321988165379,6.13255172967911,7.55063635110855,7.68931603431702,456.199628204107,69.3007273972034,30.0034400820732,182.805012375116,743.301010519266,2.53834015130997,44.9781088232994,208.963234037161,917.020294904709,29.9810184240341,58.4272890388966,0,4.94432556629181,0,28.0915948450565,547.540070533752
0,319.111876934767,99.6625705659389,0.416018277406693,42.2681045532227,16.0845098495483,18.8504747748375,19.3190556466579,18.7864354252815,3.52251198887825,11.5706696510315,16.4075354933739,164.49245211482,12.9459759891033,73.1623097062111,0,181.186979204416,28.5864569544792,46.4080497026443,0,4359.10682615638,4124.0797007978,8344.68863615394,10208.3096196949,74.2321099340916,49.1180478036404,9744.74125605822,2724.70177605748,20.1326573193073,128.816042363644,1.30157855153084,8.60054981708527,4.71741545200348,133.434885591269,371.979312956333,3086.57254689932,1083.16274785995,1015.17144936323,433.726660460234,60.1300973296165,28.8751487135887,19.1330691576004,297.435288608074,38.3920893073082,100.324793934822,95.6214318573475,108.173102647066,5.13354903459549,10.1272692084312,0.922066509723663,40.4332953095436,295.356767505407,0,2.67012912034988,7.80206599831581,197.27490106225,11.5269622504711,96.6799449324608,1.66912811994553,15.3803210556507,5.53678968548775,22.1886971592903,14.0953343212605,18.3643589615822,14999.4857574701,37.9708957672119,3.18195849657059,4.12101131677628,6.00419956445694,1783.74088770151,2284.45997387171,6693.56206139922,2771.82927182317,4.3260150551796,73.6462291181087,4079.08873420954,2005.37835231423,33.4722276031971,203.896934986115,0.923546254634857,0,1.7586008310318,21.4886347651482,224.389617145061
234.573565900326,15.7330897450447,18703.8328791559,8.5209401845932,53.5235144495964,99.5620784759521,395.067057818174,1725.10285609961,12.9002801775932,254.361312180758,482.756756395102,109.521724164486,182.57388022542,3341.51533535123,163.591281622648,181.186979204416,0,1494.05353996158,10317.7060343623,47.4557234942913,6190.28102731705,11.1171007454395,24641.4744023532,105.522139936686,5.429523229599,13515.5962262303,22902.3408976793,390.662357419729,4092.73485067487,6021.32933664322,10.2933271229267,57.2852697968483,438.70170122385,9675.32032859325,459.457268804312,4535.96036624908,2972.3300562799,1841.25974132121,1970.60976234078,57.9575407803059,41.2198175489902,7.41222071647644,100.791333407164,31.9760614931583,42.3809551298618,121.753481805325,32.8462709188461,11.4050180315971,0,0,23.3068914413452,329.500629290938,0,10.1433118581772,0,21.5080914795399,0.380989789962769,11.5088784098625,0,4.15170353651047,0,9.01449662446976,0.647034227848053,9.42751848697662,89.0176929831505,152.856837689877,0.453249454498291,28.3304903209209,0,39.1454209089279,14.1502099335194,135.745689600706,41.4506447315216,2.61716783046722,435.191244959831,2448.43438875675,64.0556300282478,0.495536744594574,21.1727040112019,0,0,0,20.0751403272152,249.41083586216
6.74622082710266,1.63962113857269,141.416389703751,55.7514101266861,6.48335826396942,174.499301970005,523.956516981125,719.842665806413,28.0354930758476,1349.49744343758,17768.8854762912,652.200811773539,255.596228569746,542.566210120916,178.981126874685,28.5864569544792,1494.05353996158,0,17327.3265171051,251.132227838039,373.742922514677,0.804953217506409,534.905341595411,48.0785704851151,4.55622205138206,6384.32438409328,1126.73142766953,270.794888138771,2195.59173250198,451.488839417696,627.508162796497,631.510990440845,28.2237432003021,5923.7937759161,561.817212611437,4679.73519286513,4382.12509687245,4176.03089649975,2292.46642184258,148.293839246035,61.1865950524807,116.395033866167,20.3818793296814,56.1234332323074,4.12629359960556,63.8326015770435,20.8236729800701,10.3478379845619,5.27455508708954,0,1.48731264472008,6.80218929052353,0,1.94190299510956,0.433205544948578,0.642057716846466,0,30.3943755328655,0,46.6030607819557,15.6059053242207,43.2337898910046,0,4.33774697780609,6.9738130569458,1.75196141004562,0.715489566326141,1.68443202972412,1.24792778491974,0,0,10.9121116995811,2.39071333408356,4.2263206243515,192.479199320078,202.622699201107,0.606838762760162,0,0,73.8589996993542,2.06211233139038,0,3.46745830774307,218.780388087034
21.4848337173462,9.079549908638,1140.79396635294,32.1545159518719,4.57679659128189,74.9416052103043,366.281495094299,391.374509960413,23.0375205278397,865.841030746698,1766.71570929885,367.120653092861,71.0918804705143,374.40124642849,98.869686871767,46.4080497026443,10317.7060343623,17327.3265171051,0,118.337396770716,700.41547934711,0.751838624477386,974.674776405096,60.0220423340797,1.6827654838562,27480.2545999736,2698.58865202963,216.062964558601,1488.4031047076,584.002672851086,44.9645963013172,204.705767333508,64.8868954181671,7220.73000735044,342.980940282345,4185.25523528457,2584.43365469575,2034.93026027083,1730.34101343155,52.7896870672703,22.0330065488815,1.03503033518791,32.7547874450684,11.3240074217319,9.10465955734253,63.5961499512196,18.8576283454895,4.98548573255539,0.704977333545685,0,3.27123236656189,21.1254541277885,0.398165673017502,1.5591493844986,0,1.59543153643608,0,10.7028748095036,0,0.550837218761444,5.17785006761551,5.02676904201508,0,6.13429567217827,9.09429156780243,13.0084851384163,0.592142701148987,11.6280337870121,0,1.08900588750839,0.403127610683441,21.7561366856098,16.1284131407738,0.79638260602951,160.589270830154,359.944676592946,7.61289715766907,0.346411526203156,1.061070561409,1.21890246868134,0,0.839781522750854,0.730124831199646,158.141237318516
1.8614981174469,2.07250785827637,5.64805892109871,23635.6304108799,119.531333506107,692.137812227011,113.821368724108,1178.21154072881,1255.09170401096,7871.58377596736,193.648518264294,12214.6177532375,348.148258119822,516.999714255333,792.294402301311,0,47.4557234942913,251.132227838039,118.337396770716,0,12.7824201285839,6.64865297079086,26.1385484337807,2015.63931587338,2.81684523820877,124.190975636244,72.4004308283329,1032.38117998838,848.714011073112,43.0477422177792,15.5132940411568,161.550137072802,6.18866848945618,417.202544569969,163.273851931095,2222.8085231781,152.667273849249,173.182898908854,98.0477161705494,1124.43899321556,67.0194480717182,52.2041915357113,214.940110683441,0.854434639215469,37.6255297064781,66.2253389060497,843.89232853055,82.3389602899551,4.31397661566734,0,0,0,1415.69537031651,39.27257797122,103.843933165073,700.987098366022,65.7502274811268,261.860197067261,757.176118254662,26.9399478137493,1266.49540767074,57.9986343979836,21.0415072441101,265.57262262702,0.485808551311493,0,0,0,1056.06165003777,3.21511921286583,2.16090750694275,0,1841.82264974713,0,0,1.89950561523438,2300.99997359514,45.8531644046307,11.3362808525562,0,0.740992844104767,0,52.5245173275471,23.6865998506546
75.7497600317001,38.977392077446,3076.60363411903,0.403050363063812,488.398014426231,167.52204054594,611.91093865037,563.352427393198,26.3870983421803,48.6582752168179,91.5978010296822,127.810104042292,1124.84214103222,1024.21708965302,636.93052393198,4359.10682615638,6190.28102731705,373.742922514677,700.41547934711,12.7824201285839,0,237.394513070583,80822.8393950164,1381.42629599571,18.9465299844742,1338.1135237515,9236.63281972706,12169.3530693203,2406.11525329947,17020.3043146133,11.7583802938461,108.114393144846,453.276082873344,9618.89608334005,2887.44113641977,17712.8420240581,3817.90580366552,9057.53874611855,3372.30597761273,404.382937252522,278.958429008722,70.4111360013485,390.908906072378,44.2628017663956,86.280406922102,172.607022434473,315.033189356327,54.3641048073769,3.79372000694275,2.75812381505966,6.87359398603439,133.442495584488,1.38029515743256,15.5950667262077,19.8155428767204,771.797834932804,61.0690394043922,75.9251368045807,8.00511765480042,39.3082400560379,15.5113012492657,84.9843011200428,54.995440274477,36.9035757780075,3058.851557374,27.7645635008812,0.840557932853699,9.18211731314659,8.98289716243744,2972.93079406023,255.870002835989,1654.02981695533,2652.57358273864,0.903433561325073,36.3877065777779,1091.24241176248,3337.37610217929,200.466863483191,1045.10808500648,0,0.523250579833984,11.5008927285671,78.5841678082943,1252.07329320908
0.809052348136902,2130.90169399977,8.49630871415138,30.7861270904541,35.2991377711296,11.2140511870384,8.37280458211899,1.74614077806473,10583.4580453634,1.59070539474487,33.6099306046963,46.1522577404976,300.546815752983,0.694083690643311,384.407530784607,4124.0797007978,11.1171007454395,0.804953217506409,0.751838624477386,6.64865297079086,237.394513070583,0,163.707988351583,17240.9209906161,1487.28540635109,8.54160061478615,9440.3210144937,427.275454759598,4.48232719302177,27.0301001369953,11.1185768246651,0,3.3392222225666,9.12968853116035,8.10990428924561,52.0311403870583,32.5381691157818,9.82304695248604,5.54975199699402,352.393748342991,0.848629772663116,220.123367726803,39.4884470701218,107.007913082838,15.0567757189274,15.4208164215088,18.9058049619198,0.568535804748535,218.145184487104,0,116.488151907921,40.9513925015926,11.8873679637909,0,1.64007306098938,66.4255480766296,3.08422908186913,217.348958432674,1.72754812240601,58.8983437418938,140.401835918427,285.159603208303,1.09327661991119,8.92409855127335,2889.51270952821,2.73154020309448,1.45766806602478,0.678903758525848,0.458918511867523,434.395513445139,2143.14719134569,460.530187398195,2376.42393025756,49.1517931222916,58.4207956194878,1999.72687071562,982.317980617285,6.04618847370148,48.9412170350552,30.6556153893471,0,0,7.64630010724068,5.28434675931931
251.397372931242,12.7031610012054,38864.3955374956,7.37474229931831,492.931302249432,340.42592304945,3256.8201058805,3587.13276404142,27.084969073534,172.653202414513,167.453571200371,175.427665442228,1342.05455103517,5506.14423525333,876.828898310661,8344.68863615394,24641.4744023532,534.905341595411,974.674776405096,26.1385484337807,80822.8393950164,163.707988351583,0,1321.83109387755,3.23488256335258,11417.3847901821,43162.698451817,5068.92412126064,2024.3019400835,12429.1119639426,21.6905297636986,137.69569247961,326.139735251665,6286.35331809521,4787.12812829018,30494.9376945496,9674.41640710831,16600.8782815337,9120.36484518647,758.833464920521,318.031852990389,64.316096663475,970.15042117238,96.8335418403149,328.568316280842,682.500855892897,295.743129938841,68.2451457083225,5.17055135965347,4.11691153049469,15.5664294958115,2922.88015443087,2.77315127849579,42.3012388646603,10.1891278922558,344.401691973209,28.8093308210373,47.1346151232719,7.0882343351841,18.4943661391735,17.5714188814163,45.4603411853313,26.4682483077049,66.7833299338818,9614.23206216097,297.166555225849,9.28239440917969,22.884534150362,5.24392369389534,1466.39085438848,512.762066721916,10025.9059186876,1355.81983885169,1.28598916530609,254.696680426598,14034.1008024812,1412.48995569348,39.4502819776535,292.69178506732,0,1.19459927082062,4.51137638092041,101.44644112885,3268.01311638951
33.8498317599297,2496.19621273875,122.791711628437,8281.88398048282,308.114634096622,255.215927481651,2086.89139589667,539.830243378878,39598.4042934477,1607.7799782455,45.0067256689072,1875.16812807322,712.925293058157,414.386535942554,3327.51467901468,10208.3096196949,105.522139936686,48.0785704851151,60.0220423340797,2015.63931587338,1381.42629599571,17240.9209906161,1321.83109387755,0,1192.72061130404,55.808360427618,14584.482701838,13469.8804216981,748.219986796379,1936.32139289379,13.6415044665337,50.5727005004883,151.050081223249,294.381519138813,666.105207443237,4065.46134305,369.509577006102,518.955019265413,165.773918867111,2318.07940971851,72.5114806592464,125.003978222609,1784.42095938325,86.4935354888439,289.825600475073,190.620771706104,1679.72422456741,173.26156142354,166.42771974206,13.2471491396427,134.370754510164,112.719271630049,2132.33806240559,56.6138724982738,212.525854676962,5805.93710234761,296.101226896048,3902.75490555167,1124.15961366892,291.732233315706,1096.52164134383,262.075255870819,261.771698117256,380.781053692102,2682.5442571044,32.6847069859505,11.5609320402145,10.1061839163303,1756.18003198504,2728.87270489335,1386.3352869153,1058.47348225117,22005.1833095253,65.0171746611595,64.7612102031708,1818.94398504496,18578.8348792791,911.255048036575,1725.76433202624,7.25615766644478,10.7583810091019,70.5611894726753,343.542600601912,221.403483688831
0,3403.76205945015,1.61283200979233,0.73981773853302,1.85284245014191,4.59693843126297,3.30158576369286,4.07072249054909,1201.9791751802,2.96134549379349,441.018005639315,10.1284136772156,5496.7376075685,1.31317922472954,59.4132562875748,74.2321099340916,5.429523229599,4.55622205138206,1.6827654838562,2.81684523820877,18.9465299844742,1487.28540635109,3.23488256335258,1192.72061130404,0,84.9097944498062,4723.96559506655,42.1790918707848,1.73306769132614,8.7149356007576,276.917537540197,4.52269971370697,0,156.922738283873,1.20613753795624,120.331428140402,168.644843041897,36.1349674761295,3.87689578533173,62.8245673775673,1.21225452423096,1834.47807580233,34.4263830184937,332.392498344183,22.8439363837242,21.7598906159401,4.93215495347977,2.88761448860168,767.465024411678,0,586.748997271061,0.472157955169678,1.51892459392548,0,4.15427494049072,1.07763361930847,6.34374004602432,131.069509088993,0,378.827786028385,19.5756215453148,1885.43940222263,1.67461973428726,1.29969847202301,7.85117623209953,0.520057678222656,0.82950896024704,15.4733364284039,0.493569582700729,7.7573327422142,56.832999587059,3.78250443935394,48.5498353242874,1178.72709384561,1041.84301403165,3854.71757730842,13.4529124796391,1.97305947542191,5.15035593509674,846.88261193037,2.25421905517578,0,10.9525443911552,0
58.9815934896469,59.066976994276,19871.5601703525,14.3408708572388,18.9007103443146,78.5758735388517,399.452430456877,809.329909726977,13.5879671573639,519.090856194496,3668.45228609443,266.57286131382,450.893166750669,973.688402101398,233.30325448513,49.1180478036404,13515.5962262303,6384.32438409328,27480.2545999736,124.190975636244,1338.1135237515,8.54160061478615,11417.3847901821,55.808360427618,84.9097944498062,0,37005.0120096356,239.315321803093,1231.64505128562,930.507379889488,3997.56410095096,176.428091317415,64.728981345892,2632.20393449068,743.177533864975,11297.3855040073,18350.9882502854,3813.2275557518,2654.74237412214,71.9839165508747,69.4680959880352,173.806683927774,755.532514959574,640.475453197956,184.196891188622,367.926591575146,34.9604100883007,14.1132290959358,48.4878384172916,2.56422787904739,233.768903315067,280.67930701375,0,10.0959284901619,0,22.0094382762909,1.47932684421539,37.1280739605427,0,577.36902141571,6.50033795833588,545.321862578392,7.38529390096664,18.6093156039715,19.8511211872101,378.202250629663,75.0498974919319,418.895266145468,0,30.4510163068771,18.1294431090355,113.351494818926,12.1232265233994,245.353404045105,7453.77489048243,13624.7061056495,9.80653467774391,10.4897612333298,38.7478396892548,1198.39602822065,0,1.19457229971886,113.888226032257,375.406546443701
59.0971957743168,10350.1101827323,27454.7457011938,20.2671386897564,105.005282729864,130.932571202517,724.724479019642,826.580603271723,3896.73825836182,490.659967273474,1008.00225484371,295.728637695312,6471.63131821156,1131.92955929041,1038.15255701542,9744.74125605822,22902.3408976793,1126.73142766953,2698.58865202963,72.4004308283329,9236.63281972706,9440.3210144937,43162.698451817,14584.482701838,4723.96559506655,37005.0120096356,0,4566.93634641171,1487.98247772455,2204.48747453094,4361.14806509018,135.082303285599,172.497383803129,5355.73206402361,3689.85833278298,42514.2153973877,18807.0158932656,12366.1118400693,8839.47194808722,477.448868155479,179.368238508701,218.892570406199,6219.044449687,2116.66075980663,1818.01472404599,2959.13070881367,282.085836589336,84.4184485077858,324.479578971863,4.88222604990005,9951.60790604353,10397.8187115788,6.27182406187057,48.8486835062504,3.19411551952362,367.5688174963,28.8707822561264,393.031459599733,7.36663562059402,1411.83152028918,74.0808089673519,2447.9189324379,66.261069893837,81.0774860084057,9495.42492905259,4000.37105548382,215.958037704229,1980.40231329203,10.9101269841194,1056.0836673975,9648.31395077705,9570.20232459903,1522.06826144457,2407.71243092418,35192.6646221578,194503.162290037,1259.8908713758,61.0105210840702,417.06796219945,4573.23994317651,1.42647081613541,5.77580013871193,802.20259693265,2833.6704364717
92.9440435469151,55.3869367241859,526.783870428801,16838.1396543682,440.605118840933,1190.48276656866,65492.4105734527,4010.79040303826,5652.94766184688,23844.507314533,150.021120339632,528.808132827282,1677.46897351742,2327.33598709106,2069.02807435393,2724.70177605748,390.662357419729,270.794888138771,216.062964558601,1032.38117998838,12169.3530693203,427.275454759598,5068.92412126064,13469.8804216981,42.1790918707848,239.315321803093,4566.93634641171,0,3346.55805921555,22842.3528923988,11.4160628914833,192.277178645134,535.246346980333,1436.28168419003,2499.13774728775,13746.1510930657,940.152081727982,2434.30410629511,682.083227664232,1305.75055652857,291.984821408987,86.8703939318657,1727.74966019392,48.8744279146194,256.047804832458,196.356679975986,2181.82255032659,214.763720542192,16.3545527458191,10.5628069937229,16.7599187493324,48.9742324352264,1539.07788830996,40.1737401783466,156.73355782032,5628.05467739701,248.284679144621,1755.50348883867,989.921562731266,212.685989558697,419.671261847019,188.680301100016,267.615673214197,350.362846195698,1057.21429479122,15.0714015364647,1.06519445776939,3.05179306864738,1324.46526777744,1791.20887547731,232.474058061838,530.743817538023,12660.9261730611,2.05296111106873,21.7673681676388,564.090146422386,13964.8118292093,1018.24830448627,1980.34585446119,0,7.93317151069641,83.8569909334183,400.10938051343,600.136219114065
8679.14401423931,0.875074028968811,658.810427218676,389.788434058428,113.455349236727,486.139854937792,8413.29496860504,3861.14153543115,271.114128321409,6770.66159950197,2105.95339870453,1230.36642101407,948.778532028198,18430.4375513494,495.150158166885,20.1326573193073,4092.73485067487,2195.59173250198,1488.4031047076,848.714011073112,2406.11525329947,4.48232719302177,2024.3019400835,748.219986796379,1.73306769132614,1231.64505128562,1487.98247772455,3346.55805921555,0,21979.6131765097,97.8150641620159,1023.81382250786,5852.86815115809,8429.75560234487,464.950794517994,3549.24222820997,581.286691755056,1989.77518802881,365.177392184734,404.874170035124,156.075202643871,113.091598361731,416.828499674797,11.9243426918983,69.4337711632252,146.928333997726,635.568453133106,118.987263590097,6.68525618314743,1.50116437673569,1.86069184541702,5.93436703085899,12.5039187967777,6.63439694046974,41.0123437345028,1204.1583904326,70.3288315534592,235.695414960384,16.5012081563473,38.5801367759705,70.9725514352322,152.668997555971,38.5311362147331,53.1681772172451,26.4994241893291,2.21584725379944,0,0,56.4140287339687,169.389839291573,8.86512452363968,22.0310600399971,1499.48720902205,1.65729945898056,5.58216270804405,49.8144493997097,2555.97758558393,148.200521856546,381.332296192646,1.23457026481628,11.6670194864273,13.9991435706615,95.0076172947884,119.3945094347
6169.33320179582,5.58714735507965,1230.07831397653,11.010834723711,561.245619595051,444.456662863493,12344.8497817814,6555.5125169456,175.185177057981,302.561099112034,209.909541770816,207.979680448771,1385.78219744563,35687.8302674741,1088.27482482791,128.816042363644,6021.32933664322,451.488839417696,584.002672851086,43.0477422177792,17020.3043146133,27.0301001369953,12429.1119639426,1936.32139289379,8.7149356007576,930.507379889488,2204.48747453094,22842.3528923988,21979.6131765097,0,19.7990761399269,178.509679377079,3866.67382141948,8036.21127986908,2879.21507886052,12732.4460906684,1512.50606244802,6066.02161172032,1203.33509001136,420.71390542388,293.805841952562,84.8242381215096,462.346174895763,30.8104364871979,67.9303346574306,183.621895730495,563.94302341342,90.2037230730057,4.52097678184509,5.01124691963196,1.84038066864014,24.1620400846004,13.8846225142479,16.0184146761894,32.0504420697689,1284.09973928332,92.5877056419849,179.105545282364,15.8965417146683,63.0585249066353,10.892996609211,142.975026428699,84.7853062450886,54.4161637127399,334.040096789598,8.26410228013992,0,0,26.4483441412449,861.977310925722,55.9697359204292,226.756765723228,1728.09737184644,1.341677069664,9.11979660391808,161.557790070772,3434.48083159328,316.552208304405,846.876753807068,0,5.05760312080383,21.1387465000153,87.9940465986729,873.889433294535
