0,7.93440242462396e-05,0.0206088719538554,0.00123709243090229,0.000628544578609633,0.0112853167985961,2.67768413267853,0.196105036937605,0.00186939835212314,0.0143606379450501,0.00277834456483959,0.00404191006844047,9.99259665680525e-05,1.42439077936099,0.00249678105687267,0.000771200937605548,0.069747829680603,0.0018634165617319,0.00929147577457623,0.00306261413151697,0.10469716150754,0.000109399702345919,0.246061541197625,0.000972976747891024,0,0.0143788032324824,0.0301307890786587,0.0657592137488328,1.13794004833343,2.16739036382187,0,0.00135771363278123,0.00164317974151145,0.0290590921152314,0.00253180808719156,0.0263948411620468,0.00513400095113095,0.0254528318990349,0.0230495062839402,0.00885598046099024,0.00106590191493462,6.50611669923663e-05,0.000357406723760844,0.000112170662065554,3.4393107168746e-05,3.0741334495306e-05,0.000238743716186142,0,0,0,0,0.000385545978500712,7.3942104859829e-05,9.49066502764226e-05,0,0,0,0.000382664434164489,0.000113007628595543,0,0,0.000195140861406112,0,0.000107850713145113,0.00209958011112523,0,0,0,0.000159865578129196,0.000322110578072596,0.000123197350953627,0.000689932200893545,0.00335081054106938,0,0,0.00268295162718018,0.00183583223124708,3.08668113170862e-05,9.06814149610521e-05,0,0,0,0,0.000506009431134546
7.93440242462396e-05,0,0.00690029782247419,0.000608169653826356,0.00246433887726799,0.000567764656690598,0.00178513761713665,0.00411278505804588,0.12792547464035,0.00248211082548375,0.0796230498426367,0.00170028604185242,0.191164434705855,0.000672887203426278,0.00712276870151974,0.115054410214974,0.00328492382268366,0.00148043603461891,0.0042331879220555,0.000996612340474425,0.00860433771727577,0.242224432171037,0.0190413234704459,0.145623789469839,0.716984477061303,0.075632410710498,1.57870588826218,0.0270661349482018,0.00473064259100121,0.000611182837364519,0.0058416445064914,0.00496990044442895,0.000157706249373675,0.0711229634191595,0.00152556798987009,0.0268485680784751,0.0206278533966527,0.0535410779791384,0.00554275201910587,0.00680352305113666,0.000831720363800478,0.0131599408080969,0.010033318894809,0.0210178842785635,0.00616035887771053,0.00218832422494122,0.0020386361469026,0.000155881764626121,0.00183247794651494,0,0.109149429690207,0.0135097796883035,9.30218177627564e-05,6.45975740796804e-05,0,0.000324212369927299,9.71002526273724e-05,0.000881894701350032,7.39881548790455e-05,0.005078677123735,5.16665380470514e-05,0.0175384685635683,0.000222199562643099,4.77946569410086e-05,0.0171591058071392,0.00584755781887443,0.00174869253986781,0.0042703384137713,3.86278307559371e-05,0.000277992791731703,0.0376747126560504,0.0123926183649459,0.00714947448926648,0.00905992386351395,0.03499842782739,0.538104200920669,0.00226459396968567,0.00010602621814828,0.000244263779033828,0.00532811629767277,3.79771474691629e-05,0,0.00387811474945206,0.000657576256176281
0.0206088719538554,0.00690029782247419,0,0.000219236167549371,0.00155937080507762,0.00245615719146731,0.064958951851465,0.0377370844604109,0.000262526150217426,0.00173464643844109,0.00490312082150024,0.00041772214314351,0.000146063153356576,0.0724370443512547,0.00599243927369927,0.00173704323534878,3.22491992562878,0.00893984017492413,0.121832024506009,0.000867277589421845,0.638396435394861,0.00531246305262525,2.66614059692084,0.00138719476693984,0,3.5645076791372,1.36480013603182,0.0615917987755823,0.0204586289080022,0.0620362450398739,0.000159247556738424,0.000866981018791189,0.00103474580100821,0.0917340164686812,0.0555557938622421,0.620381122564359,0.259285089035484,0.110780948476329,0.182694369210291,0.00785922981928126,0.00322130430417292,0.000406095566404951,0.0362606528659729,0.00896848499850671,0.0181513271148053,0.0149974828858844,0.000666256244079518,0.00109762267071555,0,3.71179348749161e-05,0.00612163769137925,0.183486796254962,0,0.000984346864559842,0,0.000863071384458837,0,0.000157742880303717,0,0.000839012391517913,9.3763594096112e-05,0.000392860595633316,0.000231792792225003,0.000665587691171443,0.00632880521532964,0.0355493976075029,0.00105436346920045,0.00401638822638032,0,0.00198762701567061,0.00800569464195746,0.0801303099422767,0.00178454421708099,0.000260960211268282,0.0207925390476146,0.612442151517636,0.00338438349052886,0.000221911275993752,0.000333037331346964,0,0.00014825216402967,0,0.0116267421670791,0.0258687401833728
0.00123709243090229,0.000608169653826356,0.000219236167549371,0,0.025005063714678,0.0141535912831828,0.016068878702377,0.0512720415073179,0.10933423092071,0.542244302082955,0.00962607056871699,0.748286218500503,0.00173793482285917,0.0341606195495813,0.0627968378922854,0,0.00037993752841661,0.00462945016947278,0.00459583739386992,1.25179359043167,0.000417940050543034,0.000839926860547972,0.00115521220159146,0.186512783896938,0.000758412077035654,0.00677779069653316,0.00214304759596506,0.508109428755254,0.0625166205991831,0.000881782530657216,0.000794309240557611,0.00860658377544652,0.000161932053524137,0.0373610829607873,0.0084692638557435,0.101943846473362,0.0017751036966603,0.0148566465275756,0.00600087291757305,0.0720505209859507,0.0126709943670423,0.0014455888996789,0.0154853110458329,9.4027938425207e-05,0.00432845546232506,0.00179311388172431,0.096081460789158,0.00260334328422805,0,0,3.77698250145197e-05,0,0.0420898056949197,0.00962153152860507,0.00482839620454,0.0020031939361495,0.00448952892589877,0.00784118182718222,0.0115265786759878,4.41198387593985e-05,0.0275741807679671,0.000938625278426048,0.00152239996275797,0.0165894729397063,0.000614062652134585,0,4.66337055161953e-05,6.35972903827191e-05,0.0534279380169521,0,0.000293534127443075,0,0.154306603402183,0,0.000233828711951172,9.38286616560939e-05,0.158705294309232,0.00185975261291271,0.000105414018349075,0,0.000410351113968671,0,0.00332732280717498,0.000829644638429498
0.000628544578609633,0.00246433887726799,0.00155937080507762,0.025005063714678,0,0.267342410696823,0.0339178133489739,0.115573768255783,0.0548417647383812,0.0812664562521205,0.00117860988017898,0.178473202316237,0.00130278289349445,0.0120119143953014,0.447659678312316,0.00289620101806314,0.00063708739269923,0,0.00031475117926929,0.0385274266681006,0.037886816846091,0.0070489247437741,0.0310009017780495,0.0677302009236736,0.00157651067501382,0.00085197647123226,0.00836520449254185,0.0932795414740292,0.00291032060170949,0.0174782248712158,3.51004792283416e-05,0.0260022807012316,0.000304732819763708,0.00703580311467562,0.389172441938051,0.0362047173922389,0.00309472907720478,0.00145669708572428,0.00395893896460087,0.914107207393497,0.109161121024466,0.0003362398575387,0.00577802216942841,0.00097803178548901,0.00182521840133109,0.00368766775123327,0.059763266607489,0.00108546452270853,0.000105822667429018,0,0.000167441006151295,0,0.00487697155177173,0.00595742026344272,0.00267443861543721,0.000326211551105976,0.000997234781867603,0.00230381242550445,0.00117265493521681,0,0.00827680107507324,0.000763123832905149,0.000265538854601705,0.00875446668094519,0.00156996086434882,0.000171419823129917,0,0,0.00113210332467967,0.000449319999796819,0.000111895289510178,0.00055207959018811,0.0303831647510148,0,0.00035268837504139,0.000825351819355678,0.0250660946696725,0.000204216958394074,0.000458135324330091,0,4.54072868094445e-05,0,0.000492777371158696,0.209475502506177
0.0112853167985961,0.000567764656690598,0.00245615719146731,0.0141535912831828,0.267342410696823,0,0.316794496406283,1.45915963801609,0.0108893242584442,1.53876609792164,0.0231679175999231,0.498548559730244,0.00502536406176749,0.109230754452051,0.753908949333069,4.13775052814007e-05,0.00389001614784715,0.00656874959634189,0.00564352934988129,0.0503644768694852,0.00648080304313303,0.00124713948583216,0.00788819176842742,0.0077627837372585,0.00178689701382567,0.0130832590448214,0.00603240070501728,0.142662425061018,0.0621595251127739,0.0239652171348122,0.00178233906122812,0.0257894085838174,0.0001131376996575,0.0389702076932847,0.743831157522023,0.240140285562939,0.00445767515494993,0.0144819044006593,0.00738893573967426,1.15782555419277,0.0552427283822073,0.00443401703188472,0.00105609086250975,8.15085417002321e-05,4.99065827722311e-05,0.000443450303228784,0.00913228009713561,0.000252767838029909,0.000273693523297858,0,0,0,0.000238879129685784,0.000108592955820751,0,0,0,0.000833624265101313,0.000338974729540181,0,0.00355312226063145,0.001151560564721,0,0.000523161085181487,0.000902858319206703,0,0,0,0.000327055784376145,0.000284873336443019,6.65852376289129e-05,2.62668341054082e-05,0.0113051167720294,0,0,9.47556219972846e-05,0.00593620208675792,0,0.000226121098952925,0,0,0,0.000112373487648189,0.0519971305892327
2.67768413267853,0.00178513761713665,0.064958951851465,0.016068878702377,0.0339178133489739,0.316794496406283,0,1.84003341381389,0.052223170788049,1.28423715080923,0.0438514830872319,0.0264353926393433,0.00909178276935255,3.65242921294808,0.131479497710282,0.0012892406313443,0.0267303985584032,0.0256113531020454,0.0304817528187286,0.0149423812731482,0.355689755853547,0.00284281879394793,0.11130669399713,0.0408382821714134,0.00330648035631746,0.0611515189772293,0.0518307105254853,3.47500860264608,0.798215493572747,0.674537999828668,0.00512966395765633,0.0434832252908871,0.0210284953411737,0.195044408659494,0.0566075422351004,0.431736893495764,0.0169525292029185,0.110368393428735,0.0658099065385712,0.162875650949101,0.045817144681893,0.0075209500166113,0.0247935450763062,0.000275501258158052,0.00630318841624399,0.00188008154661014,0.0192871576212429,0.00527549059091921,0.00017206013670671,0,3.14937085851431e-05,0.000581673046216428,0.00666105282933171,0.00278786924466832,0.00145792419113285,0.00352975641374819,0.00413057454534364,0.0158233327382989,0.0030471915260382,0,0.00388242398787393,0.00313151070242455,0.00183521716677385,0.00352338075374011,0.00284582022412318,2.99166389169097e-05,0,0,0.00138171917315979,0.000944066652419398,0.00119329807599505,0.00105499324651644,0.213970381554159,0.00012568956610446,3.47251428737402e-05,0.00326225868326506,0.160704083350421,0.00275780445495789,0.00139252429565505,0,0,0.000106569891255188,0.00312123694364981,0.00872178204691314
0.196105036937605,0.00411278505804588,0.0377370844604109,0.0512720415073179,0.115573768255783,1.45915963801609,1.84003341381389,0,0.0307212098297775,1.96666772896148,0.0806680640791994,0.22720675018166,0.0144862777842058,1.34424797255503,0.167038725715727,0.00143021358950699,0.0705798454491784,0.0276565118836446,0.0178967251692342,0.130467806663576,0.100204409149478,0.00331242864693399,0.185275387459551,0.0232628418712757,0.00589343612676292,0.0446684712819577,0.0407292733740798,0.569089878660246,0.332049540485717,0.494824871316778,0.00609808848229784,0.0767524024445293,0.00222911261436639,0.102413776384487,0.226956087563869,0.41457633879134,0.0158849470682712,0.0622605811855558,0.0451970023331111,0.466831972590657,0.0160959457132185,0.0110559558045732,0.00311279001414562,0.00112880221065468,0.000585350649640131,0.000990979661090211,0.0135239590047591,0.000134446649098849,0.000183187965498996,0,0.000112900047018266,6.62999745174408e-05,0.00128091682388961,0.000662466577580452,9.73737675005795e-05,0.000288290605568791,0.000126363866296816,0.0061931341563831,0.000394870956215167,0.000145873782517481,0.00387790018844277,0.00295380284551386,0,0.00156384158241622,0.00297778771053046,0,3.77196086626053e-05,0,0.000815693453031146,0.000650513102588963,0.000773131961066043,0.00052887363721199,0.0521360111054473,0.000129784773917317,0.000189254658371139,0.00118988238525855,0.0182512771774328,0.000338381362794685,0.000446627728931522,5.2329994500184e-05,5.33239800140143e-05,0,0.000366897691142273,0.0256320726563376
0.00186939835212314,0.12792547464035,0.000262526150217426,0.10933423092071,0.0548417647383812,0.0108893242584442,0.052223170788049,0.0307212098297775,0,0.0280457755248835,0.03164383516073,0.112738865691259,0.0901908863718107,0.0181130833835392,0.125099344712104,0.0478478597642727,0.000609153689850724,0.00222264770874461,0.00313099432315276,0.0639185137727851,0.0125649234107828,0.748388743884576,0.0067045187127214,3.59933021408493,0.166543158982265,0.0116110028203847,0.333772576110814,0.99701014571778,0.0307992996008323,0.00543644231609635,0.00349872318998129,0.0103116194621978,0.00112945470550185,0.0429390005318061,0.00752243286207763,0.123098330675018,0.00590991799798807,0.0228375221104169,0.0066926989857214,0.145951852727783,0.00641081494430502,0.00490331521961163,0.0376339860749138,0.00449427913963263,0.0119215018112921,0.00415628113069256,0.122136094253668,0.00620755640385763,0.000287600777715826,4.77249977031708e-05,0.0032711576393684,0.000213675912146521,0.0389091855885443,0.040718150221522,0.0175600805048147,0.00446235788741815,0.0142903576161619,0.276517128589914,0.0133464120308112,0.00109306902537831,0.0502202642699222,0.00792950490309995,0.00782334267955605,0.0455396958604974,0.0506377413322602,0.000148789062361885,0.000306386110771894,0.000198733772459173,0.0101219823775319,0.0116399497363982,0.0390489568210803,0.00422834348668206,0.647997690197043,0.00124214526234256,0.00267613505335578,0.0110525401061498,0.277790445656551,0.0078760054400225,0.00329165885066665,0.00145065858349934,0.00158587588371824,0.000283092646872878,0.00848287380670723,0.00399861934013723
0.0143606379450501,0.00248211082548375,0.00173464643844109,0.542244302082955,0.0812664562521205,1.53876609792164,1.28423715080923,1.96666772896148,0.0280457755248835,0,0.102413396924078,0.787726521199049,0.0204751805358334,0.807117118494032,0.261638759597972,3.71137147334934e-05,0.00809682865235276,0.0545998619580792,0.0503910437154174,0.332495883346134,0.00313538401074296,0.000925283792002355,0.0095474271212571,0.0363714768058345,0.00576996579902333,0.0769898786795457,0.018639334339941,0.519190767370392,0.624752628514405,0.0155979111220216,0.00717334686586256,0.0659509245628221,0.000167441039461458,0.251574509024147,0.555614930453667,0.633616164640241,0.0190813005088564,0.0981361636345385,0.0378430369426699,0.340946272687266,0.0512510602273879,0.0151440338793899,0.00592465907753142,0.000533955094893896,0.00106879164588397,0.00128757869250533,0.0338143315481266,0.000435564913890493,3.64397168949246e-05,0,0.000141299928160572,0,0.00791379415446176,0.0033738222727342,0.000873359712586429,0.000984049292061971,0.00064074909436357,0.0033415779349993,0.00165349248086389,0,0.00921893481047746,0.00115568696109573,0.000222715634436464,0.0057115688067349,0.000697613411744118,0,0,0,0.00699707559685104,4.81115134609461e-05,0.000124083834322107,6.89924247451544e-05,0.0669797681603866,0,0,0,0.0604088928144959,0,0.000211697667686462,0,0,0,0.000965896380636378,0.0624632858318009
0.00277834456483959,0.0796230498426367,0.00490312082150024,0.00962607056871699,0.00117860988017898,0.0231679175999231,0.0438514830872319,0.0806680640791994,0.03164383516073,0.102413396924078,0,0.0455011076739601,0.595912031820443,0.0250684927861752,0.00431562769804708,0.00629164625514549,0.0378532962794252,1.34044994368558,0.29158823748771,0.0265128795656301,0.00608940248062901,0.0278547386549241,0.0126171372040604,0.0199615338017678,0.231658025626664,0.595987858647636,0.060348786782798,0.0693573185737589,0.268621114526722,0.0140077125733235,0.0710159797772448,0.219628495343823,9.66260747698066e-05,1.16709114755046,0.0095673037465002,0.287786891356503,0.270393656021017,0.36319475752269,0.0504349631909838,0.0512094124126959,0.00756456039692585,0.239128680118228,0.00547864404805155,0.157015084279091,0.00476164453652503,0.0035330621015148,0.0140980676255565,0.00028769619852128,0.0179783571212449,0,0.0127828773676646,0.000264917476571429,8.21335940977216e-05,9.77754547564506e-05,9.00345828415872e-05,0,0.000322542441773844,0.00458886690915613,0,0.0401540803127397,0.000601048376566887,0.206375360945139,5.97688252306939e-05,0.000432959756788457,0.00188065307470029,0,0.00677177733579435,0.000139186979963577,0.000210750111415243,0.000343756682734764,0.00211952320807974,0.000211532387782192,0.0119465347344665,0.0175001383027479,0.0603999299361897,0.1087331386106,0.00772310524502751,0.000409382088016224,0.000181372799910128,0.0699360471501788,0.000232148127107871,0.000143276112515163,0.00188949669237357,0.00652354042044585
0.00404191006844047,0.00170028604185242,0.00041772214314351,0.748286218500503,0.178473202316237,0.498548559730244,0.0264353926393433,0.22720675018166,0.112738865691259,0.787726521199049,0.0455011076739601,0,0.00910714800960596,0.117917302812394,0.456856801394876,0.000168379117710138,0.00206653292927887,0.020849392954288,0.0177262122550085,1.48181638546181,0.000724424679965544,0.00201993914983654,0.00176339132831572,0.0832805929201734,0.00250899194767935,0.0363560900420912,0.0117813266443454,0.203498133524049,0.204051400624112,0.00435301277018014,0.00446737013426826,0.0207807714997038,0,0.080827642841451,0.770835738819838,0.17516845525169,0.00619881093586085,0.0342136989663784,0.00821990214074635,0.422126467834305,0.00998053495965648,0.00498042524140382,0.025410647780469,0.00012367436529969,0.0106823394484249,0.00202098528881638,0.231335417392194,0.00359512734988273,0.000124829072350096,0.000141465095322752,6.57592839512825e-05,7.04490884233474e-05,0.0334994340757459,0.0282793692054491,0.0242969891898661,0.00209987283827554,0.0150875156956003,0.00894254292824143,0.0288032524857127,0.000789795405989826,0.166293950214725,0.00322926236859997,0.00895843522495508,0.0364797158232369,0.000724086110343957,4.34724685526847e-05,0.00100749248001913,0.000440935611404872,0.0990616111152443,0.000139505361064053,0.000200469344694662,0.000824081162190115,0.153983778513287,4.04269844056725e-05,0.00265909488329984,0.00122318369033859,0.153439559183763,0.00685937511622244,0,0.000252203727856827,0.00233238885051078,0,0.00480936565487538,0.158484485397211
9.99259665680525e-05,0.191164434705855,0.000146063153356576,0.00173793482285917,0.00130278289349445,0.00502536406176749,0.00909178276935255,0.0144862777842058,0.0901908863718107,0.0204751805358334,0.595912031820443,0.00910714800960596,0,0.00388765581275636,0.00349068561419512,0.0149212962423096,0.000262310505346668,0.0129070926643885,0.0024933818726031,0.00698012317088913,0.0025190504741169,0.0808128857704672,0.00277480396355407,0.0446823631714224,0.98688307727807,0.0469608064358424,0.348553704563096,0.0298684135493115,0.0264330798609161,0.0017588018950518,0.160834792086765,0.0325070524898247,4.67453765565634e-05,0.793604873433445,0.00227242560154549,0.0783529697782102,0.257923898810738,0.122785503362648,0.0122046334079949,0.0264461169488208,0.00532187911057468,0.237010570211681,0.0143523716744962,0.34238764636774,0.013552476855125,0.00477554201825364,0.00900639131063302,0.000314879515640449,0.0300075796643014,0,0.0355044788911037,0,4.64430791401863e-05,5.18828952428341e-05,0.0004014182763049,0.00018890018955251,0.000497109565407527,0.0103201703578453,0,0.11418554531429,0.000418702850713896,0.527850389142729,0.000337776373364615,0.000571277725845218,0.0023310990425638,0.000195427313434172,0.0184134486234117,0.00090808191647886,3.32236052813172e-05,0.000660044457261896,0.00642783089274781,0,0.0100682445341163,0.0669024703077098,0.178730188227897,0.350554047279969,0.00450684865534135,0.000606705221193218,5.80933599032164e-05,0.19283912203604,0.00126368825923857,0,0.00592924335028239,0.00200952040729609
1.42439077936099,0.000672887203426278,0.0724370443512547,0.0341606195495813,0.0120119143953014,0.109230754452051,3.65242921294808,1.34424797255503,0.0181130833835392,0.807117118494032,0.0250684927861752,0.117917302812394,0.00388765581275636,0,0.0275290744769153,0.0017095869978147,0.153213824193159,0.0124214998354571,0.0289091690352739,0.0863060320308829,0.255571964996591,0.00164721106043163,0.458487969076507,0.0171549930628067,0.0011983718134061,0.047686142208981,0.0808917827057053,0.561812035527397,1.54958119546038,1.51718327975834,0.001877781259494,0.0182609235649102,0.00316048040515174,0.0975537947736081,0.0114197408557174,0.178572168089171,0.0160849604301443,0.0769844484388338,0.0690136706973905,0.0842228996660021,0.00850052355530878,0.00298283133811646,0.00412277813770005,0.000321514859117126,0.000307305986297643,0.000234543783783066,0.00525180916611381,0.000376711787603569,0.000231292237842965,0,6.80672016570807e-05,0.000975969504612291,0.000982459495349142,0.000377335451223493,0,0.000514228242393077,0.000308763923448992,0.0041637759686187,0.000224223026930618,0.000115169622164107,0.00163628873228431,0.000606152710643828,3.84358437878847e-05,0.000338882942104816,0.00565309075032126,6.1694321766448e-05,0,9.88455821783067e-05,0.000794665003347957,0.00128637584202008,0.000674878807824027,0.000974669841981698,0.0466379608562111,4.29213493431807e-05,8.67843564964058e-05,0.00345756022008599,0.0264324146492736,6.88157220172882e-05,0.000411410789686299,0,0,0,0.000384889227639628,0.00178929789507181
0.00249678105687267,0.00712276870151974,0.00599243927369927,0.0627968378922854,0.447659678312316,0.753908949333069,0.131479497710282,0.167038725715727,0.125099344712104,0.261638759597972,0.00431562769804708,0.456856801394876,0.00349068561419512,0.0275290744769153,0,0.0167586125617484,0.00344171214645728,0.00170538536915564,0.00176627406156854,0.0956267096902721,0.114381944172438,0.0194104342298859,0.10085223299449,0.18882216284528,0.00493640282974661,0.00624780250126649,0.0361694993409467,0.475955071469054,0.022239568194186,0.0847833062306727,0.000486499017823756,0.0251409401615275,0.000894115462214247,0.0220745134384323,0.853524135083175,0.069254217228782,0.0126847995949932,0.00984355283575432,0.0146474391917345,0.377221249589542,0.0099923510071646,0.00127921233772319,0.0128940729054556,0.000284012015059221,0.00204352794676554,0.00287217368002636,0.103196074709239,0.00164456061944413,0,3.97504857425571e-05,0.000105603589049149,0.000100686916743707,0.00817252679213745,0.0121434320612672,0.00544558288362368,0.00213654406080346,0.00237857031931756,0.00738279722240368,0.00302385043885535,3.4603922065866e-05,0.0164592202015579,0.000778036285550284,0.00139427036827885,0.0155394080112407,0.00722147486272956,0,0,0,0.00323964982521038,0.00241097014633112,0.00177468051410001,0.00169133261338327,0.0984882687204402,0.000261675190856647,0.000218539144701194,0.00168323653726387,0.0720720747727771,0.00111989013034711,0.00192898292603056,0,0.000144470297233391,0,0.00132703988204438,0.0736973409645699
0.000771200937605548,0.115054410214974,0.00173704323534878,0,0.00289620101806314,4.13775052814007e-05,0.0012892406313443,0.00143021358950699,0.0478478597642727,3.71137147334934e-05,0.00629164625514549,0.000168379117710138,0.0149212962423096,0.0017095869978147,0.0167586125617484,0,0.00222546392672651,0.000537054131533766,0.00157965444976494,0.000195977294973493,0.590841480254883,1.36006323460723,1.46394747775705,0.379046706081668,0.0403645059729179,0.00380289174070807,0.930415973037358,1.11305331238388,0.00858227640911853,0.0264682346741449,0.00087034725418489,3.2035828925991e-05,0.00138235972247005,0.0474123240736444,0.0325619413172394,0.523941714137952,0.115256038256252,0.0456001543470302,0.048776104824643,0.00210863463850147,0.0024672109589556,0.00104636051292293,0.0369831528847191,0.00529193485240799,0.00591872378300312,0.0058405278960182,0.0172190325302296,0.00206318946522508,0.000179739282327175,0.00132393477526788,0.00196066270774866,0.00346608681468852,0.000266130389288234,0.00223422005397545,0.000879779980027436,0.0045004173135523,0.00389927752108648,0.0444547828054738,0.000664394682558203,0.000360905392675758,0.000306003279630613,0.00361962861210737,0.00811696567595174,0.00139701350888772,1.8267797242962,0.000989706175123111,0,0.000220480568619514,0,0.178894067101586,0.257090878151415,0.311621727483416,0.21012857871563,0.000144407955982137,0.00128529141172669,0.186383097862031,0.135696425535053,0.0091533304162219,0.0302804597764792,0.000174167573352885,0.000766161373859441,0.000154167721005225,0.00416766199373243,0.00702668310464351
0.069747829680603,0.00328492382268366,3.22491992562878,0.00037993752841661,0.00063708739269923,0.00389001614784715,0.0267303985584032,0.0705798454491784,0.000609153689850724,0.00809682865235276,0.0378532962794252,0.00206653292927887,0.000262310505346668,0.153213824193159,0.00344171214645728,0.00222546392672651,0,0.0437653197756642,0.674594948197839,0.00208867025635279,0.266824469367996,0.00361783996909523,1.4205073650389,0.00183483660841062,0.000332200902904224,2.25186733497294,2.16099664657683,0.0368840086128714,0.12555793431275,0.086662437244877,4.39166108924866e-05,0.00493395490686332,0.00633842230779987,0.231159110623516,0.0424955357489058,0.391859290200912,0.225389056952283,0.0644820108133837,0.193845582823441,0.00604879511400362,0.000914966417412617,0.000196216218523562,0.00788663240182967,0.00300924326360502,0.00516041002988174,0.00458686661336815,0.000248940472113264,0.000351512367422891,0,0,0.00560353014227609,0.0320058051513406,0,0,0,9.13841722819089e-05,0,0.000119322728164935,4.12195023665905e-05,0.000428738823608756,0.000104214114532089,0.000397090222765565,3.72022890192866e-05,6.54822253891945e-05,0.00455577720048088,0.0130445252851847,0.000228208864666676,0.0023688479308597,0,0.00127821093172996,0.00204371918297377,0.0142035276144929,0.000888163207688322,0.000212362656407094,0.0302164778203339,0.215436426158329,0.000895835353049909,0,0.000147545306996441,0.000145466096869945,0,0,0.00402499244647428,0.0213524486246529
0.0018634165617319,0.00148043603461891,0.00893984017492413,0.00462945016947278,0,0.00656874959634189,0.0256113531020454,0.0276565118836446,0.00222264770874461,0.0545998619580792,1.34044994368558,0.020849392954288,0.0129070926643885,0.0124214998354571,0.00170538536915564,0.000537054131533766,0.0437653197756642,0,0.238659865619691,0.0138246550427359,0.00844320131543022,0.000509722858357418,0.023184634528157,0.00217176808230181,0.0131825345407753,0.366393364607195,0.0790826226010041,0.0333651436705291,0.14996264826363,0.0142440239455333,0.0119489885737472,0.0650729366183188,0.000485842856296325,0.281785082908908,0.0163144641518099,0.30859806473708,0.141303529814261,0.182894367718393,0.114759386690212,0.00870578971721771,0.00371533693807722,0.00813446996675835,0.00202432905522397,0.00915322627840306,0.000914194003416241,0.0012958649850295,0.000983506613135315,0,0.000433282534830451,0,0.00163797987132465,0.000455429931822884,4.17094564298272e-05,0,0,0,0,0.000658553617356443,3.12761291626096e-05,0.00145614195392129,0.000322090981447458,0.00854467266857684,7.15711130791903e-05,9.53151353678699e-05,0.000210344284731036,0.000164845434689248,0.00193066447943091,0.00105419923472283,0.000218628241700316,5.05593082282305e-05,7.82809227064609e-05,0.000343887261136127,0.000418729339980459,0.00179121324225713,0.0217716062333993,0.0501335116426373,0.000124715889540792,0,0,0.00331168709352249,0,0,0.000875816654836945,0.0114676809627664
0.00929147577457623,0.0042331879220555,0.121832024506009,0.00459583739386992,0.00031475117926929,0.00564352934988129,0.0304817528187286,0.0178967251692342,0.00313099432315276,0.0503910437154174,0.29158823748771,0.0177262122550085,0.0024933818726031,0.0289091690352739,0.00176627406156854,0.00157965444976494,0.674594948197839,0.238659865619691,0,0.0143228404956612,0.0520081119596441,0.00137372801636695,0.153474735602476,0.00242040822998527,0.00343113795051064,0.71290917421295,0.587163543153028,0.0489513919115779,0.123620838020064,0.0415276663535049,0.00108039989690824,0.029051282562885,0.00332183412250086,0.558317646020372,0.0307159354601299,0.440555883494749,0.461701103396995,0.198882309621114,0.215769791248868,0.00552175586234457,0.00186196161480826,0.00112798244498041,0.00571559470122314,0.00469999191395805,0.00402747445334131,0.0036311295403487,0.000787714458610213,0.000178192645336342,0.000139252972521162,0,0.00540999103593134,0.00444477223269488,0,0.000308066055035138,0,0,0,0.000356742985452485,0.000100965963666296,0,0.000228899645702768,0.00180181698431837,7.4679384321177e-05,7.84907767334938e-05,0.000667008919241982,0.00485009545428611,0.00206351203315681,0.00467849331950934,0,0.000108378146266389,0.000999651552061506,0.00302101262691969,0.000484454511762488,0.00119551228964995,0.0512209506201343,0.163202428849848,0.000156064565676141,0,0.000144277559505511,0.00113055646989162,0,0,0.00387881391439995,0.0203056373329808
0.00306261413151697,0.000996612340474425,0.000867277589421845,1.25179359043167,0.0385274266681006,0.0503644768694852,0.0149423812731482,0.130467806663576,0.0639185137727851,0.332495883346134,0.0265128795656301,1.48181638546181,0.00698012317088913,0.0863060320308829,0.0956267096902721,0.000195977294973493,0.00208867025635279,0.0138246550427359,0.0143228404956612,0,0.000567064179834748,0.00125610104710573,0.00282547493513571,0.13306765459197,0.00175035430190668,0.0245652939461673,0.00851272231096684,0.217146483277847,0.156635016397757,0.00432835017146207,0.00254089033887271,0.017908380729658,0.000109792188309836,0.0707750922445899,0.0145297966153808,0.224272940892873,0.00536745747325677,0.025220272401663,0.0122018494316885,0.124773973071635,0.0152187737319063,0.00537399690908714,0.0110545801614608,0.000149362842731523,0.00446576814091112,0.00127867180602088,0.0830200853299626,0.0013380959709948,0.000264191248397243,0,0,0,0.0170459973999266,0.0102557116282121,0.00289382462491145,0.00174498646906632,0.00168707563604486,0.00558245737470217,0.00577555855745833,8.00828487866878e-05,0.0280785105213197,0.000561345865146041,0.00059836382597245,0.0152457422958422,0.000332318293043351,0,0,0,0.0444790760277942,0.000194171238433051,0.000421734967236257,0,0.103837673571485,0,0,0,0.115371325442793,0.000841812697491169,0.000143190848747111,0,0.000280754532223141,0,0.00202865060815687,0.00191799288600878
0.10469716150754,0.00860433771727577,0.638396435394861,0.000417940050543034,0.037886816846091,0.00648080304313303,0.355689755853547,0.100204409149478,0.0125649234107828,0.00313538401074296,0.00608940248062901,0.000724424679965544,0.0025190504741169,0.255571964996591,0.114381944172438,0.590841480254883,0.266824469367996,0.00844320131543022,0.0520081119596441,0.000567064179834748,0,0.0541255825224523,5.76469283014371,0.0385983944495709,0.00456776581769436,0.144107882357368,0.652495874702183,0.591708908539483,0.137971322988991,2.32239302029039,0.000266355522430813,0.00241815143825507,0.0286128884144259,0.846774580631608,0.265846186218892,1.70167114912782,0.238421581720839,1.01670385420026,0.813967718885686,0.0192604639558332,0.00904028799131763,0.00210070890543113,0.0170280888569816,0.0017153854900658,0.0033312987364187,0.00573361756720999,0.00855417519202252,0.00148023731131096,0.000284965072631979,0.000479877546748817,0.000274073576884007,0.00568883491513983,4.0389776953578e-05,0.00139419284784254,0.000119460873097944,0.00280176221671331,0.00173463845681356,0.0139018728613403,0.000118820618454516,0,0.00042760584759624,0.00245558814114082,0.00497392920359122,0.00111572021552555,0.295781469474624,0.00140862481163538,3.13886380816936e-05,8.5710329223156e-05,4.63578358706951e-05,0.0726391770901862,0.0280426098089842,0.0706420306551303,0.0667415179752628,0,0.000805565490277624,0.0830085904411101,0.0545141774211714,0.00557720023409585,0.018164121886648,0,0.000251783081993556,0.000244548078712892,0.00177609865073118,0.0452954127590067
0.000109399702345919,0.242224432171037,0.00531246305262525,0.000839926860547972,0.0070489247437741,0.00124713948583216,0.00284281879394793,0.00331242864693399,0.748388743884576,0.000925283792002355,0.0278547386549241,0.00201993914983654,0.0808128857704672,0.00164721106043163,0.0194104342298859,1.36006323460723,0.00361783996909523,0.000509722858357418,0.00137372801636695,0.00125610104710573,0.0541255825224523,0,0.128536580966832,1.45145912131247,0.157537262181501,0.00730175477444068,1.17797020189874,0.249752220969103,0.0054256749724506,0.00256133075912346,0.00426358854739183,0.00170294360609018,0.000307251062963462,0.0286633038355614,0.00527110853391866,0.0630645293367404,0.00933332026272004,0.0185879156807533,0.00526456422711752,0.0109408510629197,0.00101046386186502,0.00284977287212526,0.0163849394399576,0.00571478505927612,0.0053674441158814,0.00549224755221757,0.00267084547633765,0.000167225591889358,0.000520429300775886,0,0.0635529273362102,0.0137821224281198,0.000363853982683182,0.000590858228863645,0,0.000573013810544753,0.000505135067540765,0.0226740724125554,5.09235061767817e-05,0.000717705820223213,0.000312234688696575,0.00689682467939343,0.000618028601141,0.00110130131700359,0.479106638581921,0.00602766868119475,0.000289560747707987,0.000977418847741579,0,0.015626632133634,0.292171510387747,0.0744609974782281,0.105093801671568,0.00119923138472517,0.00843838327964213,0.69920546312195,0.0375197093931652,0.000485180306904554,0.00162438363133648,0.00146570517360864,4.99280806389808e-05,0,0.00430823005405198,0.00121236220742864
0.246061541197625,0.0190413234704459,2.66614059692084,0.00115521220159146,0.0310009017780495,0.00788819176842742,0.11130669399713,0.185275387459551,0.0067045187127214,0.0095474271212571,0.0126171372040604,0.00176339132831572,0.00277480396355407,0.458487969076507,0.10085223299449,1.46394747775705,1.4205073650389,0.023184634528157,0.153474735602476,0.00282547493513571,5.76469283014371,0.128536580966832,0,0.0354353340672381,0.00481174949156734,0.348953270317746,4.38557403474376,0.539229608392679,0.316134989221452,0.660325149688602,0.000676306947753394,0.00396868121360285,0.0297806352995449,1.1923493639278,0.483993169368972,3.72789472955405,1.11071600499954,1.31547207961129,1.41552813735167,0.0316161559065299,0.0145079129938823,0.00247419018630602,0.0348940592356958,0.00485501399964764,0.0130670009218047,0.0196096159394811,0.0127333560835481,0.00175563861079442,0,0,0.00243673221616234,0.0490699121107968,0.000166900220779288,0.0016597552142947,0.000943941319087549,0.00241726585426099,0.0016107371109384,0.00660911319919428,0.000215265637114382,0.000401264014377629,0.000800445405618215,0.00133818053524942,0.00299470477391085,0.000625806037365579,1.27087912669161,0.012429027925894,0.000201824548178613,0.0012293154738316,4.32877047653675e-05,0.0783859131860872,0.0760176101736221,0.437751093414964,0.0759926812242782,4.44569991048574e-05,0.00504030570436472,0.649352595168124,0.0582795629611821,0.00258207977753602,0.0100242238930224,0,0.000286995383439159,4.53050707307339e-05,0.00508936899680062,0.105365455290732
0.000972976747891024,0.145623789469839,0.00138719476693984,0.186512783896938,0.0677302009236736,0.0077627837372585,0.0408382821714134,0.0232628418712757,3.59933021408493,0.0363714768058345,0.0199615338017678,0.0832805929201734,0.0446823631714224,0.0171549930628067,0.18882216284528,0.379046706081668,0.00183483660841062,0.00217176808230181,0.00242040822998527,0.13306765459197,0.0385983944495709,1.45145912131247,0.0354353340672381,0,0.103168089198838,0.008964005370914,0.365432888610024,2.17921283636081,0.0410924439833947,0.0130417987996574,0.00236461523663013,0.00595082384929733,0.0037424323266153,0.0681401913423855,0.0273974581283104,0.288031872229039,0.0171167090108694,0.0322107089755455,0.0205714444445746,0.108444627435381,0.00718505627216495,0.00279773981979218,0.1651121498077,0.00505175498391712,0.0427388083148562,0.0159678877330276,0.185649938591117,0.0256846463915499,0.00106707619811159,0.000890186041645059,0.00257953375109799,0.000528690216080475,0.0629913030262867,0.0327570886869389,0.0222445890453074,0.0221794980862177,0.0362800718787588,0.278898282389105,0.0218367182240136,0.000384179951776099,0.0540648387471848,0.0170386094030672,0.0241485778442543,0.047461619140757,0.206601320164387,0.000131132779843736,4.19401216217876e-05,0,0.0147773693824497,0.0468969036989517,0.0682132331273475,0.0192753138443052,1.90757800148471,0.00123268259835042,0.000814946341947067,0.033218510602063,1.07872115292547,0.0283962840111118,0.0320273711604347,0.000310048465827894,0.00326648097703681,0.000358457633780956,0.0277474230849217,0.0125473220977205
0,0.716984477061303,0,0.000758412077035654,0.00157651067501382,0.00178689701382567,0.00330648035631746,0.00589343612676292,0.166543158982265,0.00576996579902333,0.231658025626664,0.00250899194767935,0.98688307727807,0.0011983718134061,0.00493640282974661,0.0403645059729179,0.000332200902904224,0.0131825345407753,0.00343113795051064,0.00175035430190668,0.00456776581769436,0.157537262181501,0.00481174949156734,0.103168089198838,0,0.0811299104759801,1.23727770173691,0.0293966818133178,0.00596770492745237,0.000718601832860636,0.0339236075749618,0.00859884956043967,6.55392985100508e-05,0.164476829234731,0.000799050716779482,0.032253798718012,0.0647549649304944,0.0779883060382757,0.0038659996791728,0.0107153974125148,0.000806145609827519,0.0270301304747085,0.0108749326998791,0.0503718742905585,0.00770787367077135,0.00429870864374388,0.00450274070254766,0.000532615946908522,0.00420960302241558,0,0.0372427044655643,0.000391360377635813,0.000141371806367731,0.00034431157880429,0.000169569289834881,0.000118809008581543,0.000321877970641899,0.00841375664308852,0.000176006781192494,0.0174162291232219,0.000230919912214637,0.12176977646684,0.000702279017663908,0.000646619147094119,0.00303590351123427,0.00164101132933071,0.00909323977894397,0.00673346560823619,0.000155265670100165,0.000278879897744,0.00905769447836097,0.000235002577469957,0.0119349120165822,0.112421176276319,0.139921092071703,0.461567753795054,0.00113335583036871,0.00170533972654534,0.000180951559588563,0.0271628729399947,0.000719993698022473,0,0.00365452662191559,0.000571236528860522
0.0143788032324824,0.075632410710498,3.5645076791372,0.00677779069653316,0.00085197647123226,0.0130832590448214,0.0611515189772293,0.0446684712819577,0.0116110028203847,0.0769898786795457,0.595987858647636,0.0363560900420912,0.0469608064358424,0.047686142208981,0.00624780250126649,0.00380289174070807,2.25186733497294,0.366393364607195,0.71290917421295,0.0245652939461673,0.144107882357368,0.00730175477444068,0.348953270317746,0.008964005370914,0.0811299104759801,0,3.64742296142766,0.0883293120529862,0.175277922153447,0.0652188967869006,0.0986758839294571,0.0754912127754942,0.00283474769532615,0.349591073553535,0.150297753091457,2.25518226792277,1.37606666742561,0.616260886363634,0.699469601045901,0.0228246184502136,0.00942387336437074,0.0294208536995259,0.0846144967635925,0.110728634901178,0.0623851692691257,0.0404958852659042,0.00430296539303578,0.00248512754502383,0.00425944361519254,0,0.114573202186007,0.0328936183512098,4.27783001292467e-05,0.001045747739164,0.00017520691962179,0.000353788753215909,0.000478086613022387,0.00326090384875523,0.000267997321432757,0.0137002974911173,0.000515023145874131,0.073973565601602,0.00154659952202452,0.000486948635841894,0.00254931135178891,0.0545131613715181,0.0627056703308689,0.0941948920191173,0.000146948855217385,0.000709390724657309,0.00344089966033479,0.0175216414735005,0.00308171747413708,0.0421246165448428,0.76246717992726,2.30993314260799,0.00188062565018685,0.00231419311502714,0.002543032502645,0.041556638431503,0.0012200409328286,0,0.0429701604213115,0.0946944803449317
