0,1.120725274086,159.960222035646,0.640036940574646,1.5562299489975,64.1989716589451,10688.2303349674,3408.04020807147,1.42488658428192,36.3161534368992,52.221958398819,22.561243057251,3.43897652626038,11884.7111599445,4.66598981618881,0.89835512638092,281.51411408186,9.27817380428314,28.9638827443123,2.8557163476944,175.259678184986,0.524878621101379,907.751870274544,11.6206854879856,0,204.655664801598,72.6468343138695,56.6396391689777,7702.57904371619,8371.20328292251,2.09373751282692,23.6087636947632,15.0138967335224,99.9572851657867,5.75030106306076,66.222884953022,4.08808106184006,64.4157125353813,8.71666538715363,5.60365551710129,2.6337063908577,1.95717567205429,6.98509842157364,1.10153901576996,2.70591962337494,0.676035583019257,0,0,0,0,0,1.55541777610779,0,0,0,4.45139479637146,2.41140955686569,2.38718891143799,0,1.17684960365295,0.667261838912964,0,1.01247262954712,0.615615487098694,4.84673655033112,0,0,0,0,4.04322022199631,4.16887509822845,0.966123938560486,14.9351234734058,0,0,5.63416847586632,14.1283582150936,2.21921396255493,4.27472138404846,0,0,1.17852354049683,1.23171329498291,0
1.120725274086,0,36.501887857914,7.50255835056305,2.6965571641922,8.98616856336594,1.2784520983696,3.12718179821968,765.820605546236,1.56442332267761,28.0327251553535,4.58194172382355,2051.75578421354,3.20484608411789,38.4642659425735,355.287212193012,53.3067149817944,9.5936307311058,93.6888827085495,1.27585273981094,50.8253427445889,6324.569267869,33.9088281393051,3093.69581988454,3294.78195863962,173.595942974091,15704.7456430495,71.1531046330929,4.18226373195648,4.16482746601105,81.9568264782429,3.00255388021469,0,175.561481267214,0,103.899364709854,124.134764134884,44.0232899785042,29.3734383583069,20.8070632517338,0,533.694242119789,42.4431136250496,75.4400310516357,20.1202381253242,15.0878163576126,3.94464081525803,0,5.91827523708344,1.12345111370087,390.353867053986,22.9320430159569,6.07630127668381,0,0,8.08062213659286,1.78462362289429,64.157524228096,0,56.2524015903473,0,287.055839657784,1.62325841188431,1.82938659191132,20.7823841571808,27.1268900334835,4.44744580984116,20.4700909256935,0,2.97047358751297,48.1577517986298,17.630975663662,91.3871935606003,85.0008100867271,444.838801264763,2243.13911479712,44.846483618021,2.11146408319473,4.79412764310837,57.346273124218,0,0,8.92376965284348,2.60077321529388
159.960222035646,36.501887857914,0,0.553107678890228,29.675880074501,166.780001819134,4687.15276715159,3984.07438069582,9.99264407157898,41.7200462520123,95.6716341376305,26.058751732111,0.713920712471008,1574.84834453464,93.573822081089,187.181747823954,10767.8070524931,230.618898451328,1750.89368090034,1.25177842378616,2474.84193342924,40.9650161266327,46236.9059617817,489.919981360435,1.22985470294952,44839.3074896336,30810.6838725507,1047.15867877007,781.01778319478,3484.63890710473,3.32661914825439,38.8747806549072,44.3421759307384,2614.1947709918,390.275500804186,4159.36106234789,1326.63289839029,2077.81413343549,2030.28152951598,38.5851433873177,37.0510549843311,9.1747153699398,825.774019211531,383.943655967712,252.470327913761,307.053340315819,18.2422680854797,16.8447096347809,0,7.74069482088089,223.802294313908,2072.46647301316,0,9.9260972738266,0,79.3677370548248,1.13918977975845,25.7274006605148,0,26.6637089848518,0.607919335365295,0,37.7807922363281,4.29719305038452,80.6425532102585,1339.93102124333,12.5709430277348,320.392621785402,0.918832659721375,45.1458327770233,51.8347252607346,561.164405971766,103.296796858311,1.82691711187363,1720.3972903192,10347.3479665518,92.1344619691372,10.9287507236004,67.8741525709629,1.60749483108521,0,4.01040914654732,367.656413733959,281.264227420092
0.640036940574646,7.50255835056305,0.553107678890228,0,51.8588407337666,280.397732526064,979.331357657909,190.852898389101,5824.31907352805,5874.29850259423,13.7960842251778,12445.1223710775,4.66815248131752,60.2517022192478,973.843581438065,1.23790764808655,1.8318966627121,5.08766484260559,3.8725905418396,29387.7384566367,0,79.6303761005402,0,2814.59046316147,6.7145721912384,2.50371143221855,27.8521633446217,8523.91825562716,51.0014081895351,9.07488599419594,0.647375762462616,32.7366146147251,1.66837087273598,91.9823955595493,27.3873637616634,240.315136790276,6.6547272503376,95.76080930233,16.9309006035328,405.802460700274,23.7854498326778,2.9708251953125,20.4802832007408,0,23.1735987365246,3.53497338294983,233.570037841797,3.8156603872776,0,0,1.48243743181229,0,2053.53422400355,14.022688806057,157.707046240568,403.95218577981,250.283171087503,1285.5819542706,1256.37440285087,4.00917074084282,867.407322615385,0,47.2815490663052,193.739303469658,6.3325976729393,0,0,0,927.532430112362,0.897141486406326,21.2600553929806,7.31442356109619,1359.60835304856,0,0,2.48354476690292,3148.28580123186,22.9857448339462,1.03524255752563,0,2.82722380757332,1.78147578239441,35.9017962813377,0.978516399860382
1.5562299489975,2.6965571641922,29.675880074501,51.8588407337666,0,1328.44376543164,391.711761236191,88.8589870333672,182.60693436861,110.604460418224,10.7786920070648,260.512555658817,3.45660829544067,26.3186409175396,3214.94381004572,127.132976472378,69.9857552647591,6.12554681301117,9.91013962030411,25.7035681605339,583.001195907593,26.0361043810844,579.945819824934,272.056333571672,0,32.0814760327339,136.957102715969,655.913340270519,31.1788365244865,643.169722825289,0,2353.60208463669,4.18160235881805,506.992497056723,7137.06340688467,520.476392090321,144.20878559351,100.003473460674,104.146794080734,10005.6148697138,1830.87533473969,3.08148589730263,97.4510942101479,37.6614531874657,23.3821041584015,115.588175833225,18.9983875751495,0,0.877438068389893,0,1.08306300640106,13.4681453108788,5.38312673568726,1.35171735286713,2.1895347237587,84.8033839464188,6.73839730024338,23.910760819912,6.8468776345253,15.780469417572,19.0133519172668,0,4.74949967861176,3.40841031074524,26.1255196928978,5.30505657196045,3.39975023269653,5.76908710598946,6.90568721294403,34.9259987473488,10.6635428667068,109.289342164993,94.6184994578362,0,16.6059904694557,68.2217823863029,155.313977479935,5.89130443334579,25.0930344462395,1.41419923305511,1.31780886650085,3.37355446815491,3.2546826004982,1937.51735091209
64.1989716589451,8.98616856336594,166.780001819134,280.397732526064,1328.44376543164,0,12878.5743827224,20146.4940716922,1127.82434308529,17895.7637938857,729.019271790981,17517.3441001177,91.0372191667557,1247.31631177664,4769.09751111269,4.05384457111359,124.383631676435,255.285983175039,163.735450655222,392.634027332067,75.2385685145855,34.4306048750877,236.034195244312,449.501116156578,5.31170320510864,361.613456577063,133.721815437078,2319.51736497879,541.791485160589,375.978945761919,11.5023308992386,1600.72838908434,5.46920225024223,1417.25030389428,9574.33904767036,4908.32523083687,220.088007211685,886.309704899788,133.94348987937,6493.45380112529,909.082590073347,60.5583794116974,268.064453274012,3.472108066082,111.02331250906,63.2337673604488,210.400116741657,29.2765070199966,14.3106108903885,3.05736011266708,3.48296958208084,0.757519483566284,211.39761531353,17.2204313874245,269.547632217407,1038.4907913208,500.860335052013,343.58970579505,801.66098716855,130.276549369097,363.971491247416,6.09594893455505,118.600414782763,108.848109602928,6.342519313097,0.97685182094574,0,0,274.01885253191,4.86565992236137,22.169821023941,5.56603845953941,1405.06237143278,0,1.47793072462082,11.2401313185692,2659.46919485927,53.7205582857132,10.8746290802956,0,0,4.68732643127441,124.857098579407,657.571114689112
10688.2303349674,1.2784520983696,4687.15276715159,979.331357657909,391.711761236191,12878.5743827224,0,48728.5254272819,611.915648132563,38176.6996113956,1156.40639343858,907.845904380083,109.451861768961,36080.9973661602,951.815476030111,67.7187051475048,393.983096778393,482.528599023819,409.622046023607,1287.7377846241,3586.82646137476,28.317989885807,3503.76908907294,2088.77811992168,1.41588568687439,1093.14035373926,1319.28407478333,81075.5622251332,6770.54743552208,9261.68580654263,20.0276595652103,816.43485096097,429.827699929476,4572.2520903945,1764.27313321829,9198.66120061278,469.736169487238,4796.1680418849,1118.66663220525,1301.17682632804,921.025596290827,98.0757841467857,888.911549121141,25.5228556990623,433.66851913929,248.883095026016,344.754003763199,86.2701647877693,15.3347128629684,7.96296441555023,12.2344859838486,95.1377938687801,194.528480023146,14.0622128844261,266.444794923067,1776.4954533875,946.310022234917,534.99746260047,654.307801663876,185.073491930962,226.933424651623,2.47518104314804,538.230678975582,42.4891525506973,81.6932463943958,9.29448860883713,0,0,195.475501775742,21.2118241786957,67.3511677086353,120.595302313566,2561.16053563356,1.48789376020432,2.78932896256447,724.558476895094,4032.67259636521,368.269546568394,58.7219071090221,0,13.3524110615253,16.0647586584091,329.12576842308,227.242962598801
3408.04020807147,3.12718179821968,3984.07438069582,190.852898389101,88.8589870333672,20146.4940716922,48728.5254272819,0,802.283885806799,11818.6000487506,1661.15613272786,5896.53995975852,135.322466403246,20678.9246780276,919.434437900782,12.804846316576,2610.84373673797,714.105689883232,639.426512032747,429.092678904533,2208.6176815033,15.3470849990845,7662.11541548371,673.94777148962,3.62511739134789,3032.78857561946,1186.04389414191,3756.89810311794,3320.92038530111,13207.0823779404,26.1164093911648,481.622326433659,40.0399176180363,2157.94712430239,718.50051304698,6458.61795628071,323.395709633827,1387.72146493196,311.512042015791,1147.73373246193,493.655101984739,83.1805192232132,1041.34557273984,19.5626195371151,348.367203503847,102.461448788643,456.45535030961,69.6033299267292,23.1043159067631,6.63713890314102,21.6523982584476,17.5315904319286,80.9446812570095,11.4378986358643,268.609739691019,2789.49498295784,782.006555855274,800.823763281107,456.537137538195,166.672401726246,207.160003721714,3.81897813081741,236.49662604928,50.7947845160961,58.0918867588043,0.779742449522018,0.843009829521179,0.552514910697937,137.034078836441,27.2035005688667,63.9444728195667,24.863977253437,3936.19513055682,3.57253819704056,9.16744092106819,99.0970169603825,5644.33596208692,101.683102190495,71.7421698868275,0,5.04347395896912,27.9764235317707,346.325052380562,75.9394169747829
1.42488658428192,765.820605546236,9.99264407157898,5824.31907352805,182.60693436861,1127.82434308529,611.915648132563,802.283885806799,0,1678.19347038865,139.594452351332,4780.97962254286,1014.17700719833,229.439698308706,2789.64098471403,238.145401149988,20.2084304988384,55.3736285567284,43.1630654931068,1884.06689965725,203.710657298565,10214.3799093962,78.0063557624817,25052.4496624172,694.142101228237,89.4710596501827,3382.43168362975,5649.46953058243,177.36682626605,228.086824625731,78.4118061363697,155.091638594866,11.4211218953133,354.428119987249,73.0386206507683,677.757396697998,68.8712125718594,273.641360670328,40.916203379631,2533.71346226335,104.729681819677,170.365549206734,863.917692840099,37.0959249734879,193.975071310997,115.79522895813,315.128762990236,54.6643150448799,14.4776447415352,13.1371416449547,374.404598802328,31.4678810536861,577.889712363482,24.5345788598061,116.14650028944,710.531689673662,339.530667096376,4318.47808274627,484.618782758713,150.544441193342,381.487722396851,57.625876635313,208.494746297598,118.611167520285,1340.89437332749,22.0467869639397,49.8716309070587,13.5320707559586,246.769578188658,823.112809091806,822.726660251617,758.914820313454,4870.63163539767,25.3345342874527,106.593769013882,567.406198382378,3974.89253142476,338.511890143156,457.601115256548,2.30940783023834,28.8022271096706,37.5029164552689,178.006406486034,186.980339944363
36.3161534368992,1.56442332267761,41.7200462520123,5874.29850259423,110.604460418224,17895.7637938857,38176.6996113956,11818.6000487506,1678.19347038865,0,903.530511170626,4932.31558692455,88.1098748147488,2712.14801970124,561.366463750601,5.33921703696251,56.9813472628593,365.95840331912,240.869237363338,7201.90371450782,18.5453051924706,8.70502862334251,59.3291239142418,258.452252954245,0.461231380701065,371.387420892715,130.241198241711,7787.37837126851,1280.40849906206,154.039554834366,18.1179820299149,649.206730753183,4.51101383566856,1872.06545522809,2290.98052337766,5146.39156708121,261.480085343122,1834.65332680941,227.931426018476,1091.16676646471,491.942463129759,69.2190375328064,162.037206113338,3.41573283076286,137.019276469946,89.7873544991016,453.386752575636,25.2187379300594,5.00475317239761,0,3.66968733072281,1.5673086643219,1240.48283204436,23.5628174245358,611.165933966637,1621.33596011996,950.49562522769,1065.9489145577,3265.47815561295,139.669755727053,1472.70419806242,3.33289954066277,165.547166109085,335.943251281977,3.85026854276657,0,0,0,1392.151365906,0.434007108211517,14.2761072218418,1.41582909226418,2839.12122970819,1.60629856586456,0,3.691635876894,7319.19071117043,44.0385296344757,2.3025193810463,0,3.2026652097702,2.60481822490692,119.508546978235,154.375746935606
52.221958398819,28.0327251553535,95.6716341376305,13.7960842251778,10.7786920070648,729.019271790981,1156.40639343858,1661.15613272786,139.594452351332,903.530511170626,0,1411.07163748145,7122.29787874222,1837.45616441965,240.360747843981,35.3422054946423,297.784968316555,9619.57875218987,2736.70747122169,81.8016291260719,70.1570670902729,19.296685397625,420.027571171522,117.165253520012,290.587047278881,3675.74622255564,1173.97010284662,315.699833720922,1848.52161580324,453.046792566776,284.975931435823,2826.17133796215,18.6159755587578,17849.8824177086,379.173341959715,5247.32549241185,14673.4944301844,7373.51707404852,1892.61521166563,270.594631761312,151.221526503563,3636.42508941889,32.1547056436539,3488.42548286915,66.058220654726,30.66273021698,15.273939281702,11.7164716124535,143.811371833086,0,252.431290954351,21.37508431077,0.531369864940643,0.771864235401154,4.17663452029228,13.5010975003242,6.37277042865753,196.772889196873,7.55553525686264,2427.97601231933,21.9125001132488,5682.47746744752,5.36194410920143,18.7601351737976,8.70558175444603,7.45097920298576,42.1275649666786,10.5322405695915,2.40023279190063,0,27.8887239694595,6.5025092959404,72.9977306723595,407.044553995132,2534.10018315911,1693.76625743508,19.4876782596111,8.08098292350769,0.6878901720047,1808.71229103208,10.4913956522942,0,31.0991473197937,114.989070653915
22.561243057251,4.58194172382355,26.058751732111,12445.1223710775,260.512555658817,17517.3441001177,907.845904380083,5896.53995975852,4780.97962254286,4932.31558692455,1411.07163748145,0,157.780742257833,1629.91622182727,6789.09877878428,2.53115060925484,98.1350402235985,486.801681548357,380.481006383896,11696.5384260714,16.7880765497684,24.255691587925,43.0578987300396,1039.42656317353,2.82832828164101,511.145468264818,154.245728284121,1640.22973978519,1036.8113912642,110.690307348967,24.7160542309284,976.200018376112,0.498429238796234,1881.82417115569,3733.03793796897,3948.18314945698,296.489458471537,1588.78704446554,219.312433570623,4189.63494852185,622.565981328487,117.072356849909,100.7504748106,7.91134130954742,177.704118937254,112.887767791748,781.781493365765,29.2866808772087,14.0089805424213,1.96365964412689,2.26947999000549,0,950.403604894876,80.6315958499908,266.501961171627,431.005428284407,328.216452926397,777.226140975952,1673.72855496407,215.026695907116,2352.49537038803,3.2559021115303,102.732775211334,593.464027047157,0.779426991939545,0.61231541633606,23.8991432487965,7.78389626741409,1076.52300491929,2.49991542100906,7.64478844404221,1.09652733802795,840.342918723822,0,22.2520138025284,2.52888175845146,2955.0052639544,72.2845831513405,1.55540588498116,0,22.8588027656078,0,82.3493336737156,224.994373232126
3.43897652626038,2051.75578421354,0.713920712471008,4.66815248131752,3.45660829544067,91.0372191667557,109.451861768961,135.322466403246,1014.17700719833,88.1098748147488,7122.29787874222,157.780742257833,0,77.2471174299717,89.8607451021671,197.626121759415,10.8861528038979,24.5248128771782,6.29659235477448,16.0408417582512,34.7749645709991,2016.95450770855,34.6477666497231,1553.56675675511,7321.87551364303,211.416159361601,5255.70034533739,60.7585943043232,54.279113650322,35.8611494004726,784.394357293844,169.462683230639,0,7972.82171007991,14.1834159493446,427.272343337536,4561.63877910376,685.089957654476,33.9752191901207,198.580931216478,71.0796560943127,7125.14152795076,62.697218477726,5422.82257816195,108.569353878498,33.9085057377815,38.320092856884,15.9964427351952,426.861852347851,0,916.301753371954,0.767028450965881,12.7770876586437,0,6.37422820925713,11.4273891150951,12.9987819492817,241.499245494604,12.9375024735928,6553.42615103722,13.5109007954597,21192.5341247916,17.7896229922771,30.8038425445557,12.295737862587,2.95590686798096,55.4670144319534,5.04661476612091,5.97967332601547,0,100.414413332939,1.61990344524384,82.7481259703636,2252.31808409095,4598.55772036314,5504.19204127789,13.5301195979118,12.0653676092625,0,4813.99194821715,12.6945341825485,0,70.0349885523319,3.39592552185059
11884.7111599445,3.20484608411789,1574.84834453464,60.2517022192478,26.3186409175396,1247.31631177664,36080.9973661602,20678.9246780276,229.439698308706,2712.14801970124,1837.45616441965,1629.91622182727,77.2471174299717,0,144.883844166994,12.8888722658157,2788.3544986248,856.163128942251,976.051000088453,184.881599098444,1086.27278485894,7.09225672483444,5896.38118731976,301.390412539244,0.885770708322525,2328.4403372705,1187.32869815826,1332.84635776281,22788.4859225452,19772.2741920948,30.0795467793941,451.398102045059,64.9239939153194,1451.9171397388,112.924393266439,2211.84677305818,197.562195032835,883.671226859093,157.751295953989,179.968446433544,204.354807674885,29.3092731535435,344.307114601135,7.57378929853439,119.082704484463,41.9838632941246,127.079183936119,18.2799097001553,4.08345311880112,2.24059516191483,4.50650385022163,14.2902131676674,11.1031371355057,4.51530230045319,47.3947739005089,719.733026683331,147.418168663979,242.950461655855,77.3068518340588,39.7752415835857,41.4992175996304,2.06109857559204,31.3979684412479,7.9693164229393,26.4822798371315,1.84363296627998,0,1.8841381072998,27.1463423967361,19.1336861252785,20.4903964996338,15.7787615954876,1231.42671766877,0,24.0544756352901,101.42383018136,1457.90985381603,25.9761136770248,28.3301291465759,0,2.91360667347908,5.01459002494812,70.7597993016243,24.2500130534172
4.66598981618881,38.4642659425735,93.573822081089,973.843581438065,3214.94381004572,4769.09751111269,951.815476030111,919.434437900782,2789.64098471403,561.366463750601,240.360747843981,6789.09877878428,89.8607451021671,144.883844166994,0,157.023149490356,138.064802438021,93.9171689152718,78.3801944851875,557.596388012171,556.759562462568,375.337667495012,662.768462479115,2299.89377656579,29.461065530777,182.588594704866,688.619294077158,1893.92734313011,95.0633498430252,816.124039679766,11.2839229404926,854.215094268322,9.40992265939713,942.873205602169,2580.40775439143,1442.22027933598,537.860030680895,615.148164600134,590.181186914444,6449.80827108026,208.933240532875,87.0891684293747,204.794595777988,27.4193100333214,120.214344024658,103.838118672371,263.686138898134,28.8323052227497,15.2600246965885,2.31434011459351,6.58405327796936,24.8859406113625,174.319577336311,18.8300924301147,59.4753510057926,203.363590061665,79.5636657774448,243.391322553158,311.275854885578,175.202803611755,388.961408168077,2.66879796981812,47.4593551456928,150.510387122631,57.6699794828892,6.83271265029907,3.25842589139938,5.23226714134216,212.652497887611,38.9612528979778,39.1092565059662,92.8948343992233,375.749619185925,0,11.7106555700302,82.1707347333431,761.291155099869,41.551931142807,49.6404096484184,1.41505551338196,20.2528747320175,5.79590165615082,49.2294390797615,1111.62080177665
0.89835512638092,355.287212193012,187.181747823954,1.23790764808655,127.132976472378,4.05384457111359,67.7187051475048,12.804846316576,238.145401149988,5.33921703696251,35.3422054946423,2.53115060925484,197.626121759415,12.8888722658157,157.023149490356,0,738.56164470315,46.8970922231674,249.757014334202,0,8602.31501665711,7509.05002358556,10391.5521609187,5192.95281499624,133.181865036488,292.270704090595,13133.0204074383,2429.4471719861,12.4909983277321,158.320689022541,17.2133913636208,2.96854966878891,4.79536762833595,991.405507326126,981.463798165321,8098.60091599822,1793.98319920897,3774.91905289888,2618.06047713757,51.1119041144848,24.0840540528297,36.2884010672569,1025.94573932886,137.881874501705,381.417149811983,399.599927574396,20.0513018965721,5.26073068380356,9.60136538743973,6.59490871429443,240.687427401543,410.648435860872,0,20.072922706604,1.95823165774345,108.402769476175,15.4633558392525,132.448055624962,2.39526343345642,9.89242994785309,4.91614770889282,16.7180792093277,16.1046929061413,7.8358342051506,7823.884509027,88.8340315818787,1.95627170801163,16.7055527567863,0.612211227416992,2281.76153808832,2800.30102574825,6425.69929128885,606.246520280838,1.94442093372345,145.701240539551,8083.08713638783,963.50023779273,57.472315043211,405.736256569624,0,0.708315849304199,15.5449010133743,130.471668481827,340.516518056393
281.51411408186,53.3067149817944,10767.8070524931,1.8318966627121,69.9857552647591,124.383631676435,393.983096778393,2610.84373673797,20.2084304988384,56.9813472628593,297.784968316555,98.1350402235985,10.8861528038979,2788.3544986248,138.064802438021,738.56164470315,0,619.35896974802,8234.05349841714,6.07579305768013,2590.49110871553,62.3524504899979,10522.3759705722,351.079738587141,2.3957896232605,8575.21287313104,31053.5388386846,318.255752146244,5443.80622467399,2396.84738710523,0.574308931827545,112.86697819829,1173.50854423642,14304.4719056785,544.174751877785,4638.27552703023,1608.0349021554,3758.62770402431,2305.70129644871,57.5602703988552,85.1081971824169,9.626639097929,285.919651716948,143.15229126811,107.769974976778,145.668669819832,7.62970948219299,6.38522511720657,1.75415390729904,0,130.654544681311,727.497503101826,0,3.24879336357117,0,24.9728439450264,0.780353128910065,16.3637918233871,0,14.0084474384785,0.759861826896667,0,1.15719056129456,1.78234899044037,343.244145870209,409.019801735878,9.67578816413879,110.274818152189,0,61.3434472978115,118.78999453783,445.798010349274,38.3383482694626,9.4382740855217,802.308682948351,4335.85116291046,48.4425525665283,7.13505545258522,24.4765827953815,0,0,2.22939628362656,112.443526476622,241.990170866251
9.27817380428314,9.5936307311058,230.618898451328,5.08766484260559,6.12554681301117,255.285983175039,482.528599023819,714.105689883232,55.3736285567284,365.95840331912,9619.57875218987,486.801681548357,24.5248128771782,856.163128942251,93.9171689152718,46.8970922231674,619.35896974802,0,5654.83741623163,34.5445767343044,67.5022038817406,5.06593829393387,424.587041825056,50.0016447305679,1.99651420116425,4075.94872540236,2820.57098016143,108.343160420656,941.031738221645,201.159179419279,139.102453351021,939.830490261316,3.05374538898468,4663.78587082028,326.00435552001,4387.0317440629,4675.60041582584,4189.50758707523,1734.14617401361,109.941857933998,39.8693316876888,9.56301653385162,13.8767045736313,71.1603373289108,6.09627637267113,10.3554619848728,1.56144112348557,0.851522743701935,0,0,10.3201037943363,23.7514856159687,0,1.40363103151321,0,0,0,55.822225779295,0,28.0060148239136,7.09039050340652,32.4899023771286,0,2.01033467054367,3.6332990527153,11.7357433736324,4.31813681125641,10.1168068945408,0,0.393872410058975,2.17288848757744,7.3895258307457,1.93093824386597,2.48898875713348,503.996639490128,666.107992053032,0,0,0.486527889966965,55.0842885077,0,0,8.1771736741066,117.200227200985
28.9638827443123,93.6888827085495,1750.89368090034,3.8725905418396,9.91013962030411,163.735450655222,409.622046023607,639.426512032747,43.1630654931068,240.869237363338,2736.70747122169,380.481006383896,6.29659235477448,976.051000088453,78.3801944851875,249.757014334202,8234.05349841714,5654.83741623163,0,25.2046438157558,314.76986515522,52.4432137608528,1816.60078284144,147.837953835726,0,14949.1632323563,15497.3131953478,118.665997773409,1082.82684117556,271.812781691551,8.13917222619057,468.156425744295,69.8308582305908,16655.1392733455,389.713158667088,5846.28036659956,3142.23599991202,4469.37350782752,2254.81555211544,58.3358836174011,32.1216543316841,4.59312260150909,166.939510703087,89.4897333979607,51.3527400791645,83.6538499295712,2.77558839321136,5.02250438928604,0.823442459106445,0,164.369670510292,253.489725291729,1.05797970294952,2.43994927406311,0,5.45402640104294,0,41.0838264524937,2.90243536233902,1.69525563716888,2.67095285654068,0.82752001285553,0,1.50147759914398,54.7231886684895,304.189363151789,8.6322133243084,161.310449182987,0,8.52881494164467,29.687569886446,80.5081509947777,12.2109658718109,4.55966177582741,1716.34330719709,3400.3664958775,8.45037972927094,0.738697290420532,7.56582599878311,10.0691885352135,0,0,66.8798840939999,193.527630269527
2.8557163476944,1.27585273981094,1.25177842378616,29387.7384566367,25.7035681605339,392.634027332067,1287.7377846241,429.092678904533,1884.06689965725,7201.90371450782,81.8016291260719,11696.5384260714,16.0408417582512,184.881599098444,557.596388012171,0,6.07579305768013,34.5445767343044,25.2046438157558,0,1.14732828736305,18.5496637821198,4.71879869699478,517.709017187357,2.38495895266533,38.4826728701591,18.0803566277027,3803.38134148717,134.433256477118,12.1571132838726,1.98966529965401,66.0779441595078,0.873757779598236,230.299080789089,53.9593271911144,747.314129173756,34.6186617910862,196.295808404684,30.708732932806,343.750397890806,66.7601729035378,7.92797538638115,39.2526875734329,0.452644377946854,21.8074858784676,10.6860648393631,197.938972115517,12.926293194294,4.08071029186249,0.576839506626129,2.93751519918442,0,739.12504440546,20.6509059071541,202.46265783906,451.494798928499,285.930045366287,679.52170369029,1290.94076511264,21.5727578997612,746.666964054108,0,49.810225635767,179.869743794203,1.84784334897995,0,0,0,746.07011410594,0.616066217422485,7.70506978034973,1.12401038408279,1283.39936941862,0,0,1.17297288775444,2811.6577886343,13.8750776648521,1.35912489891052,0,4.97863101959229,1.41187018156052,46.2511291503906,3.54325243830681
175.259678184986,50.8253427445889,2474.84193342924,0,583.001195907593,75.2385685145855,3586.82646137476,2208.6176815033,203.710657298565,18.5453051924706,70.1570670902729,16.7880765497684,34.7749645709991,1086.27278485894,556.759562462568,8602.31501665711,2590.49110871553,67.5022038817406,314.76986515522,1.14732828736305,0,1192.27788361907,42891.1873806119,1414.42554104328,15.4558562934399,1171.4879938364,4853.58862909675,8618.04879969358,1214.18573606014,42165.4771519601,5.3413679599762,18.058867752552,237.741505295038,19095.734103322,2924.14691510797,16138.4733730555,2732.64915144444,19502.5366990566,5002.45340329409,166.18804782629,202.687093526125,17.3676232099533,599.876545995474,72.1368302702904,152.752331972122,188.373568892479,21.695226252079,12.6658581495285,8.39891314506531,5.52901363372803,78.3036566972733,156.343772083521,0,21.7294239401817,0,125.19407004118,8.98997816443443,36.1756621301174,2.26519444584846,15.5558453202248,1.05843576788902,0,29.8724900186062,0,4187.18559345603,28.3209031224251,0.905300259590149,1.81203556060791,1.67893069982529,2824.74143585563,1245.85487732291,3657.67484182119,563.470060050488,0.607451260089874,34.3210448920727,1691.22377055883,1067.91739395261,150.599657177925,852.938672155142,0,0.649429440498352,63.2168979048729,114.943116247654,735.060865223408
0.524878621101379,6324.569267869,40.9650161266327,79.6303761005402,26.0361043810844,34.4306048750877,28.317989885807,15.3470849990845,10214.3799093962,8.70502862334251,19.296685397625,24.255691587925,2016.95450770855,7.09225672483444,375.337667495012,7509.05002358556,62.3524504899979,5.06593829393387,52.4432137608528,18.5496637821198,1192.27788361907,0,530.448186397552,22915.2495037615,2195.32335865498,96.0553844869137,15529.0576164722,858.673542052507,10.2013909816742,107.727221846581,106.048626869917,9.51703742146492,2.49684995412827,118.006534874439,22.8712233304977,239.045691788197,107.993158936501,103.809265613556,50.1931587457657,126.9727396667,4.48544365167618,352.02902507782,198.273000538349,51.3942548632622,52.5721076726913,43.6248936057091,22.5142078399658,8.56694757938385,8.52133709192276,0,336.937425076962,46.4401341676712,78.1414728164673,2.7057431936264,6.07780700922012,77.1828254759312,17.3608461022377,340.633963346481,9.96620798110962,37.9152939319611,3.1776188313961,183.61692905426,24.9097917079926,5.34364891052246,1203.12589001656,15.994754076004,3.49522882699966,7.50202399492264,8.91754990816116,473.755984812975,954.883223772049,656.231314450502,661.118853569031,40.1054123044014,204.711167693138,2214.74895760417,448.17071351409,43.3615026473999,131.659092545509,44.7577366232872,5.28295564651489,13.5948206782341,46.1065571904182,24.2768182754517
907.751870274544,33.9088281393051,46236.9059617817,0,579.945819824934,236.034195244312,3503.76908907294,7662.11541548371,78.0063557624817,59.3291239142418,420.027571171522,43.0578987300396,34.6477666497231,5896.38118731976,662.768462479115,10391.5521609187,10522.3759705722,424.587041825056,1816.60078284144,4.71879869699478,42891.1873806119,530.448186397552,0,1238.50263404846,9.89746099710464,10948.6786099076,41149.3908430636,3405.20139431953,6237.68346652389,22181.1641076207,11.9245106577873,91.8795150220394,908.888061076403,26291.1676467359,4296.61514106393,27401.048823446,4535.1773391068,34397.1994368434,17085.2854574025,203.764383971691,222.844145327806,31.2307535707951,1076.56264618039,236.598503768444,461.05983042717,658.475643754005,34.8234420716763,21.4802091121674,3.85847792029381,5.56085777282715,165.43413117528,1485.21907347441,0,52.6094592213631,2.56241124868393,136.080317735672,19.2675319314003,79.365234375,3.90599644184113,23.7570410370827,6.26482111215591,2.16077366471291,28.7363693118095,7.48833352327347,4524.78594470024,230.666550904512,4.98467335104942,58.1123440563679,0,1640.33314609528,984.32564547658,5254.83386152983,380.267601400614,0,185.609322458506,11637.7993336916,663.767179101706,16.9039055109024,211.075312793255,0,1.01087665557861,2.14407587051392,214.289121180773,1843.05435889959
11.6206854879856,3093.69581988454,489.919981360435,2814.59046316147,272.056333571672,449.501116156578,2088.77811992168,673.94777148962,25052.4496624172,258.452252954245,117.165253520012,1039.42656317353,1553.56675675511,301.390412539244,2299.89377656579,5192.95281499624,351.079738587141,50.0016447305679,147.837953835726,517.709017187357,1414.42554104328,22915.2495037615,1238.50263404846,0,1472.39631900191,920.157678693533,17828.5795247555,13177.5032790005,749.878939926624,1520.69745931029,96.9634236395359,101.27315980196,315.736663490534,1460.17583668232,1119.8823030591,6369.28001722693,567.692894488573,1820.4187528491,682.847153246403,957.429203212261,162.942282319069,201.051464885473,5054.61407077312,171.686829447746,1303.11653381586,585.724374830723,1107.76814615726,220.99686652422,57.5163131058216,63.1289640665054,267.444313287735,249.431695312262,632.461592704058,52.8264288306236,491.009298145771,4635.529722929,2567.95745506883,5579.39981412888,1206.20180851221,499.809466868639,356.53062069416,102.554364621639,1940.89340287447,123.577977776527,3020.10455575585,68.1608664393425,12.7273349761963,21.5739243030548,338.139507740736,1797.56615760922,2341.76500934362,2071.29400914907,15166.2226963639,36.8510687947273,160.137375861406,3167.54512739182,14698.9592833817,1927.83690145612,1782.98970341682,9.5570422410965,214.865713953972,178.373061865568,1155.5699467659,684.496601253748
0,3294.78195863962,1.22985470294952,6.7145721912384,0,5.31170320510864,1.41588568687439,3.62511739134789,694.142101228237,0.461231380701065,290.587047278881,2.82832828164101,7321.87551364303,0.885770708322525,29.461065530777,133.181865036488,2.3957896232605,1.99651420116425,0,2.38495895266533,15.4558562934399,2195.32335865498,9.89746099710464,1472.39631900191,0,36.2168402671814,4324.69337359071,23.102713227272,0,0.683271288871765,112.697462320328,4.15199607610703,0,1656.51410073042,0,33.1360395550728,113.978652536869,10.9744777679443,0,24.8854638338089,4.53627663850784,1594.57869821787,9.71981990337372,374.748764425516,9.67471522092819,6.36237454414368,5.35463505983353,2.10920572280884,331.078334629536,0,298.489334970713,0,3.93622916936874,2.06581449508667,0,2.36993861198425,0.963030397891998,77.1910086274147,0.542646050453186,234.196723818779,1.53182947635651,2538.92770683765,0.86117097735405,0,9.62448954582214,3.14004647731781,2.91447088122368,2.98901903629303,0,0,28.4149771332741,2.24217247962952,35.6291706562042,1224.1248704195,206.320256114006,719.216195493937,5.79808241128922,0.651817321777344,0,331.987185180187,2.20257127285004,0,7.12967270612717,0
204.655664801598,173.595942974091,44839.3074896336,2.50371143221855,32.0814760327339,361.613456577063,1093.14035373926,3032.78857561946,89.4710596501827,371.387420892715,3675.74622255564,511.145468264818,211.416159361601,2328.4403372705,182.588594704866,292.270704090595,8575.21287313104,4075.94872540236,14949.1632323563,38.4826728701591,1171.4879938364,96.0553844869137,10948.6786099076,920.157678693533,36.2168402671814,0,50314.2260372937,582.752113133669,1933.72332417965,1407.10825571418,819.359207689762,844.087643176317,66.3919152915478,5691.96435207129,843.385044306517,12106.6617958844,14481.3346574605,7272.49216601253,3783.99041393399,117.400292277336,99.3700459897518,34.3631394803524,384.772969722748,1431.48724043369,191.61010581255,141.285413920879,8.41643315553665,12.0668275952339,9.89366954565048,1.57985773682594,562.565511792898,390.188479572535,1.23111981153488,7.73866021633148,0,11.155756354332,0,93.302785217762,12.1951054930687,580.296452075243,5.13730901479721,1051.55540120602,3.25854250788689,6.64882361888885,87.6801239550114,501.092603564262,163.447979331017,358.985566824675,0,18.8913352787495,95.6867884993553,158.732850044966,58.7086844444275,175.502422869205,13181.3949404061,18909.9151358604,21.4200460016727,5.47224196791649,18.4264631569386,1737.40264829993,0,1.22671353816986,157.378537833691,286.610962986946
72.6468343138695,15704.7456430495,30810.6838725507,27.8521633446217,136.957102715969,133.721815437078,1319.28407478333,1186.04389414191,3382.43168362975,130.241198241711,1173.97010284662,154.245728284121,5255.70034533739,1187.32869815826,688.619294077158,13133.0204074383,31053.5388386846,2820.57098016143,15497.3131953478,18.0803566277027,4853.58862909675,15529.0576164722,41149.3908430636,17828.5795247555,4324.69337359071,50314.2260372937,0,5165.95520964265,1155.60476821661,970.663893163204,1511.54516097903,253.662304788828,69.6113029122353,16425.6668229997,3333.13926494122,34916.8193644881,14342.8269522786,18802.360509187,16169.5773792565,275.583521723747,140.29288199544,94.8140756189823,4491.16673493385,2621.40021342039,1565.99235355854,1766.27519333363,92.5099034309387,68.594050526619,64.5635482370853,28.7574997544289,10116.7697249055,5654.1970706284,30.002354323864,64.6397821307182,0.97211492061615,263.117773085833,21.9479196071625,649.021010130644,43.0300403237343,466.226842701435,8.23221504688263,2034.83988857269,105.483179837465,27.463875323534,2066.43337708712,4535.51938581467,312.65874838829,1995.79129245877,0,549.498930633068,1942.51422733068,4403.57407829165,1128.67418906093,1606.60058143735,33993.9488251507,127064.588451773,741.238825529814,80.068440079689,303.410213798285,2579.56405472755,2.65922021865845,19.7794489264488,1568.80386483669,2083.3294583261
56.6396391689777,71.1531046330929,1047.15867877007,8523.91825562716,655.913340270519,2319.51736497879,81075.5622251332,3756.89810311794,5649.46953058243,7787.37837126851,315.699833720922,1640.22973978519,60.7585943043232,1332.84635776281,1893.92734313011,2429.4471719861,318.255752146244,108.343160420656,118.665997773409,3803.38134148717,8618.04879969358,858.673542052507,3405.20139431953,13177.5032790005,23.102713227272,582.752113133669,5165.95520964265,0,2650.02112051845,33829.6441507936,5.4236952662468,304.390580952168,868.419627308846,4913.55301856995,2773.98573312163,13316.0049090385,749.284640789032,6365.67380425334,1576.94577944279,1258.62075719237,575.6182256639,47.59738022089,3473.19922816753,86.2813269197941,1097.42671760917,438.903495937586,1039.33391627669,232.359007686377,36.9111765921116,35.5865029096603,89.0395044088364,168.092580974102,1152.05433925986,65.3184516429901,940.632419854403,5488.51530566812,3327.15665027499,2600.33212780952,2936.01376608014,286.711839675903,1071.28575831652,3.87166321277618,1502.9386625886,215.532652109861,1168.31849351525,30.8548357486725,0,3.67783743143082,1315.04020860791,1190.00909891725,862.343202441931,930.758667916059,10153.276116997,4.07491189241409,36.1167947947979,1394.09975606203,16478.3204255104,1364.61971238256,1300.02222961187,0,59.539414703846,148.620203346014,1001.61376169324,587.501785516739
7702.57904371619,4.18226373195648,781.01778319478,51.0014081895351,31.1788365244865,541.791485160589,6770.54743552208,3320.92038530111,177.36682626605,1280.40849906206,1848.52161580324,1036.8113912642,54.279113650322,22788.4859225452,95.0633498430252,12.4909983277321,5443.80622467399,941.031738221645,1082.82684117556,134.433256477118,1214.18573606014,10.2013909816742,6237.68346652389,749.878939926624,0,1933.72332417965,1155.60476821661,2650.02112051845,0,25659.7231339812,34.0506270229816,1842.45172539353,5641.72745168209,4969.00637361407,114.113517045975,1170.77930006385,158.395179897547,1373.14234605432,151.18607789278,113.310257941484,131.546847075224,16.0060474872589,314.12406873703,2.63995584845543,59.5448071062565,18.8581232428551,76.8227006793022,12.2790190577507,2.87201845645905,0.56118255853653,5.41683924198151,10.3972909748554,10.6805061995983,2.4933865070343,23.525354295969,387.26204547286,77.689172744751,201.498727142811,18.0347684919834,30.8898779451847,27.1501626968384,0,25.1009084582329,6.52140206098557,22.2488133311272,3.27093315124512,0,0.559884667396545,9.9885841012001,27.9541939795017,35.4541259407997,17.3506239652634,830.687251508236,0,15.0475792884827,88.7639660835266,797.310122936964,24.0558167397976,53.8534268736839,0,0.48193347454071,6.3805578649044,57.880748718977,22.895188331604
8371.20328292251,4.16482746601105,3484.63890710473,9.07488599419594,643.169722825289,375.978945761919,9261.68580654263,13207.0823779404,228.086824625731,154.039554834366,453.046792566776,110.690307348967,35.8611494004726,19772.2741920948,816.124039679766,158.320689022541,2396.84738710523,201.159179419279,271.812781691551,12.1571132838726,42165.4771519601,107.727221846581,22181.1641076207,1520.69745931029,0.683271288871765,1407.10825571418,970.663893163204,33829.6441507936,25659.7231339812,0,17.2655909061432,180.138946324587,4305.14439535141,16591.2852444649,2869.35314241052,9606.13035863638,1033.54698872566,10664.7640185356,1730.41860565543,440.130589842796,501.333224982023,30.3059440553188,1129.62818324566,41.3774007856846,195.550002247095,138.765957832336,101.488510489464,22.5757423639297,4.57236212491989,10.4832851290703,12.9281277060509,116.014759361744,1.50149515271187,17.2732011675835,8.18024545907974,464.577637583017,100.501191347837,213.619183301926,8.75852844119072,63.0792257487774,7.84516048431396,2.83614653348923,89.714544147253,11.1625880002975,1146.09641987085,13.0650565624237,0,1.60110524296761,2.12724220752716,1321.1486030519,593.820526897907,869.06580221653,1104.83491012454,0,9.60672554373741,458.485877096653,1901.38459810615,281.449018836021,1049.70074769855,0,4.87869971990585,82.7039452791214,138.77201294899,579.527529150248
