0,1.05541729927063,275.765933871269,13.7477994263172,0,58.6308598220348,8167.99114483595,2553.51613974571,21.0734131336212,298.138216465712,130.948996543884,55.7287127077579,16.2314757108688,9632.32092884183,3.96324178576469,3.06065502762794,637.811675310135,27.7531299889088,178.978871375322,13.174522459507,456.49044880271,3.89458221197128,1336.03624019027,55.4257795512676,5.22555777430534,334.631426274776,89.0755859613419,317.543017864227,3478.34606948495,5382.14087960124,4.38756689429283,36.9549170732498,14.6771669983864,137.629236012697,16.6306329965591,150.769013077021,39.658903837204,131.878119856119,46.2478273808956,32.7666764855385,17.2368223071098,19.319594681263,11.5743617415428,0,1.83936783671379,0.922302097082138,4.69283583760262,0,0.520871818065643,0,0,0,0,0,0,0,1.19176077842712,2.821180164814,0,1.23620140552521,0,4.82093340158463,0.576398253440857,0,5.43949550390244,0,0,0,0,0.458941608667374,1.66588973999023,3.00786009430885,16.0339074730873,0,0.610112845897675,4.97679680585861,3.56554833054543,0.921631574630737,0.953363597393036,0,0,0,2.11756333708763,0.448697924613953
1.05541729927063,0,4.69902911782265,1.18862536549568,0,1.54434943199158,5.05247530341148,14.0072504281998,1378.02060586214,2.94734394550323,386.4805149436,5.51570969820023,2314.28699070215,17.9185497462749,9.19404822587967,559.560632020235,5.63605177402496,11.9883151054382,33.6869186460972,0,113.721434950829,4768.7493032217,77.1875950694084,3790.46968862414,2854.77127760649,121.347578018904,5373.20627227426,189.089492201805,38.8824394643307,1.60130006074905,346.899240970612,38.2222253084183,1.06043067574501,275.3578761518,6.21587270498276,78.3322390913963,96.1908912360668,79.353896945715,10.6340443491936,12.4383935332298,0,589.344046294689,125.697599470615,215.01634940505,31.4521462917328,34.4074866175652,3.12285083532333,1.17587983608246,218.889237940311,0,255.216158747673,53.3407935500145,0,0,0,0.714773774147034,0.861060440540314,18.6968783438206,0,121.807092696428,0,437.330510079861,1.15515661239624,1.0729124546051,39.0764492750168,49.6583199203014,37.0580534636974,167.71174928546,0,5.62745487689972,53.404079169035,17.4440447390079,48.933552056551,66.7022491693497,271.539315730333,2183.97615557909,12.142336577177,3.89286333322525,4.66615355014801,8.31884294748306,2.28071814775467,0,26.6582546532154,11.5051602721214
275.765933871269,4.69902911782265,0,13.9531679749489,7.99120554327965,89.9880463182926,765.757872909307,2515.41987286508,54.764509499073,61.0726276636124,667.480096995831,23.1424097418785,6.79496967792511,1525.34321598709,43.8956892490387,56.431212246418,12272.8328212798,407.205699712038,2095.70219758153,19.6241284310818,2348.37775120139,41.2083249092102,42655.8315825462,106.984680712223,2.79960799217224,32891.5628358722,27456.492808342,1064.15872502327,836.136700063944,960.661495506763,20.2480583190918,30.216010838747,39.7562811374664,3488.84135791659,534.275867819786,10308.505201757,4776.25934454799,5595.92388090491,4597.76892784238,57.7850179672241,117.497392117977,31.1461642384529,653.51554146409,227.91109842062,214.166858881712,289.290443539619,36.6997577548027,10.0936146974564,3.78462129831314,1.83035743236542,65.2827565073967,1867.120752424,0.782218992710114,0,0.277718782424927,59.0310651659966,16.6075211465359,31.6408830285072,0.389955401420593,4.61410999298096,1.44947648048401,76.0829898416996,17.8622553646564,4.84234541654587,607.961970567703,601.260659575462,15.8334408998489,255.78985118866,0,108.335781991482,79.2718401551247,1431.95548287034,251.121127158403,0,400.442400753498,9330.16469055414,220.925459384918,15.8355689942837,43.5918642282486,1.49356293678284,0,1.0889538526535,112.399449199438,320.987352967262
13.7477994263172,1.18862536549568,13.9531679749489,0,70.4958367943764,428.986299037933,417.376220285892,441.619791001081,5348.25599172711,6983.31059926748,166.148543745279,3317.09444519877,8.86424398422241,272.468510985374,1213.33915325999,0.440638482570648,15.9596483409405,33.1344164907932,12.5998359918594,19755.3531585634,0.832161784172058,3.56950119137764,17.4205210804939,3800.01154077053,3.50486552715302,27.7950274050236,11.0707230269909,8039.30331203341,471.98497711122,27.2330230474472,0.462619870901108,80.8629079163074,1.71487563848495,445.094867408276,385.053521990776,2182.02216473222,20.2216776311398,399.733812659979,63.6574993431568,1792.97587877512,289.131633639336,35.6730445027351,409.206377744675,11.1075859367847,239.262689471245,40.8118696808815,1585.07754421234,69.5919513404369,2.94701305031776,1.67433670163155,0,0,1737.01794567704,31.1672086715698,60.0116908252239,18.4280223846436,175.271809130907,516.912645727396,208.822179228067,11.5458241999149,199.826644122601,11.8821165561676,37.6527735292912,346.295844525099,5.44810116291046,0,4.4308118224144,0,455.107945472002,1.93810945749283,3.28844046592712,1.25010997056961,1906.43425056338,0,4.39035367965698,1.76796424388885,2153.84076866508,126.181723564863,2.76657608151436,0,10.233021736145,2.80808821320534,158.337554514408,30.1514734625816
0,0,7.99120554327965,70.4958367943764,0,870.335948318243,49.3873134255409,44.1777791976929,72.0144300758839,37.7927776277065,97.3766201138496,291.294259935617,11.5892207026482,1.35719180107117,4607.1949121356,27.1717690229416,4.95035418868065,4.16860836744308,4.88283237814903,41.7748238444328,177.534413576126,4.64091849327087,317.768301665783,142.711617946625,2.49269568920135,2.87864392995834,22.2044430673122,123.541418343782,3.62808293104172,49.3642810583115,0,324.50518488884,0.576934099197388,846.366464197636,1308.49357575178,97.6144580245018,55.6241869330406,22.1398869156837,24.9331141710281,12003.3859942555,5709.26105928421,14.5752211809158,7.80133381485939,6.1370187997818,2.38381761312485,11.4338335394859,40.9509105086327,1.08932313323021,2.03429889678955,0,0,3.32689785957336,20.8456272482872,0,3.78937405347824,0,2.01339614391327,4.096271276474,2.10776776075363,0,4.44602870941162,3.02605402469635,0.673937737941742,3.26700156927109,4.24996244907379,0,0.997154355049133,1.54042673110962,8.71953725814819,2.20975878834724,0,5.09655040502548,14.2176069617271,0,1.23481929302216,10.9465311765671,32.5728992819786,1.14865243434906,0,0,0.482483327388763,0,0.49254247546196,993.559173226357
58.6308598220348,1.54434943199158,89.9880463182926,428.986299037933,870.335948318243,0,15717.9926038682,13878.4906026423,360.00678229332,29575.8421896249,407.648294061422,9171.81224137545,27.6591744124889,619.266322135925,2405.18593239784,2.43587690591812,35.4192145466805,74.0918573737144,33.8306323587894,605.54482793808,38.2994584739208,1.16820818185806,157.118986546993,358.418250203133,12.9577968716621,73.356053173542,41.2770227789879,4165.27858105302,428.576283305883,93.4466648995876,16.6926056444645,774.308807432652,0.551951169967651,420.482731997967,3609.76738977432,913.751935184002,51.3837076127529,267.192958652973,167.443431138992,5434.43361964822,432.112361878157,100.134987682104,358.022846519947,6.37265598773956,143.471907347441,40.6659458875656,212.170952320099,50.6787855625153,5.40351098775864,1.71812033653259,0.420103996992111,1.51691821217537,96.0297180116177,0,12.5015115141869,1.68559372425079,70.851984500885,129.209728837013,6.58625346422195,8.84426772594452,3.40897691249847,25.1958705484867,21.4102754592896,19.1402499079704,9.77512896060944,2.15807622671127,0,0,8.26226654648781,8.72929286956787,3.05822587013245,6.60820034146309,468.42979902029,0.416550040245056,0,6.28607070446014,385.315263181925,88.4229420125484,10.8456950187683,0,3.73990058898926,4.42065834999084,127.807667195797,535.757096171379
8167.99114483595,5.05247530341148,765.757872909307,417.376220285892,49.3873134255409,15717.9926038682,0,35191.3421262205,1503.676851511,31133.554667443,1638.89189985394,807.120058387518,106.068170547485,31042.2266219407,421.314226508141,19.7438420653343,265.001337349415,350.308292210102,207.530586063862,204.333480834961,477.769021242857,31.7263654172421,1902.0431522727,9328.2821059227,32.2500275671482,393.890363514423,297.015584737062,120982.95788461,4184.40784531832,6742.81114888191,65.7693563401699,432.157818943262,99.5495201051235,2034.80688253045,1240.36556813121,5985.94783484936,212.331983089447,1852.81174769998,491.122231185436,867.290512979031,775.708929330111,211.721949398518,468.503576129675,15.7843750417233,176.274669021368,55.4816256165504,266.144615292549,53.677549123764,21.1621131300926,1.86077558994293,0.534965574741364,10.5722715854645,147.151733785868,3.7710884809494,8.52185308933258,6.43919959664345,27.7237669229507,320.220237106085,13.813761472702,5.64559495449066,11.0071260929108,61.5471731424332,16.4889433681965,22.5317111909389,64.9141193032265,0.766069412231445,0,0,17.7636166810989,19.6224213242531,7.15657359361649,44.7239621579647,816.286161959171,4.86588123440742,0.765149116516113,42.4162799417973,563.449592769146,114.81329113245,23.4807829558849,0,3.17856556177139,6.41070228815079,125.680313408375,77.463247269392
2553.51613974571,14.0072504281998,2515.41987286508,441.619791001081,44.1777791976929,13878.4906026423,35191.3421262205,0,380.719503223896,12586.8963138163,1021.6387141943,6358.52286538482,124.672815769911,22758.4601762295,510.872034370899,32.7844913303852,2127.35208302736,153.197502881289,661.471947461367,905.812545388937,1704.77300798893,16.2088616788387,6892.34344309568,668.99771219492,49.5818874835968,1582.10405734181,444.991401284933,6691.72774660587,2801.89732274413,7254.74813044071,31.6199044585228,788.638031870127,12.58061003685,1717.1914575994,300.842534989119,5599.8978882134,294.161329358816,1237.66703006625,990.571995705366,4524.70438620448,1925.10866448283,521.496944397688,131.104658544064,5.48027214407921,36.4217317998409,11.9825297296047,156.379004269838,8.87566494941711,23.7949252128601,0,0,4.13275697827339,24.5814670622349,0,1.8816049695015,1.80230629444122,1.50449925661087,118.751700460911,1.29580608010292,9.20419192314148,1.40507501363754,85.0001861453056,7.7826761007309,7.83836922049522,43.3733062744141,0.359914392232895,0,0,1.98092851042747,8.13831323385239,2.85674196481705,34.5487225055695,364.900288134813,11.0507399439812,0.410335153341293,47.9205292165279,185.983895123005,12.8858298957348,10.8055317401886,0,0,3.69589215517044,40.3233834505081,22.8368568122387
21.0734131336212,1378.02060586214,54.764509499073,5348.25599172711,72.0144300758839,360.00678229332,1503.676851511,380.719503223896,0,1070.57920286059,305.589093357325,1775.81016087532,828.697365969419,294.614256411791,1238.94457504153,338.082777261734,24.7905303835869,77.4003248810768,47.5227342844009,1858.03090816736,117.882540225983,8233.90223607421,159.394123107195,36535.4089280367,1035.7282139957,158.168293118477,6821.36904764175,10438.529256016,1389.66208215058,426.470456600189,227.244587630033,106.308474034071,166.459442257881,821.93317013979,1203.50000882149,4308.11290153861,209.662535727024,764.255851566792,227.841432094574,1248.58602595329,453.442251324654,116.008201062679,765.202795535326,65.440180182457,277.579809099436,92.7133930027485,1017.12746906281,77.1226868629456,18.8664905130863,4.6020969748497,10.6543455719948,18.3691385686398,2239.87017095089,56.7637862563133,87.0545551478863,73.9390312433243,216.776791244745,2771.06230020523,209.498304396868,114.209094583988,257.765355288982,43.3911283016205,132.337816148996,509.462419122458,1141.10161268711,17.4517047703266,39.4025472402573,20.3085608780384,347.001767814159,310.3719792068,698.422302246094,145.234647125006,5045.64258059859,9.14434963464737,43.5007213354111,156.553601503372,3318.41227763891,435.817387968302,87.6191637814045,5.06632742285728,36.4284986257553,12.4425809979439,254.845599859953,237.230725556612
298.138216465712,2.94734394550323,61.0726276636124,6983.31059926748,37.7927776277065,29575.8421896249,31133.554667443,12586.8963138163,1070.57920286059,0,1980.62415696681,7128.13332888484,109.124758839607,3079.66304126382,405.762115508318,1.75226294994354,81.0734324753284,496.656429409981,181.602483510971,8747.31544527411,13.7734097242355,2.8522784113884,86.258905351162,695.284334212542,31.036318063736,289.852711200714,161.227710574865,16662.3607986271,1995.497253865,124.633555024862,61.4962402880192,578.302631467581,2.84490567445755,2080.00595867634,1129.94998547435,5052.7886005044,126.171519398689,1752.21731930971,430.427072584629,1088.16354852915,1069.10116249323,316.769609570503,216.887792289257,4.83833965659142,100.127897888422,17.2878824770451,301.967497050762,11.3119720220566,20.6597380340099,1.23067820072174,0,0,601.879023507237,1.67233154177666,15.9248591065407,15.6825806498528,38.206400424242,327.503688752651,57.0545772612095,1.83397805690765,21.1142461597919,45.2163243591785,3.01858523488045,46.5633437633514,7.58255979418755,0,0,0,55.3443115651608,1.72580337524414,2.54325044155121,1.72829240560532,925.686997264624,1.99709692597389,0,4.38881847262383,921.173143208027,35.074576407671,2.21884682774544,0,0,2.00131911039352,64.2848338782787,59.7528458833694
130.948996543884,386.4805149436,667.480096995831,166.148543745279,97.3766201138496,407.648294061422,1638.89189985394,1021.6387141943,305.589093357325,1980.62415696681,0,2572.46664112806,3982.4398073256,2237.17696151137,28.6934604048729,64.4463633298874,1662.80881139636,11678.121563524,3264.38064527512,395.705121725798,870.242276996374,355.506427943707,2269.11828845739,421.033193409443,1804.22327044606,3291.40174007416,2980.17934942245,1142.89089083672,5824.12553972006,550.479715287685,728.700350195169,2782.75936058164,37.0243157148361,12998.5954467654,292.458900928497,5882.01072022319,9888.10001653433,7945.25427494943,2055.56138968468,154.772560447454,116.684314280748,2705.51968243718,59.0025459527969,1640.2366104424,32.4506248533726,17.1706819534302,15.2303993701935,0,1097.83806082606,0,166.772733569145,35.4370924830437,6.46410173177719,0,0.451215863227844,0,5.25769644975662,76.4213801026344,1.26435467600822,2612.7297488749,1.73856598138809,8126.13849154115,10.2783986926079,6.62687957286835,35.7219386994839,20.068476587534,67.9795869588852,54.3182460069656,2.19461023807526,0.829185843467712,45.1361473500729,30.2050725221634,74.9502912461758,553.329544484615,385.644584715366,1881.34175151587,2.76713246107101,50.9994112849236,0,1360.19673404098,19.827840089798,0,180.612199246883,185.900022894144
55.7287127077579,5.51570969820023,23.1424097418785,3317.09444519877,291.294259935617,9171.81224137545,807.120058387518,6358.52286538482,1775.81016087532,7128.13332888484,2572.46664112806,0,197.90821313858,1629.88691800833,5372.36383205652,0,54.3391369581223,559.716422259808,161.894172608852,17969.4422275722,9.49339285492897,1.18244624137878,28.8938930034637,1748.66282787919,41.9891271591187,307.75735014677,121.202956050634,3562.583676368,1650.85000538826,94.0399247407913,77.9320275485516,819.208490848541,0,1968.65933448076,4601.18778663874,3771.45279604197,155.329914271832,1678.36221477389,561.834703624249,4779.93003559113,939.466584950686,462.784974396229,397.511900991201,17.1434937417507,202.821970820427,38.1607456207275,1056.76699817181,58.1934136152267,33.8773617446423,0.400904476642609,0,0,750.009549826384,19.7717948555946,94.5295696854591,13.9565571546555,181.658510178328,192.089454770088,475.25457623601,40.2146036922932,607.332296609879,53.4950915575027,94.3762916624546,230.846316695213,4.05698585510254,0.409481465816498,6.88852161169052,0.430250763893127,214.075195103884,3.48872402310371,1.77678680419922,5.95469903945923,870.609725922346,4.53893461823463,6.85113513469696,5.09765729308128,998.772975564003,139.661865800619,2.4668350815773,1.4280641078949,22.5835289061069,1.2905524969101,144.613388210535,930.087617278099
16.2314757108688,2314.28699070215,6.79496967792511,8.86424398422241,11.5892207026482,27.6591744124889,106.068170547485,124.672815769911,828.697365969419,109.124758839607,3982.4398073256,197.90821313858,0,207.318076908588,6.8704007267952,148.68501535058,5.01814991235733,23.5422120690346,20.410358518362,21.7101311385632,36.3537285029888,2413.66991397738,37.02682107687,1748.19480571151,10720.2747339606,223.108245581388,2678.27192291617,128.726350516081,544.868944525719,30.237740367651,1424.66487580538,321.880589842796,0,1871.57522398233,12.0465811491013,865.867750138044,2251.34805968404,876.297307312489,50.3807371258736,33.989316791296,17.6051977276802,3046.98476946354,176.514158695936,2761.47296565771,91.1258275508881,57.1549894213676,1.21524012088776,0,1701.26133733988,0,286.983672142029,2.46584129333496,0.667454600334167,0,0,1.25651514530182,4.93591785430908,64.6708522737026,1.44002988934517,4831.43558424711,0.93138712644577,19005.4653055966,14.2253834307194,4.91581803560257,6.33270561695099,8.52110069990158,288.603987812996,145.296084940434,1.18610686063766,2.74427020549774,74.8883924484253,2.08633422851562,100.650073438883,2369.53423538804,1130.82938224077,5992.62724471092,1.33235591650009,58.8457298874855,3.35875990986824,2233.88047868013,30.5535718202591,0,326.520283073187,6.43465024232864
9632.32092884183,17.9185497462749,1525.34321598709,272.468510985374,1.35719180107117,619.266322135925,31042.2266219407,22758.4601762295,294.614256411791,3079.66304126382,2237.17696151137,1629.88691800833,207.318076908588,0,46.639163762331,15.9637445807457,2521.04921030998,276.246778666973,760.261295706034,294.125024825335,1781.22700896859,23.2214796841145,5592.46986484528,614.800170719624,86.3826601803303,1377.91129262745,379.237634778023,4060.58091920614,24266.4716227651,12142.0904548168,58.0125673115253,605.115196019411,37.6290191113949,1401.11701162159,104.438585937023,1778.10133263469,205.229864925146,773.356277525425,376.642998039722,389.707502752542,294.444113045931,316.386198282242,51.8367874622345,16.8263257443905,16.7820388376713,1.61798658967018,48.025816231966,2.09718358516693,26.8371196985245,0,0.839614748954773,0.460805207490921,11.5947625637054,0,0.797279059886932,1.10157942771912,0.335219532251358,73.6869930326939,2.64745765924454,5.23137000203133,1.48673510551453,83.9528599977493,1.20642268657684,4.0156038403511,21.0317228138447,0,0,1.22869980335236,1.21044963598251,5.54609522223473,0,12.078958272934,198.818317651749,8.51277726888657,0,24.5634500384331,73.3387829363346,8.67612525820732,8.8016842007637,2.81607848405838,1.34540259838104,0.959126472473145,13.0202749967575,5.54894298315048
3.96324178576469,9.19404822587967,43.8956892490387,1213.33915325999,4607.1949121356,2405.18593239784,421.314226508141,510.872034370899,1238.94457504153,405.762115508318,28.6934604048729,5372.36383205652,6.8704007267952,46.639163762331,0,50.9622076153755,49.1821348965168,11.0630747675896,13.9962698221207,498.181424558163,579.855936199427,42.2984344363213,480.016852974892,2655.39029046893,7.53034603595734,15.871810644865,67.7099916934967,1573.70515272021,106.554596930742,451.69970959425,0,438.367890298367,4.0088951587677,156.317740499973,1245.59530815482,455.624299049377,55.3591431379318,67.9638096094131,57.5573750436306,6013.96225425601,502.517702966928,7.32765531539917,147.516335785389,12.7930834889412,96.182335048914,43.5786298215389,825.138865858316,21.4226824343204,3.52939730882645,1.67526191473007,0,0.568499207496643,398.581918299198,12.0456018447876,29.5919522345066,10.3090023398399,49.3418157100677,66.9482915103436,50.2333744168282,6.20847010612488,77.0132196843624,4.5651273727417,21.3725439012051,177.429885536432,19.1105864048004,2.01616090536118,0,0.720151901245117,66.2611329257488,6.73844736814499,2.09591448307037,4.67879819869995,414.07103535533,0,5.27991318702698,13.7470290660858,519.882608324289,38.9152533113956,12.0027091801167,0,4.43369233608246,1.50698190927505,68.9111711978912,1016.96066761017
3.06065502762794,559.560632020235,56.431212246418,0.440638482570648,27.1717690229416,2.43587690591812,19.7438420653343,32.7844913303852,338.082777261734,1.75226294994354,64.4463633298874,0,148.68501535058,15.9637445807457,50.9622076153755,0,141.83938267827,23.5058005154133,54.750649958849,0,7283.52469718456,12064.6857584417,10441.9137891829,3948.8978548646,234.890638023615,61.7436018884182,12676.2685524523,4131.21970489621,8.55445086956024,99.3914697766304,33.3135910630226,19.9877186715603,2.47194021940231,490.780639737844,452.541324913502,5237.40596109629,1365.33862274885,1074.86339390278,1096.76034373045,11.8770416378975,86.1605250239372,58.0219048261642,550.104857474566,133.719316869974,146.749479651451,141.387951642275,102.457636326551,45.3721379935741,32.5133631825447,4.08785763382912,24.1645441055298,48.993492603302,14.913998156786,2.59717756509781,6.90648680925369,28.4814285635948,30.2043072581291,455.126549333334,1.2702362537384,14.2630181610584,11.0667710006237,396.872520208359,20.2625660896301,85.5130097866058,14731.1414085627,159.539470404387,3.87074682116508,10.6565752923489,6.96461841464043,1955.93952471018,1755.16072535515,4646.94547984004,1520.63173466921,0.513473629951477,11.0728287100792,1225.37960463762,979.159515798092,117.834697812796,407.585991382599,0,15.3150942027569,10.5813874602318,221.136921793222,112.68658208847
637.811675310135,5.63605177402496,12272.8328212798,15.9596483409405,4.95035418868065,35.4192145466805,265.001337349415,2127.35208302736,24.7905303835869,81.0734324753284,1662.80881139636,54.3391369581223,5.01814991235733,2521.04921030998,49.1821348965168,141.83938267827,0,559.050178557634,5970.39037930965,22.254599571228,1809.67305871844,52.2292469143867,16049.9867577851,84.2880017161369,2.00243192911148,16403.4808086753,21590.998231709,484.217536956072,3905.75741183758,3443.49419751763,11.7748623788357,27.136813223362,350.245169997215,13299.1963976324,313.033362418413,4617.22047328949,4112.30281803012,4555.60864236951,2101.98980244994,22.1128704845905,148.930794864893,12.6522861719131,136.478483378887,74.2842414081097,55.4329288005829,42.1287787854671,4.52484738826752,1.79198575019836,2.6441193819046,1.73641568422318,24.8572718501091,437.723321765661,0.710715889930725,0,0,8.36285337805748,1.95107665657997,9.1622588634491,0,6.60456985235214,1.09107303619385,34.1775108575821,0,0,202.333240151405,146.415738403797,11.2647480368614,89.3262642323971,0,36.9721425175667,31.7247729897499,318.980711907148,42.000536262989,0,165.683097273111,2389.05894878507,35.5230541527271,0.941564977169037,7.29744717478752,0,0,0,32.0473417937756,135.285674750805
27.7531299889088,11.9883151054382,407.205699712038,33.1344164907932,4.16860836744308,74.0918573737144,350.308292210102,153.197502881289,77.4003248810768,496.656429409981,11678.121563524,559.716422259808,23.5422120690346,276.246778666973,11.0630747675896,23.5058005154133,559.050178557634,0,8195.89652234316,87.9539422690868,287.941328436136,38.813334941864,990.501413464546,96.3252384066582,10.2213940024376,8577.91987961531,3866.18861868978,281.582252919674,446.619018733501,139.28448009491,236.159468650818,134.107573717833,14.2285086214542,2529.33622545004,184.044627606869,4894.15127721429,7901.82637792826,4497.85129842162,1861.91615134478,24.7626639902592,36.4759933650494,10.9286930859089,143.147790402174,690.410300940275,40.922503978014,42.9538155794144,2.71956932544708,0,58.9453086853027,0,41.0382995009422,35.1957472264767,0,0,0,0,0,9.46341007947922,0,284.624366134405,0,512.978461652994,3.02962291240692,5.51471883058548,10.8581379950047,34.4626971781254,214.908673971891,199.590354144573,0,0.910912215709686,6.86803713440895,14.8932820260525,4.8588490486145,66.219889909029,824.394547343254,1577.21339908242,0,4.67292773723602,0,328.145179718733,2.07481324672699,0,9.91471809148788,161.381914228201
178.978871375322,33.6869186460972,2095.70219758153,12.5998359918594,4.88283237814903,33.8306323587894,207.530586063862,661.471947461367,47.5227342844009,181.602483510971,3264.38064527512,161.894172608852,20.410358518362,760.261295706034,13.9962698221207,54.750649958849,5970.39037930965,8195.89652234316,0,40.4136625826359,882.239287853241,69.1099208891392,3703.6672102809,81.1628889143467,0.92643016576767,10659.449674964,13015.0178910047,242.193700402975,1137.18258984387,430.58692869544,62.2896749377251,14.387170791626,113.232170194387,6212.13520476222,241.240318179131,7176.17204341292,5244.04884234071,4357.13227045536,2412.84102186561,22.6775138676167,70.7239687144756,4.65988972783089,359.023113191128,612.147788971663,99.4077617824078,142.030298024416,3.06834918260574,1.82367151975632,8.2441263794899,0.447133392095566,88.5220285058022,210.029465585947,0,0,0,0,0,12.2073642611504,0,120.330585360527,0,170.682878106833,0,5.24591952562332,59.5550037622452,170.118381381035,240.810604095459,622.619294255972,0,9.79845431447029,26.3338639438152,75.1998951137066,9.9203234910965,47.392481803894,1278.11331564188,3057.0199161768,1.80806684494019,0.637736141681671,1.55797576904297,163.331453055143,0,0.433709919452667,30.5687193274498,257.259961307049
13.174522459507,0,19.6241284310818,19755.3531585634,41.7748238444328,605.54482793808,204.333480834961,905.812545388937,1858.03090816736,8747.31544527411,395.705121725798,17969.4422275722,21.7101311385632,294.125024825335,498.181424558163,0,22.254599571228,87.9539422690868,40.4136625826359,0,2.84131225943565,2.05526199936867,13.4848245978355,961.536610215902,4.11542430520058,45.6428661644459,35.0433481931686,7865.43762207031,372.460452973843,35.1279395520687,10.9330967068672,134.538020968437,0,439.633148878813,317.497613579035,1814.97863668203,28.5240013301373,328.819697886705,119.388536781073,795.050224900246,269.735588759184,70.1719390451908,369.863220065832,4.60343334078789,183.727180421352,45.8326256275177,883.676605820656,78.9794647991657,7.85384500026703,1.57884731888771,0,0.671204626560211,953.987340509892,10.3415689170361,33.6410927176476,20.5197717547417,117.210934638977,354.548986852169,106.111681312323,13.6734617948532,77.6148760020733,18.3842516839504,27.5109465420246,160.123650640249,4.4658687710762,2.87575602531433,0,0,125.705231755972,3.0301399230957,1.91449943184853,1.62912836670876,1369.13534733653,1.1184062063694,0,0.537256479263306,1617.50568285584,105.204489022493,3.73037707805634,0,6.53614780306816,3.13767644762993,152.678644627333,26.417829066515
456.49044880271,113.721434950829,2348.37775120139,0.832161784172058,177.534413576126,38.2994584739208,477.769021242857,1704.77300798893,117.882540225983,13.7734097242355,870.242276996374,9.49339285492897,36.3537285029888,1781.22700896859,579.855936199427,7283.52469718456,1809.67305871844,287.941328436136,882.239287853241,2.84131225943565,0,1575.0779325366,53433.6140511632,615.124942272902,38.0557322502136,710.405295550823,1714.84577545524,9145.7456484437,1326.03918994963,30078.9412328601,14.3900178074837,51.7958414852619,163.101321876049,17329.7999340594,4368.60350626707,21217.5566246212,1969.60751137137,19097.5477084816,7624.48039957881,60.5551838576794,592.317569702864,77.1329582631588,556.433320879936,95.2559840977192,145.094168961048,107.385058522224,115.20172944665,58.7496422827244,84.4901762604713,5.13193994760513,3.92771610617638,45.6261471509933,15.2618834972382,6.26232552528381,6.38700717687607,22.2257971167564,44.2445403039455,337.050168842077,2.50360929965973,12.4330706894398,13.0943168997765,432.82743164897,24.4957995116711,88.9735732078552,3759.95227146149,81.3926536142826,0.96471381187439,7.60252848267555,0.828422248363495,1350.1820666194,439.613673299551,965.467534422874,1342.45785403252,2.12421622872353,4.97015354037285,182.11661028862,907.0294534266,154.081724196672,435.829640299082,0,20.3415849208832,14.5045634508133,299.338669627905,407.580247461796
3.89458221197128,4768.7493032217,41.2083249092102,3.56950119137764,4.64091849327087,1.16820818185806,31.7263654172421,16.2088616788387,8233.90223607421,2.8522784113884,355.506427943707,1.18244624137878,2413.66991397738,23.2214796841145,42.2984344363213,12064.6857584417,52.2292469143867,38.813334941864,69.1099208891392,2.05526199936867,1575.0779325366,0,1336.59123140574,26595.7123433053,2458.74720168114,239.742981702089,18152.845228821,2143.51431402564,54.8250791430473,38.6277472376823,471.157468080521,27.3848704099655,7.30696171522141,294.872147828341,43.6631835699081,644.209454536438,235.621064394712,175.683711707592,89.6391901373863,26.204564332962,7.57476603984833,386.008300185204,257.732561290264,165.5838149786,64.7327301502228,68.2729604840279,27.743512570858,1.04580813646317,110.741589426994,0.944307148456573,142.628537356853,47.6525757610798,16.3229736089706,4.98105019330978,1.04655086994171,6.95725908875465,3.26858854293823,372.435095489025,0.569036841392517,73.6932651400566,3.99979197978973,275.850842028856,4.67905920743942,50.7298862338066,4311.36575701833,54.4008717536926,15.5396629273891,69.1572031378746,2.27559006214142,386.256523311138,1085.40184739232,749.795484781265,1028.69128343463,35.5668549239635,126.392060548067,1732.15352314711,362.04086253047,33.3553356826305,58.1371166706085,15.0609260201454,3.25062620639801,2.19413709640503,46.3454995751381,25.3052337169647
1336.03624019027,77.1875950694084,42655.8315825462,17.4205210804939,317.768301665783,157.118986546993,1902.0431522727,6892.34344309568,159.394123107195,86.258905351162,2269.11828845739,28.8938930034637,37.02682107687,5592.46986484528,480.016852974892,10441.9137891829,16049.9867577851,990.501413464546,3703.6672102809,13.4848245978355,53433.6140511632,1336.59123140574,0,1113.66868820786,38.9231242835522,13408.7641989589,33105.5803747475,12781.8036947548,5016.10372641683,16149.7807383537,38.1287332177162,106.320214524865,364.002299636602,19716.5931321979,6054.59038484097,54635.5259972811,16400.9200110734,31364.8664763272,23408.1214649975,208.063175469637,853.437621533871,105.42981800437,627.627658188343,159.049532949924,200.112429708242,254.600398153067,97.8375976681709,45.437098890543,60.0785180032253,0.906988859176636,25.7452875971794,330.340741574764,12.942646086216,4.47676026821136,7.71081760525703,52.5795021951199,45.210050702095,235.130949884653,0.694912195205688,9.29818350076675,11.4103469848633,668.297952532768,27.1900888979435,53.5661116242409,12381.8113520145,195.975277602673,5.38959118723869,47.610969543457,4.55304551124573,1648.58160728216,815.947023481131,6079.45733994246,985.842650055885,0.654577434062958,71.0901234447956,3312.28171789646,787.97118678689,71.4617713391781,288.955193191767,1.35214284062386,18.9767637848854,6.96187165379524,266.219153642654,1133.62212461233
55.4257795512676,3790.46968862414,106.984680712223,3800.01154077053,142.711617946625,358.418250203133,9328.2821059227,668.99771219492,36535.4089280367,695.284334212542,421.033193409443,1748.66282787919,1748.19480571151,614.800170719624,2655.39029046893,3948.8978548646,84.2880017161369,96.3252384066582,81.1628889143467,961.536610215902,615.124942272902,26595.7123433053,1113.66868820786,0,2039.65161499381,186.094112128019,8768.09823599458,19559.6881853938,2727.5428019464,489.843290299177,382.247940033674,119.376248449087,487.134813606739,1908.91229960322,2249.54142636061,7762.90192842484,671.20819696784,1817.0727609992,571.722270339727,1770.87668204308,557.007113575935,226.618430435658,4490.86123940349,229.352402865887,1641.96063530445,544.636393219233,2403.72708597779,457.656575292349,80.2867360711098,26.7654264271259,26.8827379345894,62.1781728565693,1547.22722026706,12.1597470641136,96.0534439384937,115.326159507036,579.549284368753,4002.76726478338,168.365538209677,149.18483582139,127.775486916304,332.944137424231,336.296658933163,398.565528571606,2964.96553710103,50.6104942858219,5.73979595303535,17.3676260709763,199.75683054328,913.719158530235,1033.32744476199,751.452043443918,10993.2965174019,9.05242323875427,20.601007014513,304.341549515724,6100.41986221075,1578.55191379786,517.960546821356,0,93.3190773427486,67.0017078220844,1293.58249372244,319.636878818274
5.22555777430534,2854.77127760649,2.79960799217224,3.50486552715302,2.49269568920135,12.9577968716621,32.2500275671482,49.5818874835968,1035.7282139957,31.036318063736,1804.22327044606,41.9891271591187,10720.2747339606,86.3826601803303,7.53034603595734,234.890638023615,2.00243192911148,10.2213940024376,0.92643016576767,4.11542430520058,38.0557322502136,2458.74720168114,38.9231242835522,2039.65161499381,0,68.1622338891029,1877.56336867809,130.749618113041,195.678020358086,15.8898512125015,400.204927295446,160.58791077137,0,2839.78667345643,2.14355731010437,104.941223144531,107.055910229683,406.849488556385,8.01931262016296,32.7675049304962,34.0542677044868,1363.21862673759,117.378988265991,305.666454285383,46.9056704938412,26.7186325788498,3.84656262397766,0,279.907387077808,0,71.2316972315311,3.54449135065079,0,0,0,0,1.65851753950119,24.430955529213,1.63097250461578,349.531985878944,0.51190173625946,1312.59892711043,1.27284967899323,3.79205107688904,6.5785861313343,1.89989393949509,169.262583702803,126.744008004665,0,1.65758192539215,19.3908991217613,2.94231736660004,42.7591732442379,209.564097583294,513.354380637407,1694.21679952741,5.08136475086212,17.1983515024185,0.759342610836029,74.9785878062248,4.09013238549232,0,80.7137701511383,1.84520947933197
334.631426274776,121.347578018904,32891.5628358722,27.7950274050236,2.87864392995834,73.356053173542,393.890363514423,1582.10405734181,158.168293118477,289.852711200714,3291.40174007416,307.75735014677,223.108245581388,1377.91129262745,15.871810644865,61.7436018884182,16403.4808086753,8577.91987961531,10659.449674964,45.6428661644459,710.405295550823,239.742981702089,13408.7641989589,186.094112128019,68.1622338891029,0,67623.4424437582,451.845943301916,1125.6199041903,797.920910328627,1259.25571447611,114.050404876471,45.2301097810268,2358.39678141475,345.197851270437,11790.1728364229,16966.7665227354,4349.73173183203,3033.42706632614,44.2875895500183,92.9921285510063,34.1835670769215,2007.82787379622,3956.66811949015,544.195131540298,631.60139298439,7.54629874229431,5.62594050168991,304.72632715106,0,445.708571135998,1406.58524399996,0,0,0,10.7365887463093,2.10063886642456,27.6441407203674,0.725093722343445,1586.34514719248,0.607537865638733,3539.55415144563,5.85098171234131,8.27455639839172,115.451982051134,1037.19854918122,1431.93443036079,2624.18099677563,0,35.6466276347637,116.869839727879,201.815460681915,73.5561757981777,441.606616854668,7080.79618024826,17940.6923162639,34.6319620609283,20.4879664182663,12.3691827058792,1994.56457650661,3.69568890333176,0.380675584077835,212.226774513721,301.59428063035
89.0755859613419,5373.20627227426,27456.492808342,11.0707230269909,22.2044430673122,41.2770227789879,297.015584737062,444.991401284933,6821.36904764175,161.227710574865,2980.17934942245,121.202956050634,2678.27192291617,379.237634778023,67.7099916934967,12676.2685524523,21590.998231709,3866.18861868978,13015.0178910047,35.0433481931686,1714.84577545524,18152.845228821,33105.5803747475,8768.09823599458,1877.56336867809,67623.4424437582,0,1723.81782501936,362.616972208023,484.59680351615,1818.95947441459,21.1470117866993,30.5291265547276,10010.7383700758,1586.54080685973,45160.3643928766,19639.8585575223,17693.3174180388,14492.437068671,115.852327346802,182.537843376398,16.4434657096863,10117.6195521355,6601.08053714037,2650.80909433961,3184.12518531084,61.2626574933529,39.5500614643097,110.169028639793,13.5451621413231,6303.00994294882,9024.23967510462,2.7573613524437,0,5.69303074479103,340.143903762102,124.595692753792,150.262428402901,1.61682468652725,1056.45861151814,1.94455260038376,2649.42270204425,102.220856934786,30.2584318816662,13692.8005238771,5478.48030808568,3480.40547522902,10168.9232278764,2.23170834779739,1060.5524866879,2926.90932399035,14229.4012984931,1845.19916909933,1022.08680850267,20732.7145522535,125057.356840223,1883.82044890523,35.7249789237976,125.938228368759,1381.79815676808,4.44277489185333,5.8637410402298,812.73239710927,1323.35730141401
317.543017864227,189.089492201805,1064.15872502327,8039.30331203341,123.541418343782,4165.27858105302,120982.95788461,6691.72774660587,10438.529256016,16662.3607986271,1142.89089083672,3562.583676368,128.726350516081,4060.58091920614,1573.70515272021,4131.21970489621,484.217536956072,281.582252919674,242.193700402975,7865.43762207031,9145.7456484437,2143.51431402564,12781.8036947548,19559.6881853938,130.749618113041,451.845943301916,1723.81782501936,0,5624.15645106137,22328.5191361308,44.7115732133389,325.045742154121,581.825903594494,5573.56825768948,5486.1278141439,19300.8058343232,1183.58866876364,6536.82460662723,2173.66459095478,1724.4414010942,1851.09966430068,269.077575445175,4113.85281413794,190.610489815474,1490.17326122522,430.082321733236,2787.77259415388,463.267643511295,116.529488503933,16.1621200144291,3.86253690719604,65.1205776333809,2031.09215629101,24.2148041725159,120.645149707794,127.435544729233,457.089846998453,2181.45884346962,203.5335521698,51.4027207493782,171.154202789068,506.197395712137,192.166989922523,403.518916875124,2885.0698697269,60.9918240308762,0,1.30264273285866,271.357553571463,1039.46762266755,492.425062596798,814.118105560541,8817.5200894475,2.85085988044739,5.91313517093658,254.092697888613,6349.66741666198,1237.00343197584,800.708002656698,0,60.2244679331779,80.8517477810383,1286.86230006814,451.163847476244
3478.34606948495,38.8824394643307,836.136700063944,471.98497711122,3.62808293104172,428.576283305883,4184.40784531832,2801.89732274413,1389.66208215058,1995.497253865,5824.12553972006,1650.85000538826,544.868944525719,24266.4716227651,106.554596930742,8.55445086956024,3905.75741183758,446.619018733501,1137.18258984387,372.460452973843,1326.03918994963,54.8250791430473,5016.10372641683,2727.5428019464,195.678020358086,1125.6199041903,362.616972208023,5624.15645106137,0,15028.8555963039,131.471016407013,263.160843700171,5317.02128651738,10138.2620418072,228.988322377205,1635.81540071964,232.610010415316,1553.72957614064,370.381668388844,355.644428580999,552.235407531261,631.923618614674,180.359046220779,34.8485404849052,70.012724429369,11.0521149635315,95.3721459507942,9.87287846207619,76.7265059053898,0.416287928819656,5.80721661448479,2.2246461212635,53.651972413063,0,4.38192114233971,5.468331605196,8.50543132424355,167.665345013142,5.07373484969139,36.0780311226845,2.15238773822784,156.2170355618,0.905756831169128,7.54645678400993,39.760725826025,0,0,1.58749425411224,5.44228726625443,14.0182643830776,7.43501758575439,6.69461223483086,562.122184872627,35.2165550589561,1.31256401538849,48.5045025646687,334.76382997632,37.7679905593395,17.4357792437077,3.64035704731941,0,2.55802309513092,54.2568955123425,16.5536036491394
5382.14087960124,1.60130006074905,960.661495506763,27.2330230474472,49.3642810583115,93.4466648995876,6742.81114888191,7254.74813044071,426.470456600189,124.633555024862,550.479715287685,94.0399247407913,30.237740367651,12142.0904548168,451.69970959425,99.3914697766304,3443.49419751763,139.28448009491,430.58692869544,35.1279395520687,30078.9412328601,38.6277472376823,16149.7807383537,489.843290299177,15.8898512125015,797.920910328627,484.59680351615,22328.5191361308,15028.8555963039,0,15.1595372259617,106.21823066473,2811.83122631907,10089.7550753057,3918.3147650063,12795.6963091493,693.322977095842,7753.50834178925,1789.32701924443,126.437100410461,995.341508090496,85.4137275218964,1016.99328792095,53.9369914233685,279.882211148739,126.518632352352,311.837622851133,81.2351931631565,39.6812520325184,7.92884409427643,1.2630707025528,15.1190869510174,8.48503661155701,0,4.82701525092125,15.5168845057487,36.4341393709183,227.032859325409,0,10.3691972494125,1.98946511745453,228.162440627813,26.9948750436306,30.7424492239952,671.143205314875,27.4918530881405,0,2.4062448143959,0.471502929925919,404.661674410105,92.6861644387245,156.749770402908,1334.3886269629,0,2.04389357566833,34.3105814754963,939.51145157218,229.838727980852,242.449873059988,0,9.62832763791084,19.3005832433701,324.018622428179,354.933622121811
