0,45.4333708882332,546.641313374043,125.564656168222,5.82560253143311,497.603935241699,10890.4595076442,2679.46887055039,1052.91422340274,2330.57170045376,63.3876134753227,157.924679905176,9.31392860412598,12616.5212040842,28.4489990770817,7.05395799875259,1015.89090937376,58.2317937612534,204.494980454445,368.426410228014,1314.85565468669,181.137383908033,3678.43877953291,1193.32808226347,6.39674481749535,221.021623641253,610.335483044386,5263.63221690059,10389.8642692864,21764.7045683563,4.06011462211609,10.5503684878349,76.2040703296661,1039.28206762671,27.7221008241177,1573.90984559059,246.695430189371,961.372863590717,225.973633676767,154.37945869565,8.16889256238937,39.4593806266785,520.863604187965,10.8607839047909,126.56897726655,22.3668818175793,110.657445043325,24.7519665658474,0,22.3095812499523,1.06487387418747,27.1849839687347,28.5739921033382,0,21.5437567532063,364.592523723841,26.7203757762909,318.671947896481,46.8954892158508,18.2994053661823,14.5280398726463,2.37915182113647,60.5618535280228,35.9872561097145,57.9447341561317,7.45011341571808,0,0,45.8717511594296,25.7806375026703,46.0176939070225,75.7236857265234,1710.98677915335,0.542617201805115,3.54859483242035,184.658427506685,744.900497078896,90.2183383703232,240.310600996017,0,0,19.0252302289009,53.2888376414776,5.14964354038239
45.4333708882332,0,855.736346721649,8.82810074090958,1.34973096847534,8.01549264788628,13.0410299897194,37.8277690410614,969.425345033407,14.9808910191059,796.638223677874,11.5133475065231,1350.10252675414,101.115176677704,9.24056363105774,1255.49679198861,182.396989166737,14.1875759959221,29.5707270503044,3.11014610528946,368.514170438051,2605.13272058964,1386.45643532276,1582.93965491652,2610.87635308504,490.127534747124,22173.2133332193,220.116206854582,63.2427813112736,143.687978535891,7.54526010155678,15.1725954711437,0.317032545804977,708.495965391397,39.8831411004066,390.858090609312,280.01027649641,537.122915834188,249.304501146078,29.6693551540375,4.53995284438133,350.159162253141,234.554649084806,88.403880238533,136.603781342506,131.267061054707,4.36794662475586,4.73946446180344,20.8880022168159,0.810193419456482,761.378907114267,57.9172230362892,0,1.55097696185112,1.65249314904213,3.29348188638687,3.40573754906654,6.8209293782711,0.55660343170166,27.5292761921883,3.63660395145416,98.3797551393509,7.11256435513496,1.77814382314682,36.5812958776951,152.325339049101,20.1940806210041,127.709780037403,0.344172239303589,11.5326201915741,22.2762786149979,108.728119790554,10.3656452596188,65.8734814524651,840.494561553001,2859.6774559319,4.10140883922577,2.16866692900658,13.7441974282265,17.6360856890678,0,0,60.6738670766354,20.2460735440254
546.641313374043,855.736346721649,0,0.971053034067154,5.27525556087494,24.6595790088177,75.1879998743534,252.734190791845,20.8392416238785,58.5090906918049,335.952823072672,45.504970908165,52.4639147222042,807.39659884572,14.8889699578285,61.4496911466122,30097.2538201213,257.043471127748,873.097565740347,13.9504529237747,1303.94951984286,174.996331036091,38114.5036227107,40.8218001127243,134.672633200884,10054.798931092,46508.9553381503,114.932868897915,564.153622746468,841.422588050365,18.4555972218513,12.5930718779564,15.534383893013,6155.91423255205,270.682363122702,4666.622502774,2392.97486573458,10890.0668910742,3629.68345460296,80.6836149990559,44.9140328764915,45.3601791858673,720.653897106647,173.637882649899,623.495634675026,442.687244981527,11.22879332304,20.6388114690781,1.29902018606663,4.18030574917793,241.967541068792,629.923362523317,0,2.10340845584869,1.17836546897888,22.0350597798824,5.7358472943306,17.9816955626011,0,45.5976034402847,0.482972085475922,5.3673774600029,14.6111572086811,5.16392529010773,107.000618606806,1668.8785302043,80.340623497963,765.988959848881,0,27.4640266299248,133.380384802818,948.073288202286,11.9225767254829,15.8728834688663,2646.00683112442,12039.6220151335,8.64836061000824,9.13689076900482,64.3758642673492,4.44624008238316,1.16204777359962,3.34083771705627,321.139437317848,62.9698368906975
125.564656168222,8.82810074090958,0.971053034067154,0,13.9725920557976,182.797097355127,284.223656922579,221.834160625935,2587.15208485723,9674.64825108647,14.8805335462093,2974.64233511686,5.09071105718613,223.231889158487,827.943686336279,0,2.92714303731918,4.53905242681503,9.18422654271126,35781.5200246871,1.18636813759804,39.9768054783344,2.70617711544037,4475.33524748683,0.856005489826202,3.43990781903267,4.03190478682518,16632.9320394993,90.6561177074909,29.6432269513607,2.0393243432045,7.12965732812881,0.848878443241119,56.7517548799515,8.91078054904938,420.101643264294,2.89029482007027,156.321595281363,58.8587064743042,876.385873407125,13.7863672375679,25.5965528190136,197.158789634705,0.676516711711884,42.2627675533295,4.28443259000778,374.256266742945,13.1594336926937,0,12.8271111249924,0,1.91264736652374,1017.258641541,1.19366404414177,111.596345484257,463.25368732214,89.6360719203949,450.874153375626,681.080643594265,12.1244455575943,979.912534922361,0,99.0861473083496,115.951276689768,3.55785125494003,0,0.29566016793251,0,1028.9529479444,1.22517776489258,3.53373545408249,9.56737598776817,1551.77853518724,0,0,3.43473309278488,1830.01074153185,47.395317196846,16.1785498559475,0,0.695949792861938,3.93946877121925,32.226488918066,0.453985154628754
5.82560253143311,1.34973096847534,5.27525556087494,13.9725920557976,0,4723.11495476961,76.1259599924088,1609.69343146682,124.978189408779,84.3720854520798,0,215.495055377483,0,45.8468905687332,1521.44989463687,43.6273379921913,4.19673958420753,0.635976016521454,0.466804981231689,19.3373074531555,199.233080089092,12.9081743359566,545.113257527351,54.8888918757439,0.99100524187088,8.85465615987778,65.9087523519993,174.120978981256,328.399857580662,45.5051842927933,0.440035790205002,721.408495903015,0.535762131214142,1809.60554093122,478.983033180237,1535.34516459703,39.095515370369,110.714174747467,208.600767374039,23225.0687440336,4067.0582793951,18.7057490348816,29.2455698251724,51.9873892664909,21.7193169593811,102.852707624435,19.8170304298401,5.6796618103981,0,0,5.44328850507736,20.5625663995743,7.6570228934288,0,3.90900671482086,7.76676154136658,0.557125091552734,6.58485594391823,3.86825305223465,14.2450168728828,9.86052685976028,0,5.31324088573456,2.31770330667496,5.94384741783142,7.94109982252121,12.7110189795494,33.3109660148621,13.2033278942108,9.00646188855171,5.44542193412781,59.4950644373894,23.0840359926224,0,21.1442492008209,86.1994834840298,16.048532307148,4.00069546699524,11.4306063055992,0,0,0.861487209796906,3.03020966053009,837.024352610111
497.603935241699,8.01549264788628,24.6595790088177,182.797097355127,4723.11495476961,0,12098.3569663018,20010.0440466702,575.314819514751,15526.1548771262,88.9363223016262,9655.17950254679,46.0245933830738,4621.17165413499,3015.71624827385,2.81501269340515,36.9296723008156,70.5066714286804,56.7552061975002,471.982437819242,28.3462691605091,46.2823218107224,90.0042808651924,757.699003756046,7.99079495668411,59.4837428629398,44.7470788061619,2623.15143969655,1102.25613862276,305.033533900976,24.1716807484627,2042.58189985156,2.30050641298294,240.123547703028,6521.30259042978,4137.81018054485,42.6143434345722,646.545735627413,286.158937573433,15519.098775357,1839.71701326966,339.638810366392,193.608555674553,9.19132351875305,21.5563225150108,16.7492205500603,139.323012173176,5.23740580677986,0.938279271125793,7.27612382173538,0,4.0878250002861,96.8031187653542,6.35394084453583,28.6837353408337,136.687872439623,18.2159269452095,122.053884983063,71.3251023888588,72.6607193946838,114.879699289799,0.535292208194733,24.3922612965107,52.4259234070778,15.1037945151329,1.25818121433258,0,0.724110960960388,134.795995920897,10.3054789602757,15.2382202148438,28.0980729758739,591.778952330351,0,2.48667538166046,13.1901365220547,286.895287275314,17.5330421924591,42.6644080579281,0,0,0,15.8850159049034,606.375027984381
10890.4595076442,13.0410299897194,75.1879998743534,284.223656922579,76.1259599924088,12098.3569663018,0,10745.3034462631,711.443405091763,35850.4444977641,152.926211953163,1007.4231467247,89.5168848335743,38547.3904790282,282.570270299911,12.367605984211,39.6495617628098,156.270781755447,154.497054904699,338.696285218,191.767362624407,64.3482686579227,513.781568676233,5191.57882261276,8.58152535557747,104.104587092996,145.989709824324,58684.851675272,2657.48550897837,24502.0966359377,32.3968568444252,165.183139234781,39.1787920296192,856.908551365137,218.370143771172,4901.9143357873,78.1687576174736,1963.48615667224,818.299515455961,1585.16922679543,176.924483865499,267.660268306732,474.545175433159,0.946947306394577,64.689349681139,14.9904330670834,164.239389240742,22.2616106569767,1.87572050094604,18.1246863305569,1.53986465930939,4.12668851017952,159.110489994287,0.420678108930588,46.7417224049568,364.534093081951,39.8679049015045,204.23207834363,157.686057716608,74.7804592847824,58.7329390645027,0,65.4695851206779,32.6565114557743,14.8720565140247,0.481751531362534,0,0,181.243773043156,4.59804159402847,13.8180122673512,33.5504126250744,1287.51732209325,1.41123294830322,0.780192643404007,21.4576235115528,929.878222614527,77.2242729365826,42.0629852414131,0,0,11.0661646127701,37.1492112278938,14.1373714208603
2679.46887055039,37.8277690410614,252.734190791845,221.834160625935,1609.69343146682,20010.0440466702,10745.3034462631,0,932.028285592794,11975.1144865453,202.102642685175,5500.63462677598,123.82623809576,29872.8377885669,306.846797138453,6.88048323988914,320.92703089118,205.014576345682,158.322456121445,809.478785067797,483.545112833381,149.706590265036,1704.22157618403,968.513443738222,20.0306974649429,162.740586340427,314.823871254921,4473.7947550267,1957.45872563124,4331.16862878203,74.7821777164936,8691.86128434539,34.3748056590557,769.625987708569,120.77769702673,3815.17491272092,154.424492388964,1114.27614788711,355.771018177271,3700.49233055115,675.655791521072,650.714730739594,346.036760509014,7.51218274235725,70.8939202129841,10.9931121766567,104.620802342892,1.66451013088226,1.26789176464081,15.2341107726097,1.2765474319458,7.5867235660553,34.0884657800198,1.64956510066986,21.017138004303,365.588739782572,4.63735795021057,299.68414658308,14.9015634059906,84.853937536478,44.9814523160458,2.63807773590088,15.8062010705471,28.4401978254318,20.9919721186161,0,2.97967064380646,0.250158876180649,80.7181005179882,10.8407806754112,30.955135256052,23.0544882416725,2011.19972813129,2.14210969209671,1.67938396334648,42.6434318721294,625.415361791849,57.5040921568871,86.4439680278301,0,0,14.4136061966419,23.4545522928238,18.6919329166412
1052.91422340274,969.425345033407,20.8392416238785,2587.15208485723,124.978189408779,575.314819514751,711.443405091763,932.028285592794,0,2073.48342853785,108.694508165121,3074.00953546166,70.8868968188763,1290.88680550456,2280.39300441742,353.114411234856,36.2703348994255,70.2380704879761,60.9794339537621,1453.37953814864,468.229121685028,12255.2941853702,163.024747014046,29822.8922307491,187.362738341093,48.3238845467567,264.986239999533,5408.84310793877,973.187944918871,1910.68005824089,15.9255569279194,54.4071541726589,36.0176944434643,255.290697842836,74.3680039346218,2179.72412988544,44.9863050878048,469.687951594591,176.464108288288,3865.86177524924,58.2314811050892,133.241181015968,415.27434450388,6.99948379397392,76.3947651982307,13.8919139504433,378.781750559807,30.4650479257107,4.46447819471359,17.7066103816032,1.51177576184273,55.3316974043846,781.155435353518,5.1346874833107,89.3714676499367,555.414820790291,133.32193467021,2845.73703151941,403.341606557369,63.6818491518497,400.809558719397,0,129.000851213932,158.474134296179,263.443336039782,7.95395562052727,3.221111536026,10.3260239064693,508.710837304592,143.802937030792,271.086270153522,228.382293969393,4286.18970367312,0,13.4124096930027,103.977386087179,2225.26525896788,181.622569322586,142.697073668242,0,4.74791595339775,15.775134652853,40.2300037443638,25.6872624158859
2330.57170045376,14.9808910191059,58.5090906918049,9674.64825108647,84.3720854520798,15526.1548771262,35850.4444977641,11975.1144865453,2073.48342853785,0,273.975944012403,14979.9563041478,109.415304690599,12026.7894508094,705.310419380665,1.1706839799881,43.884590446949,217.777670651674,203.655922085047,21661.4433095455,19.5644000768661,38.8919241428375,38.3777792155743,2296.04370653629,10.3191822171211,114.310480713844,55.903429299593,9531.92758452892,1225.45198830962,361.561379626393,48.3363429307938,192.826456725597,4.13515582680702,1012.87346798182,865.26645937562,4743.35499554873,90.9658797681332,2000.81596538424,723.897517591715,1890.02839463949,152.725802093744,396.271023720503,521.225379168987,2.84180453419685,77.1681213080883,17.3084390461445,654.162313133478,12.7386590838432,1.06052884459496,32.1027537584305,0.714011251926422,0,964.528779506683,5.61185467243195,133.872817009687,877.827733755112,53.6145260334015,598.56842237711,784.498907893896,94.9929227232933,654.985717564821,0,127.144537597895,185.563555330038,5.40418568253517,0.771649420261383,0,1.52332437038422,1280.61835357547,5.72789430618286,6.74507021903992,15.5966878831387,2623.52573686838,0,0,3.74954673647881,2708.51803895831,61.8806929886341,63.7458211183548,0,0,13.2182123661041,66.3819709420204,79.7490936815739
63.3876134753227,796.638223677874,335.952823072672,14.8805335462093,0,88.9363223016262,152.926211953163,202.102642685175,108.694508165121,273.975944012403,0,249.869732946157,19387.0202422738,1515.71033009887,9.37152644991875,130.602329641581,1515.50306594372,18456.3466162384,5201.49967190623,62.5632899701595,153.144910752773,118.659976571798,564.571515411139,96.2037995755672,5982.89866104722,5603.11000075936,2443.82353174686,130.718629971147,1173.65392231941,128.955794423819,3736.91924056411,583.616363406181,23.510902017355,10436.8914958537,42.4818273186684,1042.56077697873,2492.40430748463,2726.26967045665,502.202010661364,69.5078384876251,15.0899419188499,1630.3919081986,22.9864588081837,481.964088469744,15.4033131897449,15.5798442065716,3.00609138607979,1.79221606254578,163.942287862301,0,107.557585179806,10.4491103887558,0,0,0,0,0,18.5167756676674,0,1053.22129836679,0,2268.45457983017,2.34084218740463,0.663075566291809,3.02723929286003,13.4048832654953,10.000797778368,19.1082497835159,0,0,11.1293006539345,18.2171292901039,15.383890748024,340.343686312437,476.98993241787,1462.07909762859,0.781545519828796,2.4643343091011,0,185.722849547863,3.84772729873657,0,12.9434666335583,5.76344829797745
157.924679905176,11.5133475065231,45.504970908165,2974.64233511686,215.495055377483,9655.17950254679,1007.4231467247,5500.63462677598,3074.00953546166,14979.9563041478,249.869732946157,0,130.650006562471,2123.81296497583,2454.92967772484,1.2925568819046,39.3805381655693,241.527492105961,196.731212407351,17484.2766859084,9.70404580235481,69.1775169670582,47.6067327558994,1540.45292446017,11.4689728915691,151.021366983652,81.7024450004101,1161.67066666484,261.447078496218,94.7487656474113,79.0903425812721,139.754373192787,3.62131184339523,467.857086360455,4380.51647737622,2317.21209558845,59.2847349643707,1108.45322701335,274.299214065075,3686.41255757213,79.4294524490833,313.552487105131,285.608752191067,13.2413001060486,60.3176426589489,23.7650971412659,1000.3724013865,21.9770525097847,1.10868155956268,15.1265778243542,0,2.53505891561508,985.923490047455,9.27981692552567,136.467696845531,351.007398366928,127.946207433939,236.803526431322,438.157789260149,128.501604765654,995.118210464716,0.820544719696045,89.4239255189896,250.274481743574,13.3591261506081,0.454789787530899,0.808055877685547,0,1128.40931859612,9.13020840287209,3.99205157160759,34.2756821513176,1192.22420680523,0.661374390125275,2.29862868785858,9.24666866660118,1331.80196797848,76.30341142416,77.771937340498,0,0,7.34449264407158,33.5833458602428,678.175839990377
9.31392860412598,1350.10252675414,52.4639147222042,5.09071105718613,0,46.0245933830738,89.5168848335743,123.82623809576,70.8868968188763,109.415304690599,19387.0202422738,130.650006562471,0,690.098905354738,2.65615195035934,143.052459269762,41.4600647091866,199.992418378592,14.8893893957138,33.252689987421,54.917016595602,99.4084205627441,182.241467505693,53.827258259058,10503.767804563,466.518434330821,2712.149117589,69.2434457838535,586.417744785547,26.080231398344,1270.93245828152,330.455867737532,17.0523928105831,2538.15245702863,13.1834759414196,340.824575603008,3587.66432750225,1092.86029747128,88.808945953846,34.5042791962624,4.84607371687889,6864.03495374322,31.4527291357517,2836.37274897099,27.4510697722435,19.3992023468018,0,3.11701756715775,1165.52301323414,0,519.626549720764,9.15496212244034,0,0,0,0.402054727077484,3.8156858086586,23.2263624668121,0,6961.70830392838,0.395119994878769,15162.4122404158,2.69337296485901,0.360849440097809,0,16.3219304382801,33.2588307708502,12.9009262919426,0,0,98.5761865377426,5.0659573674202,0.538616836071014,2181.8396820128,3560.06809544563,9863.0046082437,0,12.8323464989662,0,1974.35073846579,10.9178530573845,0,24.9951238632202,1.73758208751678
12616.5212040842,101.115176677704,807.39659884572,223.231889158487,45.8468905687332,4621.17165413499,38547.3904790282,29872.8377885669,1290.88680550456,12026.7894508094,1515.71033009887,2123.81296497583,690.098905354738,0,223.469344854355,6.09037303924561,1170.06918442249,1334.30638793111,1278.91116780043,751.778212696314,1443.76171199977,237.307070672512,4347.41916370392,1841.15291154385,117.301849544048,892.963732033968,1064.47273334861,8936.07189172506,26702.6935776472,17727.543563351,383.069894820452,2057.68911188841,440.687206238508,3431.09420979023,218.681653738022,6791.36875909567,556.13665920496,3536.4255746305,835.327840685844,1664.09146562219,828.55071246624,1291.96754482388,737.984140127897,13.8620553612709,136.707654744387,27.5040298104286,116.663408279419,8.16293567419052,6.74610090255737,23.3859275579453,5.16713148355484,16.8054452836514,26.8742114305496,1.40980449318886,25.842021882534,528.410875439644,10.366320669651,420.563526719809,24.3142411410809,116.882061034441,39.8107194304466,26.7378143668175,34.6556344330311,14.5691595673561,59.4306172430515,13.6988841891289,0.92672860622406,5.03497594594955,62.1340465247631,32.4314529299736,75.4813217818737,67.4531306326389,2722.5885219276,7.5045086145401,28.9005188643932,234.507033824921,914.111054092646,75.6573923826218,248.019291609526,0.427677154541016,0,26.0713079869747,66.6700147986412,34.1799542307854
28.4489990770817,9.24056363105774,14.8889699578285,827.943686336279,1521.44989463687,3015.71624827385,282.570270299911,306.846797138453,2280.39300441742,705.310419380665,9.37152644991875,2454.92967772484,2.65615195035934,223.469344854355,0,53.9901179075241,12.6954916715622,6.65278685092926,9.66495549678802,503.685618728399,679.929401278496,46.8801419138908,604.56705185771,1366.3187904954,3.81456071138382,16.0607780218124,73.453226774931,1410.01581922174,159.240169227123,251.294486820698,1.30499145388603,35.6003054082394,3.79453602433205,40.879769384861,2892.19142121077,1028.61248776317,85.4384729862213,286.145764261484,123.596773296595,11852.6161685884,25.4788503050804,165.591724395752,323.107582092285,125.980012893677,77.0691414773464,215.510422557592,387.160851448774,12.4267419874668,1.96042615175247,24.5274829864502,1.64027941226959,26.8512273430824,228.770079672337,4.12084221839905,47.862493544817,192.285377293825,66.5654734969139,75.7193539440632,166.987928062677,95.3832979500294,252.89606192708,0,80.0615745484829,117.510063529015,55.2691126763821,26.8918163180351,17.948123216629,45.6082906126976,263.196507662535,84.3695676922798,21.6807782351971,235.97502374649,435.209135681391,0,40.8446939587593,121.011483192444,490.204928785563,96.3201345205307,147.850136756897,0,6.12138918042183,15.6923815608025,37.879642277956,1557.52059873939
7.05395799875259,1255.49679198861,61.4496911466122,0,43.6273379921913,2.81501269340515,12.367605984211,6.88048323988914,353.114411234856,1.1706839799881,130.602329641581,1.2925568819046,143.052459269762,6.09037303924561,53.9901179075241,0,91.7154225409031,3.45311698317528,13.5669255852699,2.78991997241974,13788.1311105192,10041.3488717079,14090.7435189784,6204.29975605011,420.677785634995,28.2151389122009,8679.91482388973,3449.93216055632,6.6511577963829,183.723595589399,2.42079946398735,2.16034203767776,0.859778046607971,149.77893280983,332.083995401859,3843.23849976063,1440.01890334487,326.211479753256,757.102355748415,26.8500301539898,14.2346332073212,90.0340904593468,310.685319751501,57.3104311525822,144.562268853188,123.821177840233,19.4266755282879,14.2677831053734,1.26106587052345,14.4925710260868,7.8117650449276,745.551403671503,0,14.436166793108,0.576082855463028,61.1988696157932,38.3466087281704,113.789911746979,0.596443831920624,99.2317769527435,0.600015878677368,9.31908965110779,26.6707052439451,7.76877039670944,6215.0567329824,186.589318826795,3.03164339065552,22.2383002638817,0,2332.05786627531,1269.20076921582,7120.27191248536,746.299973666668,0.808043777942657,131.665466159582,3330.96391883492,384.255319297314,32.7992751896381,947.437730282545,0,0.890750050544739,0.951000332832336,59.9583830237389,75.6106241047382
1015.89090937376,182.396989166737,30097.2538201213,2.92714303731918,4.19673958420753,36.9296723008156,39.6495617628098,320.92703089118,36.2703348994255,43.884590446949,1515.50306594372,39.3805381655693,41.4600647091866,1170.06918442249,12.6954916715622,91.7154225409031,0,4170.99053540826,12066.232408464,12.301339507103,1196.91188895702,62.899042904377,19119.4167370498,37.5425223112106,19.5205760002136,10478.7444500029,10296.2893644571,248.021271467209,1904.5325910151,4357.43520623446,10.7692048847675,24.3369688391685,64.0264521539211,4283.68111756444,157.083027094603,4000.10436543822,3327.87026676536,2200.73534357548,1581.88561537862,63.4760827720165,26.1527163982391,36.2928297221661,443.498008847237,163.862945511937,371.642978861928,271.690665721893,3.09926274418831,8.56457734107971,5.15979555249214,2.55830746889114,101.167746514082,257.19133234024,0,3.02260166406631,1.42082625627518,8.81789717078209,4.56021079421043,21.6431758701801,0,50.3825822174549,0,9.43915256857872,10.3827114999294,0.35260534286499,144.691115736961,1200.76341283321,82.7065552771091,947.199160143733,0,72.8637148439884,82.589535266161,542.272064074874,29.6858321428299,6.9464898109436,2274.882724002,7309.69359964132,19.9466809034348,6.87525552511215,57.4537613093853,2.83803056180477,2.38738694787025,1.55934032797813,207.150621056557,38.729520380497
58.2317937612534,14.1875759959221,257.043471127748,4.53905242681503,0.635976016521454,70.5066714286804,156.270781755447,205.014576345682,70.2380704879761,217.777670651674,18456.3466162384,241.527492105961,199.992418378592,1334.30638793111,6.65278685092926,3.45311698317528,4170.99053540826,0,5797.65764212608,56.6117548346519,81.0964387655258,19.5584613084793,377.118399590254,44.3443648219109,148.864361643791,4527.40340065956,1827.89013689756,111.381347000599,837.915232241154,164.41622287035,494.896082043648,303.936493247747,18.5659006536007,4440.7347060442,71.9399427175522,1396.00378298759,1867.55937036872,4798.29934301972,899.711018055677,79.3335870206356,23.7118784785271,93.1098949611187,19.4468502998352,86.3891578316689,13.53013458848,12.1872095763683,0,0,1.1705259680748,0,10.2353303730488,9.18267047405243,0,0,0,0.629612803459167,0,19.7544227838516,0,114.133651673794,0,154.950771421194,0,0,0.753336161375046,13.9315356910229,9.79502218961716,24.1371658742428,0,0,1.66581916809082,6.10380524396896,1.20332956314087,44.8061473071575,676.875626891851,1203.53455305099,0,0.590122938156128,0,88.046106249094,0,0,4.11144930124283,13.0020819604397
204.494980454445,29.5707270503044,873.097565740347,9.18422654271126,0.466804981231689,56.7552061975002,154.497054904699,158.322456121445,60.9794339537621,203.655922085047,5201.49967190623,196.731212407351,14.8893893957138,1278.91116780043,9.66495549678802,13.5669255852699,12066.232408464,5797.65764212608,0,55.6777070462704,257.261681884527,20.8987464606762,1190.51845917106,35.9685089886189,78.4958749115467,5408.10864591599,2052.65551313758,124.389418274164,1065.22444272041,597.429621368647,27.8279289603233,169.596632122993,37.8076810240746,5805.22141453624,119.894448518753,2696.85368943214,3543.35278218985,8730.03126478195,2616.1528712213,67.5674662292004,16.947450876236,24.1793926656246,54.3812369704247,70.5310162305832,46.8978817164898,35.3362227380276,0.818849384784698,0,0,0,21.624089717865,18.5585639476776,0,2.09435212612152,0,0.39879783987999,1.49295195937157,23.7222333848476,0,15.2328341305256,0,17.9329774677753,0.838722914457321,2.78718137741089,14.819739818573,62.5243244767189,20.9992107748985,145.095592260361,0,7.43306937813759,11.6665147840977,49.1574897170067,4.10255110263824,17.6339371204376,971.344978645444,1620.60040840507,0,5.35347929596901,2.53884360194206,12.5372928977013,0.918553411960602,0,22.757655531168,18.3701851665974
368.426410228014,3.11014610528946,13.9504529237747,35781.5200246871,19.3373074531555,471.982437819242,338.696285218,809.478785067797,1453.37953814864,21661.4433095455,62.5632899701595,17484.2766859084,33.252689987421,751.778212696314,503.685618728399,2.78991997241974,12.301339507103,56.6117548346519,55.6777070462704,0,5.16530233621597,26.2736700475216,10.6887826323509,1197.24606907368,1.68299543857574,31.5788877606392,16.1675962507725,4128.71765947342,253.086538463831,44.6046968102455,16.8359370529652,37.9066875576973,0,182.405259162188,50.4530197679996,999.852871268988,25.5753837525845,372.191791713238,133.80906689167,696.496700167656,34.0545933842659,101.546721220016,472.421341270208,2.28807681798935,107.56013032794,4.35561868548393,707.922412991524,22.9423785805702,2.00994998216629,39.2357025444508,0.844129264354706,0.606044173240662,1103.25428265333,6.8302786052227,158.314282983541,872.263534545898,158.462567597628,404.950108617544,696.382506817579,66.7682376503944,790.555840730667,0,182.92075368762,189.812194228172,12.2121941745281,0,0,0,1043.2638399303,9.42514264583588,11.3620802164078,27.9952935278416,2390.10945913196,0,0,5.10488685965538,2697.28313934803,134.089588433504,80.3856156170368,0,1.15023159980774,5.90727344155312,74.7535578012466,11.2981254756451
1314.85565468669,368.514170438051,1303.94951984286,1.18636813759804,199.233080089092,28.3462691605091,191.767362624407,483.545112833381,468.229121685028,19.5644000768661,153.144910752773,9.70404580235481,54.917016595602,1443.76171199977,679.929401278496,13788.1311105192,1196.91188895702,81.0964387655258,257.261681884527,5.16530233621597,0,2177.29422861338,58024.5761526227,1707.67008399963,169.709726512432,208.749818816781,3639.20362955332,8702.64942368865,2013.45044779778,26701.5043875277,2.42298337817192,12.3726250529289,93.3118505179882,13946.852576077,1495.6462662518,12315.4659714997,8095.78801524639,16142.7128620446,8358.41839069128,570.471405476332,189.568236291409,142.348690897226,347.945704042912,41.9432602226734,170.094486504793,112.432337641716,25.9503759145737,14.9281556606293,4.43806827068329,6.520617634058,7.20302999019623,668.978259891272,0,34.9281443357468,1.06413325667381,39.6015802621841,19.0240806639194,93.0124041736126,0.943473815917969,144.913850992918,0.830848038196564,2.17013669013977,21.4314252734184,42.0640656650066,3863.22838616371,221.143083423376,0.918589651584625,25.0353645682335,0,2828.37343010306,1275.58927151561,5743.01615026593,845.842902958393,0,114.575174301863,1968.63755863905,790.779657751322,28.5706227719784,1372.39083692431,0,0.538857042789459,1.64527580142021,100.387340247631,379.412185668945
181.137383908033,2605.13272058964,174.996331036091,39.9768054783344,12.9081743359566,46.2823218107224,64.3482686579227,149.706590265036,12255.2941853702,38.8919241428375,118.659976571798,69.1775169670582,99.4084205627441,237.307070672512,46.8801419138908,10041.3488717079,62.899042904377,19.5584613084793,20.8987464606762,26.2736700475216,2177.29422861338,0,2429.89885240793,16823.7496717274,334.591396987438,24.9097726345062,5329.6378865242,1701.58130085468,163.322525501251,1060.83917120099,1.82330578565598,16.7586097121239,5.15669453144073,199.457452923059,87.7455586493015,982.479575037956,108.763117700815,565.378340929747,452.579451203346,229.734386712313,24.8329797685146,59.5388916432858,290.416590094566,33.2898151576519,159.463229715824,132.346858799458,20.755329310894,12.7811263501644,0,3.52743622660637,133.121681332588,276.058720111847,2.10014387965202,6.93409439921379,2.05894437432289,63.8828783929348,20.3775658607483,274.906102657318,2.74306496977806,14.3507997989655,2.3535715341568,4.89532423019409,13.2009087502956,3.05038177967072,1470.89527049661,82.2278277277946,5.96434324979782,16.7348227798939,1.57071197032928,324.467673718929,1111.92638018727,1477.60178616643,611.023255884647,5.94239097833633,98.7362186312675,3021.40643200278,148.193761825562,24.2696371972561,193.93181553483,0,0.571776449680328,0.521761178970337,46.3908077031374,38.584143191576
3678.43877953291,1386.45643532276,38114.5036227107,2.70617711544037,545.113257527351,90.0042808651924,513.781568676233,1704.22157618403,163.024747014046,38.3777792155743,564.571515411139,47.6067327558994,182.241467505693,4347.41916370392,604.56705185771,14090.7435189784,19119.4167370498,377.118399590254,1190.51845917106,10.6887826323509,58024.5761526227,2429.89885240793,0,4531.18989568949,513.859428316355,2533.46092200279,42360.9252970219,4909.72926929593,3568.21828001738,13912.0785308778,37.2229396402836,23.7084310352802,59.006799608469,12310.256182462,3911.14748466015,38551.4220686853,14456.4631738365,31546.0036476851,27790.3763778806,724.371146172285,303.851746857166,302.586613744497,1079.32789707184,192.293863207102,1013.93727824092,775.698756456375,51.4209313094616,32.4174466431141,5.60964342951775,6.32370555400848,90.6798202693462,2360.24331364036,0.529508233070374,63.432607203722,1.82125446200371,72.7079138159752,8.61431720852852,58.7460941970348,0,222.685615822673,5.9286682009697,9.47906547784805,26.5916125774384,68.0356947183609,4957.6849270165,1284.12467294931,12.1793600022793,214.655353754759,0,1625.32478699088,1007.99650713801,11972.2542624474,376.009441941977,3.41174879670143,791.654143288732,17480.7507183552,253.742791563272,19.0281192958355,642.670596957207,0.246443942189217,0.507946312427521,2.16381171345711,240.074765950441,820.730202138424
1193.32808226347,1582.93965491652,40.8218001127243,4475.33524748683,54.8888918757439,757.699003756046,5191.57882261276,968.513443738222,29822.8922307491,2296.04370653629,96.2037995755672,1540.45292446017,53.827258259058,1841.15291154385,1366.3187904954,6204.29975605011,37.5425223112106,44.3443648219109,35.9685089886189,1197.24606907368,1707.67008399963,16823.7496717274,4531.18989568949,0,219.328545808792,26.1837769150734,2109.31909319758,17413.1776351929,1916.37941637635,4539.62698161602,10.554002404213,69.6995128691196,133.711118668318,571.090333998203,279.789896905422,5402.50692611933,186.951780796051,960.626981168985,521.741448700428,2450.48877811432,159.571937322617,276.168238967657,3767.24571216106,88.6763713359833,990.056161910295,148.141199350357,813.458700805902,218.395840018988,6.37254783511162,265.488359600306,5.08713895082474,130.098841845989,647.318238407373,33.770087480545,229.396262437105,3542.97294607759,801.26320669055,2963.4887804985,533.485071599483,282.62186217308,241.713503599167,1.65376901626587,945.683268547058,201.672810196877,998.209745794535,43.208387106657,0,3.07625615596771,606.350729703903,770.579618126154,1200.91694110632,1132.95724284649,16889.0637223125,3.88910430669785,21.72617405653,463.250538408756,6323.24426957965,969.94871930778,3323.51406863332,0,33.8742198944092,87.8225060999393,481.274166464806,136.541547507048
6.39674481749535,2610.87635308504,134.672633200884,0.856005489826202,0.99100524187088,7.99079495668411,8.58152535557747,20.0306974649429,187.362738341093,10.3191822171211,5982.89866104722,11.4689728915691,10503.767804563,117.301849544048,3.81456071138382,420.677785634995,19.5205760002136,148.864361643791,78.4958749115467,1.68299543857574,169.709726512432,334.591396987438,513.859428316355,219.328545808792,0,296.195089370012,16609.2188571841,51.9481486976147,78.6249263286591,35.3150246441364,381.864236205816,52.1566400527954,0,2198.52566921711,4.49251192808151,96.9049277305603,333.055105626583,355.498060017824,47.9212611019611,8.34376168251038,1.94848847389221,2821.71697103977,38.1459683179855,376.939017385244,19.9377134442329,23.8920994400978,1.58530205488205,3.38649100065231,340.599877685308,0,363.921217679977,25.3683328330517,0,0,0,0.446940630674362,0.601688504219055,5.20269930362701,0,1600.2995441258,0,4651.55075317621,2.33362448215485,0,11.0181432366371,32.8419627249241,7.05776512622833,23.6868981420994,0,2.5316110253334,63.4161294698715,30.9358916580677,1.67124700546265,1564.57452970743,625.791887223721,3678.66367414594,0,8.34092915058136,0,269.287404596806,1.48162722587585,0,27.6885345578194,0
221.021623641253,490.127534747124,10054.798931092,3.43990781903267,8.85465615987778,59.4837428629398,104.104587092996,162.740586340427,48.3238845467567,114.310480713844,5603.11000075936,151.021366983652,466.518434330821,892.963732033968,16.0607780218124,28.2151389122009,10478.7444500029,4527.40340065956,5408.10864591599,31.5788877606392,208.749818816781,24.9097726345062,2533.46092200279,26.1837769150734,296.195089370012,0,45591.4485480636,88.3215635120869,839.383583694696,399.203284829855,1414.06400886178,185.231780469418,28.5636502802372,3943.56649702787,294.313792765141,6369.96247190237,7792.34279736876,8431.90529960394,4287.45398575068,82.8845521807671,52.7156762182713,81.0648375749588,1071.412068367,1031.24193973839,563.677433520555,613.808293759823,8.32559996843338,23.1306510865688,21.6491363346577,0.599644362926483,716.753234952688,72.3805160522461,0,3.02895987033844,3.09068617224693,1.56546080112457,21.8374012112617,66.0692659914494,0,591.866771683097,0.938665956258774,858.673379957676,23.8763596713543,5.56486618518829,16.6579536497593,819.558628797531,392.254445537925,2563.86788439751,0,10.5830909907818,151.825000673532,127.710962682962,3.09150809049606,266.31125587225,16189.4992447942,31261.6461951137,2.3078311085701,25.9449254870415,21.5119925737381,473.208144918084,4.71557903289795,1.28749185800552,280.193737745285,66.4029655456543
610.335483044386,22173.2133332193,46508.9553381503,4.03190478682518,65.9087523519993,44.7470788061619,145.989709824324,314.823871254921,264.986239999533,55.903429299593,2443.82353174686,81.7024450004101,2712.149117589,1064.47273334861,73.453226774931,8679.91482388973,10296.2893644571,1827.89013689756,2052.65551313758,16.1675962507725,3639.20362955332,5329.6378865242,42360.9252970219,2109.31909319758,16609.2188571841,45591.4485480636,0,1016.64214417338,869.305969744921,1009.92598423362,481.025473237038,90.991091132164,22.3791298866272,6422.52857264876,1025.91946214437,13863.9724642932,14016.4827368259,17604.9858336151,8975.90010142326,209.516192287207,130.095959663391,272.176619797945,6969.12369161844,3358.96005274355,5310.21890357137,4353.57709547877,167.699475198984,148.362218916416,62.604160413146,27.6178506016731,6158.7926312685,5275.852419734,0,27.9471795558929,12.7973144799471,209.525312706828,129.393453553319,191.111672878265,1.52369967103004,1437.49855212867,13.2776737809181,2355.07890421152,197.104454755783,14.6763108372688,3251.48114329576,8681.51991173625,943.092119470239,6212.19220095873,0.786152124404907,369.326836645603,1661.70238077641,12764.564950645,111.959325581789,1547.10475459695,43331.1983411163,150393.208687752,52.7266182005405,128.730464622378,428.973992735147,1153.32044386864,18.4522365033627,16.5623517036438,2173.18720369041,305.181383937597
5263.63221690059,220.116206854582,114.932868897915,16632.9320394993,174.120978981256,2623.15143969655,58684.851675272,4473.7947550267,5408.84310793877,9531.92758452892,130.718629971147,1161.67066666484,69.2434457838535,8936.07189172506,1410.01581922174,3449.93216055632,248.021271467209,111.381347000599,124.389418274164,4128.71765947342,8702.64942368865,1701.58130085468,4909.72926929593,17413.1776351929,51.9481486976147,88.3215635120869,1016.64214417338,0,5945.43128870428,78176.0193706751,22.0099337995052,193.958333700895,582.386823147535,3545.31019234657,1355.87172308564,17098.2886908948,453.827369183302,4814.92002739012,2926.08129197359,4348.7733875066,660.560371875763,567.738514438272,3072.40646284819,61.1850403249264,671.052353709936,128.202838361263,898.352922052145,161.167685031891,3.80883353948593,201.872985780239,1.58994570374489,102.253529667854,1238.23388195038,29.2335091233253,252.793185830116,3316.28306573629,511.841417074203,1746.23598104715,905.865464806557,329.578349232674,383.160551249981,0.341824799776077,712.639268532395,255.714020758867,849.748567372561,49.0719780027866,0,2.20692101120949,1232.42058727145,1008.58237016201,1051.44815036654,1140.76506799459,12669.1116783619,0,20.082502245903,346.952370077372,7334.02656820416,710.573594808578,3016.5465246141,0,8.43546551465988,94.7655102014542,391.374608963728,252.516064196825
10389.8642692864,63.2427813112736,564.153622746468,90.6561177074909,328.399857580662,1102.25613862276,2657.48550897837,1957.45872563124,973.187944918871,1225.45198830962,1173.65392231941,261.447078496218,586.417744785547,26702.6935776472,159.240169227123,6.6511577963829,1904.5325910151,837.915232241154,1065.22444272041,253.086538463831,2013.45044779778,163.322525501251,3568.21828001738,1916.37941637635,78.6249263286591,839.383583694696,869.305969744921,5945.43128870428,0,19903.8748066425,320.869694203138,818.23221513629,15076.6569430232,7760.53162756562,195.253115922213,8223.79484727979,876.197151869535,4268.0489872694,962.922390371561,1114.3636546433,695.445832669735,595.448735564947,487.257457017899,17.0169134736061,98.7609055936337,22.868641525507,77.0660261511803,18.4549660086632,3.06115072965622,29.7376733720303,5.57803669571877,20.7348100841045,16.3350861668587,5.00384926795959,9.13338416814804,286.36810554564,19.4323655664921,282.776560723782,13.1622014045715,90.5496134161949,9.01259008049965,13.7203113138676,41.857742369175,17.1365848183632,48.3191016018391,9.81313014030457,0,4.36724382638931,22.0781733095646,32.9089952409267,44.0501711070538,69.6947439908981,1493.35039627552,6.58802074193954,19.0383142530918,230.923618257046,554.05643633008,51.2752739489079,212.432548284531,0,0,19.2870136797428,47.7421587407589,36.5289317369461
21764.7045683563,143.687978535891,841.422588050365,29.6432269513607,45.5051842927933,305.033533900976,24502.0966359377,4331.16862878203,1910.68005824089,361.561379626393,128.955794423819,94.7487656474113,26.080231398344,17727.543563351,251.294486820698,183.723595589399,4357.43520623446,164.41622287035,597.429621368647,44.6046968102455,26701.5043875277,1060.83917120099,13912.0785308778,4539.62698161602,35.3150246441364,399.203284829855,1009.92598423362,78176.0193706751,19903.8748066425,0,11.6043272614479,65.0335386991501,1043.63788324594,12465.4609584808,334.737576246262,5088.43186309934,3003.09044349194,5021.83011165261,1649.07122138143,717.810338154435,175.800273984671,260.915596067905,1309.35311716795,53.5331452786922,435.186787635088,81.337383210659,178.233968555927,97.0841178894043,3.59381264448166,94.9576810896397,4.07388177514076,173.601568937302,10.1545282304287,17.8037437498569,22.7079563587904,835.057267427444,192.119045719504,743.025107294321,20.7646462917328,248.172046840191,6.59038528800011,0,266.470632448792,43.8432177603245,1225.81822627783,98.1681179404259,0,15.0041033327579,18.4926002323627,1649.49334266782,1161.18021503091,1790.38914948702,4274.75027701259,0,45.9983902126551,498.822396159172,2059.14987662435,255.769211858511,3231.42712590098,0,5.28424569964409,23.6716164946556,246.915002524853,106.07306304574
