0,0,0.0294338070020283,0.000438240590546766,8.97530719334451e-05,0.00260354134533152,0.621964737870271,0.0889191856727452,0.00474094221597512,0.0144299349550789,0.00116923307955945,0.00024345031797652,7.43428694154117e-05,0.896806846766111,0.000701067832239705,3.21657125416935e-05,0.0347239716638095,0.000957008749622991,0.0076037789328619,0.000902676020920956,0.00312469904983628,6.60001793281018e-05,0.0296967172676786,0.00813819745501401,0,0.00824783495924016,0.0203988534413949,0.0135540413425291,0.930917792194368,0.818980852999195,0,0.000174579098544669,0.00442164500898418,0.0346947213244066,0.00196368325285611,0.00299586371222359,0.00133216619544828,0.0259557125649916,0.00779656003727201,0.000190452951616091,0.00119394795560712,4.78231019286454e-05,0.00217307380212651,0,0.000791090515484728,0.000360844016285032,0.000149262725995093,0.000467214634077916,0,0,0,7.78045817621621e-05,5.19797721057951e-05,0,3.66291760905683e-05,0.00106779882893369,0,0.000981761656734431,7.64025801585791e-05,6.19080420241773e-05,0,0.000156778527386981,9.09574555837216e-05,6.68336601605534e-05,8.38398261464359e-05,0.000132250432137457,0,4.36167381720603e-05,0,6.74564849232257e-05,0,5.71395819821417e-05,0.00277068860786841,0,7.16181889396071e-05,0.0011487701942279,0.00235441982497948,0.000653976081380516,3.24113926978439e-05,0,0,0,0.000636090661445069,0.000325382458763587
0,0,0.00216223302095949,0.000296660027667102,0.000952224998918155,0.000174665086491853,0.000526175221373081,0.000697874955279696,0.0518644647296575,0.000323077689034012,0.0209698867882523,0.00295581997035482,0.176579089607473,0.00118016523930936,0.0118613305947944,0.00433933224804916,0.00528931451038636,0.000605136004217604,0.00318671914959247,0.000283104225321248,0.00200141154904335,0.174075130457565,0.00147655313229714,0.147351275996735,0.22475463681733,0.019328167963587,1.61509425356993,0.0130645443653575,0.00107575847867536,0.0010164925810781,0.0109010267825646,9.9829913187957e-05,0.000116874598146031,0.0106164014544017,0.00110139047208501,0.00671439578538605,0.00742111323166599,0.0102041208133951,0.00491437714779519,0.00169922011013479,0.000231067713980594,0.00993331803162174,0.00810913074972237,0.00230818267687338,0.00679491331202957,0.00396166843604551,0.000170053732959127,0,0.000907231542255612,0.000149826296752667,0.194269026822991,0.00811360351792111,4.83803621174812e-05,0.000206750089954489,0.000176792599309558,2.93316438592196e-05,0.000192702983180118,0.00148221844108291,5.63899182268381e-05,0.00395334956104731,0,0.0087259350707647,0.000282918964132136,0.000860575087378017,0.000301582722651747,0.00793875668661979,0.000824965442130098,0.00540280957973682,5.33257803080857e-05,0.000581621647241679,0.0031029644151033,0.000736270454401522,0.00266811223457487,0.00582298127314133,0.0375221617130431,0.67103617074209,0.000636401093710825,0,0.00069713979766486,0.00335641293510463,0,0,0.00211492126209436,0.000695444449187517
0.0294338070020283,0.00216223302095949,0,0.00105178559310971,0.00103497130409311,0.0123945172341762,0.0349480338920599,0.178568689220518,0.00248273502213158,0.0219422346583706,0.00659155122801067,0.00303903272457107,4.5237759068501e-05,0.25389522003178,0.00648885407911497,0.0030169894544509,1.3854675452471,0.0152135918161836,0.146295244454806,0.00188560876316844,0.517764806156757,0.000264332591755864,6.09291002806342,0.00644263709000893,0,1.73662235048517,0.751244323715607,0.0772780096305178,0.177612413846677,0.287481198678185,0,0.00377256281019937,0.00828608345177176,0.610636018387121,0.0878573043904998,0.277985373413221,0.176954696795238,0.581025808209776,0.40607004696594,0.00935790356811931,0.014482624896151,0.00164800371910367,0.028734414428046,0.00506516326141889,0.0173874872990668,0.0119433331749407,0.000511900233427477,0.000756297873950757,0,4.28639492236555e-05,0.00447552153257225,0.0495000692925978,0,0,0,0.000564851435484311,4.80337322059095e-05,0.000457016374557733,0,0.000359657401528406,0.000181851207953459,0.000181532421062129,0.000544437994404549,0.000357386796134692,0.000341923613640902,0.0283181987411991,0.000442499874096573,0.00966994257216594,0,0.00147102061627627,0,0.00693245701096554,0.00127431540850049,0.00025803118151018,0.0549044271862798,0.608025535044335,0.00120933374550944,0.000546454304942009,0.00167613304701259,0,0.000100703170377719,0,0.00824274646566853,0.0425219306419733
0.000438240590546766,0.000296660027667102,0.00105178559310971,0,0.00267138791840518,0.00649780380464685,0.00742451040254201,0.0220696778933321,0.256990438735309,0.441015428081683,0.00169581585706395,0.256941694823389,0.000823132909712128,0.0224290810773818,0.0353815690702188,0.000471734940031711,8.10977185278088e-05,0.00137389594030635,0.000559762847340152,1.20976391686537,0.000113645218328774,0.00141579565354136,0.00197817729018584,0.612927511122843,0.000237443686089194,0.000779775371272971,0.0040984948558785,0.533215707679809,0.0124614426931227,0.00218899538209808,3.69836942130625e-05,0.000388560425368738,0.000576097165589324,0.0157735064524761,0.00682485888868182,0.0455036638688182,0.00198793388512253,0.0104039628638915,0.00254164576539097,0.00887881901002098,0.00786959860713175,0.0116680906974212,0.0277909570981906,0.000467883373816535,0.0191558052975564,0.00345533370296719,0.0336480461162658,0.0146862703539378,0.000209338328024474,0.000249567915712699,2.78127527257741e-05,0,0.158937015577602,0.00176688084813588,0.00543702736843715,0.0284965528688192,0.0127087051846207,0.0876422944001338,0.19097963499945,0.0281878324050164,0.0175047741389845,0.0211140042642459,0.0109122306019817,0.0126000764686547,0,0,8.30629856775342e-05,5.7242844466433e-05,0.0514773787592171,2.59899182935416e-05,3.07959859722286e-05,2.60924155998796e-05,0.133097482526113,0,0.000129148596308249,0.000814520341790582,0.234230383210976,0.00648395326478078,0.000444956490811718,0,0.00302821219912605,0.000267044562969765,0.0154729060893537,0.00201007681537235
8.97530719334451e-05,0.000952224998918155,0.00103497130409311,0.00267138791840518,0,0.0226952392816387,0.00121957770936669,0.00207678580096219,0.0648793658625694,0.00633398165729579,0.000581553239043033,0.0133853894822109,0.00158321885515357,0.00209875720668666,0.377952270419835,0.00425296465008606,0.000575733802783466,0.000291962262760067,0.000630400987329864,0.00169064947869371,0.00995719595344489,0.00342706655490226,0.0295919203006784,0.0123722902719116,0.00113923874215707,0.000637364605359674,0.0113713860508521,0.0103383895120024,0.00112551106278816,0.00390829302448991,0.000318139396025753,0.0401000874797515,0,0.0392709139027787,0.0614195697986834,0.0377938091824968,0.00228033741483148,0.00212391941307367,0.00596243001585324,0.987304551566722,0.201012571299477,0.00137918729415999,0.00154112453954017,0.00487515167132423,0.00103434907255829,0.00622066481637528,0.000792858390365655,9.12105704324009e-05,0,3.49249141498208e-05,0,0.000429646702854413,0.00207191463512431,0.000105413356530237,0.000266278772444284,0.00040329198167291,0.000122705067154008,0.000978875093835243,0.00144193580034013,0.00227741512070112,0.000164807419285291,0.00104750288995603,2.96900845934123e-05,0.000683074500719088,0.000251192485229367,0.000103099578764701,0.000394682579782617,0.000694241838772667,0.000357839117325744,0.000151172537087595,0,0.000692461351351768,0.0022192574587053,0,0.00177118311061364,0.00216285727720676,0.00258989005479535,0.000338537037040531,0,0,0.00010409272816298,0,0.000332346644228732,0.0734238702444006
0.00260354134533152,0.000174665086491853,0.0123945172341762,0.00649780380464685,0.0226952392816387,0,0.565787938960753,1.0804914956918,0.0375385006760944,2.00511708699132,0.0109402952745029,0.905701986421126,0.000686571557409275,0.0634737025729705,0.384208511847695,0.00135152576725004,0.00164530993161304,0.00676721788945579,0.00354872318210274,0.0828724142426257,0.00121072919581414,0.000533009337333056,0.0176578793780219,0.0164864055951914,0,0.00557479747622162,0.0132533530677678,0.0705337615299162,0.0166115049503727,0.0489205118461463,0.000200799683601093,0.00768972240300253,0.000628858382127998,0.0231192112399455,0.0458100174373196,0.403792525693993,0.00882478314672168,0.0220530023347323,0.0134636904194359,1.13899932026459,0.145547496653513,0.0205018651923463,0.0110855740219575,4.31986457981586e-05,0.0055938717935513,0.0010955298129379,0.00256086311296474,0.00344197593125489,0,0.000161659876969636,0,3.56602652085215e-05,0.00359940114148118,0,0.000636351840753526,0.0113177897564944,0.0019920229380715,0.00851337321567451,0.0109980553556226,0.0114111548466573,0.000641471983890751,0.0105087463478543,0.000748962048431722,0.000720475672584438,0.000164392361830688,5.88346445924401e-05,0,0,0.00194866483219702,4.66134071695983e-05,7.7711490126395e-05,6.88856181035042e-05,0.0149049250846382,0,0,0.00221067166771337,0.0173132104885817,0.00221516617255438,0.000271041871941895,0,0.000289570769996622,0.000144981452176637,0.00507844691189041,0.00460284327941339
0.621964737870271,0.000526175221373081,0.0349480338920599,0.00742451040254201,0.00121957770936669,0.565787938960753,0,1.18688380350051,0.101234147714068,2.80411006222642,0.00726748623368764,0.0251085448289884,0.00105529919139969,1.50996832743071,0.0237928992210359,0.00688285953874087,0.00132984021782301,0.0060184934696167,0.00446894610479363,0.00956377490385423,0.00274552083674623,0.00090447619662852,0.058146942301908,0.870597319430631,0.000279739871122166,0.0063161249401311,0.043792634487912,5.37353907978089,0.11417989174116,0.746060923063358,8.92574837980154e-05,0.00184562129411988,0.00238986843465826,0.0421908752828269,0.0146099412738502,0.0767678660350323,0.00852052266877693,0.0358558928501458,0.0118956636652911,0.01049406948028,0.0139662019752608,0.00383385978884784,0.0680236071811907,0.00160824502751625,0.0352059942322775,0.00834019520524852,0.0109920846999953,0.0152781244078405,0.000125422940555155,0.00136731363667304,8.46832456947741e-05,0.000411174258167499,0.00249553321017929,7.76650464038849e-05,0.00187797695778972,0.0483307868074753,0.00952257943482982,0.0242952260358208,0.0165484658474458,0.00891584027318195,0.00216241951159183,0.00302803433609007,0.0132907045761449,0.00467797737077434,0.00039142791685226,0,0,0,0.0030069297329784,8.31605028790472e-05,0.000508726739542699,0.00118060280933104,0.0657400966292709,0,0,0.0103545909816029,0.0616474664873378,0.0187571802608841,0.00258441868852945,0,0.000819865767503123,0.00138255347103015,0.0180701888787037,0.0100317846986097
0.0889191856727452,0.000697874955279696,0.178568689220518,0.0220696778933321,0.00207678580096219,1.0804914956918,1.18688380350051,0,0.0400200029127176,1.49342851233915,0.103454202152898,0.440010814975379,0.0064277667764207,1.43584190509583,0.0393574239764469,0.00321890248916897,0.0878462299226965,0.071977699669848,0.0702224682928057,0.1807542129666,0.0157088075248881,0.00060689394898015,0.188615227566721,0.0590859949719252,0.000570793474315876,0.0868268391634902,0.137359768069996,0.172765370687627,0.268775224204384,1.20033779930013,0.00128002523086888,0.0140426131937626,0.00417699086619522,0.131449778426837,0.0199760491811841,0.329154016109538,0.0483633828896282,0.133846329213221,0.051360871465833,0.0854563148315276,0.0660366597523087,0.0258436311877022,0.0204419730847188,0.000238641492648074,0.0140999431395532,0.0014968894731006,0.00356125073143702,0.00257023285241291,7.67415110043404e-05,0.000269949455749815,0.000307809811764658,0.000447983349948388,0.004687586817262,0,0.000418251144028151,0.024286619795663,0.001445563169415,0.0127664118172007,0.0102839567921668,0.0101697437967511,0.000694512808490047,0.00968254770108739,0.000771193747921636,0.000698190131218887,0.00040654300355986,0.000189725099731207,0,0,0.00273307129257565,0.000304538611533254,7.83884082417342e-05,0.000512122223158345,0.0339451659471027,0,0.00226277392847422,0.0140872708168306,0.0320744157275381,0.00354230068244596,0.000710947489714918,0.000275837452813744,0.000175491861270332,0.000137815298420608,0.00657299005492182,0.00264726477424302
0.00474094221597512,0.0518644647296575,0.00248273502213158,0.256990438735309,0.0648793658625694,0.0375385006760944,0.101234147714068,0.0400200029127176,0,0.217433838159558,0.0177420156525921,0.237968147881537,0.0657555127576193,0.0575617934443764,0.586145422501567,0.0641559242441718,0.0011758482278116,0.00193320272009261,0.00275890509522235,0.0896183899484697,0.0324445769138264,0.31021496046559,0.017397069740791,2.18236542725597,0.0392829380703393,0.00633481058789867,0.274682863924792,0.673472954033941,0.0674369918429167,0.0732822615246918,0.00692691609733158,0.00223171622370009,0.011596681208619,0.0452739307541506,0.0363448332936178,0.178636109172493,0.0155454532623618,0.036985193268677,0.0121055580477043,0.218559802848209,0.0225780868207256,0.0146941884218461,0.0498536081334695,0.00650600838441235,0.016868633384176,0.00520048711248185,0.0119106161624306,0.00717414881889356,0.000395881248241383,0.00287803668461278,0.00165988343353297,0.00097349408304912,0.0576234980264425,0.00110615934695667,0.00358894998204994,0.0298326544948461,0.00763937960661328,0.0925519189180427,0.0485047632402574,0.0108235672057856,0.00507026539063357,0.00474330750246836,0.0113993974166924,0.00844235864897,0.0762445309306869,0.000340963313160205,0.00124986358171864,0.00125318493119725,0.00817524174659237,0.0365188453652078,0.0131653333173423,0.0100092382981928,0.306293803632595,0.000557317676053661,0.00353550904675864,0.0162003678259044,0.13848401047741,0.0203781180925294,0.010651170117494,0.000325509302054972,0.00106751579691667,0.00162767039172574,0.00799902762826358,0.0155813768175663
0.0144299349550789,0.000323077689034012,0.0219422346583706,0.441015428081683,0.00633398165729579,2.00511708699132,2.80411006222642,1.49342851233915,0.217433838159558,0,0.0625513978912346,1.66861082479218,0.00520151504523636,0.667924476388076,0.125908635668288,0.00544139465599531,0.00514281413698501,0.0478298555934515,0.0355741243998464,1.08779829430876,0.00454588754218139,0.00240609322069255,0.0300173344410289,0.0797883981279959,0.000264710252212692,0.0406724294141702,0.0593727294937718,0.451416077605747,0.181693498272208,0.0476563017796297,0.000747717340333189,0.016355654812971,0.00373550546975769,0.195492345599138,0.0979506737209342,0.683633802664928,0.0482877101989632,0.190658246308562,0.0439010459750157,0.0846463448418215,0.125865947972218,0.0596677404651531,0.0991293589169366,0.00194158482759139,0.0631907577690368,0.0105485430984473,0.0397311165815039,0.0432412590312376,4.06687224558413e-05,0.00137407041162657,0.000158816471396631,0.000231407904360851,0.181058243918026,0.000957561453134135,0.00809558680118667,0.0966905952650171,0.0230954024130467,0.0840621811895937,0.296417897966746,0.0531180868461381,0.0107628754571056,0.0397028758750658,0.0179622011045929,0.0127324805811957,0.000252547931342873,0,0,0,0.0522858229830095,7.05391913036019e-05,0.000129676154266367,0.000369775891246963,0.236602552632505,0.00015155254681269,0,0.00498339867310982,0.368073261397474,0.0212720980938457,0.00159941886102881,0,0.00238114970689321,0.000974039171320122,0.0411303304483588,0.0153476411322534
0.00116923307955945,0.0209698867882523,0.00659155122801067,0.00169581585706395,0.000581553239043033,0.0109402952745029,0.00726748623368764,0.103454202152898,0.0177420156525921,0.0625513978912346,0,0.0339515689325723,0.634394847748129,0.167518253627451,0.00587662246367062,0.000471140665434074,0.0265152004318782,0.992731912467869,0.207627910343158,0.0137878988136509,0.00683910336408185,0.0125430781522787,0.0101376634359412,0.0169670698416804,0.0627680704155509,0.580971075813153,0.314680328207087,0.00656309188486877,0.148490099771711,0.00892507119731288,0.136239348259505,0.0777629448424166,0.00139017059831831,1.11311163270529,0.0190864842974963,0.13813140536643,0.6742176165582,0.353572668374463,0.114114231189075,0.00588019513756748,0.0104025693437267,0.0856931210276597,0.000817600997665993,0.007559894289983,0.00174095512526349,0.000988533221546108,0.000387605655233192,9.30546364034593e-05,0.00977780208224763,0,0.0177620089636892,6.16629228552342e-05,0.000130708256810844,0,3.55037777195782e-05,7.60142222560402e-05,0.000141392849252224,0.00530563909840914,0.000220681917081827,0.22392462705131,0.000162910577529221,0.439548386522951,0.00092588037120763,0.000501304358641148,0.000148055331068659,0.000139621580506161,0.00449223065690655,0.000176076409940332,0.000163336957898033,4.39724556465149e-05,0.00553491372532512,0,0.002159127333448,0.0462158853239414,0.0897001902615618,0.117628554373403,0.000657960648850098,0.000982688091642571,0,0.132202653572753,0.000607934524365896,0,0.0066587839499676,0.0084925503871948
0.00024345031797652,0.00295581997035482,0.00303903272457107,0.256941694823389,0.0133853894822109,0.905701986421126,0.0251085448289884,0.440010814975379,0.237968147881537,1.66861082479218,0.0339515689325723,0,0.00591194015269122,0.095056338533129,0.189868535534665,0.000585608740228382,0.00172114685182031,0.0215986498777831,0.0126674581724786,0.987966548445449,0.00148459089897008,0.00630659633383446,0.00425021096592682,0.119606212023932,0.00156231755724483,0.0167289600101498,0.0318409876287169,0.0644259624003817,0.0183378981169416,0.00743157137012194,0.000481752181231543,0.0111805626005009,0.000245715425265727,0.0533293602146337,0.514288787454063,0.333290464876257,0.0216774621580716,0.0609824737123133,0.0203982835385748,0.213903112332609,0.0635891987116312,0.0259291355983034,0.00684217691626868,0.000680318071806354,0.00156479764085012,0.0010826576046701,0.00680107607675875,0.00127418045561243,0.000210421521242964,8.53465303164123e-05,6.300640768978e-05,0.000219077188457537,0.0513285651615146,0.000736281502195567,0.00291967824056236,0.00286817546878599,0.00283972124330899,0.0121144470490578,0.0305389349148966,0.0119771055462465,0.0341559407957137,0.00747089478722156,0.0016727985154093,0.00342250781380195,0.000118785103487069,0,0.000166965345777261,0.000228687928869709,0.00750275363331273,0.000130819766451895,0,9.41641745269297e-05,0.0192648108679632,0,0.000332189346424934,0.000528382121403435,0.0417758350296814,0.000487787629806563,0,0,0.000331768659753871,0,0.000880221231219528,0.0591550085542198
7.43428694154117e-05,0.176579089607473,4.5237759068501e-05,0.000823132909712128,0.00158321885515357,0.000686571557409275,0.00105529919139969,0.0064277667764207,0.0657555127576193,0.00520151504523636,0.634394847748129,0.00591194015269122,0,0.00761964004872952,0.0156380044654064,0.00107988361965196,0.000143051196217024,0.00333123020002484,0.000829876887279334,0.00103564259514136,0.00044477943379184,0.0795481391458771,0.000116153948821038,0.0843558491307332,0.578277401613997,0.0603352082437321,0.523128033945021,0.0114740668043056,0.00367561008003255,0.00178585675627288,0.358062370070948,0.00395638679737263,1.83504159983814e-05,0.102213470501487,0.000263048694079739,0.00526734206221439,0.0713308137058885,0.0404327549570778,0.00116280242087034,0.00345345119325211,0.00109003095614948,0.230971755171452,0.00152909192278155,0.00940586566806211,0.00239652319161636,0.000629572957315641,0.00250402604064741,0.000440912022374779,0.052417303032479,0,0.0472111099428629,2.57432623205632e-05,0.000373291565834427,7.65164885035514e-05,0.000132360688692141,5.25985947298467e-05,0.000330416815994999,0.0108313834297979,0.00150487397393074,0.344209299531411,0.000192143758461368,1.02907308751232,0.000702323837459934,0.00112279849404765,0.000286829522128504,0.000121263497682613,0.00317007329859688,0.000241949260218013,0.000203773079152346,0,0.0180224030297646,0,0.00617846987771165,0.128664083259643,0.0712646407532475,0.141059504227015,0.000892923507649809,0.00143019084320566,0,0.142881348544769,0.000808614640314293,0,0.0188624729019948,0.000273123229053509
0.896806846766111,0.00118016523930936,0.25389522003178,0.0224290810773818,0.00209875720668666,0.0634737025729705,1.50996832743071,1.43584190509583,0.0575617934443764,0.667924476388076,0.167518253627451,0.095056338533129,0.00761964004872952,0,0.0231856317942851,0.00252800732597554,0.194680434049903,0.133654953048612,0.169493565358442,0.0807927378819994,0.0361080619840118,0.00116169176077245,0.263688461313781,0.107991653718838,0.000970232774247324,0.154683485916676,0.274877482432106,0.209856788532577,2.32705961698741,2.41834040695051,0.00141096749457333,0.0091200230492445,0.0162860409947837,0.294537062076289,0.0235845856532865,0.185172716739538,0.0656993950192087,0.226628820224869,0.0612199971166191,0.0277277394777426,0.051124789650343,0.0139265834487989,0.027022539282622,0.000151341355548218,0.0118135552928447,0.00276836005099162,0.00301453119131353,0.00356471603109277,0.000244936493453711,0.000753343457391998,0.00111267271364478,0.000616719169202492,0.00265875166866464,0,0.000244703754692101,0.0274029839211085,0.000575722241288493,0.0146686811997291,0.0047786761714701,0.00536364873715977,0.000729897482822203,0.00539342399078801,0.00109262095240925,0.000734106249581461,0.000946751324222142,0.000648306611402279,6.97956812125683e-05,0.000438593021624899,0.00222396999627546,0.000848429570331897,0,0.0007189132802246,0.0427573658176116,6.89824904921353e-05,0.00342195772608174,0.0268972642363495,0.0397795619321624,0.0040205809912291,0.00100712407322253,0.00038391613049525,0,0.00109693881935876,0.00751932157156777,0.00406036582353076
0.000701067832239705,0.0118613305947944,0.00648885407911497,0.0353815690702188,0.377952270419835,0.384208511847695,0.0237928992210359,0.0393574239764469,0.586145422501567,0.125908635668288,0.00587662246367062,0.189868535534665,0.0156380044654064,0.0231856317942851,0,0.0118102786654382,0.00143256252731737,0.00288228119549946,0.0023406542220156,0.0241589082486878,0.0700245603800425,0.0281289468180569,0.079915923487401,0.186270486598038,0.00748074891010669,0.00411191618679658,0.0904269143730135,0.173982690400916,0.0103852613494283,0.0738599707525767,0.0021587010154111,0.00676509301607215,0.000777557178419676,0.0123003611928891,0.298223830279999,0.129508698119115,0.0187860590999426,0.0153749509287819,0.0110992833778937,0.796695937540608,0.0197668426765559,0.00647226571318781,0.0338691275508118,0.0115985068415392,0.0130668834111905,0.0187610082312466,0.00912124233022169,0.00376199213470047,0.000329544897866654,0.00080214454271994,0.000243386982305878,0.000658264680273312,0.0167448466283669,0.000172206178541601,0.00100512540906427,0.0184841671680203,0.00166461626336452,0.0150821831184834,0.0158301500228957,0.00953588808899552,0.0017008656188751,0.00719471111932587,0.00215105133796866,0.00371451810437484,0.00452262554992183,0.000161422504152781,0.00115988519926798,0.00185584515486086,0.00459091057426145,0.00675332685749012,0.000687897430254638,0.00341011840488075,0.0529917706312519,3.64347822016716e-05,0.00400409130746541,0.00663123734805761,0.0515523865295851,0.00516605024000736,0.00414229549038574,0,0.000594109918873945,0.000533038106734473,0.00609694779922873,0.10631044061563
3.21657125416935e-05,0.00433933224804916,0.0030169894544509,0.000471734940031711,0.00425296465008606,0.00135152576725004,0.00688285953874087,0.00321890248916897,0.0641559242441718,0.00544139465599531,0.000471140665434074,0.000585608740228382,0.00107988361965196,0.00252800732597554,0.0118102786654382,0,0.00044280565081332,0.00129705332264212,0.000727497624686303,0.000110670133367771,0.741304811673769,0.868727368272861,0.62694135356753,0.231000861994852,0.00141916950368481,0.00175351845311521,0.210084360537526,0.207294483052722,0.00129148277985623,0.00481475510938411,0.000125689072026545,0,0.000111450589087564,0.0129956149214718,0.0986396911911647,0.624618090211164,0.2174966250493,0.121588566250765,0.112883426429833,0.00922977119261424,0.00761720151041824,0.00596491286140705,0.0584058716368333,0.0143682219152172,0.0184779931427088,0.0182610824718002,0.00366431321196725,0.00102723023302215,0.000360555793524307,0.000300070905115617,0.000919421317108567,0.00997837841341327,0.000839706337474181,0.000535742529338902,0.000210626240735478,0.00524994051846306,0.000312442169002324,0.00893570782857211,3.84258956010819e-05,0.000480484354441813,0.000684227241305649,5.22332910372138e-05,0.00112821145531208,0.00723444866105074,1.45914546914904,0.000388022442935697,0,5.13471741292089e-05,0.000180322279232818,0.104032904016481,0.0914415143917437,0.929962051572447,0.0415141586822608,0,0.000196898694627893,1.03521136634281,0.031226955540951,0.000977791965098038,0.00326047815813828,0,0,6.4361279919821e-05,0.00188421465622391,0.024177265998358
0.0347239716638095,0.00528931451038636,1.3854675452471,8.10977185278088e-05,0.000575733802783466,0.00164530993161304,0.00132984021782301,0.0878462299226965,0.0011758482278116,0.00514281413698501,0.0265152004318782,0.00172114685182031,0.000143051196217024,0.194680434049903,0.00143256252731737,0.00044280565081332,0,0.0323392918793584,0.348194085708626,0.0011334878817475,0.178658680509973,0.000546705517592687,1.51524979310244,0.00222609836024617,0.000494556125308919,0.552109077130643,1.14373984045483,0.00262514240922538,0.271767599856132,0.239303811993425,0,0.00461116853161099,0.016553728717765,0.371314437708534,0.00865801673646538,0.0381836381998332,0.0357954113491542,0.0886034995339594,0.0418669266880208,0.00102896337828126,0.00240210386226325,0.000317302751311427,0.007570962036687,0.00161237002878339,0.00567005150703349,0.00206291775872513,0,0.000242825535132062,3.28060332272291e-05,0,0.00589414025643769,0.00733282849538663,0,0,0,0,0,0.000371837538578153,0,0.000330952593167984,0,0.00014595369244253,0.000437518625803495,6.26553027768076e-05,0,0.00811484772521504,0.000384875560478556,0.00900717667240011,0,0.000293764209553677,0.000232891865980482,0.0010632360362591,4.12550937969208e-05,0.000613957076683277,0.0549319370983369,0.19902129989082,0,0,0.000281015910678637,0.000146771465633178,0,0,0.00331199585088475,0.00440316002698547
0.000957008749622991,0.000605136004217604,0.0152135918161836,0.00137389594030635,0.000291962262760067,0.00676721788945579,0.0060184934696167,0.071977699669848,0.00193320272009261,0.0478298555934515,0.992731912467869,0.0215986498777831,0.00333123020002484,0.133654953048612,0.00288228119549946,0.00129705332264212,0.0323392918793584,0,0.221396434403963,0.0119356111237004,0.00500496191872815,0.000239103299036619,0.0179116015759547,0.00301913964103891,0.00266407864413125,0.610024972071014,0.268961097180138,0.00486485321218095,0.151713709008031,0.00749349128745006,0.00524083880838553,0.0522670611129858,0.000342298518597346,0.409724747950127,0.0438500236404214,0.240369399741792,0.541952298786401,0.319770228410051,0.230937288609643,0.00482447084467786,0.0106680284837698,0.00609461021927035,0.000629529982686436,0.00196765578811731,0.00106718803208064,0.000905826366023273,0,8.69966838588594e-05,0.000330623409743622,0,0.00225821454041165,8.72089863508639e-05,0.000116754295406646,0,0,0,0,0.00124375276956335,0,0.0111634121124958,0,0.0108702191663174,0.000164235723885405,5.05776909752905e-05,0.000213154863705149,0.000242603272430408,0.00245204713688963,0.0008770637308436,0,0,0.000177724091700065,7.23358226896882e-05,0,0.00293323285645251,0.0465957615405281,0.0797671564828029,0,0.000205570473567009,0,0.0193995029378126,0,0,0.000798715455755635,0.0180473942618666
0.0076037789328619,0.00318671914959247,0.146295244454806,0.000559762847340152,0.000630400987329864,0.00354872318210274,0.00446894610479363,0.0702224682928057,0.00275890509522235,0.0355741243998464,0.207627910343158,0.0126674581724786,0.000829876887279334,0.169493565358442,0.0023406542220156,0.000727497624686303,0.348194085708626,0.221396434403963,0,0.00727374580847357,0.0361497257645121,0.000562676550413546,0.135101146385059,0.00393315385823215,0.00296476062336945,0.514091044480136,0.514518423642607,0.00550306402912874,0.242559036349463,0.033771414145635,0.000193261851102406,0.0285538038852142,0.00455833680478367,1.18334627631625,0.0360270271691301,0.184109100932135,0.185936599753759,0.299600203013216,0.188496751300663,0.00483432171555664,0.00922454303042301,0.0024025091594002,0.0037487620982707,0.00216188353237747,0.00181591585868113,0.00273992592648153,5.79721901678264e-05,6.05727807032525e-05,8.56183533361729e-05,0,0.00626189280438802,0.00281755127390565,0,0,0,0,2.52569315487414e-05,0.000390556680076194,0,0.0018242159395332,0,0.00168845348889732,0,0.000192544599941301,0,0.00284489172913729,0.00138711415946537,0.00479909362543536,0,0.000126668598678005,0.000203504329740655,0.000151357056741893,0,0.00107121489282715,0.059565818641416,0.17866751984139,0,0,0.000114168647335071,0.00302223692448917,0,0,0.00151144598205171,0.0184032741560887
0.000902676020920956,0.000283104225321248,0.00188560876316844,1.20976391686537,0.00169064947869371,0.0828724142426257,0.00956377490385423,0.1807542129666,0.0896183899484697,1.08779829430876,0.0137878988136509,0.987966548445449,0.00103564259514136,0.0807927378819994,0.0241589082486878,0.000110670133367771,0.0011334878817475,0.0119356111237004,0.00727374580847357,0,0.000953818337997569,0.000603190608051524,0.00193548356296551,0.100372007842075,0.000205686036931711,0.0073681284284099,0.0106804865932049,0.0567324254154816,0.0228705528886866,0.00378705814790175,0.000176827522375244,0.00402591832668936,0.00043067862700066,0.0345840908771223,0.0109344440468189,0.144773772812448,0.00996599323016586,0.0409624841162348,0.00964793751150778,0.0238295758446076,0.025128746743501,0.0148587140664995,0.0226783471615579,0.000477169588502729,0.0128208920812395,0.0018027759004616,0.013629784111458,0.010033789823793,0.000140362062126026,0.000266551910882324,0,0,0.0646845255331751,0.000648238392348746,0.00275643090735617,0.0192865724128871,0.00684178512581223,0.0218554813182958,0.0817453406843077,0.01556326623757,0.00704813338342432,0.0105709808349974,0.00615419638467919,0.00387365560661163,0,0,0,0,0.0161567222097875,0,0,0,0.0556606015011861,3.73902530338824e-05,0,9.60477223907498e-05,0.099426504354368,0.00449243872082855,0.000292892351607868,0,0.000801933658816272,0.000331682134462619,0.00771190864533365,0.00181540595355034
0.00312469904983628,0.00200141154904335,0.517764806156757,0.000113645218328774,0.00995719595344489,0.00121072919581414,0.00274552083674623,0.0157088075248881,0.0324445769138264,0.00454588754218139,0.00683910336408185,0.00148459089897008,0.00044477943379184,0.0361080619840118,0.0700245603800425,0.741304811673769,0.178658680509973,0.00500496191872815,0.0361497257645121,0.000953818337997569,0,0.0909625147920412,6.83272478868095,0.0479720807585742,0.000469173208069926,0.0603939743511633,0.28972860620843,0.743581987807476,0.0496229328784013,1.35342888252391,5.99275809335768e-05,0.00254690774586846,0.0224788555410703,1.37011082263684,0.309075806683979,0.936250900538635,0.152688277583624,1.50490205074079,0.484221828759581,0.0287792392231523,0.0446376554827774,0.0295656876597705,0.0402651445318959,0.0116250372097497,0.00475434770599007,0.00522345488737026,0.0018557020751811,0.000749125117310813,0.000343016724081516,0.000169188815349305,0,0.000686504241093776,0.00024264468016431,0.000182991615418964,0.00032531100060001,0.000852165803165635,8.50572414650561e-05,0.00538376635958306,3.49823798738599e-05,0.0013416186643892,0.00055155289843272,4.39220785654247e-05,0.000266956386957535,0.00416848884499416,0.280514659046346,0.000536103807249776,7.79495206523898e-05,0.000196425457856328,2.19925577363819e-05,0.120600842065195,0.00665137848250795,0.124608712354439,0.0528027643194858,8.19603642469105e-05,0.000318100855559799,0.0328685067357608,0.0509578522636523,0.00214399655629361,0.00501514687790796,0,5.02491330194235e-05,0.000118631195249653,0.00193027569733445,0.0487192508526626
6.60001793281018e-05,0.174075130457565,0.000264332591755864,0.00141579565354136,0.00342706655490226,0.000533009337333056,0.00090447619662852,0.00060689394898015,0.31021496046559,0.00240609322069255,0.0125430781522787,0.00630659633383446,0.0795481391458771,0.00116169176077245,0.0281289468180569,0.868727368272861,0.000546705517592687,0.000239103299036619,0.000562676550413546,0.000603190608051524,0.0909625147920412,0,0.0549622303838876,1.13687525559667,0.0875955605956519,0.00359276483691837,1.43739856647054,0.0943119151183826,0.00186226066259662,0.00453371630999755,0.00855326468283189,0,0.000599259502017984,0.00430795855272223,0.00232735070700856,0.0139604878627374,0.00441219115154619,0.00456461796790486,0.00267572924364733,0.00381058538823905,0.000989049669378271,0.00411987262322072,0.00808708023405479,0.00115197431672457,0.00181712011336883,0.00224941249637412,0.000270503513368004,0.000263476755260795,0.000323918729222816,0,0.00716003241407877,0.00134650825038173,5.27051608054698e-05,0.000151962858444482,0.00014254421423797,0.000300947895771966,0,0.00192580606077692,2.78364667941958e-05,0.00161211121163946,9.40646240154622e-05,0.00402703247307556,0,0.0018692733014511,0.1176461091075,0.000141185176516712,0.000194452437906384,6.25052548191786e-05,7.19576227394164e-05,0.0108455374100087,0.0546294554141045,0.0249967570070623,0.0143738927844394,0.00127344819965555,0.00536972830598155,0.242655851695797,0.00469871965997577,0.000109319065533733,0.000191208728197515,0.00180033652604291,0,0,0.000555501797003048,0.000937076336803791
0.0296967172676786,0.00147655313229714,6.09291002806342,0.00197817729018584,0.0295919203006784,0.0176578793780219,0.058146942301908,0.188615227566721,0.017397069740791,0.0300173344410289,0.0101376634359412,0.00425021096592682,0.000116153948821038,0.263688461313781,0.079915923487401,0.62694135356753,1.51524979310244,0.0179116015759547,0.135101146385059,0.00193548356296551,6.83272478868095,0.0549622303838876,0,0.0336824246632657,0.000129855614288918,0.568732823435526,3.37684732119417,0.625520582140157,0.177361434476404,1.18413264447366,0,0.0038597034872229,0.0147193297148019,1.3810315017599,0.686515696854482,2.43533674771617,1.01071313553099,2.47043384550832,1.4739582821826,0.0756615923369592,0.0643938910776991,0.0107050261381818,0.0303293581802052,0.00894494630346193,0.0161027754306118,0.0229696339978697,0.00249762887139001,0.00302090494741519,5.77310989300191e-05,8.27967940236094e-05,0.000536142764694727,0.0235904578008498,0.000307011587151215,0.000208562727745682,6.75971121646493e-05,0.0035565161326688,2.95822912239373e-05,0.00324090758421715,0.000415205578869775,0.000724406327248959,0.00118199943534457,0.000138706747931147,0.00083861355158938,0.0039028188060017,0.519913617870441,0.00155850330420176,4.3217478633064e-05,0.000759937440735984,4.21126691373944e-05,0.0249462478468001,0.0202818521009782,0.401034152625282,0.010360081279575,0,0.00437503651313937,0.748210424013233,0.00810412627526932,0.00134382092391618,0.00190165401825077,0,3.81010173773945e-05,5.4262646139276e-05,0.00222096047615718,0.161988935609809
0.00813819745501401,0.147351275996735,0.00644263709000893,0.612927511122843,0.0123722902719116,0.0164864055951914,0.870597319430631,0.0590859949719252,2.18236542725597,0.0797883981279959,0.0169670698416804,0.119606212023932,0.0843558491307332,0.107991653718838,0.186270486598038,0.231000861994852,0.00222609836024617,0.00301913964103891,0.00393315385823215,0.100372007842075,0.0479720807585742,1.13687525559667,0.0336824246632657,0,0.077827112364663,0.00804972608839292,0.869393624985377,1.83320094266823,0.117877835221645,0.209434043960546,0.0123088927895077,0.00131945542683234,0.0146746738692681,0.0769067114435255,0.0604047072551352,0.215332218529617,0.0369157500755011,0.0688532346784904,0.0260318097961593,0.0401656732034504,0.0286348595404484,0.0204421366630001,0.173423063495177,0.0177482772005054,0.0472267598588686,0.0168539786272354,0.0147034973124519,0.0169371520263722,0.000811476238208071,0.00502734039697438,0.00268727588213183,0.00153023315560755,0.0450511733262606,0.000553591250823861,0.00306669935410029,0.0627469466657954,0.0133118641646004,0.114632770723296,0.0638523342147199,0.00920382396523222,0.00527920662783971,0.00311573021205058,0.0223413247491389,0.0115482692549691,0.160328191402664,0.000635266515353772,4.22508697330057e-05,0.00032153039174374,0.0102523429341326,0.107810433863297,0.0136343207569703,0.0449753325264291,0.500632703073722,0.000525080152850681,0.00269519498603949,0.0305704717629282,0.312897918293777,0.0388711063179698,0.0324987757686273,7.81665990584729e-05,0.00114898529735719,0.00419224393426205,0.0283365160159647,0.0286910357118024
0,0.22475463681733,0,0.000237443686089194,0.00113923874215707,0,0.000279739871122166,0.000570793474315876,0.0392829380703393,0.000264710252212692,0.0627680704155509,0.00156231755724483,0.578277401613997,0.000970232774247324,0.00748074891010669,0.00141916950368481,0.000494556125308919,0.00266407864413125,0.00296476062336945,0.000205686036931711,0.000469173208069926,0.0875955605956519,0.000129855614288918,0.077827112364663,0,0.0449163077609078,0.985667318314093,0.00734809799543508,0.000762901587521128,0.000683457214359534,0.0824573268246421,0.000291069916959622,0,0.00771140944624604,0.000255221478157139,0.00339527398267909,0.0094368423392014,0.00646272132831995,0.00213332544688959,0.00166985055127811,6.66529320060015e-05,0.0361451793307404,0.00168618730906935,0.00494673606132195,0.0016601454575463,0.00080381747535213,0.000672983634784395,5.51161935486138e-05,0.00853269426420535,0,0.0563452697988018,0.000194003398812902,7.76421426503184e-05,0,9.88348035585164e-05,0,0.000256394261677447,0.0025847797149633,0.000294592289003554,0.0519215386933313,0.000155960423192388,0.216741618847319,0.000236222350308252,0.000959876236807762,8.59617849758509e-05,6.99080119153559e-05,0.0023606811020714,0.00118049236148187,0,6.0906991518718e-05,0.00424871226818346,3.82261927527904e-05,0.00161905077385002,0.1322480047845,0.0776535115504303,0.283909896988283,8.76969807399216e-05,0.000384507441103006,0,0.0695555833068563,0.000473272631759417,0,0.00333063382118783,0.000382824819082576
0.00824783495924016,0.019328167963587,1.73662235048517,0.000779775371272971,0.000637364605359674,0.00557479747622162,0.0063161249401311,0.0868268391634902,0.00633481058789867,0.0406724294141702,0.580971075813153,0.0167289600101498,0.0603352082437321,0.154683485916676,0.00411191618679658,0.00175351845311521,0.552109077130643,0.610024972071014,0.514091044480136,0.0073681284284099,0.0603939743511633,0.00359276483691837,0.568732823435526,0.00804972608839292,0.0449163077609078,0,2.8025438576146,0.006071281280388,0.151177312513766,0.0758887454005308,0.136022515888224,0.031593537218326,0.00151428396904713,0.397941832340612,0.0798734585612848,0.392417463610038,0.886263548111382,0.433168808356342,0.332118400146063,0.00776433479990385,0.013733176177346,0.0116849683221085,0.0330841832778008,0.02637764343905,0.0291742946853283,0.020208338432987,0.00056341756292935,0.000764777326700946,0.00476631347499721,0,0.043578506047029,0.0135321792067956,0,0,0,3.95167083584607e-05,0.000639630434839309,0.00308729434869509,0,0.163456774781658,9.505461383062e-05,0.219555002846025,0.00169941984522372,0.000387878686202419,0.000195925869731652,0.0269931937967796,0.0305425410911214,0.0410767175457707,0,0.000635204581076461,0.00443653525158923,0.00264523333639535,0.00146662205959209,0.0587918689095025,0.794561086399814,1.72423397810282,0.000125179106713223,0.00394041254048736,0.00130841110403101,0.277761930551387,0.000515806037003529,2.94834199153721e-05,0.0238197080387932,0.0387315402279108
