0,0,0.0914560162974773,0.000273269807930875,0,0.00207762772371599,0.666407981900103,0.0470089749852808,0.000143440515905762,0.00329932932401266,0.000418125972524238,0.000194622746784544,0,1.18688337469978,0.000617341969557262,0.000165887027188992,0.0238723468012613,0.000382280035803103,0.00115269676233898,0.000185331401618206,0.0167790908576737,0,0.0217554521556522,0.00138024865780989,0,0.00979520941464117,0.00474198924473886,0.0196967948520526,0.62660388975252,0.434444092388464,0,0.000834174426227292,0.00106889886428564,0.00688923150191809,0.00231032048615789,0.0120969833674113,0.0023724998504182,0.00775576783269706,0.00297880687072942,0.000241731993622184,6.33728354934216e-05,0.000385118342968369,0.000752639567975592,0.000111568287330961,0,0.000112948262148547,0.000171733307218242,0,0,3.51160428447485e-05,4.35857234432697e-05,4.0297712549758e-05,0,0,0,0.000247136009345543,0,0,0,0,8.10658251815319e-05,0,0,0,0.000254240744034147,0,0,0,0,0,0,0.000407602877737463,0.00103378979834044,0,0,0.00125188057810778,0.00190372405598788,0,0.000251589265247142,0,0,0,0.00028303567682699,0.0004567685564677
0,0,0.00368282427360611,5.26266053160429e-05,0.000170493630984759,5.20953577894926e-05,0.000326604071082508,0,0.088739184606629,8.55207482208847e-05,0.00485342347857142,0,0.0557925876791469,0,0.00203105758318126,0.013517014879997,0.00246345194020974,0,0.000471106586628056,9.98194187183854e-05,0.00216766582733223,0.272073094780859,0.00115198025695605,0.33226848115064,0.127178303594507,0.00972825248993382,0.748914418788988,0.0211321660814646,3.88518785960912e-05,0.000356203637325669,0.000823531466086103,0.00022140071629746,0,0.00184124865863164,7.19230115052223e-05,0.00355030026616221,0.0105545662650354,0.00252790332954805,0.00184649584623368,0.00154892746031433,0,0.0914519761052749,0.00766978070320339,0.024005400467209,0.00311291207919017,0.00483713490957286,0.000295327713720537,0,0.0141775849955893,0.000112654891128302,0.0748038649427918,0.00375957990838435,0,9.93275575782296e-05,0,0.000316790560281849,6.53323493296862e-05,0.00277767307530581,5.4668168642211e-05,0.00761798495946417,0,0.0498325639595305,0.000432850203059578,4.0341765277338e-05,0.00770116594871187,0.00270734570786288,0,0.00197105084476474,0,0.000491761810813904,0.00803553841509375,0.00667262920070701,0.00296132343470671,0.0130607778958496,0.0175454289368337,0.274237062279955,0.00130189284624588,0.000285567890511393,0.000226292301977622,0.00224552072053175,0,0,0.00153471801354935,0.000190255742135572
0.0914560162974773,0.00368282427360611,0,0.000132639958827567,0.00143735658080001,0.0182619228738673,0.180068817955837,0.290684532947115,0.000956879127973715,0.00624016264695219,0.00364995021446928,0.0011090618737494,0.000702710058529043,0.54083826711902,0.0040787426761837,0.0120391973839338,2.28471482235558,0.00799010643423166,0.089339028684784,0.000776698740049015,0.583848253168606,0.00309402395113119,3.51034594234421,0.00509428976106517,0.000192578009524107,1.64314682118698,2.69325276727869,0.0851317337934305,0.292808937038978,0.813735191569833,4.2630332226491e-05,0.00838832857656205,0.0142375814289978,0.490221501356001,0.0881237153980753,0.965986408810405,0.58098918075423,0.569821844448613,0.407021269780275,0.0040182424506024,0.00323477628244016,0.00289247341443788,0.113027484339328,0.0278398665651428,0.0435986990313103,0.0742570332550845,0.0049036016731683,0.000881094472458602,0.000260214947592902,0.000813659535571718,0.0177248991055743,0.325374578503466,0,0.000363185388228321,0.000146434053946924,0.00738407849195818,0.00122940358348824,0.00188600817244877,0.000179402572574425,0,0.000594322047168601,8.33416265012742e-05,0.0039690220605635,8.01637371484277e-05,0.0263114065324216,0.0367085786818452,0.000271685763940525,0.00756218485773413,5.50302684955835e-05,0.0142025826264335,0.00559224732591696,0.161812557721945,0.0165070452859373,0,0.0317828474467987,1.31358168405446,0.0322328544625546,0.00262069003968464,0.0184207745797346,0,0,0.000463436819691587,0.0245629569610369,0.0365617570687341
0.000273269807930875,5.26266053160429e-05,0.000132639958827567,0,0.00661305595099702,0.0222517723568847,0.0064748932643152,0.0281233366146088,0.142533741040684,0.501045612109957,0.00441777168443464,0.807499368498902,0.00148573581453227,0.0248960143373559,0.0392226651745415,4.80273566606999e-05,9.51639087890747e-05,0.000789203479874347,0.00161620566364012,2.97771100318205,0,8.46588256681444e-05,0,0.204698117570183,0.000153302464150191,0.0010486279451591,0.000399387422284651,0.533967418296128,0.0184600251159865,0.000938355227373002,9.25793334118605e-05,0.00742013238921064,0.000748304251277891,0.0240412739230092,0.0219704343833742,0.103083850840677,0.00218774282400851,0.0275950280751323,0.00853582685642519,0.0487899146622604,0.00615814007998729,0.00320295209251169,0.0331149582646116,0.000522708183850407,0.00344585872343838,0.00207363311365019,0.0823221707225074,0.00257810499769119,0.00129799620673275,0,0.000582144923551976,3.47808967647791e-05,0.153530482885345,0.00199747981307011,0.00788911794492766,0.0581959339791749,0.00375569433652803,0.0317062862915537,0.0645954479655733,0.000158761565311766,0.0341925593495167,0,0.0051710987504185,0.00780837704921127,0.000117297999279475,0,0.000291604532593131,0.000155318442770457,0.0380739600518441,0,0.00127424439853616,0,0.180463809238647,0,0.000427579971543574,0.00108295441429605,0.214650475511105,0.00218637656864514,0.00111606979316451,0,0.000616407521373081,0.000538994041437495,0.00514657927153849,0.00270078015142518
0,0.000170493630984759,0.00143735658080001,0.00661305595099702,0,0.154167823701671,0.0134858479575862,0.0116726826825533,0.0221034266386274,0.0225125533748322,0.000359383210261524,0.0675365695902832,7.16405642457961e-05,0.00191557560260745,0.346372624061826,0.0048124582654438,0.0010846645646152,0.000170908314541888,0.000397272521342564,0.00839615925415449,0.0339313289279669,0.000795228478715346,0.0206530424020529,0.0383633067577815,0,0.000244048250269914,0.00223406650155802,0.0298748692869507,0.00101209474477458,0.0165157104368957,0,0.0606212493621131,0,0.0264508193092949,0.01106787237576,0.0430512747614417,0.00309562838107111,0.00200489752357891,0.00233299548781798,0.914693946228302,0.115036699478343,0.00135483603300433,0.00245289529093523,0.000289035886501313,0.000332274220372057,0.000711809349837254,0.00636808039183938,0.000371288956331182,0.000175968466144324,0,0,0,0.00226555661229246,0.000250825091236126,0.000451185026393366,0.000684715269627357,0.000260474605839825,0.0014706337008098,0.000994801498129175,3.721450264287e-05,0.00173714427036459,0,0.000295952684812581,0.000399564989928532,0.000213683325957358,0,0,0,0.000480040897079646,0.000214168117693401,0,5.76186488937378e-05,0.00773232193502786,0,0,0,0.00654301133710639,0.000368212086070204,0.000278465924792647,0,0,0,0.000506043265184784,0.0128012886527043
0.00207762772371599,5.20953577894926e-05,0.0182619228738673,0.0222517723568847,0.154167823701671,0,0.844457923300068,0.902768365166231,0.0083661198760041,2.84878105117144,0.0216289389897401,0.448834552049529,0.00529009057398995,0.076228786696658,0.177646360084011,4.96733622616291e-05,0.00480963794116519,0.00644253864706728,0.00954464815669114,0.0462386321698891,0.0046961949975152,0,0.00612941663060783,0.0144980408949244,3.97328139195919e-05,0.0101814778688715,0.00408023822414408,0.258987590333641,0.0228797803202188,0.0258183293499199,0.000578568154532325,0.0979261769523948,0.000144377578885532,0.0310009531860284,0.106780260500612,0.176029552791262,0.00728385202644808,0.0247118791697737,0.0201975485625464,0.387728296032443,0.0892047707882954,0.0168825715308551,0.00674597143774285,0.00111266786804334,0.00263540584202665,0.00614021156135307,0.0169701822448998,0.0054985281656947,0.00220706966419824,0,2.79039165278554e-05,0,0.0047383262285779,0.000310303437433553,0.00132309145250101,0.00245617511209161,0.00129784419501557,0.00225251906675263,0.00361727690667495,0,0.00857896070331088,0.000129636635859513,0.000622011190718162,0.00135867146533296,0,0,0,0,0.00141226537645323,0.000176479416114545,0,0,0.0123071339914662,0,0,9.43821075200554e-05,0.0132973163483481,0.000141474756983805,0.000890001378947926,3.41908307270646e-05,0.00105124689728682,0,0.00372529562132719,0.00562123379659804
0.666407981900103,0.000326604071082508,0.180068817955837,0.0064748932643152,0.0134858479575862,0.844457923300068,0,2.23188052115557,0.0110503833874079,1.60926474234508,0.0712843721653739,0.0278991282944377,0.019751970609666,2.44214245739994,0.043704101632697,0.00120458133306893,0.0106396094985456,0.0249424059605332,0.0336089145405683,0.0113275620947897,0.175490350951691,0.000698566705240561,0.107767063365756,0.349155999138825,0.00121259624891189,0.0363939040071652,0.0254544315203424,3.88690047018369,0.859366483577082,1.41922298676952,0.0020437703595972,0.0560099165769607,0.0515287758312187,0.408996138904967,0.215248695871091,0.550965565656518,0.0396276319950301,0.346839941998765,0.105266085297651,0.0742696519954751,0.0404509193313016,0.0376882550264493,0.0466684724369324,0.002945477843327,0.0118913434651469,0.0129795029795255,0.0484988713096141,0.0101771530689145,0.00478694226165225,0.000799142932551255,0,0.000123004585087753,0.0132658866677599,0.000923632094558452,0.00258480384086727,0.0667837600359263,0.00334554234760636,0.00688494757253182,0.0207353105665715,0.000596357638811445,0.0178901720689868,0.000566717290390849,0.00647972520511012,0.00282081361129906,0.00780564346337597,7.32960834269049e-05,0,0,0.0060039976744237,0.00138476058627101,0.000583795879174745,0.00740577444179049,0.100677410131523,0,0,0.00935590556716176,0.157324087603438,0.00876206980413607,0.0181074742967078,0,0.000355655410073042,0.00122240277870169,0.0175710309410878,0.0241630612056333
0.0470089749852808,0,0.290684532947115,0.0281233366146088,0.0116726826825533,0.902768365166231,2.23188052115557,0,0.00345662286455441,1.53414255526043,0.0452828010754222,0.215609905174833,0.00811609661224664,1.15264763834692,0.0254021257537342,0.000503883287797976,0.0615722027527511,0.0181776650554709,0.0299692681830207,0.0583961124799976,0.0768947120431237,0,0.0797163787993202,0.0256222309333773,0.000201670817290425,0.0433700947936757,0.0212171631181972,0.341741865290095,0.13635096447177,0.435334321092232,0.0013060389643929,0.0286614665606642,0.00299161258133859,0.0548471944745435,0.031275241537012,0.252690929477706,0.0175385168829786,0.048599126338477,0.0307412115123259,0.137315850151119,0.0372159445957433,0.0267438873997155,0.0106544910711165,0.00227443012463528,0.00329131015501555,0.00886744967818,0.0210557681186548,0.010069735786027,0.00326430443927358,0.000118552745533765,0,0.000318373200258529,0.00210866518291016,0.000195133910543084,0.000960948152819646,0.00795838505181659,0.00233027839246241,0.00200347332335856,0.00211778281067802,0.000202326691072797,0.00994021882434587,0.000416330652227998,0.00162166234529351,0.00156805867802555,0.000687012381942284,0,0,0,0.000744701959222042,0.000531807084583807,9.93754564398884e-05,0.000740244279546772,0.0180723767301074,0,0.000253634485586953,0.00253263156245187,0.0192772902635,0.000682659113192785,0.00223987817665884,0,0.000763051420888689,8.19332466165065e-05,0.00516252500630023,0.00426943672137429
0.000143440515905762,0.088739184606629,0.000956879127973715,0.142533741040684,0.0221034266386274,0.0083661198760041,0.0110503833874079,0.00345662286455441,0,0.141180367108046,0.00199599465439976,0.156419879700869,0.0124733282591926,0.00284837491560105,0.0888217406391741,0.00429021725840538,0.000752764202454044,0.000105524458672667,0.000132299209026861,0.0531925855033686,0.00240167656597933,0.504271277550353,0.00165955326800957,2.89921909376061,0.041756358504344,0.00187410641846483,0.331309787837606,0.316956706278639,0.00263379050682682,0.00444065174609412,0.000320397391228151,0.00195876538391764,0.000333804554158664,0.00448199319582767,0.00322266245661111,0.0240418700347339,0.00376530027326089,0.00645188670780777,0.0020494111623287,0.0856582000305726,0.00127299714103999,0.0141446583712496,0.056150826718995,0.00678976407538805,0.0131010642097818,0.00625570109646601,0.0350774535393208,0.00155676030045781,0.00391898610509084,0.00412947863216996,0.00734417408824505,0.00190264844995501,0.0375372190823279,0.00206656440229327,0.00509056454072611,0.0945393469577632,0.00842459394951914,0.255062593469245,0.0389396460663093,0.00347008760232367,0.0218243626492359,0.0127234768769085,0.0190443049091318,0.00702974180840513,0.048075994654357,0.00101443542057074,0.00123282084380996,0.00197725135353705,0.0165816692743923,0.061035172556419,0.0400402331203178,0.016316060700366,0.732920806688314,0.00332931564771383,0.00492760342663291,0.0209112724546137,0.440397407722545,0.0341580683805469,0.0799910372733865,0.00127662880843308,0.00137644339430207,0.00607645406311603,0.0191444595664347,0.0130913904795397
0.00329932932401266,8.55207482208847e-05,0.00624016264695219,0.501045612109957,0.0225125533748322,2.84878105117144,1.60926474234508,1.53414255526043,0.141180367108046,0,0.118800332509011,0.624461469747824,0.0346085370516203,0.639998411011789,0.0622218739768613,6.96055214633465e-05,0.00646962210980924,0.038833937459835,0.0471726145627702,0.756006003306721,0.00105113502227081,4.34050517574549e-05,0.0014657778917825,0.132832015598558,0.00241561249320284,0.0451079526873923,0.014102836970852,1.18121949624714,0.260733806988821,0.0117301608129076,0.00267761930553271,0.105827146764625,0.00190488877269215,0.316001921390201,0.132898714092246,0.769809324436301,0.0339497086304024,0.291265451085458,0.0765423256578972,0.194032140415355,0.070715380272111,0.0646378996406577,0.0437227081439819,0.0019406716028018,0.00951324725529966,0.0142646452108805,0.114291569348399,0.015133674035941,0.00706440200933011,4.56198329574823e-05,0.000237605188371825,0,0.048961295763502,0.00173275108898052,0.00697408097537505,0.0786696788835565,0.00322143269069959,0.0256894561583132,0.0566972985454589,0.000628973201147508,0.0772891256986761,0.000403346070688462,0.00287868036564789,0.0105082270302743,7.40921817897317e-05,3.31652676060081e-05,0.000261093366792345,7.45138216898442e-05,0.018358632903888,0.000415430284779727,0.0004242739736521,0.000138790841986418,0.204838181854623,0,0.000610494226928568,0.000130809363458753,0.234061678622915,0.0018390963200659,0.00243198676048231,0,0.000554879814742827,0.000655845290967703,0.0119622023555744,0.00820253839549039
0.000418125972524238,0.00485342347857142,0.00364995021446928,0.00441777168443464,0.000359383210261524,0.0216289389897401,0.0712843721653739,0.0452828010754222,0.00199599465439976,0.118800332509011,0,0.0449894536623405,0.583883302963795,0.0623741825123946,0.00232959222857547,0.00010481357140007,0.00407250767759975,1.08579307454095,0.222252469248231,0.0155605966474622,0.000874496858051399,0.00429523709240884,0.00151729204958253,0.00880106506891295,0.0531246358978282,0.314444526290555,0.00759806147102331,0.0263990987142053,0.0196438394115232,0.00472799370346496,0.0339555633221797,0.0688843384331167,0,0.660229205368189,0.00604636406030295,0.0439490521066733,0.534218838421925,0.560544072634789,0.0634903074115539,0.00814286342570953,0.00256777357646601,0.396994514367844,0.000438588386370218,0.0764023931739551,0.00024808639914906,0.000126203384582686,0.00137801528936008,0.000268835669638538,0.028313651652168,0,0.0193467299880109,0,0,0,5.86047927378893e-05,9.36931253274921e-05,0.000143832585181224,0.00519408653055573,0,0.0527916074898263,0.00190364039075165,0.279574213211094,0,0.000159736514048385,0.000205330092155814,0,0,0,0,7.54494518767478e-05,0.00776272371110184,0.000161724210940886,0.00443709263927864,0.038420586379515,0.0197655835376862,0.0400049395221632,0.000369614555941355,9.35495253583908e-05,0,0.0779165358934264,0,0,0.000279362577668881,0.00131097136925232
0.000194622746784544,0,0.0011090618737494,0.807499368498902,0.0675365695902832,0.448834552049529,0.0278991282944377,0.215609905174833,0.156419879700869,0.624461469747824,0.0449894536623405,0,0.0171028031971236,0.150888594656704,0.400941981437026,8.17058375151873e-05,0.00263021085577618,0.0157335596260318,0.02101282469138,1.03394245123756,0.000208557214491654,0.000173370629724384,0.000281377466790986,0.143072058606545,0.000356672413438725,0.0190293669087787,0.00770651152622064,0.290668156916082,0.0601818631876301,0.00299281444581888,0.00195990556841234,0.0404439700412772,4.51511637385845e-05,0.109201507224611,0.188638449163045,0.218308988007349,0.0132663776614128,0.0896287348284993,0.0341806401080594,0.356589795010826,0.033544380353481,0.0275613515862093,0.0184794720620425,0.00143087088046629,0.00335006014907928,0.00678406534630048,0.0719724485676668,0.0074631729627197,0.00316920153621462,3.96901425934553e-05,0,0,0.0402674331633851,0.00204658825820066,0.0135570752731234,0.0135187735170956,0.00416990045089434,0.018191957197202,0.0321591116273227,0.000649873837877893,0.114554349056892,0.000343503534034586,0.00454449188788803,0.00701101721402032,0.000166722890179086,0,0.000588905654334986,2.89984099364162e-05,0.0156306513196821,0.000293178491530681,3.35449741608143e-05,8.21110116034508e-05,0.0979422546109946,0,0.00078989358239993,0.000351015915766716,0.101525044146099,0.000794280528976582,0.000508585687261403,0,0.00127380805041086,0,0.00729761512431689,0.0195379127039621
0,0.0557925876791469,0.000702710058529043,0.00148573581453227,7.16405642457961e-05,0.00529009057398995,0.019751970609666,0.00811609661224664,0.0124733282591926,0.0346085370516203,0.583883302963795,0.0171028031971236,0,0.0094892518743714,0.000493381376555657,0.000811443816992139,4.05707037873984e-05,0.000357541898753238,0.000664509346261001,0.0044254049901845,0.000348776894260406,0.0543064099374365,0.000295617672350311,0.0395699652684326,0.371239013135171,0.00813519777214253,0.133995802342134,0.010930718710328,0.00400075509033065,0.00203883801640748,0.12911103897818,0.00992581581075926,9.73379119229791e-05,0.0672786543492442,0.00146576905245778,0.00817455640716874,0.287955897643456,0.118535592106735,0.00268791476715157,0.00242903938838403,0.000797785900920436,0.591875357445409,0.000515374586711049,0.219202643482963,0.000299796674840927,0.000294269052467573,0.000999390731624053,0.000162816118333054,0.095983422574457,0,0.0781246532384523,0,0,0,0,0,0,0.0181157213578857,4.06562108922243e-05,0.15080803547078,0.000658184011834145,0.972165270843254,0,0.000142786512771177,0.000792158815587495,0,0,5.20508240381956e-05,0,0.0002817779108127,0.0315391661312872,2.57725888314008e-05,0.013785671068175,0.227642256485332,0.0351235816211153,0.129548046539718,0.00046506096954825,5.60041688471794e-05,5.76052747898817e-05,0.179885739498689,5.07938309509039e-05,0,0.00129602919591574,0.000210144091177225
1.18688337469978,0,0.54083826711902,0.0248960143373559,0.00191557560260745,0.076228786696658,2.44214245739994,1.15264763834692,0.00284837491560105,0.639998411011789,0.0623741825123946,0.150888594656704,0.0094892518743714,0,0.00692047202301313,0.000484656352534068,0.224171504624201,0.0323012455204164,0.0712452824945529,0.0472407295541317,0.100426426427856,0.000150874936849583,0.143363082664796,0.0350571743646761,0.000539385173333407,0.101935489845224,0.0559257870294998,0.326921527248052,1.37734112575681,1.40058686450327,0.00117798238660499,0.015327860471602,0.0074662052745615,0.110118216867802,0.0220251409886893,0.13152818429457,0.022958028366025,0.0666328609368855,0.0267030079650395,0.0190594642276747,0.0129587854997701,0.013672305117099,0.00746432346044511,0.00108536815636143,0.00231733950817598,0.00381552594119846,0.0120121663815561,0.00346284722716952,0.00225460585658648,2.89837942157864e-05,0,0.00056809846571207,0.000785088188358342,0.000180314155686796,0.000436580476203322,0.0102120995508991,0.000968531941905855,0.00166843184549102,0.00126982188087233,0,0.00623955869495205,0.000334568148474431,0.000969074174862936,0.000320535638266659,0.000686734557855248,0,0,4.16580311759711e-05,0.000611291118774963,0.000650360543430519,0.000302481757451439,0.00105918909221094,0.0151563308799836,8.10284615615367e-05,0.00062234652386291,0.00636555051749253,0.0208917907597333,0.000786179925130989,0.00357169413515591,0,0.000769983856582066,8.15033347529889e-05,0.00403348898861239,0.00160345486990529
0.000617341969557262,0.00203105758318126,0.0040787426761837,0.0392226651745415,0.346372624061826,0.177646360084011,0.043704101632697,0.0254021257537342,0.0888217406391741,0.0622218739768613,0.00232959222857547,0.400941981437026,0.000493381376555657,0.00692047202301313,0,0.00309914741491079,0.00225286561556149,0.000252176510923576,0.00110041608091209,0.0345069256427699,0.0483626300043329,0.00618854979500826,0.0269310622753931,0.240775790850558,0.000534522389462209,0.00137631553655359,0.00846078884633465,0.119618192781535,0.00527560001408688,0.0590325729448055,6.58399568017721e-05,0.036281169714233,9.63205179824832e-05,0.00541212437304633,0.134462910217661,0.0318964878691854,0.00366231195252167,0.00499006706974296,0.00311222757421836,0.324811353831723,0.0141998692230378,0.00236255951586448,0.00900775547352802,0.00063908681113348,0.00124273294597168,0.00313529054617403,0.0214320472417489,0.000848546539179219,0.000395038462192035,0.000116518506513167,0,0.000524939077289295,0.00761449427107762,0.00051716103890338,0.00135316139004699,0.00468929513987253,0.000872607082375799,0.00523314063440033,0.00833129124277455,7.58864166991233e-05,0.00770542003612682,0,0.000951645287751986,0.00191817919897805,0.00111369186269817,0,0.000100916868161583,0,0.00281963603646083,0.000994671919795858,0.000781005158321884,0.00111369406430672,0.0305814397273163,0,0.000228752446386421,0.000541578604480767,0.0293745911362377,0.000671470491258788,0.00190410597648518,0,0.000287785652413941,0.000167928438396549,0.000641752761745131,0.106879670087123
0.000165887027188992,0.013517014879997,0.0120391973839338,4.80273566606999e-05,0.0048124582654438,4.96733622616291e-05,0.00120458133306893,0.000503883287797976,0.00429021725840538,6.96055214633465e-05,0.00010481357140007,8.17058375151873e-05,0.000811443816992139,0.000484656352534068,0.00309914741491079,0,0.0112758498867804,0.000272233633508849,0.00597323461048082,0,0.476678436229594,0.332892370551908,0.27046657586388,0.313826427333563,0.00243396812184021,0.00519748909704185,1.6864708614071,0.159510895163167,0.000822386810537625,0.00506020323642537,0,0.000167480666985798,8.4775194350159e-05,0.0391725543047641,0.0558822975868592,0.536152795034366,0.166122755373485,0.156486907514905,0.134925615916249,0.0031723527040833,0.00169465746204789,0.00598871563316321,0.0438742978532956,0.0193334302598775,0.0102573429149613,0.012959254247104,0.0242542512274338,0.000336510966265273,0.00147540762479975,0.00117498371764418,0.0119510576938635,0.0124465297865577,0.000418023389077461,0.0010339493008714,0.000621885279676771,0.0102111736295797,0.00333219188586039,0.00465270274890294,0.00178367186496824,0.000247149566402864,0.00110115027727839,0.000768524759530023,0.0056776450184039,0.000822975139545247,0.982366240964863,0.00346669179894876,4.27083074043989e-05,0.000954318239931071,0.000242428279563749,0.250465894027869,0.113352628852892,0.588231755611337,0.0852751518266166,0,0.0012208034611805,0.38273810693685,0.176076719551269,0.0146588807499287,0.0782892599264584,0,0.000159205032176947,0.0046085376529492,0.0117762624918449,0.0193249432480356
0.0238723468012613,0.00246345194020974,2.28471482235558,9.51639087890747e-05,0.0010846645646152,0.00480963794116519,0.0106396094985456,0.0615722027527511,0.000752764202454044,0.00646962210980924,0.00407250767759975,0.00263021085577618,4.05707037873984e-05,0.224171504624201,0.00225286561556149,0.0112758498867804,0,0.0270650076010263,0.394166256789131,0.000954039092000988,0.126193686102335,0.00223046417250035,1.18688877297611,0.00524938789086196,0.000110664628775978,1.15182774480359,1.32067172991711,0.0130157205029566,0.389562532528784,0.554034844292245,0,0.00881664698940344,0.0474246552276625,0.673354002176054,0.0230620929136054,0.257283307887144,0.253328261084687,0.177812200396396,0.0905627490059473,0.000945610804110004,0.00111326121490948,0.00103557308482113,0.00936825753262114,0.00309071222001259,0.00314283473508553,0.00442155630914708,0.00162203056894882,8.04412857774375e-05,0.000111860638745379,0,0.00312051267121596,0.0222079110274081,0,0.000135937988992858,0,0.00071151933159343,0.00020445290429486,8.93900022726533e-05,0,0,0.000231690491969299,0,9.22485124340294e-05,0,0.0067180836601774,0.00293870862679226,0,0.000465793539889931,0,0.00617484059029665,0.000883545144400359,0.00981693875039729,0.00348106499317622,0,0.0051324692116738,0.142322073785852,0.00826830614939881,0.000204250551595616,0.0025690224784877,0,0,9.98367109043122e-05,0.00206766338525653,0.00579400140964618
0.000382280035803103,0,0.00799010643423166,0.000789203479874347,0.000170908314541888,0.00644253864706728,0.0249424059605332,0.0181776650554709,0.000105524458672667,0.038833937459835,1.08579307454095,0.0157335596260318,0.000357541898753238,0.0323012455204164,0.000252176510923576,0.000272233633508849,0.0270650076010263,0,0.454577044191783,0.00471859122743042,0.0016358263949313,0,0.0051690798877116,0.00169324571088579,0.000245301826855421,0.14160918413075,0.0159283048467994,0.00753568670218414,0.0135878948039059,0.00623808057485095,4.64368209058285e-05,0.0344211520364151,0.00063033164501462,0.29043036104292,0.0136099313061959,0.0917015754987449,0.388852849805355,0.34156080998581,0.138769563929023,0.00251110796917321,0.000833941045442656,0.000814920376848742,0.000254209132142186,0.0017731955445988,0.000232052271140194,0.000490846990041899,0.000319276883481395,0,9.54521838358399e-05,0,0.000378733970075059,8.06049880154612e-05,0,7.88599737551212e-05,0,5.29067625736714e-05,4.49852475580692e-05,4.4408574125123e-05,0,0.000701782365233469,0.000242289031420326,0.0014066194325238,0,9.67574437473777e-05,0.000129294502601707,0.000126702526859618,0,0.000556708962929177,0,5.32941552296639e-05,0,4.8590997228837e-05,0.000105840538534796,0.000722772842393449,0.0215088039125782,0.0230711440634845,3.21348449120164e-05,0,0,0.00320834191186843,0,0,0.000142820747681356,0.00626091144052926
0.00115269676233898,0.000471106586628056,0.089339028684784,0.00161620566364012,0.000397272521342564,0.00954464815669114,0.0336089145405683,0.0299692681830207,0.000132299209026861,0.0471726145627702,0.222252469248231,0.02101282469138,0.000664509346261001,0.0712452824945529,0.00110041608091209,0.00597323461048082,0.394166256789131,0.454577044191783,0,0.00576766907366082,0.0265007658560259,0.000202551986958814,0.100668711360296,0.00214130428457351,0,0.576451575582171,0.223436370043755,0.0123321460920794,0.0544926027846951,0.020511636482852,0.000112327285197878,0.0639171298940827,0.0069456091610136,1.15351412233245,0.0383653669679715,0.310492542963699,0.466916510346557,0.578716511651256,0.290771523648313,0.00314607434553709,0.000862054706812001,0.00131133627302172,0.00266534696799934,0.00162155713060589,0.000660259495554983,0.000857679997560929,0.00105883112833927,0,0.000384323597227788,0,0.00041426762784369,0.00368795715846133,0,0.000213305971074056,0,3.25618007408977e-05,3.05843471867799e-05,0.000139448524746871,0,0.000270079786090946,0.000676529814431488,0.000699276807252214,0,0,0.000849654562921558,0.000427447283001352,0,0.000594637621339131,0,0.00120171422820602,0.000145326704460049,0.00136447956975773,0.000261492976217353,0.000559209028195167,0.0248146064138627,0.0535879931923765,0.00117537521955834,0,0.000506305139429855,0.00192800102696657,0,2.86635989285231e-05,0.000207538005406105,0.0114936620880346
0.000185331401618206,9.98194187183854e-05,0.000776698740049015,2.97771100318205,0.00839615925415449,0.0462386321698891,0.0113275620947897,0.0583961124799976,0.0531925855033686,0.756006003306721,0.0155605966474622,1.03394245123756,0.0044254049901845,0.0472407295541317,0.0345069256427699,0,0.000954039092000988,0.00471859122743042,0.00576766907366082,0,0.000262755244120276,6.75127969480038e-05,0.000208794215288115,0.0543351837894678,0.00030634526183083,0.00638453297759146,0.00327386069900157,0.472938344201561,0.0224170633566309,0.0012109418500638,0.000362834592432296,0.0113929612755812,0.00010093520462122,0.0268580243125818,0.013017660609336,0.0991344153217191,0.0047589634986563,0.0289277907026938,0.0068126208197312,0.0561922390477788,0.00819521260779161,0.009015737231625,0.0115008886861761,0.000668798780696476,0.00154485022928602,0.00230867248245845,0.0311506959595566,0.00216253034207102,0.00117868717679919,9.56325142826078e-05,0,2.63226682309031e-05,0.0414607759056118,0.000641630152088737,0.00203029508658628,0.0143191973890815,0.00125381835131657,0.00822312141061593,0.0251911206136584,9.94837628355026e-05,0.0200999047812091,0.000181927003541767,0.00117768654057382,0.00263097211897701,3.29743196913004e-05,0,5.25938915919781e-05,0,0.00474795016669832,0,0,7.04652670754198e-05,0.0552552318729273,0,0,0,0.0610017200313163,0.000437847095931923,0.000549403166493869,0,0.000230022044761884,8.98270349317075e-05,0.00265408225181351,0.000979695606109311
0.0167790908576737,0.00216766582733223,0.583848253168606,0,0.0339313289279669,0.0046961949975152,0.175490350951691,0.0768947120431237,0.00240167656597933,0.00105113502227081,0.000874496858051399,0.000208557214491654,0.000348776894260406,0.100426426427856,0.0483626300043329,0.476678436229594,0.126193686102335,0.0016358263949313,0.0265007658560259,0.000262755244120276,0,0.0222206914205468,4.04811861958871,0.0327772368144967,0.000595402486050868,0.0413542505928142,0.362876528147775,0.395833809504165,0.0629141541194199,3.33888818304989,0,0.00188419684064085,0.0136137789635162,1.3230478045035,0.348390958567694,1.89760618400459,0.349197898682964,1.0303028960484,0.709193318674667,0.0136125890506251,0.00810791827373499,0.0193969857075968,0.0340763211400459,0.010283827081766,0.00722324377815187,0.00527508312326819,0.0491969114973947,0.00106309969991276,0.00498948158165318,0.00232334766296426,0.000651838770425773,0.00734278573662552,0.0010222615448831,0.00224097694172246,0.00100194614339668,0.0191923120339725,0.00533900144787923,0.00506850697823115,0.00258978070547434,0.000261399614447475,0.00223759734309099,0.000227198702778924,0.0128966041332999,0.00195299894560277,0.167461093037147,0.000991746878298596,7.34781735159875e-05,0.000301686617024732,0.000796233888176059,0.213297242682869,0.0236989054507722,0.0973329297609442,0.11889644317937,4.76861176136494e-05,0.000418275959419358,0.0503004289232189,0.265892242374648,0.0311992589731279,0.139634377265738,0,0.000406874071303582,0.00746220320451676,0.0149760342384937,0.0768979365342185
0,0.272073094780859,0.00309402395113119,8.46588256681444e-05,0.000795228478715346,0,0.000698566705240561,0,0.504271277550353,4.34050517574549e-05,0.00429523709240884,0.000173370629724384,0.0543064099374365,0.000150874936849583,0.00618854979500826,0.332892370551908,0.00223046417250035,0,0.000202551986958814,6.75127969480038e-05,0.0222206914205468,0,0.0240724861808773,1.68316080985065,0.115312555214273,0.00394333807876755,0.979135523591379,0.101718650974905,8.69289698200699e-05,0.00047212999542067,0.000416348705006981,4.07975496387243e-05,0,0.00160046237408218,0.000422315758991003,0.00563652032535755,0.00874023103342866,0.00365536139210131,0.00193085652764623,0.00692833334222744,0,0.0621685922439663,0.00748124089806116,0.0245054001072455,0.00249230731959402,0.00440208316785507,0.000796071404942581,0,0.0127153843106814,3.80353017791271e-05,0.0267262238860918,0.00501891593475049,0,0.000132137067032433,0.000131773001971054,0.00132326963889762,0.000236168923501075,0.00689239690932218,2.26130934965849e-05,0.00726759152127768,0,0.0530119730286953,0.00081175060117372,0.000436309803746676,0.195273123775285,0.00341075444717379,7.57556275838854e-05,0.000494534396572101,0,0.0507499705793635,0.0419915174651043,0.0773686901213866,0.0379045398437846,0.0120279753431854,0.00438116929886116,0.241688338362034,0.0332212863556297,0.00265439072368941,0.0100372205356369,0.00492948062579954,0,0.000741403690600549,0.0033512708035485,0.00113152335021493
0.0217554521556522,0.00115198025695605,3.51034594234421,0,0.0206530424020529,0.00612941663060783,0.107767063365756,0.0797163787993202,0.00165955326800957,0.0014657778917825,0.00151729204958253,0.000281377466790986,0.000295617672350311,0.143363082664796,0.0269310622753931,0.27046657586388,1.18688877297611,0.0051690798877116,0.100668711360296,0.000208794215288115,4.04811861958871,0.0240724861808773,0,0.11702844321104,0.000211613339063096,0.273033119057738,1.77184665013168,0.575728419248758,0.146043381399883,1.00062660338134,0,0.00324582251929829,0.0258444045499493,1.06077070184715,0.35293018064342,3.19914941394721,1.08087318380543,1.76902590892884,1.33330788073089,0.0210274249123565,0.0042815378884681,0.00474545936216672,0.0373773202248308,0.0133959601779928,0.00853600668940304,0.0108904694311107,0.021599483113915,0.000880410224443901,0.00116357154507688,0.00108919341113269,0.0039746467962806,0.0129794194026825,0.000487584152722907,0.00317849677479515,0.000544478098273957,0.0092330044021731,0.00148841507346675,0.00215433998413342,0.00164990607218686,3.75834683903217e-05,0.000942007478058733,0.00031348559021883,0.00259135694619106,0.000809571331446815,0.627990282513932,0.0025689261935737,0,0.000267736692842257,0.000186621229713321,0.120166937021595,0.0319575776139997,0.508581541675671,0.0413128574248084,6.63409902830601e-05,0.000856878213251092,0.497350429459297,0.105042828808298,0.0065497579804726,0.0364444212145327,0,0.000142784251548576,0.00194227982337307,0.00752795106994459,0.103349156266979
0.00138024865780989,0.33226848115064,0.00509428976106517,0.204698117570183,0.0383633067577815,0.0144980408949244,0.349155999138825,0.0256222309333773,2.89921909376061,0.132832015598558,0.00880106506891295,0.143072058606545,0.0395699652684326,0.0350571743646761,0.240775790850558,0.313826427333563,0.00524938789086196,0.00169324571088579,0.00214130428457351,0.0543351837894678,0.0327772368144967,1.68316080985065,0.11702844321104,0,0.129520166094681,0.00518566781380331,1.4408299764826,1.57590277886434,0.0655651645517215,0.0459044563682039,0.000889771714790978,0.00916072205361741,0.0119443203934579,0.0688044222135055,0.0885158587059654,0.422391147134968,0.0470723940792217,0.092321709319677,0.053336116967703,0.190660331116043,0.0113701123982371,0.0626297123876562,0.337847787368049,0.0305372512832113,0.0803225061778298,0.0342070108622168,0.22122654392865,0.0186422044678592,0.0199250457407652,0.013898224607195,0.0179972086976617,0.0121128322149515,0.0921318212482248,0.00593710364048387,0.0184637120271034,0.472282745564755,0.0383919415549011,0.225015711289291,0.136925459338024,0.00839770782161789,0.0900077307447674,0.037866742375343,0.084754340679022,0.0188819545944319,0.171670934087761,0.00301527934495317,0.000271120429511094,0.00123837755989556,0.0406735416792762,0.160677538548312,0.0729010349269402,0.0861438870853695,1.54378684764042,0.0076709387924698,0.00495636537024367,0.135856172252653,1.57069775743542,0.147329137898525,0.366216954401131,0.00264099011008181,0.0051263506516642,0.0208872078967191,0.096698929851677,0.0570727541148364
0,0.127178303594507,0.000192578009524107,0.000153302464150191,0,3.97328139195919e-05,0.00121259624891189,0.000201670817290425,0.041756358504344,0.00241561249320284,0.0531246358978282,0.000356672413438725,0.371239013135171,0.000539385173333407,0.000534522389462209,0.00243396812184021,0.000110664628775978,0.000245301826855421,0,0.00030634526183083,0.000595402486050868,0.115312555214273,0.000211613339063096,0.129520166094681,0,0.0208257389387077,0.854948292600311,0.00668383600081506,0,0.000343320679241133,0.0535282372811048,0.000398993122621441,0,0.00713429831990861,5.56781581065178e-05,0.000899671468621639,0.033653641217322,0.0083328427909405,0.000345738279774523,0.000806417990748788,0.000105334187069082,0.29394379281461,0.000782059097730925,0.0193716020634424,0.000305424997679329,0.000556105191826845,0.000312967988142848,0,0.0452202171887168,0,0.0252098619575357,0.00033077337703948,0,0,0,4.89484595202208e-05,0,0.00301837501214093,7.52751301151277e-05,0.00905406764556581,0,0.146689678232341,0,0.000144217307538891,0.000259657519219947,0.000229691961764884,0,0.000951731119650605,0,0.00011556758429451,0.00515494616106889,7.06084682470801e-05,0.00236556750928503,0.100681092805931,0.0230712273278676,0.141926904353647,0.000242909406063521,0,9.78219697895051e-05,0.015119945037309,0,0,0.000188711507996941,5.11331335691452e-05
0.00979520941464117,0.00972825248993382,1.64314682118698,0.0010486279451591,0.000244048250269914,0.0101814778688715,0.0363939040071652,0.0433700947936757,0.00187410641846483,0.0451079526873923,0.314444526290555,0.0190293669087787,0.00813519777214253,0.101935489845224,0.00137631553655359,0.00519748909704185,1.15182774480359,0.14160918413075,0.576451575582171,0.00638453297759146,0.0413542505928142,0.00394333807876755,0.273033119057738,0.00518566781380331,0.0208257389387077,0,1.72587276208276,0.0133981486508957,0.0912201464946687,0.0523626052442129,0.0495518062691866,0.04200801711101,0.00876173072147313,0.587952918959099,0.0781127879867682,0.973238402333899,2.99775741356649,0.93163494423394,0.552971643016158,0.00293081736282375,0.00180126430630991,0.00412720890737204,0.0711784951656525,0.152137318467334,0.0354648330781666,0.0468171502177843,0.000826817651556279,0.000187610876396847,0.00111256670299983,0.000491430866496658,0.0486924735769171,0.0781429587152276,0,0.000756068325586411,0,0.000705506350122727,4.35165094751119e-05,0.00500451373109272,7.03986041774866e-05,0.0833610722653275,0.000538475171021199,0.367523202238767,0.000419106635987067,0,0.00248239712713758,0.0314273637724709,0.00236629814936488,0.0473330793878391,0,0.0035264329814387,0.0108926348004856,0.0190756422845578,0.00407345218411319,0.0611003345349596,1.55398823442107,2.98876672954451,0.00351503562399075,0.000260257308514845,0.0039416679685337,0.456539844151848,0.000111462248324919,0.00013461686352129,0.0132479657571119,0.0327263311146967
0.00474198924473886,0.748914418788988,2.69325276727869,0.000399387422284651,0.00223406650155802,0.00408023822414408,0.0254544315203424,0.0212171631181972,0.331309787837606,0.014102836970852,0.00759806147102331,0.00770651152622064,0.133995802342134,0.0559257870294998,0.00846078884633465,1.6864708614071,1.32067172991711,0.0159283048467994,0.223436370043755,0.00327386069900157,0.362876528147775,0.979135523591379,1.77184665013168,1.4408299764826,0.854948292600311,1.72587276208276,0,0.554990356081525,0.0479477816883583,0.0635191843527235,0.0114563313832179,0.0187392650654981,0.00441269086525763,0.984139642346497,0.226800439313778,2.87438869421367,1.39588910715305,1.56972708957759,1.12955346828041,0.0107342059514673,0.00281735028987296,0.0343699210494657,0.515825237096026,0.215107463032035,0.209712023272903,0.295915532479171,0.0118444757806084,0.00099041861558623,0.00793163080252877,0.00470197664357989,0.647737686983353,0.835510235720752,0.000282656216951013,0.0021033734677238,0.000318572679149413,0.0251298344775499,0.00248919503858712,0.0257893645561409,0.000467660989075828,0.0242101658457438,0.000500491828026128,0.208175598322027,0.010698135876195,0.000108197634918356,0.651130547693607,0.181198523517425,0.00267875250490524,0.103575850490996,0.000244193211083889,0.0778689871265844,0.18698160989046,0.934745472651489,0.0845667656717828,0.143449705506189,1.84375393538463,13.112997016223,0.116348380869436,0.0044127675638726,0.046709409693126,0.215556800164707,0.000129833711687469,0.0010058722610299,0.0934805602151682,0.104263740196472
