0,0,591.345827847719,36.5318284332752,5.61650812625885,158.293781131506,8705.27361515164,2211.76565495133,32.6134723424911,500.647487848997,207.396359264851,173.146220177412,305.667762041092,18598.4551762044,30.9217154979706,5.11622399091721,663.355216145515,118.441321402788,197.427775353193,47.1975526511669,576.459716647863,4.09814435243607,1380.04430896044,154.702873170376,1.13541615009308,225.319766938686,424.134846895933,890.781893193722,18746.0209286213,20989.6030660868,4.39133578538895,243.094983190298,241.554572880268,1232.6169527173,412.704465419054,1637.6296389699,83.4743174612522,723.031644672155,339.519460886717,213.959929257631,73.4369597434998,34.77270591259,219.220128804445,2.40351459383965,33.9681375324726,29.3028952479362,77.1409030258656,36.395089328289,6.49734872579575,16.9096113741398,0,17.7968876957893,1.12953144311905,0.535711050033569,5.41481643915176,178.974564939737,22.4209844470024,44.1081039607525,4.31584498286247,30.7035636305809,3.21648690104485,2.76950404047966,31.3072830438614,1.95849859714508,19.3048819601536,2.66730242967606,0,0,2.44229629635811,8.64624771475792,8.16204723715782,25.0321534276009,508.004391998053,0,4.11318624019623,55.4388409256935,304.548373311758,66.6236348748207,116.627410084009,0,8.26661342382431,8.99263593554497,100.012448966503,26.1747818589211
0,0,81.7251070737839,0,1.0649049282074,0,3.18050661683083,1.26919284462929,1851.0539547205,0,74.6677837967873,1.40389621257782,1337.48920124769,2.42775958776474,17.4917280375957,610.122219920158,51.0434217453003,0,14.0880759060383,0,111.571766257286,6217.33448296785,240.086287260056,3046.30543106794,4489.54284179211,280.296231240034,14312.0291672647,119.995572179556,1.99418610334396,2.6261168718338,140.974966973066,2.76226627826691,0,83.2612408697605,17.9336196184158,136.877762019634,63.707223534584,35.6992940604687,76.3865252137184,27.641994446516,2.50813615322113,178.291763305664,152.490516513586,42.767903059721,25.1502910256386,66.6016628742218,0,0,43.3675963878632,1.47474181652069,746.418131232262,159.162144690752,4.31953608989716,0,1.46574914455414,2.06740635633469,1.97233688831329,6.37808328866959,0,100.355882585049,1.4335777759552,288.240236580372,6.6430726647377,0,93.1098247766495,149.519686877728,2.59284245967865,75.9984430670738,0,23.7230866551399,200.374021530151,138.98532423377,30.3824713230133,76.8894931077957,861.860754698515,3648.91068357229,28.4447824656963,0.489085525274277,23.815431624651,21.1376146674156,0,0,30.3309969604015,2.11563277244568
591.345827847719,81.7251070737839,0,0,3.60377192497253,8.3146436214447,687.546216338873,255.327177911997,13.9897359609604,10.9118240773678,66.3587667942047,4.48494881391525,71.397228628397,941.950794279575,6.44255971908569,215.780757933855,27709.8919185102,65.3915765285492,1566.6905298233,0.935330778360367,2751.39563423395,140.924910098314,30676.2966301143,509.389051556587,0.752398788928986,25720.1238682866,47509.9176268578,1207.32259985805,903.02324745059,3773.24694097042,0.864351212978363,11.0484859347343,41.5293174982071,1530.16434285045,307.946070879698,3304.15624397993,2020.91519171,1728.32271847129,2301.14968237281,36.2116075456142,20.5900996923447,14.9983839392662,1374.71751564741,220.689603179693,171.446751743555,603.221821457148,24.4788372516632,8.16068786382675,1.27231830358505,13.345439851284,194.518616318703,3132.92448306084,0,0.601862490177155,1.31269359588623,49.8224038481712,26.0826078355312,6.35575735569,1.25786092877388,11.9689427018166,0,0.818345487117767,38.2972542345524,0,290.489967614412,1184.27066239715,6.96500197052956,211.019479542971,0,179.450586408377,144.062441647053,2083.56091856956,124.801434606314,2.64596223831177,935.450722098351,6732.55057129264,164.201942265034,46.9446828961372,187.294309914112,0,1.59059643745422,2.80258932709694,128.243502363563,112.114429444075
36.5318284332752,0,0,0,26.4101534485817,211.621998041868,774.380014389753,199.884041786194,4304.4880117476,10598.7652365565,40.8346863389015,1818.81663835049,220.327671647072,222.037154525518,439.506034642458,0,2.11115598678589,22.3452695310116,11.5829840898514,39983.7910306454,0.512929856777191,0,2.0944356918335,6206.3031693399,0.448474824428558,9.51624321937561,0.489209473133087,14434.4764429629,290.327234119177,12.8281989693642,0.888413667678833,32.8567166924477,14.7714858353138,186.445188760757,123.397961348295,1029.77035224438,3.82205200195312,153.023153781891,19.4580509364605,690.695489168167,71.236122071743,13.0620220899582,70.0609511435032,0,14.7681837677956,4.04871964454651,582.588256001472,13.7066445946693,0.721878439188004,2.0068570971489,0,0,1615.97918099165,12.0103430449963,364.962000519037,484.445273011923,100.543734610081,878.216531783342,1658.52226141095,34.3322082459927,1737.60730314255,8.77402853965759,58.5577771663666,162.191604763269,0.431503355503082,0,0,0,965.203666806221,2.27212512493134,3.77977085113525,2.90912908315659,1839.72683718801,0,1.09321597218513,1.43451619148254,3439.6938893497,38.019029378891,7.47813966870308,0,13.1021453142166,4.14730834960938,75.182503670454,10.5884993672371
5.61650812625885,1.0649049282074,3.60377192497253,26.4101534485817,0,701.752578943968,28.6987323760986,35.1011166572571,166.004596889019,48.8200788497925,2.33875405788422,148.269323915243,7.18691518902779,22.8565292656422,5290.72115534544,10.457013130188,6.25237613916397,1.1881422996521,0.545922458171844,17.6200264692307,69.235044002533,8.08945620059967,39.4444682002068,186.313931554556,0.957297444343567,2.30854612588882,15.5306817293167,105.41532304883,20.2098569273949,84.6054758429527,0,1327.60129123926,1.77321600914001,36.3640277683735,343.40564674139,172.812320947647,7.50163507461548,11.0746350288391,11.0806267559528,12797.3637904525,841.672402024269,4.00396674871445,9.3798725605011,8.52284675836563,0,22.006967663765,13.0963487625122,0,0,0.578217089176178,1.42016923427582,0,0,0,3.51520013809204,5.13208031654358,5.43483835458755,4.52085936069489,6.21485948562622,2.92032116651535,7.9295506477356,0.620873689651489,1.77169096469879,1.56599700450897,5.92754465341568,1.59698557853699,0.933749079704285,2.61454391479492,1.06535422801971,5.86330246925354,1.96704852581024,15.1660386919975,8.12178498506546,0,12.4147601127625,11.9716087579727,8.78929495811462,2.45543220639229,11.8570041656494,0,0,0,1.72317123413086,182.198674559593
158.293781131506,0,8.3146436214447,211.621998041868,701.752578943968,0,5042.08755043149,11834.4647997618,535.53481644392,22494.0695985258,248.926356077194,7169.60942590237,780.723493903875,3538.53861513734,3039.48602429032,2.89566624164581,27.8625072538853,173.793542832136,75.3723022043705,794.473735779524,20.6938289105892,1.23861956596375,28.7217322289944,247.542342811823,2.26084417104721,70.4913120865822,28.4608831703663,444.238879710436,539.282516807318,137.251885086298,5.94109749794006,307.84911647439,9.43759015202522,420.452510982752,7166.38623785973,1472.67608466744,43.1665433347225,261.922910004854,117.251807659864,6161.82329407334,1165.15919589996,71.0952570140362,178.263847142458,4.90297383069992,38.6157983541489,31.8419003784657,805.012248277664,35.7360745966434,26.0954660177231,14.5845902562141,0,0.384972214698792,147.834013432264,11.7598206400871,200.858693599701,387.653722673655,105.172078609467,113.339663892984,343.765961706638,67.0396246910095,436.81513941288,18.2563894987106,71.6837215125561,159.639187633991,1.86663126945496,2.06701719760895,0.864143431186676,0,175.39324966073,2.38384816050529,1.84169316291809,6.39721447229385,1106.88047561049,0,2.30068397521973,1.0063556432724,885.445536881685,88.4783435463905,36.794510692358,1.13549506664276,59.904264986515,7.61704766750336,106.495747774839,400.309613823891
8705.27361515164,3.18050661683083,687.546216338873,774.380014389753,28.6987323760986,5042.08755043149,0,10662.9406315982,498.062053203583,17439.4402277172,497.174449652433,482.442245811224,1955.47822216153,34882.7668377757,267.839663237333,35.1569285988808,110.58823594451,303.669294387102,161.959873110056,167.37183830142,960.657253354788,34.5162515342236,1207.87317034602,10225.1933783591,2.12525677680969,306.94049346447,499.45449540019,78653.1904860139,6376.51339673996,15868.4069944918,5.91689801216125,404.724964022636,312.869195014238,2959.97069782019,1942.35376209021,7790.61385089159,212.914099872112,2882.97904676199,757.076820284128,1675.60952478647,816.507215112448,187.641207158566,634.35984686017,13.9773142933846,125.301059961319,90.1385026574135,554.280322402716,113.294064253569,46.302788734436,51.1571531295776,3.68274146318436,21.04734146595,169.781071603298,1.43427509069443,175.109600424767,1197.39132463932,223.341606706381,215.276348859072,409.51554313302,197.459267556667,117.963904649019,31.1851466596127,264.185803472996,65.0972625613213,113.337105095387,11.0001993179321,0,0.571547210216522,133.941438555717,28.5966731309891,44.0189895033836,172.815936774015,3530.31420072913,0,3.75343215465546,85.2286463081837,2269.09589067101,330.457488000393,220.525091320276,0,77.9640393555164,31.3213702738285,413.367633134127,171.742840647697
2211.76565495133,1.26919284462929,255.327177911997,199.884041786194,35.1011166572571,11834.4647997618,10662.9406315982,0,133.458968490362,8433.49895554781,329.630339533091,3947.05620014668,1001.90929254889,20758.7449193597,831.033080011606,1.99392360448837,278.939434349537,176.814487665892,161.078110933304,753.098409920931,241.733535528183,2.13095659017563,537.285340100527,199.52684545517,1.90204030275345,177.262804269791,202.745535343885,922.999498844147,1416.63266640902,2019.60210198164,8.0871085524559,1479.63506659865,74.8761910200119,1015.72124239802,231.54208534956,3476.39156517386,76.5515830814838,476.182670414448,255.960272431374,4294.44134998322,1567.79337513447,104.485406458378,317.478211075068,2.20841786265373,53.4574153423309,50.0669384002686,254.179308086634,52.9531293511391,46.1436976492405,22.3529223799706,1.50515735149384,7.76703754067421,20.2815996408463,2.14357793331146,39.6241277754307,369.27169790864,49.3484932482243,68.9317948520184,48.6986863315105,69.860054820776,80.3144074976444,18.8537238836288,37.6765577197075,38.5715918242931,14.926204264164,0.415169030427933,1.29133552312851,0,29.0943654179573,9.33396807312965,10.5948258638382,11.3138592839241,1198.77078273892,0,7.83500519394875,16.5495509207249,573.396297574043,86.8590679168701,138.071754395962,1.02545180916786,54.0793470442295,11.7521007359028,144.14501953125,58.9463795423508
32.6134723424911,1851.0539547205,13.9897359609604,4304.4880117476,166.004596889019,535.53481644392,498.062053203583,133.458968490362,0,1900.91702243686,74.3372866809368,3600.87341853976,801.859060108662,125.152723193169,1772.35172399879,308.989788591862,10.9158462285995,16.8440838158131,12.441382586956,1744.92521744967,376.581389725208,6438.19572630525,184.659269273281,32315.866039753,933.471678584814,205.244898825884,4265.14404001832,6510.72039988637,208.987498492002,69.606861025095,82.6730431318283,34.3094666004181,10.9178242683411,139.095100343227,68.0260618627071,578.880739271641,35.5430170595646,119.29293012619,53.474987745285,1158.24331101775,39.2259968519211,81.5981358885765,589.78917953372,35.1343658566475,84.132832467556,77.5294475853443,294.536404460669,40.5458805263042,36.8207794427872,106.26456284523,32.6224380731583,20.0700414478779,709.55659866333,10.8097999095917,142.8788857162,618.703659206629,131.311487019062,2628.69303405285,657.796100258827,127.389260232449,417.425194680691,140.009431988001,181.186207920313,118.736313462257,862.861485272646,25.7210876941681,27.8832872509956,23.6818821430206,415.9637760818,690.520524084568,1656.46952292323,429.427335292101,4934.09073832631,10.8817369043827,79.8730759620667,264.095336675644,3115.69350877404,475.567072421312,683.817994982004,12.926490008831,30.1712355017662,44.3366988301277,201.580302357674,122.318293571472
500.647487848997,0,10.9118240773678,10598.7652365565,48.8200788497925,22494.0695985258,17439.4402277172,8433.49895554781,1900.91702243686,0,935.872111946344,10253.6412287354,2670.34510886669,6916.58140939474,735.394181728363,3.82624882459641,33.2578843832016,508.145040631294,237.092573821545,19034.1124696136,11.5401971936226,0.478339642286301,27.6847951710224,1162.60322147608,5.21254643797874,304.62350872159,61.5328972637653,4616.48535698652,3813.02723038197,199.938593804836,15.8603705465794,796.203559458256,16.4096108078957,3159.96209082007,1142.05362254381,12612.0687917173,142.463407367468,2230.2251187861,329.971912384033,3475.76655912399,1100.17571553588,277.303653687239,261.587838292122,1.82097595930099,52.4708598256111,56.1810832321644,1921.60202494264,59.6841460168362,36.9534483551979,10.679131090641,0.524309158325195,0,1294.77916878462,32.9120848178864,775.999711275101,1386.41399684548,240.18948328495,701.655312180519,2759.93159261346,100.468534976244,1829.37354394794,16.7191697061062,126.286583930254,401.997133433819,6.48527160286903,0,0,0,1403.53937217593,6.69564965367317,9.40388071537018,4.96964484453201,3949.57709366083,0,0,0,5621.6467538774,114.706467211246,27.28296905756,0.691353857517242,29.38639742136,7.23340684175491,247.921191394329,73.4378846585751
207.396359264851,74.6677837967873,66.3587667942047,40.8346863389015,2.33875405788422,248.926356077194,497.174449652433,329.630339533091,74.3372866809368,935.872111946344,0,872.729456603527,7005.96817603707,439.128811210394,82.3597474992275,15.7219440340996,349.282738596201,15858.4619170129,3409.8808747828,188.879531443119,94.7998832166195,144.03276887536,304.290772110224,84.8089191019535,320.79534471035,4354.92427000403,414.736406385899,152.498015969992,1226.18859639764,135.418602108955,1296.434751302,607.439442902803,20.2664832472801,12097.7124900222,320.14594823122,2517.92976367474,4835.48082461953,5765.622030586,2145.36537012458,640.525889098644,60.2269369363785,4817.18502876163,24.4977014660835,614.739879369736,10.32101598382,14.2526516318321,35.7476925253868,3.67205041646957,1161.87570625544,0,395.834564566612,17.4400512874126,0,0,2.76453599333763,21.0010272264481,2.6740970313549,121.067349970341,3.24649840593338,3134.28078061342,10.7683237195015,9917.91947078705,2.05146116018295,2.68324959278107,14.5545047223568,8.14026170969009,39.2268479466438,4.39037281274796,0.382487207651138,4.00524485111237,100.08842331171,7.1060962677002,231.877143800259,1052.15142405033,2105.45697894692,1005.1315176785,36.60945931077,10.5695785880089,10.8205038011074,1449.40138813853,14.7717962861061,0,58.0977342128754,75.6619715094566
173.146220177412,1.40389621257782,4.48494881391525,1818.81663835049,148.269323915243,7169.60942590237,482.442245811224,3947.05620014668,3600.87341853976,10253.6412287354,872.729456603527,0,1484.89866986871,3003.01657557487,2907.00544202328,3.86456394195557,39.0670826137066,485.418275088072,289.349911391735,13548.3655883074,10.2738059163094,1.11588943004608,19.1745958328247,824.804191529751,6.64871299266815,311.508063822985,67.8669636249542,1202.6193484962,2454.49019619823,72.8029164969921,17.6468842327595,583.493723899126,2.42533725500107,1816.39697882533,4818.32702207565,3402.65204367042,103.233762472868,731.309588611126,175.549829274416,3404.59809306264,319.183056861162,205.102570712566,114.465129554272,6.46430933475494,36.573020607233,44.8273264467716,1434.82913026214,25.8195245862007,46.5133046507835,3.38784736394882,0,0,463.920972913504,27.5967270731926,479.863377273083,272.380894303322,123.547666549683,340.236294388771,790.516659557819,79.7967882454395,1308.24376037717,18.0903668701649,99.7048079669476,436.610064983368,1.48011642694473,0,7.80539673566818,0.790296852588654,657.002190053463,8.26772132515907,1.18284261226654,1.81537395715714,786.31850489974,0,2.48586505651474,2.47404599189758,1384.34504577518,61.3952854275703,29.6473295986652,0.991206437349319,62.4773128032684,4.16780233383179,89.682735234499,529.494745075703
305.667762041092,1337.48920124769,71.397228628397,220.327671647072,7.18691518902779,780.723493903875,1955.47822216153,1001.90929254889,801.859060108662,2670.34510886669,7005.96817603707,1484.89866986871,0,660.611359238625,210.26118311286,323.74635797739,84.1646699011326,94.2385536730289,66.1080033183098,435.501218289137,681.040417224169,2140.82723891735,774.416199892759,1522.8522182107,8813.51109611988,219.786296576262,541.678707897663,2052.23803514242,1139.61902970076,1255.28561347723,1741.50307568908,758.661364406347,87.0099972486496,3951.10365322232,379.763815402985,4944.06035780907,1359.40424463153,3853.60012182593,3294.28056147695,7638.23167735338,1374.20973169804,5206.3735652566,1603.05918070674,997.547245174646,587.613375902176,242.032833188772,4472.90078008175,277.310471355915,2958.5238122642,76.8302190899849,836.669338226318,15.3032540082932,59.9890993237495,12.0630358457565,253.412815272808,998.638118833303,400.956720769405,235.140484511852,624.791894465685,6427.44032227993,494.226179927588,19753.454593122,363.285947322845,119.469471842051,138.91893273592,12.7339145541191,149.044074296951,35.396585971117,181.573455959558,157.109213620424,182.962439209223,136.271285772324,1403.86760374904,4087.53717577457,4036.99710482359,4242.71501660347,1064.38058394194,355.308737188578,516.613990664482,2172.23405697942,776.779156506062,34.9754970669746,427.151839107275,87.8167407810688
18598.4551762044,2.42775958776474,941.950794279575,222.037154525518,22.8565292656422,3538.53861513734,34882.7668377757,20758.7449193597,125.152723193169,6916.58140939474,439.128811210394,3003.01657557487,660.611359238625,0,194.902137190104,8.98470529913902,998.800023943186,271.856362849474,348.034096926451,637.468834459782,821.133747249842,5.35919773578644,1966.04206687212,357.341679871082,1.43553590774536,413.647121101618,652.882557719946,1877.20339220762,14583.1875050366,12339.8115282655,8.44638192653656,888.112899690866,300.928461164236,1561.82583534718,535.50984749198,3340.92442655563,131.031862616539,1113.77145758271,519.069024115801,1170.51575264335,151.717697530985,75.3914307653904,574.675104618073,3.7614232301712,88.9645304381847,61.197005212307,296.864133566618,60.0561406314373,13.0990580022335,40.6168432235718,3.59801077842712,19.8618492186069,16.7877979874611,1.84669673442841,25.6806263327599,623.014885365963,49.0852608680725,157.011670410633,63.5555965006351,64.0345089733601,37.7446944415569,15.7525191605091,57.0419933795929,20.3420594334602,33.5324370861053,1.73913705348969,0,0,14.3180727958679,26.1223039031029,23.202212870121,36.3019203543663,1876.31254824996,0,5.85646080970764,47.1235803067684,1015.34735548496,167.433453321457,287.6866787076,0,21.8429978191853,23.9061049222946,233.902211248875,25.9521342515945
30.9217154979706,17.4917280375957,6.44255971908569,439.506034642458,5290.72115534544,3039.48602429032,267.839663237333,831.033080011606,1772.35172399879,735.394181728363,82.3597474992275,2907.00544202328,210.26118311286,194.902137190104,0,4.59558606147766,10.6299195289612,39.7115443646908,26.4618533551693,353.61828276515,74.9308764338493,73.3355773091316,51.4919857382774,2382.8644977212,17.8793102800846,25.2335430085659,87.6903865635395,1034.46182733774,135.809060156345,206.107341855764,0.645178318023682,176.96225297451,6.69445145130157,127.180537998676,3085.86259579659,520.349876880646,30.0225605964661,85.8377675116062,56.9612253904343,10276.6554054618,50.1006306409836,27.7173284292221,56.0074607431889,56.7988877296448,10.1707167327404,111.730697214603,271.679698348045,6.69720602035522,5.68971520662308,1.44979855418205,1.55090534687042,2.43626797199249,37.6555030941963,7.59287631511688,75.4247183203697,58.897255808115,26.7747796773911,71.6826149225235,83.6072362065315,19.7619417011738,180.861380249262,3.40914130210876,13.1184903979301,80.2367271780968,16.8544140458107,2.9381457567215,11.9677816033363,13.7148562669754,76.1433812975883,32.6945641636848,22.6437605023384,61.2246074676514,135.14247071743,0,33.3020535111427,75.95658197999,192.039578437805,20.1366298794746,25.4008232653141,0.724486529827118,16.7656954526901,1.25008118152618,14.1069657206535,1002.6787776351
5.11622399091721,610.122219920158,215.780757933855,0,10.457013130188,2.89566624164581,35.1569285988808,1.99392360448837,308.989788591862,3.82624882459641,15.7219440340996,3.86456394195557,323.74635797739,8.98470529913902,4.59558606147766,0,256.877653837204,16.670376598835,134.983509838581,0,9463.37902837992,8506.12767851353,10393.2627064288,3837.99729326367,153.477710425854,318.640387624502,6474.81132984161,1926.95356565714,19.0428742170334,115.661977529526,10.5231737792492,1.37807202339172,1.56288915872574,657.049479544163,395.637553393841,4977.80986392498,1103.60682165623,1701.46709784865,2179.90395304561,13.1641130745411,14.0276730656624,17.8904365301132,879.940235853195,145.919972807169,154.783655792475,365.392023891211,114.415034562349,13.144466817379,6.23495516180992,12.0144912302494,54.3095954358578,195.279930919409,0.498574376106262,3.69535720348358,7.38443419337273,101.511912703514,49.6740054488182,45.8394631743431,2.85098725557327,46.5297474861145,1.95623943209648,24.4364523887634,50.1744787991047,11.7554115056992,8841.08374911547,213.378447115421,9.09913557767868,42.0914123803377,1.45998069643974,3471.70198085904,2651.54186719656,6798.48527827859,1385.0022136569,4.88672077655792,105.42467930913,1535.6218431592,1483.60240283608,99.882983237505,945.029654681683,0,11.4449236094952,15.4905869364738,138.097353041172,242.829868227243
663.355216145515,51.0434217453003,27709.8919185102,2.11115598678589,6.25237613916397,27.8625072538853,110.58823594451,278.939434349537,10.9158462285995,33.2578843832016,349.282738596201,39.0670826137066,84.1646699011326,998.800023943186,10.6299195289612,256.877653837204,0,503.76192843914,11180.8654311299,9.13923361897469,2794.95345655084,111.415462732315,19009.4654535949,232.466422110796,0.447885662317276,7784.47330856323,14546.6277610362,408.667529791594,2200.7543451786,7194.94005361199,0,41.9212388396263,263.086285412312,16636.2518228889,347.841644376516,3492.82980391383,2292.99671822786,4152.21281540394,3560.69630196691,52.1029511094093,16.1945415437222,13.5186378955841,527.846035152674,164.192333579063,60.3964378833771,272.745309591293,10.1871220171452,2.19612145423889,0,2.14296010136604,104.577727019787,1640.54977354407,0,0,1.12200057506561,15.8708375096321,10.1357286274433,5.35122317075729,0.352960139513016,3.16449731588364,0.494518995285034,0.549182951450348,11.7580320239067,0,147.971874415874,687.208853811026,4.79318854212761,124.457640320063,0,65.7359386086464,61.3249647915363,793.809163123369,44.8110683262348,0,589.784018844366,3592.53859311342,63.4897278249264,9.45412075519562,83.392863959074,0,0,0,65.7154461443424,93.9444258511066
118.441321402788,0,65.3915765285492,22.3452695310116,1.1881422996521,173.793542832136,303.669294387102,176.814487665892,16.8440838158131,508.145040631294,15858.4619170129,485.418275088072,94.2385536730289,271.856362849474,39.7115443646908,16.670376598835,503.76192843914,0,3898.43640166521,114.349883824587,65.1180210113525,0,190.60604506731,24.3304741978645,0.496921867132187,2857.67833217978,290.25654309988,73.446851760149,764.311833679676,90.5700598955154,30.3868118524551,336.686278104782,13.073138833046,5428.30045217276,451.571320205927,3600.07680144906,5018.96360570192,5952.63671517372,3171.89791810513,376.830219894648,34.3996718525887,83.3992914557457,9.78220021724701,40.4538862407207,3.10338833928108,3.48317140340805,6.80542558431625,1.18865871429443,45.6418485343456,0,10.0325452685356,17.4732985496521,0,0,0,0,0,25.666292309761,0.539732396602631,98.1857368648052,3.74697744846344,173.184516817331,0.57820600271225,0,5.96599727869034,13.519354224205,4.46726703643799,6.35318365693092,0,1.98691534996033,7.04560196399689,2.62505573034286,5.90900814533234,12.6439735293388,239.132379949093,154.407535225153,0.487460762262344,0,0,61.816361784935,0.567341089248657,0,1.39792972803116,153.385208070278
197.427775353193,14.0880759060383,1566.6905298233,11.5829840898514,0.545922458171844,75.3723022043705,161.959873110056,161.078110933304,12.441382586956,237.092573821545,3409.8808747828,289.349911391735,66.1080033183098,348.034096926451,26.4618533551693,134.983509838581,11180.8654311299,3898.43640166521,0,59.7563194930553,831.363229960203,20.0420779585838,2275.53665551543,80.2507147490978,0.709247767925262,4483.65767470002,3646.32488325238,170.463274568319,1061.21372702718,892.887216776609,1.20006334781647,151.092558830976,83.0139420926571,14771.4935646057,488.662739574909,5473.57717859745,3047.3116286099,4157.51874288917,3696.96686759591,207.313351631165,15.7884400188923,12.0159703493118,82.7355642616749,29.7972131073475,16.6724343895912,75.5060608685017,5.84254360198975,0,1.66402369737625,0.483067244291306,43.2731631100178,221.728194743395,0,0,0,1.99834907054901,0,7.86620163917542,0,0,1.20723935961723,6.42638289928436,0,0,39.3542981445789,206.893597334623,0.339699536561966,97.1641995608807,0,15.1738289892673,9.12580522894859,89.0925524830818,13.697092294693,0,612.778750300407,1072.78431224823,7.12334805727005,0,7.12176844477654,0,0,0,19.4758082032204,181.357708930969
47.1975526511669,0,0.935330778360367,39983.7910306454,17.6200264692307,794.473735779524,167.37183830142,753.098409920931,1744.92521744967,19034.1124696136,188.879531443119,13548.3655883074,435.501218289137,637.468834459782,353.61828276515,0,9.13923361897469,114.349883824587,59.7563194930553,0,0.713059365749359,0,2.21129176020622,1079.07638242841,0,71.8197862505913,15.3655793070793,4922.76915821433,483.317811280489,18.4573315680027,5.27775785326958,146.251477122307,0,385.673096001148,90.4041641652584,1226.64139398932,31.93414452672,168.698557287455,50.1068265140057,735.110506564379,100.858981966972,42.3456591069698,81.4086804986,0.887354671955109,18.7529397010803,6.46873474121094,758.382918387651,10.1010390222073,10.7699157893658,2.16857016086578,0,0,883.81519523263,23.3385414779186,373.039772540331,382.048097223043,111.565889149904,391.619951337576,1305.26870456338,45.8144999742508,885.530313283205,10.1946747899055,67.4526045322418,234.346655458212,1.82962703704834,0,0,0,655.020550072193,2.45021590590477,2.10713940858841,2.68164354562759,1220.26039233804,0,0,0.731599509716034,2409.72975108027,51.9407700300217,9.98006251454353,0,19.2946121394634,0.955974042415619,47.2567873001099,10.3086477220058
576.459716647863,111.571766257286,2751.39563423395,0.512929856777191,69.235044002533,20.6938289105892,960.657253354788,241.733535528183,376.581389725208,11.5401971936226,94.7998832166195,10.2738059163094,681.040417224169,821.133747249842,74.9308764338493,9463.37902837992,2794.95345655084,65.1180210113525,831.363229960203,0.713059365749359,0,1383.05684512854,66088.8519196212,3372.31106004119,27.018430262804,873.403077811003,3394.03657341003,17094.3628697991,1031.01715350151,33708.7194035351,5.9327327311039,14.6305581927299,254.876335680485,19642.140912205,4239.69931975007,20878.5272587836,2662.89601421356,16562.5667392313,9800.31704753637,225.801642030478,80.4407795071602,44.4720629155636,784.470339030027,69.5572352707386,133.03818166256,222.98661890626,122.449078410864,21.0610961616039,8.5171383023262,28.8320882022381,33.9394799470901,144.877740770578,0.431706815958023,8.20534211397171,7.09174278378487,218.215237230062,101.273334562778,108.555930584669,4.29604735970497,76.8994445502758,0.835724353790283,35.1446560323238,81.1786229610443,21.9911581277847,2922.36315241456,103.249907195568,1.49497973918915,15.4602413475513,0.679853439331055,3310.7690140605,2005.51763707399,1898.09167793393,2341.30551978946,1.83216631412506,36.4471859037876,844.30531206727,2883.75105634332,283.108466267586,2152.7225291431,0,9.81007313728333,38.3149076402187,232.735248714685,723.919871211052
4.09814435243607,6217.33448296785,140.924910098314,0,8.08945620059967,1.23861956596375,34.5162515342236,2.13095659017563,6438.19572630525,0.478339642286301,144.03276887536,1.11588943004608,2140.82723891735,5.35919773578644,73.3355773091316,8506.12767851353,111.415462732315,0,20.0420779585838,0,1383.05684512854,0,2147.43835100532,16736.6873693168,2945.94434717298,595.2158600986,21953.7298078835,1030.70875304937,10.0516358315945,38.5304023623466,266.340577840805,1.70884728431702,4.39685148000717,170.643074601889,46.3222523927689,494.524003714323,182.438543558121,170.729969829321,182.519509643316,105.191233962774,2.11238765716553,311.999978899956,1000.75363618135,152.313820123672,154.863980561495,429.461615562439,41.8127066791058,6.34430414438248,78.0299595296383,12.6591189801693,1137.36200433969,399.274607419968,9.40980440378189,3.92200839519501,1.51294875144958,62.3752583861351,20.0887334644794,75.8773581683636,2.48601633310318,172.641094624996,0,533.543064266443,35.0145720541477,4.73050773143768,2713.10663154721,242.900263309479,10.2970781624317,99.0695188045502,0,953.601633429527,2263.18749049306,2139.90647274256,726.280642956495,164.820461332798,708.396787673235,6348.37873533368,533.314909398556,49.9380834102631,362.564897358418,47.1086522340775,1.07921323180199,3.62687355279922,89.4676358699799,81.4653732180595
1380.04430896044,240.086287260056,30676.2966301143,2.0944356918335,39.4444682002068,28.7217322289944,1207.87317034602,537.285340100527,184.659269273281,27.6847951710224,304.290772110224,19.1745958328247,774.416199892759,1966.04206687212,51.4919857382774,10393.2627064288,19009.4654535949,190.60604506731,2275.53665551543,2.21129176020622,66088.8519196212,2147.43835100532,0,2829.10108879209,56.8840684592724,4431.82483264804,45806.329016,8841.03124323487,2293.48990401626,24302.5747293234,5.78212395310402,29.3737716972828,233.062777996063,20787.4328545928,4327.16251847148,39260.0042693913,9914.7537638545,25552.5386124253,26673.463891536,187.566371232271,115.590877354145,109.287975460291,2065.66921636462,385.088046908379,414.099127233028,1124.03156709671,175.991307228804,23.1911888718605,4.82134640216827,35.7871282696724,91.9291808903217,1313.95137184858,0,2.9527890086174,8.47301131486893,179.029291182756,72.1786519885063,52.8743443787098,6.73885786533356,77.2514367103577,3.96955859661102,24.4802080690861,53.7123407423496,10.3325195908546,10482.0090478063,548.457847744226,14.1011095046997,104.78545178473,0,3925.67085471749,2519.36902737617,12920.3828008473,1229.61949139833,7.40620595216751,284.03371502459,5810.87528041005,1320.03596159816,110.375259488821,1197.42151904106,1.93654376268387,12.8752116560936,18.5795316696167,194.273004978895,1508.24743229151
154.702873170376,3046.30543106794,509.389051556587,6206.3031693399,186.313931554556,247.542342811823,10225.1933783591,199.52684545517,32315.866039753,1162.60322147608,84.8089191019535,824.804191529751,1522.8522182107,357.341679871082,2382.8644977212,3837.99729326367,232.466422110796,24.3304741978645,80.2507147490978,1079.07638242841,3372.31106004119,16736.6873693168,2829.10108879209,0,1192.19834795594,563.089918881655,9864.16825520992,18987.8772378862,873.103175699711,988.609167188406,85.0747691094875,51.8543217778206,192.043838799,900.657685637474,1254.08986881375,6025.63137319684,826.38246846199,1209.5237287879,961.448822468519,2056.6227786541,149.297860473394,83.6399106383324,3584.62783697248,118.314228713512,554.91741964221,455.363930493593,1429.95765116811,382.675336569548,89.3594186007977,449.42079013586,75.6810732185841,156.544873684645,1353.94417285919,27.1647626459599,423.947013378143,3915.33966261148,772.662758842111,3210.50434195995,1462.56755843759,676.866456717253,436.200719147921,211.644529163837,1116.80433952808,169.219025164843,2282.26042211056,119.544365853071,17.3117501437664,33.5867074429989,740.379380196333,1048.17968514562,2813.04626101255,1805.37160536647,18617.4916909337,22.3068818151951,97.2625430524349,995.593931555748,10000.7778621316,2322.29259711504,2792.23277264833,10.5353647172451,252.007197231054,243.973090440035,1538.42736263573,497.459141343832
1.13541615009308,4489.54284179211,0.752398788928986,0.448474824428558,0.957297444343567,2.26084417104721,2.12525677680969,1.90204030275345,933.471678584814,5.21254643797874,320.79534471035,6.64871299266815,8813.51109611988,1.43553590774536,17.8793102800846,153.477710425854,0.447885662317276,0.496921867132187,0.709247767925262,0,27.018430262804,2945.94434717298,56.8840684592724,1192.19834795594,0,146.802371025085,2501.08407431841,34.6568714380264,3.94886302947998,1.13432395458221,1714.55058205128,3.93844419717789,0,182.986496627331,0,13.4873152673244,18.0807320475578,13.2213388085365,5.39224380254745,15.7106927037239,1.07585251331329,782.525263786316,8.22528922557831,49.8073128461838,5.10570439696312,4.66655880212784,2.0615012049675,1.74633258581161,238.848397612572,0,260.943735659122,7.37930458784103,1.65314078330994,0,0,0.509324610233307,0,8.12677973508835,0.43824627995491,290.289272546768,0,1885.03946727514,1.19793570041656,0,7.38142809271812,4.74826443195343,2.56651377677917,9.7247565984726,0,4.08747506141663,45.6546796560287,8.1694792509079,15.1931004822254,1463.09575945139,484.510421901941,1719.86104765534,2.68430438637733,2.04644161462784,3.1982696056366,149.926462590694,1.70969560742378,0,33.1164538860321,0
225.319766938686,280.296231240034,25720.1238682866,9.51624321937561,2.30854612588882,70.4913120865822,306.94049346447,177.262804269791,205.244898825884,304.62350872159,4354.92427000403,311.508063822985,219.786296576262,413.647121101618,25.2335430085659,318.640387624502,7784.47330856323,2857.67833217978,4483.65767470002,71.8197862505913,873.403077811003,595.2158600986,4431.82483264804,563.089918881655,146.802371025085,0,34132.168420434,407.650648832321,873.959755718708,928.282325536013,171.386967837811,157.846871912479,58.8371642529964,6245.32879728079,1330.93677392602,15732.5555427372,22835.5662587881,6993.5765440166,7547.74826142192,255.200363367796,47.7639237344265,47.4843980073929,1098.03347066045,807.775258928537,222.105713695288,590.113299280405,22.8917159438133,6.11964559555054,244.150205612183,5.57182210683823,1001.5197622776,1031.411347121,0,1.67111706733704,0.393863171339035,8.05329465866089,1.02900528907776,81.1433752775192,0,1301.63736510277,2.88302484154701,4201.52222558856,11.3778412044048,2.33629363775253,165.109006077051,1466.68157917261,174.162921875715,1640.02015382051,0,111.804704517126,226.085646420717,419.832813888788,101.376312315464,882.88527482748,27621.2581473887,31894.6311748922,38.7113231122494,16.1140514314175,80.1052997261286,1590.53385558724,1.81018304824829,0.596728146076202,223.329770579934,475.518622875214
424.134846895933,14312.0291672647,47509.9176268578,0.489209473133087,15.5306817293167,28.4608831703663,499.45449540019,202.745535343885,4265.14404001832,61.5328972637653,414.736406385899,67.8669636249542,541.678707897663,652.882557719946,87.6903865635395,6474.81132984161,14546.6277610362,290.25654309988,3646.32488325238,15.3655793070793,3394.03657341003,21953.7298078835,45806.329016,9864.16825520992,2501.08407431841,34132.168420434,0,4095.02464434505,1105.29807218909,2886.1270904541,569.505569547415,38.4021289050579,108.399928927422,10024.4837236702,2712.88828739524,34283.6543942392,11681.9174922407,11831.8138042688,18601.8275386989,224.133202016354,92.848795235157,81.3023803830147,7799.72670456767,1529.39664396644,1297.96731957793,4097.63688918948,150.196857124567,29.5636142790318,6.06891071796417,61.5459553301334,6859.79864522815,9447.86445602775,10.7829190194607,4.25914120674133,8.99567857384682,185.715906560421,141.181597739458,81.1808763742447,1.99253514409065,103.03371822834,2.67207193374634,349.775999099016,170.485041707754,5.75725692510605,5897.43216273189,4613.55802479386,151.286743909121,2811.94724702835,0.973152726888657,1420.49576115608,3071.41021180153,15904.3750771135,739.845794260502,1158.60754129291,28383.9143530875,85300.7929949313,993.835367053747,137.997824162245,824.227894663811,164.011630564928,3.06520903110504,15.1711770296097,684.320283100009,1282.00032219291
890.781893193722,119.995572179556,1207.32259985805,14434.4764429629,105.41532304883,444.238879710436,78653.1904860139,922.999498844147,6510.72039988637,4616.48535698652,152.498015969992,1202.6193484962,2052.23803514242,1877.20339220762,1034.46182733774,1926.95356565714,408.667529791594,73.446851760149,170.463274568319,4922.76915821433,17094.3628697991,1030.70875304937,8841.03124323487,18987.8772378862,34.6568714380264,407.650648832321,4095.02464434505,0,2914.65304672718,79408.2184734046,2.30859440565109,143.846295207739,396.029824644327,3625.57978788018,2979.8737950623,13751.7267235518,1092.22073954344,3954.12786024809,2362.26169070601,2220.76233029366,554.372149139643,51.9240830540657,2835.86134046316,72.4131354093552,371.847132027149,329.546427369118,1835.6139754355,337.304738998413,56.8836957514286,342.105631172657,28.1537296772003,126.1327085495,1685.78998968005,6.65821975469589,810.905547231436,4158.80951830745,867.874804154038,1833.26810610294,2853.84245434403,588.923279851675,1428.2007689476,129.956501334906,992.178405493498,315.168379247189,1086.69864225388,95.1091623604298,0.654545664787292,14.7831579446793,1248.90029302239,515.378929704428,618.144387871027,1063.12032404542,14246.6230665445,1.75508868694305,27.0832958817482,664.289427533746,11232.0974490047,1895.37594980001,2187.79843898118,0.638674736022949,206.077301621437,164.434474080801,1273.99387204647,430.837156713009
18746.0209286213,1.99418610334396,903.02324745059,290.327234119177,20.2098569273949,539.282516807318,6376.51339673996,1416.63266640902,208.987498492002,3813.02723038197,1226.18859639764,2454.49019619823,1139.61902970076,14583.1875050366,135.809060156345,19.0428742170334,2200.7543451786,764.311833679676,1061.21372702718,483.317811280489,1031.01715350151,10.0516358315945,2293.48990401626,873.103175699711,3.94886302947998,873.959755718708,1105.29807218909,2914.65304672718,0,17690.8380074799,13.8304698467255,576.883471220732,5170.72615092993,6600.05127924681,910.223061710596,5040.10452860594,280.820457071066,2513.49359673262,782.413521587849,1089.91454386711,269.512600660324,100.784943223,1115.53938528895,13.9279784560204,181.675534874201,113.464687615633,454.872185051441,132.509296327829,20.4108559787273,64.3923368155956,7.41804772615433,66.1840416789055,25.3748335540295,1.64989477396011,54.2774991691113,958.510534614325,114.523411601782,236.643260478973,63.4975210428238,163.134824633598,47.6672756075859,28.7568787038326,133.3101747334,26.9084732532501,154.192706257105,23.7248119413853,0.403003931045532,5.04903244972229,21.0273515582085,71.9823000729084,124.787209898233,91.4598620533943,3050.45549091697,0,20.8998856544495,134.021895796061,2149.54525226355,425.82192465663,771.094471752644,1.38725352287292,36.3947708010674,56.9810140430927,426.602044820786,126.446933686733
20989.6030660868,2.6261168718338,3773.24694097042,12.8281989693642,84.6054758429527,137.251885086298,15868.4069944918,2019.60210198164,69.606861025095,199.938593804836,135.418602108955,72.8029164969921,1255.28561347723,12339.8115282655,206.107341855764,115.661977529526,7194.94005361199,90.5700598955154,892.887216776609,18.4573315680027,33708.7194035351,38.5304023623466,24302.5747293234,988.609167188406,1.13432395458221,928.282325536013,2886.1270904541,79408.2184734046,17690.8380074799,0,1.62691050767899,127.926653057337,2308.75170716643,18240.4768868089,3975.68773052096,13984.1826349199,1309.24500092864,8666.20674881339,4506.63278064132,763.354748159647,309.788454562426,59.4738279879093,981.197749048471,35.6216533184052,117.67051166296,156.046526253223,334.916940242052,112.363758802414,17.2372562885284,104.49771130085,16.8775437474251,153.850046277046,5.00691130757332,4.79415363073349,24.3445919454098,838.741331368685,173.551360547543,133.064025193453,22.7804892659187,195.270297884941,4.04054352641106,44.2973247170448,220.239260315895,32.9391683042049,379.58154040575,49.3813463747501,0.411551535129547,5.61746022105217,4.55261337757111,249.642383009195,157.82218259573,520.643870353699,2069.17864173651,0,24.2221384048462,464.163826704025,1637.69338721037,563.364954605699,918.062448680401,0,46.7353055179119,55.3370892703533,351.442701369524,389.596163451672
