0,0,165.035666793585,2.91066360473633,1.90545001626015,45.7202845811844,6533.98578751087,2179.41357013583,7.00935968756676,48.5787830650806,34.762413829565,42.9402547478676,3.7734739780426,24775.4048290849,3.30598029494286,0,471.531178414822,90.1188625097275,154.283292233944,14.4526256918907,242.882214725018,0.496698170900345,551.414744377136,24.744452059269,1.30532824993134,198.581857383251,106.749557584524,279.408005297184,10155.0316120684,3797.89691573381,0,11.1524715423584,96.2597386240959,153.543694466352,15.0485511422157,132.44522356987,25.4440207779408,66.8129515647888,49.3807508945465,30.138262540102,2.1655758023262,7.79523396492004,6.79561346769333,0,4.50799369812012,1.1123343706131,4.78243505954742,0,3.51840418577194,0.919013559818268,0,4.10412496328354,0,0,0,4.12293177843094,0,0.54657644033432,0,0,1.75392240285873,0,2.72958743572235,0,2.2580178976059,0,0,0,0,4.40243956446648,1.67370557785034,4.21921637654305,17.9332475960255,0,0,11.8452137410641,9.02926316857338,3.16499382257462,4.36864793300629,0,0,1.02248787879944,0,4.26787906885147
0,0,27.1846826076508,10.9352988898754,10.7294453382492,1.88695031404495,3.06435868144035,3.34351247549057,1897.38656425476,3.83031231164932,696.515445113182,14.9680607914925,2592.80159878731,6.86963054537773,34.3345273733139,32.9594176709652,15.6737387180328,2.89775478839874,2.6446498632431,4.49592211842537,5.0710968375206,4027.88194000721,13.1155211627483,3246.10838779807,6572.03249019384,416.873890757561,18373.5117887557,83.4170974493027,5.28430709242821,2.56811636686325,86.7734602093697,1.43026411533356,0,91.1754226088524,4.59261649847031,72.2611987888813,153.748472124338,167.644426226616,17.9181188344955,13.732278585434,0,664.022449672222,108.484286397696,183.195438027382,44.4955918490887,35.7965515255928,2.97770929336548,0,222.893434822559,0,1680.4916973114,435.617768704891,4.24556162953377,0,0,4.47424000501633,2.78956586122513,25.1680567264557,0,145.154798328876,11.9361155331135,539.608345091343,5.26212552189827,0,10.4639077782631,123.046986371279,5.40249168872833,18.0823502242565,0.570735216140747,8.73815423250198,81.6560549139977,49.2980111241341,63.7198590934277,305.995073795319,670.920400619507,8906.56117656827,11.3376581668854,11.7289479970932,3.71854445338249,65.2905896902084,0.731123685836792,1.52899467945099,71.7737371921539,9.09607535600662
165.035666793585,27.1846826076508,0,4.76341372728348,19.9255582094193,329.268770724535,899.30255445838,4842.60811752081,9.10526898503304,166.058455407619,253.156318515539,101.789987236261,11.2831010520458,2880.84246519208,60.6218803226948,57.0969822108746,25246.6182811856,740.089544832706,1658.78366941214,39.5621373653412,5457.1666803062,124.955680757761,43404.7218722254,45.6827519834042,2.0019126534462,39698.6200426817,26425.0223824382,1396.07936808467,1005.44284269214,2757.06377404928,1.41950911283493,24.6400222480297,64.0634722411633,4246.71537783742,1467.16343179345,13972.6860622764,5965.43908187747,4126.86462980509,5205.85778704286,367.023353099823,98.5533454716206,92.6612038016319,869.187026619911,248.454944580793,321.603082329035,334.770712822676,19.6142275929451,2.90650814771652,3.0316259264946,4.86979973316193,105.875222742558,4570.2457922399,0,0.334511756896973,0,199.147152513266,37.5022222399712,9.88444918394089,0,9.75580498576164,6.89719343185425,4.82271403074265,75.5477563142776,50.9280085861683,235.939531266689,708.632344871759,21.5581691265106,77.6612332761288,0,190.696011126041,220.840046226978,3171.39045155048,73.1501045227051,7.70688605308533,491.052818804979,11138.0954995751,95.2504809498787,10.096815019846,124.641877919436,1.40189182758331,0,2.76634907722473,209.403105020523,853.759033620358
2.91066360473633,10.9352988898754,4.76341372728348,0,195.081694066525,176.75803899765,872.092687308788,199.058963745832,3291.78654515743,7156.35873985291,52.7941191494465,5331.36220735312,15.0624874830246,258.910584777594,624.439813256264,0.50639134645462,2.83605509996414,37.458383500576,19.5726244747639,25278.590554595,5.42448374629021,13.7970186769962,8.92065098881721,4511.36016014218,20.2723981142044,81.8291503489017,81.3046855032444,7868.86136254668,357.558948159218,11.4273102879524,0.512860178947449,45.9569396078587,8.41424155235291,189.680527806282,141.334288746119,1441.41123682261,34.5710411667824,277.097188740969,97.5282183289528,795.654669046402,190.299020975828,51.1781972050667,232.96130618453,0.407441020011902,64.0709183514118,20.7822142839432,906.655928999186,18.2589951455593,29.8974938392639,1.73575967550278,0,0,1201.3673505187,46.6591165959835,52.4892744421959,201.664735645056,129.240938603878,879.248767465353,233.240162491798,4.9195514023304,708.655331075191,1.07985138893127,31.5956078767776,217.461765795946,0.836293399333954,0,1.60038712620735,0,419.619563400745,3.45060831308365,2.39965444803238,1.1847557425499,2256.4847189486,1.00601172447205,1.5794266462326,3.77018719911575,1782.43719446659,42.6420283317566,2.4679149389267,0,0,7.51905429363251,32.1610525548458,14.6206024885178
1.90545001626015,10.7294453382492,19.9255582094193,195.081694066525,0,1409.89155054092,374.903047472239,178.361866772175,715.405775606632,793.40415841341,16.3656290471554,1823.91354992986,9.29718154668808,51.9834499359131,4480.7094014585,10.8296845555305,13.0983374118805,7.38447850942612,4.15821146965027,348.722933650017,257.33272588253,19.371613919735,260.668760120869,682.082173734903,25.792114675045,10.9351357221603,62.9972045123577,435.39171782136,50.6251651644707,120.92141520977,0,795.606502234936,0,598.275744497776,434.19864821434,280.488806128502,32.804419875145,32.0946084558964,49.3446898460388,20869.2704527974,5523.870482862,48.0199760198593,41.49536049366,19.9529983401299,13.9428173899651,52.819803416729,162.708436280489,8.68518507480621,20.4651495814323,0,0,2.57758140563965,59.0001320540905,5.6773294210434,7.42739832401276,9.12539899349213,10.1833095550537,13.8000156581402,13.3072195649147,1.4902811050415,52.6733462810516,0,6.9961975812912,42.65313154459,4.46760016679764,1.19489169120789,1.53854739665985,0,22.0654106140137,12.1253598034382,0,14.3196681141853,83.6571214199066,0,2.07554709911346,22.1701599359512,91.5465026497841,4.09017598628998,6.89572620391846,0,1.38814532756805,0,1.23985394835472,507.944158434868
45.7202845811844,1.88695031404495,329.268770724535,176.75803899765,1409.89155054092,0,12464.2069340348,13908.4944589138,334.442490369081,25730.8453389704,122.321403622627,10482.7451462746,25.2290262877941,1221.15542861819,2237.21758425236,2.06657433509827,136.025333970785,71.1064040362835,57.2328592836857,503.329278856516,287.107896566391,3.26394954323769,476.677137196064,571.072754472494,2.60895335674286,250.475822091103,105.749594658613,3164.70426809788,830.68608006835,388.35351896286,0.920590430498123,1114.33118054271,26.5915910601616,302.332107931376,1443.80074906349,1644.18555527925,95.2986061573029,323.896223306656,259.434907287359,5762.53882950544,1251.85746130347,180.905227929354,453.143611073494,0.427600085735321,145.128452986479,80.3670545220375,452.014647245407,64.6926433742046,75.6068115830421,13.1147035360336,1.14209759235382,1.62190055847168,124.245061933994,5.47768223285675,11.3015129268169,142.549013435841,104.193780690432,90.2153159677982,43.3631256222725,5.04349935054779,99.4444684684277,1.02387762069702,83.5327314138412,78.7564232349396,4.48244449496269,0.448019325733185,0,0,31.6222484409809,14.8357063233852,6.45601966977119,5.12943533062935,1175.39819708467,0,0,8.17384719848633,801.11800584197,98.686382651329,59.9742768704891,1.94287049770355,6.85311532020569,14.7051284313202,88.0542977452278,443.361908257008
6533.98578751087,3.06435868144035,899.30255445838,872.092687308788,374.903047472239,12464.2069340348,0,35125.5494129062,396.218231618404,48676.1278551817,645.734987795353,1932.39719471335,100.343562185764,40713.2540615797,1357.3337135911,16.9332445561886,272.256211817265,556.537198871374,415.179723650217,364.323851197958,2383.12312161922,15.6413688659668,1849.23623341322,3592.87709665298,5.01167234778404,1342.86510774493,643.934161603451,68034.3739277422,10269.3258720338,6983.62028226256,13.3069376647472,446.907546937466,828.796169996262,2639.3709320128,1779.91134506464,9313.43887132406,392.762277662754,2656.42759925127,981.881567269564,1925.80161675811,1332.65029540658,349.458966225386,914.457065135241,8.48955690860748,327.456895649433,114.622117996216,741.973891556263,88.710185110569,114.300379067659,28.3386784791946,0,15.6237480938435,301.583987534046,11.0749844014645,25.4114835262299,275.584231346846,186.974105596542,162.114480912685,86.3190459012985,7.97156471014023,119.341640651226,4.39381465315819,208.390556186438,139.393950521946,28.9862429797649,3.7703854739666,0,1.17809212207794,95.640784651041,50.1138709485531,28.3114935457706,41.7231102585793,2112.83074301481,0.567109942436218,1.1009675860405,54.9513311982155,1446.34968960285,203.054574638605,165.871905833483,1.5613816678524,3.66861724853516,23.6977416276932,121.417881309986,339.000904589891
2179.41357013583,3.34351247549057,4842.60811752081,199.058963745832,178.361866772175,13908.4944589138,35125.5494129062,0,311.417395293713,16603.1209954619,647.037762254477,4367.95904478431,96.5825068056583,15722.3749183118,208.949459701777,16.9693544209003,2232.70008516312,431.552053272724,589.247710943222,793.530109405518,3316.17961776257,20.5897226631641,7603.67248004675,651.927993535995,3.16778182983398,2566.54131793976,1385.03064146638,6378.02203667164,3364.02814438939,8833.35036742687,11.3436314463615,1665.37289246917,61.8501107692719,1108.14457049966,217.631428778172,5952.66800501943,562.423390120268,1320.18742102385,1240.21217575669,4157.10784479976,680.594617545605,613.479209005833,530.607529789209,5.52783733606339,241.224053829908,145.157413840294,684.913216650486,95.4882524609566,167.216502130032,19.1866472363472,0.867177814245224,36.7717745304108,64.7286157906055,9.52445429563522,22.2873919606209,105.784885376692,61.4830067157745,117.898897439241,23.2215626239777,5.69653671979904,99.9849805235863,3.90099281072617,100.94300827384,88.7744679450989,21.960017323494,4.19894564151764,1.37003016471863,0.305015027523041,36.2423627078533,43.8920329809189,29.6378063559532,39.6147512495518,1445.22722294927,3.03042840957642,4.46463698148727,96.2761429846287,829.984094440937,72.8613546490669,99.3085069358349,1.76210922002792,13.1185184717178,11.0226257443428,77.4253189265728,32.5846310853958
7.00935968756676,1897.38656425476,9.10526898503304,3291.78654515743,715.405775606632,334.442490369081,396.218231618404,311.417395293713,0,2081.8337418735,325.403588533401,1717.2041336298,1274.64304733276,252.91268581152,1779.93173855543,719.412365972996,12.5697948336601,49.6334718763828,21.6788922250271,1404.88891234994,239.537418365479,5111.14890938997,371.481103092432,46775.3528914452,2992.19828379154,152.434781342745,5453.19794267416,8310.2920127809,241.632178038359,317.244338065386,94.4197503626347,57.9087756276131,19.9312951862812,162.251072734594,75.4088876545429,795.238059997559,119.566557437181,205.204478830099,58.0395512282848,822.766243249178,75.9736925959587,163.273767203093,802.753722310066,62.3272023797035,291.190357923508,109.865213751793,731.226858258247,69.8186320662498,66.8411819338799,33.7360839247704,17.1514092087746,26.0030412375927,906.024888634682,49.8860113918781,64.35802552104,429.827835649252,267.648598641157,2160.49238675833,246.83076518774,121.898490935564,505.366572201252,182.517721563578,353.378632187843,262.232908070087,842.973949223757,14.1569536328316,63.141912817955,19.143585652113,237.436427652836,319.548456668854,1666.58094462752,291.605052679777,7259.96988353133,37.7277812361717,74.7776824533939,336.591822952032,2361.72214472294,391.236973285675,259.151070028543,3.80857947468758,3.24690052866936,22.1609864532948,140.43254378438,151.132330179214
48.5787830650806,3.83031231164932,166.058455407619,7156.35873985291,793.40415841341,25730.8453389704,48676.1278551817,16603.1209954619,2081.8337418735,0,983.138747185469,22710.6981078982,173.263018578291,6678.18278804421,1667.48241066933,5.03999191522598,158.524405956268,707.830117225647,504.855018228292,6697.83184868097,104.481697648764,12.4815593361855,194.838411122561,1627.83907702565,11.3627957999706,1384.19289562106,553.516035556793,15280.9402834475,5403.03925833106,167.660410046577,22.1279173195362,744.43856331706,48.3512731790543,2481.08539289236,1373.42727851868,8397.30219784379,206.231473624706,2796.5025832057,667.609350770712,2879.33943426609,1500.32387530804,361.74695366621,381.125108957291,4.77971744537354,124.925295710564,52.5861402451992,1070.95379424095,27.1554553806782,78.9791824817657,2.47901850938797,0,2.24158608913422,996.559423387051,41.0377734899521,38.387654542923,270.055116862059,110.934131741524,791.214720070362,267.520026177168,0.426750063896179,742.767373859882,4.54004999995232,19.9708482921124,261.083636194468,3.61926534771919,0,0,0,315.512806504965,7.47194993495941,7.85412526130676,6.73998692631721,3073.37935602665,2.62269333004951,0,5.71438306570053,2211.79372298717,37.8586933612823,27.2030494511127,0.384226053953171,0.645316302776337,6.16613852977753,46.9023595750332,120.845015645027
34.762413829565,696.515445113182,253.156318515539,52.7941191494465,16.3656290471554,122.321403622627,645.734987795353,647.037762254477,325.403588533401,983.138747185469,0,989.615587562323,5952.88365247846,1620.11407238245,137.133963674307,20.1838476955891,991.600922673941,17053.0418882072,1518.17014572024,224.348353564739,205.852728813887,333.968897253275,586.214024722576,367.124064087868,584.452914595604,4800.01789662242,1160.20939287543,481.568267405033,3009.53371340036,144.447099804878,515.950085371733,281.767334669828,30.5366306602955,11832.6948674619,315.03985029459,2268.80940508842,7506.40208047628,4864.61009564996,1567.24009418488,101.347982257605,118.943103253841,2494.56153839827,143.388535827398,1425.44849637151,222.579073488712,137.7687099576,46.3273978233337,63.9751718044281,1287.65885683894,1.17014002799988,175.763230890036,4.96091294288635,3.44615375995636,2.97804296016693,13.4991116523743,5.97297963500023,29.2900675535202,87.6742134094238,3.62960124015808,1696.45036768913,14.00720885396,3301.70777538419,89.7259003221989,14.4980756938457,3.91293224692345,3.11053568124771,18.8396281003952,15.7845390737057,0.976382613182068,3.12143534421921,69.7221110761166,20.4054018557072,89.6734444797039,592.334501981735,2246.19562143087,1643.98731940985,24.3297667205334,88.3799503743649,1.81304949522018,1293.27236714959,24.1492750644684,0,410.626388311386,115.102022618055
42.9402547478676,14.9680607914925,101.789987236261,5331.36220735312,1823.91354992986,10482.7451462746,1932.39719471335,4367.95904478431,1717.2041336298,22710.6981078982,989.615587562323,0,145.429268658161,5094.10665020347,4255.64277365804,1.50224661827087,163.788859426975,757.247504383326,503.902618676424,14189.740577668,25.4098207056522,14.0045759379864,123.046923577785,1437.34804353118,19.3465152084827,1388.53097525239,555.276519238949,1899.1314804554,3744.61531487107,176.177721947432,25.9656395614147,454.566657364368,4.54868811368942,1426.07656285167,1448.41479590535,2645.90350222588,122.100789427757,1201.16659262776,342.112250208855,4723.97899639606,392.304443061352,253.598845720291,159.324453413486,3.82348608970642,56.8323286771774,32.4725988209248,805.840715944767,26.1626373529434,72.1755391955376,0,0.420477449893951,0,553.433813780546,43.3610436022282,76.7616829872131,23.6999305188656,72.01997423172,149.683793783188,156.564237296581,15.7900288999081,2032.96880492568,7.15156480669975,74.0656407177448,191.895484089851,1.04714477062225,0,6.89914903044701,3.95224279165268,484.668770283461,2.89530247449875,2.39083290100098,4.61625790596008,554.510289669037,2.5823410153389,8.16726824641228,3.5166267156601,520.245744854212,45.986413449049,3.83852458000183,0,4.61069363355637,0.444387346506119,28.0379490852356,332.116810202599
3.7734739780426,2592.80159878731,11.2831010520458,15.0624874830246,9.29718154668808,25.2290262877941,100.343562185764,96.5825068056583,1274.64304733276,173.263018578291,5952.88365247846,145.429268658161,0,199.046250134706,60.8611337840557,7.59477227926254,5.24399310350418,89.3763716816902,6.83342379331589,41.4205235540867,10.2799198031425,1331.565418154,24.1288304626942,1346.73738113046,4440.67180722952,758.631196320057,4430.91014909744,101.342536300421,222.866529285908,16.7284141182899,1632.92224818468,39.1775650680065,0,1492.65846270323,27.7778365910053,327.414049088955,3763.86108317971,1575.88826861978,176.30684414506,34.2058593034744,9.77282729744911,4809.42214977741,79.3792336285114,3094.71035784483,370.738184690475,54.0118649303913,18.8956211209297,10.6424581408501,2319.46552827954,2.19551765918732,488.642486393452,1.45871931314468,1.94543826580048,8.18685108423233,4.73100033402443,3.52878823876381,35.5238812863827,207.457942992449,6.28108286857605,4920.45482650399,15.5318405926228,9422.1432004571,84.8011950552464,9.40326070785522,1.89054903388023,3.8483904004097,20.9866620898247,16.989824950695,2.92490309476852,3.18328276276588,214.458466172218,1.49995812773705,112.722638577223,2547.06224933267,4146.57061114907,4606.01299259067,6.83230668306351,274.917193502188,1.16578209400177,3874.75718069077,28.647939145565,0,1030.07451751828,17.7461873888969
24775.4048290849,6.86963054537773,2880.84246519208,258.910584777594,51.9834499359131,1221.15542861819,40713.2540615797,15722.3749183118,252.91268581152,6678.18278804421,1620.11407238245,5094.10665020347,199.046250134706,0,174.370383769274,4.83352714776993,3571.69004938006,1185.49178171158,1385.58033195138,975.845121592283,2124.45195862651,22.1178733706474,6200.70736864209,530.190223962069,6.72010332345963,3181.65808680654,1626.29206988215,4026.65048766136,18497.181161046,18428.4992895126,19.4069636464119,93.999967366457,67.1614895164967,1764.02440562844,128.435375899076,4133.27471673489,514.979374140501,1084.9202311337,916.839647859335,752.841715544462,403.944125473499,610.630372524261,359.473534435034,13.1591021716595,187.640889257193,127.470902144909,430.422435104847,89.1060154438019,175.839912682772,15.0217814147472,0.420594960451126,22.5804301798344,22.3752491474152,1.76300048828125,8.36126324534416,74.1469846963882,49.4955777227879,115.171874463558,7.91148835420609,5.7631943821907,89.629584223032,14.3959573209286,70.8644714653492,53.305423527956,31.0290448367596,0.990934640169144,2.54563188552856,0,13.4013474285603,42.3344084620476,19.4198001027107,32.0646841228008,1040.25868371129,2.28182357549667,7.14692425727844,108.072277545929,526.211793571711,52.2458327114582,72.1562584936619,2.50702232122421,18.5971583127975,10.3977680206299,89.3137257993221,25.7900564968586
3.30598029494286,34.3345273733139,60.6218803226948,624.439813256264,4480.7094014585,2237.21758425236,1357.3337135911,208.949459701777,1779.93173855543,1667.48241066933,137.133963674307,4255.64277365804,60.8611337840557,174.370383769274,0,36.4030589163303,38.6673271656036,24.3779508471489,23.7169721722603,887.413690805435,673.442631393671,45.2666971683502,569.706673592329,2162.96242660284,69.4503594338894,103.063464641571,317.776333451271,2450.08646228909,202.948558628559,1030.51846283674,2.60409379005432,248.792303413153,18.0376307368279,91.6783057749271,1728.09969586134,690.810532897711,123.544000834227,145.966448932886,161.873288393021,4956.60001766682,115.720984756947,106.3977650702,137.056582838297,28.4106637835503,44.1561017632484,83.8037457466125,432.557113051414,19.0528630912304,58.0958915948868,3.18737787008286,0,5.92627084255219,189.747901260853,11.7656306326389,27.7844310104847,36.9311997890472,28.5484090745449,65.5681959688663,50.054238319397,8.29148131608963,175.534333825111,9.3873382806778,29.1076888442039,74.0490303039551,30.9066727161407,3.53308123350143,2.4591321349144,1.80377626419067,57.0972165763378,36.5415242314339,8.59929510951042,53.0490390062332,439.652551442385,1.21963596343994,22.0765024423599,40.0009778439999,351.250890940428,25.7552829086781,39.6819284260273,2.14907836914062,4.08647239208221,2.36039781570435,17.6989657878876,1009.94515457749
0,32.9594176709652,57.0969822108746,0.50639134645462,10.8296845555305,2.06657433509827,16.9332445561886,16.9693544209003,719.412365972996,5.03999191522598,20.1838476955891,1.50224661827087,7.59477227926254,4.83352714776993,36.4030589163303,0,40.3196913003922,30.6239722669125,23.9350849688053,1.18184149265289,7730.33058050275,12528.0702958405,7504.44182494283,4441.88477367163,30.9685434103012,90.5067759752274,8259.96838071942,4250.88263940811,13.8568895757198,101.604765802622,0,0.498529762029648,3.03573030233383,231.1765396595,482.691906094551,3198.93925189972,710.305766701698,971.354422062635,806.367308169603,28.5088564157486,25.2147508263588,33.1614570021629,1111.94180634618,160.459918558598,484.376943051815,463.455551058054,104.748620659113,8.8827286362648,25.1292496323586,7.96940845251083,3.61188322305679,257.79612249136,0,1.35696768760681,1.06977570056915,43.6813228428364,12.182000875473,17.2758525013924,0,9.50875651836395,7.41864451766014,0,23.3351540565491,45.4684319794178,8756.99291270971,54.1468156576157,10.5117717683315,15.744668751955,6.04399707913399,2217.3812969625,4269.07333990932,7944.44067427516,1455.35704103112,2.29091572761536,39.9345000684261,3435.1422432065,528.482884794474,63.7015423178673,545.123601555824,0,0,20.5786014795303,141.444653362036,284.278759986162
471.531178414822,15.6737387180328,25246.6182811856,2.83605509996414,13.0983374118805,136.025333970785,272.256211817265,2232.70008516312,12.5697948336601,158.524405956268,991.600922673941,163.788859426975,5.24399310350418,3571.69004938006,38.6673271656036,40.3196913003922,0,2875.68568781018,12140.1288179159,62.9507708251476,1373.33691519499,54.5670844614506,10776.6967353225,69.4999912679195,1.15947598218918,31008.6910768449,21968.3652124107,475.3465051651,5546.93904569745,2807.36124491692,0.453665941953659,27.9094768464565,588.480358719826,5069.49675908685,486.978094756603,4845.70323550701,3739.52510240674,2311.15096008778,3576.22863933444,176.213844209909,72.9768844544888,36.0352191329002,69.5099763572216,38.9421439170837,30.2461569011211,41.785203576088,5.10637265443802,1.59808629751205,1.83850997686386,0.323988437652588,33.4310298860073,380.669301986694,0,0,0,4.14727407693863,0,2.73687952756882,0.25780788064003,0,1.66047155857086,2.90139269828796,1.26989495754242,15.5766649246216,28.8074608445168,90.7614049613476,1.09236055612564,8.99101808667183,0,16.0862387418747,27.6399649083614,131.896076142788,34.9587269723415,0,264.657421499491,1187.54142063856,12.7910096943378,1.08811202645302,13.8780305683613,1.41257464885712,0,0,24.9152473509312,246.070301711559
90.1188625097275,2.89775478839874,740.089544832706,37.458383500576,7.38447850942612,71.1064040362835,556.537198871374,431.552053272724,49.6334718763828,707.830117225647,17053.0418882072,757.247504383326,89.3763716816902,1185.49178171158,24.3779508471489,30.6239722669125,2875.68568781018,0,4898.17643037438,189.430367708206,361.920531004667,17.902186602354,988.573886990547,82.9832089245319,0.813768684864044,2233.91092228889,1262.58515715599,408.863797396421,2204.43304494023,239.611310631037,9.56125631928444,107.441298663616,88.3008350729942,5453.40398561954,361.783396959305,2842.20670640469,1961.7353938818,4996.77220201492,2650.12602710724,70.433989584446,37.4061325788498,68.3651150763035,30.9066512584686,22.4861842989922,9.23501732945442,26.3903840780258,4.96334856748581,5.18648701906204,15.7358456552029,0,3.65221440792084,23.3616145551205,0,0,0.819155395030975,0,0.69892680644989,12.24549305439,0,21.1474309563637,9.31205174326897,51.2561330795288,5.38575199246407,14.6612210869789,3.45579716563225,4.50652587413788,1.19791769981384,1.60509371757507,0,0,8.19866871833801,19.5839747488499,9.03726524114609,5.13851654529572,101.113447397947,218.284430354834,0,2.05560147762299,0,23.8045144677162,1.01898086071014,0,4.06954950094223,202.416307240725
154.283292233944,2.6446498632431,1658.78366941214,19.5726244747639,4.15821146965027,57.2328592836857,415.179723650217,589.247710943222,21.6788922250271,504.855018228292,1518.17014572024,503.902618676424,6.83342379331589,1385.58033195138,23.7169721722603,23.9350849688053,12140.1288179159,4898.17643037438,0,118.209920674562,654.605627208948,36.2352453768253,1683.30955740809,61.4682157635689,0,8935.15033760667,3195.76843616366,352.192165642977,2645.69906502962,407.708137005568,0,44.5843214392662,194.819482386112,7999.10879647732,376.544427573681,3741.28943702579,1974.04538470507,3110.19853404164,3177.52541324496,95.976583302021,36.9456962049007,26.1555151939392,25.9389500021935,13.1791052818298,5.87039414048195,23.7984358370304,2.66385006904602,0.642887055873871,2.44031065702438,0,0.652453780174255,44.9760042726994,0.391524523496628,0,0,0.873761266469955,0,7.57839533686638,0,0,2.42941975593567,1.88475471735001,0.542256474494934,33.9656675457954,5.0727444589138,4.49398276209831,1.18981158733368,1.55010801553726,0,0.512100160121918,8.28835068643093,44.5890427231789,3.16044208407402,0,67.7693836092949,266.706169873476,2.25093156099319,0,1.70178455114365,2.01436769962311,0,0,1.66147837042809,212.43607199192
14.4526256918907,4.49592211842537,39.5621373653412,25278.590554595,348.722933650017,503.329278856516,364.323851197958,793.530109405518,1404.88891234994,6697.83184868097,224.348353564739,14189.740577668,41.4205235540867,975.845121592283,887.413690805435,1.18184149265289,62.9507708251476,189.430367708206,118.209920674562,0,11.4555920362473,19.5847007632256,43.8889191448689,1021.51716563106,12.7666730880737,339.342703610659,166.789702862501,2876.01097017527,998.377875983715,36.3809822499752,2.50534611940384,135.271440953016,3.92375609278679,289.352987617254,113.677528828382,1834.13764476776,71.906334400177,346.732783824205,111.248032063246,887.793359190226,236.590994298458,92.3372449874878,194.169943213463,1.19317895174026,61.4086667597294,25.1598628461361,797.486966580153,20.2351259291172,54.5054016411304,1.29296439886093,0,0,1215.575211972,33.8262036442757,41.0766876339912,133.074505239725,109.752129733562,420.564235270023,253.948184370995,1.45838677883148,842.973103612661,2.07103657722473,33.2197349071503,245.069645702839,3.19157022237778,0.448550999164581,1.2261238694191,0,479.113521456718,1.04044768214226,2.09472787380219,2.94179877638817,1710.56647834182,1.74504554271698,1.25684189796448,2.21784254908562,1428.28264021873,28.6068253815174,7.27867844700813,0,2.19680202007294,3.27085781097412,33.4147460460663,14.5144250094891
242.882214725018,5.0710968375206,5457.1666803062,5.42448374629021,257.33272588253,287.107896566391,2383.12312161922,3316.17961776257,239.537418365479,104.481697648764,205.852728813887,25.4098207056522,10.2799198031425,2124.45195862651,673.442631393671,7730.33058050275,1373.33691519499,361.920531004667,654.605627208948,11.4555920362473,0,575.966964453459,57833.1009401679,379.837911188602,4.46618366241455,1921.1353687048,3156.01057001948,10783.8852154315,2889.44603180885,37776.8297764361,3.3867943584919,24.1704637110233,900.858834773302,12816.5188521445,4943.2519749701,18346.6865647435,2619.88347670436,13348.1764646471,8192.23930099607,409.22042414546,279.354156374931,156.38597714901,783.781068533659,64.0113891065121,208.826832264662,245.070501774549,327.8636482656,12.8527247905731,51.1200729608536,24.8923681676388,7.27517196536064,169.766979187727,4.84832385182381,8.65814983844757,6.06056454777718,37.6574341356754,17.4114296138287,42.1491978764534,0.739087343215942,4.80096864700317,28.8389929234982,0,77.1702283918858,100.188722610474,2484.60384115577,69.8723827600479,1.39990177750587,6.82700979709625,4.12494447827339,2451.44789898396,889.011962860823,2578.44418108463,1687.12468987703,0,19.0782749056816,891.322143703699,957.444395363331,211.311464816332,1355.07435151935,0,1.46935224533081,40.1057769954205,135.457569539547,1484.86768206954
0.496698170900345,4027.88194000721,124.955680757761,13.7970186769962,19.371613919735,3.26394954323769,15.6413688659668,20.5897226631641,5111.14890938997,12.4815593361855,333.968897253275,14.0045759379864,1331.565418154,22.1178733706474,45.2666971683502,12528.0702958405,54.5670844614506,17.902186602354,36.2352453768253,19.5847007632256,575.966964453459,0,2651.45481523871,18978.9630275071,2695.62069970369,272.57527461648,18911.9619467854,1625.22894731164,24.408228456974,36.7948354482651,57.9807395339012,5.13906100392342,4.25310561060905,135.12814617157,114.952181756496,818.312341481447,256.408500999212,429.77283141017,172.129745692015,30.0954371094704,6.85293686389923,191.997542709112,420.654097437859,137.33033490181,221.051785975695,149.197100371122,16.6944741904736,0.8210209608078,82.1853691935539,1.87162375450134,507.642063379288,403.736811488867,13.3528087735176,0.981486678123474,0,26.9764041006565,12.8200951516628,103.059345424175,1.06161350011826,44.9391080737114,12.6207998991013,196.968547642231,11.6145837008953,22.9299162626266,1607.45012521744,116.325031250715,10.6329602301121,23.1760366559029,0.446242392063141,314.750799149275,1840.03615012765,1376.06459316611,656.84362962842,40.5026084184647,163.544735312462,6349.76733830571,122.318387627602,8.64049270749092,65.1480778157711,14.3486676812172,0,2.79600518941879,82.5797894895077,124.143041193485
551.414744377136,13.1155211627483,43404.7218722254,8.92065098881721,260.668760120869,476.677137196064,1849.23623341322,7603.67248004675,371.481103092432,194.838411122561,586.214024722576,123.046923577785,24.1288304626942,6200.70736864209,569.706673592329,7504.44182494283,10776.6967353225,988.573886990547,1683.30955740809,43.8889191448689,57833.1009401679,2651.45481523871,0,1705.51735955477,6.41422727704048,9221.06072700024,42419.5253458619,13437.5893009901,4424.06798300147,16940.1611953974,14.853912115097,53.5536313354969,600.331471502781,15068.7555978,8384.34700021148,46800.6497705877,14621.7272014767,24924.2219664752,19650.290676266,852.689843595028,440.966894626617,427.909372836351,2321.84142068028,316.081984639168,938.451033204794,1158.59851178527,237.878753662109,25.1700634658337,56.2512821853161,17.1012572944164,50.3509826660156,2061.81558686495,0.49362376332283,12.7214697003365,4.19985866546631,165.839149653912,26.3967683911324,26.5465026795864,2.79306733608246,21.7200714945793,22.5901594758034,0,71.2335323095322,184.96068701148,11807.3062805235,230.65313231945,20.6725126504898,69.8954909145832,2.82301592826843,4013.66232979298,3990.95196422935,18414.5729423165,1799.62035033107,0.428986012935638,134.128464519978,11818.7960303724,799.293469727039,103.971149116755,850.931205153465,0,2.46946626901627,30.0515440106392,348.92976000905,3823.65562808514
24.744452059269,3246.10838779807,45.6827519834042,4511.36016014218,682.082173734903,571.072754472494,3592.87709665298,651.927993535995,46775.3528914452,1627.83907702565,367.124064087868,1437.34804353118,1346.73738113046,530.190223962069,2162.96242660284,4441.88477367163,69.4999912679195,82.9832089245319,61.4682157635689,1021.51716563106,379.837911188602,18978.9630275071,1705.51735955477,0,3611.6275190413,516.860362052917,15040.8695226908,20141.9699561894,1162.96983593702,942.189480721951,77.2913030683994,93.2784457504749,203.651446521282,486.127618819475,610.0449886024,3561.36974850297,397.997711032629,589.971246957779,390.130295872688,945.426635354757,238.076759755611,332.190404385328,4308.58823049068,86.7121275365353,1751.10785338283,491.404404759407,2792.16739186645,364.940428525209,268.627092003822,173.041136354208,61.0745005309582,99.9320695400238,1677.59446576238,74.2041505873203,127.91877412796,1718.37848639488,1277.83581054211,2819.63141304255,480.527521967888,163.583304405212,800.692118555307,170.625112473965,1527.16561117768,793.619908839464,1794.86932101846,67.0193131864071,8.99689716100693,16.0724609792233,436.806030571461,1956.63420632482,2730.78265187144,1102.20401895046,22465.7337354422,45.5488793551922,84.1545179784298,1160.45765516162,11203.0519275367,1678.20437672734,1739.98281854391,0.559836089611053,14.2475707232952,150.577152639627,815.772003501654,525.991071850061
1.30532824993134,6572.03249019384,2.0019126534462,20.2723981142044,25.792114675045,2.60895335674286,5.01167234778404,3.16778182983398,2992.19828379154,11.3627957999706,584.452914595604,19.3465152084827,4440.67180722952,6.72010332345963,69.4503594338894,30.9685434103012,1.15947598218918,0.813768684864044,0,12.7666730880737,4.46618366241455,2695.62069970369,6.41422727704048,3611.6275190413,0,351.029304295778,13867.4022068977,88.1159798800945,3.15480440855026,2.99875628948212,430.639761567116,0.788809657096863,0,110.095846444368,1.2798216342926,38.4697708189487,629.23594301939,223.679354786873,6.69316112995148,19.4957458972931,0,2032.50005406141,17.9732136428356,435.912649273872,56.348232448101,7.99964034557343,14.3253563046455,0.783362329006195,657.684784859419,0,498.0240188241,48.9206902980804,2.82452750205994,4.68607324361801,1.64008575677872,1.12205663323402,3.01222628355026,107.244913011789,2.49820691347122,595.173265218735,6.60538002848625,2449.43726092577,16.4027654528618,9.49920749664307,3.16046392917633,7.82805472612381,1.51017689704895,5.242720246315,0.40007558465004,0.909048974514008,82.2025251090527,2.91816067695618,76.38270175457,2347.93093192577,640.070965826511,3758.71903121471,11.1613928377628,35.6283400952816,0,550.01499825716,4.99853658676147,0,221.761672735214,1.72869980335236
198.581857383251,416.873890757561,39698.6200426817,81.8291503489017,10.9351357221603,250.475822091103,1342.86510774493,2566.54131793976,152.434781342745,1384.19289562106,4800.01789662242,1388.53097525239,758.631196320057,3181.65808680654,103.063464641571,90.5067759752274,31008.6910768449,2233.91092228889,8935.15033760667,339.342703610659,1921.1353687048,272.57527461648,9221.06072700024,516.860362052917,351.029304295778,0,35275.8896661103,1442.59376433492,3543.89022350311,1270.25361067057,707.305284500122,118.308664292097,184.848906546831,9603.9453355372,2807.95986658335,26827.9618020058,28703.9851389527,13204.0271446109,13901.6909107268,450.873995095491,203.42171600461,257.986330956221,960.863386124372,1919.45871797204,390.956655502319,575.211771011353,23.1003319323063,10.6332490444183,319.204031676054,4.28526777029037,502.993371665478,4374.91997125745,1.30807694792747,4.1639798283577,1.18622386455536,26.3866172730923,9.09619125723839,53.4988810420036,0.552728950977325,912.257324427366,20.8584060072899,1903.17505714297,12.4139185547829,127.879022598267,60.7872963547707,1500.17303058505,109.104517638683,367.770451068878,0,74.4195621311665,151.385540038347,361.454313576221,92.8552520573139,686.708910673857,18421.4609742761,34389.7070247233,30.3684609234333,31.5049749016762,50.7317622601986,2825.45699340105,8.4181535243988,0.747883647680283,328.37914223969,1474.68613529205
106.749557584524,18373.5117887557,26425.0223824382,81.3046855032444,62.9972045123577,105.749594658613,643.934161603451,1385.03064146638,5453.19794267416,553.516035556793,1160.20939287543,555.276519238949,4430.91014909744,1626.29206988215,317.776333451271,8259.96838071942,21968.3652124107,1262.58515715599,3195.76843616366,166.789702862501,3156.01057001948,18911.9619467854,42419.5253458619,15040.8695226908,13867.4022068977,35275.8896661103,0,4768.07776305079,1256.6833730638,914.76755207777,3024.34017047286,33.3716247677803,87.2776091098785,8909.97690480947,3615.18463650346,34382.9698552489,15784.0090581179,11277.7851051986,12473.0456660986,765.757937788963,205.999050796032,580.134501695633,5137.01980039477,3961.65465807915,2153.36871016026,2144.47147783637,70.2575562000275,18.4539504945278,548.373448222876,29.0525480210781,7928.77351143956,23326.8956092,7.10864973068237,3.69960027933121,0.46746438741684,565.981716156006,96.4097626805305,321.533446133137,5.04795971512794,1267.62619003654,37.7733868360519,4034.95687380433,228.396803736687,153.24638736248,2092.2708440423,5495.17631340027,234.927059233189,883.840660601854,2.28601479530334,768.412812829018,4213.26256293058,12810.7126624286,953.744489550591,3049.71631830931,31725.6832992136,164933.595823526,337.624982893467,83.2301983833313,409.319573134184,3809.00104007125,3.17551040649414,9.52440342307091,1385.16987966001,2212.29865011573
279.408005297184,83.4170974493027,1396.07936808467,7868.86136254668,435.39171782136,3164.70426809788,68034.3739277422,6378.02203667164,8310.2920127809,15280.9402834475,481.568267405033,1899.1314804554,101.342536300421,4026.65048766136,2450.08646228909,4250.88263940811,475.3465051651,408.863797396421,352.192165642977,2876.01097017527,10783.8852154315,1625.22894731164,13437.5893009901,20141.9699561894,88.1159798800945,1442.59376433492,4768.07776305079,0,7340.86060500145,38943.0731783211,10.0278708934784,340.152156084776,2235.73688495159,5082.31581273675,5696.64365500212,20934.7629562318,2104.27397814393,7276.13105461001,4022.4690875113,2345.16304174066,1775.08594337106,712.375451922417,5492.44817221165,102.31805819273,1924.05720937252,621.576640963554,4040.26717412472,398.505039125681,573.487222701311,303.355823129416,13.1963038444519,225.853537648916,2087.06385180354,92.0492889583111,145.728410214186,1919.28771784902,1347.76591539383,2406.96043625474,611.446186751127,74.9812259972095,849.887296557426,4.7619124352932,1621.44574862719,997.365958690643,2242.71650674939,124.143982797861,6.46518525481224,8.94375067949295,656.731996119022,3209.02250248194,1763.80559134483,2210.91749444604,21469.0981879234,6.36961817741394,20.3346345424652,1322.71329435706,12479.0671472251,2101.62673997879,4243.31107866764,2.26339411735535,25.6014974117279,242.249254703522,974.809158593416,1299.37704846263
10155.0316120684,5.28430709242821,1005.44284269214,357.558948159218,50.6251651644707,830.68608006835,10269.3258720338,3364.02814438939,241.632178038359,5403.03925833106,3009.53371340036,3744.61531487107,222.866529285908,18497.181161046,202.948558628559,13.8568895757198,5546.93904569745,2204.43304494023,2645.69906502962,998.377875983715,2889.44603180885,24.408228456974,4424.06798300147,1162.96983593702,3.15480440855026,3543.89022350311,1256.6833730638,7340.86060500145,0,17555.7720127702,46.4142526388168,1603.07911592722,6736.0930364728,10198.9118762314,194.495785623789,3066.44061234593,357.74979481101,1775.70368766785,861.295581072569,493.600859314203,680.917444676161,392.746722012758,437.187856763601,18.3119382858276,157.85155877471,85.302831530571,393.253243654966,46.6248981952667,141.036194264889,5.03022849559784,0.589968681335449,12.8795862495899,16.1206874251366,2.66313433647156,5.93875071406364,52.259572327137,35.5362288653851,112.419265240431,4.58150774240494,7.99825137853622,70.4562786519527,16.8641532659531,67.2005042135715,53.536882519722,66.6396193802357,1.44151479005814,0,0,8.4705548286438,147.878538191319,101.174267739058,40.0015091598034,1241.12004128098,10.8117178976536,9.63146394491196,62.5080180466175,744.302539914846,73.3859204947948,164.230623364449,3.28900188207626,3.35166233778,5.846076130867,62.1476662755013,35.9243080019951
