0,0,0.0382194278106358,0.00211196303773967,0.000112299684432757,0.0305324416516557,1.31249775556421,0.435617310709845,0.0043392675200473,0.000301875031330204,0.000527075838996434,0.00074707541787039,6.45103429587364e-05,0.677066445829036,0.00302500402112639,0.00760259838346614,0.0542928888140137,6.3481265458417e-05,0.00034652580555085,0.000795921084138717,0.0592303963683125,0.0163137998057958,0.0965854916559169,0.0104068890801432,0,0.00191400148499769,0.00619356577570199,0.0683288927342195,1.12196708070394,0.713977538431241,0,0.00407370656270782,0.0285351186687346,0.0974047617161099,0.00542201823400651,0.0147578698087784,0.000105981323446369,0.0368265975500461,0.00622780825281565,0.00118164190601993,0.00431447383379659,0.000268105514378035,0.00255085200944427,0.000505692255505836,0.000827529673696408,3.7995508915329e-05,0.00015041352484535,0.000382096790023041,0,0,0,0,3.13136456599474e-05,0,0.000602286953623867,0.00178429760239259,0.000285695605538785,0.00239746499245934,2.44158892697811e-05,0.000243040905381775,0.000310778885459161,0,0.000460184724570787,0.000178898786153984,0.00532738235498793,0,0,0,0.000156942707681966,0.000853399448575366,0.00300290359853114,0.0010942884099157,0.0109189044318159,0,0,0.000123495042387825,0.00753671286955712,0.00058486913980701,0.00179915671307641,0,0,0.000105236912375772,0.000132663185208178,0.00116662338826307
0,0,0.045093760614217,0,0,0,0,0,0.406755752242411,2.58784472785592e-05,0.000220344634288215,0,0.00943358294942141,0,0,0.00959396908218138,0.00791510228991728,0,0.00289394697895803,0,0.000386951376624012,1.12055554287932,0.00331683868184566,0.0272159003624661,0.476974480871576,0.0650279993759637,3.53395830404976,0.00055993213603667,0,0.000177661411013603,0.00103666498341923,0,0,0.00568010099237065,0.00264563342152566,0.0177507142537398,0.0108938749514112,0.019489568694843,0.00871749540548202,0.00804714478007655,0.000198031686458158,0,0.0495518967921402,0.0335147448417697,0.0305048409773932,0.0103752488693658,0.00213896563195581,0,0.000783707215383772,0.00037943687612257,0.159835295323448,0.0417720656309537,0,0,6.05043756953716e-05,0.000261064236976647,0.00016365328840084,0.00503678408624747,0,0.00160232703766565,0.000155749810313665,0.00082716452063055,0.000117452930367637,9.95949894128319e-05,0.00116692179151768,0.0386046988658228,0,0.00030833345854379,0.000139334377730906,0.00335684993491527,0.0266381376790996,0.0277279721773363,0.000670148956103504,0.000175696574050784,0.0244758849759722,1.46302055923747,2.2532236301887e-05,0.000196418089681792,0.00189546898317211,0,0,0.000174516290874052,0.0071477224524225,0.00704408321417853
0.0382194278106358,0.045093760614217,0,0,0.00282982814465446,0.00511535357561796,0.00741922565428781,0.0549062450968548,0.003878745996333,0.000215300768507481,0.00269382343563523,0.00124295092858014,0.000673662636078072,0.0389127470783288,0.00414361506858029,0.0196287967242157,1.73119442158904,0.00042695678788476,0.026511759706328,0.000106811582813286,0.0981512171865913,0.0752749814111201,3.50191646949882,0.00328208596445568,0,1.32569046161855,1.59291667034699,0.0361204532197769,0.00983404788409284,0.112954584109365,9.13976809155464e-05,0.00179622212212504,0.00428138779704841,0.393948324907348,0.195975050403274,1.00917922982865,0.187594573235423,1.09051185656569,0.722617612455996,0.00306147375017123,0.0124990801625591,0.00300789392087556,0.0695493021344778,0.0771431480341139,0.0480788898359539,0.0205212043998555,0.00186419917279959,0.000733075674995184,4.41911004588604e-05,0.000510334776442874,0.00301046503470859,0.0834916200949404,0,0.000179668866887211,5.14903297323703e-05,0.00266072296127374,0.000505826915487617,0.000115326918927383,0,0.000117208868510699,0.000105648091121578,0,0.000901788267099811,0.00148163661112661,0.0978481416018076,0.00491480728653917,0,0.000124390717438603,3.21614990460992e-05,0.0264611029855711,0.0551787393804555,0.206750730027585,0.00515940135169791,0,0.00233086819316533,0.58915590572991,0.00340373659574073,0.000450455867559671,0.00661333269045995,0,0,0.000520732613168049,0.0111842652860527,0.0676791878364068
0.00211196303773967,0,0,0,0.000607010992373478,0.00765571725631714,0.0109659240218016,0.00585624312152581,0.0845364103348325,0.0841685150347255,0.00154933886928594,0.0710273405640362,0.000178548318778252,0.00786779433635718,0.00911585952279994,0.000181674923470402,0,0.000152852392015278,5.19392687416792e-05,2.44340106265627,0,2.74867166910768e-05,5.19804014780044e-05,0.324765615635406,0,6.51871330912113e-05,0,0.76920895492033,0.00381332994207301,0.000181616980957675,0,0.00381031241344085,0.000430482087457216,0.014318687306185,0.00721832089078256,0.0379386916515953,0.000125169237356365,0.0343076162364609,0.000263110027005744,0.0628496735633932,0.0155318795734471,0.00256639139934093,0.00516902140701971,0,0.00162403784933621,0.000109964609400988,0.0238349149794024,0.000757025092969823,0,0,0,0,0.0265439259839966,0,0.0246459914259562,0.00822130695673136,0.00809606166839801,0.188026565136664,0.0520917936974501,0.00221638006195986,0.0804887124654471,0,0.00156622729061047,0.00216658124798781,0.000478248368076396,0,0,0,0.0397119911376781,0,0,7.10766915890694e-05,0.171155350326235,0,0,0,0.0249231686109973,0.00164347774755624,0.000222934919771826,0,0,0.000115068322284186,0.000665997746152961,0.00121559118606244
0.000112299684432757,0,0.00282982814465446,0.000607010992373478,0,0.0934704328725526,0.0100844519688353,0.0070038949028561,0.00594670825540212,0.00182998523137885,0.00381641737349271,0.0180088401648943,0.000108468438698673,0.000933304288566181,0.391388626406679,0.000792657024313584,0.000624089254194438,0.00041201820573628,0.00042565737753582,0.00619500460865026,0.000568839232312381,0.000977539227742105,0.00941059564306893,0.00146355647680051,0,0.000416429635689819,0.00704332608602736,0.00848763124185597,0.000311460451927722,0.000984643076518071,0,0.0886227346742185,5.77202244689583e-05,0.174398408320371,0.438247368646869,0.0741043197393015,0.000835527727353641,0.00268755467057714,0.0112941705262134,0.804094613094626,1.61501091250625,0.000379292961846721,0.00252100990971898,0.00130496384452222,0.000931851348392611,0.00143733105579942,0.00106209780471432,2.7294904155457e-05,0,0,0,0.000387041587413991,0.000331427336180663,0.000185675082078033,0.00180563366716951,0.00200851667750409,0.000938072121447624,0.00371444250431764,0,0.000763622548374903,0.00186685107279006,0,0.000153242883212543,0.000592256407769359,0.00243838023286782,0,0,0,0.000788079360030164,0.000494350858045435,0.000190344071782279,0.0035483888520976,0.00746730290205188,0,5.96296545613289e-05,0.00182124025272975,0.00439841299268671,0,0.000434938989776516,0,0,4.91188479990721e-05,9.92946587042569e-05,0.278297401778852
0.0305324416516557,0,0.00511535357561796,0.00765571725631714,0.0934704328725526,0,1.82360733012443,1.69280722029537,0.0258926813408461,1.20281266799883,0.0144289988527258,0.737839674766312,0.000637943404559863,0.386822764420005,0.33895873470526,0.0035669061172053,0.00744249732526225,0.00116218101615718,0.00170327090645929,0.336569415103508,0.0158185732091584,0.00725512616601151,0.0252061393202288,0.0702796763146974,0,0.00117727434565015,0.00293649460253132,0.535885752691424,0.0343483702177943,0.022140848113736,0,0.274429803531447,0.00173450710871111,0.0287382971259798,0.367338526281999,0.0649638742654311,0.000437680723297298,0.0397587545454824,0.00357446625926775,0.251142070705895,0.0673566194821751,0.00235387138672282,0.00473920864452632,0.000114782407467913,0.00230215830916174,0.000624201288884819,0.00385107008734621,0.000636693870225942,0,0.000478735044484985,0,0.000104647996309734,0.00123588749803355,7.0187431095922e-05,0.00852435941206733,0.00547277017281808,0.00550111996360824,0.0339231204933412,0.00160587678137841,0.00199270740975684,0.0100271288593289,0,0.00233046739249013,0.00138113232987528,0.00275616720145011,0,0,0,0.00527163099844422,0.000220619889803946,0.000162547281937409,0.000679459377264583,0.0515637858967385,0,5.91216069639444e-05,0.000225788635395277,0.0230241471221143,0.000686800850475633,0.000839840605648831,0,0,0.000243411664754999,0.000389370518829167,0.046175559152202
1.31249775556421,0,0.00741922565428781,0.0109659240218016,0.0100844519688353,1.82360733012443,0,1.85587345097816,0.0797664666649534,1.35700768018138,0.0480553721733821,0.0894140499710798,0.00326063059416561,0.890826082977744,0.0992409738950269,0.0357728447658523,0.00455452142718749,0.00350069191866535,0.00626543618391432,0.470048213150314,0.111785870922017,0.0138250272014527,0.115379224072844,0.245150179721844,0,0.00329923161971575,0.00602018790932927,4.04572888575256,0.158831130858334,1.22041397873647,2.55118972087026e-05,0.123680693070348,0.127485564139504,0.407344218099333,0.107883913370467,0.382463348934492,0.00191427554014174,0.611377914478196,0.0168446718648238,0.0738561475879398,0.194922370129458,0.00590630639681414,0.0174838255870031,0.000213125159995722,0.00447163643013623,0.000427222447286296,0.0178406560141303,0.00218867983687241,0,0.000622326182563305,0,0,0.00527916893706018,0,0.0414925404617408,0.0269240220905287,0.0230567792445984,0.151864589331849,0.00862893938617183,0.00473327854776192,0.0483048390673618,0,0.00872878576999774,0.00304542593999037,0.00628173574176052,0,0,0,0.0232808102980624,0.000643722995293057,0.00038219898852489,0.000683491364013183,0.213731726866579,0,0,3.75355630692959e-05,0.0733227000571579,0.00433480066378872,0.00125591259688347,0,0,0.000653917484482348,0.00205906254107802,0.0116130887822301
0.435617310709845,0,0.0549062450968548,0.00585624312152581,0.0070038949028561,1.69280722029537,1.85587345097816,0,0.0403268010877751,0.363012117360627,0.00281649361575586,0.225990737664434,0.00011003537645613,2.02265562061606,0.204065882629572,0.0180224408550641,0.0584194762341592,0.000171389441534722,0.000762323464984345,0.183722737967497,0.110242878428106,0.0359291629029996,0.155887775015862,0.0330830055936172,0,0.00196426792033528,0.00842794246384483,0.315835310691086,0.0650576285068883,0.316268865246472,0.000113556798256445,0.0528659643233564,0.00420474587595802,0.0520123939921547,0.00641067681216874,0.0491142970573487,0.000434954146469629,0.0425011535797623,0.00777721847676728,0.0581347860084973,0.0120475564889358,0.00158521194615505,0.0114655089873912,0.000286195396865416,0.00393295718226457,0.000157176963073862,0.004051681971593,0.000790511036402103,0,0.000429850280396139,0,8.65489155456306e-05,0.000812728615273581,0,0.010641884396006,0.0118397034242469,0.00782481804062145,0.0376438419818812,0.000971326310833958,0.00213512653693414,0.0102710923875341,0,0.00159942549008868,0.0014685638935809,0.0120703948165871,0,0,0,0.00378393688424603,0.00121692458407817,0.00192836728178912,0.00174079008731314,0.0817326857540191,0,0,0.000253366405422932,0.0411892978778193,0.00195116378734782,0.00336759672769107,0,0,0.00106261735301564,0.00106578202549508,0.00140874116437887
0.0043392675200473,0.406755752242411,0.003878745996333,0.0845364103348325,0.00594670825540212,0.0258926813408461,0.0797664666649534,0.0403268010877751,0,0.00292901380503709,0.0150244690304628,0.010794328790832,0.00139566903901652,0.0138326566907021,0.0193497681156148,0.0770768427353658,0.00276755948552417,0.00116562894091419,0.00126604418773979,0.0573232812304579,0.0282470376137089,1.76317258952342,0.0918754253252913,4.08818648772473,0.0215492754308179,0.00620839129884292,0.136537492790201,0.505440239204173,0.022871324294682,0.0611033301885623,0.000286127218040264,0.048143022800347,0.0037706276797603,0.0335982042543971,0.0225676047413575,0.14162038346602,0.00130875962327432,0.0659870045814095,0.00581641625469235,0.179708390768801,0.0437926938849676,0.00116725626765619,0.0609828207300581,0.0036944415592324,0.0279718591195418,0.00188454685153302,0.0202305180489841,0.007832748865462,0.000247208257473421,0.0105150868841856,0,0.00159866236465194,0.000912517394977281,0,0.0158551564659274,0.1195748640584,0.0204049871138066,0.680768496708986,0.00131660283355733,0.00161218254417818,0.00987072404505717,0,0.0208096060272859,0.00869554422909928,0.143037967315872,0.000612970487955201,0,8.72494067311767e-05,0.00455624520779543,0.0357585143491588,0.2701873467124,0.0239039182243988,1.01112489391307,0,0.000127698928077436,0.00166995238172361,0.231672989527371,0.0176939655506638,0.0712670621833497,0,0,0.00691435191279778,0.00868981493279639,0.0230941164170953
0.000301875031330204,2.58784472785592e-05,0.000215300768507481,0.0841685150347255,0.00182998523137885,1.20281266799883,1.35700768018138,0.363012117360627,0.00292901380503709,0,0.00637161191955841,0.447696382572046,0.000554064348851502,0.0236661038299234,0.00355230731569494,0.000123208945800984,5.69491765791177e-05,0.000271580078240704,0.000774079166729772,1.21949290305493,5.51717119199037e-05,0.000151803434073472,0.000592159881881117,0.0273924421445125,0,0.000339420228239661,0.00102316342451581,0.53299942499284,0.0149112715297448,0.000183096008065939,0,0.0186189227723616,0.000116402543411922,0.0220186779764485,0.102749195218237,0.0213290261037548,0.000674594494904208,0.0248134741949732,0.000678960024931026,0.0038798201986629,0.00904623794462881,0.000219809428567314,0.00064563760413183,8.63206254293922e-05,0,8.39554679400445e-05,0.000761861191560459,0,0,0,0,0,0.000256672541133571,0,0.000941233022473561,0.000163561280482972,0.000400555010562479,0.00550308460622517,0.000337375603142702,0,0.00216421974420122,0,0.000297127163487875,0.000366414110043812,0,0,0,0,0.00059990441017971,0,0,0,0.00723576419363469,0,0,3.79023394949555e-05,0.00110617074744401,6.11505094782829e-05,0,0,0,0,0,0.00589001666486757
0.000527075838996434,0.000220344634288215,0.00269382343563523,0.00154933886928594,0.00381641737349271,0.0144289988527258,0.0480553721733821,0.00281649361575586,0.0150244690304628,0.00637161191955841,0,0.0335752258822396,0.627398766196225,0.0172717419289262,0.0101688408292566,0.00132121731381186,0.00228089383912482,0.269595146173359,0.0375847998097992,0.0303663472896875,0.00112362844789706,0.00185692767668479,0.00814904919657954,0.00491496086209225,0.0499232484013151,0.165949831702802,0.022275614376426,0.0267556759478914,0.107827330890289,0.00252849749331445,0.00185964565999442,0.131563361323116,0.000162085653284597,0.609140648094145,0.0486492152655948,0.303929971043834,0.210760935556427,1.29638982496197,0.0473909100787277,0.0130996841424962,0.0529252521532181,0.397287521675572,0.00132756604077219,0.166564641779796,0.000127072240315783,0.000377717193926525,0.000718979778918565,0,0.0397483427935914,1.94419354222655e-05,5.03412379280091e-05,0,0,0,0.00225474389863835,0.00172048259245079,0.000894879997740127,0.0129367362382245,0.000116803371524191,0.0666555302840322,0.00338200432028128,0.0970807556607085,0.000407458238361097,0.000343299819229066,0.000977727058473371,0,0.000358338343180632,0,0.000996457127759388,0,0.000237850992093229,8.17438619963405e-05,0.0230463119440788,0.00128206095173611,0.00963233601810529,0.0375087077115271,0.00739203031010292,0,0.000142569100472117,0.00448244910731245,0,0,0.000714804088244963,0.0190899533901078
0.00074707541787039,0,0.00124295092858014,0.0710273405640362,0.0180088401648943,0.737839674766312,0.0894140499710798,0.225990737664434,0.010794328790832,0.447696382572046,0.0335752258822396,0,0.00145571657840012,0.042670926605362,0.34420096937172,0.000780443784324754,0.000396255347787916,0.00226419230195274,0.00412370610740549,2.25631380736259,0.000447868888242638,0.000645874791860264,0.00365170171042428,0.150641673546372,0,0.00271913312394633,0.00425167433829832,0.0487038135325248,0.0479388911679609,0.000855697136030459,9.84597213174103e-05,0.114397235281054,0.000394665721862447,0.0373177772433161,0.722256178134749,0.0528504473403978,0.00191052340690402,0.0359103289009604,0.00322024828448789,0.811191053606414,0.0294526356163429,0.0023629780693698,0.00358932467030636,0.000264520827273988,0.000359725462973606,5.80397039638996e-05,0.0257444431387097,0,0,0,0,0.000104327375890088,0.00111088685002198,7.36877126360894e-05,0.00213295255864144,0.0008388325083591,0.000596485431528425,0.0839012329913261,0.000695289314268994,0.00099496718069844,0.0561334557321878,0,0.000567343770400965,0.0018859745576074,0.00044596331763103,0,0,0,0.0577167507327805,0,0,0.00023942031001625,0.0482385699421,0,0,0.000439578252561843,0.00403462847401146,0.000179812426767611,0,0,0,0,0,0.0480272970630725
6.45103429587364e-05,0.00943358294942141,0.000673662636078072,0.000178548318778252,0.000108468438698673,0.000637943404559863,0.00326063059416561,0.00011003537645613,0.00139566903901652,0.000554064348851502,0.627398766196225,0.00145571657840012,0,0.0011062994798761,0.000620746866115773,0.000305480892990732,0,4.10165815019846e-05,3.71868768164992e-05,0.00129361399873159,0,0.00171549877955053,0.000498697557098579,0.000292886453824675,0.962667539995927,0.000490303751186479,0.168966825188692,0.00198616967341458,0.00392459311356028,0.000215934208074045,0.11489486480802,0.00492769625118771,0.000146015159508562,0.0231389879042288,0.00263351979638153,0.0183295177096564,0.0845236446472127,0.140356461563995,0.00148232649331291,0.000281310931298447,0.00705520594278753,0.781452440852788,0.000197614409824204,1.50122248790283,0.00527164588762593,0,0,0.000197355810894585,0.552202242724506,0,0.00116067926887099,0,0,0,0.000116852374125909,0,0,0.000892553983799742,0,0.795982396289104,0.000200300480395246,0.821750592483268,0,0,0,0,0.00358306706413207,0,4.25514476145029e-05,0,0.000482541281332469,3.89300016999006e-05,0.00111465397761683,0.0186669294108336,0.12730425334021,0.676779054669914,0,0,0,0.0579558543321593,0,0,0.0107221208209543,0.000988270917555713
0.677066445829036,0,0.0389127470783288,0.00786779433635718,0.000933304288566181,0.386822764420005,0.890826082977744,2.02265562061606,0.0138326566907021,0.0236661038299234,0.0172717419289262,0.042670926605362,0.0011062994798761,0,0.0129323352777984,0.00942466374425347,0.0673011804040394,0.00102068169836075,0.00249043085037321,0.063256539288003,0.0649840301442042,0.0261638504518351,0.102836076144015,0.0204477671190487,0,0.00301108506440863,0.00579464639273749,0.177991289147804,0.950555845871437,0.32675213748644,0,0.112588584433932,0.0382373971712334,0.104488199578904,0.00346670813651104,0.0346607684160855,0.000441886871401727,0.0398728023209077,0.00504244033021619,0.00901901469237393,0.0118924631916189,0.00133949766213215,0.00511639973955177,0.000327310454573822,0.00162244148532436,3.86500430135965e-05,0.00141195379570828,0.000701183354154468,0,0.000164550663406563,0,2.23462792936564e-05,0.000314553919502163,0,0.0039278827767418,0.00658929104392769,0.00399188792898776,0.00992326426559165,0.000883191953515576,0.0005114778846802,0.00463682330996919,0,0.00109933089927023,0.000672446497227573,0.00646257926722573,0,0,0,0.00226065494836217,0.000411907167926001,0.00226391009571336,0.000669335392191875,0.0380139273978497,0,0,9.80722436246752e-05,0.0174693639296724,0.00182707323370897,0.00292566523447266,0,0,0.000402796106780398,0.00053003275457468,0.000967658137307772
0.00302500402112639,0,0.00414361506858029,0.00911585952279994,0.391388626406679,0.33895873470526,0.0992409738950269,0.204065882629572,0.0193497681156148,0.00355230731569494,0.0101688408292566,0.34420096937172,0.000620746866115773,0.0129323352777984,0,0.0222342327161669,0.00181517689756041,0.000656953594868159,0.000850237347177742,0.0201448550626144,0.0156383104280861,0.0137658592349912,0.0545315214104083,0.0271344196905352,0,0.0013990831567341,0.0126641500998963,0.135364241685735,0.0135115488675659,0.0417010995176041,0,0.0879955417047051,0.00325347027876248,0.0350783514191892,0.49398318464718,0.0833367894355186,0.00234676824788096,0.0202899522235886,0.00540104299638455,2.62053362362209,0.0164599501408744,0.00227818053269191,0.00499305252465148,0.000430858398263669,0.00282332054564391,0.000537489902460336,0.00218589732043791,0.000432627590647173,0.000115687743795919,6.8468318219018e-05,0,9.47640992920877e-05,0.000232105137520373,8.34110387917754e-05,0.00615323487165577,0.00978626159041972,0.00342244156811288,0.00755507248127765,0.000327462419342422,0.00167552326097431,0.00416713063564607,0,0.00129488348895893,0.00151522552587147,0.00596600272573478,0.000122061164116573,0.000125294485280943,0,0.0017983553060719,0.000243500480827403,0.00110282878463989,0.000664945193955373,0.0448318946341318,0,0.000141822350391555,0.000848524874071062,0.0200567864879507,0.00121541875095542,0.000858862829397444,0,0,0.000361395102245807,0.000404062512624121,0.0396447642324211
0.00760259838346614,0.00959396908218138,0.0196287967242157,0.000181674923470402,0.000792657024313584,0.0035669061172053,0.0357728447658523,0.0180224408550641,0.0770768427353658,0.000123208945800984,0.00132121731381186,0.000780443784324754,0.000305480892990732,0.00942466374425347,0.0222342327161669,0,0.0215167175256001,0.000256716413003755,0.00175349086340532,0.000259692858057672,0.958010870833468,0.985616369723647,1.93909168976627,0.0208869662393591,5.19344443907261e-05,0.00606131280665585,1.72323108779102,0.297061643543162,0.012481146943438,0.163847060512366,5.44045578071594e-05,0.00110673832776079,0.0105547736253448,0.0396027845778564,0.139746347032357,0.349163872581521,0.0219518065275406,0.10938998486303,0.0832673279960755,0.00313802547419017,0.0107516914217556,0.00271812033949098,0.0420640252080664,0.0205505585267708,0.0175493647010816,0.00517087399436845,0.00284544260922578,0.00324467842045473,5.08547317831993e-05,0.00501784585193388,0,0.00221594290831405,0.000195715074286079,0,0.00353062352038972,0.0370491494437894,0.00506354356975833,0.010884109657975,4.0776219076252e-05,0.00228365806646773,0.00184313758615483,0,0.00746081912298836,0.00334296571809722,0.202431791451327,0.000497507010172355,0,0,0.00100191124628491,0.05686972965463,0.133876327700027,0.0560876147974463,0.152022808359302,0,0.000135000713571024,0.00991415119125125,0.0605187001445031,0.00750392170125475,0.0723791122072508,0,0,0.00309379074422189,0.00923746860636307,0.0260527976826395
0.0542928888140137,0.00791510228991728,1.73119442158904,0,0.000624089254194438,0.00744249732526225,0.00455452142718749,0.0584194762341592,0.00276755948552417,5.69491765791177e-05,0.00228089383912482,0.000396255347787916,0,0.0673011804040394,0.00181517689756041,0.0215167175256001,0,0.000334336635872287,0.33818906893595,0.000266270674238813,0.065231714902364,0.0165272505728981,1.01376014075736,0.00150094318006262,0,0.479661267058486,2.11682736840922,0.0110861034626906,0.0726480293820939,0.170301770362337,0,0.00486062710220694,0.0362148068491141,0.373138010056011,0.0509368187045633,0.257975947390659,0.0578495219514402,0.184593118825047,0.12831147249289,0.000810584632554421,0.00443679681155248,0.000879279757001638,0.00338329652840012,0.00685124934059779,0.00268015545720173,0.000460028623664331,0.000151146014510321,0.00015079102001853,0,0.000178268895114755,0.00046184445906179,0.0076531746427375,0,3.91390858692169e-05,0,0.000219834581498516,4.38135892807245e-05,5.72745070286036e-05,0,0,0,0,3.59357877154469e-05,0,0.00857463099071177,0.000823088771760037,0,0,0,0.00157863838843535,0.00599665961946688,0.00436096786447677,0.000801797882113979,0,0.000214883121473121,0.0392083823490104,0.000783334354788498,0.000291516136948836,0.00331826906989335,0,0,0.000240577724397611,0.0002519557091869,0.0154555133354334
6.3481265458417e-05,0,0.00042695678788476,0.000152852392015278,0.00041201820573628,0.00116218101615718,0.00350069191866535,0.000171389441534722,0.00116562894091419,0.000271580078240704,0.269595146173359,0.00226419230195274,4.10165815019846e-05,0.00102068169836075,0.000656953594868159,0.000256716413003755,0.000334336635872287,0,0.0600370520220137,0.00252804167331737,9.80596797343968e-05,5.60476951590299e-05,0.00189470445387211,0.000509418078882694,0,0.0219227855300611,0.00525640000804027,0.00212699253032334,0.00752711551840829,9.18619915416601e-05,0,0.00915854211730843,0,0.0317519511001103,0.0174662362343568,0.127704040243222,0.120415909110136,0.289385448846789,0.0173225309580796,0.00108919976684157,0.00610034318229264,0.00231887863386548,0.000215283803254366,0.00213034615845379,0,0.000198098367676735,0.000150114966114021,0,0,0,0,0,0,0,0,6.2880219922328e-05,0,0.000963421440315631,0,8.69451753862381e-05,0,0,0,0,0.000222093966808033,0,0,0,0,0,0,0,0.000872436295137493,0,0.000196245780327987,0.000431239366512251,2.54830357006073e-05,0,0,0,0,0,0,0.00805034637484575
0.00034652580555085,0.00289394697895803,0.026511759706328,5.19392687416792e-05,0.00042565737753582,0.00170327090645929,0.00626543618391432,0.000762323464984345,0.00126604418773979,0.000774079166729772,0.0375847998097992,0.00412370610740549,3.71868768164992e-05,0.00249043085037321,0.000850237347177742,0.00175349086340532,0.33818906893595,0.0600370520220137,0,0.00355691353853551,0.000809201225911189,0.000921956457113564,0.0128915882403295,0.00103848564088122,0.000607785332711363,0.673173582181318,0.170686077219541,0.00487883619989378,0.0340239063589251,0.00145979280284647,0,0.0246364372904744,0,0.170745437647882,0.0598337297808187,0.38015647750882,0.395246744243146,0.736867128492586,0.142424529913056,0.0010847085704749,0.00556681714491631,0.00151891916785512,0.000763400829436219,0.00264858289479947,0.00027988089535979,0.000372915425966012,0,0,0,0,0.000153715836514771,0.000193215978181171,0,7.13333516326189e-05,5.66477941163063e-05,0,0,0.00134874797325221,0,0.000498088058659422,0.000151395074486303,0.000137268003042269,0,6.20982955218315e-05,0.000349799712996626,0.000272984385069752,0,0,0,0,0.000257277267809486,0.000241512669893789,0.00105988229699105,0,5.78209665198326e-05,0.00441120209327052,0.000359420401657391,0,0.000200909542127752,0,0,0,0,0.0280682027467754
0.000795921084138717,0,0.000106811582813286,2.44340106265627,0.00619500460865026,0.336569415103508,0.470048213150314,0.183722737967497,0.0573232812304579,1.21949290305493,0.0303663472896875,2.25631380736259,0.00129361399873159,0.063256539288003,0.0201448550626144,0.000259692858057672,0.000266270674238813,0.00252804167331737,0.00355691353853551,0,9.83606712190029e-05,0.000479076309011149,0.000471513743341112,0.0526230050409626,0,0.00188797621968702,0.000438671734153533,1.06185468742986,0.0515640204699431,0.00126237351858373,3.3594724543798e-05,0.069817132132688,0.00057628805990746,0.0574125300414268,0.014001397446956,0.153261674600243,0.00123970629191205,0.0685797358566198,0.00127439706097752,0.0515272615290611,0.0463939854027684,0.00515401744919976,0.00953134982992217,6.71506027735233e-05,0.00270912290209923,0,0.0203909478615548,0.000790310377698793,0,0.00017092583284024,0,0,0.00388956956488162,4.50962584459305e-05,0.0270427922127512,0.0139873921686526,0.0091543866088841,0.128094153558907,0.00622602166761807,0.00348469665046785,0.0460533708698675,0,0.00474909923161547,0.00235565419246441,0.000933990192377756,0,0,0,0.0240125792324388,0,5.75132872501373e-05,7.69472361994744e-05,0.168721121209575,0,0,8.24083626092079e-05,0.0327612936668552,0.00158880281803129,0.000115912094406617,0,0,0.000168663546060884,0.000833819392671236,0.00107109813214381
0.0592303963683125,0.000386951376624012,0.0981512171865913,0,0.000568839232312381,0.0158185732091584,0.111785870922017,0.110242878428106,0.0282470376137089,5.51717119199037e-05,0.00112362844789706,0.000447868888242638,0,0.0649840301442042,0.0156383104280861,0.958010870833468,0.065231714902364,9.80596797343968e-05,0.000809201225911189,9.83606712190029e-05,0,0.131671044324327,1.88447661449342,0.0102935314064007,0,0.0018493163724948,0.247309356014107,0.56642545134442,0.0233576144933993,2.41592373366286,0,0.00179344621345085,0.0112869731570514,0.215476539538872,0.0775619275882887,0.194771432853867,0.00515911821945752,0.280436244366994,0.0917141072685422,0.00132594155948269,0.010744619581748,0.000722740040387392,0.0153422157763048,0.00624240360182841,0.00778967897388808,0.00192621532631557,0.000763981612698305,0.00052546376726371,0,0.00257988135693784,0,0.000416163411541987,0,0.000149784975935984,0.000397724840515387,0.00757986030285527,0.00134959160590288,0.000911098212685061,0,0.000212651792851067,0.000179001741461599,0,0.00280780123282106,0.0012789436093405,0.084521224926543,0.000106365885950733,0,0,0.00039152017873478,0.0162168149320068,0.0496272865632297,0.0289399864638489,0.0209174461823001,0,0,0.00120487011896662,0.0105952575139039,0.00264933322313086,0.0357006225790011,0,0,0.00176407892817549,0.00202236847056817,0.0117595476242631
0.0163137998057958,1.12055554287932,0.0752749814111201,2.74867166910768e-05,0.000977539227742105,0.00725512616601151,0.0138250272014527,0.0359291629029996,1.76317258952342,0.000151803434073472,0.00185692767668479,0.000645874791860264,0.00171549877955053,0.0261638504518351,0.0137658592349912,0.985616369723647,0.0165272505728981,5.60476951590299e-05,0.000921956457113564,0.000479076309011149,0.131671044324327,0,0.412228480461668,0.620425704136439,0.0657966850006391,0.010314153729032,2.9272995085201,0.0596685224203584,0.0390120389567436,0.373570439778533,4.10086064611674e-05,0.00426984562199074,0.0343465598858153,0.0573629963072482,0.0535335036028291,0.156338010144215,0.0152075981710736,0.0641882434765433,0.0259629045773145,0.0123792297561236,0.0118068379906633,0.00144019719241175,0.125593704189261,0.0255844545004584,0.0541612727598959,0.020778956802214,0.00994295250813752,0.00558259443704835,0.000382346224972272,0.0115031526387861,0.00807566807144651,0.0396051568324005,0.000111199359728622,0,0.00552312747057599,0.0868422586139843,0.0110655240756396,0.0721403401093753,0.000574928578386676,0.00179761715979827,0.00159988743655418,0.000112801739317417,0.0151730526469817,0.00608939635272038,0.45594916106104,0.00363940985637914,0,0,0.000513362422493505,0.0881606118203832,0.581393705944668,0.182772373062573,0.42075268643994,0,0.0021738628237951,0.470526065552356,0.156385437654795,0.0156142498968493,0.104217336848497,0,6.35123447960973e-05,0.00882152551675578,0.0186568247185919,0.0404745936124835
0.0965854916559169,0.00331683868184566,3.50191646949882,5.19804014780044e-05,0.00941059564306893,0.0252061393202288,0.115379224072844,0.155887775015862,0.0918754253252913,0.000592159881881117,0.00814904919657954,0.00365170171042428,0.000498697557098579,0.102836076144015,0.0545315214104083,1.93909168976627,1.01376014075736,0.00189470445387211,0.0128915882403295,0.000471513743341112,1.88447661449342,0.412228480461668,0,0.0225144846372682,5.91577873096705e-05,0.0325175193343753,1.97861500403183,0.584420401749066,0.0652214390851351,0.649577086536848,0.000168061954069876,0.00361223329286663,0.0342333188447583,0.703881305871811,0.711922039896578,1.63534480442217,0.0577768010227301,1.89068895617431,1.24517089472163,0.00870452006437357,0.0547105809434787,0.00627160984981166,0.066077673605847,0.0346001499936481,0.0319310556894177,0.0108140960681358,0.00297206969684751,0.00258411838317479,0,0.0135225743775007,0,0.00902607707116628,0.00011436637922051,0.000198216822640801,0.00132996066795795,0.0295343254227443,0.00677033107138056,0.00295996181976893,0.000100651439960361,0.000858338749407222,0.000420991537378228,0,0.0191987476119676,0.00313623079048498,0.404388517593321,0.000151830230942273,0,8.88223852162244e-05,0.000213583377306533,0.110326226722898,0.225858954167612,0.191072925243624,0.0626910801823117,0,0.000507409767887163,0.0567862133683923,0.0314208431565406,0.0151422198770771,0.171708314572166,0,0,0.00788479194920607,0.0139741889032555,0.12097898417249
0.0104068890801432,0.0272159003624661,0.00328208596445568,0.324765615635406,0.00146355647680051,0.0702796763146974,0.245150179721844,0.0330830055936172,4.08818648772473,0.0273924421445125,0.00491496086209225,0.150641673546372,0.000292886453824675,0.0204477671190487,0.0271344196905352,0.0208869662393591,0.00150094318006262,0.000509418078882694,0.00103848564088122,0.0526230050409626,0.0102935314064007,0.620425704136439,0.0225144846372682,0,0.00129473264453723,0.00215654849459262,0.0178816766300244,7.54002717138602,0.0229414185163452,0.0846073346500973,0.000104755433004963,0.0147530527297912,0.0170372711148987,0.0434088684031017,0.0564282240704328,0.13334004561384,0.00375086609793427,0.087103763255899,0.0156074496792324,0.598564307859495,0.0297414370578573,0.0243866327342268,0.0979210375138427,0.000643205760851061,0.0353017953662904,0.00159453696840863,0.147628132185397,0.013114110906737,0.000393785950021649,0.00354709168930174,0.000102540408859992,3.08218042234898e-05,0.0222762336070216,0.000103237991716433,0.170491462794631,0.158977447818721,0.102663577276672,1.44018253756089,0.0327037135863518,0.0228235143902694,0.233922069298457,0,0.0364738488930824,0.0212029062634827,0.0252958236134687,0.000302317934184766,4.89772864517212e-05,0,0.122217528700102,0.00140146289016531,0.00339673043435551,0.00115322869673574,1.60560899794548,0,0.00015168289160589,0.000672923826741994,0.437552506487721,0.023707036907855,0.00625414875859441,0,0,0.00296007573847124,0.0100433957373419,0.0289568189238456
0,0.476974480871576,0,0,0,0,0,0,0.0215492754308179,0,0.0499232484013151,0,0.962667539995927,0,0,5.19344443907261e-05,0,0,0.000607785332711363,0,0,0.0657966850006391,5.91577873096705e-05,0.00129473264453723,0,0.073032483877013,0.432104424306712,0,0,0,0.00834665927477675,0,0,0.000157301483916164,0,0,0.000225123412272978,0.00198082848357053,0,0,0,0.0455514019043826,9.25374555492282e-05,0.124492490428125,0.00139445867566863,0,0.000116315503889608,0.000101363948581267,0.0927937330606164,0,0.018516176272259,0,0,0,0,0,0,0.000199078392274046,0,0.433671422441721,0,0.392276238580299,6.80682446260929e-05,0,0,0,0.000117324282533169,0,0,0,0.00131908070480447,0,0,0.0438505757411985,0.0621127547692733,1.05400493207909,0,0,0,0.0186931531375958,0,0,0.00597809353238483,0
0.00191400148499769,0.0650279993759637,1.32569046161855,6.51871330912113e-05,0.000416429635689819,0.00117727434565015,0.00329923161971575,0.00196426792033528,0.00620839129884292,0.000339420228239661,0.165949831702802,0.00271913312394633,0.000490303751186479,0.00301108506440863,0.0013990831567341,0.00606131280665585,0.479661267058486,0.0219227855300611,0.673173582181318,0.00188797621968702,0.0018493163724948,0.010314153729032,0.0325175193343753,0.00215654849459262,0.073032483877013,0,2.94435481786606,0.004996956006467,0.0113424028597125,0.00568180993295495,0,0.00956875352130164,0.00131650179198514,0.174452358047058,0.126250278793636,0.968608515122982,0.880592784088001,0.97306463336407,0.316258275439448,0.00123372023267659,0.0110241867616833,0.0087603595899322,0.053851043907606,0.655130370092371,0.0223998741378869,0.00800132361374181,0.0012168931777821,0.000429263938841557,0.010470271213192,0.00149307946400163,0.0187756581907156,0.00568589668637577,0,8.95443070375439e-05,3.80964064429164e-05,0.000641491627801823,0.000392906658329523,0.00050797540817467,0,0.0532354292020391,0,0.0946126579609923,0.00162149701459308,0.000334740608958364,0.00254214100360021,0.0416468149489503,0.00208166278015055,0.00104069251164443,0,0.00087865925858502,0.000478178982020295,0.0154312734572351,0.000863277245418443,0.0033538467810198,0.183691916093537,1.43254830572645,0.000196534379403984,0.000718140778559375,0.00398268167379487,0.0150334775181333,0,0.000207180983443093,0.00989309934819491,0.0530359158362229
0.00619356577570199,3.53395830404976,1.59291667034699,0,0.00704332608602736,0.00293649460253132,0.00602018790932927,0.00842794246384483,0.136537492790201,0.00102316342451581,0.022275614376426,0.00425167433829832,0.168966825188692,0.00579464639273749,0.0126641500998963,1.72323108779102,2.11682736840922,0.00525640000804027,0.170686077219541,0.000438671734153533,0.247309356014107,2.9272995085201,1.97861500403183,0.0178816766300244,0.432104424306712,2.94435481786606,0,0.124534443393282,0.00553223134321003,0.0303247884717162,0.00948751365993523,0.00212140916263429,0.00200250732419872,0.936401363774265,0.713782883248568,3.47934522236334,0.765014780532582,2.32519469463791,1.75795631605443,0.00916375508001973,0.0317810773884778,0.00912765707521828,0.383918556310651,1.40117589914494,0.225280563408626,0.0965951422829905,0.00713254974520819,0.0012128529393356,0.00458346231643374,0.00414225529897031,0.182785027698664,0.280780114222158,0,0.000533869931288087,0.000202652758468044,0.00646184774586058,0.00159655091314859,0.0056249892898892,3.24516597484946e-05,0.0414264754865493,0.00026624553959899,0.092845410723783,0.00473199905443722,0.0049990108084294,0.755079639788419,0.159181026180364,0.00432776329731259,0.00251641432674437,0.000163244281756175,0.14423294367191,0.543787842601336,0.723299509253125,0.0108323755476157,0.00674378791313828,0.512233640258935,7.67502046530306,0.00350877624360702,0.00221366395465969,0.0723512008264954,0.0211255504550588,0,0.0014168105041091,0.0574490074082651,0.254803107254184
0.0683288927342195,0.00055993213603667,0.0361204532197769,0.76920895492033,0.00848763124185597,0.535885752691424,4.04572888575256,0.315835310691086,0.505440239204173,0.53299942499284,0.0267556759478914,0.0487038135325248,0.00198616967341458,0.177991289147804,0.135364241685735,0.297061643543162,0.0110861034626906,0.00212699253032334,0.00487883619989378,1.06185468742986,0.56642545134442,0.0596685224203584,0.584420401749066,7.54002717138602,0,0.004996956006467,0.124534443393282,0,0.102804840091523,2.42270469564885,2.29160397140622e-05,0.0780499915659527,0.105193635652155,0.34729741460302,0.264679820793826,0.718013687135976,0.0138818648897964,0.648392328962094,0.113560647736397,0.164747580116923,0.181702328426919,0.0279127227411469,0.0855765672955064,0.0011302225902763,0.0293478239876518,0.00240888022535355,0.0849696798728233,0.012615802315792,6.0890913668561e-05,0.00309499891717726,0,0.00037380295106467,0.0747743758369381,0,0.147792880433412,0.137968227411483,0.0885993385269869,0.562709518213975,0.0258033153404479,0.0278137333884059,0.175062219638661,0,0.033535362009662,0.0153675572733223,0.0474958858199488,0.000110780340840912,0,0,0.0901511623314217,0.00565418424980579,0.00935567152438518,0.00571029666671952,1.00099709634672,0,0,0.00159336909593189,0.352087829154352,0.0204701313810534,0.0147229362056647,0,0,0.00368958281362936,0.00753060175674298,0.0376070852153867
1.12196708070394,0,0.00983404788409284,0.00381332994207301,0.000311460451927722,0.0343483702177943,0.158831130858334,0.0650576285068883,0.022871324294682,0.0149112715297448,0.107827330890289,0.0479388911679609,0.00392459311356028,0.950555845871437,0.0135115488675659,0.012481146943438,0.0726480293820939,0.00752711551840829,0.0340239063589251,0.0515640204699431,0.0233576144933993,0.0390120389567436,0.0652214390851351,0.0229414185163452,0,0.0113424028597125,0.00553223134321003,0.102804840091523,0,0.219232254077504,0,0.0683811394970307,0.818600897583192,0.425270293170589,0.00605419632654015,0.0445150841907776,0.000148170370847404,0.212443729743054,0.00524015124649404,0.010410059071984,0.03617932774452,0.00124778580850771,0.00641815578624122,5.75949513937354e-05,0.00199553881447195,3.22033474325895e-05,0.0021770139389338,0.000552872622131395,0,0.000192698784894776,0,5.93710304810643e-05,0.00058718479854101,0,0.00788935622991684,0.00848959311447235,0.00500973124332948,0.0174225221135898,0.000398440307766688,0.000909372495477477,0.00681054068072627,0,0.00162923957428211,0.00126617936902585,0.00919258757570302,2.81382029884815e-05,0,0,0.0019903967399962,0.000724920157723832,0.00154650409781406,0.00117600491486979,0.0498124029751784,0,0,0.000171207435464144,0.0217845461782508,0.00154959751508721,0.00244591888484752,0,0,0.000323058815812254,0.000653168928128207,0.00162648353233087
