0,0,0.0184839457090244,0.000313768836257297,4.43362474146545e-05,0.00182807099105835,0.676743678432857,0.0762067780556178,0.000194401472489387,0.0107533699888547,0.00267900788069247,0.00348396117611449,0.000438320461938035,0.902687090576004,0.000412844967147231,0.00250614939679966,0.100000977791809,0.00337471463487745,0.00467314332520034,0.000550898190303486,0.0262107266253732,0,0.129708748224488,0.00365174850426972,0.000217323627568603,0.00423925645487399,0.00483123943871803,0.0163920079259997,0.704565646078316,0.405390477330232,0.000129260480435926,0.000696860370912945,0.00261713305320902,0.0237022220076841,0.000109580673881793,0.00450186061172583,0.0005128556066174,0.00776934200543837,0.0018915627046338,0.000847096700671273,0.000261906889636409,0.000747712516159987,0,0.000138713318211812,9.4607632768607e-05,0.000136843039981878,0,0,0,0,0,0,0,0,0,0,4.791903660357e-05,0.00065511596857667,4.79728297658622e-05,0.000121180151123392,0.000214159069930243,0.000200256484426046,9.8478303810954e-05,0,0.000292869383164286,0,0,0,0,0.000157564067776179,0.000111659375901854,4.01575441250145e-05,0.00128809247071525,0,0,4.34248735812306e-05,0.00143409333569924,0,0,0,0,0,7.20372466043472e-05,0
0,0,0.000835542803609902,3.78855324461013e-05,0.00103193694753299,0.000375946005144901,0.000373776324443883,0.00025804856745649,0.269376473244595,0.000384892769332391,0.0479237116819689,0.000566603923462683,0.238955299640925,0.000425554281701017,0.00593937998728258,0.0115461430070657,0.0011207936172828,0.00116796708931349,0.00117488756067291,0,0.000805223209707338,0.416769862087245,0.000868900311181131,0.398260588514054,0.337203145636218,0.0131580351117055,0.67606129527833,0.00760129027750496,0,0,0.0165899827403441,6.24234568227589e-05,0,0.00435809377137488,0.000249308469042796,0.00510449917300419,0.00447148711779068,0.00439940340665443,0.00183460425264169,0.00225322144999615,0,0.0364614694431836,0.019095065114743,0.00239095062104809,0.00965760108212073,0.00512127887246151,0.000227269511444092,0.000426781013740361,0.00424012473058975,0.0001278533673715,0.140676726897285,0.0245158909415813,5.09830186086059e-05,0,0,0.00103048004894228,0.000736377265032328,0.0375513956841716,0.000765420036788928,0.00306090417264079,0,0.0221563847242761,0.00101974416115407,0.000491965133300811,0.00578397573607932,0.00763497674252697,0.00120486767574429,0.00145894935148957,0,0.00322011601202383,0.0876925155628059,0.0125381720487925,0.0399122073621897,0.00838451504681366,0.0260747297042235,0.393039671295477,0.0162296981519194,0.000476743151197431,0.00131296201094124,0.00319024296762788,0,0.00020819706479913,0.00398057293359852,0.00103470688126865
0.0184839457090244,0.000835542803609902,0,0.000219907342489395,0.0023494169936484,0.00535175819844156,0.149991808236836,0.305732984739211,0.000167334433224947,0.0186292109163117,0.0227589980347758,0.00169773217867279,0.00824693438806523,0.289462613316519,0.00340022977587543,0.0067985219292054,3.35294765432638,0.0418128781303451,0.0976484796982062,0.000720228757559645,0.299570674826313,0.00188149507144807,6.35516230406592,0.00176248852583723,0.00264768554687071,1.57721529061985,3.43798271307381,0.016631076206409,0.033333195410348,0.235416014219913,0.0220966773866526,0.0018523370213775,0.00306618815255283,0.299715744236536,0.0589200208947945,0.869929761526779,0.121892584401048,0.526140093177308,0.349207028669251,0.00400747900482671,0.00507947678955602,0.00631643526065535,0.0602961394981161,0.00440526684531374,0.0246947111260249,0.0231332929339608,0.00136519369938871,0.000703988432474202,0.000313261007324329,7.44182045323312e-05,0.00649351322419834,0.276694117846802,0.000114703031177044,0.000126659433825267,0,0.00425065662970502,0.000138060493007979,0.000811635202896756,0,0.000905603347874178,0,0.000648014325351995,0.0010333784327556,0.00110912569496166,0.0146879089068366,0.014213376792472,0.00102986364780627,0.00136008340240609,0,0.00440318515626897,0.00661634684845876,0.11544159933653,0.0116645315618449,0.000546507044900679,0.0266073379334696,0.49633433634875,0.0128278857792857,0.000191410651215604,0.00391032708426039,0.00123953061463908,0,0.00015695442618624,0.00828840153679878,0.0258744782640753
0.000313768836257297,3.78855324461013e-05,0.000219907342489395,0,0.0264103535956783,0.0656783453477896,0.00597807500609592,0.0699168823438317,0.211699421329113,0.508161426868795,0.00635056056449229,0.944133675071161,0.000867533285163841,0.0259423424715156,0.115184918342802,0.000423129394738841,6.16274280972362e-05,0.00147212920525913,0.00110010214981172,0.992174121359196,0.000408421635083744,0.000736086861039966,0.000164435482999071,0.223684178229211,0.0170620898662197,0.00180581107378408,0.000871485019995654,0.62144179901667,0.0134966523332142,0.000489718351026463,0.000102855649587098,0.00493597160241669,6.63038503900677e-05,0.0167133323958325,0.002645062733453,0.0336254095744138,0.00193846156275802,0.010582310588874,0.00380910874100665,0.149139252526757,0.00282013296753792,0.00707437607345698,0.00744241828565562,9.95742159238819e-05,0.00535931503965135,0.0013521301151551,0.00648529438297,0.00138148980542391,0.00209900276439513,7.24650216721237e-05,0.00036722860598157,0,0.0683220907766294,0.000343145999819112,0.0078745575408033,0.000849597668595475,0.0305567882711534,0.0460132201429907,0.130134955932538,0.000554934518316213,0.0681924364524439,0.000197208506247479,0.00771068814173425,0.00796935218322695,0.000115963972397375,0,0.000302298151078293,8.87591292328298e-05,0.0289237877846682,0.000228441664824486,0.000928348865060341,0,0.107411881737801,0.000152822393153822,0.000849730836996594,0.000124154538417774,0.208166541555868,0.00210545978203924,0,2.74568887367695e-05,0,0,0.00361451597069168,0.000236721638532525
4.43362474146545e-05,0.00103193694753299,0.0023494169936484,0.0264103535956783,0,0.25516777738167,0.00215566281048164,0.0211005263764033,0.048684677044309,0.0143776097055014,0.000735950179277945,0.0634756186554199,0,0.00260848348996457,0.558866300506955,0.00395812034254364,0.000681622499868661,0,0,0.011306503416769,0.0240319788482636,0.00153850972706959,0.0504410094885618,0.0627936618332116,0.00314766824188886,0.000576779551751876,0.00794535689009438,0.0392979985820843,0.00466746957062518,0.00298557672633739,0,0.234107453279953,0,0.350039617756954,0.0709749642430487,0.0446993738097591,0.00787549201465069,0.00281161985628435,0.0214273644449892,0.920716855528771,0.260129085977649,0.00225807123995104,0.000106222520706546,0.000623398393676269,0.000269012925230151,0.00293419305634153,0.00024676805529322,0,0.000342886550807297,0,0,0.000119978715282547,0.0004795697769521,0,0,5.3480107141149e-05,0,0.000814836726969678,0.000575331106601393,9.8241383057034e-05,0.000404615714080542,0,0,0.000172495942452264,0.000513292495049465,0,0.000368590726652384,0,0,0.000357995279788775,9.14263071811799e-05,0.00117844704679431,0.00166154794114836,0,0.000196653566217327,0.000576868040354991,0.00185785446211771,0,0,0,0,0,0,0.0812858952052617
0.00182807099105835,0.000375946005144901,0.00535175819844156,0.0656783453477896,0.25516777738167,0,0.517683710406894,1.82639763852113,0.0390766477959742,2.28620558098859,0.0194128164778354,1.13307312259163,0.00164167394058369,0.123109557181439,0.522760574126931,0.00145558001700986,0.00575329036523806,0.00428247250390149,0.00393530783638567,0.0528139035719761,0.0162351652460643,0.000903621376828619,0.0136921696010346,0.0665340467528996,0.0857915850544171,0.00675867985817187,0.00478484863929792,0.268217852566275,0.0439282050902963,0.00655224943947895,0.000993109142379822,0.0661342325901952,0.000574557106515143,0.0881682104072627,0.460281469015186,0.56013656594132,0.0183499297409807,0.0570810844464039,0.0429706069840797,0.793250303141123,0.0858016816922005,0.0709294610842416,0.0157049988587525,0.000284455249833154,0.00853163971972897,0.00427278529689994,0.00708625317567558,0.00139919039551431,0.00981543025769075,0,0,0,0.00470038323785175,0.000667829456415421,0.00206969738828129,0.000122098882976532,0.0345887521365842,0.0168423309211483,0.0244686392912591,0.00023610983281914,0.00814445344175811,0.000378624778520107,0.0242393914717487,0.00103120336044827,0.000307073722286027,0,0,0.000169359502388155,0.00196197479605717,0.000281176843271005,0.000267126766074586,0.000209847868850577,0.0595041696555816,0.000145278835921526,0.000134445567921773,0.000270082819770097,0.089472330488431,0.00408306295853709,0.000371666656756246,8.62122925786078e-05,0.000392164849301326,0,0.0125487295647172,0.0339938937540552
0.676743678432857,0.000373776324443883,0.149991808236836,0.00597807500609592,0.00215566281048164,0.517683710406894,0,2.23177039094027,0.0114981877574631,2.55664442189034,0.0702425119739008,0.0395974680528266,0.00791218189828234,4.12997775724194,0.0208901558904429,0.0198834499371712,0.115764370472124,0.0250645749076454,0.0271204424249703,0.00717987535746674,0.991130298229482,0.00109024125988074,0.753664544030107,0.261077260099733,0.00869725843588613,0.0338302608910071,0.0322832751820957,6.87388002157542,0.658433863745708,0.919322516219009,0.00288986206694532,0.0179911608885869,0.0146864920445296,0.241422888568611,0.0643100752961593,0.295461436319127,0.0240584175944001,0.171661378123673,0.048381636035148,0.0385679675021864,0.0216205606636966,0.019315270895199,0.00343145110123917,0.000216050091684168,0.00102663863898633,0.000947235282585199,0.001679246888108,0.000116605359808033,0.000721823254325142,0,0.000150269309930938,0.000134938060967607,0.00160103390112881,0,0,0.00011812046530416,0.00510762217947239,0.0069070338574029,0.00989834231544979,0.000140764506474781,0.00296685016539772,0.000818781720957721,0.00123126841078912,0.000703016401733878,0.00139363739101214,0,0,0,0.00063554528727935,0.000489676054436007,0.000874665880697304,0.000998917369173692,0.0227885334278226,0.000136190618213403,4.92879221639693e-05,0.00176990163184562,0.0304614130986077,0.00057570654194287,0.000460407922619498,0,0,6.42176647776962e-05,0.00125573620420734,0.00598789487119294
0.0762067780556178,0.00025804856745649,0.305732984739211,0.0699168823438317,0.0211005263764033,1.82639763852113,2.23177039094027,0,0.0688442181560277,1.54533045584696,0.0607281693982359,0.756992552515374,0.00567929341668559,1.29488489130451,0.137569525995129,0.0074469070410411,0.306459009775465,0.0268358984914957,0.0386107453990406,0.0954128263752431,0.340141441707635,0.00144693159193402,0.661877637268328,0.239545573856942,0.176866216570316,0.0461250835690159,0.0335671046502337,0.579237497754266,0.157266838606028,0.44946521496923,0.00185239079316573,0.13918578481195,0.00387953881335692,0.161747022026786,0.0322981528788764,0.660360765135446,0.0374688387243372,0.108603888241648,0.0696165341267566,0.344779298668754,0.0394509233088878,0.139591514216017,0.0643097584070365,0.000958080362424159,0.0434935229941074,0.0130118443729426,0.040896990579307,0.0134114207225262,0.016610556674538,0.000412582247904432,0.000212364276860448,7.52828439863563e-05,0.0150571931869617,7.80893380494655e-05,0.0111375810913628,0.00219619800216321,0.204872162392077,0.0953111325206332,0.126965536283607,4.78369067829251e-05,0.0516839750747432,0.000888592605529073,0.0625838619651535,0.00280585849478599,0.000916807653502823,0,0,0,0.0105316569578691,0.000678581032762733,0.000459309312031656,0.000582112913754845,0.357914089969843,3.06520219661325e-05,8.11613994486988e-05,0.00135606998204081,0.583732735763515,0.0175588395077565,0.000805690286325592,0,0,0.000390509361659261,0.0541626285243856,0.00663057161583712
0.000194401472489387,0.269376473244595,0.000167334433224947,0.211699421329113,0.048684677044309,0.0390766477959742,0.0114981877574631,0.0688442181560277,0,0.21147564457398,0.0200494581287547,0.196598877527394,0.0602328355422878,0.0163763909112148,0.208879161199285,0.0392691666253407,0.000631986028257332,0.00083512081022501,0.000924511476099182,0.0573227106138557,0.00784052310076176,1.05515185783652,0.0109178015336835,3.48693431312796,0.11928337462324,0.0049219980069459,0.70859522330967,0.539463633746706,0.00910717998752553,0.00220597252219464,0.00404713310971606,0.0065063006769673,0.00035728467248894,0.0105644708964094,0.00338411071918391,0.0518962679382017,0.00362422746663922,0.00961718360272402,0.0041398624249369,0.185617065355394,0.00497608608850041,0.00973410367951628,0.0627899928798485,0.0032803716343299,0.0210749719632442,0.0126741484401588,0.0140236744228235,0.00472327980283915,0.0086492898248251,0.00117615443319454,0.00695913642516162,0.00276022355689154,0.0802975522642367,0.00207275057905843,0.0109126717382158,0.00473987207317554,0.0843140348722165,0.570946297556997,0.175967556914044,0.00905719413287854,0.0540800459931616,0.0022752216804722,0.0492712975359797,0.0152723564929953,0.102574086386341,0.000783739576871842,0.00328469840641134,0.00174562677404021,0.0189910551190381,0.0459523241218241,0.158012650837451,0.0499639673142829,0.654107815164126,0.00122135670937703,0.0100523610333727,0.0351557361335591,0.564367228226495,0.0162631495450435,0.0155458777469052,0.000523189579277131,0.00113867359450455,0,0.0231389396369928,0.0137646867086161
0.0107533699888547,0.000384892769332391,0.0186292109163117,0.508161426868795,0.0143776097055014,2.28620558098859,2.55664442189034,1.54533045584696,0.21147564457398,0,0.142189403063317,0.583209706067541,0.0145826814714645,0.657176008045754,0.0657999824736167,0.00238089150008125,0.00762562926817357,0.0432429973686037,0.0494752791447953,0.145112473652629,0.0727719275546136,0.000528425601144916,0.0302867429414822,0.0757904963936448,0.0687132425516541,0.0489729851018149,0.0137574039977247,0.585131402576079,0.219093983873433,0.018352044575847,0.0029487769987462,0.0446997973153586,0.000953978114142577,0.304970857496397,0.310047264359288,0.454190390202223,0.0414466033070013,0.172949410922024,0.0468275933868557,0.123743684510991,0.0319262620777098,0.074056282463909,0.0390717207040642,0.00107879393921968,0.0280496756096493,0.00582836373543365,0.0259218601545526,0.00679757452138072,0.00807485579014009,0.000109317163798821,0.000748370663504442,0,0.0869736812608603,0.00197706688800569,0.0130170214798893,0.00374326242371761,0.142750520725448,0.130255912580474,0.441885467156657,0.000159626506809309,0.127712821321264,0.000512981465090435,0.0194105038340708,0.00883491708055956,0.000130428399080935,0,0,0,0.0400628104574369,0.000341717160023993,0.00325031128638559,3.94718055425048e-05,0.410671602293223,0.000400389656563801,0.000139887972357076,0.000414480079967818,0.86398197510617,0.00512518671299199,0.00056133140271787,0,0,7.55083403058886e-05,0.0292183395573993,0.0433361369161335
0.00267900788069247,0.0479237116819689,0.0227589980347758,0.00635056056449229,0.000735950179277945,0.0194128164778354,0.0702425119739008,0.0607281693982359,0.0200494581287547,0.142189403063317,0,0.0403290059584446,0.880755477844485,0.175557785239976,0.00314712692247763,0.00187567798777862,0.062147751607605,1.11496029933445,0.232512333335072,0.0115220431039462,0.0122815882776414,0.0365105218285639,0.0293762801586092,0.0438233761782566,0.237493554685455,0.801229245672132,0.0992575244228803,0.0774917036228917,0.205377742191624,0.0109375766979289,0.118878050230868,0.0874882510202315,0.000814676317330715,1.4430449671473,0.0101573970613772,0.255281490561485,0.975375762741354,0.80963255646237,0.14945174168476,0.00690666846786903,0.00258571943879773,0.903293099967948,0.00206801995749618,0.0467298651094524,0.0100103370877376,0.00267152866472044,0.000140784325570732,0,0.141113511355241,0,0.0161469373182977,0.000422846768232099,0.000269941165867665,0,0,0,5.14788059312403e-05,0.00572076333068799,0,0.207119488235456,0.000884580921806055,0.802149111157255,0.000997217973871495,0.000126944403463197,0.000920941201421651,0.000110547069885885,0.00284937693063752,0.0001285530792449,0,3.28508809290648e-05,0.00203423069126698,0.000203570230322537,0.00342425507551469,0.0804041364019557,0.0853385274274627,0.226107992576997,0.00130488961407625,0.00203863590881571,0.000183955825716341,0.168635005164275,0.00103396086784054,0,0.0278162560601359,0.00783655632927964
0.00348396117611449,0.000566603923462683,0.00169773217867279,0.944133675071161,0.0634756186554199,1.13307312259163,0.0395974680528266,0.756992552515374,0.196598877527394,0.583209706067541,0.0403290059584446,0,0.00572612973698574,0.22679388289395,0.28177965891636,0,0.00253519190405228,0.01426585369748,0.0150186462449555,1.01563946127863,0.00248494359466648,0.000854037691127068,0.00342141651234823,0.131558107751317,0.0687462036131842,0.0160060948980353,0.00518138194811047,0.34851242733062,0.0423522763316351,0.00645740466954409,0.00118510040654186,0.0266874055822571,9.19573884182809e-05,0.099532625759425,0.909911703003266,0.192880764494454,0.0149019949923715,0.0435308297998678,0.0272772193102095,0.358069081661636,0.0100643865116351,0.0572786778860902,0.00777267840516534,0.000296994637948331,0.0037554904853087,0.000360179404009974,0.00567644257145063,0.00136049665914449,0.00557343913894976,0,0.000174761143821717,0,0.0263141811466964,0.00126724852338098,0.00379846974182663,0.000288215975389186,0.0195189659420092,0.0188255344750777,0.0648353202022516,9.26302972220424e-05,0.0757402371968478,0.000495314170440012,0.00427500642496031,0.00402130343074167,0.000156112592852873,0,0.000137376122365227,0,0.0156263188566054,0.000109650321252144,0.000256491590179324,0.000121941003491771,0.0516110968764855,4.55090740778983e-05,0.000117092316972658,0.000227492047456491,0.114956085431176,0.00117038547856181,0.000559013049407888,0,0,0,0.00479656374218194,0.122324814498618
0.000438320461938035,0.238955299640925,0.00824693438806523,0.000867533285163841,0,0.00164167394058369,0.00791218189828234,0.00567929341668559,0.0602328355422878,0.0145826814714645,0.880755477844485,0.00572612973698574,0,0.00866172027737824,0.000221530555302787,0.00076360019332231,0.0017178658019135,0.0068070146522787,0.00184647523386422,0.00158619057383451,0.000806149478587935,0.152502654558994,0.00228887133872425,0.0865421215806814,1.42176057486584,0.0318945659783949,0.352610642420836,0.0108385356552281,0.00934994957093574,0.000983333767386039,0.363368612889954,0.00464955672010111,0.000135825666847729,0.290289863460916,0.000807645483690834,0.0133531885930465,0.162230995396858,0.227288731454567,0.00579775980509965,0.000883747178553915,0.000330423262356448,0.394327391953754,0.00404500300041302,0.0814240613582572,0.0121522848807673,0.00239578737817068,0,0,0.190604261174657,0,0.0510330746022265,0.000293253074235946,0,0,0,0,0.000317807261599535,0.00278565658409941,0,0.323947167544689,0.000155764516306561,1.28345085952361,0.00119501939650796,5.22267911162674e-05,0.000912382982888911,0.000438646667478758,0.00524396538709102,0.000264579608809483,0,0,0.00533151108429254,0.000351219369203773,0.00450988231466705,0.207077979345857,0.194930057126887,0.612451718794978,0.000175294936892519,0.002504831921194,0,0.294981796023812,0.00154912748310699,0,0.0315052649804433,0.000559535949724012
0.902687090576004,0.000425554281701017,0.289462613316519,0.0259423424715156,0.00260848348996457,0.123109557181439,4.12997775724194,1.29488489130451,0.0163763909112148,0.657176008045754,0.175557785239976,0.22679388289395,0.00866172027737824,0,0.0252303537635941,0.0167062455675023,0.711144409002335,0.0988824191289307,0.156245041405083,0.0408431183289898,0.279330351362704,0.000855748492161351,1.06035690537756,0.0889611202087625,0.0615273866470604,0.138312943204493,0.0872589090560078,0.399683169390312,1.49898089488651,1.36434388300472,0.00459277311592463,0.113488138915468,0.0117520994907393,0.348381209264269,0.0342724969095108,0.343708562899292,0.0364698274135037,0.11897849572022,0.054912958758922,0.0528204781202257,0.0187320846590395,0.0985092336395765,0.011710245535665,0.000345968358777308,0.00335929069730846,0.00187700341720587,0.00429274361278276,0.00131759676985011,0.00334799019238501,0,8.47030168569982e-05,0.00128310477800523,0.00184713411059843,0.000132911752108992,0.00173919283770775,0.000123207908074487,0.00723249931065518,0.0220747559810334,0.00197999541458532,0.000592517148289114,0.00268642497563457,0.00167231541979536,0.00126222802416258,0.000491578465891475,0.000816928761058867,0,0,0,0.000280797485789752,0.00125319773549711,0.000559379716041774,0.000471303880733487,0.07219372815353,0,0.000300536193906212,0.00340134102387549,0.0817927433761862,0.00057972467261635,0.000280864119417822,4.31295562271207e-05,0,0,0.00238950437742566,0.0051142285002602
0.000412844967147231,0.00593937998728258,0.00340022977587543,0.115184918342802,0.558866300506955,0.522760574126931,0.0208901558904429,0.137569525995129,0.208879161199285,0.0657999824736167,0.00314712692247763,0.28177965891636,0.000221530555302787,0.0252303537635941,0,0.00655410912953455,0.00130622640114396,0.00213824005376532,0.000872086224175912,0.0443532408680578,0.0492969817030341,0.0119806042437698,0.0367274057810576,0.349917116055795,0.0279289473488754,0.00279633831269458,0.0230479449575535,0.227720836842518,0.0079431154459912,0.0114183110404705,0,0.0309200632213096,0.000231965766191662,0.0109492784500414,0.195304568574676,0.0643381123463156,0.0128827823586572,0.0370160137700425,0.0771967103075274,0.50695547553896,0.0103759762946667,0.0135963112785786,0.00178208714837281,0.00197690465088471,0.00126147114736912,0.00484728013811027,0.0011578003419457,0,0.00030222833538723,0,0,0.000184587439838648,0.00289873521887457,0.000130823308861667,9.60511832596418e-05,5.66437510384977e-05,0.0013110334750425,0.00353939484283364,0.00168252630726617,0,0.00111986971825096,0,0.000949770518469056,0.000258776872476947,0.00275056728349648,0,0,0,0.000273260843065453,0.00170621050097403,0.000668839749392617,0.00301365017384385,0.0110963235874125,0,0.00108727474358348,0.00166965737658536,0.014082066985988,0.00031373320035789,0.000199136157794541,0,0,0,0.000640107852633119,0.151227776477184
0.00250614939679966,0.0115461430070657,0.0067985219292054,0.000423129394738841,0.00395812034254364,0.00145558001700986,0.0198834499371712,0.0074469070410411,0.0392691666253407,0.00238089150008125,0.00187567798777862,0,0.00076360019332231,0.0167062455675023,0.00655410912953455,0,0.0161352594623827,0.00121992971042273,0.00434675510574134,0.00020876945674823,0.297444447968742,0.973149684403565,0.500881588103184,0.530710567675554,0.011880421134348,0.00763156908435997,1.27789677417003,0.21755775507236,0.0316802243285833,0.0539436897847719,0.000970646724601441,0.000223034375295907,0.00477799660767452,0.0384826498181639,0.0616917931548511,0.671196171921035,0.162891011953512,0.164270789835764,0.179333648438747,0.00463101527988405,0.0024478794806559,0.00534419141295094,0.117055957475867,0.00584460726395614,0.0326549175899822,0.0278770462529942,0.00895091806481137,0.0054310472917965,0.00222975279496822,7.86032746197134e-05,0.00226461968780311,0.00449945393278993,0.000272847084036684,0.0004530053700526,0.00135330553876648,0.00681897115111019,0.0121879806676148,0.053383781442838,0.00102004582927538,0.000110113352829784,0.000743922099364632,0.000117442923673171,0.0155425330647305,0.00886812792468334,0.907199032353369,0.00112515403480444,0.000207125724838463,0.000161342018151784,0.000203756697610841,0.210773309892505,0.304554078807405,0.762889609520581,0.336326410204269,8.26121102494061e-05,0.000917304047314375,0.330237544808674,0.218672956151148,0.0120553217011548,0.0690979920186098,7.33777287124604e-05,0.000275691249878293,0.00102659302941677,0.0183619083085278,0.0246042409526279
0.100000977791809,0.0011207936172828,3.35294765432638,6.16274280972362e-05,0.000681622499868661,0.00575329036523806,0.115764370472124,0.306459009775465,0.000631986028257332,0.00762562926817357,0.062147751607605,0.00253519190405228,0.0017178658019135,0.711144409002335,0.00130622640114396,0.0161352594623827,0,0.174202154647132,0.87874067436649,0.000751840632396143,0.157878652927815,0.00293665171698825,1.49264259008706,0.0041922865600656,0.00125772086304078,3.01092027998545,2.35057345220976,0.0158905571911628,0.387437917337119,0.352550589758577,0.00448568244507491,0.00343444417480439,0.0337806134625189,1.02524689937394,0.0122227173977756,0.35441968622482,0.0913968027885327,0.182540484539688,0.0935758199990114,0.00311436951565087,0.00229185582526138,0.00472791225602144,0.0143542758058984,0.0013801148389438,0.00547651029141906,0.00621725017282932,0,7.65058996876001e-05,8.76039521985769e-05,0,0.00598525318715313,0.0840151690770301,0,0,0,0.00109432070738518,0,0.000249165273536378,0,0,0,0.000244098419328117,9.11820577968742e-05,0.00011425186754551,0.00386263571344331,0.00577827066583635,0.000286282095975763,0.000352689816275954,0,0.000449826465077322,0.0028060877315658,0.0191479161192137,0.00100901348863619,0.000284349218471343,0.019306060693066,0.166337988070244,0.000592086840395379,4.37554928650796e-05,0.000450443908198696,0.000211736603580219,0,0,0.00193792476663197,0.00591651185246503
0.00337471463487745,0.00116796708931349,0.0418128781303451,0.00147212920525913,0,0.00428247250390149,0.0250645749076454,0.0268358984914957,0.00083512081022501,0.0432429973686037,1.11496029933445,0.01426585369748,0.0068070146522787,0.0988824191289307,0.00213824005376532,0.00121992971042273,0.174202154647132,0,0.591516800252663,0.00489595617173638,0.0121944371936555,0.000512003690071831,0.0398539753155345,0.00510238189080813,0.00303169374543931,1.23071031717958,0.186354240596863,0.0236289472057514,0.0968555713341122,0.0099459551793491,0.0347896272103155,0.0274311871097809,0.00106449413820817,0.382500709956092,0.0204974686484594,0.418451690138746,0.305904239425951,0.421114065389536,0.217455380475355,0.00216918922591109,0.00284829202883659,0.0242633145793415,0.00121386015637163,0.00132110073151045,0.000246232886267388,0.000734504189472458,0,0,0.000611034165972331,0,0.00404152804067861,0.0034839704257384,9.15480858807567e-05,0.000276143856258792,0,0,0,0.00143529578680787,0,0.00362828022061607,4.31995375671387e-05,0.00688633271282673,0,0.000405318899238485,5.73338713030457e-05,0.000221171508520836,0.00145092484587491,0.000134985743820861,0,0,0.000244935496933418,0.000337505885340616,0.000149943986070138,0.000811298823304081,0.0313646371263412,0.0612668006101309,0,0,0,0.00547980091058401,0,0,0.000621851438160887,0.015408146871272
0.00467314332520034,0.00117488756067291,0.0976484796982062,0.00110010214981172,0,0.00393530783638567,0.0271204424249703,0.0386107453990406,0.000924511476099182,0.0494752791447953,0.232512333335072,0.0150186462449555,0.00184647523386422,0.156245041405083,0.000872086224175912,0.00434675510574134,0.87874067436649,0.591516800252663,0,0.00407667956918176,0.0381878430422253,0.00125121196254086,0.138660405591273,0.00574968178290378,0.00153536430455731,1.22180591089937,0.351868803463953,0.0245289628750566,0.132442925917161,0.0262428888074126,0.00795654810411206,0.0171553764111667,0.00419904478896053,0.899348873826934,0.022685893244778,0.584587555520764,0.150634578191079,0.383007317714276,0.210922711423667,0.00437365811780739,0.00363418365815453,0.00480997332166289,0.00280852327349624,0.000642881457363367,0.000931606274281552,0.00105742620721761,0,4.3212340628314e-05,0.00020188987129139,0,0.00481960087366654,0.00986452044042223,5.90686486877025e-05,0,0,3.90512201737314e-05,0,0.00106955303592306,0,0.000276681590171671,6.71061336995244e-05,0.000139495053035563,0,0.000670584457699308,0.00031438097594035,0.000858653865291872,0.000305421424722228,6.45609481913388e-05,0,0,0.000498957146306536,0.000864332103075859,0.00025009643974818,0.000478841915443361,0.0219713585685234,0.056209410811027,0,0,4.78943976573765e-05,0.000630611628189781,0,0,0.000578798564041194,0.0211535659321331
0.000550898190303486,0,0.000720228757559645,0.992174121359196,0.011306503416769,0.0528139035719761,0.00717987535746674,0.0954128263752431,0.0573227106138557,0.145112473652629,0.0115220431039462,1.01563946127863,0.00158619057383451,0.0408431183289898,0.0443532408680578,0.00020876945674823,0.000751840632396143,0.00489595617173638,0.00407667956918176,0,0.00122158516867546,0.000134486667564941,0.000954849334134932,0.047930375870349,0.0161392331216552,0.0047884120903072,0.00185393129104362,0.170743710589116,0.0138849112709939,0.00177305004672613,0.00036597514835355,0.00515746870464582,0.00010039535382489,0.015526046537206,0.00219717552870839,0.0407062812830955,0.00320102367948899,0.0109108179393851,0.003727701128432,0.0674067485953866,0.0018503567255238,0.00969321825250843,0.00631412504551823,0,0.00343438793431238,0.0015963084574323,0.00484228090340854,0.00131139065426607,0.00136997673548645,0.000114212400346076,3.73960558143049e-05,0,0.0146431230080051,0,0.00204064469628969,0.000480354017884237,0.0212185361187398,0.0144857624292832,0.0584341759613768,0,0.0299358391896449,0.00014775970955877,0.00260908120215798,0.00143254968247593,0,0,0,0,0.00454730840370561,6.98220498452783e-05,0.000487109176929975,0.000106678664493764,0.0472454251944224,3.36044206976026e-05,0,4.2458979867518e-05,0.0991291418658761,0.00103773267584602,0.000100730707462746,0,0,0,0.0046081256000153,0.000208716139158744
0.0262107266253732,0.000805223209707338,0.299570674826313,0.000408421635083744,0.0240319788482636,0.0162351652460643,0.991130298229482,0.340141441707635,0.00784052310076176,0.0727719275546136,0.0122815882776414,0.00248494359466648,0.000806149478587935,0.279330351362704,0.0492969817030341,0.297444447968742,0.157878652927815,0.0121944371936555,0.0381878430422253,0.00122158516867546,0,0.0146041807180498,5.35382442470674,0.0707116904903722,0.0143609942496547,0.0507814549294964,0.167124700078684,1.33234247631441,0.292560306516362,4.17717454382336,0.000843035642872604,0.00276028443021079,0.141608004833964,1.64297634392451,0.373286970039641,2.11142413400193,0.180735297986511,1.87368418201827,1.03063885911234,0.0214083160308016,0.0131315199239198,0.00943113305513061,0.10019764293475,0.00311965980625376,0.023156318662385,0.019597046193412,0.0118538021194003,0.00514103900005657,0.00323882514509037,0.000205304502745056,0.000318664575094932,0.000683173764928633,0.000119032643336544,0.000644644432474995,0.00244470163102478,0.0048540782803881,0.0130502914553466,0.011623677934093,0.000895851853047502,0.00023090427432855,0.00031963589781956,0.000320118011088127,0.0174414962486474,0.00797846877766979,0.0661178930948208,0.00040239764785409,0,5.0363854875505e-05,0.000282940916474899,0.0606470594995817,0.0210050668831961,0.0326531154228622,0.197508442500946,4.45893964226604e-05,0.000229736160645255,0.0183328971543476,0.153602975124968,0.0107142136884648,0.0667089045555584,3.64264216403157e-05,0.000435280728802621,0.000496872601153171,0.0164230748585221,0.0660225149486092
0,0.416769862087245,0.00188149507144807,0.000736086861039966,0.00153850972706959,0.000903621376828619,0.00109024125988074,0.00144693159193402,1.05515185783652,0.000528425601144916,0.0365105218285639,0.000854037691127068,0.152502654558994,0.000855748492161351,0.0119806042437698,0.973149684403565,0.00293665171698825,0.000512003690071831,0.00125121196254086,0.000134486667564941,0.0146041807180498,0,0.074197731907439,1.54559791282621,0.19731210185362,0.00681771150836392,1.51972719633769,0.0360197233154341,0.000704040494337737,0.000619878401471883,0.00950161607903965,3.80520844551891e-05,0.000180002885921967,0.00471181751232171,0.00123393580247805,0.019096892142565,0.00606561753192148,0.00920742065728744,0.00525267134578941,0.00447222931327755,5.53007334326684e-05,0.0211682098715206,0.026277921036607,0.00312998051898181,0.00940338029865775,0.00672815289315157,0.00154556845652786,0.000697948353250087,0.000930153129509905,0,0.0172539805654355,0.0125148233342952,0.00038262979620856,0.000230032407770919,0.000308539742256296,0.00147203496970597,0.00118222023342658,0.0387265004560446,0.000708731044883385,0.000718371570940679,0.00110004024519413,0.00418413036085988,0.000964225401635396,0.00228724588430645,0.255051926948273,0.00153149158694884,0.000259195440668929,0.000621178497296039,0,0.0352303904439594,0.24226791495658,0.135120975574754,0.0977459373239193,0.00187631100457353,0.00769415879929851,0.363381586077949,0.0386532693907795,0.00124894348826867,0.00779021344248391,0.000806655514771726,0,0,0.00270244424753294,0.00283952286704655
0.129708748224488,0.000868900311181131,6.35516230406592,0.000164435482999071,0.0504410094885618,0.0136921696010346,0.753664544030107,0.661877637268328,0.0109178015336835,0.0302867429414822,0.0293762801586092,0.00342141651234823,0.00228887133872425,1.06035690537756,0.0367274057810576,0.500881588103184,1.49264259008706,0.0398539753155345,0.138660405591273,0.000954849334134932,5.35382442470674,0.074197731907439,0,0.138794337035602,0.00868289175811662,0.397499819501832,2.61418116058588,0.386887651989946,0.395951714358657,1.43022874914607,0.002297168954046,0.00408358520694443,0.0728447544070388,1.50646527191356,0.461358044580927,4.24910423525849,0.923464204774062,2.89453368876884,2.38328501754239,0.0314937390673683,0.0159247132282244,0.0166212904195769,0.0643709107753046,0.00361941731754798,0.018788386419795,0.0188455174860135,0.00471426988365165,0.00170111751163547,0.000677897639983168,0.00012774502226783,0.00170201674767529,0.0252812700256737,0.00010068819980346,0.00154758685698475,0.000228060538639873,0.00439377027614962,0.00440409848582877,0.0239673033511481,0.000289702965982819,0.00016332619339714,0.000366868455763837,0.000283004889032659,0.00340329159910054,0.00741769887147458,0.511980963077938,0.00140188733683943,0,0.000117505560352259,0.000229894817611402,0.113280446780745,0.0898142837436358,0.598392177985584,0.143645109018953,5.65487166298985e-05,0.00214355083407524,0.475783312618295,0.111066356890666,0.00314758503535001,0.0380024473022797,0.000113123979840731,0,0,0.0107301208240358,0.13669930320414
0.00365174850426972,0.398260588514054,0.00176248852583723,0.223684178229211,0.0627936618332116,0.0665340467528996,0.261077260099733,0.239545573856942,3.48693431312796,0.0757904963936448,0.0438233761782566,0.131558107751317,0.0865421215806814,0.0889611202087625,0.349917116055795,0.530710567675554,0.0041922865600656,0.00510238189080813,0.00574968178290378,0.047930375870349,0.0707116904903722,1.54559791282621,0.138794337035602,0,0.239080174445045,0.0137198930777188,1.03317801915046,1.0328129016469,0.113535888295481,0.021226929353585,0.00723487602583251,0.0128080775173104,0.00887506165063093,0.0807619480171296,0.0564777377465295,0.395008642988512,0.0234134616243322,0.079339790898952,0.0384367208346718,0.19888243126214,0.0135768450015429,0.0321186143817847,0.234046582779413,0.00838389924949481,0.111207393162954,0.0613740060863935,0.0701126801568599,0.0343277343222944,0.0240380091916039,0.000950069755291182,0.0136336980473644,0.00471136728113349,0.0638668678827936,0.00301500309565415,0.0348051955857581,0.00917316238810297,0.440289861526368,0.465184529910684,0.362685004972472,0.00209489218290239,0.100135454178452,0.00241589310292124,0.244558575509745,0.0219979543284953,0.104060366530308,0.000292160886552751,0,0.000304526773417998,0.0249898073494667,0.0644703173838752,0.117420601752424,0.0557269247548309,1.41511015565443,0.00353535640413261,0.00341607555453914,0.0657789817368747,1.37928189732574,0.0678278236759064,0.0331238676712012,0.000453171449160639,0.00330921042542883,0.000836428026282477,0.125766845785643,0.0220195764224832
0.000217323627568603,0.337203145636218,0.00264768554687071,0.0170620898662197,0.00314766824188886,0.0857915850544171,0.00869725843588613,0.176866216570316,0.11928337462324,0.0687132425516541,0.237493554685455,0.0687462036131842,1.42176057486584,0.0615273866470604,0.0279289473488754,0.011880421134348,0.00125772086304078,0.00303169374543931,0.00153536430455731,0.0161392331216552,0.0143609942496547,0.19731210185362,0.00868289175811662,0.239080174445045,0,0.0255009096393753,0.588364515027067,0.105965797798288,0.0206010095263233,0.00402797020538283,0.122805806227574,0.0657641027897115,0.000119306955334442,0.0858728355222402,0.00309015756437205,0.0952792664841924,0.0202153128759705,0.185103785644704,0.179974451920808,0.0822115405938785,0.0857943495831877,0.191343773837768,0.0729559719357269,0.0121976075783967,0.0384587508178377,0.0331532042641278,0.0652807007054807,0.0337924425639451,0.046779194863321,0,0.0692676626364532,0.00254502399511089,0.0152194540678827,0.00375764650264267,0.0112995649885286,0.00432960278697478,0.0894532703131675,0.0107238925488964,0.0548444351003197,0.0444384964978444,0.0321765572988759,0.269928032414306,0.0837486494410936,0.00884513284665928,0.00166615816263781,0.0028318466196577,0.00302006347619437,0.00128313933451466,0.00809407031282515,0.00147323043951267,0.00971882356531665,0.00108872766659926,0.050133162984511,0.174687965718698,0.0892066225617638,0.512070512288564,0.116129929571752,0.0140334332569676,0.00132903555157471,0.0647918123599179,0.00760692215762733,0,0.0721447031015631,0.00378693335813463
0.00423925645487399,0.0131580351117055,1.57721529061985,0.00180581107378408,0.000576779551751876,0.00675867985817187,0.0338302608910071,0.0461250835690159,0.0049219980069459,0.0489729851018149,0.801229245672132,0.0160060948980353,0.0318945659783949,0.138312943204493,0.00279633831269458,0.00763156908435997,3.01092027998545,1.23071031717958,1.22180591089937,0.0047884120903072,0.0507814549294964,0.00681771150836392,0.397499819501832,0.0137198930777188,0.0255009096393753,0,3.93824130419616,0.030282801957802,0.109216048948759,0.0294209996054922,0.16925232015351,0.0215264313209117,0.00328085212049824,0.770085229811231,0.0709400205024574,1.79913958899236,0.738765917247405,0.840904902441694,0.540289801110679,0.00722774396465051,0.0100339717604231,0.0279757091859243,0.0631776136897615,0.0256676645550743,0.0380705112716727,0.0252720599170522,0.00110981548125654,0.000247133749407435,0.00201863845435961,0.000915571126801072,0.112252975822554,0.290713390322307,0.000359988421451766,0.000809140556350422,0,0.00659042617477287,0.000535428458813685,0.00432967786869955,0,0.0515970616221987,0,0.145028875826898,0.00255181823662299,0.0011999706437761,0.00229561798822286,0.0385847236020111,0.0233117614349856,0.00784848896397455,0,0.0021465993706511,0.00464961971746744,0.0238580916416115,0.00599043166471132,0.0367669520377901,0.842765517609298,1.77541231804663,0.00264511112966546,0.00269514982900088,0.00405318749352898,0.132825499860281,0.000306538948680282,7.00763477089405e-05,0.0241522173919475,0.0557135396539908
0.00483123943871803,0.67606129527833,3.43798271307381,0.000871485019995654,0.00794535689009438,0.00478484863929792,0.0322832751820957,0.0335671046502337,0.70859522330967,0.0137574039977247,0.0992575244228803,0.00518138194811047,0.352610642420836,0.0872589090560078,0.0230479449575535,1.27789677417003,2.35057345220976,0.186354240596863,0.351868803463953,0.00185393129104362,0.167124700078684,1.51972719633769,2.61418116058588,1.03317801915046,0.588364515027067,3.93824130419616,0,0.150952246414426,0.054744581683082,0.0322366470985626,0.310198994607506,0.0046803460730663,0.00409000484670335,0.793341241700299,0.194814896992762,3.56437341717211,0.670945326253734,1.74137611534257,1.28982993048549,0.0226005037893381,0.018696374890886,0.0184268869432312,0.658838636333356,0.0946558395935527,0.309444152843525,0.263224645864753,0.00717364416744007,0.00520695239982891,0.00584723748882872,0.00181408925474294,1.17039415670752,2.08744736982178,0.000536459035772609,0.000494539483712125,0.00076406164856312,0.054906073769836,0.00489921980348043,0.0487193141419667,0.000480403918296084,0.0463919576776858,0.00024629204431842,0.100363044738945,0.0106212627723466,0.00477276426214484,0.573258830523767,0.283068960798112,0.043079508315566,0.0465407775432291,3.13607563640714e-05,0.0706873866600303,0.408544119709701,1.48222655749718,0.159941640165475,0.10604493854766,2.21461715812276,12.4794643018265,0.1178105582981,0.00626065998304266,0.038150274642032,0.100646683908513,0.00041755788831709,0.000764057726423344,0.124061101221783,0.124757774116818
