0,2.18859323859215,561.856594473124,4.31487730145454,2.73798549175262,47.1897723376751,5082.0979655683,1544.08444923162,54.0764029920101,228.322250455618,37.1865625083447,38.7851784229279,6.00721651315689,11806.7093044519,31.145938962698,1.29383617639542,442.483635932207,21.3035050630569,146.356416970491,24.7316132187843,470.359801948071,1.80114412307739,837.120946735144,67.0837813615799,0,233.615686565638,336.534457892179,268.324599087238,9967.4280923605,4725.07210737467,3.08717739582062,33.1039533913136,110.595235109329,391.770411550999,89.0332904756069,501.285979956388,29.5861847400665,109.530148804188,50.6529713869095,56.8842933177948,64.2165683507919,13.5535860061646,9.70513620972633,2.50667893886566,7.17390704154968,0,15.0313763618469,1.21939846873283,0,0,1.40020716190338,2.15050894021988,2.26859140396118,0,0,6.23957252502441,0,1.48223981261253,0.426709920167923,0,0,11.0482315421104,0.358513832092285,3.64076298475266,4.24193531274796,1.22523134946823,0,0,0.466149657964706,2.49714136123657,10.700536608696,5.45044100284576,42.9516858756542,0,1.30414494872093,44.8490209579468,15.4457507431507,2.18490320444107,1.93702587485313,0,0.977970004081726,1.94961261749268,6.7480930685997,17.6654245853424
2.18859323859215,0,321.441159158945,2.76373517513275,4.09298208355904,0.581575334072113,29.6910508871078,10.3933638334274,1601.88433647156,11.3393823802471,173.624801337719,4.87522929906845,578.855853497982,31.0650757551193,38.1323494911194,2211.99686735868,559.626300424337,10.0910350084305,95.1776379942894,0.840842962265015,152.245492488146,4624.12521025538,314.131019979715,4309.27744725347,722.402158975601,318.725210607052,33406.7372393906,318.615186840296,38.7101863622665,18.1753217577934,42.0448009967804,5.42930918931961,1.60527843236923,337.201683074236,44.5973665714264,1035.38881489635,214.149355232716,257.445354342461,308.648901730776,42.124623298645,2.78244268894196,175.242608815432,199.774973154068,63.5811071693897,71.7740018963814,43.7957251966,8.32674324512482,0.824693381786346,1.3885098695755,1.1065302491188,342.838407635689,45.9965104460716,2.94435465335846,0,0,8.85310015082359,0.706547439098358,12.0938304066658,1.4149307012558,32.9672713577747,3.86149498820305,117.212120264769,12.4031700193882,6.31511336565018,104.740013629198,136.547191560268,32.0821859538555,196.659815877676,0.39249449968338,24.1148675382137,118.989259958267,51.017154276371,81.6638024151325,65.8315678238869,476.011096745729,5028.93089604378,9.71881344914436,7.80830183625221,16.227102547884,39.2443300783634,0,0,93.7098615169525,107.824941635132
561.856594473124,321.441159158945,0,0.35271692276001,6.1044294834137,83.5854854881763,4348.56459671259,2588.50181777775,102.13338303566,189.828240305185,56.3402287662029,45.8746820092201,5.82680734992027,3263.95635744929,31.486977994442,30.4395905733109,15213.7908214033,59.6302046477795,1210.10429883003,29.6340626180172,7016.01716226339,10.6520856022835,70373.8383512795,28.3183651566505,5.15539288520813,23438.8268631697,34862.4644010961,270.572723180056,1421.76398453116,4492.38592919707,1.49582499265671,35.363467335701,114.903574854136,2222.48766958714,221.572038799524,4702.68402853608,3799.02988284826,1364.70111599565,1539.00966697931,65.251700848341,69.846058011055,13.9421713650227,794.067373514175,93.4735971689224,292.641803711653,71.3738401532173,27.556587010622,7.34660243988037,0,4.74654448032379,201.486312538385,941.468456834555,0,2.92282485961914,0.724462866783142,67.528219461441,10.0786128342152,5.33563083410263,0.463932007551193,10.6766477823257,2.66042143106461,24.6111187338829,40.6707566976547,3.75699031352997,119.730087399483,1235.24619433284,15.157264649868,265.009736657143,0,58.6576429009438,67.2246169447899,316.245815098286,76.2467143237591,12.789005279541,718.999290585518,7089.78282615542,25.8996461927891,13.2841320931911,64.9844433665276,0.551390707492828,0,1.71973967552185,426.907463431358,464.918147414923
4.31487730145454,2.76373517513275,0.35271692276001,0,361.889958173037,832.220890641212,164.196883171797,439.775761023164,7782.48395976424,8539.93061998487,54.628405302763,9686.7144805789,11.492028683424,218.176254838705,2077.58622831106,0.531343102455139,4.39192467927933,30.2800794243813,44.8874365389347,22410.5713181496,5.40377196669579,2.61561858654022,2.96483588218689,6891.09592401981,1.91136363148689,37.6626994907856,15.9773713946342,7308.74468663335,232.369078278542,18.2279439866543,5.03109952807426,60.0542162954807,21.653792232275,284.736456185579,208.295077711344,1907.63594767451,7.64115992188454,64.8436303436756,12.7574061155319,2719.59852260351,127.274677872658,32.2265971601009,1153.63465544581,3.99650776386261,249.109548568726,5.46963515877724,3095.67324969172,213.023501396179,0.487614333629608,4.09118378162384,0,1.17137348651886,2137.01650640368,19.4464548230171,74.0151466727257,176.346734285355,154.008634328842,192.684221237898,469.909757256508,7.80322742462158,598.380225330591,57.1500437557697,229.021514117718,400.293697267771,9.13473844528198,0,0,0.541020631790161,350.471963018179,6.81108087301254,957.891247570515,6.58770829439163,2031.65819200873,0,0,6.08853256702423,2052.51825690269,212.705473810434,30.9642863869667,0,2.84013551473618,5.25588324666023,348.15721398592,101.13379624486
2.73798549175262,4.09298208355904,6.1044294834137,361.889958173037,0,3569.81339153647,156.300534814596,477.709481865168,173.693207323551,410.355823308229,30.9734578728676,2955.22343242168,4.12639582157135,67.3661064207554,3311.90600797534,0,6.84412962198257,10.8995403647423,16.6473451554775,308.238816201687,15.8064002096653,20.0191807746887,15.1132256984711,140.238957226276,6.30809241533279,14.7538067102432,19.8990061581135,207.413263976574,54.506495565176,34.0073039233685,3.81792011857033,155.338452786207,4.7056248486042,4450.33298408985,288.920438200235,1207.01002413034,5.88724988698959,11.6325576901436,10.9539166688919,12514.7876165807,7451.99404805899,48.6019731163979,57.5087966918945,1.33949100971222,12.7311477065086,0.835626840591431,107.977724045515,1.20514696836472,0,1.09442943334579,0,0,32.7009884417057,0.682191908359528,1.24566012620926,8.97083577513695,2.26094472408295,1.53055217862129,6.89966323971748,0,12.6016693711281,60.7845167517662,0.463111966848373,12.4069427549839,11.565310806036,0,0,0.68785172700882,4.72884967923164,12.8385286033154,25.409882158041,7.08612376451492,84.1301681697369,0,0,7.04702633619308,44.35924872756,2.98517763614655,11.731287330389,0,0,0,49.6378835439682,255.781581073999
47.1897723376751,0.581575334072113,83.5854854881763,832.220890641212,3569.81339153647,0,3178.41451579332,15962.8028654903,372.88426181674,11473.0590589643,144.705756366253,12063.6214583516,25.5000621974468,916.710456594825,3844.52343571186,2.82678335905075,48.9212739169598,48.9603597819805,100.787323132157,1823.70688736439,76.6977888345718,4.25039571523666,57.3321912288666,125.241886019707,2.26399105787277,113.694936648011,81.1428171694279,723.85461178422,244.707803666592,109.966012626886,3.64631432294846,348.100214868784,6.85839745402336,454.213141530752,1505.69848766923,1283.95178279281,13.0615477859974,50.7185977697372,19.3792298734188,4145.88070505857,1428.21470540762,73.4070814847946,138.560449510813,0.689121782779694,22.149272531271,0,149.107540041208,12.1141933202744,0.992574989795685,0,0.812495946884155,0,57.2820499837399,2.73236006498337,3.417360663414,30.1010866761208,10.3576493263245,11.9327225089073,13.7161801457405,1.68152332305908,14.8617427647114,65.6520357429981,3.64986896514893,15.7248188853264,13.5358618497849,0.834828794002533,0,0,11.691520690918,5.07068556547165,85.3091541826725,4.46707686781883,221.955130785704,0,0.865518748760223,6.52636542916298,94.2334293425083,22.3943426311016,14.3646035194397,0.529356420040131,0,0,67.1056349873543,153.364980816841
5082.0979655683,29.6910508871078,4348.56459671259,164.196883171797,156.300534814596,3178.41451579332,0,20538.1437877566,4174.15435272455,52256.3844317794,309.957939565182,595.103190153837,56.5779589414597,23045.8413809538,1541.06894898415,7.33988708257675,369.433507859707,198.498034834862,416.927462249994,303.484605759382,4644.51244360209,139.001450568438,2804.19755122066,13537.7984599769,18.1851699650288,1996.09322291613,1914.70651340485,71952.1420606077,5781.99103596807,10060.3685812354,21.8038738667965,244.878531485796,514.375769287348,2725.11593142152,1740.30403658748,9045.06952640414,265.146361500025,1044.17721411586,401.750345766544,1402.42545053363,913.981768637896,168.142264664173,1402.7014015913,10.7646195590496,337.200624108315,11.2506573498249,1130.60688051581,231.950142890215,2.54911461472511,12.0003026425838,6.27138909697533,25.6792704164982,633.580374926329,9.36189591884613,24.2652181684971,358.646266639233,117.164493054152,94.7068303525448,227.291703790426,4.99848020076752,190.188749969006,182.689555943012,153.978740662336,115.283639460802,158.657966971397,19.458462625742,0,2.55101361870766,139.285932034254,35.6352742612362,783.383475035429,152.857041537762,2035.79022485018,0.841002762317657,12.4336537718773,877.045489758253,1105.14827644825,304.598785579205,114.205484479666,0,0.650100588798523,9.45435959100723,509.379850685596,552.797208636999
1544.08444923162,10.3933638334274,2588.50181777775,439.775761023164,477.709481865168,15962.8028654903,20538.1437877566,0,1569.96356590092,19824.054894343,827.438710123301,5584.84058448672,134.159707218409,40957.9050399959,509.280843764544,12.6196255683899,1034.149750337,500.231716409326,1025.28979612887,2193.58259284496,2387.50677582622,13.3028152883053,2076.0232847929,694.675016462803,19.9885093569756,1481.53768450022,1215.55248585343,2292.58069485426,5235.38394805789,2780.66553559899,41.4122843444347,1475.60620725155,214.925337731838,2121.18932887912,426.097482055426,4911.3920416683,156.326392918825,342.640929207206,167.714877068996,2374.09605148435,841.187061756849,239.232462406158,752.576786130667,2.28194588422775,202.999377965927,3.09312489628792,714.928042382002,58.4640216529369,3.09133523702621,7.10091558098793,3.09635868668556,5.92262786626816,199.331961482763,3.25831609964371,11.5857127010822,216.256472542882,20.8105909824371,20.2370932400227,44.260262042284,4.36188027262688,94.4530968368053,222.349154055119,23.5414874255657,86.1067378818989,74.1263850033283,6.33820348978043,2.46727764606476,1.74523937702179,46.6622695326805,52.5832917690277,526.365702301264,30.7013007104397,1426.35673055053,1.11885291337967,11.2962923049927,152.347839981318,517.354795396328,99.7907060682774,94.5052137374878,1.70774066448212,0,10.4049770832062,322.709760785103,140.690618813038
54.0764029920101,1601.88433647156,102.13338303566,7782.48395976424,173.693207323551,372.88426181674,4174.15435272455,1569.96356590092,0,1789.91972151399,663.075481414795,1161.12994083762,1100.42666184902,862.941430300474,1691.91771894693,795.043746203184,100.249945282936,131.031733095646,157.400555104017,1149.82130929828,762.958382308483,13645.26048702,549.509996771812,29354.4899332523,998.988435149193,268.080644160509,4462.40254721045,9444.41402766109,381.244220495224,411.723143070936,147.064394325018,161.583067476749,38.138866007328,912.844704568386,261.455732375383,3630.87417769432,112.817552447319,262.734970390797,75.617324590683,2176.0952141583,311.231961399317,319.190562576056,2380.27248260379,47.0386456847191,467.573376834393,46.3921644985676,2537.86535316706,306.988266408443,4.66918608546257,42.6398679614067,648.419780641794,109.737172245979,2828.53547120094,24.0646938383579,117.246488690376,572.927306085825,373.534125417471,555.636778622866,801.491802871227,158.838957101107,612.147807657719,238.01466524601,636.115980863571,275.583663165569,2846.69479745626,119.554801106453,89.0560394823551,61.7682627439499,524.136930912733,944.085507690907,6557.83061268926,842.988308638334,7412.76182892919,22.1993954479694,201.559631288052,4413.26849868894,3828.8312241137,695.828477650881,733.578528493643,13.55477643013,7.35350489616394,16.9385194480419,708.780836164951,531.377586334944
228.322250455618,11.3393823802471,189.828240305185,8539.93061998487,410.355823308229,11473.0590589643,52256.3844317794,19824.054894343,1789.91972151399,0,934.585309505463,7435.18087995052,204.3056897223,5961.8420676887,1532.98803290725,3.0020740032196,161.916904956102,573.250597208738,822.80078804493,14295.2791590095,216.501814067364,5.82367071509361,157.210396140814,497.539732158184,19.3665557801723,777.776989489794,527.565548747778,20301.6784873903,3166.32409906387,313.786496043205,67.8955681025982,693.014577269554,37.3717024326324,3461.57147184014,2867.94335338473,10663.953768909,140.067015886307,543.405619472265,155.04412356019,2082.79924991727,1247.87190556526,382.388913691044,1441.87312221527,3.14342111349106,262.843318849802,8.882792532444,2181.76165387034,205.062382906675,5.52719298005104,2.04937708377838,2.78073626756668,0.382822751998901,1420.91058430076,14.8359861373901,50.7837202847004,290.180313646793,99.9461268186569,134.298239201307,427.700358182192,4.50340884923935,373.712717592716,193.055616796017,77.6940486431122,263.857828199863,26.3348831832409,0.42416051030159,0,0,323.686628177762,17.0024026632309,684.075383245945,15.7433045804501,1808.95090445876,0.501162469387054,0.492940276861191,18.1858985722065,1763.74285647273,217.751658499241,66.027574390173,0,1.03051069378853,7.5920994579792,564.045559197664,452.5350651443
37.1865625083447,173.624801337719,56.3402287662029,54.628405302763,30.9734578728676,144.705756366253,309.957939565182,827.438710123301,663.075481414795,934.585309505463,0,565.047051429749,9812.37678983808,1513.98597383499,42.4565017521381,239.778419494629,1152.11580219865,16863.490475446,3741.18464994431,265.649705767632,106.861592769623,418.111373573542,302.605630934238,700.210261464119,3172.34401127696,7728.06894797087,2364.61247545481,192.33615654707,1405.89738047123,138.433303505182,1083.87957975268,1073.37893876433,26.2101945281029,11251.1452313066,86.3080516457558,1534.32913160324,4175.42953637242,2419.80665236712,759.537825614214,83.00875005126,33.6075351834297,1267.79051914811,33.105816423893,77.4352007210255,95.8061362802982,14.269088447094,29.0231440067291,1.5165182352066,481.973293244839,0.608382761478424,30.0230152308941,4.21192851662636,3.60075303912163,1.3893506526947,4.24440747499466,3.11403998732567,9.49442622065544,6.97806936502457,1.77471548318863,1935.75681903958,13.4366883039474,2316.99655920267,22.564354121685,6.5247585773468,1.91897588968277,8.85997718572617,48.6116507649422,13.6181129813194,0,1.07344052195549,73.7715582251549,3.73212042450905,79.3401890695095,352.106354296207,257.682079672813,761.071362584829,14.4267404079437,48.3362131118774,0.858229637145996,306.125425517559,5.28437101840973,0,205.193007051945,133.694772511721
38.7851784229279,4.87522929906845,45.8746820092201,9686.7144805789,2955.22343242168,12063.6214583516,595.103190153837,5584.84058448672,1161.12994083762,7435.18087995052,565.047051429749,0,102.568252950907,1902.63994893432,10714.3898544014,3.31324672698975,72.7445547878742,317.580120921135,411.32763877511,11998.6190716028,33.0083207786083,4.02258756756783,46.2341325283051,400.747720360756,6.36127266287804,327.604294300079,200.999420911074,918.954880028963,628.585463732481,115.343588918447,29.2462049424648,731.334747105837,9.05899977684021,1489.79852774739,2331.40469521284,2737.62250623107,57.4246207475662,176.742864638567,28.1675650775433,5511.40976122022,527.124064922333,168.475966870785,229.542245596647,3.9222606420517,30.8766277134418,5.38607376813889,893.937927156687,25.811556994915,4.15223407745361,0,0.551212131977081,0,770.604775100946,9.19348174333572,19.2166032195091,28.7026436328888,24.7348960340023,35.5529393553734,70.737626940012,7.87831616401672,493.794255793095,109.386594295502,32.5826949477196,103.73064994812,9.83983689546585,0.737879395484924,3.22459051012993,0,87.0956864655018,1.4581746160984,176.969095528126,9.71026581525803,381.235081940889,0,0,1.48486313223839,356.314085334539,30.9686345756054,4.25027814507484,0.653193950653076,1.13387298583984,0.591043293476105,123.21360206604,293.896613359451
6.00721651315689,578.855853497982,5.82680734992027,11.492028683424,4.12639582157135,25.5000621974468,56.5779589414597,134.159707218409,1100.42666184902,204.3056897223,9812.37678983808,102.568252950907,0,178.278240680695,35.5945055186749,712.823279172182,8.96094661951065,174.95798805356,60.845686852932,56.939794421196,72.575939655304,1203.48544514179,130.352394163609,1795.84663105011,13712.1588734388,952.343517094851,5589.80437791348,207.21493062377,171.099504381418,23.0799880921841,1814.44674271345,139.684297442436,2.6073163151741,2026.0762514472,23.0588463842869,459.876111894846,3541.31821510196,2821.57747939229,75.8174718022346,76.4023417830467,12.633290886879,3166.39526808262,43.2785291969776,127.484952390194,136.949104458094,12.9372184574604,12.0336680114269,2.76501333713531,780.288640618324,0,32.3515658974648,0,0,1.93250697851181,6.94157546758652,2.65026497840881,14.8832995593548,4.275300770998,2.50335738062859,3276.74017995596,7.92145472764969,4501.37620207667,40.0590150654316,3.8816876411438,2.61152482032776,0.975356251001358,73.6676615476608,22.4572883248329,2.99964019656181,0.481477677822113,21.3986205458641,0.524220645427704,24.0224047005177,688.76941806078,343.891718804836,1362.03458738327,3.15609332919121,80.0543413162231,1.52103364467621,535.752783030272,8.51660180091858,0,402.224322170019,14.636279463768
11806.7093044519,31.0650757551193,3263.95635744929,218.176254838705,67.3661064207554,916.710456594825,23045.8413809538,40957.9050399959,862.941430300474,5961.8420676887,1513.98597383499,1902.63994893432,178.278240680695,0,272.631028115749,17.8672651946545,2478.81225261092,916.814770102501,2092.76453921199,1055.25819629431,2935.35797992349,25.3521822690964,4041.81861922145,778.785180211067,31.7421373426914,2185.66623401642,2271.60927218199,2512.20707297325,26216.9298930466,11271.9684475362,78.4978928565979,1087.02663809061,386.771667778492,4099.04301708937,567.065091788769,4599.65074524283,305.541095912457,585.349830061197,220.302740752697,747.999194055796,492.976734906435,234.144496321678,407.629734188318,5.75085562467575,119.597916990519,1.88387382030487,421.698557257652,28.6253804862499,7.94773536920547,4.53737562894821,10.9835024476051,10.5752789080143,99.137823164463,2.40966293215752,4.12093645334244,120.808370113373,5.05211281776428,36.7837353348732,21.164974629879,2.24236822128296,35.9236311018467,146.411745011806,8.29182350635529,42.176640868187,56.2029391229153,6.4446394443512,0,2.95552039146423,16.0307765901089,32.8121091127396,332.278978645802,25.0661832690239,888.254371851683,5.44599330425262,26.6667976975441,285.370209932327,345.349245458841,50.5369652509689,75.8037669658661,1.85506421327591,0,8.1520784497261,214.417922198772,140.425564646721
31.145938962698,38.1323494911194,31.486977994442,2077.58622831106,3311.90600797534,3844.52343571186,1541.06894898415,509.280843764544,1691.91771894693,1532.98803290725,42.4565017521381,10714.3898544014,35.5945055186749,272.631028115749,0,7.30190306901932,29.9096210002899,19.4884866476059,32.4669673740864,1107.6595672369,208.178249031305,170.725252360106,132.73207706213,1456.40802484751,26.2758079171181,28.8453982770443,115.279300093651,1895.48013940454,265.361465871334,409.193720847368,4.37130558490753,200.163311749697,17.0258870124817,127.91186362505,368.202427685261,619.367903023958,9.0138290822506,26.3275444209576,17.0160283446312,6236.24872255325,322.883806496859,18.2340326011181,150.900577813387,19.286656588316,29.8627638816833,4.51292997598648,338.967583447695,17.570503115654,0,0.578265309333801,0,2.46265888214111,142.173186600208,1.05784156918526,6.78227418661118,32.9052072167397,10.3040565848351,20.5712204277515,26.3906846046448,2.66306990385056,69.6358988881111,9.94381263852119,10.518842458725,55.5507568717003,33.726183205843,1.52328908443451,3.2499018907547,3.78611296415329,26.9118000268936,12.9734618663788,134.410174995661,27.8548548221588,327.031895071268,0.742097198963165,10.7007531821728,31.7671049535275,164.735183507204,22.9612984955311,23.403954833746,0,0,1.66241049766541,42.0281284451485,1154.0939309001
1.29383617639542,2211.99686735868,30.4395905733109,0.531343102455139,0,2.82678335905075,7.33988708257675,12.6196255683899,795.043746203184,3.0020740032196,239.778419494629,3.31324672698975,712.823279172182,17.8672651946545,7.30190306901932,0,161.912657320499,13.2277071177959,57.5737014710903,0,5395.58730015159,7524.67416855693,12046.2266117334,3472.64927059412,961.196561336517,99.8908326029778,13611.6554938555,3073.63447225094,24.8190293908119,76.9984931945801,79.008418738842,5.57739526033401,3.10455602407455,408.213346481323,183.742616534233,4086.61366701126,311.216908872128,597.935032486916,264.944752693176,24.0881322026253,29.9385830163956,224.006827890873,503.59289753437,18.3032637536526,191.963699012995,34.8871595263481,490.398788124323,35.8762586712837,1.85464203357697,4.79028204083443,43.1238614320755,29.0998963415623,6.93782153725624,2.47249674797058,3.51972162723541,22.3218254446983,16.1773048043251,84.0556038916111,21.958114117384,12.0102869272232,21.9040182232857,560.687905222178,51.6789366006851,53.9492756724358,5166.04898461699,23.3212061524391,5.46945825219154,8.00465035438538,16.6601620316505,1113.93656784296,1321.52189567685,2572.118729949,1468.88635733724,5.42796057462692,29.7766909301281,2344.5524353385,266.273675650358,80.0962595045567,351.399988621473,6.00797194242477,0,4.58544951677322,227.280986219645,238.854784548283
442.483635932207,559.626300424337,15213.7908214033,4.39192467927933,6.84412962198257,48.9212739169598,369.433507859707,1034.149750337,100.249945282936,161.916904956102,1152.11580219865,72.7445547878742,8.96094661951065,2478.81225261092,29.9096210002899,161.912657320499,0,646.691925704479,10218.2199476659,37.1868473887444,2546.8712311089,22.2639532089233,20750.0113074481,69.7450864613056,6.31426426768303,19744.4902527034,18439.5267242789,159.276675969362,4252.02565556765,2074.07834976912,8.51639866828918,135.388559788465,893.916430443525,8601.42346632481,215.482439011335,3707.48792761564,5855.31192326546,1082.0568677783,1371.20301127434,63.0554285049438,135.350028961897,27.9532727301121,471.61375695467,70.4330949485302,180.146291673183,47.7157707810402,7.91507741808891,6.91292467713356,0,2.61124780774117,132.804429650307,463.383637577295,0,2.66550409793854,1.67421147227287,40.3387722969055,4.11167621612549,3.6292941570282,0.33844131231308,8.39142888784409,3.44886958599091,9.24385038018227,6.89144566655159,0.583755612373352,58.9405307173729,739.413445949554,11.5328340232372,196.320667296648,0,16.3102620840073,39.9513857364655,175.334812581539,32.6481192111969,4.02017325162888,555.097946077585,4798.52831244469,1.55278304219246,9.67669156193733,34.0171034038067,0.849519908428192,0,0,313.411275029182,368.380721211433
21.3035050630569,10.0910350084305,59.6302046477795,30.2800794243813,10.8995403647423,48.9603597819805,198.498034834862,500.231716409326,131.031733095646,573.250597208738,16863.490475446,317.580120921135,174.95798805356,916.814770102501,19.4884866476059,13.2277071177959,646.691925704479,0,4760.78585779667,157.356585681438,118.65404060483,11.5922916829586,246.877950191498,67.06067481637,48.4157993197441,3293.67162135243,1322.47877708077,103.481665939093,815.292023748159,94.847714304924,329.773619264364,501.534197211266,24.4576668143272,3692.3785007,260.156748354435,3126.4990131557,2990.03767818213,2468.13115152717,2485.89570057392,56.5860479474068,31.8056834936142,17.6479451060295,22.1294637918472,29.7605121433735,13.1415024697781,7.07769328355789,4.05596840381622,3.39327919483185,12.8705982267857,0,6.87496984004974,7.69239085912704,0.640983521938324,1.91174906492233,1.95791906118393,0,0,0,0,310.144400179386,4.01068329811096,798.894798099995,4.90995955467224,2.66358661651611,1.49453246593475,7.629574239254,61.9137141108513,15.1575722098351,0,0,45.5367688238621,2.59982097148895,2.09493637084961,32.6376985311508,335.674296379089,838.772621840239,0,14.8185089826584,0,263.97736209631,0,0,26.947464376688,297.811781466007
146.356416970491,95.1776379942894,1210.10429883003,44.8874365389347,16.6473451554775,100.787323132157,416.927462249994,1025.28979612887,157.400555104017,822.80078804493,3741.18464994431,411.32763877511,60.845686852932,2092.76453921199,32.4669673740864,57.5737014710903,10218.2199476659,4760.78585779667,0,246.977713674307,666.171534270048,9.24704974889755,2457.65144452453,92.1806121766567,27.9829840660095,11570.5155091882,4434.70265725255,161.087238162756,2954.26885321736,645.869580835104,99.7566355764866,821.132964879274,263.491858750582,9003.8572486341,454.619638472795,7549.65211459994,4079.95618832111,2158.01114749908,4063.51182723045,74.4918988347054,76.8271701037884,32.5674891769886,60.2391960024834,40.4203917086124,35.6736468672752,31.0781619250774,6.83623233437538,2.06804248690605,1.3210756778717,0,39.9862874150276,32.7053540050983,3.53964823484421,4.35320675373077,0,0.472072273492813,0,7.36094915866852,0.892350614070892,56.6749118566513,4.11488384008408,206.421789348125,0,0.700933456420898,7.06689804792404,84.1284752488136,51.1250549256802,94.0145810842514,0,0.776052623987198,64.5581004619598,7.96734696626663,12.8426616191864,24.6908368766308,370.437856525183,1458.85587647557,0,2.29823929071426,3.02242457866669,124.295464664698,0,0,52.8121663331985,786.371858149767
24.7316132187843,0.840842962265015,29.6340626180172,22410.5713181496,308.238816201687,1823.70688736439,303.484605759382,2193.58259284496,1149.82130929828,14295.2791590095,265.649705767632,11998.6190716028,56.939794421196,1055.25819629431,1107.6595672369,0,37.1868473887444,157.356585681438,246.977713674307,0,20.7886011004448,6.30062168836594,25.9836083054543,530.913279294968,7.70477324724197,215.262259036303,120.554740875959,4675.01817336679,531.138625562191,73.6365537345409,20.6747701466084,225.714581012726,8.25134018063545,869.684933006763,323.087821871042,2986.71410495043,37.3813654780388,125.21074000001,29.216066390276,1223.78812232614,338.479816138744,110.577405273914,695.538700193167,5.22621577978134,160.242872238159,1.29542136192322,1299.15505200624,93.0629404783249,2.09752687811852,3.32340002059937,1.27465522289276,0,1553.09358343482,10.5780281126499,31.806442886591,160.855246633291,73.7227894663811,85.6886811256409,343.549475282431,6.79634007811546,363.195853233337,101.013723641634,80.1249575316906,188.55420511961,12.5157428383827,0,2.99127316474915,1.44458186626434,272.783753544092,8.66484519839287,313.0033608675,7.33680635690689,1042.70047950745,0,3.65893658995628,4.81388744711876,938.654930144548,125.925941348076,29.061939060688,0,0,1.94898247718811,244.270003646612,94.5239515602589
470.359801948071,152.245492488146,7016.01716226339,5.40377196669579,15.8064002096653,76.6977888345718,4644.51244360209,2387.50677582622,762.958382308483,216.501814067364,106.861592769623,33.0083207786083,72.575939655304,2935.35797992349,208.178249031305,5395.58730015159,2546.8712311089,118.65404060483,666.171534270048,20.7886011004448,0,869.813234567642,69018.8455871642,431.649073511362,63.9890731573105,1277.10107702017,9380.9209036231,12979.381208241,1974.23170927167,34595.2675077021,10.3709771633148,49.1461043655872,841.52638399601,15317.4513292909,2794.46596765518,34459.0272738338,1405.14478695393,10191.8894984126,4322.21742898226,188.346129864454,516.943343371153,321.370797783136,577.426021575928,42.2772904932499,146.735490858555,41.8680471479893,802.757194787264,35.7077623903751,3.90079641342163,11.835202306509,43.9723588228226,45.4481043219566,22.3973160982132,15.6395729184151,15.7371000051498,60.6901864409447,6.10151770710945,20.1362780630589,12.4619121551514,9.13492530584335,43.5670104920864,714.846345841885,66.9313150644302,77.2956056296825,2181.17696562409,27.2282216250896,3.76990920305252,8.8538926243782,6.71854555606842,1059.65096506476,651.186986356974,1069.79388564825,1905.27957800031,2.38632142543793,19.3288320600986,1534.16693159938,674.915339678526,141.307530939579,526.107729017735,0,3.4079418182373,11.1020302772522,369.185979783535,3128.84150019288
1.80114412307739,4624.12521025538,10.6520856022835,2.61561858654022,20.0191807746887,4.25039571523666,139.001450568438,13.3028152883053,13645.26048702,5.82367071509361,418.111373573542,4.02258756756783,1203.48544514179,25.3521822690964,170.725252360106,7524.67416855693,22.2639532089233,11.5922916829586,9.24704974889755,6.30062168836594,869.813234567642,0,987.637971758842,30988.4593814611,1722.25116813183,84.8855269253254,17381.4609280825,2227.95219486952,19.6153272092342,18.8272444009781,92.4667112827301,2.47095715999603,3.62315392494202,111.716918408871,14.7675171494484,218.457728147507,66.1192881762981,175.886906325817,19.8731601238251,257.556793749332,4.12692365050316,238.571071684361,204.421461820602,6.84784829616547,72.8545281887054,18.0708635449409,84.7942166924477,27.2834101319313,3.15289860963821,2.25134336948395,179.837681800127,11.9845435023308,5.73980036377907,2.10495960712433,1.3980827331543,23.008269071579,4.92346641421318,170.894493550062,0.509750843048096,16.8224567174911,1.72691094875336,59.0404495000839,14.8290840685368,15.9362593889236,1502.24545145035,21.1687478423119,3.81828188896179,7.47222876548767,1.8612487912178,416.31894338131,776.484782010317,500.797675192356,941.981086790562,26.4847654998302,27.1895487010479,1435.82768091559,118.941984534264,49.621016561985,165.726940572262,7.29541251063347,0,2.3896359205246,57.0470527410507,49.6206411421299
837.120946735144,314.131019979715,70373.8383512795,2.96483588218689,15.1132256984711,57.3321912288666,2804.19755122066,2076.0232847929,549.509996771812,157.210396140814,302.605630934238,46.2341325283051,130.352394163609,4041.81861922145,132.73207706213,12046.2266117334,20750.0113074481,246.877950191498,2457.65144452453,25.9836083054543,69018.8455871642,987.637971758842,0,1063.25265178084,122.819979578257,7667.90005865693,73646.5947068036,5860.39476183057,4050.18774813414,11995.615411073,14.3987149894238,68.2989816963673,866.278154164553,16144.5220428109,3846.29757750034,56961.4393031895,6742.72177201509,20141.2202822268,10412.5511673987,230.930517584085,365.248925983906,305.131441175938,1049.52914023399,82.9587463438511,373.069300442934,121.243391096592,844.192872196436,66.6080220639706,3.19406268000603,5.68990370631218,98.7882267832756,330.73483556509,10.4675045609474,23.1055536270142,22.9508922696114,87.7675148546696,32.7342104017735,81.9525608420372,38.236435174942,13.0740821361542,41.1036287248135,1301.9394288063,67.295895755291,53.9152855277061,7133.2186973393,168.000943154097,7.68039962649345,45.5821831524372,6.31259030103683,1357.33602127433,1040.22318157554,4654.91006946564,1596.03906399012,5.64237806200981,126.300066381693,10547.9706291258,325.252533137798,74.5431215465069,318.348908215761,0.413119107484818,0,8.68488776683807,488.122186750174,5421.47444906831
67.0837813615799,4309.27744725347,28.3183651566505,6891.09592401981,140.238957226276,125.241886019707,13537.7984599769,694.675016462803,29354.4899332523,497.539732158184,700.210261464119,400.747720360756,1795.84663105011,778.785180211067,1456.40802484751,3472.64927059412,69.7450864613056,67.06067481637,92.1806121766567,530.913279294968,431.649073511362,30988.4593814611,1063.25265178084,0,2308.22635707259,408.828094393015,5862.03691709042,18203.8548142016,1405.15639597178,962.653321594,164.756416469812,99.7746935486794,416.755508750677,1094.82755944133,709.320906430483,6574.58948504925,176.732061982155,593.677998542786,146.291673928499,1416.33571657538,365.814846485853,580.015575557947,2361.20310029387,14.2255099713802,563.75883898139,40.8741638064384,1749.43139499426,239.025894522667,5.4997301697731,73.0929417312145,33.1398388147354,30.1205736100674,604.582130074501,9.57544553279877,56.8693716824055,754.26550886035,215.639423280954,193.212435871363,216.491391003132,52.9192839860916,215.916588068008,696.457607805729,502.000183105469,204.135399520397,2133.03188976645,37.3342950642109,10.2619097232819,7.58222594857216,128.246616393328,1301.25973573327,2734.40503847599,920.15644094348,7221.575155586,16.207315325737,31.6206402480602,947.437780201435,2556.48581293225,773.747429788113,1439.66618320346,0.974837124347687,8.73761343955994,37.944799631834,847.107253402472,492.491972208023
0,722.402158975601,5.15539288520813,1.91136363148689,6.30809241533279,2.26399105787277,18.1851699650288,19.9885093569756,998.988435149193,19.3665557801723,3172.34401127696,6.36127266287804,13712.1588734388,31.7421373426914,26.2758079171181,961.196561336517,6.31426426768303,48.4157993197441,27.9829840660095,7.70477324724197,63.9890731573105,1722.25116813183,122.819979578257,2308.22635707259,0,549.65704408288,13062.0621747971,165.124310255051,25.9189817905426,1.68395501375198,618.014272272587,8.45597243309021,0.532050848007202,441.08045938611,1.99422347545624,107.798118889332,465.267226219177,506.892760485411,30.3687191307545,57.7863962352276,1.97073215246201,1457.9207264185,38.1348800957203,48.3163674771786,60.5984608530998,4.35855630040169,3.82544451951981,0.488176822662354,276.993336081505,0,52.9472220242023,2.31521597504616,0,0,2.78586262464523,0.65663081407547,0.883835554122925,4.63554263114929,1.7999250292778,1069.78519046307,7.7762905061245,2328.70798167586,10.4639003872871,0.670453488826752,11.2250643670559,7.20691221952438,55.4626261889935,74.0718386471272,0.607586145401001,0,2.26646086573601,3.31538316607475,17.8984448611736,1466.26146379113,337.97132357955,3260.90423229337,1.2305571436882,23.3542349040508,0,289.489687889814,2.80868661403656,0,104.669514507055,3.19566375017166
233.615686565638,318.725210607052,23438.8268631697,37.6626994907856,14.7538067102432,113.694936648011,1996.09322291613,1481.53768450022,268.080644160509,777.776989489794,7728.06894797087,327.604294300079,952.343517094851,2185.66623401642,28.8453982770443,99.8908326029778,19744.4902527034,3293.67162135243,11570.5155091882,215.262259036303,1277.10107702017,84.8855269253254,7667.90005865693,408.828094393015,549.65704408288,0,28104.6482883394,217.714573472738,1873.51339589059,1585.73105078936,2904.73466545343,462.189489811659,109.858464539051,5353.01461370289,586.997956395149,12726.4093788266,13046.5628663599,2863.34163603187,4337.5701315999,93.9901734888554,91.7639656662941,90.6621778309345,740.349880814552,359.99451598525,348.227752447128,155.71804818511,21.8931798636913,9.68508592247963,152.096556186676,4.87752050161362,232.548322379589,270.900709837675,1.31463733315468,7.77398544549942,3.1882401406765,12.8689417541027,8.54179826378822,15.7050529420376,2.39534801244736,2037.77948638797,16.297741740942,6262.98014652729,41.7649167776108,0.575709164142609,51.7189345061779,900.675832122564,720.222494900227,1445.34842294455,0,34.3886971473694,84.2567869126797,102.975459039211,36.154857814312,565.158039957285,5501.36478745937,18015.4448104501,7.01466509699821,76.2075918316841,47.3655889034271,1958.40479397774,6.33473640680313,0.383823692798615,515.235801905394,1165.50357067585
336.534457892179,33406.7372393906,34862.4644010961,15.9773713946342,19.8990061581135,81.1428171694279,1914.70651340485,1215.55248585343,4462.40254721045,527.565548747778,2364.61247545481,200.999420911074,5589.80437791348,2271.60927218199,115.279300093651,13611.6554938555,18439.5267242789,1322.47877708077,4434.70265725255,120.554740875959,9380.9209036231,17381.4609280825,73646.5947068036,5862.03691709042,13062.0621747971,28104.6482883394,0,5950.63283422589,2183.77986890078,2239.44112446904,3600.30532512069,287.305265426636,188.767727971077,18088.8599556684,2501.77598145604,59952.8616673946,12835.3068360388,13260.1891262531,13331.6884263456,420.439745604992,224.904720634222,255.38395640254,6955.84022286534,1270.29272270203,2766.89848831296,786.179067820311,620.016750484705,175.059456527233,171.593837976456,39.3851818144321,4276.43376478553,5280.19685435295,5.42729142308235,31.7124239206314,12.0461967885494,554.131302654743,118.680265575647,393.528630822897,23.9291151762009,1581.16589167714,44.0670618116856,7022.18552690744,382.210835427046,103.716004103422,7524.22646752,5837.94034421444,1352.09961646795,4915.30470234156,5.36925405263901,1026.16235649586,2322.01181825995,7911.27479749918,1582.94525182247,1725.5819170475,15379.3466461599,121496.294083267,325.507074087858,157.011590451002,557.070219278336,2573.01853340864,3.55370354652405,8.08938956260681,3240.73146337271,4934.62801069021
268.324599087238,318.615186840296,270.572723180056,7308.74468663335,207.413263976574,723.85461178422,71952.1420606077,2292.58069485426,9444.41402766109,20301.6784873903,192.33615654707,918.954880028963,207.21493062377,2512.20707297325,1895.48013940454,3073.63447225094,159.276675969362,103.481665939093,161.087238162756,4675.01817336679,12979.381208241,2227.95219486952,5860.39476183057,18203.8548142016,165.124310255051,217.714573472738,5950.63283422589,0,3206.00775432587,29771.1005993485,26.0020367205143,180.894967138767,825.252889424562,2820.20078119636,2238.24904790521,19655.6157765687,361.320456773043,2052.14257195592,682.483670502901,1939.99309775233,912.632279604673,437.840737879276,3414.87082245946,26.4799795746803,737.017609447241,36.9132383167744,3604.07291951776,379.248101204634,3.04222190380096,101.647977828979,46.6425479054451,52.0157764256001,1977.71468186378,30.4159668684006,81.6231139600277,996.780973702669,331.411465585232,257.398949682713,568.746699154377,17.3604986965656,586.573687642813,1039.58616915345,599.517937391996,428.377637535334,1968.07511004806,41.6785499453545,0,9.95544809103012,410.62578818202,1329.99126729369,2382.73589026928,993.032549440861,7657.27585250139,3.17845839262009,14.1778719425201,1619.64644029737,4001.70449879766,1067.06733629107,1849.63156244159,0,3.98805671930313,41.0312503576279,1239.98155108094,1139.75994428992
9967.4280923605,38.7101863622665,1421.76398453116,232.369078278542,54.506495565176,244.707803666592,5781.99103596807,5235.38394805789,381.244220495224,3166.32409906387,1405.89738047123,628.585463732481,171.099504381418,26216.9298930466,265.361465871334,24.8190293908119,4252.02565556765,815.292023748159,2954.26885321736,531.138625562191,1974.23170927167,19.6153272092342,4050.18774813414,1405.15639597178,25.9189817905426,1873.51339589059,2183.77986890078,3206.00775432587,0,26820.8735037148,64.4126508831978,1277.21892118454,8042.17444086075,9973.12305599451,629.34456178546,3160.32423987985,346.944493085146,1109.48806095123,269.821815669537,356.334503561258,701.860350072384,135.126704961061,185.561330109835,7.97638702392578,59.9511943459511,4.69793039560318,182.752988368273,9.25600391626358,5.63446813821793,6.35040926933289,9.04669827222824,9.41721016168594,20.685743868351,1.09654951095581,1.79320341348648,60.9361881315708,5.32740959525108,5.01436984539032,4.01223120093346,5.12455141544342,18.4673517346382,63.091428488493,3.44560948014259,29.1918462216854,29.0546329915524,13.5502123236656,0,6.60823234915733,6.14304101467133,42.6345877945423,207.360616445541,21.9758915603161,566.569859325886,0.604733169078827,29.4643144309521,219.151148945093,219.877758234739,19.2791688740253,46.2479583919048,0,0,8.036749958992,94.3255639672279,272.893086522818
