0,0,181.453331291676,7.07896554470062,0.834791243076324,30.9176884889603,2033.2554256022,1758.3320146203,3.79119205474854,82.698897331953,27.4288902878761,3.9255083501339,26.433406919241,11030.4904136658,50.0874854922295,1.30716633796692,387.303560584784,10.1594005227089,80.7598643302917,7.8833392560482,216.60169801116,0.707244694232941,211.781451940536,71.5051338672638,1.82650256156921,136.486224800348,76.6741047203541,222.460786670446,10227.7187046409,10078.3862560391,0.900374233722687,35.9990557134151,40.532485306263,186.76384422183,26.0058531761169,253.9361731112,41.4291658997536,192.447418510914,53.8396270275116,45.301289498806,28.8249170482159,2.6452704668045,15.6749713122845,0.754805386066437,5.67199647426605,4.14419692754745,6.02946811914444,2.10530382394791,0.743547797203064,0,0,2.01268830895424,1.2310528755188,0,0,3.28468555212021,4.01032960414886,3.09907826781273,0,2.16412830352783,0,1.30639946460724,4.87913274765015,0,6.33815163373947,0,0,0,0,2.28678548336029,2.15998569130898,2.01133900880814,34.4004855155945,0,0.512489557266235,17.0649280548096,66.0449327230453,12.1188726425171,5.67433452606201,0,0.965301096439362,0.717630207538605,3.35958614945412,4.7171403169632
0,0,32.6257831454277,0,0,2.11591076850891,0,0,841.265025615692,0,167.505907535553,0,1681.36445462704,0,2.13805288076401,210.63080611825,4.24362283945084,0,1.07604438066483,0,10.5691289305687,1467.78182017803,37.796100050211,853.921934753656,4647.43354898691,282.605244219303,11510.0130676627,14.0799880623817,0.483499974012375,0,498.857467740774,0,0,8.39322924613953,2.61362218856812,48.40983325243,38.8657399117947,22.760134100914,9.18877816200256,0.494337528944016,1.36555540561676,0,18.0505620837212,20.8146599829197,10.429662078619,8.3025022149086,0,0,0,0,1917.57096898556,29.2828495502472,0,0,0,0.798590779304504,0,16.7027257084846,0,13.8474742174149,0,16.5324426293373,0,0.527749955654144,11.1528255343437,4.05377477407455,0,1.9680055975914,0,0,87.7388625741005,6.24652153253555,18.2371186316013,76.400827050209,81.8025774359703,5115.11637634039,3.63079458475113,0,2.30274960398674,5.28881642222404,0,0,3.04927134513855,3.77224707603455
181.453331291676,32.6257831454277,0,0.444805920124054,105.288583993912,32.4743919670582,191.109060376883,621.88409948349,2.22894608974457,47.1311558187008,60.1299474239349,12.5267414748669,42.7814084291458,1159.5474897027,129.429767757654,50.649682700634,24732.6740428805,41.4212320744991,2027.64256188273,3.98991876840591,7338.62924975157,48.5855279564857,49042.7038191259,101.805275946856,2.04525101184845,17093.4787643254,15750.7064926028,450.549567133188,596.796999663115,3348.64285999537,0,28.5092776417732,44.4106937944889,1938.12483817339,1495.69368442893,7647.10015434027,5707.51931214333,4906.44155535102,4476.7397197485,132.959925442934,26.6861039400101,4.5341602563858,339.901200652122,179.194769203663,141.289494872093,181.309130370617,9.36907523870468,0.656562268733978,0.578195452690125,0,113.600959777832,2233.00046771765,0,0.762941122055054,0,7.6837452352047,1.31521677970886,20.3550731837749,0,0,2.66768729686737,0.826770186424255,1.5817836523056,5.06319749355316,100.544573813677,123.919275045395,0,26.5689896941185,0,24.2998599112034,153.175872176886,270.13217240572,45.8268345892429,0,700.508712232113,12587.8596523106,38.7525110244751,3.23445323109627,10.2373642027378,0,0,0,32.047061920166,198.774248063564
7.07896554470062,0,0.444805920124054,0,21.9367878437042,246.254347503185,415.607094019651,533.215361863375,7106.71332260966,14472.6808919013,32.3131023049355,2869.38797187805,74.8034538626671,430.588033080101,372.865952432156,0,4.2289155125618,14.3108984827995,16.7633094489574,24829.984647125,5.34383022785187,0,7.83257821202278,9847.50653706491,32.2906986474991,26.7163088619709,5.61808097362518,15730.3487996161,208.83367601037,21.406048566103,0.525073170661926,71.8079213500023,1.35134795308113,99.6567478179932,28.0820411145687,817.159975349903,26.3760663568974,66.8681620657444,21.0139765441418,337.499066948891,79.3349999785423,8.32237294316292,18.7315225601196,1.09635037183762,11.3694076836109,3.06838363409042,169.286501795053,3.48992696404457,1.42982125282288,0,0,0,1401.67827901244,3.64246797561646,36.9502984881401,52.4867306351662,106.286128848791,425.064519315958,642.719900101423,8.08528524637222,1528.29730829597,0,27.160886079073,75.9528494179249,1.06392550468445,0,0,0.342670887708664,717.678009659052,0,0,0.884364694356918,710.680993109941,0,0,1.281210064888,1149.61848694086,7.54481467604637,0,0,0,0,10.6944526433945,0.696106314659119
0.834791243076324,0,105.288583993912,21.9367878437042,0,337.361034452915,47.8531882762909,138.940937697887,77.8633216321468,67.6881693899632,10.9807195663452,293.004762500525,45.2773471772671,39.8446483016014,870.303600341082,186.438260525465,43.3374841213226,8.60634088516235,26.7282450199127,18.5675936937332,977.850664526224,5.18906864523888,2945.66163501143,222.92917406559,20.677047252655,137.768718332052,666.725357055664,449.910339802504,40.4726202189922,324.206961631775,0,44.8062145113945,6.77576166391373,53.6441586315632,4795.12290322781,435.181624501944,408.075092881918,85.0452524423599,770.745693087578,4902.65414449573,2942.41586279869,13.8904688358307,22.6565642952919,9.31851029396057,8.98392200469971,36.2417114377022,56.0694153308868,11.3121174275875,0.574335098266602,0,0,14.4899705648422,13.6088063716888,0.887921571731567,6.68158441781998,12.0292697846889,7.95845276117325,1.88303199410439,19.0859691202641,11.4879715442657,32.7622536420822,0,1.18136471509933,20.0290864706039,27.6293470263481,0.651293694972992,1.47750735282898,1.21089625358582,11.589497923851,2.09796857833862,4.86005926132202,22.4382244944572,33.7365320026875,0,3.21339270472527,54.2741184830666,67.7431737482548,3.74162518978119,5.13712659478188,0,0,0,3.41401380300522,504.392697036266
30.9176884889603,2.11591076850891,32.4743919670582,246.254347503185,337.361034452915,0,8111.17788913846,20902.0111367702,672.657325565815,16727.5354879946,226.724512070417,14296.2736309469,414.556295901537,3837.53765833378,3168.97203657031,9.43231707811356,39.4224934279919,79.1503323614597,83.8180744946003,1156.46441438794,144.238117575645,2.14179819822311,109.749034136534,1533.378985852,277.050589412451,174.6481769979,53.6169300377369,2053.22223260999,228.493560105562,358.590368449688,6.56217408180237,518.671974599361,10.5460730195045,458.392402589321,23556.0132166147,1976.6261613667,161.761677324772,331.161299422383,256.782712846994,7786.27416577935,657.981345206499,115.132887154818,292.887247443199,8.24922281503677,143.357962906361,75.4686684608459,580.810851290822,99.0989460945129,29.8211953938007,1.89814341068268,0.51698499917984,1.82600751519203,520.088568747044,11.3868044912815,174.110941469669,429.138014957309,488.645925700665,364.63208308816,1072.40277904272,63.3570343852043,422.981506764889,1.75631207227707,224.141810387373,225.20526394248,2.9557286798954,1.32712888717651,0,0,570.721076071262,6.28904181718826,9.19284480810165,3.1383558511734,2091.89222741127,0,1.00424540042877,7.13042467832565,3426.65439018607,98.132474988699,11.6093168854713,0,2.08782321214676,3.00970900058746,93.6593576967716,1717.04762229323
2033.2554256022,0,191.109060376883,415.607094019651,47.8531882762909,8111.17788913846,0,12724.5587247908,1038.47134384513,67139.7731577754,518.993064641953,549.772135645151,648.25945597887,23071.4527721405,698.170159459114,12.0534560680389,117.651592195034,260.943436175585,310.478230267763,300.218986153603,1085.04301801324,2.86145812273026,241.901690453291,2448.56558910012,189.055954158306,590.998478263617,149.543513476849,45424.0045505017,2781.46886596084,9259.42360177636,16.552162706852,673.210222348571,82.099973410368,1098.61664408445,401.296884268522,6885.73716783524,331.155416801572,925.614057004452,185.292968511581,1863.23278063536,784.573934942484,62.3141064941883,275.949619710445,4.60270923376083,114.804325908422,21.4293487071991,270.428624242544,60.6944764554501,17.2992009520531,1.39136874675751,0,1.20694646239281,547.518175929785,5.39044404029846,159.155931353569,461.854547083378,599.456660985947,520.718850344419,1222.07125970721,49.790508389473,329.231591582298,1.84831017255783,303.745625674725,93.6427385210991,4.44548147916794,0.265343606472015,0,0,622.873346596956,8.97883599996567,8.38861244916916,3.21243652701378,2318.89977288246,0,0.534599602222443,7.10005080699921,3579.6863938272,142.054480463266,18.0371271073818,0,8.09919562935829,5.1040877699852,75.3614869713783,47.0977601706982
1758.3320146203,0,621.88409948349,533.215361863375,138.940937697887,20902.0111367702,12724.5587247908,0,502.95793351531,10929.7274745852,238.469239294529,7043.78176558018,477.151372671127,22720.1640420854,2008.11609873176,5.19359573721886,998.466964781284,92.7135564982891,250.700713068247,1069.26123771071,1055.12110248208,5.52369868755341,757.287094563246,2136.30064573884,347.68998041749,563.787335276604,234.739677637815,3664.65712323785,2122.75767496228,7985.39725095034,7.91100403666496,251.678185641766,126.874304533005,736.131296157837,165.608969658613,2813.39357434213,250.199428260326,758.87641620636,317.120671600103,4926.70454645157,370.208262711763,99.3039455115795,762.279286146164,5.94645136594772,253.180847197771,30.0243465602398,719.182860031724,89.0152921974659,34.2958474457264,7.43681195378304,2.35660168528557,3.95606392621994,299.679504781961,6.86944770812988,122.318659335375,687.972177058458,410.844076424837,292.598952382803,625.780165955424,86.6738740801811,273.14176478982,1.46002042293549,317.53232434392,179.286467581987,13.1213518083096,0,0,0,364.022027552128,9.70004487037659,28.6951888203621,6.22677996754646,3118.83635604382,0,0,47.734117269516,4705.15433624387,188.593609362841,37.5852948725224,2.33773040771484,0.890071630477905,9.58043026924133,167.012526810169,25.2936941385269
3.79119205474854,841.265025615692,2.22894608974457,7106.71332260966,77.8633216321468,672.657325565815,1038.47134384513,502.95793351531,0,7930.07056057453,89.2739169299603,3415.97242206335,668.446150451899,211.054845809937,3594.4579615593,168.243905603886,6.16239801049232,8.0440391600132,7.05198612809181,3926.30740764737,106.313727021217,7071.0670940578,76.6687470674515,40879.5163607895,2648.16294869781,195.526989251375,8082.5194183588,7362.94030535221,93.3749818205833,113.205987006426,519.576668262482,36.2802937030792,0.498226821422577,100.225147664547,22.6380126476288,520.744127005339,40.8889975845814,78.7142628729343,22.3020531535149,1039.65415555239,60.8044514358044,1.00385609269142,427.512888222933,25.1360756158829,141.878575503826,31.5666612386703,385.028930217028,23.4924315214157,1.65900468826294,4.57840529084206,24.4515075981617,3.03172069787979,1017.70729854703,10.5570405125618,72.2705963253975,273.769296348095,253.687303304672,6094.07572355866,907.240872323513,41.4047361314297,316.379707813263,1.12814897298813,180.13157132268,153.050463229418,2989.15075573325,9.92046177387238,5.49340689182281,19.5453837811947,435.139747977257,745.805957138538,2828.99959647655,737.866356521845,8137.24906823039,7.23118418455124,35.1732237935066,267.404527664185,4486.12608996034,207.52915084362,177.745066851377,1.42187249660492,3.76178577542305,11.6068486571312,106.442428410053,104.958152830601
82.698897331953,0,47.1311558187008,14472.6808919013,67.6881693899632,16727.5354879946,67139.7731577754,10929.7274745852,7930.07056057453,0,894.794423893094,10056.6202784926,828.414632737637,7139.32091411948,722.2040823102,15.0927834510803,88.3240081369877,399.468158125877,456.823212295771,17006.8293550611,210.989591598511,1.78682857751846,239.531087249517,4401.16362354159,288.48805886507,836.05678550899,151.982932657003,12135.3601248562,1916.36432868242,508.343899011612,16.7620548009872,1032.20166483521,6.04964062571526,1456.26913866401,227.285271376371,6144.05949741602,477.98844113946,944.01211027801,254.899724364281,2793.81087194383,842.711169958115,133.9601585567,130.351846218109,5.2360537648201,80.8327658176422,16.1158010065556,719.59232005477,61.2320926785469,36.0518319308758,1.61548733711243,0,0,1644.26642608643,21.9343604445457,169.923423081636,319.552932932973,333.865194946527,1218.09870013595,2293.54939991236,64.4782017767429,796.012453585863,7.25715208053589,132.330640733242,304.768368065357,4.15336722135544,0,0.429052740335464,0,1242.21463501453,4.97129666805267,5.50753375887871,0,2593.19521005452,1.85892480611801,0,3.18332105875015,4752.17673841119,41.0730708539486,2.48070406913757,0,3.03394547104836,2.37485003471375,31.4163500368595,20.933162778616
27.4288902878761,167.505907535553,60.1299474239349,32.3131023049355,10.9807195663452,226.724512070417,518.993064641953,238.469239294529,89.2739169299603,894.794423893094,0,405.078723818064,11585.9527602196,1135.7942623198,63.7258148789406,5.97520273923874,238.841783732176,16786.8404382169,4017.97011500597,121.392864137888,74.0736253559589,185.406737625599,213.219175428152,244.317931860685,1138.44876465201,10995.9012966752,251.458119899035,431.905630290508,689.745533376932,493.276802361012,1794.56631919742,1361.08489987254,41.9330684244633,9139.0465092063,194.365082502365,1195.54589015245,4454.91840702295,6171.52885189652,1160.56703069806,419.627924382687,64.2753805816174,1117.78150236607,32.6424382328987,885.369903385639,54.0231253504753,7.34907239675522,15.4017376303673,3.17037624120712,328.979473143816,0.77588415145874,52.7837937474251,1.08602344989777,0.366297453641891,0,0.278775542974472,9.17369586229324,2.00166693329811,35.4020037353039,0,4340.66315770149,8.3863924741745,7619.16839522123,0,8.20896875858307,5.04374238848686,0,0,0,0.428017497062683,0,12.094540476799,0,99.2074631750584,454.627100408077,268.023256152868,420.054010540247,88.6127830147743,3.97936818003654,1.07806205749512,1009.06669124961,0,0,229.026901215315,49.6897277832031
3.9255083501339,0,12.5267414748669,2869.38797187805,293.004762500525,14296.2736309469,549.772135645151,7043.78176558018,3415.97242206335,10056.6202784926,405.078723818064,0,474.427584066987,1091.84456630051,8347.09786194563,3.57298403978348,31.8751090466976,214.192619144917,201.714634537697,13468.0056532919,20.0836013555527,2.10921478271484,74.2376920878887,2397.02537384629,209.436904370785,459.02044916153,74.1569587886333,749.940081804991,372.69543415308,85.3954408168793,10.0887241959572,515.309648007154,1.26749867200851,704.26078671217,13130.941185087,1917.11012518406,223.173137485981,373.701258510351,161.899670481682,7187.64389762282,321.018470585346,80.7553812563419,157.10648804903,12.55779504776,45.1420292258263,46.8764011263847,1090.17685705423,40.1613889634609,26.0513877570629,0.33798548579216,0,0.406608879566193,883.979578614235,17.8355437219143,107.344617575407,121.726892024279,273.762017130852,248.433494061232,1018.70783269405,73.653336763382,976.009569138288,12.3850782215595,82.9938699007034,380.345929324627,0,0.832246363162994,1.54213777184486,0.548578977584839,579.381608486176,5.22773087024689,1.34476211667061,10.0410094857216,707.325246840715,4.3420769572258,2.19416359066963,19.1043993830681,1715.81296312809,22.6241055428982,2.22112065553665,3.87157618999481,11.3540013730526,0,28.1417538523674,2259.08925560117
26.433406919241,1681.36445462704,42.7814084291458,74.8034538626671,45.2773471772671,414.556295901537,648.25945597887,477.151372671127,668.446150451899,828.414632737637,11585.9527602196,474.427584066987,0,641.084808707237,303.293933451176,82.5087221562862,104.345289409161,164.469144940376,38.9639955163002,147.802734896541,629.947037428617,1561.29865089059,471.943816691637,827.861748218536,15888.5660369396,766.806730985641,2363.07601240277,1509.59925070405,331.163555800915,1170.32323825359,4267.58907732368,649.519621372223,51.93800085783,1229.38788440824,318.957458913326,2721.40839323401,3430.57712812722,10458.9640392959,3705.92759492993,3176.0599347949,2002.24802446365,9140.50526617467,471.825196266174,2045.4569170177,1101.77450525761,260.776252955198,1316.91852220893,601.196496576071,1584.58565604687,2.67476639151573,193.375062614679,2.7445627450943,18.6495450139046,14.1188991069794,35.5766850411892,129.737866967916,322.242853701115,68.2164753675461,129.965371489525,12214.2769578695,155.84746208787,17548.2430387437,112.524044841528,154.143871933222,9.20338505506516,0,21.9526745676994,0.691062748432159,96.0829449295998,15.6011610627174,32.207305431366,13.7397669553757,344.698142647743,2188.59984776378,353.617176264524,808.20538726449,479.610017687082,39.6476997435093,20.7638528943062,1613.14808535576,35.8070909380913,2.78874409198761,862.426953047514,67.5216374695301
11030.4904136658,0,1159.5474897027,430.588033080101,39.8446483016014,3837.53765833378,23071.4527721405,22720.1640420854,211.054845809937,7139.32091411948,1135.7942623198,1091.84456630051,641.084808707237,0,502.81023234129,13.3985478878021,1986.86721274257,389.293425023556,699.434825658798,559.27495637536,1794.52895358205,9.79315623641014,1465.77494540811,1614.938162148,171.443880498409,1552.75510638952,475.679156959057,4031.40810726583,26032.2471774518,24866.7888781726,36.510619610548,354.845830798149,309.094677865505,2868.31564629078,281.668436378241,3871.67535978556,583.708338707685,1441.28837874532,499.679242908955,1731.73261144757,550.217228412628,133.786913007498,487.79412984848,5.76848477125168,196.198854207993,50.6334676742554,179.555166900158,84.6025351583958,29.0414427518845,1.905353307724,3.90228065848351,17.099478751421,40.8020752966404,1.17705035209656,38.8461298197508,346.980732664466,145.706140786409,133.222720101476,110.61748239398,62.420421987772,48.3465620577335,14.6718388199806,98.0006117522717,30.1024402081966,27.8406504690647,0,1.29572504758835,0,64.2279024124146,16.1774680912495,26.1173837780952,11.9737068414688,1485.25625473261,2.03076791763306,0.346241980791092,122.739539772272,2044.47927927971,135.393033653498,48.8023192286491,0,3.88604927062988,8.86659723520279,101.631770431995,26.7983354330063
50.0874854922295,2.13805288076401,129.429767757654,372.865952432156,870.303600341082,3168.97203657031,698.170159459114,2008.11609873176,3594.4579615593,722.2040823102,63.7258148789406,8347.09786194563,303.293933451176,502.81023234129,0,316.501333773136,234.826559692621,39.9431847333908,84.6725364029408,469.931912004948,3333.29070132971,27.747739225626,3329.52932816744,4025.71120148897,160.424593508244,201.347942084074,537.480242431164,4562.52907675505,304.099127411842,2902.67480564117,2.04977107048035,319.151498764753,55.0128653347492,370.904311448336,3728.96912610531,1703.5684877336,548.413814544678,292.399076104164,467.50992295146,6074.42362904549,171.836248129606,32.2889057695866,195.280062377453,8.18367791175842,49.5922727286816,21.6582354307175,536.828247159719,18.4226263165474,5.17340156435966,2.21057134866714,0.743707716464996,7.73043698072433,151.67062497139,3.83629390597343,50.41718095541,113.56691890955,132.303421705961,39.8959006369114,250.543434113264,42.5646442770958,233.197422474623,0,55.3986328542233,156.788059711456,50.7142708599567,0.868574559688568,0,0,143.066432416439,27.6229205727577,19.6896075606346,22.8154936134815,419.954692751169,0,7.65101999044418,45.2299181222916,708.265297532082,41.0750801861286,26.2254909574986,0,0.50693690776825,7.64164489507675,48.5398036837578,366.573387622833
1.30716633796692,210.63080611825,50.649682700634,0,186.438260525465,9.43231707811356,12.0534560680389,5.19359573721886,168.243905603886,15.0927834510803,5.97520273923874,3.57298403978348,82.5087221562862,13.3985478878021,316.501333773136,0,65.4878535568714,2.65141129493713,55.0068928301334,1.88154783844948,3477.75945428014,7291.60090005398,11843.642072916,2174.57711628079,130.608805328608,116.479676067829,9809.67025703192,794.144390791655,12.5591681003571,177.206680357456,28.8423115611076,2.04552471637726,1.23221707344055,161.436468869448,969.746576756239,5868.46774539351,1827.56538236141,1120.83946323395,1441.41990399361,218.937374889851,44.6012354493141,8.85581183433533,577.816743820906,76.2999616265297,170.402276307344,98.4094504714012,23.8150950968266,11.4186668395996,0,3.79304206371307,16.7152413129807,15.3664433658123,0,0,0,20.6217783987522,12.5342696905136,20.7022188901901,0.82999449968338,5.9259986281395,0,0,32.4847385287285,14.6088728904724,14835.3951285481,23.0393245518208,1.11349123716354,8.93176177144051,0,2061.50380921364,2340.76461315155,8958.19741404057,1135.54904520512,1.07163262367249,14.4781430959702,2251.64084765315,784.866334140301,97.3102433383465,346.009588629007,0,4.46774235367775,16.4290345907211,85.9156091809273,165.133314967155
387.303560584784,4.24362283945084,24732.6740428805,4.2289155125618,43.3374841213226,39.4224934279919,117.651592195034,998.466964781284,6.16239801049232,88.3240081369877,238.841783732176,31.8751090466976,104.345289409161,1986.86721274257,234.826559692621,65.4878535568714,0,191.891387403011,11068.9394026995,10.1719825267792,2616.27427196503,16.7560123801231,21013.3036176562,151.29680660367,9.42894175648689,27812.1813440919,15396.1133208275,491.399540632963,3431.38874608278,8824.74348342419,1.17095905542374,133.993605285883,534.064449697733,7724.28800299764,280.666021168232,1514.66574928164,3005.71414467692,2679.56663027406,1041.30632919073,157.517328381538,119.098102599382,5.21622294187546,45.2451839745045,14.8211180567741,18.3297196626663,10.9686249494553,6.32954740524292,4.2129499912262,0.822816371917725,0,7.71480792760849,104.210246354342,0,0,0,4.43411245942116,2.20906448364258,4.18229049444199,0,4.75818938016891,0.688820779323578,6.75986629724503,0,0.926888585090637,95.6522461473942,7.31795364618301,0,0.921785652637482,0,43.1100343763828,32.2887263894081,43.0594699382782,45.0126115977764,0.648356139659882,137.975547373295,1253.606077075,109.599907636642,13.7531936764717,21.0094336867332,7.12873429059982,0,0.802197873592377,9.33595705032349,27.5229249000549
10.1594005227089,0,41.4212320744991,14.3108984827995,8.60634088516235,79.1503323614597,260.943436175585,92.7135564982891,8.0440391600132,399.468158125877,16786.8404382169,214.192619144917,164.469144940376,389.293425023556,39.9431847333908,2.65141129493713,191.891387403011,0,9580.98771330714,54.8431955575943,48.9932843446732,0,159.675140351057,114.130144447088,22.6818117797375,10639.7628160715,125.743425399065,206.500042796135,307.570023089647,258.3023416996,14.0398024618626,456.28518936038,25.0852773785591,2002.40609651804,320.512790739536,1281.05899235606,4028.50483128428,4134.92938831449,1457.62390014529,182.321994900703,29.8345963358879,109.554975926876,4.7543620467186,58.2035593092442,6.02265095710754,4.27905744314194,4.84361308813095,1.07493388652802,2.32893586158752,0,2.66593462228775,0,0,0,0,0,0,10.3117049336433,0,154.59312325716,2.50045663118362,366.639456927776,0,5.52637416124344,1.46216481924057,0,0,0,0,0,0,0,6.94806641340256,16.1683432459831,194.639511108398,519.932962238789,0,0,0,265.842799425125,0,0,1.26164561510086,54.6981982588768
80.7598643302917,1.07604438066483,2027.64256188273,16.7633094489574,26.7282450199127,83.8180744946003,310.478230267763,250.700713068247,7.05198612809181,456.823212295771,4017.97011500597,201.714634537697,38.9639955163002,699.434825658798,84.6725364029408,55.0068928301334,11068.9394026995,9580.98771330714,0,56.155904263258,516.096654802561,4.81466642022133,2865.56993609667,165.21742144227,11.1687433123589,18145.3431990445,2880.62225815654,390.636089026928,878.02420130372,1025.47674432397,8.52857148647308,423.817367166281,85.8754974603653,10257.6327868402,821.698597699404,4590.95371872187,6600.54224970937,4972.02927517891,2869.44003421068,175.900062322617,62.9796886742115,7.12928462028503,12.0555790066719,49.7324000298977,5.7695806324482,16.7761367857456,1.75215011835098,0,1.4675989151001,0,2.05341571569443,8.46462413668633,0,0,0,0,0,14.2098743915558,0,66.5690394639969,0.813187271356583,188.746241629124,0,6.6817684173584,27.9788247346878,1.92569610476494,0,0,0,2.99966356158257,7.91495913267136,8.92972812056541,15.9011541604996,2.64679169654846,300.670242011547,827.149314284325,8.64385059475899,0,0,160.578317314386,0,0,1.69480586051941,124.613974183798
7.8833392560482,0,3.98991876840591,24829.984647125,18.5675936937332,1156.46441438794,300.218986153603,1069.26123771071,3926.30740764737,17006.8293550611,121.392864137888,13468.0056532919,147.802734896541,559.27495637536,469.931912004948,1.88154783844948,10.1719825267792,54.8431955575943,56.155904263258,0,3.76591098308563,1.43852108716965,38.9317161738873,3654.59883522987,61.2070281803608,91.8666196763515,17.5436708629131,4409.63193044066,229.520579785109,43.0811851918697,2.09743368625641,140.676928147674,2.57182666659355,203.184400767088,27.1072128713131,998.927473694086,71.4837053120136,118.604149729013,41.0590876042843,776.451346889138,132.886678934097,19.3068430125713,19.4183840751648,0.396282374858856,10.1484748125076,2.63196083903313,208.065565258265,18.1680701076984,9.28817945718765,0,0,0,596.449532866478,2.30027094483376,32.5195134878159,70.1400020122528,87.4302789568901,313.664966702461,648.581475347281,21.8220962285995,471.582617223263,0.916202038526535,30.4219965934753,98.9412135481834,0,0,0,0,359.370236426592,0,0.634589731693268,0,671.886920273304,0,0,0,1230.20729956031,8.79813987016678,1.3408091366291,0,0.631616711616516,0,7.32774209976196,4.20075020194054
216.60169801116,10.5691289305687,7338.62924975157,5.34383022785187,977.850664526224,144.238117575645,1085.04301801324,1055.12110248208,106.313727021217,210.989591598511,74.0736253559589,20.0836013555527,629.947037428617,1794.52895358205,3333.29070132971,3477.75945428014,2616.27427196503,48.9932843446732,516.096654802561,3.76591098308563,0,692.493037253618,42241.7711762786,841.395740121603,68.1407630443573,1434.8517280519,2215.99866735935,8392.67608344555,508.970117509365,28007.3286600113,5.94329813122749,45.3838286399841,78.7647120952606,7168.19374614954,5754.56629818678,21766.1964154243,2881.40248739719,13992.3540132344,11587.6890377104,1478.70008561015,344.11833781004,27.001732468605,772.550517618656,62.443806707859,211.136814802885,70.2598246335983,66.5801866352558,28.9733505249023,7.92894893884659,8.67505484819412,6.7306891977787,75.0278736650944,0.744385361671448,0.927738785743713,2.12203979492188,105.031421780586,32.236225515604,25.7711398899555,2.97148758172989,20.3518319129944,2.26919740438461,0,48.8969538509846,34.7812108397484,5017.96940553188,40.0679981410503,0.504164397716522,22.9490384757519,6.49588745832443,2698.0144765377,755.715215206146,2852.99334913492,1403.58330973983,0,23.6878961622715,803.632994115353,1354.05656957626,266.024997144938,645.148955732584,0.689171552658081,3.95659068226814,31.1551561653614,162.262379616499,493.458736419678
0.707244694232941,1467.78182017803,48.5855279564857,0,5.18906864523888,2.14179819822311,2.86145812273026,5.52369868755341,7071.0670940578,1.78682857751846,185.406737625599,2.10921478271484,1561.29865089059,9.79315623641014,27.747739225626,7291.60090005398,16.7560123801231,0,4.81466642022133,1.43852108716965,692.493037253618,0,1196.35883700848,11749.8793880343,4701.81059283018,345.139110445976,18849.7968758047,429.556212186813,1.84095358848572,19.9966477155685,1057.38460832834,0,0,15.6976459622383,26.1662827134132,200.892953783274,50.0353320240974,52.5973904132843,33.4083343148232,13.9696892797947,1.24072051048279,0,190.489514768124,46.5693012773991,47.8451251983643,33.9669981598854,8.38199591636658,3.19924640655518,0.498057454824448,1.81956732273102,679.353726357222,55.8134681582451,2.96742758154869,0,0,9.91336393356323,2.84234309196472,95.5742959082127,0.64051228761673,2.27342987060547,0,18.4674212932587,2.79176744818687,5.7887424826622,4601.17427912354,11.2093757987022,0.609107315540314,5.24896132946014,0.445863038301468,448.839023411274,2769.24384787679,1445.69453316927,438.000312447548,7.66577208042145,42.654925942421,5299.20698556304,200.587774842978,17.9644493460655,49.5515252053738,0.948132634162903,0.437546908855438,0.847846746444702,20.1537120938301,39.0332716107368
211.781451940536,37.796100050211,49042.7038191259,7.83257821202278,2945.66163501143,109.749034136534,241.901690453291,757.287094563246,76.6687470674515,239.531087249517,213.219175428152,74.2376920878887,471.943816691637,1465.77494540811,3329.52932816744,11843.642072916,21013.3036176562,159.675140351057,2865.56993609667,38.9317161738873,42241.7711762786,1196.35883700848,0,955.606315076351,41.7418975532055,10011.2987058461,23419.3109746873,2613.08173897862,2088.40029111505,19854.6762932837,9.02119892835617,74.4854072034359,284.113350212574,15494.4729681313,13379.691473037,56478.2991177142,23813.1824034154,28285.7623699009,30026.6329641044,2217.69230312109,300.538788050413,24.9369720220566,908.459027171135,203.685473740101,286.596204459667,330.384653300047,27.1864638626575,7.88342136144638,0.618360579013824,1.48956021666527,35.3043562173843,1292.50726377964,0.535205006599426,0,0,22.4905331134796,6.73428678512573,16.4658699631691,1.70530259609222,14.8631437420845,2.80259525775909,0,6.8686084151268,42.818570792675,16724.8903186023,75.2816180884838,1.33569127321243,26.474111109972,0,1347.35935479403,1434.08964553475,12017.912715137,666.474927812815,1.84242579340935,110.183827161789,16101.7077866793,462.629030227661,55.8225755393505,138.347000271082,1.08029460906982,2.03001520037651,6.45586508512497,95.8163475096226,1056.12434142828
71.5051338672638,853.921934753656,101.805275946856,9847.50653706491,222.92917406559,1533.378985852,2448.56558910012,2136.30064573884,40879.5163607895,4401.16362354159,244.317931860685,2397.02537384629,827.861748218536,1614.938162148,4025.71120148897,2174.57711628079,151.29680660367,114.130144447088,165.21742144227,3654.59883522987,841.395740121603,11749.8793880343,955.606315076351,0,1746.5568524003,358.357049435377,9220.44131308794,19486.9596632719,1305.15762338042,2040.7611771524,218.298549979925,358.678673356771,187.144694685936,1171.37372374535,1173.5838354528,9913.88781628013,758.195129454136,1541.94687691331,693.748449891806,2666.43051272631,533.249868184328,65.2552278339863,5709.03192257881,72.4653083086014,1876.0582844317,241.596947222948,1495.86532911658,490.736513137817,45.3062670826912,59.692372828722,64.7084069252014,35.2160031497478,790.808547109365,14.2305203676224,540.048770517111,3525.36924991012,3242.54756167531,5351.47151783109,1725.46387353539,375.493948966265,550.322626978159,0,2595.06417828798,219.526075839996,4846.69409126043,63.6341271698475,17.7300323545933,75.5001780390739,801.394580304623,2139.36498457193,2962.15312683582,1554.21706336737,28052.9600434601,14.4357286989689,44.5104040652514,1346.2767521143,23389.0390776992,2828.13940015435,1992.19646579027,0,97.4206078648567,149.940960198641,1417.63033542037,825.121253848076
1.82650256156921,4647.43354898691,2.04525101184845,32.2906986474991,20.677047252655,277.050589412451,189.055954158306,347.68998041749,2648.16294869781,288.48805886507,1138.44876465201,209.436904370785,15888.5660369396,171.443880498409,160.424593508244,130.608805328608,9.42894175648689,22.6818117797375,11.1687433123589,61.2070281803608,68.1407630443573,4701.81059283018,41.7418975532055,1746.5568524003,0,2127.96555519104,14411.9053321183,296.685634672642,75.0807349681854,121.997187584639,8410.0585886538,99.4569258987904,0.543772220611572,392.105984777212,7.0503226518631,401.920222401619,237.442237347364,772.575730383396,119.705008655787,2621.02416461706,112.849927812815,639.958636492491,272.273671835661,328.282096087933,182.240537464619,72.8096377551556,2960.33490413427,124.119282484055,945.469362676144,1.59746426343918,504.983105540276,0,35.5205311775208,18.1486083865166,54.5017884671688,57.4276523292065,495.022093832493,39.1459975540638,178.736790835857,2624.71613660455,223.998700886965,4700.81383991241,206.719164252281,322.676352351904,5.04344514012337,0.686022341251373,6.61920660734177,0.814766526222229,130.990014821291,5.38253098726273,33.4170483052731,3.71161887049675,122.450737923384,3314.23104289174,516.548172742128,3881.6246342659,284.942556738853,32.4096171557903,11.0934032797813,627.576442241669,25.3438642919064,0,278.016515135765,12.1463185548782
136.486224800348,282.605244219303,17093.4787643254,26.7163088619709,137.768718332052,174.6481769979,590.998478263617,563.787335276604,195.526989251375,836.05678550899,10995.9012966752,459.02044916153,766.806730985641,1552.75510638952,201.347942084074,116.479676067829,27812.1813440919,10639.7628160715,18145.3431990445,91.8666196763515,1434.8517280519,345.139110445976,10011.2987058461,358.357049435377,2127.96555519104,0,24658.0710722208,693.838137924671,1347.86597266793,2247.67374923825,1655.07104578614,779.753896504641,125.550742179155,9128.12967202067,3111.53012242913,19142.545257777,24573.9153115749,13811.1152387559,9102.33573484421,414.498251855373,136.428791046143,380.180386096239,374.299888312817,2042.36198800802,255.792665064335,143.747479766607,14.0592765808105,5.00602304935455,34.7989631295204,0,638.509949415922,429.319697082043,0.998718768358231,2.68141949176788,0,3.21909058094025,0,112.467836260796,0,3506.0085632503,0.920939296483994,12525.5576137602,2.56383201479912,19.5547017455101,56.4170322418213,74.8716824054718,21.4921365976334,59.1125517189503,0,15.5105653107166,128.360094696283,39.1191774904728,141.645864158869,1854.60480934381,12422.7578695714,50330.0474040508,13.1906705200672,6.7135343849659,1.31813132762909,5812.91959503293,0.495288521051407,0,73.9196666777134,467.985714316368
76.6741047203541,11510.0130676627,15750.7064926028,5.61808097362518,666.725357055664,53.6169300377369,149.543513476849,234.739677637815,8082.5194183588,151.982932657003,251.458119899035,74.1569587886333,2363.07601240277,475.679156959057,537.480242431164,9809.67025703192,15396.1133208275,125.743425399065,2880.62225815654,17.5436708629131,2215.99866735935,18849.7968758047,23419.3109746873,9220.44131308794,14411.9053321183,24658.0710722208,0,1646.3298741281,489.796310037374,1286.73923915625,1216.34898787737,96.4500679075718,55.0879410803318,5519.70561924577,7597.27445372939,38754.2244053185,18034.7632183731,17060.2478782535,16217.8382734358,474.999205201864,127.711878985167,12.4383677244186,2372.79729494452,2031.82160377502,1178.88309019804,1024.90635895729,39.2235039174557,16.2139150798321,12.5357245802879,0.263933211565018,8596.91648831964,8668.67411246896,3.67072996497154,0.390927791595459,0,20.7913600802422,4.0809169113636,319.930767327547,0,622.117158532143,2.71597257256508,2347.1658578217,7.91610446572304,35.0681359469891,5887.67644035816,806.249578952789,9.1677168905735,212.809789747,0,64.7043046355247,5235.69384402037,5141.6447057724,596.917116194963,1912.71619606018,15627.3754661977,174807.675660014,99.9959264397621,15.1223766803741,43.0335700213909,1856.36601305008,5.66457730531693,0.609547257423401,232.242472469807,976.3893430233
222.460786670446,14.0799880623817,450.549567133188,15730.3487996161,449.910339802504,2053.22223260999,45424.0045505017,3664.65712323785,7362.94030535221,12135.3601248562,431.905630290508,749.940081804991,1509.59925070405,4031.40810726583,4562.52907675505,794.144390791655,491.399540632963,206.500042796135,390.636089026928,4409.63193044066,8392.67608344555,429.556212186813,2613.08173897862,19486.9596632719,296.685634672642,693.838137924671,1646.3298741281,0,4627.6072832942,64041.5811141133,12.894302457571,802.155332326889,904.659501999617,4520.26362204552,3862.31791809201,22837.9597080946,1371.85888123512,7215.56584638357,2826.78820347786,3513.58619093895,1586.19747674465,127.071517288685,3824.4247829318,38.6418163776398,1331.92645069957,178.083217471838,1259.67861434817,346.905225098133,46.8846698105335,45.1673021912575,20.5662483870983,24.1279607117176,921.791378319263,8.25237464904785,558.891926646233,3192.48123854399,3248.17715014517,1950.81970143318,2435.43412914872,286.197516441345,693.339313089848,3.0376096367836,2188.67022797465,241.698317915201,1851.74880605936,40.7578858733177,0,21.5924372971058,1261.05030730367,1285.98844015598,681.033648610115,786.166059494019,13953.1485871673,2.55795526504517,6.84355479478836,562.705482631922,15358.3900770247,2043.40551483631,1470.83649781346,0,62.836861461401,77.9032438695431,1032.06951546669,663.862792044878
10227.7187046409,0.483499974012375,596.796999663115,208.83367601037,40.4726202189922,228.493560105562,2781.46886596084,2122.75767496228,93.3749818205833,1916.36432868242,689.745533376932,372.69543415308,331.163555800915,26032.2471774518,304.099127411842,12.5591681003571,3431.38874608278,307.570023089647,878.02420130372,229.520579785109,508.970117509365,1.84095358848572,2088.40029111505,1305.15762338042,75.0807349681854,1347.86597266793,489.796310037374,4627.6072832942,0,26222.4633715749,22.8354225754738,2175.63255503774,5303.49370658398,9888.98775982857,226.981147766113,1634.71965438128,421.68210247159,2340.37210130692,489.056476980448,467.523785740137,324.983547896147,21.7899182140827,431.64163684845,0.92548280954361,122.534633398056,6.54866421222687,109.297351270914,28.7519342601299,12.8595733046532,0.761055886745453,0.967549830675125,6.30524834990501,12.0822797119617,0,12.9579138457775,210.911953091621,56.590561747551,65.5369458496571,48.7267527878284,35.8532676994801,12.4034616947174,8.92649322748184,58.5273504555225,12.8787639737129,61.5815734863281,1.81161296367645,0,0,28.3378862142563,41.1054224669933,29.045008957386,14.1897702217102,840.922085314989,0,4.38422834873199,75.2603901028633,1443.96320453286,155.619778037071,63.6568428277969,1.56390583515167,0,6.9805920124054,90.1502687036991,36.2689496874809
10078.3862560391,0,3348.64285999537,21.406048566103,324.206961631775,358.590368449688,9259.42360177636,7985.39725095034,113.205987006426,508.343899011612,493.276802361012,85.3954408168793,1170.32323825359,24866.7888781726,2902.67480564117,177.206680357456,8824.74348342419,258.3023416996,1025.47674432397,43.0811851918697,28007.3286600113,19.9966477155685,19854.6762932837,2040.7611771524,121.997187584639,2247.67374923825,1286.73923915625,64041.5811141133,26222.4633715749,0,12.6517107188702,661.236477792263,4793.14003822207,19823.0924792886,2883.11876708269,15723.1535960734,1444.16040182114,10783.4387570024,2814.78636693954,1855.72765856981,1352.76083013415,75.9488325417042,2254.80207142234,16.7576677203178,741.960125267506,81.892507314682,444.836243718863,121.365828692913,15.8578439354897,12.4153218269348,4.20127296447754,37.6693845689297,7.63475403189659,2.33861798048019,27.4122882783413,750.47619086504,287.060769706964,113.424608319998,72.1115835607052,144.023429214954,36.2633005976677,3.85591715574265,284.672232210636,73.1642712056637,1251.08718219399,26.323034375906,0.441929787397385,14.8696040809155,32.378219217062,1200.86316043139,189.251325458288,467.921026319265,2567.63525551558,2.90064388513565,8.86660578846931,357.890292108059,5043.50911229849,967.27863112092,792.553939938545,0,11.335924744606,74.5764684975147,517.468735188246,455.957035720348
0.900374233722687,498.857467740774,0,0.525073170661926,0,6.56217408180237,16.552162706852,7.91100403666496,519.576668262482,16.7620548009872,1794.56631919742,10.0887241959572,4267.58907732368,36.510619610548,2.04977107048035,28.8423115611076,1.17095905542374,14.0398024618626,8.52857148647308,2.09743368625641,5.94329813122749,1057.38460832834,9.02119892835617,218.298549979925,8410.0585886538,1655.07104578614,1216.34898787737,12.894302457571,22.8354225754738,12.6517107188702,0,44.6860381364822,2.18993845582008,144.924182802439,8.01424592733383,44.9637999236584,783.293697237968,228.465235084295,48.5524297356606,15.6653389632702,2.74240845441818,88.9711145758629,8.8948390185833,791.146858930588,15.654922991991,8.05015528202057,0,0,23.5125419795513,0,96.1025558114052,0,0,0,0,0,0.855131447315216,25.7750425934792,0.327266067266464,2858.42936822772,0,11125.0673296154,0,0,1.6319420337677,0,0.915653467178345,1.45470333099365,0,0,15.3261706531048,0.456604808568954,15.2370203733444,1693.1584482193,1038.29665198922,5343.34172421694,0,0,0,2431.35981816053,0,0,33.140194684267,0.638215184211731
