0,0,158.944238573313,2.74456691741943,0,50.8626384735107,6027.35098704696,968.475156962872,2.64818650484085,13.2639980912209,14.8830702602863,4.95823016762733,1.34406781196594,8221.18521827459,3.14138731360435,0,334.168400198221,3.52429169416428,19.9625512063503,0.669334828853607,138.411092758179,0,413.94818213582,8.31651133298874,0,65.6981625854969,7.08226868510246,126.410377323627,11182.0289306045,7177.63959234953,0,7.0598059296608,8.91106575727463,75.8730745315552,17.3182559013367,106.331273198128,10.2280801534653,24.4021467268467,27.1941210329533,6.46371284127235,0.916792064905167,1.62931209802628,6.80037373304367,0,0,0,2.12685692310333,0,0,0,0,0,0,0,0,0.480316877365112,0,0,0,0,1.89626598358154,0,0,0,0.994800329208374,0,0,0,0,0.561330020427704,0.68383514881134,0,5.88155671954155,0,0,3.00346690416336,6.28050458431244,0,1.24062556028366,0,0,0,0,0.461030125617981
0,0,36.4728713929653,3.23980039358139,20.2930703163147,15.2754053175449,48.4737710058689,5.32052430510521,4235.43846449256,3.30907756090164,43.3652358055115,4.87787288427353,2460.52717074752,3.24244654178619,260.592503786087,765.260495692492,41.7226638793945,5.89844650030136,12.4452339410782,0,51.2851398587227,4056.44312021136,28.7103666365147,5719.1152061224,4020.19084557891,450.475359112024,21555.7277597189,339.379900187254,8.24237230420113,1.05571037530899,184.022119909525,2.76810252666473,1.82222694158554,29.9056529700756,4.77743804454803,138.881813496351,155.928821980953,58.0793377161026,44.6347609162331,50.7266099452972,0.536700367927551,1104.90215355158,90.0439787507057,170.256056010723,42.5220215916634,57.7247239947319,4.33639574050903,0,201.135987579823,0,2579.43342614174,74.9145399332047,0.469508737325668,0.531436800956726,0,4.97138833999634,0,32.487635910511,0.524283587932587,263.100074708462,0,441.199777960777,0,1.8949853181839,132.084744036198,42.8958036899567,6.24044752120972,34.8224611878395,0,48.9436744749546,188.390410840511,62.6684792339802,174.254642426968,215.287396252155,787.854259848595,7156.66271793842,62.2804580032825,0,0,193.783972293139,0,0,35.2166709899902,1.81575179100037
158.944238573313,36.4728713929653,0,2.15538722276688,18.8163342177868,91.9208388328552,407.28399348259,966.929516151547,2.16984891891479,52.9716154932976,83.5409612953663,18.720526009798,26.2561763226986,1411.4001301527,98.7520406842232,60.4066145122051,18402.8230441809,213.411637544632,1182.30183750391,13.1583915948868,3477.23098474741,34.8021565973759,26813.1239783466,164.402143537998,0,29238.2030548453,30437.7036400437,1318.07459238172,1931.33628645539,3469.72726550698,3.70703682303429,27.6809442639351,381.008991897106,5323.27023610473,1232.37686935067,14784.2805506587,4086.89776051044,5311.90599095821,7048.0058785975,40.897830337286,65.5519391894341,22.5956130921841,210.086456120014,88.1512898206711,60.8344501852989,135.673648715019,2.36450964212418,0.716509580612183,0,3.00557535886765,85.8587351441383,778.695869207382,0.882137954235077,10.1113461852074,0,16.5485179126263,2.97319024801254,6.14401462674141,0,0,0,0,14.1241328716278,2.3229740858078,179.901518523693,229.553748250008,0,67.1697329580784,0,50.5332442522049,177.517982184887,220.177190363407,137.642631262541,0.584196627140045,470.924388229847,4560.11050984263,81.2673301696777,3.4203194975853,8.06272256374359,1.91863968968391,0,0,30.3820215761662,549.336714595556
2.74456691741943,3.23980039358139,2.15538722276688,0,72.2747856676579,1304.37217280269,162.465911477804,466.294850245118,7501.53458982706,17455.6546162367,162.189689338207,5608.53504779935,240.500293314457,167.820862591267,1410.22606354952,0,17.7319724559784,61.8702878654003,52.4894904494286,33762.6035680175,1.38696619868279,3.01211321353912,4.95180696249008,8801.50836321712,1.32336628437042,42.104309797287,4.1396202147007,4034.98829120398,679.9051656425,11.7288649082184,3.50522637367249,58.0552380979061,8.03426855802536,587.776451081038,474.623221516609,3100.15001374483,68.7683020830154,416.760149180889,190.057510882616,684.717332154512,252.480495452881,118.715626657009,631.499848097563,5.37261426448822,206.643636703491,43.0467411279678,881.085363984108,36.2066088914871,2.76802545785904,0,0.661572337150574,0,3426.69331091642,75.6254343390465,49.417919665575,649.248590856791,61.5636445581913,1343.49286472797,1253.75382050872,0,797.509989649057,22.994214206934,15.3989418745041,456.253155171871,12.8348940610886,0,0,0,523.177684754133,5.16566756367683,12.0531165003777,4.99370753765106,5476.22698292136,0,0,0,3974.8915347755,60.0278240144253,0.768406927585602,0,2.26030158996582,9.9664953649044,105.701439768076,18.925483494997
0,20.2930703163147,18.8163342177868,72.2747856676579,0,1273.98794996738,69.7693610191345,137.619285017252,186.495573222637,65.8369972407818,3.40531897544861,348.176479935646,22.334826618433,7.25509908795357,2744.60924828053,30.9282861948013,8.26227033138275,0.681840240955353,0,78.1946122944355,53.4608400762081,6.73185193538666,223.814348191023,118.366846144199,0.728684306144714,3.62909442186356,59.2880557775497,73.9469714164734,7.79466542601585,26.4793785214424,0,369.859819471836,0,3870.01150316,759.737227797508,115.16354522109,25.4934925436974,6.50673747062683,87.6095224022865,9505.82546669245,1809.06162673235,12.5793781280518,9.01656860113144,4.50745439529419,3.48953634500504,13.1108509302139,29.1079613268375,2.51999282836914,0,0,0,2.18529045581818,28.2940087914467,4.79298406839371,1.39836442470551,3.99278017878532,0.325952291488647,12.7095802426338,9.68264240026474,0,7.31804710626602,1.48581063747406,0,9.45072782039642,2.71147239208221,0,1.42929840087891,2.21833294630051,3.28565835952759,9.64184039831161,0,11.969184756279,38.3431661725044,0,1.28290283679962,2.39989438652992,23.1171475946903,0,1.10750257968903,0,0,0,2.52654588222504,1073.24577337503
50.8626384735107,15.2754053175449,91.9208388328552,1304.37217280269,1273.98794996738,0,9414.96902492642,17140.2300459594,602.222731620073,24109.4348405153,570.670379906893,8707.36105230451,975.078529149294,1438.1936686188,2085.94844773412,2.07340517640114,96.5499169528484,244.101201713085,207.660355120897,1311.47227951884,163.981261998415,7.93804118037224,185.024471759796,960.44302380085,3.91812983155251,243.125019446015,53.0989266633987,9329.8135086298,1432.88826194406,640.290066629648,18.7763242125511,163.822071224451,33.3150580227375,2187.97666272521,4820.17397305369,7000.26285149157,184.774348109961,634.531588882208,761.004746466875,6543.87296673656,3815.90865373611,616.899904459715,137.673704206944,4.40601718425751,84.0720988810062,232.938830941916,110.258100748062,48.0969523191452,8.88594883680344,0,0,0,135.553383111954,11.7743090391159,6.16634702682495,97.3796042501926,27.4144658148289,117.274078607559,46.1639419794083,1.2537430524826,27.6455438137054,13.0251494050026,52.4993545413017,134.386739939451,8.60743948817253,0,0,0,19.1214923858643,3.27363070845604,1.49643096327782,6.47360318899155,721.118731826544,0.926371097564697,2.70395845174789,1.14809289574623,473.514398336411,13.766235858202,2.65888422727585,0,31.8324515223503,1.10841169953346,48.1196403801441,234.559060901403
6027.35098704696,48.4737710058689,407.28399348259,162.465911477804,69.7693610191345,9414.96902492642,0,25119.1666743904,1228.61613744497,19594.3841759861,727.562038630247,550.310990273952,555.045750945807,42684.5525405407,750.77101585269,10.7214416265488,354.851641029119,405.70585924387,500.151232987642,95.1118461489677,2165.17637425661,41.7897709012032,850.65644672513,2661.66348186135,7.12935048341751,506.607056707144,269.702187210321,71180.3371128142,6890.29388123751,11428.7252810001,22.8735417723656,206.42695710063,350.598810166121,3105.19933816791,1744.54226478934,5709.22607511282,345.085657835007,1447.79827791452,1047.51570805907,660.811086088419,497.396675854921,251.244059115648,1504.12488681078,11.611033141613,360.354142427444,118.576758414507,336.641161322594,87.067695915699,7.33118352293968,1.99437862634659,2.12344992160797,1.91904419660568,456.394059687853,22.3805726766586,34.2313861846924,778.716876715422,79.8912038207054,692.089574098587,317.084529012442,4.72194868326187,28.89914265275,80.1363248229027,111.788426071405,74.8060745596886,53.1297434568405,0,0,0,88.1579410433769,36.1637614965439,29.029943138361,4.85554671287537,6462.13206997514,0.79315596818924,0,10.467242628336,5984.27170753479,242.477471679449,21.9493891894817,0,15.7779285311699,37.5718695819378,220.5516743958,163.528211027384
968.475156962872,5.32052430510521,966.929516151547,466.294850245118,137.619285017252,17140.2300459594,25119.1666743904,0,267.227391213179,20576.0601976663,865.178598374128,2511.75723563135,692.330095112324,27858.1399488002,752.669668138027,6.82792893052101,1209.52198413014,437.223044395447,455.90103277564,805.838869601488,1285.17900298536,2.58751180768013,2176.5529628545,428.736713767052,2.0522655248642,726.556246235967,130.207358881831,4444.94786471128,6592.35462455451,8098.73243282735,33.3607179224491,376.494416892529,82.9774499386549,1780.42391771078,765.959118843079,5072.46924428642,243.338130518794,683.58911138773,646.960780024529,1597.83716851473,550.39178737998,481.890434354544,178.872256696224,5.57519260048866,93.1560993790627,176.529221683741,55.6542147696018,33.5661228895187,2.11084574460983,0,0,0.735011339187622,61.3523853719234,3.83024969696999,3.42974156141281,78.5567600429058,19.7691542506218,97.9442528486252,34.116547524929,4.9930192232132,13.5734413862228,6.34316283464432,41.1398485004902,49.1361037194729,26.4947103559971,0,0,0,13.8835481703281,12.0323576927185,7.76536118984222,7.45980596542358,773.773565560579,1.03566005825996,0.934454441070557,5.35898691415787,603.934220805764,18.9145408570766,4.43352007865906,0,24.3219748735428,3.22349181771278,36.9634028971195,52.7509649395943
2.64818650484085,4235.43846449256,2.16984891891479,7501.53458982706,186.495573222637,602.222731620073,1228.61613744497,267.227391213179,0,1818.30259716511,48.1220353841782,1906.99802884459,1625.42324602604,65.1679460406303,2442.11296617985,392.257091194391,7.84724771976471,9.42194387316704,13.3516700565815,1628.39034092426,86.3755319416523,8142.55193194747,88.3247706890106,44125.6248371899,1817.97142609954,81.8969631493092,3964.74902838469,5641.97158893943,176.123700559139,10.7888454198837,154.009394943714,26.1861817538738,19.3663531839848,116.57778736949,122.656318515539,1025.19689357281,73.2538126409054,84.1033383309841,64.4233030676842,1941.50522634387,31.8372721970081,336.875453680754,434.766809642315,38.2510364949703,116.419769376516,18.5120899677277,765.99091053009,22.3166601061821,50.3846207857132,1.70547091960907,73.1011238694191,6.75135996937752,2177.81178861856,73.1715843081474,82.0399848222733,344.999442726374,65.0190640091896,2792.93820777535,648.698711395264,78.0087797641754,309.565017938614,139.058892518282,70.9174749851227,558.081458896399,705.061626970768,1.81726038455963,6.88150024414062,0.540356636047363,308.324238628149,241.197211802006,1246.67779111862,243.992216438055,7841.95365965366,72.078608840704,87.2753760516644,409.88194462657,3472.18371301889,88.8752512037754,25.3825169205666,57.5533919930458,4.32723623514175,16.7492030262947,75.3679978251457,43.5491243004799
13.2639980912209,3.30907756090164,52.9716154932976,17455.6546162367,65.8369972407818,24109.4348405153,19594.3841759861,20576.0601976663,1818.30259716511,0,1169.85204482079,12036.3494828641,922.919838637114,3798.0954913795,1016.56720641255,3.51338893175125,121.093210458755,558.149788171053,740.340167552233,8001.09761476517,21.6081972122192,1.0857147872448,55.9303690195084,1675.31415763497,0,673.503329187632,76.3758821487427,34765.5525123775,3097.01516655087,116.887616604567,31.1272814869881,271.074063867331,8.12795186042786,2977.02384397388,1524.75404456258,9379.1920247376,352.032197058201,1873.34746465087,842.951846659184,1873.47301444411,1034.01744771004,409.191337734461,415.020136654377,2.37872305512428,188.443414598703,110.473802357912,444.082361519337,34.0764254331589,6.39706426858902,0,0,0,1640.42673701048,25.4959527552128,18.1178510189056,360.452526807785,27.1415317356586,561.913224756718,465.597744703293,1.28121024370193,106.05434525013,9.9332549571991,9.45331203937531,231.507589489222,16.6716819107533,0,0,0,198.378458917141,5.97200778126717,1.12081906199455,6.84717538952827,2432.2283744812,0,0,0.670248568058014,2047.2877215445,27.0145235359669,0,0,3.27503263950348,12.1315775811672,71.6709485948086,65.5244754552841
14.8830702602863,43.3652358055115,83.5409612953663,162.189689338207,3.40531897544861,570.670379906893,727.562038630247,865.178598374128,48.1220353841782,1169.85204482079,0,922.523107409477,4739.95938524604,331.518045276403,18.7930743098259,3.05951103568077,193.184117227793,13880.7017713189,5140.00596904755,467.098857015371,48.8440433144569,24.5442957878113,66.3107334971428,59.1114959418774,129.371239602566,7298.21500405669,390.711858361959,385.23378020525,954.58612921834,229.250889927149,586.147800594568,1225.4389847815,7.11507746577263,7092.68573665619,107.534489423037,1393.33204224706,3513.19410955906,5586.35838824511,619.721369445324,126.745328962803,35.458070397377,2504.36809197068,21.0730565488338,1115.26343667507,30.4880744218826,18.7069961428642,2.27049052715302,2.28872436285019,1014.87536343932,0,255.349425911903,2.33933335542679,3.38704138994217,0,3.98397254943848,2.89378648996353,3.67134928703308,66.3633018136024,8.70950442552567,3632.62854492664,11.8470111489296,5398.84656363726,20.2274290919304,4.13292786478996,1.61233764886856,0,6.08276528120041,2.11640375852585,10.3741608858109,0,61.4359875321388,0.902744054794312,67.1966145336628,631.152028918266,1224.13113731146,2194.84061190486,2.66728636622429,3.66148602962494,0,2133.44295561314,1.97484040260315,0,228.518546044827,41.4212450385094
4.95823016762733,4.87787288427353,18.720526009798,5608.53504779935,348.176479935646,8707.36105230451,550.310990273952,2511.75723563135,1906.99802884459,12036.3494828641,922.523107409477,0,842.161042541265,376.602876573801,3437.91156408191,2.30591809749603,72.2939155697823,423.628283411264,490.076910674572,24105.8241571486,5.83012384176254,3.01366427540779,22.095098555088,3050.95671871305,1.63488507270813,492.328218758106,46.8613031804562,1659.25055742264,809.707679837942,36.6117951869965,31.3401201069355,225.526623934507,3.8411922454834,1630.20829549432,3840.92964980006,5769.13817468286,261.735088169575,981.55669015646,499.652917683125,3043.75702810287,560.647325694561,470.232650876045,340.5443610847,6.90356367826462,133.859153836966,116.244699120522,412.64855325222,41.8068794608116,10.1885530352592,0,0,0,899.337598413229,38.8554040193558,56.3617035746574,212.011417925358,50.7638122141361,237.667191654444,429.661175966263,7.1322857439518,1292.51932141185,29.6429495811462,70.1492664515972,203.324467003345,14.0447592437267,0,7.17239463329315,4.20935282111168,332.104589372873,7.89175868034363,2.77895373106003,5.73983711004257,1034.51294574142,1.12372851371765,10.6550822556019,2.1966313123703,943.246771007776,68.5372540950775,1.32457363605499,1.23997139930725,4.03292441368103,7.09466415643692,65.3175180256367,342.007004410028
1.34406781196594,2460.52717074752,26.2561763226986,240.500293314457,22.334826618433,975.078529149294,555.045750945807,692.330095112324,1625.42324602604,922.919838637114,4739.95938524604,842.161042541265,0,126.573664724827,164.698786735535,368.525821298361,30.5015785396099,27.7150010764599,20.8843404650688,399.081867545843,241.766626507044,1965.57327854633,201.477049410343,1209.84241658449,7662.56741186976,332.912674367428,2526.37779510021,747.704569995403,194.544654101133,125.355260789394,1982.08073827624,394.780013978481,7.80901056528091,2480.75000727177,157.464839786291,2700.17642194033,1679.65926969051,3323.47321754694,1172.55076250434,2577.71394667029,519.64136210084,5318.3618439436,384.465317130089,1985.29128554463,773.175028085709,394.693403959274,1884.21053093672,154.2488976717,1767.85029581189,2.85846161842346,679.839507848024,3.62318459153175,93.3032545149326,8.76803022623062,60.5911428928375,69.33709025383,144.336176723242,131.790205538273,165.238213419914,6769.45796921849,286.484813511372,9069.59733852744,412.382453203201,201.425630033016,26.7239124178886,3.08436605334282,49.0524773597717,8.49409452080727,107.801460236311,8.58163425326347,163.824397653341,19.2750370800495,310.605841070414,2815.39647403359,2755.36311417818,7468.3755376339,284.647089570761,100.643896102905,0.940628856420517,4626.35626286268,180.024337530136,1.03541553020477,514.63587602973,44.411950558424
8221.18521827459,3.24244654178619,1411.4001301527,167.820862591267,7.25509908795357,1438.1936686188,42684.5525405407,27858.1399488002,65.1679460406303,3798.0954913795,331.518045276403,376.602876573801,126.573664724827,0,117.271859288216,2.33630692958832,2192.99601963162,159.11599367857,240.073331862688,232.134037226439,1381.6234138906,4.14033910632133,3268.44342988729,194.294517755508,0,678.599554210901,105.859824717045,2385.18388816714,26144.3979272246,21177.3200951517,7.57448562979698,507.802448689938,81.7519083619118,993.689129769802,287.079132854939,1535.95868489146,144.103773772717,406.791034251451,325.1468501091,159.495925009251,99.0936782062054,71.0385550558567,91.3566673994064,2.02916556596756,19.4988893568516,23.4635726511478,21.270644903183,0.534396350383759,0,0,0,1.04751685261726,12.2774938941002,0.780312776565552,0,25.8178063929081,4.74196618795395,33.5507782995701,4.85274660587311,0,0,2.50221693515778,3.13165089488029,5.14622038602829,14.2151460051537,1.09380102157593,0,0,2.48374995589256,12.487381786108,5.55421271920204,2.20457375049591,430.423070073128,0,0,11.6844485402107,394.346521019936,10.0310023725033,2.47231349349022,0,3.11928021907806,5.35472053289413,8.19831299781799,14.9814074039459
3.14138731360435,260.592503786087,98.7520406842232,1410.22606354952,2744.60924828053,2085.94844773412,750.77101585269,752.669668138027,2442.11296617985,1016.56720641255,18.7930743098259,3437.91156408191,164.698786735535,117.271859288216,0,60.4902921915054,66.1085041463375,10.6806239187717,22.0061835944653,823.528948307037,273.781830996275,166.566679954529,413.766614824533,2065.63414111733,46.8799733221531,48.2033666670322,352.992959171534,1068.66647332907,152.594924002886,251.096566289663,4.99492853879929,52.9244403839111,13.3785250484943,108.463372468948,8178.40520861745,774.327594965696,70.326036542654,49.9846619367599,209.571240782738,9643.17253136635,89.1684951484203,69.6623402237892,136.40643915534,19.0644223690033,38.2825536727905,69.9818913936615,338.17394977808,3.755863904953,6.00018519163132,2.45567214488983,2.45591616630554,1.72443461418152,417.87323898077,25.2153602540493,25.2117818593979,88.9213018417358,10.3861980140209,152.135605990887,145.231942266226,0,119.183900535107,14.3812271952629,11.4581919908524,165.113060474396,15.464860022068,2.93372976779938,1.74415600299835,6.21862685680389,76.8502963781357,28.1878120303154,4.45706158876419,39.4769384264946,656.244634628296,1.38104546070099,22.2935749292374,26.4191192984581,483.904504448175,9.04589745402336,7.94645255804062,0,2.19955572485924,4.1113843023777,21.3502452373505,3864.88179579377
0,765.260495692492,60.4066145122051,0,30.9282861948013,2.07340517640114,10.7214416265488,6.82792893052101,392.257091194391,3.51338893175125,3.05951103568077,2.30591809749603,368.525821298361,2.33630692958832,60.4902921915054,0,297.528712123632,8.34755975008011,44.3309694826603,0,6540.69067302346,7967.31760892272,4724.03567072749,4893.63863363862,10.5719364881516,197.716473758221,21190.7738817632,4425.83917820454,2.98242825269699,34.8885084986687,6.2042370736599,0.555626034736633,1.64119666814804,397.017150104046,690.167514503002,8378.19723841548,2925.05208855867,1682.60781049728,2541.05894583464,30.2136723995209,37.6120682954788,120.781394422054,261.469399571419,50.9015327692032,78.2408217489719,86.0589990019798,372.524487376213,4.08879727125168,11.8061467409134,0.910810530185699,265.623319029808,243.174868762493,6.60287618637085,8.86057507991791,8.66344201564789,39.0192307531834,21.6190651059151,62.6208104491234,11.2552708089352,3.02996346354485,22.0159028768539,46.1687639951706,67.9852402508259,8.00738000869751,20903.2062481046,44.8517531752586,0.631444871425629,13.0236576795578,19.6106289029121,2013.66483402252,5336.78730410337,11707.2585546672,4776.18144461513,33.8593068420887,238.368452221155,6188.98511734605,2107.71204823256,22.5775687992573,65.6595054268837,0.52710348367691,1.26488792896271,5.19656753540039,56.2642312943935,263.167374163866
334.168400198221,41.7226638793945,18402.8230441809,17.7319724559784,8.26227033138275,96.5499169528484,354.851641029119,1209.52198413014,7.84724771976471,121.093210458755,193.184117227793,72.2939155697823,30.5015785396099,2192.99601963162,66.1085041463375,297.528712123632,0,679.21435803175,10164.499597013,55.6809214055538,3201.54630807042,27.059720903635,10932.4273900986,477.255765944719,0.6474249958992,32144.3100567162,17860.8616259396,1602.61644044518,6185.26802536845,7874.67973598838,2.37154775857925,40.2638874351978,2683.66658872366,23546.8044764996,564.433761745691,3521.82386136055,3179.41629263759,6131.14289540052,3136.33453840017,46.7154771387577,87.6403171420097,16.7625953555107,24.3393626511097,53.7517497241497,11.0394420623779,23.416129887104,1.8752635717392,0,0,0,30.290728956461,235.4949862957,0,4.77344876527786,0,0.847001045942307,0,4.29361045360565,0,0.728138148784637,0,0.453442841768265,1.27358436584473,0,32.125656068325,46.0298144221306,0,16.6013371348381,0.897039115428925,5.09145033359528,22.9959324002266,30.0819551050663,19.0369910597801,0.656258285045624,275.132112979889,1406.1718172133,21.7905579507351,0,0,0,0,1.08383691310883,4.84288758039474,108.94497013092
3.52429169416428,5.89844650030136,213.411637544632,61.8702878654003,0.681840240955353,244.101201713085,405.70585924387,437.223044395447,9.42194387316704,558.149788171053,13880.7017713189,423.628283411264,27.7150010764599,159.11599367857,10.6806239187717,8.34755975008011,679.21435803175,0,6547.09036922455,245.51170578599,62.7491357028484,1.91404831409454,133.122563123703,33.7150300443172,3.70842105150223,4090.65791213512,379.67195045948,217.147191762924,450.712355464697,168.142791628838,7.8334978222847,424.738441854715,30.3391413092613,4309.05968621373,214.117928147316,2127.20376515388,2293.82656398416,4956.05013203621,1623.31599408388,52.3912425935268,29.6969546675682,22.0802191495895,7.48428979516029,23.6520887613297,5.91996318101883,4.90622168779373,0,0,3.95513921976089,0,5.73193472623825,7.51389986276627,0.926562130451202,0,0,0,0,4.75034523010254,0,12.2920390367508,0.567036330699921,1.35535705089569,0,2.17819464206696,1.21896708011627,4.59867072105408,3.04186737537384,2.33326494693756,0,0,2.93627095222473,0.923935294151306,2.07477283477783,7.41306906938553,291.559617102146,513.439380824566,0,0,0,17.8359911739826,0,0,3.31548595428467,106.753417730331
19.9625512063503,12.4452339410782,1182.30183750391,52.4894904494286,0,207.660355120897,500.151232987642,455.90103277564,13.3516700565815,740.340167552233,5140.00596904755,490.076910674572,20.8843404650688,240.073331862688,22.0061835944653,44.3309694826603,10164.499597013,6547.09036922455,0,288.508208930492,413.285818636417,10.0202875137329,884.048924863338,87.8714658021927,4.12468069791794,4494.19469383359,2870.31575733423,369.337830483913,633.173946946859,592.58270123601,15.1052108108997,317.411004722118,142.759789228439,16937.2703743279,588.316592693329,5987.40122789145,4577.62459892035,8374.64522457123,4999.4706287384,70.298308134079,39.11543405056,13.2273724675179,14.1673928499222,49.6521005034447,5.14829051494598,15.6518949866295,2.35332477092743,0,0.542226493358612,0,24.4638180136681,19.4568850398064,0.416051745414734,8.42954277992249,0,0,0,2.86849567294121,0,11.8899170458317,0.481791436672211,6.88397192955017,0,1.54367005825043,6.64579653739929,9.91350975632668,1.79893815517426,5.93214508891106,0,0,7.21870315074921,0.412485092878342,4.60357397794724,14.8162497580051,486.590392053127,1051.26876732707,0.500317394733429,0,0,37.1599344909191,0,0,5.00492638349533,297.49595284462
0.669334828853607,0,13.1583915948868,33762.6035680175,78.1946122944355,1311.47227951884,95.1118461489677,805.838869601488,1628.39034092426,8001.09761476517,467.098857015371,24105.8241571486,399.081867545843,232.134037226439,823.528948307037,0,55.6809214055538,245.51170578599,288.508208930492,0,6.1731770336628,0.864908754825592,21.9478200674057,1322.24434801936,0,275.951565891504,27.8865096569061,354.449522465467,724.795423030853,15.6970553100109,7.15895617008209,74.4664295911789,1.03799211978912,726.609248608351,373.76047629118,3413.15571719408,113.776272296906,541.2554025352,272.667938739061,865.239889472723,345.728431522846,196.259269326925,276.934492051601,3.21459719538689,104.493027418852,51.0891200900078,360.171762853861,16.1463894248009,9.26767539978027,0.568309903144836,0,0,1399.52503865957,32.3672820031643,28.527474552393,256.977960973978,21.5620060861111,347.689152687788,432.721610784531,0.902689456939697,415.003310680389,26.5523681640625,19.4843671023846,214.292007237673,14.9374581575394,0,1.34575235843658,0,327.817816108465,7.81153851747513,1.96307599544525,5.20878088474274,1773.11111342907,0,1.3397288620472,1.17535829544067,1445.76122313738,29.3894273638725,0.556247174739838,0,5.25043651461601,4.55356338620186,47.8644247353077,29.8393166661263
138.411092758179,51.2851398587227,3477.23098474741,1.38696619868279,53.4608400762081,163.981261998415,2165.17637425661,1285.17900298536,86.3755319416523,21.6081972122192,48.8440433144569,5.83012384176254,241.766626507044,1381.6234138906,273.781830996275,6540.69067302346,3201.54630807042,62.7491357028484,413.285818636417,6.1731770336628,0,754.630899190903,56454.4351589382,1157.82109451294,2.40341317653656,731.847974538803,5474.19761401415,22729.5298380554,735.084667414427,37731.6685599387,2.57070961594582,14.6847788691521,245.893031477928,11030.8009642661,2871.7820750773,15713.4389769733,1492.16899332404,12025.4556228817,8720.20918098092,128.068820863962,156.01036337018,118.836041808128,113.571121037006,16.9784656763077,13.6445640921593,48.5776427984238,81.9898604154587,6.68067532777786,2.69502657651901,0,13.6466554403305,51.0797708332539,0,14.4033959507942,1.52427423000336,22.1189336180687,3.61432674527168,47.7475277781487,1.23869282007217,0,3.7266166806221,8.22093188762665,9.18411180377007,9.69110542535782,2740.49070474505,11.1456438302994,0,0.926359057426453,3.82768124341965,1078.56234031916,983.811933398247,1112.367043823,2285.82590812445,0,36.382620036602,601.111835122108,1325.81438577175,24.2312803566456,84.252444922924,0,0,12.0519341826439,16.0409818291664,611.26215159893
0,4056.44312021136,34.8021565973759,3.01211321353912,6.73185193538666,7.93804118037224,41.7897709012032,2.58751180768013,8142.55193194747,1.0857147872448,24.5442957878113,3.01366427540779,1965.57327854633,4.14033910632133,166.566679954529,7967.31760892272,27.059720903635,1.91404831409454,10.0202875137329,0.864908754825592,754.630899190903,0,633.44126483798,18640.2653078735,2351.61929741502,144.025735408068,15036.6890972555,1185.82585090399,15.6043166220188,0.713971257209778,132.530373305082,2.27068489789963,1.98829525709152,24.8382336497307,20.1917749643326,150.935321092606,126.787236660719,47.1467288732529,31.1065589785576,37.2909660041332,0,558.632306963205,89.5659813284874,92.3441291153431,30.1178268790245,36.5193920135498,8.24981963634491,0,85.5705009698868,0,544.198753923178,71.4995101094246,0.813617587089539,1.32142007350922,0.424063295125961,15.5168817043304,0.500072360038757,318.396030008793,0.707535564899445,111.910924434662,2.76999890804291,201.898868501186,4.18071466684341,1.70417559146881,4146.477414608,38.0927522778511,0,6.79230749607086,1.24800765514374,457.3205319345,2110.00384324789,1279.92418414354,1901.48957356811,118.615940064192,358.569037467241,4982.55298918486,563.3782145679,9.20854109525681,48.2051005065441,77.0575826764107,0,13.1518714427948,26.7919261157513,10.2817419171333
413.94818213582,28.7103666365147,26813.1239783466,4.95180696249008,223.814348191023,185.024471759796,850.65644672513,2176.5529628545,88.3247706890106,55.9303690195084,66.3107334971428,22.095098555088,201.477049410343,3268.44342988729,413.766614824533,4724.03567072749,10932.4273900986,133.122563123703,884.048924863338,21.9478200674057,56454.4351589382,633.44126483798,0,562.655244141817,0.635698735713959,4790.44041192532,22358.5829618275,4382.85682538152,3460.53436917067,23039.9741173983,2.83484429121017,28.5467675030231,898.466614246368,29724.9569574296,5322.24425107241,52943.9383797348,12153.3282701373,30439.7668799758,32083.3296377659,240.259071081877,305.738467544317,138.907284110785,221.520527392626,56.6884164512157,63.9280558526516,178.483762741089,132.407386004925,7.62910133600235,1.12425172328949,4.10874903202057,10.2797681093216,316.581217259169,3.76465427875519,61.7519507408142,6.92284002900124,25.3775611817837,12.1338053941727,8.77151203155518,1.81941536068916,1.54885047674179,9.73146629333496,3.26554960012436,45.6808523833752,8.91485899686813,6921.07824406028,8.69121208786964,0,0.594509601593018,5.06109508872032,594.606833279133,1200.90025109053,4387.28908875585,1423.27089187503,0,33.6090125143528,5050.59047031403,732.719292908907,10.2090268731117,23.984896928072,0.612777292728424,3.15754473209381,4.11775261163712,33.5490737259388,2390.64234465361
8.31651133298874,5719.1152061224,164.402143537998,8801.50836321712,118.366846144199,960.44302380085,2661.66348186135,428.736713767052,44125.6248371899,1675.31415763497,59.1114959418774,3050.95671871305,1209.84241658449,194.294517755508,2065.63414111733,4893.63863363862,477.255765944719,33.7150300443172,87.8714658021927,1322.24434801936,1157.82109451294,18640.2653078735,562.655244141817,0,1205.14993071556,301.322964429855,13275.4052773714,11809.2523978353,1079.52119803429,160.80274143815,91.0526674389839,13.8729120194912,379.136514097452,904.873192131519,1336.25289270282,7280.78128123283,1002.80090910196,694.847536057234,958.091447949409,393.325607299805,131.385332167149,239.217256903648,3091.27343192697,82.7239024341106,782.736098647118,192.613627970219,846.130132526159,121.662018418312,52.4622525572777,8.3550968170166,255.391511946917,172.282442092896,2617.33021071553,72.4101124405861,95.9228826165199,1728.50569134951,303.337197899818,6100.67672047019,1162.15351450443,41.60440325737,253.690780639648,220.332861095667,308.208744585514,281.509451597929,3395.40414094925,33.0355239510536,7.1741127371788,7.21691870689392,341.906025499105,1434.74732795358,2246.45935171843,1222.19757002592,29038.6855163574,58.4277724325657,182.796884596348,2676.18417605758,17839.9329177737,768.237821727991,309.747382253408,7.31677234172821,43.0535226762295,181.631099224091,524.224085479975,270.81218329072
0,4020.19084557891,0,1.32336628437042,0.728684306144714,3.91812983155251,7.12935048341751,2.0522655248642,1817.97142609954,0,129.371239602566,1.63488507270813,7662.56741186976,0,46.8799733221531,10.5719364881516,0.6474249958992,3.70842105150223,4.12468069791794,0,2.40341317653656,2351.61929741502,0.635698735713959,1205.14993071556,0,126.648734599352,1961.71894952655,51.9496706426144,3.92751497030258,0,161.977444469929,0,0,26.3253090977669,1.0571014881134,21.259094119072,62.0724391341209,42.1914710104465,10.4400586485863,7.43341439962387,0,2105.29797297716,11.0897471904755,118.735409289598,1.26201784610748,9.05658179521561,0,0,285.02142727375,0,480.768364220858,0.537488460540771,2.91787195205688,0,0,0.725696980953217,0.757773637771606,42.1935786008835,2.6642017364502,874.134142100811,7.81833493709564,1798.89354240894,4.25480222702026,0,4.10969072580338,0,3.9622631072998,3.01634758710861,2.71479874849319,0.383532404899597,57.9304605126381,1.17862296104431,45.0292006731033,1797.36177530885,392.395089358091,2423.01518917084,5.37139576673508,5.58798062801361,0,408.419912010431,1.18635213375092,0,79.8270484805107,2.2284477353096
65.6981625854969,450.475359112024,29238.2030548453,42.104309797287,3.62909442186356,243.125019446015,506.607056707144,726.556246235967,81.8969631493092,673.503329187632,7298.21500405669,492.328218758106,332.912674367428,678.599554210901,48.2033666670322,197.716473758221,32144.3100567162,4090.65791213512,4494.19469383359,275.951565891504,731.847974538803,144.025735408068,4790.44041192532,301.322964429855,126.648734599352,0,23310.7483101785,609.17258054018,1277.69249179959,937.644162893295,472.691225737333,483.833877801895,259.660539984703,6729.66668608785,1142.07205918431,14616.1731036603,17722.4250082076,11114.6913110912,8769.57479634881,84.4844632148743,76.24734634161,104.813322216272,608.704659879208,1929.38603082299,361.27736967802,348.440283715725,4.23903805017471,1.05475795269012,49.6844537556171,0.48856395483017,1017.50579482317,341.8867598176,0.475770860910416,21.3460038304329,1.15351951122284,8.27694842219353,1.43804442882538,98.4347153902054,0,1156.0342720449,0.526683866977692,1263.09972476959,3.63708969950676,8.63939225673676,44.7087455093861,428.355193734169,149.650573849678,546.611188262701,0,10.6795732975006,261.499782890081,63.0210663676262,61.8689112663269,324.167406916618,16574.5202667117,38030.0566892326,12.3670792579651,1.23172104358673,2.65727877616882,2944.72708874941,0.608817756175995,1.29811289906502,232.250321745872,545.602206736803
7.08226868510246,21555.7277597189,30437.7036400437,4.1396202147007,59.2880557775497,53.0989266633987,269.702187210321,130.207358881831,3964.74902838469,76.3758821487427,390.711858361959,46.8613031804562,2526.37779510021,105.859824717045,352.992959171534,21190.7738817632,17860.8616259396,379.67195045948,2870.31575733423,27.8865096569061,5474.19761401415,15036.6890972555,22358.5829618275,13275.4052773714,1961.71894952655,23310.7483101785,0,5845.98846518993,162.271211147308,327.881709426641,1357.81199729443,33.633641064167,54.9957419931889,6451.45186120272,2530.74411904812,41862.9235190749,17945.7738853693,11126.1736445427,16056.7009833157,155.462860643864,112.538667321205,96.6570254564285,3129.42909011245,2909.73254097998,1369.06671682,1579.59289824963,93.9072678983212,9.85803908109665,58.8265262544155,26.1957947015762,9663.25468423963,8375.24549522996,0.881050378084183,38.1076233386993,2.92856898903847,176.069133341312,27.1331414580345,242.828736931086,2.60399678349495,878.666666030884,4.61502254009247,1425.37993508577,149.551497042179,16.373496234417,10141.0353709459,2556.14410176873,77.1851962804794,1195.06423734128,1.56919169425964,591.657085239887,5732.95894265175,5625.10338279605,2183.17068827152,1280.92232912779,21434.2374944985,152727.222505361,924.370716363192,38.1954255700111,85.1050809919834,2335.18428632617,0,7.19522130489349,607.958754181862,1256.88851502538
126.410377323627,339.379900187254,1318.07459238172,4034.98829120398,73.9469714164734,9329.8135086298,71180.3371128142,4444.94786471128,5641.97158893943,34765.5525123775,385.23378020525,1659.25055742264,747.704569995403,2385.18388816714,1068.66647332907,4425.83917820454,1602.61644044518,217.147191762924,369.337830483913,354.449522465467,22729.5298380554,1185.82585090399,4382.85682538152,11809.2523978353,51.9496706426144,609.17258054018,5845.98846518993,0,5663.43850848079,7531.49492397904,8.66726702451706,128.525279253721,1339.19465386868,5289.03192226589,4238.395639956,16545.3173908889,1497.10834935308,3511.50428453088,3467.12556001544,788.015482157469,601.91579207778,323.694324821234,3320.69604665041,49.6073889732361,807.926295518875,210.619446635246,955.334369629622,145.031876146793,20.0155780613422,6.4042874276638,29.3293170332909,63.1824008524418,2097.3154142797,63.6693858206272,72.480223596096,1835.47262150049,293.397053718567,2786.47784078121,1117.22390678525,7.57038334012032,107.687536895275,118.178688496351,294.68880969286,250.531592935324,1898.49661338329,14.4751026332378,0,0,291.349756777287,866.058380395174,819.775062501431,749.111453801394,21434.3298155367,4.324019998312,38.7750989496708,778.871301561594,15270.417712301,790.730710238218,314.01105555892,0,23.4060986638069,191.859357655048,538.145340979099,424.306277245283
11182.0289306045,8.24237230420113,1931.33628645539,679.9051656425,7.79466542601585,1432.88826194406,6890.29388123751,6592.35462455451,176.123700559139,3097.01516655087,954.58612921834,809.707679837942,194.544654101133,26144.3979272246,152.594924002886,2.98242825269699,6185.26802536845,450.712355464697,633.173946946859,724.795423030853,735.084667414427,15.6043166220188,3460.53436917067,1079.52119803429,3.92751497030258,1277.69249179959,162.271211147308,5663.43850848079,0,18396.4588638544,35.4285644292831,1329.49489799142,4163.71033224463,5290.08473670483,347.012075513601,1709.6916654408,236.64325940609,783.012619495392,474.943795531988,198.561291873455,202.425800263882,87.7783595621586,79.626395881176,2.53454059362411,18.0456349253654,10.1909663379192,15.1635850071907,4.0330645442009,2.05006033182144,0,0,2.26986283063889,13.2647490799427,0,0.735434830188751,49.3398360013962,0.627460658550262,89.3307551443577,11.0908247828484,1.45276045799255,3.19308027625084,2.41589534282684,7.1464436352253,6.76674231886864,10.5200708508492,0,0,1.29941642284393,5.59155106544495,4.99958294630051,3.12784245610237,3.20779103040695,483.596346080303,1.46868574619293,0,19.7884685695171,351.888501405716,11.1081753075123,1.96303912997246,0,4.83525133132935,2.2471738755703,9.9242596924305,13.8662563860416
7177.63959234953,1.05571037530899,3469.72726550698,11.7288649082184,26.4793785214424,640.290066629648,11428.7252810001,8098.73243282735,10.7888454198837,116.887616604567,229.250889927149,36.6117951869965,125.355260789394,21177.3200951517,251.096566289663,34.8885084986687,7874.67973598838,168.142791628838,592.58270123601,15.6970553100109,37731.6685599387,0.713971257209778,23039.9741173983,160.80274143815,0,937.644162893295,327.881709426641,7531.49492397904,18396.4588638544,0,6.68562680482864,84.4893918335438,2722.81849274039,12021.753844738,1697.21287789941,4493.5328682065,472.883822739124,2883.5855036974,2311.48895028234,128.984721541405,164.745554327965,40.901326239109,138.875736534595,4.4485839009285,16.6813111901283,37.0342324972153,20.8174372911453,2.98986339569092,0,0,0.478298276662827,1.51158532500267,1.67974752187729,6.26445442438126,0.401923716068268,11.4815240204334,7.13001084327698,25.2716111540794,0.714044868946075,0,2.7197673022747,1.15391576290131,6.35393026471138,5.57023978233337,33.8547248244286,0.309954077005386,1.44162499904633,0,0,24.3359540998936,6.82049682736397,10.3979597985744,500.319871008396,0,3.30810549855232,50.1298499405384,530.312944233418,25.8251723647118,10.9951141476631,0,1.38298380374908,12.0746260583401,8.16735219955444,220.115450531244
0,184.022119909525,3.70703682303429,3.50522637367249,0,18.7763242125511,22.8735417723656,33.3607179224491,154.009394943714,31.1272814869881,586.147800594568,31.3401201069355,1982.08073827624,7.57448562979698,4.99492853879929,6.2042370736599,2.37154775857925,7.8334978222847,15.1052108108997,7.15895617008209,2.57070961594582,132.530373305082,2.83484429121017,91.0526674389839,161.977444469929,472.691225737333,1357.81199729443,8.66726702451706,35.4285644292831,6.68562680482864,0,25.804282605648,0,139.223453164101,7.18823957443237,103.898540318012,721.603817731142,277.429840803146,53.3732704520226,2.76836788654327,3.10336875915527,59.18166872859,13.5739461779594,577.606430321932,36.9476825892925,9.71502524614334,0.650654733181,0,93.0621964037418,0,147.2449259758,0.394908934831619,0,0,0,0,0,20.7524277567863,0,1339.24815371633,0.473584681749344,1566.43651786447,0.787753880023956,0,2.29793685674667,0,13.7916531562805,2.13804790377617,0,0,33.5778472721577,0.308803707361221,14.6774527132511,440.733951121569,2303.71305692196,5063.96331077814,0,1.73493933677673,0,1973.45142617822,0,0,30.6414994597435,0.980536222457886
