0,0,910.397690325975,8.55515584349632,0,36.6709941923618,4885.21854309738,1972.6466601491,10.4701511859894,321.42810305953,19.2756491601467,6.34578865766525,0,11180.9868158102,7.63813674449921,4.5877158343792,772.880477637053,65.5516869723797,182.121293872595,6.20694270730019,408.40401494503,10.8729679882526,1049.49312207103,193.699084550142,0,203.474268347025,287.941729426384,311.599706232548,12990.5999364853,9842.96873533726,0,14.6698423624039,32.5061943233013,375.720095098019,13.5698538720608,101.139851182699,46.4540719389915,272.096796035767,71.5982362031937,8.27220749855042,5.89393252134323,5.50696992874146,10.1773680746555,1.38197863101959,5.26326942443848,2.44057255983353,2.59063103795052,0,0,0,0,9.84409558773041,0.637397766113281,0,0,7.4804510474205,0,8.24971807003021,1.7868213057518,0,2.47659420967102,0,1.48670625686646,0.471052765846252,2.94385978579521,0.533532202243805,0,0,0,9.54363676905632,1.42753529548645,5.13327294588089,46.0085034966469,0,0,43.1953858137131,44.8448840975761,0,1.50870624184608,0,0,0.361328452825546,10.8421026468277,1.84770923852921
0,0,50.7074472606182,0.753805756568909,3.24262875318527,0.684356451034546,0,0.451070576906204,2056.77909770608,1.50253415107727,54.5680001378059,0,950.493979692459,2.84805858135223,41.5560789704323,159.881321400404,47.9356243014336,2.15612277388573,9.86590147018433,0,57.4108807146549,3406.21376174688,71.6668319106102,3179.21430969238,4237.37078768015,54.4471281170845,17666.5668843687,46.4203003048897,6.3647540807724,15.8286149799824,64.2444055080414,0,1.97765380144119,34.5018858909607,13.5715324878693,107.124018758535,54.6414574086666,61.3850160837173,33.334919154644,32.8222481906414,1.41522389650345,187.975846290588,86.9535300135612,46.9331820309162,32.5193616747856,36.870285153389,0.905103147029877,0,27.8025748133659,0,646.053971469402,249.952354282141,0,0,0.498612254858017,3.19231143593788,2.63042590022087,7.72750717401505,5.4608750641346,30.5377370715141,0,50.548098474741,2.48316243290901,0.441010117530823,14.2149537801743,15.1854356527328,2.14076912403107,45.8799970149994,0,7.46462082862854,73.5590695738792,58.7617500722408,32.8346017599106,48.322736620903,105.244994550943,3736.03955829144,12.0797923803329,0.431639790534973,8.7618046104908,29.4831970632076,0,0,24.9888445436954,11.47813808918
910.397690325975,50.7074472606182,0,107.147371321917,9.92555224895477,334.374199002981,2607.8470915854,3239.28923074901,17.891634196043,1018.79417407513,116.227124452591,24.9012090265751,7.69017398357391,4477.85995364189,13.3912242650986,230.734549164772,30810.1439329982,663.868056923151,2617.96103709936,20.0858339071274,5762.65644833446,264.132764041424,38647.7254286706,227.63260859251,2.42382168769836,20051.6596970558,27729.7593974173,1129.04355025291,1208.89223399758,1643.68803289533,1.36785304546356,43.5218870937824,42.0379267632961,3395.76693439484,678.723093897104,6361.95834428072,6402.79789355397,5688.97597365081,3373.98974350095,45.0554691255093,242.669578164816,31.5536780357361,919.781269550323,132.289121121168,434.351782530546,501.979093283415,15.799672305584,5.21210139989853,7.81232905387878,9.18647488951683,144.881144553423,3531.41295489669,0,0.954326152801514,0.584812462329865,66.5020884871483,20.7992941141129,22.2189435660839,2.19326466321945,5.15772044658661,1.07736504077911,4.99758112430573,69.4300327301025,5.92815381288528,180.311689853668,212.576401859522,3.08550488948822,25.4842195212841,1.23287990689278,82.7833794653416,24.4667574465275,999.955039471388,68.8144724369049,13.983602553606,524.379539877176,12091.3027574718,81.8487370014191,13.6362856924534,202.062850087881,2.38598141074181,0.969849526882172,1.74725469946861,171.244823023677,491.010016947985
8.55515584349632,0.753805756568909,107.147371321917,0,60.4614866375923,213.161562472582,428.661582022905,213.949491232634,3640.97478538752,4870.33484792709,8.68227469921112,4683.32686501741,0,253.272029012442,357.024638533592,0.380843818187714,2.69870692491531,8.39413931965828,2.67153441905975,25951.1873381436,59.79973128438,2.15424230694771,88.9583702385426,7813.72662082314,0,12.6942117214203,37.2791880369186,7987.28932407498,140.631203621626,31.4960294365883,0,32.6810152828693,1.00439330935478,216.560691654682,126.029662281275,508.523982554674,11.5678239762783,162.027247339487,34.4278593361378,537.88068369031,106.627623945475,14.6619628667831,112.36758813262,1.17326685786247,14.5280187427998,13.6013068258762,226.033656567335,36.1609129011631,0,0.709325283765793,0.415248900651932,1.74145251512527,858.175339400768,1.223140001297,65.4815948605537,235.689005851746,50.8364001810551,578.539153635502,1288.96663787961,3.4702165722847,486.165061116219,0,70.3147797882557,68.5609632730484,9.07391318678856,0,2.68712005019188,1.37693399190903,894.692738503218,0.776334226131439,4.55581220984459,12.5504325926304,1353.85371109843,0,4.7214712202549,20.355636626482,1280.75792607665,18.6988653540611,2.26046726107597,0.521630823612213,5.39409628510475,0.83785954117775,72.8101286888123,15.8157641589642
0,3.24262875318527,9.92555224895477,60.4614866375923,0,649.240593522787,70.0923553705215,114.304395675659,422.754150807858,224.620893955231,4.65317365527153,483.449893832207,0,68.4437975883484,4331.6949364543,25.8699749708176,0,8.57507318258286,2.25394985079765,70.4738382399082,79.0468002557755,35.6663907170296,153.808872103691,551.572578132153,0.572845816612244,17.6905876100063,53.1898738741875,124.232314735651,28.6629298627377,63.5243924856186,0,199.063907831907,0,4562.0205335021,3141.79547473788,556.123249232769,47.4178643226624,57.3172150552273,62.5135409235954,12071.352668941,12592.5171090662,28.2414447069168,36.7595847845078,31.4407553076744,9.64587676525116,176.45960277319,47.7502319812775,3.45144355297089,4.13120114803314,0,0,11.4536793828011,18.780103623867,0,6.7945984005928,11.1046544909477,2.86346858739853,6.93627709150314,69.3424772918224,0,72.4141236543655,0,5.75722616910934,22.1504222154617,25.7845836877823,1.43602156639099,1.26257014274597,0.826217651367188,48.1983219385147,30.8276710510254,0.914015829563141,85.0067629814148,44.0485651195049,1.71383780241013,12.747149348259,56.7174598574638,68.5872949659824,2.32514998316765,24.2085636258125,0,0,0,26.9904602468014,1212.8150460422
36.6709941923618,0.684356451034546,334.374199002981,213.161562472582,649.240593522787,0,3614.72246265411,16339.0220672488,243.100247174501,29393.0193087161,162.351998090744,6006.88790655136,11.4067028164864,1962.26809111238,2232.31246250868,6.82110539078712,30.4505966603756,209.743673205376,87.910494685173,780.154037952423,294.823942810297,6.81547221541405,368.953689783812,439.687015026808,0,399.775665014982,264.565020263195,716.142520457506,729.872687548399,324.847435563803,21.4463324546814,723.442654132843,2.10839122533798,1600.21363717318,6762.5233027041,3877.58671095967,70.1353404521942,620.987957566977,268.168180316687,5238.58222386241,2337.01843562722,253.772108137608,62.4987650811672,1.57412913441658,33.1052638292313,20.4178756177425,272.920086413622,17.2995645999908,12.8400332927704,1.6259765625,0,5.50855669379234,161.424818247557,11.9894816279411,49.9608208835125,132.266290307045,30.9778845310211,69.6347294151783,429.975986927748,0,402.958275258541,0.962428569793701,23.6505818963051,145.879412025213,13.956482976675,0,0,2.03992342948914,283.141343653202,4.11103215813637,1.65602964162827,22.5797323584557,440.535076975822,2.47526481747627,0,33.3507735878229,474.761493086815,12.6109561622143,0.400326073169708,0.998848974704742,5.72103130817413,5.19372567534447,357.718637377024,518.443085432053
4885.21854309738,0,2607.8470915854,428.661582022905,70.0923553705215,3614.72246265411,0,11338.86937657,379.104333430529,28749.5364511609,88.4097382128239,115.175969570875,3.50505155324936,27195.7144944072,329.697232186794,56.5855490863323,149.420171737671,106.563657283783,66.1139439940453,143.733753830194,8875.04168713093,18.3081466853619,6057.71179383993,2782.88786745071,0,255.529415875673,952.765846192837,77088.177208513,8050.28245779872,30442.6354191005,13.2837100028992,214.134339034557,809.366758495569,4531.0616658926,1998.73873075843,5604.17418953776,148.43039098382,3031.95779874921,984.241906672716,844.894048959017,839.827751100063,194.322262376547,497.54071366787,16.480672121048,61.3725228309631,60.8538385927677,272.870037078857,71.0496904551983,5.58452999591827,2.09932562708855,0.907377153635025,43.8388047814369,57.1768918335438,3.27673196792603,26.2851682901382,465.456061184406,65.6019870042801,232.081367522478,208.949683099985,0.58786803483963,87.3508705198765,1.60297906398773,122.303810656071,32.0279163718224,186.543019413948,0,0,0,120.568374097347,14.0558710545301,26.5377053022385,259.406194299459,1556.70987692475,2.18562006950378,0,362.637837484479,2215.18172162771,60.4217817783356,19.9594922959805,1.36930298805237,4.78455710411072,3.62775182723999,290.409167975187,247.962082922459
1972.6466601491,0.451070576906204,3239.28923074901,213.949491232634,114.304395675659,16339.0220672488,11338.86937657,0,327.507896631956,17006.8513347507,145.741536259651,2474.40798616409,13.4490535855293,20843.3753677607,1088.04700237513,13.0809633135796,832.529910027981,221.574013605714,245.617233872414,518.363504111767,1840.27424576879,17.9744893312454,2899.05184078217,1107.77444455028,0,535.298287689686,791.026342630386,1304.80235856771,3125.6485029757,11204.5817507207,17.8589392900467,711.548461347818,15.4931519031525,2053.22510746121,456.563249856234,5111.62289138138,184.425639569759,1118.56190988421,510.166511893272,4026.40756550431,969.043277412653,308.102800071239,172.756919980049,5.96267551183701,75.7006197273731,22.1095260679722,259.973183691502,31.9166689515114,26.0764227509499,0.755191534757614,2.10356223583221,25.6523541212082,43.0756248533726,6.05059939622879,29.8234468698502,379.744676500559,34.0813440382481,174.237240642309,216.107961267233,1.50019109249115,220.703432500362,1.31445109844208,37.8078497350216,70.6388112604618,38.0367614626884,0,0,0,151.677813738585,15.0923882126808,6.09378996491432,35.7508387863636,1161.45485514402,1.42106592655182,0.49134549498558,101.097708642483,1113.4601008296,24.2095071673393,16.3851579725742,0,8.13176071643829,5.58056372404099,548.135693728924,40.7949780523777
10.4701511859894,2056.77909770608,17.891634196043,3640.97478538752,422.754150807858,243.100247174501,379.104333430529,327.507896631956,0,4294.8933236599,14.9606464505196,2561.98183313012,306.578968852758,222.347830712795,3268.83701992035,160.509419709444,26.0625985860825,17.0105901360512,10.4454272091389,2060.61197379231,177.36052107811,10027.1663179696,70.5940673649311,29853.5545570552,1493.30388063192,50.0895012021065,6698.71878045797,3959.75854769349,148.209671646357,162.082387447357,54.5004209578037,25.823422819376,19.1944824159145,235.129668086767,119.221203446388,515.282900214195,27.1915718615055,146.979562610388,52.4779997169971,992.121610760689,82.2824090719223,54.1579813361168,983.657380998135,25.2949387133121,122.57859647274,56.3390984535217,607.338832318783,94.700186342001,9.98659765720367,27.9351283311844,17.9753350317478,20.6721204221249,927.398047238588,14.893651008606,132.556515723467,605.376460134983,165.26254594326,3023.03674086928,1585.13064855337,13.8234820663929,692.57838255167,17.4496202170849,277.254086464643,225.487673521042,680.501731783152,8.49330118298531,25.5320503413677,20.1535429954529,709.065565019846,799.880184292793,150.056615620852,214.92059341073,7539.64340502024,11.053915977478,51.8234010338783,219.555949866772,4269.91842034459,240.832908689976,193.187267005444,9.36058768630028,20.472967416048,56.5849406719208,173.332052975893,105.442998766899
321.42810305953,1.50253415107727,1018.79417407513,4870.33484792709,224.620893955231,29393.0193087161,28749.5364511609,17006.8513347507,4294.8933236599,0,623.920814603567,10140.454596132,27.6627259850502,13070.8500978351,1226.008990556,23.0387538671494,152.841783583164,728.516239732504,283.460685878992,11077.4020297527,1147.43350693583,13.6271651089191,1339.3104197979,4001.11007931828,0,1472.55200099945,943.678167313337,16312.9632261097,4625.04665902257,1096.94834545255,77.4254396855831,1169.13968712091,29.016499787569,5783.53985992074,6481.72061258554,8374.31838166714,285.128243356943,3067.20569416881,878.344744712114,4200.10950943828,2311.60000947118,649.295180380344,416.69808742404,10.1800050139427,130.402624279261,72.4562672972679,1114.10301101208,120.143445909023,26.2008612453938,4.12696826457977,3.89443412423134,11.7401751428843,1587.21007418633,29.3210724592209,233.462637782097,1382.97667080164,111.108194977045,1301.28003683686,4329.25658005476,0.717222630977631,1941.19322243333,1.6654412150383,158.127024650574,417.284119665623,68.9615265578032,0,0,0,2351.71815550327,9.04276543855667,13.917828977108,91.0600648671389,5244.94636043906,0.817039608955383,0.519704163074493,135.013596743345,5998.69172565639,58.7474793791771,5.98287311196327,0,1.8071708381176,4.55753222107887,765.171436548233,529.291517287493
19.2756491601467,54.5680001378059,116.227124452591,8.68227469921112,4.65317365527153,162.351998090744,88.4097382128239,145.741536259651,14.9606464505196,623.920814603567,0,130.504157304764,6630.60154035687,256.393547862768,25.1936727762222,18.2848706841469,439.004510343075,21374.9155817032,2819.64763960242,29.4082541167736,105.216890513897,33.4126334488392,275.884282708168,77.0649091899395,1397.25653496385,11528.4670614898,2195.32002860308,72.4785344898701,1075.14175757766,76.745140850544,2527.61436778307,578.538526147604,3.71799665689468,9938.55039295554,181.505297124386,1819.80991122127,3352.75169032812,4227.05342182517,1383.95704498887,99.4950199127197,78.6463457345963,5470.36813861132,17.4404975175858,1331.18481132388,12.2667388021946,16.6319605112076,6.54226440191269,0.768946826457977,914.37194776535,0,113.745017319918,4.83546674251556,0.880742847919464,0,1.7814479470253,1.10152113437653,2.64961349964142,80.9785016477108,3.67431983351707,1259.68108099699,1.95156556367874,2467.52807447314,9.64451026916504,2.37626779079437,6.44000041484833,0,43.5253701508045,9.60663688182831,0.369383096694946,1.18237376213074,30.162233710289,8.94140881299973,39.014798283577,417.536154299974,582.775940954685,571.152351617813,11.377735376358,36.4787702858448,3.83772081136703,706.155950456858,19.5419411361217,0,499.291937947273,107.729376852512
6.34578865766525,0,24.9012090265751,4683.32686501741,483.449893832207,6006.88790655136,115.175969570875,2474.40798616409,2561.98183313012,10140.454596132,130.504157304764,0,7.52455100417137,1563.47072631121,4175.3087606132,0.888078570365906,18.049102216959,166.538070082664,84.5184407532215,15212.5949784219,8.12684619426727,3.21603858470917,27.4537791907787,708.796194344759,1.70730793476105,350.487448453903,162.616408199072,1099.6196115911,571.583635628223,29.1915443539619,24.4868640005589,284.670072078705,0.855113208293915,1297.38343411684,4581.55249479413,1841.0203679204,51.8182692527771,498.901820987463,164.281043767929,3877.74691182375,317.424205571413,185.542443662882,97.0368337035179,5.15712431073189,39.6396839022636,16.0115266740322,830.44301584363,22.1989452540874,4.6474980711937,0.868572235107422,1.27037310600281,0.889668941497803,791.464273095131,34.5218749642372,239.981485366821,225.036712050438,71.2433759272099,218.525278806686,1917.62731805444,4.61610409617424,2907.50080147386,0.564045548439026,60.2817652523518,432.488609343767,0,0,1.64612919092178,0.972960770130157,1270.47013196349,2.65992945432663,1.51104664802551,2.1920128762722,894.40991973877,0,3.45075041055679,6.92393326759338,1235.91030815244,21.6598820090294,2.19761803746223,0.384695321321487,8.96594658493996,1.10145446658134,266.723390668631,1074.85495808721
0,950.493979692459,7.69017398357391,0,0,11.4067028164864,3.50505155324936,13.4490535855293,306.578968852758,27.6627259850502,6630.60154035687,7.52455100417137,0,12.6453389525414,5.41646784543991,5.10255360603333,0,13.0425825715065,1.43407022953033,1.67354661226273,2.52734613418579,1073.40541288257,1.19770157337189,163.505291730165,5067.89332324266,74.9454624652863,2429.43358665705,7.39440733194351,40.8042689263821,1.91682541370392,2394.43432486057,39.8422901034355,0.57666426897049,1563.90315172076,22.25491553545,151.285461336374,1944.97460749745,749.547699302435,100.909586369991,22.7627825737,9.83945408463478,5797.75474321842,16.2317930161953,3654.73548409343,22.0946783423424,17.2733697295189,7.26201394200325,0,2193.05522501469,0,246.983414590359,0,1.53930592536926,0,0.400894671678543,4.19860255718231,11.7211380302906,230.279450923204,2.01626855134964,4276.63234883547,6.27163723111153,9061.90886446834,17.8182145357132,3.80302309989929,2.82853126525879,0.944875717163086,98.3671423196793,8.05733463168144,1.17042374610901,1.13210451602936,84.6815456748009,0.624674320220947,77.4497936069965,2205.84757137299,1076.92854091525,1214.6942307055,7.44018602371216,116.491363584995,0.778510212898254,1974.58822917938,65.5567645132542,0,747.313463658094,5.90911835432053
11180.9868158102,2.84805858135223,4477.85995364189,253.272029012442,68.4437975883484,1962.26809111238,27195.7144944072,20843.3753677607,222.347830712795,13070.8500978351,256.393547862768,1563.47072631121,12.6453389525414,0,373.740101128817,20.0935824811459,2502.4929355979,463.375608086586,764.226504445076,504.23120495677,2392.34045878053,28.8075761497021,4548.33744138479,1499.36792469025,0,1070.45321723819,1387.87305401266,2342.86537787318,23590.8772931695,23793.1700290442,29.545773178339,234.640319108963,150.567383527756,2932.51539674401,333.634606003761,2653.14912253618,217.874621808529,1595.19737803936,473.314839482307,906.206988066435,287.321786642075,232.627311736345,158.260331332684,12.4801798462868,55.1707982122898,14.7440046370029,125.241880238056,23.4750738739967,24.1595112681389,0,1.4376055598259,41.736001804471,42.6218055486679,0,12.3245710134506,222.477757424116,15.1922216415405,120.580943822861,75.7516611218452,0.756767749786377,117.495862275362,0,12.4267653226852,54.8391171097755,35.2212746441364,0,0,0,80.4842748045921,19.1562540829182,8.39429065585136,48.0448543131351,819.641169279814,0,1.66960856318474,154.985278382897,801.989749550819,13.5107337236404,19.0684277415276,1.00435900688171,3.75046491622925,2.83434808254242,334.446703076363,37.9727948606014
7.63813674449921,41.5560789704323,13.3912242650986,357.024638533592,4331.6949364543,2232.31246250868,329.697232186794,1088.04700237513,3268.83701992035,1226.008990556,25.1936727762222,4175.3087606132,5.41646784543991,373.740101128817,0,83.4387019276619,12.3138540387154,41.7869801223278,13.1740322113037,560.99737226963,302.807994663715,339.561946004629,347.317763060331,4172.1748906374,16.0081773996353,72.5468183755875,295.093465983868,912.458514690399,164.868876993656,321.645951658487,6.22806394100189,141.08336442709,3.36640572547913,380.823852419853,2178.65059292316,862.40851187706,88.3586911261082,124.723012387753,77.4254089593887,8004.02922210097,151.554631352425,75.195540368557,43.6540198624134,11.8508803248405,15.0200310349464,106.021479666233,313.880418300629,5.19101315736771,0.834844291210175,1.39925837516785,0,4.84917348623276,147.325612187386,10.21505433321,57.3791604340076,66.3121565580368,13.371179163456,52.1626368165016,353.175614237785,0,504.304316431284,0.748745322227478,20.0867370963097,136.536349713802,26.4781122207642,0,0,0.801029562950134,355.090670377016,33.4933499097824,6.26854741573334,33.7935520708561,238.167194008827,0,3.69736540317535,35.3282279670238,288.633866548538,2.89332175254822,15.9547417163849,0,0,2.77113747596741,77.41835719347,532.454613089561
4.5877158343792,159.881321400404,230.734549164772,0.380843818187714,25.8699749708176,6.82110539078712,56.5855490863323,13.0809633135796,160.509419709444,23.0387538671494,18.2848706841469,0.888078570365906,5.10255360603333,20.0935824811459,83.4387019276619,0,89.7584207355976,27.4784705042839,64.9528484046459,0,13134.8172662258,12121.3675782681,7022.42225509882,4817.14241236448,42.0495771765709,88.8670018315315,9326.65072664618,2948.98268389702,21.11876475811,250.594594329596,0.540314495563507,3.10360985994339,0,507.902883350849,922.166438549757,6427.20546844602,907.754663407803,2642.66394662857,2851.51437935233,38.485334277153,35.5634163022041,14.7635043263435,706.150253981352,135.575719058514,280.452956348658,335.785104870796,253.213851690292,4.14498722553253,1.15131685137749,5.18576231598854,12.953465372324,174.010960876942,2.35623982548714,0,4.17564249038696,84.2761507332325,25.3000686764717,44.1060620546341,19.1667602956295,0,1.57036447525024,0,32.8043708503246,7.01191708445549,14038.7231864035,16.4265291690826,2.14372909069061,3.47499388456345,1.35532882809639,3116.97900021076,1523.65927913785,9177.22067058086,1208.22478115559,1.40935626626015,11.0306268632412,3207.68478730321,1116.30456572771,55.7250000536442,217.61424472928,0,0,24.2378759682178,105.369051277637,385.193110316992
772.880477637053,47.9356243014336,30810.1439329982,2.69870692491531,0,30.4505966603756,149.420171737671,832.529910027981,26.0625985860825,152.841783583164,439.004510343075,18.049102216959,0,2502.4929355979,12.3138540387154,89.7584207355976,0,839.005775362253,7482.12794786692,3.53635877370834,4068.33747369051,81.6973064541817,12391.4064588547,171.491414755583,0.606448829174042,12929.2310437262,22855.6229700148,269.598674982786,2639.32118274271,2522.5868562758,0,49.4525285661221,208.314845144749,3911.85750237107,107.612354934216,1299.16999658942,1476.96673756838,2052.2674870193,557.407678693533,22.0688943862915,49.4653887450695,8.63653761148453,200.713609516621,39.8288657665253,91.3914748728275,81.0450088381767,6.8039382994175,2.18413579463959,0,0,88.6135201454163,755.9558147192,0,0,1.67733800411224,16.4585455358028,0,5.97026959061623,0.488103657960892,0,0,0,5.61477565765381,0,46.2967039942741,57.4185802042484,1.40090584754944,14.4045541584492,0.420644640922546,73.4870764911175,9.03084421157837,190.063834547997,51.3199070394039,1.17487800121307,400.645051419735,4591.4873021543,55.6181108355522,1.86382353305817,41.701817303896,0,0,0,49.9272967278957,53.8984608054161
65.5516869723797,2.15612277388573,663.868056923151,8.39413931965828,8.57507318258286,209.743673205376,106.563657283783,221.574013605714,17.0105901360512,728.516239732504,21374.9155817032,166.538070082664,13.0425825715065,463.375608086586,41.7869801223278,27.4784705042839,839.005775362253,0,4424.78929355741,41.7826065123081,274.959491103888,5.19232776761055,699.938000947237,74.7113881409168,0.845709323883057,13408.3070318103,1531.76558992267,70.4526346623898,1266.39088998735,162.626249462366,76.9841767549515,516.737994104624,16.5855407118797,5021.25714722276,220.142267614603,2977.09247216582,2488.45397081971,4506.73373112082,1829.00753960013,119.28510299325,71.8920587897301,20.4394371509552,8.02751332521439,18.1983900666237,0.762298494577408,29.9892454743385,0.697487711906433,1.6573486328125,0,0,1.22709906101227,23.4699980318546,0,2.58530569076538,0,1.58898448944092,0,10.332234621048,0,6.09805506467819,0.587892770767212,31.3848540782928,0,0,8.95069798827171,1.93110379576683,3.82483518123627,6.5684759914875,0,3.0114940404892,3.02029076218605,14.2477417290211,4.3580607175827,2.845333725214,141.960647433996,402.879422336817,0.624797999858856,0,0,54.1654546260834,0,0,19.0995034873486,128.197941422462
182.121293872595,9.86590147018433,2617.96103709936,2.67153441905975,2.25394985079765,87.910494685173,66.1139439940453,245.617233872414,10.4454272091389,283.460685878992,2819.64763960242,84.5184407532215,1.43407022953033,764.226504445076,13.1740322113037,64.9528484046459,7482.12794786692,4424.78929355741,0,8.45802938938141,742.27028387785,22.5450285375118,2119.22817450762,44.4326967298985,0.921073198318481,12680.9083690643,6481.12619763613,52.1127312481403,1253.72742682695,344.836896121502,7.07454115152359,135.084162592888,84.3572181463242,6078.71341955662,234.286051243544,3038.56162422895,1670.52524545789,4171.77612945437,1530.34478792548,53.7507194876671,81.4545674622059,13.1917810738087,55.5352324545383,15.0274596214294,29.0530174076557,55.248833656311,2.23539739847183,3.75117588043213,0,0,25.973754554987,156.139856904745,0,0,0,2.01642969250679,0.487507969141006,3.47057163715363,0,0,0.440116286277771,2.92963373661041,1.01209855079651,2.25384026765823,31.4249403476715,25.0287816822529,1.14094659686089,16.9880601167679,0,21.1818796396255,7.1284367442131,64.3764106631279,14.7393718957901,3.27245825529099,402.382271200418,3316.6471696496,4.81367751955986,0,10.4256670773029,6.08068227767944,0,0,13.0606372356415,127.615797698498
6.20694270730019,0,20.0858339071274,25951.1873381436,70.4738382399082,780.154037952423,143.733753830194,518.363504111767,2060.61197379231,11077.4020297527,29.4082541167736,15212.5949784219,1.67354661226273,504.23120495677,560.99737226963,0,3.53635877370834,41.7826065123081,8.45802938938141,0,12.1184224188328,1.32617503404617,25.3918998241425,1899.38169163465,1.05054676532745,87.2310307323933,33.3393707573414,3584.60406595469,202.032084941864,21.7224649190903,3.42949238419533,82.3185040056705,0,360.031118065119,158.568393915892,595.050900697708,15.0674300789833,180.856877088547,50.890292018652,824.866511106491,144.867511481047,65.353184491396,129.514379858971,5.27660354971886,24.831784337759,9.12275710701942,462.911158800125,18.3348076343536,3.46649032831192,1.97801327705383,0.853411197662354,0,832.730129420757,15.9898267686367,147.686147361994,338.908976048231,54.5674624741077,362.517960220575,2036.44610401988,0.509346187114716,1074.67753577232,0.443000882863998,80.2351126074791,213.668831974268,1.21860831975937,0,0,0,960.645554065704,0.503255367279053,5.21821102499962,2.11628484725952,1508.28445610404,0.34102475643158,0,2.60609740018845,1951.32348540425,19.6013679504395,1.68405109643936,0,2.7332509458065,0.580260634422302,94.2065187692642,6.98760610818863
408.40401494503,57.4108807146549,5762.65644833446,59.79973128438,79.0468002557755,294.823942810297,8875.04168713093,1840.27424576879,177.36052107811,1147.43350693583,105.216890513897,8.12684619426727,2.52734613418579,2392.34045878053,302.807994663715,13134.8172662258,4068.33747369051,274.959491103888,742.27028387785,12.1184224188328,0,1675.65807509422,44467.9919898212,3744.21324640512,14.857625067234,786.272101521492,4897.50786349177,26803.6826235056,691.594696730375,21111.2898304462,0,19.7920779883862,41.8991872668266,10580.9329837561,2916.43934646249,17260.3230949938,1367.92529767752,16333.3152530491,7639.20008292794,152.302713662386,125.218743473291,29.0638739466667,509.547106295824,134.495437294245,143.398487120867,185.964004576206,185.565874040127,19.2477670013905,0.809145390987396,3.26069554686546,2.36280837655067,179.013208568096,0.996934115886688,0.770163714885712,0.898531049489975,99.0115114152431,33.6116912066936,107.982512652874,21.4072905182838,0.663082540035248,11.2027735710144,1.97893679141998,58.1412516534328,13.9790246486664,2944.996871382,14.7893950939178,0,1.41591119766235,7.30816015601158,4380.86422654986,588.406939059496,2031.55549138784,2056.25807410479,0,8.97339993715286,622.818713575602,1754.97297367454,68.9141930937767,377.139319360256,0,0,34.7017063498497,136.885250478983,776.811438918114
10.8729679882526,3406.21376174688,264.132764041424,2.15424230694771,35.6663907170296,6.81547221541405,18.3081466853619,17.9744893312454,10027.1663179696,13.6271651089191,33.4126334488392,3.21603858470917,1073.40541288257,28.8075761497021,339.561946004629,12121.3675782681,81.6973064541817,5.19232776761055,22.5450285375118,1.32617503404617,1675.65807509422,0,3453.82339569926,19174.526309967,3224.75929874182,81.5995627343655,15097.9673494399,562.641602277756,41.4826221764088,277.006972432137,146.6246727705,3.68361383676529,3.98543536663055,324.358472049236,225.713407546282,1717.85888132453,287.010395377874,901.40947508812,768.561028182507,245.600030303001,27.3027240037918,195.34348616004,280.234807938337,67.2694456875324,150.171751648188,157.099043667316,13.0916149616241,2.88319358229637,12.8082389831543,1.38065230846405,40.3320328295231,842.297910064459,0.403374254703522,0,3.22990024089813,31.6162356734276,8.77644631266594,212.507425636053,6.85309395194054,22.7483124136925,2.01072001457214,51.7884627282619,17.9013675153255,4.8998464345932,3082.20486831665,13.2248865664005,0,8.61000344157219,1.68150502443314,693.09568682313,666.694608062506,1098.27445545793,716.132457613945,12.8522743880749,41.9468781650066,5448.4333524406,409.67710056901,14.4638093709946,78.6831403374672,28.9196327924728,0.605635225772858,11.5833639800549,46.7390319705009,112.751430213451
1049.49312207103,71.6668319106102,38647.7254286706,88.9583702385426,153.808872103691,368.953689783812,6057.71179383993,2899.05184078217,70.5940673649311,1339.3104197979,275.884282708168,27.4537791907787,1.19770157337189,4548.33744138479,347.317763060331,7022.42225509882,12391.4064588547,699.938000947237,2119.22817450762,25.3918998241425,44467.9919898212,3453.82339569926,0,2243.68672779202,5.01831924915314,4235.33281430602,55917.9671355486,7637.73240479827,1773.31361556053,6718.01262429357,5.11270156502724,49.8767030537128,120.949433773756,12597.3552640378,5059.51147025824,28272.6555752456,6765.63715881109,24590.8236751854,20463.9619075656,240.568080961704,246.124259024858,44.2994397878647,1373.39521276951,194.255622655153,658.651613265276,960.388321459293,383.358635932207,18.8310178816319,3.42511588335037,5.45508098602295,55.5743633508682,2496.68644365668,1.57952275872231,3.64560806751251,4.54563331604004,112.55982619524,31.0865095853806,33.3529167771339,20.0053599178791,0.838029205799103,7.03236040472984,0,48.3220274746418,15.6440481841564,11713.814499706,29.4567858576775,1.89314264059067,10.6700182855129,5.34311258792877,2424.65350872278,853.710115373135,12256.4084413648,836.907001823187,1.34720048308372,44.4974793195724,12705.2659300864,1028.13874062896,30.1377017199993,251.871040701866,0,0.332865655422211,13.2226956486702,188.337797656655,2059.80313676596
193.699084550142,3179.21430969238,227.63260859251,7813.72662082314,551.572578132153,439.687015026808,2782.88786745071,1107.77444455028,29853.5545570552,4001.11007931828,77.0649091899395,708.796194344759,163.505291730165,1499.36792469025,4172.1748906374,4817.14241236448,171.491414755583,74.7113881409168,44.4326967298985,1899.38169163465,3744.21324640512,19174.526309967,2243.68672779202,0,1059.72699525952,164.360594123602,18139.0620919466,17400.8310984969,2380.88881462812,4197.14914989471,29.1355230808258,157.948080897331,364.421789884567,2480.23978689313,1971.30353677273,8586.48615589738,502.133285850286,2297.02898079157,961.057609021664,2507.8816870749,516.068439155817,258.750797003508,3323.94093728065,75.4411967694759,404.004686012864,224.53769826889,1585.39704161882,327.324727714062,13.4156982600689,57.8394322097301,23.6788245141506,70.30443790555,603.284415900707,15.1510019600391,188.227336019278,3109.79493293166,521.201527684927,3536.05260512233,1595.12582916021,22.3578404486179,611.293129593134,13.3805648684502,858.545730948448,234.385653287172,1270.00555187464,6.68332156538963,5.6354598402977,11.6036876142025,697.365259110928,1468.72461235523,513.983802229166,756.909281611443,17744.3113657534,10.9897607266903,14.8709361851215,551.086904972792,13743.9969572723,719.42238882184,728.621971279383,0.444000363349915,51.6235767900944,109.323919773102,843.402278959751,452.914558202028
0,4237.37078768015,2.42382168769836,0,0.572845816612244,0,0,0,1493.30388063192,0,1397.25653496385,1.70730793476105,5067.89332324266,0,16.0081773996353,42.0495771765709,0.606448829174042,0.845709323883057,0.921073198318481,1.05054676532745,14.857625067234,3224.75929874182,5.01831924915314,1059.72699525952,0,68.9264561533928,10184.5347147584,28.0043849050999,2.6544391810894,6.30253273248672,401.847857296467,2.23595118522644,0,247.842835634947,0,15.9548364281654,72.9699698388577,100.983028292656,4.71363747119904,23.00578135252,0.975459635257721,3242.06091603637,28.8607409000397,212.843423634768,6.20636647939682,6.10739630460739,3.47987616062164,0,180.070981740952,0,332.875097453594,1.20251709222794,0,0,0,0.780437082052231,0,64.537822663784,0.612933903932571,666.254839986563,2.56444996595383,2103.35889178514,3.60972929000854,0,5.01295050978661,2.21223151683807,14.3961987495422,52.8408430814743,0,1.86820876598358,21.5329414010048,2.05914452672005,22.9623555839062,2051.79940724373,592.423523694277,2160.79687234759,2.82082694768906,18.8075229525566,0.735992908477783,457.197879910469,12.3474750518799,0,86.5298675894737,0
203.474268347025,54.4471281170845,20051.6596970558,12.6942117214203,17.6905876100063,399.775665014982,255.529415875673,535.298287689686,50.0895012021065,1472.55200099945,11528.4670614898,350.487448453903,74.9454624652863,1070.45321723819,72.5468183755875,88.8670018315315,12929.2310437262,13408.3070318103,12680.9083690643,87.2310307323933,786.272101521492,81.5995627343655,4235.33281430602,164.360594123602,68.9264561533928,0,43670.4496179223,177.700858235359,2369.54705190659,447.069986879826,394.681697666645,772.913493126631,36.0208320021629,11348.0678310096,896.188103288412,10983.6664797664,9409.12378188968,11747.9825229049,5889.77926874161,216.736574053764,279.78588026762,195.560814619064,342.855586141348,388.119260907173,129.761566400528,244.392621278763,8.96555453538895,7.75258004665375,13.7631577849388,0.688869118690491,133.621242970228,694.296055346727,0,5.76190519332886,0.48209410905838,9.91691523790359,6.42422536015511,24.319798797369,0.470023274421692,227.271300345659,2.82531863451004,1482.86744725704,11.4357953667641,3.1385286450386,53.8534029424191,178.716599434614,130.074630588293,674.617021679878,0,41.3538688123226,27.7371998429298,218.789122968912,51.3554574847221,379.461011320353,5817.4986089468,15169.5311332643,21.0207962691784,10.3189032673836,56.1371560096741,2143.05240184069,1.51570701599121,0,82.4677684009075,622.68831512332
287.941729426384,17666.5668843687,27729.7593974173,37.2791880369186,53.1898738741875,264.565020263195,952.765846192837,791.026342630386,6698.71878045797,943.678167313337,2195.32002860308,162.616408199072,2429.43358665705,1387.87305401266,295.093465983868,9326.65072664618,22855.6229700148,1531.76558992267,6481.12619763613,33.3393707573414,4897.50786349177,15097.9673494399,55917.9671355486,18139.0620919466,10184.5347147584,43670.4496179223,0,6666.92998841405,1677.53130447865,906.456238478422,2296.21213588119,305.202544182539,59.4523302018642,11653.3610756099,3682.31203192472,34985.335383594,15030.4083429873,22978.1167794466,17004.8437288105,357.12822240591,897.615487247705,250.376569092274,5824.64915803075,1909.97147381306,2347.14873108268,3154.99772676826,87.1752362549305,64.2472865581512,224.746340245008,29.6739886403084,5739.21268746257,12174.5077371597,0.433651477098465,8.05835857987404,1.75624886155128,222.9080273211,80.2307357192039,253.136224985123,19.041784286499,1465.38491821289,6.56589925289154,8240.41753047705,198.195172905922,22.1931517720222,3259.97996208072,1278.05551612377,465.280013114214,3984.60428601503,3.6987561583519,513.414307117462,975.087056189775,8367.40338534117,630.224208295345,4924.65008088946,25211.9040221572,151495.06304726,602.756026208401,72.6775108277798,695.094509065151,9656.59903934598,12.3436950743198,8.83625143766403,855.362734913826,2557.82185530663
311.599706232548,46.4203003048897,1129.04355025291,7987.28932407498,124.232314735651,716.142520457506,77088.177208513,1304.80235856771,3959.75854769349,16312.9632261097,72.4785344898701,1099.6196115911,7.39440733194351,2342.86537787318,912.458514690399,2948.98268389702,269.598674982786,70.4526346623898,52.1127312481403,3584.60406595469,26803.6826235056,562.641602277756,7637.73240479827,17400.8310984969,28.0043849050999,177.700858235359,6666.92998841405,0,3389.27615350485,28014.0388141572,6.51073229312897,176.478824496269,581.498927354813,4709.55855324864,2805.2145306766,9878.47551381588,435.244338333607,4426.69469544291,1579.36088865995,1101.42926383018,792.650227427483,434.570947855711,2809.72888752818,69.6959207057953,288.539156675339,233.905449807644,1372.38097071648,274.57240536809,28.0927168130875,51.0510730147362,6.09667164087296,62.9194443821907,381.613539874554,13.2180985808372,124.965906113386,3268.79123792052,422.970271855593,1795.69387423992,1328.44435358047,8.73207435011864,463.281489789486,5.27466297149658,723.029356062412,220.416825771332,478.904203057289,3.99031999707222,0.286388844251633,1.11217415332794,632.58588129282,833.28982809186,205.59731066227,434.539291590452,11474.0217655599,5.01027196645737,2.47454708814621,368.227800548077,12330.138559103,520.650967538357,732.851190000772,0,31.2710416018963,75.7708222866058,1111.68292947114,434.32163015008
12990.5999364853,6.3647540807724,1208.89223399758,140.631203621626,28.6629298627377,729.872687548399,8050.28245779872,3125.6485029757,148.209671646357,4625.04665902257,1075.14175757766,571.583635628223,40.8042689263821,23590.8772931695,164.868876993656,21.11876475811,2639.32118274271,1266.39088998735,1253.72742682695,202.032084941864,691.594696730375,41.4826221764088,1773.31361556053,2380.88881462812,2.6544391810894,2369.54705190659,1677.53130447865,3389.27615350485,0,15326.8493848443,82.9186186790466,1181.94726794958,7330.03864276409,9572.7774617672,306.016539216042,1533.18879342079,186.745510160923,1758.65666782856,326.177186518908,448.973241299391,284.689585536718,174.253003835678,187.054288506508,12.4374199509621,34.8309837579727,19.7334722280502,70.504522562027,21.6863545775414,5.43502002954483,0,7.06912243366241,28.4224266409874,7.02543184161186,0,8.88242191076279,128.85706615448,5.95897296071053,111.329700440168,27.315535902977,0,35.5866502821445,0.68806004524231,17.9121857881546,29.1747882664204,23.7781888544559,2.23671901226044,0,0,28.7992734611034,52.5718251168728,5.06950530409813,23.7728444933891,599.485563278198,2.98910817503929,8.87312188744545,186.959437131882,763.902922451496,15.7034212350845,36.797651797533,6.89167654514313,8.71139693260193,6.93305698037148,246.412249326706,36.4117383360863
9842.96873533726,15.8286149799824,1643.68803289533,31.4960294365883,63.5243924856186,324.847435563803,30442.6354191005,11204.5817507207,162.082387447357,1096.94834545255,76.745140850544,29.1915443539619,1.91682541370392,23793.1700290442,321.645951658487,250.594594329596,2522.5868562758,162.626249462366,344.836896121502,21.7224649190903,21111.2898304462,277.006972432137,6718.01262429357,4197.14914989471,6.30253273248672,447.069986879826,906.456238478422,28014.0388141572,15326.8493848443,0,6.19584658741951,79.1649351418018,3377.38816601038,17073.5179729462,1914.68516349792,8680.54106429219,346.013904899359,9470.08876484632,2393.2591163218,320.949956417084,401.375207424164,159.477590590715,811.004338443279,39.8929908573627,106.830708622932,104.078562885523,298.445854216814,43.3784846961498,4.24715358018875,11.1891856789589,1.50177359580994,50.100209236145,7.49647060036659,1.19182723760605,10.4249266982079,459.427443295717,66.5022445321083,255.57958444953,80.5621912479401,1.03769937157631,34.908629655838,2.10181686282158,113.802933335304,41.5608108341694,472.449436992407,1.69084200263023,0,0,33.1833604872227,1236.48958405852,158.941477745771,364.577546745539,2169.15731951594,0,3.29577723145485,171.125510185957,3589.98977586627,106.227463170886,349.900493621826,0,6.12952941656113,38.2572411596775,302.669403195381,375.30708193779
