0,3.04270699260772e-05,0.0448494780012719,0.000931707661974944,5.03146851875067e-05,0.00626533244911217,0.162992452763806,0.111265235046446,0.00129213684291705,0.0322299259248271,0.00210530832290246,0.00336905227529571,8.75886605859516e-05,0.966102550183971,0.000858932157213005,0.000189902019618702,0.084774384696521,0.0015907343132533,0.00737072278326071,0.00196322579139773,0.0346203703297501,0.000396640469972116,0.135152167790206,0.01006109496912,9.95555297187569e-05,0.0137606295857787,0.0179545605342023,0.0148839409640275,0.725691671226569,0.564108212605085,0.00022846216248883,6.66304874237539e-05,0.00406623308955846,0.030060040933396,0.000982521829522956,0.011230441491672,0.00289402879165458,0.0170425186310447,0.00397699505184762,0.00213186905428536,0.00171816919567058,0.000459510418383962,0.000267809421221155,2.82570879055202e-05,0.00015404121046747,0.000147108931716514,0.000200038578496241,0.000162371010745954,9.6683360595274e-05,0,9.17285791329503e-05,7.58100729205548e-05,0.000165632445042086,0,5.82334899861932e-05,0.000923744059070209,0.000206111569936752,0.00070634080353851,0.000292936105750322,0,4.76725213733554e-05,0.00024975110129478,0.000233385886605942,7.38542961045743e-05,0.000423051002998299,0,0,0,4.8580347832954e-05,6.50285007786334e-05,0,0.000167111878104847,0.00190750433317904,0,0.000240912403107244,0.000909880463382216,0.00171503892014271,9.10838943408071e-05,0,0,2.86915386634469e-05,0,3.18279155139864e-05,0.000301824902838421
3.04270699260772e-05,0,0.0158353034134535,0,0.000171604231628859,0.000243487300920832,0.000285005885066163,0.000110131090759975,0.232998498199752,0.00038461469022839,0.00930009661517596,0.000142874240077579,0.0671361490059824,0.0006457874046072,0.00364002841082735,0.000613826847282636,0.0164182401964047,0.000250433422711408,0.0105696826115554,0,0.000573236940699917,0.483023702613001,0.00127396063686114,0.089632312329025,0.344192502841409,0.0348449061376872,1.93292568695741,0.000242058053302217,0.00146672699930969,0.000181021448104871,0.00222208220609225,0.000102362513821488,7.23850830523071e-05,0.0155094984636645,0.00134644431075758,0.0213141556708602,0.0107356704143874,0.00621114430520481,0.005216389752527,0.000656591275490266,0.000125379975826675,0.0114143291747641,0.0115927019014115,0.00688621549965718,0.00436876476434285,0.00695214403403904,0.00060373523206172,0.000297885851949584,0.00219665913535802,3.38093957743764e-05,0.0705184889549854,0.0266501659178065,0.000164512752021575,0,0.000162443331678575,0.00050232293138693,6.09397550593972e-05,0.00368914456178944,0.000346701574727869,0.00553583441764743,0.000253269910308641,0.0138770688678705,0.000145990389332288,0.000155559125921559,0.00193487685321313,0.0128636166604411,0.000748147213941696,0.00345559451970699,5.72060602936864e-05,0.000727293744747683,0.00586114449745556,0.0017953766012963,0.00409419469406585,0.013401990126151,0.0474158923820183,0.484981596560409,0.000850107933439871,0.000365899524169439,0.000709529051466178,0.00544439721502617,0,0,0.00523685040432762,0.00150700836228071
0.0448494780012719,0.0158353034134535,0,0.00279190560427979,0.00162339091505324,0.0103514995983331,0.287177138779778,0.117406375017683,0.00299378365878358,0.0207144114128872,0.00203109368881815,0.00328125511154722,0.000171001896152723,0.204361271325424,0.00553502712926259,0.00255612936618526,2.34813476538069,0.00552528236302373,0.223640397326907,0.00111683915928898,0.205008522825211,0.00261951694947433,3.81614888582908,0.0219196017161568,0.000343467972061551,1.6744578015928,1.90048431537639,0.0729376535346635,0.149400138979662,0.139293994735342,3.42413111986756e-05,0.00323932024882967,0.0154125664574521,0.328718992177804,0.0974197317765531,0.846585899658655,0.551521557365594,0.434401839931044,0.299650851768677,0.00897699322366934,0.0155074344444279,0.0053402291719179,0.0307441360430737,0.0235344534544656,0.0136657855871108,0.0144161819940551,0.00408995826958834,0.00238245426657527,0.000427147356685317,0.000508359674834096,0.0205960921514072,0.113781651458084,0.000266639174946267,0.000102898724098849,0.000357636620114386,0.0100518278644572,0.00184927542410209,0.00279536915128154,0.000958977987804778,3.40423160289645e-05,0.000367186031914758,0,0.00341736296708962,0.000464661390217119,0.0153991444307318,0.029291763371076,0.000676640587603658,0.00478764648494953,0.000284734700746107,0.00821299896294582,0.0240306215202479,0.0315951930980309,0.0150329787909427,0,0.0999539131076665,0.721361392626068,0.035392004121094,0.00463636268287952,0.00628983523504452,0,0,0.000192398280784947,0.0117866465252509,0.0579853849517312
0.000931707661974944,0,0.00279190560427979,0,0.00415930700050406,0.0079801978001967,0.0136496825385072,0.0101720233406795,0.174293258563549,1.61276539691115,0.000528016873704171,0.0907516650227926,7.42531125418427e-05,0.0128579389902572,0.0569265662553967,0.000114095135042453,0.00103032226624707,0.000297922544462246,0.00040134071691978,1.26417482414716,0.00237804708767299,0,0.0035509400640131,0.142193409224698,0,0.00204946116209511,0.00163801934163058,0.882671365456268,0.0188487285221418,0.00218802599981808,0,0.00128682334616718,0.000729490531676442,0.00835167187983677,0.00345716493761299,0.040248877937947,0.00149226126084709,0.0138264593345934,0.00279376423592287,0.0302413928186724,0.00771680261314684,0.0047064606943761,0.00765041673329531,0.00123400424111375,0.00569449320037027,0.00064401903988899,0.0439560953747201,0.0026857562087596,0.0022213651197246,4.86967607546568e-05,8.01870127078774e-05,0,0.224319470636951,0.000615006593682754,0.0191283561778243,0.0170448701283979,0.00932151080024989,0.0857665634800483,0.238708857134417,0.000518438874984526,0.144597988323086,0.000111295056724334,0.0087722863151058,0.00504672105634999,0.000118715429486919,0,0.000105170259114378,0.000173775832407814,0.0848686697593528,0.000382663006530547,7.85155138628125e-05,0.000230054180886608,0.124756484950449,9.25781499592068e-05,0.00060748877874543,0.000380108676586425,0.171343950244552,0.00500959811327369,0.00012771387926268,0,0.00015224392052325,0,0.0042687902063262,0.000600239280388498
5.03146851875067e-05,0.000171604231628859,0.00162339091505324,0.00415930700050406,0,0.0610808859261833,0.00274097905595432,0.00790181435774358,0.00593381263506721,0.0115733017487869,0.000213712185447943,0.0723752669564531,0.000127748113150799,0.00258237041540383,0.283964346786851,0.0027267164196025,0.000926516638164552,4.35483576924205e-05,7.88431757389425e-05,0.00681648366193153,0.0199285691467232,0.000767192935186133,0.04250416306008,0.0127620610809625,0.000114852237983143,0.000222140417251682,0.00497030995397465,0.0159655711132333,0.00193197255085033,0.00398870736482987,0,0.012690653194953,0.000181742808545422,0.00763639388364468,0.0172258065336633,0.0241982104226532,0.00349200016202358,0.0015309234523709,0.000792369738284862,0.771414167629846,0.132098511669211,0.00213523586916314,0.000556603651359344,0.000506609126292765,0.000183181312393713,0.000647866728289854,0.00281371773248752,0.000529036719031691,0.00151823423738083,0,0,0,0.000913506539234484,4.75075535673022e-05,0.000894281216450713,0.000927737132824372,0.000271632297183144,0.000459571024462366,0.00231739829607636,0,0.00386970202220458,0,0.000197470759554434,9.38332050124886e-05,0.000510012016076731,0,0,0,0.000640649140912575,0.00037660458981632,0,0.000208491121179449,0.00211234872015937,0,0,0.000244860845941829,0.00147834417138977,0.000191013597211325,0.000135511772840202,0,0,0,0.000183428437597453,0.0648024769186793
0.00626533244911217,0.000243487300920832,0.0103514995983331,0.0079801978001967,0.0610808859261833,0,0.223923470098759,1.26728943893593,0.016221006782629,1.36119691100924,0.0154895261045324,0.62721112892163,0.000779949028697545,0.168959520593139,0.197881931935219,0.000323006539401769,0.00475129986929094,0.0101332941978591,0.00804473728448778,0.0539627419594423,0.0100110447709594,0.000224311689558399,0.0210130308977477,0.00945777673158202,5.98279532402158e-05,0.0214993696717462,0.0110697297417216,0.0461065149203264,0.0608532099826504,0.033151911890329,0.00119878582925039,0.00661206375549487,0.00057917197773394,0.0345492561844656,0.61599285340244,0.258677562937338,0.0111967033665058,0.0360840515122021,0.0139948881208443,0.434272980403553,0.151636779415651,0.0256525996663676,0.0153563226103598,0.00497997338497987,0.013480560390632,0.00504216241437453,0.0280222482125868,0.0120894210354309,0.00842776888407585,0.000202689054428244,0,0.000347721453492683,0.0250650572718777,0.000288471648763812,0.0142135453752042,0.0401790938692016,0.0202406724907443,0.0167383711600128,0.0836770129224196,0.000604460109318817,0.0530145073387209,0.000147678427836371,0.0162065111827508,0.00297606642088954,0.000386606038424242,5.83326886023045e-05,2.41397473994136e-05,0.000198125634853578,0.0136289405512175,0.00277434821828584,0.000577074190764427,0.00140760963773453,0.0878581981035552,0,0.000588602805155414,0.000918090023152307,0.0728202182460679,0.00783891187484495,0.0011967989675526,2.68155078262031e-05,0.000700659109077964,0.000168757822989875,0.00657444095241337,0.0465907567373871
0.162992452763806,0.000285005885066163,0.287177138779778,0.0136496825385072,0.00274097905595432,0.223923470098759,0,0.748474470363097,0.0333393090435955,2.24922080438743,0.0128682794320501,0.0400765918333546,0.000651285321800494,1.65005596656581,0.0194178399380663,0.00150750483135098,0.0482970720682095,0.0082453595109468,0.0111949042748815,0.0123819137056258,0.541457264593348,0.000395798636929017,0.495464148422332,0.175873117792351,0.000126689779531252,0.0452651319117317,0.0452347555602795,3.90259126739635,0.324445806940148,1.91242272441167,0.000816208465463682,0.00669561988828691,0.0143771657035572,0.111646567337195,0.0351097736297556,0.375292110160526,0.0273127847572234,0.133157245682648,0.0313255174076954,0.0510587897185517,0.0563980336389728,0.0182671958734348,0.0117621194992475,0.00163988620868243,0.00779014155401084,0.0021168704709653,0.00933290677086339,0.005472538908864,0.00190236711784192,0.000186191475261676,0.00045387825438999,0.00180254215040998,0.0162805761888793,4.69048601154327e-05,0.00809557857754864,0.0323138369433531,0.0148764932670952,0.0238289664983942,0.0659187009576445,0.000261693382215268,0.0265263255956087,0.000110534385827708,0.0123071945617855,0.000563607517389357,0.00382246957102141,0.000311839527706987,5.64135354574978e-05,0.0001989104671453,0.00927114987521886,0.00293101380786098,0.000855692915445436,0.00318420672486693,0.0800716491881023,9.50136122908832e-05,0.00129376821700959,0.0144526947222553,0.0798852347175618,0.00627321943537549,0.00137785404570741,0,0.000400234048708642,0.000165360804401314,0.00485125653638853,0.00524698865080504
0.111265235046446,0.000110131090759975,0.117406375017683,0.0101720233406795,0.00790181435774358,1.26728943893593,0.748474470363097,0,0.0370887964142732,0.744413085278908,0.0320428312512207,0.400547802786948,0.00131196525646641,1.23296726092962,0.0347967279893589,0.000407228760787761,0.078030827988656,0.0202208636242434,0.0210498793127745,0.0839509413920035,0.0754179425829128,0.000633204128798282,0.220546423209435,0.0239670313344951,0.000231402034264594,0.0576794524799441,0.0350762689323041,0.0863515145167251,0.181290989098968,0.45508809400144,0.00232833819773807,0.0199359247514478,0.00189465804355114,0.0939864133039016,0.0212379375508423,0.475255824753916,0.0257649395893497,0.0762534598817848,0.0318622784956294,0.296494045937356,0.0683716100057399,0.0650015315517001,0.0356995829055764,0.00499981784449644,0.0347266229265271,0.00937283912322965,0.0255095408327594,0.0445603171882476,0.0123032912061913,0.000515188634314209,0.000461730367522806,0.000708264513989767,0.0210537345225996,0.000481785102378487,0.0189191889073593,0.0908590527999578,0.040669611681414,0.0413518875387461,0.0949779087746956,0.000392852028522009,0.0427330220071987,8.69132862588287e-05,0.0323089152628447,0.00308416995086451,0.00114535228442048,0.000132207389323676,0,0.000151117626587569,0.0126030633738963,0.00611123767406699,0.00171880180173207,0.00385746353013311,0.187918900391986,0.00029073154563421,0.0013964589867109,0.00351810028091651,0.13868986223971,0.0134126278864594,0.00370160976461336,0,0.00218631192349665,0.000533869033455241,0.0160541299677159,0.00722915267434912
0.00129213684291705,0.232998498199752,0.00299378365878358,0.174293258563549,0.00593381263506721,0.016221006782629,0.0333393090435955,0.0370887964142732,0,0.122066122154569,0.00518938710993587,0.0478088575210375,0.0212909765021685,0.0182746288127191,0.0453169763177049,0.0356059736635576,0.00236096594512038,0.00145586393851596,0.0020327706654787,0.0578346007579033,0.0167986464334353,0.710762983120829,0.0172403784453134,1.26255733443453,0.137645648010165,0.0102700689897292,0.660384821037055,0.431502768327367,0.0206302491160489,0.00557050785079486,0.00116456386250961,0.00124724452827482,0.00209685898823256,0.0105298149052795,0.00519742051614169,0.0393895622726766,0.00612765459658029,0.0101848311597175,0.00310190436765995,0.0190982653454568,0.00558727938367617,0.00372359950582489,0.0177206511257885,0.00270234816173748,0.0071963159320794,0.0018252256820299,0.0278360328375277,0.00519220333649998,0.00093644148193245,0.00144053857449081,0.00343399053078535,0.00375104572755514,0.0660479587724768,0.000297259071844804,0.0101985940383429,0.0252689296937684,0.0104559849554585,0.246255965802297,0.11713097161727,0.00222010552703386,0.0495811178118207,0.00306913371715168,0.0104675244861425,0.00594909411166084,0.156918637703742,0.00092518212626678,0.00164627959430492,0.000891806880314685,0.0216291896894343,0.0351315684984191,0.0693328218525982,0.0433420839201385,0.243771362936003,0.00261637758687015,0.0106556021473442,0.0475382890293887,0.19936877746774,0.0146130740464987,0.0084187923298268,0.00236669097628055,0.000279630755516285,0.000852321128245369,0.00523548194964287,0.00329252807029075
0.0322299259248271,0.00038461469022839,0.0207144114128872,1.61276539691115,0.0115733017487869,1.36119691100924,2.24922080438743,0.744413085278908,0.122066122154569,0,0.0321881489982495,0.503255352321454,0.00228197614094757,0.561486055407556,0.0687479923654016,0.000607839058000445,0.00710540266824867,0.027272678503393,0.0202610078412037,0.685916204378751,0.019867379015175,0.00069750486097736,0.0389030479705878,0.0535994843060189,0.000268406253312117,0.0631623516136774,0.0312505337473249,0.408752298225173,0.399680444323526,0.0506852118646996,0.00344094283847528,0.0195554973840145,0.00511741873620679,0.154367748386341,0.106978190829415,0.511604232301341,0.0258685198953109,0.191984373113551,0.035023298196991,0.131575682251361,0.104190961326423,0.0509721838842752,0.0266078123709985,0.00678958462184482,0.0226294956884789,0.00401762025641116,0.0959065188274114,0.0155801342353554,0.0100563678189192,0.000266319569491035,0.000671145506679639,0.000379128605903291,0.174681390119494,0.00140260193683757,0.0477460063270137,0.0780506097355449,0.0401409122246955,0.095099719274174,0.494717935684666,0.000324423838105112,0.261758133479576,7.95250644376515e-05,0.0317819901089145,0.00596967722656644,0.000692616454510061,4.33327697574019e-05,0,9.63529450596574e-05,0.0922106580075241,0.00176766888222669,0.00102186849818539,0.00125258197399462,0.254312995918392,3.75008848077536e-05,0.000908403178173853,0.00235239036696441,0.291561361941369,0.0162207904217025,0.000967687917007115,0,0.000593703227667993,9.26877534743787e-05,0.0169148197120206,0.0157107407040935
0.00210530832290246,0.00930009661517596,0.00203109368881815,0.000528016873704171,0.000213712185447943,0.0154895261045324,0.0128682794320501,0.0320428312512207,0.00518938710993587,0.0321881489982495,0,0.022306732704358,0.466449908980915,0.0794213186426562,0.000947084739725247,6.50168390307069e-05,0.0103590395959645,1.21176486205697,0.333478215920594,0.0061606970588496,0.000791343947019749,0.00495460239971484,0.00209697887076521,0.00179211525944445,0.0507013944586582,1.60759473582456,0.0458266267605889,0.00272784190317553,0.121800993442494,0.00572857019087287,0.403328276318172,0.0299160997230426,7.10424557266476e-05,1.14609348933038,0.0046018007965441,0.0542602893945085,0.164331131654499,0.228626829115344,0.0306055786461321,0.0085722447154517,0.00208217693413672,0.221256599679683,0.000882503189351715,0.0366366826832465,0.00388196117655671,0.000801246844121538,0.000908000042424988,0.000135907052791929,0.0375877614959109,0,0.0172672917021508,0.000206375014506751,5.68667524048269e-05,0,0.000182247690045422,0.00122097356054592,0,0.00690714972188256,6.2764278695941e-05,0.0703960799063126,0.00059684632738148,0.181461960912375,0.000280597390308022,0,0.000254573089495254,0.000191011585073,0.00101134812048028,0.00135565911555922,2.36012201142847e-05,5.09356472031712e-05,0.00581059443732272,3.01227925196886e-05,0.00735405951836972,0.0470698998903435,0.0530669307783103,0.0772163421771632,0.00123024961656905,0.000149410648806918,0.000116652002287101,0.0683994892463257,0,0,0.00449748306057232,0.00271380529702889
0.00336905227529571,0.000142874240077579,0.00328125511154722,0.0907516650227926,0.0723752669564531,0.62721112892163,0.0400765918333546,0.400547802786948,0.0478088575210375,0.503255352321454,0.022306732704358,0,0.00121390126607766,0.201431727566548,0.40092395801494,0.000537965998848045,0.00152010286677475,0.0191804199285108,0.0118063813950206,0.788513562192816,0.00298733900395524,0.000618585111868787,0.00822107015919432,0.0199322056943491,3.27719388275385e-05,0.0393337939117692,0.0177529902267159,0.0196395322601773,0.102712109659524,0.0089677880035696,0.00209938815366277,0.011092401426705,0.000138332893050599,0.0662009558149353,0.399891691433002,0.206521245186311,0.0172883902922778,0.0606172555316478,0.0207060524720072,0.350269218891576,0.0302994289774859,0.0312791082908643,0.0123516288563115,0.00590957394671554,0.00984636919111854,0.00267778269464761,0.0760087813261342,0.00759041731951334,0.00835111900008499,0.000115687778914315,0.000201570303552657,0.000170611232514435,0.0643460276511025,0.000774536994209845,0.027074040469549,0.0213012679170211,0.0149515543544698,0.0150315069973181,0.144972535352964,0.00104805735768909,0.14945273925533,0.000151177998604917,0.0120571593910112,0.0132540442668391,0.000190219005163622,0.000255905366995042,0.000736929847649398,0.000555481464310098,0.0600991888806174,0.00118979965096144,0.000251834819031215,0.00126529332644007,0.073876248942815,0,0.00183908300330806,0.000950542380127413,0.0781591614649062,0.00687241814324813,0.000577510830681646,0,0.000552808510649085,0,0.00569169427072154,0.203991157352946
8.75886605859516e-05,0.0671361490059824,0.000171001896152723,7.42531125418427e-05,0.000127748113150799,0.000779949028697545,0.000651285321800494,0.00131196525646641,0.0212909765021685,0.00228197614094757,0.466449908980915,0.00121390126607766,0,0.0026464801989996,0.000428848270514399,6.70984462838351e-05,7.0398012863159e-05,0.0015470850044372,0.000423920984342051,0.000313806244418728,0.000229057059150553,0.0301469695319685,3.46698435556054e-05,0.00414876750846832,0.379088590897869,0.162356566751622,0.345401437739019,0.000380928981913036,0.00290670044616473,0.000374662530158382,0.769703770411888,0.00106516387914766,0,0.0931555881463842,8.83162718335391e-05,0.0048709448496439,0.0464914721185893,0.101519044567692,0.000747768015361367,0.00067649422470124,0.000492296450047374,0.134642365850811,0.00190105355735904,0.0827326137441823,0.00413785124107261,0.00169618031792799,0.000652684239826763,0.000663468656105554,0.0452499535478844,0,0.0280306236960762,0.000394886713417482,0,8.25548845005514e-05,0.000148338981574756,3.57036302677274e-05,6.68894651646852e-05,0.0078653320456793,3.24299362861812e-05,0.147232747631454,0.000145735764340245,0.330571744964411,0.0004444636007842,0.000105276638881051,0.000102424553769726,9.725704621135e-05,0.00297072317478272,0.0033989507625812,0,0,0.00702365851224041,0.00023638315054611,0.0058015748394421,0.187671558935499,0.123891106409503,0.191216595265686,4.21700527743101e-05,0.000501914431902766,4.45024810355902e-05,0.136397096457415,0.000459890256206668,0,0.0056087932531904,0.000157120810793191
0.966102550183971,0.0006457874046072,0.204361271325424,0.0128579389902572,0.00258237041540383,0.168959520593139,1.65005596656581,1.23296726092962,0.0182746288127191,0.561486055407556,0.0794213186426562,0.201431727566548,0.0026464801989996,0,0.0103829070713484,0.000563019142966819,0.243069525823198,0.0609332999406629,0.0599334482265921,0.0579396023022678,0.14803600145964,0.00111477799402374,0.513332749473997,0.0332274158821962,0.000606759163227117,0.14365665441041,0.0967113947862456,0.111780408496295,1.51054842028958,1.38694946353478,0.00467466279178362,0.0120009887538902,0.00839112360650935,0.159204403871461,0.0109359609448591,0.279383262860289,0.0275635458831159,0.0988197262260169,0.0305448655900237,0.0631871923188675,0.0285729664616244,0.0356994125701012,0.0179200558571096,0.00317659543794177,0.0155930241862214,0.00322457781484888,0.0123212581518283,0.015459693227118,0.00584087495159022,0.000442849450831747,0.000719564244204208,0.00145838519504274,0.00896240206984008,7.90009466592374e-05,0.00904052092102073,0.0487915563872627,0.0152122075595161,0.0149720400075317,0.035812908752735,9.22865039822641e-05,0.0187658283661127,0.000328062171675897,0.0123559778149847,0.00091493605631835,0.000937937903107346,0.000358284392938954,2.79772334918797e-05,0.000125424956854391,0.00511168329621377,0.00413686155225027,0.000780464340666302,0.00249727795894404,0.0888671552470724,0.000242131890714455,0.00496048552043304,0.00858844762945043,0.0724763854239587,0.00529940159698488,0.00235797401541202,3.75103691977859e-05,0.00114299987639272,0.000473605944976026,0.00693119254046804,0.0017413131116201
0.000858932157213005,0.00364002841082735,0.00553502712926259,0.0569265662553967,0.283964346786851,0.197881931935219,0.0194178399380663,0.0347967279893589,0.0453169763177049,0.0687479923654016,0.000947084739725247,0.40092395801494,0.000428848270514399,0.0103829070713484,0,0.00445144434241256,0.00336687317276155,0.000607984815097779,0.000564488729730016,0.054459819853988,0.0398801813153124,0.0104052094374883,0.0514513547449467,0.126917747549546,0.00243304351915021,0.0023455828093192,0.0229681152627785,0.13157742695821,0.0080728039686412,0.0204882317144917,4.26002097903371e-05,0.00628796908197724,0.000733683680428222,0.00565738618721411,0.24783389876171,0.0360132500154489,0.00959645198711661,0.00580967377880992,0.00407717939741228,0.54797803434635,0.00823064228671855,0.00674691050186696,0.00488104666323942,0.00492414202427727,0.00155501935757748,0.00370249076059506,0.0108135998098616,0.00121838205423183,0.00236421965933545,8.29965164090394e-05,3.56188372245312e-05,0.000770060301140717,0.00393123258867516,0.00025447696317637,0.00381222150270295,0.0114059566278559,0.00165302819413362,0.00259426307931417,0.0114877789504225,0.000217395590523827,0.0106077282960913,0,0.00300830515879615,0.000707514509589848,0.0030857125823794,0.000285107742930579,0.000290777439303357,0.000168600262527841,0.00188851617128547,0.00498069321320561,0.000542589920255435,0.00719491586538375,0.00956849496155157,0,0.000263795803200317,0.00349991750148203,0.0146503117837382,0.00173814604916838,0.00456878222227083,0,0.000189608377238631,5.50881893120169e-05,0.00123263573725651,0.180901727219894
0.000189902019618702,0.000613826847282636,0.00255612936618526,0.000114095135042453,0.0027267164196025,0.000323006539401769,0.00150750483135098,0.000407228760787761,0.0356059736635576,0.000607839058000445,6.50168390307069e-05,0.000537965998848045,6.70984462838351e-05,0.000563019142966819,0.00445144434241256,0,0.00121280770135188,0,0.000305139526034439,0.000241303351945978,1.05501990871301,0.593375656853416,0.896721335497919,0.201586733069229,0.000393841581628275,0.00124440345976834,0.316283651807563,0.208141534338013,0.00110920064555565,0.0074419498993925,3.87792004161e-05,0,0.000297614343091089,0.00406645399402319,0.0480662413337117,0.366359542563256,0.159339786283279,0.0275259156766241,0.0352605151536628,0.0024500190037883,0.00685967562527799,0.00145167397810848,0.00876333332234747,0.00127682177954528,0.00430441860661674,0.00313570408825504,0.00114335920141915,0.000536665773944682,7.73217828063009e-05,0.000496786295774352,0.000458766979495025,0.00114420984813951,0.000215188677995753,3.03454062201977e-05,0.000141611773746478,0.00661560481801123,0.000481232643543255,0.00398443002687309,0.000349589296126753,5.38868974933148e-05,8.07204948954462e-05,0,0.00199221793133215,0.000261343197371435,1.03026460862399,0.000337496130401588,6.19401910213351e-05,0.000109796501463336,0,0.0552699106990584,0.221646097135311,0.503403445273388,0.0607837229078821,0,0.000282202742318416,0.169317913501898,0.0522928951310819,0.00400608025170439,0.00474927012328044,2.43721129883051e-05,6.05627240024686e-05,0.000557177596606171,0.00123996486357821,0.0142578642382914
0.084774384696521,0.0164182401964047,2.34813476538069,0.00103032226624707,0.000926516638164552,0.00475129986929094,0.0482970720682095,0.078030827988656,0.00236096594512038,0.00710540266824867,0.0103590395959645,0.00152010286677475,7.0398012863159e-05,0.243069525823198,0.00336687317276155,0.00121280770135188,0,0.0103235021765834,0.5085314963924,0.000354646405542505,0.126639052005633,0.00152535762403397,1.59328261355645,0.0063974547739605,0.000608753438169622,1.19063900194832,2.48074508127738,0.0164322398917128,0.411778322871996,0.211131594370591,0,0.00159850025061248,0.0687182759953197,0.352731179245942,0.0226483952513784,0.138799276900064,0.0705636564605219,0.125112329955125,0.0906800538223016,0.00365016686579613,0.00943780575518036,0.00152356909269381,0.0109097626816083,0.0101174634429069,0.00354473972172203,0.00589563247360346,0.000695557203523064,0.000340351126524371,0.000185233563669813,0.000137951212242937,0.0143931297946355,0.0457923335920814,2.46695613191664e-05,0,0.000164931123374999,0.000912884688180181,6.50801948347986e-05,0.000704941167593873,0.000141157024584335,5.83443936220228e-05,0.000154276219569468,0.000266107724566019,0.000199311114766127,0.000114661381844115,0.0039734679464511,0.0125549218689081,0.000412930763487017,0.00282779793889834,3.19497354427815e-05,0.00132823830813912,0.000939468884675702,0.0039351281986187,0.00296634291093501,0.000328187673640805,0.0909150271286939,0.172959906050831,0.00465418001039521,9.93955027645824e-05,0.000901055051601705,0.000128677050344163,0,3.25911945195258e-05,0.00545280814401383,0.00971511066761532
0.0015907343132533,0.000250433422711408,0.00552528236302373,0.000297922544462246,4.35483576924205e-05,0.0101332941978591,0.0082453595109468,0.0202208636242434,0.00145586393851596,0.027272678503393,1.21176486205697,0.0191804199285108,0.0015470850044372,0.0609332999406629,0.000607984815097779,0,0.0103235021765834,0,0.390191479125336,0.00369126056618335,0.00078728623307603,0.000281802855887747,0.00489553347304316,0.00171134161892091,0.00254099638461326,0.143021349876698,0.0360356542138836,0.00268644232235872,0.08982389278081,0.00357512570311476,0.00178254847205272,0.019262661521304,0.000105696977134109,0.465764306815037,0.0099520589871021,0.1141553348184,0.290284169005897,0.226843917490678,0.0794806444365851,0.00511410536592584,0.00235063481266351,0.0120461614009026,0.00137705198534179,0.00346151015327613,0.000862464195593797,0.000265845542745585,0.000140769840391499,0.000160611347591722,0.000293926180084991,0,0.000935872807976639,0.000970834883645275,0,0,0,3.24588831480861e-05,0,0.00119001385419912,0,0.00453981758352708,0.000116801984284848,0.00676265416250335,7.94529854336856e-05,0,9.07546432097732e-05,0.000161692857189649,0.00142879192337476,0.00164935644883876,0,0,0.000158079467840016,2.15700382670581e-05,0.00159854785155051,0.00296880051858966,0.0348849798609646,0.0410321871924085,4.76866142092288e-05,0.000108350289335382,7.14282355531454e-05,0.00657253199961006,0,0,0.000555048388415015,0.00686690230563227
0.00737072278326071,0.0105696826115554,0.223640397326907,0.00040134071691978,7.88431757389425e-05,0.00804473728448778,0.0111949042748815,0.0210498793127745,0.0020327706654787,0.0202610078412037,0.333478215920594,0.0118063813950206,0.000423920984342051,0.0599334482265921,0.000564488729730016,0.000305139526034439,0.5085314963924,0.390191479125336,0,0.003630207891416,0.009000376692259,0.00142301336500797,0.0782898836719191,0.00143162036438559,0.00112055888906729,0.961160854089892,0.809814851954224,0.00258911686541122,0.0908196653358305,0.0106438642764681,0.000485193552587718,0.0120941547157386,0.00326601947748334,1.15936453671876,0.0217615381015278,0.296813872399331,0.195067634219102,0.198452588313434,0.1457524303942,0.00347009120137998,0.00352178061369517,0.00289208728272854,0.00590823343970769,0.00954275524161227,0.0029979465448176,0.00269087549580656,0.000279326428937405,0.000135243747360957,0.000239266745389563,9.73913913570109e-05,0.0121840912309796,0.0243538872262129,0,0,0,0.000203734548126983,0,0.00140266643934415,2.69364072459697e-05,0.00071763775649067,0.000251954552079499,0.000888532580528053,9.9033131010622e-05,0,0.000220119602932423,0.00653103773421179,0.000222809475864082,0.00338154295537058,0,0.000118935629801578,0.000253731826853049,0.000904431622301671,0.00166465491944522,0.000765026294928059,0.121923078949945,0.148276799132508,0.000692881083153642,4.42329685802221e-05,0.000140078109327024,0.000588739608925617,0,0,0.00212613719798346,0.0185011837690115
0.00196322579139773,0,0.00111683915928898,1.26417482414716,0.00681648366193153,0.0539627419594423,0.0123819137056258,0.0839509413920035,0.0578346007579033,0.685916204378751,0.0061606970588496,0.788513562192816,0.000313806244418728,0.0579396023022678,0.054459819853988,0.000241303351945978,0.000354646405542505,0.00369126056618335,0.003630207891416,0,0.000983878842752532,0.000169082227680212,0.00234973840799008,0.0466531151483106,2.24750795967758e-05,0.0108615550140502,0.00552440285795195,0.280291575224739,0.0436672784819643,0.00414354039204966,0.000471499818352067,0.00325985821158729,0.000247224243037838,0.0174970773087932,0.00506352801309369,0.0904076233926519,0.00538047653309496,0.0215616196966654,0.00527229668544731,0.0539018641715558,0.0152273422562245,0.0137143798133876,0.0134604571185941,0.00397031020513675,0.00921136185790884,0.00155075388395929,0.0523529574069761,0.00493355082635665,0.0065808491802605,5.51702247619271e-05,0.000196216925945824,0.000116877532899767,0.14070086762558,0.000891793174958039,0.0234603184247432,0.0247213605277529,0.0182069154506691,0.0265329102897572,0.222355284489106,0.000546141432909501,0.121634492796152,0.000141280386562443,0.015045141620319,0.00482601963860531,0.000162236946866942,3.3838140045619e-05,0.000323251365299839,0.000713029113959633,0.0440339199364107,0.000924178230528385,7.2582252939159e-05,0.000447520333934784,0.0952432941435695,0,0.000682072710037312,0.00051718239589591,0.121782480225888,0.0074187825812712,0.000377432701767576,0,0.000652643196532112,3.99757598742842e-05,0.00668387426979321,0.00127511194582636
0.0346203703297501,0.000573236940699917,0.205008522825211,0.00237804708767299,0.0199285691467232,0.0100110447709594,0.541457264593348,0.0754179425829128,0.0167986464334353,0.019867379015175,0.000791343947019749,0.00298733900395524,0.000229057059150553,0.14803600145964,0.0398801813153124,1.05501990871301,0.126639052005633,0.00078728623307603,0.009000376692259,0.000983878842752532,0,0.0809611093663651,2.6830149363209,0.1429907415255,0.000264585253772378,0.0214004212551028,0.111398836369672,1.10327590532185,0.208472383439283,2.85671294697575,3.08255657587051e-05,0.00230626273313982,0.0633567083501957,0.932345692353228,0.286851151712785,1.2534835394075,0.125290513017575,1.12623758600033,0.397085687450125,0.0242047337633014,0.107935847115739,0.0164669568051436,0.0155953133977639,0.00127282514963658,0.00550096852533776,0.00330123705144746,0.00590362615433739,0.00392294220506533,0.000182432364218902,0.00081644706022371,0.000109876701795888,0.000928702811702889,0.000134837818614614,0.000244775506100536,0.00069175496623893,0.0125070744114814,0.00205389202443588,0.0057626153884098,0.00144707034723771,0,0.001141494985748,0,0.00323584457982546,0.00108112715199571,0.3984171731784,0.000303484460635811,0,5.98562529921413e-05,0.00013993573529706,0.121106039325803,0.0787092808441446,0.101188339431673,0.0521361553559532,0,0.00108785003067789,0.0094206446443893,0.127196007433058,0.00554648872548237,0.0101460300106684,0,4.45566966570854e-05,0.000656467876141065,0.0034657194011014,0.0616914796684252
0.000396640469972116,0.483023702613001,0.00261951694947433,0,0.000767192935186133,0.000224311689558399,0.000395798636929017,0.000633204128798282,0.710762983120829,0.00069750486097736,0.00495460239971484,0.000618585111868787,0.0301469695319685,0.00111477799402374,0.0104052094374883,0.593375656853416,0.00152535762403397,0.000281802855887747,0.00142301336500797,0.000169082227680212,0.0809611093663651,0,0.150808554387335,0.699946486343175,0.22005217254429,0.00719065600136327,1.60726824174395,0.0440567158704439,0.0041056972391691,0.00123706746503312,0.00165608590680022,0.000229958259125286,0.000826881612263308,0.00568884146375805,0.00321448299554846,0.020614801932095,0.0106802130694846,0.00593779575434234,0.00355655089304675,0.0034413494536696,0.00203888128174229,0.00560901622093284,0.00458990480267268,0.0028355950948885,0.00219239748342581,0.00132819707798902,0.000582271199850404,0.000400018043790901,0.000427557317575908,0.000168294722371888,0.00869300885579543,0.00354555924028879,0.000359389365682608,0,0,0.00408254393914143,0.00169619695593199,0.00733383873391316,0.00118814501238003,0.00288274678517273,0.000681994618221171,0.00485204569782634,0.00183198762530571,7.56385651732206e-05,0.285278125273016,0.00115949587417198,0.000140044398634208,0.000344957638903105,0.000112857105472398,0.0176282346038398,0.160608994809984,0.112078323961885,0.0271594857740347,0.0047629085423977,0.00971571420683403,0.396267956028043,0.0191393679519655,0.00125159020222557,0.00141439924938748,0.00308534136744468,3.34743422894239e-05,0.000101803731403935,0.00177975632034012,0.000940747520888687
0.135152167790206,0.00127396063686114,3.81614888582908,0.0035509400640131,0.04250416306008,0.0210130308977477,0.495464148422332,0.220546423209435,0.0172403784453134,0.0389030479705878,0.00209697887076521,0.00822107015919432,3.46698435556054e-05,0.513332749473997,0.0514513547449467,0.896721335497919,1.59328261355645,0.00489553347304316,0.0782898836719191,0.00234973840799008,2.6830149363209,0.150808554387335,0,0.176577584382467,0.000241851983194524,0.300779077174228,1.76654204910088,0.683953711674448,0.5741093800152,1.25531406240263,0.000210354013127142,0.00626751183291298,0.0982913115606304,1.43147582160096,0.67597551401646,4.04244037399195,1.67895906686565,2.37212029183631,1.25366721383737,0.0432561745748569,0.158705207690918,0.0310988030400885,0.0270382714064312,0.0063046582115984,0.0112128086042687,0.0116338851626066,0.007938962599083,0.00414614466747617,0.000604507981688994,0.000695659907154323,0.00102359438770602,0.00776681741694864,0.000250905309470057,0.000400087445844466,0.00085818540999888,0.0239083624752089,0.00344795324444658,0.00576799873369945,0.0020810470702782,4.34113985371471e-05,0.000875165796150863,0,0.00697958220721601,0.00158455661784461,1.03287582974154,0.00203594143356933,7.99975609351871e-05,0.000326900241452658,3.48103667330146e-05,0.0545694588854667,0.181743961455444,0.598656069076896,0.0635748632347864,0,0.00646168331698923,0.520190640275541,0.0782383436574325,0.00480152902188098,0.00729899779565916,0,3.96059748756051e-05,0.000167786253246957,0.0046408793728527,0.216522751326047
0.01006109496912,0.089632312329025,0.0219196017161568,0.142193409224698,0.0127620610809625,0.00945777673158202,0.175873117792351,0.0239670313344951,1.26255733443453,0.0535994843060189,0.00179211525944445,0.0199322056943491,0.00414876750846832,0.0332274158821962,0.126917747549546,0.201586733069229,0.0063974547739605,0.00171134161892091,0.00143162036438559,0.0466531151483106,0.1429907415255,0.699946486343175,0.176577584382467,0,0.0330618517377439,0.00642944818637654,0.422211468320693,1.41514154211876,0.155997404989992,0.0589351474600877,0.000587116670865602,0.00295280538983515,0.0464291922223654,0.0756554017731089,0.0706439973123181,0.28263143909832,0.0274218752223612,0.080187362996967,0.0213671042549495,0.0574784408073577,0.0315914703077568,0.0120005999784755,0.125529316310271,0.00810989285485036,0.0606646905813607,0.0103573374311873,0.0638709164103004,0.0374968621203585,0.00627285541339273,0.00707134916056081,0.0102860065374969,0.00544145142091561,0.0753244163892967,0.00100361843111445,0.0306696876154313,0.229402367025439,0.0815214795479128,0.259128674509399,0.226015359415115,0.00529237449990329,0.092781554481244,0.0019674635081283,0.0882141066410559,0.00665164110608016,0.15765520646599,0.00338688036961999,0.00299415513531595,0.0037046248703001,0.0374276288543189,0.110967633029915,0.0847524953891383,0.0564137402215842,0.817214502726989,0.00167101426786955,0.00830188770288457,0.046218076885331,0.712056777291082,0.0844717019048375,0.0542595121485487,0.000544351379189032,0.00343570590722744,0.00527819929617398,0.0404248709176452,0.0216239683616012
9.95555297187569e-05,0.344192502841409,0.000343467972061551,0,0.000114852237983143,5.98279532402158e-05,0.000126689779531252,0.000231402034264594,0.137645648010165,0.000268406253312117,0.0507013944586582,3.27719388275385e-05,0.379088590897869,0.000606759163227117,0.00243304351915021,0.000393841581628275,0.000608753438169622,0.00254099638461326,0.00112055888906729,2.24750795967758e-05,0.000264585253772378,0.22005217254429,0.000241851983194524,0.0330618517377439,0,0.130057120560595,0.678423571720379,0.00016525813420735,0.00109443738407464,0,0.186767273432204,0.000261433285308445,0.00010745599907906,0.0142333136842346,0.000279280991588974,0.00592795609503066,0.0148756062740365,0.00582369177218533,0.00128351734979296,0.000588124760034013,6.60641226081136e-05,0.0230791774189173,0.00485685657697768,0.0183076427156057,0.00533660142026714,0.0043618448003505,0.000908083167537299,0.000134035886097479,0.00976728611459819,0.000124169295996022,0.0235324066987071,0.000722943230256931,0,0,0.000181361383434713,0.000307562964708656,8.83836538811806e-05,0.00393223319575737,0.00026772998797946,0.03203277439505,7.07099021711292e-05,0.106103464660902,0.00046211659776932,0,0.000441719097215224,0.00102836527388711,0.00355329564071617,0.00675542360342298,3.09429050901354e-05,9.19100216903329e-05,0.00436833089972102,0.000409449250824004,0.00325425748258325,0.143116867715512,0.112667503493484,0.274654820785991,0.000339716286064893,0.000690669819843579,0.000130311842908269,0.0566546496566399,0.00020791777387011,4.59520309922218e-05,0.00474537806162384,0.000379188737958884
