0,0,351.428817182779,13.6587965786457,2.21890825033188,42.8534891307354,13411.5303231776,1609.58611306548,5.40539053082466,230.365889698267,41.2988667190075,45.5705759227276,13.515865445137,17328.5964006186,8.78344967961311,0,980.468517571688,32.2605127990246,112.661984443665,18.6004922091961,52.5061800777912,0,803.323047757149,7.55046138167381,0.36880087852478,324.953011572361,67.2502128779888,126.512779533863,5715.25630569458,4696.56049618125,2.49398696422577,21.2148037850857,22.0263770520687,361.110524564981,11.9787912368774,96.0233606100082,4.04940864443779,223.684163570404,79.7544818818569,19.0203289091587,6.55019474029541,2.80773040652275,6.65362566709518,0,1.99651882052422,1.10579073429108,9.64588588476181,0.64464658498764,0,0,0,0,0,0,0,1.31320041418076,0,4.92977818846703,0,3.08871722221375,0.481608301401138,1.5610077381134,0,0,0.445712864398956,0,0,0,0,0,0,0,11.852633446455,0,0,0,11.2084248661995,0,0,0,0,0,0,2.06415450572968
0,0,9.70668113231659,0,0,0,1.38918083906174,2.7577577829361,3523.73587468266,2.31150180101395,675.820924222469,0.59824138879776,2831.51435506344,0.754030168056488,6.88468784093857,331.588552355766,15.7292366027832,19.014939904213,0.762214779853821,0,79.1256416141987,5476.2061753571,38.7945967018604,4820.55587926507,4293.36552774906,121.800270587206,14769.149759531,75.0855089426041,1.54219555854797,1.24764364957809,108.993138432503,0.536881625652313,0,24.7543029785156,0,62.9485867619514,47.9769240021706,86.1590125858784,17.0544395744801,5.70054095983505,1.26384031772614,114.606060892344,36.3858490586281,97.9199806451797,13.1159030497074,27.6992285549641,1.15828394889832,0,5.52331954240799,0,2782.87502366304,30.9389287829399,2.15411403775215,0,0.391932606697083,0,1.02740371227264,52.9103926718235,1.77480462193489,151.553509026766,1.06007397174835,257.089534163475,2.28449735045433,0.506882011890411,34.0197176337242,7.2650882601738,44.1851847171783,13.1490202844143,1.65610009431839,1.81235530972481,136.948460936546,7.75849640369415,133.966945707798,452.815733850002,275.592423915863,7908.21458759904,14.3395979106426,5.87086397409439,1.16883647441864,91.4559083580971,0,0,27.1336456239223,3.3641083240509
351.428817182779,9.70668113231659,0,9.46810394525528,36.3741056621075,115.584375739098,3319.00378490984,1317.41953676939,18.1258273124695,87.6588201522827,827.752979427576,14.2922665774822,333.778660833836,1857.42471650243,55.0948997735977,25.2677855193615,27937.4280558527,848.460401445627,2498.69620916247,8.8967168033123,4690.14889657497,3.90490221977234,52469.9403709173,155.548987388611,2.23929119110107,36315.2015538514,5944.64253649116,1434.36927115917,1231.8776564002,1000.7477555871,50.7994179427624,18.4595966041088,175.33211171627,6034.9491353929,983.886144340038,13766.7773287296,3359.55085471272,12059.5386225283,7400.77339559793,183.900727003813,121.977867037058,26.2093724310398,167.624357283115,95.4066628217697,51.0662499368191,97.2385224103928,49.0936379432678,15.3581602275372,1.20280778408051,1.93121939897537,78.4564572870731,417.35773396492,0,0,1.90311712026596,20.9380809962749,8.01612222194672,16.1433613300323,0.391248196363449,28.1831313371658,1.4911407828331,4.52520340681076,9.36331790685654,26.402419090271,49.6358853876591,38.6671986281872,7.80463865399361,14.9818675220013,0,6.42213907837868,12.8448450565338,49.6992076337337,64.7869789600372,10.4749863743782,109.311415761709,5584.29001811147,96.6392419338226,7.16378566622734,4.54516598582268,1.06900772452354,0,1.60715556144714,19.3764583170414,485.252835780382
13.6587965786457,0,9.46810394525528,0,47.7910194098949,249.786815881729,353.960582613945,454.575216174126,2909.974373281,10906.6050882638,46.1839338839054,998.039645940065,85.2213023900986,223.8619094491,533.296725422144,0,3.79658180475235,23.6945011913776,23.7596901059151,14533.4648503661,2.7729611992836,0,19.2894577383995,3305.78868356347,0,27.4530068337917,6.07468464970589,14681.5627261698,570.458666205406,20.6449413001537,0.67588597536087,41.452433526516,26.7568690478802,359.146250844002,33.5709467530251,1096.11082023382,12.7580320239067,207.504563421011,45.0981169641018,1042.72257047892,136.708999335766,12.186637699604,139.943416774273,5.8837251663208,43.0954559445381,10.5268911123276,399.482170790434,32.8474588096142,4.99284484982491,0,0.598419010639191,0,1496.20410871506,42.31819409132,182.967012315989,20.4227514564991,399.160842388868,801.517500847578,2294.64523842931,59.4901687800884,965.738798320293,0,130.111580103636,93.7220367789268,0,0,0,0.378641188144684,453.032799184322,0.6050044298172,1.08266353607178,0.605167746543884,2617.45946845412,0,0.408858001232147,0.800831615924835,3247.0323972106,62.3550111949444,0,0,1.27984094619751,0.754314661026001,32.6818919181824,10.8090690970421
2.21890825033188,0,36.3741056621075,47.7910194098949,0,3642.81079789996,112.565963208675,166.384722858667,606.315267920494,142.708503574133,11.0361990630627,1286.94366160035,49.4565068483353,33.5469737052917,3017.79119503498,21.9595400094986,24.0837611556053,1.70907691121101,5.07987403869629,166.342844456434,341.11455515027,2.07875901460648,683.697324544191,152.258038967848,0,22.21816188097,77.347846955061,256.849367678165,97.3559601306915,248.146067261696,0,497.634071350098,10.7326408028603,1119.58061295748,1809.28086915612,657.872959017754,66.473514020443,56.9192509651184,112.72768124938,10048.5065456033,4799.1680560708,14.941269159317,43.5720071494579,15.6359397172928,7.68505549430847,71.2956153154373,28.1041982769966,1.32068759202957,0.764137327671051,0,0,5.92877316474915,10.2937393188477,4.23881062865257,12.7508929371834,8.06899708509445,14.2654608488083,15.3491177558899,13.5917942523956,38.8966764807701,26.5027349591255,0,6.80791026353836,3.74432110786438,2.43968296051025,0,1.16188359260559,0,6.22707951068878,2.04886043071747,2.54042732715607,11.0719876885414,67.4721166491508,0,4.71361476182938,28.3867962360382,75.277910888195,1.36749613285065,4.06555068492889,0,0,0,9.44506001472473,1016.58481064439
42.8534891307354,0,115.584375739098,249.786815881729,3642.81079789996,0,3109.78100022674,18407.7647275329,121.913749098778,22137.8503908813,119.280382364988,8830.58303949237,444.630150288343,535.078262299299,2866.99660766125,3.98123097419739,62.8825651407242,27.0821271836758,28.0799076259136,811.63076543808,37.476857572794,0.783300399780273,254.869872570038,209.714833348989,0,105.894859910011,33.5191037654877,1134.66752743721,684.502177745104,243.655348569155,10.8317148983479,303.261846780777,7.42816320061684,500.953131854534,4871.5877379477,4306.9506521523,110.592078328133,423.878781795502,373.084023982286,5817.30077970028,1059.2388984859,127.953674197197,428.174372255802,7.99447250366211,102.577321648598,82.5572160482407,342.675352156162,82.1590090990067,4.81547129154205,0,0.966716885566711,3.83133709430695,88.9259131848812,12.7558460831642,61.8026022315025,78.2112306952477,267.631640017033,141.836507469416,202.951574891806,464.493351817131,120.191092729568,1.16811186075211,115.712229639292,43.7105879187584,3.6477837562561,0,1.12035858631134,0,30.6164499223232,4.13660651445389,3.1424748301506,4.82645159959793,842.97331738472,0,6.5641587972641,3.31947600841522,940.668342500925,110.598472774029,8.33456873893738,0,0.728277921676636,3.66517549753189,68.2143402993679,662.361081659794
13411.5303231776,1.38918083906174,3319.00378490984,353.960582613945,112.565963208675,3109.78100022674,0,15999.9479558766,555.518772035837,30683.6427158713,567.010927289724,253.68043550849,411.890364319086,26360.1063145399,269.227854073048,4.45984041690826,1600.13875168562,257.872671097517,440.089364364743,602.103710442781,3024.59768642485,4.01308906078339,9760.58968907595,1464.34209439158,0.83854466676712,1763.46641294658,291.865260839462,44777.4813330919,11828.5910953879,18578.9689585865,38.2491892278194,223.77277392149,785.620816200972,2729.60465478897,501.301317662001,5035.10517928004,176.999273985624,2378.30728191137,1041.94666650891,871.776914179325,789.657817184925,43.4334264993668,235.410261183977,3.49894517660141,79.4265342950821,50.371964097023,209.784344613552,44.5275101661682,6.30714532732964,0.636791229248047,0,5.56161579489708,179.155235081911,4.73363101482391,53.6242357194424,35.9781314730644,329.760890036821,246.788381516933,359.764604091644,109.650117188692,128.434071928263,3.94175735116005,184.904552847147,25.3123980164528,5.25042647123337,0,0,0,71.5133511424065,2.88908433914185,9.81937545537949,1.20867326855659,1259.85970431566,1.50594824552536,0,71.0394319295883,1689.39198312163,122.468085855246,0.856606394052505,0,0,2.31091862916946,47.6072539389133,91.1335904598236
1609.58611306548,2.7577577829361,1317.41953676939,454.575216174126,166.384722858667,18407.7647275329,15999.9479558766,0,245.213695734739,19562.112858817,331.91140511632,3827.96415752172,675.758288800716,15453.7655816078,518.540330410004,2.01927065849304,1414.29666477442,111.54166918993,226.017875432968,1072.27995446324,265.905627459288,0,2975.43993875384,708.2578317523,0.68650758266449,1001.29652732611,131.127333760262,2564.41801834106,6268.25697460771,4628.48277682066,25.5656107962132,2303.80957913399,59.3132292330265,1257.70298878849,133.836548388004,3663.95452263951,142.071185171604,903.91114076972,616.261539086699,1866.60552227497,355.056585937738,236.512186229229,989.642017632723,6.52310410141945,213.278276413679,105.510144203901,914.393272966146,168.263057917356,13.3045907020569,2.73244139552116,1.64487063884735,4.95496353507042,208.806846052408,12.990367680788,124.8535797894,164.919500976801,611.082028657198,442.969721466303,424.519385248423,709.455219358206,207.670497059822,8.6938701570034,286.623014062643,34.8477838635445,9.92846691608429,0,0,0,80.6227514743805,11.0767934024334,6.77761137485504,8.29421925544739,2486.22333198786,1.65390029549599,0,14.8088422119617,3042.50358447433,235.738391727209,8.19965690374374,0.904435455799103,1.04403233528137,13.1733290553093,161.835554897785,36.9274254143238
5.40539053082466,3523.73587468266,18.1258273124695,2909.974373281,606.315267920494,121.913749098778,555.518772035837,245.213695734739,0,1653.30518773198,212.600669920444,1720.76220834255,586.220753222704,85.3672926127911,1776.86842814088,46.6116614639759,4.15436100959778,25.1148370206356,18.0967061519623,1829.50823104382,57.2398440539837,10170.8788014948,46.875908434391,32410.8237764835,1758.9722533226,119.814917266369,3910.58192762733,7150.37017929554,294.7931856215,20.6656277477741,15.4080259799957,11.6759286224842,61.1056514382362,216.522953659296,42.6639605760574,989.634470432997,29.6257885098457,190.696437209845,48.081058204174,1642.37459844351,179.162052184343,12.1539956629276,363.553585410118,29.0518862307072,100.374155521393,47.8450273573399,323.682522326708,67.5395896732807,9.59357932209969,10.0367579162121,41.0698671042919,9.66448962688446,541.357077240944,35.6207501292229,115.419311434031,76.5633293688297,282.470496982336,4788.11139211059,551.139376580715,70.4810552895069,479.079357862473,60.4082043170929,226.922446876764,56.9956738352776,273.657545655966,5.21678555011749,18.0263103544712,3.23953282833099,165.246147185564,107.731975346804,821.635544300079,33.320140004158,5710.90002131462,32.7215305268764,87.8573989570141,393.19903960824,3407.02469491959,172.395208507776,53.3546080887318,15.6330351531506,3.31661462783813,4.20452177524567,60.4663795530796,38.7020795345306
230.365889698267,2.31150180101395,87.6588201522827,10906.6050882638,142.708503574133,22137.8503908813,30683.6427158713,19562.112858817,1653.30518773198,0,1150.14713588357,5047.1103091538,749.596325695515,6293.98275545239,448.333783209324,4.52937769889832,86.6091795861721,500.367755919695,459.684945821762,6838.20793604851,28.172066628933,1.43063402175903,152.330302447081,783.343351095915,2.71805375814438,761.472753196955,139.2530195117,11553.4554737806,6372.58394017816,291.677970945835,80.1639534235001,552.377203345299,49.761837720871,4229.96399405599,1838.88353228569,7702.4022051394,157.626563847065,1447.61577799916,435.964745491743,1660.9378567338,894.915369033813,129.116075158119,251.385520547628,5.65333515405655,76.9730224907398,42.1997106671333,562.257667332888,51.0465630888939,3.79143363237381,0.86801290512085,0.698745250701904,0,1988.58427914977,61.8207000494003,248.488634765148,55.0304205417633,719.577761739492,671.057938605547,2979.68144455552,265.231512844563,1190.48718121648,6.68868643045425,149.604562461376,106.934610873461,3.03864419460297,0,0,0,545.355630636215,2.61975049972534,6.17903870344162,0,3797.15610587597,1.25470143556595,0,0.439998209476471,5297.36964592338,59.0583647489548,3.64291548728943,0,1.84629058837891,0.560373067855835,54.6259800195694,101.012727588415
41.2988667190075,675.820924222469,827.752979427576,46.1839338839054,11.0361990630627,119.280382364988,567.010927289724,331.91140511632,212.600669920444,1150.14713588357,0,660.305623739958,12595.8291282952,229.147336184978,50.6470558643341,15.0440345108509,1031.71586021781,11414.5342223346,2625.74421554804,238.55393832922,441.256545186043,455.265711575747,940.132949709892,236.571756184101,1105.18639591336,11242.5026751757,2244.54455897212,506.95477360487,755.891506493092,512.899407416582,2516.89098569751,167.181362181902,39.0523365437984,14087.1683039367,118.760240972042,2474.54449656606,1929.55605474114,8917.97675773501,1905.44321641326,157.735329091549,35.6340140998363,3587.6532253623,106.940249115229,170.404290705919,218.788395643234,28.74623888731,60.5976029932499,0,511.948002249002,0,194.909434974194,3.25959506630898,2.25619226694107,1.07151687145233,0.949117362499237,4.50746804475784,4.86014649271965,85.1282577216625,3.43430325388908,4772.35411475599,9.67905059456825,6572.39983192086,19.4147415459156,6.3338805437088,4.52904206514359,1.34141799807549,37.2752770781517,5.42829900979996,0.476144373416901,0,201.835085839033,1.05504894256592,83.7754101157188,1250.41637247801,767.487548425794,2170.16734555364,36.8973876535892,67.7511142492294,0.465583324432373,1144.0792850852,2.15689098834991,0,727.731193184853,86.3119879961014
45.5705759227276,0.59824138879776,14.2922665774822,998.039645940065,1286.94366160035,8830.58303949237,253.68043550849,3827.96415752172,1720.76220834255,5047.1103091538,660.305623739958,0,356.707180380821,1725.8692420125,5037.0013448,0.422833800315857,25.304067492485,239.124675035477,189.970902860165,11977.3103967905,19.7432388961315,0.858596444129944,69.4112605750561,496.92105281353,0.496916919946671,383.919755101204,66.2117322087288,449.359638214111,2378.07687354088,77.9267380237579,54.9631819725037,302.384661912918,1.30193734169006,1928.60627180338,5964.65578180552,3338.51710560918,124.102749824524,632.165559232235,216.443739891052,5543.58059215546,487.425819009542,111.538747429848,210.307871043682,11.692344635725,35.9809762239456,33.3551276922226,911.08269533515,43.3217483460903,8.00730866193771,3.18351763486862,0,0,1154.32769054174,102.435264080763,610.54869389534,24.6358973383904,395.943916290998,228.404193967581,1433.23528069258,248.650234758854,1555.24583360553,12.405730009079,163.436425507069,197.892286479473,0,0,4.556715041399,0.714777827262878,435.792014956474,0.474068313837051,1.93121880292892,5.24157601594925,1235.07871264219,1.69582411646843,14.6498424112797,12.2729772031307,1673.23565715551,116.362074106932,1.21818768978119,0.869969666004181,4.5126239657402,0,33.2882254719734,798.332433342934
13.515865445137,2831.51435506344,333.778660833836,85.2213023900986,49.4565068483353,444.630150288343,411.890364319086,675.758288800716,586.220753222704,749.596325695515,12595.8291282952,356.707180380821,0,185.728789418936,75.0078109204769,65.0578973591328,67.9282669126987,133.514816462994,129.343069314957,203.680128335953,358.682675659657,1478.1632309258,949.453792870045,661.08970412612,6150.1774392128,846.132934778929,5237.38054430485,1197.39122498035,504.458729833364,419.050488471985,2034.2508585602,830.44690567255,9.8011123239994,2794.78161978722,620.953116118908,4837.67569437623,4522.68729990721,7086.36868464947,7615.83760288358,2535.91804125905,3471.32391941547,3887.25200530887,266.187031626701,266.802289992571,223.968684256077,83.6306122541428,454.161589741707,48.8171550631523,516.889689832926,0,217.065009832382,10.067133128643,0,4.34436458349228,12.64608335495,24.1302139759064,59.9356762170792,81.1415569484234,19.7818084955215,6246.71540737152,15.3229616880417,11768.924413532,73.6637620329857,15.271030664444,13.4174341857433,3.18490171432495,55.0640336275101,16.5711273252964,0.7103471159935,4.30944091081619,213.963145107031,7.21862077713013,244.131298720837,2248.67843031883,1056.16074974835,3870.93470555544,289.80469596386,135.881324291229,4.2501557469368,1802.5745921731,11.9692872166634,2.03798055648804,822.794043421745,247.272525191307
17328.5964006186,0.754030168056488,1857.42471650243,223.8619094491,33.5469737052917,535.078262299299,26360.1063145399,15453.7655816078,85.3672926127911,6293.98275545239,229.147336184978,1725.8692420125,185.728789418936,0,119.693537265062,0.53898161649704,3482.46758893132,133.582006081939,410.630823284388,686.321024954319,322.126593828201,0.489281982183456,4350.70315340161,234.45249158144,0.4561448097229,1430.52599319816,228.127106100321,1451.46277716756,14208.9805904627,12010.3802674413,13.4676046967506,236.402694284916,54.7765917181969,1466.47579658031,64.6153647899628,1286.17107209563,79.5189931094646,1017.06155145168,397.923074394464,319.356817662716,60.7058566212654,58.0910115838051,330.833920419216,0.36767190694809,68.5615546703339,42.9750288724899,282.897777289152,57.694442987442,1.39924055337906,0,1.2689563035965,2.96961718797684,34.305231153965,1.85821279883385,25.6410268545151,64.185142993927,131.036686986685,170.228087633848,47.0798155367374,197.812429666519,26.767929315567,6.64044737815857,37.432657122612,8.28393948078156,4.5475395321846,0,0,0,7.71450385451317,6.46527951955795,4.09401208162308,2.35185733437538,761.086476266384,1.46190178394318,4.5845330953598,8.50209179520607,843.277782976627,44.7931686341763,7.34074676036835,0,0,2.80425935983658,47.6539800465107,13.4786016643047
8.78344967961311,6.88468784093857,55.0948997735977,533.296725422144,3017.79119503498,2866.99660766125,269.227854073048,518.540330410004,1776.86842814088,448.333783209324,50.6470558643341,5037.0013448,75.0078109204769,119.693537265062,0,32.3205910921097,53.2828955948353,22.0704823732376,17.524502158165,903.33434343338,633.754752188921,10.7958792150021,852.973313361406,1491.40868878365,2.25988352298737,78.5561950206757,181.588821709156,1092.62173604965,280.198483556509,615.099082231522,6.58149984478951,146.852171927691,16.7482255399227,201.424482852221,4730.79163876176,255.985203951597,125.973845809698,145.131155699492,259.267347961664,4924.83699262142,360.233799934387,17.577117472887,89.4847011566162,64.731572329998,16.2462776303291,286.84291100502,78.2366304993629,9.07295155525208,1.1209876537323,0,0,22.7689960598946,32.8246289491653,4.39011573791504,24.4108073115349,8.3682946562767,25.0939513742924,36.5206196010113,65.0875050723553,73.4845630228519,72.7250201404095,2.72183412313461,12.3378717005253,11.7433099746704,15.9408118128777,2.50667595863342,10.973316013813,3.83340340852737,7.52540290355682,15.9997335076332,6.72199690341949,24.4883857369423,186.225615978241,0.475213438272476,22.4123188257217,90.0036928653717,178.294683665037,18.2083589434624,8.96979916095734,0.713055312633514,0,1.82790666818619,3.51207345724106,2446.00515624881
0,331.588552355766,25.2677855193615,0,21.9595400094986,3.98123097419739,4.45984041690826,2.01927065849304,46.6116614639759,4.52937769889832,15.0440345108509,0.422833800315857,65.0578973591328,0.53898161649704,32.3205910921097,0,24.9404955804348,2.56145504117012,9.25915756821632,0,10191.772218436,8551.78852131963,8648.72810804844,1464.49193575978,123.457993775606,23.548703789711,10772.2566936314,1095.10591459274,0.60078638792038,12.8589594364166,1.88221278786659,0,0,40.150664806366,329.043758928776,3323.93215894699,345.376262247562,375.314473152161,768.483582079411,32.7052815258503,18.9783131480217,13.3811300396919,471.426387608051,108.787124991417,152.872248321772,156.049198210239,18.7663704156876,14.8833418786526,4.24376103281975,12.2465651035309,202.617984801531,114.400485664606,0,3.73933923244476,1.12240529060364,23.5441779494286,3.13119345903397,234.511634945869,0,156.492144495249,0,4.15569460391998,13.8928374052048,26.195503950119,13618.0598561168,35.4281131327152,2.7303606569767,8.06627622246742,0,2151.01094937325,5265.42640197277,4028.98677152395,1579.22400823236,2.85143882036209,19.9985840320587,7379.31238147616,1797.06260839105,75.8491266667843,858.07580652833,0.604417026042938,0,9.73483946919441,45.6792103946209,152.987833559513
980.468517571688,15.7292366027832,27937.4280558527,3.79658180475235,24.0837611556053,62.8825651407242,1600.13875168562,1414.29666477442,4.15436100959778,86.6091795861721,1031.71586021781,25.304067492485,67.9282669126987,3482.46758893132,53.2828955948353,24.9404955804348,0,1712.6895416379,4677.29232403636,14.0561260581017,3351.9535831809,5.14928096532822,22340.9640387893,56.3815570175648,4.32028782367706,16440.404279232,12090.8522160649,410.322763055563,4775.98524826765,9975.01472726464,8.24069890379906,22.2741170525551,737.310497403145,7521.67524260283,121.34293037653,1619.43942534924,297.122596621513,2929.95595383644,760.032570183277,108.271258056164,128.940404981375,2.27738362550735,11.956210911274,9.16615608334541,1.18441665172577,6.63401997089386,2.90914928913116,0,0,0,9.29385685920715,26.2972785830498,0.697431862354279,0,0,1.62662160396576,0,5.8952089548111,0,3.23455652594566,0,0.788503587245941,0,2.25356215238571,23.777608782053,2.33144950866699,0.499159693717957,0.431892514228821,0,5.12342783808708,7.9181062579155,7.65552440285683,13.8125595450401,1.35141110420227,23.6946441531181,513.59589484334,19.7268831431866,0,2.24667805433273,3.24804544448853,0,0,1.44629013538361,23.9047265052795
32.2605127990246,19.014939904213,848.460401445627,23.6945011913776,1.70907691121101,27.0821271836758,257.872671097517,111.54166918993,25.1148370206356,500.367755919695,11414.5342223346,239.124675035477,133.514816462994,133.582006081939,22.0704823732376,2.56145504117012,1712.6895416379,0,10901.02470541,96.4920271039009,376.482388556004,3.67506989836693,847.663218408823,32.783196747303,6.30304577946663,7291.36990407109,2120.48268279433,235.201090097427,366.299617037177,382.939184635878,157.629409223795,49.3115527629852,28.4453565776348,2636.6566721499,230.32159858942,4840.89842119813,2706.89844933152,4997.43406286836,3065.07571971416,60.1640663743019,37.4963955879211,9.97523671388626,29.5542466640472,53.7533153891563,8.24059382081032,27.6800667047501,3.13761901855469,0,2.9393424987793,0,28.9263579845428,3.96028655767441,0.384705364704132,0,0,0,0,17.8921204805374,0,39.7577976286411,0.929027378559113,44.3732145428658,1.10695123672485,2.32118302583694,1.6964770257473,0.920380711555481,61.7676571905613,13.625960201025,0,0,5.03626775741577,1.46698486804962,7.35972610116005,25.9792485535145,670.941076546907,1802.90274474025,0,0,0,70.1432722210884,0,0,16.1933346986771,163.521654754877
112.661984443665,0.762214779853821,2498.69620916247,23.7596901059151,5.07987403869629,28.0799076259136,440.089364364743,226.017875432968,18.0967061519623,459.684945821762,2625.74421554804,189.970902860165,129.343069314957,410.630823284388,17.524502158165,9.25915756821632,4677.29232403636,10901.02470541,0,83.5671112537384,795.261283457279,0,2109.52647188306,38.1910833120346,2.9283275604248,20209.5391294062,2722.51506462693,308.914131969213,659.577196717262,937.508971393108,33.0097724795341,19.2358413338661,88.3963646292686,7570.76762229204,240.965789586306,5484.38251829147,1925.32352349162,6584.41984766722,3287.69213283062,47.8642426133156,45.0518349409103,7.85739308595657,17.3330720365047,15.0964435338974,2.05677264928818,20.1325462460518,1.81571090221405,1.39930939674377,1.77035748958588,0,5.70235285162926,3.42919474840164,0,0,0,0,0,18.0973103642464,1.50342845916748,11.9218527078629,0.403148204088211,3.56882736086845,0,4.24102175235748,2.93481552600861,0.449551969766617,11.6796415746212,5.72536417841911,0,0,2.64284825325012,0,5.74958983063698,3.53932374715805,146.906931579113,533.357298851013,0,0,0,7.70079803466797,0,0,0.771753787994385,151.697069704533
18.6004922091961,0,8.8967168033123,14533.4648503661,166.342844456434,811.63076543808,602.103710442781,1072.27995446324,1829.50823104382,6838.20793604851,238.55393832922,11977.3103967905,203.680128335953,686.321024954319,903.33434343338,0,14.0561260581017,96.4920271039009,83.5671112537384,0,7.56028464436531,0,25.2005948424339,1554.5154941082,0.49396139383316,147.152561604977,38.2123444378376,2457.62407121062,1050.35957938433,38.8818780779839,11.0033180117607,124.394762992859,6.86895313858986,643.545212447643,60.7587074637413,2061.82756200433,56.7740606367588,239.670412361622,98.9428304135799,1708.15647301078,218.902612835169,28.5355068445206,266.156816214323,6.46230736374855,56.5328920185566,27.8175181150436,666.495774149895,47.3376749455929,4.49318727850914,0,0.535987675189972,0,1965.13221499324,84.8460569083691,316.366920143366,30.9164281487465,593.995250195265,514.253233343363,2822.45768538117,158.896354824305,1456.80136865377,3.42824101448059,209.1732198596,154.388262957335,1.02367925643921,0,0.545116245746613,0,681.379763007164,0,2.47307786345482,0.61080527305603,2961.81953042746,0,1.2171905040741,0,4328.96559071541,156.95212328434,2.04990145564079,0.358703285455704,3.67647916078568,1.2168265581131,56.3856428265572,5.55838543176651
52.5061800777912,79.1256416141987,4690.14889657497,2.7729611992836,341.11455515027,37.476857572794,3024.59768642485,265.905627459288,57.2398440539837,28.172066628933,441.256545186043,19.7432388961315,358.682675659657,322.126593828201,633.754752188921,10191.772218436,3351.9535831809,376.482388556004,795.261283457279,7.56028464436531,0,1410.78177669644,51432.8443725407,996.431893736124,43.7121186554432,2197.77141851187,4170.78858911991,24916.4358101785,407.570528954268,18835.108103931,23.2640683948994,10.2978972494602,172.402606755495,12988.919956699,2981.18689653277,21096.9623187482,858.99522960186,16968.2446894646,9448.52311295271,515.925398528576,431.749987155199,29.6672545969486,498.519653052092,30.5017319917679,169.84522536397,134.862728357315,45.7765505611897,35.7289098799229,9.12758284807205,27.9938842356205,29.3408246040344,240.937510162592,0.289531409740448,8.81095853447914,3.51288947463036,37.4635743796825,16.438347697258,352.640308707952,2.84739530086517,290.070640295744,3.13059890270233,1.71929082274437,51.5530189573765,43.0903089046478,2850.7712867856,80.090728610754,2.22401356697083,10.1193817853928,1.22551465034485,2010.97688865662,1519.82499223948,607.240507513285,2796.92543452978,0.910708248615265,36.0911431610584,886.947347819805,3587.93621557951,311.261342048645,1849.69719281793,0,2.0399626493454,31.2000240981579,110.923065572977,589.549003630877
0,5476.2061753571,3.90490221977234,0,2.07875901460648,0.783300399780273,4.01308906078339,0,10170.8788014948,1.43063402175903,455.265711575747,0.858596444129944,1478.1632309258,0.489281982183456,10.7958792150021,8551.78852131963,5.14928096532822,3.67506989836693,0,0,1410.78177669644,0,989.248550236225,22601.5020198822,2848.53640028834,17.0780256092548,8318.97763702273,711.359361171722,1.82407200336456,2.92064964771271,25.4393613636494,0,0,26.3874837756157,9.32836276292801,68.1028918623924,21.2666738331318,31.7340202629566,13.340848326683,12.6964812576771,0,36.0520639121532,177.747523725033,46.5941108465195,85.4879310727119,76.7730168700218,7.38934868574142,3.92400777339935,0.364526182413101,6.79735964536667,175.27431422472,67.8763406872749,1.36889004707336,1.04018652439117,0.763606190681458,7.38412657380104,6.00760820508003,631.556742578745,3.95622897148132,83.0009730756283,1.72633036971092,153.485680520535,2.48256452381611,8.3831752538681,3162.94060987234,18.5438729226589,3.84475111961365,4.68710449337959,0,463.37569051981,4430.38254928589,527.92123901844,1423.3849760294,81.598020195961,79.3689878880978,6027.69843742251,641.039034068584,25.3204416334629,164.823666900396,53.9164390265942,0,0.775042831897736,13.9243461787701,19.4893422722816
803.323047757149,38.7945967018604,52469.9403709173,19.2894577383995,683.697324544191,254.869872570038,9760.58968907595,2975.43993875384,46.875908434391,152.330302447081,940.132949709892,69.4112605750561,949.453792870045,4350.70315340161,852.973313361406,8648.72810804844,22340.9640387893,847.663218408823,2109.52647188306,25.2005948424339,51432.8443725407,989.248550236225,0,1554.13753274083,19.1860404610634,9318.37162032723,23490.2897953093,12468.864775151,2829.50079280138,16266.6943083405,39.3302933573723,59.4254038631916,452.742793232203,19598.5259851515,6899.85510489345,52914.6601454318,9182.85744726658,32817.4423974454,32828.39439255,902.380607485771,659.353086799383,88.1117567121983,483.801693111658,92.311528891325,141.206079691648,334.422079116106,112.077433377504,38.0690822899342,6.04358196258545,4.8511506319046,132.817630201578,364.109127908945,1.16092205047607,9.04233002662659,6.0535931289196,37.3912218511105,39.9166827201843,86.7605111002922,10.1020987331867,287.346909314394,11.3666875362396,5.59265342354774,27.345543295145,83.5704432725906,10876.8995134234,36.8284195363522,3.42958897352219,9.14197093248367,1.23744332790375,1786.79256427288,2121.68251645565,4062.68113431334,922.490653395653,4.65796303749084,14.6754804253578,9186.40715676546,1186.62464398146,39.7841283082962,671.061520576477,1.90039747953415,0,2.40531295537949,45.0173536539078,2049.56858184934
7.55046138167381,4820.55587926507,155.548987388611,3305.78868356347,152.258038967848,209.714833348989,1464.34209439158,708.2578317523,32410.8237764835,783.343351095915,236.571756184101,496.92105281353,661.08970412612,234.45249158144,1491.40868878365,1464.49193575978,56.3815570175648,32.783196747303,38.1910833120346,1554.5154941082,996.431893736124,22601.5020198822,1554.13753274083,0,1719.53098413348,78.8294508755207,8950.75136604905,12126.7094781995,743.996628254652,68.7063727080822,12.0961172282696,75.2659522891045,178.699976980686,527.839272558689,193.96631154418,2525.33163410425,173.924988150597,543.487629711628,278.657399713993,1873.17621126771,208.77588185668,49.7209725379944,3184.71901676059,110.876488775015,998.143481761217,461.083494484425,1648.87465938926,584.133569478989,74.5863812863827,60.7339607775211,89.2435851693153,217.403987586498,1633.20267212391,41.6821926534176,406.650062352419,500.162058383226,2371.3117338419,7671.22477465868,2199.51100903749,760.082258582115,847.811629503965,39.1734322011471,1752.24698987603,191.878578394651,1770.57455459237,42.4418731331825,3.03265339136124,12.1982862949371,512.82472217083,713.621645659208,1881.14801347256,427.845794975758,20405.3094243407,17.2796467840672,37.8745298087597,2403.92289099097,17161.2708327174,1626.73395049572,559.408903121948,6.18715590238571,38.3372632563114,78.4127056002617,567.762485176325,222.482579261065
0.36880087852478,4293.36552774906,2.23929119110107,0,0,0,0.83854466676712,0.68650758266449,1758.9722533226,2.71805375814438,1105.18639591336,0.496916919946671,6150.1774392128,0.4561448097229,2.25988352298737,123.457993775606,4.32028782367706,6.30304577946663,2.9283275604248,0.49396139383316,43.7121186554432,2848.53640028834,19.1860404610634,1719.53098413348,0,138.609260588884,13254.5964777768,29.4439842104912,2.19067603349686,0.540962636470795,255.972012370825,0,0,46.9665206074715,0.537356376647949,47.6554166674614,50.6138324439526,182.465981453657,6.96026259660721,6.10842454433441,0,327.601047754288,8.5240583717823,70.0366004705429,28.8150185644627,10.6588677763939,3.47922027111053,0,48.5194470286369,0,214.972698569298,3.1947854757309,0,0,0,0,1.53489148616791,33.4885208010674,0,795.822328776121,0,1275.67353338003,4.88892340660095,1.05724346637726,3.5327605009079,1.15432745218277,23.7485294640064,8.22021108865738,0,0,66.3932455778122,0,51.3852061033249,2977.13275843859,313.394989877939,3349.91132694483,2.92014020681381,20.5576563477516,0,257.26260343194,0.697180032730103,0,118.312308073044,1.28026419878006
324.953011572361,121.800270587206,36315.2015538514,27.4530068337917,22.21816188097,105.894859910011,1763.46641294658,1001.29652732611,119.814917266369,761.472753196955,11242.5026751757,383.919755101204,846.132934778929,1430.52599319816,78.5561950206757,23.548703789711,16440.404279232,7291.36990407109,20209.5391294062,147.152561604977,2197.77141851187,17.0780256092548,9318.37162032723,78.8294508755207,138.609260588884,0,18518.715659529,723.350413575768,1786.52076232433,1651.68058854342,677.924060881138,78.7926868498325,232.263671517372,10612.3040062487,1016.15169629455,25286.0786477923,12866.5153017938,16191.8294973671,11064.2207654417,185.531737297773,112.765778809786,147.223966449499,244.55882692337,833.232583731413,136.762883603573,178.698763728142,10.1198365390301,8.49714842438698,46.7233700752258,0,452.99063873291,256.08066239953,0.504254579544067,1.15841710567474,3.31262564659119,1.33821985125542,2.73212313652039,40.5618440806866,0,431.76552131772,1.76348894834518,1032.60046777129,11.0223430395126,23.5849905014038,9.67291507124901,48.3804094791412,600.850351780653,221.850385785103,0,1.69705587625504,49.2898718118668,14.2475058138371,12.1160337924957,574.905599087477,7767.35122066736,29622.881949842,7.43245176970959,21.4588132798672,1.18368345499039,1066.08466382325,0.632297039031982,0,205.830746680498,653.152696758509
67.2502128779888,14769.149759531,5944.64253649116,6.07468464970589,77.347846955061,33.5191037654877,291.865260839462,131.127333760262,3910.58192762733,139.2530195117,2244.54455897212,66.2117322087288,5237.38054430485,228.127106100321,181.588821709156,10772.2566936314,12090.8522160649,2120.48268279433,2722.51506462693,38.2123444378376,4170.78858911991,8318.97763702273,23490.2897953093,8950.75136604905,13254.5964777768,18518.715659529,0,6374.49182859063,321.337179511786,596.651287704706,3794.07680335641,25.6429265737534,58.6583043336868,6259.06325487792,2678.45306485891,42480.0572543442,13680.7176413238,21563.8497910202,17430.8198457956,215.534504711628,139.662659823895,138.780261427164,2761.95143446326,3435.53574725986,1278.61208954453,1264.30377152562,38.6078583598137,27.5119886994362,83.7133120000362,9.37490552663803,13724.2572499216,6095.97476235032,1.77294909954071,7.47192984819412,1.58061295747757,156.759240686893,41.6340869665146,187.28910908103,6.66812419891357,1412.11595892906,2.12261819839478,3576.30942904949,73.0629868209362,63.0488942861557,7909.12337636948,712.93723025918,1435.3126271069,663.29537948966,0,488.239225029945,4902.08550551534,6353.62264826894,1317.94220229983,5245.21547758579,18484.7970793843,241263.237026721,729.810384482145,63.0636299848557,170.484406858683,2709.03519254923,3.11041238903999,3.97773462533951,630.194258064032,1401.6503175199
126.512779533863,75.0855089426041,1434.36927115917,14681.5627261698,256.849367678165,1134.66752743721,44777.4813330919,2564.41801834106,7150.37017929554,11553.4554737806,506.95477360487,449.359638214111,1197.39122498035,1451.46277716756,1092.62173604965,1095.10591459274,410.322763055563,235.201090097427,308.914131969213,2457.62407121062,24916.4358101785,711.359361171722,12468.864775151,12126.7094781995,29.4439842104912,723.350413575768,6374.49182859063,0,5503.38843843341,16383.9661473632,32.7523028850555,352.710772395134,1096.13836717606,3493.85254135728,1638.87538659573,17513.112280786,1697.75923955441,4337.62575796247,1843.53504860401,2709.92945209146,1410.90995025635,237.54676964879,4241.20870298147,143.08262321353,1217.29075664282,612.219314783812,2398.70839124918,797.451889783144,108.407260298729,67.9064095318317,29.0313701331615,339.767151713371,1775.20227521658,67.6177137494087,488.682196974754,721.50290119648,3180.94462576509,3752.70117533207,3288.87024208903,1626.76053845882,1246.42567104101,10.1559837758541,2010.57520267367,270.177859783173,1042.43427595496,69.2129673957825,4.61091193556786,6.53452691435814,576.183236449957,699.361289232969,815.344028562307,423.099832862616,16687.9939592481,1.81031242012978,45.7878581881523,1200.75871396065,18301.4764755964,1937.53454101086,805.676032423973,0,49.305978089571,90.7751663327217,782.521048873663,452.488425195217
5715.25630569458,1.54219555854797,1231.8776564002,570.458666205406,97.3559601306915,684.502177745104,11828.5910953879,6268.25697460771,294.7931856215,6372.58394017816,755.891506493092,2378.07687354088,504.458729833364,14208.9805904627,280.198483556509,0.60078638792038,4775.98524826765,366.299617037177,659.577196717262,1050.35957938433,407.570528954268,1.82407200336456,2829.50079280138,743.996628254652,2.19067603349686,1786.52076232433,321.337179511786,5503.38843843341,0,24949.5973985195,64.8797261714935,1614.9041069448,2954.34035515785,9329.48197440803,269.294745624065,5222.98995962739,189.213086932898,3347.00105497241,1155.02489945292,781.953451573849,471.944883316755,186.811366558075,404.740785479546,3.23706713318825,80.5094874501228,38.6287626326084,368.25812676549,37.9236817061901,2.15276446938515,4.80787202715874,0.919511735439301,4.87111699581146,23.416706174612,1.1336442232132,22.6600586473942,60.3350390791893,121.247366994619,278.111891657114,60.3384468853474,407.091409981251,41.0467903614044,12.9680865108967,41.3300357758999,13.0177591443062,36.3545934259892,0.721883475780487,0,0,6.11704581975937,20.7110643684864,10.0962853431702,8.67485812306404,1128.63962423801,2.64612266421318,0.936003625392914,13.5164854228497,1135.45274624228,56.7051347792149,20.3105699717999,0.604354202747345,0,4.51019313931465,57.4720758795738,66.4681531190872
4696.56049618125,1.24764364957809,1000.7477555871,20.6449413001537,248.146067261696,243.655348569155,18578.9689585865,4628.48277682066,20.6656277477741,291.677970945835,512.899407416582,77.9267380237579,419.050488471985,12010.3802674413,615.099082231522,12.8589594364166,9975.01472726464,382.939184635878,937.508971393108,38.8818780779839,18835.108103931,2.92064964771271,16266.6943083405,68.7063727080822,0.540962636470795,1651.68058854342,596.651287704706,16383.9661473632,24949.5973985195,0,41.5657457411289,129.625519752502,6146.38285267353,15699.1571766138,1544.50347754359,7692.5144918561,398.586671561003,10348.0911210179,2390.89750605822,773.352785557508,1034.69660410285,22.0139307379723,28.4339493513107,6.17424875497818,9.56734275817871,35.7204720973969,14.3150420188904,5.33464390039444,0.954564690589905,0.925130158662796,0,19.2560216188431,1.1173220872879,1.47726970911026,0.440492510795593,2.86067050695419,10.3481680452824,13.4407261908054,2.29618656635284,43.3121892809868,1.6879335641861,5.38379397988319,3.53142213821411,21.7954317927361,95.2690380513668,4.09202894568443,0,1.71216109395027,1.52452564239502,78.1407631933689,23.2295921444893,11.4888057112694,116.110866129398,1.61119997501373,0,37.832544952631,187.547731161118,14.6384055316448,61.986483335495,0,1.17340314388275,0,6.28610783815384,249.884840160608
