0,0,0.00545120124966761,0.000327394045819068,0.000753458453543079,0.0149192510910633,0.72326750157459,0.20093672903661,0.000190723938052165,0.00918683253749232,0.00371187975931787,0.00458659151964933,0.00232959006384436,1.11193498840443,0.000533418625432498,0,0.0176961358358913,0.0037287012088825,0.00581964452784838,0.00134990920756877,0.0277188470600533,0,0.0438588139339015,0.00107806983503232,0.00016743628394643,0.00795014560376392,0.00712682297845237,0.00497219120651767,0.553463941401544,0.324368293079764,0.000897159964639452,0.00403289045706944,0.00462138942891577,0.0113076815374814,0.00100015428933809,0.0101536181922999,0.000841893355930763,0.00831179545741005,0.00236760229151553,0.00477706932077262,0.00231433469743569,0.000880789744594631,0.000486115832264134,0,8.62046583364282e-05,0.000110426169652885,0,0.0001177828768789,5.17750201961339e-05,0,0,0.000158628063028884,0.000100878353411216,0,0,0.000137318482378376,6.60496189908534e-05,7.53466801927895e-05,3.22801011819601e-05,0.000135678751791853,0,0,0,0,0.000350004330190593,0,0,0,5.98633050354064e-05,4.12913921436071e-05,0,3.35875927785307e-05,0.00127882017871807,0,0,0.00114024403911944,0.000952283649724861,0.000121466634519625,4.09806582849145e-05,0,0,0,0,0.000166678913765001
0,0,0.00438808472624403,0.000212233406576219,8.48462701300976e-05,0.000217717138041145,0.0018440519574756,0.000408464447493991,0.121489249259035,0.000768825549244024,0.044095480252104,0.000587678463324287,0.0514810584871436,0.000435082790056482,0.0029648719006935,0.00757457461233306,0.00284215869785543,9.82035680605411e-05,8.85698988956986e-05,0.000415548799423629,0.00773417408671503,0.163776952162199,0.0020348686269221,0.168260574547257,0.420217814107173,0.0146513955288047,1.68264989350715,0.0125705495993922,0.000646259931173,4.82781069270134e-05,0.00291174630842669,0.000173973073786712,3.49975321478516e-05,0.00445559245881609,0.000267892022459042,0.00577087171457169,0.00468763453509875,0.00385866026163699,0.00165491622149587,0.00224822643364613,0,0.00952453575367611,0.00896381532339259,0.0135898795918724,0.00389947835517191,0.0023635008926748,0.00031674701953699,4.83579760106086e-05,0.0179466129600234,0,0.221479492608419,0.014271275417328,2.58994415389806e-05,0,4.71302425180197e-05,0.000127272979191685,0.000114219516264766,0.00433296228911304,0.000148516522442284,0.00873787089514875,0,0.0353506963416948,0.000152652463121539,0.000198236777740371,0.00113419467627214,0.00265619591432809,0.000605208936726815,0.00294510498197069,6.96390507546365e-05,0.000312388537553662,0.00399989062138443,0.00184051464083244,0.0050977200391606,0.0107659187784321,0.0254213590068194,0.572829907363718,0.00104551243429895,0.00014469458159321,0.000424804764195159,0.00850366552949522,0,0,0.00201618154663489,0.000322355267863554
0.00545120124966761,0.00438808472624403,0,0.000426837989988595,0.00109896748200582,0.00809871651527652,0.120994957746618,0.0506834345661637,0.000635171801694638,0.0136663871799762,0.0035845420608923,0.0048628388008652,0.0120840286892733,0.0691588136280174,0.0023362194650398,0.00125032205892959,1.89502078494004,0.00959690651326371,0.0949659209166129,0.00201385963115785,0.234475120398595,0.00198977513210158,2.2373674680059,0.00383937374421816,0.00106957696834922,1.05393602397851,3.11439504696358,0.0765264962531364,0.0657045683987907,0.0980556427355604,0.000437695057646423,0.00534426074130995,0.0050907995927959,0.171106157308193,0.0344216429673506,0.503348936219919,0.166025039939275,0.254632484452257,0.258564870731609,0.00725088933986559,0.0110791351921952,0.00160123158867679,0.0273488661389412,0.0116951050406717,0.0114654136530297,0.0106486008608366,0.00100386785746198,0.000190265460884118,0.000511086877242362,3.13690672685206e-05,0.00832109135445855,0.227682165038191,6.14212481764406e-05,0.000269959740263426,0,0.00191958854870115,0.000204953696553186,0.00314930694112407,3.23278563891858e-05,0.000409115009989277,0.000104516765687755,0.000336308458372658,0.000506542128434399,0,0.00150498982763097,0.0296961109507065,0.000342961905906019,0.00992329360480972,0,0.00242648144972098,0.00953635389119894,0.0207888114021699,0.00557874713452395,0.00137088196056203,0.0505527609202066,0.740328814603434,0.00400179324455659,0.000609699346292105,0.00118022102269219,0.00011642662899369,3.09534576749176e-05,5.88247759298802e-05,0.00860950896586868,0.0270508420868747
0.000327394045819068,0.000212233406576219,0.000426837989988595,0,0.00106257124207853,0.0210976298614455,0.0263342793857053,0.014540066739305,0.123302924399848,0.323242260868011,0.00156106112347208,0.616320886815095,0.00803035620333893,0.0117506168724262,0.0451326460546124,0.000111700186174151,0.00046889670197573,0.000682731749349641,0.000558825143090284,2.06305835558396,0.00102102397171384,0.000833737031528755,0.00193256385933115,0.327721852985366,0.0115971168228893,0.000922003204135655,0.00133697849262434,1.03308735977134,0.0210655200392292,0.000948176208157418,0.000169848919595406,0.00103814395190944,0.00165808513564926,0.0116314956686048,0.00532720424598314,0.042766942945901,0.00052988271302118,0.0101092825047846,0.00263210024483396,0.0410736992602738,0.00677289226427179,0.000907555261979064,0.0163303323885163,0,0.00780427902762288,0.00148355518881009,0.0238065873911458,0.00419000564600489,0.000333685063377779,7.19207463137209e-05,0.000390181188047546,0.000226611875494656,0.117156913606119,0.000612215202041346,0.0108425347641748,0.0126028838065331,0.0106421000125369,0.119086733659839,0.0498521159389589,0.000216005868636721,0.0664778487195547,0,0.00448845749730342,0.0151731298649232,0.000222341762727374,0,0,0,0.0358734427348836,0.000215490166756046,0.00103585300653929,0.000312902257655522,0.202375541774972,0,0,0.00103531748687046,0.143798062585666,0.00605630917682687,0.000321423161412859,0,0,0.000484981144985595,0.00602482986150418,0.00083869726309648
0.000753458453543079,8.48462701300976e-05,0.00109896748200582,0.00106257124207853,0,0.264247323875916,0.00866804346669194,0.0426591482433112,0.00360897736424247,0.0103228844009768,0.00887956334682876,0.0151783339187021,0.00597706551318216,0.012665189532787,0.135577828847286,0.00151766903332727,0.00138077240257954,0.00345743601995335,0.00142412909136004,0.00172132870985005,0.0256226700104538,0.000301166301669085,0.0475901649328078,0.00346029319463686,0.000354114100065035,0.00534698921814474,0.0094868175698887,0.0137676495296454,0.0103688970312226,0.00566694228017811,0.000517530942482984,0.0885125327588046,0.000928928923164454,0.170133041863173,0.0755062348359372,0.0267942622390851,0.0042161792570172,0.00672458335710466,0.00630333878267752,1.02902602340925,0.620027370833928,0.00188139621470636,0.00411140831177592,0.00275062415297729,0.00111049234117773,0.00716629438873286,0.000210553503634441,0.000711588037722087,0.000166469189473861,7.86562915825101e-05,0,0.000772895146763215,0.00024772402114757,0,0.000518574472465795,0.000521780804868108,0,0.000761087088001248,0.000405835992734686,0.000249088325246775,0.00137848607532025,0,2.55075929071516e-05,0.000535668044043127,0.000761211462174812,0.000471384803761995,0.000465916498463369,0.000367516387771923,0.000171904848646951,0.00171046048081393,8.52253311925651e-05,0.00345794324208559,0.00297714342164657,0,0.00194397323855283,0.00309735431051316,0.00332375894630109,0.000553421722362519,0.000380351252568388,0,5.93125290670335e-05,0,5.01751516749263e-05,0.237939371169289
0.0149192510910633,0.000217717138041145,0.00809871651527652,0.0210976298614455,0.264247323875916,0,0.456799899510275,1.90783548098778,0.0321585418319004,2.71576148015306,0.0499974883772377,0.36246432335518,0.0727827294393951,0.261972845672165,0.5403792499687,0.000408850448179647,0.0137905892037751,0.0291723265855751,0.0140105737708328,0.0337894121322126,0.0234455612157498,0.00104188627281283,0.0386087736479604,0.0250044036223286,0.0105216329600732,0.0466362340964783,0.022667516402013,0.194262936262965,0.158968114650699,0.0577547845364748,0.0066663369797425,0.055452225242616,0.00308763672037638,0.133273130027283,0.581158150668015,0.306580446809896,0.0130520784426485,0.0659709949354513,0.0205946427203266,0.91998293925268,0.31502229612836,0.027066634481369,0.0120709027679832,0.000196127132290924,0.00822759368666456,0.00142045659022299,0.007711812831537,0.00407133593103322,0.00215488297089289,4.70609867093146e-05,0.000186894663489029,0.000114172533385056,0.0206561582921151,7.15869604038477e-05,0.00173968603346682,0.00632748060157181,0.00464783161059314,0.0281012312711581,0.0140749763074039,0.00346465791865723,0.0245318879929257,0.000206531853838137,0.00283399477248232,0.00353000146949174,0.000483788567116746,0,7.69858785301446e-05,0,0.00979126122411813,0.000360134780344427,0.000836405001825193,0.000266436364018672,0.0795894624454742,0,5.22462713442028e-05,0.00127983001846102,0.0505766341684358,0.00398369363598675,0.000270520266583571,0.000150569190052122,0,0.000905074373867684,0.00500876648147559,0.0324006008058081
0.72326750157459,0.0018440519574756,0.120994957746618,0.0263342793857053,0.00866804346669194,0.456799899510275,0,1.25457078906672,0.0921093049180756,1.88740665461822,0.0164488639089552,0.0290089996411741,0.0325049474691917,1.97967268820588,0.0581937428795934,0.00789044141178605,0.0521079153066216,0.0133406663284945,0.016029306423966,0.0358413226934832,0.502305256593555,0.0114219900752505,0.450818339895757,0.266232641625079,0.0141474970842504,0.0375031649442978,0.281118051505503,4.10690526968204,0.353843411349517,0.684565231436579,0.00149917272473105,0.0127554750836493,0.0767848551154575,0.181617797201814,0.0815634447278383,0.539575761128461,0.0252554742065475,0.204941599657522,0.100896142691342,0.0683716704269712,0.0441126994911071,0.00649630403782853,0.113033549234074,0.00102260971864543,0.0387368787568251,0.0108469057506162,0.0230357148048087,0.0209430628890087,0.00111066496656945,0.000377324414969388,0.000657587695080829,0.00850834903226387,0.0369548741695924,0.000316419462074822,0.009728458827855,0.0249581537992049,0.0274571289331574,0.0595344895876093,0.0407406151492391,0.00125446274002378,0.0437123254868926,0,0.0224992859253023,0.0061524961026191,0.0110957527790043,0.000665848539630005,0,0.000117716594870862,0.0190301928875763,0.00985529117721249,0.00789839907814985,0.0092190245231259,0.311445793620932,0.000112140632552314,0.000117128124336976,0.0314583758681088,0.270144118865061,0.0472378711294256,0.0051237969665454,0,0.000375220298116612,0.00906886387168057,0.0410590277644073,0.0172328381301662
0.20093672903661,0.000408464447493991,0.0506834345661637,0.014540066739305,0.0426591482433112,1.90783548098778,1.25457078906672,0,0.00966019076941997,0.743459919607123,0.0588649930801315,0.255364262496962,0.0659897258572157,3.08244006775993,0.0751257270115179,0.000450858514959821,0.100625332851768,0.0369645303109966,0.0370988755294858,0.0528684460311707,0.198376874221406,0.00155674413993715,0.329722997281302,0.015467418071407,0.00835381841584247,0.0825407834850688,0.0526678156088846,0.0853107414554296,0.407264842357502,0.595917909604247,0.00801529801599527,0.267810619437875,0.0106582748201311,0.13107889780522,0.0766974275931422,0.254367258567798,0.0154417434088835,0.0853680114669912,0.0294529772773987,0.296753102258534,0.096148960291508,0.0241665253955757,0.0142322126770179,0.000436151039049569,0.00933082360346026,0.00175026679359509,0.00647437966862146,0.00400178961167291,0.00134764395284673,8.97003734786986e-05,0.000215259410695672,0.00110387301421335,0.00701163148234714,0,0.00179933026021508,0.00568198290329923,0.00456566214383078,0.00881107961650126,0.00907730412496726,0.00246374166141086,0.0148271484370131,0.000478388308175525,0.00301725612196237,0.000582539606671041,0.00152719003100556,0,0,0,0.00521019846647823,0.000951457266077967,0.000768745820583613,0.000500568227194611,0.0725828516151671,0.000225827197533596,0.000110100152315968,0.00321542444566513,0.038980683835279,0.0058361579183895,0.00059276416753726,9.26412154664516e-05,0,0.00152395592425626,0.00607727319640401,0.00572918322604594
0.000190723938052165,0.121489249259035,0.000635171801694638,0.123302924399848,0.00360897736424247,0.0321585418319004,0.0921093049180756,0.00966019076941997,0,0.0800242221217828,0.0113026355866191,0.131639052058283,0.0203976279934697,0.00715996904223528,0.363645845301287,0.00141300180872695,0.000802549121492866,0.000830076643023823,0.000301364296094528,0.0474257016658776,0.00194209644871685,0.823013597805219,0.00444726952230551,0.961052446656665,0.0704572998540491,0.00295943584289976,0.370238557907051,0.203176283582131,0.01842759126286,0.00150079093886186,0.00115328200113868,0.000611323532938046,0.00465161871290309,0.00982915717006803,0.00532725353225606,0.0409945711943536,0.00247614687882503,0.00732436558097418,0.00248564373277513,0.158868959205963,0.0037251801949181,0.00213185586521157,0.0524519445646243,0.00307343412470203,0.0146033335784566,0.00813194326803319,0.0254288333229923,0.00936923222539769,0.00392746840575925,0.000224170249252725,0.00177670222590004,0.00274489431855684,0.0696058861436688,0.00101378210120929,0.0128020276161262,0.0238469498816582,0.0174765428637978,0.382697000133802,0.0398058055024125,0.00302589969216616,0.0441102727746365,0.00514694908283439,0.0172635485356925,0.0191016689046047,0.0205009637276981,0.000850456248485196,0.00114587293191903,0.000754594173611492,0.0229026118151086,0.0164380496477197,0.0266272172103692,0.00632940121250095,0.486889315306149,0.000944868503805146,0.00296446101113081,0.0146138639062776,0.192149778822875,0.0319186128263008,0.00633433158602282,0.000569937758295244,0.000512641212413507,0.00360757309389301,0.0155515437780843,0.00998326354766455
0.00918683253749232,0.000768825549244024,0.0136663871799762,0.323242260868011,0.0103228844009768,2.71576148015306,1.88740665461822,0.743459919607123,0.0800242221217828,0,0.0414755486999488,0.359790874921554,0.0719989703261189,0.412284643147873,0.120454536900965,0.000698353406238091,0.00835437548141061,0.0317275494310539,0.0197990419010815,0.500949380055193,0.0231907930218225,0.00316364088230363,0.0327601066352383,0.0892268201536699,0.017758028208382,0.043549529412341,0.030069463237701,2.02939696853865,0.335406034411659,0.0222711760424527,0.0031407859060031,0.0263477259044505,0.0110731404652912,0.164562209205824,0.0849274800240875,0.500453451890175,0.0153957990333651,0.140474720707548,0.0310178311121811,0.151405102209337,0.0985031726774709,0.0194136649910658,0.0387952178746412,0.000197367655617764,0.0189605132114884,0.00413011885858919,0.0266759647746514,0.00924964104442889,0.000645144520373887,0.000294652591058665,0.000577124277151262,0.000216247600354397,0.0861396789912416,0.000329456201053429,0.0125723472358498,0.0234191055443871,0.020000291007535,0.09349481744794,0.0927566630491476,0.00133210940929279,0.0893240793622246,0.000177784358327985,0.00905921511381805,0.00916962469994584,0.00135339812577592,0,0,0,0.0427798725872875,0.000729240176489648,0.00206785366608026,0.000459622072245094,0.283889338927834,0.000110709573083046,0,0.00305842003476812,0.19299397005927,0.016572122606038,0.0009490880778153,0,0,0.00170706971388305,0.0141644771123586,0.00515475384420433
0.00371187975931787,0.044095480252104,0.0035845420608923,0.00156106112347208,0.00887956334682876,0.0499974883772377,0.0164488639089552,0.0588649930801315,0.0113026355866191,0.0414755486999488,0,0.0448845804880416,0.834530675709462,0.0774670345792896,0.000937966427963829,0.000791526449602553,0.0170501355902196,1.17362974492373,0.112296349681228,0.012273000562721,0.0102738239987531,0.0197634713947777,0.0220983106108921,0.0150204288674722,0.125795279300881,0.628531486843265,0.147544741060551,0.00548183516532633,0.153555053914341,0.0189309901156966,0.288812813322747,0.118938317329339,0.000972779020512631,0.678350580462975,0.00233217256398405,0.0496641426804589,0.132367881764214,0.255601601646059,0.0279446624643043,0.0222102989454411,0.00732088934841633,0.15997055302279,0.000772142892968463,0.051502585791677,0.00271826995818142,0.000818617932231433,0.000340387461980325,0.000721660685616323,0.0213130992659542,0,0.003015352040201,0.000274405357097709,0,0,0,0,0,0.00158789565545443,0,0.0545726836947958,0.000608941890044853,0.242987528043661,9.37419814863412e-05,4.51005069201887e-05,4.750182491346e-05,8.7293547272766e-05,0.00191550885203713,0.000868815918528091,0,0,0.00111109580075414,0.000168218690222746,0.00240595896366925,0.0072403928109992,0.0599452518951828,0.100755251929212,0.000272353991799664,3.64263878790766e-05,0,0.0671498885604281,0,0,0.0040533100242513,0.00120712536651375
0.00458659151964933,0.000587678463324287,0.0048628388008652,0.616320886815095,0.0151783339187021,0.36246432335518,0.0290089996411741,0.255364262496962,0.131639052058283,0.359790874921554,0.0448845804880416,0,0.0892401012606984,0.14850000324683,0.75634275762347,3.48198968192905e-05,0.00792995176458647,0.0323955278416018,0.0204670949057839,1.53494891472138,0.00344813735747414,0.00133140874969394,0.0091208813483592,0.0709533240753197,0.0547255507675764,0.049833887825056,0.0239332031875685,0.3144851652575,0.180705231932778,0.0122998192936978,0.00525113545541761,0.0213151591495038,0.00111726210893555,0.102291255399442,0.0713304681370924,0.425075873609478,0.0180513539022659,0.0883734418776388,0.0156910893517869,0.660530749476623,0.0739455027658872,0.0188371464474406,0.0228730641429946,0.000302505100841158,0.0111562316856918,0.00354707512589064,0.0348761533140606,0.00609540136070791,0.00154865156086629,0.000250246309184622,0,7.85432803624513e-05,0.0664845023165708,0.000703674403086257,0.00798282505942345,0.00688160305827455,0.0103743490315776,0.0841485845923805,0.0318095551621182,0.00204737322318297,0.107718111323048,3.06280495934308e-05,0.00640466941198777,0.0194430733044935,0.000227629436247871,0,0,0,0.0317381249955244,0.000137920732503477,0.000661321076463091,0.000636338408069,0.148106409494549,0,0.000349116975702884,0.000678360743656644,0.0939171983426317,0.0087665444895607,0.000311232637314683,8.53770403244404e-05,3.37931632612735e-05,0.00076182613522197,0.00757135969373247,0.00788534033802904
0.00232959006384436,0.0514810584871436,0.0120840286892733,0.00803035620333893,0.00597706551318216,0.0727827294393951,0.0325049474691917,0.0659897258572157,0.0203976279934697,0.0719989703261189,0.834530675709462,0.0892401012606984,0,0.0445535417992333,0.0155997575462789,0.00357095732270056,0.0111091282436179,0.00925513085259387,0.00499247819382922,0.0284507176572268,0.0351405662524652,0.0195804056729129,0.0538023101928408,0.0372101652451019,0.832834800803647,0.053718527882002,0.508923945665239,0.0503903302426356,0.0563806397480925,0.0251965800253261,0.424009232803855,0.0283021753761897,0.00299954001137465,0.215452575865875,0.0471702674719642,0.669812896585787,0.273278715120926,0.462598717764632,0.229965344994906,0.263509984613326,0.211224647541423,0.590411812861699,0.0381466785648916,0.107120414512569,0.0428197639285719,0.00781013552375586,0.0734177895344464,0.0252820755261962,0.0871546150448842,7.02847324118108e-05,0.0069358203252925,0.00161312877765787,0.00254799313516909,0.000124415063889128,0.00231023191474713,0.00231420695537059,0.0040775488438577,0.010304833725357,0.0042200686689416,0.158779919956161,0.0143588633821914,0.527316357962402,0.00405049849616236,0.00230418660605306,0.00090488961093006,0.000419402303780785,0.00303980839796931,0.00126645784473257,0.00279190398285706,0.000867427260065915,0.00364190594648574,0.000528907571394176,0.0236042972030556,0.0415537863537797,0.127876965907661,0.27986137847058,0.0125527076877502,0.00419346278553941,0.000877211816207534,0.174397359390539,0.000327741094925219,0.000368669044688314,0.0252514581691488,0.0101122132113892
1.11193498840443,0.000435082790056482,0.0691588136280174,0.0117506168724262,0.012665189532787,0.261972845672165,1.97967268820588,3.08244006775993,0.00715996904223528,0.412284643147873,0.0774670345792896,0.14850000324683,0.0445535417992333,0,0.0133290335246616,0.000671450593482214,0.164410060852875,0.0495567406169476,0.0626178166162643,0.0446193264509992,0.255837768628477,0.00143929356320023,0.433692214831422,0.0153526748627294,0.00702058978847038,0.124374263860356,0.0799436364201732,0.0806740335161025,1.74305168589005,1.23571403917354,0.00755686156387672,0.100536027130855,0.023085524063492,0.165063243241636,0.016550961135609,0.175545148820347,0.0146772926737451,0.0886335112574207,0.0270969385067287,0.0944784872557941,0.0532476550996743,0.014715631974192,0.0130520113090418,0.000682645546500951,0.00397781313881364,0.00105403395863617,0.00188869088885812,0.00343528780939531,0.000610139314778462,9.59003130128353e-05,0,0.00222178244911627,0.00498506880299517,0,0.00124339139791065,0.00377944043596032,0.00204821838276859,0.00531288283191058,0.00256733947286458,0.00120361345061278,0.00830526634328227,0.00029305096045298,0.00150845481953937,0.000613472947592315,0.00256462761579317,3.5610366104272e-05,0,0,0.00239001925392983,0.00120073351831381,0.000721068838131335,0.0010593152338422,0.0415945789627714,0,3.82768596923828e-05,0.00844610773307315,0.0260096200089305,0.00313023174927365,0.000557259866235188,0,0,0.000750884881600064,0.00463670549890822,0.00166920945580612
0.000533418625432498,0.0029648719006935,0.0023362194650398,0.0451326460546124,0.135577828847286,0.5403792499687,0.0581937428795934,0.0751257270115179,0.363645845301287,0.120454536900965,0.000937966427963829,0.75634275762347,0.0155997575462789,0.0133290335246616,0,0.002332208745603,0.00445491340400366,0.000969994206802124,0.000999040636093678,0.0274068998068871,0.0446964453057555,0.0127226772489803,0.0563490661952235,0.101627372322359,0.0202400231896574,0.00329907763738567,0.0205622545136765,0.0864591574002623,0.0144271739707322,0.0135230446358375,3.14493508269996e-05,0.00270116044630775,0.00298974722688739,0.00958346557747259,0.327324120631161,0.0476462997825968,0.00761998418162306,0.0087633155580852,0.0105974224715733,1.11706745044178,0.016465852038575,0.0014236749491916,0.0123601020020177,0.00284960609128003,0.00462278191277728,0.00732580480763705,0.01465555442188,0.00226179863793621,0.000408274606672818,4.71038927868903e-05,0,0.00132813828239938,0.0183961564752761,0.000550821750860792,0.00253214315357976,0.00321562079578038,0.00239811599586864,0.038794919842286,0.00734500783214817,0.000405261546400142,0.0245973145746303,0.000212711164753473,0.00102297326747577,0.00996001038783466,0.00214465180334232,0.000197302564941907,0.000215269937904739,0.000414850325443703,0.00828063287790477,0.00291052151476141,0.0013371659643705,0.00353657813951645,0.0468892085722078,0,0.00141704880037831,0.00302671467435642,0.0276247220720659,0.00184796440559695,0.000705374420516789,7.59972268338439e-05,0,0.000317395987549662,0.00132923987963392,0.219727138976817
0,0.00757457461233306,0.00125032205892959,0.000111700186174151,0.00151766903332727,0.000408850448179647,0.00789044141178605,0.000450858514959821,0.00141300180872695,0.000698353406238091,0.000791526449602553,3.48198968192905e-05,0.00357095732270056,0.000671450593482214,0.002332208745603,0,0.0060116301840687,0.000105869804223728,0.000855381750228515,0,0.726129670750653,0.495458689690599,1.13045661101113,0.389914547997433,0.00962716876272599,0.00280676392890226,0.485797626286212,0.194966992635233,0.000804862847127385,0.00164300313525135,0.000241106603485519,0.000367824883919221,0.00026548491993652,0.0051734443331511,0.0300242778381711,0.249640028513237,0.216088223077056,0.029371206442614,0.0584322357636944,0.00210257899241447,0.00116214792466067,0.000211525947777367,0.0675700778931258,0.0102488213517637,0.0180680560011832,0.0156536335758987,0.00186856777087326,0.00118075974944536,0.000580423628588945,0.000174251025626463,0.000340717021605318,0.021510124196141,9.65914917818311e-05,0,0.000163536901975921,0.0046671301930814,0.00171689840367266,0.00245551636204651,0.000484745743635678,0.000521278710447002,0.000391079946256781,0.00016631062451973,0.00225630646522597,0.000583524408054215,0.828475557087962,0.002913848065264,0.000496446181615964,0.000762871875737494,0.000587706663470608,0.139200826628505,0.210636100515404,0.788617690718106,0.0579441564778404,0.00011543011359905,0.00132759921591269,0.313227507880966,0.0758292750156189,0.00432082638977765,0.00916427354835119,0,4.62857691940963e-05,0.000896215623252573,0.00561091912570798,0.020818092539755
0.0176961358358913,0.00284215869785543,1.89502078494004,0.00046889670197573,0.00138077240257954,0.0137905892037751,0.0521079153066216,0.100625332851768,0.000802549121492866,0.00835437548141061,0.0170501355902196,0.00792995176458647,0.0111091282436179,0.164410060852875,0.00445491340400366,0.0060116301840687,0,0.0712180717123849,0.886264186461163,0.00257166144255501,0.45176207090835,0.00205461566670472,1.28127962249463,0.00554110916408341,0.00186345389595754,2.2264095969761,1.88879875027757,0.064102540714842,0.294801989067265,0.489944643134061,0.00114136734079557,0.00906469005071479,0.0270851007258143,0.649318579259549,0.0332194637583776,0.274799878245469,0.0836145874234269,0.29659836060192,0.247036145337982,0.0105588049995924,0.0112618999509371,0.00171365352057639,0.00601849386096369,0.00222224939017852,0.00250824424867577,0.00221573173412959,0.000149659804978657,0.000383574949882903,0.000109942076578093,0,0.00205150085171566,0.0403312178795892,0,0,0,0.000331232350498932,0,0.000523211714854631,0,4.53511487154186e-05,0.000143422401897794,0.000251685959381944,9.88098089219538e-05,0,0.00213685009957399,0.00331163415398662,6.07222102388859e-05,0.00107425681105547,6.21657741662562e-05,0.00193606755368116,0.00268740534081969,0.00601789286785258,0.00195002287545183,0.000237931902537989,0.0104707207588105,0.154158700316995,0.00236081077401832,0.00019836249725864,7.57207562322021e-05,0.000105688866685438,0,0,0.001783753666712,0.0191614488594205
0.0037287012088825,9.82035680605411e-05,0.00959690651326371,0.000682731749349641,0.00345743601995335,0.0291723265855751,0.0133406663284945,0.0369645303109966,0.000830076643023823,0.0317275494310539,1.17362974492373,0.0323955278416018,0.00925513085259387,0.0495567406169476,0.000969994206802124,0.000105869804223728,0.0712180717123849,0,0.52319374456449,0.00849141093633059,0.0101470213103961,0.000107806701977396,0.0262957068740572,0.00223439954926183,0.00219382463923913,0.691544446697851,0.077191513039065,0.00482263193774454,0.103426062286826,0.0202660993039467,0.0122777014734348,0.0442455740009614,0.0023894521979316,0.305016369436055,0.0133590877213217,0.108420047101387,0.142002213103644,0.408925496145753,0.146932357572648,0.0138041168803263,0.00401275979247085,0.00444067154645986,0.00164586295759136,0.00219570797460742,0.000275913742179018,0.000442175254822367,0.000125541724397242,0.000117583552962982,0.00015172447877078,0,0,0.000536522997013426,2.70500736436456e-05,0,0,0,0,0.000449959808843059,0,0.000908391194402514,0,0.00362628366335518,0,0,4.16657694133997e-05,8.22868424255997e-05,0,0.000121073327298588,0,3.45040193952381e-05,0,0,7.3620342474699e-05,0,0.0104442155837456,0.0165740926731068,0,0,0,0.00219537619539015,0,0,0.000154162207136893,0.00520820450481912
0.00581964452784838,8.85698988956986e-05,0.0949659209166129,0.000558825143090284,0.00142412909136004,0.0140105737708328,0.016029306423966,0.0370988755294858,0.000301364296094528,0.0197990419010815,0.112296349681228,0.0204670949057839,0.00499247819382922,0.0626178166162643,0.000999040636093678,0.000855381750228515,0.886264186461163,0.52319374456449,0,0.00556436916841111,0.0694250788524123,0.000236479054826203,0.159460729428755,0.00206723828638739,0.000357008602401859,1.18816854843192,0.214498812158049,0.0165867189528518,0.126079861067282,0.0997977633310769,0.00168078634403283,0.019002089039852,0.0104677187444068,0.388175022469931,0.0177208488532678,0.205089168151337,0.1286133936743,0.399989327767015,0.204839597200663,0.00651236270412445,0.00506208020230668,0.00148706592017355,0.00182700843543914,0.000296722005265716,0.000386046302807066,0.000444946180226934,0,0,0,0,0.000149466582676601,0.00305151907325273,0,0,0,0,0,0.000270219369142473,0,8.98814740890739e-05,0,0.000427407360704481,0,0.000129177475427943,0.000534334474502235,0.000149021835272187,0,0,0,0.00033127136549536,0.000150438021208334,0.000587043777708426,0.000505148294698399,0,0.00397329807139011,0.0155351868461496,0.000833127456749155,0,3.39654942172796e-05,0.000355245129546103,0,0,0.000188542407256636,0.00823388802228717
0.00134990920756877,0.000415548799423629,0.00201385963115785,2.06305835558396,0.00172132870985005,0.0337894121322126,0.0358413226934832,0.0528684460311707,0.0474257016658776,0.500949380055193,0.012273000562721,1.53494891472138,0.0284507176572268,0.0446193264509992,0.0274068998068871,0,0.00257166144255501,0.00849141093633059,0.00556436916841111,0,0.00252711149643864,0.00108398702568953,0.00375383646065604,0.0486484648005753,0.0211621319557896,0.0138716233173813,0.00763895154658681,0.44447179110311,0.0636523316571111,0.00387389740021034,0.00117199608797514,0.00464766009952734,0.0016044380841512,0.0317018176615921,0.0201216114819034,0.174426614798973,0.0053904188227963,0.0326368903663413,0.00818554888789714,0.0472928302657173,0.0267732578795508,0.00530762509570709,0.0371658890336,0.000445042048494017,0.0156642112127436,0.00527530130026581,0.029025865609418,0.0119730364103462,0.00119874366063552,0.000231281272527883,0.000849403072335557,0.000373766254542866,0.0970072106110822,0.000803215325319007,0.0153601532760885,0.0186102483894956,0.0254424715125899,0.0675798535301304,0.0624571361121146,0.00123868115584981,0.0869435623028551,0.000112696364100171,0.0137561621453446,0.0114487447075733,0.000532836353902745,3.49966284567117e-05,0,0,0.0349181067788708,0.000184705993759984,0.00117230932000759,0.000543197084490037,0.218226720589724,0.000129684172105682,0,0.00136385228534369,0.148344037620971,0.0164411260071402,0.000237914732406333,0,0,0.00138356287172056,0.0143767445149348,0.00285004730319104
0.0277188470600533,0.00773417408671503,0.234475120398595,0.00102102397171384,0.0256226700104538,0.0234455612157498,0.502305256593555,0.198376874221406,0.00194209644871685,0.0231907930218225,0.0102738239987531,0.00344813735747414,0.0351405662524652,0.255837768628477,0.0446964453057555,0.726129670750653,0.45176207090835,0.0101470213103961,0.0694250788524123,0.00252711149643864,0,0.101292359315428,5.13294614400121,0.120040282613053,0.00947209718863481,0.0975093979085358,0.297204461447829,1.65629453459021,0.287846801091662,3.15059568661505,0.00100295380445007,0.00438423232488834,0.068864803298632,0.804258807884077,0.270558594079411,1.30901845122802,0.374194429617505,0.899071014271726,0.389986480095376,0.0371622850453877,0.0289032961274445,0.00347693612103602,0.0541798524653217,0.0032254754072369,0.0102240590888823,0.00663097734829396,0.00174578132828484,0.0017371419232139,0.000486522939460397,0.000777651755653658,0.000420282093535644,0.0232989144778385,0.000578400110114369,0.000285761524991965,0.000314064658129016,0.00708821643003626,0.00397967198166066,0.00287655332532495,0.000953039226113357,0.00039994039100967,0.00151114947024089,9.42215651649953e-05,0.00706480760884131,0.00140676190067767,0.276756212588172,0.00376301853338888,0.00030690490347901,0.00125936236766288,0.000404646225594419,0.226172966929292,0.0689149095546157,0.179598453737271,0.0730292202007183,0,0.00121634300028566,0.0535252505046148,0.128627819173661,0.0109692572799529,0.0214938294830015,0,0,0.00208945947623342,0.00731969465061037,0.0585534635746152
0,0.163776952162199,0.00198977513210158,0.000833737031528755,0.000301166301669085,0.00104188627281283,0.0114219900752505,0.00155674413993715,0.823013597805219,0.00316364088230363,0.0197634713947777,0.00133140874969394,0.0195804056729129,0.00143929356320023,0.0127226772489803,0.495458689690599,0.00205461566670472,0.000107806701977396,0.000236479054826203,0.00108398702568953,0.101292359315428,0,0.0973180530010424,1.51822558897123,0.128650379768609,0.0040862442800442,1.02428130596403,0.110622538414973,0.00320521936058866,0.00125020420310967,0.000709636988935232,0,0.000607253785936114,0.00406490740293851,0.00310619802225818,0.0262802970579997,0.00403744947468487,0.0049150519844303,0.00240033489508551,0.00437565930601038,0.000837532233085605,0.00477392915939873,0.0310606963379345,0.00772335551765866,0.00933755683627628,0.00610660657367869,0.00104685391736576,0.000958901234988781,0.00975920241175605,0.000260034502739704,0.0377642109605343,0.0146265391370918,0.000599216037589079,3.10202719321221e-05,0.000293546076747766,0.00270672156227185,0.00113349907190793,0.00752849294144315,0.000598902422790212,0.00537753728767496,0.000825731145655295,0.0145486420729006,0.00209797036917662,0.00069026575330315,0.365260089926868,0.00301798070559508,0.000198961651279009,0.00174105318000307,0.000344847818719214,0.0579152200066971,0.267938851346611,0.199983718785234,0.0732407954755366,0.00336186311944973,0.00421722215509568,0.416989484827462,0.0462901387559219,0.00361135640024719,0.0051756451993132,0.00246262672170888,0,0.000608062607625371,0.00488906355989007,0.00407253334897216
0.0438588139339015,0.0020348686269221,2.2373674680059,0.00193256385933115,0.0475901649328078,0.0386087736479604,0.450818339895757,0.329722997281302,0.00444726952230551,0.0327601066352383,0.0220983106108921,0.0091208813483592,0.0538023101928408,0.433692214831422,0.0563490661952235,1.13045661101113,1.28127962249463,0.0262957068740572,0.159460729428755,0.00375383646065604,5.13294614400121,0.0973180530010424,0,0.211587104576978,0.0135608589189108,0.569095083391431,2.13623625393194,1.28774810461826,0.409557201823094,1.4891799798847,0.00263131383876177,0.0118199809825124,0.0442615241427845,0.887699659399418,0.620111956711911,3.33872291128233,1.78607388572068,1.88614149838543,1.82230181647539,0.0579418225357972,0.0422630808709516,0.00611861928564292,0.0984306767260844,0.0143885533143158,0.035415720663068,0.0379576393789109,0.00546451572758629,0.00432523783848027,0.000338588867474181,0.000348903396568838,0.00112005691760596,0.183564751846535,0.000764452642175814,0.00122952087588927,0.00100685353521366,0.00965056178857758,0.00244464141534643,0.00445914262418065,0.00159938689233318,0.00131318599225606,0.00242257476800977,0,0.00437083013004194,0.00220423378638155,0.76710023084877,0.00878395826903188,0.000867148664997384,0.00215011437167439,0.000571537798948097,0.13442531531429,0.17323156887941,0.949416286390328,0.0796732998769428,0.000160783323364437,0.0058541521099157,0.816082293464627,0.0930525940370251,0.00549753577968012,0.0100487889465232,0,7.48135182745278e-05,0.00104221077720318,0.0108273017137281,0.298090543359486
0.00107806983503232,0.168260574547257,0.00383937374421816,0.327721852985366,0.00346029319463686,0.0250044036223286,0.266232641625079,0.015467418071407,0.961052446656665,0.0892268201536699,0.0150204288674722,0.0709533240753197,0.0372101652451019,0.0153526748627294,0.101627372322359,0.389914547997433,0.00554110916408341,0.00223439954926183,0.00206723828638739,0.0486484648005753,0.120040282613053,1.51822558897123,0.211587104576978,0,0.130484398688853,0.0064173466472297,0.923036264648242,1.22084938598012,0.0556043009854534,0.0176629178233454,0.000807419029244405,0.00113131553668469,0.0170744496721233,0.0361937425538523,0.03323053748542,0.300284988863982,0.0307135534087122,0.0424651873311589,0.0243654604298666,0.0736986903290213,0.0125867469992648,0.00292017589181621,0.303847683584579,0.00658249799229445,0.0902475025074839,0.0350559347256227,0.0844779404112402,0.0457821207231948,0.00664995914287236,0.00293418391757891,0.00360003498935602,0.0163293334111861,0.163724553651739,0.00159643161620098,0.0354596115193779,0.0958720445347818,0.0774731236433947,0.364859157566098,0.117328233266057,0.00763138412531266,0.171866880636728,0.00582279513489529,0.0760827808458842,0.0385416007137041,0.168042125079659,0.00380184052267868,0.00134318664012011,0.00272856467401771,0.0744794143899423,0.102826595809017,0.0936351294717688,0.0823351173526212,1.44584081428465,0.00130502148480621,0.00373645598865828,0.076719906946483,0.861435412487197,0.143523318632032,0.0414303698097129,0.000596620752144918,0.00160778009932321,0.0216467177007958,0.103698969835879,0.0334835360776989
0.00016743628394643,0.420217814107173,0.00106957696834922,0.0115971168228893,0.000354114100065035,0.0105216329600732,0.0141474970842504,0.00835381841584247,0.0704572998540491,0.017758028208382,0.125795279300881,0.0547255507675764,0.832834800803647,0.00702058978847038,0.0202400231896574,0.00962716876272599,0.00186345389595754,0.00219382463923913,0.000357008602401859,0.0211621319557896,0.00947209718863481,0.128650379768609,0.0135608589189108,0.130484398688853,0,0.0409703389678422,1.48354064613664,0.0772952227542075,0.0117291212299236,0.00275141664933889,0.0610013288027855,0.00190615227178891,0.00127120899976771,0.0229082957447369,0.00314617354724172,0.100325394679947,0.0337611773670474,0.0353338182676135,0.0115226563828583,0.245172599707182,0.010284221803326,0.0180504784860138,0.0184840872425767,0.0241706743910813,0.013635697149401,0.00546919682051187,0.167149190113441,0.00832151360244493,0.0323472431823478,0,0.0353183052269258,0.00113610763187283,0.00807755321934614,0.000443627864720697,0.00368188366161798,0.00139216403865237,0.00526281127404278,0.0197221236748179,0.00644473587683758,0.0424680350680454,0.0330419117551224,0.278475586448749,0.00274352045888641,0.00601332932951656,0.000532735774664307,0.000176629903088873,0.00171933467344957,0.000537513535363159,0.00691751008874037,0.000524765499657488,0.00332327233013875,7.0934536168921e-05,0.0240628673086023,0.0787530621500904,0.0727687314289763,0.31285706160195,0.0128541484737123,0.00233998048714053,0.000138470550423348,0.0760454980894789,0.000231869801948911,0.000248848618340826,0.00835848136473366,0.000878748267806647
0.00795014560376392,0.0146513955288047,1.05393602397851,0.000922003204135655,0.00534698921814474,0.0466362340964783,0.0375031649442978,0.0825407834850688,0.00295943584289976,0.043549529412341,0.628531486843265,0.049833887825056,0.053718527882002,0.124374263860356,0.00329907763738567,0.00280676392890226,2.2264095969761,0.691544446697851,1.18816854843192,0.0138716233173813,0.0975093979085358,0.0040862442800442,0.569095083391431,0.0064173466472297,0.0409703389678422,0,1.6811397231353,0.0344514835101352,0.219867054649413,0.100222608976538,0.166309398675155,0.0609677524030937,0.0149046113104525,0.58648673368848,0.0811812250836464,1.25511895689414,1.59264788873805,1.27928488039065,0.837753195940228,0.023822428680087,0.0201594751803484,0.0325372560241877,0.0510332525140202,0.0837811581751016,0.0294426814698854,0.0195740610861741,0.000921782508716993,0.00116489011993464,0.00317083127185679,5.37081129344762e-05,0.0323456709862535,0.197359500539052,0,0.000455239716055489,0,0.000643996114656165,0,0.00706291223331738,0,0.0303267863771154,0,0.124717996940949,0.000326148920235595,0.000586301108928472,0.00123123820387465,0.0359708764169802,0.0142810676469171,0.0382148912580887,0,0.00176742323625601,0.00796413916140882,0.00677696750363216,0.00426523158717269,0.0205517174364831,0.899845698964758,2.19835064225859,0.00135985620842122,0.000726161486497277,0.00085263303207113,0.114129594029451,0,8.12818472825197e-05,0.0144234483284794,0.0487527314703063
