0,1.30130571126938,112.816515028477,10.5735780000687,0,111.253031849861,6955.61692160368,3790.71194508672,17.9107014238834,557.526055246592,143.624735832214,81.2482423186302,3.90013295412064,18221.3076669872,17.7931016087532,4.38433867692947,1490.10679796338,259.522567868233,462.465060919523,49.3203177452087,423.355247288942,4.00398564338684,750.142812430859,70.2397485375404,0,295.519898951054,548.863377153873,569.762816309929,3093.78882880509,13001.5333955884,3.49449634552002,0,40.5127691328526,1170.36098459363,36.8311738073826,346.683591127396,40.699403911829,797.536104053259,218.817779928446,68.0610868036747,35.3797250390053,47.198139667511,32.180553227663,1.41206458210945,11.7714426517487,2.58777737617493,23.851921081543,3.28969588875771,0.945271611213684,0,0,7.39572912454605,8.27491068840027,0,3.24463427066803,1.70658832788467,17.8958238363266,12.3875051736832,13.4781273007393,1.40225821733475,2.04245239496231,4.46747040748596,11.6607456207275,5.63210558891296,0,0,0,0,0.810069262981415,0,0.593661308288574,5.99541300535202,55.8399939239025,1.707071185112,2.50669747591019,66.9572095870972,69.7780441343784,9.08245795965195,0,0,0,0,12.5651159286499,13.7755256295204
1.30130571126938,0,13.035057336092,11.1407223045826,4.40432441234589,9.82399356365204,2.79308685660362,19.445920497179,1324.17892310023,8.07845762372017,315.807037770748,52.8147359192371,1810.29056552052,28.3303273916245,47.160553663969,337.934538453817,35.6685518920422,5.65668350458145,7.19201725721359,1.24301680922508,38.8412960469723,3805.38594642282,51.5002223849297,1080.994607687,5597.73332962394,173.498016625643,29458.6697782278,93.3261352777481,15.9099017679691,4.23253417015076,53.2443590164185,1.39852821826935,1.87638109922409,92.7572802305222,5.61869809031487,125.057706713676,113.356660574675,129.847758561373,72.2712423205376,9.3864638209343,0,76.744408339262,126.814381718636,109.060969293118,99.7076593637466,56.2008922696114,0.73355895280838,0,11.0786136984825,0,2353.08606132865,127.995077252388,0,0,0,3.59905529022217,3.07170230150223,2.93369662761688,0.328108072280884,106.353528738022,12.2221604287624,180.178638488054,7.28847241401672,4.93633687496185,27.2607696950436,83.2353930175304,11.9889678955078,91.3323704302311,0,2.54093158245087,96.3413800597191,44.6842470765114,41.237272053957,135.015397161245,499.858674407005,6827.77718544006,3.27560359239578,3.49444842338562,2.40305078029633,164.913485109806,0,0,27.4451487958431,3.15136873722076
112.816515028477,13.035057336092,0,1.7244773209095,1.11867356300354,51.9763599932194,793.802363187075,385.636502444744,13.9554590880871,139.916599720716,179.549106806517,71.3216529637575,1.52436476945877,922.23479321599,48.3136569261551,70.4543669521809,13367.489948988,1259.12269893289,1014.42639884353,17.2147050797939,1406.29421761632,34.5580593347549,43616.6237721443,37.2966781556606,0,65634.3801586032,25362.2724172473,766.137887269258,766.813573688269,1027.71587345004,19.9445844590664,3.02760437130928,36.4656438827515,6382.72987642884,488.236152678728,10363.3415038884,2238.52790415287,8614.89798489213,5221.71832454205,46.607704937458,51.6334281265736,39.2372661232948,713.844711124897,123.593920648098,300.752138227224,356.882008016109,15.8994466364384,4.42346143722534,0,2.97793230414391,164.271184802055,2391.39345833659,0,0.763830959796906,0,89.3837345838547,16.2251487672329,11.1106298565865,0,6.25401735305786,2.83986106514931,5.25189530849457,22.6717182993889,60.0364479720592,104.94473990798,523.614394634962,11.030049264431,115.825402587652,0,97.1851768493652,230.569801837206,835.320883333683,122.92929032445,4.83255791664124,744.125613570213,10928.2557557225,39.3580020070076,17.9375497698784,27.6385540962219,4.95321518182755,0,0,184.917193442583,414.409731715918
10.5735780000687,11.1407223045826,1.7244773209095,0,21.5629696846008,268.158394664526,62.1820495724678,267.199690252542,1434.38830643892,9314.51857982576,8.73039153218269,11246.1476784497,2.08749040961266,95.6068038642406,243.709792673588,0,2.05228924751282,8.23578697443008,8.41595098376274,27475.8880314678,0.958479732275009,27.9863709509373,1.34545934200287,1152.51068797708,3.37725579738617,14.7591337859631,13.2172262370586,12730.5670413673,119.858467102051,11.328562349081,0.572387248277664,0,2.79845508933067,59.732950001955,23.0606734752655,168.040004402399,4.53061309456825,84.4598569720984,19.3552642762661,144.261904478073,25.0811998546124,58.1509693264961,44.132021099329,0,21.8756474554539,4.90971541404724,391.653282046318,9.71177226305008,9.03572598099709,0.476394265890121,1.08967888355255,0.371539354324341,1610.53585451841,15.9369801878929,112.101964920759,29.6374169588089,108.57035087049,323.592252194881,656.48083370924,15.2140848636627,428.681163758039,24.4511335492134,20.0584982037544,106.85261335969,0.669204235076904,0,0.952524721622467,0,123.246825307608,0.819990873336792,3.33077776432037,0,682.60348790884,0,0.584656298160553,3.58613646030426,1262.69352836907,27.9781202375889,0,0,0.609306812286377,0,23.0563187152147,3.4901108443737
0,4.40432441234589,1.11867356300354,21.5629696846008,0,1357.63655498624,35.0506127476692,247.550426989794,229.508708953857,55.8417419493198,4.83338785171509,438.760012179613,2.45281511545181,15.4003669917583,3614.85956507921,5.34887039661407,7.98617461323738,0.876048445701599,3.48334443569183,31.9651317596436,93.9730517864227,22.9993415474892,107.482349693775,75.3763909935951,2.87250030040741,5.5667941570282,27.2285341620445,118.246222406626,24.4346109032631,82.262393951416,0.656261324882507,244.570892930031,0,3086.71084427834,455.772444725037,431.764993101358,11.1287930011749,81.7555261552334,41.2061351537704,14335.0300582647,8402.35977905989,62.0331069529057,8.26637953519821,1.88253653049469,2.66652143001556,4.36368882656097,78.6485617160797,4.18987417221069,3.39599806070328,0,0,0,4.55308699607849,4.03006756305695,3.3028581738472,0.699095547199249,3.31999856233597,12.2686921358109,9.99524211883545,4.31817507743835,26.0471445918083,8.5193282365799,0.557516038417816,12.158175766468,4.89344036579132,0,0,0,5.97342765331268,5.50142568349838,4.18934226036072,2.88318258523941,17.7842592597008,0,0.961753726005554,3.62933343648911,16.0781057476997,1.23189663887024,1.20457541942596,0,0.836589813232422,0,1.99023854732513,199.837343990803
111.253031849861,9.82399356365204,51.9763599932194,268.158394664526,1357.63655498624,0,6321.44372740388,13405.7652659863,830.397022426128,31907.9824426621,255.408711969852,12361.234525457,52.6325399875641,2461.64756216109,3227.62235316634,1.6486910879612,113.767848372459,139.227017015219,118.914278745651,597.42681646347,68.8861586749554,23.7144278883934,126.527376621962,270.328018516302,8.14041411876678,200.685620695353,210.308238476515,1687.77471479774,469.729872837663,426.171003341675,9.32407504320145,358.56064286828,18.130963653326,1208.89279916883,3774.39224264026,3715.17374320328,120.864621639252,748.500263005495,223.268453687429,4073.48720791936,2743.90148568153,686.210018903017,631.825041025877,6.89980691671371,231.556943804026,110.012505978346,900.606581479311,82.3580011129379,34.1766348779202,0,0,2.52084237337112,105.403640031815,20.3175111114979,114.257996380329,13.9634345769882,196.083673268557,214.505135118961,204.046503245831,74.0652896761894,294.03764539957,85.5900649726391,193.171246320009,132.612926244736,4.85798615217209,0,0,0,39.1933440864086,7.22321262955666,14.3122172355652,3.07362657785416,635.216524839401,0,0.928569138050079,16.205497816205,776.837672740221,121.351801842451,7.25443816184998,1.98051381111145,4.45170092582703,0.693132340908051,182.136416047812,328.331674069166
6955.61692160368,2.79308685660362,793.802363187075,62.1820495724678,35.0506127476692,6321.44372740388,0,14644.5875314772,73.0091327428818,32643.1387628317,274.326067328453,502.460572078824,30.9811878502369,30351.1504199654,263.440015286207,17.020945161581,1187.33979177475,344.253949314356,376.457747966051,190.980001062155,1846.30336105824,7.75964996218681,3140.45371285081,337.63044500351,1.75388580560684,887.563627004623,1120.44032281637,48590.4765088111,6010.22287543118,17841.5775309801,25.7837777137756,30.7056811749935,451.567565321922,2089.87418243289,634.876481056213,2930.93730670214,207.419686198235,2213.05101776123,619.937120676041,595.175267577171,402.692351698875,209.863776534796,60.7070470452309,6.39671176671982,25.7204365730286,14.9733741879463,46.2863110005856,4.79612183570862,2.17355173826218,0,0,30.7205883264542,36.5801582038403,6.97234761714935,11.5281793475151,3.08080565929413,18.8471910953522,53.6807539761066,56.0976420342922,4.9691589474678,25.3479540348053,6.91671586036682,11.1267392337322,24.4370960593224,8.31721091270447,2.74999248981476,0,0,3.58347272872925,0.301749885082245,12.6492569446564,45.8044035434723,135.128742009401,0,1.19044253230095,355.203540176153,188.788311958313,4.00765213370323,0,0,0,0,10.4186650514603,102.583057105541
3790.71194508672,19.445920497179,385.636502444744,267.199690252542,247.550426989794,13405.7652659863,14644.5875314772,0,718.848299592733,16798.1327997744,1955.61415579915,7518.62904343009,233.693967998028,22898.3569727987,1599.30396735668,4.01106250286102,1799.64961069822,1375.21171946824,1340.62163549662,1200.84227749705,544.276250988245,22.4457418322563,1079.96538114548,533.737494111061,20.3491772413254,1664.83001068234,1660.53370922804,2570.57441271842,2955.17768527567,8412.25096902251,115.245349645615,368.715107351542,69.4845857322216,2168.0897873491,306.494513899088,6946.30265067518,406.466965720057,2561.89028415084,648.582118064165,3867.83982786536,1130.46038639545,1828.06101968884,815.058533251286,22.0063184499741,237.175253659487,77.1018307209015,1026.48099318147,78.1195658445358,65.718223541975,0.862465918064117,14.5846140682697,10.9244365096092,102.953687429428,13.4105444550514,99.1991115510464,41.2569735646248,249.995540648699,377.542687147856,244.22012373805,92.4753972291946,218.867862254381,181.739839613438,47.4672818481922,91.8763162493706,11.8850555121899,1.57186606526375,0,1.05126905441284,27.145800113678,2.47942280769348,27.7710058391094,4.8404415845871,1827.34554556012,6.39042049646378,15.6907477378845,107.01074513793,1720.84711459279,134.432099252939,9.19208860397339,7.87483328580856,2.12099379301071,10.1673459410667,415.985818862915,61.1722258031368
17.9107014238834,1324.17892310023,13.9554590880871,1434.38830643892,229.508708953857,830.397022426128,73.0091327428818,718.848299592733,0,1271.26256543398,287.660326659679,5039.93285000324,1737.63071796298,209.863894641399,1539.92329511046,131.92820084095,16.4234585165977,43.832432538271,38.2556039094925,597.921232998371,45.2013141214848,10885.8070599139,33.1402100920677,31631.2792271525,2044.96070021391,66.4686353206635,4601.25612056255,4559.81161034107,189.178062364459,23.3977953195572,26.3317409753799,4.03503799438477,12.4855461120605,176.361167833209,61.2162878215313,579.213955283165,35.8025123178959,242.606497317553,51.219059497118,1614.45109945536,77.6129714250565,112.656815469265,696.749896109104,72.1536260247231,262.430207580328,91.161067545414,736.370884269476,66.7839289903641,36.5518553256989,1.9263676404953,29.7773831784725,18.5780680775642,854.253548622131,34.4458765387535,241.562307059765,104.179982483387,338.190442979336,4457.17255100608,765.767845839262,105.399698793888,1259.66646552086,141.649029314518,276.924541354179,297.102970570326,248.584353655577,14.6097324192524,33.0149300098419,65.5591678023338,226.112504124641,54.2791026234627,899.139292031527,48.2900046408176,4610.51205873489,31.1371050775051,114.70812651515,227.908679127693,3032.56792151928,275.7178209126,64.8831524550915,93.8101926147938,25.6206389963627,15.7615939974785,172.771010220051,113.356398552656
557.526055246592,8.07845762372017,139.916599720716,9314.51857982576,55.8417419493198,31907.9824426621,32643.1387628317,16798.1327997744,1271.26256543398,0,693.378202319145,7379.73582161963,72.4893919229507,11352.8636078537,362.795973867178,5.60660657286644,343.672516584396,506.340825051069,575.412082821131,7944.32380047441,128.330358177423,10.5460778474808,199.660207957029,928.673380583525,9.72820675373077,735.230256289244,500.803489685059,18062.5861329138,4383.86410544813,595.587651029229,41.8642238676548,50.6366183757782,52.3127941191196,2029.15332238376,7792.85634037852,4901.32336033881,208.934783697128,2489.73934751749,377.817861974239,1179.91534902155,641.1490637362,743.995393916965,250.925414890051,8.01018911600113,105.942184776068,44.1873464286327,722.959687530994,42.6621650755405,44.7644601166248,1.73013922572136,10.6010484099388,4.82137522101402,1366.66779756546,28.0298714637756,214.945400804281,141.293719172478,509.692182317376,724.82238599658,2066.05717740953,73.850839048624,983.60201728344,123.698482215405,92.8629307150841,210.754203408957,3.16670519113541,0,0,0,233.334815055132,1.53023043274879,11.2473350763321,7.64930653572083,2214.45797303319,0,0,17.6864838302135,4752.03020322323,116.471292972565,0,0,0.374460190534592,3.67365446686745,161.626424327493,647.812320023775
143.624735832214,315.807037770748,179.549106806517,8.73039153218269,4.83338785171509,255.408711969852,274.326067328453,1955.61415579915,287.660326659679,693.378202319145,0,462.257546529174,4773.55089524388,2872.01812130213,26.0580692589283,20.4684891700745,1174.38695541024,13450.3990243673,1913.41205555201,85.5278542637825,50.3402728736401,267.952079921961,157.170507103205,167.402709752321,531.447361588478,6816.77829319239,1034.22993865609,229.542146995664,1494.54108282924,210.562184333801,2080.74031257629,248.352292567492,14.8884502351284,14350.1882888377,59.3701122403145,1364.92185476422,3970.25919151306,7665.28656250238,1155.48966002464,259.52070876956,89.8947587907314,3949.93450200558,47.8277728557587,945.217263579369,64.4688735902309,33.8200997412205,22.4803438484669,0.979319632053375,130.099726825953,0,45.9270199239254,2.74418884515762,2.49054563045502,0,0,0,0.949806869029999,26.7257971167564,2.23066580295563,2101.80914834142,3.79131487011909,3260.24078887701,8.25332668423653,1.8019705414772,1.40981733798981,2.7288618683815,34.2391952872276,6.15667277574539,0.743847906589508,0,6.95312434434891,1.1950376033783,47.2462328076363,380.14738291502,1620.54573258758,1405.66325500607,10.2030873894691,3.95231568813324,0,1762.69635307789,1.2379959821701,0,25.0574786067009,30.3662351369858
81.2482423186302,52.8147359192371,71.3216529637575,11246.1476784497,438.760012179613,12361.234525457,502.460572078824,7518.62904343009,5039.93285000324,7379.73582161963,462.257546529174,0,83.7687765955925,1501.82370243967,3405.70401972532,1.78968051075935,160.324404597282,320.106364399195,338.992256581783,9318.26342473924,13.2009502053261,221.485106825829,50.1217512488365,1250.70574593544,55.2065167427063,482.118014454842,476.86621594429,8113.34884248674,698.863525897264,89.3689001500607,33.8606424182653,12.5742050111294,0.343752235174179,709.738891288638,5674.1358422935,1597.95747539401,91.2194178700447,1084.74191685021,182.223968788981,1896.79356560111,202.317392498255,437.220138698816,73.4005152285099,3.99871054291725,40.5143029391766,23.6783758401871,1670.15739393234,16.2439058721066,23.5236304700375,0.588317215442657,4.33654102683067,0.396171778440475,898.01629845798,92.2765763401985,420.110627412796,24.4937722086906,197.845243513584,633.945719540119,1111.83063447475,42.700102686882,1769.5447383225,41.1268901228905,66.2929635643959,594.05698505044,0.68251496553421,1.64693808555603,4.07645058631897,7.68500757217407,351.462380826473,2.62981688976288,4.54472130537033,2.42022943496704,600.165415138006,0.386467158794403,0.31173387169838,12.7979179024696,1218.09405776858,29.9408867657185,0.402347594499588,0,2.13708239793777,0,17.4617430865765,353.240044206381
3.90013295412064,1810.29056552052,1.52436476945877,2.08749040961266,2.45281511545181,52.6325399875641,30.9811878502369,233.693967998028,1737.63071796298,72.4893919229507,4773.55089524388,83.7687765955925,0,183.96162623167,69.4184345304966,164.875589191914,1.04184746742249,31.3518991470337,1.45500469207764,10.8353568017483,18.4983032047749,1768.70133396983,15.7412719726562,760.126201659441,8774.34912791848,374.640713602304,2975.10651427507,85.2368961572647,73.3675668537617,15.6483649015427,1536.29945418239,27.384480535984,1.5884917974472,1375.35601261258,0,216.999770015478,1127.25255453587,1652.87965872884,59.8547860383987,50.7062469422817,30.1071435213089,4794.54145106673,49.4875843524933,2260.84279370308,123.831872493029,63.2667165696621,2.89739066362381,0,416.254274308681,0,141.341373115778,0,0,0,0,0,5.05978974699974,13.667110979557,0,5195.58080726862,19.4750578999519,10085.0360372066,15.4861851632595,0,6.26835253834724,0.82008558511734,28.4864918589592,26.2955452501774,0,0,22.8863382935524,0,8.15707123279572,2289.4178018868,2233.88486307859,3311.48527619243,0,5.21142321825027,0,3634.00646272302,9.15687853097916,0,39.0747754573822,0
18221.3076669872,28.3303273916245,922.23479321599,95.6068038642406,15.4003669917583,2461.64756216109,30351.1504199654,22898.3569727987,209.863894641399,11352.8636078537,2872.01812130213,1501.82370243967,183.96162623167,0,135.175631761551,4.79574510455132,3181.26286101341,2176.3895598352,2705.88787025213,495.457007989287,582.659295141697,10.8997060060501,1793.66701728106,466.715589523315,26.3914629220963,2972.95474177599,3707.16184741259,2708.23122628033,13656.5362924933,11671.4299919009,150.722571223974,257.563771724701,94.7610051035881,3956.86559417844,214.867859959602,3050.10033591092,356.198436796665,2927.16819754243,581.487267374992,553.961232095957,457.946362882853,905.300120413303,376.618491351604,15.0520480275154,98.3390566408634,52.093696475029,416.792631953955,28.7666056752205,19.923711180687,0,22.2239308059216,41.6915693879128,39.5719439387321,1.14486038684845,34.8747023046017,20.0024755895138,90.5364574193954,191.403100252151,75.997749298811,49.2672255635262,50.131403118372,82.2551918625832,14.6690809130669,22.2132292985916,10.35653886199,5.63999184966087,2.30924212932587,9.34796023368835,9.28222295641899,3.65287244319916,28.9429586231709,13.9312058985233,1028.59672108293,11.0493756532669,23.6178263127804,343.233664602041,816.455534100533,59.9970841109753,5.06926918029785,10.8004088699818,0,9.50183069705963,178.220943003893,46.135341912508
17.7931016087532,47.160553663969,48.3136569261551,243.709792673588,3614.85956507921,3227.62235316634,263.440015286207,1599.30396735668,1539.92329511046,362.795973867178,26.0580692589283,3405.70401972532,69.4184345304966,135.175631761551,0,28.4814952015877,28.0901723206043,20.3467656970024,30.9850023686886,231.423806577921,453.726843714714,242.958745121956,474.163524568081,822.210201472044,53.1947869956493,63.5382814407349,428.746657133102,1214.30040225387,108.212508529425,602.845496177673,2.64111283421516,14.8042063713074,19.9088706076145,100.029969483614,2807.94045823812,444.047683775425,89.4852869212627,149.893513560295,323.869173973799,10785.6205457747,125.02869656682,132.046029627323,112.677686870098,16.6677513420582,26.5353588759899,43.0913607478142,655.618630200624,9.45903837680817,18.0036801099777,2.19548487663269,0,7.74676984548569,82.2301032841206,25.2014915049076,74.4201952517033,13.9675733447075,50.061989068985,129.895851761103,87.9129726290703,19.7426837980747,231.397955089808,40.6064321696758,26.0669122934341,171.811960101128,26.6934148073196,1.26596224308014,0,1.87983620166779,31.651812851429,18.1150169372559,8.8927446603775,33.52593511343,226.119404554367,0.77289891242981,2.45660978555679,42.4913690388203,245.47919857502,16.7293236851692,12.3193336725235,0,4.36188554763794,2.08516764640808,47.5776478648186,985.036124587059
4.38433867692947,337.934538453817,70.4543669521809,0,5.34887039661407,1.6486910879612,17.020945161581,4.01106250286102,131.92820084095,5.60660657286644,20.4684891700745,1.78968051075935,164.875589191914,4.79574510455132,28.4814952015877,0,57.4124923050404,9.1058070063591,5.25044977664948,0,5775.36181610823,9934.82002326846,13983.8884863853,7604.00939199328,214.885090231895,24.4219642877579,12596.0385245085,3118.20438319445,14.169769525528,37.4141616523266,1.03006356954575,0,2.45347583293915,129.527719259262,279.271303981543,5187.50604006648,1022.3391584754,605.712899625301,645.99368801713,11.7089132070541,26.4797946214676,61.1952482461929,1756.73256748915,240.724414497614,433.341456115246,218.99865347147,162.287226289511,24.5057322382927,7.03620761632919,7.36201977729797,77.6325845122337,90.1644978225231,1.29769241809845,12.0945271849632,0,82.6132676005363,24.21237590909,335.121347248554,3.05916160345078,16.1031700968742,7.2370131611824,37.4068022966385,31.442738711834,60.0840455293655,10363.4577921927,122.541341096163,0.435457050800323,18.5380450487137,0.529895663261414,1205.30306309462,4767.84308773279,6266.31417056918,2124.95658272505,2.66502046585083,18.2728107273579,5445.9676669836,1221.35814088583,217.141629576683,558.326032817364,8.85002464056015,10.2321212291718,86.2129029333591,239.585466772318,166.757869273424
1490.10679796338,35.6685518920422,13367.489948988,2.05228924751282,7.98617461323738,113.767848372459,1187.33979177475,1799.64961069822,16.4234585165977,343.672516584396,1174.38695541024,160.324404597282,1.04184746742249,3181.26286101341,28.0901723206043,57.4124923050404,0,3306.69596412778,10835.646666646,50.7557698488235,1147.43384894729,41.5487775802612,22914.6242363155,59.7572672367096,0,6389.63102194667,22114.1471997499,426.056708097458,3911.15639604628,6848.13656330109,2.34022080898285,29.5758358836174,281.32201769948,16330.7822465897,279.602813363075,6183.12974199653,1686.5072183609,5282.8444083333,2779.84277722239,80.9632416665554,69.9563337564468,31.693395704031,215.700998872519,35.9804435074329,83.1210324764252,105.982813566923,9.3224430680275,2.42851209640503,1.56429505348206,0.429367303848267,57.9017552137375,738.736455559731,0.748640179634094,6.49749970436096,0,10.0889782607555,1.87199115753174,10.8042461872101,0,0,4.76378944516182,2.96339040994644,3.43613064289093,38.6747844219208,27.6664478182793,155.088819086552,4.34507709741592,46.8190665841103,0,10.0742642581463,22.5655890107155,165.397823274136,21.2023315131664,1.75949025154114,248.829430937767,2829.69675087929,9.48807162046432,0.419000536203384,8.03758907318115,0,0,0,39.9737614393234,217.224463224411
259.522567868233,5.65668350458145,1259.12269893289,8.23578697443008,0.876048445701599,139.227017015219,344.253949314356,1375.21171946824,43.832432538271,506.340825051069,13450.3990243673,320.106364399195,31.3518991470337,2176.3895598352,20.3467656970024,9.1058070063591,3306.69596412778,0,10904.5437583327,71.6311051547527,171.591283798218,1.06841230392456,1130.77184388041,48.4066196084023,8.72844713926315,5323.9201772511,1190.79603609443,179.293005764484,1438.28427746892,461.72947242856,25.7487173676491,70.1928916275501,53.3303581774235,5588.29796642065,109.353878557682,2413.71043220162,4239.40728753805,6626.50041413307,2443.85546061397,137.457775443792,45.2417505383492,86.2882458865643,29.510844618082,34.8479013741016,15.9692849516869,15.3638876676559,7.77234643697739,0,1.6729199886322,0,14.3284289836884,25.2728560864925,1.16400301456451,1.23237299919128,0,0,1.3969738483429,19.2165995836258,0,26.8509703874588,3.22584122419357,45.8213999867439,2.19194144010544,8.10492569208145,0.688723683357239,11.5869726240635,8.31429690122604,7.87072053551674,0,0.618929207324982,1.76637321710587,4.68776467442513,1.16650560498238,7.80179339647293,349.880262136459,446.581366449594,0,0.844073891639709,0,105.30071797967,0,0,3.39520055055618,88.7472583055496
462.465060919523,7.19201725721359,1014.42639884353,8.41595098376274,3.48334443569183,118.914278745651,376.457747966051,1340.62163549662,38.2556039094925,575.412082821131,1913.41205555201,338.992256581783,1.45500469207764,2705.88787025213,30.9850023686886,5.25044977664948,10835.646666646,10904.5437583327,0,73.8939587771893,213.641476333141,1.99944460391998,1232.5603300035,64.9989795684814,2.8236722946167,8514.85359603167,2227.09619808197,209.920713305473,2390.63092136383,870.92196932435,4.51948544383049,60.4461760222912,102.289069980383,10440.9772616327,124.905103057623,2946.81844857335,2223.68553066254,6114.00900819898,2821.37282434106,128.013654977083,51.0597409904003,28.643965780735,62.506025403738,22.3406655192375,13.7597028911114,42.1908708810806,3.92135965824127,0,0,0,20.3067077994347,60.4841352105141,0.891260325908661,1.45902931690216,0,0,2.11675673723221,24.0336543619633,0,1.57224869728088,6.83258992433548,2.00053745508194,2.56130433082581,7.68588083982468,0,34.1557551026344,9.05359369516373,74.9582025408745,0,0,6.10267877578735,3.74134275317192,7.87563610076904,3.59308123588562,142.398385077715,686.430272638798,3.4072490632534,0,0.980246543884277,3.81372535228729,0,0,14.7726922929287,86.1661496758461
49.3203177452087,1.24301680922508,17.2147050797939,27475.8880314678,31.9651317596436,597.42681646347,190.980001062155,1200.84227749705,597.921232998371,7944.32380047441,85.5278542637825,9318.26342473924,10.8353568017483,495.457007989287,231.423806577921,0,50.7557698488235,71.6311051547527,73.8939587771893,0,6.43507125973701,8.0412110388279,8.07840731739998,318.288498818874,2.52548480033875,92.6679234802723,69.5452379286289,7991.53150975704,321.153562456369,36.5499196648598,5.9503678381443,1.83810874819756,0.348215728998184,181.38403378427,31.9383516907692,434.123419970274,30.1735198199749,247.608789294958,35.267266869545,195.536707162857,41.3808488100767,94.9727402329445,39.1311040520668,0,24.6630184054375,6.66140142083168,245.083340406418,3.33208158612251,9.14596545696259,0,0.787129461765289,0,400.850280106068,9.74298489093781,66.8220888376236,8.13324642181396,66.1361893713474,143.566207498312,293.606874912977,10.5121528804302,349.419258326292,9.06990656256676,21.9113926291466,92.2283976972103,0.696187615394592,0,0.689253032207489,0,86.4775976240635,0,2.27980649471283,0,263.447867363691,1.53928756713867,0.410283833742142,0.471171528100967,599.094802856445,14.8929016590118,2.4622375369072,0,0,0,9.82686096429825,4.11914619803429
423.355247288942,38.8412960469723,1406.29421761632,0.958479732275009,93.9730517864227,68.8861586749554,1846.30336105824,544.276250988245,45.2013141214848,128.330358177423,50.3402728736401,13.2009502053261,18.4983032047749,582.659295141697,453.726843714714,5775.36181610823,1147.43384894729,171.591283798218,213.641476333141,6.43507125973701,0,712.484511852264,41541.4207336903,1083.47851705551,11.3356755971909,760.782404243946,3680.23870310187,21115.1219268441,2654.59382858872,35670.2547087371,1.8779975771904,7.549655854702,1144.78117716312,17889.239456296,2935.35244181752,21522.9735184312,1888.94985705614,15559.5077826679,6581.32749551535,215.276624500751,224.684657871723,333.44998139143,1365.13344413042,107.866628021002,274.996818572283,247.374865412712,298.869854837656,56.3409973084927,8.28767800331116,7.63724413514137,6.88594806194305,60.6203130781651,1.67065250873566,31.257174372673,9.06057581305504,96.6722818315029,62.5369259417057,68.8513705432415,8.99640035629272,10.404828608036,3.79476651549339,39.9286763966084,67.7886784672737,185.963937878609,2367.95993977785,41.6588909626007,0,3.22109681367874,0,768.774919807911,653.216497898102,986.891869485378,1519.90353479981,0.642412722110748,12.7311978042126,716.817440211773,1193.26992408931,272.041426002979,667.881912708282,0,3.5776327252388,89.2669883966446,202.667100131512,824.053013205528
4.00398564338684,3805.38594642282,34.5580593347549,27.9863709509373,22.9993415474892,23.7144278883934,7.75964996218681,22.4457418322563,10885.8070599139,10.5460778474808,267.952079921961,221.485106825829,1768.70133396983,10.8997060060501,242.958745121956,9934.82002326846,41.5487775802612,1.06841230392456,1.99944460391998,8.0412110388279,712.484511852264,0,730.441983669996,19629.982876718,2238.22766533494,21.3587911725044,19506.5655236542,1608.31045183539,7.27948239445686,12.9635124206543,17.5379545092583,1.9140704870224,2.18736901879311,62.2933020293713,13.2123252153397,192.173246115446,51.7601725757122,87.3012752532959,35.9845173358917,42.0799513757229,6.37803101539612,60.6119386851788,387.233223438263,93.6800287365913,137.969166755676,93.3767337203026,52.9106530547142,2.97164577245712,13.8540366292,2.01347148418427,293.016456484795,122.049661099911,0.520590364933014,0.793192982673645,0.548512816429138,24.6231791377068,16.2047807276249,229.682196170092,6.5025392472744,51.6544499993324,134.879156678915,93.2426203489304,14.3669109642506,23.0700076818466,2224.26898521185,84.7238267660141,3.59527307748795,15.018291503191,1.31214702129364,164.156553417444,2778.24917900562,818.577193170786,683.97078615427,24.8037106394768,126.601659208536,5424.33190611005,246.535732358694,31.1515188217163,68.843823581934,71.0469747185707,3.07783114910126,17.5003570318222,74.7086264789104,60.2091836333275
750.142812430859,51.5002223849297,43616.6237721443,1.34545934200287,107.482349693775,126.527376621962,3140.45371285081,1079.96538114548,33.1402100920677,199.660207957029,157.170507103205,50.1217512488365,15.7412719726562,1793.66701728106,474.163524568081,13983.8884863853,22914.6242363155,1130.77184388041,1232.5603300035,8.07840731739998,41541.4207336903,730.441983669996,0,1599.42316854,13.1274670064449,15567.4576521814,42341.7570726573,6078.19203665853,1875.42546895146,24119.7698707283,5.03350028395653,6.43589079380035,300.794637680054,19691.4183031619,4907.83237871528,56768.7820034027,6462.74112349749,29067.6260855794,18831.9114740789,169.436399281025,296.706882566214,243.266665279865,1431.56024774909,320.562166690826,484.962685674429,715.113664925098,154.130150943995,32.3006597459316,4.01314401626587,2.91585755348206,29.2334265112877,895.596311986446,0,51.1172198653221,6.49156230688095,69.0072229802608,20.5778702795506,127.382807224989,0,11.8411104083061,5.62843292951584,31.7746105194092,31.830349624157,383.086717963219,5695.95535254478,167.445536881685,1.44680100679398,15.1644079685211,0,970.610109955072,1652.18456295133,5471.52135488391,1010.53420329094,1.97015967965126,54.383965909481,10204.2947486341,592.242573022842,129.771662414074,457.446331202984,0,0.890152990818024,61.050863713026,208.323131233454,2286.43546554446
70.2397485375404,1080.994607687,37.2966781556606,1152.51068797708,75.3763909935951,270.328018516302,337.63044500351,533.737494111061,31631.2792271525,928.673380583525,167.402709752321,1250.70574593544,760.126201659441,466.715589523315,822.210201472044,7604.00939199328,59.7572672367096,48.4066196084023,64.9989795684814,318.288498818874,1083.47851705551,19629.982876718,1599.42316854,0,972.560250222683,110.292221188545,5505.70307970047,8815.20275884867,1742.54019090533,285.615521341562,15.7760632038116,23.8805353045464,456.911139845848,715.850736051798,752.897485345602,3941.80793365836,342.918535709381,815.011407852173,391.922942578793,547.057024508715,300.904241025448,390.558547139168,5230.95550581813,121.241735547781,2023.11145040393,657.676692038774,2805.00750809908,615.457395374775,182.289948910475,18.690144687891,73.8075061738491,44.6538251042366,1815.46486580372,33.8167206346989,552.425491988659,572.671968311071,2491.82509899139,6022.16754028201,3139.89917546511,257.542277753353,1680.5504502058,309.320187538862,1930.76024827361,389.804091662169,1709.54204195738,43.640504643321,10.0091633796692,30.4483788609505,423.8041626513,450.185442239046,1711.10998207331,756.25278377533,16276.9591902196,18.1627331376076,25.8348344564438,1814.97007578611,14998.1336106658,1820.86411243677,413.975303322077,8.58425986766815,97.6854735016823,84.2667464911938,1548.20703718066,478.984678566456
0,5597.73332962394,0,3.37725579738617,2.87250030040741,8.14041411876678,1.75388580560684,20.3491772413254,2044.96070021391,9.72820675373077,531.447361588478,55.2065167427063,8774.34912791848,26.3914629220963,53.1947869956493,214.885090231895,0,8.72844713926315,2.8236722946167,2.52548480033875,11.3356755971909,2238.22766533494,13.1274670064449,972.560250222683,0,384.570525854826,8425.7257026732,61.4067378342152,9.93334001302719,1.71930128335953,637.169460773468,1.88706314563751,0,138.127981424332,0,36.7763223648071,118.557145982981,219.466773450375,32.6545670330524,13.1827909350395,4.28115293383598,241.860485285521,33.5249977707863,257.22664013505,51.9928693771362,33.9338802397251,0,0,109.257023602724,0,488.648171663284,1.5661256313324,0,0,0,0,3.08293163776398,7.20887422561646,0,1002.62489187717,17.9657304286957,2299.05640700459,13.4978775382042,0,4.68635672330856,6.19180810451508,12.789183318615,29.5769298374653,0,2.15125751495361,22.2871003746986,0.993957161903381,8.56581518054008,2094.95868340135,659.558544903994,3322.46942290664,2.75721496343613,4.22428441047668,0,616.935213088989,3.88018941879272,0,11.5414144992828,1.64872646331787
295.519898951054,173.498016625643,65634.3801586032,14.7591337859631,5.5667941570282,200.685620695353,887.563627004623,1664.83001068234,66.4686353206635,735.230256289244,6816.77829319239,482.118014454842,374.640713602304,2972.95474177599,63.5382814407349,24.4219642877579,6389.63102194667,5323.9201772511,8514.85359603167,92.6679234802723,760.782404243946,21.3587911725044,15567.4576521814,110.292221188545,384.570525854826,0,34518.2557769418,568.348097264767,2102.15413494408,1180.68490085006,671.365204632282,100.177609831095,65.2153819799423,6834.76923325658,350.211508959532,9166.00098010898,14789.956686765,11227.5526071787,6584.36984747648,168.216995358467,84.7744854390621,220.238880723715,1324.2365565002,1260.80431717634,1079.97274199128,864.250053495169,24.4856652021408,6.94643124938011,44.3561375141144,0,840.912743002176,890.777531981468,0.829902589321136,3.58264541625977,2.37611997127533,4.7968031167984,42.7307512164116,39.47600877285,0,723.254712730646,19.4514985382557,1737.65479302406,103.179505437613,38.2192301750183,26.6961004734039,703.580165058374,296.460161238909,1662.82239672542,0,14.4010870754719,90.7885200381279,109.793052941561,35.5493424236774,897.719531416893,15832.5366587937,35664.0898762643,3.24889698624611,20.2414175271988,14.3908060789108,3725.18858167529,10.6120894551277,0,303.093544334173,284.863959282637
548.863377153873,29458.6697782278,25362.2724172473,13.2172262370586,27.2285341620445,210.308238476515,1120.44032281637,1660.53370922804,4601.25612056255,500.803489685059,1034.22993865609,476.86621594429,2975.10651427507,3707.16184741259,428.746657133102,12596.0385245085,22114.1471997499,1190.79603609443,2227.09619808197,69.5452379286289,3680.23870310187,19506.5655236542,42341.7570726573,5505.70307970047,8425.7257026732,34518.2557769418,0,4440.03084206581,3415.04982271791,2523.7588584125,1207.09215953946,64.8963176310062,129.35111579299,16442.1475332081,2145.46428984404,37336.3619819582,12196.1010857821,27308.8355716765,19994.9612826407,248.776456773281,221.559130877256,284.01180139184,6435.89468336105,2433.80978399515,3718.53267118335,3155.03856864572,189.160909920931,24.6553646326065,80.2519474923611,24.8159861266613,12115.4465520978,10830.2682736814,0,27.7578624486923,4.29506304860115,328.740276515484,116.175523817539,212.951085239649,2.65779519081116,713.488676726818,53.9070372879505,2270.93629032373,242.325349360704,298.829721659422,3585.94298493862,4039.11429476738,416.14599442482,4121.84780862927,0,622.124821066856,5422.91351124644,9433.87182971835,1664.9265602231,2813.9783295989,20614.0039567649,173813.953853786,398.441531479359,120.756896257401,193.55974560976,3059.64232370257,6.35212716460228,10.5382791161537,1484.22980356216,1808.22234678268
569.762816309929,93.3261352777481,766.137887269258,12730.5670413673,118.246222406626,1687.77471479774,48590.4765088111,2570.57441271842,4559.81161034107,18062.5861329138,229.542146995664,8113.34884248674,85.2368961572647,2708.23122628033,1214.30040225387,3118.20438319445,426.056708097458,179.293005764484,209.920713305473,7991.53150975704,21115.1219268441,1608.31045183539,6078.19203665853,8815.20275884867,61.4067378342152,568.348097264767,4440.03084206581,0,7893.55568918586,27245.274333328,5.90998241305351,44.6634601652622,2609.11534923315,4252.08683909476,3124.6383240521,17162.5964404941,1600.48486602306,5137.49928314984,2602.30851346254,1516.11969670653,1028.37679237127,1094.99891498685,5331.27584385872,102.318109452724,1633.60901239514,579.627731561661,3006.27175568044,522.206884503365,127.493657946587,10.2212650775909,37.0584397912025,67.2607659399509,2367.69178664684,60.8266299366951,455.277090370655,448.69699665904,1598.61801236868,2336.36751320958,3277.09692780674,185.456435382366,1187.77386754751,351.890071421862,1195.7190901041,516.051401972771,2189.12991413474,32.2133261561394,0,2.91692405939102,462.104557558894,693.78915977478,1148.29744380713,717.712829858065,10844.7375079393,4.72389808297157,7.40694320201874,1106.12129372358,12284.1495846808,1429.42050465941,897.640919476748,0.653684318065643,31.7461223900318,149.056987553835,1269.05121448636,727.0297524333
3093.78882880509,15.9099017679691,766.813573688269,119.858467102051,24.4346109032631,469.729872837663,6010.22287543118,2955.17768527567,189.178062364459,4383.86410544813,1494.54108282924,698.863525897264,73.3675668537617,13656.5362924933,108.212508529425,14.169769525528,3911.15639604628,1438.28427746892,2390.63092136383,321.153562456369,2654.59382858872,7.27948239445686,1875.42546895146,1742.54019090533,9.93334001302719,2102.15413494408,3415.04982271791,7893.55568918586,0,21612.1363288462,61.4926172196865,946.563284546137,4682.9568541348,12522.4727078229,293.257319480181,1937.76576645672,236.934423655272,4310.00034222007,760.684770986438,404.488652259111,520.162990450859,366.17159666121,535.356842458248,7.30235508084297,171.798185378313,48.9730502665043,331.905707076192,41.4550054073334,18.2220487296581,0,14.1572601795197,40.1034079790115,57.5817599594593,0,35.4860311746597,22.4508485496044,105.521611869335,172.509177803993,95.4793548285961,24.9996100664139,36.7702050507069,40.7930119633675,49.4336646199226,43.7175720930099,27.8217552006245,6.97183537483215,0,5.63481765985489,11.0931823551655,12.8534092605114,44.3824445605278,14.1716910302639,1130.40684655309,6.13063699007034,29.248722910881,287.623575627804,1074.91432482004,105.487116485834,15.3503131866455,5.37135493755341,0,8.88901543617249,189.292899489403,82.7271457612514
13001.5333955884,4.23253417015076,1027.71587345004,11.328562349081,82.262393951416,426.171003341675,17841.5775309801,8412.25096902251,23.3977953195572,595.587651029229,210.562184333801,89.3689001500607,15.6483649015427,11671.4299919009,602.845496177673,37.4141616523266,6848.13656330109,461.72947242856,870.92196932435,36.5499196648598,35670.2547087371,12.9635124206543,24119.7698707283,285.615521341562,1.71930128335953,1180.68490085006,2523.7588584125,27245.274333328,21612.1363288462,0,4.4944943189621,14.6814299225807,5815.79062595963,12308.9793742001,2322.07125374675,9470.24670764804,637.306266844273,6703.66070955992,2553.99508613348,532.177761763334,496.835639625788,347.636889725924,263.097754210234,18.3662094473839,80.2376183271408,68.3692639172077,88.3567895889282,12.5623606443405,2.19374120235443,0,6.37290889024734,21.8475179076195,0.842902779579163,19.0319935083389,3.12382307648659,19.2215068936348,23.872691065073,30.4810115695,5.58320170640945,4.03830781579018,0,13.6470485031605,31.5224133431911,89.0888257622719,154.051110267639,8.3626894056797,0,0,0,53.9552062749863,36.4448908269405,63.5749539136887,242.157183676958,0,3.02400344610214,223.573844283819,199.432733803988,42.7860543131828,52.1135137975216,0,0,11.0611649155617,56.2299137711525,506.995232582092
