0,0,0.0161801445299216,0.000123938466302901,0.000415206710872865,0.0036390093835582,0.683693801839579,0.040227847886143,0,0.00269756952266086,0.00063881399095872,0.000461242846330276,0,0.671471061261975,0.00115646713780992,9.21024193321588e-05,0.0196300307580429,0.00116782860591243,0.0044716618120701,0.000113750807480812,0.0254196807439793,0,0.0675753023420248,0.000287634440673351,0,0.00480994961316603,0.00370706243931862,0.0134283877760922,0.903532342266401,0.420134896864993,0.000112095337138557,0.000941712977013781,0.00187784623826406,0.0141819810294002,0.00156955357184778,0.00693954262546832,0.000972975730763743,0.0179831264826141,0.00347755867909512,0.00049258965957669,0.000517622655113674,6.48745238643944e-05,0,0,0,0,0,0,0,0,0,8.14130029556334e-05,0,0,0,0,0,0,0,0,0,0,0,0,0.000109879538817299,0,0,0,0,0,0,0,0.000138077632621694,0,0,0.000202453594261715,0.000227053096559649,0,0,0,0,0,0,0.000215180226057625
0,0,0.0013240476624307,0,0.00222364649330421,0,0,3.14945684474319e-05,0.334400552483777,0.000352798726778871,0.00325940662196697,0.00053334432152043,0.0231857388064791,0,0.00942489283310768,0.0112860320809217,0.00017820085026117,9.80003806512058e-05,0.000311388028996051,0.000171919856414276,0.00021394009467318,0.203519512138666,0.000770379084787625,0.408669059551964,0.0796026620719769,0.00704658129024964,0.553207667307252,0.0114830755301668,0,0,0.00134264627356406,0,0,0.000693002968155599,0.000115837958821965,0.00283369098795109,0.00234185478867451,0.00212111998034364,0.00090225112158092,0.00428314781945706,5.43478167354882e-05,0.0308708319561104,0.00277391187031834,0.00287866247523507,0.000855426423786164,0.00208502156415705,0,0,0.000248016811060727,0,0.0596882604970661,0.00387448409006877,0.000315390441067916,0,0,0.000174228267809319,3.89111624897867e-05,0.00288775820418998,0.000229740111652077,0.000928875219828936,8.13080695915699e-05,0.00526549990419519,7.49288739086419e-05,0,0.00185702954082559,0.00495790831477475,0,0.000777414176529271,0,0.000265385492323893,0.0033134527853213,0.00238929969929871,0.00979607379101733,0.00601987884085549,0.0232757161988962,0.280483964339457,0.00306848233278767,0.000199137707314169,0.000389129433406627,0.00278443325598428,0,0,0.000200744894576147,0
0.0161801445299216,0.0013240476624307,0,8.27956588127582e-05,0.00150986591961846,0.00796850772903293,0.236604192050815,0.153123404139462,0.000155755120587432,0.00393382027315723,0.0191327916504488,0.00124725143567169,0.00124054014146353,0.186080902818205,0.0148008880037166,0.00212324172119403,1.57667505585094,0.0377238508970952,0.150273790834071,0.000288862354763573,0.495291049941635,0.00118759218828359,5.28355507957351,0.00305036955650874,0.000310562113421934,2.16809217633237,2.05812312360001,0.168312823785017,0.0393730776085489,0.11366345355492,0.000361088065269381,0.00272340733429394,0.00262901570987913,0.167960551704054,0.0487733514559378,0.724841373951854,0.23399415809495,0.529533845056029,0.374220464714756,0.00398274067832275,0.00421661285446451,0.00256225075469069,0.027648439564296,0.0126646713713737,0.0148764563310991,0.0181986371126665,0.000434649352624991,0.000224105957567721,0,0,0.0450909124189069,0.150676347326414,0,0.000394623292147255,0,0.00122210054398116,0.000253706220077521,0.000897773122762318,0,0.000200490531098991,0,0.000264331190349639,0.00147790372209586,0.000384503944234007,0.00348461818580691,0.0535630190241986,0.000615343818358189,0.00796876854447739,0,0.000632121949656403,0.00577815331834281,0.0327729417676747,0.00206269038571729,0.000877294762467409,0.107954126206631,0.759143723412152,0.00173199870814841,0.000709477285607731,0.00294852685889527,0,0,6.38428859273136e-05,0.00221218855713264,0.0189962318363911
0.000123938466302901,0,8.27956588127582e-05,0,0.0190302998128275,0.0131728936376474,0.00797242496336543,0.0329205355763231,0.196759282237776,0.374390825686607,0.00210911443865841,0.756249325574487,0.000699149012644595,0.0077860124581638,0.0421163737071124,0,0,0.000672599223599612,0.000194140507823142,2.36474033062348,5.55794239700496e-05,0.000175413482676941,0,0.350238645910783,7.04970344897032e-05,0.000445601070531944,0.000146810714911237,0.557851962211172,0.0141722171233329,0.000584913701901227,0.00010250203913554,0.00694664732292639,0.000160578018869823,0.0100697382584665,0.00288962982892443,0.0317543657685065,0.000689335526237139,0.0196634444005274,0.00082020336373347,0.0368711173886042,0.00407609827136829,0.00553263449518197,0.0130021812481537,0,0.00347898883084837,0.000711871885084415,0.0298174715154084,0.00102472608257402,0.000222600513244319,0,0.000862380901494697,0,0.130276606614635,0.00459735368815657,0.00775717770649282,0.00868168498859952,0.0025355546695555,0.0706475102016027,0.0688516866686213,5.34490829488814e-05,0.0383012309695533,0.0119790743347163,0.00135673741429273,0.0120921619285138,0.000415572803001577,0,3.27149466594637e-05,0,0.00987262294985325,0.000193250874473881,0.00360271687865855,0.000248068596006951,0.233631228563173,0.000200084116013858,6.92158076784074e-05,0.000596175616957524,0.26705236661522,0.000578824243936553,0,0,9.13865624020998e-05,0,0.00710061878231685,0.000527444932970303
0.000415206710872865,0.00222364649330421,0.00150986591961846,0.0190302998128275,0,0.553416836212568,0.041783903027692,0.153949848286892,0.0880696285781046,0.202769563383678,0.00165366347016048,0.141151542196843,0.000443685988818187,0.00936007157046637,0.429011283373583,0.00435512145201727,0.00106792585620368,0.000420548047166395,0.000116806391511899,0.0101239484749218,0.0307544551905808,0.00139747158492564,0.033712237535125,0.0854059714906682,0.000664504574632504,0.0010028151354048,0.00523168433185857,0.0934700891378834,0.00285939370308906,0.00543300853021113,0,0.0285297847374503,0.000283343978056741,0.42781368709733,0.104393788122482,0.232526597251639,0.00642912446118306,0.028134584630598,0.0102422957389486,1.39941967339351,0.790175715381068,0.00865747433565434,0.00264535763325651,0.000717702290799039,0.000374553612850744,0.00121167152861257,0.0334306287267404,0.000103054117620813,0.000280456596396327,0,4.99932611438096e-05,0,0.00727767619732535,0.00309790400994331,0.00985980241998516,0.000837958508274108,0.000479665145379603,0.0128186289140351,0.0113094237460037,0,0.0239104159240648,0.0130813429804555,0.000369588403444648,0.00993314993411929,0.000687833635277712,0.000125674366756737,0,0,0.0027933771834645,0.000784418702964777,0.000378910601111203,0.00150982661681346,0.0228241916117616,0,0.000172168856739592,0.00081318599221825,0.0242083113371348,0,0.000132909771116054,0,0,0,0.00320513474275314,0.0430834539827945
0.0036390093835582,0,0.00796850772903293,0.0131728936376474,0.553416836212568,0,0.188836341150161,1.43493723704829,0.050841797778768,2.35891862055821,0.0124714713622384,0.830349221895088,0.00265057409173516,0.0946214861844212,0.235916674561935,0,0.0136957269613899,0.00296762561152589,0.00333706791996787,0.0152783237160588,0.00826735877630651,3.24398858793706e-05,0.033693707308469,0.0251877315091315,0,0.00749820403017456,0.00335433879421322,0.228510485337006,0.0503374012323777,0.0619446648030078,0.000691927983592129,0.0483150339771947,0.00165613476001095,0.0431167258634676,0.457158142211081,0.236872842297448,0.00259861761538683,0.052341206383625,0.00916692329968384,0.490191163636546,0.03311709746505,0.0133173610769982,0.00489396565019082,0.000172941680298471,0.000548873027266174,0.000163933846217007,0.0342796300921707,0.0002670249737544,0.000232253298827273,0,0,0,0.0104123266550293,0.00416467660703228,0.0100126733419808,0.00269866697017397,0.000481652905525488,0.0135894577262022,0.0186866953650643,0,0.0332851988652553,0.0209113131332593,0.000433911908211786,0.0117439877026358,0.000528995577849126,0,0,0,0.00373271796019177,0.000553976594709205,4.55236834790289e-05,0.000658755565230569,0.0480165335383093,0,0.000142904616414356,0.000115049965415222,0.0447122903465365,0.000123320644453355,0,0,0,3.98078510689705e-05,0.00543900006835278,0.0378247684546948
0.683693801839579,0,0.236604192050815,0.00797242496336543,0.041783903027692,0.188836341150161,0,1.49701617855175,0.060226332420993,1.1251057570513,0.0660630664365351,0.027584011273302,0.00983898775549267,2.56849364741456,0.0669278936979298,0.00119448500323355,0.0469794977200994,0.0263692580707762,0.014436998980288,0.00606352949934415,0.213864744839672,0.000140787110663754,0.201595675919439,0.161884871696074,0,0.0648149604572899,0.0653112821495744,5.35153488174484,0.82020048815712,1.16919545706871,0.00384163310768823,0.0680778994957965,0.059602437330457,0.279727990467161,0.101614581744744,0.551117603090463,0.0250929658839621,0.38059402687629,0.0487712059082844,0.0718095065846557,0.0535665512322939,0.00776418001360852,0.0168322595813059,0.000599515322969458,0.00410305216544398,0.00152421006035266,0.012034243079074,0.00216810002807249,6.29466387598037e-05,0,0.00163816737983287,0.00346963204857715,0.0151643237954475,0.00149673401795548,0.00216860675641284,0.0081756145135021,0.00300135390941769,0.017951465548559,0.0284194953920349,3.30940506234109e-05,0.00562669779023678,0.00455907774158858,0.00223648669296699,0.00426161513511732,0.00548773951680254,0.000603700739416799,0,3.25261058407426e-05,0.00284675727622102,0.00309335210900133,0.00159045227621843,0.00448654087999375,0.168717029060315,0.000282452650177109,0.000580405203988233,0.0178398068435869,0.1903612024975,0.00118707323038759,0,0,3.34946758587539e-05,0,0.00519206738398175,0.0113644266667092
0.040227847886143,3.14945684474319e-05,0.153123404139462,0.0329205355763231,0.153949848286892,1.43493723704829,1.49701617855175,0,0.0321363684583941,1.47121519801447,0.0442793609986405,0.263937874838893,0.0067276437360856,1.04356648732011,0.0483189527196838,0.000410766688171947,0.139939593898207,0.0154308022868357,0.0464992224579563,0.0375217157629641,0.140321212748764,2.87866917488337e-05,0.395718332853397,0.0795823082903179,0.000230126756398788,0.0580932680148628,0.0363802204667765,0.470286075355047,0.363968439575872,0.519686514867579,0.00203134947267359,0.0743558797933116,0.0199216754237747,0.171735772745568,0.0534234469261428,0.368017605155639,0.0148603224842803,0.231487172687562,0.0509814739788626,0.196402261844842,0.0164332963957914,0.0164681447365694,0.0359349732024149,0.00019637486260072,0.00420050348392302,0.00235870573818522,0.0247127682122395,0.00159809403680799,0.000992456549721099,0,0.000252295767546368,0.000444777644029212,0.013401078204751,0.00136041473157124,0.0045396054663994,0.0132143924902461,0.00179877199620834,0.0177119208155172,0.0251307639067538,0,0.0111328795162074,0.0250094425138636,0.000744801338199157,0.00596765428293609,0.00156888015910247,0,0,0,0.00270656480838935,0.00147675348419882,0.000584402620751321,0.00127752935583574,0.171355502893229,7.4950000361818e-05,0.000105544201799449,0.00386451448125679,0.237320810624456,0.000936119722173318,0,8.14667521838069e-05,0.000104474962944603,3.50256926318049e-05,0.0101759758174621,0.00455070060386381
0,0.334400552483777,0.000155755120587432,0.196759282237776,0.0880696285781046,0.050841797778768,0.060226332420993,0.0321363684583941,0,0.180840304265871,0.0179200315736729,0.203696556845922,0.0757024223218922,0.00599901723468376,0.180707942448494,0.0106580119198187,0,0.000609030304732355,0.000174510256300408,0.0387398033855972,0.000803973156746221,0.388919127056995,0.000871574412944558,3.35610762358066,0.133303293834022,0.00748812692535852,0.40665192850598,0.618689615838962,0.0049845992844391,0.000297024532359945,0.00339142672294946,0.0096595547315186,3.78611520179182e-05,0.00753693931708741,0.00124917928889655,0.0284486633285942,0.00342145395561468,0.0101027359170418,0.00053382461665836,0.268829015754776,0.00307064318761695,0.0491352340573158,0.0241966367781842,0.00135704136546688,0.00348689784168368,0.000811107168844014,0.0310598333432324,0.00135009747428166,0.000857801711502113,0,0.00593528041262485,0.000770535739338448,0.0324782017197447,0.00791961972838886,0.0145345421295612,0.0088220613338208,0.0023779484793039,0.372210915014817,0.0374209994756003,0.00031117094763934,0.043435243757744,0.00361227353704033,0.00248000828034467,0.0202828620709846,0.0358465191118757,0.000195362541328952,0,0.000259698167751115,0.00708819381371126,0.0135219108838018,0.0911214148061453,0.0049929759586816,0.543206564294664,0.00813870741641497,0.00343454117905939,0.0370803868205245,0.264138014098261,0.00299673565449195,0,0.000150863931014496,0.000552916941844547,0.000209768999582374,0.00276781962655554,0.00290951681773821
0.00269756952266086,0.000352798726778871,0.00393382027315723,0.374390825686607,0.202769563383678,2.35891862055821,1.1251057570513,1.47121519801447,0.180840304265871,0,0.143991558466946,0.9844743703224,0.0214573988076549,0.493081180465798,0.159428278652195,4.56950296817362e-05,0.00655203204730559,0.0406913069771107,0.00986486532850838,0.417024309844536,0.00277164844122516,0.000116474003616786,0.00523121025572067,0.15334765596397,0.00047280006089192,0.0557371497092963,0.00859828050537848,2.27769357621469,0.423670495122072,0.0153899272887127,0.00403848650223248,0.231209143661642,0.00296006349141146,0.305627890060872,0.109424463124745,0.541045327372083,0.011146942176074,0.35896343746158,0.0144622348903193,0.281660554304981,0.0801654268616754,0.0239326705371975,0.0261756650630184,0.000463713003224116,0.00555082564900819,0.00118041641128457,0.0686551660862178,0.00163484517088924,0.00102981102244441,0,0.000307805463185644,0,0.0989709154710511,0.00590704065446301,0.0230308076200178,0.0180760315379591,0.00465340898333867,0.0554119391532889,0.115807471328121,0.000227297305116016,0.0797829560179231,0.0322206557845815,0.00196624328370124,0.023084098613828,0.000759238952759904,0,0.000182200452012044,8.82702572906761e-05,0.0196803516864292,0.000534951614230752,0.000983897724499024,0.00129524298560843,0.332287777501484,0.000364942219421378,0.000267156742495957,0.00033737967014524,0.442268252415673,0.00100597987318601,0,0,3.53116832554042e-05,0,0.0122493687564579,0.00645029462882865
0.00063881399095872,0.00325940662196697,0.0191327916504488,0.00210911443865841,0.00165366347016048,0.0124714713622384,0.0660630664365351,0.0442793609986405,0.0179200315736729,0.143991558466946,0,0.0507413654699262,0.711718764421503,0.0368864101965944,0.00297230269681863,0.00066753080478727,0.0470781882405461,1.45933917021859,0.05672047678414,0.00834874544660353,0.0151641511740555,0.00805526551619773,0.0451517955488253,0.0142613718960497,0.0240836902522009,0.931847068715321,0.0911692306448083,0.0445958579827543,0.116242835138646,0.0191640709399705,0.132774696635114,0.130627921124088,0.00145493402940819,0.950718839890495,0.019708306501094,0.237665604502568,0.437436583629091,0.647513758881717,0.177238137221856,0.00390194300814529,0.00340565235445833,0.113415220658131,0.00167153512286019,0.072647724760704,0.00365336357376485,0.000212385295620048,0.000668340218921637,0,0.0527032497250641,0,0.00867941418057451,0.000202152637330079,0.0003091840899351,0,0,0,7.95655773900688e-05,0.00637524144848804,0.000258262726414639,0.0495923626795449,0.000584553107800144,0.218054938553138,0,0.000134383875210601,0.000520119147118443,0.000133027220953363,0.000299031822520119,0.000128705295493544,0,0,0.00360723213017015,4.31724208195865e-05,0.00234003606712919,0.0417594861128807,0.017879738216356,0.0342788212837513,0.000892007805651313,0.000108546750217902,0,0.0642601175431246,0,0,0.00375799633157377,0.00454113568127458
0.000461242846330276,0.00053334432152043,0.00124725143567169,0.756249325574487,0.141151542196843,0.830349221895088,0.027584011273302,0.263937874838893,0.203696556845922,0.9844743703224,0.0507413654699262,0,0.00681811860926846,0.0976227918328297,0.469794891326806,6.57185520308673e-05,0.0023689876604703,0.0140037710296559,0.00366972470345462,1.88256290653314,0.000485781065974135,0.000358430173538292,0.00166918264877093,0.155610867556445,0.000218466800817728,0.0264514362682256,0.00498772439326113,0.171074067780338,0.0826156714026967,0.00231141442410985,0.00173641429871317,0.0732431342243235,0.000278590136178464,0.081439994092593,0.136414235651374,0.124338439144052,0.00337064951959438,0.0686995965499266,0.00438097957594422,0.303203906785059,0.0123444453733176,0.00964516900490009,0.00648724644827521,8.06609110317111e-05,0.00181973185326184,0.000721831265406996,0.0694892464790429,0.0007114609308159,0.000704497691085637,0,0,5.60982788699925e-05,0.0973999428048127,0.00984332704559722,0.0238618537465434,0.00323275401342939,0.00337712817513662,0.0358542767160546,0.0498971384474942,0,0.205840005858955,0.0143923731624859,0.00217598883941914,0.026556121154301,0.000277497487791172,0,0,3.46466205475896e-05,0.0224262987612742,0.00025692719615829,6.71662842301786e-05,0.000342323713861566,0.0880154289923143,0.000174308241795504,0,8.26706117900821e-05,0.105106582805647,0.000374322663810608,0,0,0.000275940346803879,0,0.00633003024278533,0.0121748028627256
0,0.0231857388064791,0.00124054014146353,0.000699149012644595,0.000443685988818187,0.00265057409173516,0.00983898775549267,0.0067276437360856,0.0757024223218922,0.0214573988076549,0.711718764421503,0.00681811860926846,0,0.00366284256085801,0.00151235504004827,0.00136213977575019,0.000207477719864857,0.00403146180573575,5.09113581891835e-05,0.0013543208643944,0.00227010812264023,0.0493163244325363,0.00463669341233609,0.0435032643844601,0.430368055482833,0.0435292678922265,0.272663567294978,0.0124376671979413,0.0105831259290542,0.00222462718497726,0.305025878721642,0.013169918108528,7.29876802420795e-05,0.124904770885849,0.00478144471127303,0.0540058244580344,0.434613226267446,0.1928876233737,0.0466460269783904,0.00240755384992769,0.000938390363442787,0.369233698030334,0.00167055342329716,0.328630306947674,0.0165265125973209,0.00117225200455925,0.000159972357911897,0,0.295455848732034,0,0.0490973401525517,0.000188897733851847,0,0,0,0,0,0.0209605532994937,0,0.207305249693152,8.17490594722151e-05,0.942727306284426,0.000540924507633751,9.9514594353199e-05,0.00322067083478756,0,0.000506773884218252,6.51623733215988e-05,0,4.26905169813335e-05,0.0177891601828126,3.83475705166817e-05,0.00708994423660917,0.277344062794529,0.0631083922996504,0.234815251499112,0.00141708781917544,9.59593568299894e-05,0,0.252163281299943,0.000432342302249277,0,0.0141884454690343,0.00053941827367391
0.671471061261975,0,0.186080902818205,0.0077860124581638,0.00936007157046637,0.0946214861844212,2.56849364741456,1.04356648732011,0.00599901723468376,0.493081180465798,0.0368864101965944,0.0976227918328297,0.00366284256085801,0,0.0150587720356992,0.000455417288787204,0.244794456468465,0.0233923495741979,0.0855562359993429,0.0158483116511335,0.212468704944084,0,0.654540860652722,0.0183135452549632,6.91837464771509e-05,0.0791955157687867,0.0592102143589721,0.23547902351674,2.22816575411882,1.58887253784222,0.00131466240174964,0.0170013644181469,0.0167137180372878,0.23144052016239,0.0193203562303105,0.200242910888963,0.0126550746965714,0.237770058608812,0.0495339509473777,0.0180432927035712,0.0100089245773183,0.00424862098577637,0.00714379880522638,5.34684560167968e-05,0.00110920840236838,0.000283220228293929,0.00231215377149784,0.000227912706558215,0.00023087761482231,0,0.000281898443106651,0.000797474637678656,0.0017122638469635,0.000374205947207135,0.000550096362936423,0.00150442241614069,0.000206599330251849,0.00304222984676658,0.00242590420377872,0,0.00283403067630484,0.00528131053467256,0.000187495126187057,0.00180720035240101,0.000873654070096397,0,0,0,0.000175670551026743,0.000572834949637577,0.000314106399031055,0.000790027105582527,0.0298223920171689,5.65255016109824e-05,0.00010195678781749,0.00432311490243057,0.0317992232367028,0.000186107622158378,3.83250560690194e-05,0,0,0,0.0013769129195858,0.000987185912864024
0.00115646713780992,0.00942489283310768,0.0148008880037166,0.0421163737071124,0.429011283373583,0.235916674561935,0.0669278936979298,0.0483189527196838,0.180707942448494,0.159428278652195,0.00297230269681863,0.469794891326806,0.00151235504004827,0.0150587720356992,0,0.0136258088186924,0.002354704493402,0.00582913950071532,0.00355486804692517,0.0164919085533815,0.0881313426753087,0.00484815340363904,0.0974875890138971,0.239410356675438,0.00137241793867918,0.0168871725202417,0.0610019697389697,0.285233066795304,0.00751543446375371,0.0174196458874835,0.000355638480119658,0.0077198136502316,0.000462861873234266,0.00548277956019537,0.418428775604794,0.105018023085294,0.0666115893385137,0.0151177282516187,0.0768854822986467,0.266851487914051,0.0156108133688243,0.00673485911997322,0.00622283998497372,0.00235937878308747,0.000814768960693047,0.0104112949704987,0.0455098738633091,0.000738631886630002,0.000197345978092718,0,0,0.00093870956293799,0.0144499904860634,0.00603593106084663,0.0164305488263741,0.00184551939055754,0.00114555005600566,0.0176904487541663,0.0256558616821932,0,0.0415925434452949,0.0102654450935444,0.00109947006384614,0.0185364129767644,0.00128931838264258,9.44487676082965e-05,0.0001020833846856,0.000146603783570743,0.0041944755219614,0.00192164330564812,0.00046917577186917,0.00509960612883835,0.038409464030565,0.000166360536322391,0.000903654913700373,0.00337298417291345,0.0522465289868402,0.000284541469073475,0.000117698906298477,9.14007611442804e-05,0.000167603066043597,0,0.0030348141502613,0.174711535450246
9.21024193321588e-05,0.0112860320809217,0.00212324172119403,0,0.00435512145201727,0,0.00119448500323355,0.000410766688171947,0.0106580119198187,4.56950296817362e-05,0.00066753080478727,6.57185520308673e-05,0.00136213977575019,0.000455417288787204,0.0136258088186924,0,0.000864889274830366,0.00125758341404061,0.00112597711443194,0,1.02730044489013,0.76309082491409,0.790949064143818,1.18227277162078,0.000701004265910513,0.00500144343866232,0.819604403147265,0.902016491751069,0.000198441620722532,0.00057835339255616,7.23946828946233e-05,0.000264762778161627,0,0.00447551709182187,0.0425786560166278,0.548372000071494,0.133170300525747,0.0762674900789085,0.0931702178558083,0.00412402310683508,0.0019364548473948,0.00113035716645236,0.0564489268306511,0.00685559451679559,0.020192808400178,0.0208947159194402,0.000942357104546816,0.000486050096580303,6.4997908236432e-05,0.00023517228311126,0.00658129408792931,0.0121492786005183,5.04453647894919e-05,0.000386655134599912,7.36389880716741e-05,0.0204902121100705,0.00234333416028171,0.00435932354401674,0.000246294604177934,0.00044747560122658,0,0.00355786979344575,0.00505764949554938,0.00309999526396074,1.30536122566911,0.00256003932389271,0.000336707922502852,0.00171525616689255,0,0.0970960359434823,0.331131610224434,0.708916450939623,0.134976203782587,0.0005494818197947,0.0132225940908095,0.426486204482057,0.105417334382768,0.00182398276539246,0.000838827444320432,0.000104436197190475,0,0.000288735512666756,0.00160274599106275,0.0102067405215157
0.0196300307580429,0.00017820085026117,1.57667505585094,0,0.00106792585620368,0.0136957269613899,0.0469794977200994,0.139939593898207,0,0.00655203204730559,0.0470781882405461,0.0023689876604703,0.000207477719864857,0.244794456468465,0.002354704493402,0.000864889274830366,0,0.107581747228011,0.758820565876555,0.000248178085720405,0.261275241057748,0.00058756942581054,2.20994314204007,0.00302908383954833,0,1.60543943273885,1.21594410564013,0.0834584859494613,0.202703189217601,0.378945368911517,3.97150884056747e-05,0.00563543714302438,0.0173391558027696,0.624640358725964,0.00868155102751333,0.112055036544541,0.0652707883349548,0.252960523394596,0.0887887183336964,0.00190333170038521,0.00129952275625339,0.000400990552548975,0.000409552536316806,0.000656506864573586,0.000363505814336079,0.000660128318752474,0,0,0.00023241810723263,0,0.00289271411942805,0.00718935717875842,0,0,0,0,0,0,0,0,0,0,0,0.000502262794237816,0.000258557403039068,0.00192925751479237,0,0.000280812918613321,0,3.21117404409021e-05,0.00015554138905487,0.000459984200178393,0.000163685772856206,0.000202508959547073,0.0162977806380526,0.0479771899346116,0,0,0.000137265042775559,0.000120097120446312,0,0,0.000197391002083468,0.00145173987399119
0.00116782860591243,9.80003806512058e-05,0.0377238508970952,0.000672599223599612,0.000420548047166395,0.00296762561152589,0.0263692580707762,0.0154308022868357,0.000609030304732355,0.0406913069771107,1.45933917021859,0.0140037710296559,0.00403146180573575,0.0233923495741979,0.00582913950071532,0.00125758341404061,0.107581747228011,0,0.32873258338866,0.00238766915400232,0.0330491084752896,0.000228830980168259,0.0813679067965267,0.00183486621898403,0.00012125865602991,1.1138189183494,0.131830602499609,0.019850562810052,0.0517273168573341,0.0154721325005566,0.00449066726498655,0.0320878463242684,0.00226496928640444,0.310353922231215,0.0271070524400619,0.25842996745935,0.247125588869764,0.443148404926363,0.230443572999286,0.00160090094176336,0.00096688895069656,0.000615620451054299,0.000458279014620209,0.00273705300726575,0.000185352685581446,0.000100216213304484,0.000174413140827548,0,0.00035529551305809,0,0.000570495244607132,0.000326820985192839,0,0.000224011981022322,0,0,0,0.000339338613465673,3.57586787871033e-05,0.000974748221793066,0,0.004669322308242,0,0.000114727161058009,0,4.44975582832992e-05,0.000369144171640486,0.000259036722166741,0,0,0.000102222713828218,0,5.53847614218056e-05,0.00069997148765994,0.0196430711599703,0.0258025096706908,0,0,0,0.00937306250485893,0,0,7.679035353145e-05,0.00449601129879587
0.0044716618120701,0.000311388028996051,0.150273790834071,0.000194140507823142,0.000116806391511899,0.00333706791996787,0.014436998980288,0.0464992224579563,0.000174510256300408,0.00986486532850838,0.05672047678414,0.00366972470345462,5.09113581891835e-05,0.0855562359993429,0.00355486804692517,0.00112597711443194,0.758820565876555,0.32873258338866,0,0.001052881538463,0.0853356664825183,0.000163152601504302,0.251098838282392,0.000705978298645515,0,0.762119654446719,0.229281011057525,0.0268655036146423,0.0744359830199297,0.0456017292465979,0.000109378006873274,0.00815202663357411,0.00611279842109689,0.279940252684945,0.0130852089252037,0.159403712000735,0.101416139172534,0.264247672904266,0.136909608752422,0.000724517397676075,0.000999596148128855,0.000427805948807365,0.000266025671674729,0.000375095894449141,8.85813323587951e-05,5.36230923353553e-05,0,0,0,0,0.000440638977982723,0.000508983044198391,0,0,0,0,0,0.000127852341002107,0,0,0,8.55204415784713e-05,0,0,0,0.00032925596893312,0,7.50300675349116e-05,0,0,6.03915959487617e-05,3.25595427750498e-05,0,0,0.00726526974593948,0.0118782244013851,0,0,0,0.000791342117552894,0,0,4.15298691256582e-05,0.00245413723041254
0.000113750807480812,0.000171919856414276,0.000288862354763573,2.36474033062348,0.0101239484749218,0.0152783237160588,0.00606352949934415,0.0375217157629641,0.0387398033855972,0.417024309844536,0.00834874544660353,1.88256290653314,0.0013543208643944,0.0158483116511335,0.0164919085533815,0,0.000248178085720405,0.00238766915400232,0.001052881538463,0,0.000232564533294052,0,0.000368107906237689,0.0959890011600972,0,0.00403427687190253,0.00050564947135644,0.236094820542273,0.0235719298065129,0.000534068168001789,0.000397924484990629,0.0119041952152601,4.59645262224495e-05,0.0145626092295468,0.00233613404923801,0.0366201465181973,0.000515969460493827,0.0192655080832516,0.00126760137950148,0.0192658884133591,0.00618556551321175,0.00180906743059522,0.00440731841680247,0,0.00105083411907709,0.000535858033485061,0.00942892915785756,0.000450546953463578,3.13328916126728e-05,0,3.28054507663608e-05,0,0.0637764235328525,0.00118210377852485,0.00378254869846178,0.00368521865048331,0.000953700933348372,0.010257533826605,0.0195964492491509,0,0.0133552970703654,0.0034084236031596,0.000139352302017343,0.00262382844342585,4.55037414805114e-05,0,0,0,0.00245756442912284,6.90154607287168e-05,8.9982664834306e-05,0.000155893508051813,0.0540800642073944,0,0,0,0.0747554970037897,0.000179617050953234,0,0,0,0,0.00270235596279126,0.000225425121260113
0.0254196807439793,0.00021394009467318,0.495291049941635,5.55794239700496e-05,0.0307544551905808,0.00826735877630651,0.213864744839672,0.140321212748764,0.000803973156746221,0.00277164844122516,0.0151641511740555,0.000485781065974135,0.00227010812264023,0.212468704944084,0.0881313426753087,1.02730044489013,0.261275241057748,0.0330491084752896,0.0853356664825183,0.000232564533294052,0,0.0256598499936144,6.46144803624135,0.0184773453804181,8.10631940131187e-05,0.105102588142801,0.244908176977939,1.18416063020386,0.0995264434929188,2.45410615527347,0.000216165979251191,0.0050000705919535,0.0370217295138769,0.95978254630691,0.26645223747989,1.66239720966787,0.128856458211215,1.64546816514766,0.648816116430335,0.025760985780241,0.0273065214881447,0.00464746160598271,0.00985035910631208,0.000653953609479824,0.00174610830478961,0.00288994282413333,0.000684060541475076,5.2273824366796e-05,0.000141892959712386,0,0.000712899756308544,0.00463843751814249,3.81627367350459e-05,0.0033141575701752,0,0.00107206188604156,4.73232207825363e-05,0.00131382189506742,0,0,0,0.000716936990856916,9.24798483840312e-05,0.00980437492500868,0.146435358995885,0.00084742938565391,0,0.000131766622780967,0,0.0313245420631777,0.034211206061778,0.0635656344480575,0.0237694392319917,0,0.000880283433393288,0.0503556835254532,0.0204698613226539,0.000139762115972367,2.79505697558999e-05,0,0,3.099428471753e-05,0.000165111100960773,0.0549229505988129
0,0.203519512138666,0.00118759218828359,0.000175413482676941,0.00139747158492564,3.24398858793706e-05,0.000140787110663754,2.87866917488337e-05,0.388919127056995,0.000116474003616786,0.00805526551619773,0.000358430173538292,0.0493163244325363,0,0.00484815340363904,0.76309082491409,0.00058756942581054,0.000228830980168259,0.000163152601504302,0,0.0256598499936144,0,0.114356993076131,1.33438059157093,0.0744388420286286,0.00551525320425865,0.747075676183495,0.106162207609763,4.62026383931399e-05,9.4569282804453e-05,0.00258270339785101,0.000235916937248475,0,0.00313356009730051,0.000422398356621564,0.00752992044722478,0.00473119682916192,0.00469928025398811,0.00187006343193092,0.00199588715277985,0.000286955186580217,0.0457264590512272,0.0208862741296189,0.00360670770122169,0.00524433770893489,0.00672873100905962,0.000400548066773212,9.91285455122471e-05,0.000562981432095861,4.52542359840572e-05,0.0250929820445339,0.00440172188570647,0.000142928393789864,0.000163760288051355,0,0.00350557678238486,0.000585551826235491,0.00590080564345111,0.000142879112628746,0.000787934777463353,0,0.00367417812054755,0.000641803010109365,0.000277044037839883,0.361569997760156,0.00273806758709392,0,0.000341600980718541,3.8447589497441e-05,0.0197576653187865,0.269937453744183,0.130062058350314,0.0726055797157465,0.00475089713271732,0.0142834268513253,0.462871606297919,0.0381560356963023,0.000346611893398907,0.000299821512909519,0.00216549889207353,0,9.74623341525908e-05,0.00115630024496055,0.00184752856162191
0.0675753023420248,0.000770379084787625,5.28355507957351,0,0.033712237535125,0.033693707308469,0.201595675919439,0.395718332853397,0.000871574412944558,0.00523121025572067,0.0451517955488253,0.00166918264877093,0.00463669341233609,0.654540860652722,0.0974875890138971,0.790949064143818,2.20994314204007,0.0813679067965267,0.251098838282392,0.000368107906237689,6.46144803624135,0.114356993076131,0,0.0646054268699102,5.05991231892765e-05,1.19363173076386,2.22610928082281,0.983231742490088,0.25279429804305,1.51876653467188,0.000695745880679679,0.00710741388588819,0.0299520788577313,1.29229346828305,0.372822085123947,4.29411313837594,1.48567433678569,2.55404697185169,1.75020208959053,0.047152411015175,0.0233832158936482,0.010277406150742,0.092299977207473,0.0117035488830062,0.0447477975506406,0.0463109505207915,0.00238622326347061,0.000618617893811056,0.000385108447712433,0.000510791887931359,0.0228175205448706,0.152693173236769,0,0.00660886326328514,9.74343094158651e-05,0.027233792112205,0.00330114557063661,0.00196839485662393,0.000193266647584367,0.00017103833523067,0,0.0100657117477696,0.00794332888372198,0.0163849425106297,0.975742973376957,0.0256604750448063,0.000398704076861843,0.00323659962381321,0,0.0552838701355575,0.186098715277599,0.858014534469671,0.0863497168128588,0.000817451475838685,0.0186222541578744,1.1364461153909,0.0746422849662322,0.00248803432412849,0.00198056599880323,0,2.84088090238511e-05,0.000131232732908949,0.00383721873100558,0.115346352455937
0.000287634440673351,0.408669059551964,0.00305036955650874,0.350238645910783,0.0854059714906682,0.0251877315091315,0.161884871696074,0.0795823082903179,3.35610762358066,0.15334765596397,0.0142613718960497,0.155610867556445,0.0435032643844601,0.0183135452549632,0.239410356675438,1.18227277162078,0.00302908383954833,0.00183486621898403,0.000705978298645515,0.0959890011600972,0.0184773453804181,1.33438059157093,0.0646054268699102,0,0.0792381213924939,0.00676558761110352,1.17566897085649,1.47083776983439,0.0235357578634029,0.00193710501736319,0.00185902943734022,0.0168601860671504,0.00319701820221929,0.0296784857959773,0.0368172496659191,0.438899140036212,0.0269509434495445,0.0683017948288794,0.016811873272511,0.156010010783973,0.0136541317142908,0.0366867330130983,0.322813284383785,0.00330956635416678,0.0507719828062401,0.0161572164451888,0.118809964730739,0.0183252293778334,0.00145258270053699,0.000245676922108752,0.019170850626013,0.00585664128722224,0.117800916224903,0.0119414439453647,0.028363940272682,0.116708565753706,0.0392509260870553,0.663306655404759,0.205462623204353,0.00248104470759842,0.0549978366729552,0.0287061899323784,0.0400324632104709,0.0325082291265224,0.503630833637536,0.000702311594865465,0.000487361395788035,0.000395921434834814,0.0193787289858269,0.221067079185684,0.286462301066918,0.14932744655106,2.89849882720949,0.00837101193616246,0.0127991503438249,0.17916268094307,2.41705173854094,0.0216368808479431,0.000505999547598245,0,0.00726649179906358,0.00292453068543024,0.062191971014842,0.0179922214930488
0,0.0796026620719769,0.000310562113421934,7.04970344897032e-05,0.000664504574632504,0,0,0.000230126756398788,0.133303293834022,0.00047280006089192,0.0240836902522009,0.000218466800817728,0.430368055482833,6.91837464771509e-05,0.00137241793867918,0.000701004265910513,0,0.00012125865602991,0,0,8.10631940131187e-05,0.0744388420286286,5.05991231892765e-05,0.0792381213924939,0,0.0210381601689829,0.592840755855602,0.00188358595349797,0.000268530383745784,7.97531822561025e-05,0.0311242969888492,0.000199295634601987,0,0.00395421930932203,6.71017007976949e-05,0.00162948972168357,0.0204397350641842,0.00977724534663447,0.000950368039789943,0.0011089021019032,0,0.158946312160459,0.00135194133422182,0.0262283445864025,0.00423361326842032,0.00126689331593975,0.000123823561939579,0,0.0487309517949176,0,0.0512512434738414,0.000132537406036997,0.000126074442679775,0,0,0,0,0.00622153520394504,0,0.0324843537845986,0,0.204526634937028,0.000122241410076379,0,0.00066794272770918,0.000421067767723677,0,0.0006456191072182,0,4.10624092582941e-05,0.00557168489607975,0,0.00498623610759042,0.152764977450624,0.0511461353083027,0.24619247110746,0.000307372830699361,0,0,0.0446476476054898,0,0,0.00351434714189027,0
0.00480994961316603,0.00704658129024964,2.16809217633237,0.000445601070531944,0.0010028151354048,0.00749820403017456,0.0648149604572899,0.0580932680148628,0.00748812692535852,0.0557371497092963,0.931847068715321,0.0264514362682256,0.0435292678922265,0.0791955157687867,0.0168871725202417,0.00500144343866232,1.60543943273885,1.1138189183494,0.762119654446719,0.00403427687190253,0.105102588142801,0.00551525320425865,1.19363173076386,0.00676558761110352,0.0210381601689829,0,1.78071457388521,0.0612548568436652,0.105323252104559,0.0503117392521804,0.064919431170421,0.0579126949937425,0.00382447263785942,0.511008406007537,0.0908890856924104,1.05518120656443,1.10880524628449,0.953845000410174,0.65121528465272,0.00312977016854708,0.00584227761402146,0.00631301361675964,0.00765439047863155,0.114469746330013,0.0230824465766877,0.00550865231446702,7.07154155585647e-05,0,0.0149978610477996,4.62552546646833e-05,0.02844838273055,0.0144619458980963,0,4.64359735086024e-05,0,9.17884039718328e-05,6.26031616225243e-05,0.00600759455995955,0,0.101085274983927,0.000303531448058465,0.398976578771105,0.0006703590495448,0.00042497658335464,0.000905944731854794,0.0159249288413176,0.0121134461569359,0.0141823233956514,0,9.25733688040344e-05,0.00498412282467816,0.00128270436085364,0.00238752152632023,0.0769117639472658,0.663481868160381,1.21014196601143,0.000116112879821694,0.000476311892933851,0.000383903668498504,0.450199582896317,0,0,0.0117648693072086,0.0228095277271245
0.00370706243931862,0.553207667307252,2.05812312360001,0.000146810714911237,0.00523168433185857,0.00335433879421322,0.0653112821495744,0.0363802204667765,0.40665192850598,0.00859828050537848,0.0911692306448083,0.00498772439326113,0.272663567294978,0.0592102143589721,0.0610019697389697,0.819604403147265,1.21594410564013,0.131830602499609,0.229281011057525,0.00050564947135644,0.244908176977939,0.747075676183495,2.22610928082281,1.17566897085649,0.592840755855602,1.78071457388521,0,0.672327102765953,0.0510368619454236,0.05655391409108,0.0656919840998026,0.0110749153632162,0.00454210538179693,0.427138090217625,0.201225475680178,2.91534856443208,1.01941318463713,1.58878648362112,1.28257775067206,0.0188953130771708,0.0167104608997817,0.0174841581987373,0.26123987430103,0.291539502983303,0.212294530315149,0.178406630851239,0.00504556618938863,0.00133682767561172,0.0289730875735786,0.00170293122462458,1.02261529208543,0.783694638033685,0.000337676899600517,0.000940615740397367,3.16540848172754e-05,0.0212028355647417,0.00207016421368776,0.0205958896451706,3.83834376674831e-05,0.101047687257013,5.98470116527974e-05,0.539339518883935,0.00823961862504332,0.00441570726665032,0.362502209137538,0.440690394666545,0.0270791336102576,0.124124189923879,2.82606148634463e-05,0.0294969279682463,0.214289593511733,0.468474652453668,0.118876561907803,0.408692017375583,3.42351814669219,14.4388465760251,0.0660783468997122,0.00526224949576491,0.0215237944386003,0.60945545027829,0.000272968412737307,0.000137904376087353,0.0328057525619746,0.0724216368083172
0.0134283877760922,0.0114830755301668,0.168312823785017,0.557851962211172,0.0934700891378834,0.228510485337006,5.35153488174484,0.470286075355047,0.618689615838962,2.27769357621469,0.0445958579827543,0.171074067780338,0.0124376671979413,0.23547902351674,0.285233066795304,0.902016491751069,0.0834584859494613,0.019850562810052,0.0268655036146423,0.236094820542273,1.18416063020386,0.106162207609763,0.983231742490088,1.47083776983439,0.00188358595349797,0.0612548568436652,0.672327102765953,0,0.350548379210028,3.22375810523442,0.00167784257198007,0.0951937208105042,0.109254295667771,0.650891072650845,0.482251262792669,3.30463563516319,0.152438426861961,1.08458116308754,0.275934166138002,0.169478008746986,0.120302083752859,0.0354655610742127,0.309349366962709,0.00377836586672501,0.047027922513142,0.0201454388385265,0.122382601863457,0.0145833436478492,0.000953799439268005,0.000181308638579571,0.00360027503096674,0.00882662118507752,0.175074504000364,0.011602410119303,0.027706849175235,0.12728165283117,0.0214391666859207,0.281121256426342,0.274512641444862,0.000471807917038229,0.069343402722997,0.0602777616286444,0.0244381299097119,0.0429510868831905,0.465510118702856,0.00104543798888108,0,0.000104413714622545,0.0273532731543779,0.2644587301442,0.150155499200177,0.135276608056998,1.96295578119679,0.000875560453547891,0.00262756218047317,0.129260645371468,2.22159631369018,0.0168920231146543,0.000609645500182441,0,0.00100428483273947,0.00203258067282849,0.0588260168378177,0.0599356141532983
