0,5.22560095313788e-05,0.0177535950670909,0.00027618279720228,7.67403720408083e-05,0.00453087600177092,0.209976160754863,0.114320113227273,0.000663718994094711,0.00645772371080211,0.00259255208025227,0.00154914731187691,0.000845760924192165,0.587738552589587,0.000148148082170391,0.000214621739506442,0.0461265741189199,0.0047293208973426,0.00584447878864745,0.00014585660038847,0.0222740324357309,9.87003466771958e-05,0.0196407413713827,0.00204643276406496,6.24255975691259e-05,0.0200272514829882,0.0143922891729897,0.0300632280885721,0.706200935354943,0.390083610384701,0.000588897313526711,0.00203010928154286,0.00108929996645429,0.017910719833318,0.000487424780072254,0.00434946405836397,0.000587263590470373,0.00834199359371618,0.00107249246103886,0.00115511814598488,0.000346529502192557,0.000237872544621965,0.000626519114130127,0,0.000106887444310749,0,0.000199306227496809,0.000132321014534926,0,0,0,0.000215544444998923,0,0,0,7.08313315297723e-05,0,0.000361525573278272,0,0.000439718378342664,0,4.88651565849781e-05,0,0,0.000103897414569917,2.32885480916262e-05,0,0,0,0.00030848371992985,0.000291067398557067,0.000305161046661249,0.00183462608961599,3.24619194699794e-05,0,0.00109019637022126,0.000962951045427605,0.000109538477147985,0.000537066221306169,0,0,0,0,5.63756401739896e-05
5.22560095313788e-05,0,0.00473051864773987,8.82037203974425e-05,8.31531897657395e-05,0.000102890071418283,0.000379673091243661,0.000591115303544631,0.124704921245897,0.000553515288099924,0.0268985384367062,0.00021448877134873,0.160829570086585,0.000438340618504849,0.0049551121604377,0.0352960954129481,0.00465027344357842,0.000538046637527347,0.000642794527015042,0,0.00713841942311007,0.121724591186906,0.00796627713356099,0.243303299195747,0.161395705173263,0.0059336658163,1.77981098371728,0.0157312541381527,8.65984614133892e-05,0.000537899505243686,0.0170264144655504,0.000901052392149616,4.75742722088635e-05,0.0113599552841187,0.000848009333664752,0.00838791870892994,0.00880013997421206,0.00753176813102507,0.00316363345218118,0.00190567477256889,7.24492929537177e-05,0.0644808427198542,0.00271916216232208,0.00463420183457211,0.00179436981763889,0.00139764539967259,0.000255302036260414,0,0.0018249472508145,0,0.210154143731537,0.00668804868424622,0,5.26676574061096e-05,0,2.83155882642209e-05,0,0.000661507057785416,0,0.00285804750545613,0,0.0150998449317605,2.30049076967061e-05,0.000262891584561002,0.00178049148149617,0.0013682687308133,0.000152246425662374,7.9322132169521e-05,0,0.000366083151365242,0.00168585991905207,0.00185921588323888,0.00181046502274238,0.00683458788771148,0.028290751579319,0.477241341966251,0.000364640997573396,0.000173243267760649,0.00028264672650986,0.00543853857160132,0.000167552723444563,0,0.00119246095858057,0.000225284105462712
0.0177535950670909,0.00473051864773987,0,0.000128665169548166,0.00070053110039016,0.00554168508053154,0.0912068448748693,0.14612589592147,0.000905503282245588,0.0343952465250099,0.0109170404872575,0.0015925394954686,0.00269754642553148,0.214561327454715,0.00333519189823813,0.0071320549358837,1.73944855548168,0.0504232615897724,0.189381617656288,0.000170997096090612,1.01644373006673,0.0116409124697054,4.54155045408365,0.0123798412198603,0.00139232415098553,4.55596413766442,1.91076031619988,0.163781097878375,0.0564836460603716,0.0903572532013719,0.00147127837160044,0.00710434315762546,0.00280634664989443,0.420695843325895,0.0541334947181956,0.4924244734095,0.17722276245404,0.482018645735264,0.239676558771404,0.00290916524960747,0.00673071265929379,0.00125107384292908,0.0305675237030095,0.00476460093028316,0.0173729447395477,0.0137306541982713,0.00056642425690206,0.000199775256250727,0,0.000101982819267476,0.0152294523800279,0.247855275454982,0,0.00122771899724214,0,0.00353642642164931,0.000108676026321584,0.000665731666806865,2.97239486505479e-05,0.0012460546760271,3.78391240001142e-05,0.000185684839809376,0.000934378506552216,0.000835562572414936,0.00304042132452366,0.0255016917514491,0.000932980138665705,0.00348688899296037,0,0.00645497511581028,0.00377283376181967,0.029332601592335,0.0114358759391694,0.000966276713212335,0.0687232790724107,0.654217706440831,0.00873147435694287,0.000806393273258345,0.00731311680116824,0.000130999939227337,0,0.000308379276209038,0.0086877223463433,0.0195274149326625
0.00027618279720228,8.82037203974425e-05,0.000128665169548166,0,0.00173028616791733,0.0385402368968284,0.00391123556282142,0.0475346616420917,0.246872091332916,0.659934098840179,0.00104168235676296,0.884261184438853,0.00123456319129182,0.00875706653303944,0.0338331927396002,0,0,0.000796263989381118,0.000364945056299651,1.31015262512584,3.101516503205e-05,0.000333470816207671,0.000156470094720518,0.257463885667793,0.00110418293580857,0.00153896182854227,0.000619380461484012,0.683988059904793,0.00716889982232147,0.000592842212320912,0,0.00266805188613609,3.64215342951894e-05,0.00832689989795538,0.00143314598982856,0.0283834185343763,0.000209944572647703,0.00811085979047164,0.000937259183635431,0.0338030612306217,0.00226816381254654,0.00216367474281723,0.00832852366085004,0,0.00134231687646449,0.000383505845516762,0.0535831376830858,0.000116396505474096,0,9.92288820071339e-05,0,0,0.145405743488081,0.00162236612433083,0.0144173999542097,0.00148552587186355,0.012940490814354,0.0547694373525166,0.0434546816375783,0.00233841032520967,0.0593597239117619,4.06856648930311e-05,0.00185281985550069,0.0100400126193761,5.37057390825212e-05,0,0.000207907876974294,0.000103363166160258,0.0322982408527257,0.000104157519232267,0,3.17140169699192e-05,0.105197327067209,3.62812081219733e-05,0.000335773737084308,0.000142127436108041,0.121903992874342,0.000796360415387413,0.000222756742476458,8.71544259936244e-05,0.000152328288705075,0.000194813233081233,0.000878819304276146,0.000294486575443607
7.67403720408083e-05,8.31531897657395e-05,0.00070053110039016,0.00173028616791733,0,0.0611429546123315,0.00222320515423652,0.0120067638015426,0.0135186178817323,0.0100416792368364,0.000673456203323919,0.0191690241542534,0.00136974067454309,0.000318064412333501,0.190812962204286,0.000748836168198108,0.000190033851680714,0.000122200304589039,5.14222362092972e-05,0.0012940491635744,0.00674958205614215,0.000335401742294597,0.0141131813479585,0.0100613232733979,0.00100390167864633,0.000828386012945902,0.00249145571536953,0.00921375727256363,0.00046973281661616,0.00276498444210087,0.000109155467971748,0.0333413262577888,7.20849321320415e-05,0.4321943530257,0.0591496017291671,0.0485940655754666,0.00278636191112893,0.0050989940186516,0.00349948983058056,1.20501791321619,1.17435432657418,0.00148655586468144,0.00174199003477434,0.000959131260923408,0.000165124608510393,0.0033073994857883,0.005625247242726,0,8.49670861094356e-05,0,0,0,0.0024957247527483,0.00037107509166956,0.000916881820472734,0.000162195790645981,0,0.00201970330998094,0.00125585266811278,0.000326713277720028,0.00259650186211272,9.13109846900223e-05,0,0.000344831217023617,0.000135822459769446,0,0,0,0.000146228983236426,0.000507009217354935,0,0.000929240878403263,0.00289908328512149,0,0.000609550834027836,0.00143551139886207,0.00276918089965251,0,0.000369458833390135,0.000125492034524345,0,0,9.54261871568798e-05,0.0693256176132727
0.00453087600177092,0.000102890071418283,0.00554168508053154,0.0385402368968284,0.0611429546123315,0,0.0646998980722413,1.53569023483936,0.0484819752402336,2.27997818182599,0.0151381598647544,0.750393710037684,0.0201012363256519,0.0534652973228312,0.228308794625712,0.000370905732271967,0.00909656659726727,0.0097498902547518,0.00219772691850833,0.0359200762725906,0.00959346178790164,0.000348971610938224,0.00435183486356296,0.0327252649317757,0.0099972474883235,0.0231448498216122,0.0117410439040468,0.108550548709891,0.0335749798827544,0.0302245606695222,0.00340602634070149,0.0153266105207182,0.00029545840695405,0.0398029557381787,0.0657014685103826,0.514174376964096,0.00598881673171692,0.0424649122447021,0.0118231305308168,1.07416915571635,0.169566335550869,0.0218486129494983,0.00938038860775788,0.00015370930607627,0.000488756496799278,0.000221291020613855,0.0381132958471518,6.207409441064e-05,0.000203464306088,0.00032147895407989,9.02480759094357e-05,3.30167263431162e-05,0.021220062218946,0.00130719027744232,0.00722444877770399,0.00146330974860304,0.00343125176295059,0.0134003113514196,0.00799184327094937,0.00648161804152914,0.0218456859447282,0.000604143188484245,0.000610682713693866,0.00803250093959587,8.28539580528794e-05,0,0,0,0.00197263680551826,0.000246460351199493,0.000204262848033178,3.36304641725421e-05,0.0441512671967222,2.76685658167541e-05,4.63096162583649e-05,0.000474394336104101,0.0306537692534754,0.000184432343017226,0.000686924892247751,0.000266643586069161,0,0,0.000558779442639721,0.0048510494675494
0.209976160754863,0.000379673091243661,0.0912068448748693,0.00391123556282142,0.00222320515423652,0.0646998980722413,0,0.864642353318913,0.0188942567326681,3.07999671419064,0.0111554193012896,0.0070990631875563,0.0111269168457333,2.40743450788568,0.0234975044265232,0.0024090425483656,0.019489654552148,0.0141595741445018,0.0108722253587571,0.0021733070663704,0.315045341796844,0.00239936225650157,0.0551087945444779,0.089900574388171,0.00281703142405848,0.0589462811706326,0.0485856902286224,5.29977296732057,0.575272074199504,3.22364360459231,0.00111943554142078,0.0217353862913323,0.0139243081181245,0.177768541167194,0.0598820950485808,0.241157756194172,0.00799036877465863,0.146652265642785,0.0244168234360254,0.0370130146300341,0.018877917643737,0.00895436196128306,0.0296734376376188,0.000512252101991138,0.00685482056335747,0.00189128305692659,0.0136600725477283,0.00104305385808363,0.000402042799334103,0.000357489935686952,0.000174131574045575,0.00266020609435269,0.00856009738201249,0.000212594947941801,0.000675386407191333,0.00421955126215463,0.00698178484559057,0.00986281743543474,0.00547123657061652,0.00513771963368641,0.00333217454704095,0.000155401694915762,0.0034845367261661,0.00153172239070224,0.00273553731911128,0.000315873482910544,0,0,0.0011382609863611,0.00367764330064382,0.00232634469752124,0.0116734776622538,0.0505174998896792,3.56770768899948e-05,2.38412572943598e-05,0.0137250804724224,0.0442676734403025,0.00545729578296687,0.00795479625143931,0,0.000213769477364856,0.000359008963817167,0.0041505879352232,0.00904918287674789
0.114320113227273,0.000591115303544631,0.14612589592147,0.0475346616420917,0.0120067638015426,1.53569023483936,0.864642353318913,0,0.0388203418612352,1.97759674584225,0.049508025034933,0.311442162822554,0.024065525599157,2.40286283555128,0.0369685424005785,0.0022623671860415,0.246577873763759,0.0529434361872493,0.0425832567141759,0.0408123997940355,0.22355697217749,0.00219731843115241,0.115955804465445,0.112953931033903,0.0168441027530491,0.170436935050669,0.0934958166270723,0.597689774827501,0.537014655693217,0.832674301094382,0.00903669529608248,0.0896974931753391,0.00329708268785524,0.159130698072253,0.016895021132277,0.443978134069942,0.0134661805713887,0.12422613246708,0.0282949190877255,0.137086108191387,0.0230484473920162,0.0269212477992434,0.0342858878805204,0.000390718099876714,0.00466273618204854,0.000851136513968822,0.0474524536630408,0.000701380777632657,0.00105117602063749,0.000591068816322738,0.00011008581605578,0.00109422753651925,0.0403788030194194,0.000990911747958969,0.00375152883165702,0.0101129405951106,0.0123926809763186,0.0325325109987607,0.0201854907578852,0.0125349111012618,0.0240046335236936,0.00199806875236545,0.00212486158399819,0.00579194006359331,0.00180301597955298,0,0,0,0.00411137196116627,0.00232684118355188,0.00144980359481152,0.00421512238574055,0.236980569119135,0.000139014109483319,0.000319750514629421,0.00489842760003,0.136728838403299,0.00209260036825262,0.0036822709900763,0.000548303452435094,0,0.000271617673538321,0.0026409686113235,0.00240454450488107
0.000663718994094711,0.124704921245897,0.000905503282245588,0.246872091332916,0.0135186178817323,0.0484819752402336,0.0188942567326681,0.0388203418612352,0,0.254516153624611,0.0179157021713366,0.168099547304209,0.142640937675658,0.0117889846153449,0.209804658764813,0.0161456821225166,0.00173583295174473,0.00161339645550476,0.000427817104100463,0.0289812410430984,0.0174733028861395,0.716373963927871,0.00738078893112109,3.32555575664671,0.0645409722673336,0.00469625106307275,0.276664267094916,0.714528943777926,0.0175714743525461,0.0321671062896255,0.0292859285293477,0.00430852240007011,0.00198248836904469,0.0166989376918566,0.00884636780719524,0.0851858277231987,0.00221716844040695,0.0140891179725922,0.00230978050462554,0.131662926151708,0.00464332352305984,0.0271721572619386,0.0744649335590449,0.00184269697889627,0.0158750165714416,0.00395745386250706,0.113390075555342,0.00347192571279637,0.00106424310161575,0.00255194520843004,0.00386043648994515,0.001427651527032,0.135377953190001,0.00803852822792187,0.0277922325848282,0.0259251917679366,0.0532793304552246,0.532427814080082,0.041534039042408,0.0140338784095809,0.0883595610315071,0.00957208151838657,0.0210405957494984,0.0398263995397507,0.0928836897891135,0.000697536692058796,0.00230363530695764,0.00146736843254237,0.0134650215103986,0.0395937239034865,0.124996234843696,0.0396717192278657,0.731570640667051,0.00321042542915007,0.00690381924431697,0.0230917217417216,0.286084007096123,0.0280311679218132,0.0322751237056492,0.00535167532295609,0.00214651563076111,0.00173181030116936,0.0104884077795844,0.0146629308002738
0.00645772371080211,0.000553515288099924,0.0343952465250099,0.659934098840179,0.0100416792368364,2.27997818182599,3.07999671419064,1.97759674584225,0.254516153624611,0,0.0400511650614216,0.408416913826336,0.0446005889882788,0.66917284063059,0.0921317027065376,0.00119624265301212,0.00487718666067199,0.037484286300245,0.0151009779238602,0.263341979846706,0.0425433007152013,0.00133638404582714,0.0168672337753638,0.205963659112042,0.0119093347573913,0.0901082182303152,0.0549375709280102,1.79738526799742,0.259024456325689,0.040311343883858,0.00478584354691514,0.0977316949397289,0.0015593620806738,0.302179396059453,0.176120356779721,0.715757479857674,0.0104147307501104,0.214908939438915,0.0279558164382584,0.15694305833977,0.0653337251315829,0.0337138861508514,0.0382336112084,0.000403514482202527,0.00488603623625055,0.00147646680735308,0.112934277929714,0.0014912135984456,0.000529470918964156,0.000296132345552579,2.71913274750709e-05,0.000986641041929749,0.254486742358204,0.00518826766090447,0.0311746013771645,0.00722085268075171,0.0393823075444881,0.107218456499865,0.124889821505235,0.00923906316946928,0.122570413991298,0.000563759568726352,0.00670758447627199,0.0263348107599,0.00197762295081945,5.96210316430628e-05,0.000568548655894759,0.000126292950092456,0.0290599081351058,0.00166360806640657,0.00126402531920022,0.00641872638385167,0.382799642222899,7.57967006236914e-05,0.0010140005322895,0.00736402803581267,0.392471635299669,0.00249952280383489,0.00271578665061164,0.000186263085400522,8.37871540532557e-05,0.000103035000393462,0.00318657639128789,0.0212094377770597
0.00259255208025227,0.0268985384367062,0.0109170404872575,0.00104168235676296,0.000673456203323919,0.0151381598647544,0.0111554193012896,0.049508025034933,0.0179157021713366,0.0400511650614216,0,0.0115889768151907,0.755788007229211,0.0338103104539972,0.00206203181945495,0.00234412586263262,0.0461209178423027,1.83259286823452,0.223770030430326,0.00141274400221432,0.0100412035722865,0.0105887592839125,0.0385771899243198,0.0242023383038006,0.0943791197869928,1.06391159073837,0.101726495555779,0.0166931585775577,0.0343324440538966,0.014137760750244,0.18987139209454,0.107019696283254,0.000893102658965244,0.604398589244679,0.00202307460048002,0.0467375514356541,0.198822664918162,0.218513865447113,0.0218140951642776,0.00288228223225232,0.00053361122233184,0.0826724585807793,0.000929357058730107,0.0448771910155828,0.000942238831116895,0.000508285497805756,0.000732835789438587,0,0.0424401044916982,0,0.00504553367466806,0.000170073293255648,4.27420243400752e-05,0,6.0736173063451e-05,0,0.000289939951378548,0.00522933971323636,8.37406840783957e-05,0.0937796493910883,0.000221588902746373,0.290995136086131,0.000297625759682733,0.000312971352674004,0.00119642661633501,8.90526409263608e-05,0.000192316229185027,4.6410938266182e-05,0,0.00100771312421001,0.00175179989713055,0.000900090400071567,0.00560740628430666,0.021008419294297,0.0373917165451546,0.081769779534701,0.000416902351529163,0.00206345811028808,0.000179785660289526,0.0798952520609969,0.00296272414313825,0,0.00887521980837183,0.000742818480001937
0.00154914731187691,0.00021448877134873,0.0015925394954686,0.884261184438853,0.0191690241542534,0.750393710037684,0.0070990631875563,0.311442162822554,0.168099547304209,0.408416913826336,0.0115889768151907,0,0.00843380323756303,0.0500946938808692,0.130809784693854,7.91310264190433e-05,0.000624415435291842,0.00932374323476531,0.00344700733516614,0.583682309568962,0.00109867005318065,0.000813679834304612,0.00154068917927377,0.0999921417031272,0.00365285422833264,0.0207475310065299,0.0111416450488359,0.459618737374079,0.0284509343932738,0.00520427208840502,0.0018447781331093,0.0190935676125522,0,0.0346314230912536,0.0771775054985032,0.120443707239929,0.00235519751362009,0.0311034601875936,0.00671768136375338,0.137044894010567,0.0118903442066029,0.00683564123085632,0.00984226051341021,0,0.000857892189776894,0.000299567779923713,0.0782773924376648,0.000437807439411243,0.000254762924187416,0,6.9917230150938e-05,0,0.0881216025621658,0.00478334177637015,0.0151890093938262,0.00243617464952894,0.00718530018133781,0.0233258979388554,0.0277156469423891,0.00506699217888124,0.0854198030872555,0.000318973628490204,0.00122379473883482,0.01745792219328,0,0,0,0,0.00800725484030993,0.000163866167959455,0,0.000153055854797208,0.060003177010269,6.94855067296565e-05,0,4.28460584438503e-05,0.0760589571897393,0.000193501389248121,0.000587243980593717,3.50460510657459e-05,0.000175023961409712,0,0.00060320623047477,0.0170876892160289
0.000845760924192165,0.160829570086585,0.00269754642553148,0.00123456319129182,0.00136974067454309,0.0201012363256519,0.0111269168457333,0.024065525599157,0.142640937675658,0.0446005889882788,0.755788007229211,0.00843380323756303,0,0.00921729818116578,0.0413703047323285,0.0167005308908527,0.00140263066537509,0.00488622287286358,0.000500743081334924,0.00147486627621198,0.0123048275366961,0.0712248015296035,0.0140960293201212,0.182509904359145,0.742083538468327,0.021399338529074,0.343409414668332,0.0529031544263131,0.00844473529753201,0.0121629283478244,0.125702313624759,0.0480743188463775,0,0.376342316935809,0.00702004992387939,0.140211710566557,0.192953938174245,0.154023989990345,0.0206935203118754,0.0317423133536121,0.211449962255303,0.189587497944022,0.00446541490265815,0.116507288663157,0.00406312380641174,0.00115346823443209,0.00379948703144664,0.000303244743902529,0.0572726859445252,0,0.0132977363660493,0.00044459309271875,0.000244250695810327,0.000121231939732254,0.000118171572278604,0.000979359874893096,0.000597813389353233,0.0151774601768034,4.25180414327145e-05,0.235793588683436,0.000645107703408748,0.956503941915922,0.00108239710662147,0.000278003003804219,0.00216731582003188,0,0.000601214556025439,0,8.04818787293137e-05,0.000735006414791802,0.00494584371478927,0.00084499328030682,0.0167074098010241,0.0967882636875486,0.135599528991469,0.407412709307036,0.00624468214447005,0.00436848124503912,0.00132178309564668,0.344981701714432,0.00385492589686087,0,0.0166107223534264,0.00154230918015939
0.587738552589587,0.000438340618504849,0.214561327454715,0.00875706653303944,0.000318064412333501,0.0534652973228312,2.40743450788568,2.40286283555128,0.0117889846153449,0.66917284063059,0.0338103104539972,0.0500946938808692,0.00921729818116578,0,0.00548090454163127,0.00236631814833749,0.35850158085876,0.0551053231737574,0.0732154914298925,0.0109366047045497,0.370818028553838,0.00239740423101385,0.195036179541074,0.0490300896845886,0.00400651026497466,0.246073248340775,0.1465184410125,0.608579091843011,1.60025800070249,1.88886924633243,0.00374774822378856,0.0316161003176475,0.00496927280464204,0.244761943824544,0.00622564885122185,0.115643888018928,0.00955391370281911,0.132355045227282,0.0262839434728519,0.0136546483881505,0.00473068400366991,0.00512959273682196,0.0173795955641739,0.000341369741788352,0.00177177713128077,0.000388996962388891,0.0105591297778594,0.000695788183529413,8.08493612639847e-05,0.000197808456334912,0.000277340217568481,0.00327813068849765,0.00542724912076787,5.78883170842588e-05,0.000522393014680445,0.00331316323729234,0.00273342073302458,0.0109920784758031,0.00329302772927507,0.00452981618883278,0.00470285726746829,0.000435295648340017,0.00128738835076024,0.00142319239716596,0.00294298756762055,3.62090120413363e-05,0,3.50130424002349e-05,0.000839512252949069,0.00530574143115835,0.00244381997473463,0.00675675201215337,0.0725074581115538,0.000156534557662681,0.00061981891124821,0.0133968042620935,0.0398904587008411,0.00117667893803973,0.00632217390075573,0.000184238033630347,0,0.000169952609297276,0.00154496680783091,0.000616009451249215
0.000148148082170391,0.0049551121604377,0.00333519189823813,0.0338331927396002,0.190812962204286,0.228308794625712,0.0234975044265232,0.0369685424005785,0.209804658764813,0.0921317027065376,0.00206203181945495,0.130809784693854,0.0413703047323285,0.00548090454163127,0,0.00207519120655446,0.00171297686222918,0.000801771592261028,0.000350493323137968,0.00925794167275106,0.0363832657049735,0.0125626602279702,0.0164328115124692,0.33674786080522,0.00656387454079597,0.00375894264778128,0.0223631916202043,0.234899431497749,0.00521526974315277,0.0401874673034701,0.00135890558170602,0.00870820992882705,0.000279842382639349,0.00769097328397229,0.105092591591274,0.0995749036941511,0.0167266328482866,0.00794626932688865,0.0198978905174608,0.818174739156798,0.0129193244684143,0.0299861640306813,0.0159270944643943,0.00301511433027554,0.00228616517268564,0.0151605260048649,0.0329617726777052,0.000769352035816148,0.000359145349043316,0.000280557229044557,7.35336742905377e-05,0.00164924788696432,0.0189957894776711,0.00113185426977414,0.00883909515156947,0.00251064194021628,0.00431822326548878,0.010104184205252,0.00910667550808663,0.0032875689031607,0.023328720103223,5.8691942592448e-05,0.00123646545927733,0.00768632341701109,0.000558786423376375,7.19273330551564e-05,0.000685309373434872,0.000408652761426982,0.00224372160825369,0.00236763220841436,0.000851652161453266,0.00312063894852328,0.0442470648785049,0.000137296093708491,0.00359954703369143,0.00689398246580969,0.0371889496595007,0.00197931359986448,0.0045592418845396,7.49465253731129e-05,0.000100212178482843,0.000142417669181371,0.000990604854251648,0.167642112833811
0.000214621739506442,0.0352960954129481,0.0071320549358837,0,0.000748836168198108,0.000370905732271967,0.0024090425483656,0.0022623671860415,0.0161456821225166,0.00119624265301212,0.00234412586263262,7.91310264190433e-05,0.0167005308908527,0.00236631814833749,0.00207519120655446,0,0.00900430864266503,0.00100357363145289,0.000715965979116011,0,0.751474556073344,1.01392599961746,0.551664344027434,0.225503179189657,0.0107166992092503,0.00268850415747538,0.578428874905354,0.080177215328546,0.00155799223722418,0.0213640639936253,0.00284374688217512,0.000259859629438537,0.000336097009005457,0.0236844759187179,0.0528636244851094,0.26148407469271,0.0742888341502611,0.0917582806817188,0.0578161617885434,0.000900104148112837,0.00247597335124975,0.00290233141024531,0.0604272984481391,0.00762476068635305,0.0131024335500625,0.0126578316505774,0.00247172244050279,0.000910391298395965,0.000186696236013794,0.000141566890284634,0.000586904675399404,0.0149390821216407,2.96736972636759e-05,0.000290253549869996,0,0.00296140514394228,0.000867214771706398,0.00158665269069502,0,0.000966640384152684,0,0.00125671131165662,0.00173549491636324,0.000630701394620543,0.407942755384372,0.00116495547855311,0.000123627035221517,0.000242637817949393,0,0.158597212628221,0.164214333260815,0.567916612821094,0.0872751761612009,0.000494897772923023,0.00216863670562211,0.250066674855514,0.0352926368287468,0.00372707978891554,0.046410285705281,0.000277540830745965,0,0.000348924446770281,0.00413756014083052,0.016165564010756
0.0461265741189199,0.00465027344357842,1.73944855548168,0,0.000190033851680714,0.00909656659726727,0.019489654552148,0.246577873763759,0.00173583295174473,0.00487718666067199,0.0461209178423027,0.000624415435291842,0.00140263066537509,0.35850158085876,0.00171297686222918,0.00900430864266503,0,0.0740836021828138,0.740734227797047,2.59658481603026e-05,0.242723602879034,0.00838725812815853,0.978901022942937,0.00754612837083195,0.000661979268616945,1.2596087448879,2.41208272022904,0.0404862688063359,0.322592748651436,0.563284907815792,0.00112065565690824,0.00764914059651816,0.0326837199550163,0.287217382366657,0.0059347482983073,0.0630008998635229,0.0419270343090292,0.0749334803575578,0.018501786058274,0.0035202670597385,0.0017573852151417,0.00114612942134311,0.0105703262003521,0.00238950832366396,0.00429147223321045,0.00319462794664404,0.000239404622288615,8.7617644653261e-05,0,0.000100706892380834,0.0094729055955505,0.0532232854277401,0,0,0,0.00046420039309971,0,0.000507080132843363,0,0.000290476566943502,0,5.55403232424438e-05,0.000134141626442143,0.000145886694305384,0.00396207306424336,0.00683595228972215,0.000282288488384941,0.0014676596163584,0,0.00440700226714354,0.00317672996522146,0.0115264731812644,0.00785656822338758,8.83644088491352e-05,0.0312117466120605,0.255799551264145,0.00486043552502842,0.00042604969497866,0.00321635453874001,0,0,0,0.00237244010562826,0.00124944885333914
0.0047293208973426,0.000538046637527347,0.0504232615897724,0.000796263989381118,0.000122200304589039,0.0097498902547518,0.0141595741445018,0.0529434361872493,0.00161339645550476,0.037484286300245,1.83259286823452,0.00932374323476531,0.00488622287286358,0.0551053231737574,0.000801771592261028,0.00100357363145289,0.0740836021828138,0,0.335967298260396,0.00152937989650811,0.0235356321731549,0.000215861863708207,0.0923856295398327,0.00263947066984716,0.000172339922062844,0.8846331544338,0.11635352458266,0.0119182812979459,0.0397014839010732,0.0195110917692105,0.0109654119841694,0.068000405270628,0.000900282948105188,0.327839913630447,0.00724241987361172,0.183795430204955,0.148132611639892,0.303330425186123,0.10886085472547,0.00236146652558287,0.000494817214187202,0.000551500951049075,0.000645319516378364,0.000638748036728132,0.000211070825469178,4.85579050017178e-05,8.6061815666127e-05,0.000128164539917815,0,0,0.00116718802937874,0.00110513904018069,2.44430386180758e-05,8.26035785613298e-05,0,0,0,0.00107092757735933,0,0.00015312525685848,0,0.000189368487013525,0,5.42397029161334e-05,0.000346520046506649,0.000159799552540773,0,0.000188555088905195,0,0.000365105964651016,0.000232005468298387,0.000672223249576172,6.25883039236933e-05,0.000257152121191352,0.00840603149783822,0.0226185335660994,0,0,2.97319167798489e-05,0.000222735306570169,0,0,0.000128809218924656,0.00346373505365049
0.00584447878864745,0.000642794527015042,0.189381617656288,0.000364945056299651,5.14222362092972e-05,0.00219772691850833,0.0108722253587571,0.0425832567141759,0.000427817104100463,0.0151009779238602,0.223770030430326,0.00344700733516614,0.000500743081334924,0.0732154914298925,0.000350493323137968,0.000715965979116011,0.740734227797047,0.335967298260396,0,0.000686674801644006,0.0447194461452151,0.000784913559506192,0.19517621632201,0.00122539160713727,0.000445645196233087,1.45416286980802,0.478709478652793,0.00972357817455753,0.0285511072593006,0.0198630504714263,0.000986960836417845,0.0181970603331963,0.00113541841228581,0.465814766149063,0.00605906020243458,0.149368213124136,0.156117000926377,0.130308867197585,0.0467942281831558,0.000811637272484067,0.000682602455898571,0.000310402508417219,0.000951663097241916,0.00060797147361989,0.000335885114112434,0.000391156898893332,0,0,0,0,0.00229630176714903,0.00212450160607881,0,4.58485944395721e-05,0,0,0,0.000342662758328936,0,0.0001320747872666,0,0.000114831772706115,0,0.000103768206265426,0.000713979562855902,0.00103794758072912,0,0.00117977049890865,0,0.000534673385178244,0.00034062745535345,0.000671197797039762,0.000405625447912306,0.000197611866027903,0.0286860324163014,0.0885835845362279,0.000216886762183678,0,0.000394728187066407,0,0,0,0.00040958821032106,0.00209933432789011
0.00014585660038847,0,0.000170997096090612,1.31015262512584,0.0012940491635744,0.0359200762725906,0.0021733070663704,0.0408123997940355,0.0289812410430984,0.263341979846706,0.00141274400221432,0.583682309568962,0.00147486627621198,0.0109366047045497,0.00925794167275106,0,2.59658481603026e-05,0.00152937989650811,0.000686674801644006,0,0.000135099272267845,4.25102285267115e-05,0.000325628195722487,0.0266232224991032,0.00151131917639277,0.00427652255017618,0.00173322983978902,0.179679953230006,0.00704880487815644,0.00133402732929833,0.000286785768688247,0.00364733273512343,0,0.00829894131249731,0.00246312695683965,0.0309590019443122,0.000358366576509851,0.0062471862757027,0.000852594416457786,0.0126185523260119,0.00257590908350636,0.00136508996463316,0.00637699373996902,0,0.0014732367334053,0.000176802177953642,0.0201279995257121,0.000202812838217747,0.000166994432670737,0,0,0,0.0450476013288008,0.000340435849439013,0.00511321798318216,0.000928862778163826,0.00928469947664582,0.00900093972578888,0.0147487536173344,0.00151522325792722,0.0147510999425257,0,0.00138393194947825,0.004928679967593,0,0,0,0,0.00388177801400032,0.000107799836077425,0,0,0.0400338257933252,0,0,0,0.0516283955367804,0.000542513985604674,0.000278868753125703,0,0.000209646690515184,9.68177898946524e-05,0.000497875736208308,0.000467537023529863
0.0222740324357309,0.00713841942311007,1.01644373006673,3.101516503205e-05,0.00674958205614215,0.00959346178790164,0.315045341796844,0.22355697217749,0.0174733028861395,0.0425433007152013,0.0100412035722865,0.00109867005318065,0.0123048275366961,0.370818028553838,0.0363832657049735,0.751474556073344,0.242723602879034,0.0235356321731549,0.0447194461452151,0.000135099272267845,0,0.170936363601946,5.88961209118233,0.110853684486717,0.013226786441764,0.242428020733241,0.615597416359685,0.982181872024716,0.100838193595547,2.67216970452298,0.00137938171431563,0.00835945352421221,0.0278447181868644,0.996051025543031,0.395833741425925,1.26142117011141,0.105916600613348,1.10986004870226,0.267333823318796,0.0121677535050067,0.0201637237861729,0.00882617637351726,0.113315084922839,0.00473732049816735,0.0173253229323597,0.0153765343390019,0.00356193837748313,0.00115865354847174,0.000675940099474955,0.00105614348093417,0.000680781341671515,0.0206915324403969,0.000291506723608196,0.00259405032355169,0.000194493902107152,0.00620335734980308,0.0022104744205864,0.00908745285535001,0.000113722572888637,0.0138804665350585,5.60255426487029e-05,0.00010444829558714,0.00511426696067174,0.00351143729453334,0.20837916969882,0.00106947560138213,2.94817981496752e-05,0.000131240224892753,8.80315389540556e-05,0.348200020422915,0.127217187763931,0.266427045575661,0.300487494088615,0.000104060698700094,0.00150166996368242,0.123762200664183,0.17442181987093,0.0223145821444177,0.236169263069454,0,0.000283517714617655,0.00405593956770121,0.0120219671560959,0.059153311389209
9.87003466771958e-05,0.121724591186906,0.0116409124697054,0.000333470816207671,0.000335401742294597,0.000348971610938224,0.00239936225650157,0.00219731843115241,0.716373963927871,0.00133638404582714,0.0105887592839125,0.000813679834304612,0.0712248015296035,0.00239740423101385,0.0125626602279702,1.01392599961746,0.00838725812815853,0.000215861863708207,0.000784913559506192,4.25102285267115e-05,0.170936363601946,0,0.226113552836517,1.81866959718912,0.0445228739799288,0.00315758694419267,1.16457066104054,0.137746477675829,0.0020359243559057,0.0223449757888967,0.0118081112344451,0.000191860308176279,0.000603520846541172,0.0154934707499125,0.0104394296031913,0.0596956106126014,0.0191044238890577,0.0397037067569104,0.0217843974418967,0.00741359615559705,0.000940650405237165,0.0196257726001945,0.0373333099547251,0.0048642315927062,0.0138516735963469,0.012949403386877,0.0019064763392125,0.00028635944574421,0.000304944947803903,8.4285854171777e-05,0.057828534562177,0.0380289495895582,0,0.000381757037320179,0,0.00271680354646374,0.00111499494349182,0.00454941106488226,0,0.00175131531586452,3.88227740400017e-05,0.00520233301093907,0.00157333809754447,0.000596450546043187,0.160073813947342,0.00448153718775951,0.000332275273430639,0.000313959872844869,0,0.0463362965476252,0.140214207958511,0.160804446482197,0.0569321589208014,0.00165528449515583,0.00915017906223877,0.56734595701324,0.0145569187334408,0.0017996382084812,0.0161992938674245,0.0022178076607278,0,0.000753629103610783,0.00466299244277838,0.0077733405307505
0.0196407413713827,0.00796627713356099,4.54155045408365,0.000156470094720518,0.0141131813479585,0.00435183486356296,0.0551087945444779,0.115955804465445,0.00738078893112109,0.0168672337753638,0.0385771899243198,0.00154068917927377,0.0140960293201212,0.195036179541074,0.0164328115124692,0.551664344027434,0.978901022942937,0.0923856295398327,0.19517621632201,0.000325628195722487,5.88961209118233,0.226113552836517,0,0.126977726877508,0.00424077475613864,0.974485525710001,2.27192308041731,0.459442099974279,0.082027311845179,0.817777572054925,0.00177946966377199,0.0126462229981226,0.00861812735329156,1.36452961497536,0.588832885971149,2.05924091867877,0.472044290070154,1.97862845056291,0.833520804169186,0.0154907372202041,0.0371364777710117,0.00356273218942948,0.105520108109769,0.0139784129276829,0.0283716108446917,0.0351602287684357,0.00453048955181157,0.00212385580817069,5.89395151293576e-05,0.000165131541817706,0.00212187375325408,0.0774957028725271,0,0.00480644359514596,0,0.00882978066712196,0.00123074382502817,0.00093151595394493,3.12024117588669e-05,0.00262235871549134,5.3698616057843e-05,0.000250345631311959,0.0031299177294563,0.00487146264633225,0.438898840842449,0.00386063442336487,0.000395631686909571,0.00136251766665799,0,0.293856042431771,0.106092727166806,0.855629702277706,0.0753257749203407,0.000170700932193768,0.0061394987458373,0.493569948236947,0.0439369607890341,0.00232436905634507,0.0775879638324247,0.000160298427285505,0.000155078774402914,0.00117791789806676,0.00837164213833791,0.127969528087303
0.00204643276406496,0.243303299195747,0.0123798412198603,0.257463885667793,0.0100613232733979,0.0327252649317757,0.089900574388171,0.112953931033903,3.32555575664671,0.205963659112042,0.0242023383038006,0.0999921417031272,0.182509904359145,0.0490300896845886,0.33674786080522,0.225503179189657,0.00754612837083195,0.00263947066984716,0.00122539160713727,0.0266232224991032,0.110853684486717,1.81866959718912,0.126977726877508,0,0.105628856431341,0.00853769729327325,0.557950164276061,0.859679759110932,0.0793330738533344,0.0794095988034641,0.0306199721484688,0.0122912464941309,0.00906286034747532,0.0577683831691744,0.0619596255758753,0.380491649028316,0.0201137381523667,0.0771889784599248,0.0155761430514332,0.164547045589156,0.0128331957428832,0.0400272391664681,0.390680498630262,0.00348460783352777,0.0867446446596499,0.0185527372499824,0.188746075454958,0.0261297168678877,0.00199796839187973,0.00970011553491362,0.00413023630247804,0.0145959290883689,0.214492982138566,0.00366903334025225,0.019094697122907,0.110751363961917,0.202052028958661,0.456005369415306,0.132087115644215,0.0554171026378695,0.0612963094638508,0.00734682546123311,0.0885906501606244,0.0203654367099447,0.0898597590859541,0.00132428049838052,0.00011831357788167,0.000213763693141124,0.0227910289701658,0.100019048573129,0.146802687282758,0.0754310932015525,1.80698698218454,0.00202351939715241,0.00334178123934703,0.0504793828512991,0.994833360378208,0.130310347422046,0.164228910086708,0.00321936498681218,0.00943130150242923,0.00740626222988606,0.0510976640645037,0.0379445425275495
6.24255975691259e-05,0.161395705173263,0.00139232415098553,0.00110418293580857,0.00100390167864633,0.0099972474883235,0.00281703142405848,0.0168441027530491,0.0645409722673336,0.0119093347573913,0.0943791197869928,0.00365285422833264,0.742083538468327,0.00400651026497466,0.00656387454079597,0.0107166992092503,0.000661979268616945,0.000172339922062844,0.000445645196233087,0.00151131917639277,0.013226786441764,0.0445228739799288,0.00424077475613864,0.105628856431341,0,0.0137562525509617,0.994044999738271,0.0504662310248677,0.00652850051799256,0.0259019558513224,0.116408282975006,0.00510018175499027,0.00116800829396213,0.0367937021179156,0.00248616676606375,0.0255549008665247,0.0123612829551777,0.0237223396154284,0.00480521211386366,0.192770442243799,0.00659672095915468,0.217634446077593,0.0131453218163081,0.0109865781705741,0.00415797285178759,0.00155041011161548,0.0598451939195681,0.000579772915098899,0.0149989448639853,0.000121559508320528,0.0274720846619057,0.000881332425524797,0.00104377688820605,0.000287598183715689,0.00131447187996657,0.00151175116283131,0.00563179187736918,0.00644640912241789,0.00265625949241396,0.0376966894417757,0.00301380278826551,0.253495192413966,0.00241725956313398,0.00126624989542891,0.00207140358992291,0.000180018255934051,0.000138953369744432,0.0003404586909785,0.000630781257007402,0.000115817315607888,0.00168219770991009,0.000605108209572485,0.00893481094012706,0.206580688999097,0.0512106736364197,0.29148913858928,0.00831004374297128,0.003058330441062,0.00173991399215074,0.0575755094361114,0.00177398339762793,4.95865913568378e-05,0.00580912509362844,0.00151010068212642
0.0200272514829882,0.0059336658163,4.55596413766442,0.00153896182854227,0.000828386012945902,0.0231448498216122,0.0589462811706326,0.170436935050669,0.00469625106307275,0.0901082182303152,1.06391159073837,0.0207475310065299,0.021399338529074,0.246073248340775,0.00375894264778128,0.00268850415747538,1.2596087448879,0.8846331544338,1.45416286980802,0.00427652255017618,0.242428020733241,0.00315758694419267,0.974485525710001,0.00853769729327325,0.0137562525509617,0,2.02127243947687,0.0449334606253089,0.0964951709882172,0.0647146938966489,0.112467247664979,0.140399032369709,0.00171156179490285,0.902365775511109,0.0494857087818658,0.918235049480223,0.814357325132265,1.07795940112775,0.465283257016686,0.00520882976781831,0.00463398172793545,0.00875616761012768,0.0108623959770711,0.0355962617058828,0.00964276838661104,0.00630999128644165,7.6889246274814e-05,4.42694690224528e-05,0.00037859926509111,4.19459530323923e-05,0.0453787921626859,0.0116474726202107,0,0.00078295268394626,0,0.000146295388625693,0,0.00427403333547131,0,0.0101337425716052,0.000172257811094042,0.0306615842657723,0.000143263541297185,0.000716472947031033,0.00150516093996784,0.010111497046465,0.00152264712476003,0.0105982692656362,0,0.001570188841038,0.00396631116691235,0.00271438881846109,0.0042294886835678,0.0298781519159644,0.419044421344768,1.06747902808336,0.00203297095239558,0.000176418642742896,0.00186439480078512,0.0575570574002175,0,0,0.00383189379274882,0.0202426285983497
