0,0,0.0360421456263518,9.8674403396535e-05,3.43006506770879e-05,0.00161784363918961,0.426382569718904,0.0930413307352926,0.00052471815745472,0.00165788275333889,0.000991097717566039,9.22607915051697e-05,0.000188635929429593,0.602870612819216,0.000196038033431267,0,0.075874263918986,0.000401862775455761,0.00889772934200009,0.000197168375438228,0.0291615097491587,0.000175334052282849,0.157829455733128,0.00130536188193051,0,0.0210220247161921,0.00736408214367486,0.0150797894231939,0.662221558293914,0.81492406658199,0,0.000128555844709206,0.00071353293616451,0.0109298989845397,0.000123007981228232,0.00225290602137184,5.20675321841776e-05,0.00358667281473758,0.00206163888759496,0.000102708265316916,0.000215626703572291,0.000204158308991319,0.00279222808017843,0,0.000706585401179561,0.000123384071083766,0.000127382229218435,0.000224075926776672,0,0,0,0,0,0,0,0.000138157076342482,6.72209476784528e-05,0.000164086882322365,4.34537370844901e-05,0,6.48135307577193e-05,0,0.000209942495195022,0,0.00073886018849785,0,0,0,0,0.000197072188913023,0.000201474449689847,0.000382141574947521,0.00138736224833504,0,0,0.000593503480156937,0.0012367615019477,0.000438806148912674,0,0,0,0,0,0.000219467991134232
0,0,0.00745918595170698,0.000162387429610544,0.000262775361795759,0.000369735885017637,0.00132607060156024,0.000410741786142212,0.13964344144633,0.00063307198516891,0.0396345053748677,0.000353576282953399,0.224600409834737,0.000181591152342718,0.00471874864130384,0.0385877106781248,0.0155053155678515,0.00357597154311759,0.00819502825152171,7.58441939320564e-05,0.00932949822416399,0.392369411308066,0.00459640588246037,0.257034538265647,0.36803812362878,0.0574203313999542,2.22502139932773,0.0114243888779167,0.00229641580725743,0.00140622282346416,0.0429402691914615,0.000165977252472687,7.383775421727e-05,0.0097742038184509,0.00123526610589464,0.038825039321595,0.0162002186846683,0.0278225552943184,0.023304003756799,0.000880690447292958,0,0.0272498328240209,0.0470978217957024,0.00859683258570787,0.0130123491865952,0.0197639962106686,0.000211874125748855,0.00013224711133318,0.00862114953756099,0.000291355837060904,0.322263500543313,0.0214813246755082,0,0,6.32357971395611e-05,0.00324085305276728,0.00136358230113688,0.00154405379886432,0.000118603116351381,0.00611708302637483,0.000623345661242035,0.0356787162289641,0.00230241746549347,0,0.00928514010817431,0.0154668467053719,0.00272882491089725,0.0170521343634769,0,0.00328071310987616,0.00507243126651446,0.014873536475762,0.0057659168650962,0.017917521224647,0.0484077996217217,0.534492950901809,0.00242154157993057,0.000918104556349917,0.00835188282284212,0.00557229634237676,0,0,0.00408986395348717,0.00288851606979202
0.0360421456263518,0.00745918595170698,0,0.000261872144283086,7.98134256513536e-05,0.0251064181394522,0.414900507184714,0.489254323099941,0.00259379471605084,0.0393708413413548,0.0244325838436175,0.00129994774376057,0.00210766219779913,0.314934828667918,0.00140156012945672,0.00603037201335779,1.98507772152874,0.0334412018298459,0.200550113036927,0.000228155338510123,0.269812012931736,0.00905632096933995,4.51826466186733,0.0126011229010617,0.000538993689277622,2.43167659503482,3.04938307065727,0.182442052450907,0.0509353131011394,0.209242190446942,0.00180596749002773,0.00150990174190289,0.00167581767543349,0.170631719720363,0.0365651332290041,0.553455176050906,0.0609451939803658,0.341491864529415,0.382042479970356,0.00192189747318242,0.00223544921617172,0.000938873332875239,0.142787296409603,0.00842206143713229,0.0504137719173289,0.0701562366185747,0.000979006940497576,0.000231084760056722,0.000108690794128376,0.00215908219431557,0.0284305651472484,0.0888826532424279,0,0,0,0.0309212497536033,0.00363101364404537,0.00103748516302581,0.000503823287257394,0.000545484185351172,5.09185949931741e-05,4.70551532244563e-05,0.0133149343391429,0.000493817026448851,0.0125335750885027,0.0253356389987837,0.00389614002554304,0.0155709831169555,0,0.0078276313980547,0.00880536011256952,0.114493784969385,0.00708088732640307,0.000765911587328011,0.0239937404307819,0.760499138808632,0.00625184592287063,0.000686483612355581,0.0263281141562208,0.000181607687990764,0,8.35501724048495e-05,0.00637604705679202,0.0224913697835817
9.8674403396535e-05,0.000162387429610544,0.000261872144283086,0,0.00837817625306492,0.0165912088108489,0.0334352767280213,0.02752194028668,0.39232532686518,0.207203098881993,0.00643693172841393,1.04406770937687,0.00458587700019752,0.0301311374362581,0.0805636944123962,0,8.27008796354651e-05,0.00157271748402936,0.000470296196236497,1.42961622047765,0.000157494385018593,0.00080046624228312,7.3481415776515e-05,0.309812881696262,0.00103853329651128,0.00082881425064857,0.00046947260121139,0.467857926320604,0.0159654773836228,0.000465250885347783,0,0.00387969214521825,4.55662119327128e-05,0.00773503432922821,0.00376709250145606,0.0353125662748533,0.000784159948606027,0.00841309439547672,0.00392995470315074,0.0473624733380132,0.00264682472515377,0.00140522645969371,0.0107747613823106,0.000172480350945082,0.00903739021513463,0.00138692873923528,0.0414562943468957,0.000619033929718602,0.000505805843581044,0.000559937159878933,4.18736161595672e-05,0,0.206221865208855,0.00428027529585852,0.0146348576928866,0.00625194773827805,0.0377065950915005,0.0515643198074309,0.114538006421741,0.000358422600854567,0.125614753521936,6.72015833945006e-05,0.00501836448750626,0.0240731280654317,0.000337803452974641,0,0,0,0.0574426790301961,0.0001566923376953,0.00032780341464892,0,0.151155924300201,7.3489850066793e-05,5.59884190058351e-05,0,0.194308324881331,0.00250231598301394,0.000117041417692065,0,0.000266839770919239,7.14705447041989e-05,0.00196422276262012,0
3.43006506770879e-05,0.000262775361795759,7.98134256513536e-05,0.00837817625306492,0,0.21840269781936,0.00509455063151668,0.0180569390751146,0.0344769597802988,0.0177052434608129,0.000585039677605623,0.0685246808338926,0.000542408975496977,0.00230042134926739,0.421387574946383,3.65075183443517e-05,0,0.000237123417676312,0,0.0104765016863646,4.99897649050057e-05,0.0018892129775676,0.000175762892584831,0.0285913865810475,0.000281352954614043,0.000188720631073606,0.00103997390064801,0.017263611504629,0.00113864178734229,0.000313102193768966,0,0.103034499798721,0,0.419854350915603,0.00152376001895901,0.0168915166456614,0,0.00088866578623323,0.000949934927802625,1.39734372483706,0.285596063936219,0.00016945374923749,0.00121611905395375,0.000109828943273676,0,0,0.00380272145994052,0,0.000154354521735465,0,0,0,0.00242179036826592,0.000103116672853864,0.000142078479338574,0,0.000608237036784411,0.000829004584809959,0.000760834936908439,0,0.00234996988310309,0,0,0.000587571317066032,0.000154814649950862,0,0,0,0.0002227227574276,0,0,0,0.00273298141328265,0,0,0,0.00195888340780241,0,0,0,0,0,0,0.00261242531998366
0.00161784363918961,0.000369735885017637,0.0251064181394522,0.0165912088108489,0.21840269781936,0,0.397371718571544,1.42477713666313,0.0448561697603745,1.52905424224303,0.0099457999161321,1.13935057567531,0.0184388771947465,0.186495422732428,0.674568631421339,7.7380860712117e-05,0.0102975785157977,0.00170449770784291,0.00197126602473503,0.0432451714071759,0.0179984794787408,0.000982869195065092,0.0241083066565594,0.0236509306264746,0.00327307110606291,0.00721229969334334,0.00311605841760851,0.132571457628252,0.0441156502697932,0.0231587001086092,0,0.0893399472549757,0.000753648691893995,0.0714572982616056,0.11247891143662,0.244754176949503,0.00383394275072096,0.0300538672097937,0.0278246646850244,0.612145058182796,0.169803291359141,0.00801796145069506,0.052370142278274,0.000932572213459496,0.0222703834163086,0.0059590958547843,0.0167661585867496,0.00251745751101097,0.00112713079288515,0.000795041932895929,0,0,0.00486882330786814,0.000434389827544224,0.00196568778696939,0.00142178166042627,0.0143224929188208,0.00612877264815716,0.00695581532362089,0.00209313492770397,0.0037748292258591,5.12760096576273e-05,0.003351047727566,0.00293115120067732,0.00157669457450444,0,0,0,0.00180469654726626,0.000407443142440945,0.000160433177712071,0,0.0896694907246178,0,0,0.000333769051651975,0.0459631480890105,0.00974687501199382,0.00215459790825918,6.7748828950268e-05,0.000490187726565873,0.000148757890093815,0.00544124841523502,0.0109158707518889
0.426382569718904,0.00132607060156024,0.414900507184714,0.0334352767280213,0.00509455063151668,0.397371718571544,0,2.45927753576984,0.0715593162029749,2.98709422388879,0.141490903094624,0.0531653274005393,0.0466179651378705,4.17962305401139,0.0462377550644331,0.000792539333409268,0.107570682959398,0.0512288167606738,0.0457979353450752,0.0110094407682325,0.612093539473081,0.00269725619600857,0.538735210267933,0.0899210484003371,0.00245195274525779,0.114674255292816,0.0578405741508455,5.24687397754994,0.594016620573419,2.56498205666958,0.000609357465661335,0.0509739373166389,0.0169769689156998,0.206616208780977,0.156711164079035,0.474667530816884,0.0208264565589305,0.254423557271417,0.0853525438314662,0.0617781580437792,0.0488208558798349,0.0194502180116309,0.0822208249782814,0.00209827396038496,0.034674381372849,0.0128746025799066,0.0203002118878468,0.00546769178380788,0.00280678966555006,0.00229229243294729,0.000956003977772985,0.00156605519478015,0.016631494723481,0.000378501825113094,0.00804360226093193,0.00880421882250281,0.0542057271373541,0.0208228582733885,0.0324977254804706,0.0049017816288593,0.00419813911879824,0.000794664106113419,0.0140460530621755,0.00303758242314768,0.00444244524053237,0,0,0,0.00435320529022809,0.000706240237915337,0.00271482296442958,0.00602436391842653,0.13663089659326,0.000192234000759217,0.000161985964619755,0.02976094401164,0.107029584625638,0.0119145803261003,0.00325051369220678,0,0,0.0003673250639265,0.00759578568590238,0.00792169441776357
0.0930413307352926,0.000410741786142212,0.489254323099941,0.02752194028668,0.0180569390751146,1.42477713666313,2.45927753576984,0,0.0850298570113956,1.93182988287814,0.0133724385818051,0.647111579136484,0.0387984493956146,2.47473948525735,0.0451289762780718,0.000418259428048682,0.339411017766465,0.00889316558056583,0.0882271886656433,0.0773681491217313,0.250675971092214,0.00144617826315656,0.733078240963321,0.0400793484909287,0.00671638781166063,0.233144548896423,0.0700606543245834,0.416562285651048,0.15636500142884,0.79931115373039,0,0.0486498324312343,0.00288843865136929,0.0836601773816718,0.0218112709444518,0.503797623689026,0.00741838893347213,0.0589985327289301,0.0663622159136411,0.297006800911362,0.0428996174014851,0.0118040872418272,0.105398649798802,0.00167876249446351,0.0477539285167133,0.0125398234832807,0.0392890051235826,0.00443038577976691,0.00160138251124793,0.00162647075933235,0.000122811014225346,3.79955666543215e-05,0.0063278460143866,0,0.00931863591644358,0.00906566758502855,0.0106452262669473,0.0333765718249088,0.00819056703330085,0.00201783170522742,0.0050654086591196,0.000266962093936992,0.00560512659274783,0.00376824907544783,0.00377711989702686,0,0,0,0.00185391255120704,0.000627928830835053,0.0013559297622034,0.000802211830665997,0.395886636354734,0.00030492740502677,0,0.00305708909123699,0.20195920418237,0.00888408694715908,0.00276980202497355,0,0.0010445524530607,0.000707784394386458,0.00554498151908513,0.00223461102373357
0.00052471815745472,0.13964344144633,0.00259379471605084,0.39232532686518,0.0344769597802988,0.0448561697603745,0.0715593162029749,0.0850298570113956,0,0.185555799875559,0.0318005305310935,0.254593980367855,0.10837099585916,0.07506587210214,0.205531871187074,0.0328911627948121,0.00458414115976886,0.00523638126195737,0.0027077604515891,0.151082646553953,0.0148778986478512,0.841106263701873,0.0155294447044745,3.77940327652098,0.0871618023774312,0.0170541699593046,0.382022705296757,0.845864998923673,0.0449245402620724,0.0275407845661822,0.0244862201073377,0.0131541356686364,0.00192023341971339,0.0286815192860087,0.0199510314676881,0.135880116238831,0.00835508255719804,0.0324882851558941,0.0195767544632279,0.196032815743926,0.00974955739761727,0.0132958109537999,0.121562233503592,0.00596439190256686,0.056047282260941,0.0199551899212129,0.0316774976986471,0.00331515615243305,0.00778055226852771,0.00324486824594875,0.00624327034532615,0.000547125323256129,0.0487415768805473,0.00130294230910182,0.0231380812394635,0.0213407385132422,0.0799377055638174,0.254626173034401,0.0508242211874184,0.0182222991249102,0.015537563637981,0.00767141114833647,0.0523268217864583,0.00865424885934186,0.159267159939928,0.000494916281850427,0.00311671104791792,0.000592861619827121,0.00918756669710631,0.0183898467245449,0.0829312277036248,0.0260089436841623,0.529278682826247,0.00345693135864372,0.00474984689158405,0.0270329114878614,0.234737258155729,0.0485855718445982,0.0161791911963541,0.000327264822757566,0.00163017696146362,0.00114302597427125,0.0130535830974533,0.0221156237492586
0.00165788275333889,0.00063307198516891,0.0393708413413548,0.207203098881993,0.0177052434608129,1.52905424224303,2.98709422388879,1.93182988287814,0.185555799875559,0,0.115486557438136,1.43833333370533,0.0579722908439095,0.66632927559587,0.112547060695632,0.00043133830493488,0.012967669780409,0.0308162599250166,0.014620376589433,0.515167304141817,0.0336329844154142,0.000868934032538653,0.0252665086444417,0.108019276036278,0.00607963841140872,0.0203978379280603,0.00951692763714427,2.32668436395287,0.286045900188257,0.0407988652644068,0.00012313665061067,0.0518034324349194,0.00292130466488613,0.125599101678083,0.209386182263613,0.386573396649722,0.0138015338920239,0.117929560136781,0.0588788843825745,0.0972699155669733,0.0294241935158008,0.0276114239874572,0.0415766856669913,0.00177427331378073,0.0333625597175473,0.0121754640969932,0.0587636467003154,0.00417506863271486,0.00277555617240597,0.00170412573189763,0.000206795544836894,4.11922478384495e-05,0.159487837345831,0.00360023464249185,0.0268395585938442,0.0205416178551249,0.0465284695702431,0.0508008833152348,0.153558639426714,0.00225170231549235,0.0344250277542274,0.0002332430737757,0.00682044785523651,0.020884585772695,0.0012356738346622,0,0.00028706758889342,0,0.0426069990456294,0.000128380908031231,0.000342707440464628,0.00023401134780567,0.246237509231742,0.000359508587992275,0,0.000733937551625505,0.308175020613733,0.00582833591942629,0.000571104010516363,0,0.000235404241939306,0.000222523294721317,0.00339517703891357,0.0111786767873505
0.000991097717566039,0.0396345053748677,0.0244325838436175,0.00643693172841393,0.000585039677605623,0.0099457999161321,0.141490903094624,0.0133724385818051,0.0318005305310935,0.115486557438136,0,0.0217946080619893,0.441914883212495,0.103156759954169,0.00214737131905085,0.00436606210371034,0.0582693740363687,2.24081306606792,0.352328280380092,0.00697162792225904,0.0268603321578875,0.0235327839012356,0.0633285017507505,0.0318983878587481,0.211727754257059,0.420838194913832,0.166206701976646,0.101178647368492,0.392389604699785,0.038174755246945,0.0336880266299003,0.102839791995846,0.00176185023909585,0.754629648985385,0.00820340300107852,0.215546891723552,0.534152471043092,0.634546392720312,0.101805776097982,0.00665670638136122,0.003761348643961,0.279765382135608,0.0101182088466014,0.0834307999769575,0.0131677077166445,0.00524810891031038,0.0043750794155942,0.00145799729503164,0.056487119119871,0,0.00998164878557308,0.000917475721681985,0.000164054218804079,0,0.000422527018915254,0.000351656490860248,0.00138380372887154,0.00488964518583852,0.00138911782727411,0.213982717339373,0.000863097759172651,0.9326787168096,0.00276598103597128,0.000497175172158184,0.00250408045305767,0.000747494878338692,0.00339906771920725,0.00595590090020365,7.18908552236318e-05,0.000506714181544119,0.00264838842656989,0.00188549946640632,0.0122618726859893,0.101721463138481,0.0769201839168538,0.453240953277004,0.0039003549175806,0.00269526484923428,0.000362354071833027,0.200577321827666,0.000655730019488645,0,0.0141514141053502,0.00272953006453636
9.22607915051697e-05,0.000353576282953399,0.00129994774376057,1.04406770937687,0.0685246808338926,1.13935057567531,0.0531653274005393,0.647111579136484,0.254593980367855,1.43833333370533,0.0217946080619893,0,0.0209909939299106,0.212809732660218,0.476767185525819,0,0.000480092539225564,0.00345688252079949,0.00151202153610461,1.42973492969623,0.0017746360140714,0.000753945275401211,0.00203412207750405,0.0750075340441989,0.00196174523888755,0.00142142589235827,0.00115218333718386,0.12145475244168,0.0586509985232519,0.00324845023586384,4.05764698028654e-05,0.0425230626844162,8.75618697949646e-05,0.0317978876689466,0.241556342977523,0.103443989131469,0.00310945016408009,0.023716218049239,0.0221405037854801,0.372476190775823,0.0124517390255828,0.00786769200312661,0.00773865639234561,0.000504884157347066,0.00952880023760229,0.00538247154450182,0.0361214154506389,0.00179356772061862,0.0010394656107769,0.000111581647121146,0,0,0.0732510061080983,0.00312926454955919,0.00973145850238977,0.00170254514383484,0.0124515108067987,0.0163989160616963,0.0467732174418018,0.00106174564023394,0.0770973659742702,0.000316644670531002,0.00343141148291537,0.0155237219378669,0,0,0,0,0.0146588469513993,7.43492392081379e-05,0.000389003084301031,0,0.0516268912364543,0,0,0,0.0663131925176101,0.000777399353935552,5.45407355367302e-05,0,0.000559639781463087,0,0.000703838338899321,0.0569879000698431
0.000188635929429593,0.224600409834737,0.00210766219779913,0.00458587700019752,0.000542408975496977,0.0184388771947465,0.0466179651378705,0.0387984493956146,0.10837099585916,0.0579722908439095,0.441914883212495,0.0209909939299106,0,0.0975307897834775,0.00893216340312183,0.00923544513823206,0.00295673311541108,0.0309729972473139,0.0050539556284707,0.00570536553376308,0.00395791072090716,0.126690915795437,0.00521190977263997,0.116904206249869,1.12918025318925,0.0244067555330169,0.83660285830437,0.0584431308815314,0.105074702253643,0.0104815361859798,0.211841793808122,0.0515333286272139,0.000285320263583568,0.311442330154937,0.00589564792285606,0.0986235948163803,0.123424023253493,0.358571600959515,0.108807350468561,0.143826980705422,0.0150771975435959,0.681630908870794,0.0396003628077733,0.117785953172027,0.0521674232055571,0.0200751675455645,0.0872589627070027,0.0312046217529119,0.102642271537826,0.000356452951472678,0.0381389826500194,0.000472734387477082,0.0039186316013499,0.000922376643095825,0.00602411951757388,0.00472044164441608,0.0265272309688525,0.00758438819820363,0.0168235837643926,0.356196428952504,0.00710513183317417,1.52376480661628,0.0344255201407641,0.00356061018159018,0.00312482543650853,0.00132165885091642,0.00443054084631,0.00528955212215942,0.00203466956050006,0.00138704859752011,0.00572753670203165,0.00070983064147372,0.0160803053859749,0.342966352955027,0.0944343912113027,0.721936625879836,0.0139322505848686,0.015052571380028,0.00143592808153759,0.218801524307095,0.0112414701507343,0.000326860818188554,0.0299226851650483,0.00275018668409943
0.602870612819216,0.000181591152342718,0.314934828667918,0.0301311374362581,0.00230042134926739,0.186495422732428,4.17962305401139,2.47473948525735,0.07506587210214,0.66632927559587,0.103156759954169,0.212809732660218,0.0975307897834775,0,0.0183082734589345,0.00124952402068405,0.65327404020082,0.0254330597796519,0.113601236562922,0.0393404592882658,0.213089787170297,0.00256207336838154,0.823571177308937,0.0614890315176499,0.00930610201910731,0.187350992986891,0.0735757086925748,0.562932246895744,1.79020549280054,1.91365109059693,0.000931527768040367,0.0880917843707932,0.00654744250198483,0.253891244180096,0.041953808968267,0.612994108739908,0.0144026563107394,0.112760157424406,0.0967900786889458,0.0611045452822695,0.0575635508777209,0.0342233690586537,0.0646838258390329,0.00448573358500419,0.0365163096157076,0.0213830781058735,0.0274429545080232,0.00864802165610531,0.00568102255381404,0.00100375848799764,0.000421229709963605,7.76578089438022e-05,0.00137109653113032,0.000115561008763742,0.00486078253091379,0.00386497212268448,0.00741363410748968,0.0243041949813382,0.00263383660721858,0.00700576584636443,0.00304651687354939,0.0036877787584671,0.0100385790009689,0.00456898360197474,0.0088938966229338,0,0,0,0.000633019092774492,0.00202984567812074,0.00149283531426667,0.00122650831361265,0.264848627269915,0.000508096599917585,0.000289889248703095,0.00473989554657372,0.0944986159005882,0.0109467689613475,0.00482911789532974,0.000135546371862897,0.00231841317959353,0.000735539109274739,0.00437287234145716,0.00499186085298718
0.000196038033431267,0.00471874864130384,0.00140156012945672,0.0805636944123962,0.421387574946383,0.674568631421339,0.0462377550644331,0.0451289762780718,0.205531871187074,0.112547060695632,0.00214737131905085,0.476767185525819,0.00893216340312183,0.0183082734589345,0,0.00108185969336251,0.000792578683967366,0.000896048143981867,0.000335773966071305,0.065960743742866,0.0111692798265884,0.0175147649305962,0.00857796009727278,0.249248788512845,0.00298349451195808,0.00115597805290734,0.0121223065928047,0.146786095669053,0.0104157742517993,0.00715559094258911,0.00049214401993424,0.0427890031555868,0.000162428839704642,0.0116874345602644,0.134620454629657,0.052858343657215,0.00393167554355029,0.00801071542493836,0.0167827037582129,0.705227892184252,0.0133847313276067,0.00170852445687957,0.0140586028060669,0.00261220673301453,0.00557938714931893,0.00851494233737656,0.020340841616528,0.00010056198104316,0.000338394534644353,5.10680429775178e-05,0,0,0.0316912020137734,0.00172117776084796,0.00556706112317057,0.00126294440115773,0.00794116501300244,0.00796859963263797,0.0163733667407973,0.000685338192893356,0.0124818677402588,0.000212757295046449,0.003177829125877,0.00736791728876101,0.00738724467656447,0,0,0,0.00477755043293878,0.00292374239415059,0.000496012765395283,0.00485415480212391,0.0257043127052094,0,0.000273577519709193,0.0028696889634133,0.0263024030043127,0.00288638806325502,0.000744494854452789,0.000107554327711738,6.27048343063653e-05,0.000142985800438011,0.000756954794315856,0.362621878932904
0,0.0385877106781248,0.00603037201335779,0,3.65075183443517e-05,7.7380860712117e-05,0.000792539333409268,0.000418259428048682,0.0328911627948121,0.00043133830493488,0.00436606210371034,0,0.00923544513823206,0.00124952402068405,0.00108185969336251,0,0.0327913925918019,0.00319653308077798,0.0113500607347578,0,1.18836489146502,0.819585689039693,0.659663995389375,0.454357164247432,0.0106020673428918,0.0076396939920036,0.755470323765753,0.126151073357954,0.00143417309361824,0.0198439425434945,0.00200128213853883,0.000381451924607584,0.000298290552853745,0.0376745923874699,0.0666949323746413,0.450751461126506,0.0318979714634118,0.17781554052157,0.188223269399882,0.000554652209846741,0.00190886878393659,0.000728706874754346,0.200892646991164,0.00691557151791829,0.0809687965050445,0.0794699918424805,0.00273291755218148,0.00026180063863852,0.000326799068240822,0.000373757144539172,0.00389476281278875,0.00378696333835231,0.000489712296359333,0.000272672598820883,0,0.00253776162472847,0.000328822312014359,0.000825442415993204,0.0010411387385925,0.000756098262200013,0.000142963966259384,0.000319115094284218,0.00089697757799413,0.000713219721516979,0.764921823077415,0.00144887605400605,0.000224116807791972,0.00113425851404208,4.52140209535479e-05,0.0687368577449845,0.183073194121766,0.323148800936748,0.0365966392441841,0.000310624788756507,0.00155502149391926,0.174627704641938,0.0287976715700075,0.00824326230586316,0.0117170685681996,0,0.000196967988779705,0.000958477217257753,0.00565644494419441,0.0303830616164735
0.075874263918986,0.0155053155678515,1.98507772152874,8.27008796354651e-05,0,0.0102975785157977,0.107570682959398,0.339411017766465,0.00458414115976886,0.012967669780409,0.0582693740363687,0.000480092539225564,0.00295673311541108,0.65327404020082,0.000792578683967366,0.0327913925918019,0,0.0414444398073811,0.661587043500544,0.000211957036267576,0.269935010328808,0.0126300548317574,1.60954478801472,0.0325228912760213,0.00109217394771417,2.24292777373964,1.69759815301384,0.115954698828058,0.502863930504707,0.302872899520184,0.00117193724766607,0.00365913075984316,0.0686680466548544,0.57236251047755,0.0119960229247332,0.165371372683249,0.0250655495020144,0.175440983737707,0.112556108681181,0.00157860031374858,0.0024296002061969,0.00217620013874133,0.0790377355497015,0.00465032765774613,0.0305175856893814,0.0378534909236119,0.00114440842619605,9.48631365397689e-05,0,0.000278778111353373,0.0376505025084936,0.0613635118883972,0,0.000217788168536198,7.93668470148921e-05,0.00973240210797109,6.85236351677209e-05,0.0013428906720427,0,0.000318617811832946,6.87001952142954e-05,3.46317301218361e-05,0.000569385931650034,0.000342767832873595,0.0212427418107474,0.0199353243209063,0.0026346334205331,0.0113969092581939,4.5639302232796e-05,0.00571319872342553,0.00781150393042995,0.0433469557073487,0.00723255469048243,0.000628226418301547,0.022382513630392,0.46989776765473,0.00523071324081041,0.000837350211805111,0.00929527267428639,0.000277280764160946,0,3.99212612021446e-05,0.00526118798850461,0.0056652114288539
0.000401862775455761,0.00357597154311759,0.0334412018298459,0.00157271748402936,0.000237123417676312,0.00170449770784291,0.0512288167606738,0.00889316558056583,0.00523638126195737,0.0308162599250166,2.24081306606792,0.00345688252079949,0.0309729972473139,0.0254330597796519,0.000896048143981867,0.00319653308077798,0.0414444398073811,0,0.448350323498752,0.00151577496561586,0.0181656462990752,0.00135314463980115,0.0570252156231343,0.00698877988516098,0.00437567475312213,0.721641616451723,0.229795524426825,0.0397759913453142,0.0925985921424131,0.0272303473526348,0.0045168411496521,0.0155872410166985,0.00102251569661516,0.218546897388498,0.0140411968595338,0.475697861701578,0.438300988875576,0.513052809706917,0.273521207584295,0.0013384058310988,0.00250804769234365,0.0111936377936621,0.00666405724730755,0.00148698665271422,0.00218311100469437,0.00335062392512651,0.000324811079181236,0.000713946025403589,0.00149174256782473,0,0.00406361988244478,0.00186628217344824,0,0,0.000150014238023126,0,0.000122776394405949,8.33469313016981e-05,0,0.00279653496740479,4.06045471112907e-05,0.00954739131805851,0,0.000285235004471165,0.000627377486854267,0.00140301852096449,0.000596162756650913,0.00547512309812086,0,0.000148698875870592,0.000694706660826636,0.00076820523424139,9.06860594413551e-05,0.00181413464455003,0.0226424656857817,0.071982328136802,0,0,2.60202371601314e-05,0.00369413672675431,0,0,0.000707889528795505,0.00942715880418975
0.00889772934200009,0.00819502825152171,0.200550113036927,0.000470296196236497,0,0.00197126602473503,0.0457979353450752,0.0882271886656433,0.0027077604515891,0.014620376589433,0.352328280380092,0.00151202153610461,0.0050539556284707,0.113601236562922,0.000335773966071305,0.0113500607347578,0.661587043500544,0.448350323498752,0,0.00080375689044238,0.0526642271837743,0.00213915921605871,0.282721449576982,0.00892923377252455,0.00162711403914186,1.74820985777385,0.573810068392385,0.0407336135402663,0.0827575714247274,0.0575463084552491,0.00188509608640838,0.00632600207412676,0.0063504649149415,0.386332045740191,0.00965097968401606,0.304898007914511,0.108765175251679,0.348528456145318,0.169748207608099,0.000719160236310253,0.00165666842975126,0.00224217102033336,0.0204409930892042,0.00128427793703742,0.00735954988952817,0.0106303328459354,0.000118984974456232,0,0.000208806372034383,0,0.00746930057043391,0.0113437124808734,0,0,0,0.000340791150615022,0,0.000232757665917319,0,0.000112753969594956,0,0.000670070589290434,0.00022029759442977,9.07718140812156e-05,0.00502574450956558,0.00487055632998438,0.000671552564808169,0.00840153177067165,0,0.000795260579225111,0.00108959410272322,0.0098962397141733,0.00066049425533106,0.00105463710269991,0.0293799098295839,0.128333378771788,0.000158451803427878,8.35182470160067e-05,0.000505793197307372,0.000661251565816018,0,0,0.00111007658051695,0.00692707727836666
0.000197168375438228,7.58441939320564e-05,0.000228155338510123,1.42961622047765,0.0104765016863646,0.0432451714071759,0.0110094407682325,0.0773681491217313,0.151082646553953,0.515167304141817,0.00697162792225904,1.42973492969623,0.00570536553376308,0.0393404592882658,0.065960743742866,0,0.000211957036267576,0.00151577496561586,0.00080375689044238,0,0.000314782542864924,0.000246311023249096,0,0.111899184923142,0.000880356226926768,0.00103393357836586,0.00043905394877398,0.169048854280481,0.0173421851489696,0.000478292497020603,0,0.00499088413997748,0.000156530643472472,0.0088646934838661,0.00178070251930179,0.0250803562160447,0.00131909342525833,0.00628363645339953,0.00406334099081634,0.0465990336094034,0.002283564065189,0.0019915562740072,0.0102865557191217,0.00017271789183948,0.00695075397777334,0.00123701967433429,0.0223766231690338,0.000539985786866364,0.000292108956209445,0.000467624531556067,0,0,0.0775567716603056,0.00225434110502298,0.00736779024532805,0.00354838505205875,0.0192933219605328,0.0216332770117509,0.0582711365501114,0.000428486141796932,0.042906997614529,5.81045122368514e-05,0.00222255379026081,0.0107869233449955,0.000185785069632095,0,0,0,0.0143057425680193,0,3.05618831006765e-05,0,0.0762079558025599,0,0,0,0.0960305814593812,0.00157545768893222,0.000192016306771868,0,0.000116661823012114,0,0.00107125670909768,5.54026900650203e-05
0.0291615097491587,0.00932949822416399,0.269812012931736,0.000157494385018593,4.99897649050057e-05,0.0179984794787408,0.612093539473081,0.250675971092214,0.0148778986478512,0.0336329844154142,0.0268603321578875,0.0017746360140714,0.00395791072090716,0.213089787170297,0.0111692798265884,1.18836489146502,0.269935010328808,0.0181656462990752,0.0526642271837743,0.000314782542864924,0,0.119111120811581,6.18167986172336,0.172110525852218,0.0030125545803766,0.0450340324660487,0.370353753056415,1.86186586598294,0.0684250780004431,3.31374811687981,0.00093690911106754,0.00171173529672846,0.0100934653901356,0.865417104258732,0.277199140671563,0.856115524748399,0.0377062247750561,0.689666150073696,0.511595662656996,0.00297084941258234,0.00518806137296903,0.000986328056730303,0.158389509576819,0.00688621153924833,0.051557890457381,0.0401541313708611,0.00661966928869291,0.000749176262364393,0.000536316140208626,0.00107281667341089,0.00199506066225763,0.00158746613359733,0.000489069463040706,9.40474673731211e-05,0,0.0020206726415714,0.00105525282653718,0.000861821435292682,0.000941421577667235,0.000591809189189473,0.000479783923692253,0,0.0014486541299692,0.000914306689381498,0.297364433104627,0.000502273687726849,0.000110299250448942,9.79049240992572e-05,0.000284694051081768,0.0717345639354069,0.0585827862315994,0.101163544282586,0.0342186096025865,9.56097828608868e-05,0.000329059522557119,0.0794172815853744,0.0419479123412051,0.0272613854350419,0.0184948896210254,0,0,0.00258975858554381,0.0060886394689596,0.0483485775789274
0.000175334052282849,0.392369411308066,0.00905632096933995,0.00080046624228312,0.0018892129775676,0.000982869195065092,0.00269725619600857,0.00144617826315656,0.841106263701873,0.000868934032538653,0.0235327839012356,0.000753945275401211,0.126690915795437,0.00256207336838154,0.0175147649305962,0.819585689039693,0.0126300548317574,0.00135314463980115,0.00213915921605871,0.000246311023249096,0.119111120811581,0,0.0630438737674156,1.750688783031,0.164963899613014,0.0169239370741776,1.87583083916742,0.117154754572289,0.00302165151216714,0.0130812049103288,0.0252242138299427,0.000589622000672567,0.000718311859750491,0.0102145390515412,0.013342357982329,0.0688894138220749,0.00758819112884326,0.0267178881496223,0.0224321920827523,0.00451856506903217,0.000575196695675427,0.0121925698519597,0.101041699843704,0.0055868784740718,0.0396544291635185,0.0431745859209677,0.00266136396533408,0.000689708698618901,0.00566437204147193,0.000871051563315476,0.0312923628281474,0.0109921882106757,0.00010945178493706,0,0.000318101570294654,0.00639786504044564,0.00324282154462799,0.00504599798657095,0.000621177202114525,0.00165367650722312,0.00279270404720638,0.0072671073633277,0.00384604933305063,0.000607276761349624,0.245478852891627,0.00699823701637707,0.000903529547862084,0.00263943758246811,0,0.0282731666493739,0.185820801255094,0.0855410225238392,0.0702854919286808,0.00423264289960098,0.00865402110511476,0.300774910095795,0.0230038200025782,0.00659545221917394,0.0105906556268447,0.000808390719975382,0,0.000669725294401729,0.00339572384314019,0.0169323554198272
0.157829455733128,0.00459640588246037,4.51826466186733,7.3481415776515e-05,0.000175762892584831,0.0241083066565594,0.538735210267933,0.733078240963321,0.0155294447044745,0.0252665086444417,0.0633285017507505,0.00203412207750405,0.00521190977263997,0.823571177308937,0.00857796009727278,0.659663995389375,1.60954478801472,0.0570252156231343,0.282721449576982,0,6.18167986172336,0.0630438737674156,0,0.123767916666665,0.0017145329157138,0.800883358836447,1.56919435125272,0.819710891773974,0.26576609010272,1.40388679821925,0.00114324677820958,0.00455260180746295,0.0306409920101643,1.01677327226037,0.415773697958133,2.44593952922317,0.189551247472451,1.95991923950129,1.69481577438842,0.00602300168763524,0.013186370369848,0.00289114558882977,0.278366764244309,0.00791228500687405,0.0977105690138602,0.120886846598929,0.00833296692929873,0.000452241188740319,0.000445743419768971,0.000856142509960761,0.00679084945559474,0.0164928391955522,0.000251696689237165,0,0.00050451210655649,0.0125639626388495,0.00126329164718579,0.00183636074926378,0.000875403879053907,0.000342865583407339,0.000225102729353591,0.000107061024965364,0.00204883051450262,0.00180691839689651,0.61952115425549,0.00415319011986604,0.000480515688704392,0.00274409245255924,0.000113355157960117,0.0498653060839017,0.10948097127723,0.51165369717598,0.0442939014922225,0.000481254775650901,0.00318820194538012,0.576695760045996,0.0419355103496651,0.00538696883299224,0.0117009566967854,3.77622867798894e-05,0,0.00115235630465636,0.00547154933086453,0.146746229628192
0.00130536188193051,0.257034538265647,0.0126011229010617,0.309812881696262,0.0285913865810475,0.0236509306264746,0.0899210484003371,0.0400793484909287,3.77940327652098,0.108019276036278,0.0318983878587481,0.0750075340441989,0.116904206249869,0.0614890315176499,0.249248788512845,0.454357164247432,0.0325228912760213,0.00698877988516098,0.00892923377252455,0.111899184923142,0.172110525852218,1.750688783031,0.123767916666665,0,0.128464017767476,0.0231601371975981,0.724511183770888,1.88939397684078,0.0684911004194716,0.274884031875531,0.0245281530887191,0.0105214250211038,0.00823865429537542,0.0699645210324482,0.116550077526065,0.410665334965857,0.0278690072254505,0.140984620942049,0.0984950834065472,0.0908782532760008,0.0108162795633347,0.0120907278305806,0.812744372631413,0.0248455843626343,0.312432535765645,0.0983535401742898,0.176466942369426,0.0237785332647579,0.0141345633121654,0.0180175778812411,0.00833820719152916,0.00237888960369256,0.124931368602791,0.00369332805433213,0.0659542655343248,0.066009549153271,0.302069819086663,0.26624498128208,0.166651423257474,0.0314739484341959,0.047289727984401,0.00506495322551069,0.159718278431205,0.0209468641823957,0.477184822204896,0.00134544820539367,0.000525324123014283,0.000615514288513598,0.0292870939957081,0.122732686953644,0.177908950097994,0.0970881455317993,1.68975995717427,0.00311945121926944,0.00125688741418392,0.117321694838501,0.91096952275364,0.268370149515216,0.0885647576231526,0.000319245670931196,0.00224845176892499,0.00970704348771729,0.0761471962387169,0.0429349310986904
0,0.36803812362878,0.000538993689277622,0.00103853329651128,0.000281352954614043,0.00327307110606291,0.00245195274525779,0.00671638781166063,0.0871618023774312,0.00607963841140872,0.211727754257059,0.00196174523888755,1.12918025318925,0.00930610201910731,0.00298349451195808,0.0106020673428918,0.00109217394771417,0.00437567475312213,0.00162711403914186,0.000880356226926768,0.0030125545803766,0.164963899613014,0.0017145329157138,0.128464017767476,0,0.0410233872975204,1.0942360313454,0.0144259950630005,0.0107864981953407,0.00233455210887161,0.104244105872042,0.0049611654820157,0,0.0555087570748089,0.000840178728992164,0.0248059741249192,0.0170238829881274,0.0430612624896693,0.00513030785160578,0.0346116383777666,0.000608855661522007,0.102658131621931,0.0374893148669986,0.0134803031122865,0.0116242492836978,0.00399590235431228,0.114527951252114,0.00251703537839577,0.0660658305941805,0.000365807727879053,0.0478537534935738,0.000706355257064825,0.00372399011140553,0.000859736609328103,0.00361316624706895,0.00144471483120542,0.0118849697318374,0.00289225467477348,0.00486076416542737,0.0298359589790838,0.00291128754634833,0.204458221769447,0.00689992709923476,0.00269835374287276,0.0046059923695709,0.000783298809633344,0.00200220288275445,0.00366589217006924,0.00187619731140278,0.00232765672557077,0.00277216622777053,0.000735085453886765,0.00853147372698241,0.227183554713369,0.0278323141604625,0.302977152243935,0.0103744367937686,0.00803552318899621,0.00114899270814499,0.0227036726851108,0.00114287935750369,9.24412151173948e-05,0.00683037385092031,0.0027065755860765
0.0210220247161921,0.0574203313999542,2.43167659503482,0.00082881425064857,0.000188720631073606,0.00721229969334334,0.114674255292816,0.233144548896423,0.0170541699593046,0.0203978379280603,0.420838194913832,0.00142142589235827,0.0244067555330169,0.187350992986891,0.00115597805290734,0.0076396939920036,2.24292777373964,0.721641616451723,1.74820985777385,0.00103393357836586,0.0450340324660487,0.0169239370741776,0.800883358836447,0.0231601371975981,0.0410233872975204,0,4.51590388802745,0.0565218422154488,0.0803449003489286,0.0644500905645432,0.0343903328753252,0.0082432350570147,0.00241898500666405,0.159310109968189,0.0371301850349028,1.09885072948203,0.662514333535828,0.545202622649076,0.429055427595903,0.00222135865803869,0.00453786410337388,0.0100707256118514,0.165470646607767,0.0222495239479349,0.0587224995054721,0.108040574067099,0.00125021298451199,0.000500388613526237,0.00150501474171358,0.00029295616363411,0.152754998876828,0.106573843776805,0,0,6.64270868817091e-05,0.00404414470615778,0.000499835801029182,0.00268169145143004,4.04753563926726e-05,0.0294357960125002,4.64549868846774e-05,0.13458787129907,0.000805709343472946,0.000598275066323316,0.0140365411158152,0.0762694439156484,0.0230011395087341,0.147900546105268,0,0.00672976699238129,0.00987940016326762,0.0328023228203354,0.00496854347292862,0.0471546392321458,0.604541298600661,2.17440173519147,0.0019803730658019,0.00150857327666231,0.0128131782401696,0.103088894366561,4.5853638505441e-05,0.000563999199761754,0.0231520911053374,0.0241707957170473
