0,0,0.0894826184573079,0.00562294647197276,0.000106863781621867,0.00460095565395399,0.711033044482766,0.118779947289784,0.0011855060382457,0.0415971284004878,0.00220290132234857,0.0048647306348657,5.23228900185287e-05,0.801606163010552,0.00117516064046118,9.53205745880631e-05,0.124561321709298,0.00466238881525716,0.0108860967800643,0.0199705164393773,0.020079658200665,0,0.108663078545484,0.00435738674432423,0,0.0361805940957335,0.0391252421385803,0.0346650826987162,0.812793570631007,0.911927869463694,5.65609777699173e-05,0.00118040594150434,0.00985755235489416,0.0310045139975901,0.00219833659116321,0.0235499293697983,0.00171157669405962,0.028848391391237,0.00866453415012059,0.00578407527552315,0.000877756989701196,0.00183699646603607,0.000995132256870778,0.000116370658685884,0.000150692149989304,0.000183546986851084,0.000501542405476144,0,0,0,0,0.00013666336108514,0.00016210774892486,0,0,0.000298879317037657,0.000140489059220063,8.54751924640059e-05,0.000134540434995475,0,0,0.000213961606000221,4.34768117689907e-05,0.000102716562175596,0.000552444112702829,0,0,0,3.19028944978178e-05,4.59065427542627e-05,0,9.0988143787566e-05,0.00256053071587042,0,0.000275751663508439,0.00180277970451649,0.00277236236129925,0,0.000111674292198992,0,0,0,0.000265591207098037,0.000462481805834913
0,0,0.00385515972678809,5.5659139214468e-05,0,3.15279646214396e-05,0.000303641221195945,0.000218399224050862,0.167590352096874,0.000223093793170178,0.0382225028794921,0.00277635259231193,0.0747239182731489,0.000962017646648258,0.000579286315056091,0.0536240020592977,0.00948624950378847,0.00069094751321981,0.00353855551816317,0.00033043817438302,0.000633877717937923,0.374076558575377,0.00594305771971037,0.138530205274593,0.262882227061933,0.0190289733842273,2.16729814996526,0.00615732737301466,0.00117372256391402,0.00026127222530666,0.00634644250962246,9.84234859755781e-05,0,0.00585053893619539,0.00103402697623353,0.0127363467521248,0.00872902395372021,0.0113116952408449,0.00593916617892652,0.000479565212184733,0.000104682597324478,0.0198131506510801,0.0168352349767848,0.00592549118645578,0.00518266328811511,0.00479523709492517,0.000108475217896449,0.000114617845327508,0.00119578269359494,0,0.115432906396443,0.00974788707467763,0,0,0,0.000275351025526151,0,0.00119775301342814,0.00014865904228211,0.0126534501696773,4.26886748363733e-05,0.0456302375515372,0.000179955606452388,0,0.00128167535030153,0.00460953952902181,0.000222453110373616,0.00257720039520231,6.59267627291441e-05,0.0003215324855254,0.00596528480209076,0.000732682678307701,0.00231138070493817,0.015519043567015,0.0167129684174898,0.513233389499717,0.00142904325521047,3.42354576421023e-05,8.89262032046855e-05,0.00676101249544546,4.77154194820702e-05,0,0.00296373415414391,0.000751422217638993
0.0894826184573079,0.00385515972678809,0,0.0048351426923097,0.000196713016820538,0.00651100196791329,0.598527860136223,0.0868411374880905,0.000348616305077088,0.0171864550050279,0.000720902923701957,0.00381693687292445,6.36503954445302e-05,0.189142115040119,0.00335815702684111,0.0085595697060617,1.75401587418295,0.00577294750038167,0.0470366549012513,0.0101264826534787,0.204113749180991,0.000666327387151146,2.53551352517369,0.00861320015974309,0.000321210944215524,3.30751617198316,3.85911205211603,0.260219822854272,0.121576952620469,0.22947497648521,0.000253628905941734,0.00113230520541116,0.0209716079821872,0.381060680162865,0.0813003684565491,1.02332474809912,0.621753225231369,0.494320110808978,0.455965787249108,0.0106697566468063,0.00784134405010727,0.00227677513456478,0.221873083370631,0.0285807119704917,0.0906227220031625,0.0768726146766408,0.00104182006456396,0.000677064901045817,0.000120207363509869,0.00137419280891412,0.0118962543674173,0.276317028531671,8.55387927781404e-05,0,0.000100021940706599,0.00824524696434564,0.000733010739137238,0.00155122004361947,5.5767652469562e-05,0.000105433502000248,0.000315325725319436,0.000369485964967981,0.00365232936942343,0.000924161678253692,0.0638628634205763,0.0478226208063231,0.000339834989556042,0.0130917971936849,0.000109573696964061,0.00198327335382763,0.00552864005516483,0.197127470647419,0.00432498964623773,0,0.118853524428858,1.58356222014241,0.00471521230339324,0.00110205827890697,0.00650681976604441,0,0,2.25253179073602e-05,0.0477953292995731,0.0314054323117242
0.00562294647197276,5.5659139214468e-05,0.0048351426923097,0,0.000492608788676163,0.010143592492881,0.052170181932067,0.0353753981149716,0.40236729513782,0.349731719974422,0.000374312094394359,0.113325240327468,8.05120631313384e-05,0.0353373688693435,0.0204608496332119,0.000224081165423781,0.00115477846465404,0.000643407433319285,0.000653226924850878,2.9913375989438,0.00298328527618041,0.000367822450030387,0.00597412211848584,0.581058287185411,0,0.00203967451587225,0.00272572590732249,1.45575451419121,0.0364140436334258,0.0050082426288657,0,0.00314145747506389,0.00352241788463187,0.0139568806596303,0.00453731551025414,0.0846908533340786,0.003878815651396,0.0389142307377186,0.00678436063772978,0.0226863729763431,0.00383370800728147,0.00768203647987429,0.0138155105103261,5.6688458377558e-05,0.00411338614899968,0.00146171647295336,0.0520077622861218,0.00205625051210641,0.000302553143861967,0,3.81577486603737e-05,0,0.233102127143469,0.00047166619915849,0.00578943424819137,0.0213120051828213,0.00588856806933174,0.0467197761403545,0.126911120178739,0.000198512511739567,0.0635927600459202,0.00314133824134865,0.00374773030934044,0.00635007845673762,8.9648305002558e-05,0,5.0172693438065e-05,3.62110695853979e-05,0.0612397383239576,0,0,0,0.108641832735807,0,2.86696727111519e-05,0.000224009818180415,0.153304415706006,0.00141076848413655,0.000170537815324807,0,0.000360325397389001,5.76450129017115e-05,0.00638776892732554,0.000263561261657858
0.000106863781621867,0,0.000196713016820538,0.000492608788676163,0,0.173594929564008,0.00542369977182582,0.016169141429905,0.0193121936799711,0.0073466260268327,4.51941752391994e-05,0.0468007881941482,0,0.00271818604783497,0.387082627815221,0.000570002804035187,0.000176461378895783,0.000178162756043813,0.000154374881157571,0.00513293060725834,0.0014841617292594,5.64534056954801e-05,0.00298177018530742,0.00190111202220906,0,8.52525688661931e-05,0.000327295565920258,0.00545481233705255,0.00233999119450974,0.00188060790538613,0,0.00198356517732701,4.59373154870272e-05,0.0068637144486974,0.0974171790170235,0.0581599360088407,0.00184204048440909,0.00121526959286317,0.00160740571154101,1.27563261031608,0.258766087555792,0.00168169886786131,0.00103919035581241,0.000421533157798988,0.000473012349978447,0.00209871714330224,0.00153404325165001,0.000105585830777157,0,0,0,0.000138988549772751,0.000653330642209319,0,0,0.00024519982446922,0,0,0.000623454848361275,0,0.000944038346305012,0.00044222980793668,6.11184419906795e-05,0.00028017142287485,0.000115602337793285,0,0,0,0.000513663174957013,0.000278824397119355,0.000253126570452189,0.000836865367463797,0.000876770357393078,0,0,0.00090711723653308,0.000850943852706493,0,0.000199028366233074,0,0,0,0.000737062830592233,0.0100385583689559
0.00460095565395399,3.15279646214396e-05,0.00651100196791329,0.010143592492881,0.173594929564008,0,0.356679333264224,1.04526610831809,0.0223247049403754,1.86396074049796,0.0132632253584116,1.65678560343513,0.000534012113212993,0.0666989792247279,0.25110535626372,0.000269150309874844,0.0023103929102157,0.00957805131012799,0.00670324125684365,0.14350567961272,0.00328556048801952,5.36627962985635e-05,0.011471520870409,0.00869659233567703,0.000144599981340605,0.0075658471878259,0.00791315168955242,0.068670906769478,0.0222855682488404,0.00847521349115502,0.000188756490531686,0.0126816782124262,0.00177305776683283,0.0102104240564473,1.18065977421277,0.223577653468415,0.0086526161906973,0.0396346267937649,0.0264049081316882,0.612383796633094,0.0469933422323888,0.0150755656260367,0.00558497607700878,0.000388793162476054,0.00114629688454945,0.00231063469240197,0.0200113793012337,0.000733758251562938,0.0001057135488673,0,0.000127679992950678,0,0.01264704146435,8.86385693966154e-05,0.00233576130365443,0.00400027797744428,0.00160067250012227,0.00248722189702731,0.0132121884986425,0.000284358244403368,0.0192673989378029,0.00193522801365305,0.000991353592770534,0.00347225211068399,0.000407195544148034,0,0,0,0.0066405337219322,7.9974282753259e-05,5.10689924016535e-05,0.000346805068523145,0.0152546178240493,4.24086754658222e-05,7.07592666858673e-05,0.000361730818842089,0.0169013485032537,0.000457838077969778,2.9046789926374e-05,0,0.0002097655726504,0,0.0110630226097409,0.0986478015537312
0.711033044482766,0.000303641221195945,0.598527860136223,0.052170181932067,0.00542369977182582,0.356679333264224,0,1.64729392434137,0.0219664160954397,1.35146618717318,0.0209917139458447,0.0464717546512764,0.000817495502072892,2.82225520892295,0.0491355591132709,0.00531978262560538,0.149830376699475,0.0254598878877262,0.0276547440453165,0.0582774951249649,0.543240686524031,3.94555055458397e-05,1.18315617058635,0.094978448529806,6.54913598082245e-05,0.0946092884945742,0.109117264900001,3.86378230181837,0.928243157920957,1.7781518384106,0.000250621645007003,0.0257329557589678,0.214635405229371,0.27084504616965,0.075533941933223,0.841273968287338,0.0498635701432706,0.574532862625107,0.151419577694781,0.190020763171663,0.0365925005102997,0.0257567036443003,0.0233928178027709,0.000895470507126474,0.00912867974837268,0.0048955070998552,0.0171941948047845,0.00241784944316556,0.00113751900127552,6.29995533964693e-05,0.000153493073626301,0.000902267423851612,0.0285566401615248,0,0.00139247989408078,0.033461037553872,0.00360885964338239,0.0103701908303477,0.0268674885077607,0.000340352663915467,0.00692864598975125,0.00608928279381938,0.00360767634306414,0.00213040335876427,0.00451587919711243,0.000150006458008873,0,0,0.00986615752339316,0.000414029555640149,0.00120711781096011,0.00330094277720216,0.0993675228194944,0,0.000252604968882108,0.00692381751299782,0.130689915966776,0.00409795691327591,0.000445198524211258,0,0.00135102611076159,0.000201475745918047,0.0156185746288879,0.0135872445657234
0.118779947289784,0.000218399224050862,0.0868411374880905,0.0353753981149716,0.016169141429905,1.04526610831809,1.64729392434137,0,0.0396262943951691,1.69792926770539,0.0433543869713543,0.755500506931316,0.00163367400117831,1.46011203498316,0.0648972031237691,0.00109117850799334,0.0689067458661155,0.0295034865184447,0.0211469759966385,0.336433779111237,0.0284760180690001,0.000192717391205323,0.113721002109019,0.0701092860393411,0.000528101566183,0.0449629166150876,0.0462589467877722,0.319018452983694,0.127412753202539,0.311928623379431,0.00119184597363975,0.0376918082631066,0.00935741918059036,0.0483263002493491,0.0213781749076498,0.613485677302586,0.0387363545355624,0.142681395863284,0.0734279194781525,0.744506988813209,0.0251026276495062,0.0577948896692755,0.0342085881267613,0.00118595433271681,0.00831029605673869,0.00358895140515705,0.0484843863820737,0.00250980690303705,0.0013836791549908,0.000119315129246807,0.000389317246363246,0.000102622639095545,0.0343517115193922,0.000255670168048138,0.00347419530751553,0.0401890529504371,0.00306098225921776,0.00971233909873762,0.0363297875636408,0.00114024181566737,0.0269891971581606,0.010641162061063,0.00106441288499795,0.00794965216781512,0.00146478610179302,0,0,0,0.0149379287591763,0.000163435003637022,0.00068171342855733,0.00057078295655607,0.123404968790645,0.000197795392074627,8.48634175376062e-05,0.0014909387324517,0.170244230245207,0.00200137616257117,0,5.81864730086803e-05,0.000403192001616111,0.00038584987682783,0.0418042621770404,0.00448815169998482
0.0011855060382457,0.167590352096874,0.000348616305077088,0.40236729513782,0.0193121936799711,0.0223247049403754,0.0219664160954397,0.0396262943951691,0,0.088005712943434,0.0083116860918254,0.609103921891167,0.0159581502325547,0.0171393954422245,0.297762549944948,0.0527468404982272,0.000823705542037213,0.00118841348403449,0.00093605620940307,0.444963879379131,0.00519925195341585,0.9983321186353,0.00981685488585218,2.86209375662499,0.075746731815552,0.00139502416412718,0.186989829773542,0.473667528362021,0.00795141700778742,0.00113326010255743,0.000510887984424085,0.0019402745493406,0.00135319607088593,0.0039608359734037,0.0027033738316512,0.0482915100700771,0.00224922109215759,0.011366492376069,0.00274684078164678,0.127418682203209,0.00121083932427104,0.007356167361358,0.0387321745985266,0.00127525389591354,0.00828172661914254,0.00372912634752024,0.07255368722626,0.00157149427487962,0.000289650521985456,0.00044195997281726,0.000918649366882983,0.000201684185560888,0.15023474997156,0.0016600796706939,0.0118241315886906,0.0330907907249621,0.00765415572653811,0.298005837350317,0.123573354237049,0.000825128329710814,0.0915499309918995,0.00305728484163154,0.00680985932656878,0.0365516606217508,0.114504528708811,0,0.000496564817208764,0.000471558777073001,0.0543035891745149,0.0224582923930835,0.098772898007029,0.0397926005597682,0.635044000162516,0.000711676973440161,0.000635341245109969,0.0183632238370027,0.252067291741422,0.0063712532741455,0.00522704966287044,0.000179101859353715,0.00119514504057515,0.00019747742300156,0.00757668734915784,0.00455923081060562
0.0415971284004878,0.000223093793170178,0.0171864550050279,0.349731719974422,0.0073466260268327,1.86396074049796,1.35146618717318,1.69792926770539,0.088005712943434,0,0.0263070019525991,0.865300903277901,0.000607597266696652,0.521137971948123,0.0263637429521056,0.001025674554113,0.00774596230502605,0.0266995766189661,0.0252954137456495,2.28357121320167,0.0068742906819747,0,0.0226961624800841,0.0475649245925474,4.97609587733448e-05,0.0253924819539776,0.0312341554808477,0.769309560909839,0.227982732823901,0.0384202122629035,0.000346708450641638,0.0266672984321187,0.00549999376573088,0.0672511816327387,0.0340409320691179,0.388534772850866,0.0317768806971074,0.199799087686308,0.0376708863208177,0.121006778456559,0.0297927399346876,0.0217657496723935,0.00859835500348626,0.000395000932607609,0.00269304174788575,0.00172758348723081,0.0338831778169414,0.00179201281028648,0.000626082777243966,0,0.000104273789944085,0,0.0665454446866565,0.000266706719910657,0.0023666791707259,0.0176349712747984,0.0024501736166249,0.0187424361578643,0.0604078174521993,0,0.0254754227706662,0.0043167189730942,0.000704569982060322,0.00454014675165742,0.000268480869197071,0,0,0,0.0279378071901386,0,0,0.000150351592580474,0.0713949867855645,7.95105069227636e-05,0,3.39702671804785e-05,0.0883310244930301,0.000738842916941223,0.000121171312489224,0,4.25321913655698e-05,0,0.0102442260260275,0.00292315988352507
0.00220290132234857,0.0382225028794921,0.000720902923701957,0.000374312094394359,4.51941752391994e-05,0.0132632253584116,0.0209917139458447,0.0433543869713543,0.0083116860918254,0.0263070019525991,0,0.0591480824454042,0.33455379840714,0.148312640998838,0.00238688637942405,0.00905006543292143,0.0071094337898903,0.782682953748966,0.07439870733614,0.0262703179078609,0.000903079716504507,0.0407439326036972,0.00772414846719914,0.0127482166500892,0.156218079101702,0.294161318667032,0.0269878673136393,0.0136877119761092,0.295606250996587,0.00348293248628843,0.00925998397930122,0.104810961851995,9.73518974267604e-05,1.06143263051597,0.00182210636809038,0.0921865992742377,0.408630003224224,0.362507543430531,0.0464646079078254,0.0179330440987559,0.00170590993906781,0.728761722613546,0.00273180768923645,0.227059812746671,0.0026925000852937,0.00351015254080277,0.00174798646150559,0,0.0293586173644359,0,0.0319128330555769,0,0.0003923965744883,4.48516554749489e-05,0,8.23477728821754e-05,0.000100699390794265,0.00935576108275364,5.805926738078e-05,0.360482217669989,0.00053117152749817,0.768500662709344,5.51891238436818e-05,0.000391038034581131,0.00158671982561024,0,0.00539831127986788,0.000501096605821222,0.000222160201954162,0.000116116049944633,0.0109429686524285,0.000242778032898998,0.00399669015928314,0.068895824018302,0.101900783697019,0.285209859151645,0.00052902549311105,0.000121992192009473,0,0.149286582496975,8.24208125008524e-05,0,0.01114685759555,0.000657672029849905
0.0048647306348657,0.00277635259231193,0.00381693687292445,0.113325240327468,0.0468007881941482,1.65678560343513,0.0464717546512764,0.755500506931316,0.609103921891167,0.865300903277901,0.0591480824454042,0,0.0015429445283327,0.384556895435521,0.455685019140195,0.00062308682047638,0.00822598105129586,0.0673245832647437,0.050428550669831,2.06083652381638,0.00141195427177155,0.00811362045966119,0.00540058116263025,0.30512836777279,0.000783921388205117,0.0448664752580751,0.0540479513190861,0.235932284791599,0.0831090196259751,0.00464593857225791,0.00120702489280603,0.0287238635385468,0.000894930124440118,0.0388982042285,1.58336934985247,0.302937523424623,0.030312720346711,0.167236809309764,0.0591170232337465,0.360082825375922,0.0171410670840633,0.0378989599170921,0.0247170164875906,0.00171206431563323,0.00758311381567655,0.00523247536312238,0.103488699549509,0.00202482521242095,0.000982315708652634,3.83489295747816e-05,0.00011561638175857,0.000276452601865566,0.128562569960255,0.00165474888344908,0.0169471922206368,0.0211919005692412,0.00995407864564892,0.0159832155058264,0.12470104645983,0.00154921854608335,0.209893900923087,0.00519928422853793,0.00582066680957716,0.0262771557715693,0.00118470303990802,0,0.00027829078393425,0.000122822485836106,0.079867342002308,0.000323692116410774,0.000737794046718591,0.00101329491620472,0.0707318113461881,0.000163254199458089,0.000744745742040142,0.00115111225226871,0.0969139721866769,0.00356954548492255,0,7.97346254104376e-05,0.00181973099060051,0,0.0262881068397299,0.625793904279692
5.23228900185287e-05,0.0747239182731489,6.36503954445302e-05,8.05120631313384e-05,0,0.000534012113212993,0.000817495502072892,0.00163367400117831,0.0159581502325547,0.000607597266696652,0.33455379840714,0.0015429445283327,0,0.00549524959276621,0,0.0131181269887906,0.00058297931796757,0.0003221467252702,0.00105856830810749,0.00074552218233453,0.000216519462545616,0.072515866362779,0.00172730784003961,0.01656407928466,0.511373953604446,0.0173254553164341,0.215152338648387,0.00143324930782211,0.00628669041196394,4.9237802317822e-05,0.0241589619507457,0.0039362914767629,0,0.0457672699254347,0.00025439393207708,0.007314300785952,0.101909075381113,0.0879264303072219,0.00492280162388286,0.000296616168779108,0.00016801469622007,0.60364588552665,0.00542793757209839,0.17818255010795,0.00567862088006227,0.00423003089999133,0.000240617612071824,0,0.0280095160343627,0,0.0224759246164982,4.24293589419305e-05,0,0,0,9.08147690612555e-05,0,0.00491058955862838,0,0.44978801209512,0,0.839450340298855,0.000204730881090206,0,0.00132984998844985,6.25005101643622e-05,0.00674173740057217,0.00120966092609161,0,4.48550852222562e-05,0.00566492513162075,0.000163867436776746,0.00165005470430103,0.186698302507329,0.14977587668486,0.638373322456308,0.00017838595709908,0,0,0.253277220185304,0.000271265784013545,0,0.00406076044879123,0.000218804119219493
0.801606163010552,0.000962017646648258,0.189142115040119,0.0353373688693435,0.00271818604783497,0.0666989792247279,2.82225520892295,1.46011203498316,0.0171393954422245,0.521137971948123,0.148312640998838,0.384556895435521,0.00549524959276621,0,0.0251861429438691,0.00199118549088693,0.240604415721589,0.135182223003109,0.108909430090098,0.29027235702816,0.0558920973658641,0.000114170998249758,0.234757876499457,0.0524236965364302,0.00238936116708969,0.146091923724111,0.174462033649831,0.302205462115535,1.31957027880314,1.17657368619753,0.00207947693085892,0.0393903822639127,0.0236691052693031,0.133007572119359,0.0238908466921116,0.602990951072604,0.0511950703876349,0.257491764961263,0.1038000338964,0.138369406156752,0.0367557086206535,0.0614270350020436,0.0168606917612112,0.00383950289283302,0.0045116425417555,0.00296667517745882,0.0147699842077882,0.0014497178069763,0.00118640787680115,8.55387077844026e-05,0.000800974221807438,0.000700591730165067,0.00678988561316744,0,0.000917096318806547,0.0144805675260741,0.000669442125167313,0.00444110185396545,0.00658003867401186,0.00226665197790625,0.005187222827183,0.0120836243900995,0.000293432315855103,0.00117939884820373,0.00260748369652652,0.00025110775919168,0,8.87910331635772e-05,0.0021516654172445,0.000879652365056065,0.00113355225103287,0.000221373157441059,0.0656398461207327,0.00033837085492875,0.00178992684397373,0.00837421255257781,0.0710803299359645,0.00132968776040229,0.000261640533170926,0.000337022046804574,7.09046059777379e-05,0.000188950633727842,0.0371242212548334,0.00322216691615306
0.00117516064046118,0.000579286315056091,0.00335815702684111,0.0204608496332119,0.387082627815221,0.25110535626372,0.0491355591132709,0.0648972031237691,0.297762549944948,0.0263637429521056,0.00238688637942405,0.455685019140195,0,0.0251861429438691,0,0.00640069384255955,0.00364722060957036,0.00326373016140744,0.00242488135507702,0.0553892350801325,0.0262840487712153,0.00183948988232922,0.0356824701883934,0.0720626290608389,0.000147355553318965,0.00309683802748061,0.00721738117417583,0.0904199135329352,0.0156094311175523,0.0286656078306391,8.29088015473962e-05,0.016298162574044,0.000782766488294411,0.00577189567287692,0.17163060559905,0.0385642748013412,0.00991828660019118,0.0206974088717916,0.00992200398380638,0.793974969204754,0.0195399394528984,0.00548881550680887,0.00446697768501783,0.00131637304888721,0.00275792535997086,0.0167627804200024,0.0136049359097824,8.13467816319764e-05,0.000233562781848919,0,0,0.00045778755169239,0.00447793469774053,0,0.00095387042690908,0.00167291367012629,0.000789301851789945,0.000954679627289812,0.00701022464179977,8.40041508455993e-05,0.00896262105304076,0.00124959871110465,0.000419723781108016,0.00137542829038784,0.00204464106995259,6.54841653382898e-05,0,0.000146356836901164,0.00320514112305848,0.00139921020571316,0.000710599415331161,0.00378755730251627,0.0104007970578797,0,0.000274215226708138,0.00522580775936987,0.0100851530210125,0.000487746751895323,0.00037902521964652,0,0,0,0.00250748464413358,0.0460044688343855
9.53205745880631e-05,0.0536240020592977,0.0085595697060617,0.000224081165423781,0.000570002804035187,0.000269150309874844,0.00531978262560538,0.00109117850799334,0.0527468404982272,0.001025674554113,0.00905006543292143,0.00062308682047638,0.0131181269887906,0.00199118549088693,0.00640069384255955,0,0.00627163862343109,0.000692668603915408,0.00169142788105905,0.000310297413289219,1.08503846363447,0.557363737055803,0.840621889367902,0.382759828562602,0.0362862477140162,0.00248253677471199,1.44816759163365,0.316032995172579,0.0030533200537443,0.018740965113746,0.000864582157880237,0.000129573253461361,0.000408729416137302,0.0265860596250315,0.059030635373525,0.640274295391264,0.420749475023202,0.115368610831032,0.127715911866788,0.0079497926424654,0.00145511010718904,0.00473651034672223,0.0394670870600511,0.00192395805898689,0.0118650220810112,0.00889391556503915,0.00492165786815109,0.000181742709784389,0.000231176557658207,0.000289173004667389,0.000483977667089313,0.00928959867738595,4.04579941857159e-05,0.000156942496983934,0.000112409153056818,0.00594703822143986,0.000275111378182593,0.057820087890252,0.000267730604474151,0.00107815621993344,0.000534260857386327,0.00413480891813927,0.0013872309433065,0.00269780534941898,1.57674228718303,0.000874418955636765,0,0.000302999108504733,6.35067260296285e-05,0.115106132217108,0.157614369362547,0.930488935344329,0.151393479002648,0.00123124057117309,0.00108400566896494,0.478665611744387,0.0619094593560759,0.00645017498444889,0.0286298821777897,0.000642596953032854,8.78891446118113e-05,0.00162256195487797,0.00620925091245605,0.017155064540276
0.124561321709298,0.00948624950378847,1.75401587418295,0.00115477846465404,0.000176461378895783,0.0023103929102157,0.149830376699475,0.0689067458661155,0.000823705542037213,0.00774596230502605,0.0071094337898903,0.00822598105129586,0.00058297931796757,0.240604415721589,0.00364722060957036,0.00627163862343109,0,0.0649832789319817,0.339010054189614,0.00647207729075773,0.0962074609876393,0.000367265396072322,0.977284733566121,0.00288200675305475,0.000723269696825761,1.42669888962325,2.77190444142731,0.0580680347423291,0.349653425102936,0.63841213845647,0.00211156659659604,0.00221535226250352,0.0698325703418596,0.613169469762236,0.0177414750129471,0.155625426146457,0.0923205001913515,0.156781540752668,0.115042198672525,0.00630494576696838,0.00233745939354466,0.000634449678297731,0.0315865496850814,0.00572677736204828,0.0126215093829711,0.0143090153479843,9.77189803812745e-05,0.00024989269871341,0,0,0.00681749775629396,0.0278473104151486,0,0,0,0.000326986061223563,0.000170305032475495,0.000509164351415795,0,0.000148741046240324,0.000169015804961613,0.000495766826002178,0.000474802570580778,6.74632745239198e-05,0.00477544582058232,0.0092392456872315,0.000126865900430384,0.00754014480899412,0,0.000689212721033692,0.000620011374565297,0.00442849934747741,0.00224761331561338,0.000528308383445374,0.0670312247884483,0.302685656201386,0.00165959438394825,0.000171336908950171,0.000223260290903163,0.000214037740390884,0,6.36877176947475e-05,0.0095068097364769,0.00342213283831004
0.00466238881525716,0.00069094751321981,0.00577294750038167,0.000643407433319285,0.000178162756043813,0.00957805131012799,0.0254598878877262,0.0295034865184447,0.00118841348403449,0.0266995766189661,0.782682953748966,0.0673245832647437,0.0003221467252702,0.135182223003109,0.00326373016140744,0.000692668603915408,0.0649832789319817,0,0.409447618067504,0.0306213008214988,0.00305697397453522,0.000210617032417595,0.0236868248287833,0.00547029710868461,0.000638328520017206,0.386533124808326,0.122247333333984,0.0153628505773098,0.238601117665617,0.00571516998974196,0.00287045686151344,0.0442785209266505,0.00167379821245607,0.488888900458007,0.0139768001470268,0.213859687066779,0.337160237930599,0.481018350712182,0.176020036677452,0.0181529852192049,0.00380699461043823,0.00861446529403212,0.000774231002161449,0.000915239188133932,0.000171132996473783,0.00110241718496393,0.000688280304731113,9.50879342282536e-05,0,0,0.000148216479888678,9.76032789057847e-05,0.000114719142864234,0,0,0,0,0.000101429686988401,0,0.00160169331741175,0.000366809292176583,0.00112751247852379,0,0.000122429934758002,0.000170476102371618,0,0,8.08452485833108e-05,0,0,0,0.000230686661252192,0,0.00134020696288144,0.00390420517577788,0.0218602895719991,0,0,0,0.00124468099592602,0,0,0.00186023254907655,0.00360341958918801
0.0108860967800643,0.00353855551816317,0.0470366549012513,0.000653226924850878,0.000154374881157571,0.00670324125684365,0.0276547440453165,0.0211469759966385,0.00093605620940307,0.0252954137456495,0.07439870733614,0.050428550669831,0.00105856830810749,0.108909430090098,0.00242488135507702,0.00169142788105905,0.339010054189614,0.409447618067504,0,0.0256801528368164,0.0115419505813754,0.000515049802794754,0.081526573777972,0.00340187093114189,0.00219170760706534,0.812903728557427,0.581408230905188,0.0173297687836318,0.18719636206191,0.0176006536332114,0.00488838491709461,0.0138357305205811,0.00423282923381913,0.956317580158242,0.0140039273008858,0.234618531477198,0.19405086217699,0.322440543627612,0.160738757225245,0.0130945582127619,0.00377080943644493,0.00261245310789634,0.0104632372374891,0.00272639074583933,0.00625389560067968,0.0046411460753536,0.000502009386070523,0,3.69430731537402e-05,0.000147816609349847,0.00277369395819149,0.00227908988652134,3.89406509786606e-05,0,0,5.1257868485874e-05,8.1854284240824e-05,0.000556219147070494,0,0.000544964798754514,0.000150297751547307,0.00114620480633347,8.93513668799994e-05,0,0.000380115101847521,0.00125404670089115,2.86197238912195e-05,0.00297756292028511,0,0,0,0.000617062521827239,6.89916119209587e-05,0.00213102189069283,0.0295311641292478,0.136701384001235,0.000194582603782487,7.3809384463045e-05,4.12163708109766e-05,0.00145161343481257,3.92910476625651e-05,0,0.00331954769645182,0.00470206677191352
0.0199705164393773,0.00033043817438302,0.0101264826534787,2.9913375989438,0.00513293060725834,0.14350567961272,0.0582774951249649,0.336433779111237,0.444963879379131,2.28357121320167,0.0262703179078609,2.06083652381638,0.00074552218233453,0.29027235702816,0.0553892350801325,0.000310297413289219,0.00647207729075773,0.0306213008214988,0.0256801528368164,0,0.00385489128906571,0.000794016019465303,0.0128428094557969,0.271675319115323,0.000213515073899263,0.024100117753696,0.0315445171968993,1.9537274385077,0.142797217857394,0.0187906537953445,0.000416322276719868,0.0175826612938288,0.00334988702114841,0.0373593250981419,0.00855415382758608,0.297422170423011,0.0264235627222782,0.117058270769847,0.0293820826930863,0.0978948930980938,0.0193854243070751,0.0264499636221452,0.0215436046843184,0.00149154246047098,0.00726129531872355,0.00447365982769915,0.0912728744970268,0.00310144742787488,0.0011632336092063,0.000140469500661075,0,0,0.250536706949964,0.00130976062856897,0.0123485845661898,0.03518201642021,0.0111601338623975,0.0525673017260638,0.206494113025974,0.000214341305525186,0.136021276261876,0.00469813643898775,0.0066332767791003,0.0181549743301535,0.000521367939794835,0,0.000310655496906775,4.99089178721965e-05,0.09957133365337,0.000115832650824565,0.000227863146779615,0.000173685498413688,0.1617722192806,0.000133912148785573,0.000119076024363283,0.000274392923616004,0.194008684504505,0.00308553769255278,6.19702142348528e-05,0,0.00153790935680787,9.55198324073907e-05,0.0185659534730383,0.00130489691441172
0.020079658200665,0.000633877717937923,0.204113749180991,0.00298328527618041,0.0014841617292594,0.00328556048801952,0.543240686524031,0.0284760180690001,0.00519925195341585,0.0068742906819747,0.000903079716504507,0.00141195427177155,0.000216519462545616,0.0558920973658641,0.0262840487712153,1.08503846363447,0.0962074609876393,0.00305697397453522,0.0115419505813754,0.00385489128906571,0,0.00535951308839326,2.89014452312014,0.0601271561379181,0.000420135170798152,0.0297596494301891,0.151040583675336,2.58908019610446,0.0844130119370352,1.7778829245158,7.23066676783622e-05,0.000733725483977148,0.0318037020434972,0.545783561598213,0.112005136775933,0.711974200521431,0.0643078572448692,0.746743652625546,0.353465215512535,0.0233649589403219,0.0028010399334284,0.00186601333066724,0.0113982367772442,0.000256705416774356,0.00275054076404403,0.00459387042347087,0.00115182909695392,0.000220850730931756,0,0.000120540508964789,0.000134264652814215,0.000483508569150934,8.81401361195685e-05,0,5.92076577710867e-05,0.0029728389808297,0.000417140746417665,0.00624607999900795,0.000101972936963499,5.17497322469414e-05,0.000596485097905344,0.000418729459366429,0.000560068585956276,0.000694417970027766,0.0672020007762253,0.000174516077219325,0,0,0.000129097561008844,0.0247269498107354,0.0198686747052472,0.0202164418503877,0.0692603800339927,0,0.00036977406624161,0.0113890990354835,0.0428388549340889,0.00152327195024469,0.0078333411797329,0,9.00156379386543e-05,0.000471549657744884,0.00199164756934248,0.025489431641038
0,0.374076558575377,0.000666327387151146,0.000367822450030387,5.64534056954801e-05,5.36627962985635e-05,3.94555055458397e-05,0.000192717391205323,0.9983321186353,0,0.0407439326036972,0.00811362045966119,0.072515866362779,0.000114170998249758,0.00183948988232922,0.557363737055803,0.000367265396072322,0.000210617032417595,0.000515049802794754,0.000794016019465303,0.00535951308839326,0,0.0314955488197311,1.65412333400504,0.238525418580381,0.00230490567949713,1.24873428414035,0.0605465850432516,0.000141728090432247,0.000155905488387376,0.00232939708754932,0.00010332357245304,0.000232381688868034,0.00278572431933336,0.000239291999738657,0.0036945667337609,0.00320093282561223,0.00479489978227728,0.00102799768295238,0.00112253975739782,0,0.0141631133200743,0.022123758102989,0.001374036275447,0.00569157397322022,0.004448094566265,0.00167564823115267,0.000181338819541717,0.0014395024296123,0,0.00936875572785019,0.00342729681284508,0.000360950508832809,0,4.91212259067953e-05,0.00218804630181848,0.000107516933499748,0.0312763637035822,0.000535629126576674,0.00216239104701476,8.88941130689831e-05,0.0131542616265073,0.000255463693260533,0.00094399752181283,0.362152317797408,0.00084290092278358,4.93383149123788e-05,8.58680760176149e-05,0,0.0202306981025331,0.154322612236077,0.113460695625059,0.0949474449315511,0.00297676460910209,0.00287080647075536,0.271951613543842,0.0259607581202259,0.00109228348158246,0.00733291175975558,0.00259008621581668,0.000113304892061663,0.000293906845893264,0.00228695002241192,0.00208771665378276
0.108663078545484,0.00594305771971037,2.53551352517369,0.00597412211848584,0.00298177018530742,0.011471520870409,1.18315617058635,0.113721002109019,0.00981685488585218,0.0226961624800841,0.00772414846719914,0.00540058116263025,0.00172730784003961,0.234757876499457,0.0356824701883934,0.840621889367902,0.977284733566121,0.0236868248287833,0.081526573777972,0.0128428094557969,2.89014452312014,0.0314955488197311,0,0.160066420903313,0.00344377019413958,0.351222485417141,1.91345290812496,1.25447328330443,0.216829019235978,1.46386108789006,0.00057600801659053,0.00258583225673465,0.0551621435790005,1.37781197515814,0.49231907637623,3.34882149114821,1.14802074563594,2.10621267242837,1.78343459354426,0.0371088650912259,0.0100787197349962,0.0055934909221625,0.0387000047436976,0.0038723836402858,0.0161349935558101,0.0253490159889094,0.00340436907958638,0.000873182471736905,0.000152656717746299,0.000132171032065427,0.000697277776826442,0.026676780968476,0.000123913127981118,5.81473908881247e-05,0.000154681923535681,0.00812302113080012,0.000329163669534419,0.0193265164897127,0.000396721363351831,4.81345686005175e-05,0.000410295330765772,0.00120940461497579,0.00157760323104147,0.00140882177006415,0.497608940306148,0.00269614268191895,0,0.000591401529946205,4.50187781618893e-05,0.0441493105939503,0.0282080659058497,0.43517424404783,0.0786204401450078,0.000176570628346637,0.00295266766948675,0.395557529559344,0.0440447098530949,0.0024856218949103,0.0148780345294896,3.62454395531297e-05,0,0.000244739768364668,0.00677772130189459,0.124636400047769
0.00435738674432423,0.138530205274593,0.00861320015974309,0.581058287185411,0.00190111202220906,0.00869659233567703,0.094978448529806,0.0701092860393411,2.86209375662499,0.0475649245925474,0.0127482166500892,0.30512836777279,0.01656407928466,0.0524236965364302,0.0720626290608389,0.382759828562602,0.00288200675305475,0.00547029710868461,0.00340187093114189,0.271675319115323,0.0601271561379181,1.65412333400504,0.160066420903313,0,0.0626154732417541,0.0047205394459066,0.490108030211467,1.74421150132496,0.0458728046049805,0.00794247605152818,0.000343576801371437,0.00481678233004187,0.010164601612497,0.0219508098077606,0.0137268128452835,0.265252958791579,0.0322256192405015,0.0580898766605872,0.0248927547872605,0.0556673191142994,0.00786228306488832,0.0334705705715101,0.296364472648265,0.00682366263208583,0.0681097269728922,0.0346097070811128,0.127482556227177,0.0144609436219,0.00495454379272244,0.0015439598185294,0.00124088003096884,0.000514751774752498,0.215676067334249,0.000717819078409713,0.0130722967604138,0.285623924394656,0.0332209113330961,0.326182499442399,0.216330355130939,0.00261572805410889,0.0937597127398206,0.0189186917394226,0.0393608400454878,0.0243058209981456,0.243358924655771,0.000320497561775237,0.000239558967569331,0.000423402812548867,0.0741715249867013,0.0663133299856177,0.293280073864301,0.0553449332891453,2.21475943606856,0.000658322231945115,0.00136161141587051,0.0209552386057299,1.54792458896293,0.0461329574677582,0.0422946466445973,0.000287465765451258,0.00915876041212656,0.00398048443076885,0.0567076348221995,0.0223428418241084
0,0.262882227061933,0.000321210944215524,0,0,0.000144599981340605,6.54913598082245e-05,0.000528101566183,0.075746731815552,4.97609587733448e-05,0.156218079101702,0.000783921388205117,0.511373953604446,0.00238936116708969,0.000147355553318965,0.0362862477140162,0.000723269696825761,0.000638328520017206,0.00219170760706534,0.000213515073899263,0.000420135170798152,0.238525418580381,0.00344377019413958,0.0626154732417541,0,0.0171848128210188,0.682226127910799,0.00328260457580158,0.00180205062823248,4.00476469187767e-05,0.0255429268371847,0.00142957072134847,0,0.0166317223384383,0,0.00569405933010715,0.0156177003708004,0.0238002047803148,0.00400303596924436,6.93471807237983e-05,0.00016206772437374,0.117948987244735,0.00175820390371746,0.00727012458321187,0.00114676111034679,0.00048446183141765,4.70360145384311e-05,0,0.00690513825172544,0,0.0215675587194625,4.09835954611122e-05,0,0,0,0,0,0.00232027695949088,0,0.0207213708463508,7.53290399997353e-05,0.0780570680174458,0,0,0.000729947509826076,0,0.000154023102075517,0.00052802109211207,0,5.85682048839093e-05,0.00526167891649892,0,0.00142921124033387,0.026002845984328,0.013288496941483,0.16877676059113,0.000100856509218287,0.000138035789969015,0,0.00803040170595007,0,0,0.00154568618383638,7.52052791180372e-05
0.0361805940957335,0.0190289733842273,3.30751617198316,0.00203967451587225,8.52525688661931e-05,0.0075658471878259,0.0946092884945742,0.0449629166150876,0.00139502416412718,0.0253924819539776,0.294161318667032,0.0448664752580751,0.0173254553164341,0.146091923724111,0.00309683802748061,0.00248253677471199,1.42669888962325,0.386533124808326,0.812903728557427,0.024100117753696,0.0297596494301891,0.00230490567949713,0.351222485417141,0.0047205394459066,0.0171848128210188,0,4.64837580671285,0.0308028832005958,0.192607966494882,0.0786825084070188,0.015145909830803,0.0236418427654164,0.010349159759849,0.308842777719568,0.0358652641557245,0.649654235897556,1.65609620436782,0.551080563552224,0.347022239942656,0.0162326833908386,0.00876357258828844,0.0235544184465577,0.12991681088666,0.0790270150348836,0.0655353933589747,0.0577705154375902,0.000799554101437318,0.000315866163001734,0.000448772115920567,0,0.0382476753748639,0.055189459686438,3.16941948741316e-05,0,4.87928600997269e-05,0.000468946862010464,0.000136743145206904,0.000585487788151592,3.16013417152524e-05,0.063867172068129,0.00107120977672493,0.0817771850962398,0.00170336367916802,0.000624627761944791,0.00126594901146735,0.0197118404402891,0.0110943646705591,0.0380867239432453,0.000120603619315023,0.000309756865615025,0.00329286168759072,0.00274746972030861,0.000432664717661625,0.030786752604046,0.582102185544352,2.63351723460705,0.000345735222345954,0.000616119487556957,0.000556617845195705,0.144760942384015,0.000127680512912369,3.01098141061873e-05,0.0357527930972287,0.0137079414556665
0.0391252421385803,2.16729814996526,3.85911205211603,0.00272572590732249,0.000327295565920258,0.00791315168955242,0.109117264900001,0.0462589467877722,0.186989829773542,0.0312341554808477,0.0269878673136393,0.0540479513190861,0.215152338648387,0.174462033649831,0.00721738117417583,1.44816759163365,2.77190444142731,0.122247333333984,0.581408230905188,0.0315445171968993,0.151040583675336,1.24873428414035,1.91345290812496,0.490108030211467,0.682226127910799,4.64837580671285,0,0.221441572705443,0.225824429943184,0.120195602731366,0.0535730564453059,0.00852601542573262,0.0157817772696447,1.48735607385791,0.353217847945277,4.36287657570369,1.35837599881308,1.90842706643773,2.09165290952715,0.0341451115835079,0.0386612722273842,0.0112337487361915,0.877604464783742,0.184542110053622,0.361071752577462,0.314813815922766,0.00543415820878198,0.00239087644794869,0.000462890050756746,0.00207817182701476,0.686765238788776,0.761208729135448,4.51581378943145e-05,0,0.000163757197398826,0.0156844755385219,0.00126193798698668,0.0148554798212477,0.000241160799551525,0.0790391650347109,0.00271114980624252,0.138118650669107,0.00744600265383393,0.00478310206399505,0.98452457758031,0.158565273245522,0.0171363187389061,0.0874420279564217,0.000242760546687326,0.0208781333440965,0.202800705991771,0.872343608571634,0.0314587969174925,0.142287926037869,0.964338411151827,12.8646814227635,0.0162164462821364,0.00416633611531725,0.0166230764229415,0.178570816601729,0.000152998267582011,0.000288067956083798,0.166971566614489,0.133849339283174
