0,0.659944772720337,347.48831486702,0.539414167404175,0,16.5789484977722,12266.2442645431,1896.6041239202,1.89011093974113,35.0904542505741,20.7402392327785,11.2022060453892,1.06273651123047,14936.3627125621,8.48777782917023,2.52913856506348,596.07525652647,40.0990988016129,98.745963871479,5.10408049821854,441.671609938145,0.826529026031494,1727.00233003497,3.70226454734802,0.797582507133484,151.869437247515,147.037199914455,51.4448495805264,6222.55646303296,6881.99635115266,1.36122858524323,15.2412885427475,43.2713454067707,192.841820925474,20.6976380050182,62.0543393790722,6.44615477323532,123.69045111537,47.5071624517441,12.1942758858204,8.16197121143341,0.583224773406982,5.54837015271187,0,3.02575522661209,6.66090941429138,0,0,0,0,0.932496905326843,0.551471710205078,0,0,0,1.03141224384308,1.77698719501495,0.475799262523651,0.80772790312767,0.490613669157028,0,0,0,0,4.79452061653137,2.6013491153717,0,0,0,0.605727910995483,1.23786342144012,6.64934480190277,11.0969194471836,0,1.12115055322647,12.9777022898197,3.45209467411041,0,0.530153691768646,0,0,0,0.982296764850616,0.535982489585876
0.659944772720337,0,7.38828605413437,2.46154117584229,0,2.26686573028564,0.554599046707153,0.30518040060997,2694.59422910213,1.1147018969059,46.0235070586205,6.5587392449379,901.197620928288,1.05846333503723,196.736547142267,703.883179843426,18.2807760238647,0.322202086448669,4.01900374889374,1.18853747844696,43.4732747375965,5691.5304902792,83.2231327295303,2645.5480478704,3320.96982637048,42.8599071502686,9864.65868961811,157.206852376461,1.69438832998276,1.67496877908707,108.447690606117,2.30924916267395,0,24.2275438606739,9.62317156791687,54.2239235639572,12.6159448623657,13.3987240195274,8.39372199773788,122.055215448141,1.8040936589241,40.7650240063667,293.558571368456,90.7325385808945,67.1995613574982,75.9715482592583,7.63999497890472,4.44560384750366,2.78669828176498,0.674424052238464,678.368403375149,12.1400292515755,0.442177355289459,0,2.10565003752708,13.2726399004459,8.90368664264679,20.1739394962788,6.76568332314491,48.1723505556583,4.83795917034149,66.6192488074303,19.1197575330734,6.4340106844902,62.8059518933296,241.208829641342,13.789058059454,42.2271268367767,1.85238155722618,16.6132983863354,190.661857753992,110.995400875807,88.3003447651863,43.3593987226486,172.973271429539,2191.25602176785,27.2854952216148,9.14091882109642,20.074870467186,25.9549278020859,0,0,70.6511948108673,24.361595928669
347.48831486702,7.38828605413437,0,17.3771309256554,2.04038268327713,242.3634557724,1646.69496938586,2728.12276093662,3.35483753681183,165.93702802062,135.721220254898,24.4704858064651,67.7028622925282,2861.73918536305,88.9078756570816,36.7556037902832,15575.4352311194,404.871137142181,2379.60830280185,8.71726605296135,4004.37557202578,10.6919922530651,43665.1915387511,85.8868083357811,6.1446225643158,28314.3125947714,22461.0073548853,849.755440145731,974.782104849815,1671.07862013578,13.0183573067188,25.1128310263157,58.5058296322823,2484.97633039951,577.161642551422,4665.68259781599,877.930551528931,1233.64786431193,1975.84425535798,111.745274782181,66.9316762685776,14.6073222756386,1786.42145746946,551.515025109053,629.714434564114,444.968682438135,49.8374443948269,33.8965480923653,2.52911257743835,8.31074261665344,127.760435581207,123.657536804676,0.363931000232697,2.55057507753372,3.18237602710724,131.19517365098,18.8059992790222,1.54667404294014,4.27719116210938,27.6525466144085,0.859847187995911,0.537363708019257,40.836369484663,17.0535627305508,162.689930826426,837.133164346218,78.4961610138416,120.047949820757,0,68.651049554348,118.102379441261,1110.98577237129,85.3414730727673,2.98543065786362,492.736667960882,5157.71289625764,65.7512517571449,27.6361312270164,123.957637667656,4.92715907096863,1.05744540691376,7.81991893053055,423.275540322065,385.019453048706
0.539414167404175,2.46154117584229,17.3771309256554,0,39.6406697630882,79.1904586851597,266.466449707747,159.353455156088,2031.18866086006,5090.74723994732,15.5078189074993,5903.82354900241,38.7533464431763,108.178745925426,488.813499718904,0,5.45500057935715,11.5006829202175,5.25419345498085,26708.0676727891,17.5964661240578,2.96203017234802,20.457415163517,3890.01172700524,67.010513484478,17.8582102060318,18.1600902378559,18478.5688427091,140.16538310051,6.63364291191101,1.57502976059914,14.5624876916409,9.95298680663109,117.580992072821,92.3151264190674,519.193121135235,4.4135494530201,65.7970568537712,33.0683810114861,322.756049275398,47.4366901516914,1.77797141671181,162.266092658043,0,43.3645279109478,7.64860036969185,824.228747785091,27.4109178781509,7.20190405845642,1.33120954036713,11.2523375153542,0,1355.76968839765,38.6158072948456,571.174441069365,78.6008069515228,184.880739212036,1011.39508727193,2110.21516981721,7.42968991398811,1880.76312234998,1.7239333987236,93.9768006205559,408.740349680185,1.05168259143829,1.80822318792343,2.1690066754818,0,1083.32048630714,0.547780454158783,31.5661185085773,0.73312321305275,2229.18486329913,4.11577099561691,3.18813860416412,21.9980621039867,2768.81003749371,65.1246097385883,0.690475821495056,0,16.8048245310783,0,56.8647514879704,17.7362819612026
0,0,2.04038268327713,39.6406697630882,0,4623.51858606935,58.1107164919376,134.808826327324,73.1421961188316,149.583497494459,16.4710239470005,1460.29137563705,68.3125174343586,7.8014270067215,2500.62796366215,4.02359521389008,3.30973374843597,4.17866992950439,1.31824880838394,54.9955904483795,37.2810290455818,5.84204992651939,75.2356722354889,252.181575506926,147.537227123976,5.58673804998398,22.9309244155884,122.288542717695,8.53043472766876,26.2295480668545,2.62974005937576,190.823212981224,0.641352772712708,2220.86314502358,2233.29992350936,1407.77006205916,28.9475790262222,26.2521031796932,28.9530931711197,29409.9616692662,4618.32761186361,4.98417484760284,35.1557862758636,8.95356374979019,9.62285351753235,26.4401733875275,68.6291153132915,6.59743025898933,7.94135132431984,0,1.59907054901123,0,23.9056027531624,6.88461691141129,23.140101402998,5.39852619171143,11.9461870789528,12.2823470830917,45.3121165931225,1.30373084545135,89.1681162416935,0,1.78992313146591,22.7676677107811,6.24446392059326,0,1.35121500492096,0,26.9134233891964,1.77547258138657,0,3.07980382442474,73.9195350408554,0,3.04440414905548,7.10954010486603,84.5161756277084,5.78324019908905,2.97968941926956,0,0,0.761244177818298,11.0449227392673,572.414227098227
16.5789484977722,2.26686573028564,242.3634557724,79.1904586851597,4623.51858606935,0,10408.4077651203,21361.4946703911,173.62220659852,27733.7787294686,575.56320014596,7894.04448696971,610.848247259855,975.875694438815,5214.53095370531,5.97759705781937,69.375626206398,312.195506006479,117.983349919319,421.773047506809,269.383960783482,9.32723453640938,357.498823046684,385.213934928179,730.515276551247,272.134206861258,203.59484359622,1691.98152211308,860.193484485149,300.43506911397,42.1947085261345,599.883946150541,14.2562102675438,1447.78819355369,2766.54952743649,5299.52764120698,118.343662828207,397.581180155277,174.67622205615,9950.3570613265,1967.39198857546,46.5428438186646,683.442028492689,14.7092753946781,224.835331857204,49.2848738133907,524.089514672756,117.669008463621,55.3748860359192,2.51016873121262,5.19885048270226,0.855309516191483,238.240436941385,13.1285468637943,544.420406579971,322.267518043518,435.276023209095,182.590213388205,1501.83362543583,16.4162992537022,390.65902197361,1.13507542014122,242.636432290077,65.7318800985813,15.8403215110302,1.64332577586174,0,0,329.633475780487,6.84720474481583,14.6093017756939,15.0585307776928,1848.48062673211,2.80654871463776,5.52030158042908,30.6152911186218,2357.8902554214,142.59677952528,24.9492080509663,0,66.3862321078777,2.69030737876892,187.747939825058,335.667300403118
12266.2442645431,0.554599046707153,1646.69496938586,266.466449707747,58.1107164919376,10408.4077651203,0,25865.5678214282,153.094909131527,32349.8967542052,525.715928554535,368.143488913774,459.299435138702,44054.0717073083,1269.93961086869,47.2995966970921,254.717245876789,437.914467215538,249.700966596603,220.070575326681,5225.96601521969,12.7903869748116,4129.34049376845,1658.73893526196,336.43354177475,500.377383708954,657.242173373699,65191.7575982809,5343.93431274593,7073.53045833111,37.2876684963703,524.676754802465,594.222794860601,3642.53173714876,2345.80557578802,7431.26777100563,149.118595808744,2378.88890519738,1459.82742616534,2435.25204408169,1213.67155826092,57.9003740549088,739.149545758963,14.8718677163124,185.725864797831,66.9388009309769,338.737111479044,106.154821336269,29.5774403810501,0,8.72475928068161,2.56468072533607,77.5434970259666,10.6978923976421,192.110891371965,290.332409620285,243.96363016963,121.768610864878,499.650996118784,25.3733316659927,126.950896024704,0.930481374263763,188.224932044744,47.1566636860371,72.4366509318352,5.10454684495926,1.39596208930016,0.382436186075211,112.664342194796,10.4446237683296,23.6774540245533,110.69176903367,1364.08701589704,0.896384179592133,3.4356155693531,115.13053882122,1211.05558854342,116.224514633417,45.0223494172096,0.397253930568695,62.7645562589169,5.12769758701324,164.219443500042,301.373877704144
1896.6041239202,0.30518040060997,2728.12276093662,159.353455156088,134.808826327324,21361.4946703911,25865.5678214282,0,187.525616943836,14295.0345491767,386.611790388823,8961.979290694,233.94707390666,17877.5445990413,302.788188546896,7.8064176440239,2098.75090485811,292.506926625967,496.086356669664,715.056133836508,2321.35097587109,8.05604600906372,6870.04757276177,572.045367360115,418.763735741377,908.122406259179,927.797859251499,3449.73458091915,2558.40707626939,7394.2563059628,20.3134279251099,1143.49956423044,67.0362528562546,1048.51752437651,204.450416773558,2411.13383387029,82.747222751379,762.162086561322,539.674847364426,3106.2054451108,188.239148706198,19.2458910644054,875.032819330692,20.3820296227932,283.343630671501,51.6324886083603,650.889760732651,144.337763041258,50.9166325926781,0.594473540782928,1.86574101448059,1.13870677351952,186.520305514336,4.82209154963493,493.677406400442,451.804204791784,449.693956077099,193.500234425068,1242.80832976103,8.01443809270859,314.047578692436,1.72217187285423,211.653124541044,34.6284444928169,26.6844102144241,4.05958935618401,0,0,285.140154719353,3.41244891285896,14.9257319867611,25.0795330703259,2308.67232948542,1.1335209608078,0.409888297319412,91.1397047936916,2627.50005525351,114.518735706806,37.5415990650654,0,29.7280197739601,4.27898398041725,215.272829294205,38.6045428216457
1.89011093974113,2694.59422910213,3.35483753681183,2031.18866086006,73.1421961188316,173.62220659852,153.094909131527,187.525616943836,0,486.253179430962,67.897741496563,2317.27506959438,609.996339648962,73.0519545674324,1862.57170629501,79.714540541172,9.35661828517914,17.4023335278034,16.4224255383015,842.403474986553,59.759093016386,10078.1396627724,69.1019393801689,30723.6703355908,2679.89471170306,52.1123497486115,3852.99779465795,5511.88504934311,95.5512114167213,100.656618475914,147.094249397516,43.3516207933426,12.9754523038864,108.996688336134,78.2014518380165,741.489171266556,19.5576720535755,77.1333350241184,31.1621346473694,826.77304238081,47.1313089728355,62.6904963254929,805.282650560141,78.9459937810898,180.608504027128,61.345028758049,428.270413339138,95.7018790245056,16.3183380663395,6.00598818063736,36.5814028680325,3.92237392067909,315.503498673439,32.285994887352,351.101984143257,645.830542832613,355.847218543291,4064.75975480676,795.472030639648,125.33823376894,547.221586793661,39.3542431294918,220.466371506453,215.088820844889,258.086089044809,12.5962980985641,72.0857147574425,3.15931013226509,236.84957575798,16.6713693141937,839.24770501256,62.3798129558563,6278.38138130307,40.934993326664,93.8630022406578,137.524702638388,2792.38295894861,192.20011100173,137.735361307859,27.9752055108547,63.069269567728,5.27488642930984,127.420225203037,146.102271676064
35.0904542505741,1.1147018969059,165.93702802062,5090.74723994732,149.583497494459,27733.7787294686,32349.8967542052,14295.0345491767,486.253179430962,0,710.667919814587,14762.1027949452,526.331676900387,5909.54381509125,1326.14910259843,8.24373590946198,69.7844473421574,594.046419501305,296.493325531483,15918.2995213866,249.62157908082,6.73350885510445,254.411295205355,827.837436884642,228.814706861973,508.65561440587,394.25854074955,9511.15734429657,3233.84470173717,254.319561570883,60.3828001916409,527.683506056666,41.8602649867535,2772.21445855498,1496.20213937759,6825.79492527246,101.735404491425,1506.60883802176,522.424478203058,1929.15697222948,1389.05880710483,88.633342474699,396.057366877794,4.43936002254486,130.655201584101,23.1875194013119,747.970720350742,98.1803042292595,26.5591822862625,0,12.1625411510468,0.584576070308685,771.757003515959,28.016990929842,810.511793106794,245.447806477547,453.648464888334,469.968270212412,3507.64095675945,4.4076572060585,1029.58237791061,1.08363077044487,238.171204447746,200.713668823242,5.44100078940392,0,0,0,890.981824845076,1.22637438774109,32.5530152022839,12.5238192081451,2655.88080716133,1.17815986275673,0.356190532445908,41.4896566569805,4116.51991537213,54.5662239193916,7.06640854477882,1.55698880553246,15.772639811039,0,120.259718805552,124.540485709906
20.7402392327785,46.0235070586205,135.721220254898,15.5078189074993,16.4710239470005,575.56320014596,525.715928554535,386.611790388823,67.897741496563,710.667919814587,0,889.814167290926,9519.54198881984,721.449636429548,104.897199243307,19.3640160858631,778.929585874081,14083.9085376263,931.283132880926,162.86942461133,186.959723472595,37.7179794311523,585.63261961937,93.6160534322262,2130.46634101868,3953.02351859212,1045.32750689983,387.114004969597,2852.18341997266,217.660232961178,1336.70025837421,1784.26238563657,73.8709998726845,15931.884747684,559.239756584167,2443.38148760796,2995.82271933556,6356.08178222179,1899.33860421181,405.879067271948,67.5145301818848,3478.94173461199,123.337098330259,3449.04309931397,92.8888304531574,47.7444432377815,25.904304087162,13.8831703662872,251.679219156504,0,114.947827398777,2.21320468187332,0.466570466756821,2.07456707954407,8.78720337152481,11.7585726380348,9.96319642663002,68.7591632306576,7.97321003675461,3728.49461907148,8.48189434409142,4940.97584033012,11.0203467607498,3.49987882375717,13.2495425343513,10.1142549216747,113.311596333981,27.8755045831203,1.77078157663345,2.79991644620895,76.3148569762707,14.0285666286945,213.752249062061,1234.73392626643,2263.05764371157,938.343221783638,63.4504726827145,42.8992275595665,3.11389771103859,2353.1130682826,36.2993039786816,1.30538332462311,135.241396576166,331.498388111591
11.2022060453892,6.5587392449379,24.4704858064651,5903.82354900241,1460.29137563705,7894.04448696971,368.143488913774,8961.979290694,2317.27506959438,14762.1027949452,889.814167290926,0,416.456660181284,2006.22718366981,7294.81738850474,1.90009570121765,56.127108335495,688.133466809988,343.910642445087,14954.4955830872,23.8236665129662,24.3938500285149,73.2565757334232,1251.66136020422,387.784388273954,540.669788062572,363.96433365345,3396.97525319457,1634.06677237153,116.810320854187,86.2131889164448,630.874758243561,1.76666504144669,1208.51829108596,2353.93895056844,4880.62751421332,72.5738199651241,551.403939902782,145.073326140642,8252.8000062108,611.602116852999,67.9277918338776,165.316904276609,12.0999271869659,35.7082254588604,4.12433314323425,1353.13314417005,21.5968523919582,31.4947278499603,0,6.19325405359268,0,806.16767629981,100.175997614861,652.369628340006,47.0764130949974,64.6085039377213,335.313028991222,1043.24932429194,4.38459393382072,2852.09330129623,1.30734080076218,55.8127309978008,743.130963355303,2.47315287590027,0.894182026386261,6.50440630316734,0.710018277168274,953.215452760458,0,11.4581291973591,1.88376605510712,846.827295511961,1.88700085878372,6.5009132027626,14.8781237006187,1374.68128788471,26.9046079218388,0.905715644359589,1.9354433119297,6.66111046075821,2.25719499588013,63.4511578083038,1600.50074973702
1.06273651123047,901.197620928288,67.7028622925282,38.7533464431763,68.3125174343586,610.848247259855,459.299435138702,233.94707390666,609.996339648962,526.331676900387,9519.54198881984,416.456660181284,0,156.136966586113,149.168215811253,92.9553333818913,64.7413405478001,595.998515725136,203.34991312027,124.955430477858,105.440397620201,522.347306281328,182.697517842054,500.097804963589,8750.59744077921,761.691829919815,2886.66619595885,637.90233284235,340.46448597312,218.95255190134,2086.87662905455,494.666299343109,13.3824747800827,1493.9430129528,578.754496634007,8031.0357233882,4867.51538401842,4836.52893382311,4710.83548131585,2386.64981436729,665.674523711205,2648.06719070673,559.117624133825,3285.65533018112,1055.28632506728,171.951584100723,818.976246505976,263.602627933025,210.996085256338,5.15136229991913,334.201923042536,1.11182630062103,9.73420336842537,8.62933230400085,92.3653528690338,60.8237630724907,62.3963928818703,56.0320864915848,155.722124785185,4788.94934204221,71.6325290799141,6312.19611173868,79.3177279829979,19.370398491621,15.2719767093658,88.4434306323528,136.283213615417,92.9687961339951,55.090613514185,19.2141802608967,52.399631023407,34.1107760965824,190.060760974884,2975.40322166681,3493.34278404713,3344.61136743426,131.483279526234,82.4917369186878,10.8633373081684,2923.57450017333,103.061754018068,1.18056190013885,774.18274885416,260.181910425425
14936.3627125621,1.05846333503723,2861.73918536305,108.178745925426,7.8014270067215,975.875694438815,44054.0717073083,17877.5445990413,73.0519545674324,5909.54381509125,721.449636429548,2006.22718366981,156.136966586113,0,111.678322046995,14.5217472612858,4616.29579037428,611.480639219284,885.444286435843,444.321226775646,3168.22485503554,5.80541288852692,10109.6571674943,227.236457318068,125.510201245546,1302.54673907161,1348.42682188749,2146.42813241482,19387.6603777111,19166.5639511645,34.3029483854771,765.434973090887,210.369947314262,2356.87236231565,167.659263551235,1655.69393599033,122.572198957205,801.898504137993,555.410359025002,243.688041299582,112.142369419336,16.5245663821697,315.166300803423,16.0606334209442,83.6305509209633,25.8730163276196,132.473272740841,34.0759832859039,11.1039776206017,0,9.14905542135239,1.93893629312515,36.3085540831089,0,85.6640102863312,123.254750281572,90.3178377747536,44.7898605465889,215.475773215294,2.58343878388405,58.2879227995872,1.69173300266266,51.7980958521366,10.7925920784473,33.2803591191769,10.5648323297501,0,1.46566212177277,45.4180371165276,6.48130241036415,10.677536636591,24.0851515829563,742.687621146441,0,7.38837385177612,95.4808038473129,623.340459823608,35.9862440824509,30.7642123401165,2.86855348944664,6.10194966197014,0.910302966833115,76.4565629959106,37.8659998476505
8.48777782917023,196.736547142267,88.9078756570816,488.813499718904,2500.62796366215,5214.53095370531,1269.93961086869,302.788188546896,1862.57170629501,1326.14910259843,104.897199243307,7294.81738850474,149.168215811253,111.678322046995,0,101.315063297749,84.957110106945,62.4872405529022,50.7167519032955,589.295942723751,1377.5525764823,470.112034410238,1366.85623928905,6313.31898126006,286.337371945381,88.3212019205093,690.021375507116,3175.4067504108,203.906454563141,1384.38509899378,18.7372010946274,148.2317905128,24.873467952013,182.923351556063,4773.61413085461,1226.54520151019,211.556835711002,147.487602621317,440.878724336624,8223.02647349238,235.915127038956,13.9961754083633,249.533846020699,66.0229495763779,82.5776402652264,162.613538682461,449.890075802803,33.8228125572205,16.3486012816429,1.63539612293243,1.77432435750961,0.874506056308746,176.508620709181,31.3461952209473,180.69742706418,70.3106881380081,53.305694937706,89.8528710901737,280.974309682846,8.4940457046032,496.605875551701,0.545168161392212,33.8654790520668,159.853946447372,122.134438693523,3.67828625440598,7.80661457777023,3.93279099464417,135.794470846653,45.2158710360527,48.5583873093128,88.2862296104431,570.37273427844,0,36.6460897922516,88.7646447122097,493.172317028046,24.6490272879601,14.785043656826,1.97897094488144,9.78094324469566,3.95019221305847,45.5947031676769,2804.6614817977
2.52913856506348,703.883179843426,36.7556037902832,0,4.02359521389008,5.97759705781937,47.2995966970921,7.8064176440239,79.714540541172,8.24373590946198,19.3640160858631,1.90009570121765,92.9553333818913,14.5217472612858,101.315063297749,0,76.6442330181599,16.7722853422165,10.4291914105415,1.16329649090767,3676.9799978435,7160.177631706,14702.5085999668,5725.99114403129,225.048365026712,19.7274311184883,12551.0713308156,3143.00906485319,33.3851773440838,86.9540430605412,26.6766231358051,2.11415141820908,8.31847083568573,219.240677505732,553.603244125843,4463.75690644979,2039.15594571829,603.621129870415,913.734502077103,39.5322133302689,13.0111780166626,3.48741099238396,1117.01745226979,81.4557497501373,260.17539075017,178.520845800638,114.045123487711,45.1032063364983,1.17611277103424,14.8207814693451,29.3018970787525,32.162258207798,0,2.55097901821136,6.6825185418129,139.962915807962,22.0028814375401,64.5249433815479,11.1608818173409,5.50088831782341,7.15270593762398,6.64495497941971,71.0523127019405,66.9560470581055,13397.6083884537,24.4824751913548,5.49768164753914,5.99998599290848,1.66020292043686,898.939350634813,2928.03637319803,4688.92235535383,3826.32583457232,5.36742556095123,28.3943151533604,1539.4316817224,1566.17538872361,197.302516967058,334.1825940907,0.615978717803955,5.78668767213821,23.4997781515121,157.54397046566,354.85638743639
596.07525652647,18.2807760238647,15575.4352311194,5.45500057935715,3.30973374843597,69.375626206398,254.717245876789,2098.75090485811,9.35661828517914,69.7844473421574,778.929585874081,56.127108335495,64.7413405478001,4616.29579037428,84.957110106945,76.6442330181599,0,3191.8819181025,10120.3787585199,22.2322243452072,4372.67840358615,11.1126999258995,25551.5775178075,51.2889748215675,9.38232660293579,14441.636939317,19503.694517225,234.418409526348,5065.60174024105,3714.58182534575,11.7067465782166,43.1948065161705,643.8791693151,4864.11816909909,267.716770797968,2773.66501238942,1886.98326829076,1076.62228521705,1619.77760314941,97.8505989313126,76.5926281809807,17.1637580990791,715.121405005455,333.414544969797,215.168457388878,169.984210520983,13.8727916777134,13.7743546664715,0,4.1173323392868,151.480239987373,31.47537368536,0,0,0,22.1349790692329,4.030253469944,0.355223923921585,0.509484529495239,14.3564177155495,0.637818276882172,2.03090074658394,11.0013595223427,4.47530084848404,95.4651420414448,498.370051383972,27.9232759773731,134.479385524988,0,29.3518230617046,30.2857499718666,248.494220733643,39.2870527505875,3.73069965839386,424.877480000257,2030.18503767252,26.982924669981,17.9454249441624,36.9069125056267,0.511570632457733,0,3.77402186393738,174.24578332901,149.134765267372
40.0990988016129,0.322202086448669,404.871137142181,11.5006829202175,4.17866992950439,312.195506006479,437.914467215538,292.506926625967,17.4023335278034,594.046419501305,14083.9085376263,688.133466809988,595.998515725136,611.480639219284,62.4872405529022,16.7722853422165,3191.8819181025,0,5967.97357040644,109.247780114412,320.847662389278,1.06411337852478,841.83371463418,51.1013176441193,44.7546734511852,3259.84530001879,1576.06221494079,278.596018522978,2282.83140319586,279.041061401367,150.493562787771,725.319090694189,121.734069317579,11117.1410237849,602.203931808472,5747.60613650084,2893.33514028788,3963.81150346994,4517.35349106789,272.6132350564,72.1072944700718,163.059765338898,166.245887070894,80.2624969780445,41.5519124865532,50.2134249210358,10.3534795641899,0.968499958515167,9.47512078285217,0,17.3004095554352,1.63745668530464,0,2.34496599435806,0,1.54579252004623,0,15.4988586902618,2.20015615224838,168.286953359842,1.57380139827728,640.839939624071,1.68653833866119,1.35859745740891,6.45818740129471,61.7116802334785,66.8059650659561,77.6822866797447,0,3.19025698304176,6.54399305582047,33.6762443482876,29.9014518260956,57.6978535056114,1066.21716526151,1003.86916555464,0.883407950401306,3.74727743864059,7.10028532147408,490.96031871438,0,1.0713700056076,37.3495609462261,274.035882145166
98.745963871479,4.01900374889374,2379.60830280185,5.25419345498085,1.31824880838394,117.983349919319,249.700966596603,496.086356669664,16.4224255383015,296.493325531483,931.283132880926,343.910642445087,203.34991312027,885.444286435843,50.7167519032955,10.4291914105415,10120.3787585199,5967.97357040644,0,63.3819087743759,470.8625895679,5.45782110095024,3296.82407608628,29.2037306129932,11.1576936244965,8611.25258991122,3208.69722789526,189.24838155508,1527.48587691784,343.70547914505,14.655886977911,157.937176704407,89.4039767086506,7203.46294111013,451.200400799513,5622.02829766273,3488.99967762828,1425.41261839867,3785.94141858816,117.250821322203,47.8266377449036,23.6962853074074,643.269629657269,259.649495095015,172.903788387775,227.510621905327,8.22568410634995,22.2527357339859,0.390766263008118,9.82758295536041,40.1374083459377,11.5625258386135,0,2.17791879177094,0,14.2216655313969,1.57852876186371,11.2525343596935,1.67833912372589,17.3062970638275,0.486002177000046,45.362631291151,16.5694999396801,3.85760349035263,21.053827226162,319.282614678144,48.3535531163216,295.065267473459,0,29.5014411211014,4.4016900062561,77.2209718823433,24.5367476940155,9.11186441779137,797.926271617413,1527.29964485765,5.8606062233448,17.7178156971931,34.3395788669586,46.8327480256557,0,6.21285745501518,126.48914322257,254.201603770256
5.10408049821854,1.18853747844696,8.71726605296135,26708.0676727891,54.9955904483795,421.773047506809,220.070575326681,715.056133836508,842.403474986553,15918.2995213866,162.86942461133,14954.4955830872,124.955430477858,444.321226775646,589.295942723751,1.16329649090767,22.2322243452072,109.247780114412,63.3819087743759,0,14.1952543854713,5.10265779495239,20.3533332943916,774.046796619892,221.541274815798,102.200217753649,89.1305053830147,10670.8589341044,411.334947943687,70.572067886591,14.0335856080055,76.3323415517807,5.98530244827271,287.504258066416,286.094102412462,1754.6161377728,19.617792993784,154.107987970114,78.0463475584984,754.73360645771,188.289338499308,15.4193073809147,358.681658893824,7.46446925401688,114.321522295475,15.1839663982391,765.627331465483,49.8952827453613,29.3900141119957,1.66607773303986,16.5661997795105,0,615.583229124546,35.6127980649471,718.341420590878,220.906750828028,389.011916697025,490.563066810369,2558.93754923344,20.4029095768929,1582.17849045992,1.66995823383331,188.570164591074,303.814465969801,2.353963971138,0,5.01969945430756,2.17384308576584,781.610253125429,1.38517737388611,16.7540389299393,3.45127674937248,1892.76864755154,0.50148069858551,2.15992206335068,7.78939965367317,2972.98624357581,128.687890261412,5.99697589874268,0,53.5172210931778,0.559438109397888,112.729550600052,45.9654820561409
441.671609938145,43.4732747375965,4004.37557202578,17.5964661240578,37.2810290455818,269.383960783482,5225.96601521969,2321.35097587109,59.759093016386,249.62157908082,186.959723472595,23.8236665129662,105.440397620201,3168.22485503554,1377.5525764823,3676.9799978435,4372.67840358615,320.847662389278,470.8625895679,14.1952543854713,0,393.958278238773,51974.9171094,1257.05696487427,53.4985952675343,770.111437171698,3923.21933656931,12411.45694381,2793.21904616058,26965.4053425193,8.413833796978,18.5532883107662,672.245337992907,13216.4881289005,5219.8889670372,18449.4645031989,1854.45559716225,10981.4130015969,9756.25999927521,522.115000188351,187.064488083124,5.16109961271286,872.195439308882,56.684501439333,174.389110058546,133.999747782946,112.509788602591,49.2963638305664,3.15852290391922,11.5681662857533,12.3562694787979,8.02350121736526,1.05942961573601,6.93458193540573,21.7174280881882,151.140716642141,35.1687326133251,34.8566169440746,23.5639442205429,6.17852899432182,13.2025645375252,0,79.1913267374039,64.4310273230076,2591.19500288367,23.495269626379,1.92816242575645,7.09468385577202,4.96623161435127,334.570965766907,688.180779933929,566.885882109404,2792.96754619479,0,19.5018510222435,425.449543535709,1324.33755582571,172.724725037813,256.611106216908,0,12.6770998835564,27.0687049031258,104.999252676964,1731.1883122921
0.826529026031494,5691.5304902792,10.6919922530651,2.96203017234802,5.84204992651939,9.32723453640938,12.7903869748116,8.05604600906372,10078.1396627724,6.73350885510445,37.7179794311523,24.3938500285149,522.347306281328,5.80541288852692,470.112034410238,7160.177631706,11.1126999258995,1.06411337852478,5.45782110095024,5.10265779495239,393.958278238773,0,1113.51159837842,18850.0284223258,3733.17230668664,32.4796023368835,11563.8416415155,1299.06093850732,10.8630278110504,12.6788348555565,141.737124979496,8.68687829375267,1.42204037308693,53.2468721270561,26.3342254757881,207.168427318335,65.6778386235237,63.7664689719677,43.192124992609,285.269115298986,2.29293745756149,54.7609301805496,567.076314419508,80.30994322896,174.247817337513,108.97512665391,44.9065460562706,28.7176516056061,2.36141300201416,9.96172624826431,116.925371617079,18.1119399368763,4.63156682252884,3.4272643327713,9.18715560436249,84.9820197224617,6.60980054736137,76.5829691886902,18.7529617249966,48.9126491844654,4.30017977952957,30.0622368454933,34.446012198925,32.3021115660667,3147.06290376186,24.5960602760315,10.8723935782909,9.19436585903168,2.65901005268097,176.860459983349,2357.80332732201,1057.74833226204,2160.20259872079,24.8272132277489,53.6246337294579,2791.72124835849,617.127897590399,58.9104760885239,125.814833849669,24.5294134616852,6.3353730738163,4.74384033679962,77.3079183101654,100.096530377865
1727.00233003497,83.2231327295303,43665.1915387511,20.457415163517,75.2356722354889,357.498823046684,4129.34049376845,6870.04757276177,69.1019393801689,254.411295205355,585.63261961937,73.2565757334232,182.697517842054,10109.6571674943,1366.85623928905,14702.5085999668,25551.5775178075,841.83371463418,3296.82407608628,20.3533332943916,51974.9171094,1113.51159837842,0,1813.14144316316,69.8419720232487,7342.68618172407,56111.0014717877,8099.00144210458,5449.97896692157,13792.0634280443,21.2499934732914,65.7426344156265,531.069306463003,13503.1647817791,7824.34196689725,43641.5100103319,10218.3430301249,18141.6866258979,21564.738642782,793.206239998341,311.738843768835,22.252228975296,2833.87929645181,407.689625859261,1214.89229488373,854.9100497365,296.011280298233,72.5351448357105,5.21733891963959,9.88769140839577,111.682132989168,180.280859857798,2.08091884851456,11.5961591601372,18.5270834267139,366.872911423445,44.9951577782631,47.3402968943119,24.3400909006596,33.709252178669,7.35003033280373,1.74143615365028,81.087305366993,107.646958440542,14200.2725195289,292.887592613697,71.563038110733,76.4028645455837,4.36546942591667,937.312308996916,1960.5223890841,9863.35067331791,2510.33936914802,0,285.749399319291,11367.2486754954,1191.90722030401,99.6800723671913,318.24539065361,1.12526282668114,3.40963512659073,28.4482379555702,519.734594345093,4412.480946064
3.70226454734802,2645.5480478704,85.8868083357811,3890.01172700524,252.181575506926,385.213934928179,1658.73893526196,572.045367360115,30723.6703355908,827.837436884642,93.6160534322262,1251.66136020422,500.097804963589,227.236457318068,6313.31898126006,5725.99114403129,51.2889748215675,51.1013176441193,29.2037306129932,774.046796619892,1257.05696487427,18850.0284223258,1813.14144316316,0,1799.75681704283,78.7571622133255,6960.09990417957,18988.2047253251,542.579958796501,107.035055458546,99.0177642703056,83.1528778076172,117.888745367527,452.014450490475,682.606531262398,3582.17804870009,397.766080051661,548.246709227562,393.807161509991,2377.28847694397,128.47518569231,40.3256525397301,4268.22324922681,122.809188514948,1154.50243914127,331.83933609724,1785.75590479374,583.362636059523,58.5964190363884,33.4515155553818,75.6599591076374,13.9767023324966,1086.63773953915,47.2255082726479,1369.49840086699,2124.41028180718,1489.89326423407,3848.61768716574,4204.43142816424,234.919499278069,1280.27805668116,29.2267115414143,1147.98141902685,435.51136520505,1956.46662509441,38.3560921549797,69.9341378211975,17.2973613142967,962.840742617846,229.780969232321,1470.75102835894,758.213960677385,18380.8907784522,43.9283454120159,61.708410769701,1024.78766959906,12176.7476903796,833.725362122059,549.108340978622,7.57467046380043,345.376278996468,43.4156769216061,810.200438082218,556.233569353819
0.797582507133484,3320.96982637048,6.1446225643158,67.010513484478,147.537227123976,730.515276551247,336.43354177475,418.763735741377,2679.89471170306,228.814706861973,2130.46634101868,387.784388273954,8750.59744077921,125.510201245546,286.337371945381,225.048365026712,9.38232660293579,44.7546734511852,11.1576936244965,221.541274815798,53.4985952675343,3733.17230668664,69.8419720232487,1799.75681704283,0,417.527271091938,5526.51580393314,1565.83780446649,180.87575006485,62.8281123936176,2358.01289027929,406.556530922651,4.9154509305954,517.259257555008,22.341772377491,1184.93478569388,52.7449386119843,140.232033193111,32.3605939745903,5054.41563031077,251.463908970356,390.126737296581,512.551028370857,1494.57766848803,177.294868081808,113.966989666224,3516.06331515312,145.651236951351,400.919046223164,2.18743073940277,631.470670580864,0.759614765644073,79.2744035422802,8.78665405511856,378.604712158442,87.1789087057114,223.223322868347,106.918993145227,723.281654089689,2322.92477113008,258.411565333605,2416.29190292954,192.273788094521,77.0893399715424,57.0953149199486,77.0760469436646,40.3089734911919,112.16715657711,214.1066839993,10.2660060822964,243.093745291233,26.1579081118107,217.108713537455,3321.58622974157,1405.25543871522,3531.70922753215,370.71936827898,146.133554905653,18.3076903522015,681.624914675951,198.28405085206,3.93870276212692,267.84056353569,19.7644901871681
151.869437247515,42.8599071502686,28314.3125947714,17.8582102060318,5.58673804998398,272.134206861258,500.377383708954,908.122406259179,52.1123497486115,508.65561440587,3953.02351859212,540.669788062572,761.691829919815,1302.54673907161,88.3212019205093,19.7274311184883,14441.636939317,3259.84530001879,8611.25258991122,102.200217753649,770.111437171698,32.4796023368835,7342.68618172407,78.7571622133255,417.527271091938,0,19569.5173389018,329.707272917032,1841.66882608831,547.999314874411,1549.94385847449,392.8567802459,68.4923242628574,5692.62566938996,1299.23643147945,15190.7190640271,8986.41130426526,3898.2033007741,7318.0972917974,264.905251473188,95.6374788582325,181.628352046013,5155.84187844396,1723.42312338948,1279.49893334508,1668.21560069919,66.2029514908791,115.720420926809,13.9214684963226,52.8263465166092,574.465697914362,66.3495120108128,0,7.50559324026108,1.77935522794724,118.737916231155,46.1434677243233,30.6042304635048,24.2074116766453,984.070013016462,2.17970836162567,3561.64342725277,185.75412607193,16.102877676487,48.7415013611317,2493.95481652021,727.783942788839,2354.52169495821,0,245.272274881601,50.2357604503632,480.02309051156,37.2462990581989,1001.95820915699,12412.1294910312,19268.2629097998,31.8878213167191,205.058984965086,291.676238149405,2959.27843531966,5.35477262735367,24.9474464952946,918.493500262499,819.704827219248
147.037199914455,9864.65868961811,22461.0073548853,18.1600902378559,22.9309244155884,203.59484359622,657.242173373699,927.797859251499,3852.99779465795,394.25854074955,1045.32750689983,363.96433365345,2886.66619595885,1348.42682188749,690.021375507116,12551.0713308156,19503.694517225,1576.06221494079,3208.69722789526,89.1305053830147,3923.21933656931,11563.8416415155,56111.0014717877,6960.09990417957,5526.51580393314,19569.5173389018,0,3526.27715316415,1590.1578347832,762.061912000179,1077.38251253963,111.363502442837,123.331473052502,14825.0698444843,4576.68086987734,51774.022346437,10840.9056179821,10481.024274379,16695.8417761028,733.658423125744,165.382661014795,91.5837804973125,22288.7660070956,4846.8877133131,6712.31327486038,6308.96826073527,567.157574415207,510.591066896915,26.90622651577,167.020642727613,8495.25652348995,913.167641609907,5.47084522247314,19.1070342361927,17.5356391966343,1051.24174386263,242.842969119549,107.799238651991,75.8401440680027,829.505163371563,10.1390447616577,2055.95113322139,571.665127366781,142.862566262484,7984.53463104367,10796.8136335909,1322.42815624177,4031.83929646015,2.77208551764488,1569.97439444065,3717.05663859844,14977.7700285614,1533.75075098872,2978.158508569,20821.462556079,95868.6544099748,1007.39201161265,585.899738043547,1401.98463732004,2239.07141754031,4.75087743997574,115.083475351334,4547.34358695149,3956.9821035862
51.4448495805264,157.206852376461,849.755440145731,18478.5688427091,122.288542717695,1691.98152211308,65191.7575982809,3449.73458091915,5511.88504934311,9511.15734429657,387.114004969597,3396.97525319457,637.90233284235,2146.42813241482,3175.4067504108,3143.00906485319,234.418409526348,278.596018522978,189.24838155508,10670.8589341044,12411.45694381,1299.06093850732,8099.00144210458,18988.2047253251,1565.83780446649,329.707272917032,3526.27715316415,0,4084.42816096544,31422.327362597,23.6350643336773,368.698057919741,1426.53471499681,4173.6673810184,5438.24800315499,17807.9674564898,1076.88427835703,3884.85889834166,2938.11986356974,3053.62679478526,918.8038379848,50.5470310747623,6018.24925619364,127.319031178951,1554.9272415936,470.830168843269,3183.18955177069,775.566006928682,197.409171134233,43.018438398838,45.1692130565643,11.3280552327633,2052.64161628485,111.922933042049,2292.92824727297,2958.00702640414,2049.17555871606,3362.65263739228,7929.29955548048,154.397092729807,3042.89581722021,5.63778400421143,1572.17774894834,867.345093160868,1895.45037424564,37.6478091478348,17.6962223649025,10.8090994358063,2159.51038509607,297.911081343889,1117.81781974435,592.184702426195,21193.0944809914,14.0415599644184,28.1021848022938,666.237128734589,17308.3737098873,1215.89197641611,876.56172144413,0,449.341466575861,69.1671896576881,1254.33348742127,1175.95174476504
6222.55646303296,1.69438832998276,974.782104849815,140.16538310051,8.53043472766876,860.193484485149,5343.93431274593,2558.40707626939,95.5512114167213,3233.84470173717,2852.18341997266,1634.06677237153,340.46448597312,19387.6603777111,203.906454563141,33.3851773440838,5065.60174024105,2282.83140319586,1527.48587691784,411.334947943687,2793.21904616058,10.8630278110504,5449.97896692157,542.579958796501,180.87575006485,1841.66882608831,1590.1578347832,4084.42816096544,0,22108.2704144269,134.386390328407,1090.82908013463,5306.44113793969,10259.4555986822,389.367436140776,1998.79274746776,131.227259278297,1223.71795114875,439.492342501879,370.475555986166,200.114131689072,40.397991091013,344.398458451033,33.2941302955151,97.8578109741211,26.9893710017204,158.244283020496,20.632233440876,27.6274898648262,1.58202683925629,11.6151053309441,1.47856655716896,13.4517780542374,1.61654484272003,75.8257207274437,151.390735536814,54.5470621287823,56.9010905325413,109.406162619591,8.36111587285995,30.4525674283504,10.8115666806698,27.1208121478558,16.9101326465607,45.9502129554749,15.5125891566277,1.89441621303558,4.66828143596649,46.0695666968822,11.7105323672295,25.4172408878803,19.2701277136803,878.083912730217,1.64819276332855,33.3034844994545,123.735260814428,658.542032122612,20.0631374120712,41.2777668237686,3.25431564450264,4.8566909134388,4.63704094290733,62.9613500833511,38.5513033270836
