0,12.4442182183266,715.184807449579,0.349660605192184,13.2096311450005,7.2742931842804,2486.51759079099,858.010471701622,47.7446630299091,31.2194312512875,76.0213416814804,3.25425001978874,43.0436674058437,9522.94055986404,10.7890033721924,3.74765700101852,1271.62088704109,40.0479432344437,366.544582724571,0.796947121620178,237.006606340408,19.4852654337883,779.871626228094,54.3547799885273,0.627693355083466,1045.50505667925,1168.23699113727,68.5327269136906,13755.3598678112,5608.95875611901,3.52493426203728,0.783597975969315,146.470094919205,859.9978069067,111.604783087969,231.300874620676,16.6681890785694,398.474001079798,142.553068578243,11.0460949242115,44.0947925150394,9.04922610521317,58.6137214899063,2.26369968056679,9.96397662162781,15.2178495526314,3.11939123272896,3.95415377616882,1.19668418169022,0,5.19970375299454,6.450524777174,0,0,0.462138801813126,10.8652172386646,4.60502576828003,18.903847515583,0.595530152320862,7.12277680635452,1.56328576803207,7.05476704239845,7.95402348041534,3.01998436450958,3.85720890760422,11.53338098526,0,3.49058178067207,0,7.49226033687592,7.81668871641159,29.1403452455997,56.718024969101,1.00293624401093,10.225729316473,61.1918126344681,102.258536845446,20.3382593691349,21.8958197236061,0.642067968845367,0,1.12558460235596,25.9674407839775,30.8350042700768
12.4442182183266,0,130.535857707262,0.440332412719727,2.58359122276306,23.5987946987152,71.9806804656982,75.1525633633137,2218.62477174401,15.1390206813812,597.035585522652,3.08544409275055,1869.42501994967,97.4340343773365,68.7944440841675,600.741246640682,328.288341611624,40.9099232256413,106.613890588284,1.65833365917206,54.3457718789577,4380.0174869597,127.329124450684,3422.32924306393,3011.26999032497,689.58667370677,13299.0025792718,246.810905307531,101.426726549864,42.464958935976,64.4505661725998,35.737740278244,2.16333794593811,586.885145813227,39.517848700285,396.542343914509,374.413942486048,344.493699342012,181.510738909245,8.11432403326035,14.353687107563,325.80253085494,461.726350218058,66.5013605952263,165.131315797567,304.397723525763,12.4763919115067,5.31924536824226,2.8160714507103,6.92586705088615,1426.48106995225,301.221844851971,0.497662782669067,2.98124670982361,0.483546942472458,45.722698956728,15.894863307476,20.2295541167259,3.58457392454147,51.8013627231121,0,179.621623039246,16.6291092038155,0.992904365062714,18.7617990374565,388.398738086224,10.4682289958,133.275303483009,0,41.3139190673828,156.527023911476,299.373658686876,48.6017168164253,94.2095762789249,392.054958105087,2904.1168435812,25.4783348441124,16.3860512375832,40.4304873943329,73.906187415123,0.556437849998474,0.779262721538544,126.393495559692,70.1585716605186
715.184807449579,130.535857707262,0,0,5.28850498795509,14.1718781292439,2403.09685507417,2211.55365267396,10.9697652459145,29.6965705752373,30.5305561423302,4.22975552082062,35.6522935926914,3399.64150691032,10.8725510835648,89.3656368553638,5326.63524231315,37.4488166868687,252.045673519373,1.22925579547882,3457.55137223005,209.353468716145,43098.1202820241,67.3856847584248,8.49986320734024,15901.8802722394,43096.4727475643,147.633341282606,1055.2814668268,4622.60563263297,1.69916099309921,4.75949600338936,24.4516687691212,1337.82598268986,133.781142532825,1118.55566066504,130.499207526445,1212.08549746871,1007.47058051825,7.3971571624279,23.3328650593758,11.849507689476,1302.40067386627,122.506130635738,666.022913187742,922.809432327747,23.8598148822784,9.5936878323555,0.923008561134338,9.3318096101284,164.606685847044,684.97695466876,0,1.98363101482391,0,78.0383674502373,8.65689074993134,0,0,14.8587285578251,0,6.19934165477753,24.948711335659,2.30656898021698,138.94241219759,958.578812390566,22.7891250252724,89.5500648319721,0,94.2361170053482,209.850201487541,1216.5959379375,76.80772793293,3.03378963470459,338.226158738136,4338.52009615302,90.4588245749474,13.4435638487339,91.2041994929314,1.48961591720581,0,1.83952009677887,316.428559482098,157.316277563572
0.349660605192184,0.440332412719727,0,0,31.6407381892204,1027.81935724616,254.78146904707,1409.24665856361,6851.07470543683,2472.87826016545,77.5091232657433,10507.5780358911,98.2341341078281,798.736299008131,781.846231818199,0.553249061107635,2.82726565003395,35.3580947816372,7.13625282049179,10759.3640783131,1.6535242497921,1.52457436919212,3.20590382814407,3295.7666246891,2.85622915625572,19.9815921187401,4.01935967803001,8450.57650783658,247.616349875927,13.7748662531376,2.18244150280952,129.860406547785,0.90069591999054,426.218915641308,29.4425051808357,633.755261301994,19.7773567736149,111.529369324446,35.8180934786797,368.893459975719,140.388228923082,41.5670245289803,25.0835483074188,1.59588831663132,4.37420853972435,4.74366080760956,16.4606665670872,7.2684967815876,10.9470390379429,0,0,0,1044.77743646502,1.84350025653839,169.089340597391,381.687984257936,257.100263565779,1007.58072546124,1319.72647824883,17.9935135543346,905.569813340902,7.48687019944191,58.6244035661221,13.6390545070171,0.480538457632065,0,1.11308336257935,0,667.077966988087,0,0,0,1183.1116643548,0.362421959638596,2.47553867101669,3.53821283578873,2164.57372656465,52.5485379397869,0,0.417186498641968,0,0,55.5505138635635,7.72814306616783
13.2096311450005,2.58359122276306,5.28850498795509,31.6407381892204,0,2298.15159282088,151.343657463789,95.200174331665,92.4492844939232,105.9269708395,3.57234251499176,238.010376900434,13.0345328450203,83.7667744159698,4266.30345124006,171.296970427036,10.4781317710876,2.20696878433228,3.48598146438599,12.2478120028973,359.869786530733,32.9955458641052,714.007224410772,149.605067104101,0,11.4389463067055,174.248714834452,206.65154722333,49.7844724357128,354.866477996111,0,806.943430989981,4.44113332033157,1012.72040441632,3634.56542503834,257.993690341711,97.387746989727,39.7810181975365,235.119300872087,26799.0716437101,7534.77208510041,2.14987605810165,53.3300133049488,45.1538642048836,15.4203443527222,177.245752900839,5.03928905725479,3.84853112697601,1.17217099666595,2.76368427276611,1.48132801055908,2.56773555278778,1.06122332811356,0,1.29986143112183,17.657206684351,17.3485440909863,11.9399359822273,4.92483621835709,2.44224286079407,4.64937305450439,0,10.4290842413902,2.37863445281982,44.2460915446281,0.669044733047485,3.93490523099899,0.862635433673859,1.39210784435272,23.6745775341988,13.8661243915558,42.3396784961224,62.0627713799477,1.65635335445404,13.6794704794884,55.6375100314617,81.3808362782001,11.3362621665001,24.452403396368,1.02191233634949,0,0,11.6578971147537,1038.09830647707
7.2742931842804,23.5987946987152,14.1718781292439,1027.81935724616,2298.15159282088,0,1487.83220353723,17686.3800388277,978.003212422132,26904.7449082732,71.8205609619617,18339.7227285504,95.9509047269821,1381.4163429141,4296.56996715069,11.0745888352394,15.7269468307495,65.9789405763149,27.890846401453,1200.99535080791,36.0690787136555,56.3741355538368,36.1107758581638,348.153862476349,8.10155847668648,47.4043107330799,89.4141737818718,1062.15350094438,428.939764201641,316.365566253662,6.04328671097755,3537.13203850389,3.97305509448051,426.238917887211,9278.8195694685,2120.04928636551,191.373199373484,159.559177428484,54.199154317379,3808.2873018384,328.581079125404,88.8899864256382,431.054174244404,10.3559548854828,64.6063885092735,76.463251709938,213.295717298985,53.0842193365097,47.1131629645824,5.01392191648483,1.02742230892181,0.86535632610321,63.6581365764141,1.32139408588409,77.725090354681,338.308088183403,522.258194953203,191.160667985678,166.820959210396,82.9366448521614,139.843061298132,27.1357597112656,433.410401880741,53.2720657289028,3.74258679151535,3.11808252334595,2.20776700973511,1.61679983139038,91.5725943744183,6.86837193369865,9.71793037652969,6.33088448643684,545.287401497364,1.93987035751343,3.84017312526703,15.7148377895355,843.890416622162,274.157022088766,59.7093270719051,2.74642014503479,11.0830726623535,1.3609653711319,256.044505476952,651.557509303093
2486.51759079099,71.9806804656982,2403.09685507417,254.78146904707,151.343657463789,1487.83220353723,0,21580.5456910133,2184.36138030887,10938.6276520491,490.249947339296,225.48664906621,1273.95991808176,35405.6253630817,573.889725893736,357.158060193062,505.061233222485,274.320164501667,206.914852559566,74.7188700735569,9619.80224844813,386.370075047016,4092.92916065454,9442.75250849128,29.2394906282425,1069.37710539997,2282.58018532395,68887.4162328541,10322.3314163387,19114.0400675237,35.1922126114368,428.080437332392,505.8666472435,5169.76649612188,1773.77941912413,8230.174069345,320.019745796919,3409.36422756314,1429.29973953962,398.287132412195,1715.9759452343,411.536697328091,1884.89833524823,36.1624332666397,306.633211612701,359.970211207867,752.635750710964,291.111887484789,171.809131741524,27.0612042546272,5.14043831825256,24.2873394787312,500.84826874733,12.8818144202232,521.555989861488,1954.52169832587,3203.66302827001,785.043666452169,1159.56147256494,265.47163850069,347.809484511614,85.5326009094715,2562.82037195563,242.148876190186,636.256410628557,8.55513298511505,3.00622200965881,0,315.116742372513,53.4415998160839,93.376701593399,685.381175339222,3114.22094631195,12.8060859143734,1.88945266604424,559.276989340782,4700.4058265686,1340.61476761103,165.205056995153,0.33608403801918,26.8623490035534,16.1531002819538,1482.40482217073,445.210718691349
858.010471701622,75.1525633633137,2211.55365267396,1409.24665856361,95.200174331665,17686.3800388277,21580.5456910133,0,1941.15559831262,19781.1811301708,348.502712517977,5922.54564607143,325.245660156012,19868.0344006419,1169.29253438115,38.953710258007,1175.64542964101,184.690077573061,358.660154521465,1410.04943887889,1917.91253250837,190.215130925179,1655.87063136697,1819.2745873034,18.7236893177032,1883.05499008298,2142.96840189397,2263.83377596736,3625.45565909147,4902.20800355077,28.1765617132187,963.802319854498,170.95507133007,1938.43835651875,314.849476009607,2784.86671099067,116.605906009674,943.677880465984,447.671526253223,644.933916389942,382.015712380409,124.945667475462,1274.36909928918,9.95396798849106,208.883956849575,162.136452674866,520.796330809593,184.723077833652,72.8133139312267,16.4711409509182,12.8134730756283,8.44837349653244,355.129952907562,6.58976304531097,404.898554056883,1639.3972786665,2506.98883619905,732.802270054817,871.054759144783,130.334007143974,307.041379779577,57.939636439085,1539.91031804681,166.620784193277,61.5203818082809,3.92372435331345,4.04001641273499,0.922331273555756,208.545677244663,14.3882262408733,42.7519475519657,116.848889887333,2770.68244490027,13.0524151027203,14.4883844256401,164.357930332422,3781.10998222232,491.001756697893,116.528746396303,6.12218874692917,0,18.231375515461,961.855047494173,94.283758431673
47.7446630299091,2218.62477174401,10.9697652459145,6851.07470543683,92.4492844939232,978.003212422132,2184.36138030887,1941.15559831262,0,3425.83983922005,329.221306741238,7892.3546962142,589.607616782188,1428.39658880234,2925.32927709818,51.6165388226509,72.496629178524,82.3702003657818,57.2243395745754,1953.59162217379,100.016523689032,11605.951988548,51.4750990271568,27285.1427476704,770.541594296694,347.086245894432,4864.39763665199,9275.90260761976,765.533292770386,481.742258608341,64.2498886585236,252.313424944878,39.6107757985592,784.137797087431,253.431525141001,1490.0326448679,150.94607385993,374.521641880274,163.32698225975,811.505427747965,215.884367436171,107.592929542065,1250.599542588,81.3161884248257,190.325700551271,195.277903974056,390.768287181854,130.397754043341,87.4346597492695,51.6177756786346,28.552919447422,54.4858260154724,1450.26278674603,9.17026257514954,168.242854684591,1471.9998203218,862.445989102125,3587.36267158389,1242.57472929358,282.509998947382,552.556116580963,168.260159224272,925.209877729416,150.403822422028,191.001292198896,18.7132471501827,108.779201626778,16.4894232451916,600.044820427895,359.607188880444,1621.74291935563,119.584724664688,5615.65878719091,28.2534546256065,206.001231998205,214.186401695013,6309.51713082194,1025.90503376722,775.373110473156,151.834631234407,24.1119670569897,31.5240982472897,611.259895920753,372.518717437983
31.2194312512875,15.1390206813812,29.6965705752373,2472.87826016545,105.9269708395,26904.7449082732,10938.6276520491,19781.1811301708,3425.83983922005,0,817.939794868231,6665.50249353051,1308.59273651242,6131.73317979276,554.519264370203,15.1075092256069,64.4551658630371,454.484929084778,220.421825438738,2565.78473973274,57.7820670008659,18.6668415367603,70.0705006420612,1257.67079165578,35.7758726477623,350.035109549761,209.962139129639,10627.3754683435,3728.47338169813,297.77990180254,54.9238902926445,698.475701093674,30.2539529502392,4142.69266983867,785.929801821709,6510.35593783855,335.03017449379,1791.07137995958,544.571802973747,544.609492748976,1604.11168465018,449.548941671848,154.730190068483,1.1788555085659,43.3637754321098,35.4813617765903,56.4618918597698,31.8313103616238,43.4877599775791,1.63065800070763,0.455788046121597,0,1969.44770020247,0,533.299108564854,1188.5465618372,988.284301042557,1160.59126666188,2908.81548270583,81.8911609649658,1030.34723305702,116.480640769005,257.268452703953,25.2901386916637,6.10319039225578,1.23031675815582,1.01518371701241,0,1119.98918029666,0,5.15007185935974,2.65436631441116,2847.04379853606,16.2854145765305,0.931479096412659,5.70225915312767,5361.87579831481,132.494050204754,7.19499832391739,4.09406661987305,1.58185034990311,3.101338326931,224.182395964861,123.142413854599
76.0213416814804,597.035585522652,30.5305561423302,77.5091232657433,3.57234251499176,71.8205609619617,490.249947339296,348.502712517977,329.221306741238,817.939794868231,0,316.261250287294,18316.1909273863,1560.17959603667,26.0297101140022,31.8645808398724,377.488552600145,21469.3103459179,4019.9142588973,136.62846198678,62.5411551296711,301.119856894016,240.237430840731,257.506301939487,852.502238422632,6312.20692190528,1354.16644373536,99.289029031992,3601.08910253644,175.121402621269,1366.4441087842,295.366766214371,17.161088258028,14917.343165189,72.7854644954205,1075.26872003078,2278.24457249045,4609.37864810228,1948.87959939241,39.0801517963409,69.3156215846539,2702.35519605875,684.844099462032,276.844136834145,387.753512710333,413.25995644927,95.5960339307785,20.2496892809868,159.57420411706,0,41.4364940524101,7.1420231461525,1.39057442545891,3.34333515167236,29.6493711769581,89.2305540293455,126.955939918756,88.1183229088783,34.6060961782932,2666.67397201061,72.3548008799553,8289.1727630198,238.136827886105,15.9284314513206,10.0431556105614,37.756626367569,423.212383031845,26.9766300618649,26.2129390239716,14.5480193793774,24.6730954051018,53.8122881650925,48.3685106039047,601.311517387629,1524.23662033677,1968.7564240098,35.7112298309803,572.091862529516,21.6358379423618,2995.32100236416,133.459418267012,0,1618.9099111855,67.2685654461384
3.25425001978874,3.08544409275055,4.22975552082062,10507.5780358911,238.010376900434,18339.7227285504,225.48664906621,5922.54564607143,7892.3546962142,6665.50249353051,316.261250287294,0,378.754856944084,2744.76052331924,5324.79944491386,1.61860752105713,14.9557778835297,132.030300378799,81.2089061439037,6354.73236334324,10.2959229052067,5.82420855760574,11.3578844666481,1283.5134473443,14.2897473573685,401.953293502331,55.0493614077568,2707.20743569732,959.978632092476,78.4316765964031,21.7149771153927,587.188619881868,0.717520028352737,1492.09156891704,2367.87828534842,1709.98114746809,115.406297683716,570.263820022345,169.510577887297,2304.54594784975,462.196506768465,257.424253493547,68.7659974396229,6.23295301198959,60.3303179442883,13.50050547719,24.0233127772808,23.3867240250111,98.4347251057625,0,0.71014928817749,0,839.395243436098,0,117.179083764553,249.902509480715,153.98639395833,699.419923484325,998.573035240173,122.015374362469,919.577496379614,61.6047657132149,77.3910209834576,3.97308397293091,0,0,0,0.733792424201965,555.159923315048,0,2.50248980522156,1.29785311222076,559.633167535067,5.66103404760361,18.2631913423538,35.2990860342979,1269.66493591666,51.6602427363396,2.37485092878342,2.24560287594795,4.08967384696007,0,99.3704900741577,139.480789065361
43.0436674058437,1869.42501994967,35.6522935926914,98.2341341078281,13.0345328450203,95.9509047269821,1273.95991808176,325.245660156012,589.607616782188,1308.59273651242,18316.1909273863,378.754856944084,0,875.420400053263,92.1427171826363,223.665001988411,77.3347297608852,630.873597711325,105.56966355443,154.673201650381,355.921248406172,662.511327177286,644.856492042542,682.491223216057,8540.59634804726,516.206650346518,5319.42438173294,435.312907099724,1974.82640001178,623.804505705833,572.34230607748,310.372593432665,7.88176339864731,7380.53989627957,507.42638194561,4167.8631220758,2488.95702266693,4383.32239490747,2374.79640424252,564.913742303848,385.391565710306,10970.4265030324,756.0946354568,319.461980998516,383.672112256289,454.75687918067,174.2046841681,19.5591214597225,149.000641196966,1.59504514932632,75.3018310070038,13.2676147520542,6.66901111602783,0,55.5513238608837,170.975579828024,185.41881364584,198.253413408995,77.6561847627163,2572.21442747116,137.839093953371,10091.2925541699,297.160842269659,15.3081648945808,49.3763317465782,36.1553458869457,406.675751566887,29.3594419956207,30.0534910559654,39.4506416618824,47.0817015469074,97.773627191782,271.209463596344,1686.63730096817,1544.16074156761,3896.55716481805,281.933580517769,521.029693752527,40.3060787320137,3547.42004495859,107.581454366446,1.96446919441223,1598.51106828451,287.770206332207
9522.94055986404,97.4340343773365,3399.64150691032,798.736299008131,83.7667744159698,1381.4163429141,35405.6253630817,19868.0344006419,1428.39658880234,6131.73317979276,1560.17959603667,2744.76052331924,875.420400053263,0,475.44747710228,21.5251276195049,3474.3382357955,627.202567189932,1271.47831493616,766.328095510602,1809.33167916536,232.976641833782,2887.38381801546,1887.79216644168,44.0042637586594,3913.68385903537,4228.12704175711,1668.58637288213,20704.9700323939,14845.7818512321,123.738428682089,613.742479175329,421.616961628199,5251.76183381677,493.793542921543,3899.78580489755,271.081184506416,1598.00212517381,732.164824157953,405.487839490175,379.24807074666,176.423542261124,1307.72588649392,30.5531504154205,187.244766175747,182.76762086153,477.035976409912,154.495742410421,56.3193801939487,18.8501595556736,19.4494102299213,7.47878664731979,82.7224472463131,3.61985927820206,207.825290948153,1169.31125900149,1636.4581656754,559.839825481176,290.782745331526,168.617444545031,150.536412596703,277.146622508764,1220.62734794617,159.160134851933,42.9346847832203,7.90027263760567,11.9677807092667,8.35934680700302,91.7203491330147,40.823547154665,46.5980715751648,131.066027015448,1804.53970614076,26.2293930649757,64.3515338897705,287.513342708349,2656.9091591835,446.700032263994,200.348770558834,66.6144163906574,7.75775027275085,20.6026167571545,834.704826623201,150.938753843307
10.7890033721924,68.7944440841675,10.8725510835648,781.846231818199,4266.30345124006,4296.56996715069,573.889725893736,1169.29253438115,2925.32927709818,554.519264370203,26.0297101140022,5324.79944491386,92.1427171826363,475.44747710228,0,37.176315844059,16.8179216980934,6.95314848423004,2.34917986392975,258.110030174255,151.553371995687,142.151711702347,172.022505074739,2222.4018817544,18.1437456011772,27.0178066492081,164.843040585518,870.580043911934,182.918444633484,337.254605680704,2.98027449846268,860.951576113701,6.93652579188347,175.855342894793,4371.79274025559,678.727918297052,145.895141392946,183.839296936989,120.314862847328,7462.90895974636,132.983485341072,77.7733303308487,143.534663200378,39.9249675571918,51.0287652611732,159.791424572468,50.8682824373245,18.1583850979805,35.5920824408531,4.17568016052246,0,2.39814358949661,18.2958425581455,0,16.9997110366821,78.3773632645607,86.484666287899,63.6395575106144,49.0495778918266,36.7715085744858,55.0742202699184,10.2746902406216,100.411260962486,21.3413896560669,20.7943294644356,0,2.07765316963196,3.66154050827026,19.8977952003479,16.5158876776695,1.51626455783844,40.6003715097904,127.934971064329,2.71793854236603,13.6567790210247,55.3957909941673,248.629500985146,64.2780497670174,27.5854442715645,1.05037182569504,1.6927552819252,2.41769790649414,91.7414176464081,844.615204513073
3.74765700101852,600.741246640682,89.3656368553638,0.553249061107635,171.296970427036,11.0745888352394,357.158060193062,38.953710258007,51.6165388226509,15.1075092256069,31.8645808398724,1.61860752105713,223.665001988411,21.5251276195049,37.176315844059,0,124.840664178133,26.8037271499634,80.740918815136,0.567298591136932,17742.4646853209,15494.8093773425,6552.83824571967,3749.63882273436,68.3693020641804,224.00431355834,9217.3187097013,1838.36561596394,11.4495932757854,324.227488994598,9.12974637746811,2.87528502941132,1.90974014997482,989.189618915319,1842.60675385594,8195.70915555954,2471.20961126685,3354.57090455294,4092.83998060226,66.8992877006531,41.387915790081,42.3812325298786,939.742915421724,165.5199200809,273.811233133078,351.983045399189,44.8488805294037,11.8838143348694,5.73218142986298,0.70006275177002,23.8289750814438,55.3281038403511,0,20.254902780056,0.922993242740631,29.7972817122936,0.556986033916473,17.8582223653793,0.93049567937851,15.1246345639229,0,10.4787301123142,3.4952709376812,4.02476209402084,13902.1975859404,31.7590340673923,3.62015929818153,11.1376838982105,1.47541880607605,1540.75891232491,1706.37893095613,4907.20530021191,1656.71716451645,5.17238521575928,46.6433488726616,1325.59016004205,1317.52627947927,13.3627815842628,349.170837938786,5.27639338374138,0,1.01400136947632,101.908229351044,1091.92597213387
1271.62088704109,328.288341611624,5326.63524231315,2.82726565003395,10.4781317710876,15.7269468307495,505.061233222485,1175.64542964101,72.496629178524,64.4551658630371,377.488552600145,14.9557778835297,77.3347297608852,3474.3382357955,16.8179216980934,124.840664178133,0,513.167649030685,7227.25645872951,4.27312010526657,1789.16287660599,211.82425403595,14127.2713849545,94.018377572298,29.6626366376877,12267.3914754093,31921.3572906852,65.0572082400322,3070.59921956062,6862.20674303174,13.8280512988567,1.84054154157639,174.217329323292,8931.80505368114,142.372614473104,1904.42671796679,441.654680103064,3546.40843760967,1750.68988183141,4.24142768979073,54.7533108890057,13.5262181162834,2309.89237478375,271.727960765362,895.14207020402,1522.80590978265,32.8668386936188,8.86619693040848,0.908891499042511,15.4988667368889,505.457273900509,1049.14431613684,0,7.92307615280151,0,81.6607407927513,12.2936235666275,9.16310140490532,0,34.1584517657757,0,5.14790230989456,17.9275584816933,0.664589405059814,79.49989387393,2359.02267500758,33.6692384779453,568.249571084976,0,115.469163417816,89.2293810844421,897.076306253672,60.1541713178158,10.8536220788956,1133.83986368775,4470.69750246406,71.8072584867477,20.6371600031853,171.820031374693,7.98549112677574,0,1.50166699290276,479.389941573143,202.591747879982
40.0479432344437,40.9099232256413,37.4488166868687,35.3580947816372,2.20696878433228,65.9789405763149,274.320164501667,184.690077573061,82.3702003657818,454.484929084778,21469.3103459179,132.030300378799,630.873597711325,627.202567189932,6.95314848423004,26.8037271499634,513.167649030685,0,3425.13711482286,74.9759804308414,42.0988041162491,41.6914190351963,154.763803273439,74.209939211607,128.332333475351,10539.7899747193,1390.52509403229,38.0793404579163,1165.1633374095,130.697252810001,1558.16173216701,54.5944769382477,4.53283831477165,5959.10933849216,101.144132226706,1413.13043102622,2074.76279547811,4059.31459906697,2878.06784677505,14.5455959737301,40.3682942390442,227.784794479609,270.993320584297,229.415051609278,183.914394438267,292.004049003124,16.0937338769436,8.52242565155029,5.51415908336639,0,44.6371393203735,8.23543220758438,0,0,1.3867883682251,2.80005380511284,13.2807575762272,19.4985774457455,0.563308835029602,388.335140496492,9.22862952947617,627.630085617304,37.5299504995346,1.64171773195267,3.32152205705643,35.8167044520378,312.68988275528,22.818675249815,0,5.52081716060638,16.0893992185593,30.492809176445,3.52748322486877,106.869131922722,1707.52951854467,1723.98539474607,1.73054286837578,44.4064298272133,5.29722893238068,583.090319007635,29.1289846301079,0,120.78164717555,126.657100141048
366.544582724571,106.613890588284,252.045673519373,7.13625282049179,3.48598146438599,27.890846401453,206.914852559566,358.660154521465,57.2243395745754,220.421825438738,4019.9142588973,81.2089061439037,105.56966355443,1271.47831493616,2.34917986392975,80.740918815136,7227.25645872951,3425.13711482286,0,26.0280863344669,343.947067081928,95.2153169214725,2012.43091806769,76.5899147689342,73.5578806400299,14974.5335775912,7661.08477219939,46.8415194451809,1410.75427052379,1030.42176684737,119.699282765388,7.17806601524353,72.6194196641445,8715.10635274649,138.707716792822,1711.63393571973,1093.46902677417,3899.57816258073,2199.01116117835,9.09326174855232,44.0202482044697,14.5282259583473,569.866254657507,99.3195940256119,192.398102223873,341.872311890125,7.25466477870941,3.60996890068054,1.43461465835571,2.5451854467392,170.574262917042,76.1141798496246,0,0,0,3.56156760454178,0,8.59984028339386,0,20.5598136782646,1.14738667011261,31.0110119581223,2.79494032263756,0.447658836841583,33.380324691534,341.100150913,35.1366114914417,233.322644144297,0,17.0052280128002,28.1669878065586,148.122195243835,7.01692724227905,28.2897242307663,528.757599323988,1389.51255866885,2.80274367332458,0.62625926733017,22.3379927575588,29.2692602574825,0,2.06212592124939,109.149321883917,126.162694096565
0.796947121620178,1.65833365917206,1.22925579547882,10759.3640783131,12.2478120028973,1200.99535080791,74.7188700735569,1410.04943887889,1953.59162217379,2565.78473973274,136.62846198678,6354.73236334324,154.673201650381,766.328095510602,258.110030174255,0.567298591136932,4.27312010526657,74.9759804308414,26.0280863344669,0,6.12528094649315,3.33111107349396,2.80573853850365,361.310054212809,5.72613960504532,69.1967536211014,18.1513007283211,770.338098704815,388.440692454576,41.1617408692837,9.01532551646233,114.719468355179,0.240370094776154,445.478696554899,56.0068352818489,684.251568496227,40.5901744961739,120.842620939016,59.3044022321701,165.548800140619,168.452493786812,63.0057779848576,4.34282305836678,0.46366548538208,5.58483269810677,5.52634876966476,8.67797037959099,0.831767946481705,4.56687054038048,0,0.648870348930359,0,518.173850417137,0,52.5281479358673,124.037426054478,64.8143755793571,317.205352455378,555.094436168671,11.315382361412,442.904496401548,11.4289698302746,18.2077649831772,3.80967777967453,0,0,0,0,321.093924760818,0,0,0,322.688956558704,2.9346119761467,0,0,711.261582762003,19.9307106435299,0.773803651332855,0,0,0,17.0016523897648,6.4493342936039
237.006606340408,54.3457718789577,3457.55137223005,1.6535242497921,359.869786530733,36.0690787136555,9619.80224844813,1917.91253250837,100.016523689032,57.7820670008659,62.5411551296711,10.2959229052067,355.921248406172,1809.33167916536,151.553371995687,17742.4646853209,1789.16287660599,42.0988041162491,343.947067081928,6.12528094649315,0,2190.36029419303,51695.4957262278,796.607272148132,6.32344001531601,808.828910917044,6924.06167334318,6099.72944524884,364.142293423414,39233.5378753543,5.77562275528908,17.9468339383602,35.2492519319057,18311.7424859703,3888.71165204048,8496.3664548099,1438.28608381748,13893.6682835817,7118.53445291519,122.113741576672,135.347284853458,49.8785824179649,630.74217876792,73.1181935071945,141.381651580334,210.867970228195,34.5179927945137,14.6300623416901,11.1365932226181,2.05557769536972,26.0921149551868,112.45621073246,0,27.172843515873,2.18749409914017,58.438584536314,1.52174961566925,42.5039601027966,0.887547671794891,13.4705649614334,0.657025098800659,0.681218862533569,10.9237824678421,8.54941856861115,1720.73001515865,56.3006313443184,3.22548353672028,17.059003174305,0.634341359138489,1193.86718046665,935.49513861537,664.241337388754,2305.35580560565,1.86525934934616,44.5166411995888,431.308543354273,2464.14842098951,58.6591112315655,537.629301041365,0,0,7.67132234573364,132.825419932604,1316.72783690691
19.4852654337883,4380.0174869597,209.353468716145,1.52457436919212,32.9955458641052,56.3741355538368,386.370075047016,190.215130925179,11605.951988548,18.6668415367603,301.119856894016,5.82420855760574,662.511327177286,232.976641833782,142.151711702347,15494.8093773425,211.82425403595,41.6914190351963,95.2153169214725,3.33111107349396,2190.36029419303,0,3060.23076066375,17893.4119155705,1209.26069548726,472.294543713331,12263.5141984224,1460.69247698784,101.089496403933,658.452317923307,41.2904677391052,42.8592536151409,7.27185997366905,682.395104974508,369.279335379601,2262.05704414845,560.9541220963,997.25673481822,906.374380141497,33.5240853726864,28.1499218940735,72.9698084592819,772.735380798578,106.097143828869,263.18718072772,286.347243756056,43.9819832444191,7.3839590549469,6.45391866564751,0,52.1401959955692,81.911857098341,3.17848241329193,7.92758005857468,0.965639024972916,58.6943926513195,14.578852891922,107.43122497201,3.46417039632797,21.6845535933971,0,75.2852679491043,16.9443109333515,4.27267283201218,5471.73160538077,74.2707258760929,5.42533946037292,22.1281769275665,0.484054237604141,910.959593206644,3295.73518496752,2260.26655375957,1653.40131011605,39.3905223608017,131.878401190042,1983.6320823431,1077.95346805453,64.4334378540516,365.882185280323,37.0140062868595,1.83734369277954,2.8406355381012,161.642448306084,410.218199908733
779.871626228094,127.329124450684,43098.1202820241,3.20590382814407,714.007224410772,36.1107758581638,4092.92916065454,1655.87063136697,51.4750990271568,70.0705006420612,240.237430840731,11.3578844666481,644.856492042542,2887.38381801546,172.022505074739,6552.83824571967,14127.2713849545,154.763803273439,2012.43091806769,2.80573853850365,51695.4957262278,3060.23076066375,0,1530.76416623592,16.8940865695477,8865.10052937269,51276.1135815978,3192.24962493777,1618.39369049668,20648.1169360578,10.674058586359,27.4958380758762,131.48300370574,24977.4273588657,5812.83764815331,20275.1550352871,4585.9080503583,28247.0736730397,20297.3541437685,241.392647027969,161.693056374788,113.184755504131,1922.27150383592,239.972824573517,891.13161367178,1261.91092261672,74.0803718864918,32.5793880522251,6.29964923858643,1.16870108246803,104.782654285431,322.594775140285,0,31.028501957655,0.807086050510406,68.1841295361519,2.23411586880684,15.1435222029686,0.788379311561584,30.2671257555485,2.7943457365036,1.71434673666954,6.75104382634163,3.47256004810333,8298.8955796361,357.74031278491,21.7602954208851,90.0530699789524,0,1031.62557646632,1244.38781651855,7023.98809111118,1102.96447703242,4.0673525929451,167.950448304415,5947.16052702069,958.77102920413,10.4034152626991,198.995102584362,2.34341385960579,1.28681734204292,0.738734722137451,294.415008813143,3378.48838916421
54.3547799885273,3422.32924306393,67.3856847584248,3295.7666246891,149.605067104101,348.153862476349,9442.75250849128,1819.2745873034,27285.1427476704,1257.67079165578,257.506301939487,1283.5134473443,682.491223216057,1887.79216644168,2222.4018817544,3749.63882273436,94.018377572298,74.209939211607,76.5899147689342,361.310054212809,796.607272148132,17893.4119155705,1530.76416623592,0,767.151491463184,348.127626731992,7488.83595484495,18807.3298510909,1630.46573093534,689.991849184036,35.4312779307365,178.443668007851,251.92408195138,1707.43838529289,1354.42288646102,5109.72095963359,647.364811807871,1566.1678378284,932.784958302975,406.568733155727,486.724017471075,142.044912666082,4131.46088659763,164.482620120049,584.711419671774,595.45540702343,1186.04135653377,430.48927885294,265.755687743425,79.8148995041847,38.2292909920216,156.278802543879,685.273703426123,20.4736975729465,604.535158455372,3376.64786246419,3350.85786348581,3347.0038639605,1293.45657402277,524.507383793592,399.512656897306,71.5108367800713,2991.52626845241,367.424470752478,1179.10940918326,51.3461634516716,29.662505209446,13.8445213139057,372.104965060949,1085.52941149473,882.901924669743,602.290697187185,9299.35449913144,28.8063741028309,73.8931657671928,373.099381834269,12118.8377908766,2651.80051904917,2119.27100867033,18.1670206487179,67.6330490410328,69.5951193273067,2227.12672913074,762.425631254911
0.627693355083466,3011.26999032497,8.49986320734024,2.85622915625572,0,8.10155847668648,29.2394906282425,18.7236893177032,770.541594296694,35.7758726477623,852.502238422632,14.2897473573685,8540.59634804726,44.0042637586594,18.1437456011772,68.3693020641804,29.6626366376877,128.332333475351,73.5578806400299,5.72613960504532,6.32344001531601,1209.26069548726,16.8940865695477,767.151491463184,0,635.754698067904,8788.41822227836,53.6544990539551,59.1672937273979,12.6542752385139,464.708880633116,15.1692899465561,0.724607348442078,849.829364985228,6.35579437017441,139.196687400341,911.391321659088,651.65984377265,89.7411046624184,11.1435276269913,5.43382525444031,2420.77754703164,128.134288758039,50.8639162480831,52.1190305352211,72.795351266861,11.383010417223,1.90698152780533,23.1465059220791,0.659425139427185,76.8486864566803,6.5402740240097,2.99328246712685,0,6.15695223212242,28.4777362048626,12.8310437500477,16.2215604484081,13.9306325316429,341.686623781919,22.379377245903,1663.32961523533,26.6687042713165,3.60283619165421,2.20727288722992,27.1012725830078,36.9310864806175,14.1449845433235,3.44862273335457,4.45204699039459,11.8248493671417,8.46338027715683,24.7407151758671,3847.33463931084,428.238637447357,2065.46199724078,13.7138431966305,65.2408182919025,1.50716483592987,504.018298208714,18.7513771057129,0,213.831830322742,6.04027417302132
1045.50505667925,689.58667370677,15901.8802722394,19.9815921187401,11.4389463067055,47.4043107330799,1069.37710539997,1883.05499008298,347.086245894432,350.035109549761,6312.20692190528,401.953293502331,516.206650346518,3913.68385903537,27.0178066492081,224.00431355834,12267.3914754093,10539.7899747193,14974.5335775912,69.1967536211014,808.828910917044,472.294543713331,8865.10052937269,348.127626731992,635.754698067904,0,48296.1513151526,127.358360469341,2584.16047902405,2848.72835740447,822.507008194923,32.5774029493332,69.0951975286007,7888.0553457737,421.757907122374,6494.45832332969,6150.97791400552,7640.01299697161,5593.7603610456,37.4970096647739,57.7987731397152,120.057978898287,3922.33879300952,1101.81121516228,1376.85446363688,2359.35552942753,58.5173769593239,31.16195961833,7.41552597284317,22.8222264200449,904.515649646521,892.962450861931,0,6.29777836799622,6.48388779163361,80.1463841795921,33.4367471933365,68.1893774867058,1.52179449796677,674.300272196531,9.40102660655975,813.467207849026,97.7096191048622,3.76645252108574,75.4413647055626,2517.44093436003,580.652487844229,957.526082128286,0,137.254306197166,155.098199307919,761.033605217934,47.7558104991913,761.138258308172,7784.92602613568,15082.9708333611,58.1622731983662,95.9688017070293,203.543799728155,593.590564519167,46.3070665299892,4.78347355127335,768.867880791426,526.686326950788
1168.23699113727,13299.0025792718,43096.4727475643,4.01935967803001,174.248714834452,89.4141737818718,2282.58018532395,2142.96840189397,4864.39763665199,209.962139129639,1354.16644373536,55.0493614077568,5319.42438173294,4228.12704175711,164.843040585518,9217.3187097013,31921.3572906852,1390.52509403229,7661.08477219939,18.1513007283211,6924.06167334318,12263.5141984224,51276.1135815978,7488.83595484495,8788.41822227836,48296.1513151526,0,3097.74222576618,2418.05911363661,3962.47036954761,1584.5231307745,49.1647975742817,72.2582350671291,19661.5549601018,3752.28303340077,29780.6123941243,8056.45957586169,24138.0394164324,23675.4991315603,285.603093504906,165.831447273493,295.531649202108,12604.0297293961,1790.64212444425,5089.76636326313,8369.80598410964,279.590199887753,125.708238244057,15.0718595385551,103.385911434889,6320.72361078858,4873.4843736887,2.19255769252777,38.7217520475388,5.4782487154007,634.191342741251,122.088015735149,195.281054496765,3.45915538072586,572.077560067177,6.70293837785721,1441.02431499958,222.952106028795,10.5554966032505,4759.81690463424,7748.61154845357,559.960714876652,2624.5701071322,0.349793404340744,969.803642988205,2316.98243653774,14230.667285502,471.869750440121,2684.65257355571,10370.7851823568,52244.9988360107,569.707580119371,185.704714894295,808.135818898678,1007.32436695695,19.8488808274269,5.50911718606949,2413.56249067187,4214.59140914679
68.5327269136906,246.810905307531,147.633341282606,8450.57650783658,206.65154722333,1062.15350094438,68887.4162328541,2263.83377596736,9275.90260761976,10627.3754683435,99.289029031992,2707.20743569732,435.312907099724,1668.58637288213,870.580043911934,1838.36561596394,65.0572082400322,38.0793404579163,46.8415194451809,770.338098704815,6099.72944524884,1460.69247698784,3192.24962493777,18807.3298510909,53.6544990539551,127.358360469341,3097.74222576618,0,1110.67142465711,21414.0414935052,6.47105011343956,136.355898112059,170.891775161028,3198.81189852953,1875.90811920166,5781.08792231977,690.068984717131,3679.74178946018,1893.21209615469,241.579630851746,485.508145064116,155.238970696926,2754.48830002546,84.3829873800278,292.860099732876,415.022871762514,814.833367675543,327.305054336786,151.087760388851,50.0073722600937,7.93350756168365,55.0007518827915,1726.06163984537,21.943295031786,721.903618752956,2682.58040866256,2737.64421120286,2157.50041145086,2580.40886631608,253.386285603046,876.15717792511,22.3485741317272,2156.67676100135,281.206800758839,450.825907051563,21.995287925005,1.83841967582703,2.81717899441719,903.956003546715,530.469246774912,338.02521520853,322.97572350502,6611.10898476839,1.46449652314186,21.1505078077316,193.757217854261,10607.2592352927,1785.87847936153,1068.26007139683,0.694982528686523,43.1035336256027,34.065072119236,1501.74720954895,648.948844254017
13755.3598678112,101.426726549864,1055.2814668268,247.616349875927,49.7844724357128,428.939764201641,10322.3314163387,3625.45565909147,765.533292770386,3728.47338169813,3601.08910253644,959.978632092476,1974.82640001178,20704.9700323939,182.918444633484,11.4495932757854,3070.59921956062,1165.1633374095,1410.75427052379,388.440692454576,364.142293423414,101.089496403933,1618.39369049668,1630.46573093534,59.1672937273979,2584.16047902405,2418.05911363661,1110.67142465711,0,17935.535425365,187.553000092506,843.485027879477,5038.54426160455,12816.4529664516,454.282860964537,3161.89194770157,250.142192780972,1993.81878082454,615.173499703407,209.82358944416,589.54020819068,189.171236455441,464.46034219861,30.4714457094669,64.8606717884541,104.867408901453,192.794351130724,34.4928188621998,18.9134437739849,9.15738332271576,24.7733490765095,12.6243680715561,19.7498169243336,1.16582778096199,46.1504392027855,331.626232743263,326.096582651138,224.193023234606,71.4181160032749,182.068497717381,34.4322068691254,588.497019290924,208.120962619781,43.1402938961983,14.5464147031307,18.9195320010185,9.27914923429489,11.983292222023,16.6583776175976,39.5747246742249,20.6855309903622,34.7965341806412,681.307072937489,46.5370683073997,112.98078328371,187.401055127382,999.737406522036,151.659787833691,144.744873791933,169.095240205526,7.01446968317032,5.51695308089256,343.927057027817,145.803223013878
