0,0.433497697114944,320.844881534576,1.64210677146912,11.3925136327744,8.60173711180687,2882.60517507792,1127.33953943849,8.39355111122131,49.7420987188816,31.8333912193775,6.7126173377037,3.0988897383213,9427.73199743032,5.54556494951248,1.52683126926422,604.19531160593,37.9916762411594,220.382898807526,10.824200540781,182.475639611483,0.479509055614471,219.079018086195,48.4800239801407,1.2162811756134,423.849245995283,313.061433255672,166.445848852396,13480.8610672653,10141.3600445092,0,5.40071305632591,54.9469089508057,390.406609117985,60.373842716217,167.850859552622,40.6031678617001,426.611703425646,96.3446246385574,12.4008350968361,15.5851222574711,4.28066346049309,0.723499774932861,3.50003653764725,0,2.06954151391983,1.55076432228088,0.753178238868713,0,0,0.620168566703796,0,0.794267892837524,0,0,3.00252717733383,0,1.09356069564819,0.456387341022491,0,0,0,0,0,2.63521659374237,0,0,0,1.85283470153809,3.87694627046585,1.75328689813614,0,9.49648329615593,0,2.1363887488842,26.8197979927063,14.7311089336872,0,0,0,0,0,3.99942922592163,11.9453084170818
0.433497697114944,0,24.1488879621029,1.12834250926971,0.434552580118179,0.386969596147537,2.15937659144402,2.47944989800453,3392.6027392447,1.40609875321388,419.497990399599,4.58404216170311,2745.85469195247,8.57399478554726,72.9384184777737,504.49385291338,43.6101435422897,2.69395464658737,61.8404097855091,0.49453741312027,54.2990229129791,1965.92689859867,123.404261082411,1146.78621292114,5675.92346462607,437.18760317564,32260.3832070231,198.017588406801,11.840301066637,7.27407070994377,98.6972624659538,1.26309704780579,0,119.117862790823,11.3378664553165,261.165138870478,320.521482288837,124.847671508789,67.9703425168991,15.8719061017036,1.72968691587448,207.634602576494,53.9293417930603,224.259490787983,42.449530094862,38.4728961586952,1.60385537147522,3.80755317211151,47.1381115317345,0.414229363203049,1969.22364729643,59.1569765806198,2.47578066587448,0.795847415924072,0,3.64668869972229,1.00632041692734,25.0692530572414,4.39621397852898,131.854494392872,0,301.76854288578,1.49648201465607,2.66579747200012,33.9237375259399,19.2948381900787,10.2690380215645,8.7960866689682,0,4.13668495416641,29.4204629063606,22.0977593660355,17.3786786496639,349.685421228409,723.489934176207,12779.7686648071,15.2352397441864,1.53263872861862,2.22358551621437,140.923833310604,0,0,12.1569612324238,11.3414597511292
320.844881534576,24.1488879621029,0,4.14421012997627,57.4020322263241,23.7593282461166,1396.98430302739,996.531249284744,20.5073040127754,146.703306674957,150.036236047745,24.2324372529984,22.9033718705177,1454.67047694325,29.5821669995785,30.9549212753773,19965.5050895214,124.658589214087,1468.01378202438,44.4813197553158,10894.2130564749,16.4584886431694,28233.4536979496,55.462463259697,3.0672402381897,40428.5320436656,28770.2115607858,1283.21474698186,1349.57701078057,4412.43258693814,1.6397876739502,21.6424551904202,177.348223567009,1779.62221550941,1425.24508798122,14568.1021704376,5975.21657437086,6964.3803153038,5312.12340375781,111.955796986818,93.3104503750801,41.5407139360905,223.418577462435,314.535956442356,102.681459128857,248.956482201815,12.1060360074043,2.46462142467499,1.71628284454346,0,45.1321604847908,475.624676704407,0,19.0870575904846,1.25810825824738,14.5079102516174,1.13002696633339,7.48979383707047,0,0,0.847488880157471,0.91513466835022,3.91032615303993,66.4177868962288,38.9397155642509,55.735830694437,1.02155476808548,8.86855441331863,0,25.2271891236305,156.221396386623,312.016041457653,30.0180166363716,8.61183163523674,424.765403181314,9298.98052045703,66.5081613361835,0.490495055913925,6.90777802467346,0.449138581752777,0,0.454523772001266,11.2242318689823,1570.34901577234
1.64210677146912,1.12834250926971,4.14421012997627,0,36.4269013404846,73.7317842543125,212.751612633467,274.156980752945,2311.12486723065,8505.5832182169,15.7442305982113,1183.15769839287,32.7173835933208,118.118058264256,521.79936259985,0.724901020526886,4.76178130507469,18.8227434456348,34.8308275938034,25197.5759624541,2.96007597446442,3.30754858255386,6.94089704751968,8988.37392491102,0,42.8350310623646,4.85902479290962,7490.1558175981,67.1118968427181,27.6245638132095,0,65.3644767403603,2.95098215341568,77.4429634809494,114.74724894762,513.617492854595,24.6129760444164,177.531058251858,17.7915441393852,512.427914142609,107.383121728897,112.514853388071,246.074153274298,0.539450347423553,57.2062573134899,10.2648494541645,1042.09333115816,39.2430910468102,66.3201575279236,1.23613029718399,9.15852251648903,0,2342.81887942553,82.776260882616,142.261722713709,414.880287528038,306.423172280192,1107.48752510548,1977.92747731507,1.24504497647285,607.648699760437,8.17150422930717,103.833360463381,224.994510680437,0,0,0.432684600353241,0,1646.17826738954,0,2.35844075679779,0,1621.85651347041,1.61990624666214,3.1905562877655,3.87350261211395,2134.36789575219,33.2812218666077,2.51997429132462,0,3.15853044390678,0,56.5455039441586,29.6423860788345
11.3925136327744,0.434552580118179,57.4020322263241,36.4269013404846,0,2037.31452989578,389.524004966021,504.490284919739,89.0229479670525,589.471757650375,4.41301181912422,959.978451192379,12.7693698406219,95.2775436043739,2803.88593375683,77.573668718338,47.1402353644371,2.40402188897133,16.0751776993275,215.985140681267,1133.68040704727,4.690374314785,1353.8335531354,119.354305565357,0,35.005647867918,161.953863173723,649.217579007149,132.156045675278,596.8497004807,0,777.008907437325,36.3080514669418,1935.86583614349,4083.60933700204,888.609845399857,76.1300998926163,98.4645587801933,73.5145183205605,13511.1043220758,8867.48413532972,45.5679190456867,42.7364756464958,43.1674479842186,22.0681996643543,296.740829050541,33.6805015802383,1.29704475402832,7.57132434844971,1.1865918636322,0,26.964320063591,7.80696189403534,2.609539270401,11.390527844429,59.0006483197212,6.16564217209816,18.6590310931206,32.8611783087254,0,20.4596387445927,0.621691644191742,4.6337376832962,4.67026770114899,28.6926242411137,4.26725745201111,0,0,5.92745214700699,27.5625423789024,5.25303053855896,78.7466835379601,77.2591554820538,0,51.0105829834938,114.847731113434,109.526174813509,0.675330281257629,10.2893481254578,0,0,0,7.54736739397049,1660.00297954679
8.60173711180687,0.386969596147537,23.7593282461166,73.7317842543125,2037.31452989578,0,5958.62546405196,12756.0419766009,99.070340514183,17804.3112897426,98.8294792175293,15514.2432466149,37.1079392135143,1445.68056072295,2954.68843227625,0,36.7642102837563,119.377341657877,138.795349687338,1764.86300125718,23.8041030466557,1.31952333450317,25.2246498465538,85.439463019371,1.02677148580551,216.35360661149,55.0687411427498,320.428741574287,325.02994671464,240.593739449978,1.89793664216995,576.402201116085,2.89555215835571,305.855510771275,3721.77235883474,821.028484284878,35.8698965907097,290.820505559444,30.5208022594452,3363.37438312173,488.411647468805,42.7849612832069,45.1505646407604,8.62922865152359,6.46789565682411,16.6646633148193,54.5256665945053,0.699247896671295,13.7933261990547,0,0,3.45007085800171,59.5655122101307,8.86634749174118,9.05824607610703,127.223336398602,29.3131889104843,38.1053128242493,136.370712906122,0.496553778648376,20.5754259228706,5.35666555166245,5.73038348555565,17.5390071868896,14.6250948607922,0,0,0,39.2346478998661,0,9.31514465808868,3.64550983905792,174.824997872114,0,2.70440596342087,4.66591620445251,300.711829602718,0.758605539798737,0,0,0,0,8.72999194264412,307.903277933598
2882.60517507792,2.15937659144402,1396.98430302739,212.751612633467,389.524004966021,5958.62546405196,0,23584.7531909794,2589.8678047955,30097.026643157,345.836333602667,665.113802969456,383.649955034256,10502.0065711737,442.201918929815,9.2037028670311,808.236191987991,410.874124735594,849.853546321392,600.608661711216,1566.65935173631,7.90488287806511,1067.7922681272,3057.95366114378,2.13429510593414,1555.06906637549,810.697267472744,42751.3072584867,2773.68493500352,30590.3508522213,6.71520838141441,698.575833976269,119.266503453255,1713.74422109127,2635.85049018264,6567.92593726516,343.137622147799,3683.19242411852,685.904659837484,2090.45320358872,1168.54503840208,190.771511793137,755.246760547161,15.605056732893,215.441281974316,110.788398206234,366.997815996408,105.982897132635,70.3971644043922,0,5.63089787960052,14.8586578667164,760.96357229352,29.7698794603348,139.274029940367,1800.63339823484,796.081404030323,793.166743993759,1854.72198110819,9.69331839680672,173.100800156593,38.1844852268696,336.435962617397,101.925238192081,53.0900859236717,0,0.485374987125397,0,469.561148792505,10.2470804452896,61.6376955807209,5.60995969176292,2337.43161657453,0.475614756345749,1.90985962748528,230.077829539776,4696.22452709079,136.774241030216,2.8623805642128,0,17.1878702938557,1.59919482469559,182.776725620031,481.533366203308
1127.33953943849,2.47944989800453,996.531249284744,274.156980752945,504.490284919739,12756.0419766009,23584.7531909794,0,544.437400102615,16267.2040468305,266.997703164816,4102.29712533951,142.774652421474,38374.1943404824,335.832500040531,12.3487578332424,1293.58143699169,297.262350320816,527.977348476648,3442.63651078939,676.784817218781,11.0963768064976,884.060258179903,600.911944121122,2.48201540112495,1268.42776635289,694.776136636734,1954.31633606553,3404.37264746428,12812.6419671774,6.35178098082542,1917.75426080823,64.4645785093307,1104.48382800817,484.578412950039,3106.51678878069,203.285127967596,1473.16075697541,348.581018030643,1896.42904520035,393.900371670723,219.171691536903,457.306192517281,11.9149657785892,65.1148200035095,28.2548992931843,215.759361460805,46.0033200085163,69.5778929889202,0,1.18021008372307,4.26655071973801,243.072177514434,13.1516713798046,49.4998061358929,1174.16440290213,226.702883899212,251.319247633219,584.6958373487,0,70.7856727838516,14.0341622829437,57.7729062736034,38.799911826849,89.2139010727406,0,0,0,145.189262121916,19.9884380102158,83.3345195949078,3.92095389962196,1227.1068944186,0,0,52.373074889183,2442.39391979575,23.3432725667953,0,0,0,0.423789650201797,71.8843874633312,66.5485514700413
8.39355111122131,3392.6027392447,20.5073040127754,2311.12486723065,89.0229479670525,99.070340514183,2589.8678047955,544.437400102615,0,1781.45491704345,104.474820137024,1940.88064298034,631.732913404703,227.340017795563,1576.54201322794,608.352062940598,19.113498955965,35.0020726025105,56.0945426821709,1161.60186886787,162.530831605196,11696.505534023,168.889248490334,38003.6753235757,910.348757714033,149.7192735672,6843.51762920618,7659.90209950507,164.184760719538,790.650878727436,33.5254639387131,91.5190241038799,7.74671059846878,143.677983164787,290.684851258993,976.446429222822,68.5050795376301,216.971057981253,39.5841816961765,895.159650206566,119.143172770739,59.931198567152,533.004214942455,64.8552154004574,121.110806316137,42.3991207480431,886.370325058699,67.2582910358906,36.770771086216,3.01201701164246,33.499909222126,4.14709508419037,1623.4053671658,87.8467394709587,107.432819545269,997.380284428596,451.555162906647,5434.60607528687,1759.76001906395,60.9429814815521,518.385200977325,91.9401083886623,237.260416895151,223.961279034615,1180.59632918239,1.0763546526432,34.6430102288723,10.7403038740158,705.528890013695,170.675358265638,1522.50736448169,129.797841876745,5459.85184079409,44.2029993534088,106.641328752041,259.392894536257,4997.01223486662,105.063914597034,22.245306044817,32.8428052961826,22.996221780777,3.28726935386658,130.392957732081,104.183722108603
49.7420987188816,1.40609875321388,146.703306674957,8505.5832182169,589.471757650375,17804.3112897426,30097.026643157,16267.2040468305,1781.45491704345,0,572.857666879892,9658.43775297701,647.32036536932,5652.23167055845,861.428462773561,13.4041563272476,247.963229477406,776.001401662827,1180.75878310204,17263.8445996046,75.7283323705196,4.50867664813995,145.433067083359,2070.45776769519,3.18101072311401,1685.15435448289,389.023367196321,9681.61378744245,2781.0803257823,825.330144137144,12.326624840498,1548.60398006439,37.2974101006985,2447.83895048499,3722.11913606524,7063.84340459108,233.10914516449,4023.31191888452,256.403104990721,3372.03399330378,2146.48731216788,404.945937424898,435.03949841857,7.34683579206467,61.3943568766117,73.4748561680317,1704.9884019196,59.0151285529137,129.215873688459,0,1.54478800296783,0,2189.56510218978,146.953223288059,231.066995292902,903.417017161846,384.588644981384,1330.50736907125,3036.18287834525,0,588.792308866978,7.91804686188698,106.526178717613,316.562109589577,8.93694001436234,0,0,0,1387.73650220037,0,12.0084341168404,0,2305.07960188389,1.71694350242615,0,20.840539753437,3503.6445915103,11.2315612137318,0,0,0.488264679908752,0.481583893299103,74.9416924715042,275.060092419386
31.8333912193775,419.497990399599,150.036236047745,15.7442305982113,4.41301181912422,98.8294792175293,345.836333602667,266.997703164816,104.474820137024,572.857666879892,0,255.082151353359,9266.33606234193,792.319511950016,3.5731688439846,6.80997553467751,510.405155777931,20013.3392081857,2966.52478674054,313.138152867556,103.648368030787,178.462466090918,219.569989383221,60.8524211645126,843.517322391272,9207.45902428031,897.871962934732,139.647311389446,986.174729287624,292.021028071642,743.403005540371,195.600297152996,23.4208796620369,7414.7562880069,77.2076984643936,1550.74560543895,1755.84814149141,4784.3501996398,804.205039143562,86.0244877636433,45.4373107552528,2302.49115440249,10.8126690685749,2070.57081574202,53.1085080504417,9.14200049638748,23.7556782066822,2.75597327947617,1216.87822380662,0,139.809950679541,1.15571355819702,0.626246273517609,0,0.664249300956726,5.76275163888931,4.48692154884338,53.342193543911,2.58617824316025,1419.78653678298,7.94126909971237,2708.66006964445,0,2.32792109251022,13.9677653312683,0,10.16127628088,0.919085443019867,4.40828177332878,1.78850984573364,39.935489743948,1.24821543693542,27.7445309460163,514.375480204821,623.516581952572,1471.3121522963,14.2339324653149,1.56845152378082,0,936.228096097708,2.80172550678253,0,12.2762744426727,102.292634636164
6.7126173377037,4.58404216170311,24.2324372529984,1183.15769839287,959.978451192379,15514.2432466149,665.113802969456,4102.29712533951,1940.88064298034,9658.43775297701,255.082151353359,0,133.905610769987,1640.37683656812,5785.0216267705,0,70.0848357975483,353.568906217813,459.333027392626,21192.6823515296,11.2175836265087,24.6388099789619,28.592495828867,2033.21417367458,2.81396043300629,702.888259083033,124.886567771435,1219.42308673263,735.604725718498,96.9417006075382,5.15254136919975,691.534315437078,0.510242164134979,807.352413147688,8308.72097164392,1511.99228942394,77.2088595628738,919.682920366526,34.7606715559959,4819.76022362709,506.490178436041,306.334209501743,178.569062650204,5.85049903392792,41.5867332220078,23.6255858540535,1289.78355738521,26.1474001705647,142.44720235467,0,1.84664714336395,1.13769257068634,1077.15551313758,98.8122195601463,111.13062210381,237.237874746323,140.477294147015,520.480096131563,759.486200660467,7.74426087737083,2056.94429218769,9.46094527840614,63.688925921917,228.60309663415,3.07652294635773,0,7.12126678228378,0,1215.50893545151,0,3.67133644223213,2.73782658576965,839.739836573601,0.493906140327454,9.19093894958496,4.67196333408356,880.005739063025,26.5949209332466,1.60857665538788,0,7.91462105512619,0,33.2574188411236,467.135708987713
3.0988897383213,2745.85469195247,22.9033718705177,32.7173835933208,12.7693698406219,37.1079392135143,383.649955034256,142.774652421474,631.732913404703,647.32036536932,9266.33606234193,133.905610769987,0,123.759623229504,11.7654108405113,44.361177355051,28.144838899374,83.5632530748844,10.8312160372734,237.965345621109,119.257174611092,1231.23447576165,162.26387694478,171.171432763338,10181.5242878497,1146.80225270987,3281.53869593143,231.910177141428,124.315055280924,257.293729990721,1109.58962419629,220.224631994963,5.83786278963089,1132.4714974761,59.4088366925716,1083.68952998519,1449.99496361613,1510.06612607837,402.968856543303,212.573211997747,2323.48133936524,3764.87282374501,52.6931534409523,3926.71891802549,166.152097970247,28.8131486773491,63.6691645085812,2.75523447990417,2663.56018859148,0,250.157065331936,0,14.10821595788,1.13852697610855,1.18529808521271,56.531228274107,11.1327865719795,68.9527415931225,18.7262219488621,3391.55229276419,6.1350804567337,6156.43860888481,9.22052055597305,1.5952068567276,3.90193063020706,3.44699954986572,32.4929039478302,1.71806335449219,7.45582881569862,2.33585011959076,87.6398000717163,1.39037251472473,76.8009001910686,1974.9770848155,1714.45565494895,5061.49633497,127.76848217845,5.66606438159943,1.24383807182312,2702.72208103538,5.86825424432755,0.477311700582504,32.6108323335648,41.4429949522018
9427.73199743032,8.57399478554726,1454.67047694325,118.118058264256,95.2775436043739,1445.68056072295,10502.0065711737,38374.1943404824,227.340017795563,5652.23167055845,792.319511950016,1640.37683656812,123.759623229504,0,37.469503313303,8.30430552363396,2474.35750967264,1026.76770922542,1817.07500100136,1579.77963811159,944.370062589645,13.7452990710735,1057.67376768589,501.424448341131,3.07497599720955,3026.33610826731,1526.10881787539,1663.15503937006,30913.5234998763,22648.0982248783,7.80811968445778,718.638524979353,286.684573799372,2522.42845593393,275.976752609015,2290.53208911419,249.125900804996,2276.74886122346,467.574533641338,500.569327235222,210.781712114811,143.000552266836,173.289556115866,11.4443883001804,25.1205992400646,13.7174922823906,60.4361878037453,6.92334973812103,27.7237159609795,0.406616985797882,1.12549531459808,5.40225440263748,21.6679694950581,1.65036696195602,1.95435899496078,421.554186850786,29.2178958654404,80.5889890789986,100.109805226326,0,22.6793812513351,0,10.8528148233891,14.4819139540195,82.0823032259941,0,0,0,18.9905907809734,16.8444045186043,54.4507324397564,1.35213971138,585.740128651261,0,5.80990940332413,89.1576897203922,932.173482254148,2.39020681381226,0.478829592466354,0,0,0,9.9339556992054,48.0684340894222
5.54556494951248,72.9384184777737,29.5821669995785,521.79936259985,2803.88593375683,2954.68843227625,442.201918929815,335.832500040531,1576.54201322794,861.428462773561,3.5731688439846,5785.0216267705,11.7654108405113,37.469503313303,0,11.7995536029339,19.0211958885193,5.00956612825394,6.07258266210556,958.652926564217,236.557279229164,196.415248125792,152.841208815575,1653.54906973243,8.30044484138489,27.2132214307785,208.300572782755,881.679825514555,57.7180912196636,283.765879184008,0,110.864869982004,12.2262943983078,59.0842906236649,5601.09999683499,347.394935965538,63.6513495147228,44.2347228229046,44.5793550312519,13108.078746289,265.391537696123,59.4730660021305,45.7002379596233,24.484034538269,17.3568757474422,109.359003007412,679.643309175968,3.09446707367897,33.9667322039604,1.60990619659424,0,15.4475854635239,252.007064014673,42.6279616057873,34.5413199663162,56.3663984239101,45.5677380859852,258.79408660531,244.950005322695,2.18902322649956,249.431953817606,4.33462488651276,14.7514370679855,141.217291623354,12.0965134203434,2.49398937821388,4.22336578369141,0.960054755210876,142.921163111925,17.0325837135315,5.78276979923248,48.8480271100998,308.208494663239,0.765243232250214,19.5968778133392,58.8704535365105,198.141657978296,10.9067669808865,3.59319090843201,0,1.19206395745277,0,7.92881369590759,684.740183025599
1.52683126926422,504.49385291338,30.9549212753773,0.724901020526886,77.573668718338,0,9.2037028670311,12.3487578332424,608.352062940598,13.4041563272476,6.80997553467751,0,44.361177355051,8.30430552363396,11.7995536029339,0,15.0185887515545,3.32660603523254,7.43022125959396,10.4073078632355,17234.9877211452,11776.3585359156,11433.8294205666,5213.71822234988,62.6372618377209,22.9815478622913,16077.8021758795,6403.2110413909,14.8653584122658,20.3885929882526,2.72091087698936,0.849894762039185,5.29174149036407,13.2567415833473,408.773163497448,5276.53532165289,3403.50053796172,267.329951673746,414.776972085238,48.8992041349411,13.3447022438049,17.4984016418457,883.965460777283,156.899321615696,206.791426032782,293.417708724737,41.088827341795,8.0175045132637,4.29765185713768,4.24283957481384,40.9756041765213,199.9431886971,0,2.52800011634827,1.90715849399567,205.954689711332,68.7745505571365,13.9988245069981,13.9950761497021,3.32341614365578,8.12655502557755,10.8554870188236,66.1293148696423,27.3440935015678,14058.4135124981,12.4598877429962,0,1.15532237291336,1.87324213981628,1179.76339659095,3754.5073453486,7632.15275448561,1259.22890666127,7.79465988278389,26.1491844952106,5955.7053630352,2555.38259068131,45.2387956976891,61.1995838880539,3.19670885801315,4.83277234435081,0,25.1652952730656,264.757111042738
604.19531160593,43.6101435422897,19965.5050895214,4.76178130507469,47.1402353644371,36.7642102837563,808.236191987991,1293.58143699169,19.113498955965,247.963229477406,510.405155777931,70.0848357975483,28.144838899374,2474.35750967264,19.0211958885193,15.0185887515545,0,834.657017946243,13671.743899703,69.5663933157921,10187.5398424864,8.48377856612206,16568.6217800081,39.8745656907558,10.1475488841534,22319.1155883372,13864.5108437091,1174.07024401426,2902.79139685631,9154.80097728968,3.53469455242157,27.1295017898083,372.720131993294,4733.24921192229,369.70952513814,2555.3526764214,1078.64065930247,4426.5600130856,1548.69063806534,94.7154314517975,67.3011200129986,16.2051102519035,17.4941962361336,30.7242904603481,17.1623750925064,30.0364903509617,1.60558408498764,1.34905135631561,0.711096227169037,0,23.9733959436417,8.94407546520233,0,0.907153904438019,0,6.49068886041641,0,8.16893863677979,1.16108441352844,0,0.71844071149826,3.61670768260956,0,9.15166926383972,10.5606981813908,3.31616997718811,0,2.73234236240387,0.537624597549438,2.25667104125023,4.35477638244629,2.63564449548721,13.6535394787788,8.05141133069992,260.886183261871,1258.26426535845,28.9901718497276,0,0,0.710832536220551,0,0,2.12907955050468,228.023078352213
37.9916762411594,2.69395464658737,124.658589214087,18.8227434456348,2.40402188897133,119.377341657877,410.874124735594,297.262350320816,35.0020726025105,776.001401662827,20013.3392081857,353.568906217813,83.5632530748844,1026.76770922542,5.00956612825394,3.32660603523254,834.657017946243,0,4242.246542871,310.15089982748,116.42302057147,1.6299184858799,164.835047096014,51.566330820322,5.78382983803749,5989.60992947221,297.698719888926,147.562201827765,1093.79634508491,350.025084078312,12.6158731579781,185.717723488808,33.0165995955467,4649.5044541657,130.286964505911,1293.8443364203,1330.39436519146,5337.08230251074,1752.53907161951,54.5582790076733,14.0570606589317,25.9023762345314,6.90686923265457,16.3124128580093,3.788558781147,18.3314245343208,1.12050008773804,0,6.47649228572845,0,3.18560779094696,0,0,0,0,0,0,9.23030653595924,0,5.05031314492226,4.28731030225754,19.29469871521,0,1.51884782314301,3.56280142068863,0,1.47100436687469,0.81606513261795,0,0,4.94217568635941,0,6.80474111437798,3.09095492959023,53.3199773728848,88.2417896091938,0,0,0,13.8363082110882,0,0,0.699377596378326,71.7045933306217
220.382898807526,61.8404097855091,1468.01378202438,34.8308275938034,16.0751776993275,138.795349687338,849.853546321392,527.977348476648,56.0945426821709,1180.75878310204,2966.52478674054,459.333027392626,10.8312160372734,1817.07500100136,6.07258266210556,7.43022125959396,13671.743899703,4242.246542871,0,487.348039239645,1237.4534188509,4.9388036429882,1610.20951923728,92.8751433491707,13.1377452611923,30044.0939135551,5234.67994177341,389.879302293062,2538.60035300255,1842.50018173456,5.75304865837097,87.3886558413506,202.082310259342,5949.71885737777,157.650494754314,1823.77370873094,662.564434587955,5663.29793512821,1712.53682154417,44.9692645072937,32.8044789731503,16.5539670586586,10.6374300420284,22.9616253077984,9.74267384409904,12.6039161682129,7.00462892651558,0,6.81697878241539,0,27.7905902266502,9.78583776950836,0,3.1999192237854,0,6.5844284594059,0,18.2700876295567,0,0,5.80679416656494,0.672823905944824,0,8.56215518712997,11.8524307608604,1.68799912929535,1.63323420286179,3.3763941526413,0,0,16.714092195034,0.999443769454956,22.4375159442425,15.4756528437138,221.941898822784,1185.61005491018,8.05307132005692,0,1.23921859264374,0.557679772377014,0,0,1.14405071735382,109.465165138245
10.824200540781,0.49453741312027,44.4813197553158,25197.5759624541,215.985140681267,1764.86300125718,600.608661711216,3442.63651078939,1161.60186886787,17263.8445996046,313.138152867556,21192.6823515296,237.965345621109,1579.77963811159,958.652926564217,10.4073078632355,69.5663933157921,310.15089982748,487.348039239645,0,20.4685529768467,2.07001495361328,42.4867135882378,7516.34952220321,3.33207488059998,738.056315213442,140.749212533236,5116.8509376049,884.9916241467,143.634022325277,4.43178158998489,697.204564958811,7.0160459280014,759.061362981796,441.414562851191,3135.63392674923,147.494507819414,1120.38820204139,90.4411314129829,2070.63512334228,674.403394550085,190.027543902397,199.493164390326,3.72933638095856,44.4503544569016,18.8651160299778,1086.4679774642,47.9680675566196,63.6935460567474,0,0.896153390407562,0,1642.63938823342,76.9176571369171,116.438598036766,418.099368810654,214.620337575674,818.569354236126,1629.57710584998,0.477307707071304,503.943697631359,4.58336666226387,67.6762094795704,201.100682556629,5.78078991174698,0,0,0,915.242355585098,0,4.49458742141724,0,1346.17423328757,0,1.37532666325569,1.45382592082024,1682.35386583209,18.7173353135586,0,0,1.78913432359695,0,38.4002679586411,107.954480141401
182.475639611483,54.2990229129791,10894.2130564749,2.96007597446442,1133.68040704727,23.8041030466557,1566.65935173631,676.784817218781,162.530831605196,75.7283323705196,103.648368030787,11.2175836265087,119.257174611092,944.370062589645,236.557279229164,17234.9877211452,10187.5398424864,116.42302057147,1237.4534188509,20.4685529768467,0,786.973281085491,74628.7976583242,626.694876372814,9.17124345898628,4433.85308454931,5639.64589929581,12948.0838251412,1009.98327857256,20659.7186434567,2.15970194339752,16.7094460129738,169.47677770257,6565.06487989426,5365.22335213423,23964.6151170135,3541.51088246703,14525.0129305124,6437.36762428284,505.410859644413,277.680619418621,111.081230074167,361.301003038883,82.1522220671177,53.9578533470631,160.664556056261,38.6703732013702,15.6072528362274,2.33452785015106,1.8299263715744,15.214913725853,55.8512485921383,0.395311504602432,29.0935349464417,4.63452416658401,147.364823997021,37.5870729386806,4.14052492380142,9.90150928497314,0,7.21789979934692,3.72908449172974,39.3929552435875,71.5614751875401,3929.01042324305,3.40008836984634,0,0,1.01163029670715,623.089387595654,662.872032433748,868.626382857561,642.287443488836,2.23497819900513,34.6243505179882,1326.2261518836,1632.84903824329,22.433069229126,46.5546808838844,0,1.74679130315781,0,9.30833053588867,1736.81432974339
0.479509055614471,1965.92689859867,16.4584886431694,3.30754858255386,4.690374314785,1.31952333450317,7.90488287806511,11.0963768064976,11696.505534023,4.50867664813995,178.462466090918,24.6388099789619,1231.23447576165,13.7452990710735,196.415248125792,11776.3585359156,8.48377856612206,1.6299184858799,4.9388036429882,2.07001495361328,786.973281085491,0,1527.46618428826,16327.0288583934,1178.9486990273,66.2211971282959,19667.6587047279,3498.4615264535,7.45397818088531,23.1007043719292,56.8658607602119,0,0,31.7866531312466,16.2065464258194,265.325029820204,139.295149892569,54.7441068291664,36.4584029614925,35.1068406999111,3.6145506799221,44.2574363648891,438.188123553991,146.110857665539,134.013011038303,169.522523641586,11.2428182959557,3.91695141792297,18.9901275932789,1.19525980949402,128.818157821894,157.073212057352,4.60283604264259,0,2.50577104091644,75.6125379800797,13.3996126353741,41.4489203989506,8.85564395785332,73.2116712927818,5.07899993658066,134.292859792709,15.1514586806297,15.7068536877632,2836.13200715184,16.5671359598637,2.01667851209641,0.37558776140213,4.83316326141357,266.475375384092,2711.03778091073,1582.53568145633,441.938721686602,71.649703502655,113.35291737318,5597.96185019612,697.19404861331,8.5719430744648,19.2547320723534,73.8212872743607,0,0,9.8938082754612,64.8704416751862
219.079018086195,123.404261082411,28233.4536979496,6.94089704751968,1353.8335531354,25.2246498465538,1067.7922681272,884.060258179903,168.889248490334,145.433067083359,219.569989383221,28.592495828867,162.26387694478,1057.67376768589,152.841208815575,11433.8294205666,16568.6217800081,164.835047096014,1610.20951923728,42.4867135882378,74628.7976583242,1527.46618428826,0,842.248826503754,16.1340714693069,10586.8219875693,30089.4589445889,9450.77358821034,766.833011031151,7085.93782284856,2.37995973229408,18.1663005053997,112.188074052334,5236.54171723127,6782.85538852215,54536.5839423537,24771.6587235928,23743.621409148,17105.429823488,687.544082850218,296.589501142502,178.875443786383,839.239406079054,290.608689546585,286.795609951019,803.831180483103,38.7325628399849,23.1665048599243,0,2.42929285764694,48.9412388205528,650.808992415667,0,60.4042271077633,9.84523910284042,94.4055793583393,22.5633772313595,15.4016170203686,3.38514393568039,0.577965259552002,9.14693403244019,0.96724271774292,36.8495751321316,158.942561179399,7714.90582597256,30.2053375840187,0,2.99143218994141,2.02924340963364,642.850085407495,1781.08935916424,5444.27178752422,410.39572429657,2.03496646881104,97.0046652257442,9910.07084950805,981.386221796274,15.7287934720516,35.6391923129559,0,0,0.61827951669693,23.5089164078236,5958.24131220579
48.4800239801407,1146.78621292114,55.462463259697,8988.37392491102,119.354305565357,85.439463019371,3057.95366114378,600.911944121122,38003.6753235757,2070.45776769519,60.8524211645126,2033.21417367458,171.171432763338,501.424448341131,1653.54906973243,5213.71822234988,39.8745656907558,51.566330820322,92.8751433491707,7516.34952220321,626.694876372814,16327.0288583934,842.248826503754,0,193.17954453826,152.862763404846,2965.87524026632,17909.9527329803,506.872577875853,1364.53864562511,6.43218147754669,137.469683974981,55.9224795997143,263.343449264765,713.111833781004,3326.27027472854,238.176636010408,540.234628289938,158.789097070694,1095.1614022553,195.749155879021,110.454287588596,2303.88290730119,79.5419167280197,602.171199738979,160.161581575871,1628.90830364823,247.467698007822,126.794356614351,7.94132435321808,28.896094918251,49.964230209589,2452.53333595395,146.588065177202,304.931963190436,4276.3839994669,1507.20507276058,3898.3087400496,3799.00595167279,55.4001213610172,862.099854752421,81.19424238801,803.200795948505,422.353603303432,2836.33639934659,1.62039440870285,8.81622684001923,3.738361120224,1273.76540650427,499.369682282209,2312.62970128655,435.116664499044,12732.9740088582,12.9303945302963,17.2720140516758,772.693827241659,15843.9762669504,364.375585973263,33.8089824914932,0,108.0612642169,9.08708128333092,442.831118583679,235.142813980579
1.2162811756134,5675.92346462607,3.0672402381897,0,0,1.02677148580551,2.13429510593414,2.48201540112495,910.348757714033,3.18101072311401,843.517322391272,2.81396043300629,10181.5242878497,3.07497599720955,8.30044484138489,62.6372618377209,10.1475488841534,5.78382983803749,13.1377452611923,3.33207488059998,9.17124345898628,1178.9486990273,16.1340714693069,193.17954453826,0,669.794367611408,13457.205989629,31.7443641722202,2.17686507105827,2.85005682706833,768.875599533319,0,0.52840131521225,347.921922266483,10.2238811850548,274.226702749729,351.405846625566,121.569288760424,40.4603045582771,15.1185038089752,0,644.068687796593,35.0779611766338,334.733888030052,30.9332816302776,30.1847502291203,13.2575690746307,1.06484246253967,442.505805701017,0,124.457688391209,0,0.533042788505554,0,0.780971765518188,0.492261618375778,2.5915983915329,13.8023020029068,3.42664298415184,408.244418770075,1.08851158618927,933.870196521282,6.59276875853539,0.955838561058044,4.33987146615982,0,7.88924610614777,3.40642368793488,0,0.693031907081604,24.3195754289627,0.372440934181213,4.78006088733673,1899.39866539836,1402.96850147843,3950.26400887966,5.32037106156349,2.29949110746384,0,368.816818743944,0.958171367645264,0,6.2926834821701,23.7944251298904
423.849245995283,437.18760317564,40428.5320436656,42.8350310623646,35.005647867918,216.35360661149,1555.06906637549,1268.42776635289,149.7192735672,1685.15435448289,9207.45902428031,702.888259083033,1146.80225270987,3026.33610826731,27.2132214307785,22.9815478622913,22319.1155883372,5989.60992947221,30044.0939135551,738.056315213442,4433.85308454931,66.2211971282959,10586.8219875693,152.862763404846,669.794367611408,0,33485.4318615794,895.667378142476,3505.14019191265,4350.47048187256,902.665063560009,235.264280170202,329.926878243685,7640.01873518527,1367.26676908135,17003.4863608181,13811.520855248,19167.8482351899,12866.6567563713,141.439273267984,120.312459290028,123.87839064002,216.499978929758,1540.37158831954,322.129017174244,382.147357642651,19.9144944548607,5.9989156126976,104.119405180216,0,293.035063505173,67.8223102092743,0,28.3805385828018,0,3.0510259270668,1.57279992103577,18.3021676838398,0,689.407623797655,2.93646484613419,1107.71131405234,7.74235019087791,50.2003875374794,18.2241784930229,48.2020725011826,143.978967368603,43.829846560955,0,4.84899878501892,27.1091757416725,16.9447454214096,11.2619887590408,1546.56122884154,11160.8928678632,27264.8135764599,3.92146554589272,8.23603469133377,2.54608857631683,2295.12598517537,2.63479608297348,0,74.4022766649723,1247.36049044132
313.061433255672,32260.3832070231,28770.2115607858,4.85902479290962,161.953863173723,55.0687411427498,810.697267472744,694.776136636734,6843.51762920618,389.023367196321,897.871962934732,124.886567771435,3281.53869593143,1526.10881787539,208.300572782755,16077.8021758795,13864.5108437091,297.698719888926,5234.67994177341,140.749212533236,5639.64589929581,19667.6587047279,30089.4589445889,2965.87524026632,13457.205989629,33485.4318615794,0,3860.7003762126,2069.1325737834,3035.16338706017,927.982831299305,26.971035271883,263.965499699116,3314.23701256514,4105.22339209914,51608.1441320479,25121.3898607194,17977.0204277039,15328.2432550192,212.31684461236,186.227009266615,135.762208282948,3578.65744400024,4851.22208550572,1858.99949657917,2414.78375574946,56.4593542814255,32.6083761155605,155.157816916704,7.51392775774002,6242.39414927363,4585.695343256,5.15158042311668,45.8352704644203,8.74136453866959,109.000169813633,18.1482513546944,145.776302337646,7.18386563658714,639.221343427896,6.08111372590065,1364.8518550396,60.89849999547,193.874708354473,2535.33503100276,891.738827764988,156.254256427288,324.140227288008,1.01212313771248,566.227532744408,4711.24690717459,8310.6678712368,238.280649572611,4610.33440729976,31102.2313922346,200029.575683028,510.512889534235,37.0934681892395,125.267578780651,2020.83507278562,6.03515410423279,6.29854953289032,353.518543601036,4654.90434956551
166.445848852396,198.017588406801,1283.21474698186,7490.1558175981,649.217579007149,320.428741574287,42751.3072584867,1954.31633606553,7659.90209950507,9681.61378744245,139.647311389446,1219.42308673263,231.910177141428,1663.15503937006,881.679825514555,6403.2110413909,1174.07024401426,147.562201827765,389.879302293062,5116.8509376049,12948.0838251412,3498.4615264535,9450.77358821034,17909.9527329803,31.7443641722202,895.667378142476,3860.7003762126,0,2041.5307328105,37922.9934977591,6.06357571482658,302.715974062681,310.352896273136,1533.27300308645,5044.1475649178,21017.6920981407,1748.9372856617,4619.44233003259,1808.56326195598,1794.90891426802,713.56415143609,251.236679553986,3475.06323587894,125.626886427402,731.5117174685,238.82212933898,1215.21167966723,335.50564789772,174.036802649498,10.6772536337376,34.5503581464291,61.5727657079697,2026.47630405426,108.691807419062,357.173075526953,5004.24572148919,2111.45057475567,1879.97041001916,3827.38496753573,30.8706126511097,499.464319109917,109.67260414362,1111.97620224953,335.075985968113,7965.22229507565,3.00442731380463,0,1.04205346107483,1148.4642495513,1719.26235413551,2894.79063004255,1373.70407086611,10787.5222418904,7.228948533535,13.0228914022446,1284.68007409573,20334.8390085399,459.356243491173,115.144947290421,0,64.3861402571201,7.7084336578846,506.739818006754,780.643736004829
13480.8610672653,11.840301066637,1349.57701078057,67.1118968427181,132.156045675278,325.02994671464,2773.68493500352,3404.37264746428,164.184760719538,2781.0803257823,986.174729287624,735.604725718498,124.315055280924,30913.5234998763,57.7180912196636,14.8653584122658,2902.79139685631,1093.79634508491,2538.60035300255,884.9916241467,1009.98327857256,7.45397818088531,766.833011031151,506.872577875853,2.17686507105827,3505.14019191265,2069.1325737834,2041.5307328105,0,10953.7751992941,12.8264923393726,360.247146308422,8131.88670870662,11984.6429480314,687.739220201969,1539.58305081725,207.739999204874,4076.70727586746,601.718037545681,370.22648909688,488.034539163113,84.1891343295574,78.0032695233822,3.48650115728378,6.28417348861694,16.5918212532997,39.0115964412689,3.28844922780991,12.807262301445,0,3.53985354304314,0.990747094154358,16.2075493335724,2.59748619794846,0.82403165102005,214.898969918489,14.2878129184246,55.6639114022255,48.9301545917988,0,4.70499196648598,1.82164907455444,5.51913106441498,13.2361072003841,64.019753485918,0,0,0,8.71329498291016,15.1295672953129,35.621372371912,4.42678117752075,268.911072462797,1.96519327163696,16.0748922526836,86.584634333849,492.055469512939,1.67453038692474,1.0106880068779,0,1.22003757953644,0.471015423536301,3.85772997140884,125.593312501907
10141.3600445092,7.27407070994377,4412.43258693814,27.6245638132095,596.8497004807,240.593739449978,30590.3508522213,12812.6419671774,790.650878727436,825.330144137144,292.021028071642,96.9417006075382,257.293729990721,22648.0982248783,283.765879184008,20.3885929882526,9154.80097728968,350.025084078312,1842.50018173456,143.634022325277,20659.7186434567,23.1007043719292,7085.93782284856,1364.53864562511,2.85005682706833,4350.47048187256,3035.16338706017,37922.9934977591,10953.7751992941,0,8.36403271555901,256.587302386761,998.892745584249,9100.14917641878,3964.76340937614,9052.74563339353,813.482063561678,9192.93463099003,2060.0838893652,1111.59887942672,806.707265764475,134.925370961428,467.879673540592,33.8007203638554,119.29008603096,101.167959988117,119.415403962135,40.7554821670055,30.8144721984863,0.489897787570953,3.77198100090027,24.0849464833736,25.5299372076988,19.324841439724,17.9152256548405,724.482393145561,214.010470658541,140.648909181356,138.157467961311,3.48313671350479,31.2566010951996,10.68011957407,110.384066849947,66.3306369185448,269.45687687397,0,0,0,15.7187494635582,54.4326972365379,155.025736480951,9.41135209798813,1094.82128581405,0,14.4094009995461,469.256479680538,2315.3402120173,48.8562665879726,4.7872542142868,0,13.8728910684586,1.33751165866852,60.8791608512402,646.524264395237
0,98.6972624659538,1.6397876739502,0,0,1.89793664216995,6.71520838141441,6.35178098082542,33.5254639387131,12.326624840498,743.403005540371,5.15254136919975,1109.58962419629,7.80811968445778,0,2.72091087698936,3.53469455242157,12.6158731579781,5.75304865837097,4.43178158998489,2.15970194339752,56.8658607602119,2.37995973229408,6.43218147754669,768.875599533319,902.665063560009,927.982831299305,6.06357571482658,12.8264923393726,8.36403271555901,0,2.60054385662079,1.01150858402252,109.140107989311,14.9762833714485,184.051138699055,802.009734302759,296.592180818319,193.013045430183,4.1493968963623,1.55591228604317,29.7646922767162,41.1715422272682,572.320590496063,69.7725143432617,24.7726798355579,0,0,53.8448459804058,0,39.0054371356964,2.37042766809464,0,0,0,0,0,0,0,328.975027740002,0,590.672496855259,0,0.885995447635651,0,0.438722640275955,34.0897702276707,2.69437158107758,0,0,4.60573667287827,0,0.324374318122864,830.826884478331,2840.55337756872,5061.65151414275,0,0.827638685703278,0,1150.52610898018,0.95585024356842,0,11.8682521283627,11.4268356561661
