0,0,0.0171077166770708,6.154186726439e-05,0,0.000285431510899663,0.390104655875706,0.134492442998491,0.000175743003851176,0.00432430684238797,0.000271688040629983,0.00177577887265623,0,1.18128977263151,0.000318300826403856,0,0.0174858765304294,0.000494548212329627,0.000791811344203114,0.000538035636956573,0.0154396651271077,0,0.0679624712896752,0.00043690289189589,0,0.00336464670478458,0.00256226063233972,0.00354714818560786,0.819617665133176,0.66452381650452,0,0.00046005971594274,0.00088068905323112,0.00316082925896936,7.01193733477592e-05,0.0022743452479043,0.000136370713695764,0.00229595434120989,0.000297554328605056,0.00012707579349494,4.99209512369037e-05,7.79859959007502e-05,0.000149040445073843,0,7.59432957150936e-05,0,0,0,0,0,0,0,0,0,0,0,0,0,0,0,0.0002946237383852,0,0,0,0,0,0,0,0,0,0,0.000217687799566388,0.000482457296388805,0,0,8.35452424652577e-05,0.00011939939192009,0,0,0,0,0,0,0
0,0,0.00662320839768773,0.00136211231853735,0.000638821794869662,0,0.00010904957341808,0.000294469585870146,0.20980343110574,0,0.0240573817060828,0.000591331120364427,0.315988061249211,0.000147914412429571,0.0054666166990093,0.0411630563574886,0.0104930373794059,0.00268050741243273,0.00558479916968262,0.00073399435211134,0.00367952487502933,0.523027336219374,0.00830406794658071,0.453565827104165,0.302883660173274,0.030331518825097,1.93097062962769,0.00640294474755192,0.000596292287792801,0.000569982735453367,0.0122682727907092,0.000157407801157475,0,0.00891098328895963,0.00133560385616636,0.0359483845754258,0.0162134038074156,0.0233127712316188,0.00975649280851298,0.00329139360316682,0.00014895269605875,0.0412144362817366,0.0140533318483543,0.017089540106323,0.00828911891767257,0.00791736426411927,0.000292628628703117,0,0.00104102502246582,0.000100191273552418,0.249413281670919,0.0150575569298584,0,0.000116940015750885,0,0.000361494932624936,0.000387646910789609,0.00317793068353004,5.88912889959812e-05,0.00615374577077514,0.000187311218347549,0.0240529074414441,0.000520788295165778,0.000566501852825164,0.0176205589126035,0.00726905268920762,0.00260342542454565,0.0164654637761369,0,0.00285952702950674,0.0250199817545561,0.00766880229858881,0.0087999471354807,0.0066749778177998,0.0592130047920739,0.68853347375641,0.00193787470940209,0.000248386059721828,0.000276917655045271,0.0134378277323298,0.00018518164602375,0,0.00124731416365159,0.000531156058985234
0.0171077166770708,0.00662320839768773,0,0.00208808593543869,0,0.0142368834690416,0.423321824057157,0.3595215113414,0.00756627398239976,0.0273197543384048,0.0483897722134001,0.00416098676891142,0.000251831174355268,0.374507749324111,0.0115261233051323,0.00972016648228246,1.88620690462706,0.0548461175990759,0.322969582491183,0.00261818667608029,0.272799414856472,0.00265628382465184,4.19665213317294,0.0389334238501751,0.00130255161677193,2.54144516191413,3.05923782252549,0.120162400913282,0.105821174906433,0.0762600312885472,0.00103626232049853,0.00924611120927685,0.00673860415647912,0.445510840660444,0.0653867874525748,0.91302290159665,0.348269230992806,0.643860300864411,0.337269670180765,0.0075445750306688,0.0136867620547659,0.00134703508776629,0.0435533030125183,0.0584772960811387,0.0243494091773824,0.0229511745322116,0.00175349327491552,0.000346140884677887,0,0.00103673191263342,0.0170967180616057,0.197125736216337,0.000202045157924593,0.000385839507962942,0,0.00937001914988481,0.00160390393246484,0.00212712853519082,0.000174710766380549,0.00067742049559474,7.65849550224542e-05,8.07427743922472e-05,0.00404660784092396,0.0012943652039404,0.0139474948577457,0.0302246579396127,0.00189354939512312,0.0248401488341107,0,0.00362503977313429,0.0120062787351405,0.042912575987854,0.0228457483952462,0.00054888780170697,0.12539677667843,0.721146538187981,0.0104599476243949,0.000701221821134031,0.00234722724047988,0.000643047995311558,0.000200540568916083,0.000493881804243445,0.00620263626895535,0.017987316026731
6.154186726439e-05,0.00136211231853735,0.00208808593543869,0,0.0115647774882535,0.0251501446270805,0.0266480146456754,0.0152687528077155,0.551166890874505,0.640281916997321,0.00132245883601922,0.522264812602103,0.000300609616246044,0.0149446759468503,0.0900079669498524,0.000122955612381935,0.000858481954373478,0.000550327005128622,0.000554828106494426,1.51095855518536,0.000386930962221741,0.00291236681590676,0.00240781515760249,0.588071928518927,0.00854545795699698,0.00083464731824109,0.00319247942730838,1.85887781879257,0.0236517588576707,0.00067411591122359,0.000109116237528324,0.00521746748959845,0.0019164634591589,0.019359304487719,0.0138816826395916,0.105168890005836,0.000840818151219368,0.0256327935210829,0.00494485693149275,0.0609330432797547,0.010780624876248,0.00142150706060893,0.0173317276485895,5.95746950045824e-05,0.00846003482735467,0.00187453986792267,0.0868968643464234,0.00150542332933426,0,0.000212956922713577,0.00070684046844691,4.0163965939343e-05,0.397544524391049,0.00537031308394391,0.0228698468195735,0.0249791201103627,0.0151393032899203,0.123343233056934,0.262305634642714,0.00180974345039534,0.204913035913197,0,0.00572331009473372,0.0241962577461395,0.00024812649494654,0,0,0,0.217633158009409,0.00029154614557004,0.00243617705270803,0.000177569115430117,0.155559246906377,0.000543960320457101,0,0.00072312104420203,0.228398011370699,0.00790424667856985,0.00035814367755121,0,0.000960648561886549,0.000550146944885492,0.0125755040451332,0.00119070166936111
0,0.000638821794869662,0,0.0115647774882535,0,0.205865174243245,0.00605416276162189,0.0366166817121017,0.0460656809604086,0.0147929439984957,0.00496720456061267,0.106069360127607,0.000715129920452117,0.00772753177312744,0.887150742283469,0.000490200533770085,0.000645311064486027,0.000150129869638443,0.000121056554451943,0.0227125105942636,0.00319770174463576,0.0022310246138581,0.00701367158582932,0.0507211199450856,0.0127483024839213,0.0011366578481263,0.00169800396495223,0.0106809428075935,0.0025594512381652,0.0019607007822085,0.000147501777438402,0.0222234257545745,0,0.0119949431720423,0.225185023851878,0.107783453098295,0.00146435000520545,0.0112852750728331,0.00150283285699499,1.28035506785697,0.440597943394996,0.00203682092806125,0.00433274867475832,0.00113180455495882,0.000984711892739773,0.00187207418805063,0.00503246228593391,0.000218981524196386,0,0,0.00011456546976161,0,0.00082322963071084,0.000460191161637187,0.000676906802068055,0.00177332158443529,0.000276167732094585,0.00358538343616706,0.00134925292112774,0.00207168703648335,0.0056255665679999,0,0.000152984582408071,0.00219458891409105,0.000385393606835723,0,0,0.000162625709572077,0.00165836199527657,0.000609695220139444,0.000545003246015311,0.000747757886306762,0.00985747911818897,0,0.000234522616742134,0.000258742951493502,0.00491166334321314,0,0.000259914072782636,0,0,0.000101820345361829,0.000472229756231308,0.0911412774796532
0.000285431510899663,0,0.0142368834690416,0.0251501446270805,0.205865174243245,0,0.499342827295333,3.13105655130181,0.0284862296743791,1.92012294101219,0.0224976557357771,1.73326601896886,0.00178292694667053,0.135064715155417,0.512617121051398,0.00018100230944264,0.00468309306838751,0.00311650915996205,0.00235029424331957,0.0962846072244972,0.00594867301121956,0,0.0171568329833297,0.0265427407419069,0.047595051256572,0.00562049947628873,0.00453358872474694,0.105709958471958,0.0384650748784514,0.0105934482462483,0.000931421811629772,0.158253953207081,0.000992676792963266,0.0204845947606064,0.310987777008473,0.331036930336724,0.00709998159985674,0.0366481396573624,0.0058520251453011,0.551550038618577,0.0301790154948344,0.00698059421133965,0.0176870461573792,0.000217805595414042,0.0045628451753779,0.00104838042269081,0.0297000556374917,0.000685903544247746,0.000164756980461717,7.30129936995506e-05,5.42010090931654e-05,0,0.00781332159370113,0.000886448246136308,0.0030468309599644,0.0143735290560673,0.00207906375769544,0.0123870060658135,0.0206431062187159,0.00948486314458626,0.0457821129111403,0,0.00184153589968455,0.00452473162982059,0.000940266752918958,0,0,0,0.0108150453533513,0.000514750690762877,0.00115366526902509,0.00050955505379641,0.0650160794804337,0,0,0.000415031229131758,0.0336324138928444,0.00131627571603262,0.000246512127689064,0,0.000444541216775477,0.00062633954959476,0.00564758124448902,0.0266033676555258
0.390104655875706,0.00010904957341808,0.423321824057157,0.0266480146456754,0.00605416276162189,0.499342827295333,0,1.94452130127199,0.0469169409347576,4.05278407339164,0.0453443788656017,0.0445940090755924,0.00144777119930715,5.11386118190988,0.0529821013644496,0.00376641221748239,0.0856193199449575,0.0147250542105001,0.0230402729474888,0.0188690175785034,0.377960806080437,0.000484413458630681,0.531886358631645,0.419319574214107,0.0113922255898585,0.0739420921337205,0.124068263885479,8.16063395758111,0.633992525018633,1.84628164089552,0.00103977737679976,0.0425292702679609,0.0365945278819858,0.295891801514783,0.104694615581044,0.48191090070205,0.0308543813175005,0.27036529424271,0.073273190798166,0.0676057342576563,0.0707138768280355,0.00416183928339928,0.0216995795656649,0.00197037506206644,0.0108208803409246,0.0024577673974033,0.0181211222187396,0.00148547864046037,0.000170443460032106,0.000110394132383168,0.000184677582813501,0.00571513290137416,0.0144597051562676,0.000379263372340441,0.00283226222704011,0.0179598368401141,0.00586464006573778,0.0233680320415525,0.0380394198527608,0.00290073894005174,0.015356096371463,0,0.00260961323551732,0.00232959398698288,0.00549379743166483,3.59585008779168e-05,0,0,0.0140817955960902,0.00128936264240116,0.00353588854288387,0.00765620223907023,0.0835206078398734,5.56933923424483e-05,9.24474291024804e-05,0.0271234238657482,0.0561842875528551,0.00538342203256196,0.000854041406573295,0,4.08313244865536e-05,0.000510035904295504,0.00786791757760632,0.00407581614303875
0.134492442998491,0.000294469585870146,0.3595215113414,0.0152687528077155,0.0366166817121017,3.13105655130181,1.94452130127199,0,0.0329362210928583,2.2678155255658,0.0467096034503859,0.606112656104886,0.00350855953524166,1.99351741101491,0.076671150018433,0.00111224379715299,0.221525410313738,0.00783232420093209,0.0207080435129639,0.144823383725595,0.185390251352618,0.000344941028805613,0.773846605994901,0.0709866783061681,0.0429295601408535,0.0610830215723209,0.044344663706355,0.177216946249422,0.295283043090497,0.805726372627391,0.00165065969210565,0.140213079305311,0.00353615628775602,0.0617015864763963,0.0343337461084941,0.355035839165152,0.0134091373333643,0.0831014751475788,0.022510513468347,0.0793986264341036,0.018128620077743,0.0053546474564752,0.0432612542999476,0.000468383945623637,0.0172858494588158,0.00333551928690344,0.0351299928404138,0.00350148742759168,0.000139011799617887,0.000152149495083093,8.95082816673518e-05,0.000973768140338122,0.00699247087496829,0.000262735623660326,0.00296767287698347,0.0517169957691237,0.00822100410036313,0.0316471386341048,0.0280096269941169,0.0103221502993531,0.0325226716539343,0,0.0017553087290669,0.00218003296213889,0.00185973801637202,0,0,0,0.0106902522882441,0.000637651173339069,0.00312970975141942,0.000726864146764398,0.164932421620606,0.0001756704039585,0.000330225414730429,0.00221030993504178,0.0895572577652787,0.00617016162779487,0.000576462003766894,0,0.000236370552132725,0.00150976650086892,0.01454588317272,0.00299414090490264
0.000175743003851176,0.20980343110574,0.00756627398239976,0.551166890874505,0.0460656809604086,0.0284862296743791,0.0469169409347576,0.0329362210928583,0,0.129805157513952,0.0102570779813848,0.385636394845542,0.0634720789277277,0.0290437228061496,0.21173340384157,0.00531516411567944,0.00437594792266697,0.00250516415102875,0.00310640092719186,0.432744328446949,0.00494452098031068,0.785615356510242,0.0122057268165547,3.40112265427981,0.0783758376437443,0.00815679539581472,0.445016825432934,0.391440109991337,0.0343805195651061,0.0491634294790558,0.00491678931751811,0.0124812602814759,0.00566469779057806,0.023987946134258,0.0226245841097004,0.124782743541885,0.00877860488870829,0.0279586126785011,0.00633845774801391,0.151713235426431,0.0107569844882892,0.00510601426155556,0.0473722938511717,0.00288577656483114,0.0174631047933339,0.00408076288185548,0.0643005636452094,0.00243091701127577,0.000409665882749379,0.00137840497127956,0.00578850323469496,0.00104489691249776,0.120143343611618,0.00481384215154916,0.0147820194852648,0.0386757080711148,0.0162895206143908,0.634290359871213,0.148356282513592,0.00702776886981643,0.104892319676844,0.00246919245100653,0.0161238316792952,0.0213696045207658,0.0491991623987393,0.000736851563673675,0.00294711577540791,0.00126830467545682,0.0704323285912381,0.0241206602588072,0.186839427314932,0.0104647677372744,0.394415042738013,0.00268760880348044,0.00367519629153847,0.0323451403515233,0.237452531742209,0.0188799575351929,0.00415021703059435,0.000536082715480208,0.00586788230293137,0.00193381930374128,0.0172897743477811,0.0106061726843238
0.00432430684238797,0,0.0273197543384048,0.640281916997321,0.0147929439984957,1.92012294101219,4.05278407339164,2.2678155255658,0.129805157513952,0,0.0908396329125236,1.1030232899811,0.00347988172221977,1.04968779876806,0.0771750388221489,0.000220879812559545,0.0134762708057923,0.0207171706154728,0.0164211073020662,1.08277636472173,0.00942351243343103,0.000472253511625052,0.0261513873335685,0.054159913963621,0.0405988159764502,0.0217321997224091,0.014238091698169,0.640997287994548,0.472799743124261,0.026434801503196,0.00191332261776119,0.106402652496122,0.00759625300109977,0.3386418610225,0.20748125367655,0.581061175875571,0.0101993969297484,0.26769499877061,0.0321790215750258,0.124734073707031,0.126730315848101,0.00637650422781456,0.0625554609820127,0.000380917159202636,0.0416742637019377,0.00586297013636809,0.171582032810861,0.0047436777447446,0.000526845635432065,0.000496795654085159,0.000497467449139177,0,0.177586378233762,0.00530594757172156,0.0342116046365024,0.0744426188317771,0.0399299256110555,0.0859163070230898,0.44075038131821,0.011435859278174,0.208116722873437,0,0.0040470287479921,0.026909466156626,0.000736053427820742,0,0,0,0.17669069425202,0.000610854617031872,0.00191862326840746,0.00059837375452447,0.260097323235948,0,0,0.000898008955056548,0.298338521863068,0.0147550013826235,0.000646011201674759,0,0,0.00159890983309477,0.0362116825286236,0.0116037245942661
0.000271688040629983,0.0240573817060828,0.0483897722134001,0.00132245883601922,0.00496720456061267,0.0224976557357771,0.0453443788656017,0.0467096034503859,0.0102570779813848,0.0908396329125236,0,0.0849793875210443,0.625070814685452,0.140886225684963,0.00771640867179543,0.00269708384217847,0.179682156578379,1.19915717334073,0.573241294564696,0.022033545587231,0.0151797117481625,0.00588488005058968,0.0864811455875086,0.0227383977801173,0.096901597355682,0.626346641803128,0.259782068830304,0.0257045196120099,0.418609515981305,0.01063005977824,0.0739163034033656,0.387166729105414,0.00129767276233477,1.54301059701865,0.0350039143411496,0.46071840482594,0.381230463357292,1.05807405721594,0.18181961320024,0.0133147810627152,0.0224577543975505,0.284985922121532,0.00204069895623183,0.118394903125508,0.00227638454482627,0.000243490259484291,0.00328884902583128,0,0.0761027771064202,0,0.0110878484074096,0.00236307725125641,0.000109766009480476,0.000159769304368615,0,0.000294028124315739,0,0.00900590757658225,0.000319572481941938,0.135618722097307,0.00221835607515532,0.48710827654617,5.68292423293591e-05,0.000175909334531427,0.00115506233636308,0.000289762197668791,0.00215173713633895,0.00160421720135433,0,9.16036680541039e-05,0.00570390707666683,0.000823645767077804,0.0104249635514949,0.0229125206372947,0.0506182235245376,0.0874823522102035,0.000936478935764133,0.000314705318175435,0,0.088767466708777,0.00169626929998839,0,0.00604241380622965,0.00974329010764533
0.00177577887265623,0.000591331120364427,0.00416098676891142,0.522264812602103,0.106069360127607,1.73326601896886,0.0445940090755924,0.606112656104886,0.385636394845542,1.1030232899811,0.0849793875210443,0,0.00429209276551986,0.504340502827143,0.346568938700943,0.000284307992378115,0.00543723689080065,0.0186302292037444,0.0127351317584023,1.42118314925092,0.00111097641562354,0.0012178540292219,0.00518068480103737,0.128441435108297,0.0291897451725987,0.0149787458939255,0.00595203780269796,0.0575873950645586,0.237753976773843,0.0093151809179911,0.000831340009725988,0.109698997044662,0.000279438792785406,0.15890835957962,0.671543773338906,0.341047633360342,0.00800387030920112,0.128935490224511,0.0119111726396529,0.314336764226994,0.0657053584613234,0.00366294316255986,0.0202312626059286,0.000732886212662459,0.00618263399134105,0.00258871413353515,0.158784955395622,0.000828302667402446,0.00020171632600224,0,4.70463707657456e-05,0,0.0494642653295551,0.00717979394955068,0.0274817594812393,0.0149432836900715,0.0101094651594381,0.0474217350893967,0.119543001455366,0.00968603989692777,0.354778074845127,6.53502174434662e-05,0.00449447710006202,0.0375972450325377,6.26505585938692e-05,0,0.000177977458016634,9.65287026333213e-05,0.115409590255952,0.000431884089737058,0.00130226412990439,0.00028528949362576,0.0603874821407088,5.50116971637011e-05,0.000200981496985913,0.000325279332038403,0.073893165321797,0.00415751912835157,0.000279351497538805,4.07394946210384e-05,0.00197950337564671,0.00027513515429759,0.00708562541948307,0.187513345582383
0,0.315988061249211,0.000251831174355268,0.000300609616246044,0.000715129920452117,0.00178292694667053,0.00144777119930715,0.00350855953524166,0.0634720789277277,0.00347988172221977,0.625070814685452,0.00429209276551986,0,0.00718438994371933,0.000802454539365053,0.00184839942712849,0.000210307901974857,0.00287362121376449,0.000645959533386766,0.00133315133864659,0.000870559407493711,0.093228427894696,0.0012391329752897,0.0672950333176484,1.18100475929893,0.0211471893733164,0.337006528535482,0.0023575049925738,0.0202021512416408,0.00033630853088665,0.105503527929766,0.0269332823430834,0,0.121056299798905,0.00337865381148196,0.0617012479344415,0.258992563834979,0.29058180687693,0.0188681802192699,0.00267505658281171,0.00551600159329129,0.597083984664705,0.00412033372638607,0.279660010496059,0.00807227670342654,0.00366281920404554,0.00267185310909814,9.00625537480116e-05,0.189200664127175,0,0.0576378660322635,0.000521218204019665,0,0,0,6.03074207426309e-05,0.00030771699519825,0.0171545785234926,0.000247402121001541,0.470451065149121,0.000614542194274068,1.70147496446895,0.000593039822412133,0,0.00188477520799262,0.000154671221495867,0.00702313419494986,0.00317973848800313,5.44025681515932e-05,3.21213977196812e-05,0.0234086744879703,0.00024964131827414,0.00619962279240167,0.18746640380832,0.199677395412481,0.401006135370229,0.000387805275993228,0.00157246254055607,0,0.467894043022607,0.00510151178048825,0,0.0174518975118145,0.00100387597716772
1.18128977263151,0.000147914412429571,0.374507749324111,0.0149446759468503,0.00772753177312744,0.135064715155417,5.11386118190988,1.99351741101491,0.0290437228061496,1.04968779876806,0.140886225684963,0.504340502827143,0.00718438994371933,0,0.0318861329431089,0.00164343002867693,0.374760560019076,0.0314309779954633,0.0381159526090766,0.11989438000885,0.331337985299151,0.000281559933600068,1.30485595376552,0.0779322374355106,0.0370063683674498,0.0842571915482987,0.0710439821596799,0.22820401871791,2.17834004409091,2.3786922669696,0.00447439185639781,0.0936547465108159,0.00935302577128124,0.109148129279329,0.0118424928376472,0.418826363073562,0.0214152877403223,0.0953369363924186,0.0217007352864194,0.0422526771156412,0.016098935180435,0.00515822737527246,0.0257396084625074,0.00061879073974818,0.00528155568182028,0.00145526753450686,0.0206476658623491,0.000607440030593514,0.00050189672937715,0.000119228284406662,0.000339248809677004,0.00128297325397503,0.0019023725493927,0.000113005318640888,8.89394705989361e-05,0.0243097671003966,0.000904209775080323,0.027819129186536,0.00572439922189599,0.00831344856770641,0.0180094375350399,6.19634488532543e-05,0.000174867972634911,0.00105508810518586,0.00150212304349977,0,0,0,0.00219493246589536,0.000508612576639057,0.00259217737131422,0.0004425928973701,0.132487451216712,8.74380549038649e-05,0.000347750232887923,0.00480970963590479,0.041766740530946,0.000465302409928203,0.000176165634013176,6.32309407588244e-05,0,0.000502286234439253,0.00457098224701798,0.00123609603461259
0.000318300826403856,0.0054666166990093,0.0115261233051323,0.0900079669498524,0.887150742283469,0.512617121051398,0.0529821013644496,0.076671150018433,0.21173340384157,0.0771750388221489,0.00771640867179543,0.346568938700943,0.000802454539365053,0.0318861329431089,0,0.00612489274792737,0.00687135220022302,0.00356907557604837,0.00323184901324886,0.116799078927355,0.0418857000495013,0.0144339707462934,0.0626465486693016,0.29656330916165,0.00780451991985083,0.00740495872250581,0.0312307855221686,0.150520137095998,0.018115542506603,0.0577701913109413,0.000611790747562349,0.0756249534547208,0.00161970615344757,0.0116485366059125,0.584190368511805,0.117128113215124,0.0219296910161167,0.0286691477238758,0.0255732800664287,0.471570546841923,0.040633834023733,0.00383180956246293,0.0122964859018715,0.00505407292757118,0.00461462949013412,0.0156818539540297,0.0153148832682427,0.00161857578854061,8.91061385395527e-05,0,0.000364521353844643,0.00151652333446324,0.00543799120733411,0.0017387715380317,0.00186279069791019,0.00785817250373167,0.00148514819888627,0.0130642140352559,0.0112240928508244,0.00177378276958907,0.0176696396746859,0.000105384886956692,4.5961520678103e-05,0.00331573136584544,0.00208232800879288,0.000355570144880295,0.00164843958683575,0.00120152174225473,0.00692492057632262,0.00224246182109851,0.0033489596980747,0.00480296487623155,0.0279267167515998,0,0.00150003016203773,0.00803557574531603,0.0190847427526928,0.000685630565707922,0.00102161182526791,0.000124314452790498,0,0,0.00314176927148622,0.265168311466349
0,0.0411630563574886,0.00972016648228246,0.000122955612381935,0.000490200533770085,0.00018100230944264,0.00376641221748239,0.00111224379715299,0.00531516411567944,0.000220879812559545,0.00269708384217847,0.000284307992378115,0.00184839942712849,0.00164343002867693,0.00612489274792737,0,0.0202932840635646,0.00191159635364646,0.00412905227475429,0,0.696630840046389,0.477998152686731,1.59606340920075,1.08854322520453,0.00272076762634837,0.0085234348244707,1.18823049969975,0.231201406186137,0.00240907838163143,0.00877752181690257,0.00020030317441082,0.00101705707804197,0.000513877864003003,0.0311902431317031,0.0438493063880126,0.574382015940325,0.112557255904677,0.181027971565453,0.114095936950815,0.0066922545012424,0.00952805166761529,0.000874940474829435,0.0729045024453376,0.0316726575500354,0.0139401647581802,0.016516637131477,0.00282394135156685,4.34456717936993e-05,0.000245413955816984,0,0.0123334440853969,0.0133380281253718,0,0.000816991804026962,0,0.00760571572059644,0.000802129754567087,0.012382675093906,0.000561223682115257,0.000126692024925053,0.000338534663919091,6.9499139271617e-05,0.000730712821019173,0.00135456009622907,1.10940045164894,0.00425453615333408,0,0.00154148687761802,8.93074584497214e-05,0.159652146761674,0.560444158650114,0.62478503554803,0.163035196538202,0.00146770117749709,0.00609939947298252,0.543368777659867,0.102163089976372,0.00304879580206168,0.00306605311142928,0,0,0.00189180822716624,0.00379698288284355,0.0102826264259934
0.0174858765304294,0.0104930373794059,1.88620690462706,0.000858481954373478,0.000645311064486027,0.00468309306838751,0.0856193199449575,0.221525410313738,0.00437594792266697,0.0134762708057923,0.179682156578379,0.00543723689080065,0.000210307901974857,0.374760560019076,0.00687135220022302,0.0202932840635646,0,0.184874921337462,0.948543029955299,0.00159330701555705,0.170884468284054,0.00732967284535515,2.34663698166659,0.0504752871977428,0.00110759477339089,1.34904186063538,1.56698674382308,0.0905942968393229,0.374885569445905,0.131229389963311,0.000835711078824878,0.0101739866729755,0.0591421303019657,0.826219184473126,0.0323806681095944,0.431523546672758,0.174908159105315,0.437292144313188,0.192022004747556,0.00725288256315619,0.0130384092789015,0.000586791454808831,0.00559024096379184,0.0112197510681893,0.00378098511216891,0.00454919731842184,0.000186880641104937,0.000145842162103891,0,0,0.0092316103534044,0.0314668409688757,0,0.000269998531763077,0,0.000642190691726505,0,0.00144619580708391,6.90944329650402e-05,0,0.000346160562287211,0.000244384631049514,6.83588926359415e-05,0.000899168909961581,0.00536385844176906,0.00486254938244676,0.000200991381780624,0.0034128214291591,0,0.00214979122374618,0.00786683230441021,0.0079488322045508,0.0056611504094038,7.67377891560793e-05,0.0283276597261242,0.185321415647409,0.00204598655490196,0,0,0.000251786619194984,0,0,0.000469676609416485,0.00884457444802094
0.000494548212329627,0.00268050741243273,0.0548461175990759,0.000550327005128622,0.000150129869638443,0.00311650915996205,0.0147250542105001,0.00783232420093209,0.00250516415102875,0.0207171706154728,1.19915717334073,0.0186302292037444,0.00287362121376449,0.0314309779954633,0.00356907557604837,0.00191159635364646,0.184874921337462,0,0.540699085298214,0.00622342242857313,0.00631978591655141,0.000878889919415415,0.0425446434171086,0.00493449588835257,0.00285461891619987,0.436857672817115,0.306238082900598,0.00698966093811119,0.0617725799826214,0.00357303293092293,0.0146145743281359,0.0293501092325558,0.00126978331381321,0.215928753207575,0.0322873396675031,0.47157205229861,0.430356442455046,0.580299102151362,0.174611037674917,0.00394872845038492,0.00512208734246981,0.00163426907749128,0.00179991014001108,0.00919243791760957,0.00139077650317449,0.00171934807892066,0.000138851018403649,0,0.000153601689160824,0,0.00156817238635087,0.000887784882548809,0,7.40736775490046e-05,0,0,0,0.00137672498235297,0,0.00574949804018336,5.93187634432316e-05,0.0102944103246255,0,0.000446780824892521,0,0.000609367534902335,0.00405876061041581,0.00567494408854389,0,0,9.21379620571136e-05,8.77611993900538e-05,0,0.00233652544479644,0.0640480520082087,0.0869345365408024,0,0,0,0.0240753219584925,0,0,0.000309578905431986,0.00647167579167115
0.000791811344203114,0.00558479916968262,0.322969582491183,0.000554828106494426,0.000121056554451943,0.00235029424331957,0.0230402729474888,0.0207080435129639,0.00310640092719186,0.0164211073020662,0.573241294564696,0.0127351317584023,0.000645959533386766,0.0381159526090766,0.00323184901324886,0.00412905227475429,0.948543029955299,0.540699085298214,0,0.00430300339588762,0.0245093673874138,0.00301628533465236,0.22021761565039,0.012940482463423,0.000943612348150551,0.764670829260566,0.678301952442655,0.0177389244727312,0.0546348406990149,0.00789106040841401,0.00314198174858248,0.0150375376113976,0.00337804903619457,0.469306983682196,0.0321273617124104,0.459641023221923,0.234907108407442,0.490502657366507,0.171124589582296,0.00175036956327838,0.00327535124053985,0.000837852265169263,0.00285577211976558,0.00881071312407571,0.0017709555190112,0.0025330146582421,0.000393543472907662,0,0,0,0.00647873044149822,0.00726894828566247,0,0.000673190686466933,0,3.85067696814537e-05,0,0.00141886831098133,0,0.000329617456931591,0.00034977392385298,0.000889175229207516,0,0.00083952351292038,0.000618378181407094,0.00182451603081227,0.00128611205648053,0.011348251339092,0,6.75126879829169e-05,0.00252969420730376,0.00190406064789808,0.000941328460813522,0.000174633512294829,0.0456887325585469,0.152547614440255,8.36642892422676e-05,7.25913446586132e-05,0,0.00291793675669086,8.3806159348011e-05,0,0.000160805705471755,0.00630535349387312
0.000538035636956573,0.00073399435211134,0.00261818667608029,1.51095855518536,0.0227125105942636,0.0962846072244972,0.0188690175785034,0.144823383725595,0.432744328446949,1.08277636472173,0.022033545587231,1.42118314925092,0.00133315133864659,0.11989438000885,0.116799078927355,0,0.00159330701555705,0.00622342242857313,0.00430300339588762,0,0.000732803252744555,0.00219200767348779,0.00201528354550737,0.0958694185407648,0.0193742718973171,0.00516912021362293,0.00493802931921172,0.608697860170507,0.0896815358705998,0.00377870026823885,0.000247205528868496,0.025985598823883,0.00064267336956358,0.0591873146061316,0.0130869191143732,0.144272881354274,0.00220026606994534,0.0553122450643662,0.00592177607089758,0.0952296544067079,0.0293453169467226,0.00236317294428611,0.0372967579368504,0,0.0223054158864285,0.00484663184294706,0.16550806222982,0.00375130492454875,9.33584582637548e-05,0.000228419826042593,0.000360916138649702,0,0.176967864271332,0.00745237178420293,0.0379695258674492,0.0422493857978665,0.0267538878672452,0.115260470674267,0.406654107778488,0.00714059228248018,0.270773428163174,0,0.00553411988238192,0.0406096083142777,0.000371500730224132,0,0,0,0.196407721128505,0.000667075027751446,0.00159458348165435,0.000556434851667643,0.180801310990655,5.20301928926706e-05,0,0.000385740880768061,0.244333391036195,0.00938682746146184,0.00034134708730489,0,0.000238559752089143,0.000930571093819857,0.020872991854957,0.000897754121124386
0.0154396651271077,0.00367952487502933,0.272799414856472,0.000386930962221741,0.00319770174463576,0.00594867301121956,0.377960806080437,0.185390251352618,0.00494452098031068,0.00942351243343103,0.0151797117481625,0.00111097641562354,0.000870559407493711,0.331337985299151,0.0418857000495013,0.696630840046389,0.170884468284054,0.00631978591655141,0.0245093673874138,0.000732803252744555,0,0.0198248724748551,5.74833387064592,0.251993286300795,0.00651441551313382,0.0265639198681045,0.514056409836715,1.45124123029489,0.345013394385118,4.07949123541424,0.000316176098365307,0.010087588940593,0.0784236141310793,2.12090513985039,0.244298280043022,1.4516396864709,0.0859791641260635,1.37117991500833,0.485804614404598,0.0292493903059636,0.038131082740669,0.00373607968553329,0.0311398735812561,0.00459048199748969,0.00467718101988667,0.00530674694317382,0.00363154777296496,0.000216467358547807,0,8.88747595328093e-05,0.00234287033631635,0.00495554950157219,8.60020125316382e-05,0.00112486363852501,0,0.0027495073849014,4.83456019377113e-05,0.00774633567574906,0,0.00142500132940763,4.64878676005006e-05,0,0.000153679406213045,0.00219367819766212,0.099085805966,0.00057505176487863,0,0,0,0.0690645693966954,0.0773032069559777,0.0472694691505735,0.0908346294250513,0.000175369221254111,0.000403311891331613,0.065706271673479,0.0658118619581304,0.00355518830715686,0.00155289556796152,0,0,0.000236688392433167,0.00202033468786925,0.0278091055264014
0,0.523027336219374,0.00265628382465184,0.00291236681590676,0.0022310246138581,0,0.000484413458630681,0.000344941028805613,0.785615356510242,0.000472253511625052,0.00588488005058968,0.0012178540292219,0.093228427894696,0.000281559933600068,0.0144339707462934,0.477998152686731,0.00732967284535515,0.000878889919415415,0.00301628533465236,0.00219200767348779,0.0198248724748551,0,0.0413666888343893,1.64472495989267,0.102789947892083,0.00909697509263534,1.17844783384044,0.0236610105073668,0.000367415762159287,0.00149916923443676,0.00394077551677239,0,0.00013570085942185,0.00369045451155167,0.000942144753538131,0.0234409575192532,0.00933094852073031,0.0106405541955907,0.00461620163545984,0.00470343761315071,7.81754074540139e-05,0.00607763231800765,0.0358206103984961,0.0151615105850021,0.0102242024081678,0.0127251703197392,0.0015529036775403,0.000535424045986414,0.000218454232944966,0.00019686736203146,0.0177867963035715,0.0109630527270016,0.000113003561820984,0,9.3183272965908e-05,0.00279356181472081,0.000551414605421245,0.0132752976636654,0.000706111228754639,0.0014429792047441,0.00039127191090399,0.00210939647973675,0.000742993544027686,0.000789635156364799,0.423050999246696,0.00381172047709656,0.000227020695284367,0.00390246384608037,0.000210516393266797,0.0479703804162309,0.449474790250598,0.147644778221785,0.0960077447115217,0.0023186134762674,0.0146895051345078,0.456928501593115,0.0416846528266022,0.00114266409957921,0.000959664374819994,0.0025230064599623,0,0.000661858106589913,0.00293579207161051,0.00147086395921456
0.0679624712896752,0.00830406794658071,4.19665213317294,0.00240781515760249,0.00701367158582932,0.0171568329833297,0.531886358631645,0.773846605994901,0.0122057268165547,0.0261513873335685,0.0864811455875086,0.00518068480103737,0.0012391329752897,1.30485595376552,0.0626465486693016,1.59606340920075,2.34663698166659,0.0425446434171086,0.22021761565039,0.00201528354550737,5.74833387064592,0.0413666888343893,0,0.454968879253047,0.0118657451002455,0.5301517640939,4.67179948919185,0.970441281345524,0.886236893594879,1.24711207511278,0.00159556725174445,0.0238413024146415,0.136482134795159,2.17715143147664,0.475918390404565,4.09029924530481,0.773830399331288,3.65420774135604,1.69171175997988,0.0740979188613507,0.111272164042405,0.00930540293363678,0.0687585611434029,0.0322107652135421,0.0179109457961852,0.0210448216390514,0.00625163390555567,0.000648585372074366,0,6.18926057804823e-05,0.0116364762672228,0.0852026582949749,0.000144526218147814,0.0022422147042967,0.000158429479312658,0.0137700976776499,0.000461888047308087,0.0124237193799174,0.00118139403751051,0.00108344813002938,0.000117928038387597,6.38708279162645e-05,0.000700290869083166,0.0058541443790617,0.473840278898445,0.00514808443534464,0.000176833170388579,0.00228597656074906,0,0.0833799102841766,0.195411935794489,0.364415784451738,0.118881491554773,0.000449266022941708,0.0130451875775851,0.608261911063189,0.07549176533219,0.00241670643539989,0.00168127028909409,0,5.10959479542374e-05,0.0012865333682611,0.00532253478153497,0.0970608223402168
0.00043690289189589,0.453565827104165,0.0389334238501751,0.588071928518927,0.0507211199450856,0.0265427407419069,0.419319574214107,0.0709866783061681,3.40112265427981,0.054159913963621,0.0227383977801173,0.128441435108297,0.0672950333176484,0.0779322374355106,0.29656330916165,1.08854322520453,0.0504752871977428,0.00493449588835257,0.012940482463423,0.0958694185407648,0.251993286300795,1.64472495989267,0.454968879253047,0,0.12455669477272,0.032950601350556,1.56240016333627,1.78796249471405,0.0962987524086542,0.258519101701777,0.00403965420364237,0.0268558709560634,0.0192242281793061,0.117553072806875,0.112792965178146,0.842495802511582,0.0655029634509577,0.162945627356511,0.0545321833960661,0.183986742872066,0.0329825653120711,0.0077176944309488,0.445428523376838,0.023231791712714,0.159494593662619,0.0431443908239037,0.149331325222171,0.0274555713855556,0.0015316448536523,0.00297737318720961,0.0269288054938039,0.0245804000311712,0.108968518285402,0.00309930897330236,0.0327384491862626,0.302151240213869,0.0892813799851184,0.530420711829673,0.309467080122977,0.0345611645809175,0.10885657256218,0.00168237372222787,0.0808142454744798,0.0291638713913116,0.406340974682288,0.00391499589551323,0.000352766983890533,0.00114233941902536,0.100732612850878,0.224846982471101,0.584512212577212,0.161624190428597,1.80568694838081,0.00662906749017918,0.00867594424994785,0.357742584391579,0.95474854543439,0.130700038124641,0.0314996363814359,0.000747179285489738,0.0227166529180526,0.0155567759621677,0.123890091750049,0.0540613276814878
0,0.302883660173274,0.00130255161677193,0.00854545795699698,0.0127483024839213,0.047595051256572,0.0113922255898585,0.0429295601408535,0.0783758376437443,0.0405988159764502,0.096901597355682,0.0291897451725987,1.18100475929893,0.0370063683674498,0.00780451991985083,0.00272076762634837,0.00110759477339089,0.00285461891619987,0.000943612348150551,0.0193742718973171,0.00651441551313382,0.102789947892083,0.0118657451002455,0.12455669477272,0,0.0173373838912352,0.300145763163481,0.0438137944811787,0.0229678112365167,0.00922312758069169,0.0520483122119384,0.0665575777635842,0.00041837895523566,0.0235220252654696,0.00764459600306666,0.0837780222982591,0.035873914233697,0.192674096122023,0.0466630122124833,0.163181881541554,0.0744558543634083,0.486546401835041,0.0331073081407139,0.0147462908487881,0.013537202130617,0.00198440712296486,0.246170931617752,0.00409792668118774,0.0173592687071536,0,0.045169925370626,0,0.00465188628705298,0.00107059860515046,0.00578493212572098,0.0257611428649061,0.0176450539581866,0.00760206771625912,0.0199018282507154,0.0416675198681974,0.0124375371333156,0.240587040711696,0.0154699553942011,0.00393877068785977,0.00269023748741913,0.00018092491738677,0.00500873317090487,0.00436095409945029,0.00789233823888278,0.0021779325597707,0.00717625924936617,0.00171975964694268,0.026928668017281,0.271769364099272,0.054822254787906,0.356535398297099,0.0235094433628227,0.00877529256574475,0.000767944053602338,0.0716382706518032,0.0212275273770161,0.000354538244670034,0.0135970533116692,0.0034427965632329
0.00336464670478458,0.030331518825097,2.54144516191413,0.00083464731824109,0.0011366578481263,0.00562049947628873,0.0739420921337205,0.0610830215723209,0.00815679539581472,0.0217321997224091,0.626346641803128,0.0149787458939255,0.0211471893733164,0.0842571915482987,0.00740495872250581,0.0085234348244707,1.34904186063538,0.436857672817115,0.764670829260566,0.00516912021362293,0.0265639198681045,0.00909697509263534,0.5301517640939,0.032950601350556,0.0173373838912352,0,2.84660110063752,0.0273470410336682,0.10671367515799,0.0131043850315409,0.094771106932518,0.0498898839863144,0.00367243337490832,0.318419210835234,0.0670275355561653,1.04985721507405,0.891488728265244,0.783707859712704,0.374376016243975,0.00581470700991976,0.0124618685156412,0.00889785532498896,0.0401335699441911,0.186688359294266,0.0371237977173309,0.029570220882511,0.001172852379138,0.000134870671570181,0.00244890627068258,0,0.0421595646581541,0.049113407055373,0.000102372649068356,0.000263818137453437,0,0.000345852655837536,6.38416947526931e-05,0.00360705969640744,0,0.113565117879321,0.000231411527840674,0.228983567897623,0.00011479487119621,0.00105023130757659,0.00937191596350038,0.0247513829268939,0.0610465441779746,0.137451100016763,0,0.00065945357202214,0.0103734395434869,0.00795958114923334,0.00523389620543611,0.0258046115899787,1.06008430530782,2.09669562793745,0.000932133863307417,6.5159328076601e-05,0.000242545304996252,0.391459194040813,0.00146884725260508,0,0.00731590366051561,0.017331410614648
0.00256226063233972,1.93097062962769,3.05923782252549,0.00319247942730838,0.00169800396495223,0.00453358872474694,0.124068263885479,0.044344663706355,0.445016825432934,0.014238091698169,0.259782068830304,0.00595203780269796,0.337006528535482,0.0710439821596799,0.0312307855221686,1.18823049969975,1.56698674382308,0.306238082900598,0.678301952442655,0.00493802931921172,0.514056409836715,1.17844783384044,4.67179948919185,1.56240016333627,0.300145763163481,2.84660110063752,0,0.54617655556467,0.0850252791460446,0.0482016343085767,0.33800762136653,0.0246105997806484,0.00611200258624041,0.893250014357881,0.22083629720976,3.48855292005742,1.32134567474817,2.03910975313224,1.02950781592924,0.0267933836069584,0.0507588002459773,0.00662179932388073,0.527860089835074,0.508506836411512,0.261698670164566,0.242873229191529,0.00910678420305538,0.00229735293235153,0.00324781044565213,0.00187613140571939,0.929824209566669,1.0511622856517,0.000245300590344131,0.00159270826496619,0,0.0901696776413928,0.00655349569288868,0.0368089791164647,0.00137608004242206,0.0798555367728955,0.000571712378303767,0.192013384605631,0.0180026018745001,0.0102134221626574,0.994804909652932,0.218508635313827,0.110104616146418,0.382163822282085,0.000127709953358173,0.102289819299228,0.652408855650328,0.896059926573517,0.240810914148438,0.119068575183695,2.20915202554422,13.9270216143779,0.11566257833454,0.00811890163057357,0.011941358386693,0.425345803526994,0.00135828113583153,0.00235874569680834,0.0591808294940157,0.0668213827908074
