0,2.57281601428986,673.368034392595,22.7589618265629,0,29.5785008072853,7473.96291854978,945.76003088057,6.95219278335571,251.917207628489,44.1358125507832,29.1052558720112,2.45989751815796,9325.96173626184,3.21088624000549,4.37021946907043,2298.14135873318,52.3914380669594,317.096160471439,23.8208464384079,599.051698088646,0,2596.705008775,129.943347156048,0,1185.24388155341,611.543400675058,295.023496896029,20061.3512731791,14265.6854380965,4.19563329219818,2.87812888622284,78.7342338562012,801.632137686014,15.117071211338,95.9788966476917,11.3044877052307,384.625979036093,90.3743379712105,2.8282575905323,13.1658712029457,7.07600405812263,8.05114635825157,0.845125168561935,3.14777594804764,0,2.23860016465187,0,0.779249250888824,0,4.67046147584915,9.65323105454445,0,0,2.40960711240768,5.40851905941963,1.81139865517616,21.7957373857498,2.45543926954269,0,1.07027804851532,0,0.740051627159119,0,6.87661936879158,1.65251979231834,0,0.380304306745529,1.02057692408562,13.1740244626999,8.65442615747452,9.51952087879181,32.4380251765251,0,5.25237795710564,40.8190377056599,56.8099249601364,0.400116354227066,1.44517028331757,0,0,0,4.16506332159042,4.09583634138107
2.57281601428986,0,194.824056714773,3.82833784818649,9.16619527339935,0.679004073143005,4.04989004135132,2.20911708474159,2541.34533262253,4.86060789227486,11.6132634580135,4.60017573833466,364.104769468307,10.0201977491379,99.9656289815903,227.398376822472,81.2619515061378,1.29494905471802,35.714059650898,1.62678635120392,86.7370079755783,4731.24725657701,86.0387467741966,4292.99007225037,4008.41274988651,1082.22225865722,37566.2363368571,47.6385462284088,7.01941704750061,2.51223230361938,35.1143333017826,1.23776698112488,2.41348099708557,63.4155405461788,17.1762661933899,299.71847358346,167.602772802114,104.144688308239,118.489136576653,21.4804686009884,1.44863533973694,5.0677090883255,454.516937166452,84.8073668777943,137.103933632374,45.9972898364067,31.1608468294144,9.45736423134804,0,6.36989042162895,806.690240502357,391.42761656642,1.8994979262352,0.866388261318207,3.01334878802299,23.589347332716,5.95238682627678,82.2048469483852,4.38030728697777,12.7331967055798,5.75819444656372,29.4884110987186,12.5887545347214,4.33939704298973,32.1089377105236,180.491176992655,12.8551441431046,115.596613407135,1.15773496031761,23.8507734835148,87.8069233298302,97.2498996555805,238.374718844891,112.714954435825,578.328197300434,6729.3914270401,17.2517549097538,7.96306565403938,13.312520891428,32.0032221078873,0,2.06131553649902,98.9101321697235,29.9134068191051
673.368034392595,194.824056714773,0,22.7990891337395,0.621714770793915,118.606450200081,6145.34677964449,1598.58631062508,32.8061962127686,194.217016577721,33.5523253083229,54.8977815508842,0.448598116636276,2528.16693460941,27.2994051873684,26.2605529725552,33506.5386591256,50.8152549862862,1903.1988593936,31.5725685656071,4986.49512097239,81.38686388731,40739.2245662808,239.588651567698,3.65485292673111,37749.6825993359,17721.4467380047,829.745780557394,1391.44785881042,771.285150587559,0.935375869274139,11.2877842187881,100.11326777935,2521.46009814739,689.170230716467,7427.32748660445,1368.0358620286,3290.78125208616,4143.43424978852,24.8529315590858,51.2811448574066,37.4149953424931,1594.5458509922,266.301118433475,425.33131763339,154.008231759071,148.483572542667,51.0670680105686,10.4589354097843,20.9366280138493,572.974076509476,3952.14532446861,2.79543495178223,0.608066082000732,7.74441692233086,226.619442045689,61.2371813952923,60.6253260374069,15.5247437655926,10.3997368812561,2.85796198248863,1.21502032876015,111.109585791826,0.947691380977631,103.708146244287,876.829382330179,18.2790833711624,180.926728278399,3.72634568810463,99.7265018224716,104.237748831511,834.846687763929,189.432422339916,4.56698369979858,1010.08097866178,12235.4826006293,273.298795282841,42.1775866150856,72.7672570347786,2.67628473043442,1.50291764736176,2.24470326304436,468.177141934633,351.443443626165
22.7589618265629,3.82833784818649,22.7990891337395,0,159.500043570995,83.6166735291481,247.089379578829,193.047789812088,5496.84969806671,20790.5577731431,30.1478649675846,657.874449789524,3.68211659789085,131.679476797581,1379.03799909353,1.63544172048569,6.55847832560539,15.7497743964195,31.5467854142189,14568.880397439,16.4354554116726,8.81453016400337,42.4685392379761,6118.75375083089,2.41333001852036,109.862577706575,77.4119171798229,18083.7552946508,437.247845202684,25.3769728839397,3.57744783163071,31.267051845789,61.9648003876209,178.322307050228,154.225234001875,1375.92577657104,13.0455494821072,300.763922154903,103.87226703763,661.76088103652,112.6853992939,118.494541585445,265.624028086662,13.961592912674,166.813329905272,20.5644817948341,284.020228654146,83.8572521805763,85.0645334124565,2.20526975393295,11.0902385115623,1.16034999489784,2476.67088836432,1.95184415578842,194.983490467072,426.262294590473,383.695358991623,1721.20548963547,2447.79069161415,8.7357474565506,1315.16868335009,0,132.880757540464,76.0661447644234,0,0,3.22312662005424,0,3553.27477577329,0.498134583234787,11.5364969968796,4.42621332406998,1788.41280603409,4.98460367321968,11.4394580125809,17.7686702907085,4075.57513317466,100.380375474691,2.60311990976334,0,9.19859018921852,0.437408000230789,52.5114343762398,21.1143690645695
0,9.16619527339935,0.621714770793915,159.500043570995,0,2108.81806409359,25.2247906625271,102.381624042988,480.131162881851,57.9468340277672,0,681.259680509567,0.414483964443207,2.16923403739929,3837.21806538105,4.28097432851791,0,1.09734952449799,0.475098788738251,99.6586971879005,19.5176358222961,13.6767598390579,29.2316220402718,317.54607206583,3.42414182424545,1.70131668448448,30.4927613735199,147.872482299805,2.5823822915554,6.50770577788353,0,97.0510602295399,0,10.6200501918793,101.266306877136,121.32054489851,4.75745922327042,7.09786123037338,8.17865568399429,11034.3358665705,3031.49576598406,39.9237992167473,2.84640437364578,8.34190911054611,1.51015359163284,1.4232337474823,2.61025834083557,0,10.6032251119614,1.98134461045265,0.915778994560242,2.06488662958145,10.7318113446236,0,2.60223007202148,2.68876552581787,0.495840907096863,3.90839886665344,8.68567299842834,0,24.8949834108353,0,2.40211087465286,1.68413972854614,5.22245275974274,0,0,0.656808793544769,17.6870488524437,3.38642024993896,2.39901041984558,25.0634019970894,10.2595979571342,0,0.577405512332916,5.00243300199509,23.8338175714016,3.993283867836,3.97577744722366,0,0,0,0.764405131340027,580.588929891586
29.5785008072853,0.679004073143005,118.606450200081,83.6166735291481,2108.81806409359,0,7136.28078569472,12063.7943670154,92.3076605796814,14771.1215398461,322.313121348619,12740.573125273,38.5634025037289,1242.23004585505,1702.21549424529,2.85015159845352,70.593202739954,238.980046540499,258.388090625405,1173.42892260849,111.592303395271,0,283.07686753571,284.698670476675,1.68824505805969,799.793163299561,242.444486200809,1136.66551759839,1146.48866337538,295.024525359273,36.0583379864693,493.939253598452,19.7082316279411,857.916109144688,9046.29118382931,2285.01476949453,75.9482338130474,580.151991307735,185.117479920387,5972.88209053874,1612.8540045321,594.404786586761,152.507046043873,30.7989172935486,49.738549888134,16.5806601643562,79.6912816762924,43.6639670729637,41.3927822113037,1.25156056880951,3.19298410415649,3.08906504511833,98.1422678530216,0,31.3000366687775,165.56299751997,114.730685681105,27.9894322454929,218.771581619978,3.79633462429047,75.0274826586246,0,60.6738140881062,6.96844327449799,0.806675910949707,0.908020913600922,1.18115293979645,1.98499745130539,308.846029758453,0.561691105365753,2.13898342847824,15.3966969549656,164.109295189381,1.1898592710495,2.42354014515877,18.4089102745056,443.060302138329,27.6687151193619,1.54755926132202,0,0,0,10.3345308601856,711.517935723066
7473.96291854978,4.04989004135132,6145.34677964449,247.089379578829,25.2247906625271,7136.28078569472,0,12608.3211176693,220.778851419687,29542.0654029846,291.916736662388,552.691483587027,24.1032055318356,33287.3177209795,524.77232837677,22.114121645689,1368.94203010201,218.587870448828,523.871257156134,251.237479567528,12650.2996681929,2.7261626124382,13025.6219800264,1259.42340666056,1.16331386566162,2866.53016115725,1367.73971857131,52616.9655615538,6893.0575928092,19980.0752423406,33.2513884902,189.043718904257,730.97602981329,1774.86126761138,1778.35852459073,7394.38760879636,358.186626821756,2847.79389035702,1501.45198979974,682.187592625618,591.990699976683,252.700408428907,721.342410385609,31.9000051617622,359.012821704149,45.3239372074604,399.969360053539,208.132001638412,110.430459648371,4.35379821062088,14.2134137749672,200.966883003712,243.922047883272,2.21212375164032,185.39888972044,788.068161919713,668.565379977226,131.458342790604,722.031297415495,6.59962156414986,318.96960580349,0,264.36600252986,22.7683700621128,33.3604632019997,30.9409379959106,0,6.27011987566948,912.897486001253,11.0028281211853,32.5754601359367,95.9422405064106,862.035609573126,1.02998965978622,46.8551325351,765.645455271006,2057.54253336787,138.102793127298,13.0896737575531,0,13.6960623264313,0.472954034805298,103.754242032766,191.27983507514
945.76003088057,2.20911708474159,1598.58631062508,193.047789812088,102.381624042988,12063.7943670154,12608.3211176693,0,44.9151431918144,18737.5626658946,589.625560611486,5297.33816593885,41.222482085228,23364.1443916559,261.215638369322,1.01869785785675,2334.88961657882,414.152165383101,786.315235674381,1081.69045256078,1102.959575966,1.95324754714966,3956.37130452693,654.483762264252,1.71716749668121,2699.62334047258,1052.45477259159,1824.44083437324,5235.24690268934,7631.86173588037,75.8067609965801,678.158926457167,77.1748511493206,2351.63461388648,199.034972190857,3863.27505660057,168.67482405901,1155.59871062636,343.895863384008,1049.22453510761,176.466828763485,1425.57096099854,272.352691739798,31.7965159416199,67.5388371944427,7.58188912272453,150.209973931313,55.256596326828,54.0911013484001,5.91622024774551,5.20848885178566,23.7856305539608,104.349580317736,0,44.0243154764175,261.244724959135,128.749360650778,93.6748856902122,197.957216262817,0,75.7496024668217,1.83172845840454,40.8130960464478,5.74823260307312,6.60806640982628,2.79442226886749,0,0.856064677238464,331.153238534927,8.32345351576805,6.52237585186958,13.464544326067,346.305418014526,0.987991094589233,10.6513413190842,92.6842206418514,815.015333503485,14.7063867151737,4.95101729035378,0,0,0.414827525615692,18.0603339672089,27.3543131947517
6.95219278335571,2541.34533262253,32.8061962127686,5496.84969806671,480.131162881851,92.3076605796814,220.778851419687,44.9151431918144,0,1404.09904128313,19.9514002799988,4039.90688449144,243.318820148706,27.3162238001823,3534.5823289752,373.001417607069,8.39606204628944,7.54338479042053,7.28048837184906,2193.8159135282,342.48970246315,6581.0047749877,156.52483817935,25110.1507782638,1561.98765146732,151.86880505085,7290.59046763182,7353.06943187118,138.456773430109,22.9441503882408,23.484069019556,8.62976109981537,23.7917766571045,57.1380134522915,85.1294676959515,364.960322022438,44.8562847971916,125.913958877325,54.3540537953377,1883.76579099894,37.7196245193481,33.1015185713768,891.693054825068,39.6679058670998,247.875559866428,37.483311355114,453.813434332609,149.637473165989,59.5929501652718,40.7222028970718,57.0711270868778,27.2607357501984,731.93881136179,12.6902278065681,156.813440054655,827.835848599672,557.33525660634,3425.90735262632,817.783951967955,22.2807608544827,482.815591663122,24.7780447304249,324.641328215599,118.565095663071,1135.41594606638,6.76297062635422,19.0165708959103,16.4669016301632,556.035683274269,377.788825005293,978.321379840374,434.413110166788,4128.64778333902,35.9703773260117,129.132148355246,352.245472609997,4432.90481716394,238.6495629251,270.889559835196,13.2392117083073,17.9770815074444,10.732926428318,68.6537314355373,53.3908877968788
251.917207628489,4.86060789227486,194.217016577721,20790.5577731431,57.9468340277672,14771.1215398461,29542.0654029846,18737.5626658946,1404.09904128313,0,1120.63328623772,4719.63742652535,97.2892873585224,7409.71430233121,399.377347588539,6.69343340396881,127.522634983063,852.363507509232,1241.25831013918,18942.527212292,127.802004665136,0.805261552333832,437.448078036308,770.774623006582,1.49361914396286,3154.27645866573,1289.33519813418,9501.94475677609,6910.32420410216,338.070882201195,145.399318546057,470.739042818546,230.379219293594,3277.58119800687,841.601306319237,7666.59568661451,168.685893982649,3561.4672332108,693.765532314777,1202.68855541945,984.792742848396,773.172238558531,386.838460445404,34.0335232615471,206.237793833017,26.6497776806355,410.556966245174,156.793022245169,129.845615118742,0.960657298564911,9.84672197699547,4.80573397874832,2490.01133459806,3.38419216871262,308.747235029936,596.331493377686,527.589403599501,1299.73386031389,3509.52647539973,1.90720021724701,1387.35810938478,0.345439672470093,183.284980654716,92.0354990959167,2.85771581530571,0.458756536245346,0,0.32431024312973,4520.9028558135,4.48093125224113,15.3705070912838,8.93011412024498,2109.96730771661,6.84716960787773,1.66056737303734,18.7846067845821,4982.74337762594,87.1510438621044,0.88689249753952,0,5.13397186994553,1.03291100263596,85.0588703453541,82.897559940815
44.1358125507832,11.6132634580135,33.5523253083229,30.1478649675846,0,322.313121348619,291.916736662388,589.625560611486,19.9514002799988,1120.63328623772,0,870.844634324312,9496.90663307905,793.611617386341,20.2631549537182,1.80792766809464,209.871263980865,17199.7162441611,5898.4239332974,238.591426223516,20.2537759840488,5.87677150964737,97.8227247297764,227.710568040609,592.754058599472,10561.7300776541,742.092633336782,234.177960664034,1033.24608579278,93.9097376465797,3437.68861809373,128.142913609743,5.08863571286201,15136.427054435,46.6146382987499,1313.07345309854,1730.45484724641,3403.60447284579,566.901327550411,136.741035968065,16.2383659183979,2290.74561074376,39.8127777576447,45.1765509545803,203.530372709036,7.9876756966114,11.6439870595932,7.43111133575439,68.2981408536434,0,209.760464340448,3.41394263505936,11.7293724119663,0,4.13120573759079,22.9309168457985,16.0270273387432,164.870844393969,9.64505761861801,422.451504737139,17.8438738584518,4384.02359414101,4.90534004569054,4.67446178197861,3.82979333400726,0.583822906017303,27.124406337738,15.271985322237,93.6277424097061,0,93.2594317793846,4.2634502351284,89.1274515390396,737.607275396585,548.539218306541,1278.59950089455,80.6029387414455,3.07076591253281,0,1624.87645965815,2.30157715082169,0,151.370680034161,25.3023185133934
29.1052558720112,4.60017573833466,54.8977815508842,657.874449789524,681.259680509567,12740.573125273,552.691483587027,5297.33816593885,4039.90688449144,4719.63742652535,870.844634324312,0,91.9206517934799,1646.64883500338,5471.52067148685,2.22127014398575,46.8048805296421,599.069163203239,736.54349809885,14498.2117171586,27.2025655210018,10.5975907146931,154.168310195208,852.019697993994,4.0151025056839,1895.18374457955,587.902401328087,577.051116406918,1832.17480164766,81.6627512574196,103.808601975441,283.847572147846,5.58390381932259,1712.94882684946,2806.40942513943,1429.15470132232,97.5926819443703,1238.38924869895,234.515719622374,3242.18271628022,244.322786152363,1006.76436665654,314.920753896236,67.4874027371407,101.23098090291,25.1973405480385,339.205921769142,84.0719159543514,188.743988186121,4.74107325077057,0,1.71776655316353,878.492518305779,8.60492289066315,99.2825260162354,251.903337359428,172.524290204048,378.284211546183,711.321365505457,7.87906378507614,912.359190821648,0,100.071926355362,91.0324602723122,0.824601471424103,0,4.39616799354553,0,1072.66001647711,2.48826384544373,5.03330758213997,8.71796631813049,317.413384497166,0.416696697473526,6.06430238485336,4.8782020509243,1174.02065032721,53.107351899147,3.01684683561325,1.49749308824539,3.37500417232513,0,43.8439888060093,2568.66856506467
2.45989751815796,364.104769468307,0.448598116636276,3.68211659789085,0.414483964443207,38.5634025037289,24.1032055318356,41.222482085228,243.318820148706,97.2892873585224,9496.90663307905,91.9206517934799,0,43.3443967401981,1.71585822105408,29.8263465166092,0.581217765808105,33.2716192901134,8.69596630334854,20.5108552873135,8.16883820295334,213.295764625072,9.82750290632248,189.418415665627,6170.21801495552,1900.95487341285,3473.44794887304,20.1770004034042,29.4555894732475,6.35913395881653,5244.45482513309,12.556433737278,0,1836.18991190195,7.65850895643234,186.472116976976,607.340121805668,1120.51401683688,86.2976504862309,23.1091151237488,3.6703337430954,1406.80638000369,52.0628804266453,80.0538331270218,205.591790914536,16.7277753949165,3.7408989071846,5.29601642489433,71.7940670847893,0,282.602865457535,1.62802863121033,0,0,2.61248135566711,2.94515094161034,8.1438515484333,158.5171880126,1.25167211890221,678.549584805965,3.31893861293793,6157.8027561307,5.29581189155579,5.65177583694458,4.48770517110825,2.42384266853333,31.3068266510963,51.9818398952484,5.81171306967735,0,154.840316295624,3.58256381750107,66.4658518433571,2509.3253903389,1360.42584758997,3606.93118062615,3.22506955265999,4.15490433573723,1.00842875242233,2517.45795807242,3.69167447090149,0,149.14213269949,1.57712894678116
9325.96173626184,10.0201977491379,2528.16693460941,131.679476797581,2.16923403739929,1242.23004585505,33287.3177209795,23364.1443916559,27.3162238001823,7409.71430233121,793.611617386341,1646.64883500338,43.3443967401981,0,91.8589836359024,4.91072225570679,4255.87049624324,590.860570311546,1261.24117186666,457.352311551571,1952.86816565692,6.78892356157303,7440.92733556032,436.870700180531,1.28039878606796,4319.12346710265,1763.33887159824,1578.43034006655,25690.4799060524,21755.4428143352,74.7429068088531,409.172682285309,131.450242012739,3845.60637241602,164.180000275373,1846.96614846587,113.129605829716,1059.68136197329,364.965963363647,327.338968127966,89.3220704197884,405.617144912481,135.142972677946,13.5424506962299,26.3177365660667,3.76849353313446,55.5105374157429,28.087064653635,13.6109809577465,1.47764319181442,8.19750514626503,54.8272542953491,49.800743162632,0,16.4726453721523,94.518090069294,69.0739307403564,61.4692195057869,97.0644944012165,1.06454145908356,33.9409642219543,0,18.8577382564545,2.41913303732872,21.1067005693913,7.52284750342369,0.481529057025909,0.793117374181747,138.254445165396,16.3637258410454,14.6515770852566,23.3507110774517,159.768117338419,0,19.2155529856682,182.094824850559,380.098846971989,7.32294997572899,9.04344597458839,0,0,1.40090322494507,11.1036167740822,15.9384995996952
3.21088624000549,99.9656289815903,27.2994051873684,1379.03799909353,3837.21806538105,1702.21549424529,524.77232837677,261.215638369322,3534.5823289752,399.377347588539,20.2631549537182,5471.52067148685,1.71585822105408,91.8589836359024,0,85.7646277248859,35.3846362233162,11.3956664502621,17.4922548234463,880.376924872398,436.154998153448,213.943454384804,587.752699434757,3050.79195165634,38.8952112495899,68.9038581550121,472.339240193367,1935.04091149569,147.236130952835,310.857870906591,6.57012629508972,96.0505383312702,61.5057153105736,78.3983428478241,1318.44507408142,502.899599194527,108.945476591587,112.574128180742,131.306635081768,9169.35677069426,341.623864531517,352.565784096718,138.081719130278,50.4521141052246,26.3203490376472,21.3346346020699,87.5591268539429,18.7969718575478,120.603765249252,2.31084591150284,2.20864939689636,9.48079374432564,163.851003825665,1.2684268951416,41.6782494783401,31.8123438954353,29.6195503771305,118.417230844498,111.333931058645,0,170.110642910004,1.8766063451767,22.3034290373325,32.9195997714996,24.4669965207577,0.632553577423096,0,0.595498144626617,191.89486014843,39.1735878288746,12.3901034593582,108.287056207657,168.056465864182,0,6.59090536832809,54.716168910265,306.820557206869,22.5986127853394,18.3415958583355,0,0,0,11.2609045803547,2385.69175207615
4.37021946907043,227.398376822472,26.2605529725552,1.63544172048569,4.28097432851791,2.85015159845352,22.114121645689,1.01869785785675,373.001417607069,6.69343340396881,1.80792766809464,2.22127014398575,29.8263465166092,4.91072225570679,85.7646277248859,0,5.08582243323326,5.26276361942291,15.9547561109066,0.597553551197052,12745.5174221098,8042.68027737737,8332.15705820918,7199.93390598893,146.960772871971,96.4314061701298,8635.65826043487,3428.26792255044,66.0186006426811,6.88001593947411,3.59901988506317,0.928530931472778,26.4640879034996,47.6532212495804,1071.87511852384,7427.48677057028,2140.3437667191,530.221232831478,1050.61056745052,14.8640545606613,41.4720565080643,15.1392670273781,255.868196934462,28.7937044799328,32.1359829008579,10.9814158380032,15.1975048780441,11.7620897889137,3.11510035395622,7.18156644701958,27.0298192501068,76.3332395851612,0.910647451877594,0,1.81425994634628,100.620951622725,14.502599388361,136.158632576466,8.69157737493515,0.26625993847847,0.360514044761658,2.06187960505486,28.5075995028019,2.98721569776535,17684.3852151334,10.6368391811848,0,3.17203152179718,1.26872974634171,808.814754366875,4893.7802015245,7284.61066254973,1317.56233808398,4.74528896808624,10.8950737118721,3375.27251210809,615.432004958391,48.0001739561558,347.118049770594,0.819668829441071,0,2.77079871296883,14.6862488389015,240.743972331285
2298.14135873318,81.2619515061378,33506.5386591256,6.55847832560539,0,70.593202739954,1368.94203010201,2334.88961657882,8.39606204628944,127.522634983063,209.871263980865,46.8048805296421,0.581217765808105,4255.87049624324,35.3846362233162,5.08582243323326,0,354.075463742018,10488.4936609864,24.2239264845848,2790.45628294349,16.2694269418716,21358.6264838278,94.4725131988525,7.46795964241028,27949.5134774745,27783.1513374448,269.012766867876,6053.70433478057,4716.55460697412,1.31937217712402,6.62952262163162,495.731061697006,3853.26566010714,100.468015760183,820.111357748508,215.476118952036,799.747806966305,448.344405651093,16.6285656392574,30.5392698049545,17.7568310499191,108.258833885193,19.4158805012703,27.3592594265938,14.9654193818569,6.98184299468994,3.28556594252586,0.536432206630707,2.40895611047745,55.4101907908916,143.974857777357,1.07137703895569,0,0,14.3508101403713,2.85984018445015,9.40190562605858,0.418941259384155,1.32181793451309,0,2.06717863678932,1.96921077370644,0,8.03649008274078,51.7654704451561,2.123062312603,23.0857538580894,0.461591720581055,7.52636995911598,11.5678148269653,43.0626124739647,32.0848096907139,6.20284134149551,174.066920220852,895.050565183163,45.8545381426811,0.933649033308029,5.54349336028099,2.46836471557617,0,0,23.1398179829121,30.5310404896736
52.3914380669594,1.29494905471802,50.8152549862862,15.7497743964195,1.09734952449799,238.980046540499,218.587870448828,414.152165383101,7.54338479042053,852.363507509232,17199.7162441611,599.069163203239,33.2716192901134,590.860570311546,11.3956664502621,5.26276361942291,354.075463742018,0,7890.60051101446,165.119186908007,40.102527230978,0,164.43972542882,114.578777700663,9.31612831354141,3911.79808345437,605.110276967287,148.471727520227,577.318049877882,92.7011997401714,64.4399064183235,68.994719773531,7.14710873365402,5224.43274101615,108.605387091637,1668.20020222664,1282.92688819766,2661.26484414935,1280.27675127983,80.8771460056305,16.8479174375534,132.791215509176,10.7664152383804,6.04280543327332,5.73016995191574,2.94324856996536,0.567121565341949,0,0.86234450340271,0,0.569780051708221,2.42472416162491,0,0,0,0,0,21.94271504879,0,4.24440202116966,3.84856328368187,54.3920786082745,0,0,1.45720925927162,0.507830321788788,3.51478844881058,11.0206601023674,22.6761825680733,0,1.19453382492065,0,10.5513525009155,8.04615193605423,152.69185680151,192.900540560484,4.2419815659523,0,0,50.7716948091984,0,0,1.17722350358963,38.5932036042213
317.096160471439,35.714059650898,1903.1988593936,31.5467854142189,0.475098788738251,258.388090625405,523.871257156134,786.315235674381,7.28048837184906,1241.25831013918,5898.4239332974,736.54349809885,8.69596630334854,1261.24117186666,17.4922548234463,15.9547561109066,10488.4936609864,7890.60051101446,0,248.889935702085,463.012316077948,9.88115391135216,2628.71971523762,164.211353629827,15.7889111638069,21543.8607308865,8371.89587762952,266.491367280483,1387.92715921998,469.511703163385,12.5694007873535,48.6123988926411,79.6577445566654,13739.3444240391,188.334231436253,3249.16152626276,1116.91490656137,3746.01451310515,2202.7691975832,81.5675834417343,14.5017074048519,74.1416770815849,35.1330085396767,11.620704293251,12.0128857195377,10.821398794651,2.96078443527222,0,1.22118866443634,0,44.891778409481,27.4730566740036,1.09050756692886,0,0,4.83887365460396,0,17.5416369736195,0,1.96031406521797,8.0565350651741,25.911270827055,0,0.787494838237762,0.477395057678223,16.5360362231731,3.37192070484161,12.8016826808453,33.3299141228199,0.435499876737595,1.34340733289719,10.4728212654591,17.0750667154789,18.2321928739548,252.689390152693,410.547625690699,18.047533094883,0.906516849994659,1.31822714209557,21.0630868971348,0,0,7.90104961395264,73.9280496835709
23.8208464384079,1.62678635120392,31.5725685656071,14568.880397439,99.6586971879005,1173.42892260849,251.237479567528,1081.69045256078,2193.8159135282,18942.527212292,238.591426223516,14498.2117171586,20.5108552873135,457.352311551571,880.376924872398,0.597553551197052,24.2239264845848,165.119186908007,248.889935702085,0,20.4906124174595,3.46549594402313,66.166424125433,974.811905652285,0,575.338218063116,248.162765115499,1937.37041854858,888.078180015087,30.9387545883656,32.6270780265331,98.3283506631851,22.3852532505989,393.785766363144,129.703253597021,1278.02253198624,39.8649520576,421.970995664597,97.3832638859749,617.061143666506,150.358081370592,515.551204293966,250.818781167269,69.1548611223698,116.123157471418,19.0688479244709,340.13896420598,80.5335865914822,236.162000536919,6.19946324825287,4.88500162959099,0,2370.06135982275,11.6984938383102,257.452944934368,351.649068415165,324.248065948486,895.249189823866,2646.14176213741,10.2402417063713,1068.15664690733,1.40226936340332,119.612401813269,151.979461252689,0.968602359294891,0,0,1.16651004552841,2781.98800086975,1.54569399356842,2.31428819894791,3.23531857132912,1209.47220474482,4.68451011180878,0.338939934968948,8.04298803210258,3895.4300198555,67.3545892238617,0.766889333724976,0,5.31726014614105,2.9197678565979,49.8888986110687,22.0235624313354
599.051698088646,86.7370079755783,4986.49512097239,16.4354554116726,19.5176358222961,111.592303395271,12650.2996681929,1102.959575966,342.48970246315,127.802004665136,20.2537759840488,27.2025655210018,8.16883820295334,1952.86816565692,436.154998153448,12745.5174221098,2790.45628294349,40.102527230978,463.012316077948,20.4906124174595,0,1026.58964392543,40207.7611561418,2569.83401060104,37.7375831902027,2904.47360244393,4158.45129474998,26145.6945140362,1551.54161262512,32232.3209156096,2.68704572319984,9.01942819356918,441.560946345329,7326.1241197288,3606.06091243029,12786.2091540992,709.344570457935,15626.4160710275,6361.1307207644,74.0408710837364,442.577173948288,46.9339555203915,499.293885171413,26.6199033260345,63.9174745976925,29.5455339252949,70.8975147157907,53.3763265013695,16.4790171682835,28.2263552546501,24.1670715510845,103.151631832123,2.28529387712479,0,12.6191473305225,89.1362109184265,56.1905423998833,340.07316172123,22.926010876894,0,12.8870272040367,0.320259720087051,54.2499026656151,7.70956310629845,4310.60632792115,28.917085647583,0,6.3809218108654,16.5569261610508,1347.86713716388,1567.27912819386,1344.02927601337,1644.55547246337,0.547413945198059,35.2757052779198,392.482087433338,1512.62720802426,109.674075037241,593.22778609395,0,1.71588778495789,3.95142149925232,34.5432787537575,842.173240482807
0,4731.24725657701,81.38686388731,8.81453016400337,13.6767598390579,0,2.7261626124382,1.95324754714966,6581.0047749877,0.805261552333832,5.87677150964737,10.5975907146931,213.295764625072,6.78892356157303,213.943454384804,8042.68027737737,16.2694269418716,0,9.88115391135216,3.46549594402313,1026.58964392543,0,709.753117650747,15651.6770887375,2457.15305882692,101.703925013542,16537.2761774361,454.030289620161,36.3511756956577,14.2159561514854,16.0902215838432,0,11.0050877928734,24.6015187203884,18.5083697140217,153.448655158281,43.8684491813183,37.8551477491856,38.3367073535919,38.7020889222622,3.55190014839172,0,201.202557474375,54.6558773517609,37.3847400546074,8.86092072725296,20.0269333422184,5.92092841863632,5.18935367465019,2.52840346097946,888.688533306122,372.045186430216,4.81717386841774,0,1.67287543416023,51.8179698884487,12.258011341095,57.8741956055164,14.7408697605133,3.95425176620483,1.89308643341064,28.7408636212349,13.8755136430264,4.07017374038696,3320.75398874283,18.0674883127213,1.45791539549828,6.85262107849121,4.54978638887405,120.204393714666,3221.51440647244,1397.79593402147,745.109928011894,26.7064033150673,67.2797328233719,6733.29942467809,123.850409805775,10.0839789807796,65.1056498885155,13.1810606718063,0,0,16.3101185560226,22.1441313624382
2596.705008775,86.0387467741966,40739.2245662808,42.4685392379761,29.2316220402718,283.07686753571,13025.6219800264,3956.37130452693,156.52483817935,437.448078036308,97.8227247297764,154.168310195208,9.82750290632248,7440.92733556032,587.752699434757,8332.15705820918,21358.6264838278,164.43972542882,2628.71971523762,66.166424125433,40207.7611561418,709.753117650747,0,5533.7047381103,24.7061405479908,17388.366317302,33716.6095148027,12648.7852447927,5616.06371185184,19385.8846866488,15.1759332418442,38.7687694728374,651.257998347282,13124.7645134628,9801.35200750828,50304.7592767328,10793.0610104501,30480.1597069204,30121.4778804779,183.658293992281,649.993915587664,223.543373525143,957.274245649576,123.537209510803,206.655734807253,121.647664964199,123.101826667786,71.7318434119225,30.4415841698647,36.6725355386734,100.606374680996,1650.4416872263,1.77640256285667,0.432424187660217,12.2214706242085,289.864479213953,92.9775323569775,279.821211516857,31.7750029265881,1.53487387299538,9.72954022884369,0,112.229451984167,12.2929876446724,7650.6713719368,128.301115691662,3.88809996843338,45.5852484405041,14.955396771431,640.323023527861,2106.95074000955,4625.17883956432,1233.32386189699,3.1891627907753,223.776653140783,7842.78183159232,1294.47201895714,96.9710798561573,278.315482199192,0,2.79063645005226,2.45596545934677,106.314925789833,2888.96390908957
129.943347156048,4292.99007225037,239.588651567698,6118.75375083089,317.54607206583,284.698670476675,1259.42340666056,654.483762264252,25110.1507782638,770.774623006582,227.710568040609,852.019697993994,189.418415665627,436.870700180531,3050.79195165634,7199.93390598893,94.4725131988525,114.578777700663,164.211353629827,974.811905652285,2569.83401060104,15651.6770887375,5533.7047381103,0,1659.21753892303,732.049498736858,14578.2096073329,17336.2715170681,2242.9366569519,124.775089979172,47.0952571034431,155.095852226019,838.982653290033,1103.31074729562,1600.54133546352,5711.08992776275,365.632476985455,1913.69453671575,732.269114196301,1309.16594800353,397.154121428728,390.780447483063,4189.2210970521,128.356828212738,1078.08169570565,162.016692280769,1328.27095016837,836.171135962009,373.667192906141,130.334618031979,178.802038431168,78.1638806164265,885.364277511835,9.59436693787575,378.403770983219,2695.33605742455,1914.25859132409,5407.54200521111,1781.45576936007,52.3375851213932,691.990156441927,16.2387546300888,1056.86467945576,104.201191782951,1985.53123012185,17.7577508985996,18.5063467621803,23.2619509100914,1784.64997935295,1643.88610169291,1478.44359666109,1069.99635347724,10694.2600088418,50.2269749641418,97.8225772976875,712.126696050167,12813.2771828473,854.027642905712,838.028871804476,3.28112423419952,62.6865672171116,26.5407907962799,350.891362726688,343.771901428699
0,4008.41274988651,3.65485292673111,2.41333001852036,3.42414182424545,1.68824505805969,1.16331386566162,1.71716749668121,1561.98765146732,1.49361914396286,592.754058599472,4.0151025056839,6170.21801495552,1.28039878606796,38.8952112495899,146.960772871971,7.46795964241028,9.31612831354141,15.7889111638069,0,37.7375831902027,2457.15305882692,24.7061405479908,1659.21753892303,0,1022.36947128177,10172.1293340325,10.9681925773621,2.66873449087143,3.74133920669556,1446.29463177919,1.40922296047211,0,43.7994311153889,8.26148498058319,110.012197285891,196.298228651285,69.0692822635174,39.9808278083801,12.2350362539291,0,92.1924846470356,115.570971250534,77.7864221036434,66.6982470154762,22.413233101368,6.18172907829285,4.4850041270256,9.42515784502029,2.08979639410973,194.813045740128,5.84919506311417,1.39407169818878,0,2.61750692129135,1.96721827983856,3.67421942949295,64.3492639064789,5.93334153294563,113.541939735413,2.88364171981812,1754.20187419653,3.33200719952583,1.741723716259,7.23556083440781,10.4668185710907,22.5193985104561,99.8439920544624,5.40027418732643,1.79937130212784,67.3803759217262,6.01717373728752,73.7639805674553,3353.25311601162,1079.15033188462,4169.74349430203,6.66635927557945,2.48010730743408,3.50257208943367,657.295674085617,1.0638325214386,0,47.2348570823669,7.36874306201935
1185.24388155341,1082.22225865722,37749.6825993359,109.862577706575,1.70131668448448,799.793163299561,2866.53016115725,2699.62334047258,151.86880505085,3154.27645866573,10561.7300776541,1895.18374457955,1900.95487341285,4319.12346710265,68.9038581550121,96.4314061701298,27949.5134774745,3911.79808345437,21543.8607308865,575.338218063116,2904.47360244393,101.703925013542,17388.366317302,732.049498736858,1022.36947128177,0,38422.925153017,1007.59176751971,3549.68994106352,1312.7455650568,2177.23349314928,172.146846801043,197.182457089424,13915.5871669948,1411.84112799168,22721.7091385126,11533.4009541571,13452.3009685278,12106.5131845176,237.520583957434,155.349803566933,863.891484051943,3212.23545023799,902.617525607347,1161.9772041142,510.095451802015,122.12914249301,85.993874669075,61.7041558623314,43.4995699524879,1821.05749127269,1885.68908810616,2.85503771901131,2.91290235519409,9.16498476266861,152.597168117762,51.7117320597172,241.214928239584,8.46888270974159,331.119367092848,21.951873421669,3434.91960006952,101.855151772499,4.06863337755203,50.9936582744122,1244.83655011654,267.229722678661,2244.77185583115,54.6846448779106,104.153950929642,196.735653936863,564.191827893257,140.370215207338,1996.57473319769,16572.9873544574,39275.0302673876,86.1848622560501,85.3878857493401,159.101069122553,2690.85672736168,5.21341216564178,3.66109699010849,923.821721851826,754.797625333071
611.543400675058,37566.2363368571,17721.4467380047,77.4119171798229,30.4927613735199,242.444486200809,1367.73971857131,1052.45477259159,7290.59046763182,1289.33519813418,742.092633336782,587.902401328087,3473.44794887304,1763.33887159824,472.339240193367,8635.65826043487,27783.1513374448,605.110276967287,8371.89587762952,248.162765115499,4158.45129474998,16537.2761774361,33716.6095148027,14578.2096073329,10172.1293340325,38422.925153017,0,2676.36661660671,2409.43826287985,1589.941275388,1402.15879464149,51.1730457544327,273.440611749887,10566.4639728665,5850.81000372767,61979.356836319,17578.1255135536,21101.0606599152,31543.1708797812,212.117334932089,303.079169988632,381.817920923233,8245.19099262357,1760.89134681225,2386.50150102377,939.710923403502,534.846769034863,200.747296690941,88.8159179389477,158.383610486984,9901.55472025275,14677.0343083739,17.9455108940601,0.418801009654999,35.6255968213081,1425.79200187325,289.154988110065,423.166165709496,114.843304902315,272.68438538909,24.086338788271,3017.11486759782,648.438377439976,30.9638456106186,9487.24031582475,2962.57645735145,303.18944889307,2579.69977235794,32.295685261488,634.511574923992,8518.78258386254,14911.9858539104,1187.14310708642,5215.02411684394,19551.9120517671,124240.170457929,557.184508293867,175.439653337002,339.548956483603,2358.56775870919,4.02618557214737,8.70459535717964,1917.35866782069,2747.14163503051
295.023496896029,47.6385462284088,829.745780557394,18083.7552946508,147.872482299805,1136.66551759839,52616.9655615538,1824.44083437324,7353.06943187118,9501.94475677609,234.177960664034,577.051116406918,20.1770004034042,1578.43034006655,1935.04091149569,3428.26792255044,269.012766867876,148.471727520227,266.491367280483,1937.37041854858,26145.6945140362,454.030289620161,12648.7852447927,17336.2715170681,10.9681925773621,1007.59176751971,2676.36661660671,0,4998.54637952149,16481.3779921979,22.629975438118,212.57344968617,2030.57921540737,3266.51072642207,3568.49150657654,12356.3025540411,515.579865634441,5486.048630476,1796.79090318084,1390.40288773179,925.755958974361,350.649791359901,3858.04905834794,99.9202084541321,1094.47508502007,176.994429260492,1485.02016966045,819.349887758493,297.33442479372,129.668200224638,29.6977142095566,52.0272701084614,1948.94026479125,8.23649963736534,573.845066577196,2679.22011080384,2204.85466125607,3804.92001980543,3610.25424706936,32.3126317560673,1352.20994722843,2.52061966061592,1022.0915530622,110.600194722414,1204.31192776561,5.11448189616203,2.9264717400074,6.91544607281685,3898.70862573385,1279.03941315413,562.276961475611,789.224990129471,8380.67285296321,5.90073344111443,16.6473969221115,240.128036648035,14480.3553956151,815.18412733078,725.00052562356,0.964630424976349,55.3861014246941,20.4982264339924,371.435005947948,517.003678739071
20061.3512731791,7.01941704750061,1391.44785881042,437.247845202684,2.5823822915554,1146.48866337538,6893.0575928092,5235.24690268934,138.456773430109,6910.32420410216,1033.24608579278,1832.17480164766,29.4555894732475,25690.4799060524,147.236130952835,66.0186006426811,6053.70433478057,577.318049877882,1387.92715921998,888.078180015087,1551.54161262512,36.3511756956577,5616.06371185184,2242.9366569519,2.66873449087143,3549.68994106352,2409.43826287985,4998.54637952149,0,16618.4604864568,69.4660080969334,806.387986600399,5495.56194758415,11896.7873131633,383.01624533534,3532.13416340947,98.1910074651241,2900.45062848926,542.646940231323,622.563272118568,312.41533061862,563.127643913031,328.461141914129,19.443499982357,63.0651694238186,11.8149728477001,123.347460389137,53.2969833016396,40.7170237898827,4.63312029838562,4.15296858549118,17.207656621933,79.6843572258949,0,27.5997715592384,189.342010617256,131.703904241323,242.566510587931,165.322177171707,1.18561005592346,74.5807533562183,2.28821814060211,42.6258899867535,4.74104809761047,139.804570406675,4.89818480610847,0,2.34671714901924,258.833046197891,165.804004400969,54.545480966568,85.5303422510624,607.299981921911,0.635959565639496,14.4808510243893,70.1552634835243,1204.88332867622,35.7141768932343,50.0040869414806,0,1.01010894775391,4.16980266571045,33.3259385228157,47.9767757952213
14265.6854380965,2.51223230361938,771.285150587559,25.3769728839397,6.50770577788353,295.024525359273,19980.0752423406,7631.86173588037,22.9441503882408,338.070882201195,93.9097376465797,81.6627512574196,6.35913395881653,21755.4428143352,310.857870906591,6.88001593947411,4716.55460697412,92.7011997401714,469.511703163385,30.9387545883656,32232.3209156096,14.2159561514854,19385.8846866488,124.775089979172,3.74133920669556,1312.7455650568,1589.941275388,16481.3779921979,16618.4604864568,0,9.12396630644798,22.1392585337162,2332.69104060531,8465.57969254255,1263.84877482057,2802.84603717923,95.2734177410603,5580.23943501711,1145.13552963734,121.685664653778,319.610749930143,44.0663295388222,173.499729394913,4.76506531238556,7.4950287938118,8.4816991686821,20.0615857243538,19.6414433121681,3.86409571766853,1.48417770862579,7.96547663211823,9.53492292761803,0.478605985641479,0,3.26439192891121,44.2194100916386,13.9253304004669,159.655109494925,9.46011173725128,0,5.6206416785717,0.586791694164276,13.6381480693817,1.68465960025787,189.045520037413,0,0,0.83147931098938,2.85598224401474,135.070967793465,90.012782484293,110.546050161123,400.332867652178,1.29163062572479,7.21150830388069,43.6836013495922,659.984685778618,15.7564956247807,47.6630274355412,0,1.90464442968369,0,2.10473155975342,250.160209238529
