0,0,71.729069262743,4.30798077583313,9.91430532932281,196.313426315784,9517.04080253839,2644.00521910191,2.50962126255035,120.883988171816,48.8423868715763,60.3521913290024,30.6536705195904,14631.2818305492,7.01893395185471,0,232.8527777493,49.0637301802635,76.5771921277046,17.7626410424709,364.735589385033,0,577.111678391695,14.1856707036495,2.20319306850433,104.611170738935,93.7775649130344,65.4260650277138,7282.69817402959,4268.16672056913,11.8051868379116,53.0663730204105,60.8100760281086,148.790960937738,13.1604270339012,133.60533747077,11.0779668688774,109.369903028011,31.1538504958153,62.8585738241673,30.4529343545437,11.5897809863091,6.39650502800941,0,1.13431510329247,1.45303136110306,0,1.5498338341713,0.681276261806488,0,0,2.08729100227356,1.32739740610123,0,0,1.80689108371735,0.869107097387314,0.991441518068314,0.42475438117981,1.78531485795975,0,0,0,0,4.60549587011337,0,0,0,0.78770512342453,0.543328523635864,0,0.441958874464035,16.8272233903408,0,0,15.0037835538387,12.5305261611938,1.59830617904663,0.539239764213562,0,0,0,0,2.19322729110718
0,0,57.7401601672173,2.79265138506889,1.11644089221954,2.86480849981308,24.2647674381733,5.37473729252815,1598.60375276208,10.1165116727352,580.225827723742,7.7329064309597,677.408196985722,5.72499200701714,39.0129610300064,99.6692585945129,37.3982520103455,1.29220151901245,1.16543787717819,5.46795600652695,101.769331812859,2155.04212874174,26.7756088972092,2214.03941133618,5529.39275455475,192.788876533508,22140.9750307202,165.408280044794,8.50374463200569,0.635262489318848,38.3139134049416,2.28920674324036,0.460511416196823,58.6284537017345,3.52502954006195,75.9354200959206,61.6817554235458,50.7737829685211,21.7760443687439,29.5830555856228,0,125.327621102333,117.949439167976,178.821028590202,51.310883641243,31.0998826622963,4.16788297891617,0.636313438415527,236.14865514636,0,2914.31505423784,187.78710526228,0.340795129537582,0,0.620158433914185,1.67470836639404,1.50294572114944,57.0148372650146,1.9542393386364,114.976372718811,0,465.158490806818,2.00866168737411,2.60847818851471,14.9241836369038,34.9512799084187,7.96357935667038,38.7528600692749,0.916338264942169,4.1105323433876,52.6321480870247,24.2182220220566,67.0778232216835,141.662231564522,334.50432986021,7537.52323922515,13.7572675049305,1.90394872426987,5.58974966406822,111.894605576992,0,0,26.5297168791294,4.24167853593826
71.729069262743,57.7401601672173,0,5.61650365591049,14.4606502354145,106.566125750542,1592.09966889024,666.912744909525,8.35784262418747,179.82774579525,47.16682690382,63.9871626794338,159.006444841623,910.019114255905,30.7409028112888,16.4522338211536,24935.4354960918,126.279904276133,1249.59927308559,26.4991641938686,3085.31668180227,26.1822507977486,29440.1690065265,50.5200033187866,14.0739181935787,13868.1084406972,40980.4459244311,1006.96600598097,864.566784769297,1290.25505888462,5.75936526060104,70.32190361619,66.9867612421513,2251.48271852732,452.933637827635,6623.26504853368,2184.62335982919,3350.55527713895,3402.29917630553,95.4100793302059,145.783657431602,21.0696406662464,359.867233604193,153.888833135366,150.86646270752,140.118515849113,13.2092916369438,2.50358843803406,6.7250839471817,0.412766635417938,109.492222130299,2995.93227949739,0.808205157518387,3.55223739147186,0,25.2587078809738,2.69686207175255,41.4398304820061,0.425382763147354,5.38329765200615,1.37527307868004,4.42528015375137,6.66528233885765,0,19.8032533824444,390.753212302923,4.51282885670662,130.574635148048,0,31.9286058247089,125.483128845692,273.547430127859,73.4073686301708,18.0386088490486,665.193289220333,9741.54032987356,52.6571835577488,8.0226659476757,15.5298165678978,1.53198778629303,0.407297879457474,0.774039745330811,113.287335515022,355.945714861155
4.30798077583313,2.79265138506889,5.61650365591049,0,13.9817340672016,277.610985964537,346.516898483038,191.323968142271,1622.46880999207,4253.34994187951,20.5410617440939,8109.79480552673,105.666613638401,154.619279846549,593.873266935349,1.46979537606239,6.16992887854576,8.9836552888155,7.3532429933548,27146.5405335724,13.4350385963917,10.9706427156925,25.4294421672821,4312.29419261217,152.599465280771,12.1320840418339,17.5924935638905,13593.7734436095,277.188472181559,12.4764788150787,2.23493948578835,13.6603100895882,21.8177421987057,153.051835775375,70.09746748209,562.74440664053,6.97240701317787,133.021950900555,34.6342195272446,540.464034289122,89.1204041242599,11.9419722855091,214.88099399209,0,102.691800445318,19.5212078988552,313.256524145603,55.1337570250034,4.39076048135757,0.946361720561981,5.13415890932083,2.98184898495674,1541.59716102481,8.05577057600021,142.670375108719,165.833746373653,140.032975107431,1566.99049910903,655.973924517632,2.84229093790054,874.741914093494,0,59.0609049201012,199.654063969851,2.92566114664078,0,0,0,472.03699529171,2.8355051279068,13.6301649212837,4.11729207634926,2662.93768808246,0,0,13.6231183409691,1892.15197139978,79.6913194954395,4.2294135093689,0,0,6.3815743625164,79.2771021723747,11.035911411047
9.91430532932281,1.11644089221954,14.4606502354145,13.9817340672016,0,3477.07114976645,114.057555705309,561.326001167297,47.4883563220501,135.832609415054,116.840818226337,199.722540974617,78.648599922657,166.653589844704,1783.98687380552,19.9700914025307,18.1687512099743,45.4943151772022,18.7392557263374,22.6499262452126,337.153259932995,3.96286571025848,626.210275560617,45.5319110155106,4.6595738530159,70.3578059971333,124.831310272217,181.160195976496,136.438061863184,74.5678753554821,6.80987751483917,1164.68303078413,12.2232154011726,2238.67807933688,993.54100137949,352.569535404444,55.4781597852707,88.484736353159,82.9418330788612,13540.3327680826,8158.56619310379,24.7561579942703,54.0995421111584,36.1938041448593,14.6122989058495,94.2969453930855,2.7705465555191,9.36335778236389,2.19046765565872,1.03499069809914,0,10.1700610518456,3.25965097546577,0,6.82360869646072,6.86579889059067,0,10.0146859288216,5.34015104174614,3.27760303020477,18.1386668086052,0,0.335639029741287,7.04853269457817,10.0163224935532,6.20266830921173,6.13071417808533,4.83592647314072,2.26199221611023,22.5069177746773,1.12142872810364,45.5009894073009,39.1744345724583,0,25.5795713067055,40.7562171518803,43.7353391945362,7.28214263916016,5.00481271743774,0,0.78045779466629,0,0.660224556922913,3130.90066817403
196.313426315784,2.86480849981308,106.566125750542,277.610985964537,3477.07114976645,0,6010.75435128808,25104.0563519895,423.154855012894,35735.0672611594,657.886792749166,4769.44940471649,957.704036593437,3447.14266297221,7110.5246117115,5.37981644272804,181.462045311928,383.861049771309,184.356689542532,444.614493608475,308.505998462439,13.7095530331135,508.029564917088,329.01786544919,138.447821825743,613.658075064421,298.268176048994,2556.18880540133,2091.7655364573,759.960373967886,87.7183074057102,729.662385046482,40.6283492445946,1753.66073215008,7647.10956954956,4034.10718053579,171.744427651167,868.072530865669,270.992481559515,12105.5005947948,4145.18838387728,356.153517454863,158.833728760481,2.58071863651276,108.261942714453,18.6909314990044,101.47509354353,53.5722538232803,28.3548052608967,0.619247138500214,2.45923414826393,1.50232750177383,271.801927864552,0.941969633102417,22.8914791941643,83.2595007121563,61.1580127477646,369.767152577639,185.204123675823,45.5893437862396,322.800317287445,2.71762809157372,37.2908278405666,46.4491601586342,6.36588194966316,0,1.01301074028015,0,128.837300688028,4.73879635334015,11.0057489275932,3.50587540864944,1047.26973062754,0,0.687477171421051,16.8405112624168,665.507422894239,52.4190217256546,3.55961301922798,1.98124915361404,0,11.9093277752399,65.9073370099068,426.339963048697
9517.04080253839,24.2647674381733,1592.09966889024,346.516898483038,114.057555705309,6010.75435128808,0,16508.1402983367,1212.01078617573,24835.2457477748,216.440678775311,381.711929023266,427.712997853756,26049.3188319802,765.736362040043,103.825559288263,685.656627774239,175.541781574488,210.919974893332,471.614347040653,6609.53189784288,150.295078039169,5932.04661619663,3503.19474855065,186.158380836248,493.481526851654,3699.06287878752,54040.289296329,4656.01202347875,9007.78097370267,19.7267096340656,167.841602951288,1010.36559441686,2389.7990476191,1073.24417284131,7099.9519867003,332.321551829576,2696.70289599895,1327.63148450851,899.661571651697,580.452405303717,85.4809464812279,1487.34029632807,13.4559044837952,509.715222775936,142.727890282869,303.113076746464,275.577132403851,14.6145703792572,4.96498438715935,8.65279984474182,111.956232964993,486.266899257898,4.16357284784317,128.010921835899,328.409291923046,361.2917984128,783.378439277411,536.081181377172,16.5067185461521,575.18412527442,0,296.054532676935,80.9569852352142,146.002318233252,8.76149931550026,0,1.54896166920662,250.406829833984,129.679832220078,103.930269420147,121.307583093643,4098.12734460831,1.47559094429016,1.54121834039688,413.94179341197,3554.66351827979,621.574653893709,67.4209537804127,0,4.93729758262634,119.331709653139,540.270980924368,226.756522685289
2644.00521910191,5.37473729252815,666.912744909525,191.323968142271,561.326001167297,25104.0563519895,16508.1402983367,0,127.112623631954,9782.74065203965,774.568938553333,3360.18430304527,868.318999767303,40559.9696272612,988.534128427505,5.9325752556324,1324.06806117296,486.393958598375,488.161726295948,695.663992851973,2610.32163360715,20.4842571616173,4338.62604337931,203.526424974203,109.922857791185,1086.10438404977,693.024018138647,1122.55259023607,5358.95241209865,7841.32433480024,105.468472033739,3523.95840680599,140.245809644461,1724.78815382719,1009.21518838406,3347.06532970071,203.188587576151,1123.30617177486,387.553962945938,3904.79508110881,1265.16617465019,317.992731243372,187.273102223873,5.73904845118523,122.77867975831,23.0307050347328,85.1924569308758,52.6571357548237,17.7328339219093,1.18031311035156,2.83246874809265,14.525199174881,92.26182949543,0,23.6763015985489,74.7657858431339,60.0767942965031,115.939682126045,119.442769855261,32.4188904762268,195.101503044367,6.29482319951057,39.7022534012794,7.66528731584549,20.0953724682331,0,0,0,68.5578590035439,12.5196522772312,10.1154625713825,6.5866753757,955.073964864016,2.97152388095856,1.44874149560928,42.3098308444023,512.923306748271,76.7944818735123,7.79982614517212,1.21900987625122,0,20.0528168082237,79.9671723842621,75.3868664205074
2.50962126255035,1598.60375276208,8.35784262418747,1622.46880999207,47.4883563220501,423.154855012894,1212.01078617573,127.112623631954,0,1052.99047097564,148.724564313889,1732.158885777,268.400083601475,94.2137139737606,4784.99633935094,18.5928385257721,10.5602598190308,10.9224778711796,3.96547099947929,624.046202629805,25.5548757612705,10829.5395193398,58.5189372003078,12645.9094709754,927.105111300945,38.9414312243462,4871.74586802721,2673.47416654229,242.477558523417,19.7480027377605,15.1753422319889,8.04403764009476,61.2078449428082,129.33595058322,70.0981160104275,539.422835797071,32.5821232497692,96.3769088685513,32.707086622715,2090.46080976725,49.0173992812634,28.0518054664135,690.183501273394,40.4414658546448,192.156458318233,107.003336548805,334.602679878473,123.284075647593,51.6791878342628,2.94972109794617,23.3785529434681,36.1184087097645,915.901871830225,13.3397471904755,168.454159647226,313.787629812956,229.963286280632,5035.67899477482,523.780585080385,39.8159889280796,580.420473605394,67.72559851408,227.160622388124,251.347339630127,269.759816199541,11.1906408071518,15.0778507590294,9.92924958467484,301.361654788256,216.298380434513,350.371490627527,83.2847728729248,6406.68282482028,12.4329547286034,39.0075543820858,192.295020550489,2528.38304123282,419.997773945332,83.3496486842632,7.49946719408035,6.74553650617599,47.4698783755302,204.633384406567,131.363743454218
120.883988171816,10.1165116727352,179.82774579525,4253.34994187951,135.832609415054,35735.0672611594,24835.2457477748,9782.74065203965,1052.99047097564,0,545.75172868371,4734.27110931277,947.391023159027,5425.00494292378,1584.988596946,9.1892112493515,109.930187880993,417.483685970306,260.52365025878,6591.69073629379,305.153657466173,41.6284421682358,431.070483416319,1174.08190777898,233.667182147503,573.041989922523,395.665929853916,26703.6106448621,4413.40570116043,293.052972316742,41.3277073204517,346.693833112717,145.70477643609,2165.37485253811,1117.50948423147,6585.16511669755,202.584033250809,1848.4221201539,408.144930690527,1992.24841749668,1296.14383545518,255.452707946301,510.48287203908,2.59704193472862,249.489957004786,54.3457429111004,351.012930423021,121.710447430611,8.48906761407852,3.87715572118759,7.59403026103973,2.84547173976898,1133.46007928252,4.33511543273926,165.431934058666,308.15788424015,263.171765863895,1230.24190986156,1220.52898135781,17.5284242331982,1175.36168304086,2.33935713768005,119.204747468233,120.657560616732,17.8085496127605,0,0,0,562.914539992809,9.59563162922859,27.2096391320229,6.04788962006569,3735.52857843041,1.45676049590111,0,40.2439045011997,2539.49124452472,218.062565624714,12.4884775578976,0,0,22.4623007178307,186.38181078434,67.828296661377
48.8423868715763,580.225827723742,47.16682690382,20.5410617440939,116.840818226337,657.886792749166,216.440678775311,774.568938553333,148.724564313889,545.75172868371,0,590.609121769667,10981.0858007669,1019.34198251367,12.342134475708,10.4152191281319,224.352450162172,15443.0859193802,1477.6399320662,161.49301174283,135.18705317378,260.055599421263,290.778340369463,197.64476364851,1655.26420482993,8270.4667262733,1941.45225358009,72.1321624815464,2020.53833520412,249.101480394602,3800.31360831857,1565.03757813573,12.8002123832703,8926.00613000989,30.6876520812511,653.500497788191,1741.74911627173,3363.30730575323,367.706958085299,292.251927316189,96.3311672210693,2104.95601835847,10.1601625978947,677.691461801529,35.7680748105049,10.7716996073723,4.47895330190659,9.49589768052101,280.446217894554,0,39.6771987378597,3.61073458194733,0,0,0,0,0,20.8941611647606,0,718.089028328657,8.0126990377903,3197.32631960511,1.23349419236183,0.593450367450714,0.625047862529755,1.14864313602448,25.205025613308,11.4322246313095,0,0,14.6202394664288,2.21348828077316,31.6585628092289,95.271961838007,788.783412724733,1325.77758795023,3.58374190330505,0.479312866926193,0,883.584881007671,0,0,53.335061788559,15.8838346004486
60.3521913290024,7.7329064309597,63.9871626794338,8109.79480552673,199.722540974617,4769.44940471649,381.711929023266,3360.18430304527,1732.158885777,4734.27110931277,590.609121769667,0,1174.25666585565,1954.02197250724,9952.25814700127,0.458174020051956,104.345452189445,426.273210972548,269.314156800508,20197.4669391513,45.3719596862793,17.5192046761513,120.016176253557,933.631994843483,720.100513935089,655.73407176137,314.922585040331,4138.12060272694,2377.7911516726,161.845903247595,69.0965241491795,280.473322659731,14.7013781964779,1345.98893114924,938.594606071711,5593.31702932715,237.526878029108,1162.85281777382,206.469580441713,8691.52572238445,973.004269450903,247.866648167372,300.972854793072,3.98048216104507,146.798123687506,46.6738221049309,458.914265334606,80.2057099640369,20.377771794796,3.29284024238586,0,1.03350365161896,874.829464763403,9.25922703742981,105.041179984808,90.55086389184,136.509801447392,1107.26046904922,418.562749922276,26.9401493370533,1417.39765495062,0.403016030788422,84.2751817107201,255.839674204588,2.9952384531498,0,0,0,417.622843444347,1.81481572985649,8.70192515850067,8.37319329380989,1948.84290972352,0,4.59381970763206,8.92613986134529,1235.79976528883,115.353671252728,4.09532254934311,1.12342497706413,0.444663852453232,10.0244106054306,99.6269554197788,103.758437335491
30.6536705195904,677.408196985722,159.006444841623,105.666613638401,78.648599922657,957.704036593437,427.712997853756,868.318999767303,268.400083601475,947.391023159027,10981.0858007669,1174.25666585565,0,586.253183335066,205.267800301313,46.988073527813,146.178317904472,121.782684504986,65.6930092573166,374.365833133459,462.393515706062,257.646748006344,707.952148079872,489.626120537519,10958.7708057761,706.849707186222,6696.62323516607,663.05596190691,741.878831535578,331.546598821878,5579.28174632788,372.41125485301,39.4691377878189,2835.01049205661,620.685098141432,8813.66389751434,3595.90977972746,6087.05750304461,3025.97526741028,3467.36894714832,2779.3777333796,7768.8729288578,501.94913443923,1409.53292313218,563.439446091652,102.76886254549,966.060409337282,332.67158254981,1146.81501063704,0.924834400415421,91.2642762064934,21.2261886000633,33.5275048017502,1.63710278272629,30.3989483118057,30.4512534737587,53.6540057957172,135.595091462135,55.5293382108212,2089.2891959846,188.939622461796,6938.63789489865,53.298066586256,30.3194017410278,11.9068965911865,5.51866194605827,39.9990051984787,16.6645548939705,36.7369805276394,11.4139521121979,47.9216436743736,6.95957571268082,310.594709575176,546.781210780144,1682.65586328506,3682.52707630396,165.173509091139,55.1792474389076,11.5427011847496,2294.78966158628,4.3125473856926,4.85109359025955,332.268707215786,133.060514301062
14631.2818305492,5.72499200701714,910.019114255905,154.619279846549,166.653589844704,3447.14266297221,26049.3188319802,40559.9696272612,94.2137139737606,5425.00494292378,1019.34198251367,1954.02197250724,586.253183335066,0,175.388712525368,8.83521336317062,2163.37282413244,652.087258815765,823.950079888105,587.118803888559,3366.41488462687,18.9387958645821,5706.69426637888,202.016588300467,92.3797064423561,1636.56591975689,1051.93009233475,1061.54094716907,22935.765784353,16260.0157002509,99.4361832737923,1322.89294105768,303.768486738205,2171.96765720844,217.784114599228,2309.89273038507,193.129641443491,1166.27491387725,356.552269846201,1243.1854275465,700.65377625823,193.634125173092,171.743544280529,8.98252099752426,52.3416438102722,13.8693971037865,24.8521442115307,45.2028802335262,8.02845522761345,1.26189437508583,0,29.2350951433182,65.5955135524273,0,16.3610374331474,49.7313770651817,26.9512702822685,69.9090206325054,33.7820715904236,15.8376234173775,109.283990353346,3.8560808300972,19.8488471210003,8.07232049107552,33.746387898922,0.468575328588486,0,0,31.4488217830658,15.7997281253338,9.48810991644859,13.9388902187347,547.317976117134,0,0.503662109375,111.137237250805,342.244901567698,41.188831537962,7.33264645934105,0,0,9.8804412484169,61.0116109549999,21.9641204178333
7.01893395185471,39.0129610300064,30.7409028112888,593.873266935349,1783.98687380552,7110.5246117115,765.736362040043,988.534128427505,4784.99633935094,1584.988596946,12.342134475708,9952.25814700127,205.267800301313,175.388712525368,0,30.6881281733513,58.6195184290409,12.7635686993599,13.1457731425762,360.630863636732,588.133564382792,167.410036027431,741.463374197483,1337.2532941699,266.326257050037,43.4105727374554,270.566304683685,1137.66390296817,189.838480293751,177.941587716341,0.413823038339615,35.5429410636425,39.3402804434299,126.103043109179,4307.06067246199,626.948920190334,100.266775727272,115.311183691025,139.445090293884,14698.8168027699,216.664215326309,18.7332799434662,162.63912704587,37.4962477684021,60.8283988833427,96.3958467841148,192.843600898981,29.7616440355778,5.37223929166794,0.619811713695526,0,17.4761705696583,242.06392711401,7.24793118238449,33.3189444541931,42.3124144971371,31.5553619265556,510.478950411081,96.6485278010368,5.33259224891663,323.661226212978,2.79893791675568,13.4606882035732,131.057769149542,28.2201794981956,2.59618544578552,2.83260726928711,5.45876520872116,108.959853440523,38.2977970838547,17.5949603915215,46.5356985926628,616.986813604832,0,18.6460904479027,39.8267127871513,363.497055441141,24.3162489831448,9.28159654140472,1.00000166893005,0,4.1764223575592,17.4906658232212,2891.25688976049
0,99.6692585945129,16.4522338211536,1.46979537606239,19.9700914025307,5.37981644272804,103.825559288263,5.9325752556324,18.5928385257721,9.1892112493515,10.4152191281319,0.458174020051956,46.988073527813,8.83521336317062,30.6881281733513,0,79.1034155786037,1.39307689666748,11.2554525136948,0,9554.70236036181,6519.44205358624,14874.9966908097,5130.65035372972,126.678106963634,36.9325135946274,6392.3179474771,2565.45305854082,10.5907047390938,21.6192872524261,3.17257636785507,4.8399857878685,3.49335592985153,68.0742335319519,395.071362435818,3284.86256071925,2843.37459030747,386.477989852428,768.874546051025,27.6665687561035,15.2920035719872,2.7833423614502,889.113898992538,134.858058422804,237.746650874615,205.976722478867,24.5873562395573,15.5369053483009,7.63744443655014,2.29286414384842,4.48328977823257,283.038750112057,1.27098917961121,0,2.15188345313072,61.4119511544704,22.5916305184364,32.3106587231159,6.37847685813904,6.85919213294983,5.14598512649536,2.18838119506836,29.689375847578,7.67824572324753,10901.4101470709,38.3415691554546,6.53243586421013,10.0381708741188,7.73327749967575,1831.65971633792,2771.63339805603,10376.9445244372,762.452205121517,1.5188752412796,17.4690773189068,4121.57184788585,997.791692256927,56.8551482856274,120.587148040533,0,0.609046518802643,11.7927608191967,73.8307004570961,273.932722955942
232.8527777493,37.3982520103455,24935.4354960918,6.16992887854576,18.1687512099743,181.462045311928,685.656627774239,1324.06806117296,10.5602598190308,109.930187880993,224.352450162172,104.345452189445,146.178317904472,2163.37282413244,58.6195184290409,79.1034155786037,0,937.115649312735,11661.8158648312,33.8389417827129,5944.46460336447,27.0354482829571,16859.5857275426,72.9121132791042,24.520065844059,29295.9809910655,24853.5634948909,843.486668765545,3879.12155947089,6446.88604083657,15.0185644030571,119.276788860559,356.3965036273,8543.99153730273,437.114886730909,3615.92584776878,1100.23392239213,3902.7589289844,3250.59963259101,138.93694627285,148.188548654318,22.5489330589771,79.1937305629253,29.2412393391132,33.0044731795788,29.1554774343967,1.96928310394287,5.04723140597343,1.44666147232056,0,26.9944623112679,530.694169640541,0,0,0,4.35848671197891,0,6.88462737202644,0,0.596748411655426,1.88720887899399,3.31178373098373,1.30017867684364,0,28.117521584034,43.5757963657379,0.799006938934326,14.1354974210262,0.818001925945282,25.475545167923,35.3619459271431,79.1858224570751,25.6591748297215,3.13080239295959,137.777898877859,2028.48135411739,31.064485013485,2.61013245582581,0.996363759040833,1.39069604873657,0,0,23.4713385999203,252.133947998285
49.0637301802635,1.29220151901245,126.279904276133,8.9836552888155,45.4943151772022,383.861049771309,175.541781574488,486.393958598375,10.9224778711796,417.483685970306,15443.0859193802,426.273210972548,121.782684504986,652.087258815765,12.7635686993599,1.39307689666748,937.115649312735,0,6884.39091181755,111.733354777098,133.518533080816,1.41856336593628,346.009346067905,29.4011159539223,28.8672151863575,9099.61625769734,1015.7165607512,63.4581048190594,1360.9211705029,266.669376909733,161.554868191481,582.200820833445,31.4413602352142,4013.52642977238,175.784177571535,1426.63400447369,1868.52147126198,5380.80395364761,1933.39426863194,181.640047848225,52.8014857470989,58.4321184158325,21.6569179296494,28.8919968605042,3.63058251142502,5.81831747293472,1.65192782878876,1.54721105098724,1.99645090103149,0,0,7.0597825050354,0.355935603380203,0,0,0,0,5.92074972391129,0,11.9529718160629,0,47.7160794734955,0,0,0.548254728317261,1.08276292681694,0,1.59313088655472,0,0.454017579555511,0,0,0.968725681304932,0,137.429133266211,218.088488548994,0,0,0,28.8876311779022,0,0,2.02852749824524,68.5316216647625
76.5771921277046,1.16543787717819,1249.59927308559,7.3532429933548,18.7392557263374,184.356689542532,210.919974893332,488.161726295948,3.96547099947929,260.52365025878,1477.6399320662,269.314156800508,65.6930092573166,823.950079888105,13.1457731425762,11.2554525136948,11661.8158648312,6884.39091181755,0,73.2181776463985,913.52273774147,3.11168524622917,2098.24755719304,27.2015417218208,4.69766086339951,15634.3932654262,2822.46049070358,218.254630148411,1659.00884464383,1313.17857301235,22.1164537072182,250.037028253078,137.738397181034,5107.76098653674,233.177961438894,2698.6446608007,1692.34607207775,5263.21830394864,2695.36070719361,85.6922527849674,66.6088601052761,19.5674034953117,24.040502011776,3.90438589453697,5.07975044846535,5.85477840900421,0,0,0,0,1.96674060821533,40.153098911047,0,0,0,0,0,3.55565369129181,0,1.18269610404968,0,5.62399566173553,0,1.69976848363876,7.03098505735397,1.96088844537735,0,0,0,4.35900008678436,1.97952318191528,7.72455498576164,6.64694172143936,0,52.2822327613831,204.41815340519,10.9626216888428,0,0.446931451559067,4.67445638775826,0,0,2.48091581463814,108.344766080379
17.7626410424709,5.46795600652695,26.4991641938686,27146.5405335724,22.6499262452126,444.614493608475,471.614347040653,695.663992851973,624.046202629805,6591.69073629379,161.49301174283,20197.4669391513,374.365833133459,587.118803888559,360.630863636732,0,33.8389417827129,111.733354777098,73.2181776463985,0,33.2527359127998,14.2635314464569,49.3944697976112,640.13580518961,278.459730118513,182.528324335814,100.516355842352,5848.53620865941,837.562639325857,50.9742792844772,15.4215896129608,61.1557559370995,21.1118330061436,417.145097136497,264.768148809671,2295.17461585999,70.9292699694633,429.449154853821,107.708700567484,622.297828018665,352.293151706457,69.8398372530937,489.04351657629,5.85603988170624,206.115907222033,69.4145079255104,381.933858126402,157.545964390039,15.7735447883606,3.0432907640934,11.1767826974392,4.9181647002697,1276.45937293768,10.5690259933472,202.114992231131,244.881033480167,334.782136589289,889.242530703545,821.835782051086,16.2990581989288,1144.03789490461,1.48290348052979,181.009040415287,150.647126108408,7.01127219200134,0.46049952507019,0,0,459.466305673122,2.43043476343155,15.4257112443447,7.14760279655457,2871.51378920674,1.70643579959869,0,17.9461095929146,1951.96971490979,216.33886039257,3.13057646155357,0,0,18.2054693102837,189.174909502268,37.5020534098148
364.735589385033,101.769331812859,3085.31668180227,13.4350385963917,337.153259932995,308.505998462439,6609.53189784288,2610.32163360715,25.5548757612705,305.153657466173,135.18705317378,45.3719596862793,462.393515706062,3366.41488462687,588.133564382792,9554.70236036181,5944.46460336447,133.518533080816,913.52273774147,33.2527359127998,0,1332.84506008029,67541.3422880769,1579.53767463565,124.637613654137,1283.06735268235,3910.73424443603,21794.1807594001,3787.60243603587,41456.7883065939,13.1972641646862,57.6894687414169,906.150409668684,10582.7565510273,3560.11734762788,17224.5842437148,4923.79879781604,11830.3331873417,5131.59686481953,488.996093869209,380.32104024291,45.7509052455425,712.91999912262,42.4420853853226,134.532226741314,87.2530313432217,22.9716835021973,22.858002781868,6.40186190605164,10.2326503992081,5.53023856878281,306.576362490654,7.61081817746162,3.76016354560852,4.13258740305901,93.2695646286011,52.3661032021046,37.850830167532,12.5404683351517,5.26257437467575,19.8843044042587,1.23980474472046,92.961542069912,18.5107313394547,3641.6680713892,49.5152911543846,4.03837651014328,16.5711897909641,5.32449561357498,2976.07365188003,906.809727668762,2363.22772496939,960.947459846735,0,16.0051238834858,704.30648675561,1692.53588852286,144.337840259075,282.824337810278,0,0,27.4939369559288,96.3154469132423,770.469709694386
0,2155.04212874174,26.1822507977486,10.9706427156925,3.96286571025848,13.7095530331135,150.295078039169,20.4842571616173,10829.5395193398,41.6284421682358,260.055599421263,17.5192046761513,257.646748006344,18.9387958645821,167.410036027431,6519.44205358624,27.0354482829571,1.41856336593628,3.11168524622917,14.2635314464569,1332.84506008029,0,1280.54956045747,19977.4147825539,1692.83274978399,53.7684237957001,13477.8998930752,1455.61525920033,42.1755482852459,16.4506830275059,9.33768510818481,0,7.99048629403114,53.4876646995544,40.8725862205029,345.806577593088,53.1263623833656,64.6742044687271,31.5845590829849,57.5766615569592,11.0205814838409,62.8172543346882,408.708968341351,101.626976788044,122.867278307676,80.353152602911,13.7749192714691,12.6176029741764,128.415458112955,3.42163717746735,496.916473925114,192.4618062675,7.88472241163254,0.408177047967911,3.86259576678276,35.6161164343357,14.9150305986404,99.0628976821899,7.88059574365616,70.7597696185112,10.8652980923653,191.436805784702,27.6059266626835,9.08279070258141,4806.23721072078,39.7117877602577,2.61801636219025,22.9094686508179,4.53764444589615,762.07144755125,3525.64573314786,2631.46513202786,963.731451272964,44.2367290258408,55.4918826520443,5486.9131167829,609.104015231133,47.5196606218815,68.1031934022903,32.4042196571827,0,8.00112909078598,64.3322384655476,53.5880099236965
577.111678391695,26.7756088972092,29440.1690065265,25.4294421672821,626.210275560617,508.029564917088,5932.04661619663,4338.62604337931,58.5189372003078,431.070483416319,290.778340369463,120.016176253557,707.952148079872,5706.69426637888,741.463374197483,14874.9966908097,16859.5857275426,346.009346067905,2098.24755719304,49.3944697976112,67541.3422880769,1280.54956045747,0,2784.14708688855,178.439163058996,7488.37894329429,28109.4443594813,16944.7005822361,5389.11618763208,19595.2211319208,34.6238716840744,155.532000333071,582.410699129105,11680.7043873966,8159.67920765281,43932.240983963,23501.8689623773,24818.5983200073,23978.5704517066,762.421494185925,556.114389508963,80.5112206339836,1295.18990495801,189.330294370651,466.014106631279,499.461681813002,71.9042664468288,56.9131958782673,4.45528668165207,4.59100934863091,14.738153398037,2415.4178494513,10.0589712262154,16.1785236001015,13.2485783696175,126.985921680927,32.1675618588924,58.6751681864262,21.0453674197197,17.2794224023819,31.8772001564503,0,57.5131173431873,29.0041828751564,10093.8092486262,115.582808673382,11.4102862477303,28.2920581400394,7.52052116394043,1768.82164338231,2279.44972741604,12492.796256572,1048.37289682031,2.1156507730484,77.0312565863132,10738.3346662521,1224.42295873165,72.3387573957443,132.225952655077,0,0.984425961971283,13.7138229906559,142.469932585955,3922.39366185665
14.1856707036495,2214.03941133618,50.5200033187866,4312.29419261217,45.5319110155106,329.01786544919,3503.19474855065,203.526424974203,12645.9094709754,1174.08190777898,197.64476364851,933.631994843483,489.626120537519,202.016588300467,1337.2532941699,5130.65035372972,72.9121132791042,29.4011159539223,27.2015417218208,640.13580518961,1579.53767463565,19977.4147825539,2784.14708688855,0,1716.96549853683,84.4419938027859,12145.6774620116,16064.4206947386,731.663458019495,232.415681958199,10.6243399977684,14.8862987756729,224.672384500504,476.251627415419,437.26059922576,3951.26904663444,404.141123920679,558.773786514997,320.61039736867,969.756613463163,165.621411859989,38.4248332083225,3998.14839756489,86.6151207387447,1187.51245123148,461.279900491238,1111.59426361322,602.419312357903,87.5028013288975,38.609156370163,47.3706890046597,214.867849051952,2154.35264834762,21.0064807236195,466.59163993597,1261.52240723372,1019.42210483551,4800.96158361435,1543.85145309567,100.41678071022,2261.49261796474,76.6186490654945,1001.12742257118,507.145676791668,2211.16496655345,50.0261262953281,17.6741828322411,35.9035367667675,980.029690474272,1353.03315269947,1232.08819115162,1083.3981474638,19024.9471925199,17.1719905734062,49.16577064991,1009.51098063588,11335.1090039909,1888.53678143024,545.157246917486,7.85057261586189,21.1558085680008,284.836101651192,1364.51219633222,440.589655101299
2.20319306850433,5529.39275455475,14.0739181935787,152.599465280771,4.6595738530159,138.447821825743,186.158380836248,109.922857791185,927.105111300945,233.667182147503,1655.26420482993,720.100513935089,10958.7708057761,92.3797064423561,266.326257050037,126.678106963634,24.520065844059,28.8672151863575,4.69766086339951,278.459730118513,124.637613654137,1692.83274978399,178.439163058996,1716.96549853683,0,539.103978544474,19521.0165405869,1017.08121433854,154.336431652308,36.2042321264744,802.679691761732,25.0819080173969,16.7270724773407,301.43644618988,41.3986000418663,1320.12135568261,444.242969363928,464.936402410269,151.619685262442,3226.07835966349,135.323871612549,237.515358954668,243.220955044031,318.047325372696,179.423914194107,71.9658621251583,2199.41537392139,109.497778236866,425.63786226511,0,464.732275664806,14.9493550658226,106.287650704384,5.8374314904213,48.4476863145828,18.3186468780041,69.2501592040062,259.511529713869,84.802392154932,558.811258167028,434.778587013483,3664.29227495193,36.1003309190273,79.1257736086845,7.00994873046875,2.32416635751724,22.6236879229546,7.07281640172005,91.0233428478241,6.9050726890564,43.7289361059666,0.933384776115417,316.628756999969,1036.26404362917,957.519845217466,4116.69736874104,169.13998657465,30.7903918325901,1.82205045223236,1000.63684126735,3.05103486776352,3.27444887161255,109.98421472311,11.5629184246063
104.611170738935,192.788876533508,13868.1084406972,12.1320840418339,70.3578059971333,613.658075064421,493.481526851654,1086.10438404977,38.9414312243462,573.041989922523,8270.4667262733,655.73407176137,706.849707186222,1636.56591975689,43.4105727374554,36.9325135946274,29295.9809910655,9099.61625769734,15634.3932654262,182.528324335814,1283.06735268235,53.7684237957001,7488.37894329429,84.4419938027859,539.103978544474,0,22121.1036096811,453.326291531324,2893.09795570374,1318.76886060834,2188.36506491899,802.237880170345,196.120790272951,7717.22517949343,1068.21477508545,16515.3533081412,20956.6929361522,16833.3381193578,11023.4890007675,313.464970111847,265.266374379396,428.138126641512,671.515788286924,1102.42572644353,387.418486624956,257.56326341629,12.1291800439358,15.3280864655972,41.7230561673641,0.706712663173676,425.617174685001,2596.93462696671,0,5.99022483825684,0,8.47395643591881,0,92.9366019666195,0,399.051889836788,0,1641.08889603615,4.29159691929817,7.71478265523911,16.2011208832264,473.319066345692,187.915955305099,502.846704125404,0,23.2564563155174,104.79530352354,89.1740277409554,56.1236098110676,270.427653640509,11840.5267959535,28926.7701301575,17.8935276269913,9.55512100458145,11.2192837893963,1501.762488693,0,1.06953880190849,189.789456814528,641.507787406445
93.7775649130344,22140.9750307202,40980.4459244311,17.5924935638905,124.831310272217,298.268176048994,3699.06287878752,693.024018138647,4871.74586802721,395.665929853916,1941.45225358009,314.922585040331,6696.62323516607,1051.93009233475,270.566304683685,6392.3179474771,24853.5634948909,1015.7165607512,2822.46049070358,100.516355842352,3910.73424443603,13477.8998930752,28109.4443594813,12145.6774620116,19521.0165405869,22121.1036096811,0,8368.2509136796,1796.19516095519,1477.60332730412,2684.4503121376,385.87519416213,185.452013760805,9629.52305686474,3288.49577179551,39298.9020423591,19429.7558345199,21361.0075136721,18425.5307528079,630.563554793596,634.477834969759,363.767934083939,4864.48670780659,3067.85636457801,2411.63960674405,1736.03993076086,119.863503694534,90.6844842135906,395.061601400375,11.5826915502548,6257.3915450573,18141.3740041256,17.7110047340393,12.4961460232735,7.93420785665512,331.760607481003,73.7244319319725,496.042565882206,15.1632175147533,1243.32567313313,42.6367265880108,6243.24052709341,161.90745139122,23.8168878853321,3090.52645713091,2171.09166309237,493.474628597498,1530.08195728064,9.83440712094307,467.554954558611,10321.8078765869,10832.2296699584,1400.47238507867,2219.36509037018,27474.9130993485,180463.632784545,1115.62813100219,140.634099036455,196.116032928228,4639.59992992878,1.97906887531281,22.6792166829109,1105.06994408369,2523.90461188555
65.4260650277138,165.408280044794,1006.96600598097,13593.7734436095,181.160195976496,2556.18880540133,54040.289296329,1122.55259023607,2673.47416654229,26703.6106448621,72.1321624815464,4138.12060272694,663.05596190691,1061.54094716907,1137.66390296817,2565.45305854082,843.486668765545,63.4581048190594,218.254630148411,5848.53620865941,21794.1807594001,1455.61525920033,16944.7005822361,16064.4206947386,1017.08121433854,453.326291531324,8368.2509136796,0,2039.68011206388,7150.60860082507,8.37509259581566,50.3349229097366,789.384543091059,3362.52661284804,2288.97055914998,13625.6557049751,823.391721904278,4323.72216469049,2067.34809410572,928.889704942703,493.127958834171,54.0095669031143,3572.19717228413,62.5659582614899,912.378147989511,347.244730293751,606.291510760784,443.549380660057,29.4439032971859,36.349750906229,26.1284931600094,274.786312311888,1385.87457928061,12.0872737765312,297.191529124975,1193.03225964308,620.716654807329,2415.16965785623,1117.70787736773,45.316622197628,1336.1794230938,8.18697038292885,666.584747999907,250.978458344936,1658.63289859891,70.0532276034355,0.813074886798859,16.9813043773174,664.825514227152,1397.06378743052,922.9173001647,879.536211401224,13383.9054812789,9.39499494433403,25.3147839307785,1052.36561271548,9557.14495420456,1495.65905201435,683.302906453609,2.15416145324707,3.03795087337494,220.63318541646,1077.09799328446,575.427769094706
7282.69817402959,8.50374463200569,864.566784769297,277.188472181559,136.438061863184,2091.7655364573,4656.01202347875,5358.95241209865,242.477558523417,4413.40570116043,2020.53833520412,2377.7911516726,741.878831535578,22935.765784353,189.838480293751,10.5907047390938,3879.12155947089,1360.9211705029,1659.00884464383,837.562639325857,3787.60243603587,42.1755482852459,5389.11618763208,731.663458019495,154.336431652308,2893.09795570374,1796.19516095519,2039.68011206388,0,22703.3640798032,185.362958818674,2032.05512419343,5561.33915242553,7922.28329798579,499.180244296789,2926.39215147495,216.990836113691,2529.25170606375,631.90045517683,827.165401637554,811.95484778285,209.333520680666,336.926258772612,9.72220259904861,94.6143767535686,30.9303420782089,62.3410648703575,31.6847665011883,9.15728098154068,3.97587808966637,1.60618710517883,29.3236286640167,61.1728229820728,0,12.8751381635666,99.4107057154179,45.6451789438725,154.65377342701,60.0845047831535,24.4317457079887,169.15235966444,14.6336709260941,43.2295790612698,13.0847552120686,78.0693521201611,0.78505927324295,0,0,41.7082325518131,48.5673499405384,21.4776148796082,27.0538217127323,1043.38436767459,1.77098137140274,4.375796854496,88.4475399851799,735.118169754744,74.1449076533318,23.1977272331715,1.11140561103821,0,15.8507655858994,101.155286818743,57.9913648366928
4268.16672056913,0.635262489318848,1290.25505888462,12.4764788150787,74.5678753554821,759.960373967886,9007.78097370267,7841.32433480024,19.7480027377605,293.052972316742,249.101480394602,161.845903247595,331.546598821878,16260.0157002509,177.941587716341,21.6192872524261,6446.88604083657,266.669376909733,1313.17857301235,50.9742792844772,41456.7883065939,16.4506830275059,19595.2211319208,232.415681958199,36.2042321264744,1318.76886060834,1477.60332730412,7150.60860082507,22703.3640798032,0,31.3409255743027,164.773457884789,1674.92822119594,6767.88015082479,805.857225626707,2769.10567209125,159.068990826607,3496.81251522899,1147.26501950622,395.894944727421,388.74785515666,73.6566101312637,161.617586284876,2.97559717297554,50.6701065301895,14.0225524604321,16.0246202349663,6.6264211833477,3.56114289164543,2.30807000398636,0,63.8175951838493,2.9280800819397,0,0.904855310916901,23.6450452208519,5.35246163606644,25.6838131844997,6.22487831115723,4.51490312814713,7.94328793883324,0.422053068876266,12.4184899032116,2.96887403726578,88.9252322912216,3.17397099733353,0,0,2.06857705116272,62.5280008614063,29.811518907547,33.4748727083206,246.987415522337,0,2.13019001483917,189.335254281759,285.73187020421,27.539665043354,8.05717864632607,0,0.630818545818329,5.8081616461277,35.7586334943771,123.875901609659
