0,0,193.632534861565,18.9334783256054,1.22421526908875,66.1343223750591,14961.2243907452,3462.69927296042,5.71060687303543,60.7383736073971,24.012032687664,16.1511361598969,0,12015.5217419565,0,2.5082830786705,239.755024641752,7.92446213960648,22.8564169108868,7.42186087369919,431.604313015938,0,733.832741051912,16.8583692014217,0,41.3460401892662,116.670770287514,540.505735129118,17258.011143446,9201.23991554976,3.82726091146469,19.9455863237381,9.61715489625931,171.247339636087,24.4310102164745,150.911782979965,12.5013574957848,100.799651920795,21.1630758941174,28.8328736126423,12.5372143685818,6.08192625641823,5.55706471204758,0,1.40481770038605,3.00632506608963,3.91260454058647,0.480774104595184,3.31859004497528,0,0,0.879338026046753,0.997321009635925,0,0,0.470799714326859,0,6.43907204270363,0,0,0,0.554795682430267,0.96334445476532,0,9.27512151002884,0,0,0,0,14.293152987957,11.1815116405487,5.63266184926033,26.8787548840046,0,0,12.9503870606422,12.226466357708,0.487886101007462,1.18243139982224,0,0,1.179378926754,1.94637632369995,3.04029208421707
0,0,17.6158820688725,5.37863582372665,7.02037435770035,0.789297163486481,1.32045650482178,1.04241454601288,1048.96890518069,0.605676531791687,936.981141209602,0.643024146556854,2913.2045519352,2.86287349462509,39.9050441384315,316.575869500637,23.8685466051102,31.2259064912796,26.4512373507023,6.55267184972763,95.2962520420551,4078.02813470364,47.0587006509304,2174.99893400073,2830.57281833887,220.226240485907,10116.0388032794,51.7393310666084,4.88559597730637,0.81940221786499,295.214486867189,4.35323220491409,0,46.3261256814003,10.1873329877853,71.0506046414375,107.212598204613,205.663369059563,24.381444811821,59.3999845385551,4.1966637969017,491.213220238686,101.614127129316,41.2508027553558,105.064752489328,63.3728632926941,3.86481702327728,0,23.8309753537178,0,3352.32723027468,68.7220504879951,0.970562815666199,0,0,0.830940246582031,1.72272518277168,11.9642677903175,0.551295638084412,67.6386986970901,0,137.262639909983,1.20560240745544,1.63887667655945,50.3136755228043,76.0837188661098,8.80174121260643,64.8172835707664,0,9.47943863272667,193.989396601915,31.2080034911633,57.7569118738174,56.7111293077469,292.258432805538,4629.60216596723,14.7524821460247,0.606497704982758,2.79899862408638,45.7524303793907,1.967429459095,0,29.7252737879753,10.6418191790581
193.632534861565,17.6158820688725,0,4.3489077091217,3.68762397766113,25.8764002323151,208.762162476778,567.610425889492,1.12941893935204,50.0653069615364,153.711727112532,15.6996767222881,4.58270642161369,710.660806208849,4.29869043827057,89.3440302908421,22043.8958667517,559.235279321671,3327.36327296495,9.47013062238693,3417.28097641468,16.3848666846752,63763.5808732808,74.329855889082,2.85553765296936,31425.3089109659,38289.6925870776,1317.02207002044,456.830933064222,1923.69617715478,4.16889190673828,37.6414960622787,18.3768550753593,4400.27966788411,550.510549753904,4884.77213007212,1298.51428741217,4518.44508627057,2954.21801292896,61.7802549004555,116.426673084497,8.42401069402695,277.520806640387,39.6681098639965,255.854698225856,246.625735372305,6.67056638002396,3.64439815282822,3.62718370556831,1.08089792728424,268.117180377245,599.879212886095,0,0,0,3.38689535856247,0.606258511543274,6.6760196685791,0.674685776233673,0,0.611163198947906,1.27642726898193,4.00721776485443,0.544819355010986,231.255081623793,239.583417415619,5.4023669064045,67.9232373535633,0,54.4403545260429,228.230810374022,297.403218209743,98.3731186687946,4.74585515260696,271.735303252935,7504.26001539826,27.4244011938572,6.71906292438507,25.2985150814056,2.51465964317322,0,1.18193599581718,61.1860900223255,390.484419316053
18.9334783256054,5.37863582372665,4.3489077091217,0,76.2512607872486,200.993356019258,463.074390113354,423.560434281826,5361.2539665699,9297.88085195422,74.4127460718155,3149.75740662217,4.39565169811249,347.144167602062,603.640152007341,1.02450370788574,1.06763660907745,14.1374631226063,13.5525630414486,37151.0770323277,10.0678569376469,18.5701431035995,6.32476133108139,6547.19005292654,5.50810593366623,10.5534728467464,34.0056653022766,8625.58526435494,527.725842535496,46.9949229061604,1.23790866136551,111.332378983498,8.31620571017265,187.151444047689,115.081688314676,1901.36573567986,18.6405507922173,224.358707219362,64.5631074607372,816.603975206614,217.325755089521,29.620707988739,98.908350199461,0,36.1238440275192,8.50556069612503,757.978937804699,7.47988802194595,20.5678790509701,0.351708471775055,0,0,1956.2887417376,46.6433627009392,151.567881643772,91.1882566213608,69.3466567695141,921.003194689751,1536.84985333681,0,774.797034591436,2.04523777961731,29.4227839708328,246.015438705683,0,0,0,0,627.071071356535,1.18080103397369,1.83558851480484,0,1534.78838282824,0,0,0,862.243851900101,5.19763639569283,0.548615634441376,0,1.76320064067841,0,24.1592454910278,10.0977696180344
1.22421526908875,7.02037435770035,3.68762397766113,76.2512607872486,0,2521.61918461323,47.8776993751526,299.768787056208,470.759125202894,67.9227732121944,2.00241380929947,1280.58565109968,0,5.14189040660858,3279.72760757804,16.9783825874329,3.46697962284088,0,0.671958208084106,85.4959784150124,73.2673416137695,22.6209409236908,121.400258004665,382.82791441679,4.05176568031311,0,41.3782792687416,213.243181318045,9.69676381349564,30.9254024922848,0,331.663886934519,0,877.133164227009,3486.87379959226,453.206956624985,35.0935049653053,22.4362127780914,31.533370912075,20405.2742614448,2184.9244876802,31.1096805632114,68.3315487504005,57.6816307902336,11.1121673583984,164.705669939518,285.473340183496,2.27246934175491,15.910886824131,1.22327613830566,0,14.2570461034775,71.4659393727779,6.82688331604004,21.591855764389,8.44654873013496,10.9628076851368,20.8520482182503,66.3282660841942,0.850687861442566,99.423480451107,4.30545222759247,5.35809940099716,73.6766068041325,12.461388528347,1.80755400657654,4.00516152381897,9.56878328323364,41.4700510203838,1.11746156215668,0.759236335754395,31.8204471170902,46.7402029931545,0,14.1393200755119,54.5364559292793,34.0704612135887,0.991146206855774,3.25595355033875,0,0,0,5.8765664100647,3416.15480965376
66.1343223750591,0.789297163486481,25.8764002323151,200.993356019258,2521.61918461323,0,11989.2348604202,23723.9091801047,273.708214133978,17554.240947485,356.861277788877,10010.0500595272,26.6996665596962,3668.8739849031,4155.35892245173,11.015756636858,36.2129908800125,82.2802174687386,84.2059085965157,426.241523265839,119.035794734955,8.53630745410919,99.1562380194664,317.726467758417,2.94413882493973,113.505163580179,69.2197232842445,2094.80270284414,598.044205337763,348.714068084955,18.3176952302456,795.666709035635,9.11453434824944,523.036594331264,4215.72770082951,3659.05241936445,94.72593536973,417.291182667017,389.436229467392,11535.3476573229,2033.31224438548,227.454992860556,149.101585865021,4.0995164513588,57.9359568059444,30.3882856965065,352.412749707699,19.4171687364578,59.93620043993,1.31558501720428,0,0,83.4669725298882,15.8402276933193,21.4564839303493,30.5276288092136,29.683247089386,93.389676451683,63.5477395057678,6.40163087844849,97.2698544561863,49.2531716823578,17.869573444128,58.3047122061253,3.69675359129906,0.551369905471802,0,1.03633773326874,27.8642984628677,4.57621121406555,4.58513802289963,2.67337948083878,587.066970139742,3.82002770900726,0.675868690013885,5.21246033906937,259.766018748283,10.1765657663345,1.92930436134338,0,8.53304845094681,0,20.6515595316887,367.375964909792
14961.2243907452,1.32045650482178,208.762162476778,463.074390113354,47.8776993751526,11989.2348604202,0,19646.4409404397,1079.37432906032,21687.8156964779,797.090978831053,317.337135374546,60.1664409339428,23528.1718019247,300.272086888552,1.01966726779938,131.181047827005,235.674621909857,256.640391051769,130.877132028341,645.791442066431,1.91283255815506,478.530766040087,2808.87629520893,1.1983850300312,253.718660771847,236.607313007116,42065.4127883017,8698.42703232169,15134.7416549623,36.9503039121628,591.27812820673,275.848795264959,1552.22301715612,1052.68764483929,6065.76191490889,184.267497241497,1823.8697578609,408.588385522366,1388.34343108535,1033.71348199248,144.292507708073,309.689836144447,4.90827322006226,100.590435385704,21.0259471833706,444.863175868988,20.6270718574524,27.8134775161743,2.16210681200027,3.08189964294434,0,393.212446182966,9.32204177975655,62.0750725567341,119.012212574482,166.329889297485,302.954929083586,404.78307133913,3.12755048274994,151.139973551035,32.3204204142094,98.9253028929234,36.522661536932,8.86426639556885,0,0,0,130.287214189768,7.03625351190567,5.39048570394516,3.00211152434349,1388.43975952268,2.02466344833374,0,6.38806501030922,970.458107501268,34.4025702178478,5.0516006052494,0.806730151176453,2.9547837972641,4.00742959976196,59.4493951797485,133.325874298811
3462.69927296042,1.04241454601288,567.610425889492,423.560434281826,299.768787056208,23723.9091801047,19646.4409404397,0,298.80380448699,12941.9387940168,987.895830661058,12559.1046763062,86.0352063179016,37337.0941298604,867.100922882557,7.30230170488358,873.423866778612,219.238869249821,223.405105799437,1430.93118473887,1521.1885868907,5.26583337783813,2472.00177568197,499.597927808762,4.69446218013763,329.028388231993,443.597968131304,4810.87640349567,2875.55622929335,10909.0294879973,56.1236091256142,974.052753001451,37.727581769228,1550.26462084055,801.078795582056,5638.92296379805,235.649654537439,1099.9972448647,681.57960999012,8293.22664958239,589.291231542826,531.033808648586,484.868451505899,15.8613075911999,213.488364070654,58.4637761712074,853.876304090023,59.3460356593132,132.23246461153,1.01213765144348,1.92048305273056,0,84.8888216614723,4.14588510990143,32.8622585833073,183.826379299164,58.8983220756054,414.491345196962,66.4794165194035,19.3252429962158,108.484313160181,74.95824187994,22.6655422449112,70.2674898803234,31.0188983082771,0,0,0,37.3341219127178,35.1786217391491,38.096549063921,13.7065749764442,3007.80595383048,3.56329661607742,0.765657663345337,6.99582880735397,1383.53704768419,23.97596809268,24.8918888568878,3.97641611099243,26.701282531023,16.6790958046913,63.1779725551605,70.516382008791
5.71060687303543,1048.96890518069,1.12941893935204,5361.2539665699,470.759125202894,273.708214133978,1079.37432906032,298.80380448699,0,2226.95007351041,343.773732215166,1467.85403615236,928.355164915323,89.9171713590622,2386.60568788648,119.315520554781,10.8621761202812,28.4465522766113,21.2971448302269,2407.46250227094,220.966018855572,9441.19073653221,62.5810510516167,30171.101184696,997.058017402887,209.774197101593,4145.20914751291,6066.76330378652,108.711054027081,21.6275351345539,232.989349037409,82.7403934597969,1.05818805098534,95.5406611561775,35.4439257979393,688.94483345747,51.8196732699871,124.697482228279,31.2533680200577,1999.3578902185,113.239593088627,106.331780433655,542.432725250721,23.4441132545471,127.825963824987,43.1800113022327,1040.1731108129,23.1891437768936,12.9677312970161,8.14078909158707,41.5286388397217,6.13543894886971,2514.07005926967,184.446593493223,213.75711914897,149.382139772177,166.080309003592,4843.84150180221,1163.02350845933,32.8010115027428,769.513505786657,46.8719000220299,141.850694894791,440.911167502403,210.149757355452,1.66412347555161,9.49205708503723,23.1064239740372,511.252942055464,217.603700011969,567.049751460552,77.232400149107,6336.64001393318,20.9566966891289,14.8081726133823,144.200697243214,1668.92341732979,144.844996154308,171.766046762466,1.94133859872818,20.3090210556984,25.2115359306335,82.1367779970169,64.381428539753
60.7383736073971,0.605676531791687,50.0653069615364,9297.88085195422,67.9227732121944,17554.240947485,21687.8156964779,12941.9387940168,2226.95007351041,0,1225.46602711082,9140.3670771718,79.1892244517803,4536.89280173182,293.272714227438,0,90.9142000079155,332.0864982903,285.782636106014,9498.07574918866,21.3393718898296,6.62909990549088,32.3415746092796,881.711210817099,6.42553648352623,310.237254887819,169.437599956989,8978.55378812551,2725.56099709868,261.200193583965,43.0143140554428,824.933675855398,12.8613739609718,1551.70589986444,1116.97547289729,8370.78314140439,239.815903455019,1386.3346901536,431.516403108835,2347.75932645798,992.439881175756,365.572628855705,504.679565399885,7.23926842212677,173.419660925865,32.4631533622742,1860.42270323634,48.8996100723743,74.6548454165459,0,3.21006947755814,0,2403.31054389477,77.0509419739246,301.951961457729,378.586822211742,190.122914910316,855.282375365496,2138.44027450681,9.31209123134613,1003.77612668276,34.0849533379078,67.102127879858,298.963267683983,2.98987832665443,0,0,0,757.030497938395,1.83679747581482,5.60700780153275,0.424054801464081,3690.47238790989,2.89572975039482,0,1.35646438598633,2511.31222933531,28.5935846865177,8.04757517576218,0,1.54058241844177,0,86.6661092042923,85.4732439517975
24.012032687664,936.981141209602,153.711727112532,74.4127460718155,2.00241380929947,356.861277788877,797.090978831053,987.895830661058,343.773732215166,1225.46602711082,0,738.182399123907,6421.54270076752,1453.06332045794,20.8992933034897,51.5585933327675,218.934480190277,8731.75776925683,2008.50372496247,182.663575410843,116.271247148514,602.957010030746,272.729621827602,383.809829473495,1816.1155898869,4083.86083352566,1058.42078617215,551.00274965167,1980.56388413906,345.390946865082,1201.50150489807,1324.18413203955,5.14787548780441,11611.7681124508,191.772129654884,1997.32759487629,5746.73261669278,13489.9106744528,1466.97346967459,308.730250895023,97.5631827712059,5151.84245127439,29.0203601419926,79.3682388663292,51.4749120473862,7.58711886405945,23.4018545150757,4.14800381660461,286.374412149191,0,79.2429584264755,3.0416411459446,0,0,0.603660106658936,0.623447299003601,6.88118606805801,49.3508895039558,0,1585.2437556088,3.81831604242325,3704.77326709032,7.34830915927887,0.77139800786972,11.4614425897598,0.943762481212616,1.95875999331474,2.94686695933342,0,3.86492028832436,7.93746161460876,4.01625776290894,76.9100106954575,1059.06753745675,84.1195400357246,521.097527325153,10.5961391925812,6.55394750833511,0.566433548927307,861.947915583849,27.2602476477623,0,103.563844889402,53.7762921750546
16.1511361598969,0.643024146556854,15.6996767222881,3149.75740662217,1280.58565109968,10010.0500595272,317.337135374546,12559.1046763062,1467.85403615236,9140.3670771718,738.182399123907,0,50.709120452404,2020.40098789334,6329.34863346815,9.83971095085144,50.4289634823799,152.035135269165,127.367894530296,16961.3681775033,26.0642868876457,10.3999208211899,33.9807827174664,1513.52083230019,6.1530214548111,118.760268479586,61.5438377857208,584.944316923618,834.192997843027,79.8858595490456,15.6054920256138,691.445920825005,0,840.623009979725,11688.8202131391,3915.24622309208,143.748435825109,657.911241412163,323.898916393518,6822.24677160382,429.405233323574,340.821323662996,328.564870387316,11.6810586452484,89.7854525446892,40.660159856081,2156.95303750038,55.612871915102,109.496179223061,0,1.4778573513031,0.813822984695435,1511.43420514464,213.093626320362,369.522854924202,91.5431677103043,206.502460420132,219.616216242313,1111.88019451499,9.23666390776634,1593.175409168,40.7557037174702,126.277006834745,605.645382404327,0.448697954416275,2.88019526004791,5.63466694951057,3.70154023170471,508.098510235548,1.98260328173637,8.00714886188507,4.6321197450161,933.315751343966,1.90585297346115,3.03897336125374,1.74426537752151,604.834535568953,46.1824636757374,3.95608371496201,1.206050157547,15.1278325021267,1.90200865268707,35.7540712356567,1179.03528147936
0,2913.2045519352,4.58270642161369,4.39565169811249,0,26.6996665596962,60.1664409339428,86.0352063179016,928.355164915323,79.1892244517803,6421.54270076752,50.709120452404,0,72.8758157193661,20.4503258466721,137.844210267067,2.12190771102905,22.3532216250896,5.25610035657883,6.27061682939529,44.8884503543377,1850.93167194724,14.2199124097824,1066.6479716301,14199.0047029555,93.0796631276608,8016.82221275568,71.2287403345108,118.656191259623,25.1042369008064,1325.2979272306,104.250527501106,1.94808673858643,466.229092687368,37.3754320144653,639.552152574062,1855.5336574614,2137.78408533335,227.777252823114,123.31952214241,27.9355453252792,7287.95638349652,20.7328897416592,160.010518997908,128.285757929087,4.01456469297409,25.7263849973679,8.14834773540497,570.735401660204,0,229.967784047127,0,0.798484086990356,0,2.89818942546844,1.06988441944122,11.2282149493694,9.82469165325165,1.21461313962936,3092.53752782941,0,8255.66016489267,10.1499280333519,0,10.3798896074295,0,8.55460679531097,4.07974123954773,0,6.20336765050888,2.78088730573654,1.59536105394363,20.4320695698261,4147.22556728125,180.131025075912,1922.49015113711,7.49271136522293,29.9673366844654,0,1766.07298874855,40.2346240282059,1.32972872257233,243.522901624441,7.40675729513168
12015.5217419565,2.86287349462509,710.660806208849,347.144167602062,5.14189040660858,3668.8739849031,23528.1718019247,37337.0941298604,89.9171713590622,4536.89280173182,1453.06332045794,2020.40098789334,72.8758157193661,0,51.1778145730495,9.98399519920349,1292.48508438468,444.119737535715,525.98533898592,526.63122433424,1887.39371478558,2.00827920436859,3203.74636074901,293.847029805183,1.55513596534729,571.981725603342,756.639303207397,3779.45928862691,32035.5893799663,20379.4673868716,58.3761432468891,1626.09616908431,46.548437744379,2122.46019116044,179.711097717285,1857.07093331218,161.715067088604,985.114974319935,337.172962456942,602.844837665558,214.162590384483,171.37515938282,138.621018797159,6.23331996798515,49.0028141736984,18.5916377902031,233.004782438278,28.6892717480659,38.8409614264965,0,3.40017649531364,1.47231584787369,13.322457909584,0,8.418347209692,61.6381579339504,17.5013318359852,154.115405648947,11.5122754871845,13.1676137447357,27.6052190065384,25.4193463921547,3.82774069905281,13.9094734787941,16.7748193442822,0.699604034423828,0,0,9.33716484904289,38.4527286291122,31.3682418167591,12.8979935646057,1144.53147497773,4.58602434396744,0.447386354207993,19.4644581675529,379.773142397404,14.0034456849098,16.7384950518608,0.885452806949615,7.24295282363892,9.09483641386032,21.0374875664711,14.7210010886192
0,39.9050441384315,4.29869043827057,603.640152007341,3279.72760757804,4155.35892245173,300.272086888552,867.100922882557,2386.60568788648,293.272714227438,20.8992933034897,6329.34863346815,20.4503258466721,51.1778145730495,0,7.50604164600372,4.03327941894531,0,1.50347858667374,456.712483972311,36.1304861009121,167.49621874094,22.7413209080696,2690.83909609914,34.0326190590858,8.83300939202309,169.429513096809,1387.1337621212,42.2584287822247,89.0518665313721,4.31304404139519,208.43187519908,1.77844643592834,36.5355772972107,2685.32590830326,554.042391479015,13.3754291236401,27.7034363150597,22.6812714934349,3872.86913043261,307.489344090223,90.6000639498234,116.896585047245,5.80901157855988,19.0648754239082,32.1280382275581,862.96616306901,21.033512532711,43.3221495747566,0,0,1.13149476051331,363.560976982117,77.8991209566593,99.4139772057533,22.3069190084934,45.8224490880966,85.2638852000237,286.407898247242,0,329.924909830093,11.1556544303894,23.0888356268406,240.735043555498,6.09949254989624,0,0,0.519366562366486,140.187482744455,9.25862234830856,5.00084543228149,5.65296071767807,208.965734571218,0,0.92001885175705,7.31818950176239,161.692925393581,7.62423706054688,8.26300275325775,0,4.47839552164078,1.98308563232422,14.7901707291603,392.518043994904
2.5082830786705,316.575869500637,89.3440302908421,1.02450370788574,16.9783825874329,11.015756636858,1.01966726779938,7.30230170488358,119.315520554781,0,51.5585933327675,9.83971095085144,137.844210267067,9.98399519920349,7.50604164600372,0,246.367584884167,16.6263672709465,39.4028516411781,0,15960.4194311798,7066.61977541447,14343.2801662683,1295.50725504756,183.623197197914,55.1281971931458,10579.2687968612,566.979838162661,16.2451090812683,118.833881944418,20.6126507818699,21.932329505682,1.18389511108398,608.671340376139,1234.95915263891,5329.58433938026,1706.83380031586,2285.33195888996,2028.1610173583,53.6568521261215,74.7595317959785,22.3821620047092,900.456000864506,62.6679969727993,365.914452522993,345.137333959341,60.6876696050167,21.4946904480457,19.3948757052422,4.07486200332642,44.9146485924721,75.4350681304932,2.83042988181114,2.64925161004066,0.477562874555588,12.9660722911358,9.48369970917702,269.152782320976,1.3655506670475,2.24913549423218,0.576442539691925,9.37968662381172,8.12423202395439,20.1134088039398,9427.73997074366,52.5374644994736,0.757634818553925,9.24672880768776,0,1761.33955824375,2226.10415232182,4900.77404737473,1452.28892856836,1.54984486103058,8.93084105849266,1748.6610173285,439.880318582058,58.7925595641136,239.9200707376,0,0,26.6076083779335,103.282345473766,343.231530249119
239.755024641752,23.8685466051102,22043.8958667517,1.06763660907745,3.46697962284088,36.2129908800125,131.181047827005,873.423866778612,10.8621761202812,90.9142000079155,218.934480190277,50.4289634823799,2.12190771102905,1292.48508438468,4.03327941894531,246.367584884167,0,601.719587355852,8622.09672579169,12.8243480622768,2625.69078403711,36.7053144872189,17668.9563983083,154.8276732862,2.65146493911743,13369.9994267821,32982.6703161597,799.155010014772,1428.38905215263,2013.62585118413,0,103.379850924015,67.9038917422295,7663.45562931895,314.525430709124,2930.64478448033,1237.00138986111,3253.19731858373,1314.46938082576,61.8985555171967,70.06506472826,6.696862667799,40.8878244757652,11.6847302913666,28.1026273369789,37.7554090619087,3.01254791021347,2.19107586145401,9.08456721901894,0,120.35497546196,91.4749757647514,0,0,0,1.64374426007271,0,12.7978638410568,0,0,0,5.4696349799633,0,0.518596231937408,152.510166525841,34.8854506313801,0.719021320343018,20.1420208215714,0,53.7001869380474,116.468629390001,129.292367815971,56.0848644375801,0.781705856323242,118.485335409641,1772.92978671193,18.5112204253674,1.52242577075958,4.16426691412926,5.31449946761131,0,0,19.0224997103214,131.716299653053
7.92446213960648,31.2259064912796,559.235279321671,14.1374631226063,0,82.2802174687386,235.674621909857,219.238869249821,28.4465522766113,332.0864982903,8731.75776925683,152.035135269165,22.3532216250896,444.119737535715,0,16.6263672709465,601.719587355852,0,3641.82692354918,38.7496795654297,105.601080298424,16.890842795372,418.661548912525,36.6154761016369,51.3536058664322,2628.93849635124,3191.84964242578,125.292852252722,771.128808140755,146.321002304554,49.5270763635635,349.851401805878,4.87929391860962,4205.8959980309,261.79074794054,1442.83906447887,3752.59418660402,4052.28316777945,1701.52636051178,53.4956017434597,56.1303305625916,12.9300767183304,12.284675359726,7.42564222216606,5.26694989204407,8.465660572052,0,0,5.7845031619072,0,45.4807587862015,7.74332872033119,0,1.35879564285278,0,0,0,7.40708756446838,0,20.5075512230396,1.59007030725479,81.9898606836796,0,0,7.47625744342804,2.96193674206734,13.7946434319019,5.72693037986755,0,0,8.13882368803024,3.41402024030685,0,24.2037387192249,236.802094310522,863.284459710121,0,0,0,242.444305866957,0,0,0.428403228521347,118.876702606678
22.8564169108868,26.4512373507023,3327.36327296495,13.5525630414486,0.671958208084106,84.2059085965157,256.640391051769,223.405105799437,21.2971448302269,285.782636106014,2008.50372496247,127.367894530296,5.25610035657883,525.98533898592,1.50347858667374,39.4028516411781,8622.09672579169,3641.82692354918,0,30.7179675996304,384.736649960279,25.8890902101994,2095.42360919714,43.4059732556343,21.5910430550575,7277.77131298184,12838.1246828735,228.511810779572,814.019906878471,333.559685975313,5.67607879638672,239.446411222219,4.15355736017227,7746.98891600966,322.636305361986,2819.43415388465,3321.90018317103,4834.12508058548,2027.94010898471,62.4294233620167,66.5328478515148,14.0281769037247,19.2627157568932,9.74698281288147,24.8721742928028,29.1314840316772,0,0,1.37071639299393,0,81.3626345992088,42.0869575440884,0,0,0,0,0,5.67952293157578,0,4.7877072095871,0.360738933086395,20.8750005066395,0,0,22.9103089570999,11.462283551693,6.55284133553505,21.9275611042976,0,2.45555448532104,16.603304028511,18.6313834190369,7.91078767180443,7.31912446022034,298.340962737799,1460.91462305188,0,0,1.16709834337234,90.607798576355,0,0,3.3395998775959,141.017699450254
7.42186087369919,6.55267184972763,9.47013062238693,37151.0770323277,85.4959784150124,426.241523265839,130.877132028341,1430.93118473887,2407.46250227094,9498.07574918866,182.663575410843,16961.3681775033,6.27061682939529,526.63122433424,456.712483972311,0,12.8243480622768,38.7496795654297,30.7179675996304,0,6.15306252241135,6.74529278278351,5.36592984199524,1412.59785616398,7.62206327915192,32.7773419320583,45.0745876431465,2114.51357316971,374.455188810825,40.7714560925961,1.68182325363159,143.254614442587,0.765061885118484,214.256321877241,61.0060732960701,1557.08260127902,48.9300148487091,205.924221873283,78.7034062445164,925.326797097921,130.910390913486,110.477804809809,306.614679574966,0.945519030094147,80.2155031263828,16.3109710216522,1445.94504642487,41.9180223047733,49.8963229656219,0,0,0,2275.75264722109,107.40700340271,289.41025698185,189.209504157305,168.6341573596,569.581260621548,1864.2718436718,6.5438457429409,993.69730553031,20.5232316553593,135.530654579401,368.600911259651,0,0.760937869548798,1.61525136232376,0,634.86229416728,0,2.74550676345825,0.495374083518982,2029.51881092787,0,0,1.90915107727051,1351.58043327928,49.9777453243732,0.709261119365692,0.559028208255768,8.30064868927002,0,56.7032310366631,7.15507078170776
431.604313015938,95.2962520420551,3417.28097641468,10.0678569376469,73.2673416137695,119.035794734955,645.791442066431,1521.1885868907,220.966018855572,21.3393718898296,116.271247148514,26.0642868876457,44.8884503543377,1887.39371478558,36.1304861009121,15960.4194311798,2625.69078403711,105.601080298424,384.736649960279,6.15306252241135,0,1800.74007230997,63669.8982358575,2259.85785284638,70.994623363018,442.726993739605,5635.75355112553,16068.7594745159,2279.76032784581,41693.2449362874,12.3806856274605,207.715025424957,238.401333719492,22682.5376996994,6257.05206558108,17426.4220588505,3140.23023036122,19825.6898784935,7461.47674697638,276.357281833887,583.703545182943,117.195796877146,736.37220209837,63.2100275158882,197.802963972092,142.500518411398,125.461872458458,20.4593214690685,107.966337561607,12.8013441860676,28.2934687137604,32.6297191679478,3.88285246491432,2.78623780608177,1.83269411325455,30.3316591382027,21.5867368280888,357.215823560953,1.85118782520294,1.55728816986084,5.22607392072678,21.9917807877064,21.6724481284618,12.8307505249977,3402.46729132533,28.7649466693401,0,6.24691399931908,1.81952384114265,2561.70899495482,1764.86760854721,2769.48701864481,2431.49070584774,2.97724503278732,3.84752169251442,654.296037107706,722.954676896334,143.49068453908,749.473348706961,0,2.22016924619675,85.9819808602333,151.618184864521,739.972034037113
0,4078.02813470364,16.3848666846752,18.5701431035995,22.6209409236908,8.53630745410919,1.91283255815506,5.26583337783813,9441.19073653221,6.62909990549088,602.957010030746,10.3999208211899,1850.93167194724,2.00827920436859,167.49621874094,7066.61977541447,36.7053144872189,16.890842795372,25.8890902101994,6.74529278278351,1800.74007230997,0,835.36711999774,16878.1234654784,1487.80678778887,196.15046903491,8964.260838449,415.918083250523,3.66247472167015,10.0217074155807,322.72241038084,3.12017798423767,0,65.9870140254498,41.84011977911,275.981313824654,174.812370330095,267.070715725422,89.378396987915,205.755978226662,10.401641368866,215.353099882603,273.814473628998,24.0034337043762,108.830957859755,85.8949820399284,35.8643476963043,3.95011901855469,5.89902722835541,6.60811129212379,169.570746541023,32.8199951350689,1.91061758995056,0,0,7.51135614514351,4.72947469353676,273.662019491196,3.3019198179245,43.7094925045967,0.869330525398254,46.3531143665314,9.95113372802734,4.35504251718521,3063.26307991147,38.9546221792698,2.82754456996918,14.5325253009796,1.29011285305023,522.835978060961,1651.29329356551,801.036657840014,1221.26288321614,39.6640996932983,68.5905873775482,2445.80456936359,292.504121750593,29.4105240404606,98.8688192665577,12.6361609995365,0,18.8730815052986,45.8542537391186,85.2919489145279
733.832741051912,47.0587006509304,63763.5808732808,6.32476133108139,121.400258004665,99.1562380194664,478.530766040087,2472.00177568197,62.5810510516167,32.3415746092796,272.729621827602,33.9807827174664,14.2199124097824,3203.74636074901,22.7413209080696,14343.2801662683,17668.9563983083,418.661548912525,2095.42360919714,5.36592984199524,63669.8982358575,835.36711999774,0,831.067353129387,17.190036714077,5262.62579518557,49890.4631533325,3866.63410270214,2776.44247816503,15914.7297389805,4.44098979234695,167.005615979433,149.118903577328,24223.7748278379,6877.93935850263,25966.1001354456,9673.46369367838,29471.9727318883,18010.91953668,372.221717387438,713.17724364996,63.2486217021942,928.431012183428,112.752006232738,446.549304276705,412.634692907333,57.5903321802616,25.072139531374,42.8093615174294,2.92598608136177,79.2489583194256,108.112255007029,1.5068793296814,1.3928028345108,0.938676238059998,9.81050628423691,3.81971144676208,181.165269076824,1.27090391516685,3.34050786495209,1.6428359746933,5.82895106077194,4.94696807861328,8.95695018768311,8934.6042111516,69.0377177894115,0.9312764108181,16.2650230824947,1.79929798841476,1685.86307007074,1623.58683359623,5527.90153715014,1116.41062575579,3.34226202964783,33.0624660253525,8028.70633757114,378.819889813662,12.8076274693012,221.016523778439,0.51819509267807,0.896032333374023,13.0184400677681,114.091777563095,1718.95110374689
16.8583692014217,2174.99893400073,74.329855889082,6547.19005292654,382.82791441679,317.726467758417,2808.87629520893,499.597927808762,30171.101184696,881.711210817099,383.809829473495,1513.52083230019,1066.6479716301,293.847029805183,2690.83909609914,1295.50725504756,154.8276732862,36.6154761016369,43.4059732556343,1412.59785616398,2259.85785284638,16878.1234654784,831.067353129387,0,1010.05686628819,175.900965571404,6239.36745765805,17516.5560865402,835.384745597839,674.515267133713,217.265879839659,160.68343642354,90.6298349797726,1007.37549155951,1454.18975412846,7687.32633778453,1040.24009218812,1579.73296234012,637.216681957245,1927.21360605955,347.15720680356,438.728647619486,4253.64126208425,62.0621583461761,1236.10499545932,424.134718805552,2273.38274502754,265.304965704679,251.493949502707,48.4368038773537,88.6473002135754,26.8502487242222,1148.10609731078,51.471876502037,254.946619391441,940.459533810616,883.29125636816,4855.73130318522,893.050633192062,47.4418323636055,358.236147642136,238.623279303312,789.976052701473,168.13480386138,1551.06567704678,20.299517929554,2.29462215304375,7.43214759230614,275.968884974718,1454.04302611947,1602.48698922992,834.938120096922,24419.6250270605,15.7138817310333,15.9231335520744,411.839569091797,8528.3357462585,1103.76696315408,1091.88997143507,3.14131915569305,84.8071256279945,315.00360417366,750.665573954582,465.928346127272
0,2830.57281833887,2.85553765296936,5.50810593366623,4.05176568031311,2.94413882493973,1.1983850300312,4.69446218013763,997.058017402887,6.42553648352623,1816.1155898869,6.1530214548111,14199.0047029555,1.55513596534729,34.0326190590858,183.623197197914,2.65146493911743,51.3536058664322,21.5910430550575,7.62206327915192,70.994623363018,1487.80678778887,17.190036714077,1010.05686628819,0,455.311735332012,12325.0365388691,34.8122592866421,7.1518542766571,0,2063.74860787392,4.28962635993958,0,44.2995703220367,1.21718728542328,39.1297807395458,170.335168361664,641.06540569663,23.9912802577019,52.6296986937523,3.06224822998047,1774.88376805186,35.9103001356125,80.5307791233063,39.8723722994328,16.26364839077,5.48436892032623,1.3896861076355,87.1216803491116,0,1535.45217186213,7.12086951732635,0,0,0,0,1.00432553887367,4.49657255411148,0,508.369825094938,0,1129.52606004477,2.37768012285233,0,12.0937210321426,9.33229568600655,12.4157203733921,23.5994624495506,0,4.48340231180191,12.9615024924278,3.72385722398758,16.5674276053905,2422.95315143466,434.781388998032,3583.03834477067,3.69223856925964,3.84171932935715,0,517.337129831314,9.59929198026657,0,49.3823617100716,1.47293329238892
41.3460401892662,220.226240485907,31425.3089109659,10.5534728467464,0,113.505163580179,253.718660771847,329.028388231993,209.774197101593,310.237254887819,4083.86083352566,118.760268479586,93.0796631276608,571.981725603342,8.83300939202309,55.1281971931458,13369.9994267821,2628.93849635124,7277.77131298184,32.7773419320583,442.726993739605,196.15046903491,5262.62579518557,175.900965571404,455.311735332012,0,45482.7603136599,382.627426028252,808.401901632547,432.337321907282,485.913852989674,311.54752472043,5.4311016201973,2879.14529240131,505.898883938789,4257.69454360008,13514.7602944374,5826.91521656513,2655.14096710086,96.4606659710407,83.0335370600224,45.6569850444794,77.9286457300186,106.773482888937,92.6907615661621,67.3282280564308,3.72379675507545,0,18.8205524384975,0.519174575805664,649.171071559191,259.336324095726,0,0,0,0,0,17.511020898819,0,658.667945414782,2.04023253917694,2387.60478186607,1.21508714556694,0,49.3253183960915,87.5596577227116,108.105530709028,129.730773806572,0,7.30024468898773,51.5572167634964,19.3291997909546,19.5956203043461,648.304801940918,2922.92240318656,12601.8803886473,1.53060838580132,0.400976151227951,3.7489108145237,4214.99188014865,1.26534163951874,0,23.9086371958256,222.465564608574
116.670770287514,10116.0388032794,38289.6925870776,34.0056653022766,41.3782792687416,69.2197232842445,236.607313007116,443.597968131304,4145.20914751291,169.437599956989,1058.42078617215,61.5438377857208,8016.82221275568,756.639303207397,169.429513096809,10579.2687968612,32982.6703161597,3191.84964242578,12838.1246828735,45.0745876431465,5635.75355112553,8964.260838449,49890.4631533325,6239.36745765805,12325.0365388691,45482.7603136599,0,1660.85086071491,966.847267448902,1027.51899555326,3705.02383777499,187.304551720619,20.3722920119762,18541.7419877052,4036.29555210471,29068.2079287469,11075.7919174135,23069.0490216315,17755.9315996766,414.069056123495,661.035358250141,259.663340300322,3390.37452161312,799.492903739214,2754.39419074357,2237.63318175077,49.1690384447575,45.6414461433887,58.6398624479771,7.50467911362648,12843.2835613489,4285.11538845301,0,1.3713743686676,0.606861889362335,45.788810312748,13.7980808913708,76.6013314723969,0.488661259412766,666.249142974615,6.7501003742218,2388.09087052941,27.8569278120995,4.12075972557068,7649.84884297848,2368.71531736851,487.744348853827,1463.06155458093,0,586.020841687918,4719.57082411647,4985.23754218221,1117.46112799644,1734.798404634,12552.565979898,115920.87846452,483.750926375389,25.8966124355793,181.651301443577,4124.16199293733,12.4951134622097,7.37026000022888,614.43762883544,2487.9766022861
540.505735129118,51.7393310666084,1317.02207002044,8625.58526435494,213.243181318045,2094.80270284414,42065.4127883017,4810.87640349567,6066.76330378652,8978.55378812551,551.00274965167,584.944316923618,71.2287403345108,3779.45928862691,1387.1337621212,566.979838162661,799.155010014772,125.292852252722,228.511810779572,2114.51357316971,16068.7594745159,415.918083250523,3866.63410270214,17516.5560865402,34.8122592866421,382.627426028252,1660.85086071491,0,5511.29686203599,23363.5139897168,14.5494249761105,769.958548933268,673.832419961691,5378.39514523745,4751.43484187126,22820.4310905933,1522.14727368951,7402.67498844862,2092.61217164993,2864.95365527272,1704.40995880961,522.324537158012,2659.72237184644,36.8272096514702,733.816492289305,230.377841830254,2183.73428967595,156.612547963858,273.605791389942,29.0234364569187,16.081268876791,18.1916293799877,1728.62216800451,52.8666017055511,214.26172837615,652.632447987795,529.234720766544,1949.75865644217,1364.96606522799,19.9674951434135,537.823736906052,136.955264300108,429.697630375624,152.428332239389,661.862334787846,11.6533793210983,0,2.00710991024971,468.519669294357,782.174024283886,568.029663920403,411.447030842304,11850.4751241505,6.38630825281143,0.693159759044647,174.248053848743,5787.28840979934,554.06394046545,583.17399597168,1.75500154495239,19.3626426458359,175.336466610432,461.181604385376,458.257543921471
17258.011143446,4.88559597730637,456.830933064222,527.725842535496,9.69676381349564,598.044205337763,8698.42703232169,2875.55622929335,108.711054027081,2725.56099709868,1980.56388413906,834.192997843027,118.656191259623,32035.5893799663,42.2584287822247,16.2451090812683,1428.38905215263,771.128808140755,814.019906878471,374.455188810825,2279.76032784581,3.66247472167015,2776.44247816503,835.384745597839,7.1518542766571,808.401901632547,966.847267448902,5511.29686203599,0,30721.7609370351,96.0023653805256,2505.03371760249,9561.35710453987,6757.60800400376,398.849964678288,1516.78703486919,206.745316624641,1868.53652384877,363.840179264545,423.702328085899,434.083073616028,145.516434967518,282.788080126047,4.69648346304893,74.8330413401127,25.1160599291325,190.9033203125,20.1746647655964,52.6834295094013,3.46578344702721,2.73627495765686,1.26139587163925,12.2440581321716,0,7.04139843583107,57.8980011343956,29.32653221488,136.740257352591,20.2509267926216,9.38560107350349,9.30381667613983,28.9961802959442,9.18435150384903,6.65099304914474,54.5401106476784,0,0,0.468966841697693,5.49426555633545,75.9054121673107,41.0141360461712,25.3978933095932,1335.59859848022,9.48672741651535,1.16180980205536,30.4443840682507,523.728533864021,49.0559376478195,58.2810225486755,4.69948810338974,2.61583471298218,13.4769577682018,41.5088810324669,53.0387037098408
9201.23991554976,0.81940221786499,1923.69617715478,46.9949229061604,30.9254024922848,348.714068084955,15134.7416549623,10909.0294879973,21.6275351345539,261.200193583965,345.390946865082,79.8858595490456,25.1042369008064,20379.4673868716,89.0518665313721,118.833881944418,2013.62585118413,146.321002304554,333.559685975313,40.7714560925961,41693.2449362874,10.0217074155807,15914.7297389805,674.515267133713,0,432.337321907282,1027.51899555326,23363.5139897168,30721.7609370351,0,15.7250843942165,435.241201132536,2184.69804206491,10425.3965159953,2725.99075436592,8137.33160424232,482.9684433043,6766.17307540774,1125.82157281041,669.235263228416,892.499485909939,120.325869768858,228.799481660128,18.3613080978394,64.2068466842175,31.2351670265198,82.6264723241329,12.9373819828033,71.666524887085,2.05165582895279,0,7.38061898946762,0,0,0.503426432609558,12.3046151399612,7.80384355783463,53.4079768955708,0.622325837612152,2.21935740113258,3.55880537629128,19.6283586919308,14.5199925005436,6.6068052649498,287.6446801126,2.87919637560844,0,0,0,458.910521954298,203.137915730476,244.4670329988,645.199626028538,0,0.431906223297119,83.2067784070969,282.999888420105,38.3403033316135,148.201347857714,0.949585258960724,1.1960312128067,25.3084295988083,52.1216736733913,233.14744964242
3.82726091146469,295.214486867189,4.16889190673828,1.23790866136551,0,18.3176952302456,36.9503039121628,56.1236091256142,232.989349037409,43.0143140554428,1201.50150489807,15.6054920256138,1325.2979272306,58.3761432468891,4.31304404139519,20.6126507818699,0,49.5270763635635,5.67607879638672,1.68182325363159,12.3806856274605,322.72241038084,4.44098979234695,217.265879839659,2063.74860787392,485.913852989674,3705.02383777499,14.5494249761105,96.0023653805256,15.7250843942165,0,61.6928008496761,0,235.504429191351,20.1677300632,223.859263628721,1966.81165209413,896.390338510275,146.161126077175,19.0681363940239,15.7747713923454,100.666721403599,4.59166461229324,93.6435371935368,24.4920343160629,6.20006829500198,1.96381986141205,1.59274137020111,43.9841652214527,0,208.750072181225,1.547747194767,0,0,0,0,0.90527206659317,7.91329926252365,0.522202730178833,978.129850775003,0,3905.52055341005,2.46897929906845,0,7.45878440141678,2.90372109413147,6.90192502737045,2.43189260363579,0,0,4.78474462032318,0,2.13367623090744,1915.673715204,522.915143251419,4006.15228539705,0,3.32240146398544,0,2866.39653304219,9.51180776953697,0,15.2317187488079,7.77585804462433
