0,0.000108730338443971,0.00942636134990139,0.00088347319508014,0,0.00929572482560877,0.581175180761211,0.316732178429332,0.00149652507533229,0.0465839780409179,0.0120005360775135,0.00678868063728468,0.000325874828954959,1.52247771785358,0.00148669904629905,0.000366332541283106,0.124505575482471,0.0216843562537166,0.0386411756721186,0.00412094928513736,0.0353733630161781,0.000334552219636059,0.0626780326640979,0.00586886814110448,0,0.0246921060528755,0.0458601697054164,0.0476064181642129,0.258500906833043,1.08634052256171,0.000291981943250656,0,0.00338503632234167,0.0977892779955238,0.00307742136124109,0.0289670781199313,0.00340063055397209,0.0666379696669492,0.0182832758383653,0.00568683049566368,0.00295614584968908,0.00394363112029095,0.00268883968882674,0.000117984773745239,0.000983560536478332,0.000216221221110821,0.00199294249558411,0.000274869882045973,7.89819804206371e-05,0,0,0.00061794866785562,0.000691408507587147,0,0.000271104767558813,0.000142593646418738,0.0014952819814795,0.00103503551728607,0.00112616223098781,0.000117165404897762,0.000170656701370597,0.000373278596403408,0.000974311268190762,0.000470589456060505,0,0,0,0,6.76851752545595e-05,0,4.96032518817901e-05,0.000500945534579587,0.00466569952431289,0.000142633991457796,0.000209446606260181,0.00559459625560799,0.00583029052203916,0.000758882958327127,0,0,0,0,0.00104987574839516,0.00115101128886945
0.000108730338443971,0,0.0010891416087057,0.000930860824014938,0.000368002445408678,0.000820841817412233,0.000233375813686144,0.00162479999795769,0.110641505083855,0.000674993911058414,0.0263871938795273,0.00441292469678467,0.151258466143954,0.00236713483914171,0.0039404906292822,0.028236052773601,0.00298027871962921,0.000472643058888602,0.00060092756352303,0.00010386002089144,0.00324537672294556,0.317958261676169,0.00430309078132832,0.0903222882463657,0.467717488810062,0.0144965920795523,2.46141326158587,0.00779784656790519,0.0013293486602423,0.000353648546080113,0.00444882176874504,0.000116853745571852,0.000156780647469449,0.00775031599820524,0.000469469195196641,0.0104491716729199,0.00947149310298485,0.0108494034970438,0.00603860919784405,0.000784284107265401,0,0.00641236368990537,0.0105959503016243,0.00911256747709262,0.00833105353660597,0.00469585431340893,6.12923715901136e-05,0,0.000925671351853965,0,0.196611635237103,0.0106946030808078,0,0,0,0.000300718344963455,0.000256655471461558,0.000245124434981203,2.74150043578148e-05,0.00888634782299968,0.00102122017019316,0.0150547901031417,0.000608986854858684,0.000412454640320062,0.00227776815971543,0.00695471661650115,0.00100173581471558,0.00763125794482387,0,0.000212307030185366,0.00804978474261382,0.00373358332762849,0.00344557201901397,0.0112811845067284,0.0417655915683424,0.570493557174007,0.000273692403041911,0.000291977939126301,0.000200786427337504,0.0137793132656528,0,0,0.00229317391860691,0.000263311984564733
0.00942636134990139,0.0010891416087057,0,0.000144088357653129,9.34705458220482e-05,0.00434287436396145,0.0663259976956234,0.0322217808344701,0.0011660455930133,0.0116907035063445,0.0150021897093972,0.00595926644905617,0.000127367993439174,0.0770571437002034,0.0040368379417335,0.00588680053981608,1.1169179491897,0.105205745284798,0.0847601948700914,0.00143837124000116,0.117502632094088,0.00288749173610358,3.64437827595676,0.00311631648396059,0,5.48406750727606,2.11913959936861,0.0640144979432054,0.0640709547868086,0.0858705942629434,0.0016664657655604,0.000252970877723873,0.00304687958149453,0.533307718279036,0.0407944740898406,0.865906926689094,0.187039751325912,0.719816078148065,0.436299630263446,0.00389429746450832,0.00431422076043023,0.00327846192347867,0.0596451520690985,0.0103268653209677,0.0251292847591481,0.0298192048033844,0.00132847508381828,0.000369601435695076,0,0.000248820538086284,0.0137256459918987,0.199812402132622,0,6.38217430796385e-05,0,0.00746844006640706,0.00135568906021639,0.000928346455541114,0,0.000522553169131279,0.000237284023326338,0.000438821062122202,0.00189433088816178,0.00501633340301581,0.00876863675406329,0.0437504960208453,0.000921613560279679,0.00967776834813074,0,0.00812028801461334,0.0192652136785474,0.0697950693427692,0.0102713322672014,0.000403783410213375,0.0621752668167364,0.913108224018242,0.00328854998609512,0.00149876838351224,0.002309333859799,0.000413864903874565,0,0,0.0154507191146563,0.0346259222515772
0.00088347319508014,0.000930860824014938,0.000144088357653129,0,0.00180168961940288,0.0224059210345155,0.00519560871561763,0.0223258166791131,0.119850028066843,0.778272737033625,0.000729466118393218,0.939669620043329,0.000174419843677104,0.00798840737551585,0.0203631229848831,0,0.000171478617618084,0.00068813953349111,0.000703193101258099,2.29574232929169,8.00855823342919e-05,0.00233839562753138,0.000112419586229181,0.0962978000317873,0.000282185932699442,0.00123319647165939,0.00110436269479218,1.06369998302804,0.0100147502470185,0.000946555761364993,4.78257020523906e-05,0,0.000233824355298006,0.00499097469082335,0.00192682996009111,0.0140405489598416,0.000378554470994031,0.00705702645733229,0.00161722523555056,0.0120537745762845,0.00209565463761217,0.00485879261188152,0.00368744219655021,0,0.00182781534801096,0.000410230289477634,0.0327245116507237,0.000811465189084697,0.000754978277197016,3.98050276075959e-05,9.10479011794566e-05,3.10438964426994e-05,0.134568001217115,0.00133161119220335,0.00936665725856103,0.00247634844650989,0.00907157395291362,0.0270376859136928,0.0548521247644088,0.00127120981796636,0.0358183689015702,0.00204300957347782,0.00167598380571506,0.00892804873874622,5.59152260210037e-05,0,7.95880126102209e-05,0,0.0102978638392121,6.8514173423481e-05,0.000278302469942236,0,0.0570347979115255,0,4.88508400615454e-05,0.00029963891471343,0.105504105224172,0.00233770624082769,0,0,5.09105088392258e-05,0,0.00192646609898602,0.000291615513579476
0,0.000368002445408678,9.34705458220482e-05,0.00180168961940288,0,0.113437050824564,0.00292864693800895,0.0206840264170468,0.0191765542748977,0.00466584558022703,0.000403852755272484,0.0366605050656651,0.000204944476408553,0.00128677458392297,0.30203886798828,0.000446923796215009,0.000667283222574127,7.3198052670908e-05,0.000291050147655344,0.00267084019115067,0.00785189954740419,0.00192170538313215,0.00898066623219343,0.00629805927419164,0.000240011188100481,0.00046513237243166,0.0022750747262028,0.00988003946394115,0.00204162902709997,0.00687341787413177,5.48337837482929e-05,0.0204350720445902,0,0.257909507251508,0.0380819754645115,0.0360760376455853,0.000929864073454568,0.00683106663679529,0.00344297038154625,1.1977605695123,0.702057490867393,0.00518316384482864,0.000690695688787579,0.000157294963298178,0.000222800664780664,0.000364607147165537,0.0065714648444747,0.00035008409848423,0.00028375193876245,0,0,0,0.000380432273339939,0.000336731489217711,0.000275969654144168,5.84127886271238e-05,0.000277401815876269,0.00102510811766925,0.000835150456190872,0.000360804254960346,0.00217636395693962,0.000711830766941786,4.65831410867929e-05,0.00101587394453208,0.000408870431075621,0,0,0,0.00049910855288701,0.00045967052269957,0.000350039654695988,0.000240903744273162,0.00148596022559245,0,8.03591402256489e-05,0.00030324822941916,0.0013434029101279,0.000102930877281475,0.000100648058255052,0,6.99010945266724e-05,0,0.000166293983774042,0.0166973693096827
0.00929572482560877,0.000820841817412233,0.00434287436396145,0.0224059210345155,0.113437050824564,0,0.528186966354486,1.12011603564643,0.0693836571294106,2.66606509140014,0.0213406238468986,1.03284047852765,0.00439770135215292,0.205682469726857,0.269683340194343,0.00013775605411638,0.00950584981719114,0.0116330855613032,0.00993585877773712,0.0499178781642419,0.00575576921085416,0.00198145427932913,0.0105719696481727,0.0225872035215259,0.000680170673610734,0.0167682469000761,0.0175722628042575,0.141021678739982,0.0392481855789764,0.035608632950013,0.000779071225419688,0.0299594628027306,0.00151492904186092,0.101008796055992,0.315368588955358,0.310420599078601,0.0100988192881434,0.0625407897753715,0.0186551509941624,0.340359408960261,0.229266139855823,0.0573361408874378,0.0527920149379089,0.000576511986964631,0.0193476941281566,0.0091920729345195,0.0752500027941875,0.0068814063113913,0.00285562189189765,0,0,0.000210628480338549,0.0088069800621303,0.00169762557741898,0.00954680403595911,0.00116671198339333,0.0163837321032196,0.0179229336638378,0.0170490647694048,0.00618851046583607,0.024568256653832,0.00715146076077587,0.0161403848520191,0.0110804465297937,0.000405908061347509,0,0,0,0.00327479202647105,0.000603534086620081,0.0011958544486742,0.000256816253987289,0.0530753896896512,0,7.75864086159467e-05,0.00135404712893345,0.0649085163782746,0.0101395255325856,0.000606143129725743,0.000165481435384655,0.000371960980517292,5.7914534118104e-05,0.0152183718155917,0.0274336873605143
0.581175180761211,0.000233375813686144,0.0663259976956234,0.00519560871561763,0.00292864693800895,0.528186966354486,0,1.22362558227507,0.00610026348450494,2.72749093070065,0.0229212596904154,0.0419829926079317,0.00258862695458897,2.53598430311013,0.022011677789236,0.00142218166878687,0.0992079388337809,0.0287640698841712,0.0314548518397538,0.0159572957927481,0.154267508072549,0.000648356000660526,0.262399981886507,0.0282106443061793,0.000146545577710318,0.0741602013416459,0.0936181670848572,4.05996754659841,0.502182970312077,1.49074944228554,0.00215435839011898,0.00256560704944035,0.0377306376069601,0.174619019338344,0.0530469773993557,0.244893880474036,0.0173309103963563,0.184911035178836,0.0517987221306625,0.049729750447357,0.0336468789077292,0.0175351258756096,0.00507236517445486,0.000534475972325921,0.00214906593377209,0.00125109728559902,0.00386744345839173,0.000400739000758267,0.000181610680780149,0,0,0.00256685261349922,0.00305644780269024,0.00058257311068139,0.000963234719745755,0.000257416100701189,0.00157477328253393,0.00448528466232279,0.00468722726064688,0.000415197082023883,0.00211794322978735,0.000577924810369778,0.000929692471326647,0.00204183667381747,0.000694942894368839,0.000229775072487974,0,0,0.000299416347154427,2.521265129807e-05,0.00105690613415938,0.00382717777719412,0.0112906550128471,0,9.94671876978994e-05,0.0296789607587104,0.0157741696480144,0.000334858572501147,0,0,0,0,0.000870529474641755,0.00857130681984206
0.316732178429332,0.00162479999795769,0.0322217808344701,0.0223258166791131,0.0206840264170468,1.12011603564643,1.22362558227507,0,0.0600632259028109,1.40356462645859,0.163400949664967,0.628217545997992,0.0195262527572816,1.9132676371908,0.133629523131694,0.000335143525214052,0.150369363291968,0.114905540177825,0.112015372629593,0.100336136327811,0.0454768932960726,0.00187544946964581,0.0902362914285343,0.0445963295729509,0.0017002714345635,0.139104538576561,0.138745561967807,0.214783830939805,0.246919280457672,0.702883947266482,0.00962930214056943,0.0308079170517366,0.00580577066393863,0.181154308563997,0.0256090878099355,0.580396928716635,0.0339622660273462,0.214058230314167,0.0541921491584277,0.323176583249325,0.0944553914931945,0.152743272887897,0.0681020527341046,0.0018387335368239,0.0198171308844677,0.00644222804551878,0.0857674140890791,0.00652726470022702,0.00549107302440501,7.20631672906637e-05,0.00121861451155146,0.000912789107673095,0.00860227476242837,0.00112051535983293,0.00828856192582537,0.00344721817479751,0.0208883273997939,0.0315455037161017,0.020405763594908,0.00772676332040591,0.0182874604570924,0.0151852359509329,0.00396611924136933,0.00767670722895291,0.000993053436309925,0.0001313369547099,0,8.7838575587654e-05,0.00226816189933834,0.000207167676812267,0.00232040083868562,0.000404442128511858,0.152683491590167,0.000533950306497932,0.00131103728908939,0.00894126140785071,0.143785036490378,0.0112324471666595,0.000768043124887276,0.000657980120229077,0.000177219212176251,0.00084953055663664,0.0347576118979271,0.00511123309253593
0.00149652507533229,0.110641505083855,0.0011660455930133,0.119850028066843,0.0191765542748977,0.0693836571294106,0.00610026348450494,0.0600632259028109,0,0.106220089402323,0.0240354010619841,0.421110581295451,0.145187387113253,0.0175351357439832,0.128667982938295,0.0110232344356254,0.00137225879166262,0.00366241013424873,0.00319643933353686,0.0499591890389323,0.00377678676115784,0.909561431729694,0.0027690236262007,2.64294520956888,0.170866282314233,0.00555377353049097,0.38445703490238,0.380994147139726,0.0158067351652499,0.00195499810836654,0.00220014335084967,0.000337146792613221,0.00104322730828399,0.0147358221060702,0.00511491468567048,0.0483961061908938,0.00299147175621933,0.0202709373620687,0.00427959827246979,0.134895138724773,0.00648493630482631,0.00941301768517134,0.058216798219417,0.00602878179177053,0.0219273035083328,0.00761694476654356,0.0615273219609592,0.00558011783000407,0.00305408296136771,0.000160957262928057,0.00248804329600063,0.00155228676260726,0.0713769844044124,0.00287811832502024,0.0201836902539173,0.0087047376004029,0.0282574348250498,0.372418161064803,0.0639835792055304,0.00880665075278355,0.105251179593302,0.0118354563145687,0.0231383746679402,0.0248243792854095,0.020770415952821,0.00122071327034415,0.00275855587398634,0.00547778315389044,0.0188927850596336,0.0045352795638829,0.0751274037178358,0.00403486167976259,0.385230412965182,0.00260165458732992,0.00958441456934805,0.0190428641027786,0.253385606168959,0.0230375473827881,0.00542129882675468,0.00783829188189057,0.00214072736721329,0.00131695683414052,0.0144358472047343,0.00947147120978746
0.0465839780409179,0.000674993911058414,0.0116907035063445,0.778272737033625,0.00466584558022703,2.66606509140014,2.72749093070065,1.40356462645859,0.106220089402323,0,0.0579350770191357,0.616612350628264,0.00605683664424376,0.948586248181494,0.0303133450372773,0.000468458890874541,0.0287154883887059,0.0423072063689771,0.048078441497703,0.663786386283879,0.0107226174114429,0.000881175425330689,0.016682568743808,0.0775951185799803,0.000812838369666624,0.0614320170181965,0.0418445354199372,1.50921577181839,0.366292888557897,0.049764207064217,0.00349795685241712,0.00423093252106447,0.00437098505006421,0.169545500021111,0.651130552949059,0.409529093108437,0.0174575040648568,0.208029673233954,0.0315684958936851,0.0985875910044258,0.0535710817906654,0.0621643863396532,0.0209660228560552,0.000669289749549651,0.00885197806052741,0.00369206489337512,0.0604067520997147,0.00356462867045377,0.00374028551215256,0.000144561436977303,0.000885768479682754,0.000402849042316782,0.114191654492022,0.00234203030418148,0.0179597199751215,0.0118057684467126,0.0425872283550919,0.060562389497467,0.172628994247018,0.00617059208653997,0.0821846698337144,0.0103356019418117,0.00775914360331271,0.0176095253149947,0.000264593418904281,0,0,0,0.0194962438049685,0.000127858097762239,0.000939768832835913,0.000639136277730847,0.185028593045194,0,0,0.00147779061913672,0.397054933224276,0.00973173559006407,0,0,3.12879463280797e-05,0.000306951464248216,0.0135046635593988,0.0541278288371225
0.0120005360775135,0.0263871938795273,0.0150021897093972,0.000729466118393218,0.000403852755272484,0.0213406238468986,0.0229212596904154,0.163400949664967,0.0240354010619841,0.0579350770191357,0,0.0386238368487358,0.398853090341923,0.239970899721775,0.0021772767653159,0.00171024051890774,0.0981256671819115,1.1238454004012,0.159874761619237,0.00714626275743949,0.00420617143190242,0.0223886824474635,0.0131323502869069,0.0139872999328132,0.044404978008053,0.569574546932031,0.0864148756784219,0.0191793481837933,0.124876081267581,0.0175934811995739,0.173855840669249,0.0207510261350183,0.00124400148170611,1.19902711243618,0.00496065785421703,0.114045772590453,0.331734212695035,0.640471485672574,0.0965467074454268,0.0216842009170988,0.0075111385918078,0.330035987328176,0.00399623999540835,0.0789774394149215,0.00538668383905702,0.00282583166985773,0.00187834063418988,8.18268559922933e-05,0.0108704566549971,0,0.0038374229643396,0.000229290150119376,0.000208097042043543,0,0,0,7.93609229804277e-05,0.00223306863293116,0.000186382835032797,0.175616243027838,0.000316782555709827,0.272408767066461,0.000689605060436046,0.000150563288199019,0.000117797005712271,0.000228009507640243,0.00286084911438524,0.000514419562442851,6.2152063065505e-05,0,0.000580966913967204,9.98511279427532e-05,0.00394764953299549,0.0317631385499879,0.135404374577209,0.117449912139381,0.000852516926209613,0.000330234946858835,0,0.147281741242152,0.000103440506691026,0,0.00209367261348717,0.00253724470362382
0.00678868063728468,0.00441292469678467,0.00595926644905617,0.939669620043329,0.0366605050656651,1.03284047852765,0.0419829926079317,0.628217545997992,0.421110581295451,0.616612350628264,0.0386238368487358,0,0.00699928337468941,0.125484579092606,0.284562918227345,0.000149536397140395,0.013395873561245,0.0267464232561019,0.0283244302002396,0.778585636801402,0.00110300275421598,0.0185061438038108,0.00418791290124628,0.104502468460486,0.00461276946513348,0.0402832742741714,0.039844461299982,0.677909239864211,0.0583934021336407,0.00746720057825829,0.00282921920512967,0.00105063518486391,2.87221492595315e-05,0.0593020911138439,0.474101285475665,0.133517017265051,0.00762182021624801,0.0906353939140359,0.0152256872673696,0.158486207015088,0.0169045892667132,0.0365318412449518,0.0061329653698151,0.000334111459671342,0.00338516447922231,0.00197844195765167,0.139549667018538,0.00135725630636269,0.00196551223919789,4.91567272728681e-05,0.000362338818188631,3.31020537132382e-05,0.0750335722143968,0.00771015088079002,0.0351022594513507,0.0020465722381427,0.0165309197527288,0.0529692078070307,0.0928987862974108,0.00356779853998189,0.147853956701589,0.00343634907884009,0.00553909531203039,0.0496363125744925,5.70274014422178e-05,0.000137609582351017,0.000340607013449764,0.00064211927069149,0.0293663689374798,0.000219733824260759,0.000379733279725957,0.000202221786392784,0.0501467012287731,3.22911861596346e-05,2.60468613029838e-05,0.00106932747075727,0.101777605378042,0.00250170480553226,3.36180727888942e-05,0,0.000178563492343211,0,0.00145901245125028,0.0295149012456553
0.000325874828954959,0.151258466143954,0.000127367993439174,0.000174419843677104,0.000204944476408553,0.00439770135215292,0.00258862695458897,0.0195262527572816,0.145187387113253,0.00605683664424376,0.398853090341923,0.00699928337468941,0,0.0153708768874619,0.00580024341350874,0.0137761468798125,8.70513567709927e-05,0.00261960166285057,0.000121572626045609,0.000905346070498719,0.00154562202461433,0.147783486219582,0.00131525883142089,0.0635121927544143,0.733138986513403,0.0313030298968978,0.248584429778951,0.00712195181104102,0.00613021237495269,0.00130749599967542,0.128365193634319,0.00228810479428804,0.000132726114437341,0.114917596562642,0,0.0181313723836893,0.0941873617437337,0.138106029309156,0.0050011546764812,0.00423675032201296,0.00251559635549426,0.40060695203559,0.00413492521305571,0.188904267459302,0.0103467473397805,0.0052862378496348,0.000242090897420955,0,0.034780042639007,0,0.0118097501624142,0,0,0,0,0,0.000422769720352614,0.00114195272447469,0,0.434115715235168,0.0016272345678189,0.84265316908159,0.00129394510407911,0,0.000523750942671096,6.85220870473623e-05,0.00238018312997696,0.00219711902426952,0,0,0.00191226341885011,0,0.000681562455442,0.191291846553091,0.186651802957559,0.276690489955203,0,0.000435439424716258,0,0.303638683191529,0.000765101154280257,0,0.00326488504838648,0
1.52247771785358,0.00236713483914171,0.0770571437002034,0.00798840737551585,0.00128677458392297,0.205682469726857,2.53598430311013,1.9132676371908,0.0175351357439832,0.948586248181494,0.239970899721775,0.125484579092606,0.0153708768874619,0,0.01129457287671,0.000400707523061765,0.265809782099403,0.181847794394118,0.226089919821343,0.0413978112111433,0.0486839808737055,0.000910722755394315,0.149869488895515,0.0389963277395027,0.00220513340616317,0.248404638858144,0.309751166728189,0.226285718465608,1.14106915861202,0.975203998687281,0.0125935942941049,0.021520689433703,0.00791773682922928,0.330615113348461,0.0179532410653526,0.25485052354697,0.029762089146858,0.244578953312018,0.048586052328064,0.0462861199555313,0.0382636167614042,0.0756421705011095,0.031468282721185,0.00125767086252944,0.00821670020981601,0.00435267839023175,0.0348250250043863,0.00240358798387191,0.00166472170296007,0,0.00185691609370262,0.00348353074189318,0.00330642586141197,9.56585806510449e-05,0.00291394877612053,0.00167130284738671,0.0075647555923861,0.0159926477609484,0.00634997674311229,0.00411651317851532,0.00418871936127495,0.00687281610503977,0.00122567212187512,0.00185602193139796,0.000865338533305802,0.000471248391000044,0.000192948264267397,0.000781066947733783,0.000775574282678997,0.000305215026417017,0.00241832311916732,0.00116401912260993,0.08594419331074,0.000923228372833585,0.0019733827539991,0.0286788201990906,0.0682187788606632,0.00501304436347572,0.000423561772505951,0.000902426003049555,0,0.000793923563526678,0.0148912152485017,0.00385482926643122
0.00148669904629905,0.0039404906292822,0.0040368379417335,0.0203631229848831,0.30203886798828,0.269683340194343,0.022011677789236,0.133629523131694,0.128667982938295,0.0303133450372773,0.0021772767653159,0.284562918227345,0.00580024341350874,0.01129457287671,0,0.00237976563526962,0.00234706873021363,0.0017000699384599,0.0025889456759153,0.0193365698738569,0.0379110556812142,0.020300369356916,0.0396186384625811,0.0686996089419563,0.00444467978846408,0.00530892839812432,0.0358238411874249,0.101460627250242,0.0090416745076744,0.0503706348640262,0.000220677654640281,0.00123696250251332,0.00166348170184511,0.00835798409420947,0.234616903399994,0.0371023154083189,0.00747692525164872,0.0125243225468277,0.027060824057546,0.901190367578096,0.0104467477359013,0.011033079596305,0.00941476159089366,0.0013926706298354,0.00221715660381156,0.00360049002901147,0.0547800835226871,0.000790348059766531,0.00150429389085316,0.000183443299770069,0,0.000647279805085588,0.00687071983388404,0.00210570558239425,0.00621816453021702,0.00116705779730237,0.00418291948426123,0.0108534219147286,0.00734555084542744,0.00164959599621137,0.0193344098579379,0.00339286231865083,0.00217801564329543,0.0143557139638577,0.00223036293554263,0.000105777222028112,0,0.000157069337863112,0.00264466089243858,0.00151359661718903,0.00074303150154891,0.00280125280321562,0.0188933616236592,6.45794140482903e-05,0.00020526153931024,0.00355035784176482,0.0205109653410961,0.00139781529464958,0.00102933946114097,0,0.000364456474555779,0.000174225765662098,0.00397534085181534,0.0823044963826468
0.000366332541283106,0.028236052773601,0.00588680053981608,0,0.000446923796215009,0.00013775605411638,0.00142218166878687,0.000335143525214052,0.0110232344356254,0.000468458890874541,0.00171024051890774,0.000149536397140395,0.0137761468798125,0.000400707523061765,0.00237976563526962,0,0.00479708931204919,0.000760833883254933,0.000438700280997992,0,0.48255920147256,0.830101900080191,1.16842100570223,0.63535148394612,0.0179546807373079,0.00204057234167075,1.0524594797076,0.260540943596936,0.00118395225875159,0.00312613279402782,8.60667555406812e-05,0,0.000204999682526064,0.0108226626771638,0.023334457949917,0.433441029676547,0.0854213439185803,0.0506102201856121,0.0539758734035337,0.000978335901232764,0.0022125139436378,0.005113156728161,0.146783438330042,0.0201136803084652,0.0362077586974182,0.018298388691078,0.0135598767351748,0.0020475715560241,0.000587908920140862,0.000615132090088176,0.00648657507240278,0.00753367658266135,0.000108428430455732,0.00101055580003416,0,0.00690273505170929,0.00202306022660883,0.0280009971450835,0.000255607635944009,0.0013454971568103,0.000604687187279963,0.00312551788453517,0.00262719174451955,0.00502031040739703,0.865916643135103,0.0102389172470217,3.63845267882108e-05,0.00154894264643626,4.42753261646748e-05,0.100708856376258,0.398376175626896,0.523580627259074,0.177550322278275,0.000222675252020073,0.00152678104576224,0.455036739221281,0.102050335190087,0.0181432254309538,0.0466508200068483,0.000739462038837075,0.000854942842879204,0.00720350186201623,0.0200185157590677,0.0139334204155671
0.124505575482471,0.00298027871962921,1.1169179491897,0.000171478617618084,0.000667283222574127,0.00950584981719114,0.0992079388337809,0.150369363291968,0.00137225879166262,0.0287154883887059,0.0981256671819115,0.013395873561245,8.70513567709927e-05,0.265809782099403,0.00234706873021363,0.00479708931204919,0,0.276290319943504,0.905370290102273,0.00424088819856448,0.095873605762021,0.00347159980096321,1.91462684514049,0.00499300651250982,0,0.53388434211255,1.84774314644566,0.0355990830337415,0.326795890440368,0.57219468091931,0.0001955366816504,0.00247120305208847,0.0235058049244765,1.36451524445735,0.0233621571499891,0.516630168966572,0.140915773328701,0.441407007969407,0.232269207282261,0.0067648674648007,0.00584518747575316,0.00264813533937117,0.0180228538205935,0.00300633876117485,0.00694516124436121,0.00885537279102154,0.000778934866060424,0.000202913842512703,0.000130704360334683,3.58756991995812e-05,0.00483796957653279,0.0617249767970022,6.25524804812908e-05,0.000542897288297939,0,0.000842982560781774,0.000156413846769333,0.000902746629323102,0,0,0.000398037474332607,0.000247605493024993,0.000287105208640623,0.00323146387741671,0.00231166451416676,0.012958415261013,0.000363052047859168,0.00391195774462202,0,0.000841753135236562,0.00188546327667253,0.0138197820441058,0.00177155656911632,0.00014701385606947,0.0207908933361189,0.236434746080369,0.000792773926633572,3.50095060023665e-05,0.000671579147491836,0,0,0,0.00333999964231038,0.018150146579823
0.0216843562537166,0.000472643058888602,0.105205745284798,0.00068813953349111,7.3198052670908e-05,0.0116330855613032,0.0287640698841712,0.114905540177825,0.00366241013424873,0.0423072063689771,1.1238454004012,0.0267464232561019,0.00261960166285057,0.181847794394118,0.0017000699384599,0.000760833883254933,0.276290319943504,0,0.911126972818737,0.00598512266498433,0.0143372753995033,8.92709763719558e-05,0.0944814152610589,0.00404460542005613,0.000729303655031705,0.44483908562618,0.0994967246366629,0.0149807912380503,0.12017555514706,0.0385797137228738,0.00215142892991045,0.00586495302136162,0.00445600741144298,0.466929118924684,0.00913704145211141,0.20167709242052,0.354222828028784,0.553675916802806,0.204195854240508,0.011485256935651,0.00378016541788166,0.0072097971274027,0.00246577271989492,0.00291170942973278,0.00133431041028121,0.00128372656129346,0.000649416852072358,0,0.000139780495066166,0,0.00119720901804629,0.00211166843573566,9.72580390813347e-05,0.000102970679472828,0,0,0.000116723870503521,0.00160563913488994,0,0.00224352746053004,0.000269534518319249,0.00382859791161239,0.000183147228639722,0.000677205445216727,5.75461696181774e-05,0.000968147180209101,0.000694699414722562,0.000657636480200994,0,5.17145061321974e-05,0.000147588960880638,0.000391685239818657,9.74671425231818e-05,0.000651877286883616,0.0292341753267594,0.0373140167574225,0,7.05264252011776e-05,0,0.00879838043064773,0,0,0.000283685302961612,0.00741525941826853
0.0386411756721186,0.00060092756352303,0.0847601948700914,0.000703193101258099,0.000291050147655344,0.00993585877773712,0.0314548518397538,0.112015372629593,0.00319643933353686,0.048078441497703,0.159874761619237,0.0283244302002396,0.000121572626045609,0.226089919821343,0.0025889456759153,0.000438700280997992,0.905370290102273,0.911126972818737,0,0.0061741949468363,0.0178507708267203,0.000167063193991613,0.102986331861376,0.00543097673804855,0.000235931373842239,0.711456889245707,0.186084577411499,0.0175398832160961,0.199748688508371,0.0727697109625022,0.000377624702362168,0.00505056814830734,0.0085467427843969,0.872393766900268,0.0104364209049591,0.246220826106857,0.185799599777402,0.510854799878264,0.235739242063252,0.0106961553388792,0.0042662864465047,0.00239334083201616,0.00522267845140425,0.00186666983932679,0.00114968922312623,0.00352524977829451,0.000327648421972418,0,0,0,0.00169672290884021,0.00505373982068746,7.4469078279233e-05,0.000121908902767897,0,0,0.00017686518582809,0.00200812718348297,0,0.000131368925451564,0.000570895684609866,0.00016715450695188,0.000214009271101284,0.000642192236395383,0,0.0028538772864496,0.000756471210480666,0.00626311762166226,0,0,0.000509908104575157,0.000312607145472729,0.000658047199272537,0.000300219184048176,0.0118980685854915,0.0573545441442802,0.000284692014030325,0,8.1904303924942e-05,0.000318655059065294,0,0,0.0012343293499972,0.00719959540293539
0.00412094928513736,0.00010386002089144,0.00143837124000116,2.29574232929169,0.00267084019115067,0.0499178781642419,0.0159572957927481,0.100336136327811,0.0499591890389323,0.663786386283879,0.00714626275743949,0.778585636801402,0.000905346070498719,0.0413978112111433,0.0193365698738569,0,0.00424088819856448,0.00598512266498433,0.0061741949468363,0,0.000537681092093074,0.000671881780107057,0.000674989707723892,0.0265945318611113,0.000211016377395344,0.00774284981280945,0.005810838446079,0.667730816991448,0.0268339216803294,0.00305392122761343,0.000497181794642579,0.000153582808833897,2.90950955932975e-05,0.0151555066660379,0.00266860258785188,0.0362730955309322,0.00252114241385404,0.0206889028677824,0.00294674942983146,0.0163380304596511,0.0034575685461562,0.00793542831561563,0.00326959157284963,0,0.00206071357026265,0.000556592063437307,0.0204778894909902,0.000278411410512149,0.000764189314563418,0,6.57684447519064e-05,0,0.0334929649842065,0.000814073153965331,0.00558330626840987,0.000679571778125381,0.00552599607568506,0.01199564575428,0.0245322637119788,0.000878340831493769,0.0291956562456017,0.000757834228853953,0.00183080202884982,0.00770612532391087,5.8169816966772e-05,0,5.75903992554903e-05,0,0.0072256183739591,0,0.000190488775704432,0,0.0220123338679997,0.000128614864814758,3.42811836715579e-05,3.93686427961707e-05,0.0500572464337097,0.0012443734195384,0.000205731764948774,0,0,0,0.000821081402499747,0.000344174436747515
0.0353733630161781,0.00324537672294556,0.117502632094088,8.00855823342919e-05,0.00785189954740419,0.00575576921085416,0.154267508072549,0.0454768932960726,0.00377678676115784,0.0107226174114429,0.00420617143190242,0.00110300275421598,0.00154562202461433,0.0486839808737055,0.0379110556812142,0.48255920147256,0.095873605762021,0.0143372753995033,0.0178507708267203,0.000537681092093074,0,0.0595315008909135,3.47098510111935,0.0905298307968697,0.000947150107388166,0.0635670216301221,0.307501608789936,1.76426978957307,0.221804056428965,2.98042099813759,0.000156915711962628,0.000630809985008455,0.095651962301629,1.49473182492292,0.245262786205574,1.79834774773782,0.157830827516354,1.30007156087926,0.549901502622286,0.0179873953048354,0.0187734816515402,0.0278613465051647,0.114063451897628,0.00901277453096922,0.0229773041764434,0.0206693574045861,0.0249720109469894,0.00470756076191165,0.000692475278031063,0.00063812840626291,0.000575354013126039,0.00506511813518347,0.000139591036236906,0.00261168695327382,0.000757054599944651,0.00807743317397486,0.00522526033967403,0.00575286249546643,0.000751692432489967,0.000869373373378726,0.000317070957248747,0.00333623257058334,0.00566406947159736,0.0155381796366596,0.19785441917615,0.00348080030260191,0,0.000269138100047564,0,0.064234834669566,0.0545793738385763,0.0824595527764769,0.126995235869491,5.36766665134191e-05,0.00106375268629142,0.0598935378534066,0.0997034298532975,0.0227303669413937,0.055804739639958,0,0.000298928386830783,0.00745868536208396,0.0169338090180685,0.0688535847077852
0.000334552219636059,0.317958261676169,0.00288749173610358,0.00233839562753138,0.00192170538313215,0.00198145427932913,0.000648356000660526,0.00187544946964581,0.909561431729694,0.000881175425330689,0.0223886824474635,0.0185061438038108,0.147783486219582,0.000910722755394315,0.020300369356916,0.830101900080191,0.00347159980096321,8.92709763719558e-05,0.000167063193991613,0.000671881780107057,0.0595315008909135,0,0.0610319338571498,1.6401792932676,0.187014664931528,0.00178462952466037,1.62986718101582,0.134382058141016,0.000608235695572364,0.00108316368760529,0.00146538028143018,0.000159929776729059,0.000182765180891455,0.00520490439240371,0.00110395319090267,0.0160569971445269,0.00432481086752912,0.00729444059353409,0.00300667914909696,0.00351598192120825,0.00053291510588522,0.00506441841445238,0.0323551945377394,0.00782741606508014,0.0115279861344372,0.00780207431065314,0.00442093903385603,0.0002482952681885,0.00115757125974548,0.00016823520716672,0.0244829314182957,0.0101978350232708,4.3497823823905e-05,6.62750810286999e-05,4.58308786741733e-05,0.00205738480821526,0.00135398721274055,0.0191910499645528,0.000543318366298163,0.00431597723880422,0.0112698009604754,0.00779086849473081,0.00120042437223577,0.00192760987785516,0.185848350205579,0.00707908240066895,0.00030040232293489,0.00125485034289082,0.000109636181934786,0.0137160679894838,0.232136054501979,0.0683960536599464,0.0571490422429628,0.00207246908173936,0.0105781763148374,0.453228967548644,0.0205992438100842,0.00260285892484474,0.00575223191062378,0.00593631576321523,0.000257167566096926,0.0014622388317225,0.00624226434372006,0.00503076629664595
0.0626780326640979,0.00430309078132832,3.64437827595676,0.000112419586229181,0.00898066623219343,0.0105719696481727,0.262399981886507,0.0902362914285343,0.0027690236262007,0.016682568743808,0.0131323502869069,0.00418791290124628,0.00131525883142089,0.149869488895515,0.0396186384625811,1.16842100570223,1.91462684514049,0.0944814152610589,0.102986331861376,0.000674989707723892,3.47098510111935,0.0610319338571498,0,0.133639482962726,0.0010968628802301,1.30073581063649,3.53785704385447,0.507862119984596,0.156700799973145,2.01532254759473,0.000420573109525931,0.000537749568097829,0.0251328357924294,1.64531251803703,0.41007295283708,4.74330422653791,0.539993042025608,2.42873968405537,1.57349659683437,0.0141572244546462,0.0247912842314435,0.0203260975641261,0.119613730188626,0.0267845077254186,0.0405209602089898,0.0597511792500836,0.0128783139360953,0.00269887516493937,0.000335317445650291,0.000243633894709683,0.00244259310546534,0.0748313707287651,0,0.00427108908240301,0.000542401190238976,0.0057658847146711,0.00171937983563379,0.0106434449811225,0,0.000989381611943934,0.00047028258773911,0.00265492122702713,0.00265957849677651,0.0320087341020732,0.475924410290809,0.0139908783450418,0.00012088716876247,0.00126705907492819,0,0.081099133615274,0.138047950720486,0.457171872503054,0.0844349832491338,0.000164616298001325,0.0045440413947735,0.852617806863172,0.049484709740409,0.0108430452986755,0.0382218367143991,0,7.43765551172018e-05,0.00510109270736914,0.017406397565585,0.191042658036474
0.00586886814110448,0.0903222882463657,0.00311631648396059,0.0962978000317873,0.00629805927419164,0.0225872035215259,0.0282106443061793,0.0445963295729509,2.64294520956888,0.0775951185799803,0.0139872999328132,0.104502468460486,0.0635121927544143,0.0389963277395027,0.0686996089419563,0.63535148394612,0.00499300651250982,0.00404460542005613,0.00543097673804855,0.0265945318611113,0.0905298307968697,1.6401792932676,0.133639482962726,0,0.0812620771953062,0.00921544448296464,0.460027919683757,0.736552503475049,0.145597597143057,0.0238645477625899,0.00131816580578184,0.00199533335126431,0.0381771189075919,0.0598127650806608,0.0629081988085547,0.329356973535238,0.0286524896674902,0.0680981151808067,0.0327470430825825,0.0457092402714208,0.0251419936780331,0.0326330412945038,0.437071441097533,0.0101303289653477,0.16904067261621,0.0549520444679614,0.234371841337717,0.0514244195790603,0.015231200223225,0.00156165130136779,0.00616697141685473,0.00373104142581947,0.151690803769257,0.00282554932928814,0.046157801498014,0.0478494917778379,0.208203947781206,0.503181004394755,0.262353647626152,0.0215188935092259,0.140418056756856,0.0258451864057721,0.161324286392452,0.0325700029180142,0.14284044340734,0.00364637363737176,0.000836313644355584,0.00254410820605095,0.0354108720494968,0.037615154589195,0.142971452330139,0.0631885500977909,1.36001806974696,0.00151758353476618,0.00215862442604127,0.151649461688293,1.25316605421246,0.152141936741832,0.0345896236740155,0.000717256116391039,0.00816209020133836,0.0070408911497224,0.129360129350223,0.0400214690206845
0,0.467717488810062,0,0.000282185932699442,0.000240011188100481,0.000680170673610734,0.000146545577710318,0.0017002714345635,0.170866282314233,0.000812838369666624,0.044404978008053,0.00461276946513348,0.733138986513403,0.00220513340616317,0.00444467978846408,0.0179546807373079,0,0.000729303655031705,0.000235931373842239,0.000211016377395344,0.000947150107388166,0.187014664931528,0.0010968628802301,0.0812620771953062,0,0.0321327133736948,0.704009825941719,0.00513082769839028,0.000829978238120484,0.000143655874870849,0.053238566861035,0.000157673183721113,0,0.0115412558623138,0,0.00307283825992698,0.00990601862117878,0.0183375023622914,0.00272844581753329,0.00110148546001904,0.000357710877156078,0.0202086044759347,0.0028011744837385,0.0214925204711561,0.00434425380223274,0.00283533857665418,0,0,0.00912894875572088,0,0.0408289002536914,0.000130857313900852,0,0,0,0,0.000257593736407042,0.000602336044146538,0,0.0837741223158186,0.00150112301282358,0.192097198275987,0.00112781245812914,0,0.000391567598744702,0.000517355287811137,0.00106859765435021,0.00247129445718345,0,0.000179747891410446,0.00186219421438787,8.30498918714046e-05,0.00071571497424699,0.175043853799863,0.0551092823077442,0.27760826813708,0.000230378544826913,0.000352959239060497,0,0.0515478983426079,0.000324208450849342,0,0.000964340580204674,0.000137759009897232
0.0246921060528755,0.0144965920795523,5.48406750727606,0.00123319647165939,0.00046513237243166,0.0167682469000761,0.0741602013416459,0.139104538576561,0.00555377353049097,0.0614320170181965,0.569574546932031,0.0402832742741714,0.0313030298968978,0.248404638858144,0.00530892839812432,0.00204057234167075,0.53388434211255,0.44483908562618,0.711456889245707,0.00774284981280945,0.0635670216301221,0.00178462952466037,1.30073581063649,0.00921544448296464,0.0321327133736948,0,2.88416595779122,0.0474882115973382,0.175645068314426,0.0986518907535466,0.0560957854000094,0.00837032015391518,0.00544905819825768,0.571077776330907,0.0292618525888119,0.76586337869281,1.23577187297131,0.938115912582295,0.550155705731928,0.0140553374037776,0.00708331517596375,0.0184020156310939,0.110646320631063,0.105346252560806,0.090236906462533,0.0722122403697781,0.00204589485883183,0.000580407673755705,0.00370616819876433,0,0.0702622960589982,0.0744287385292052,6.93423448702096e-05,0.000299347221226502,0.000198536228975916,0.000400795925063467,0.00357035937173703,0.00329841001781373,0,0.0604314028712666,0.00162526607006425,0.145189398700167,0.00862114294093867,0.00319340013342762,0.00223058733583517,0.0587874999754194,0.0247706694802848,0.138936792793913,0,0.00120327995037364,0.00758581663408177,0.00917373657992154,0.00297031819634188,0.0750087759036322,1.32288443401818,2.97990589679329,0.000271460937906396,0.00169126759320159,0.00120242092376218,0.311257386904162,0.000886691012005304,0,0.025324920478133,0.0238017511450689
