0,2.41249620914459,225.753715455532,0,1.3062492609024,13.6740285158157,8235.8875644505,1594.71502265334,4.05106303095818,22.3098992109299,9.48547568917274,4.19967275857925,0,19495.1591285467,0,0,235.033048570156,12.2913084924221,49.3039165139198,0.673102498054504,55.5480117797852,0,170.907073944807,6.13965344429016,0,128.75898373127,51.2424115240574,55.008603990078,10305.1466879845,6478.41762810946,0,12.3888127207756,70.4125652611256,258.636310905218,2.34321343898773,41.4387320578098,20.6848739981651,150.559875011444,25.8047975301743,0,10.5422567129135,2.3374450802803,6.93338578939438,2.40886649489403,4.68479445576668,0,4.26479035615921,0.929898083209991,3.80172008275986,0,1.07736945152283,1.78753456473351,0,0,0.554087340831757,3.82072794437408,0,5.39545577764511,0,0.695097744464874,0,0,1.95405265688896,0,2.57752665877342,2.24153298139572,0,0.459453195333481,0,1.84471589326859,2.70380061864853,2.32350215315819,25.4912359118462,0,1.28029143810272,1.31813710927963,20.513170093298,1.4162965118885,0.5546835064888,0,0,0,4.10469543933868,0
2.41249620914459,0,3822.49623575807,0,4.62119206786156,4.50192773342133,79.8241162896156,24.7396112382412,2489.16867431998,1.80324015021324,44.388303399086,0.8202765583992,1835.40525650978,29.2285846173763,8.68309482932091,2182.26419359446,785.37183585763,85.9977132380009,243.067712634802,0,609.188124477863,7699.40176528692,1873.48363408446,5140.17296931148,6563.483027637,1222.38395214081,45104.4898296595,1540.82011252642,18.5140174627304,83.1447839736938,239.583952993155,3.10858130455017,6.85629436373711,314.947137832642,26.9338638782501,563.834792762995,485.036939680576,397.555090010166,225.492494136095,55.3501438498497,19.304109454155,54.227430999279,296.315743148327,236.268485605717,91.0717643201351,80.6098385155201,13.6006688773632,0,16.9270010590553,2.99738013744354,2373.12030255795,884.607883244753,22.2534133195877,0,0,43.839875459671,8.8483599126339,49.8902710974216,5.9502100944519,78.7111174464226,5.19043880701065,51.766838490963,15.4326566755772,1.2718551158905,416.836371660233,841.470905303955,36.6334570348263,173.62378719449,8.32345581054688,86.085868626833,262.940968990326,278.981324255466,186.458633303642,84.3067920804024,1598.20316743851,7629.39045977592,92.0602230429649,2.41255414485931,10.1692164242268,73.0678520798683,0,0,183.432789444923,27.5939998030663
225.753715455532,3822.49623575807,0,2.06129577755928,17.2481017112732,55.5372042059898,1662.31390985847,1671.63669812679,13.8522143661976,42.1017290949821,265.597767561674,11.0012225806713,26.9638447463512,2170.65069538355,8.63366568088531,201.293792396784,18374.9462759793,794.531105160713,3110.12113678455,2.9714041352272,3779.63187399507,453.799424529076,26686.7776041925,133.351011425257,7.98383066058159,54854.214389354,38275.9358099103,1594.38699689507,1598.56509739161,6349.70350894332,30.7062765061855,61.5157297849655,164.739830344915,4547.08154675364,156.274674832821,5128.00540977716,5062.52749347687,3748.93884894252,1799.46203231812,57.7154873013496,183.742476046085,37.4807192087173,973.335579842329,523.057603359222,407.49178263545,387.804710865021,17.2741320431232,1.98359251022339,4.49831101298332,20.9632917642593,921.708718419075,2233.36048835516,0.403052538633347,3.54523235559464,0,190.275398999453,23.6623387932777,12.4998863339424,0,23.4714389443398,0,6.3718529343605,46.819119989872,6.23856127262115,354.41796207428,2745.96476560831,71.3280652761459,440.271996885538,1.24953758716583,222.304716944695,387.064769804478,2038.77647230029,152.7186011374,6.60518243908882,2419.50614866614,9255.51939541101,177.196019887924,9.54502430558205,26.3087667524815,5.03832837939262,0,0.766605943441391,1018.16840475798,148.550128042698
0,0,2.06129577755928,0,138.621053725481,297.684310793877,104.666686832905,404.75815692544,1987.77322027087,14545.5961469412,61.8816511332989,6053.40893343091,7.91592308878899,95.0237317383289,1206.57821509242,0,0.439845621585846,2.59347108006477,2.08537128567696,24757.2028670311,0.445756137371063,0,1.2790247797966,3050.5566521585,0,3.74712085723877,0.804633766412735,5064.71417689323,118.086741536856,3.63215211033821,1.57683244347572,75.9183266162872,4.76375743746758,217.971659719944,15.8623865246773,310.833574205637,10.3170975744724,93.9509146511555,18.2396745979786,1447.72759312391,33.7985097467899,23.5167418420315,57.3419982492924,1.01753628253937,43.8863789737225,0.784446567296982,729.286039918661,8.76104739308357,11.5504035949707,0,1.97130316495895,0,1199.96414589882,5.78410911560059,81.2440146803856,57.1193256378174,106.738685905933,428.888555109501,2109.02571177483,9.57456296682358,1221.83691734076,1.31167107820511,106.132118135691,31.9891390800476,0,0.915052354335785,1.42082267999649,0,869.254995524883,0.936763167381287,1.24253404140472,0,1119.09352383018,0.518376410007477,0,2.01440051198006,1103.08099928498,64.9443346560001,0,0,2.02843230962753,0.503592133522034,84.716514647007,2.65091234445572
1.3062492609024,4.62119206786156,17.2481017112732,138.621053725481,0,2027.22156122327,516.151422828436,184.294104129076,59.3294958472252,210.198296457529,69.9714017808437,469.691956758499,13.2546114325523,32.3995890915394,4083.19577607512,1.88375878334045,3.08323240280151,9.83599162101746,5.42063957452774,74.1637390851974,199.522253364325,6.61834168434143,129.079810649157,474.650715976954,1.67059218883514,33.3408179283142,45.7588223218918,625.850602895021,21.7895069420338,152.42598336935,2.17384999990463,1300.66746285558,1.65640187263489,967.495748013258,2305.54883536696,279.598717063665,67.6388183832169,95.0053589642048,13.8027421236038,13299.4064516723,2916.34582811594,26.8886900544167,19.4647770524025,9.37318849563599,11.1807770729065,13.6197264492512,107.111930370331,3.85126984119415,4.5461345911026,0,0,1.91834431886673,13.1462792158127,3.97887307405472,13.5338402986526,17.6544311642647,7.46738398075104,10.6168937087059,38.0524209737778,0,55.5540068149567,0,9.86708343029022,4.66687542200089,5.05387312173843,2.02204072475433,0,2.22162163257599,15.7739602327347,13.4311928749084,6.67708885669708,9.31032145023346,83.854195445776,0,3.94428288936615,11.4036748707294,62.6327946186066,3.80368947982788,0.805812299251556,0,0.908353269100189,0,7.0477157831192,1082.93353873491
13.6740285158157,4.50192773342133,55.5372042059898,297.684310793877,2027.22156122327,0,7301.77651637793,21143.3051151931,48.014212757349,20785.9381820261,266.590527415276,8278.40470555425,47.275219976902,1488.5721128732,3219.59960311651,1.16641104221344,37.878240019083,19.5989850759506,14.0831306874752,771.006133586168,27.6699946522713,2.39985656738281,38.6138474345207,54.0025443136692,0.488815277814865,87.9408137500286,27.0675302445889,1036.42216715217,548.872925400734,127.134235292673,9.54300606250763,794.934802621603,20.9681079387665,791.460876882076,1417.18787232041,2151.10993647575,101.130543649197,366.319660276175,85.3069009184837,9986.4294231832,2200.85664913058,191.411470532417,95.5793361365795,4.97165045142174,54.2035029232502,12.532800078392,162.744402706623,2.13853305578232,55.4642104804516,0.476591259241104,0.610188245773315,0,63.253581225872,6.98936575651169,8.44671037793159,131.251266807318,21.6542297303677,81.0640170276165,108.138095170259,1.99792146682739,69.5282762646675,4.19297605752945,25.8032720088959,5.85517472028732,6.25038185715675,2.5918802022934,0,0,36.6589748263359,10.3349339365959,1.64682590961456,2.69152787327766,529.121032744646,0,6.48265510797501,2.85862037539482,349.73047234118,25.5725446045399,2.62116387486458,1.62821871042252,0,0,77.6387592554092,306.812033772469
8235.8875644505,79.8241162896156,1662.31390985847,104.666686832905,516.151422828436,7301.77651637793,0,34055.6926931441,463.829190760851,27569.9081346691,849.207724362612,643.085590749979,160.535172700882,44259.5185683668,977.111193627119,12.7370818853378,950.175780087709,157.933865189552,290.822906315327,148.988282233477,2581.64465743303,194.336335927248,1482.84937506914,2370.99039289355,5.00241589546204,2144.32504567504,1082.86163386703,69811.2562958896,9797.6459966898,7688.62953546643,30.5474884212017,1310.27381658554,3078.03673329949,10426.3320146501,2153.52024143934,17245.2209047973,1419.17526638508,11412.6108468175,3005.30988159776,4904.69860178232,3369.06910395622,936.681566029787,747.089347362518,51.1008017063141,435.25996914506,109.23377931118,444.036630123854,82.803057551384,142.27021253109,7.0271378159523,21.7217128872871,56.3163475692272,601.381946504116,23.2039303183556,38.0148951411247,765.933238744736,253.206357777119,643.036793977022,1336.10686707497,56.4242723882198,117.890142530203,16.832234442234,496.844742804766,60.2809454500675,165.785655349493,69.6664712131023,0.447508901357651,12.3378077447414,259.807948321104,250.668183773756,199.550157427788,219.071999818087,5264.66507777572,0.39720231294632,128.440133422613,337.820956528187,3735.54878568649,511.695312678814,70.0944771766663,6.42692369222641,28.1458409130573,21.7625404894352,740.88418841362,406.308914601803
1594.71502265334,24.7396112382412,1671.63669812679,404.75815692544,184.294104129076,21143.3051151931,34055.6926931441,0,196.074405491352,17555.0123877227,1614.99281343818,5864.07061722875,220.490610092878,22957.6645312607,416.785804927349,6.79706308245659,1273.31295436621,205.860568195581,359.357781857252,1150.30443926156,659.311584085226,33.5073463618755,1422.41506001353,152.287470966578,2.71580374240875,1559.83105736971,537.55917647481,2859.13111004233,3165.71026918292,6144.16010659933,55.2530209124088,1559.23388555646,327.009527802467,2821.79029151797,1064.43421366811,3785.82404083014,431.785755544901,2101.94005173445,609.261344730854,2969.59073209763,474.02190515399,329.767023593187,380.382184416056,9.82531815767288,248.89377990365,54.9779857695103,244.761374533176,40.4360671341419,154.958637654781,5.02707570791245,8.47480568289757,13.4419050812721,72.6653461456299,10.0172410607338,7.47208467125893,629.024574071169,71.8603247404099,412.407528907061,204.800141125917,9.79563307762146,48.9642951786518,12.4505453407764,147.221149921417,32.5357902944088,50.4510796666145,10.0774802863598,0,0,47.545445472002,85.016754835844,58.8043929934502,46.9490659832954,2812.64938521385,0,19.6519885063171,73.7725858688354,1617.52022273839,175.580624550581,12.9391518235207,6.20364552736282,2.50461208820343,14.4402005672455,427.813114851713,223.872901678085
4.05106303095818,2489.16867431998,13.8522143661976,1987.77322027087,59.3294958472252,48.014212757349,463.829190760851,196.074405491352,0,1471.00601479411,32.8520129621029,809.77765005827,388.553234487772,53.6521107554436,246.512650370598,162.832091569901,5.59693023562431,2.61810779571533,4.06229981780052,511.327419310808,389.70040038228,6171.50059044361,269.411990404129,37322.3371292651,1363.17367827892,28.4534002244473,2025.2763530314,9224.79672423005,58.6793272793293,203.288160562515,59.6258164942265,34.6324802041054,16.3271818161011,98.2034926116467,39.718184441328,566.146632492542,111.613285332918,76.0926000475883,44.9165123701096,475.430243194103,16.857493519783,31.9936034977436,289.186600655317,32.5747076272964,129.899365246296,46.8988265991211,141.678574740887,29.4169706106186,11.7455412745476,6.70988589525223,11.7974600791931,7.44475057721138,814.527502566576,6.5656663775444,19.6836022734642,292.87208673358,68.7458946108818,4729.24034112692,420.441637843847,44.5054104626179,168.837923645973,17.4822894334793,129.190872520208,27.4676138162613,674.848916321993,9.3536102771759,7.41782811284065,4.36224454641342,173.022525072098,388.818707019091,2633.93158429861,271.461089164019,6628.69733145833,5.48990622162819,39.6493811011314,80.1811261773109,2271.8961417079,119.70315399766,45.8913608789444,6.45903092622757,8.47278583049774,16.8226900696754,173.080743759871,29.8099948167801
22.3098992109299,1.80324015021324,42.1017290949821,14545.5961469412,210.198296457529,20785.9381820261,27569.9081346691,17555.0123877227,1471.00601479411,0,1413.29900723696,15883.0684641749,210.19457963109,4158.3224028945,1179.42705652118,0.838512003421783,14.1335544586182,113.877151578665,43.0710886716843,17060.2748549581,13.2152836620808,3.27779838442802,38.9177565574646,711.471033811569,3.9502021074295,203.861563712358,49.4090586602688,9966.61676108837,2945.5706872344,73.425924628973,41.7090397775173,1497.95836287737,42.6491593420506,4591.33912587166,3799.41891530156,5533.62658214569,149.973118126392,2390.92102703452,279.267273366451,3093.08736464381,809.5851020962,428.30633097887,502.969450831413,14.4305286109447,395.415455639362,52.5316555202007,2750.65398097038,67.6234657764435,98.6950640380383,0.511672675609589,2.06137853860855,0,2942.83929046988,28.5394937694073,214.316577076912,687.504543602467,421.340318828821,805.281555503607,4812.744933635,23.3926180005074,2604.38481062651,9.94635060429573,678.502394378185,104.377627700567,2.47643941640854,0.485916942358017,0,0,1604.08412382007,3.14699569344521,7.49110275506973,6.22799316048622,5745.87780374289,0.824040710926056,4.52242392301559,3.83967936038971,5429.20879203081,598.590222120285,0.563385546207428,3.35681971907616,9.62792780995369,4.68180817365646,899.840435028076,529.328608095646
9.48547568917274,44.388303399086,265.597767561674,61.8816511332989,69.9714017808437,266.590527415276,849.207724362612,1614.99281343818,32.8520129621029,1413.29900723696,0,865.92792353034,3691.30162853003,547.036678850651,41.4451062977314,12.9904028773308,520.704167842865,7940.53677460551,780.37733489275,183.415062099695,444.056300222874,18.2828616797924,1294.63017985225,36.1350158154964,27.9381058216095,2715.72735717893,802.260176628828,322.087242275476,1235.16476753354,361.750034242868,884.564078390598,1046.1194640398,49.3734366595745,14238.1690001786,39.5117478072643,1600.9183216691,6539.20337048173,21642.7116999328,2145.8432970345,646.530230104923,64.305181235075,773.864763766527,33.4798212647438,670.967856705189,24.4311423301697,6.69119781255722,10.6376541852951,0.558868765830994,75.2058835029602,0,41.6995471715927,13.0463348329067,2.09628736972809,0,0,34.8813109695911,0,81.9317920207977,0,1335.39784198999,1.74883159995079,550.951646625996,0.856029570102692,0.659117937088013,10.7468827962875,24.2589377462864,1.80448445677757,3.31965041160583,0,2.24014607071877,44.2092673778534,27.2275550961494,239.943985134363,125.64267718792,691.704362094402,222.157413035631,64.3804436326027,0.638730406761169,0.81707575917244,710.581508249044,0.768075883388519,0.641276061534882,39.0489748120308,20.2579666674137
4.19967275857925,0.8202765583992,11.0012225806713,6053.40893343091,469.691956758499,8278.40470555425,643.085590749979,5864.07061722875,809.77765005827,15883.0684641749,865.92792353034,0,113.374420404434,843.041674405336,3600.64110168815,0,2.05269736051559,68.1646842062473,19.3264245986938,16334.7182005942,7.82798320055008,0.618571817874908,20.521074026823,1283.46744588017,3.83286598324776,109.418330341578,29.2797645330429,2607.5144085288,1079.98452430964,34.8226868212223,24.5279501080513,889.97214576602,3.23467364907265,1345.15986576676,4763.76485896111,1511.02745249867,57.704162478447,461.650185316801,66.4192994236946,3891.33113604784,132.924771875143,168.816529989243,114.123583436012,3.25330537557602,28.9270139336586,11.3978305757046,1631.15891975164,20.078846603632,48.887228757143,0,0,0,636.67976552248,16.4386356174946,124.725347936153,49.6985029578209,159.332314997911,199.536478191614,701.214739710093,16.4579523205757,1448.67382401228,2.53087401390076,147.310501664877,55.6043237149715,2.69378516077995,0.562542021274567,0.717302858829498,0,463.359544456005,0.386476248502731,2.38432374596596,1.16692340373993,557.456902205944,0,2.54639530181885,1.5961788892746,616.739179134369,57.8379231393337,0.357934832572937,1.10636633634567,9.6088764667511,0.85998797416687,77.9462623298168,435.256110996008
0,1835.40525650978,26.9638447463512,7.91592308878899,13.2546114325523,47.275219976902,160.535172700882,220.490610092878,388.553234487772,210.19457963109,3691.30162853003,113.374420404434,0,61.1809051632881,4.048435151577,125.953425139189,12.6072820425034,21.6769782006741,2.52872610092163,21.5938695669174,93.8970194160938,671.839662432671,211.583000004292,467.428534567356,3805.96020328999,272.682794898748,3252.74675565958,311.003386646509,87.8248346745968,53.48571819067,2459.04297816753,104.658060967922,4.25806647539139,2135.59191900492,18.9503682851791,2189.28468289971,10349.5783587694,9374.01821240783,1582.27362304926,271.602762341499,33.0122172236443,11126.0676419139,67.820639282465,4396.32109901309,101.035097002983,7.41653430461884,20.7677089571953,0,516.385050743818,0,717.675846785307,2.74090963602066,0.52889096736908,0.916700661182404,0,7.58915382623672,1.77452999353409,202.091897040606,1.47922563552856,10718.4551543891,2.74766355752945,4538.43239021301,2.41650983691216,1.75513541698456,53.0094213485718,4.66815203428268,20.8047631978989,5.02366310358047,4.54168027639389,1.71831318736076,447.196310520172,1.91169863939285,160.132012933493,2741.7988691628,8173.93717077374,3167.77385661006,39.6623660624027,11.7930293679237,2.69484055042267,7770.01781114936,3.49667537212372,0,141.517820119858,9.48068034648895
19495.1591285467,29.2285846173763,2170.65069538355,95.0237317383289,32.3995890915394,1488.5721128732,44259.5185683668,22957.6645312607,53.6521107554436,4158.3224028945,547.036678850651,843.041674405336,61.1809051632881,0,60.9460794627666,3.5415912270546,2035.43708616495,203.017951339483,591.198515325785,208.108745008707,603.098897725344,22.9599888026714,1777.69940117002,91.6269804537296,0,1566.71221059561,552.033409714699,1864.08006185293,15526.0912621617,16712.8805850148,9.123111307621,369.965514630079,402.578444510698,2643.44878032804,88.1162062585354,1312.87234851718,307.040426969528,1623.28037536144,381.61599484086,319.505547195673,117.644196331501,119.025002926588,127.153971105814,12.33845692873,79.7795369327068,13.9588069021702,55.1883490681648,10.3603112697601,42.6086845993996,3.80084228515625,6.78089699149132,14.1551367938519,11.87677526474,0.615070164203644,1.12831643223763,138.986704856157,7.3854238986969,99.6299783885479,25.9810669720173,2.55181884765625,6.74927064776421,7.57890370488167,18.685923486948,8.05855801701546,31.2147436141968,13.4878977537155,0,0.615262269973755,6.92854177951813,78.9233886599541,47.8789423108101,39.6072441339493,786.156903207302,0,27.1390833556652,61.7131663262844,555.503572106361,20.0495746731758,15.669952660799,1.04577708244324,0.566977202892303,5.20840463042259,93.2653432488441,15.7098110020161
0,8.68309482932091,8.63366568088531,1206.57821509242,4083.19577607512,3219.59960311651,977.111193627119,416.785804927349,246.512650370598,1179.42705652118,41.4451062977314,3600.64110168815,4.048435151577,60.9460794627666,0,2.71378588676453,3.34584552049637,3.62370556592941,4.17635542154312,591.31903770566,100.463923066854,12.5513755083084,100.179007232189,2828.58690854907,0.751426160335541,15.9654017388821,22.4348403811455,1594.7716551125,60.0643938779831,114.167127370834,1.18419778347015,543.282830476761,1.38788515329361,109.765325397253,1248.37195888162,342.270295530558,84.6858188211918,217.574139624834,67.9533072113991,6329.27094513178,127.49673306942,42.6855552792549,33.5920968055725,13.5191071927547,14.6333362460136,14.3351411223412,319.633181959391,1.33907157182693,14.770044863224,0,1.0070573091507,3.27139216661453,85.0197338461876,1.87080305814743,15.7883370816708,24.6425529420376,18.8433238863945,29.2898551225662,82.3412739634514,4.22083956003189,159.45324537158,2.29535329341888,24.2012505531311,6.13093453645706,5.78433912992477,5.27784913778305,4.13645565509796,2.70189076662064,45.9253467619419,16.5734956264496,1.36313664913177,10.7432101368904,124.811571210623,0,5.2659207880497,4.60059076547623,113.911381721497,15.9090301096439,1.72917050123215,0,1.29849815368652,0.714191138744354,16.9707753956318,517.939539283514
0,2182.26419359446,201.293792396784,0,1.88375878334045,1.16641104221344,12.7370818853378,6.79706308245659,162.832091569901,0.838512003421783,12.9904028773308,0,125.953425139189,3.5415912270546,2.71378588676453,0,84.7887280583382,27.6018581092358,63.6136247813702,0,8200.98047044873,8445.23950049281,13364.9372795522,3142.29530286789,140.590900033712,421.591001629829,12569.7757716179,4022.51251399517,7.18439626693726,41.3099302351475,28.1558550298214,3.6058868765831,0,126.625001639128,38.2096702754498,862.1014277637,533.623344957829,410.612454801798,411.176649063826,15.3885149359703,52.2034994959831,22.9777156710625,302.441171318293,162.076456308365,264.046488851309,315.851577669382,16.0797880589962,1.8131884932518,11.8343027234077,2.28749096393585,98.8056679368019,187.323515534401,0,11.9408987164497,0,53.5633630752563,7.37870052456856,5.12318336963654,0,21.1886142492294,0.805038571357727,3.21988421678543,7.0904668867588,2.36902958154678,2596.32229295373,159.641713052988,42.9887510836124,72.3558647632599,0,683.871517896652,2156.29480814934,2911.4437610805,465.494702011347,9.17549359798431,473.023076355457,2424.5860992074,355.00451079011,2.90350770950317,30.1158266365528,1.04328534007072,0,0,229.310296654701,49.5905967354774
235.033048570156,785.37183585763,18374.9462759793,0.439845621585846,3.08323240280151,37.878240019083,950.175780087709,1273.31295436621,5.59693023562431,14.1335544586182,520.704167842865,2.05269736051559,12.6072820425034,2035.43708616495,3.34584552049637,84.7887280583382,0,1498.97830492258,7598.6330319345,0,4062.63491767645,61.7079640924931,12252.7875005603,40.8044073283672,1.83218929171562,6360.14140877128,19843.4042077959,729.903058379889,2745.89798685908,7685.24886909127,10.5844082832336,42.1617471277714,473.330382853746,9104.75466820598,45.4108033180237,1240.71110388637,2017.96733039618,1303.88438379765,496.331787139177,24.8834625780582,88.6695685982704,12.7967388629913,364.940973103046,334.474038422108,121.056865483522,141.076664298773,4.67617297172546,2.63103181123734,1.96379119157791,6.59970661997795,225.001621186733,734.82340374589,0,0.492956250905991,0,56.8379025757313,6.83448791503906,7.43289989233017,0,5.52360475063324,0,1.39639812707901,8.28846281766891,1.6743488907814,171.016619950533,1198.71252468228,27.6457839906216,167.326440870762,0,108.617965370417,85.2747789621353,497.04916793108,73.7279700636864,6.04250371456146,1475.36940214038,2753.07057380676,79.8031781613827,4.39954474568367,11.7479210197926,2.36494743824005,0,1.23576477169991,382.464437097311,41.9972861707211
12.2913084924221,85.9977132380009,794.531105160713,2.59347108006477,9.83599162101746,19.5989850759506,157.933865189552,205.860568195581,2.61810779571533,113.877151578665,7940.53677460551,68.1646842062473,21.6769782006741,203.017951339483,3.62370556592941,27.6018581092358,1498.97830492258,0,4595.10228657722,13.451194614172,485.933310866356,12.1328960061073,1720.31065875292,10.9832361340523,0.532589495182037,1555.14119145274,1763.88223090768,149.143294721842,388.931535184383,612.362784862518,43.5716821551323,122.608360677958,50.8348855674267,3917.44435945153,48.3237533569336,1442.56651556492,1890.74472630024,6069.07325619459,1131.70780691504,49.641409099102,34.6378747522831,14.4331588745117,45.538231253624,50.3032147884369,16.713632941246,15.384981751442,2.41497159004211,0,0,0,28.1874953508377,45.8090812563896,0,3.55079758167267,0,0.392026543617249,0,3.36231708526611,0,0.349840879440308,0,4.5795184969902,0,1.86592328548431,16.350401610136,91.7795301675797,2.52554666996002,17.0373302400112,0,2.02132123708725,6.05868327617645,37.8576231896877,3.91472828388214,0,200.951823890209,268.250542104244,2.09473839402199,0,0,6.17494028806686,0,0,29.5445169508457,31.5172370672226
49.3039165139198,243.067712634802,3110.12113678455,2.08537128567696,5.42063957452774,14.0831306874752,290.822906315327,359.357781857252,4.06229981780052,43.0710886716843,780.37733489275,19.3264245986938,2.52872610092163,591.198515325785,4.17635542154312,63.6136247813702,7598.6330319345,4595.10228657722,0,3.19756612181664,1271.97613587976,23.8227446079254,4069.98147082329,37.3865140080452,0.954774618148804,8299.96177148819,4449.41833642125,347.151499927044,787.345041036606,1687.28837502003,3.886948376894,46.4613534808159,143.06495642662,4228.98688170314,68.6426723003387,2612.76688033342,2201.88535571098,2978.72950682044,693.380581915379,41.216593682766,81.2473687529564,17.6215825676918,118.456364512444,121.098982304335,36.9673175215721,45.3132544457912,2.99768614768982,0,0.554093539714813,1.29100501537323,71.4245247244835,186.006303310394,0,2.7184074819088,0,9.91353651881218,1.00464999675751,0.603969156742096,0,2.37004733085632,0,1.36507368087769,0.47846856713295,1.81130433082581,64.443873167038,380.19730553031,10.4968308806419,48.9669532775879,0,18.7906940877438,35.4517222344875,125.193377941847,11.7713327407837,0.637801945209503,813.074185341597,1141.273647964,13.6459365189075,0,3.05318489670753,2.53511074185371,0,0.717725038528442,126.964372605085,61.2371405959129
0.673102498054504,0,2.9714041352272,24757.2028670311,74.1637390851974,771.006133586168,148.988282233477,1150.30443926156,511.327419310808,17060.2748549581,183.415062099695,16334.7182005942,21.5938695669174,208.108745008707,591.31903770566,0,0,13.451194614172,3.19756612181664,0,0,0,5.57851469516754,1104.39439627528,0,30.4189535975456,4.55637314915657,6700.02052277327,324.466188430786,8.58028894662857,6.2574442923069,171.279217377305,1.06226474046707,467.027905523777,5.46692103147507,442.834707736969,12.2779440879822,150.189725458622,16.1686748862267,835.540139377117,38.798002153635,30.4706591069698,47.4737794697285,1.86177808046341,22.7894590198994,3.24481308460236,595.861308276653,9.16249933838844,8.65607824921608,0,0,0,385.780197262764,7.28563249111176,74.8307972848415,40.885511547327,113.936361134052,121.268529474735,466.117775142193,6.48659253120422,1405.14939403534,0,109.387736052275,13.849393248558,0,0,0,0,280.671847224236,0,0,0,424.051506310701,0,0,0,439.760482549667,35.7692328989506,0.669351100921631,0.926107853651047,2.9203594326973,0,68.2310121655464,3.13922357559204
55.5480117797852,609.188124477863,3779.63187399507,0.445756137371063,199.522253364325,27.6699946522713,2581.64465743303,659.311584085226,389.70040038228,13.2152836620808,444.056300222874,7.82798320055008,93.8970194160938,603.098897725344,100.463923066854,8200.98047044873,4062.63491767645,485.933310866356,1271.97613587976,0,0,3112.24533393979,34055.5747920275,824.073858767748,25.1358116865158,3161.86933577061,9292.96967938542,17399.050278455,472.753123164177,35370.029309392,33.7365583777428,30.4611146450043,97.7829659879208,9680.64780965447,825.815316557884,12124.0921422243,4514.20007628202,17479.104809165,10441.7971688807,586.538074105978,876.158093482256,584.97212728858,323.519491970539,137.276407897472,303.615322142839,339.843136519194,80.1070838868618,7.55649799108505,106.407852888107,8.73683294653893,92.2318125069141,194.960160970688,0,61.9936115145683,0,185.934901744127,16.440410554409,17.1264145076275,1.3526471555233,27.1900654137135,2.51762592792511,5.51106268167496,32.7379320859909,18.3910059332848,2919.49335694313,236.603115826845,15.8479079902172,67.8387972712517,0,2863.55234700441,2446.02086618543,2421.28200551867,2212.04279968143,0,371.36493730545,1530.22732815146,1442.4560649693,35.0781616270542,193.050305575132,1.29246065020561,0.675625801086426,5.8350465297699,398.077056020498,575.19209253788
0,7699.40176528692,453.799424529076,0,6.61834168434143,2.39985656738281,194.336335927248,33.5073463618755,6171.50059044361,3.27779838442802,18.2828616797924,0.618571817874908,671.839662432671,22.9599888026714,12.5513755083084,8445.23950049281,61.7079640924931,12.1328960061073,23.8227446079254,0,3112.24533393979,0,4527.5895524621,26428.0299242735,3120.00712734461,172.21746686101,14982.7496352196,7689.5126529336,17.1444261074066,233.736442029476,81.3257050812244,2.9098961353302,4.64900863170624,62.8036488890648,35.2966208159924,478.529566824436,255.748525679111,173.789790481329,124.170731246471,96.7871385812759,23.9508599638939,29.2770243883133,308.968635857105,162.881462991238,190.264125823975,229.984154701233,15.7749394774437,1.07629311084747,7.45609897375107,4.8398922085762,214.434132158756,243.341167628765,25.7227030098438,11.8002577424049,0.403129249811172,57.0889441668987,4.34223806858063,213.600241005421,20.1234042048454,45.6755086183548,15.2814827561378,13.5473707318306,16.1290188729763,5.73210257291794,2387.64536902308,148.196025311947,26.8512518703938,65.9124483466148,8.98583048582077,631.80236390233,3887.81352496147,2083.19683113694,1141.70064282417,11.1305122077465,272.295527338982,3116.20541638136,498.434296101332,13.114494562149,41.1883548796177,23.8369614481926,0.699521064758301,1.15439343452454,171.056559443474,31.9790509939194
170.907073944807,1873.48363408446,26686.7776041925,1.2790247797966,129.079810649157,38.6138474345207,1482.84937506914,1422.41506001353,269.411990404129,38.9177565574646,1294.63017985225,20.521074026823,211.583000004292,1777.69940117002,100.179007232189,13364.9372795522,12252.7875005603,1720.31065875292,4069.98147082329,5.57851469516754,34055.5747920275,4527.5895524621,0,786.725161224604,66.3327709436417,14736.2511619925,57248.4298755229,6904.48201230168,1810.0221606195,25327.0084821582,102.132086783648,120.562544614077,294.062324255705,19111.0700339079,1437.74359667301,25401.5458617806,20230.4251977503,25332.52003479,20295.242593646,676.032256692648,2160.73894679546,694.220377832651,2186.01098117232,1129.90963059664,1562.56176257133,1828.73995089531,128.506514132023,16.430782943964,102.09149324894,27.1716585755348,370.376287221909,1560.82933208346,0,86.9070073962212,1.96966722607613,393.819919258356,32.1645659208298,16.6379914581776,0.745838314294815,132.545535326004,0.773620307445526,9.75289621949196,52.4188567101955,57.1189452111721,9989.13457593322,1543.0095782876,193.58668845892,561.567736148834,0,2467.56874090433,4917.20291492343,14195.418456167,1447.46054160595,6.05069628357887,2340.20661297441,11597.6720387936,1293.54859292507,11.6647459864616,108.666879028082,8.76304042339325,0,1.23186492919922,1573.40973608196,1188.72747159004
6.13965344429016,5140.17296931148,133.351011425257,3050.5566521585,474.650715976954,54.0025443136692,2370.99039289355,152.287470966578,37322.3371292651,711.471033811569,36.1350158154964,1283.46744588017,467.428534567356,91.6269804537296,2828.58690854907,3142.29530286789,40.8044073283672,10.9832361340523,37.3865140080452,1104.39439627528,824.073858767748,26428.0299242735,786.725161224604,0,1616.72304099798,379.852326869965,6127.2521917522,18575.4339381754,168.114129841328,138.319560825825,77.5506911277771,55.6420527994633,116.501246005297,316.443078458309,257.498899519444,2654.84635996819,806.048084259033,627.21176931262,377.088768780231,4511.05697119236,150.775819957256,160.947139322758,1144.77223348618,86.6257973611355,651.771459162235,225.131953269243,828.419777959585,99.1458586156368,118.830236017704,22.5449047982693,54.3437947630882,68.071916103363,2576.13766607642,21.1902638971806,107.47136002779,1266.83977514505,334.601910233498,4669.18568149209,2496.13334307075,165.122306525707,721.888054132462,33.1390123963356,651.664309263229,148.35818323493,1498.68002218008,88.2764755189419,14.9616385698318,31.8445342183113,830.366785764694,1280.80515816808,2471.48406323791,1060.54393476248,16015.8919680119,9.6384394466877,258.444337517023,881.440776616335,8062.48751926422,627.969311118126,172.799651473761,5.76886144280434,47.9117613434792,54.591370433569,879.378883719444,118.780805200338
0,6563.483027637,7.98383066058159,0,1.67059218883514,0.488815277814865,5.00241589546204,2.71580374240875,1363.17367827892,3.9502021074295,27.9381058216095,3.83286598324776,3805.96020328999,0,0.751426160335541,140.590900033712,1.83218929171562,0.532589495182037,0.954774618148804,0,25.1358116865158,3120.00712734461,66.3327709436417,1616.72304099798,0,81.4900401234627,6175.2481649518,220.628206223249,0,0,350.017933309078,3.46712708473206,0,12.842849701643,1.21977257728577,441.827964752913,1304.92678618431,65.2095499038696,32.0973471403122,33.1934516429901,2.21109330654144,1874.76832258701,39.9828535914421,1357.18225821853,75.3610501885414,7.9159309566021,5.88191199302673,0,244.758265137672,0,537.894887089729,3.73666071891785,8.1364284157753,0,0.835062682628632,1.19580954313278,0,86.0273278653622,0.580551147460938,2284.78900668025,3.6937917470932,1402.18238246441,2.28012204170227,1.86376339197159,26.5531166195869,2.95733076334,1.38870000839233,1.18661254644394,1.38352769613266,2.60491335391998,165.509059727192,0.389136910438538,61.1822252571583,3236.52402961254,1832.57357004285,2098.47354838252,8.44282597303391,8.80117321014404,1.20304721593857,1689.22709986567,3.84860253334045,0,80.4592959284782,1.7672101855278
128.75898373127,1222.38395214081,54854.214389354,3.74712085723877,33.3408179283142,87.9408137500286,2144.32504567504,1559.83105736971,28.4534002244473,203.861563712358,2715.72735717893,109.418330341578,272.682794898748,1566.71221059561,15.9654017388821,421.591001629829,6360.14140877128,1555.14119145274,8299.96177148819,30.4189535975456,3161.86933577061,172.21746686101,14736.2511619925,379.852326869965,81.4900401234627,0,40525.4711067677,2092.11806339025,1064.38946998119,3527.30141976476,650.015675246716,158.288120895624,143.618657618761,4794.84674572945,299.029095441103,9999.22263276577,24039.2863498926,12485.1160942018,4175.02177134156,150.033589750528,304.151272624731,61.4952983856201,395.68822914362,667.419198930264,160.292202860117,168.754475384951,30.4634672403336,1.91322803497314,10.9447682201862,5.17436021566391,899.359893709421,679.875914096832,1.05800533294678,7.95552426576614,0,26.9371027946472,4.10358306765556,49.2711592316628,0.406794041395187,938.762577623129,0,331.819010019302,4.1885969042778,8.92359873652458,443.021421223879,1049.34095776081,167.596439123154,208.195193082094,0,72.13414940238,225.231709718704,363.715037047863,151.732345163822,208.271235406399,11609.8446550369,11539.4825381935,63.0347423553467,0.762861013412476,10.3625259101391,1344.78506723046,0,1.37291932106018,264.493870794773,228.73354357481
51.2424115240574,45104.4898296595,38275.9358099103,0.804633766412735,45.7588223218918,27.0675302445889,1082.86163386703,537.55917647481,2025.2763530314,49.4090586602688,802.260176628828,29.2797645330429,3252.74675565958,552.033409714699,22.4348403811455,12569.7757716179,19843.4042077959,1763.88223090768,4449.41833642125,4.55637314915657,9292.96967938542,14982.7496352196,57248.4298755229,6127.2521917522,6175.2481649518,40525.4711067677,0,10077.2134890556,547.056877434254,1676.92892190814,1584.07797709107,124.231060266495,90.6053402125835,10125.526571691,531.691005498171,15536.2700325251,12774.1596643627,11038.762778908,6109.23548179865,208.098984211683,614.619829803705,119.674288451672,2908.83685392141,2204.13235881925,1295.16939780116,1287.41448512673,47.2294067442417,13.9461609721184,17.2717064321041,58.1640630364418,7864.30961620808,6470.73784983158,11.7555495202541,30.1661788225174,0.674948990345001,470.620591908693,47.7600391209126,140.989800572395,1.3779461979866,724.655272006989,4.98597148060799,649.257834374905,118.241375863552,14.2360419332981,2613.78017100692,7073.3946018219,578.899311691523,1320.17163422704,2.75452774763107,773.919154107571,3319.79514881968,6492.33722302318,697.155044823885,1649.50981414318,30681.9771019816,58984.4602754116,578.479008764029,13.3218851387501,78.5230087041855,2541.69326326251,1.30798709392548,0.78400519490242,2524.82542949915,438.175818741322
55.008603990078,1540.82011252642,1594.38699689507,5064.71417689323,625.850602895021,1036.42216715217,69811.2562958896,2859.13111004233,9224.79672423005,9966.61676108837,322.087242275476,2607.5144085288,311.003386646509,1864.08006185293,1594.7716551125,4022.51251399517,729.903058379889,149.143294721842,347.151499927044,6700.02052277327,17399.050278455,7689.5126529336,6904.48201230168,18575.4339381754,220.628206223249,2092.11806339025,10077.2134890556,0,1858.94734454155,14136.4991962016,36.3187583386898,409.139172405005,1201.16901120543,5175.18568456173,1744.93550592661,20022.0361551344,5367.81779801846,11211.721465081,5946.59353348613,4470.05825084448,1570.61389940977,1229.46818450093,3871.29564064741,269.363790839911,2017.9052503407,637.802014142275,2991.73638746142,412.450476646423,906.407830774784,49.8075766861439,111.806898057461,248.981935709715,5064.79063475132,79.7837771475315,266.205595880747,3903.058981359,1215.31958165765,5374.04777410626,6753.19807618856,391.559041768312,1912.88784527779,105.897400289774,2193.33533197641,327.609747231007,2485.268001616,269.842665791512,19.3411976695061,71.5159971117973,2028.80690348148,2635.88352879882,3001.30470201373,2115.31221538782,31433.5280871689,7.64503729343414,557.143932491541,2196.09623789787,19878.8254504502,2322.44280311465,659.484355032444,6.47739171981812,126.240965694189,150.005932629108,3253.7238343358,741.422623187304
10305.1466879845,18.5140174627304,1598.56509739161,118.086741536856,21.7895069420338,548.872925400734,9797.6459966898,3165.71026918292,58.6793272793293,2945.5706872344,1235.16476753354,1079.98452430964,87.8248346745968,15526.0912621617,60.0643938779831,7.18439626693726,2745.89798685908,388.931535184383,787.345041036606,324.466188430786,472.753123164177,17.1444261074066,1810.0221606195,168.114129841328,0,1064.38946998119,547.056877434254,1858.94734454155,0,20620.2357937694,32.1459996700287,1452.76811721921,8545.25545588136,5509.10688573122,62.6904053390026,1045.69432163239,201.576282948256,1998.63832896948,239.29289150238,329.683245152235,72.7784947752953,99.9396710991859,134.287227332592,14.7400896549225,68.9243557751179,9.27882790565491,43.3505946397781,16.8335665464401,50.1421308219433,2.84574097394943,8.3846036195755,6.01669809222221,19.9446376562119,1.07629346847534,1.0344797372818,175.104411959648,10.4256173670292,128.169167906046,46.9194614887238,6.27850866317749,12.2804976701736,4.25204783678055,28.2397943437099,4.84347826242447,16.973654538393,15.9262863099575,0,1.31425797939301,12.1053147614002,26.7588954567909,18.3332081735134,14.5922369658947,838.285652130842,0,30.5383405685425,53.4225041568279,539.304138749838,39.5399052202702,13.123499751091,4.19116577506065,0,2.94398149847984,85.0180884301662,15.9879516363144
6478.41762810946,83.1447839736938,6349.70350894332,3.63215211033821,152.42598336935,127.134235292673,7688.62953546643,6144.16010659933,203.288160562515,73.425924628973,361.750034242868,34.8226868212223,53.48571819067,16712.8805850148,114.167127370834,41.3099302351475,7685.24886909127,612.362784862518,1687.28837502003,8.58028894662857,35370.029309392,233.736442029476,25327.0084821582,138.319560825825,0,3527.30141976476,1676.92892190814,14136.4991962016,20620.2357937694,0,17.6538606286049,96.6489698886871,3194.22595629096,23590.4741509855,407.650535017252,5052.09734138846,2390.52312472463,10256.1075531244,2198.12280741334,220.478568345308,374.415260523558,285.836069971323,458.26710781455,42.4580357670784,218.524096310139,105.33336853981,92.3349043428898,32.9589212834835,132.674357563257,17.7052420079708,20.5268509984016,61.5032976865768,0.447662055492401,27.5837728083134,2.23728042840958,156.475926041603,24.6899558603764,217.185083329678,4.38033831119537,15.0660422742367,0.793806374073029,8.27193626761436,66.5820026099682,32.0947858691216,494.50761243701,103.463873893023,4.71239611506462,23.5372243225574,0.796929776668549,941.925515830517,543.70676407218,402.434903740883,2340.08505672216,0,182.91407635808,320.041386604309,2043.46423971653,113.874279141426,165.40501332283,3.13276770710945,4.55465397238731,20.2713634669781,241.509785830975,196.486060261726
