0,0,712.328980952501,0.940881311893463,4.39186561107635,127.900869816542,7141.51229506731,983.302461087704,10.4458009004593,95.9022510349751,38.004012927413,91.4964013695717,22.2157316803932,9621.4964966774,2.33334445953369,0.498723536729813,1539.28788283467,28.0919253826141,678.933810576797,27.1598829329014,24.3265130221844,0,530.595943301916,14.3741443455219,0,328.299065470695,251.133056461811,70.9431295096874,16477.2103820741,8814.38396972418,3.3594571352005,9.60874310135841,39.0288380384445,357.819904118776,20.7145479023457,160.062823340297,45.2515377253294,214.091380566359,69.6004519760609,21.8680576980114,13.9457713961601,0.532638549804688,14.5154632329941,1.06334948539734,1.03320944309235,0.307901442050934,2.59350851178169,0,1.63017797470093,0,0,0.754311949014664,0.512602388858795,0,0,24.3501692712307,3.45150601863861,5.51351821422577,0.865853726863861,0,5.95901834964752,0,0.552645742893219,0,0.344103306531906,0.645785391330719,0,0,4.59887653589249,0,1.92264062166214,4.18411836028099,38.2922731637955,0,0.676788836717606,8.22160190343857,16.4800955951214,0.775031983852386,0.540918827056885,0,0,0,0.582982659339905,1.60711753368378
0,0,21.4612921476364,0,6.64072465896606,2.1794031560421,2.98989760875702,1.05070081353188,3225.76239192486,0.409819364547729,293.390628457069,0,1603.2549957633,3.29583394527435,33.6379936337471,211.156410485506,5.52748829126358,7.00215703248978,7.40318244695663,0,65.109199911356,4511.92343246937,44.5594981908798,4335.38685715199,6605.32093077898,224.309044390917,29473.5867097974,172.949886411428,1.10883319377899,0,78.6215241253376,0,0,25.3666791319847,3.98113584518433,61.0879100263119,64.8350388109684,18.1672984957695,11.6425355672836,24.6721901893616,1.27519011497498,31.9940730929375,190.06131362915,118.052010267973,73.2717667520046,89.7428050637245,1.40197920799255,3.36285787820816,60.2624611854553,0.477133482694626,2756.24708452821,356.964592039585,8.03435808420181,1.1779717206955,2.22755080461502,6.49124106764793,1.27786123752594,17.8896100819111,3.55201816558838,153.178725153208,3.92502337694168,536.521864324808,3.89810407161713,0.814957618713379,39.5487837195396,170.878024816513,6.44659414887428,45.4261899292469,3.05753487348557,7.69024050235748,335.71258944273,67.9991035163403,104.628120660782,175.712531656027,711.823302507401,6478.69531723857,13.9144309461117,2.84186869859695,14.8460355699062,53.4562861025333,0,0,52.3599582910538,10.3258795142174
712.328980952501,21.4612921476364,0,0,43.1642706096172,177.353079974651,6049.00583212078,2327.6705622077,8.70712226629257,36.9977162778378,117.407954871655,14.8690862357616,277.170903116465,3777.95839190483,16.0854880809784,18.0293636620045,30839.6322545707,130.959324747324,2945.89420840144,6.3612485229969,981.484634518623,17.8612423837185,54336.4574041069,50.2461487948895,1.51118361949921,29216.9742664099,13463.8134118915,2432.69217681885,1344.4494562149,3358.88416475058,23.2931089401245,19.3363737761974,72.7115768492222,1553.72750404477,876.303895056248,8362.5462102592,6044.24997332692,4301.61298489571,3105.39138934016,60.307568103075,140.439536392689,8.33170282840729,604.657402187586,214.973569899797,341.343817651272,301.698660343885,4.7708286345005,8.0856899023056,0.743058443069458,16.2348218560219,115.517435640097,4171.35461390018,0,6.16629409790039,1.55342969298363,201.677357137203,9.66984260082245,2.46764332056046,0,2.01276832818985,2.33048489689827,2.94071483612061,28.7016295790672,1.2487108707428,113.741631120443,1041.07773923874,9.81236642599106,117.237325102091,0,74.7395861148834,273.507108837366,1347.39481335878,102.852013349533,3.35722714662552,638.880670011044,11101.8286810815,65.7601542770863,11.9506642520428,106.995997369289,0.950200080871582,0,0.771115124225616,358.1789085567,150.597181856632
0.940881311893463,0,0,0,56.6213772296906,143.5794737041,472.844471693039,117.763312458992,4002.38806396723,15221.7193489671,0,1906.88481074572,39.3373534977436,73.6956978440285,436.200553923845,0,0,1.10335540771484,0.395972013473511,23998.3005487323,1.70999121665955,2.77383643388748,1.69736570119858,7479.31089183688,1.1763561964035,1.05503755807877,4.02419549226761,8610.82786378264,29.8861071765423,3.16246494650841,0,13.7467875182629,1.05095994472504,34.0615120828152,15.2641167640686,318.307312190533,0.429116010665894,33.3252758681774,18.9739050269127,661.072288155556,44.814127266407,0.458633363246918,47.7952927947044,0,59.3907837569714,0.906893968582153,403.36300227046,16.549081414938,0,3.90991860628128,5.31371337175369,0,2298.090185076,23.1709076464176,173.679570525885,472.9788159132,210.29018509388,576.970425575972,1430.5326461792,1.35075378417969,1098.29827189445,0,191.422311127186,231.592721164227,0,0,0,0,2503.05357438326,1.43306148052216,23.1491491496563,0,1655.01344168186,2.76473662257195,0,7.02638918161392,1633.87828296423,68.6593025922775,0.462605655193329,0,1.86053514480591,0.566264390945435,52.2529618442059,0.870153903961182
4.39186561107635,6.64072465896606,43.1642706096172,56.6213772296906,0,1347.88320240378,575.882966339588,208.520329654217,150.743775814772,279.055582225323,9.06101542711258,559.132955104113,43.1981039643288,106.350872009993,3420.75007778406,31.4637016654015,35.0243823230267,2.59142225980759,13.9368190467358,58.3876576423645,631.28471878171,5.88168597221375,1283.29055896401,273.550526797771,5.35606509447098,18.1762440502644,212.868187218904,591.800211429596,55.0050612092018,863.785758256912,1.7298042178154,523.560685396194,5.33180564641953,636.427677869797,2244.07144880295,840.255397826433,110.103929817677,79.1328635513783,85.9383985102177,14396.1895386875,2369.46707224846,3.43263161182404,80.0084677934647,69.2214838862419,9.49660992622375,95.6659420132637,38.2277954220772,3.09448790550232,2.27383327484131,0.696969985961914,1.49708843231201,8.70883011817932,6.49425148963928,4.46502125263214,14.5463227629662,67.351089656353,4.7337546646595,3.97460627555847,10.2365946471691,3.12928265333176,31.8230865299702,0,11.8007031679153,17.3081403374672,12.0110185146332,3.47505977749825,6.60141903162003,0,17.3459234833717,63.8302629590034,3.60443758964539,161.820168077946,72.874681442976,0,15.823770403862,88.2512503266335,78.6103666424751,9.43336665630341,12.1954998970032,0.820629239082336,0.620650291442871,1.59751737117767,7.35758590698242,4868.72256729007
127.900869816542,2.1794031560421,177.353079974651,143.5794737041,1347.88320240378,0,5654.15309232473,15811.7269934863,579.333182871342,16106.4434881806,242.54762339592,12997.0036059022,447.387789011002,3002.98605558276,4522.35767906904,2.66883015632629,178.208637312055,100.365781217813,186.656755879521,685.243541955948,14.307362228632,5.50980746746063,147.471502423286,252.841768234968,1.77002704143524,195.377327606082,77.3793374598026,760.248875930905,901.671634539962,520.371468424797,15.8560977578163,584.436839133501,15.2526203095913,716.359495937824,9955.66174837947,3009.81432074308,48.6174441277981,496.491683155298,176.275296390057,7438.47391295433,774.633768618107,24.0515557527542,170.946118980646,6.09247052669525,63.6627029180527,12.5984029173851,630.058454662561,13.3142448365688,5.10188299417496,6.53059524297714,0,0,478.736133217812,27.7843449115753,133.644671499729,831.028809994459,253.532916635275,262.601209878922,425.234955042601,2.65101915597916,612.406721174717,0,179.124721974134,194.533559083939,4.74885854125023,0,0,0,661.644694566727,4.09880223870277,5.99220192432404,6.94677641987801,1017.46385487914,0,0,1.50282952189445,981.433217942715,70.0513181984425,4.09120947122574,0,5.10930997133255,2.38873600959778,101.178596556187,376.689897030592
7141.51229506731,2.98989760875702,6049.00583212078,472.844471693039,575.882966339588,5654.15309232473,0,18505.0379544497,2958.39169177413,19083.1794110537,474.897113025188,1128.43063661456,1360.21373704076,54719.4175243229,846.746572971344,6.73948964476585,823.0155903548,185.494462996721,610.822857439518,386.576200991869,3778.43059694767,13.1083128154278,6028.70072615147,4197.77870374918,5.71934738755226,1531.83730062842,645.78596432507,70452.0766964257,6385.81082598865,10538.9848510027,32.4488091766834,781.083674460649,576.526602387428,3373.86379063129,1767.96694287658,12099.6460840404,525.552895635366,4217.75654810667,1861.434474051,2647.50057201087,2162.3321993053,92.9975153505802,518.183276802301,8.21879291534424,438.303503125906,62.0620241761208,515.222112387419,104.582086831331,18.8394950628281,20.4935599565506,3.96276453137398,37.5124462544918,1181.57147237659,27.7315354049206,479.528935104609,2986.09790927172,1396.71503436565,1215.67952024937,1438.55276146531,11.3796513974667,766.411808699369,0.896662354469299,1499.3547963202,97.8341785669327,78.9787856042385,7.72030687332153,0,0,1367.56965607405,10.4256616830826,58.8077412545681,202.217990458012,4306.58902359009,1.96593195199966,5.53703391551971,286.43361030519,4641.89806726575,455.062819361687,24.4640846848488,0,12.6989244818687,5.67089328169823,405.160669803619,108.427217632532
983.302461087704,1.05070081353188,2327.6705622077,117.763312458992,208.520329654217,15811.7269934863,18505.0379544497,0,539.344082057476,6745.42334893346,466.292982131243,4625.13850530982,549.671043634415,30738.1879477799,710.269915699959,1.06245517730713,1844.21587663889,272.09264101088,1093.26898020506,844.896141678095,168.444137513638,2.64327561855316,1428.74285908043,115.187897831202,1.08620178699493,1308.13842187822,807.434202030301,509.254135325551,1981.82882043719,4787.14825725555,24.4707493782043,2445.24084892869,47.2962798774242,2048.38075989485,255.445119559765,3494.90302246809,149.242516607046,1018.42805567384,407.254254519939,1964.95114177465,568.572940036654,33.4713744819164,252.106582790613,7.91778936982155,109.436635255814,7.75762841105461,424.167697548866,40.8236302435398,10.4239170253277,3.78377223014832,1.33862924575806,1.49774515628815,422.86640676856,7.60084107518196,221.950566321611,2014.57293903828,421.573402136564,427.769737392664,446.704845696688,0,431.410762876272,0,386.786423891783,95.9144396781921,7.19453993439674,1.31880429387093,0,0,545.792463034391,8.09338656067848,3.85177457332611,21.7787878215313,2150.7571477592,0.608804523944855,0.517891705036163,17.6387002170086,2042.32567921281,142.121242344379,6.63448056578636,0,1.1049382686615,9.64803105592728,197.613715559244,16.2433343231678
10.4458009004593,3225.76239192486,8.70712226629257,4002.38806396723,150.743775814772,579.333182871342,2958.39169177413,539.344082057476,0,2302.50802925229,117.660295575857,1686.65577831864,448.512385427952,342.110091745853,1233.3139320612,37.1620835065842,4.27869927883148,15.0590689778328,20.8093989193439,1419.27339234948,66.3382281661034,8506.78472661972,26.562138646841,26979.9412177801,3062.13784763217,42.3840705156326,2652.73816475272,8378.36337637901,157.988380491734,110.183404117823,29.8928787112236,55.0653638839722,13.3836606740952,108.904997140169,71.2875779569149,1000.05222323537,25.9090970158577,77.3400447070599,34.0593887865543,757.257588505745,57.6962005198002,14.3360073268414,563.951866060495,18.5120608210564,382.455798715353,71.2282096743584,531.345100969076,96.8051042854786,18.6239580512047,24.5329270064831,58.0692686736584,5.3343810737133,2514.42235565186,42.7096165716648,322.571320146322,1277.29095679522,662.535304784775,5736.27786096931,926.818700492382,104.543486744165,1527.56173315644,59.8443873524666,779.422364592552,230.942600160837,150.938678085804,0.653975129127502,60.5400156378746,6.07796961069107,1859.15920063853,97.4003731012344,1065.32318839431,87.5777408778667,7509.73643830419,36.0318296551704,88.924154728651,160.103898972273,4068.16453540325,365.111854046583,111.651254445314,1.16367447376251,38.2229940593243,20.8462458848953,212.797091722488,89.7111231982708
95.9022510349751,0.409819364547729,36.9977162778378,15221.7193489671,279.055582225323,16106.4434881806,19083.1794110537,6745.42334893346,2302.50802925229,0,227.900995850563,6848.2662332058,741.665661364794,5323.11329464614,646.53437808156,0,22.8009311556816,110.838414430618,127.390337824821,16814.970815748,7.53406834602356,3.54793328046799,22.8171552866697,807.561134904623,1.64623731374741,134.848769932985,24.9048468470573,9097.93688523769,1577.87219905853,181.184043765068,8.27026644349098,565.202327147126,30.7331982851028,1170.80556555092,453.769548267126,7183.16556571424,51.6927722990513,1264.02610620856,479.027166515589,2381.82159692049,1152.93124082685,40.797576636076,135.503727674484,2.23542875051498,71.096785902977,1.68829661607742,654.141908884048,28.7928605973721,6.99565982818604,8.67146849632263,2.43765360116959,0,2714.66359743476,35.5686292648315,365.877218604088,1456.13999944925,410.718662708998,929.366876006126,2163.32040631771,0.879583060741425,1533.26201504469,0,286.105079084635,309.969997465611,3.4397731423378,0,0,0,3263.27534094453,0.453532248735428,37.3373512327671,1.84181219339371,2950.10999581218,2.93077737092972,0,3.50150056183338,3594.61134323478,112.590435296297,3.32119882106781,0,0.539490103721619,0.861090272665024,138.426164388657,16.5372270941734
38.004012927413,293.390628457069,117.407954871655,0,9.06101542711258,242.54762339592,474.897113025188,466.292982131243,117.660295575857,227.900995850563,0,400.744735091925,16582.2216422856,1101.0128749758,155.547645628452,8.16421714425087,262.224173307419,17054.5540540218,2103.05820867419,84.3660143017769,90.8699680566788,185.168461531401,462.84080144763,93.2150760293007,2219.26363542676,6782.74153873324,486.136377066374,55.9741447865963,2549.6780347079,193.019912362099,1249.65068623424,430.005853325129,15.9859994053841,15831.597096324,69.5954833030701,648.559337258339,6086.58608159423,6326.70165196061,718.93394485116,135.012869656086,20.1914270222187,3816.12772607803,5.31186711788177,1371.23573383689,27.3361531794071,1.53295284509659,12.7180236876011,1.05281662940979,226.783611357212,0,134.654896467924,0.929281562566757,1.47878646850586,0,0.948180645704269,8.1244649887085,0,126.498365014791,0,1252.1856482029,2.70440888404846,4230.03153952956,0,4.12882268428802,3.33018442988396,2.4926592707634,0,1.32870018482208,0.456290990114212,0.910276055335999,109.399288743734,5.76319497823715,138.81073307991,378.654350727797,483.343201577663,887.048005312681,7.58220231533051,0,0.401396095752716,502.707100868225,0,0,4.14631673693657,14.2362471818924
91.4964013695717,0,14.8690862357616,1906.88481074572,559.132955104113,12997.0036059022,1128.43063661456,4625.13850530982,1686.65577831864,6848.2662332058,400.744735091925,0,593.780544131994,3690.09873026609,5934.18003711104,0,28.0411862134933,170.261190772057,248.631228297949,7379.31260591745,4.35891526937485,1.7350287437439,22.6604817807674,669.819809138775,4.48081111907959,207.483761936426,33.6446418762207,458.159093409777,1431.0235748291,186.721615493298,20.9187620580196,489.876606702805,0.523082077503204,1094.15084013343,3161.44121426344,4740.25100934505,66.3990687727928,821.564174056053,229.528101742268,7502.37742477655,497.212729692459,42.048115670681,297.727568268776,6.46216106414795,118.741207152605,13.5117113292217,2111.1251693368,42.8016472160816,12.9299216866493,6.21795943379402,0.76767098903656,0,1830.22555634379,99.5217725932598,437.029726475477,761.93967679143,479.095300287008,267.004914402962,1329.69813767076,25.3419815003872,2441.60157820582,1.86306458711624,392.527464807034,949.70651704073,5.74564558267593,0,6.10303801298141,0.841030776500702,2237.97376054525,5.41254565119743,10.6580445468426,7.71148306131363,988.379803329706,1.40900039672852,1.43837478756905,4.02513042092323,1531.26559603214,140.686558127403,7.24856531620026,0,22.8062554299831,1.74843615293503,99.7574285566807,286.461271375418
22.2157316803932,1603.2549957633,277.170903116465,39.3373534977436,43.1981039643288,447.387789011002,1360.21373704076,549.671043634415,448.512385427952,741.665661364794,16582.2216422856,593.780544131994,0,473.478346824646,105.353193700314,809.470863759518,126.068114072084,245.764960736036,204.230151772499,204.437451183796,827.438899099827,892.754221022129,2671.4246751368,1007.93758821487,10968.1974431276,791.470896840096,4717.47674942017,1411.63842335343,455.469879239798,980.589469283819,1723.45421969891,343.411788791418,12.7588804364204,4031.63670420647,538.778679966927,6360.67433902621,7743.47222158313,8971.62400475144,3703.27977222204,5183.42977774143,2648.63180917501,6847.01671120524,403.31568172574,4673.85191050172,950.205535233021,143.601685345173,1344.50361230969,318.926699101925,1523.24026751518,3.03462535142899,696.274384588003,7.92032825946808,16.9584333300591,14.9559099674225,41.3537410199642,180.572032213211,115.875106841326,535.190319120884,22.9395963549614,5769.40716186166,58.7349433302879,19381.7887340188,162.900076299906,71.8536445200443,52.2539819777012,4.64175283908844,17.2643941342831,4.02789038419724,23.7602114379406,23.7009768188,523.606730908155,80.8418866097927,626.217384159565,3162.72700145841,2136.58233702183,5625.97325238585,174.381585299969,63.543328166008,14.6285851597786,2640.16573867202,26.5858720242977,3.08116686344147,81.162756472826,161.256541132927
9621.4964966774,3.29583394527435,3777.95839190483,73.6956978440285,106.350872009993,3002.98605558276,54719.4175243229,30738.1879477799,342.110091745853,5323.11329464614,1101.0128749758,3690.09873026609,473.478346824646,0,313.130094617605,6.7823269367218,4880.28627066314,605.139605477452,3007.26215672493,842.411534816027,310.64985281229,1.10514056682587,2653.16052231193,204.742645263672,2.37924757599831,2330.38204884529,1289.04357656837,948.803610384464,21526.4102785289,16090.3002914786,79.3638890385628,343.301645636559,156.318693250418,3827.322871387,257.002439796925,3192.25570140779,272.849382698536,1749.92416706681,520.239139765501,975.813869059086,368.796609669924,27.0064192116261,252.040104806423,11.2091522067785,125.512706249952,9.82525050640106,260.415667921305,31.3054841458797,2.11725026369095,2.20054644346237,0.597932755947113,6.72348643839359,178.950844943523,8.42594534158707,99.0624598264694,1302.59374150634,195.389930933714,286.928548663855,135.940186411142,1.65057957172394,182.13473457098,0,200.808794766665,52.0665926039219,12.1834890246391,0,0,0,218.849230706692,9.06752914190292,14.0313524007797,34.2350926697254,1546.29668068886,1.65727186203003,0.335162818431854,39.9319622218609,1209.46749681234,103.951971560717,13.7117808461189,0,0,7.21640619635582,122.691864967346,20.0250800848007
2.33334445953369,33.6379936337471,16.0854880809784,436.200553923845,3420.75007778406,4522.35767906904,846.746572971344,710.269915699959,1233.3139320612,646.53437808156,155.547645628452,5934.18003711104,105.353193700314,313.130094617605,0,0.860219955444336,21.2745756357908,75.3753806650639,54.986492484808,332.263159424067,165.742621958256,54.8431668281555,117.630589187145,1580.71112644672,31.797670841217,39.9503652453423,60.9096434414387,1135.48084849119,170.557653099298,458.063844442368,4.06645801663399,353.62884414196,1.78186571598053,170.708346635103,2088.82720854878,536.141709923744,17.1235476136208,114.109263971448,34.6607599556446,5058.40960240364,97.5950188934803,6.55731576681137,37.5980632901192,13.6070638895035,15.7150000035763,10.257653594017,161.332914113998,0,4.04807794094086,1.62791776657104,0,1.597540974617,64.033739566803,8.10942962765694,31.4090498387814,80.3810288012028,29.9269886016846,27.9972003996372,27.0168751180172,4.0230849981308,130.632716655731,0,37.6703216433525,67.9284133911133,1.21240586042404,0.743276178836823,0,0,67.6402840316296,7.73421028256416,3.16605412960052,26.4163981676102,103.131174266338,0,1.72090816497803,12.9962804913521,88.1626209616661,11.497450530529,6.41770902276039,0,0.966337740421295,1.54102826118469,10.5655619502068,418.425147294998
0.498723536729813,211.156410485506,18.0293636620045,0,31.4637016654015,2.66883015632629,6.73948964476585,1.06245517730713,37.1620835065842,0,8.16421714425087,0,809.470863759518,6.7823269367218,0.860219955444336,0,20.1163465082645,1.03963142633438,28.6148090958595,0,6701.2413367331,10851.9485717714,9641.61912536621,3397.92566624284,94.3884080648422,60.750768840313,11400.5061865449,2319.69647121429,0.68824964761734,6.68821793794632,2.90208214521408,0,0,50.5637146830559,333.903906285763,2415.95727539062,1100.89675870538,425.761628121138,436.603304445744,43.0433784127235,23.9530530571938,9.21864306926727,327.701530277729,46.0238947570324,68.8273009955883,75.0338404476643,17.8815034031868,12.2435563802719,8.94383764266968,2.14276000857353,41.3177247345448,83.1173197627068,0,5.7012123465538,0.412728041410446,47.9072133600712,2.42996922135353,36.8661562502384,0,3.82629126310349,0,6.22722047567368,7.96226173639297,2.55554193258286,5478.92027530074,15.9715186953545,0,1.71016046404839,0,525.867588818073,2587.80589982867,7181.17055314779,955.124921888113,18.3024150431156,36.0675344765186,3056.7711289227,444.076479792595,42.9951064884663,40.6581370532513,1.11240935325623,0,3.91881728172302,27.2807756066322,39.0512273907661
1539.28788283467,5.52748829126358,30839.6322545707,0,35.0243823230267,178.208637312055,823.0155903548,1844.21587663889,4.27869927883148,22.8009311556816,262.224173307419,28.0411862134933,126.068114072084,4880.28627066314,21.2745756357908,20.1163465082645,0,244.494116276503,14557.9978538752,6.17629280686378,2659.67846044898,2.83083957433701,13306.0230640471,27.173695653677,0,6878.93056038022,14141.2771485746,558.608246207237,5736.33202080429,9602.79414489865,2.539311170578,21.6650867164135,216.067514896393,7696.63996511698,329.027929872274,2836.86202812195,4175.01503309608,2457.64300855994,1065.9986371398,44.3590638637543,81.8558746874332,8.38582965731621,85.1831155717373,69.1096033155918,50.8422113358974,38.6991253495216,0,0.569658994674683,0,0,18.4007615149021,580.616928935051,0,2.06182718276978,0,13.1717907190323,0,1.26969873905182,0,0.635536879301071,0,0,0,0,16.1675124764442,203.399420201778,0.460933148860931,35.1908275187016,0,8.97959139943123,9.68362462520599,89.8874500393867,11.1214778423309,0,198.53869831562,1082.4465354681,10.0950440764427,1.38755646348,9.70058155059814,0,0,0,46.3558278381824,34.6798670887947
28.0919253826141,7.00215703248978,130.959324747324,1.10335540771484,2.59142225980759,100.365781217813,185.494462996721,272.09264101088,15.0590689778328,110.838414430618,17054.5540540218,170.261190772057,245.764960736036,605.139605477452,75.3753806650639,1.03963142633438,244.494116276503,0,2102.84302443266,24.4988304674625,80.9258443415165,0.726829648017883,495.82824242115,9.96642288565636,2.75050628185272,8827.46193566918,1003.77739608288,27.3093338608742,1395.18478320539,109.148742347956,116.040760606527,202.388909757137,17.0852380394936,6712.55463808775,86.4168558716774,884.011770129204,3856.37209102511,5275.22690060735,1459.89317578077,55.5779595375061,35.265421807766,58.017287671566,0,46.3556523621082,0,0,0.974403381347656,0,0.688145995140076,0,10.5639482736588,1.1959280371666,0,0.511034429073334,0,0,0,3.04740583896637,0,9.54721164703369,0,55.4073226451874,0,0,0,0.930087745189667,0,0,0.414535701274872,0,0.306082308292389,1.43620431423187,0,23.889806330204,96.4799904823303,176.585346311331,0,0,0,24.9875437021255,0,0,0.378712713718414,25.6606377959251
678.933810576797,7.40318244695663,2945.89420840144,0.395972013473511,13.9368190467358,186.656755879521,610.822857439518,1093.26898020506,20.8093989193439,127.390337824821,2103.05820867419,248.631228297949,204.230151772499,3007.26215672493,54.986492484808,28.6148090958595,14557.9978538752,2102.84302443266,0,41.9900930523872,1117.58010697365,6.55090969800949,6439.03163248301,22.4624246358871,11.2244899272919,25249.8250734806,4869.78561028838,209.695244327188,4809.33346645534,1390.91802403331,39.8736234605312,174.185899436474,229.740603655577,16295.6382650286,426.952899873257,5609.5895409584,5855.51661470532,9300.90789015591,4101.55847087502,94.4952762722969,154.150086760521,10.1483709216118,20.9799006581306,37.9694665968418,16.9865975379944,22.3007973730564,2.81496161222458,0,0,0,22.6074114739895,225.908397972584,0,5.94524943828583,0,4.72317636013031,0,14.2515421509743,0,2.88649547100067,2.51177877187729,15.250695168972,0,0,5.1727666258812,68.8761114180088,1.43285855650902,30.6762270331383,0,1.39496353268623,2.40949091315269,25.5205184817314,2.55068960785866,15.3191463649273,353.803429841995,962.909684985876,0.8760926425457,0,1.12949514389038,13.4623276293278,0,0,13.6358579993248,97.6944226026535
27.1598829329014,0,6.3612485229969,23998.3005487323,58.3876576423645,685.243541955948,386.576200991869,844.896141678095,1419.27339234948,16814.970815748,84.3660143017769,7379.31260591745,204.437451183796,842.411534816027,332.263159424067,0,6.17629280686378,24.4988304674625,41.9900930523872,0,1.85224959254265,1.13695511221886,6.57407101988792,1119.33259448409,0,37.5818860530853,5.76177778840065,8100.18193334341,349.173167705536,58.6536012589931,5.89609017968178,145.76640740037,0.414211183786392,265.427505344152,49.2567718029022,1556.12720882893,14.0742646157742,244.377092063427,72.0080263614655,953.172686427832,202.680817991495,11.9198770225048,109.537986814976,0,70.9773144125938,8.47333860397339,454.379684776068,38.6441044807434,4.06333065032959,9.19708290696144,2.06328892707825,0,1687.10497248173,37.4685704708099,287.779421538115,604.3527815938,361.350087761879,371.589922368526,1737.21676632762,3.63101229071617,1060.25144389272,0,286.588255226612,245.919059455395,1.13939753174782,0,0,0,2126.42783397436,0,25.0349378883839,2.20754984021187,1327.82816779613,3.21434962749481,0,4.41177102923393,1866.84805369377,103.544490098953,1.62721765041351,0,3.50107222795486,2.06524288654327,75.1523240804672,3.1891365647316
24.3265130221844,65.109199911356,981.484634518623,1.70999121665955,631.28471878171,14.307362228632,3778.43059694767,168.444137513638,66.3382281661034,7.53406834602356,90.8699680566788,4.35891526937485,827.438899099827,310.64985281229,165.742621958256,6701.2413367331,2659.67846044898,80.9258443415165,1117.58010697365,1.85224959254265,0,1148.22115629911,24056.2366696298,964.113600194454,45.9558956325054,487.815688699484,5753.60998767614,23437.7471109927,210.56605809927,30137.4286689758,8.78815323114395,3.61881783604622,64.7960012853146,10611.5771056712,4590.96317535639,17186.3442649543,1003.55882143974,8303.21332928538,3675.70617616177,462.624895662069,223.308985829353,29.9067916572094,376.255025744438,21.3728745281696,90.7220907509327,54.3630646765232,41.1229201853275,42.3941073417664,12.2876314520836,18.4426674246788,6.95470520853996,44.3515077233315,0,51.5159258246422,3.50722903013229,84.6165899336338,37.5301737785339,101.580395370722,0.342787504196167,0,0,3.56237334012985,69.4827873408794,16.132205426693,1172.86063218117,8.85549515485764,0,0.845233529806137,0,834.042733699083,842.805406033993,1874.09790402651,2035.95090487599,5.98697948455811,13.061911970377,584.937222212553,1205.96951034665,192.472483962774,217.968994408846,0,1.5175476372242,13.1400226950645,44.8765337765217,389.984928011894
0,4511.92343246937,17.8612423837185,2.77383643388748,5.88168597221375,5.50980746746063,13.1083128154278,2.64327561855316,8506.78472661972,3.54793328046799,185.168461531401,1.7350287437439,892.754221022129,1.10514056682587,54.8431668281555,10851.9485717714,2.83083957433701,0.726829648017883,6.55090969800949,1.13695511221886,1148.22115629911,0,2128.11459550261,24353.6080163419,3529.52922335267,66.738414645195,16174.6391377747,2559.37165379524,1.16556644439697,0.923749327659607,87.7471686303616,0,0,20.4504023492336,18.231859266758,104.464913070202,42.0711911916733,33.4561719894409,27.7280704677105,48.2816797494888,0,31.6136499047279,205.692951083183,45.2501616477966,109.652979791164,76.9536090493202,15.2740114629269,6.43792191147804,20.6946049332619,5.81817916035652,159.727284133434,159.793088197708,10.2806723117828,2.68288975954056,1.52374684810638,33.9691139757633,8.55619016289711,94.236693829298,2.7164343893528,33.1586767137051,1.07581305503845,150.366479933262,12.473434895277,6.34144842624664,3311.62816092372,24.4494523406029,3.85027098655701,6.67582735419273,2.21390610933304,383.123657315969,3814.24014434218,2664.70217642188,1612.60124519467,96.1403723359108,110.975582480431,3838.74505269527,372.310096204281,49.3586269319057,50.5425611436367,15.9560580253601,0,2.62503400444984,33.9994619190693,27.1909239292145
530.595943301916,44.5594981908798,54336.4574041069,1.69736570119858,1283.29055896401,147.471502423286,6028.70072615147,1428.74285908043,26.562138646841,22.8171552866697,462.84080144763,22.6604817807674,2671.4246751368,2653.16052231193,117.630589187145,9641.61912536621,13306.0230640471,495.82824242115,6439.03163248301,6.57407101988792,24056.2366696298,2128.11459550261,0,868.127694070339,17.7651201784611,6039.36622059345,31139.2247232795,12575.0222925246,991.26617193222,19416.5671853125,16.9003381431103,11.6447809636593,84.3816709220409,18141.4910559952,11417.6202417612,41441.0556890666,10711.2657733113,28524.4222402275,19357.8218386471,1156.16179600358,804.813882678747,49.6769052743912,412.101149916649,76.2933099269867,171.121975958347,174.513193786144,31.4846833348274,15.4375045597553,15.8113796710968,4.6825116276741,23.1271270811558,419.444452852011,0.871409952640533,107.134987086058,3.47709596157074,136.565376847982,12.5992079079151,41.4593331813812,0,1.25119769573212,0,1.76381063461304,24.976486235857,3.96457314491272,4380.57515668869,45.8159474432468,1.8514476120472,7.53259837627411,0,581.625090330839,1730.472512573,8116.15350854397,852.267679363489,1.72002929449081,73.8110538423061,5152.78004831076,455.177420884371,38.9614917337894,47.8957596123219,0,0,5.05143967270851,87.2436674833298,1113.6192702651
14.3741443455219,4335.38685715199,50.2461487948895,7479.31089183688,273.550526797771,252.841768234968,4197.77870374918,115.187897831202,26979.9412177801,807.561134904623,93.2150760293007,669.819809138775,1007.93758821487,204.742645263672,1580.71112644672,3397.92566624284,27.173695653677,9.96642288565636,22.4624246358871,1119.33259448409,964.113600194454,24353.6080163419,868.127694070339,0,3112.00309753418,52.6976656615734,5653.67410841584,14293.4916646183,395.991077572107,59.7514341175556,32.2260530292988,51.5961792767048,89.2881870865822,234.240098446608,509.505819946527,3473.6906568706,287.173341721296,419.095190554857,267.987251967192,1232.21246689558,106.649972051382,17.9286473989487,2134.74477884173,45.772936552763,1296.56377777457,222.302277058363,704.172684282064,448.216034561396,54.0025870800018,55.3204747140408,76.3763192296028,61.7530674338341,1307.17663663626,82.7882164716721,397.696185439825,4630.2336345613,1673.47317558527,3320.60246649384,1111.95354601741,131.074148476124,613.129166454077,58.8019693493843,2268.55141285062,182.37304776907,1858.40780490637,13.9767245054245,4.11813592910767,2.14467963576317,1273.92086583376,829.072803497314,2345.79866045713,1821.3169272244,15451.4016162753,53.5164695680141,28.0775802433491,1049.55010008812,9371.37345898151,1118.3086566627,381.68540045619,1.12340128421783,66.4743941426277,73.210612565279,844.962650090456,216.278228789568
0,6605.32093077898,1.51118361949921,1.1763561964035,5.35606509447098,1.77002704143524,5.71934738755226,1.08620178699493,3062.13784763217,1.64623731374741,2219.26363542676,4.48081111907959,10968.1974431276,2.37924757599831,31.797670841217,94.3884080648422,0,2.75050628185272,11.2244899272919,0,45.9558956325054,3529.52922335267,17.7651201784611,3112.00309753418,0,306.002942025661,8222.71425396204,137.101829260588,1.90220260620117,0.665083885192871,401.30053961277,0,0,287.705005079508,1.32628953456879,26.5766180157661,460.153833299875,124.166513174772,4.67179048061371,23.8617390394211,0,339.95126003027,42.6435691714287,433.408444702625,40.8659501671791,21.4188086986542,3.03326165676117,0,97.4503242373466,1.00554502010345,1745.9857327044,13.4335131049156,2.24327123165131,0,2.17555141448975,3.59345510601997,1.24421775341034,143.408618122339,0,980.425151586533,1.63389658927917,5425.60393789411,0,3.39295768737793,12.5117152929306,13.2409423589706,11.9079192876816,12.301994740963,7.57739192247391,4.40265890955925,177.004781335592,10.8310605883598,209.409010738134,4274.84931525588,1675.95215395093,6202.29144304991,13.8668111264706,2.16104951500893,0.512705028057098,735.003911823034,0,0,14.9384243786335,0
328.299065470695,224.309044390917,29216.9742664099,1.05503755807877,18.1762440502644,195.377327606082,1531.83730062842,1308.13842187822,42.3840705156326,134.848769932985,6782.74153873324,207.483761936426,791.470896840096,2330.38204884529,39.9503652453423,60.750768840313,6878.93056038022,8827.46193566918,25249.8250734806,37.5818860530853,487.815688699484,66.738414645195,6039.36622059345,52.6976656615734,306.002942025661,0,40529.6493432224,313.557780116796,2119.2872634232,961.977578699589,1509.95043599606,189.989968314767,81.9480167031288,6022.81046776474,1106.93408438563,15463.7571768165,25721.1910735667,9735.65569791198,6308.79480597377,106.768873184919,291.73291900754,202.500202417374,513.919572293758,1475.33972132206,333.161206662655,302.637530982494,7.34867614507675,4.68801552057266,24.0576709508896,9.02845230698586,990.630157768726,3220.40754276514,1.47107756137848,6.34851998090744,0,60.3591634631157,0.732158243656158,10.7377928495407,0,321.0726133883,1.60535430908203,2095.07705122232,7.58532470464706,1.39803922176361,26.6848919987679,1102.66239354014,71.5124520361423,823.119945675135,0,23.9828675985336,72.0511264204979,197.77111852169,14.9773078262806,1478.07891026139,12171.566018641,24131.9925162792,14.427412956953,15.409566372633,60.8310740292072,1137.02037599683,0,0,266.795090675354,240.011582046747
251.133056461811,29473.5867097974,13463.8134118915,4.02419549226761,212.868187218904,77.3793374598026,645.78596432507,807.434202030301,2652.73816475272,24.9048468470573,486.136377066374,33.6446418762207,4717.47674942017,1289.04357656837,60.9096434414387,11400.5061865449,14141.2771485746,1003.77739608288,4869.78561028838,5.76177778840065,5753.60998767614,16174.6391377747,31139.2247232795,5653.67410841584,8222.71425396204,40529.6493432224,0,6347.28945398331,979.359081923962,526.920248240232,1228.89786425233,25.1458290666342,50.9101162552834,4480.77491286397,5831.28667938709,47741.0460611731,16681.0897611082,18997.2202363312,16651.409587115,326.520012050867,688.890408456326,54.2634774148464,3643.28065878153,2513.67326855659,2025.76983186603,1843.20503780246,46.8975485861301,57.3875999748707,30.5834140479565,48.9538848698139,12230.2192953825,16627.3551954925,12.9794396162033,65.3690769076347,0,787.656535059214,23.248439013958,48.6129946112633,2.8979524075985,449.124725520611,2.17061012983322,3650.98664215207,89.3816668987274,10.2694488465786,6937.79016882181,4523.02701199055,195.509166121483,1744.79591518641,5.07466804981232,642.950089991093,6559.69056105614,13124.0557534993,1355.79260459542,4486.34628865123,28953.7504027188,134312.190617174,725.195932596922,83.7872546315193,349.185389041901,1347.21138226986,0,4.85066932439804,1446.2799962163,1038.57420644164
70.9431295096874,172.949886411428,2432.69217681885,8610.82786378264,591.800211429596,760.248875930905,70452.0766964257,509.254135325551,8378.36337637901,9097.93688523769,55.9741447865963,458.159093409777,1411.63842335343,948.803610384464,1135.48084849119,2319.69647121429,558.608246207237,27.3093338608742,209.695244327188,8100.18193334341,23437.7471109927,2559.37165379524,12575.0222925246,14293.4916646183,137.101829260588,313.557780116796,6347.28945398331,0,1753.64707523584,22628.4388020933,3.07196837663651,87.3665191829205,484.196741640568,1614.69813671708,3073.1933940649,15970.235755533,1273.5154735148,3056.63788489997,1633.64805808663,1438.93063303828,493.990566641092,43.9718453288078,2392.88313114643,92.2906476855278,1286.75673896074,222.059981673956,946.496555566788,467.353906780481,89.0670353770256,78.3646876215935,22.3367804288864,83.6631206572056,2498.90461078286,112.222896009684,456.564312726259,4727.89403221011,1724.20574456453,2322.51342326403,2002.35548940301,51.1873303949833,1156.40122339129,4.02383548021317,2353.02095076442,275.826820790768,1907.19383376837,10.0178902745247,0,0.812764346599579,3059.86954894662,921.922341436148,1562.60267871618,2290.43601542711,12709.7109470069,33.5923516452312,22.0126188397408,1590.01797154546,9120.73101881146,1231.11429527402,602.389468431473,0,44.4481426775455,83.2761836946011,887.287571072578,340.851455628872
16477.2103820741,1.10883319377899,1344.4494562149,29.8861071765423,55.0050612092018,901.671634539962,6385.81082598865,1981.82882043719,157.988380491734,1577.87219905853,2549.6780347079,1431.0235748291,455.469879239798,21526.4102785289,170.557653099298,0.68824964761734,5736.33202080429,1395.18478320539,4809.33346645534,349.173167705536,210.56605809927,1.16556644439697,991.26617193222,395.991077572107,1.90220260620117,2119.2872634232,979.359081923962,1753.64707523584,0,11778.3065852821,111.161568909883,695.797389417887,6059.47758361697,11217.6729157269,302.392032325268,2448.53645431995,228.055685937405,2954.46979367733,551.620650231838,503.280867546797,347.730135470629,36.3129687011242,136.565140366554,3.71370542049408,37.9107049405575,7.9534198641777,96.4919483363628,19.5630078017712,5.59137576818466,0.538284778594971,0.325963139533997,2.90762633085251,43.8897388279438,6.14635559916496,26.778963714838,411.21198490262,31.9029784202576,85.5540606081486,29.5196792781353,0,62.2073325514793,0,32.9194380939007,17.5055965781212,23.6852388679981,1.97793883085251,0,0.338770747184753,56.8238999545574,7.93298256397247,11.5963512063026,11.1426446735859,603.551934242249,0,1.703797519207,19.9509737491608,406.969665586948,18.3619563877583,5.00939106941223,0.906781375408173,0,0.735842287540436,33.3799695372581,26.5223977267742
8814.38396972418,0,3358.88416475058,3.16246494650841,863.785758256912,520.371468424797,10538.9848510027,4787.14825725555,110.183404117823,181.184043765068,193.019912362099,186.721615493298,980.589469283819,16090.3002914786,458.063844442368,6.68821793794632,9602.79414489865,109.148742347956,1390.91802403331,58.6536012589931,30137.4286689758,0.923749327659607,19416.5671853125,59.7514341175556,0.665083885192871,961.977578699589,526.920248240232,22628.4388020933,11778.3065852821,0,14.4094378650188,109.500813424587,2227.78047516942,12227.8727055788,3697.73806583881,12531.6311618984,452.73154425621,6142.26678204536,2189.98393797874,1058.33894333243,795.963896900415,43.7928957045078,700.536749541759,26.9214593470097,413.184130877256,73.0925275683403,306.829146385193,156.784826129675,26.2943245470524,8.70614385604858,0.714219152927399,6.43644621968269,9.85845279693604,49.6894929111004,52.895171225071,1149.82157576084,296.731772422791,138.695642739534,20.6227765679359,9.94676604866982,24.2557200491428,0.701152563095093,521.845090180635,29.3072076141834,59.6722583472729,2.57211062312126,0,0,8.36666321754456,33.7390808463097,63.9895668029785,44.054571390152,1918.63286519051,1.38583064079285,2.21693333983421,50.6215085685253,1222.56068113446,251.598606109619,58.2173855006695,0,9.7580454647541,9.97783708572388,252.483015477657,344.513036221266
3.3594571352005,78.6215241253376,23.2931089401245,0,1.7298042178154,15.8560977578163,32.4488091766834,24.4707493782043,29.8928787112236,8.27026644349098,1249.65068623424,20.9187620580196,1723.45421969891,79.3638890385628,4.06645801663399,2.90208214521408,2.539311170578,116.040760606527,39.8736234605312,5.89609017968178,8.78815323114395,87.7471686303616,16.9003381431103,32.2260530292988,401.30053961277,1509.95043599606,1228.89786425233,3.07196837663651,111.161568909883,14.4094378650188,0,31.0965536832809,0,471.408298015594,8.09787023067474,153.200405985117,2291.01209303737,514.953816503286,105.236008942127,11.4346632659435,3.95334011316299,91.7275023460388,15.1373665630817,1321.38803890347,30.0277410149574,5.4621973335743,0,1.46457970142365,35.0547918081284,0,113.269847691059,1.2540608048439,0,0,0,0,0,19.5000254511833,0,683.346577554941,0,4096.59843850136,0,0,0,2.71679443120956,15.5033264160156,0.556349337100983,0,0,25.1373466253281,0,6.96790075302124,1022.36734247208,2516.64740252495,5351.5247375071,0.825547575950623,0,0,1582.85208851099,0,0,5.96545740962029,4.63128131628036
