0,0.00465428538053239,0.0559990294246637,0.012863094507185,0.000596786374525071,0.0509755423340301,1.11564045288209,0.274490150036923,0.107862638873823,0.238748426137884,0.00649355389963901,0.016178120058846,0.000954137474063874,1.29246166518879,0.0029143723634544,0.000722621565308213,0.104069896538067,0.00596538141649032,0.0209488747877143,0.0377423383165782,0.134696442977414,0.0185560758823067,0.37682662545291,0.122246915403234,0.000655295332593859,0.0226418971690572,0.062523987554033,0.53921701156373,1.06435847547424,2.22961986539156,0.000415926262118817,0.00108080084863078,0.00780649737271165,0.106466133571815,0.00283990745262427,0.161234472401991,0.0252719732594595,0.0984849588919602,0.0231491909811154,0.0158149405076998,0.000836837691876292,0.0040422978701582,0.0533583093402235,0.00111260042477459,0.0129659791691399,0.00229130810715646,0.0113359699851283,0.00253564095893854,0,0.00228543812240761,0.000109087809419513,0.00278488412772512,0.00292717689905017,0,0.00220698552931196,0.0373495873153177,0.00273728873527479,0.0326453916864113,0.00480406770625019,0.00187462768452245,0.00148828146063363,0.000243725070860862,0.00620407739911771,0.00368660649039137,0.00593597445642244,0.000763204518532992,0,0,0.00469919393227429,0.00264102006704855,0.0047141445992232,0.00775728581319651,0.175276907630027,5.55867913873196e-05,0.000363525151822806,0.0189167786306398,0.0763090967217563,0.00924214701933265,0.024617898587234,0,0,0.00194898263510907,0.00545901510566825,0.000527539783563853
0.00465428538053239,0,0.0876633428308592,0.000904368296100259,0.000138269139872551,0.000821123097834766,0.00133594919420683,0.00387515231610441,0.0993098711959123,0.00153467243777925,0.0816092129100088,0.00117945034526324,0.138307203045748,0.0103584409292174,0.000946621819492817,0.128615602364897,0.0186851123642189,0.00145340366017425,0.00302928442048728,0.000318609587318063,0.0377513286480148,0.266875006162644,0.142031370147334,0.162159504128958,0.267463395362738,0.0502096449145649,2.27146832028165,0.0225491444625971,0.00647871700308949,0.0147196838971737,0.00077295153532368,0.0015543110252549,3.24774480573535e-05,0.0725797436866255,0.00408570874060785,0.0400402845181991,0.0286848127448452,0.0550239457438859,0.0255392517064065,0.00303938808068991,0.000465081849284112,0.0358710048995363,0.0240282473615457,0.0090562702993958,0.013993964568289,0.0134472602685663,0.00044746118813324,0.000485520218396068,0.00213980872309505,8.29978342759609e-05,0.0779971780025997,0.00593315616228354,0,0.000158885181925952,0.000169284703174174,0.000337390871405244,0.000348890566001475,0.000698749647368848,5.70195687503815e-05,0.00282015411168015,0.000372540981994867,0.0100782188759854,0.000728625317668736,0.000182156609530807,0.00374746111230284,0.015604512382868,0.0020687220069769,0.0130828452865916,3.52576925387383e-05,0.00118142467766523,0.00228202653387761,0.0111383260475839,0.00106187743168587,0.00674821118695343,0.0861019438746125,0.292951077940576,0.000420156524307966,0.000222162577541292,0.00140798307294238,0.00180667589015948,0,0,0.00621555229106468,0.00207404826599705
0.0559990294246637,0.0876633428308592,0,9.94766149159074e-05,0.000540407730167151,0.0025261765928213,0.00770240908312851,0.0258905959730982,0.00213481359043336,0.00599378826864988,0.0344156791012107,0.00466162022977424,0.00537450835197204,0.0827113223789532,0.00152525586041987,0.00629502926044125,3.08322287584087,0.0263320472692688,0.0894418608295726,0.00142911229841733,0.133579196711742,0.0179269741439992,3.90452598011773,0.0041818668471477,0.013796133890365,1.03003371209893,4.76447040275079,0.0117739529556402,0.0577930254213937,0.0861970127650555,0.00189062829060089,0.00129005946932161,0.00159137335476804,0.630624165811097,0.0277292426430158,0.478058142429174,0.245141131195582,1.11560023245542,0.371832032456436,0.00826539088773329,0.00460108335593354,0.00464678747615862,0.0738252265273991,0.017787811974421,0.063872139807379,0.0453497667503976,0.00115030004559886,0.0021142811245153,0.000133074225901038,0.000428238881557286,0.0247876388421692,0.0645306091036136,0,0.000215477369034051,0.000120714115373134,0.00225731559397071,0.000587591668525815,0.00184208085682398,0,0.00467110969162965,4.94766263803244e-05,0.000549844881757617,0.00149679616677171,0.000529002834569216,0.0109613573713184,0.170963254391189,0.00823025415237833,0.0784694410248391,0,0.00281346981602276,0.0136637533799703,0.0971225237900186,0.00122137260491192,0.0016260499283176,0.271062231794048,1.23336295847431,0.000885955357610464,0.000936001364158392,0.00659479228727579,0.000455481726519496,0.000119042498023092,0.000342242097410678,0.032898166237715,0.00645075603075683
0.012863094507185,0.000904368296100259,9.94766149159074e-05,0,0.00143138027538002,0.0187261002472539,0.0291164398624628,0.022725135082842,0.265033033876944,0.9910903161378,0.00152439161754077,0.304728310094041,0.000521502622120262,0.0228683211891737,0.0848162071156611,0,0.000299862387029051,0.000464989608707785,0.000940850535488427,3.665530474369,0.000121533924751818,0.00409530390681153,0.000277226196059942,0.458462293423046,8.76909143887758e-05,0.000352391036797345,0.000413036390171945,1.70391082399039,0.00928699401019078,0.00303671145535129,0.000208912464366555,0.000730376356008172,8.69608054825067e-05,0.00581376327341199,0.000912838181005717,0.0430360525392808,0.000296087581957639,0.0160138968638134,0.00602960360864067,0.0897787216435727,0.00141230303255093,0.00262216206388539,0.0201973407277584,6.93037249811888e-05,0.00432948243369818,0.000438905843385577,0.0383395604776808,0.00134807870634693,0,0.00131403491786647,0,0.000195935421521425,0.104210009756743,0.000122281332009971,0.0114321528240983,0.0474566342366547,0.0091824984796691,0.0461884500201059,0.0697712632910837,0.00124205245181108,0.100384199902517,0,0.0101505831025619,0.0118782806866532,0.000364473398258567,0,3.02880189233422e-05,0,0.10540799789332,0.000125509660591126,0.000362002927387118,0.000980101130938947,0.158967296701651,0,0,0.000351860927491069,0.187469960384006,0.0048552710842793,0.00165736300434297,0,7.12944886803627e-05,0.000403567059861242,0.00330134597774452,4.65071472104788e-05
0.000596786374525071,0.000138269139872551,0.000540407730167151,0.00143138027538002,0,0.483845342196508,0.00779849559354234,0.164900214506324,0.0128030156794141,0.00864324517788196,0,0.0220757444629801,0,0.00469664716364217,0.15586037010639,0.00446927175859606,0.000429922396485388,6.51506550844908e-05,4.78204358873367e-05,0.00198095245011616,0.0204098351904868,0.00132233919532407,0.0558424923276169,0.00562292786153496,0.000101520558987737,0.0009070886863302,0.00675182440844351,0.0178373013287978,0.0336419382102782,0.00466164208932233,4.50781464201808e-05,0.0739025291372967,5.48845442458391e-05,0.185379610824076,0.0490679798850498,0.157283829351649,0.00400502278557134,0.01134178148948,0.0213694798113313,2.37922249227629,0.416637584257793,0.00191625434263134,0.00299597466403031,0.00532569213123786,0.00222497026795292,0.0105364370744624,0.00203009623129368,0.000581835915180802,0,0,0.000557621361037135,0.00210647042710519,0.000784400739248633,0,0.000400446465879679,0.000795642585820675,5.70730086288452e-05,0.000674565812606871,0.000396271579177022,0.00145928801849186,0.00101013209256756,0,0.00054429902281642,0.000237430162142396,0.000608899617177486,0.000813502148018718,0.001302142206303,0.0034124419804945,0.00135257531613874,0.000922639968787014,0.000557839913775921,0.00609479339109505,0.00236477481515622,0,0.0021660591766305,0.00883044748707098,0.00164404374660886,0.000409839245029926,0.00117097417115819,0,0,8.82524727460147e-05,0.000310420738044023,0.085746448730085
0.0509755423340301,0.000821123097834766,0.0025261765928213,0.0187261002472539,0.483845342196508,0,1.23937988434189,2.04986893222899,0.0589364007407301,1.59053035792256,0.00911081472922319,0.989095898599898,0.00471485139534885,0.473402066592897,0.30893600390567,0.00028837553033781,0.00378314948984015,0.00722284443449688,0.00581411683328432,0.0483508248950788,0.00290384850534087,0.00474125361093402,0.00922021854039204,0.0776202013427769,0.000818593016952634,0.00609363358636528,0.00458398024706084,0.268720879785394,0.112917323352793,0.0312482452798838,0.00247619531923402,0.209246174984594,0.000235668477958798,0.0245987364737936,0.668055279968808,0.423885550515376,0.00436549857012445,0.0662334382491434,0.0293146938828976,1.58980751674512,0.18846429027337,0.0347932790115539,0.0198336476604126,0.0009415775639081,0.00220827279108274,0.00171582365158928,0.0142725280130445,0.000536530325658142,9.61192050926685e-05,0.000745380676546216,0,0.000418764968679309,0.00991670509256042,0.00065091040799594,0.00293841921578569,0.0140025790284599,0.00186607598812115,0.0125034440854349,0.00730668613891947,0.0074435094162302,0.0117685061546456,5.48364043918848e-05,0.00249879203173715,0.00537061644566786,0.00154726291771924,0.000128890599958658,0,7.41793750627041e-05,0.0138087714141285,0.00105571387564856,0.00156103375524903,0.00287842279179447,0.0606230194346258,0,0.000254739999448061,0.00135122396559233,0.0293901270190577,0.0017961199082799,0.00437062729027027,0,0,0,0.00162729279933011,0.062118270616776
1.11564045288209,0.00133594919420683,0.00770240908312851,0.0291164398624628,0.00779849559354234,1.23937988434189,0,1.10077037564208,0.0728816853044104,3.67259123523995,0.0156660670049059,0.103202441996772,0.00917028871612102,3.94887177545261,0.0289470636300635,0.00126696229223454,0.00406178040610576,0.0160086914245915,0.0158269872985472,0.0346967248503024,0.0196450321619695,0.00659196533785492,0.0526328114583307,0.531835717746096,0.000879108620476067,0.0106646821109807,0.0149554778538234,6.01179357531822,0.272238130510762,2.51004378357873,0.00331879880885661,0.0169216911494894,0.00401355381309825,0.0877834258189474,0.0223702742682064,0.502161908386723,0.00800776386784923,0.201143448861818,0.0838282389623396,0.162387905931377,0.0181244979761494,0.0274196532058782,0.0486133568617237,9.70071759616733e-05,0.00662690636003524,0.00153564994425816,0.0168250115126001,0.00228052391892201,0.000192152559557914,0.00185672911707491,0.000157746815428973,0.00042274622435981,0.0162995968159948,4.30951068350673e-05,0.00478831552660859,0.0373436015635012,0.00408414791391992,0.0209219425696781,0.0161536751246048,0.00766065981005168,0.00601671974364579,0,0.00670683523893249,0.00334539834655243,0.00152352321340972,4.93515903758407e-05,0,0,0.018566974598087,0.000471032576975465,0.00141554481269199,0.00343697137013787,0.131895849509877,0.000144569525690078,7.99244947755933e-05,0.00219816186777049,0.0952585848810774,0.00791100896816939,0.00430901633410084,0,0,0.00113364003526139,0.0038056394966079,0.00144826060309577
0.274490150036923,0.00387515231610441,0.0258905959730982,0.022725135082842,0.164900214506324,2.04986893222899,1.10077037564208,0,0.095478841632697,1.22675467823067,0.0207037989219547,0.563496012436185,0.0126850074830058,3.06023324873637,0.0314339995924574,0.000704850464060723,0.0328764068985543,0.0210021032300044,0.0162188690499931,0.0829246256999153,0.0495353284488772,0.0153362425199308,0.174583866707444,0.0992164542034309,0.00205198470970368,0.016671471145886,0.0322511870190966,0.458304482294445,0.200525986771115,0.443693576669689,0.00766083584963304,0.89041165369091,0.00352142384132498,0.0788420254328412,0.0123727088388123,0.390834148408957,0.0158195538493103,0.114148677141851,0.036445894644116,0.379085835326321,0.0692155305950017,0.0666605184464255,0.0354486978200644,0.000769563024492561,0.00726251497445852,0.00112615639760107,0.0107175642336105,0.00017051574682784,0.000129885368153334,0.00156061277576768,0.000130772072023392,0.000777199135553837,0.00349209061143679,0.000168984748042822,0.00215303765143681,0.0374516416808062,0.000475060223135471,0.0307002433442639,0.00152654595843649,0.00869260706911188,0.00460798993816036,0.000270249959421158,0.00161921885006899,0.00291347074563288,0.00215045960777527,0,0.000305243420092821,2.5626775593698e-05,0.00826892365326375,0.00111055125395047,0.00317110596590048,0.00236174788445341,0.206031322549226,0.000219442001077771,0.00017203945197314,0.00436847844784468,0.0640688004926806,0.00589083420873583,0.00885549297270697,0,0,0.00147655864599639,0.00240273124598146,0.00191483899184656
0.107862638873823,0.0993098711959123,0.00213481359043336,0.265033033876944,0.0128030156794141,0.0589364007407301,0.0728816853044104,0.095478841632697,0,0.212411789386274,0.0111348828054513,0.314907684831763,0.00726179548391933,0.132241026129498,0.233608020158529,0.0361737465157211,0.00371560564776695,0.00719532841692925,0.0062468551730913,0.148887106647023,0.0479663276836576,1.25545684693769,0.0167005811336129,3.0551167259024,0.0191938136411383,0.00495039538073885,0.0271457203980322,0.554092705663463,0.099695319453379,0.195733886526313,0.00163144590280992,0.00557357768775552,0.00368972465417737,0.0261524896684158,0.00761840705907053,0.223295299313724,0.0046084870658049,0.0481157731372531,0.0180773361812688,0.396026611980083,0.00596534938736755,0.0136494930656378,0.0425415343996665,0.000717041118822276,0.00782603253643715,0.00142311544891131,0.0388031600908477,0.00312090043960566,0.00045735007522285,0.00181390058071219,0.000154869332594693,0.00566828974549997,0.0800231251084851,0.000526007655165315,0.00915539188899482,0.056897805071399,0.0136577656314857,0.291522992982911,0.04131912085895,0.00652369599081379,0.0410597328143325,0,0.0132151052000576,0.0162344072655692,0.0269876622305874,0.000814819121678055,0.000329977107973576,0.00105781854102653,0.052113355595157,0.0147314604753084,0.0277706196870671,0.0233959389588126,0.439085845623682,0,0.00137399407377058,0.0106516513855428,0.227960623659188,0.0186057792465444,0.014618173620722,0,0.000486386006097972,0.00161603634410757,0.00412124204358012,0.00263145453640818
0.238748426137884,0.00153467243777925,0.00599378826864988,0.9910903161378,0.00864324517788196,1.59053035792256,3.67259123523995,1.22675467823067,0.212411789386274,0,0.0280666436565186,1.53457668370951,0.0112087226431143,1.23204836491982,0.0722534099821941,0.000119927208277941,0.00449562521456635,0.0223095801368988,0.0208629199702364,2.21904157551646,0.00200421627267432,0.00398416649304056,0.00393149645840186,0.235211309384991,0.00105711766468632,0.0117101942652876,0.00572685910430891,0.976469725614312,0.125537752586414,0.037039070851687,0.00495167164251638,0.0197535278798836,0.000423613633209765,0.103760783806994,0.0886396266313573,0.485918772454003,0.0093187266552071,0.204967589125892,0.0741575094971305,0.193618288803659,0.0156455366180873,0.0405947962119758,0.0533953702928294,0.000291120140092194,0.00790525668304318,0.00177311111276513,0.0670136956820198,0.00130497371386707,0.000108642695897997,0.00328867030052114,7.31447406698465e-05,0,0.0988082572302236,0.000574889616353274,0.0137141991201064,0.0899264287013412,0.00549237927591372,0.0613185463251559,0.0803656371224665,0.00973126498961961,0.0670980468787754,0,0.0130249407206036,0.0190095017351198,0.000553615589690268,7.90493099104166e-05,0,0.0001560523951509,0.131189105376978,0.000586776948513985,0.000690978483378887,0.00159775590012449,0.268759223536271,0,0,0.000384111066778362,0.277466004946967,0.00633918195114166,0.0065302494070065,0,0,0.00135410011120844,0.00680030186724245,0.00816965665492779
0.00649355389963901,0.0816092129100088,0.0344156791012107,0.00152439161754077,0,0.00911081472922319,0.0156660670049059,0.0207037989219547,0.0111348828054513,0.0280666436565186,0,0.0255971551824702,1.98604512765901,0.155272397635988,0.000960037912582577,0.0133791638531428,0.155251165081407,1.89070506006069,0.532852029389418,0.00640910855112308,0.0156884709473356,0.0121557653199681,0.0578358351817479,0.00985530963612026,0.612900104634999,0.57399379469779,0.250350170239212,0.0133910778915042,0.120231455110245,0.0132104894923649,0.382817480841869,0.059786827500056,0.00240850382446188,1.06917603861824,0.00435192335417903,0.106802011115255,0.25532688206734,0.27928451758092,0.0514465783761715,0.00712052199034929,0.00154584383005082,0.167020607859681,0.00235477881322795,0.0493733651510175,0.00157794620978385,0.00159603040020961,0.000307950013772786,0.000183598197879315,0.0167945758531898,0,0.0110184141409897,0.00107042776644492,0,0,0,0,0,0.00189689553294718,0,0.107894096247291,0,0.232385024066962,0.000239800555362105,6.79267871620655e-05,0.000310116447639167,0.00137322305148387,0.00102450172601157,0.00195748732432294,0,0,0.00114010781759036,0.00186619915873682,0.00157595653600907,0.0348654879132187,0.0488638026567514,0.149778306919268,8.00630861423015e-05,0.000252451335292935,0,0.0190258201533822,0.000394168879937172,0,0.00132595460887498,0.000590419170541406
0.016178120058846,0.00117945034526324,0.00466162022977424,0.304728310094041,0.0220757444629801,0.989095898599898,0.103202441996772,0.563496012436185,0.314907684831763,1.53457668370951,0.0255971551824702,0,0.0133840479722727,0.217567647758054,0.251487906045488,0.000132412112096071,0.00403422109075725,0.0247425593463189,0.0201535388614339,1.79112427225783,0.000994101860084832,0.00708668319313938,0.00487692891697985,0.157807078487549,0.00117490452095812,0.0154709308765393,0.00836976187073201,0.11900386643448,0.0267831616153096,0.00970625305045211,0.00810217287471068,0.0143167174986155,0.000370974427861094,0.0479282156409377,0.448748868975375,0.237379841496272,0.00607324681922006,0.113552165481702,0.0280997600872544,0.377643475222804,0.00813691196778899,0.0321209438840238,0.0292583317919573,0.00135646526546383,0.00617905994926804,0.00243454408134556,0.102480149542836,0.00225137321320736,0.00011357555632472,0.00154959688548249,0,0.00025969650543344,0.100999974167441,0.000950643005484701,0.0139800238002499,0.0359578999035048,0.0131070653819476,0.0242586268546775,0.0448857602473882,0.0131639613954031,0.101941899716426,8.40582421751023e-05,0.00916076577801633,0.0256386184587752,0.0013685356011206,4.65895754142404e-05,8.27788602218628e-05,0,0.115596507415624,0.000935316809207023,0.000408953747098625,0.00351126943094528,0.122133832193541,6.77525152732134e-05,0.000235476120041609,0.000947247231543958,0.136432457203651,0.0078166740731138,0.0079671128050353,0,0,0.000752384515443981,0.00344034511661499,0.0694736894002942
0.000954137474063874,0.138307203045748,0.00537450835197204,0.000521502622120262,0,0.00471485139534885,0.00917028871612102,0.0126850074830058,0.00726179548391933,0.0112087226431143,1.98604512765901,0.0133840479722727,0,0.0706951120623501,0.000272101518098712,0.014654580032513,0.00424725194893849,0.0204876233235397,0.00152529882847571,0.00340647206769138,0.00562580901408666,0.0101835974192886,0.0186691804142182,0.00551417199057442,1.07602698143504,0.047791081449718,0.277837979904052,0.00709343707298952,0.060073806611321,0.00267171106490916,0.130196862891275,0.0338525600027683,0.00174688122430175,0.260013414002927,0.00135054164239091,0.0349147511739233,0.367527509037986,0.111954794593553,0.00909776604140389,0.00353468736942351,0.000496441483704507,0.703165468731363,0.00322208047812468,0.290563697150086,0.00281214248960817,0.00198729308681107,0,0.000319313513614774,0.119398508521732,0,0.0532315830064945,0.000937852629747033,0,0,0,4.11872903512716e-05,0.000390886485610604,0.00237935502382517,0,0.713171322071031,4.04768825153709e-05,1.55326783473268,0.000275914513266087,3.69661383424998e-05,0,0.00167205119795829,0.00340710114182744,0.00132159669119918,0,0,0.0100983417012994,0.00051896680463326,5.51769859207868e-05,0.223512020704755,0.364700495833641,1.0103859180777,0,0.0013145712400471,0,0.202256438349912,0.00111844670290458,0,0.002560550478796,0.000178001384209394
1.29246166518879,0.0103584409292174,0.0827113223789532,0.0228683211891737,0.00469664716364217,0.473402066592897,3.94887177545261,3.06023324873637,0.132241026129498,1.23204836491982,0.155272397635988,0.217567647758054,0.0706951120623501,0,0.0228926466255698,0.000623909994886399,0.119864227390609,0.136689014992439,0.131014217851812,0.0770136636650358,0.14790183730068,0.0243102109338335,0.445358313968157,0.188611386564375,0.0120166360709914,0.0914769906370237,0.109046715749698,0.915429076732099,2.73547733548133,1.8160450177168,0.0392424461651967,0.210793788000073,0.0451448787814852,0.351488153039331,0.0224021859722305,0.695721398419279,0.0569717516422745,0.362278508716298,0.0855726546555392,0.170472857921268,0.0848783920864666,0.132351739226848,0.075600571282982,0.00142005667531931,0.0140046055673245,0.00281756782183993,0.0119512328709602,0.000836227456335425,0.000691084068659782,0.00239570119089103,0.000529331283438325,0.00172158342574782,0.00275304796736836,0.000144423191891253,0.00264730840569055,0.054131466901788,0.00106194662204039,0.0430833688042307,0.00249079949097461,0.0119736320964902,0.00407828971989381,0.00273907517936552,0.00355019250258857,0.00149249384439909,0.00608819129161268,0.00140334109410274,9.49359318788052e-05,0.000515793005854964,0.00636513599408978,0.00332234290105236,0.00773245756597871,0.0069100336082688,0.278907413363307,0.000768776871490717,0.00296062695350617,0.0240233695590926,0.0936433646033588,0.00775049459046054,0.0254075922710631,4.38121030654908e-05,0,0.00267079693280166,0.0068298096560024,0.00350146287131012
0.0029143723634544,0.000946621819492817,0.00152525586041987,0.0848162071156611,0.15586037010639,0.30893600390567,0.0289470636300635,0.0314339995924574,0.233608020158529,0.0722534099821941,0.000960037912582577,0.251487906045488,0.000272101518098712,0.0228926466255698,0,0.00553085565868258,0.00130055155781817,0.000681524790582895,0.000990097371001958,0.0515985621537747,0.0696533277257717,0.0048024954979428,0.0619330579264075,0.13996842953593,0.000390771228395581,0.00164529822211051,0.00752469545727748,0.144444840552714,0.0163128814159649,0.0257431098188859,0.000133685934518993,0.00364696648663086,0.000388719859404624,0.00418780533532393,0.296281873571674,0.105373120471435,0.00875248804965448,0.0293133443824749,0.0126615006500498,1.21420570554253,0.00261010438295305,0.0169635474305496,0.0330997869246979,0.0129056444808541,0.00789511699122232,0.0220773187076448,0.0396615319441153,0.00127302030268007,0.000200829975837827,0.00251264441209793,0.000168033503551721,0.00275069343148005,0.0234356645017935,0.000422147318537235,0.00490312956371814,0.019698098620734,0.00681910023597085,0.00775684205673772,0.0171065773265968,0.00977125580859691,0.0259071783759339,0,0.00820166781989569,0.0120379659280394,0.00566187844079394,0.00275485144725215,0.00183864163855791,0.00467220450694597,0.0269623766379654,0.00864298725353253,0.00222102228397006,0.0241737533826379,0.0445836942774731,0,0.00418421213852322,0.0123966583612003,0.0502175733146506,0.00986722722055221,0.01514606370965,0,0.000627087350420773,0.00160755895185173,0.00388046631423837,0.159555525176061
0.000722621565308213,0.128615602364897,0.00629502926044125,0,0.00446927175859606,0.00028837553033781,0.00126696229223454,0.000704850464060723,0.0361737465157211,0.000119927208277941,0.0133791638531428,0.000132412112096071,0.014654580032513,0.000623909994886399,0.00553085565868258,0,0.0093955113159352,0.000353744209990442,0.00138982299080622,0.000285804981814623,1.41248372722381,1.0286558611155,1.44348394757119,0.635580875609285,0.0430950737160202,0.00289041526044368,0.889187834388912,0.353417950391711,0.000681357906977057,0.0188210125793692,0.000247991538689792,0.000221309759023785,8.80773826506138e-05,0.0153436534349046,0.0340193486569572,0.393709038392479,0.147518416496455,0.0334177564088831,0.0775590795275791,0.00275057078903502,0.0014582242950244,0.0092232722948364,0.0318272255259833,0.00587099518813283,0.0148092479458583,0.0126844891003092,0.00199010749446887,0.00146162023688066,0.000129186109908163,0.00148464796105438,0.000800252834732473,0.0763757768949161,0,0.00147886979861957,5.90150798793435e-05,0.00626933460118109,0.00392830329133123,0.011656866139184,6.11008990296126e-05,0.010165501694593,6.14668266434669e-05,0.000954666182038784,0.00273220038660022,0.000795848376979709,0.636682841840183,0.0191145829992545,0.000310567612225533,0.00227813595563257,0,0.238900671936975,0.130019465200007,0.729414895258825,0.0764524619023608,8.27776207000017e-05,0.0134880736843199,0.341230605773287,0.0393638834194554,0.00336002334897691,0.0970574159656045,0,9.12502166779042e-05,9.74223760960102e-05,0.00614225667371786,0.00774570355453759
0.104069896538067,0.0186851123642189,3.08322287584087,0.000299862387029051,0.000429922396485388,0.00378314948984015,0.00406178040610576,0.0328764068985543,0.00371560564776695,0.00449562521456635,0.155251165081407,0.00403422109075725,0.00424725194893849,0.119864227390609,0.00130055155781817,0.0093955113159352,0,0.427284612428293,1.23608898038787,0.00126017382178665,0.122614047728535,0.00644350375321019,1.95863128937686,0.00384593107060504,0.00199972684661388,1.0734635389472,1.05477247507371,0.0254077950916438,0.195104127688769,0.446384377397071,0.00110321888680535,0.0024931277618221,0.00655899781155199,0.438828861045536,0.0160918994616253,0.409778691404222,0.340913685867977,0.225447730066559,0.162051526210617,0.00650261687133091,0.00267913657326841,0.00371791006239814,0.0454328230223286,0.0167864478641339,0.0380718500405736,0.0278325351778822,0.000317494674040139,0.000877372431974888,0.0005285797759884,0.000262078133728146,0.0103638262883956,0.0263471944675989,0,0.000309641359670281,0.000145552283345342,0.000903323021969259,0.000467157114180505,0.00221717022249299,0,0.00516129248752052,0,0.000966965667430341,0.00106362573147577,3.61215965337753e-05,0.0148224472783258,0.12300860553746,0.00847262493569761,0.0970329763634443,0,0.00746430467604786,0.00846063717173606,0.0555514347879583,0.00304107601637578,0.000711612309212684,0.233043536012213,0.748819631734456,0.00204337788510967,0.000704314926503539,0.00588567821605605,0.000290733526812404,0.000244568693713724,0.000159741941878736,0.0212209239222758,0.00396752952681887
0.00596538141649032,0.00145340366017425,0.0263320472692688,0.000464989608707785,6.51506550844908e-05,0.00722284443449688,0.0160086914245915,0.0210021032300044,0.00719532841692925,0.0223095801368988,1.89070506006069,0.0247425593463189,0.0204876233235397,0.136689014992439,0.000681524790582895,0.000353744209990442,0.427284612428293,0,0.59392364417468,0.00579942138877141,0.008307681380018,0.00200360789336324,0.0386327630908248,0.0045427254210862,0.0152499629355132,0.463796259170367,0.18725272140406,0.0114101279494354,0.0858377122212483,0.0168431267032844,0.0506981444367154,0.0311358622412857,0.00190192799475616,0.45491774475658,0.00736967161187148,0.143009419536815,0.191316517019312,0.491547381297626,0.0921681961116597,0.00812709132156795,0.00242909225509727,0.00953836385960692,0.00199217423841572,0.00884987810659183,0.00138605404751307,0.00124848212342232,0,0,0.000119911021221519,0,0.00104852771407587,0.000940691128702879,0,0,0,6.4498794811964e-05,0,0.00202368257882333,0,0.0116920795447668,0,0.01587346692593,0,0,7.71732630435825e-05,0.00142717437925977,0.00100342166314876,0.00247265954648918,0,0,0.00017064984721756,0.000625286016802668,0.000123271487107277,0.00459003134243983,0.069340492970055,0.12329248668365,0,6.04533740305901e-05,0,0.00901961921636969,0,0,0.000421185089317918,0.00133195928019136
0.0209488747877143,0.00302928442048728,0.0894418608295726,0.000940850535488427,4.78204358873367e-05,0.00581411683328432,0.0158269872985472,0.0162188690499931,0.0062468551730913,0.0208629199702364,0.532852029389418,0.0201535388614339,0.00152529882847571,0.131014217851812,0.000990097371001958,0.00138982299080622,1.23608898038787,0.59392364417468,0,0.00570373566523403,0.0263544012156147,0.00214090938492459,0.121959091994402,0.0036846859978121,0.00804127441768867,0.554017465904926,0.21027813607684,0.0127427007868419,0.109123722361164,0.0612018852722469,0.00285074869855344,0.0173738181879436,0.00387309445946825,0.594698492147922,0.0122822270951581,0.276271085652807,0.362988145713093,0.894321862826793,0.268003932433652,0.00692174637545175,0.00173613076266337,0.00247698534345192,0.00557092267772425,0.00722533836469341,0.00480431279880065,0.00361991332972902,8.3884568676114e-05,0,0,0,0.00221521499887753,0.00190117640792799,0,0.000214549620504141,0,4.08536483129859e-05,0.000152940984621942,0.00243015303241056,0,0.0015604819939993,0,0.00183709007775384,8.59204528028369e-05,0.000285524434664726,0.00151816378649426,0.00640511684804404,0.00215120115020215,0.0148638826623359,0,0.000761458493235171,0.00119514110751254,0.0050357915615896,0.000420273540056467,0.00180645578649187,0.0995065223023966,0.166017547037832,0,0.000548421126037657,0.000260084216270149,0.00128434535902632,9.4098448628068e-05,0,0.00233133974792391,0.00188187850883657
0.0377423383165782,0.000318609587318063,0.00142911229841733,3.665530474369,0.00198095245011616,0.0483508248950788,0.0346967248503024,0.0829246256999153,0.148887106647023,2.21904157551646,0.00640910855112308,1.79112427225783,0.00340647206769138,0.0770136636650358,0.0515985621537747,0.000285804981814623,0.00126017382178665,0.00579942138877141,0.00570373566523403,0,0.000529143901926636,0.00269152730700821,0.00109498027042329,0.122648281808046,0.000172409418718576,0.0032350044199754,0.00165624089512164,0.422954094471776,0.0259266911733118,0.00456939435063517,0.00172470706357986,0.00388323688678563,0,0.0186859595590929,0.00516850825107342,0.102426927838538,0.00261999346238226,0.0381280715266875,0.0137076684305165,0.071350514958575,0.00348862065547097,0.0104026492152209,0.0483957870424027,0.000234395165388465,0.0110186748710548,0.000446198289378345,0.0725209878316777,0.00235026314655077,0.000205903296073079,0.00401938384005863,8.64742900990248e-05,6.20843771951199e-05,0.113019575223572,0.000699707400876224,0.0162180317773999,0.0893564210059509,0.0162332223498362,0.0414838990269984,0.0713388167634064,0.0068398718013817,0.080986121436131,0,0.0187387678492672,0.0194447408011224,0.00125104159562701,0,0,0,0.10687403429014,0.000965530462924719,0.00116395422152925,0.00286789385957915,0.244847593212396,0,0,0.000522954819676817,0.276315079361091,0.013736405618305,0.00823486323504049,0,0.000117832025547505,0.000605152905899585,0.0076579039682753,0.00115740256997604
0.134696442977414,0.0377513286480148,0.133579196711742,0.000121533924751818,0.0204098351904868,0.00290384850534087,0.0196450321619695,0.0495353284488772,0.0479663276836576,0.00200421627267432,0.0156884709473356,0.000994101860084832,0.00562580901408666,0.14790183730068,0.0696533277257717,1.41248372722381,0.122614047728535,0.008307681380018,0.0263544012156147,0.000529143901926636,0,0.223046375367612,5.94415363022697,0.17493713874509,0.0173854038033866,0.0213847489392287,0.372807298218701,0.891516812261513,0.2062618907733,2.73535551246711,0.000248215263226688,0.00126747645567214,0.00955905259076375,1.42874347159848,0.153216994807367,1.26162096505237,0.829348715857871,1.65369179101357,0.856253096779196,0.0584402317198064,0.0194197492621645,0.0145824845928936,0.035644253813564,0.00429675146373111,0.017424819386524,0.0115177935326927,0.00265840840944076,0.00152927012218619,0.000454644589785338,0.00066798511166817,0.000737892798255682,0.0685314708997817,0,0.00357810896204257,0.000109011939080178,0.00405686508521866,0.00194886487137323,0.00952837670835322,9.66513446502686e-05,0.0148452647234165,8.51137347289324e-05,0.000222313142811298,0.00219547806785953,0.00430912701485461,0.395756842335383,0.0226543397520575,9.41021610876322e-05,0.00256467281709898,0,0.289744230926618,0.130673916152602,0.588326060465542,0.0866498386648637,0,0.0117373100058315,0.201671168782102,0.0810090496993609,0.00292683173800701,0.1405904621162,0,5.52015931774378e-05,0.000168545343649089,0.0102838799096478,0.0388677431242981
0.0185560758823067,0.266875006162644,0.0179269741439992,0.00409530390681153,0.00132233919532407,0.00474125361093402,0.00659196533785492,0.0153362425199308,1.25545684693769,0.00398416649304056,0.0121557653199681,0.00708668319313938,0.0101835974192886,0.0243102109338335,0.0048024954979428,1.0286558611155,0.00644350375321019,0.00200360789336324,0.00214090938492459,0.00269152730700821,0.223046375367612,0,0.248923698238373,1.7234585638711,0.0342762118901871,0.00255180692822408,0.545978764371312,0.174313391622155,0.0167310861573992,0.108674486376172,0.00018678309129417,0.0017167854961294,0.000528262101189851,0.020432820392344,0.00898883051915175,0.100647172626038,0.0111419113035069,0.0579184880015251,0.0463631441401732,0.0235344500435828,0.00254394011344617,0.00609928313772148,0.0297508563224675,0.00341027524438018,0.0163357321785484,0.0135578769091341,0.0021262174452666,0.00130932414556354,0,0.00036135762192601,0.013637251279073,0.0282800074056978,0.000215142939319312,0.000710342498444259,0.000210922379594385,0.00654428982832903,0.00208751860190678,0.028161930968421,0.000281005061634004,0.00147012463300562,0.000241104575102091,0.000501486804789543,0.00135232749419778,0.000312487210273028,0.150681453300214,0.00842358312809074,0.000610999251195788,0.00171434871521789,0.000160906875664472,0.0332391174311145,0.113907962239144,0.151368482178461,0.062594444379335,0.00060875041660273,0.0101147357090243,0.309518917707229,0.0151812653489342,0.00248623017376131,0.0198667630470191,0,5.85739230581522e-05,5.34502586960793e-05,0.0047523671227248,0.00395263679683143
0.37682662545291,0.142031370147334,3.90452598011773,0.000277226196059942,0.0558424923276169,0.00922021854039204,0.0526328114583307,0.174583866707444,0.0167005811336129,0.00393149645840186,0.0578358351817479,0.00487692891697985,0.0186691804142182,0.445358313968157,0.0619330579264075,1.44348394757119,1.95863128937686,0.0386327630908248,0.121959091994402,0.00109498027042329,5.94415363022697,0.248923698238373,0,0.464184155294223,0.052640787555584,0.25953280377181,4.33953790927752,0.502962485805214,0.36553541704154,1.42518114886018,0.00381319238262993,0.00242873909211617,0.00604477456549078,1.26108726384377,0.400665770623555,3.94928477956026,1.48094900045416,3.23163570567616,2.84690173690284,0.0742060289561812,0.0311271806515418,0.0309975778852138,0.110568508431833,0.0196989679346619,0.103869762657556,0.079464132008904,0.00526766304520387,0.00332090806901389,0.000574663092206657,0.000647813044363737,0.00928942214803236,0.241788045535946,5.42438824121953e-05,0.00649816314716369,0.000186572949596584,0.00744834410713613,0.000882467883476079,0.00601806738173264,0,0.0228123598561063,0.000607344627843738,0.00097105442568171,0.00272409797565794,0.00696971263833833,0.507875159293424,0.131548299746273,0.0012476779973535,0.021989723749345,0,0.16650152182892,0.103261178184232,1.22646167115364,0.03851915925142,0.000349506370231688,0.0810986337467843,1.79076306508974,0.0259939190533247,0.00194927859690398,0.0658364612934902,2.52462103257478e-05,5.20350361377001e-05,0.000221665199549973,0.0245937391734951,0.0840772433674644
0.122246915403234,0.162159504128958,0.0041818668471477,0.458462293423046,0.00562292786153496,0.0776202013427769,0.531835717746096,0.0992164542034309,3.0551167259024,0.235211309384991,0.00985530963612026,0.157807078487549,0.00551417199057442,0.188611386564375,0.13996842953593,0.635580875609285,0.00384593107060504,0.0045427254210862,0.0036846859978121,0.122648281808046,0.17493713874509,1.7234585638711,0.464184155294223,0,0.0224684548897443,0.00268231847473395,0.216082866545347,1.78384074330443,0.196317740172426,0.465048467250708,0.00108117311429239,0.00714015749733835,0.0136976344186198,0.0585036359954439,0.0286622366187852,0.553443614525516,0.0191517143283091,0.0984085492049132,0.0534482374877693,0.251032971407587,0.0163468684032035,0.0282912267363247,0.385924185245203,0.0090841848324008,0.101423333338414,0.0151758807438493,0.0833323362279582,0.0223729066432252,0.000652816545324505,0.0271971585341746,0.000521136688400388,0.0133275855563868,0.0663125749789281,0.00345947530168199,0.0234998119165819,0.362949234542081,0.0820830054197933,0.303585717651827,0.0546512777047942,0.0289523488047347,0.0247616147357059,0.000169415405564308,0.0968776853964977,0.0206597660221885,0.102258602778684,0.00442635359198016,0,0.000315137833129644,0.0621157814523272,0.0789397172400795,0.123024333280814,0.11606240587168,1.73014946584114,0.000398407623386741,0.00222567272269905,0.0474563116556698,0.647765789464279,0.0993634867033276,0.340467428218935,0,0.00347014283442307,0.00899671316988998,0.0493026881609877,0.013987589209717
0.000655295332593859,0.267463395362738,0.013796133890365,8.76909143887758e-05,0.000101520558987737,0.000818593016952634,0.000879108620476067,0.00205198470970368,0.0191938136411383,0.00105711766468632,0.612900104634999,0.00117490452095812,1.07602698143504,0.0120166360709914,0.000390771228395581,0.0430950737160202,0.00199972684661388,0.0152499629355132,0.00804127441768867,0.000172409418718576,0.0173854038033866,0.0342762118901871,0.052640787555584,0.0224684548897443,0,0.0303428173452428,1.70148159816765,0.00532167224888105,0.0080544947029605,0.00361774175459462,0.0391189360853962,0.00534303052028847,0,0.225221366605939,0.000460221906936526,0.00992713460657406,0.0341188311305984,0.0364179322643459,0.0049091498298071,0.000854751634279728,0.000199607056242466,0.289062329947256,0.00390774928643107,0.0386143868189792,0.00204245924065411,0.0024475544508425,0.000162401513106227,0.000346918911088824,0.0348917326698383,0,0.0372808173815722,0.00259878275208348,0,0,0,4.5785492087543e-05,6.16381737492084e-05,0.000532974922062158,0,0.163937885899335,0,0.476514162256877,0.000239061159200907,0,0.00112872062944758,0.00336439634546668,0.000723011575061083,0.00242653321947295,0,0.000259343296657204,0.00649647513515258,0.00316913461323577,0.000171205885733605,0.160278143972289,0.0641073725109724,0.376849664106858,0,0.000854461464043856,0,0.027586340301706,0.000151780856273174,0,0.00283646885717213,0
0.0226418971690572,0.0502096449145649,1.03003371209893,0.000352391036797345,0.0009070886863302,0.00609363358636528,0.0106646821109807,0.016671471145886,0.00495039538073885,0.0117101942652876,0.57399379469779,0.0154709308765393,0.047791081449718,0.0914769906370237,0.00164529822211051,0.00289041526044368,1.0734635389472,0.463796259170367,0.554017465904926,0.0032350044199754,0.0213847489392287,0.00255180692822408,0.25953280377181,0.00268231847473395,0.0303428173452428,0,4.67047917216073,0.00904783760930521,0.0859881330808521,0.04089518290454,0.144859545195818,0.0189755140548481,0.00292611746200806,0.403986839088529,0.0301500935584466,0.652551695546623,0.798263180848051,0.863781242702027,0.439215361208271,0.00849085929450214,0.00540029930315215,0.00830444409085393,0.109757595107652,0.10564248679068,0.0577442436447127,0.0628797492293438,0.000852891111966252,0.00236955015861028,0.002217780824395,6.14287678269148e-05,0.0734256348950233,0.00741480482542419,0,0.000310292707037211,0.00031661607285732,0.000160368935388803,0.00223706705488407,0.00676826774669606,0,0.0606320158247598,9.61588178910613e-05,0.0879642183896243,0.00244594203745288,0.000570076021743059,0.00170647408778864,0.0839572250512767,0.0401833299097961,0.26264775381345,0,0.00108415300727767,0.015553256718998,0.013082966439168,0.000316700271806597,0.027281457674065,1.65848468163521,3.20250555951984,0.000236418834424138,0.00265785005674351,0.00220373154323888,0.0484763887816984,0.000483073347288132,0.000131893240917801,0.0287036068821025,0.00680245259642792
