0,0,50.7593438327312,1.24996662139893,2.67411208152771,82.9883964657784,5163.94502326846,1188.92184764147,3.20336776971817,49.3499374091625,28.9214669167995,16.5681280493736,10.768866121769,9805.16760978103,4.79805952310562,0.680445194244385,229.148105412722,16.3645025491714,48.2538698911667,2.32101136445999,79.3533374667168,0,317.2280395329,2.01545348763466,1.58688592910767,46.826423227787,83.6296173036098,20.7912756502628,7641.09336778522,3197.56416812539,0,66.0813283920288,16.674341738224,143.715155661106,2.07092869281769,49.0133396983147,3.97779881954193,58.621595531702,17.3466508984566,11.9572625458241,5.11275273561478,0.527942836284637,1.10308861732483,0,0.824125647544861,0.928992509841919,0,0.588465988636017,0,0,0.8066326379776,0,0,0,0,0,0,0,0,0,0,0,0,0,0,0,0,0,0,0,0,0,0.924370378255844,0,0,2.34786736965179,1.99262374639511,0,0,0,0,0,0,0
0,0,19.1319564878941,2.55576556921005,3.1136708855629,0.38850012421608,1.99570280313492,0.514797270298004,1818.93387520313,0.609296798706055,40.7686123251915,0.548569858074188,3328.51173779368,2.98844817280769,20.030220001936,907.222634613514,14.406777381897,1.43007278442383,2.68480998277664,2.34465205669403,19.582727253437,4107.41795516014,57.5483999997377,1844.11946713924,5167.4465726614,71.7828080952168,12835.2652485073,54.2905830740929,0.679634928703308,0,102.625564455986,0,0,31.7733456194401,5.93137192726135,92.3591448664665,98.981994509697,69.3631895184517,53.2097787857056,6.88212209939957,2.28728497028351,389.440408289433,164.259702652693,228.271691322327,75.9723801612854,65.3844345211983,0.419418901205063,1.38911259174347,244.27612388134,2.3055180311203,6419.83958882093,70.4113757014275,3.11384692788124,0,0,14.4221687316895,0.418979197740555,20.3873043656349,0,30.0490821003914,1.69685277342796,250.536517113447,2.89777114987373,0.636317133903503,53.2526058256626,66.1567890048027,2.24533316493034,48.8063657283783,0,17.5229974985123,295.694706261158,52.155182570219,71.488127976656,67.1596782207489,399.147351533175,8074.85062015057,27.7491332888603,4.37321749329567,8.60890758037567,30.7416049838066,0,0,32.5613064169884,12.4797837138176
50.7593438327312,19.1319564878941,0,0,44.2371012270451,46.4161187708378,2900.35858464241,578.039315760136,3.69709718227386,76.6300756335258,122.508399039507,52.4432246685028,79.7944483458996,692.957143843174,97.1309227049351,83.5635920166969,16682.7574392557,442.379663825035,1920.3214315176,12.0465181469917,2355.16035869718,18.6611318588257,50825.5883963704,152.27774015069,1.24156016111374,23438.8379540145,17650.9493401945,2139.40778413415,379.663444757462,1430.34915751219,1.8158466219902,20.7044793665409,48.2374687194824,2600.82030546665,734.586240798235,7644.65390151739,1818.01396584511,4166.38201570511,3751.22862133384,46.4015094339848,35.0406272411346,3.00491791963577,666.743109732866,122.197218507528,268.045879632235,271.839986771345,20.5037618279457,1.91461664438248,0,1.0332849919796,325.504940330982,1913.37885090709,0,16.5520085096359,0,99.8935234844685,11.9998426735401,1.98649364709854,0.391491115093231,8.63752077519894,0.92672398686409,2.85602211952209,13.4661121666431,17.9482743144035,126.086845487356,256.113097041845,8.65080267190933,70.71380469203,0.520359337329865,41.3564462065697,77.2851291298866,555.424996286631,49.4875299632549,2.9259260892868,741.134935170412,10269.8740598261,84.9128613471985,8.71618700027466,32.6700672805309,3.44002225995064,0,0,166.684258878231,440.399961799383
1.24996662139893,2.55576556921005,0,0,183.326391458511,104.143381118774,65.3659011125565,93.6432000696659,2755.3479898572,5366.59849390388,15.8187740445137,2540.71526485682,30.1528418958187,58.764477789402,719.591472297907,0,3.31868082284927,3.86947625875473,13.0725325345993,29852.8045070469,0.636819243431091,1.19815468788147,1.04366660118103,3070.79432526231,19.0667481720448,8.23177853226662,5.22362756729126,12920.7581675947,62.4068595468998,1.05969941616058,0,20.4017454087734,0.644066095352173,79.5798463225365,3.70195311307907,80.7626191675663,2.53072786331177,85.1866098046303,19.0485599339008,387.288171797991,31.0398316383362,1.48413819074631,24.1992102265358,1.91460108757019,27.8166975080967,8.62422466278076,146.974880695343,1.96948403120041,4.52336347103119,0,0.662819445133209,0,996.338275581598,8.85291796922684,67.7557908892632,171.071410477161,23.327811062336,694.401078343391,1095.47425982356,13.5190568864346,448.042228847742,1.90479516983032,12.8847462236881,28.3009406328201,0,0,0,0.926844954490662,1234.26146987081,0,4.63341099023819,0,1028.48354843259,0.639042675495148,1.96726486086845,1.31552785634995,1874.13523289561,14.6309580504894,0,0,2.3540855050087,0,5.18211752176285,1.18593770265579
2.67411208152771,3.1136708855629,44.2371012270451,183.326391458511,0,2079.78801092505,697.100017726421,1294.08429944515,805.320244461298,533.06930783391,4.46585020422935,1364.54120457172,207.01741451025,49.9904922246933,5542.71459361911,65.0755895674229,17.0682403445244,0.808655977249146,17.9569796025753,190.658412277699,426.160147368908,35.422460258007,687.906118422747,699.729929178953,155.571135997772,30.3385325074196,223.033957570791,825.798512935638,42.4635154902935,139.252652257681,0,642.093060195446,8.11484488844872,1272.55376550555,5736.38380205631,2660.31155955791,211.11965918541,138.495993092656,348.676208019257,12798.6329756975,10805.0245622098,6.4571567773819,145.851343393326,136.462888300419,50.9828514754772,384.746800720692,130.938749492168,16.5506508946419,38.6121983528137,0,2.85980755090714,19.5517014563084,15.1663501262665,9.90269702672958,32.3659630715847,54.6774413585663,7.91550269722939,147.045336395502,65.9467080533504,37.6818266510963,209.427580237389,1.51391184329987,4.51548010110855,28.2757818102837,82.7249112725258,0.701862752437592,1.43993353843689,2.5824493765831,134.051106989384,59.1286706030369,16.8974301815033,139.44085341692,200.587931960821,0,13.3374299108982,135.001368463039,175.55121037364,7.52971190214157,5.17312598228455,0,4.19820219278336,0,10.7182371020317,4161.31758677959
82.9883964657784,0.38850012421608,46.4161187708378,104.143381118774,2079.78801092505,0,7722.66560921073,22260.9583916962,1027.22450372577,18043.7691664994,236.350599527359,12858.8594848514,639.070689558983,1107.93162477016,6097.05779543519,2.28216031193733,165.449834764004,213.919421643019,268.001718789339,341.270030885935,145.69564256072,0.665632486343384,281.138746082783,132.886041074991,241.586904466152,328.359812021255,237.0853728652,2535.96439769864,972.119511693716,497.973282575607,15.64423173666,501.921924889088,29.347036242485,1087.17255565524,8327.60924819112,2321.5703484118,78.9689817726612,594.695969760418,272.221391230822,4493.27339211106,413.800771802664,49.7933168411255,127.934325069189,11.0353896021843,108.999992012978,89.1308035552502,393.806535720825,33.9549272060394,76.1628780961037,0,0.675674855709076,0.671075224876404,86.7804960906506,17.5193551182747,116.45777669549,96.5635403990746,20.7898644208908,386.307266026735,338.261120915413,83.3982176780701,727.170695215464,3.09841817617416,22.3678666949272,28.7466329336166,6.39038944244385,0,0.987061321735382,0,464.247678726912,0.91225391626358,0,2.31483694911003,566.354923546314,0,2.07342523336411,2.93761259317398,593.559626430273,26.1938526630402,0,1.71607935428619,18.1277134120464,2.56099200248718,22.4803169667721,568.055455744267
5163.94502326846,1.99570280313492,2900.35858464241,65.3659011125565,697.100017726421,7722.66560921073,0,30882.9389607608,627.854999780655,15425.5498920679,615.017714142799,1577.62695899606,1294.47221395373,40174.2644134462,1399.06642815471,48.165752351284,1609.14087983966,650.595232874155,1105.7545710206,138.554062455893,11936.909157455,12.0931824445724,9150.70887833834,1842.85509809852,207.174216717482,1618.93605533242,2161.38980579376,56801.747364819,10751.7257349789,12078.6932226121,42.5877843797207,1243.33113610744,2019.19858032465,6319.38208830357,1919.15491962433,8915.15922626853,550.408109456301,10294.0793962181,3624.14060199261,2684.05575034022,1091.3449703753,96.2036321461201,1124.81890958548,41.9945110678673,1057.76731339097,306.29197755456,518.686752229929,139.6152561903,112.948537290096,3.47118058800697,3.86465758085251,64.1366164088249,118.367520928383,57.1833829879761,309.650000840425,1472.21511170268,445.127915322781,233.022432327271,1108.34804654121,280.716040372849,286.129577964544,12.8173557519913,371.014604181051,109.183452993631,100.171066910028,6.40074160695076,0.597881972789764,8.69343981146812,502.547340989113,32.6790332794189,45.8829163610935,133.039201021194,5907.85105466843,0.98322594165802,10.5769402384758,435.103035569191,5791.10342341661,592.481898993254,1.20439827442169,5.07770746946335,147.313234776258,15.7934590876102,303.100955724716,466.21919798851
1188.92184764147,0.514797270298004,578.039315760136,93.6432000696659,1294.08429944515,22260.9583916962,30882.9389607608,0,158.080680966377,24378.4764304161,479.706958085299,3083.09564507008,754.611906528473,27441.8797596693,416.918631911278,5.44823330640793,1515.08311849833,387.515235126019,550.232237905264,847.597495645285,1434.36687290668,1.98833534121513,2931.88741871715,174.793702811003,157.628418117762,792.557312548161,810.91135814786,1614.65205046535,3650.50356721878,6549.23362657428,30.8459854424,2017.57116860151,235.233839631081,3112.11734354496,250.487502276897,3041.75278127193,148.410177469254,1475.80666074157,531.552418887615,1323.47831758857,263.174570143223,98.2909261882305,491.391220927238,17.0457676649094,334.436423003674,141.709148317575,195.559867054224,75.355114877224,68.8956665098667,0,1.38228476047516,3.11665776371956,25.4512888789177,4.13996350765228,69.5460207462311,310.616828858852,61.4527847766876,84.6313514113426,164.697952568531,98.9107857048512,124.731243520975,0.627618968486786,48.7129375338554,42.2559662759304,21.5502198040485,0,0.504693925380707,0,98.292426943779,9.56965273618698,5.48503077030182,2.1018191576004,1661.30061513186,0,0,22.4051133990288,1220.84028717875,88.1036278307438,1.16560807824135,0,27.6108523607254,4.21358096599579,107.931120187044,34.8629485964775
3.20336776971817,1818.93387520313,3.69709718227386,2755.3479898572,805.320244461298,1027.22450372577,627.854999780655,158.080680966377,0,1780.42846512794,21.4040970802307,3815.65214550495,975.257395684719,40.8949075341225,2099.73569869995,855.470872998238,7.07045736908913,9.24329799413681,19.8772206008434,1500.26697701216,155.602735698223,12537.4042535126,175.49782037735,29282.6986204982,1326.62182462215,27.9538510143757,3635.91346418858,8413.39663109183,74.857750326395,5.54767996072769,32.2428238987923,59.2703236937523,11.0758881866932,109.66610455513,66.2027036547661,243.020662248135,26.9299719333649,120.763115853071,67.0518499314785,2772.94635227323,153.312409698963,83.3899878561497,900.693658411503,61.8195252418518,395.378569036722,150.153825879097,222.446311295033,38.3359531760216,57.1360193490982,0.530349612236023,81.0988994836807,8.63967916369438,323.39871263504,24.0726107358932,63.0684447586536,246.307060450315,35.7108582854271,5006.9021756351,527.989369511604,33.1609499156475,312.353145301342,18.3681428730488,51.8615987896919,92.2429377436638,2112.42408502102,5.75550976395607,16.7454041540623,15.6994205415249,510.287136375904,557.209392547607,4108.04053884745,378.192408591509,7676.90587058663,7.41541466116905,36.1895342171192,226.915293991566,3155.06645855308,124.451080262661,6.41185146570206,1.34598398208618,29.4925095438957,10.5708854794502,119.130174100399,233.0664922297
49.3499374091625,0.609296798706055,76.6300756335258,5366.59849390388,533.06930783391,18043.7691664994,15425.5498920679,24378.4764304161,1780.42846512794,0,728.51418030262,7340.9755679667,1066.1037658155,5107.60525655746,801.64580950141,4.39114880561829,271.037833631039,603.093192726374,843.062096446753,10794.5106895268,211.57997572422,4.54101371765137,356.039579451084,305.272303044796,274.949674814939,1004.68213877082,755.970061540604,10791.6690458655,4308.02653557062,284.228192836046,54.4260410070419,1231.64559590816,59.7159146666527,3159.61042794585,218.759979426861,4131.45767390728,182.74486541748,2872.37033039331,666.84221559763,1721.26210904121,622.173033863306,113.787248492241,249.173205196857,14.4827928543091,285.24748685956,117.599276632071,711.150124132633,73.5882831215858,122.601841747761,0.315739899873734,4.90193179249763,1.26202151179314,851.184226185083,25.5939791798592,424.573908001184,1066.32792410254,216.130929172039,927.24556094408,4142.54078125954,162.636288583279,1348.17531719804,6.59520295262337,112.67956379056,62.7444187104702,7.04939609766006,0,0,0,2689.41546240449,0,9.52340862154961,0.889932990074158,3750.31437891722,0.992687702178955,2.29540553689003,7.69413352012634,7354.48327621818,157.721260070801,0.398890286684036,2.85494613647461,17.7020361721516,2.10314193367958,99.0448613762856,40.191610455513
28.9214669167995,40.7686123251915,122.508399039507,15.8187740445137,4.46585020422935,236.350599527359,615.017714142799,479.706958085299,21.4040970802307,728.51418030262,0,490.430581390858,5879.60011029243,572.527674823999,27.0415412187576,11.3736971616745,786.118286967278,16624.3743255138,3097.23545491695,57.214949041605,271.438877254725,26.4474713206291,575.073336035013,45.9648426473141,100.942913293839,5549.36390945315,774.681440353394,221.988272368908,2129.96293571591,235.351858377457,576.069284915924,1774.74097967148,45.6056734919548,16759.5635637641,56.3017424046993,792.820834070444,2931.79290094972,8317.67645850778,511.238579958677,102.503157764673,13.2514972090721,1543.10672134161,15.3411087393761,337.039147138596,5.40954279899597,24.3392583727837,9.00952386856079,3.99242341518402,337.559867858887,0,37.5995278358459,4.77091866731644,0.371417194604874,1.1710649728775,0,3.24604654312134,0.795994222164154,28.0851982533932,1.24525773525238,133.698106586933,5.71160513162613,1523.68260589242,0,1.96560311317444,6.56334283947945,0,0,0,1.80876976251602,0.603028237819672,5.14953744411469,1.71450856328011,72.4349226951599,76.4189980626106,77.9438664019108,150.978078365326,24.6789267957211,0,0,254.327826172113,0,0,5.63962244987488,21.3941032290459
16.5681280493736,0.548569858074188,52.4432246685028,2540.71526485682,1364.54120457172,12858.8594848514,1577.62695899606,3083.09564507008,3815.65214550495,7340.9755679667,490.430581390858,0,715.847808092833,1309.1101655066,2506.97516542673,36.8636831045151,152.719789206982,411.478043317795,491.600090414286,9441.63575747609,275.724765837193,0.430785208940506,364.231805562973,923.664683014154,151.60653090477,636.077621489763,541.584963142872,2030.07118466496,1777.75170230865,190.413071870804,31.2437426149845,737.722016841173,11.176675349474,1669.78112256527,4370.3014318943,1945.79873991013,196.01005551219,1198.8236078918,452.783292621374,3529.978128016,415.346722513437,91.5870154500008,191.541176825762,16.8422671556473,149.667264670134,83.8809993267059,664.707969307899,54.7906924784184,64.0114492177963,0,1.52532339096069,0.611624479293823,1561.89196768403,36.0492327809334,210.754595011473,90.2055129110813,23.1180018186569,1187.95130312443,1090.08998441696,113.390908688307,2176.19014841318,8.91087478399277,31.7068885564804,90.3211514949799,39.8617326021194,0,1.54465508460999,1.84770154953003,1662.96717306972,16.8092293143272,7.44954299926758,6.67073768377304,932.480451375246,0.666898727416992,3.35381454229355,18.8137631714344,1657.03743627667,33.9620073437691,0,2.95711946487427,24.9372155964375,4.2618705034256,40.938572883606,853.995187401772
10.768866121769,3328.51173779368,79.7944483458996,30.1528418958187,207.01741451025,639.070689558983,1294.47221395373,754.611906528473,975.257395684719,1066.1037658155,5879.60011029243,715.847808092833,0,212.638717323542,191.271319210529,172.273494362831,49.5893241763115,37.7551757097244,43.0200901031494,160.371501892805,203.991973042488,1490.87016189098,448.336845308542,1109.32055923343,5175.99232372642,286.496311694384,2264.94740986824,1071.00431850553,301.811982691288,170.907909721136,1169.90905532241,683.734907448292,10.3906601965427,5249.00010436773,828.259212195873,10232.7852558792,5732.77870693803,9926.93017286062,2421.64400935173,3745.49828359485,609.032325178385,11982.9070940912,1184.60627874732,3080.75453400612,1514.80917721987,654.050662904978,1449.3022697866,583.876008480787,4962.80052864552,1.64783030748367,524.961712956429,13.9860210418701,7.24437111616135,28.5960694551468,223.294281840324,261.236979991198,111.51545676589,163.929694235325,386.722215861082,1775.27288264036,414.965090125799,10792.6405302882,147.918339371681,30.4347058534622,47.7010439634323,4.67211085557938,24.34487169981,7.19523215293884,84.7498953640461,16.7418726086617,104.853048980236,35.7971140444279,608.835583120584,1539.98697224259,677.47469702363,2679.60758247972,382.554318994284,129.204064279795,4.70113885402679,2458.98985189199,365.704207479954,6.00028124451637,410.031773149967,309.98295751214
9805.16760978103,2.98844817280769,692.957143843174,58.764477789402,49.9904922246933,1107.93162477016,40174.2644134462,27441.8797596693,40.8949075341225,5107.60525655746,572.527674823999,1309.1101655066,212.638717323542,0,100.177146404982,3.81755745410919,2992.79535645247,454.018946409225,738.998961046338,302.868817478418,1504.54951244593,3.53955438733101,4498.23787790537,139.967460185289,100.010151356459,832.218814402819,1196.63777288795,960.678963929415,20616.1488420069,17651.963044405,18.0934386849403,1142.0117893517,319.922301381826,1890.38141544163,109.733544260263,1353.23618289828,99.8378440737724,1091.00829783082,253.884773850441,282.885010242462,68.9278400242329,13.3821827769279,170.402883738279,6.73667231202126,132.202040761709,43.9571231007576,62.3172162175179,13.328452527523,28.7239541709423,0,6.47035181522369,8.90182855725288,3.47505521774292,1.33706533908844,6.05131417512894,97.2879551947117,6.36642649769783,36.4878685772419,23.1606828868389,21.6644175946712,25.1103249788284,1.71155142784119,6.62496995925903,10.7654896378517,17.9802631735802,1.63916516304016,0.534704029560089,0,17.1303426623344,5.37096950411797,0,6.08303633332253,696.791790038347,4.37253713607788,3.42077273130417,34.7435699701309,465.182576864958,21.1540922522545,0,0,3.70864862203598,1.56981015205383,39.9832394719124,19.2309786081314
4.79805952310562,20.030220001936,97.1309227049351,719.591472297907,5542.71459361911,6097.05779543519,1399.06642815471,416.918631911278,2099.73569869995,801.64580950141,27.0415412187576,2506.97516542673,191.271319210529,100.177146404982,0,204.830441117287,50.9730789959431,23.8241133391857,43.3398171365261,650.832881301641,979.632642477751,119.206465959549,1450.47523352504,2867.55505725741,102.199689030647,89.835460036993,642.586075991392,2777.71992373466,92.5016653239727,292.574039816856,0.761879682540894,233.048391133547,10.9782907962799,193.436223447323,8611.44586783648,797.775608539581,584.226757913828,304.326040774584,679.187459468842,6480.27697348595,559.110747694969,10.2866407036781,291.414168983698,101.342171430588,117.675272405148,372.820031285286,113.361601382494,16.9779421687126,33.1200552582741,0,3.58012521266937,24.256033539772,24.2866920828819,16.0892741680145,39.9161703288555,62.4083735942841,7.09642094373703,138.899708807468,70.7101559340954,26.6866137981415,172.481411278248,3.29568433761597,5.06778880953789,48.6420043110847,133.12292137742,2.44532835483551,4.2974226474762,5.1633323431015,98.060714751482,115.417328178883,32.0335025787354,119.153486907482,467.272045373917,0,18.6108862161636,132.25161716342,323.356000989676,19.713439822197,5.41777038574219,0.725920736789703,3.32415375113487,1.24493455886841,32.9950464963913,3091.74679213762
0.680445194244385,907.222634613514,83.5635920166969,0,65.0755895674229,2.28216031193733,48.165752351284,5.44823330640793,855.470872998238,4.39114880561829,11.3736971616745,36.8636831045151,172.273494362831,3.81755745410919,204.830441117287,0,83.1733148097992,9.73274573683739,32.2832714021206,0,7017.05993527174,12586.2083261609,8594.0153978765,2044.3200494349,199.357009857893,41.2002601027489,18243.2490482032,1414.81122416258,8.44407430291176,35.9353447258472,6.84292396903038,7.69346851110458,3.6432620882988,156.787870615721,764.535797089338,4349.01451092958,971.052407026291,1138.22773048282,1261.98713171482,86.7455334663391,28.4178685247898,13.7494069635868,2651.35891184211,254.192272365093,963.290851414204,610.998845607042,122.069920271635,32.4653518497944,5.79553714394569,0,82.8954127430916,94.470831990242,0,39.3842487335205,6.79824295639992,64.0852598845959,4.09856706857681,82.5523483753204,1.00960958003998,18.357967376709,1.06431400775909,7.06810683012009,11.9859631955624,137.978754281998,10420.0862703025,28.5483828485012,1.81820240616798,13.4482259452343,0,2035.06931316853,4066.63770705462,5681.27535155416,909.723524421453,0,57.8489645123482,2914.10081017017,1750.69772440195,53.0796123743057,23.81174659729,0.797047555446625,13.4002431631088,27.2931010723114,189.663839876652,610.828680217266
229.148105412722,14.406777381897,16682.7574392557,3.31868082284927,17.0682403445244,165.449834764004,1609.14087983966,1515.08311849833,7.07045736908913,271.037833631039,786.118286967278,152.719789206982,49.5893241763115,2992.79535645247,50.9730789959431,83.1733148097992,0,1520.71710208058,8145.88784557581,34.7980925738811,3794.04197853804,11.4124264717102,14999.5149555504,75.3867419362068,1.35863190889359,10818.9790998697,19030.768220365,879.441085994244,2590.37207895517,4363.81954815984,0,115.042968094349,438.273344904184,9540.92106029391,256.290512025356,2771.17081087828,1176.45618119836,2756.78283913434,1674.58063229918,70.3054343163967,38.8135894834995,5.04292571544647,64.9332150816917,11.1777513921261,21.1699138879776,26.5202867686749,0.961932957172394,0,0,0,67.7105455100536,157.231204390526,0,4.88789147138596,0,3.65078493952751,0,6.88863497972488,0,3.38495659828186,1.72997158765793,0,2.8720463514328,7.80649882555008,34.3417451381683,33.0689231455326,1.48179227113724,9.98825886845589,0,3.39389953017235,14.0511183142662,55.1230859458447,10.4695798754692,0,95.8663785755634,1066.18264007568,5.99958285689354,0,0.667710661888123,3.76873558759689,0,0,10.4407007396221,113.190066605806
16.3645025491714,1.43007278442383,442.379663825035,3.86947625875473,0.808655977249146,213.919421643019,650.595232874155,387.515235126019,9.24329799413681,603.093192726374,16624.3743255138,411.478043317795,37.7551757097244,454.018946409225,23.8241133391857,9.73274573683739,1520.71710208058,0,7850.1331589222,74.3516296446323,176.743513584137,1.23137331008911,681.097278416157,38.0381423532963,6.97246646881104,6523.04848149419,931.899099856615,184.053642213345,1143.73911353946,230.369943827391,53.6947473883629,547.038288533688,29.7649827599525,4299.72819322348,176.10978615284,1835.39805459976,1829.11144730449,4500.35129603744,1184.63167983294,61.1850282847881,8.96860200166702,7.61697447299957,10.6189465522766,6.27874660491943,3.05623769760132,3.4451048374176,3.55137360095978,0,2.74393701553345,0,7.15052333474159,8.25165683031082,1.18318319320679,3.45610982179642,0,0,0,5.58610677719116,0,0.690523505210876,4.23156899213791,17.1926282942295,0,4.17864763736725,5.00881087779999,0,0.952738165855408,1.62520164251328,0.809336960315704,0,3.67765855789185,2.86172720789909,4.75316813588142,3.28635489940643,80.2516397833824,265.066216051579,0,0,0,28.4812494218349,0,0,0.694864213466644,70.9667418599129
48.2538698911667,2.68480998277664,1920.3214315176,13.0725325345993,17.9569796025753,268.001718789339,1105.7545710206,550.232237905264,19.8772206008434,843.062096446753,3097.23545491695,491.600090414286,43.0200901031494,738.998961046338,43.3398171365261,32.2832714021206,8145.88784557581,7850.1331589222,0,82.9291727542877,1145.37966039777,4.25610318779945,2690.98987695575,86.7643008828163,16.4245259463787,11681.071271807,3691.52518543601,490.747494965792,1336.23355874419,679.527231574059,7.11041259765625,349.423387497663,134.109796226025,9235.09525495768,354.58416929841,3366.19125694036,1887.37091568112,3918.24177950621,2437.957020998,94.0828237533569,22.7068843245506,3.6631823182106,32.8061322569847,18.0443679392338,5.09967619180679,7.32125812768936,3.12116241455078,1.59962344169617,0,0,22.4830178320408,24.1295536160469,0,4.50644987821579,0.657955467700958,0,0,13.8645339310169,0,4.00974869728088,6.66192033886909,10.0053787529469,0,5.59038293361664,7.37924641370773,4.20513689517975,1.84486716985703,3.82263341546059,0.847563147544861,0.489855259656906,4.90289887785912,10.4876953959465,34.5168229937553,2.73998713493347,96.2624450325966,434.481705367565,0,0,0,20.6353546082973,0,0,3.41683948040009,139.779663234949
2.32101136445999,2.34465205669403,12.0465181469917,29852.8045070469,190.658412277699,341.270030885935,138.554062455893,847.597495645285,1500.26697701216,10794.5106895268,57.214949041605,9441.63575747609,160.371501892805,302.868817478418,650.832881301641,0,34.7980925738811,74.3516296446323,82.9291727542877,0,24.6967320144176,2.33305871486664,46.2212757766247,532.842041552067,96.3080403804779,119.245875924826,88.1449203491211,7573.22759670019,332.032509058714,21.4444843828678,5.91950070858002,89.7527152597904,3.93120867013931,239.828344732523,21.0224327147007,531.631531983614,27.0722352564335,220.088521033525,68.8157049417496,534.351597756147,84.6086800992489,17.3085780441761,58.4816202223301,3.2335567176342,52.2845915853977,16.5422316789627,332.69556209445,21.979437828064,43.7835710644722,0.628206849098206,4.26318567991257,0,559.301761806011,22.2498987913132,138.466200560331,220.043405562639,40.235760897398,596.797569125891,1868.73217615485,43.7063064873219,883.243910700083,2.54353612661362,29.1192604899406,30.54429474473,0,0,1.5234862267971,0.380095511674881,1435.82070893049,2.04333704710007,4.84287428855896,0.54988032579422,1312.05623343587,0.758451163768768,3.08185285329819,7.90094423294067,2799.45943459868,60.3318449258804,0,0,11.0449818372726,0,23.0609161555767,3.65762674808502
79.3533374667168,19.582727253437,2355.16035869718,0.636819243431091,426.160147368908,145.69564256072,11936.909157455,1434.36687290668,155.602735698223,211.57997572422,271.438877254725,275.724765837193,203.991973042488,1504.54951244593,979.632642477751,7017.05993527174,3794.04197853804,176.743513584137,1145.37966039777,24.6967320144176,0,634.919746041298,51770.0076915026,731.013805091381,21.9229730665684,839.974017903209,6720.95957219601,20695.3382903934,1333.93907743692,42211.4079546928,6.09562286734581,65.1791171431541,527.94694930315,11650.457952708,3304.64910164475,12021.6534935236,1216.36882042885,14862.3368748426,7897.84492352605,481.182028800249,147.605545580387,18.0602344870567,2241.77055206895,135.699745833874,794.48798045516,500.959633618593,119.46994125843,45.211797773838,6.49687647819519,2.17510116100311,15.3498076796532,90.516648799181,0,82.4804560244083,3.87074801325798,41.1036733984947,4.10191112756729,25.4578682482243,3.04929029941559,33.3889950215816,0,0.503119289875031,10.3750082552433,186.843578189611,3714.89827689528,19.5894375443459,1.05087542533875,6.53024274110794,0,1626.18778541684,972.160536438227,1689.95501798391,567.573517471552,0.740715503692627,23.6183513402939,1218.06090021133,1188.11604431272,56.3987825512886,15.0612542927265,0,16.3392718136311,16.9549245536327,159.223372489214,1205.57688692212
0,4107.41795516014,18.6611318588257,1.19815468788147,35.422460258007,0.665632486343384,12.0931824445724,1.98833534121513,12537.4042535126,4.54101371765137,26.4474713206291,0.430785208940506,1490.87016189098,3.53955438733101,119.206465959549,12586.2083261609,11.4124264717102,1.23137331008911,4.25610318779945,2.33305871486664,634.919746041298,0,1278.60257264972,13546.6673921645,2168.02656066418,22.2818835675716,11731.5319986641,684.453116565943,2.1418833732605,1.45854526758194,68.3400686979294,2.48170977830887,1.16682374477386,21.6652555763721,41.6935394704342,266.003295391798,92.2072112262249,108.321724206209,76.5061808824539,40.005101621151,4.71977609395981,139.482576102018,689.984521210194,114.718589961529,303.777967214584,215.992737859488,25.7565754055977,13.0760566592216,80.5313036441803,0,221.447113931179,100.050025194883,35.3200429081917,8.53713065385818,5.07456541061401,42.4012916386127,4.78667843341827,451.663311898708,13.2338742911816,19.281586676836,3.87524998188019,40.7140945494175,8.84487009048462,31.2600315213203,3778.96146947145,37.5564932525158,0.720416218042374,13.7290465533733,8.88829797506332,438.949678480625,5491.88672623038,1640.81519377232,1179.49085593224,12.1288894414902,66.4735926687717,4799.89332401752,844.678954958916,19.7171623110771,13.4302355647087,4.95588314533234,4.77541965246201,6.90114444494247,68.8451932072639,149.758348375559
317.2280395329,57.5483999997377,50825.5883963704,1.04366660118103,687.906118422747,281.138746082783,9150.70887833834,2931.88741871715,175.49782037735,356.039579451084,575.073336035013,364.231805562973,448.336845308542,4498.23787790537,1450.47523352504,8594.0153978765,14999.5149555504,681.097278416157,2690.98987695575,46.2212757766247,51770.0076915026,1278.60257264972,0,1100.88056126237,16.7964766919613,9324.03807774186,46443.105360359,7609.08419001102,2548.34102343023,24070.4128396809,16.2171404063702,121.727227717638,629.718339264393,15509.1284893453,7157.59082502127,41756.3644419014,9121.83834022284,29211.6497223377,21593.0300569236,573.854754060507,293.343830168247,41.6216376721859,2495.08684024215,348.713519901037,1059.95083382726,1212.84047198296,113.933280408382,25.1440206170082,6.73089674115181,1.74687179923058,108.964267104864,1238.52305623889,0,131.649015277624,2.24095296859741,213.171736776829,16.4875448942184,27.6098302006721,0.510488569736481,29.8146992623806,1.5252693593502,0,26.4242947697639,169.714972347021,11389.0112956762,168.756243884563,14.4448637664318,56.7373225390911,0.50226879119873,1376.68341943622,2913.71454548836,10758.3017710149,462.96544495225,1.5175746679306,187.680342376232,13305.059182018,1563.76252606511,19.5016520917416,34.0871267318726,0.580428242683411,3.12584215402603,13.3688616454601,263.076241821051,3364.84596559405
2.01545348763466,1844.11946713924,152.27774015069,3070.79432526231,699.729929178953,132.886041074991,1842.85509809852,174.793702811003,29282.6986204982,305.272303044796,45.9648426473141,923.664683014154,1109.32055923343,139.967460185289,2867.55505725741,2044.3200494349,75.3867419362068,38.0381423532963,86.7643008828163,532.842041552067,731.013805091381,13546.6673921645,1100.88056126237,0,1354.53092443943,218.045208960772,8944.71163091063,20236.9082477093,551.481212049723,72.5897517204285,43.6757396459579,76.385658621788,194.03500393033,566.27397865057,669.535758376122,3197.05532258749,370.083566367626,1458.12132367492,955.416947901249,1459.06313571334,204.482230991125,71.212823599577,5437.00935807824,114.379675596952,3677.09631744027,797.651576340199,1199.15829318762,382.533535718918,151.949370324612,9.94873705506325,162.331226408482,36.2062973380089,271.360151529312,85.5564559996128,323.310672819614,2264.463840276,543.55220580101,3883.74015617371,1099.17987793684,430.011239379644,216.741507291794,32.4123138487339,545.800956010818,576.364856392145,2632.67406308651,9.33314666152,35.0799390673637,40.1738458573818,572.222650140524,939.697661399841,1718.34497529268,851.919329881668,30412.9752244055,10.1509958207607,94.8038116693497,1037.30210828781,13830.6282782257,1366.96595960855,16.3028572201729,4.60994201898575,315.939792811871,116.756936758757,1119.06607788801,668.021668434143
1.58688592910767,5167.4465726614,1.24156016111374,19.0667481720448,155.571135997772,241.586904466152,207.174216717482,157.628418117762,1326.62182462215,274.949674814939,100.942913293839,151.60653090477,5175.99232372642,100.010151356459,102.199689030647,199.357009857893,1.35863190889359,6.97246646881104,16.4245259463787,96.3080403804779,21.9229730665684,2168.02656066418,16.7964766919613,1354.53092443943,0,408.492141485214,8191.25290751457,599.560503393412,75.009490609169,3.12034434080124,289.700025498867,138.563261985779,5.26470565795898,214.813916176558,15.260209441185,628.478179723024,851.975157797337,304.333274573088,112.950402349234,2621.49681404233,114.940685212612,1290.7965337038,619.058621406555,559.085604310036,345.87119781971,82.7361546158791,1551.45925927162,44.7398904561996,1038.90151029825,0,1084.85863396525,5.03535017371178,4.52242040634155,14.1532281041145,83.9474264979362,113.368838310242,63.5228000581264,62.8791115880013,42.5687461495399,209.864791572094,121.665967285633,2020.94476950169,64.1178655922413,39.2893251776695,11.4231841862202,10.8957442045212,14.0566900670528,8.58693477511406,32.5659923553467,2.72437262535095,49.2889523506165,9.24077039957047,277.832191795111,2089.19029733539,671.824586778879,4329.59643891454,281.447594314814,79.9371661543846,2.9985266327858,651.310196518898,97.4049466252327,2.33833503723145,95.9478368461132,42.2414084672928
46.826423227787,71.7828080952168,23438.8379540145,8.23177853226662,30.3385325074196,328.359812021255,1618.93605533242,792.557312548161,27.9538510143757,1004.68213877082,5549.36390945315,636.077621489763,286.496311694384,832.218814402819,89.835460036993,41.2002601027489,10818.9790998697,6523.04848149419,11681.071271807,119.245875924826,839.974017903209,22.2818835675716,9324.03807774186,218.045208960772,408.492141485214,0,37706.099289149,618.46671551466,1498.590744555,905.926950007677,270.875503182411,664.764982789755,75.0061242878437,7191.90122377872,1013.50912564993,10349.0683247149,15490.7066154182,13728.4712996483,6088.98978924751,129.209954708815,45.8918517529964,108.388403087854,228.586023420095,689.294579386711,119.782944694161,171.544722139835,15.3466902971268,2.80347782373428,182.075372219086,0,805.904029846191,394.90776014328,0.352584570646286,21.5322717428207,0,14.153075158596,1.12304508686066,62.8788076937199,0,191.054189473391,3.11489948630333,2596.05292564631,4.03985086083412,13.5341278910637,31.1554835438728,171.265036314726,43.9655455350876,159.401134073734,2.16253209114075,13.9390529990196,67.3342554867268,67.2522321790457,56.7325107455254,411.53322404623,4888.02002665401,15683.8063458204,13.4942146241665,4.84880650043488,22.2492017745972,2291.42249587178,0.475286185741425,0,59.6071129441261,396.994300693274
83.6296173036098,12835.2652485073,17650.9493401945,5.22362756729126,223.033957570791,237.0853728652,2161.38980579376,810.91135814786,3635.91346418858,755.970061540604,774.681440353394,541.584963142872,2264.94740986824,1196.63777288795,642.586075991392,18243.2490482032,19030.768220365,931.899099856615,3691.52518543601,88.1449203491211,6720.95957219601,11731.5319986641,46443.105360359,8944.71163091063,8191.25290751457,37706.099289149,0,3964.55589812994,1251.98191469908,1564.15084019303,398.00794839859,145.025865137577,277.056048631668,10818.2693791538,4681.05726179481,47703.9398073554,20266.8650230765,22897.9700537324,21157.0965060294,256.663321763277,217.844778805971,98.4845160543919,4677.76732966304,2760.24406531453,2268.97189104557,2303.41313517094,65.6695138812065,17.3084835410118,335.838048994541,4.76631259918213,20152.7897117138,6633.56444710493,11.6946685612202,80.1017298698425,0.415119856595993,485.667717605829,37.2833141088486,275.60832592845,2.31462705135345,383.052090659738,12.0306439995766,5888.32380369306,95.6102825552225,95.1257498562336,5317.11864861846,2002.84860745072,217.396264374256,1373.71797974408,1.5926718711853,641.176041156054,5181.60551208258,7587.70309203863,841.534527510405,2011.79418721795,20783.2794666737,150726.196904182,1204.8910446465,63.1619594991207,215.20166657865,4764.2031018436,2.0825874209404,7.71292024850845,1075.85497148335,2635.23219063878
20.7912756502628,54.2905830740929,2139.40778413415,12920.7581675947,825.798512935638,2535.96439769864,56801.747364819,1614.65205046535,8413.39663109183,10791.6690458655,221.988272368908,2030.07118466496,1071.00431850553,960.678963929415,2777.71992373466,1414.81122416258,879.441085994244,184.053642213345,490.747494965792,7573.22759670019,20695.3382903934,684.453116565943,7609.08419001102,20236.9082477093,599.560503393412,618.46671551466,3964.55589812994,0,2341.93430444598,13586.9321401417,12.4297884106636,470.37459820509,977.044811636209,4926.32169571519,2843.32567584515,11769.5598885417,1007.60458171368,9212.39561200142,4523.28333953023,2353.11079284549,707.838477641344,82.1175448596478,5651.90684103966,147.254150062799,3831.56041714549,989.544658899307,1580.60017338395,428.823419958353,252.463536888361,8.30522525310516,35.4724254906178,110.541742056608,873.529612332582,128.938408046961,736.022165894508,3741.77371889353,905.654169887304,2711.66832891107,5083.00982448459,583.25106421113,1067.04893288016,23.2565668821335,791.430521190166,537.146178156137,2038.62231221795,16.1923043727875,5.75084936618805,16.9861497581005,3238.06445488334,984.012297987938,745.371278375387,854.801414132118,23800.7375344634,9.30504655838013,31.5648652911186,1158.16074955463,19665.2198499143,1437.15880465508,13.576672077179,4.47722759842873,375.589994579554,90.681713193655,1090.72453835607,1093.80892187357
7641.09336778522,0.679634928703308,379.663444757462,62.4068595468998,42.4635154902935,972.119511693716,10751.7257349789,3650.50356721878,74.857750326395,4308.02653557062,2129.96293571591,1777.75170230865,301.811982691288,20616.1488420069,92.5016653239727,8.44407430291176,2590.37207895517,1143.73911353946,1336.23355874419,332.032509058714,1333.93907743692,2.1418833732605,2548.34102343023,551.481212049723,75.009490609169,1498.590744555,1251.98191469908,2341.93430444598,0,20181.831754297,53.8145108819008,790.108573108912,4116.50864991546,5241.52480822802,84.4147091209888,1273.26178887486,145.242081403732,1636.68067972362,271.819329082966,259.584489047527,61.7523863017559,27.9572634398937,296.987557917833,7.22781494259834,137.927709877491,45.7901321351528,53.6843611896038,17.7093267440796,36.6622438430786,0,7.29945078492165,4.25571319460869,7.40287351608276,4.80787348747253,12.1833492219448,148.03235194087,10.8058474361897,51.2989789545536,22.7756730616093,27.0665257275105,47.8687471449375,10.1934007406235,6.89754179120064,13.4699373841286,16.4751587510109,1.04392364621162,0,0.414167523384094,31.5421234369278,5.69737464189529,9.09532296657562,7.95310899615288,982.367205798626,0,5.71718198060989,57.7967076599598,578.674667030573,22.8958803117275,0,1.00567924976349,0,5.10563266277313,47.9228558838367,10.8842086791992
3197.56416812539,0,1430.34915751219,1.05969941616058,139.252652257681,497.973282575607,12078.6932226121,6549.23362657428,5.54767996072769,284.228192836046,235.351858377457,190.413071870804,170.907909721136,17651.963044405,292.574039816856,35.9353447258472,4363.81954815984,230.369943827391,679.527231574059,21.4444843828678,42211.4079546928,1.45854526758194,24070.4128396809,72.5897517204285,3.12034434080124,905.926950007677,1564.15084019303,13586.9321401417,20181.831754297,0,10.9077937304974,291.12191799283,5642.20069786906,10937.580381155,520.490673780441,1478.77442109585,129.54618036747,7422.5023881346,1549.56759572029,377.22167506814,132.923599839211,15.3552146852016,24.5287303328514,1.78749668598175,13.2824679017067,24.8620507419109,6.09406581521034,4.06072205305099,0,0,3.14210015535355,17.5606909990311,0,13.9778709411621,0,1.00095030665398,0,4.38555392622948,0,5.30333814024925,1.35382378101349,0,1.26677572727203,2.27321511507034,8.82737708091736,0,0,0,0,5.578444480896,12.1175996661186,19.6725080907345,22.0340510606766,0,2.88535758852959,136.979013890028,8.13141858577728,0,0,0,0,0,5.21036505699158,171.449523925781
