0,0,0.00101469691953118,4.85712422024667e-05,0.000158128489613128,0.00114160626734258,0.468676733618822,0.0963923608975902,0,0.00573508177788177,0.00550264757715885,0.00181988819837362,0.00198830352697612,0.873322971094151,0.00068833522255438,0,0.0449196774078564,0.00239165886688782,0.00730470411442128,0.000963396400164826,0.00245927692705679,7.54408208847999e-05,0.015001818726242,0.000326486291713929,8.27347056275722e-05,0.00691697005137201,0.00391928057211636,0.00356419510649791,0.853736053879987,0.364196582405293,0.000354421433563444,0.001662528215082,0.00151430579949794,0.0131746933891575,0.00168008610735197,0.00537206090734813,0.000663400965743136,0.00775488237003558,0.00112199588053751,0.00260455950165388,0.000517977647856152,9.573155134846e-05,4.34121361323237e-05,0,0,0,0,0,0,0,0,0,2.392009813115e-05,0,0,0,0,0,0,0,0,0.000112077782572567,0,0.000171312769855427,0.00014084297916542,0,0,0,0,0,0,0,0,0,4.32441807483315e-05,0.00023686186300891,2.66810615035057e-05,0,0,0,0,0,0,7.25656436772287e-05
0,0,0.0037215677034006,5.38346660103321e-05,0.000210150026207489,0,0.00133433176162908,0.000146474067344078,0.206182861143638,0,0.00046951027989319,0.00074567314403548,0.00398972679433377,0.000188768337955642,0.00280073748608325,0.0484584847110468,0.00424664505334836,0,0.000373242460934705,4.4794663562733e-05,0.00546185827644407,0.251558338686178,0.00678453231348158,0.169090525688201,0.198294135148535,0.00373391885267418,1.10432267870041,0.0378208433270451,4.45610965305984e-05,5.87314559285581e-05,0.000618917848808536,0,3.69954473846554e-05,0.00120843379193786,0.000957243153706705,0.00657565956649012,0.00220598291591408,0.00253274383302948,0.0016407234838804,0.00353489330097532,5.83568651591241e-05,0.000153665210507012,0.0134635383283344,0.00192405553802383,0.00479511257758098,0.00759769870554783,0.000194693641547754,4.4148882328999e-05,5.48505160708844e-05,0,0.183138627091135,0.000684642265068859,7.92639146611692e-05,0,6.07150843212425e-05,0.000235545295068383,3.55238202926337e-05,0.000769744864206935,0,0.00130372078849898,0,0.00208783713637174,2.63859851817459e-05,0,0.00245498914932641,0.0148273903531426,0.000347237199407065,0.00574504637845755,0,0.000160668121286541,0.00365765225984746,0.000841536220867735,0.00239945548077488,0.026661141859306,0.0479872023079307,0.419376484763607,0.00158599923870903,2.5143953203994e-05,4.24409793872952e-05,0.00134033145769924,0,0,0.00418099534479767,0.000896898894768067
0.00101469691953118,0.0037215677034006,0,3.31026635157466e-05,5.5872040299815e-05,0.000798195103148592,0.312883081991759,0.0424171594849772,0.000327270283514893,0.0082003435568625,0.00184991856928996,0.000322081234792998,3.25135087432176e-05,0.0374547999661531,0.00193155945830505,0.00818566670510742,0.251209992780358,0.00335045796017621,0.0314955888330013,0.000487173968228271,0.563412766873831,0.00207435008163519,2.54813270423811,0.0119158619532648,0.0001612061150612,3.7676339503361,2.56426535125865,0.412280169067861,0.00804668740763277,0.0786216991226724,0.000127235853808352,0.000347229396882042,0.000720263991941151,0.0412034345679849,0.0154339391866563,0.188415672816328,0.249929145047221,0.0881928834112225,0.0661052043912436,0.00102522538243699,0.00225841585797799,0.000886803440477851,0.0728997645494513,0.0100727113276592,0.0368318127603126,0.0564374294768175,0.000640415761855656,0.000454724301488346,0.000143538789605928,2.59229273878634e-05,0.0469180419767046,0.00423549001442087,0,0,0,0.000381740908577835,0,0.000664923471211615,0,0.000268654043640563,6.01365104596317e-05,0.000422458962608296,9.1309530620688e-05,6.7942209538132e-05,0.00575543995268474,0.126826048049914,0.0022621025543122,0.0844622752499186,2.41342577682227e-05,0.000462370332512301,0.00486427681384881,0.00211954271528028,0.000839610184197082,0.000657382584049514,0.246072888750295,0.56261992390283,0.000647561185569933,0.00024582126617741,0.00101510929678359,0.000192552014740875,0,0,0.0275765499108895,0.00577135353617906
4.85712422024667e-05,5.38346660103321e-05,3.31026635157466e-05,0,0.00217699035691612,0.00584099075460041,0.00285378409054426,0.0165410549475961,0.204422177292039,0.281755591842573,0.00138563918782797,0.0680505900043272,0.000840419174949073,0.0080834464008989,0.0230894115376403,0,0.000191127631079132,0.000207222207500643,0.000328190711890214,3.43078238470543,3.97957647018313e-05,0.000334182868490678,0.000303535426328185,0.479339535439378,0.00014930685351364,0.000577180185852724,0.000199057366173971,0.669429242903789,0.0098274919276959,0.000291863775022969,8.68346596885976e-05,0.00262371068953437,0.000117870495415557,0.00924260768864307,0.00427968477272731,0.0434838731126246,0.000411812261773145,0.0130144541067337,0.00146342363156589,0.0606916133824538,0.00387096975685036,0.000265538490398803,0.0102093089505684,0,0.00320472838937757,0.000526947001472416,0.032687054339636,0.00108898036876964,4.96647348873317e-05,2.41217789458126e-05,0,0,0.0902662141524228,0.00143842016077049,0.00334552358378401,0.024363960156885,0.00851802306314519,0.0234842461158613,0.0139094074791716,2.63510575230628e-05,0.0435424888220403,0.00131539633780568,0.00320175056842065,0.011388363807426,8.05369980362174e-05,0,5.97641089191466e-05,0,0.060105945158122,0,0.000108249932060408,4.61896959036827e-05,0.139065396362071,0.000195696180139732,3.31563115820557e-05,4.50717412484765e-05,0.120778495087078,0.00231498231213477,0,0,0,0,0.00297482585910025,0.000262032721771467
0.000158128489613128,0.000210150026207489,5.5872040299815e-05,0.00217699035691612,0,0.197048300273568,0.00835656248228538,0.0682038686930931,0.0465599492257599,0.0418161434286965,0.000300610770807159,0.120382838193593,0.000145242264087484,0.00100118867688465,0.523125009154308,0,0.000466663603968162,3.516143442024e-05,3.57219552955627e-05,0.010445841026998,0.00195712706535586,0.000923030996786067,0.00239291386031839,0.00992831649735802,0.00023695957392759,0.000141324348652885,0.00072819716414718,0.00711386535938493,0.000526075116585875,0.000945566660879273,0,0.0396374232808973,0.000181256797766313,0.112238272201039,0.0324033241675775,0.0347181088577759,0.000361615015966577,0.00210544656139544,0.000768279896110214,1.22758753047878,0.206457188423007,0.000946077559956425,0.00051839969728294,0.000112487418397271,0,0.000224171963709149,0.00279117251436013,0.000120584165355384,0,0,0,0.000199058200994146,0.000730616620847567,0,0.000219135643599093,0.000187002669371036,0.000393226492814478,0.000542837564365599,0.00041173237122159,0,0.00298560330929731,0.00183515406793853,0.000243204217976814,0.000388206664750904,0.00016524291845439,0,0,0,0.000745044111381511,0.000143158494231963,0,0.00031152221399036,0.00520241048621057,0.000468583851247859,0,0.000312734729422492,0.00356718307356357,6.54783204035282e-05,0,0,0,0,5.12504888541341e-05,0.0084495426206912
0.00114160626734258,0,0.000798195103148592,0.00584099075460041,0.197048300273568,0,0.114591233737437,1.36933690688813,0.0019753214906173,0.886083665653578,0.0208192903551027,0.326747001278333,0.00925667607606107,0.0450989354591584,0.359191620175891,0.000112377813465107,0.00601888212918529,0.00519797272129605,0.00368440962261057,0.025760647298387,0.000617822738659581,0,0.00366130287412321,0.00904523340255465,0.00015788266115967,0.00990838355690776,0.00279221853099556,0.103732020932837,0.0171239139346441,0.00712943809058454,0.00149092912147259,0.0549183452883815,0.000755187870019308,0.0146456773902839,0.320900139179091,0.113954427983682,0.00271228649713893,0.0312835020652936,0.00570917211630825,0.283145820295611,0.0304155226153639,0.00334893437422433,0.000181201164828077,0,0.000166883544455624,0.000250600924737829,0.000349596522966707,0.000157016226518387,0.000147277796989757,0,8.00338884400246e-05,0,0.000172426959123802,0,2.38202262456626e-05,0.000145470291739914,0.000101833617242611,0.000611861744330969,0,0,0.00187058457098846,0.00278005650979786,0,0.000241714072660178,0.000753480412749831,0,0,0,0,0.000108998709233254,0,0.00017157629475739,0.00421729404995973,0.00114024524522772,0,0.000173441226504439,0.00116465406752512,0,0,0,0,0,4.5706348066324e-05,0.0207409285853854
0.468676733618822,0.00133433176162908,0.312883081991759,0.00285378409054426,0.00835656248228538,0.114591233737437,0,2.10410237783614,0.125483623682818,1.75630945773063,0.0481089849706961,0.0291606006466996,0.0171725107606065,3.35313054801085,0.154828734773696,0.00400416126779063,0.369082142642102,0.0234210911304414,0.0783537873591726,0.025022377970128,0.0876964582625653,0.00393022893652621,0.656023541858537,0.189805751212614,0.00103506600786872,0.442618699446875,0.184526505247107,4.01327459171375,0.841743758798142,1.07034670873633,0.00517298649910292,0.0473641838572058,0.138075953105029,0.427258919115807,0.383347016327939,1.10097456694582,0.0387959228909898,0.537901344253469,0.135757383798873,0.153253801696002,0.0982277258467577,0.0155881051218695,0.0545930956197063,0.000850272827053964,0.0174322275346833,0.00875882239681654,0.0328966456993995,0.00609826005549867,0,0.000263743396577034,0.00174128895275265,0.000465772372558862,0.0141079601595915,0.00108545503839246,0.00303221450786405,0.0752180399945583,0.0234411180859918,0.0423030617789004,0.0139810930180272,0.00019450734838205,0.0182426977532491,0.0168364453900129,0.012090791542397,0.00665672434479792,0.0165491043163352,0.00590725291245013,0,0.000627420109666738,0.0111837140526408,0.00149779058240869,0.0044261161338018,0.000896925004638651,0.403493316918416,0.00540716206514291,0.00281579305922841,0.0285381224637648,0.306750888298395,0.0144238559399554,0.000140542780874044,0,0.000266428334789166,0.00119846188885956,0.0147259595431565,0.0239421417600584
0.0963923608975902,0.000146474067344078,0.0424171594849772,0.0165410549475961,0.0682038686930931,1.36933690688813,2.10410237783614,0,0.00593225922250373,2.29447094293813,0.163341883360971,0.338149706231103,0.0607079462630771,1.99157868117376,0.0949498093509099,0.000765434933305759,0.320399018509355,0.0493125019402925,0.0992872528412273,0.123402590270001,0.0152955526767263,0.00032248085060159,0.146320300265944,0.0238232295829851,0.00161226404669874,0.184279694885334,0.0775918966864441,0.223963065255566,0.210677423885763,0.409972083757392,0.00949687972205711,0.117385405286752,0.0162655892952627,0.151494678454846,0.381026557058474,0.506715535808251,0.0248718968442075,0.213639661174036,0.0438029165715888,0.380205814425481,0.0684754939813077,0.0153576454230416,0.00188003008516214,0.000583878887290818,0.000765066003660637,0.0017447163656801,0.00125738021624072,0.000443594452824837,3.3812891127795e-05,0,0.000252284830947518,0,0.000189325049963915,0,4.64489901804864e-05,0.00207716942806953,6.6999577989766e-05,0.00211360898739604,0.000196876802832359,0.00101469026270988,0.00559067354262951,0.0125718879458336,0.000164027463759559,0.000437620001368922,0.00340908607449793,0.00026918254568375,0,0,0.000290076618514895,0.000456405807590032,0.00057408322475195,0.000515675929062608,0.0199348288221834,0.00481016035254914,0.000276155007266995,0.00396206903235751,0.00896155864158157,0.000201417033227331,0,0.000223508366456312,0,0,0.00047912865836741,0.031793478598756
0,0.206182861143638,0.000327270283514893,0.204422177292039,0.0465599492257599,0.0019753214906173,0.125483623682818,0.00593225922250373,0,0.0511641239634109,0.000875069099395105,0.247332165610579,0.000809657386336701,0.00218884827529891,0.307145857419626,0.0188886462445095,0.000968386637766407,0.000107899294542771,0.000264525120884657,0.0719268448598738,0.00720951518314264,0.662824649026574,0.00506697450470507,3.08030641655762,0.22222890834223,0.000604931791182321,0.135624890462828,0.974834579468272,0.00329092924228433,0.00160795381795807,0.00016371086907818,0.00209576834761997,0.000262796623537954,0.00329493953144091,0.00640547771491673,0.0635564718691662,0.000896288149893557,0.00634074533677587,0.000628418628512612,0.408448190500377,0.00215768235980539,0.000822638431346565,0.0294841610176182,0.00109853503568121,0.0089456185025445,0.00463486668833814,0.0703755760101012,0.00256767073080874,5.34157471592009e-05,0.00025037461890201,0.00254314835774944,5.7753590185976e-05,0.0274389524473358,0.00413552277029451,0.0101941850656536,0.0507872081741349,0.0198879512583695,0.239972703103798,0.0261144516780963,0.00106243585688905,0.0592004286277387,0.00322694577175697,0.0117041779688996,0.0403284552943711,0.136798605959852,0.000706042641118169,0.000832988734061342,0.000167408044144794,0.021545482050744,0.0128002621529894,0.0956231514335634,0.00886808992249418,0.542382688248583,0.0020227518510459,0.00192892176569721,0.00664904282304646,0.29015908943474,0.0110412635533118,0.000797131940089416,8.41243072893619e-05,0.000254878597665676,0.000919334186953279,0.00748438870448259,0.0073541300059521
0.00573508177788177,0,0.0082003435568625,0.281755591842573,0.0418161434286965,0.886083665653578,1.75630945773063,2.29447094293813,0.0511641239634109,0,0.110685111474829,0.908527315522498,0.0491794014541005,0.506134899247297,0.213728849220061,0.000302564645687038,0.0175306855608956,0.0300857594044512,0.0292844762047311,1.99759734129947,0.00363417403594825,0.000300903225271806,0.0190540442416815,0.0906450841731165,0.000914770594637469,0.0683933975587503,0.017020572612599,2.082138672546,0.329263161149875,0.019734703247071,0.0101922824909083,0.0938210424895949,0.00733444710718837,0.27261562603363,0.101479448457373,0.55785497247379,0.0175332004479772,0.345944460551878,0.0361070848653242,0.337717884281948,0.0741593010931603,0.0125374076442379,0.00782333208719393,4.06931094297051e-05,0.00197417356722221,0.00103715059515234,0.0187969198951322,0.00101644694175953,0,0,0,0,0.0073169694663558,0.000452799608356413,0.00159281028433299,0.0180649514547578,0.00351256861811529,0.0105771597254018,0.0104505376666052,0,0.0220491187967452,0.0083645820692496,0.00176341425707552,0.00707138230201719,0.00208751750677119,6.31898761203736e-05,3.70607938034713e-05,3.26393078823745e-05,0.00765932243727941,7.79911791278597e-05,0.000628746654143161,0,0.0862366491740866,0.00298388040568059,0,0.00048601841622903,0.0667599152637632,0.000949417081972317,7.5745930266738e-05,2.96545213946164e-05,0,5.38119171605587e-05,0.00159107528669378,0.00341593578055724
0.00550264757715885,0.00046951027989319,0.00184991856928996,0.00138563918782797,0.000300610770807159,0.0208192903551027,0.0481089849706961,0.163341883360971,0.000875069099395105,0.110685111474829,0,0.0514458394665495,0.773433312550414,0.181651517655677,0.0041939526278687,0.000354071167801666,0.0227840211104468,0.957802549166171,0.16568936028752,0.0225132820686345,0.0056884580341853,4.33263757514119e-05,0.0108493737074987,0.0034134134170522,0.0817520108524692,0.385457942659834,0.0533452949301915,0.0184240766630322,0.250627285427307,0.0202467884612924,0.130552502597133,0.0978449825995966,0.000750382603784813,0.85512941212821,0.00651836789926435,0.0776875560997635,0.183502557491728,0.499772521447942,0.0388308847892571,0.0130397217068061,0.00333352950057823,0.113403913089058,0.000428033552592391,0.0105400651148592,0.00165846712798736,0.000213008037425208,0.000150209374561402,4.38360073802233e-05,0.00935749709121535,0,0.00199215373066807,0,0,0,0,0,0,0.000821012910372878,0,0.0934459024519655,0.000610824162857732,0.102331046433188,0.000149123823538256,0,0.000122766550518108,6.73009980752527e-05,0.000380001760751867,0.000124476579642444,0,4.59607116864681e-05,0.000282908713354182,2.45061266760439e-05,0.000772214466642115,0.0329150461208871,0.0311341738542972,0.0275855013615263,7.98461191209378e-05,0.000429576304624128,0,0.0420430996329125,0.000266678343865532,0,0.000560617890558019,0.00170913726898702
0.00181988819837362,0.00074567314403548,0.000322081234792998,0.0680505900043272,0.120382838193593,0.326747001278333,0.0291606006466996,0.338149706231103,0.247332165610579,0.908527315522498,0.0514458394665495,0,0.0280024254685472,0.10555082263884,1.1514557414725,0,0.00301013825900951,0.013891135035182,0.0102899245130096,2.43930597034582,0.00131590402152075,0.00220316137590276,0.00225111622732448,0.0727437560617589,0.00180110767499893,0.0242927917239077,0.00696367020720265,0.0966029615310319,0.0523797732256934,0.00455645690559072,0.00583939265768687,0.0431545783749668,0.000150750320642826,0.0536329428611558,0.643329175899083,0.241114268032324,0.00966254637697077,0.115612178914223,0.01280291400493,0.674871159404603,0.0208581772593411,0.00774815037144698,0.00746330709495152,0.000123593844267637,0.00187303464863198,0.000924892293586936,0.0389933744120754,0.00063349826796332,0,3.02786777421981e-05,0,0,0.0208000592157983,0.00142016705678157,0.00689833039520584,0.00685381073749649,0.00960243702425497,0.00902820289053826,0.0130746611203659,0.00150572782436308,0.141862265589303,0.016064377538664,0.0082178972728576,0.0156066432169437,0.00222402059933961,7.04609272269487e-05,0.00100745363706548,0.00020582534899056,0.0271935585047356,0.000175480118253511,0.000460515796885246,0.000475540499076015,0.0589413538608128,0.00477531454972346,0.000725813276438686,0.000612494996740043,0.0486274792504961,0.00411497406300464,0.000103885318263745,9.82373336725829e-05,0.000178905772406173,0.000138489792838472,0.0023794059829057,0.0505445903281967
0.00198830352697612,0.00398972679433377,3.25135087432176e-05,0.000840419174949073,0.000145242264087484,0.00925667607606107,0.0171725107606065,0.0607079462630771,0.000809657386336701,0.0491794014541005,0.773433312550414,0.0280024254685472,0,0.0528296847410437,0.00173801742510081,0.000161484760208782,0.00180890733467522,0.0281650171242178,0.00471080853611672,0.00867094394450565,0.000276409790471238,0.000400242332436669,0.00098775131568862,0.00206645370238917,1.11137576574002,0.0137420438739831,0.209893775239372,0.00632636120254077,0.0654817237827655,0.00635461184554419,0.0268105498782415,0.0358057087622514,6.386331077241e-05,0.327919188356579,0.00284123164090792,0.0354464032197752,0.23071043328037,0.3296208174964,0.0130468664826651,0.00576249550931157,0.00299218967524558,0.227046208146485,0.00164501321604656,0.0557909124730178,0.00417934521619492,0.000852180158535069,0.000804140703306217,7.63714453711155e-05,0.0397028667323404,0,0.0218007437939119,0,0,0,0,0,9.35181365285483e-05,0.00447398066594181,0,0.565680834937892,0.000392537757473919,0.848829400396166,0.000380986665941655,0.000120064168042732,8.06245345840124e-05,0.000168727673092631,0.00173627688373388,0.000209198037716326,0,0,0.0019809841584779,0,0.00143028209673574,0.339159568320026,0.162290843392978,0.215104862107319,0.000306019696814722,0.00157126973023661,0,0.299451468467416,0.000384019871999574,0,0.00270061316097529,0.000160176453509572
0.873322971094151,0.000188768337955642,0.0374547999661531,0.0080834464008989,0.00100118867688465,0.0450989354591584,3.35313054801085,1.99157868117376,0.00218884827529891,0.506134899247297,0.181651517655677,0.10555082263884,0.0528296847410437,0,0.0134827916186355,0.000430065491854692,0.494814610342337,0.074577284208706,0.14229941128998,0.0936852361262045,0.0212090581944534,0.000294836258783198,0.171367797901227,0.0116136307356253,0.00169936948813759,0.213320382611014,0.0828993069649824,0.129024142489112,1.28806291410492,0.998587919697574,0.0129622488575246,0.0810759503170518,0.00838405554554592,0.22769603785805,0.0281672536835575,0.135330210998057,0.0150804250678345,0.138217313453128,0.0185946568781839,0.0339673486804787,0.0143731276550349,0.00471007621185816,0.00144552500004979,0.00013322047311312,0.000352649462521318,0.000510391713014755,0.00025818106584025,0,3.09055798655122e-05,0,0.000720071244137165,0,0,0,0,0.00101980244275533,0,0.00139788271921532,2.84542565137535e-05,0.00125407425877869,0.00240990470533239,0.00410201820825876,0,4.31831127829134e-05,0.00100096015573175,0.000592441557389143,0,0.000142118860492462,0.000124689006592852,0.000143525032465124,0.000339027808249587,0.000138009684277314,0.0103100284959392,0.00149992272183212,0.000918454256052498,0.00506646476002769,0.00372254642570347,8.56410624990822e-05,0,0.000128267341529113,0,0,0.000323742833477121,0.00179371932296169
0.00068833522255438,0.00280073748608325,0.00193155945830505,0.0230894115376403,0.523125009154308,0.359191620175891,0.154828734773696,0.0949498093509099,0.307145857419626,0.213728849220061,0.0041939526278687,1.1514557414725,0.00173801742510081,0.0134827916186355,0,0.00592690623379593,0.00516254777284391,0.00157488949312407,0.00267867682819951,0.0843499813097931,0.0661416941202191,0.00692918083563359,0.0450261384855062,0.0841353797941409,0.0034359322456052,0.00884148943418163,0.019609447362795,0.177349756697142,0.00881786363407636,0.0473385817225144,0.00106057969944989,0.049054695907633,0.00248860725560203,0.0069954278362795,0.193967524098932,0.0861130531058061,0.0210876745279035,0.0285418372613635,0.0122203624099754,1.05960806396592,0.0126434342349448,0.00222048872953773,0.00422848658622675,0.00101929015448524,0.00130495753110827,0.00370571604225798,0.0166321455596699,0.000461199584177059,0,0,0.000124898881254494,0.000131015565197754,0.00379994309329601,0.000879360905567637,0.000773215042102275,0.00485166970957913,0.00208539505039218,0.00730063228988698,0.0034922198176472,4.08333548711121e-05,0.0192111198882651,0.00604588338118416,0.0013351694732387,0.00518462907518672,0.00358502464164228,0.000211707839786553,0.000454803744193661,0.0001469083803662,0.00431825255390965,0.000990261626477394,0.0011614515842846,0.00240953392343001,0.0445221162808552,0.00178931628787088,0.000664235885922807,0.00211268999386789,0.029604886650209,0.000623568588524196,0,0,7.78872005358341e-05,0.000305570072234022,0.000686021790190253,0.0644961487128329
0,0.0484584847110468,0.00818566670510742,0,0,0.000112377813465107,0.00400416126779063,0.000765434933305759,0.0188886462445095,0.000302564645687038,0.000354071167801666,0,0.000161484760208782,0.000430065491854692,0.00592690623379593,0,0.0136573875166648,0.000479874470189425,0.00189631628325,0.000292474800344878,0.989639663278499,0.774944686089702,1.12148260060322,0.285711496749722,0.0334317201361675,0.00762959928018757,0.692838450814709,0.286347221811368,0.00025951816296545,0.0168086951717023,4.87600811349034e-05,0,9.42865211054562e-05,0.0122508319984824,0.0627134213453731,0.374339280775812,0.110449611103521,0.0694822570503415,0.0458830493417029,0.00198589226412272,0.00598155229936229,0.00592758558175753,0.0211508201324665,0.00275865130961842,0.00917137646588364,0.00873393748353002,0.0038084624484017,0.000485937258229136,0,0,0.010917087826338,0.00231379045850197,5.86643398648917e-05,0,4.52509493127465e-05,0.00691800507620847,0.000396229443163079,0.00255252408400009,0,0.000101230718373343,0.000116970489698374,0.0130469800508191,0.000446439428673363,0.000761833503851993,0.714598407005808,0.00376052341943111,0.000180927506861437,0.000828284494112119,9.15983044849276e-05,0.0312888106759175,0.182214742551593,0.106707871011939,0.0740556806824696,0.00806340655998596,0.00347051750409782,0.401900756547503,0.0512902333817477,0.000621108423470217,0.000371791589124486,3.04521681578726e-05,7.84131024620176e-05,0.000159706869335049,0.00334104835196612,0.0105201761111687
0.0449196774078564,0.00424664505334836,0.251209992780358,0.000191127631079132,0.000466663603968162,0.00601888212918529,0.369082142642102,0.320399018509355,0.000968386637766407,0.0175306855608956,0.0227840211104468,0.00301013825900951,0.00180890733467522,0.494814610342337,0.00516254777284391,0.0136573875166648,0,0.0408130329914207,0.874064898537024,0.0028297398629143,0.339279700617221,0.00815113404898189,1.02247718020626,0.0109572657691072,0.00033225056414668,0.477256349438392,1.7872991614708,0.181252948424616,0.235579091395722,0.647052704137445,0.000868665200353406,0.00744510527370504,0.0283937826337646,0.608732021423321,0.0334144319995146,0.439864931965722,0.150770539067862,0.372310774383205,0.202707817907624,0.0105588572278859,0.00817310442894193,0.00153935580064806,0.0307983024989559,0.0032937501735726,0.0141159303508547,0.02104250179298,0.000470847829212651,0.000188757767914778,0,0,0.015575406665663,0.00169695192065266,0,0,0,0.000142595736299452,0,0.000105911309432298,0,8.3755134155023e-05,9.95179434732732e-05,0.0010767503184237,4.23764243084371e-05,0,0.00686182572207969,0.0468173349079822,0.000843845548699336,0.0208549191540324,0,0.00031455191119473,0.00174011474991413,0.00153343427766085,0.0007024850592897,0.000628341040238571,0.0506183332378937,0.192866499614271,0.000682369895422098,9.85882016353728e-05,0.000166074018896958,0.000496413399215269,0,0,0.009900537816897,0.0110210448434803
0.00239165886688782,0,0.00335045796017621,0.000207222207500643,3.516143442024e-05,0.00519797272129605,0.0234210911304414,0.0493125019402925,0.000107899294542771,0.0300857594044512,0.957802549166171,0.013891135035182,0.0281650171242178,0.074577284208706,0.00157488949312407,0.000479874470189425,0.0408130329914207,0,0.408118822376808,0.00605506616396984,0.0106142881092033,9.53668045002581e-05,0.017590160597024,0.00055694598401978,0.000336144491545307,0.581136825027697,0.0368369795797734,0.0106075744592664,0.0854530920655098,0.0121571084494495,0.0405346740958494,0.017787357654485,0.00140506610115944,0.291303181916134,0.00464628740009034,0.0775010352129425,0.0506695292373394,0.212703744386527,0.0344384080909515,0.00365068713120289,0.000970245132267266,0.00114576105865386,0.000820860329593775,0.000501676057771307,0.000302781340220789,0.000524110980374676,0,0,0.000264892863519841,0,0.000231850398365164,0,0,0,0,0,0,0.000218095296784025,0,0.00207269674419238,0.000190501720304775,0.00162007639172848,0,0,3.75414676074564e-05,0.000429058270443294,0,0.000309736655380279,0,0,2.96704025440425e-05,0,0,0.000983406772360333,0.00189911282213628,0.00435509477918199,0,0,0,0.00095258260920201,0,0,9.5480755280158e-05,0.00187237486894224
0.00730470411442128,0.000373242460934705,0.0314955888330013,0.000328190711890214,3.57219552955627e-05,0.00368440962261057,0.0783537873591726,0.0992872528412273,0.000264525120884657,0.0292844762047311,0.16568936028752,0.0102899245130096,0.00471080853611672,0.14229941128998,0.00267867682819951,0.00189631628325,0.874064898537024,0.408118822376808,0,0.00542966106019472,0.0570661458469892,0.000674758757272652,0.094955051986826,0.00208059324953103,6.43166072574735e-05,2.70503181440588,0.314328471618325,0.0392650843932316,0.109471776243851,0.0475311547795065,0.00708696105957494,0.0119591576319827,0.00790142676228337,0.540360093032846,0.0112039174161296,0.20919498893348,0.0784293942690537,0.430316180554031,0.0802504606193562,0.00344387561827024,0.00146159955383116,0.00109836984129103,0.0031935640369875,0.000861374217915151,0.00218869604888358,0.00283836262702118,0.000106936394691038,2.94617040222823e-05,0,0,0.0023955066965599,9.78257108019411e-05,0,0,0,0,0,9.99234443292974e-05,0,0,0.000144736521764124,0.000265394914372739,0,0,0.000465298401230398,0.00604205011629792,5.97809792435199e-05,0.00212272193008243,0,0,0.000390643343965423,4.97444384739518e-05,0.000133867032642746,0.000335052327181086,0.00855745802900258,0.0254388442380682,0,0,0,0.000409915119881004,0,0,0.000888545614526955,0.00393593279971884
0.000963396400164826,4.4794663562733e-05,0.000487173968228271,3.43078238470543,0.010445841026998,0.025760647298387,0.025022377970128,0.123402590270001,0.0719268448598738,1.99759734129947,0.0225132820686345,2.43930597034582,0.00867094394450565,0.0936852361262045,0.0843499813097931,0.000292474800344878,0.0028297398629143,0.00605506616396984,0.00542966106019472,0,0.000605218404079753,0.000636343513389194,0.00214853299808885,0.0823740062854198,0.000322467645659548,0.0127657990239055,0.00369840654376912,1.60417062533158,0.065932215211168,0.00516478157771179,0.0022723690423858,0.0251445368998253,0.000864531596952086,0.038040717121252,0.036384873806987,0.210898949791271,0.00441600889854667,0.0602143949317838,0.00741251003954513,0.125179889395367,0.0246127738511984,0.00312991026825308,0.00349237617468319,0,0.00113261180172672,6.98975236132085e-05,0.0147510830215262,4.85321491389513e-05,3.54232070694387e-05,0,5.99877385475815e-05,0,0.0266530801747952,0.000366674104492504,0.00154576493905596,0.00421204387674813,0.00377959200142046,0.00535614390196069,0.00491286239365298,0.000233493304903802,0.0968153437859493,0.00393391501761534,0.00204966484255135,0.00512435263016924,0.00106500012662769,0,0.00025643511336025,2.53038603997349e-05,0.0210369445863869,0.000165769079087868,7.42927431349398e-05,4.69545651050091e-05,0.0369630348195851,0.00115876905705053,0.000216478706647003,8.05701473540067e-05,0.0275122467390193,0.00133203154072902,0,0,0,5.00668703745246e-05,0.000701961411812791,0.0016447365949031
0.00245927692705679,0.00546185827644407,0.563412766873831,3.97957647018313e-05,0.00195712706535586,0.000617822738659581,0.0876964582625653,0.0152955526767263,0.00720951518314264,0.00363417403594825,0.0056884580341853,0.00131590402152075,0.000276409790471238,0.0212090581944534,0.0661416941202191,0.989639663278499,0.339279700617221,0.0106142881092033,0.0570661458469892,0.000605218404079753,0,0.0647429723067232,5.47377472768472,0.028182376509729,0.00454850277591988,0.360678078124424,0.43062212330608,0.545558049027303,0.0211568887794655,1.50024926053489,0.00161918983226854,0.000603700959708586,0.0148750159180075,0.798786395129257,0.512029552849307,1.40353412390604,0.129467004095916,1.03567799387626,0.444111363113793,0.0068072076469033,0.0261778830933467,0.00941739251039117,0.0127785358948842,0.000901103327443617,0.00409685737167596,0.00837021914248019,0.00263549272189363,0.000279326786951959,0,0,0.00365615006833658,0.000391320272252933,0,0,0,0.00422165298958801,0.0001772632789296,0.00153927689274941,6.01926955966294e-05,2.41085826998144e-05,8.2738240569252e-05,0.00916446298086737,0.000224633067067257,0.000340989044330281,0.161014665728688,0.00517900044798837,0,0.000809460590524468,9.32222253866138e-05,0.0136082999055738,0.0495070111985431,0.0135444042498677,0.035034561558853,0.00497836611737356,0.00288891748239825,0.0741510518849936,0.0242267353905373,0.000701898728557295,0.000152869757320726,0,0,0.000268515456969452,0.0023346432381706,0.0438972755329105
7.54408208847999e-05,0.251558338686178,0.00207435008163519,0.000334182868490678,0.000923030996786067,0,0.00393022893652621,0.00032248085060159,0.662824649026574,0.000300903225271806,4.33263757514119e-05,0.00220316137590276,0.000400242332436669,0.000294836258783198,0.00692918083563359,0.774944686089702,0.00815113404898189,9.53668045002581e-05,0.000674758757272652,0.000636343513389194,0.0647429723067232,0,0.132758825408778,0.887382407754995,0.16584907861824,0.00176637588599947,1.06158946989338,0.251612653797721,0.000271790243463582,0.00376695947644165,6.36418312407285e-05,0.000156665849882054,9.57793795876619e-05,0.00359135463518436,0.00390335593595077,0.0273172050448528,0.00602365866369208,0.00790839311707012,0.00282151649721494,0.00714257088155333,0.000168782912534899,0.000663515244798678,0.0140643544082249,0.00195660567667625,0.00628656678355166,0.00643045331054472,0.000940084859853243,0.000625760171926921,7.42952128112912e-05,2.16043917516499e-05,0.0344377289843051,0.000821094609701477,0.000171570120566511,0,0.000164028815994323,0.00529737021152291,0.00033913897846958,0.0236368795212419,0,0.000232063812316507,3.05415504408985e-05,0.00172870383860294,0.000602212173148745,0.000103726815479028,0.271515455430871,0.00405168696511804,0.000213008411355078,0.00108686546925243,4.00238706186533e-05,0.0129290647077333,0.127119226866722,0.0333217608750142,0.0569930940705667,0.000898280735211038,0.00450511347559776,0.174617729555163,0.0294377614035725,0.000946805440536759,0.000466636798414099,0,0,0.000226834668312084,0.00257685352229047,0.0036874228973368
0.015001818726242,0.00678453231348158,2.54813270423811,0.000303535426328185,0.00239291386031839,0.00366130287412321,0.656023541858537,0.146320300265944,0.00506697450470507,0.0190540442416815,0.0108493737074987,0.00225111622732448,0.00098775131568862,0.171367797901227,0.0450261384855062,1.12148260060322,1.02247718020626,0.017590160597024,0.094955051986826,0.00214853299808885,5.47377472768472,0.132758825408778,0,0.0547339041321033,0.00417969870166679,0.979409619047026,2.88086523526218,1.48422104857366,0.0738175845856598,1.14669992100218,0.00326588565555329,0.00311124352608544,0.0220947641572846,0.857253805163924,0.641380036654044,3.0733410561048,0.661563024949797,1.63097291451853,0.988074136641485,0.0176193544052954,0.0722897015078002,0.0151900691821976,0.0750030135141299,0.00819385034293208,0.0276726555573329,0.0381404169533449,0.00248030425371037,0.000902701934162703,6.34654124324083e-05,0,0.0269096492854896,0.00425844152766185,0,0,5.60097117123485e-05,0.000767582110362391,0,0.00116459974334143,0,0.000170297802443289,0,0.00653374063668174,8.15867061421038e-05,0.000618771657447392,0.493139704370263,0.0445286622862916,0.00104257885029057,0.0094109613775153,0,0.0147309926957328,0.105991040663641,0.0851526431530732,0.0214152744523391,0.00435955018619474,0.0189070179516617,0.785058799386948,0.0169887970761946,0.00041643955043352,0.000316365379756397,4.3940986017251e-05,0,2.93332699819475e-05,0.0126175028397846,0.0986200315568331
0.000326486291713929,0.169090525688201,0.0119158619532648,0.479339535439378,0.00992831649735802,0.00904523340255465,0.189805751212614,0.0238232295829851,3.08030641655762,0.0906450841731165,0.0034134134170522,0.0727437560617589,0.00206645370238917,0.0116136307356253,0.0841353797941409,0.285711496749722,0.0109572657691072,0.00055694598401978,0.00208059324953103,0.0823740062854198,0.028182376509729,0.887382407754995,0.0547339041321033,0,0.12854615896271,0.00621708650697523,0.321316536179784,1.79286212654917,0.0179357265114415,0.0156286477375705,0.000519808410674313,0.00406019051081666,0.00248412499303297,0.0183026161734601,0.0447861175564279,0.266144295605376,0.0224841689520376,0.0433895921004627,0.0172427084281608,0.123391112175232,0.00992837882842374,0.00730187356530897,0.118869864458384,0.00164017555270205,0.0412715628511137,0.0182889980280419,0.0648652126574757,0.0122316147554555,0.000210460992374718,0.000495947226063806,0.00432859244093833,0.000117073529117704,0.0263735210208651,0.00174150804304637,0.00866704055146366,0.141235933822089,0.0387672738681029,0.250983024706043,0.0273830658563813,0.00130581455880451,0.0388539977554155,0.022347473059489,0.0232348094869945,0.0181961001150753,0.285788190866135,0.00193012994180363,0.000163444772321356,0.000557033200987977,0.0230351202989105,0.0358481546701214,0.112216972964324,0.0181406172727239,1.28672768401591,0.0093200748311461,0.00166054473669607,0.0476324348370566,0.859217888396656,0.0301696471271813,0.00217236677711829,0,0.00106828173516794,0.00610781453979333,0.0308593822018587,0.0153171438396218
8.27347056275722e-05,0.198294135148535,0.0001612061150612,0.00014930685351364,0.00023695957392759,0.00015788266115967,0.00103506600786872,0.00161226404669874,0.22222890834223,0.000914770594637469,0.0817520108524692,0.00180110767499893,1.11137576574002,0.00169936948813759,0.0034359322456052,0.0334317201361675,0.00033225056414668,0.000336144491545307,6.43166072574735e-05,0.000322467645659548,0.00454850277591988,0.16584907861824,0.00417969870166679,0.12854615896271,0,0.00612085970507988,0.40821659564612,0.027479693426311,0.00147230346593644,0.000136004889714772,0.0204304133406212,0.000763480525793212,0,0.0122290164515767,0.000125963190017402,0.00373302828651221,0.0189228047229277,0.0645058764570981,0.00102782456461623,0.0040591627406545,0.000412787105640614,0.171227684617941,0.000640750007331311,0.00270835984870265,0.000741719253068956,0.000480444641499013,7.53033625253319e-05,0,0.00197249585911752,0,0.0256402809776171,0,0,0,0,0,0,0.00087485188092474,0,0.0298287111961107,8.55466060746791e-05,0.0676808798153864,0,0,0.0013909999594947,0.000439540300824881,4.57363755044997e-05,0.000600053654277384,0,0,0.00133373677181137,9.06426006091833e-05,0.00242732597623708,0.0924397696417281,0.0251268925580129,0.154571942526874,0.000663086153750673,3.1562459424752e-05,0,0.0232179497109219,0,0,0.000775633933559829,7.53610781659841e-05
0.00691697005137201,0.00373391885267418,3.7676339503361,0.000577180185852724,0.000141324348652885,0.00990838355690776,0.442618699446875,0.184279694885334,0.000604931791182321,0.0683933975587503,0.385457942659834,0.0242927917239077,0.0137420438739831,0.213320382611014,0.00884148943418163,0.00762959928018757,0.477256349438392,0.581136825027697,2.70503181440588,0.0127657990239055,0.360678078124424,0.00176637588599947,0.979409619047026,0.00621708650697523,0.00612085970507988,0,2.2516358427493,0.229911089701627,0.136114096472498,0.199501107686674,0.0106597967440248,0.0209689587444505,0.00570102464750247,0.482338908499829,0.0569257674343812,1.10175715666846,0.948731967007712,0.752870966303313,0.273877004297173,0.00817998878003851,0.00754851447054356,0.0071538891539132,0.0243255141877059,0.0161704838525237,0.014061871866077,0.0209265189498991,0.000183765425870669,0,0.0010270089496531,5.29503414335758e-05,0.0275842966573152,0.00106620674614233,0,0,0,0.000179185634999845,0,0.00111321897905975,0,0.03425867665313,0.000338599678114387,0.0805037405244297,0.000235313436808794,9.31362867368101e-05,0.00191502900574759,0.0385297536689475,0.00397750193769981,0.0497115076638215,9.32341867944357e-05,0.000350071833485869,0.00270218434254721,0.000617889446009204,0.000823093732269651,0.0196938903800783,0.631892018832942,1.14503753215967,0.000112979475322187,0.000399043184997395,0.000613626078072899,0.095577351561723,0,0,0.0109034140805917,0.0239626060570281
0.00391928057211636,1.10432267870041,2.56426535125865,0.000199057366173971,0.00072819716414718,0.00279221853099556,0.184526505247107,0.0775918966864441,0.135624890462828,0.017020572612599,0.0533452949301915,0.00696367020720265,0.209893775239372,0.0828993069649824,0.019609447362795,0.692838450814709,1.7872991614708,0.0368369795797734,0.314328471618325,0.00369840654376912,0.43062212330608,1.06158946989338,2.88086523526218,0.321316536179784,0.40821659564612,2.2516358427493,0,0.548626275668738,0.0397559436859932,0.0997566361664951,0.110426648074545,0.00373713908019144,0.00333672887063517,0.508361539430822,0.180859627165581,3.26904953342398,1.29699854227311,1.29665211755157,0.83481937362613,0.0151700768499444,0.0297799221462808,0.0142968402025738,0.452128254267566,0.121991717464065,0.198947323548196,0.273666241336862,0.00509106545835072,0.00229462922234323,0.00620271638424019,0.000144733928169152,1.28716577955824,0.0239673879635158,0,7.57717575159076e-05,0,0.00215238749110426,9.55039150179859e-05,0.00958441492848736,0,0.179404654383864,0.0004289603769077,0.44534660304895,0.000879584926518034,0.000778080526263928,0.252264954007414,0.519754225235996,0.0197745524728742,0.276024614795054,0.000149492396645594,0.0077480784921255,0.112753536539841,0.0583675877198947,0.0148002197543928,0.413272868962755,2.3224811511982,10.1427263020577,0.0109395641290643,0.000913748585604115,0.00271056039120419,0.462937433027182,0.000468433705360937,0.000107186255934665,0.132949874231962,0.0828736185590172
