0,0,86.5055818259716,17.0139856338501,12.9004602134228,101.933860033751,21386.1256699562,1979.87840804458,120.029755860567,636.68840688467,81.6354461312294,14.1012054681778,48.4333381056786,22842.2422595918,31.3827643990517,1.51890391111374,505.21685513854,46.6252362132072,65.1756272017956,34.1358999013901,723.128243625164,2.18318253755569,1584.66060349345,115.356868177652,0,446.146032035351,244.913347095251,515.536084115505,6671.96455821395,7063.65793898702,3.59196719527245,10.0479131340981,41.3576075136662,580.125823706388,72.8064770102501,693.722988516092,60.4737508893013,529.774492383003,208.28589656949,36.8142560124397,43.2348498404026,3.84967839717865,109.322423666716,2.38396888971329,40.4937272369862,7.87846392393112,8.28732186555862,8.08989924192429,2.13088345527649,1.32165771722794,0.469836205244064,6.05234536528587,13.3298029303551,2.06725001335144,4.94587653875351,245.729992210865,34.5787113010883,64.2431735992432,37.4632930159569,2.88444471359253,1.23165842890739,1.32389223575592,63.0415867567062,0.972152560949326,5.69967204332352,1.03072336316109,0,0,4.29732203483582,6.9934641122818,11.3213904798031,11.3603415191174,319.746328771114,0,0.402031540870667,39.7113072574139,275.560862213373,21.2919665873051,14.5255672931671,0,1.18144237995148,0,41.4298806190491,15.6091492474079
0,0,79.5744204819202,8.09202811121941,2.86692243814468,0.360312789678574,7.36576789617538,0.450108110904694,1860.97491255403,4.48656246066093,197.084845215082,2.78783255815506,2858.07236993313,2.92361116409302,27.938974738121,278.747601866722,204.08723410964,7.72810536623001,21.7261744439602,3.04040935635567,34.0669756531715,3810.75891807675,92.6715610921383,2455.09085297585,3021.79716283083,200.61624532938,17795.8843218386,89.7491346895695,3.73510125279427,9.16261905431747,91.1262986660004,0,0,159.396656572819,24.844819009304,171.436650127172,89.4095551073551,140.868499368429,61.263772636652,9.47000938653946,2.29339301586151,268.066422283649,444.044782966375,93.1458688378334,305.163444697857,150.466983318329,0,6.52660202980042,162.750356554985,1.18428444862366,2021.35827356577,66.4450745582581,0,2.77409100532532,0,11.3013716638088,0,56.4971928596497,1.6109020113945,158.06808540225,0.844529539346695,228.939090460539,6.86737215518951,1.59961491823196,41.2743969559669,504.455202698708,8.99985080957413,131.704170018435,1.52807411551476,21.4630710482597,107.696780264378,192.457342654467,105.263623654842,164.605438351631,646.947848081589,4864.87584578991,18.3798012733459,6.29373735189438,19.8913216292858,29.5552010834217,0,0,76.9139782786369,20.0845563411713
86.5055818259716,79.5744204819202,0,0.585952937602997,14.4675711989403,4.88475516438484,276.044538319111,61.3464510440826,15.2239068448544,7.16061991453171,16.9146735668182,7.72842442989349,18.3147930502892,290.032318085432,11.1499816477299,51.2073552906513,10374.3630868495,13.9351300001144,206.405704796314,3.51458975672722,1157.9500977397,55.7953993678093,27767.6846133471,41.4679762423038,3.17759037017822,34608.0193624794,53943.5043580234,563.50663369894,121.543108552694,442.924974948168,0.668026268482208,0,5.24100688099861,1358.17993140221,149.449699759483,2907.57344058156,3471.18877953291,2180.29261377454,924.734966933727,15.1401019990444,13.3414625525475,1.64526689052582,1941.62454333901,281.894500926137,1402.7280394733,644.065236598253,4.05790758132935,21.0638987123966,0.487810581922531,1.7411642074585,248.856384813786,952.166422277689,0.770787417888641,7.58402743935585,0,12.5786842405796,0,13.9372403919697,0,7.74780511856079,0,2.49440994858742,0,7.11050164699554,57.2982823252678,4351.50615337491,11.3985186517239,432.107252448797,0,61.2750701159239,118.355622559786,933.207573145628,62.6941334009171,8.53753381967545,1820.78805172443,9141.48239898682,34.754716604948,3.10249245166779,70.8831529766321,1.1692328453064,0,2.47147452831268,243.442217409611,124.813678622246
17.0139856338501,8.09202811121941,0.585952937602997,0,253.197606384754,1029.86348214746,116.117074966431,702.692223250866,4122.86596256495,8946.54049217701,161.82984405756,10006.4667487741,116.906819075346,553.800047129393,1601.13405701518,0,17.3539624214172,43.1241230368614,22.16639778018,18567.3900226653,1.23302125930786,34.9134441316128,0,3076.70782539248,21.1860362589359,17.164648681879,42.3790942430496,4576.76072385907,429.513374522328,5.28681525588036,0.617202639579773,39.733910292387,1.73589789867401,455.641342148185,103.494909822941,416.03279197216,18.2349781095982,222.387832760811,47.144831776619,556.695942103863,52.6381715238094,19.229873508215,151.350179553032,1.04159474372864,88.9732760488987,5.53186410665512,183.091922849417,21.6302751898766,26.2188680171967,1.88946849107742,2.42445293068886,0.383686751127243,1791.1593568027,17.9197896420956,212.101253807545,889.916766375303,173.750323981047,817.995512992144,2521.47145995498,0.920065760612488,828.696026146412,0,179.428379297256,192.17538946867,1.847580909729,0,0.549265742301941,0.483159452676773,609.018380373716,0,5.46956214308739,0,2215.1592194438,1.96494722366333,0.300373613834381,8.33570063114166,3110.30062144995,87.0253535211086,10.4294764101505,0,6.89834704995155,0,172.47869476676,0.951930999755859
12.9004602134228,2.86692243814468,14.4675711989403,253.197606384754,0,1375.81658113003,298.452640473843,165.917447686195,432.96960490942,310.850215196609,3.45715710520744,363.734713375568,46.1125038564205,80.1494273543358,3257.00062373281,7.16060519218445,14.1842893958092,1.51589059829712,1.03029552102089,77.3097899854183,285.21034437418,15.8223173320293,248.109964936972,395.916783183813,18.48728749156,6.26073405146599,72.3419585227966,350.265797227621,84.7665318846703,378.876098722219,0,297.172643572092,2.91916394233704,1508.74468377233,8263.348107934,1035.06799733639,54.0275445282459,60.2098474502563,126.305891215801,15051.0921944678,7911.50200900435,5.66074165701866,44.4223878383636,66.1594943404198,47.377216219902,209.350685477257,57.1160989403725,5.50494056940079,21.5109171569347,0,0,6.20548844337463,86.6475092470646,6.16834515333176,71.8333084583282,35.9952729642391,14.0825561881065,78.1361530721188,97.7825880646706,2.56463992595673,136.367863863707,0.747574687004089,15.9911280274391,45.8640901446342,15.8919659852982,8.03150802850723,7.69860863685608,2.05509662628174,48.0439226031303,33.4507075846195,3.11847478151321,96.5263493955135,96.8022334575653,0,47.8598573803902,77.811230301857,100.225172251463,8.20814073085785,21.0670090317726,0,5.93306845426559,0,11.4671122133732,1307.30925267935
101.933860033751,0.360312789678574,4.88475516438484,1029.86348214746,1375.81658113003,0,5840.30064505339,13703.2347452939,1626.35382124782,19499.786442399,260.244602441788,14344.209135741,285.463726878166,3617.66254532337,6423.23548224568,0,30.5371252596378,115.853541582823,49.1535981893539,867.366704702377,29.7966766655445,2.66675984859467,52.7238357067108,288.522481530905,68.8748520314693,72.3218525052071,48.1036407053471,1199.07068806887,999.040055692196,170.348598867655,8.04979065060616,815.640441060066,5.05988723039627,516.541099905968,5818.43838834763,1956.71447971463,41.5697741508484,356.422214448452,126.174253106117,7132.90484166145,1932.35150542855,48.9760765135288,115.43072450161,10.4181307554245,64.3328594267368,33.8885642588139,377.588682681322,8.488764077425,85.7841922044754,0,2.16527533531189,2.99591875076294,573.872787684202,34.6145292520523,317.020257115364,217.529617249966,104.72405564785,479.135032474995,638.107734501362,8.19805487990379,808.457559704781,1.65845662355423,94.9807335138321,288.503723710775,1.65895372629166,0,0,0,298.59949529171,3.23857605457306,20.8643008172512,1.56237685680389,583.471196651459,3.33437755703926,0,5.80508011579514,593.703921973705,75.8450787067413,26.367231875658,0,14.597449362278,1.28837978839874,71.8210158348083,231.794376194477
21386.1256699562,7.36576789617538,276.044538319111,116.117074966431,298.452640473843,5840.30064505339,0,13871.1610175371,2739.61029016972,26021.8149984181,905.821533292532,616.704580634832,940.739875406027,29211.1597821414,968.566668301821,24.314031213522,327.580223560333,402.488500624895,240.808914154768,181.058997064829,1121.78972789645,36.236147403717,1889.77819380164,4950.67469996214,21.6609021425247,448.897379726171,297.606776505709,61871.2778792083,7170.25116226077,7617.11016607285,10.2241889238358,287.019638746977,339.038592875004,4530.09597992897,1297.90044271946,14834.2522177994,432.188104838133,4184.82395884395,1534.34924226999,1148.04931917787,796.232848614454,42.5584315657616,2017.9945076406,30.4382431805134,606.560294538736,187.504756510258,412.840775430202,181.822034239769,38.8933783769608,23.3365477919579,23.1261529922485,8.35293033719063,398.469003051519,17.3069303035736,159.011769473553,4345.72815054655,700.784986972809,1136.22203722596,1237.42297875881,11.1835875511169,134.223154425621,0.455952078104019,1035.54746821523,61.1143986582756,94.7354716062546,7.62663170695305,0,0,199.124738425016,64.5911887586117,159.906444698572,119.183705240488,5682.90052467585,1.76089292764664,0.856207072734833,110.46226850152,5182.50762560964,541.780236631632,277.238951355219,0,3.6402342915535,16.4663199186325,923.296048283577,145.915711760521
1979.87840804458,0.450108110904694,61.3464510440826,702.692223250866,165.917447686195,13703.2347452939,13871.1610175371,0,653.340102165937,8832.43082416058,318.283298522234,3129.5998685956,241.264352142811,20256.145827204,1098.49064341187,1.69848990440369,405.966413527727,152.84361153841,121.407487273216,819.349335253239,397.976717531681,5.97169652581215,1002.96480160952,782.454696387053,23.6118615865707,336.463330686092,200.968263536692,1457.65934914351,1778.39040395617,1710.90782821178,10.5820634663105,436.863384664059,13.2769646942616,831.928174629807,99.3793877959251,2984.61738079786,93.5875098705292,712.732668936253,227.980299323797,2190.19002866745,792.16404658556,22.337229013443,487.586105197668,6.42619806528091,156.093770444393,42.6969924271107,96.1038957834244,48.528136074543,41.8581223189831,7.21806669235229,2.37631034851074,0.372526466846466,77.9171831905842,3.66795727610588,76.1226179897785,1519.63988220692,146.664030432701,372.518631368876,312.924753934145,1.66308760643005,82.0286848247051,2.4025399684906,200.103539675474,33.5531997978687,8.64970242977142,0.341996312141418,0,0,45.7134718894958,3.99894350767136,42.5227044820786,5.5236291885376,2028.53788566589,0.454262882471085,1.669353723526,5.84804919362068,1622.1257250607,71.4385403394699,58.4292265176773,0,0,6.74618548154831,240.358456343412,16.908172249794
120.029755860567,1860.97491255403,15.2239068448544,4122.86596256495,432.96960490942,1626.35382124782,2739.61029016972,653.340102165937,0,2362.72819548845,142.519029438496,1858.19674175978,698.74619063735,561.817787200212,1343.05375397205,302.469787240028,40.7186837792397,50.866294413805,28.7030220627785,706.23663559556,201.372815161943,11409.7430433929,132.230222076178,35124.4800250828,1172.05443692207,78.4184039235115,4585.70165765285,9116.99940258265,431.179621189833,147.91856020689,50.0196906924248,47.4382301568985,50.0489369034767,402.364263564348,93.94155600667,1827.14251470566,45.8858214020729,328.405823230743,109.172894924879,2893.46124246716,69.2507544457912,35.7388601899147,1240.06568726897,73.3062015771866,376.659223854542,111.278952360153,290.655322432518,79.0365978479385,58.6140356659889,18.988116979599,86.0736726224422,8.81769490242004,690.971227496862,17.4925073385239,221.168978363276,1457.17452019453,300.231935411692,4014.93927708268,642.609306871891,74.041084587574,526.443926274776,39.8104567527771,466.82325860858,169.168635219336,2988.20736670494,17.6850537061691,114.299005150795,57.244690656662,250.737788647413,677.190654426813,3906.29602319002,778.148036926985,8189.78427326679,45.5932045578957,66.1156385242939,277.135081171989,3662.46237355471,521.478902846575,372.687264621258,2.37170711159706,26.2905530333519,25.2768247425556,388.77572363615,91.2284289300442
636.68840688467,4.48656246066093,7.16061991453171,8946.54049217701,310.850215196609,19499.786442399,26021.8149984181,8832.43082416058,2362.72819548845,0,1745.42345151305,18501.0361447632,1012.41975861788,12854.2111045718,1505.94428628683,0.818776935338974,211.701606839895,740.2393040061,362.684044837952,6075.09152726829,22.6413904428482,18.2362070977688,34.7513942122459,860.609636604786,44.7372076809406,375.543245136738,109.47876521945,6765.47373130918,5423.06604878604,307.295530468225,17.5073499977589,353.012881815434,17.0742730200291,4650.54368792474,469.84680506587,6984.64255356789,159.542965233326,2262.99360352755,594.059401482344,1094.45895624161,633.690206795931,123.754002064466,561.341311454773,4.57244023680687,293.37734875083,70.7846435904503,386.357471823692,58.1393072605133,102.308130651712,10.1205321252346,2.64966875314713,0,2734.32499918342,33.7329733371735,481.450760006905,3290.90711849928,692.409042924643,1016.00835758448,5232.56932753325,2.85225868225098,1038.84327918291,1.40813761949539,583.319846957922,255.401214033365,3.71389085054398,0.540243446826935,0,0,1021.594114393,0.745640277862549,17.0916812121868,0.741284191608429,4942.42312029004,0.554144561290741,0,2.54621931910515,7093.79158778489,148.798820883036,34.0508288741112,0,4.34657561779022,5.36173075437546,531.595132917166,25.058949559927
81.6354461312294,197.084845215082,16.9146735668182,161.82984405756,3.45715710520744,260.244602441788,905.821533292532,318.283298522234,142.519029438496,1745.42345151305,0,813.605107605457,11038.9642990828,1248.04009363055,55.6859108507633,1.07310569286346,650.396483033895,14989.1259763539,2887.5954965651,327.924360781908,31.2877843379974,70.2061379551888,103.786527752876,123.785726189613,1184.77774456143,8742.97064250708,620.165535837412,253.002644300461,2154.44039255381,215.451867938042,581.044676572084,271.423646122217,4.09200799465179,12191.5755802989,106.852588057518,2880.29745307565,3846.15480139852,6813.31975972652,853.673890471458,173.187502205372,63.2999631166458,3779.8472455442,42.3651866912842,992.77110478282,129.18873745203,20.7668313682079,21.7718749940395,4.11954167485237,1460.58142778277,0,437.188115000725,1.49949648976326,3.12852519750595,0.561166942119598,0.909288018941879,15.0548235476017,0,86.7586351037025,0.910526275634766,3882.5794300437,5.33753746747971,6805.42710718513,2.70628362894058,1.12206888198853,1.25932121276855,6.8912770152092,53.5862918496132,17.066892683506,1.02946400642395,0.662751376628876,102.457770973444,2.34065359830856,95.954657793045,425.172626525164,1042.80836611986,967.109130710363,21.5469870865345,46.9041044712067,2.9229684472084,1445.28438180685,7.88171482086182,0,328.06895840168,24.9818048477173
14.1012054681778,2.78783255815506,7.72842442989349,10006.4667487741,363.734713375568,14344.209135741,616.704580634832,3129.5998685956,1858.19674175978,18501.0361447632,813.605107605457,0,317.035292029381,2482.83472025394,3422.32411822677,1.84943813085556,88.0779260098934,360.874637842178,177.034047007561,8602.72534066439,9.7770220041275,9.02626222372055,12.9665676653385,1167.47884196043,21.0730837881565,225.816253304482,107.965772867203,918.059842020273,1618.54775863886,48.0170251131058,14.2406417429447,162.474064201117,0.386658906936646,1187.46549090743,5443.46215701103,930.069822400808,49.6568827927113,532.798590421677,117.203658223152,1144.00780066848,133.001083701849,41.9115416705608,28.0500198304653,5.61447384953499,16.1652024388313,21.5585857331753,160.196377068758,6.79900527000427,65.1113784313202,0,0.321697622537613,0.310630768537521,745.410865515471,14.3069112598896,184.929712027311,52.6074162125587,53.8314970731735,471.547728210688,556.440985709429,4.05021068453789,1021.97335866094,0,64.7872687280178,179.0545989573,1.09877073764801,0,9.32820874452591,0.434125781059265,330.308049947023,1.28420555591583,4.9233912229538,0.353434801101685,434.351992845535,1.31334292888641,1.89492338895798,2.3677191734314,501.191974163055,42.2665988206863,1.89397403597832,0,9.82272481918335,0,33.779652774334,329.673892229795
48.4333381056786,2858.07236993313,18.3147930502892,116.906819075346,46.1125038564205,285.463726878166,940.739875406027,241.264352142811,698.74619063735,1012.41975861788,11038.9642990828,317.035292029381,0,413.17539986968,134.418903470039,67.0919291079044,64.4496582150459,96.3920462727547,30.5293553769588,159.225537508726,191.541944175959,1341.91051748395,324.351752132177,743.189045608044,11268.1336041093,256.879924207926,3906.30167743564,527.001526325941,518.446566879749,522.204541534185,1768.37542435527,266.385685831308,9.23442661762238,3839.7334729135,291.255112677813,4487.76288461685,2804.13423207402,7973.31956812739,2222.2605651319,2212.49599817395,4044.66777828336,9966.86020961404,211.97486141324,1452.97659572959,289.028479009867,132.561002969742,379.463551998138,51.385902017355,1539.37682259083,1.25414311885834,510.987425118685,6.3363975584507,14.496702760458,3.52091246843338,37.6237744688988,215.513220459223,26.749698638916,115.428220540285,63.461328536272,6446.56645658612,36.0248688161373,12732.4998387992,46.0486951768398,12.3227937817574,11.091793358326,15.7574954032898,40.4045843482018,20.8242208361626,15.8879281580448,14.9975200891495,149.452693909407,38.9527512192726,414.464980214834,1358.32593774796,1129.36725085974,1819.26742357016,248.674739122391,96.7229536771774,37.9037873744965,1901.50736957788,37.1324126124382,2.01788574457169,515.829882532358,143.690218240023
22842.2422595918,2.92361116409302,290.032318085432,553.800047129393,80.1494273543358,3617.66254532337,29211.1597821414,20256.145827204,561.817787200212,12854.2111045718,1248.04009363055,2482.83472025394,413.17539986968,0,385.820831924677,10.5322646796703,2429.5503436625,512.732336044312,503.383542865515,1021.38346686959,2295.15897980332,9.23579242825508,4901.27988091111,612.61871150136,25.0162058770657,1630.17084300518,1095.14966452122,2054.98570770025,26887.8885710835,11925.9022772908,39.4093500375748,293.824047327042,181.59853386879,2971.50895881653,297.167343825102,5093.2619009912,251.904220342636,2314.85496383905,691.748857587576,750.165945202112,366.898310363293,50.2630579471588,416.263768285513,6.54793938994408,98.6890952587128,26.9335079491138,85.9593098461628,29.6304484903812,22.3793692588806,3.78632372617722,1.84052282571793,7.64919978380203,46.1140388250351,2.80232429504395,33.2932907044888,1011.85048159957,74.9301533102989,309.962929993868,137.180193483829,0.45779487490654,48.3937739431858,4.76028141379356,96.9782044291496,11.5044592022896,26.9549822807312,4.33246377110481,0.386799901723862,5.1238569021225,33.4604829549789,19.3598857522011,64.7085079550743,19.4305073916912,1730.33119574189,3.68356728553772,16.5502251088619,68.7930691540241,1173.33228206635,37.7375195920467,66.1928003430367,0.688000321388245,0,1.54521554708481,104.899253815413,27.109552115202
31.3827643990517,27.938974738121,11.1499816477299,1601.13405701518,3257.00062373281,6423.23548224568,968.566668301821,1098.49064341187,1343.05375397205,1505.94428628683,55.6859108507633,3422.32411822677,134.418903470039,385.820831924677,0,15.9367485046387,51.3811274468899,14.9487066268921,13.6790697276592,483.896866470575,384.461848199368,85.9883813261986,249.980460256338,2175.2033187151,44.4073624014854,26.7079841196537,131.380551427603,1564.05722245574,396.223217457533,727.563392966986,5.03652253746986,879.005730181932,13.6556835472584,115.901658296585,3890.09712135792,551.537669658661,104.643507063389,150.416940450668,162.01460686326,3843.08875066042,95.8081525266171,23.4449496269226,97.8805293440819,55.2753169834614,48.13983091712,141.872631549835,220.115417599678,15.1889345645905,57.8888138532639,0,4.5790878534317,11.0097388029099,299.529083102942,19.5157538950443,197.130959510803,145.737594366074,58.0060401260853,271.699119985104,350.016867816448,5.72950434684753,442.714702963829,0.579783618450165,65.120197057724,149.939937353134,21.3873036503792,8.95226648449898,9.52742773294449,0,202.664679676294,25.0455832481384,17.2774853110313,75.0958138406277,370.361448824406,1.47805345058441,26.3363235592842,58.9404225647449,337.223920464516,29.811753064394,18.3336795568466,0,13.142533659935,1.71712803840637,41.6443728208542,837.948676258326
1.51890391111374,278.747601866722,51.2073552906513,0,7.16060519218445,0,24.314031213522,1.69848990440369,302.469787240028,0.818776935338974,1.07310569286346,1.84943813085556,67.0919291079044,10.5322646796703,15.9367485046387,0,206.833134829998,3.80324178934097,13.1248265504837,0,10913.724181205,10825.2749136984,8711.30911850929,4740.52331995964,99.612503349781,129.176423490047,8887.81720390916,3374.91384357214,5.14796078205109,27.4220311641693,0.627699971199036,0,2.80701076984406,168.595397919416,222.173718631268,3218.51766708493,974.468721449375,1166.50104263425,669.862007677555,15.7111324667931,15.8810730576515,2.69225627183914,1347.33715265989,151.133040338755,641.65055501461,359.954450935125,16.520859181881,11.6549343168736,1.53862816095352,1.58047473430634,64.7805370390415,115.656462222338,0,11.9876653850079,0,54.68536272645,1.73774564266205,6.49262088537216,0.344973832368851,1.31051334738731,0,6.13047689199448,15.0579690635204,8.36772730946541,11998.3477488756,109.884110093117,0.596647083759308,24.7706474363804,0,2103.61694011092,3325.06131085753,9268.47090604901,1491.9866989255,17.5690155029297,117.566221386194,4504.57043969631,692.947954058647,18.5567056536674,464.384817570448,0.830773949623108,0,4.15020194649696,178.184596091509,138.177011609077
505.21685513854,204.08723410964,10374.3630868495,17.3539624214172,14.1842893958092,30.5371252596378,327.580223560333,405.966413527727,40.7186837792397,211.701606839895,650.396483033895,88.0779260098934,64.4496582150459,2429.5503436625,51.3811274468899,206.833134829998,0,557.125835686922,4469.05816489458,47.7476319670677,1815.94404900074,171.722624361515,16980.0381013155,142.898609250784,13.4378165602684,13776.1881793141,26914.9802558422,394.327368289232,2031.47421550751,3551.12219277024,1.31459736824036,25.1222662627697,200.850239336491,10255.3264512122,341.484648823738,6053.55725237727,3892.62197697163,5707.56361204386,2071.03891795874,28.1058496832848,44.2485061883926,6.00266742706299,864.218538343906,176.580455988646,826.483318477869,416.690327227116,2.0667642056942,9.75975769758224,0.801283419132233,0,235.524312764406,366.277775615454,0.967097520828247,6.28949177265167,2.75580501556396,0.554750144481659,0,5.547697275877,0,3.92837575078011,0,13.4037398397923,1.40298092365265,3.51536500453949,76.6626022160053,2121.27059054375,19.4518171548843,544.646757036448,0.386169731616974,35.1353798955679,61.0420978069305,460.090814203024,29.2326961159706,16.7395801246166,2353.70703428984,6654.06180682778,19.0277772247791,1.63225111365318,22.6079278588295,9.70414489507675,0,0,164.464205011725,166.433939278126
46.6252362132072,7.72810536623001,13.9351300001144,43.1241230368614,1.51589059829712,115.853541582823,402.488500624895,152.84361153841,50.866294413805,740.2393040061,14989.1259763539,360.874637842178,96.3920462727547,512.732336044312,14.9487066268921,3.80324178934097,557.125835686922,0,4434.96513170004,156.676630139351,24.2937532067299,3.5774530172348,95.9076886177063,57.1868980526924,17.627876073122,2664.15427687764,1322.01286950707,102.686462193727,768.022336900234,103.042284369469,110.522860825062,77.3236109614372,1.35761761665344,3455.66297075152,164.233511924744,2977.54907417297,2891.65234810114,4676.12269172072,1229.80323463678,49.1420497000217,29.3506731688976,93.5802440643311,14.9459926784039,16.6403437256813,8.41502541303635,7.75364592671394,0.753537058830261,0,4.91138160228729,0,3.73203700780869,0.992150187492371,0.714837551116943,1.40379500389099,1.1174795627594,0,0,18.9914227724075,0,36.626013815403,0,195.409001946449,0,0,0,11.4002474546432,5.59747299551964,4.54323434829712,0,0,2.77587044239044,2.14414173364639,0.492675095796585,12.2418987751007,153.165261059999,203.817421376705,0,1.07833921909332,0,66.8908874094486,0,0,2.9020331799984,44.7355448305607
65.1756272017956,21.7261744439602,206.405704796314,22.16639778018,1.03029552102089,49.1535981893539,240.808914154768,121.407487273216,28.7030220627785,362.684044837952,2887.5954965651,177.034047007561,30.5293553769588,503.383542865515,13.6790697276592,13.1248265504837,4469.05816489458,4434.96513170004,0,94.2965387403965,134.360365658998,14.3654654622078,765.530953258276,40.1710884571075,12.6509696245193,18278.7883655131,4341.14366754889,62.7108078300953,748.707346618176,177.758411794901,8.89108902215958,44.4698617756367,4.23899638652802,5779.15557938814,187.453831672668,3454.54868638515,2016.12873950601,4283.26703625917,1347.77065387368,23.4190137684345,17.2539488077164,1.90187984704971,115.274522095919,40.0864351391792,128.866958677769,68.0778878629208,0.747113049030304,2.37695467472076,0,0,42.4233241975307,21.0206418931484,0.822216928005219,1.89466685056686,0,0,0,10.4771590232849,0,3.21558272838593,0,39.8262885808945,0,0,0.537583589553833,137.192127019167,7.31039592623711,162.840869069099,0,6.33649978041649,10.1917941272259,29.5891233682632,3.17173945903778,18.615036547184,969.276926517487,1374.10213541985,1.49520289897919,0,1.77269077301025,19.636805921793,0,0,28.1586775481701,71.8758525252342
34.1358999013901,3.04040935635567,3.51458975672722,18567.3900226653,77.3097899854183,867.366704702377,181.058997064829,819.349335253239,706.23663559556,6075.09152726829,327.924360781908,8602.72534066439,159.225537508726,1021.38346686959,483.896866470575,0,47.7476319670677,156.676630139351,94.2965387403965,0,1.3506395816803,4.94375845789909,5.57618603110313,343.379561811686,20.2072301506996,95.3153710067272,43.9392546713352,954.220232546329,688.615719616413,51.3560329675674,2.77616485953331,57.2785768508911,0,474.603896617889,87.6518196761608,586.293389260769,28.4328850507736,230.741202443838,77.1282964348793,196.769410610199,82.0311045646667,27.8436906039715,111.466292381287,2.64475014805794,54.9236743748188,10.730561375618,123.352265924215,9.73360225558281,35.4554421007633,0,0.284115105867386,0.655074149370193,772.062817931175,8.72731053829193,134.614599764347,598.990774959326,130.366040349007,239.037334084511,1125.99225607514,5.03268378973007,334.522504389286,0,152.620044708252,77.0840091407299,0,0.484965533018112,0,0,247.113200426102,0.532650649547577,1.37832671403885,0,874.430641323328,0,0,0.699859380722046,1308.90374743938,32.4872557222843,5.95478937029839,0,4.59500405192375,0.450655817985535,118.480496644974,1.24770331382751
723.128243625164,34.0669756531715,1157.9500977397,1.23302125930786,285.21034437418,29.7966766655445,1121.78972789645,397.976717531681,201.372815161943,22.6413904428482,31.2877843379974,9.7770220041275,191.541944175959,2295.15897980332,384.461848199368,10913.724181205,1815.94404900074,24.2937532067299,134.360365658998,1.3506395816803,0,1172.87995666265,59603.8196218312,2371.34719893336,24.2698424458504,904.013591974974,1967.6363158226,21059.6798219681,1589.1470271349,37998.5812885761,1.15535563230515,3.13453924655914,192.199837774038,14165.2585117519,3028.59125319123,29538.3255163133,7520.56716099381,17454.5203657448,7908.3535785675,205.530249744654,144.214820832014,4.08141097426414,973.172257244587,237.966596543789,309.633017510176,249.092482358217,24.1656498610973,11.3150432705879,0,9.69221147894859,10.7013796567917,123.485898584127,0,42.7034829258919,2.68521675467491,146.891452372074,12.3330922424793,18.1103656589985,2.78340607881546,0.494901120662689,0.346456855535507,0,26.3966106176376,10.2859960794449,5308.18297538161,98.4234119653702,0.515249192714691,13.9237516373396,1.11825811862946,4859.72991105914,798.174506872892,4573.39406406879,2266.49715954065,3.54873108863831,101.941872000694,1087.83699116111,1634.14915794134,105.362357109785,1829.81119281054,0,0.568968057632446,31.8290680646896,124.315473139286,936.461113810539
2.18318253755569,3810.75891807675,55.7953993678093,34.9134441316128,15.8223173320293,2.66675984859467,36.236147403717,5.97169652581215,11409.7430433929,18.2362070977688,70.2061379551888,9.02626222372055,1341.91051748395,9.23579242825508,85.9883813261986,10825.2749136984,171.722624361515,3.5774530172348,14.3654654622078,4.94375845789909,1172.87995666265,0,784.19284054637,18719.4084547162,1680.64308124781,166.182110071182,14667.5667438209,1056.23018634319,19.4213137924671,33.6265371739864,79.2625283002853,0,0,88.678991317749,23.4883081912994,263.229570657015,73.0121432542801,117.58644720912,57.297542065382,29.427872210741,1.64994728565216,79.9495465457439,605.391653895378,71.9468330144882,325.178734600544,116.719303548336,13.9308794140816,4.82682204246521,47.1682078242302,0,118.168134659529,64.2612802088261,4.15346467494965,1.19181156158447,2.0493551492691,46.496960490942,8.61606362462044,181.628809154034,1.29718673229218,40.4887727797031,0,65.7480568289757,14.3269174695015,1.02709674835205,2282.34639784694,118.390072584152,3.4957809150219,35.1101043522358,0.862349212169647,436.37698379159,1709.39507707953,1557.10059374571,909.810240894556,37.3862024843693,169.287654995918,3127.23562300205,244.751410126686,29.3857621252537,103.23389095068,4.55825459957123,0,4.54496687650681,70.2864348888397,35.9870904684067
1584.66060349345,92.6715610921383,27767.6846133471,0,248.109964936972,52.7238357067108,1889.77819380164,1002.96480160952,132.230222076178,34.7513942122459,103.786527752876,12.9665676653385,324.351752132177,4901.27988091111,249.980460256338,8711.30911850929,16980.0381013155,95.9076886177063,765.530953258276,5.57618603110313,59603.8196218312,784.19284054637,0,1435.91195422411,17.9162326455116,15257.1025003791,43634.7726029158,10354.3671457767,2636.36678358912,14265.4284616411,1.80371445417404,17.2086860239506,235.599891245365,18763.9040778577,3662.29620021582,48250.0218944252,13635.2656371295,29052.5141183138,12667.7770175338,336.788760900497,248.933616131544,7.50597482919693,3105.82034534216,422.324992477894,1930.3840662241,994.173886448145,35.7132374942303,54.8861351907253,5.78375208377838,5.47533369064331,147.883475899696,1258.14303508401,0,33.5834711492062,7.13781747221947,127.472153127193,6.98800581693649,22.1556914746761,3.31276315450668,5.28497013449669,2.25220042467117,1.17991185188293,16.2987030446529,21.6861479282379,9183.45346966386,1305.22157308459,1.06341257691383,121.521597772837,0.38568389415741,2862.374530375,2328.10766157508,14211.4073647559,1470.56240189075,16.9768958389759,508.417039602995,15423.1616449058,830.181749939919,33.3647810518742,848.872702240944,0,0,10.2861037552357,373.191601634026,1436.26826953888
115.356868177652,2455.09085297585,41.4679762423038,3076.70782539248,395.916783183813,288.522481530905,4950.67469996214,782.454696387053,35124.4800250828,860.609636604786,123.785726189613,1167.47884196043,743.189045608044,612.61871150136,2175.2033187151,4740.52331995964,142.898609250784,57.1868980526924,40.1710884571075,343.379561811686,2371.34719893336,18719.4084547162,1435.91195422411,0,1271.47102284431,134.817777961493,8403.13994368911,17893.9209693074,1119.54227855802,194.955809921026,40.1471004188061,42.2677158117294,206.809399932623,827.911191642284,272.495394468307,3909.51220464706,254.176814049482,802.283518671989,327.369789600372,797.479312479496,118.44128921628,27.9887734651566,3222.21203422546,166.574704736471,819.048803538084,244.183360010386,412.799238413572,212.83212608099,66.4704892933369,39.6350251436234,112.817378163338,54.8733618855476,812.396079152822,10.5399084687233,189.682603120804,4305.40292212367,794.673320144415,2535.2243924439,1337.87576010823,32.1776107251644,241.846208393574,16.2977876663208,1320.94384515285,106.957826882601,2146.37168177962,76.628879904747,5.53499150276184,9.47903370857239,244.094693958759,1576.52367836237,2221.15998917818,1328.54657366872,14046.9809939563,34.8429496884346,84.4655425548553,991.821017533541,8677.46334847808,1143.94869655371,1406.63787955046,0.754885196685791,23.617321908474,77.1192987859249,1110.60297888517,80.0534030497074
0,3021.79716283083,3.17759037017822,21.1860362589359,18.48728749156,68.8748520314693,21.6609021425247,23.6118615865707,1172.05443692207,44.7372076809406,1184.77774456143,21.0730837881565,11268.1336041093,25.0162058770657,44.4073624014854,99.612503349781,13.4378165602684,17.627876073122,12.6509696245193,20.2072301506996,24.2698424458504,1680.64308124781,17.9162326455116,1271.47102284431,0,437.152934134007,15046.8797145188,59.5700497925282,47.7764241099358,7.93856990337372,738.816308349371,55.9259094595909,0,347.946599245071,2.06694352626801,311.300835520029,284.281339108944,222.75571924448,28.4688110053539,813.397646993399,55.1826840639114,1318.89673304558,145.545273661613,240.207337260246,179.129765063524,56.4619171321392,674.678370654583,9.94362777471542,656.042304575443,0,914.255869477987,5.34974479675293,25.5251573622227,1.80661678314209,53.6600767374039,60.3423514068127,29.1139273047447,84.0436509847641,75.8967723548412,1245.75135165453,52.7316193878651,3202.90510058403,39.5286066532135,40.8559933304787,3.62420323491096,24.5868408679962,33.656558573246,61.3848471045494,28.8120934665203,1.67787605524063,95.4777991771698,21.7741026878357,85.4131147861481,1542.31363579631,1013.65325668454,3368.94932428002,54.0900279581547,70.2462002038956,2.88341671228409,357.983549773693,13.2974236011505,0,252.127865403891,7.21673649549484
446.146032035351,200.61624532938,34608.0193624794,17.164648681879,6.26073405146599,72.3218525052071,448.897379726171,336.463330686092,78.4184039235115,375.543245136738,8742.97064250708,225.816253304482,256.879924207926,1630.17084300518,26.7079841196537,129.176423490047,13776.1881793141,2664.15427687764,18278.7883655131,95.3153710067272,904.013591974974,166.182110071182,15257.1025003791,134.817777961493,437.152934134007,0,38552.9165228605,364.971936494112,1100.0002900362,1061.39155235887,353.912954896688,55.0190402567387,33.8813717365265,4485.93853875995,518.878422796726,10786.6341098547,11341.5709079206,8006.11535856128,3267.73506966233,58.6943944692612,54.4270937144756,98.8665825128555,1295.68036580086,589.532111376524,1345.7507391572,571.113477051258,15.385926514864,24.5856372416019,17.8178187012672,0,501.320217341185,197.968559771776,0,5.18467932939529,0,2.81719714403152,1.55839946866035,20.3735362291336,0,671.163133203983,0,4337.65603819489,3.36142653226852,3.43791148066521,31.9312146902084,1651.80150395632,360.1353546381,1579.53654956818,0,37.9900854825974,86.9732038378716,262.441289544106,17.5054570436478,673.838751077652,11595.1161197722,17106.3023131788,5.01613247394562,13.796518445015,46.790170699358,1656.13225466013,3.34485292434692,0.495193928480148,295.597293615341,170.882558882236
244.913347095251,17795.8843218386,53943.5043580234,42.3790942430496,72.3419585227966,48.1036407053471,297.606776505709,200.968263536692,4585.70165765285,109.47876521945,620.165535837412,107.965772867203,3906.30167743564,1095.14966452122,131.380551427603,8887.81720390916,26914.9802558422,1322.01286950707,4341.14366754889,43.9392546713352,1967.6363158226,14667.5667438209,43634.7726029158,8403.13994368911,15046.8797145188,38552.9165228605,0,1498.30379298329,922.162330925465,1052.73601195216,798.970678061247,29.9551812410355,39.6756460666656,10229.415078938,1863.31750544906,31993.1611094177,10159.0351914465,18834.3496627808,9371.3794375658,184.798171013594,187.483819186687,39.597296923399,10178.3787392676,2357.33281454444,8118.35010312498,3654.41625666618,57.2443054616451,153.334262549877,57.9974990785122,10.6640605926514,7441.57564333081,2882.17094546556,1.20344352722168,65.5192282795906,2.73972994089127,112.796968281269,3.12459707260132,209.371323943138,3.15698343515396,1089.62327244878,2.53246730566025,7706.24889796972,40.1646853387356,20.7690898776054,3466.33739259839,10280.471605435,778.292964786291,4089.62695918977,0.869573205709457,753.66441950202,4136.43776932359,12979.9587237537,1022.79406291246,2559.96171730757,31384.2915816307,102864.236724496,369.845000624657,52.3423708379269,388.999150723219,2953.46145194769,8.67851048707962,0.42302206158638,1483.42941091955,1120.62886855006
515.536084115505,89.7491346895695,563.50663369894,4576.76072385907,350.265797227621,1199.07068806887,61871.2778792083,1457.65934914351,9116.99940258265,6765.47373130918,253.002644300461,918.059842020273,527.001526325941,2054.98570770025,1564.05722245574,3374.91384357214,394.327368289232,102.686462193727,62.7108078300953,954.220232546329,21059.6798219681,1056.23018634319,10354.3671457767,17893.9209693074,59.5700497925282,364.971936494112,1498.30379298329,0,2118.03736713529,34294.4814676344,6.90772441029549,137.499877512455,420.723277688026,2731.96976274252,1174.59276127815,16673.9155646861,1229.03629228473,4211.51403638721,1895.95507603884,1118.35802465677,433.349810808897,31.9439451396465,4446.32795444131,192.542030215263,1177.80649083853,396.489612102509,666.431122511625,310.139292895794,112.744025468826,77.855078369379,75.2056353390217,71.3838105201721,2127.18337470293,27.1702141165733,460.041903555393,7153.37284605205,1258.60532790422,2560.83024826646,4259.65574547648,23.4309814572334,632.472572416067,0.505167484283447,1919.34370261431,163.133442312479,1979.94055765867,67.7583544552326,0.492265254259109,7.48003372550011,764.613883078098,2313.94444254041,1816.70156919956,1544.84866282344,16965.1191101372,21.0246282219887,59.7200141847134,783.288319796324,14895.7393472791,1466.51388344169,2532.81972262263,0,19.4858200550079,112.723545819521,1567.13795927167,256.171422272921
6671.96455821395,3.73510125279427,121.543108552694,429.513374522328,84.7665318846703,999.040055692196,7170.25116226077,1778.39040395617,431.179621189833,5423.06604878604,2154.44039255381,1618.54775863886,518.446566879749,26887.8885710835,396.223217457533,5.14796078205109,2031.47421550751,768.022336900234,748.707346618176,688.615719616413,1589.1470271349,19.4213137924671,2636.36678358912,1119.54227855802,47.7764241099358,1100.0002900362,922.162330925465,2118.03736713529,0,17906.7223007381,55.4453026652336,573.07906010747,5321.60778304935,11729.1082275808,297.746158033609,5585.11549848318,229.573635846376,3305.27988502383,740.334214150906,712.643909394741,1247.86263689399,61.3583362698555,245.19048550725,13.8506579995155,52.2321565151215,34.5225351452827,44.9206770062447,9.65571486949921,26.6504179239273,4.15721160173416,4.32987284660339,5.7105268239975,14.7933771312237,4.42589378356934,11.4220146536827,439.146638542414,21.6296547651291,193.382760852575,33.9897913634777,2.35041305422783,20.0018643140793,4.42962485551834,31.9041795432568,11.1052140891552,28.8859137892723,10.8439384400845,0,1.81714975833893,17.8167058825493,50.0034977197647,82.2447146773338,15.8518490493298,1086.77340310812,0,29.035406857729,110.21623980999,660.720535695553,31.2615998983383,87.9208199679852,0,0.553037047386169,6.82746940851212,35.5116341710091,62.1352100968361
7063.65793898702,9.16261905431747,442.924974948168,5.28681525588036,378.876098722219,170.348598867655,7617.11016607285,1710.90782821178,147.91856020689,307.295530468225,215.451867938042,48.0170251131058,522.204541534185,11925.9022772908,727.563392966986,27.4220311641693,3551.12219277024,103.042284369469,177.758411794901,51.3560329675674,37998.5812885761,33.6265371739864,14265.4284616411,194.955809921026,7.93856990337372,1061.39155235887,1052.73601195216,34294.4814676344,17906.7223007381,0,0.59831839799881,101.821464955807,4848.87865489721,14955.8534966707,2629.24956846237,19401.7843231857,1219.9589034915,12609.1464740038,4554.71226146817,720.544650167227,510.867634177208,19.1826856434345,866.24224036932,51.2891547381878,190.457818090916,164.515925049782,111.930370390415,55.9438278973103,18.7774636149406,12.9032036960125,9.9706104695797,36.6636574268341,8.60873126983643,29.7798291444778,10.4740763306618,747.224872499704,126.061833560467,94.7878731787205,49.6528294682503,5.38656967878342,10.3999328613281,0,242.225565344095,17.7378624081612,329.19947257638,26.200552880764,0,1.55567067861557,3.46792727708817,471.486386448145,216.94861510396,303.255880147219,1589.75197869539,3.18197852373123,16.4501421749592,233.024759680033,1379.64828237891,228.523129820824,586.475671738386,0,7.43274414539337,18.587946087122,178.174177139997,608.726013720036
