0,0.869475543498993,74.6670220196247,1.5628068447113,2.28969204425812,28.7536929547787,1428.93776077032,300.230444729328,0.515797019004822,13.2883198857307,41.4739589095116,6.78089126944542,12.4543405175209,10379.1426470876,4.69651958346367,0.516726195812225,1128.87082642317,73.3698612749577,215.712420731783,7.5026603937149,30.4617980420589,0,484.906415760517,6.09307804703712,2.14333966374397,508.378022938967,230.082395285368,16.8628500401974,14541.3832134902,8871.35539421439,0,0.608386158943176,28.6006372570992,252.956554383039,46.9178451001644,109.744101822376,9.28354135155678,151.802480578423,35.3371149897575,4.28085207939148,3.72772037982941,0,3.13691341876984,5.21710142493248,0.398908317089081,0.522679328918457,0,0,0,0,0,3.41837853193283,0,0,0,1.0388023853302,0.59848940372467,0,0,0.824978351593018,0,0,0.341675668954849,0,2.03315818309784,2.97249925136566,0,0,0,0.556304037570953,0,3.87104088068008,20.0644498765469,0,13.9793629348278,24.2434916198254,11.4053875207901,0.516607940196991,1.06642681360245,0,0,0,0,3.5335601568222
0.869475543498993,0,3.73683249950409,0,22.7305020987988,2.48837804794312,3.98327282071114,4.41617983579636,3489.81246742606,0.545599579811096,34.3537402153015,2.28379899263382,1417.55148088932,0,213.990325421095,957.759149760008,19.8612162470818,0.648769557476044,8.12953579425812,1.62327837944031,112.846324115992,3406.55034697056,111.530427902937,4137.56696474552,9022.17140936852,117.867963522673,16098.8280811906,124.949362009764,3.77501994371414,0,68.5155608654022,1.02701961994171,0,16.6180329620838,9.51866447925568,37.3336385190487,85.4800075292587,61.7720600664616,9.92832961678505,111.796209424734,2.11737024784088,1138.56855273247,247.887830972672,212.245033621788,46.5781191885471,56.242335498333,6.19018229842186,1.5023518204689,727.645501971245,0,1082.84479314089,244.984858512878,7.95467704534531,0,0.603417038917542,18.3150423169136,2.50555527210236,41.3310373723507,5.07786273956299,251.732094824314,2.89758870005608,903.03616258502,7.48929259181023,1.10918363928795,19.8763121962547,206.246477663517,3.65103149414062,46.100576788187,0,12.7264451086521,76.571222871542,65.2092649638653,60.5575693249702,319.158068537712,1034.48148956895,8315.8494412899,52.3150519132614,3.49662864208221,25.0200912952423,207.040667980909,0,0,18.8506668806076,9.61081326007843
74.6670220196247,3.73683249950409,0,5.69289323687553,10.7613157629967,40.6344839930534,5241.26996275783,528.544669151306,13.0058661699295,35.1020279228687,217.728947758675,31.3836664557457,309.041160702705,901.738836735487,17.4489631056786,14.9083198308945,10475.9506151676,283.180931299925,844.783229023218,22.4856058359146,4095.35846427083,15.7549510002136,47141.7381225824,278.746326446533,6.09913441538811,92823.2095972002,7318.50319698453,3344.95537996292,308.723433196545,2095.09705075622,10.8416537046432,11.1043033003807,33.9476947188377,2710.54788669944,933.037809789181,4278.7074893117,832.692401468754,3352.4229747653,3192.60116326809,30.657567858696,66.5340258777142,7.46808767318726,768.075104236603,78.6941930651665,193.171059072018,197.657263994217,21.5608322024345,3.39370483160019,1.13054752349854,0.533956289291382,22.0732037127018,1633.12885770202,0,8.88324910402298,0,120.728999525309,5.82870012521744,10.3663421273232,0,13.8733112215996,0.407747179269791,0,18.0177534520626,0,93.2931207120419,551.355330169201,31.7773653268814,38.2218723595142,0.4547358751297,80.1132799983025,13.919192045927,1533.45144203305,149.993301868439,2.90817368030548,262.096434026957,4703.66833931208,151.527456343174,12.9241799712181,143.932758539915,0.767333984375,0,0,57.949871212244,293.259640663862
1.5628068447113,0,5.69289323687553,0,153.380441516638,295.331108659506,620.702310681343,367.507895797491,3494.95358109474,8442.70572915673,112.91823297739,2680.12976676226,187.687250316143,333.552664101124,1062.24462863803,0,5.11105859279633,12.8350251615047,2.73374417424202,32069.8929872215,0,1.15248489379883,2.3795191347599,5266.78611272573,11.3334339559078,22.1540943086147,3.57851898670197,10655.0091247559,280.562150150537,13.9687832891941,0.6347536444664,38.5454369485378,8.53816521167755,325.820050984621,117.351762056351,767.37646484375,20.3686559796333,197.000051110983,28.0580800175667,949.756950825453,129.710688918829,22.7611149251461,104.28258305788,3.38629248738289,15.0406642854214,12.4551559686661,565.178083926439,2.86807852983475,2.95464479923248,2.52777856588364,0,0,1692.20229637623,6.49115741252899,312.974788546562,328.757488697767,54.211100846529,519.001391023397,1622.7266715169,42.6694834828377,779.677908152342,0.563410818576813,90.837807148695,154.966677486897,1.57425290346146,0,4.15965875983238,0,663.953618735075,1.15156483650208,0,0,1471.80677652359,0,7.86360758543015,2.05845582485199,2882.15812394023,60.9160578250885,0.656760454177856,0,18.2959180027246,0,56.9411539435387,4.69044262170792
2.28969204425812,22.7305020987988,10.7613157629967,153.380441516638,0,1114.99064642191,244.963201314211,129.952288895845,425.102415561676,209.521868139505,19.0036313533783,1192.0285550952,40.2137497961521,102.596119999886,2602.19733685255,11.0274089574814,11.5647565722466,1.54824608564377,2.43143832683563,189.042964875698,259.191231697798,35.7335344552994,259.758524060249,437.494704276323,30.3559104502201,13.7712575495243,71.7301290929317,350.450647294521,43.5334855318069,263.584067672491,0,827.962960034609,0,126.641018688679,5137.36040565372,186.071259170771,36.4990336298943,34.9737331867218,56.8769182860851,8106.217805475,161.459824591875,4.96258664131165,57.1289628148079,38.3878409266472,6.14202904701233,105.252519965172,101.796314835548,1.71108484268188,0,0,0,3.65384632349014,20.2866405248642,0.984605669975281,36.9622811079025,56.0076625645161,4.7025111913681,5.71479994058609,59.0764909386635,15.5702436864376,58.3118632435799,0,11.1750470399857,25.6264559030533,4.94288194179535,2.58126801252365,16.5019718408585,5.72813123464584,19.3528166115284,24.1516179144382,0.621901035308838,64.5294739603996,80.7608545422554,1.45218920707703,33.7479833960533,39.6136868298054,106.484810501337,4.66346377134323,36.6335399746895,0,4.01044607162476,0,2.14660435914993,2225.4348936975
28.7536929547787,2.48837804794312,40.6344839930534,295.331108659506,1114.99064642191,0,7082.5412003994,19850.8815939128,345.176054626703,23497.2933765948,548.82589790225,11318.0958707929,266.605701476336,3071.3067394197,2102.69310596585,0.516122877597809,155.497223049402,125.218661308289,67.567033290863,1883.42787107825,40.73905813694,5.10332891345024,111.171143770218,204.782791256905,34.6759603023529,282.119740337133,155.908430755138,498.479042410851,965.584547877312,482.19581925869,12.2959063053131,551.777018755674,19.9660068452358,953.922095268965,10156.2527892888,1940.5988573432,54.5271180570126,401.558570057154,78.2813582420349,3764.74595448375,679.621047049761,57.646997243166,34.5880266129971,2.46720904111862,12.3278713226318,8.28119850158691,160.566367566586,0.620948135852814,5.75181841850281,0,0,1.86829942464828,52.4968039989471,6.62429428100586,73.442990988493,122.511591166258,3.06155425310135,24.4800682663918,145.107898741961,74.0529353916645,138.982395917177,0.751865983009338,10.1436844170094,31.9253367483616,3.67128449678421,0,1.03660845756531,0,35.6583783626556,0,0.797590911388397,2.68820482492447,182.429239720106,0,3.21374952793121,4.50477313995361,305.445980995893,5.23363026976585,4.40235543251038,0,3.63195663690567,0.633554220199585,1.14898538589478,580.51907646656
1428.93776077032,3.98327282071114,5241.26996275783,620.702310681343,244.963201314211,7082.5412003994,0,19991.7894000411,1341.54531106353,20909.0644249022,1295.50241398811,768.803451240063,2674.89652994275,24731.8435444534,1094.60830685496,14.9846402406693,1116.7190425396,341.064326763153,278.49018651247,408.782510578632,1876.13178256154,11.6444093286991,2745.22135129571,4527.75836473703,269.687992304564,2380.46884477139,1400.24250587821,68956.9056092799,10028.4604797065,11098.2664294243,35.4897663891315,190.652101665735,696.253091067076,4124.57097423077,4437.72016695142,11745.2735000849,598.075620234013,4536.93182060122,1132.26242381334,1305.48605307937,1297.76201188564,196.139933675528,3469.37686815858,58.1699324548244,234.801066815853,237.218377828598,3286.92451128364,134.155450165272,33.8325935602188,33.5805770754814,5.05268728733063,152.164953798056,433.127286046743,54.7468327283859,954.390121638775,7125.64534217119,902.909071564674,400.419262170792,1295.54956769943,586.382156640291,352.305375903845,10.066032409668,1090.10642068088,187.592073261738,289.971409827471,19.5614553391933,0.560449838638306,0.380020409822464,340.968797981739,130.224657028913,53.8427233099937,218.359098523855,6680.42967218161,0,0.506621420383453,497.253693044186,11215.8416935205,861.902828514576,386.352385848761,0,134.956956371665,6.20840218663216,689.67180788517,422.168053090572
300.230444729328,4.41617983579636,528.544669151306,367.507895797491,129.952288895845,19850.8815939128,19991.7894000411,0,176.124126642942,15342.5153465569,1242.91916570067,4803.25851082802,445.677459210157,27713.5031267405,418.152573525906,8.25279778242111,2000.13573333621,429.620533198118,532.014865964651,1911.47727155685,244.098779290915,2.19741356372833,1246.64008805156,170.885658532381,90.1869919598103,2065.88858506083,990.872987657785,899.949350178242,2504.08313155174,6969.46262267232,28.8038842380047,176.104645878077,115.68906879425,1589.57215632498,1409.35478490591,5598.6410703361,175.254942506552,1103.78194361925,392.254045605659,2740.34500235319,906.972592502832,55.0103798210621,201.463490366936,8.95056986808777,17.0219844281673,12.7607643604279,274.832514733076,5.39262235164642,6.69748374819756,0.588172733783722,2.09572958946228,12.1129330694675,34.1089413166046,5.38263511657715,71.1339627206326,675.042512029409,13.3353338241577,39.6703629493713,89.1412620544434,68.9282047748566,110.934689134359,1.15791547298431,22.9046520888805,22.9438798427582,31.7024021446705,2.48209995031357,0,0,24.9653566777706,12.0065523982048,8.44971451163292,18.1192560791969,791.962751239538,0.846696376800537,2.00198781490326,101.1682048738,1117.76896092296,24.281240105629,37.7753697633743,0,2.29657649993896,0,15.7982773184776,133.468770802021
0.515797019004822,3489.81246742606,13.0058661699295,3494.95358109474,425.102415561676,345.176054626703,1341.54531106353,176.124126642942,0,1737.43787321448,60.3321332037449,4918.6762484014,484.435427099466,184.403060674667,2887.63751059771,35.8814569711685,4.69783321022987,9.37129276990891,12.7557077407837,2301.78506708145,19.4768294990063,11581.6397092938,7.22379326820374,21126.0988714993,1750.82081010938,42.8334501981735,3463.70220777392,6936.73025271297,246.090149700642,13.7887682020664,29.9594407081604,77.882544785738,37.7603960931301,215.540196418762,231.776904672384,596.26361811161,46.0532454252243,192.006363034248,28.0778460502625,2176.37261766195,114.99457192421,164.774644911289,450.632187217474,62.9071986675262,29.8736860752106,45.3281354308128,2433.94589081407,10.3536356091499,241.414167612791,14.1274982094765,19.2252482175827,3.71265789866447,759.836896240711,95.0575186610222,697.92467597127,786.940822511911,191.552009433508,3474.22045075893,1894.21746253967,257.835179150105,1827.87555238605,333.250626116991,225.238611727953,797.409940183163,449.453281372786,9.05676984786987,61.408562630415,6.43046033382416,620.658744424582,189.285600274801,416.869986057281,109.360110163689,7977.54099017382,89.5852308571339,83.0105507969856,148.947297096252,4538.48180311918,210.445713490248,89.1092629134655,66.7251046895981,148.099624842405,5.28919833898544,85.2767030000687,75.3250727653503
13.2883198857307,0.545599579811096,35.1020279228687,8442.70572915673,209.521868139505,23497.2933765948,20909.0644249022,15342.5153465569,1737.43787321448,0,1477.28909423947,10658.1586229801,2118.5046955049,6747.83029907942,807.85153183341,0.364196419715881,119.188590198755,348.556627571583,168.002126842737,17722.7063757479,31.7193402349949,0,59.709304690361,1461.13847330213,78.2295377552509,607.846159249544,235.292961329222,5975.61122247577,3807.73098406196,315.443451076746,30.2702084481716,270.21817997098,33.9515939354897,3485.47320505977,1169.8495234549,8551.34708622098,216.630834579468,2059.45242619514,230.882420450449,1491.78479734063,1429.89544528723,230.938727557659,147.283870846033,3.16704005002975,38.1700231134892,11.8923806548119,1101.63502204418,12.535630106926,26.129153072834,0,0,0,1059.58116263151,28.4370006322861,569.02062562108,981.380600631237,46.1478035449982,498.028534203768,2955.27049851418,180.28906661272,1210.65372443199,7.36063930392265,78.4291341602802,244.905956864357,1.17621433734894,0,0,0,843.915709853172,1.11247578263283,0.526772499084473,0.529543340206146,2269.97528994083,0.55268132686615,0,3.79336598515511,4843.97450941801,34.8439421355724,3.12782245874405,0,8.10472670197487,0,97.7411606907845,53.0001930594444
41.4739589095116,34.3537402153015,217.728947758675,112.91823297739,19.0036313533783,548.82589790225,1295.50241398811,1242.91916570067,60.3321332037449,1477.28909423947,0,1388.1740269959,8250.28566718102,1311.8445007503,64.0120470523834,11.8557836413383,2843.65329673886,11310.2275151312,3950.98307156563,564.065058022738,211.110704153776,12.0875009298325,624.190215319395,71.4995343983173,921.460630536079,8359.13135892153,1486.67558220029,281.649158775806,1228.02987390757,327.586454480886,651.089115560055,509.337086617947,73.4259576797485,19422.0026435554,245.135529220104,3697.65974450111,4245.0939900279,8864.32050409913,1879.8236272037,648.59289586544,111.014890253544,2515.35400611162,60.4957033395767,848.325712710619,80.5829684138298,39.2163783311844,64.1239967346191,8.71249216794968,2105.60561960936,3.4590562582016,43.4722616076469,13.1942229270935,1.39814507961273,4.85633581876755,3.01221138238907,22.0386627316475,3.98053324222565,14.5748398303986,4.11946821212769,1243.6492408812,20.6260288357735,2313.0693128109,7.25317752361298,5.22099387645721,14.6093067526817,15.8610925972462,0,1.33682668209076,0,0,9.15951192378998,15.0156680345535,68.2539444863796,160.504258513451,497.41246765852,640.702881515026,14.5749961733818,10.0929014384747,0.406576603651047,1008.90543082356,24.5852661132812,0,36.2828556895256,133.833364188671
6.78089126944542,2.28379899263382,31.3836664557457,2680.12976676226,1192.0285550952,11318.0958707929,768.803451240063,4803.25851082802,4918.6762484014,10658.1586229801,1388.1740269959,0,673.675532668829,3170.48609733582,7182.23033022881,1.25439703464508,125.357680737972,377.640055418015,206.182020306587,9557.79627844691,7.93658205866814,0.642518222332001,45.1601685285568,1553.86406192183,79.2885564565659,657.76650723815,241.163563668728,2309.49000895023,1600.93323600292,81.6601191163063,38.0000948607922,415.569170206785,3.36103847622871,1941.92753213644,785.12226960063,2894.94726788998,140.118081212044,744.743962615728,116.234049737453,6250.76031330228,780.236190259457,189.244543373585,139.087956756353,8.07539367675781,28.7622272074223,26.4147720038891,1384.32571366429,2.09015429019928,20.4793973565102,0,0,2.08396881818771,462.721938461065,59.6589388847351,433.533761173487,274.541209965944,73.0071637779474,166.395929068327,1356.26058414578,211.163382172585,3029.17166155577,2.67443919181824,78.4491154849529,353.888958781958,1.17116546630859,0,13.4381148815155,1.20851498842239,484.28275552392,2.79338365793228,0,1.35093545913696,823.689656704664,0.710217177867889,7.67876833677292,2.18440541625023,1502.51798221469,50.8764097392559,4.40011590719223,0,41.2876599133015,0,41.1801556944847,69.2444126009941
12.4543405175209,1417.55148088932,309.041160702705,187.687250316143,40.2137497961521,266.605701476336,2674.89652994275,445.677459210157,484.435427099466,2118.5046955049,8250.28566718102,673.675532668829,0,434.52210354805,243.978131234646,148.300324380398,120.313731014729,189.489579051733,132.015141636133,473.905499905348,654.694754868746,377.478436768055,1126.09741351008,646.884821385145,10310.0841364563,1033.28190657496,2044.91916885972,1727.19690179825,291.754610002041,1114.97265768051,3284.58658877015,98.7289522886276,52.5839591622353,4328.53635883331,1012.59842994809,5778.62506237626,5702.04420661926,6203.75792694092,2600.26719591022,2462.32156461477,1364.14023578167,5849.93267315626,344.066721916199,3123.5753262341,252.927817076445,85.1519150137901,557.029975295067,38.2267535924911,8867.33313399553,0.587559998035431,311.107765197754,26.840848326683,8.92884284257889,1.16294360160828,40.8876877725124,535.597349524498,50.9733712822199,107.410936027765,48.1763696372509,4341.71281737089,70.3372542858124,18462.3832046688,36.2325086444616,57.8939762115479,30.5343303084373,15.3830060064793,18.2736185193062,1.64632987976074,25.1360142827034,16.1888086795807,67.9851579070091,111.218441545963,720.566329956055,1750.263281703,1887.32527405024,3674.63815626502,756.077973246574,65.1719806492329,28.5359789133072,4601.23399874568,143.041860744357,0,156.864394187927,249.822758257389
10379.1426470876,0,901.738836735487,333.552664101124,102.596119999886,3071.3067394197,24731.8435444534,27713.5031267405,184.403060674667,6747.83029907942,1311.8445007503,3170.48609733582,434.52210354805,0,391.016890913248,12.7109640240669,6626.7159742713,833.589852869511,1504.94018226862,1436.9079874754,353.293924301863,6.47294342517853,3034.47224995494,250.237938016653,61.3026615381241,4459.08060052991,2237.63133180141,1213.39247134328,26148.7107164562,31119.2561594546,34.4769340157509,420.024120718241,181.046151936054,2776.94311445951,911.991229981184,4050.78381818533,223.394338071346,1605.61674812436,518.186971396208,879.83534064889,246.176315277815,38.2984216213226,168.207910448313,17.7755126357079,16.0303547084332,7.81175425648689,284.958899021149,0,4.62511017918587,0.890193104743958,0.632351219654083,22.3909974098206,50.8072397112846,6.61509227752686,50.5577750504017,730.361700594425,15.4676640629768,52.2317813336849,90.4964101910591,39.4313235580921,79.4162340164185,3.53458353877068,14.2082307338715,17.7221762537956,43.3712801039219,8.47939878702164,0,0,25.9258469045162,13.3299353718758,14.1512913703918,42.3056352436543,833.383293539286,0,14.0372177064419,176.221329241991,1208.44476932287,16.620049893856,41.0734588503838,0,0.318332254886627,0,27.3892880380154,53.1801429986954
4.69651958346367,213.990325421095,17.4489631056786,1062.24462863803,2602.19733685255,2102.69310596585,1094.60830685496,418.152573525906,2887.63751059771,807.85153183341,64.0120470523834,7182.23033022881,243.978131234646,391.016890913248,0,7.65353453159332,28.0772073566914,18.9084773361683,5.86297029256821,1208.10075998306,238.191491544247,367.865267395973,146.98676559329,3215.85814505816,109.902814984322,34.6950152814388,233.544002234936,1937.83081763983,180.397015035152,484.324891656637,6.28856986761093,313.714879393578,17.082061111927,152.115665823221,3200.32907697558,710.345357775688,40.7437754273415,154.249387532473,51.7831007242203,3567.38878822327,243.988162219524,27.5710731744766,82.1006444096565,28.662505030632,6.9027444422245,54.3731702566147,289.50002476573,3.51879668235779,7.93979859352112,0.645656287670135,1.81854104995728,6.77083021402359,36.2110221385956,16.6383528709412,69.7988990843296,222.712185978889,18.8237507641315,29.9655313789845,118.764634311199,65.6409751176834,184.72824805975,7.67906808853149,29.3330602645874,44.2083932161331,36.1523957550526,0.902616024017334,7.11463272571564,1.01015853881836,36.5175372064114,30.8175669014454,18.5153599977493,54.12431204319,317.207270681858,3.6893704533577,28.74867862463,29.4186402857304,450.415522366762,21.8249776959419,27.4537473917007,0,14.5825491845608,0,11.6162669658661,1213.76287069917
0.516726195812225,957.759149760008,14.9083198308945,0,11.0274089574814,0.516122877597809,14.9846402406693,8.25279778242111,35.8814569711685,0.364196419715881,11.8557836413383,1.25439703464508,148.300324380398,12.7109640240669,7.65353453159332,0,28.5832415819168,9.02943259477615,10.1965644359589,0,14325.6794706881,4601.49750906229,5711.55125123262,6041.00331091881,424.112012654543,69.4626927375793,11435.938639015,2797.50501203537,3.48329478502274,55.8707710504532,2.92670553922653,0.542375564575195,0,79.4606865048409,858.190277189016,2368.30395495892,1057.05344820023,828.604683339596,935.436436116695,20.7353881001472,14.2947887778282,15.8616153895855,391.630392074585,39.2156647443771,66.6247448921204,78.3640043735504,100.61015111208,9.86771392822266,14.5951760709286,17.0869440436363,33.9556678533554,78.2369659245014,1.38173687458038,4.42246431112289,13.830009996891,61.505660623312,29.9771644473076,527.887683272362,4.62127208709717,56.91396895051,7.21394336223602,18.118306607008,57.1431883573532,102.357711672783,20873.9465527534,157.972701907158,3.82812857627869,7.90071734786034,2.12269639968872,3736.0921818614,2104.15414264798,9169.95906639099,3672.86754304171,8.52991831302643,41.1622663140297,1732.34688486159,3553.38019490242,203.006335765123,562.716863572598,9.48267990350723,6.46129310131073,5.59343329071999,42.0089744925499,163.32910656929
1128.87082642317,19.8612162470818,10475.9506151676,5.11105859279633,11.5647565722466,155.497223049402,1116.7190425396,2000.13573333621,4.69783321022987,119.188590198755,2843.65329673886,125.357680737972,120.313731014729,6626.7159742713,28.0772073566914,28.5832415819168,0,2764.362439394,9433.55036866665,44.465076059103,2793.09030762315,28.5325879454613,19000.7685923576,80.9535845816135,2.77399918437004,13441.9936615229,26968.4114100039,785.347778469324,6126.33340361714,7219.64969006181,10.0473104715347,41.6744036972523,729.243510454893,15328.2619251609,263.120990037918,1377.18041774631,1296.92757627368,1871.70982244611,816.532505244017,66.4370717406273,38.7497591674328,2.04886662960052,629.578151643276,204.14293551445,165.64371496439,180.988824397326,7.28768008947372,0,0.740426659584045,0,26.6809376478195,1203.86585867405,0,2.97022271156311,0,35.5589382648468,0,3.08413416147232,0,18.5621472597122,2.68039029836655,0,2.79085791110992,0.605426430702209,50.4351534843445,938.370642453432,17.7449082732201,43.1114484667778,0,27.2154816389084,16.8517463505268,448.174152523279,25.7076816260815,0,692.315730214119,3691.58289188147,44.6723631620407,0,94.1769986748695,2.79213231801987,0,0,37.4041362702847,87.061332821846
73.3698612749577,0.648769557476044,283.180931299925,12.8350251615047,1.54824608564377,125.218661308289,341.064326763153,429.620533198118,9.37129276990891,348.556627571583,11310.2275151312,377.640055418015,189.489579051733,833.589852869511,18.9084773361683,9.02943259477615,2764.362439394,0,9457.27536308765,159.836989372969,180.583530902863,9.4610378742218,702.655705600977,15.9177692830563,3.71003341674805,7184.84748646617,1388.75125968456,47.1291680037975,746.015075922012,336.700199484825,25.1622724533081,97.6672075092793,60.4940005242825,3972.92158615589,259.976520359516,2737.9301020503,2717.79668477178,4559.34912565351,1579.26504650712,131.850843787193,25.3988997340202,3.31142503023148,53.1833193898201,28.1226110756397,4.9634096622467,20.2948788404465,0,0,4.37733107805252,0,2.27279990911484,23.7861005961895,0,6.19359046220779,0,0,0,2.23508536815643,0,13.3788892626762,3.29992216825485,8.73726433515549,0,0,1.52970731258392,25.316710293293,0,3.0867828130722,0,1.16100358963013,1.1563628911972,17.0393905937672,0.502950012683868,6.41670995950699,143.242895036936,214.517919927835,0,1.86668527126312,0,23.8198093175888,0,0,1.27526712417603,206.422783464193
215.712420731783,8.12953579425812,844.783229023218,2.73374417424202,2.43143832683563,67.567033290863,278.49018651247,532.014865964651,12.7557077407837,168.002126842737,3950.98307156563,206.182020306587,132.015141636133,1504.94018226862,5.86297029256821,10.1965644359589,9433.55036866665,9457.27536308765,0,74.8693730533123,363.63684758544,4.83953157067299,1477.35154283047,11.6619207262993,3.74879825115204,14504.4244865775,3843.03506779671,94.1177138388157,1153.85527735949,826.457000494003,3.21218258142471,52.8751451671124,87.7360617220402,5469.01658025384,177.76085332036,2053.29428628087,1236.40833571553,2095.89230132103,889.017679154873,64.5929526090622,15.5306528508663,2.4463175535202,185.763429224491,119.383802205324,24.3757147789001,60.6944717764854,2.50548672676086,1.09785711765289,2.05142858624458,0,17.1975511908531,152.739711552858,0,2.72314250469208,0,6.87775349617004,0,0,0,5.1260407269001,2.37282395362854,1.74892210960388,0.792476832866669,0.612415194511414,15.7571459114552,222.057768732309,2.40264186263084,46.4215611815453,0,4.22934192419052,0,45.1728825867176,0.432536453008652,3.01640474796295,734.50943672657,1165.67047336698,1.10209667682648,0,25.489953070879,12.0020333826542,0.337777823209763,0.40339270234108,5.26929131150246,111.303082406521
7.5026603937149,1.62327837944031,22.4856058359146,32069.8929872215,189.042964875698,1883.42787107825,408.782510578632,1911.47727155685,2301.78506708145,17722.7063757479,564.065058022738,9557.79627844691,473.905499905348,1436.9079874754,1208.10075998306,0,44.465076059103,159.836989372969,74.8693730533123,0,13.8002961874008,1.49079895019531,24.153020709753,1785.90260905027,37.9907272160053,277.029306143522,124.603511214256,7956.96944698691,846.50011703372,105.322911888361,20.4947357177734,109.276480555534,3.95996338129044,757.982481986284,219.50883230567,2360.33963301778,94.3683244287968,383.93442940712,55.7924234867096,1431.13077619672,347.828703194857,70.713526904583,113.132183939219,1.58844915032387,17.5897263884544,18.5763254165649,1019.3455927968,12.4630578756332,10.9850689768791,0,0,0,1063.8995206356,27.0117811560631,438.914674907923,428.09423995018,75.5349422991276,214.862386524677,2024.39930692315,79.5564385950565,1321.1866004467,5.04711869359016,70.2518431246281,273.360301166773,0.458289295434952,0,0.62246161699295,0,659.491111129522,0.891151785850525,0,0,1457.75976291299,0,0.810347378253937,0.429514735937119,2882.75493234396,56.512336730957,0.470913082361221,0,25.4712826311588,0,51.215742379427,20.5208125114441
30.4617980420589,112.846324115992,4095.35846427083,0,259.191231697798,40.73905813694,1876.13178256154,244.098779290915,19.4768294990063,31.7193402349949,211.110704153776,7.93658205866814,654.694754868746,353.293924301863,238.191491544247,14325.6794706881,2793.09030762315,180.583530902863,363.63684758544,13.8002961874008,0,397.824116289616,48726.0773275793,886.994145482779,351.712969869375,3615.04397681355,3774.06545186043,41685.2205145955,349.004346758127,28441.0815996528,5.60122734308243,12.0328734815121,179.169310212135,11837.365249604,11145.9080952704,16368.5762911141,3646.32159218192,16994.2862375379,7415.91230684519,348.406397551298,155.723282307386,33.5285879969597,453.527082890272,56.4034846127033,50.1782392263412,71.2572365999222,119.537573188543,14.7841230034828,7.12789595127106,58.9054528176785,8.33556890487671,56.5276723504066,3.09683680534363,24.521751999855,22.1546104848385,115.903937250376,62.8552067279816,317.85891982913,3.04108658432961,127.35815757513,9.27402943372726,1.98154944181442,114.708034545183,65.3088444173336,3659.89901894331,78.0634448826313,0,1.09650787711143,0,2323.58560311794,714.481716364622,1251.60322567821,4093.40157938004,2.49868035316467,23.5919494628906,498.494773447514,4664.1141114831,512.337423175573,1160.20718303323,0.556015849113464,16.6710570454597,20.2640857100487,68.8885110020638,1353.49000093341
0,3406.55034697056,15.7549510002136,1.15248489379883,35.7335344552994,5.10332891345024,11.6444093286991,2.19741356372833,11581.6397092938,0,12.0875009298325,0.642518222332001,377.478436768055,6.47294342517853,367.865267395973,4601.49750906229,28.5325879454613,9.4610378742218,4.83953157067299,1.49079895019531,397.824116289616,0,277.597658276558,22118.0478258133,1782.60228213668,24.0933816730976,17583.2695269287,873.240947693586,2.00400727987289,5.15393435955048,15.7449216246605,4.72727811336517,0,22.3416315615177,12.3561813831329,63.8606932461262,40.0317280292511,45.4427926540375,28.6386578679085,179.266522824764,6.04886567592621,269.221678316593,282.973207384348,77.9331935346127,58.2952047586441,78.2098129689693,79.8906957507133,1.47517442703247,236.366906136274,5.91321969032288,336.149453639984,162.161836802959,3.85039496421814,7.25867998600006,10.6231188774109,27.2313640415668,10.3272969126701,425.466945290565,9.21630865335464,106.313735574484,19.9188570380211,356.930158764124,19.0056362748146,46.7751469016075,6134.60228654742,126.306236892939,14.1490426659584,10.7239125669003,0.793182075023651,665.620642244816,3010.94387593865,1055.35895699263,1699.55869096518,133.444713741541,176.31240054965,4709.63116198778,983.39033845067,66.2989429533482,146.984702438116,122.746969878674,4.05661523342133,5.63795930147171,33.3747893869877,45.6731771230698
484.906415760517,111.530427902937,47141.7381225824,2.3795191347599,259.758524060249,111.171143770218,2745.22135129571,1246.64008805156,7.22379326820374,59.709304690361,624.190215319395,45.1601685285568,1126.09741351008,3034.47224995494,146.98676559329,5711.55125123262,19000.7685923576,702.655705600977,1477.35154283047,24.153020709753,48726.0773275793,277.597658276558,0,1529.62277767062,194.864705890417,19811.921357125,38004.2749954164,10083.3986595273,1945.82389503717,17801.4072297513,23.8106900155544,34.0576859414577,307.679979145527,16575.0951400995,15866.2567636073,34578.5006742775,8518.0916339457,33950.3904054165,22632.6677714884,428.705848842859,301.48412078619,41.6706627607346,1443.68110540509,107.926200836897,375.621032208204,437.560075968504,72.507045596838,4.23247975111008,1.05960237979889,6.70096105337143,12.9418739676476,635.040268033743,5.28964155912399,45.9786192476749,5.32337155938148,141.618711054325,19.8899668157101,232.730787456036,3.32004272937775,73.8528607785702,7.7644259929657,4.19652128219604,36.6657204031944,34.1862215995789,15094.3490982652,291.774714440107,32.1991961747408,30.8533412367105,0,3217.71474918723,626.711079806089,16513.5824011862,1857.70146635175,0,150.678611919284,14596.2209935188,2607.20163181424,126.937149971724,526.357749432325,0,13.442393630743,9.47148045897484,58.2143660783768,2452.75097730756
6.09307804703712,4137.56696474552,278.746326446533,5266.78611272573,437.494704276323,204.782791256905,4527.75836473703,170.885658532381,21126.0988714993,1461.13847330213,71.4995343983173,1553.86406192183,646.884821385145,250.237938016653,3215.85814505816,6041.00331091881,80.9535845816135,15.9177692830563,11.6619207262993,1785.90260905027,886.994145482779,22118.0478258133,1529.62277767062,0,1924.91853889823,83.2953698635101,7705.42668989301,22161.5290730298,559.275800973177,60.9145739674568,28.6143226623535,78.6601258516312,99.5358063578606,387.402647048235,740.817406624556,1508.46932989359,161.568089455366,625.193685919046,268.086972475052,1341.34266236424,123.38887912035,169.023061364889,3153.29065224528,149.33098423481,227.055162787437,232.176764577627,1977.09309959412,121.210346221924,224.865374416113,94.0392974615097,45.1575780212879,33.4277183115482,887.265513211489,49.0342119634151,813.460343569517,5513.47259297967,1041.84892337024,2479.91401800513,1415.54106804729,555.576786756516,800.300564289093,222.42811408639,1322.20496073365,297.314227700233,3112.6219984591,43.0206923186779,19.0313138067722,8.2067084312439,710.550631314516,964.013314306736,1607.73554646969,1130.12202936411,23269.8886956275,103.909086883068,20.3953078389168,1048.11635813117,16797.5153096914,1543.5639616847,1236.35470485687,26.3900865018368,244.416651576757,13.3077707886696,503.921240329742,299.863192439079
2.14333966374397,9022.17140936852,6.09913441538811,11.3334339559078,30.3559104502201,34.6759603023529,269.687992304564,90.1869919598103,1750.82081010938,78.2295377552509,921.460630536079,79.2885564565659,10310.0841364563,61.3026615381241,109.902814984322,424.112012654543,2.77399918437004,3.71003341674805,3.74879825115204,37.9907272160053,351.712969869375,1782.60228213668,194.864705890417,1924.91853889823,0,123.441984683275,5958.01860845089,438.722672104836,49.0395863056183,63.3028076887131,215.218828290701,23.6972402334213,2.43568223714828,445.486772745848,19.5464891195297,377.534219741821,152.369076818228,593.472994863987,77.7344042062759,1737.5821711123,156.248359978199,1432.31692677736,911.912185370922,124.716978102922,30.5204293131828,49.8983459472656,1555.99968391657,24.7425355911255,588.562306165695,0.79768294095993,290.165496945381,40.056737780571,10.5613420009613,17.8116606473923,84.5264227092266,139.116304695606,143.073385596275,45.721738666296,81.4560976028442,513.788020849228,80.9551020562649,2293.74447512627,145.468501269817,67.5438816845417,17.5826486349106,37.2400085628033,12.9668463468552,30.3990097343922,21.35647174716,3.19402426481247,53.4980177879333,12.1075417399406,159.450351685286,1444.22854086757,622.99546033144,3484.02886614203,141.864266246557,93.9056289494038,13.9369313716888,450.530173540115,134.688993006945,0.779082953929901,31.8806776702404,20.315486073494
508.378022938967,117.867963522673,92823.2095972002,22.1540943086147,13.7712575495243,282.119740337133,2380.46884477139,2065.88858506083,42.8334501981735,607.846159249544,8359.13135892153,657.76650723815,1033.28190657496,4459.08060052991,34.6950152814388,69.4626927375793,13441.9936615229,7184.84748646617,14504.4244865775,277.029306143522,3615.04397681355,24.0933816730976,19811.921357125,83.2953698635101,123.441984683275,0,24518.933508575,928.676612496376,2354.66266357899,3736.63126701117,1056.03085583448,198.888364762068,170.799233704805,6406.53610166907,1336.50665310025,14478.9528236091,11761.4416961074,8930.89180675149,5137.75352755189,270.165135502815,121.926535815001,36.0280866622925,1601.29147073627,1520.40130007267,259.344418376684,490.37796202302,21.2186495661736,6.68427234888077,240.543673306704,1.08002960681915,374.330257385969,789.297796964645,0,36.2647330164909,0,41.8175189495087,1.21743595600128,9.01373654603958,0,607.785677105188,10.3421748876572,1588.24092394114,6.11996027827263,1.93586614727974,35.0317229628563,1482.66540336609,49.4363412559032,1040.28447115421,0,66.8620022833347,32.31139549613,335.968575924635,56.6910346746445,552.890082120895,15067.2545666993,22297.8617434204,19.4588332176208,5.8864024579525,215.419207930565,3165.23746976256,1.23954540491104,0.364581435918808,97.0505858361721,834.413674175739
230.082395285368,16098.8280811906,7318.50319698453,3.57851898670197,71.7301290929317,155.908430755138,1400.24250587821,990.872987657785,3463.70220777392,235.292961329222,1486.67558220029,241.163563668728,2044.91916885972,2237.63133180141,233.544002234936,11435.938639015,26968.4114100039,1388.75125968456,3843.03506779671,124.603511214256,3774.06545186043,17583.2695269287,38004.2749954164,7705.42668989301,5958.01860845089,24518.933508575,0,5216.7065782845,1472.51870557666,2184.68755427003,928.593284994364,101.255641639233,119.494450718164,12187.0103653222,5571.11922803521,31584.0141808391,8454.3355781734,19508.0701720715,16194.9980072975,315.983443051577,297.522900998592,92.4870339035988,10733.6938490868,2927.13582789898,2438.41533046961,2956.00583490729,93.7985506653786,50.3438310325146,278.491936445236,4.88263115286827,5465.36988073587,10801.3988704383,1.18384051322937,18.4157073795795,4.70701521635056,714.536421447992,38.3619332313538,85.0081398189068,1.7009137570858,805.120199561119,8.64831882715225,2435.12581419945,144.6907158494,5.22853821516037,9902.68429166079,8441.12863013148,346.814821153879,2571.71860378981,3.36368611454964,889.232469379902,2628.43837732077,16218.5344536155,1148.52690717578,1980.20323872566,36056.396607548,149902.464826107,1640.61685374379,28.9365935027599,1321.94114735723,3658.12751120329,6.52816016972065,7.7058974802494,647.980572745204,2151.32764050364
16.8628500401974,124.949362009764,3344.95537996292,10655.0091247559,350.450647294521,498.479042410851,68956.9056092799,899.949350178242,6936.73025271297,5975.61122247577,281.649158775806,2309.49000895023,1727.19690179825,1213.39247134328,1937.83081763983,2797.50501203537,785.347778469324,47.1291680037975,94.1177138388157,7956.96944698691,41685.2205145955,873.240947693586,10083.3986595273,22161.5290730298,438.722672104836,928.676612496376,5216.7065782845,0,2709.45962357521,19413.3967851698,4.70271036028862,72.9784086048603,867.176977247,2808.94588011503,4423.10775110126,9553.43488177657,698.757854193449,4784.95669606328,1913.83402958512,1574.58358287811,716.251535832882,121.534840077162,4758.53402167559,110.773625999689,340.774262845516,325.087101429701,3312.65603509545,180.647084414959,22.936404466629,146.557713210583,7.66210904717445,69.1153907179832,1368.33439353108,80.5912221968174,1321.00928980112,8061.95081734657,1384.64771008492,2006.65029579401,3114.46521013975,639.823858082294,1068.05467841029,15.8276533484459,1652.84486822784,272.842474490404,2076.92095607519,36.947431832552,6.02554497122765,2.53606116771698,945.340618312359,608.662473708391,532.394967794418,1223.9534766674,19812.4364320636,6.61410862207413,8.89487513899803,1563.98209282756,20577.8834826946,1914.66727367043,1655.23599624634,0.392092525959015,206.919159114361,43.0140429139137,756.233672469854,633.826621592045
14541.3832134902,3.77501994371414,308.723433196545,280.562150150537,43.5334855318069,965.584547877312,10028.4604797065,2504.08313155174,246.090149700642,3807.73098406196,1228.02987390757,1600.93323600292,291.754610002041,26148.7107164562,180.397015035152,3.48329478502274,6126.33340361714,746.015075922012,1153.85527735949,846.50011703372,349.004346758127,2.00400727987289,1945.82389503717,559.275800973177,49.0395863056183,2354.66266357899,1472.51870557666,2709.45962357521,0,15579.9946678579,26.9070698916912,5841.79682090878,5735.05740588903,5966.42456260324,482.191136956215,2038.41014844179,117.775350034237,2447.74879699945,305.048513948917,389.434610873461,156.014478415251,26.0171490609646,173.6201351583,27.748128503561,18.3844358921051,13.9623781442642,228.427606076002,3.75740656256676,2.84206292033195,0.923291385173798,0,24.7780727148056,30.7843780517578,1.38476049900055,40.4795928895473,525.049204230309,26.1979828774929,44.1357732415199,48.510984390974,30.9604628682137,59.4812852442265,6.00052607059479,19.134079515934,12.0994715690613,20.8386208713055,17.7627738714218,0,1.83285138010979,19.2861619889736,8.34242448210716,2.63596358895302,19.4405556917191,786.65171122551,1.26221895217896,50.2580430209637,136.09878501296,906.777312874794,22.5253130495548,20.940248221159,0.58282470703125,1.08780977129936,0,16.4579377770424,60.6315561830997
8871.35539421439,0,2095.09705075622,13.9687832891941,263.584067672491,482.19581925869,11098.2664294243,6969.46262267232,13.7887682020664,315.443451076746,327.586454480886,81.6601191163063,1114.97265768051,31119.2561594546,484.324891656637,55.8707710504532,7219.64969006181,336.700199484825,826.457000494003,105.322911888361,28441.0815996528,5.15393435955048,17801.4072297513,60.9145739674568,63.3028076887131,3736.63126701117,2184.68755427003,19413.3967851698,15579.9946678579,0,9.28008991479874,30.6209996640682,4614.16383093596,16479.7509769201,6938.91987583041,7458.54398471117,737.467620670795,11174.1337956786,2903.47318929434,494.75665089488,380.991258889437,45.5473775565624,339.289491474628,25.9011436700821,44.0591846704483,44.8766445219517,135.274420291185,6.41307008266449,4.30059856176376,11.0871813297272,2.84063869714737,91.1120452880859,0,29.9122874736786,25.7261298596859,181.723816126585,61.1134895086288,23.7616535127163,3.72521871328354,85.3242185413837,11.0953506827354,1.92672115564346,87.4394634068012,8.63975614309311,225.219517976046,15.0853952169418,0.442778706550598,0,1.98494517803192,93.0610073506832,35.3340788781643,174.691125810146,979.271343111992,0,37.6907016932964,437.812401950359,1099.31078544259,108.494959712029,181.469962239265,0,26.3231340646744,1.24961131811142,31.5536534488201,803.778062403202
