0,0.722373723983765,245.421162039042,3.81788042187691,1.06083929538727,62.6336721777916,2902.65679588914,1580.33203566074,9.17508178949356,89.2699225842953,35.8387775421143,21.4150166213512,11.6915829181671,8124.74757966399,2.04796123504639,2.96687608957291,637.641974955797,65.3769237101078,80.7925814688206,2.01628437638283,307.910533219576,1.3644083738327,271.508590370417,28.2893636524677,0.862955510616302,276.851607397199,198.955328196287,415.586383730173,9762.34129104018,5392.41616085172,8.14076599478722,28.0637120008469,15.0582044124603,247.593214660883,6.73803561925888,60.1258798241615,8.11818182468414,115.31758800149,14.8258617520332,15.9680581092834,4.79033529758453,3.28828927874565,8.66084015369415,0,1.4775847196579,0,2.7551583647728,1.82917189598083,0,0,0,2.97963133454323,0,0,0,0.979154229164124,0,4.99763715267181,0,6.07855451107025,0,0.675499439239502,0,0,1.43625131249428,0.321934938430786,0,0,0,4.26440012454987,4.02364134788513,4.21846833825111,25.3614023029804,0.448745280504227,0,15.0705960690975,13.3115892112255,1.51423192024231,7.4242662191391,0,0,0,0,0.779322445392609
0.722373723983765,0,65.393481105566,1.21930569410324,1.14948844909668,1.42232605814934,5.24850380420685,8.1714269220829,1723.8889683187,7.65165391564369,371.838522583246,2.965037971735,2223.26688379049,6.05950871109962,68.4982044398785,487.924204587936,64.2841919064522,7.43781924247742,8.88582730293274,0,98.6796861886978,1682.68964707851,110.123779654503,3363.36264237761,2231.09299057722,82.0254801511765,24603.6522846818,217.464837759733,1.19711500406265,7.43578532338142,235.368803203106,12.4559180438519,0.657654583454132,157.037119299173,11.7226643562317,115.952445060015,121.650886505842,104.117238223553,43.733260512352,26.343561142683,1.00152051448822,891.366694450378,37.5890029668808,64.0620220899582,24.8049098849297,19.320692896843,3.52923011779785,0,25.2276045084,0,2905.11718708277,92.4538761675358,0,0.728064239025116,0,0.391427457332611,0,9.14450454711914,0,39.5089184641838,0,208.736398220062,0.318013966083527,3.6341460943222,24.6130593121052,18.9145973324776,2.10461568832397,1.09652888774872,0,5.06063994765282,23.3048967719078,25.701325327158,25.0274058878422,94.4795966744423,391.084121346474,6597.26237282157,5.04070398211479,2.39487066864967,3.90723612904549,75.1809676289558,2.3162060379982,0,16.4842756092548,3.11426991224289
245.421162039042,65.393481105566,0,1.77863442897797,9.68396294116974,76.6068386137486,1260.82011955976,2020.00704902411,12.5174460113049,475.471099734306,150.91437831521,22.0148590803146,37.2901925444603,2966.04096880555,46.1048406362534,98.5917051434517,24045.6923896372,697.03828471899,2617.96309414506,2.36382016539574,14051.0584159195,160.920999646187,62781.2330791652,171.135761886835,19.2471333146095,62980.4841581881,26413.8623984456,2264.06804984808,780.815491169691,1249.07558134198,20.3385762870312,98.2086246013641,38.7942190468311,5815.59184738994,748.327599495649,6807.15010249615,2449.88218650222,6663.30259948969,3313.22750940919,40.2155570983887,93.0436520576477,17.2945251464844,422.557637453079,65.8646258711815,240.159149169922,189.809055358171,7.83010420203209,2.76164209842682,0,1.40978443622589,210.528058469296,3426.28799912333,0,16.9716737270355,0,48.8866552710533,1.5023096203804,9.20290446281433,0.410896271467209,17.2251414656639,0.523078382015228,2.5668597817421,12.9166097342968,11.5506035089493,42.0300075411797,352.528870910406,12.8972790539265,48.201862514019,0,89.2319267094135,52.15468993783,405.4863897264,158.086627036333,13.3575623929501,950.013050615788,9043.73841661215,120.701670557261,11.1473745703697,101.094658106565,1.81090968847275,0,4.26295632123947,120.096853941679,269.941994637251
3.81788042187691,1.21930569410324,1.77863442897797,0,23.9190338850021,532.770387560129,54.0679210722446,657.107017099857,3412.69671303034,9122.76036456227,14.3999507427216,12223.80067873,17.0662861168385,121.055450260639,467.701411813498,0,0,11.0073499381542,5.04490721225739,18111.215136528,0.428745716810226,4.6098153591156,2.1630026102066,3559.11497163773,15.2639427781105,21.2742151021957,8.56215724349022,9455.27617636323,99.1010394394398,8.19529926776886,0,36.8824675679207,0.503481984138489,115.108936607838,19.8114439845085,392.365125656128,2.90222012996674,112.12245336175,12.9564314782619,467.284881532192,31.3545170128345,29.9100868105888,115.131383091211,0,18.555845528841,5.30148681998253,740.719604462385,1.609035551548,0,1.37171471118927,0,0,2010.05184578896,22.4271747767925,199.302453219891,20.535530090332,178.886038631201,757.118707984686,600.706415981054,32.3255868554115,820.573656529188,0.56242823600769,25.6129082739353,138.790569156408,0.74241441488266,0,2.8740653693676,1.42886599898338,446.48262912035,1.43984693288803,0,0.438406467437744,1454.22097072005,0.501542150974274,4.64165034890175,1.96473336219788,1685.16965016723,11.0086829066277,3.07933229207993,1.20480051636696,2.10574734210968,2.69304835796356,12.1485735177994,4.07090717554092
1.06083929538727,1.14948844909668,9.68396294116974,23.9190338850021,0,845.224582105875,30.7330200076103,165.978434979916,186.877919495106,138.813608050346,9.30968648195267,264.987692087889,18.9349451065063,4.39684116840363,2637.74963545799,10.3517198562622,2.62697941064835,1.68926578760147,0.710847854614258,17.8886049985886,93.3044977784157,4.63650798797607,195.097012937069,139.085162192583,13.8776803016663,11.4513965845108,34.4412472248077,127.368626356125,6.49346643686295,38.222438454628,1.50893729925156,460.901975244284,0.996483683586121,5974.54430752993,817.668981164694,671.751946389675,38.5179551243782,70.4871904850006,48.3760532736778,16657.8597417474,16233.9741547704,20.549768447876,24.080825150013,13.2587854862213,2.28264039754868,45.7206454277039,77.7619805932045,0,1.17456328868866,0,0,0,34.5002613067627,5.12964725494385,12.6747400164604,2.24215316772461,0,27.9198625087738,17.3605864048004,4.51640087366104,35.8933783173561,1.26225972175598,0,4.76685863733292,1.87757498025894,0,0,0,2.02143210172653,7.00876587629318,0,12.8455884754658,40.0761865973473,0,8.426274985075,19.8441427946091,38.2804492115974,0,5.10730451345444,1.73476982116699,0,0,1.31914722919464,958.33962470293
62.6336721777916,1.42232605814934,76.6068386137486,532.770387560129,845.224582105875,0,894.394859671593,21228.9894267619,670.202438235283,31517.8358350992,209.266054064035,10373.2509166896,277.874354958534,739.090609431267,3156.08244240284,5.12730607390404,125.74861240387,134.779991716146,30.3808153867722,496.549956560135,132.617564558983,4.82409438490868,60.158653229475,452.385700881481,138.199394911528,319.948490262032,162.305191010237,1500.57504993677,464.131943255663,417.816604107618,47.0840378701687,211.87114778161,4.08434152603149,550.225890189409,908.240313500166,7107.81521198153,82.7878723144531,587.024096786976,163.439935564995,14849.0399508476,2344.04169726372,302.029642939568,129.672095358372,2.12483817338943,6.75644493103027,3.05907052755356,526.86846357584,0.858096420764923,2.8126385807991,4.44404292106628,1.24756634235382,0.456414788961411,293.340718239546,18.0702643990517,99.8689340054989,20.2284200787544,47.4327476620674,185.242480248213,110.477199405432,89.6002317070961,301.989180773497,8.35152107477188,8.44192180037498,111.039240628481,1.14535194635391,0,0,0,27.2692271769047,3.4070049226284,2.82367742061615,0.464898943901062,610.33583676815,0.382483184337616,0.640172302722931,6.55790609121323,423.749873906374,2.54954558610916,9.49587419629097,3.68601280450821,0,0,7.72442424297333,67.0596683621407
2902.65679588914,5.24850380420685,1260.82011955976,54.0679210722446,30.7330200076103,894.394859671593,0,11952.5949700773,261.189377456903,42577.0876161456,154.209666132927,98.1356356441975,153.815655469894,33279.7595205605,324.823497414589,33.3019886612892,269.420004785061,195.738335102797,150.294865429401,30.0432415902615,4355.10630869865,33.1681707799435,761.809895098209,1242.76257011294,38.94192263484,814.858329713345,671.636167734861,73262.7073709667,7952.4141676724,44562.8255262673,15.4747909009457,300.464426547289,192.486077666283,2457.42689198256,827.794781655073,3333.70320412517,110.456816345453,2027.2834495604,337.531928509474,511.658457159996,260.963510066271,123.782811850309,410.198020130396,7.08124217391014,94.7592880129814,26.1446137428284,188.833352655172,14.4189100265503,5.55773693323135,4.94184952974319,2.40715038776398,36.774009346962,118.332599043846,2.93885824084282,9.33636912703514,58.3299985229969,96.5144098103046,136.341068208218,75.6329764127731,71.0225234925747,46.0631295442581,2.14823332428932,48.1693453788757,21.1741389632225,37.815368950367,4.36655431985855,0,0,15.7350290417671,50.8388013243675,32.1587947010994,161.37117254734,698.341010898352,0.493190795183182,0.329575449228287,189.732005596161,611.945006936789,75.4402625262737,109.965070873499,0,2.9550946354866,4.96284818649292,57.376667112112,125.093591958284
1580.33203566074,8.1714269220829,2020.00704902411,657.107017099857,165.978434979916,21228.9894267619,11952.5949700773,0,536.6424870193,27337.7921246439,684.386288434267,4305.29688319564,332.675676971674,33216.5618903041,511.04368442297,31.2743859291077,3408.62952452898,731.876534432173,588.660060495138,564.180186897516,3090.39446300268,30.3751685619354,1602.94341340661,1561.44628208876,232.848572671413,2356.07664230466,1292.46228021383,8262.31073327363,7423.55338928103,11510.6767841876,124.92096683383,1239.95522731543,45.5780286490917,2199.78211113811,233.552455335855,6137.44028584659,186.153039515018,1717.27031457424,391.141731917858,1895.0433331728,318.615847706795,372.152451008558,473.959353774786,5.40118718147278,64.4564736187458,11.7658936977386,655.970595002174,9.6957086622715,14.5311887264252,8.17078429460526,1.52179819345474,15.1263218820095,558.18625587225,13.6981108188629,51.8601760268211,139.79870685935,171.313255399466,449.721119761467,279.039066702127,173.279408305883,331.833920478821,27.6207919120789,29.3735436201096,80.0662995576859,24.9244322180748,0,0,0,56.8345555067062,32.1656579971313,20.0417144596577,58.2687748670578,3275.95883730054,1.92169553041458,4.42014941573143,67.7146115601063,1890.10452690721,28.9275728166103,50.9027733206749,7.57960683107376,0,3.75477331876755,36.5080752968788,33.2398088574409
9.17508178949356,1723.8889683187,12.5174460113049,3412.69671303034,186.877919495106,670.202438235283,261.189377456903,536.6424870193,0,3518.36627703905,247.66208922863,2323.7651913166,1971.83187666535,162.967911154032,2900.28599619865,223.193784326315,23.9957112073898,22.3031803667545,5.91403433680534,400.629271268845,241.546474546194,9902.97063875198,102.030140340328,45971.6330769956,892.19790995121,64.9197747707367,3824.53613865376,9877.46555161476,242.903571814299,444.669858425856,404.84119322896,59.5599128007889,27.4054126739502,230.841847956181,122.289928257465,1177.5871168673,30.6495700180531,194.764366984367,31.929815530777,1820.07465031743,64.188117980957,375.620959311724,1029.38421520591,25.472972214222,219.452172905207,54.7068310379982,1567.47543251514,47.9950139522552,14.7118247151375,35.2774385213852,53.3656876683235,19.7354899346828,1871.43023487926,111.122560322285,384.192722141743,358.383226931095,736.519850969315,7360.14606279135,574.155943483114,194.000749379396,1221.45999521017,132.322009176016,290.859819620848,550.549971312284,1284.0003952086,9.64256900548935,31.8448658883572,20.2845262885094,186.137016952038,547.333522766829,1727.916013062,548.411710202694,10113.0456151366,44.3801008462906,95.436633259058,319.214061260223,3954.75221762061,387.495703190565,446.163063585758,73.9801922738552,29.6728836297989,23.9401031136513,144.989069283009,202.696608901024
89.2699225842953,7.65165391564369,475.471099734306,9122.76036456227,138.813608050346,31517.8358350992,42577.0876161456,27337.7921246439,3518.36627703905,0,553.657072454691,5645.8510633409,616.54714640975,9250.47437050939,1273.60511791706,16.5365527868271,67.4209822416306,518.173196315765,208.752060413361,3640.37224367261,588.107718974352,18.4738315939903,233.168330013752,2847.18899840117,164.631600767374,1245.63298553228,759.442943572998,24846.5947002172,3580.6879016757,557.253718018532,66.158278375864,1351.01797971129,21.5562229752541,4177.25076216459,2434.64281213284,9894.44852048159,143.97057685256,2970.84626805782,386.454063534737,2169.5407384336,903.156722992659,466.052148014307,528.531672388315,5.57808110117912,67.5433165132999,20.4102998971939,1561.17460259795,20.6141557693481,7.31927070021629,4.0936578810215,0.375885963439941,13.6390736699104,3517.95970320702,71.7212865054607,430.949724107981,99.8192224800587,544.410957038403,1482.1605475843,1726.44498226047,127.718448609114,1694.38208541274,7.79326823353767,92.7239339649677,364.045695215464,27.3381543755531,0.824185907840729,7.85947135090828,1.74584147334099,401.716745048761,22.9972928464413,17.4735630452633,88.7308335006237,5291.72444608808,1.04779422283173,14.0172842741013,101.798442006111,5425.42760711908,34.5527645945549,37.5423407554626,2.57485330104828,1.15825220942497,1.42432951927185,44.0504178404808,293.193848669529
35.8387775421143,371.838522583246,150.91437831521,14.3999507427216,9.30968648195267,209.266054064035,154.209666132927,684.386288434267,247.66208922863,553.657072454691,0,160.203054428101,10447.8203027844,467.385092943907,28.5050010085106,32.4045969843864,637.56378403306,25333.2955701053,3093.33972585201,19.5294121205807,138.807032585144,146.376302838326,533.281216770411,334.566940844059,1304.6728374064,14707.241993472,1406.24108272791,230.761958956718,474.602934420109,195.436792314053,2624.73361083865,1479.4129371345,12.3460229635239,8355.05166962743,27.9664663672447,646.087969273329,2748.47371923923,3020.6798441112,301.552477896214,39.8439331352711,7.37650519609451,1142.84294402599,12.8471945226192,620.370822161436,13.0252688527107,7.0264088511467,10.1305347084999,0,586.681160748005,0,69.7481683492661,2.35104975104332,0.590854823589325,0,0.839601337909698,0,4.00805580615997,72.2890560626984,1.15760982036591,1296.38591182232,3.06318837404251,4022.64240995049,4.11430245637894,4.32643601298332,16.5390958487988,1.23104095458984,2.65853041410446,0.641572952270508,0,13.9303687512875,24.2164341807365,12.4426197111607,77.515351742506,290.415020525455,516.893535673618,1130.36453953385,5.76315158605576,28.5247176885605,2.48531103134155,1104.45155069232,40.9559415578842,0,122.688770949841,10.2685328722
21.4150166213512,2.965037971735,22.0148590803146,12223.80067873,264.987692087889,10373.2509166896,98.1356356441975,4305.29688319564,2323.7651913166,5645.8510633409,160.203054428101,0,116.586741060019,692.496248662472,1808.2810407877,1.09388709068298,8.63175943493843,128.889044195414,47.6505486667156,8068.67511254549,15.1877340972424,11.2481021285057,21.2980935573578,1382.26581820846,50.4961235225201,286.808567494154,154.019254386425,6353.65198963881,393.29844763875,71.9425276219845,25.5017415583134,263.944600135088,0,478.735944241285,1066.88211661577,1664.98303467035,32.5576486587524,429.966286480427,92.8635107576847,1894.47359886765,164.369080245495,94.49415782094,136.056894570589,0,11.8592824339867,4.14114844799042,1082.08667263389,6.05213817954063,3.52177757024765,0,0.966517925262451,0,1218.17051813006,66.1236945390701,209.96898496151,33.6770558953285,99.3277538120747,322.451253175735,383.134021788836,70.0448052287102,1180.82153251767,4.40940994024277,16.9174257814884,241.333855777979,0,0,0,0,110.690245002508,2.26524403691292,0,2.11580502986908,829.468587756157,0.960549890995026,0,0.592292964458466,1051.41959059238,2.67491376399994,8.1179107427597,0.484467655420303,2.41948652267456,0,8.33856880664825,236.21584969759
11.6915829181671,2223.26688379049,37.2901925444603,17.0662861168385,18.9349451065063,277.874354958534,153.815655469894,332.675676971674,1971.83187666535,616.54714640975,10447.8203027844,116.586741060019,0,127.417574971914,571.892522215843,230.86387193203,19.3896079361439,67.5458965301514,6.92214441299438,20.3881745636463,170.098791897297,984.593457907438,194.85990768671,2522.97028529644,10258.3732282221,295.818988144398,4747.20400485396,731.319689661264,116.737863063812,168.137213766575,1737.67666572332,664.567100405693,0,5202.46003121138,97.0433764755726,1938.25086179376,2667.34594023228,2129.18828341365,286.061937451363,438.797629415989,2923.03025126457,2620.80913063884,61.7287546694279,1610.56699004769,56.1675853431225,15.9452501535416,52.5231379270554,4.1919778585434,791.722976922989,0,183.824509859085,6.14594131708145,3.37645921111107,1.6758793592453,1.63357362151146,13.5384206771851,8.26401954889297,209.809331536293,0.587758541107178,3259.55032303929,8.91780406236649,13222.4660995603,14.9627810418606,3.84304249286652,29.9604201316833,0,8.31103640794754,0,1.11256092786789,10.1605408787727,68.3700798153877,11.6809712052345,230.95896422863,1337.97622713447,1874.49324214458,5631.96919664741,86.3248904049397,60.3887685537338,18.271991789341,4768.93889924884,53.2895106375217,0,229.622381657362,21.3204880356789
8124.74757966399,6.05950871109962,2966.04096880555,121.055450260639,4.39684116840363,739.090609431267,33279.7595205605,33216.5618903041,162.967911154032,9250.47437050939,467.385092943907,692.496248662472,127.417574971914,0,75.7666239738464,32.7113774716854,4955.83425411582,761.761907756329,1012.11224645376,151.184829056263,5126.09368011355,33.1411035358906,2696.13031286001,677.779432266951,55.3849742114544,3401.65371161699,2025.43349206448,8412.84186939895,22121.5577245355,26111.2458419204,51.8079138696194,437.052892655134,68.693957567215,3383.52657303214,86.0617790222168,1598.63156014681,132.070861935616,1829.64232757688,363.34251883626,188.75837045908,65.3957669436932,70.9101793467999,240.251088470221,4.71900808811188,24.4925943613052,5.37739461660385,145.966712117195,9.61839807033539,1.11764091253281,2.73445355892181,3.83388030529022,45.3160410523415,75.0249051451683,0.80023330450058,7.2214275598526,45.8003220558167,37.7861098051071,151.951684296131,45.5219739377499,62.6190215945244,65.0110972523689,6.01741582155228,17.7965276241302,19.6738480627537,40.6831081807613,0.500544130802155,0,0.484011352062225,11.605202883482,73.3452138900757,33.7827429175377,93.4036134183407,1002.32457476854,2.16389372944832,8.56821826100349,185.193999141455,551.435508787632,16.2661089897156,87.3961166441441,2.54685950279236,0,2.34938144683838,21.3572264015675,8.51555725932121
2.04796123504639,68.4982044398785,46.1048406362534,467.701411813498,2637.74963545799,3156.08244240284,324.823497414589,511.04368442297,2900.28599619865,1273.60511791706,28.5050010085106,1808.2810407877,571.892522215843,75.7666239738464,0,28.6869130134583,23.6797544658184,11.0834856331348,4.84513014554977,127.979420214891,502.952968925238,173.663005143404,227.162987649441,4655.11638632417,90.7373245358467,51.9626627266407,309.143047004938,3247.1897225678,72.0945563912392,555.541279822588,18.785163551569,120.380069047213,3.86846959590912,106.318049579859,1452.77313426137,1376.49802657962,231.224698722363,109.8471968472,275.063354462385,11310.2385447025,178.59344047308,414.5210698843,220.172084391117,41.6801701188087,31.6033632159233,209.575237870216,455.655123531818,10.6353259682655,4.96473354101181,3.87835144996643,1.01651072502136,22.7987813949585,262.592940181494,15.6464642286301,122.189392924309,34.7064726948738,59.6940150856972,139.677660763264,125.888355404139,45.4465125203133,322.490266054869,0.811342418193817,17.0925825834274,106.253771007061,7.72452074289322,0.994305074214935,9.47354167699814,5.64911136031151,31.0166342258453,32.7295427024364,11.773021876812,43.1389154791832,611.660119444132,1.89794611930847,49.7592184841633,95.3006521463394,514.090538054705,27.3615254759789,63.0257948935032,1.03604161739349,1.3853075504303,1.968745470047,13.6938683986664,2317.44173407555
2.96687608957291,487.924204587936,98.5917051434517,0,10.3517198562622,5.12730607390404,33.3019886612892,31.2743859291077,223.193784326315,16.5365527868271,32.4045969843864,1.09388709068298,230.86387193203,32.7113774716854,28.6869130134583,0,124.473262012005,13.8731454610825,9.89733076095581,0,10388.1922561228,14016.2539534867,7626.06693771482,3117.2983314693,148.144911676645,37.1651945412159,7996.05297404528,1108.34933885932,21.5372866094112,295.331361979246,39.311230301857,3.59223312139511,4.64611917734146,327.408143550158,730.773237854242,3614.68903753161,1026.94986197352,1268.44302725792,799.235848128796,12.4428097605705,34.2272229790688,40.1210878491402,835.331534147263,105.402743548155,181.124693632126,174.978630572557,34.1684594750404,12.5850166976452,2.58084106445312,1.9569845199585,8.11322027444839,206.514054208994,0.410201609134674,4.01239091157913,0,40.9377080500126,11.9881554245949,21.9334813952446,0,13.362589687109,0,17.372456073761,23.9910382926464,8.71865493059158,5639.29641819,16.1040468811989,1.70898854732513,3.35416319966316,0,2192.4073446691,2270.05698508024,7850.73414894938,1206.46973583102,6.84134036302567,29.9786797165871,3456.85781940818,487.87639400363,51.5221987068653,641.563931435347,3.83665353059769,0,4.8234423995018,57.1965742111206,223.468626469374
637.641974955797,64.2841919064522,24045.6923896372,0,2.62697941064835,125.74861240387,269.420004785061,3408.62952452898,23.9957112073898,67.4209822416306,637.56378403306,8.63175943493843,19.3896079361439,4955.83425411582,23.6797544658184,124.473262012005,0,1024.11278769374,10239.7207022607,0.358945250511169,3355.34906861186,115.943313360214,13532.077625066,104.315750509501,9.15103226900101,17412.5094504356,33344.0152203441,559.671835452318,4459.43973264098,7786.7066423893,15.4916574656963,105.739765197039,451.811393737793,3970.41970777512,82.0404441058636,870.908342540264,579.58860963583,1035.86128643155,255.763963133097,48.6632723808289,24.2936441898346,15.8438002765179,146.121488600969,33.0319525301456,59.3242156505585,44.1617204844952,3.30946832895279,1.21120393276215,0,1.39214634895325,130.951026558876,735.745098829269,0,0,0,6.41698762774467,0,7.0097461938858,0,4.01547384262085,0,0.767775237560272,1.85433956980705,2.01670038700104,54.7706857025623,94.4984578192234,3.90228393673897,20.2885515391827,0,60.9212733209133,43.9143033623695,159.339020162821,108.607191711664,1.22152701020241,431.463210344315,3536.10763809085,67.1894188225269,5.88960212469101,44.4620633423328,0,0,0,32.7960058450699,17.2720617055893
65.3769237101078,7.43781924247742,697.03828471899,11.0073499381542,1.68926578760147,134.779991716146,195.738335102797,731.876534432173,22.3031803667545,518.173196315765,25333.2955701053,128.889044195414,67.5458965301514,761.761907756329,11.0834856331348,13.8731454610825,1024.11278769374,0,4644.32608914375,21.1417569220066,325.350565642118,2.98401924967766,1277.11533758044,36.4873681366444,2.38238304853439,12228.9426968992,1608.4413946867,164.755275458097,548.823169440031,269.716347396374,151.583053529263,940.020227879286,12.4452814459801,4531.97520062327,100.117361843586,2540.74106612802,2047.7473743856,4193.16229471564,1504.86464101076,32.6443098783493,6.840226739645,7.62380823493004,8.92073211073875,8.82988965511322,2.91778916120529,0.671252071857452,1.18969655036926,1.77171385288239,0,0,16.13490909338,15.2771597206593,0.337894320487976,1.14189076423645,0,0,0,14.8042291998863,0,2.11676442623138,0,2.61778157949448,0,0.749795794487,4.79020458459854,2.20902818441391,0,2.60653737187386,0,5.04713156819344,3.20718431472778,9.29264244437218,0.865204721689224,3.55480521917343,116.202831625938,312.672828823328,0,0,0.411006420850754,3.07903596758842,0,0,1.78062573075294,47.8817883729935
80.7925814688206,8.88582730293274,2617.96309414506,5.04490721225739,0.710847854614258,30.3808153867722,150.294865429401,588.660060495138,5.91403433680534,208.752060413361,3093.33972585201,47.6505486667156,6.92214441299438,1012.11224645376,4.84513014554977,9.89733076095581,10239.7207022607,4644.32608914375,0,9.49241700768471,618.190197378397,10.8504444956779,2698.06614553928,16.9395004808903,6.1604853272438,20101.9759633839,6617.55751925707,134.416260242462,394.683211743832,274.581734567881,13.6434944272041,251.551512569189,15.6957340240479,6439.30430829525,83.7589001059532,2064.82801359892,2158.12153181434,1801.35648530722,646.871454149485,11.2198662757874,9.43612194061279,4.2909249663353,13.1555474996567,8.40444231033325,4.64318999648094,5.40725302696228,0,0,0,0,31.743488907814,29.3685673773289,0,0.633799254894257,0,0,0,4.73688241839409,0,1.82576811313629,0,1.58740508556366,0,1.43446516990662,9.8698710501194,14.3483221530914,0,16.308845937252,0,7.39118826389313,4.70874691009521,9.27846685051918,5.60726255178452,2.73173594474792,396.548382639885,1224.55683889985,2.9981871843338,0,5.45662160217762,0,0,0,5.66204276680946,29.0206613540649
2.01628437638283,0,2.36382016539574,18111.215136528,17.8886049985886,496.549956560135,30.0432415902615,564.180186897516,400.629271268845,3640.37224367261,19.5294121205807,8068.67511254549,20.3881745636463,151.184829056263,127.979420214891,0,0.358945250511169,21.1417569220066,9.49241700768471,0,1.86757782101631,0.587650537490845,4.50140097737312,368.032625406981,20.8920901417732,59.117555052042,23.9597264528275,2483.84976395965,97.4408776164055,18.4412529468536,3.96445319056511,50.4197958111763,0,114.722444266081,34.0496377050877,427.969332635403,4.95396798849106,86.3595068752766,11.7860473692417,174.435643225908,35.6087090075016,18.8706548810005,88.153932094574,0,20.3656481802464,2.44406813383102,278.24432259798,2.80363285541534,2.30848836898804,0,0,0,622.726530790329,4.70609819889069,70.683818936348,12.8403617143631,128.349313259125,124.426690965891,203.883001595736,20.9460591673851,203.915436595678,0,19.1311216652393,68.1328125596046,0,0,0,0,53.6607074439526,1.49019739031792,0,0,553.417378842831,0,0,0,713.697748482227,7.49957472085953,3.85501039028168,0,2.89810228347778,1.33838438987732,6.88250696659088,6.46311235427856
307.910533219576,98.6796861886978,14051.0584159195,0.428745716810226,93.3044977784157,132.617564558983,4355.10630869865,3090.39446300268,241.546474546194,588.107718974352,138.807032585144,15.1877340972424,170.098791897297,5126.09368011355,502.952968925238,10388.1922561228,3355.34906861186,325.350565642118,618.190197378397,1.86757782101631,0,2362.98061499,81416.4927111864,1532.41301044822,182.843716233969,3351.26301655173,8509.86139428616,13577.4312444925,1393.96142339706,36939.3912371695,19.0682203769684,115.558949619532,384.918269693851,13769.1548790634,5471.90450316668,17437.5639536381,1464.16402444243,15342.4217362106,3695.55446788669,168.203915506601,278.738165646791,122.010807037354,1566.43878117204,65.4875081479549,239.500837475061,212.561281889677,49.2393260300159,16.0169306099415,9.34402322769165,14.5998576283455,9.41094732284546,286.034457623959,4.0297144651413,35.8594888746738,2.68863400816917,85.7536270022392,30.557033598423,125.622626364231,1.57207179069519,191.880022823811,0.774482786655426,1.44386655092239,70.6983197331429,48.5412119626999,2880.58039957285,14.7841574549675,0.407548844814301,1.81423133611679,1.21692550182343,4813.42811477184,1758.61789876223,3683.01940405369,4153.86234161258,1.4385085105896,20.758701890707,1710.85703986883,2411.16267189384,308.471082031727,3264.74354976416,0,3.91927644610405,56.0682722628117,166.188602268696,817.720262557268
1.3644083738327,1682.68964707851,160.920999646187,4.6098153591156,4.63650798797607,4.82409438490868,33.1681707799435,30.3751685619354,9902.97063875198,18.4738315939903,146.376302838326,11.2481021285057,984.593457907438,33.1411035358906,173.663005143404,14016.2539534867,115.943313360214,2.98401924967766,10.8504444956779,0.587650537490845,2362.98061499,0,3125.73598080873,25140.8238286674,615.472833991051,43.6496751308441,16098.7272622287,1904.17211219668,28.1440981030464,308.891236007214,163.232312649488,2.65222787857056,8.34291797876358,214.17778095603,144.31200748682,825.216868460178,264.094674527645,548.853897631168,301.141944169998,102.483659029007,13.0033108592033,271.301665902138,516.086137890816,67.2418946921825,191.48199659586,179.009243756533,26.3546417951584,3.95855981111526,4.21548104286194,1.16514611244202,799.406886190176,525.702482461929,0,5.27731174230576,0,37.5563980638981,15.4134052097797,62.8898961544037,0,24.2097354531288,0.536676108837128,71.9157223105431,21.7494238615036,8.24517995119095,2212.8195040226,61.9516250193119,4.5932884812355,4.3401010632515,0,640.541124224663,1938.28538510203,2222.91958150268,787.015618354082,22.882229924202,126.489737421274,7842.84554886818,201.231125175953,24.8777387738228,223.934899389744,30.6584064364433,0,10.4179761707783,64.4600161015987,107.45667335391
271.508590370417,110.123779654503,62781.2330791652,2.1630026102066,195.097012937069,60.158653229475,761.809895098209,1602.94341340661,102.030140340328,233.168330013752,533.281216770411,21.2980935573578,194.85990768671,2696.13031286001,227.162987649441,7626.06693771482,13532.077625066,1277.11533758044,2698.06614553928,4.50140097737312,81416.4927111864,3125.73598080873,0,1755.30765265226,58.6233866810799,13471.0389195085,31406.4841713607,6351.21019935608,1133.92460039258,11304.7482081652,24.5989339649677,174.818155527115,119.134790539742,18862.9087505043,8139.87536472082,28466.4203092754,6525.41965529323,27352.0541470945,11522.3786264062,214.139993339777,513.365180075169,49.2502994835377,1458.68301337957,193.234008729458,392.201899170876,486.04601880908,62.6283299922943,29.359640032053,0.814764797687531,2.28273624181747,29.3322406113148,1071.28079581261,0,66.4430481791496,0,122.060631871223,17.0134881734848,12.877038538456,0.431334167718887,36.2508168518543,0.742315948009491,3.46071404218674,43.2671829760075,67.341854929924,6067.22543406487,53.3684238493443,5.46911135315895,18.835096091032,0,4062.19084829092,1466.59875291586,11828.0063848794,1041.28426623344,2.35972607135773,84.8708619773388,6822.98485383391,607.373319745064,32.1314839422703,1072.55618774891,2.21592450141907,2.14376935362816,16.2832360565662,115.727441906929,1769.01805916429
28.2893636524677,3363.36264237761,171.135761886835,3559.11497163773,139.085162192583,452.385700881481,1242.76257011294,1561.44628208876,45971.6330769956,2847.18899840117,334.566940844059,1382.26581820846,2522.97028529644,677.779432266951,4655.11638632417,3117.2983314693,104.315750509501,36.4873681366444,16.9395004808903,368.032625406981,1532.41301044822,25140.8238286674,1755.30765265226,0,1460.18632239103,118.022945940495,7712.96051076055,11883.9933357239,1096.68014279008,1097.73800414801,423.282671362162,169.911051034927,125.28266581893,798.575368702412,856.514032840729,5259.81933787465,278.047177016735,1067.04071590304,215.320621728897,2274.65631529689,177.402818977833,553.326326996088,5400.66739144921,48.170328348875,1199.13580390811,256.468299388885,2609.17752113938,361.210529655218,27.6194045543671,134.091918706894,57.0953313410282,201.770394355059,2965.09618061781,50.7197794318199,263.960214197636,1530.998557657,2793.11562260985,6303.70171421766,1825.93853747845,766.071867406368,847.344520390034,101.560638010502,1224.65451228619,281.526593565941,1242.19834980369,18.3065152466297,1.63553667068481,2.95501467585564,315.057361215353,1382.63777190447,2029.36283987761,1042.74015924335,24979.3263438344,27.9726151227951,46.1959300041199,697.814090698957,13752.3221869469,1801.37694755197,2270.2584913969,44.5036790072918,130.375902205706,102.382276713848,706.361052215099,524.535660803318
0.862955510616302,2231.09299057722,19.2471333146095,15.2639427781105,13.8776803016663,138.199394911528,38.94192263484,232.848572671413,892.19790995121,164.631600767374,1304.6728374064,50.4961235225201,10258.3732282221,55.3849742114544,90.7373245358467,148.144911676645,9.15103226900101,2.38238304853439,6.1604853272438,20.8920901417732,182.843716233969,615.472833991051,58.6233866810799,1460.18632239103,0,190.162920445204,13741.4240908921,697.632283210754,90.2483230829239,358.062019556761,1609.19836071134,70.5036094486713,16.1462482213974,508.62673702836,34.3681341409683,353.264420121908,170.879217177629,327.931561619043,66.4260244965553,2664.8093393743,91.1913850307465,3008.52297544479,181.717570066452,151.875649482012,57.4787543118,21.4324732422829,827.284669876099,8.01463264226913,207.341581463814,1.68040758371353,379.767079055309,12.1833142638206,14.4289050102234,3.97568380832672,18.1709234118462,20.898061811924,77.8524519503117,89.1135126054287,36.7194525301456,521.109403073788,41.6620396971703,3504.25277012587,33.4155785739422,17.5043150186539,28.6345539689064,2.48852637410164,1.92085587978363,4.70641395449638,8.71975892782211,1.60102897882462,23.2542713284492,8.36486127972603,123.512543529272,2855.71866190434,707.923267662525,4029.4713743329,114.875921428204,42.2775785923004,24.0521264672279,795.909131497145,24.5230932235718,0.685472369194031,80.3038610219955,20.875245988369
276.851607397199,82.0254801511765,62980.4841581881,21.2742151021957,11.4513965845108,319.948490262032,814.858329713345,2356.07664230466,64.9197747707367,1245.63298553228,14707.241993472,286.808567494154,295.818988144398,3401.65371161699,51.9626627266407,37.1651945412159,17412.5094504356,12228.9426968992,20101.9759633839,59.117555052042,3351.26301655173,43.6496751308441,13471.0389195085,118.022945940495,190.162920445204,0,27941.5537540019,621.148678869009,1333.92458854616,894.599393367767,1554.71849554777,1940.84035053849,23.6601929366589,12474.0739198625,684.077794253826,12693.4467085004,11257.4675886035,14901.4353349805,6431.9568618536,72.0055318176746,64.0589793920517,121.043023779988,150.158986568451,492.073626726866,133.299166381359,87.2277072966099,1.06289729475975,0.611969828605652,5.23365950584412,0.579850137233734,627.304828256369,161.011685490608,0,10.8233378529549,0,2.02235007286072,0,59.0831447839737,0,140.08626806736,2.38124796748161,423.857906639576,1.98043859004974,9.90433895587921,20.8069602549076,139.77875161171,21.0486848056316,146.507766395807,0,21.7058893442154,54.8292721509933,37.5230174809694,58.4673708975315,413.027938008308,5792.76301187277,14756.5573358238,28.1032710075378,2.43876624107361,25.7729173600674,795.654055267572,0,0,52.9711207151413,279.828925609589
198.955328196287,24603.6522846818,26413.8623984456,8.56215724349022,34.4412472248077,162.305191010237,671.636167734861,1292.46228021383,3824.53613865376,759.442943572998,1406.24108272791,154.019254386425,4747.20400485396,2025.43349206448,309.143047004938,7996.05297404528,33344.0152203441,1608.4413946867,6617.55751925707,23.9597264528275,8509.86139428616,16098.7272622287,31406.4841713607,7712.96051076055,13741.4240908921,27941.5537540019,0,3574.50923913717,1145.26035884023,1293.0103392005,3811.38063129783,781.718014448881,50.671543866396,18702.1094418466,4219.92854493856,38621.2051835656,19822.4245681763,32686.5827805996,17956.9890784323,249.809776932001,448.721957951784,284.677992582321,3882.51205986738,2232.37562960386,2292.60755214095,1788.2690576911,84.0765877664089,47.8687358796597,32.2062239348888,19.5315248966217,15074.4314245582,17716.138641566,0.667664885520935,45.068566262722,0,424.261813372374,43.7279901206493,166.128918886185,0.581144213676453,562.077907562256,3.2320681810379,2611.28522726893,181.303727284074,55.9548896551132,2004.62064263225,2398.16727295518,148.602194905281,978.648149460554,0,942.726624548435,2582.48968091607,9909.03826585412,850.568854540586,3818.97232973576,29939.1042754352,184714.083304524,528.370551943779,35.705648869276,394.502297997475,2777.85601139069,7.10551750659943,6.16386070847511,840.454985886812,1600.01295086741
415.586383730173,217.464837759733,2264.06804984808,9455.27617636323,127.368626356125,1500.57504993677,73262.7073709667,8262.31073327363,9877.46555161476,24846.5947002172,230.761958956718,6353.65198963881,731.319689661264,8412.84186939895,3247.1897225678,1108.34933885932,559.671835452318,164.755275458097,134.416260242462,2483.84976395965,13577.4312444925,1904.17211219668,6351.21019935608,11883.9933357239,697.632283210754,621.148678869009,3574.50923913717,0,11421.6506905705,30945.8555159867,38.9723720252514,674.331280887127,1507.36444365978,7247.12865242362,7114.51095658541,24419.0831759274,950.117207169533,9890.47282680869,1832.3144993186,2686.78981199861,974.228782057762,624.221428215504,8021.2221249938,46.2455085515976,1363.57940679789,334.168050080538,3878.43485680223,441.544070869684,66.9374382793903,183.365039616823,17.5540992617607,308.876125603914,3920.32770353556,93.4363874495029,392.182313680649,2155.78394150734,2404.47808372974,3972.9934002459,2294.5558860898,1320.50377479196,1464.47376453876,7.32825419306755,1264.15755918622,379.053180128336,607.657736957073,23.0140416920185,0,2.06737583875656,450.964962631464,1597.06317746639,875.655655264854,780.796686977148,23912.0672187805,4.32671567797661,12.5496944189072,641.782902687788,16561.598556459,2238.33037891984,4104.18971890211,5.17897576093674,67.3732852041721,146.518909066916,941.837013602257,1120.76485276222
9762.34129104018,1.19711500406265,780.815491169691,99.1010394394398,6.49346643686295,464.131943255663,7952.4141676724,7423.55338928103,242.903571814299,3580.6879016757,474.602934420109,393.29844763875,116.737863063812,22121.5577245355,72.0945563912392,21.5372866094112,4459.43973264098,548.823169440031,394.683211743832,97.4408776164055,1393.96142339706,28.1440981030464,1133.92460039258,1096.68014279008,90.2483230829239,1333.92458854616,1145.26035884023,11421.6506905705,0,28122.3961720169,63.8965167403221,2921.4252589047,5323.79971414804,6483.7467237711,121.146330326796,1339.15296626091,57.2565942406654,1704.65158087015,202.7330108881,188.774703472853,62.961771607399,73.721964687109,432.504813343287,3.44229102134705,49.970173895359,23.553063750267,150.988320350647,16.1650173068047,5.95304778218269,6.39631175994873,1.14012670516968,17.9541888535023,24.9514625072479,1.16598606109619,4.63955146074295,78.8414647877216,15.852942019701,222.356000840664,7.62250977754593,72.9462161958218,28.2508154511452,4.18421101570129,19.3715046644211,15.098249912262,35.7218334674835,0.516559243202209,0,0,3.0573026239872,103.581114351749,51.9076591134071,31.4795109033585,1363.73969221115,0.736418128013611,7.23675093054771,55.8355788588524,834.746644616127,93.0208577215672,207.028012722731,2.0720186829567,1.18181383609772,11.5564251840115,57.9634366035461,35.0430157184601
5392.41616085172,7.43578532338142,1249.07558134198,8.19529926776886,38.222438454628,417.816604107618,44562.8255262673,11510.6767841876,444.669858425856,557.253718018532,195.436792314053,71.9425276219845,168.137213766575,26111.2458419204,555.541279822588,295.331361979246,7786.7066423893,269.716347396374,274.581734567881,18.4412529468536,36939.3912371695,308.891236007214,11304.7482081652,1097.73800414801,358.062019556761,894.599393367767,1293.0103392005,30945.8555159867,28122.3961720169,0,19.3885523378849,205.958970576525,4923.51094809175,12738.1945003867,2365.11038535833,10069.5537569225,249.819723188877,8383.61827355623,950.062761843204,400.002934336662,253.08357873559,213.85958969593,2145.00051113963,27.0018430948257,325.69723507762,156.59923261404,316.89534932375,72.9780447483063,13.6101468801498,33.3443442583084,2.38595932722092,104.411709398031,15.8639636933804,26.6505118608475,10.043653100729,140.271039456129,96.5124397277832,386.51478600502,14.1076172590256,399.111486852169,15.6368630826473,2.59633174538612,123.449734151363,42.7693914473057,586.93157312274,3.29172936081886,0,1.61223179101944,3.27297747135162,2026.8640909493,626.995199173689,462.703188538551,4804.37775719166,0,3.58001479506493,144.250436395407,3515.1806037426,503.397480398417,2115.86120095849,0,13.3087915182114,72.5541006326675,220.480302900076,541.150958627462
