0,4.75867087001503e-05,0.00197473201670307,0,0.000343740895134836,0.0145610140626291,2.13185670112429,0.248354383253499,4.38092431189418e-05,0.00498258587386119,0.00256912026781526,0.000970633748365703,0.000965739050255541,1.20840950628508,0.000359224975630969,0.000100465821720526,0.0188854051665622,0.00139440869092907,0.00426850525205659,0.000287352750573471,0.00787544627899506,0.000286402838090018,0.0305817473936258,0.000407341183331579,3.87227922942489e-05,0.00322092990585639,0.00326006154714219,0.00740990919384928,0.431395373976307,0.36084723885325,0.000208997708738491,0.0022999362465908,0.00156182053184,0.0232898187437932,0.00125069809327828,0.00444992036672229,0.000829823170448718,0.0218524773398797,0.00666403827427097,0.000166126408770024,0.000314459540165126,0.000125537631924212,0.000618276654063165,3.80986591735185e-05,2.78356441344171e-05,0,0.000199624906513989,0,0.000132937036460817,0,9.40770462596266e-05,0,0,0,0,4.46649335529804e-05,3.89579136589914e-05,0.000145304328674972,0,0,0,4.07404478378892e-05,0.000173997125974476,0,0.00012101002870202,0,0,0,0,5.24593766830563e-05,7.75339605332613e-05,0.000301024114507869,0.000523231262981057,0,4.73806925505698e-05,0.000114531067558274,0.000511062485299095,3.40770717325658e-05,0.000401403420626909,0.000158449398604452,0,0,7.46507850993276e-05,0.00022666248988986
4.75867087001503e-05,0,0.0255771632352227,0,0.00067523845908989,7.43156365466267e-05,0.000450206164880261,0.000419065112451747,0.137971662683497,0.000280085083402529,0.0111401050331874,0.000220863062504083,0.144303151133532,0.000337096850213156,0.00193652599740818,0.0472158359851315,0.0352806326816277,0.00260910414874291,0.0102945426670072,4.67965640396177e-05,0.00303501619438306,0.307419263524115,0.0228398733956668,0.258428896139974,0.213269335771875,0.034261613240861,1.42562168989757,0.00760892920926465,0.000185443991664171,0.000584874132681965,0.00298167105332282,0.000719995197691887,0,0.0110718028767627,0.00310984079145118,0.0417458614026605,0.0108629764184064,0.0211746930299318,0.014763434761458,0.00116498888553927,0.000261020369837165,0.00966664346927359,0.0336634405864367,0.0323411062232463,0.0179104900188762,0.0128135838529042,0.000708616567080229,0.000545881530368209,0.00796785447443649,9.80247790363729e-05,0.18682444356583,0.0133743467173662,0,0,3.54872529029846e-05,0.00143441086442903,0.000335070885778814,0.000970093174057332,0.000101921337914362,0.010614282290333,0.000417536794663667,0.0133759998010522,0.000383574309955955,0,0.00470526277609497,0.0282966884327134,0.00325765454729416,0.0193535425754413,3.44749972317964e-05,0.000732670892409474,0.011534664058115,0.0060869280384608,0.00969533465443622,0.00660494859318096,0.0509969886414078,0.379416216248509,0.0027770862161954,7.5518606321007e-05,0.000872318970247674,0.00278473227044162,0,0,0.00543551660304259,0.00207527173887345
0.00197473201670307,0.0255771632352227,0,0.000303287853464916,0.000466976342614114,0.0040739666541908,0.0685113668511627,0.0219592242901769,0.000616012459659383,0.00988859438678738,0.0135393275257821,0.000537079173974439,0.00473690938162868,0.0122536232518416,0.0007271166736902,0.00697817248329079,1.70058278430248,0.0142149399331489,0.0309676320041358,0.000241352285738736,0.162050302376468,0.00773744071558689,4.88803802258573,0.0225054947792861,0.00147252467142359,3.53026650816122,2.65427094182445,0.217037355809509,0.00326143649263981,0.0457488708748897,0.00110148160245754,0.000741765031115502,0.000197215761969686,0.0433828782628562,0.0149041331645309,0.155310021330747,0.166926959983611,0.119670395387437,0.0967665627537122,0.000740670190179467,0.00134808530953966,0.000357519814382062,0.0704956957450644,0.0171151530727828,0.0702239475442631,0.0334815087879331,0.000676235431992859,0.00114381712597187,0.00010878320686394,2.52203123467863e-05,0.0347835326075951,0.0803552901031975,0,0.000161080483065664,0,0.00310838006292249,0.000476431286705584,0.000335124373057813,0,0.00651539320764803,0,0.000232236974783957,0.000628856956431686,0.000111834680710435,0.00627515621939206,0.127741725005725,0.00947983521703682,0.0402677543953086,0,0.00227995104384694,0.00950974039185702,0.0236255694043072,0.00791074607821514,0.00106835345761206,0.100642419711227,0.441691341832539,0.00440712115505582,5.26975295398236e-05,0.00191599720332254,0.000806353303769067,5.60428315942287e-05,0,0.0276065400620545,0.00997259826700327
0,0,0.000303287853464916,0,0.00237034433811307,0.00929056459323194,0.0131021949931675,0.00558450282818732,0.190235331716441,0.47007049424873,0.00120662300180349,0.55179596689121,0.00953809243065674,0.00261276612363511,0.0176324606340735,9.04971264826359e-05,0.000115673352067426,0.000216395077018529,0.000534930976311594,1.45010779337098,0.000162764937151641,0.000108450836777299,0.000358248423128173,0.355462280924767,0.00428905707873427,0.000161961558028311,0.000195779449241624,1.24999331999245,0.00647350315441642,9.22265372579698e-05,0,0.00337207959697356,0.000173567042080119,0.00655903177632012,0.00230454319393573,0.0275642106906857,0.000497198681865409,0.010971930639495,0.00117060489801847,0.0100790271010098,0.00769705210155669,0.000415160712178648,0.0169068949733955,0.000576867651384368,0.00409774640297334,6.84927307611704e-05,0.0276854517537807,0.00418738568468658,0.00129879806394131,0,3.25948962412178e-05,0,0.0816355156420879,0.000721586653892159,0.0062391367516766,0.0087871474464771,0.00591850374186769,0.0304598097259545,0.0591689115474625,0.000234438271752656,0.0105794253516135,0,0.00124068776924489,0.0069591586592712,0.000166298042305768,0,0,0,0.0183937917846435,7.77415599024445e-05,4.01512877249122e-05,2.57352756080627e-05,0.123964636498266,0,0,0,0.162159263441306,0.00123288060734303,0.000312516180273801,0,0.000338722616734132,0,0.00419781897174077,0.000223303172606826
0.000343740895134836,0.00067523845908989,0.000466976342614114,0.00237034433811307,0,0.508179815866484,0.0265302341502125,0.010045839429999,0.0384877113967922,0.0537054539679864,0.000652362740749359,0.0928673419100449,0.01237600971287,0.00254733246713844,0.697631330627025,0.0047141219813984,0.000622083627291307,9.40298460733887e-05,0.000474135579725325,0.00390181175483477,0.0323308697156892,0.00347692578008345,0.0504709067927369,0.0413590417431352,0.00696448986572542,0.000822388694103748,0.008970181240527,0.0312335243648102,0.00254147915968098,0.0149496300088969,0.000143692972585082,0.0720358646957674,0.000281146074284136,0.028749744819408,0.138381625338712,0.0753344703940537,0.0191725281984777,0.0038973690309795,0.00601752382624544,1.33344993739236,0.376298594503826,0.000705598497480512,0.00620357305360549,0.00185102129971182,0.000451418356848583,0.00184528928808192,0.00305041077116156,5.19375021983087e-05,0.00131704573980084,0,0,0.000130145164843514,0.00252640435711565,0.000215630259052098,0.00073682848492068,0.00197680467045218,3.70341235186458e-05,0.00137049061646673,0.00239813040120742,0.000214502105440586,0.00183454640086807,0,0.000274856080159545,0.000347697570572078,0.000991381491842326,0.000206898463165462,3.95667856994421e-05,0.000152142225221798,0.00103719378970191,0.00125952419555631,0.00174398494554633,0.00286692509683783,0.0129183432770258,0.000128118593146861,0.000311396227113291,0.00222762864337188,0.0110148220297249,0.000536476740842328,0.0017637860273207,0,4.76608091610074e-05,0.000147663964472338,0.000241194399947032,0.159884065263673
0.0145610140626291,7.43156365466267e-05,0.0040739666541908,0.00929056459323194,0.508179815866484,0,0.643283358081377,1.21317310131988,0.044723713147137,1.96447370892768,0.0318948891404049,0.54500226985716,0.0670466745671247,0.133527424810018,0.487356457946938,0.000882852233884616,0.013870766614232,0.00944981633716798,0.0140302239261002,0.0232357034109771,0.0129090613641373,0.00104068634081845,0.0278350943114074,0.0149992348840122,0.0178632587682795,0.0152938729798373,0.00881954474630889,0.180921307367929,0.0816991621593331,0.0565153945934907,0.00216490086340158,0.0941830388816913,0.00284996656416668,0.0728183092798055,0.426686462888722,0.296775813873033,0.0254200517583929,0.073410472095272,0.0148787280588885,0.305601344119612,0.0243221548133223,0.00794788629190579,0.0402315264004621,0.00160448158410086,0.00575946561931883,0.00124389750721715,0.0165058336462815,0.00249696281743263,0.00471425190179667,0.000350946930000514,6.31270284338593e-05,9.9519005792916e-05,0.0054631033467412,0.000346447289761991,0.0021752480493349,0.0113931069114279,0.00187908960724448,0.00999708825725666,0.00532696348112182,0.00145301589247203,0.00197306242849491,0.000543647874993384,0.00183570763581703,0.00151368365312302,0.00167932736546659,0,0,0,0.00231547498069514,0.000660692615736306,0.00581928662496696,0.00112876453908618,0.0863189783083955,0.000323016001107633,0.000149311809315994,0.00102143583149268,0.0532483572627002,0.00416887602574403,0.00717400305582598,2.63273322658837e-05,3.67135564907789e-05,0.000908587666127799,0.00647390653322762,0.0378972392622602
2.13185670112429,0.000450206164880261,0.0685113668511627,0.0131021949931675,0.0265302341502125,0.643283358081377,0,2.5146373411174,0.0244060861955751,2.84486533688836,0.0512189767103624,0.0271957062432643,0.145298190575949,3.05585017285297,0.0471990548742662,0.00827217781376588,0.0672904491113819,0.0205811843910512,0.0364015796919768,0.0109185914047836,0.216534274445077,0.00391055463325863,0.248962772542098,0.0522124713473373,0.00576569915732644,0.0488386471339328,0.0535928016977326,3.6931769064598,0.79620858731798,0.647079669800275,0.0038299699796447,0.0838959851711334,0.0691969074864816,0.38100088827567,0.139662783473472,0.697280297193472,0.0358235595314246,0.460103113020457,0.121547149104769,0.0470860368971526,0.116525661250445,0.00781145415961017,0.0535577977702063,0.00181385252782404,0.0121323854660353,0.0040164820107709,0.0209488590048822,0.00775451687159446,0.003347808115123,0.00142405625158122,0.000481544367910534,0.00116544439974788,0.0086381024156886,0.000569096296271056,0.00232169399260266,0.0131030321163153,0.0136299587704842,0.00980059980998603,0.0186726336334066,0.00117101735684711,0.00200392572588866,0.00049813723709774,0.00938609114812615,0.00246373241636093,0.00969171680245259,0.000892191793317005,0,0,0.00445112549806133,0.00686559761970372,0.0124403223366287,0.0161003859719068,0.0932142071673721,0.000201311466739893,0.000154993088035256,0.00746811116105731,0.089676032185021,0.0155313320249528,0.0186593362804031,0,0.00041863427429904,0.00127636727609479,0.0133222827672498,0.0155054482182844
0.248354383253499,0.000419065112451747,0.0219592242901769,0.00558450282818732,0.010045839429999,1.21317310131988,2.5146373411174,0,0.00889316069377221,1.34147914707249,0.034499274292267,0.124261800602895,0.0401737404320365,1.95160230807813,0.00890439424893527,0.00216462037568639,0.121302964590976,0.01362116641946,0.03243118678947,0.042494162542641,0.064663733697684,0.00113352901557669,0.221500713262221,0.00613468703374467,0.00871486532899719,0.0321941372849503,0.0205713618725273,0.105891081839009,0.250535235003792,0.759517566654559,0.00156138309332429,0.0303041164379644,0.00835167488949383,0.166606632932797,0.0164327724112535,0.175652677287749,0.0156228526197715,0.233643785243695,0.0685230196775772,0.00945751319902772,0.0106671805851312,0.00583251929248514,0.0148614663071315,0.000954712554672957,0.00162270744189299,0.0005313296553576,0.00849284356180378,0.000901408341164831,0.00422133475901821,0.000101501743753537,0.000166276580884486,0,0.000907297674700006,0.000124316562359214,0.000688619809484005,0.00564281178441197,0.000471953666955233,0.00496644440058382,0.000949462123745488,0.000254098890380264,0.000122583240525409,0.000356557816896617,0.000663503495627925,0.000210525795188546,0.00184957563948172,0.00010845672384806,0,3.0708079218626e-05,0.000343771807678312,0.00095540210102978,0.00368840720373246,0.00121650306566088,0.0405610679941938,0.000287935132000387,0.000580828823454454,0.00132996453463523,0.0175058340940697,0.00228981182712588,0.00490305790486795,8.71388839575052e-05,0,0.00122324344841099,0.0023060560699107,0.000841465328806666
4.38092431189418e-05,0.137971662683497,0.000616012459659383,0.190235331716441,0.0384877113967922,0.044723713147137,0.0244060861955751,0.00889316069377221,0,0.233007725558604,0.00450888412763404,0.365381660380549,0.0816059152551148,0.00472131010443561,0.151244420914989,0.00658837145497939,0.00158263504766362,0.00115740878672763,0.00164490315175064,0.0850536102348164,0.00240370203293255,0.731455345138548,0.00284847518816933,2.21561223076595,0.058713481465161,0.00381805543522195,0.238365184396401,0.626091507665157,0.0250473641580184,0.00205481695367737,0.0027741888954052,0.00515607073551801,0.00477482003769147,0.0177833234009769,0.00844451506290964,0.0608923002723233,0.00202260105177374,0.0140020354673812,0.00333652007744551,0.198136542631695,0.00677447890963817,0.0030604949281712,0.0515786671597858,0.0106835860970263,0.0113916938337127,0.00293397863278473,0.0608494398380127,0.00751071230881877,0.00389407657761475,0.00168947795745528,0.00271184059172671,0.00080743758990775,0.0680087798633172,0.00262713767065591,0.00932228022424865,0.0260764109743588,0.0164188739432628,0.0866567577600056,0.044661332246485,0.0024892208326093,0.0168346416743679,0.00550397978519071,0.015629444042522,0.0154584305047328,0.02032403986329,0.00199318728952201,0.000280753734634281,0.00086065489984125,0.0162000211696321,0.0154719622393012,0.098718444819757,0.0152790726020031,0.311172776031345,0.000618685469317928,0.00205708519890635,0.00917421261107074,0.214229698167394,0.0271658827645034,0.0302943589591621,0.00103201264692244,0.00191544997563621,0.00220499265146863,0.01152873566701,0.0132890375316274
0.00498258587386119,0.000280085083402529,0.00988859438678738,0.47007049424873,0.0537054539679864,1.96447370892768,2.84486533688836,1.34147914707249,0.233007725558604,0,0.086880510728434,0.544843263905055,0.215496508527524,0.313589427135476,0.108967840280904,0.00185729498691548,0.0148081933338958,0.0276590481040645,0.0411985017982313,0.717652285638376,0.0196185401616044,0.00158858139879243,0.0262258534077262,0.134168628859963,0.0244515545901836,0.0419730857933329,0.0199076834443871,1.50126191953884,0.262998923721891,0.013403934120493,0.00315459535402989,0.202041356084145,0.00654033840847891,0.293212901585623,0.50541786776959,0.810040330383616,0.043312165026841,0.282988162878117,0.0343743743002304,0.110316165837391,0.151991346808251,0.0166834750787065,0.0793963726642558,0.00367233179673915,0.0174138973245553,0.00185449192191149,0.0913915869549402,0.010887372360114,0.00919765613895243,0.000272138475277305,0.000222601562935948,6.55195913433283e-05,0.111232969355368,0.00079497467556718,0.0148092818419534,0.0278779588712462,0.0173236848571016,0.0510965516929966,0.134685591676992,0.0013240876644361,0.0959060023494291,0.00066459487131314,0.00533037503260289,0.0134725091039706,0.00249013039106616,2.55693435907066e-05,0.000313768191299528,0.00010992144295767,0.0465335552110235,0.00157391313906774,0.00475251080110824,0.00286139766513394,0.330203753861822,0.000160439397205353,0.00014209003141582,0.000746195609724507,0.392043983173576,0.00804110144980015,0.00710954179738675,8.90672695313096e-05,0.0010559911825413,0.00116278531856621,0.017002672843316,0.02029867515505
0.00256912026781526,0.0111401050331874,0.0135393275257821,0.00120662300180349,0.000652362740749359,0.0318948891404049,0.0512189767103624,0.034499274292267,0.00450888412763404,0.086880510728434,0,0.0224049139560601,0.777329141235777,0.0359220246551605,0.000984099255195411,0.00222123296873637,0.268079748307036,1.43940873987389,0.919707165461466,0.00648432048427862,0.0133840151213902,0.00554154833087215,0.061356793141004,0.00587915744299319,0.0591231312019625,0.727949311805824,0.231581369120278,0.0279427821833322,0.0524919204535942,0.0376822172872644,0.0740545596700674,0.0965176358152446,0.000327590917775303,0.790666166225856,0.0207431071710432,0.342235883245383,0.327491397788733,0.558101874180137,0.161986259471157,0.00186546837618773,0.00247649068188474,0.226129365803284,0.00785875794431656,0.160414304560268,0.00689038649868435,0.00295162181274809,0.00115491311453299,0,0.0560080572383644,0,0.0280044970232564,0.00180137091606963,3.0758698870033e-05,0,0,0.000137975019559682,0.000147319615413636,0.0123149521862046,0,0.16060423862056,0,0.451619381738116,0.000395981428456828,0.000366429848986984,0.000675816365571901,0.00447257144861206,0.0108564698894814,0.0109527615780221,0.000126982627057493,7.59397017692179e-05,0.0104741167960866,0.00189681905219314,0.00606343016301184,0.0521170109213813,0.156723755277282,0.232296308692937,0.000693805921211452,0.000219882242296695,7.92044716837406e-05,0.0985877526248283,0.000227096829439953,0,0.00357393196816045,0.00679676282193707
0.000970633748365703,0.000220863062504083,0.000537079173974439,0.55179596689121,0.0928673419100449,0.54500226985716,0.0271957062432643,0.124261800602895,0.365381660380549,0.544843263905055,0.0224049139560601,0,0.042347647819687,0.0462474256795308,0.276648359775619,0.00043507380734235,0.00500977535956716,0.00819431572434305,0.0116937196515041,1.00606196968718,0.000708675840219602,0.00175505906543486,0.00170780375327383,0.174581628751795,0.0191826484707265,0.0265382101189886,0.00880299800736957,0.271474742270259,0.0494681139070353,0.00266740106334146,0.00179209424443324,0.0466595018437548,6.36321429607123e-05,0.055131092316217,0.758023776150924,0.0761776731702223,0.0094732744634429,0.040363780187298,0.00261932839056526,0.171787740763357,0.0144956318716135,0.00390091594171217,0.00927946227179247,0.00112804808040587,0.00301770438927087,0.000965652544293137,0.0415373959930765,0.00211070947339041,0.00737286818802442,3.77527943688035e-05,2.98136059287488e-05,3.01444771377742e-05,0.121335466431497,0.00227280145304937,0.0107131952941228,0.00456972005175041,0.00848560061647438,0.013592474448712,0.0529165226633417,0.0017169635847494,0.10207090403646,0.000763402095791429,0.00245572270356031,0.0122894258329301,0,9.8683528518736e-05,0.000847862945717674,0.000156890676734596,0.0415989066579162,7.03777741922438e-05,0.000467538947049737,7.58753223249167e-05,0.082486329817585,0.00017400224432826,0.00257599959796612,0.00241009332419446,0.117820441221113,0.00203772304006667,0.000615318016647711,4.57594082038105e-05,0.00121578570813597,0.000241225604072809,0.00210544641526246,0.0688998913273396
0.000965739050255541,0.144303151133532,0.00473690938162868,0.00953809243065674,0.01237600971287,0.0670466745671247,0.145298190575949,0.0401737404320365,0.0816059152551148,0.215496508527524,0.777329141235777,0.042347647819687,0,0.0146069882248125,0.0250178971229573,0.0158554468166113,0.00519747417403537,0.00852897244517528,0.00677907421055944,0.0187341354664352,0.0565016649998478,0.103391734088002,0.0761736231908584,0.108664761371461,0.487824319220149,0.0318667204153014,0.505835066434814,0.14465607724467,0.0230885568580935,0.0674705922693467,0.25213369343495,0.131059501915,0.00133144420878419,0.185564413752105,0.0332298066920203,0.478984534336593,0.200251677900299,0.432323640597011,0.387786741900042,0.145087954420786,0.369613102695454,0.228794398145991,0.0361766856897102,0.294742443368729,0.0127422413822829,0.00222017792516979,0.0602499329752708,0.007813818706521,0.0758769079928468,0.000339735209773273,0.0634248807474211,0.00122126488658365,0.00159041493577634,0.000147735874451279,0.00102540986933059,0.0106236614085675,0.00521539740313558,0.0282973518234148,0.00303939266640189,0.29878931511109,0.00112775187857345,1.00842896135897,0.00450328388951635,0.000630960932385356,0.00231986655715914,0.00158420545692323,0.016181819681855,0.00823357702577187,0.001985311851576,0.0018847409951632,0.020674065988432,0.00474037983996391,0.0599571837038077,0.181349279823271,0.229719347663781,0.392596593616184,0.0321926903981468,0.00599075972056067,0.0077326524932121,0.212447828972056,0.00500811996732047,0.000897124905588031,0.00932086160165007,0.0169710037570279
1.20840950628508,0.000337096850213156,0.0122536232518416,0.00261276612363511,0.00254733246713844,0.133527424810018,3.05585017285297,1.95160230807813,0.00472131010443561,0.313589427135476,0.0359220246551605,0.0462474256795308,0.0146069882248125,0,0.00241559347728968,0.000595209930037141,0.0927696479925784,0.0156458107498734,0.0292418844278581,0.0155770323600283,0.0457804209040276,0.000290881265113682,0.156095472229522,0.0054176709107368,0.00387999290184775,0.0299635481100829,0.0203243166206796,0.0714760963149148,1.29250404748225,1.02682422497878,0.00247580563939007,0.0405442116695534,0.00738500736889791,0.155285964470339,0.0074908233041366,0.0727869869860839,0.00942062748608088,0.158007535149,0.0404169270355249,0.0030688930285971,0.00305364944325523,0.00197110966567682,0.00946481002924835,0.000460633820299417,0.00145532254704232,0.000394694410686553,0.00316871027006924,0.000501761956928968,0.00199894608093799,0,0.000318556097994297,6.74955192908645e-05,0.00022749054988864,4.82054367043376e-05,0.000188393638223708,0.00308547115480481,0.000288374230848372,0.00286611807173085,0.000102682423145384,0.000313099508740753,7.52922227862179e-05,0.000446692802980632,0.000256500745367036,0.000171202765063644,0.000578345819426403,0,0,5.21366408612132e-05,5.73057155070901e-05,0.000676561582460329,0.00106296429616323,0.000903661390377339,0.0247307610132141,8.63177014454007e-05,0.00104609662391083,0.00137842301417187,0.00982443643418571,0.000709629001074478,0.00239968386013722,0.000106285816502512,0,0.000248837955260635,0.00111000516038565,0.000280196287108779
0.000359224975630969,0.00193652599740818,0.0007271166736902,0.0176324606340735,0.697631330627025,0.487356457946938,0.0471990548742662,0.00890439424893527,0.151244420914989,0.108967840280904,0.000984099255195411,0.276648359775619,0.0250178971229573,0.00241559347728968,0,0.0028581746661914,0.00117534286943681,0.000253182847229406,0.00117468193911162,0.0138014109444454,0.0154552323963158,0.0198069158735411,0.0146690816325447,0.203543879140334,0.0215764044915965,0.00096844868361503,0.0136301117644406,0.112680337539642,0.00621607369050263,0.0378988121126179,0.000110410457803905,0.00482299396181934,0.00079211998844701,0.00371680974651457,0.195866661804332,0.020270620631408,0.0101557735411233,0.0072492221974845,0.0050764002695312,0.354668876342779,0.00719469918682551,0.00124410204135751,0.015950316453449,0.00381483864384973,0.00248456695256272,0.00308493611574063,0.0166670875051474,0.00230636467965445,0.007440650684544,0.00038493701140669,0.000138548651107788,0.000298234344210953,0.0188072003450371,0.000332139857110679,0.00284209286125585,0.00605878584734669,0.00212123457754247,0.00430428326793867,0.0170771518527031,0.000676577503817886,0.0059301912232002,0.000393562652057499,0.00272329391078336,0.00443528748243712,0.0014731443223701,0.000285079770144313,0,0,0.00571945978055705,0.0014902147334834,0.00221361774028187,0.00556640382315486,0.0353910865876043,0,0.000420169026175916,0.00450490795714871,0.0459557054574335,0.00292189421395913,0.00514407816029776,0,0.00023514254181081,0.000159080161005438,0.00296616979356863,0.126425669650513
0.000100465821720526,0.0472158359851315,0.00697817248329079,9.04971264826359e-05,0.0047141219813984,0.000882852233884616,0.00827217781376588,0.00216462037568639,0.00658837145497939,0.00185729498691548,0.00222123296873637,0.00043507380734235,0.0158554468166113,0.000595209930037141,0.0028581746661914,0,0.0228315993044707,0.00121566773297296,0.00350598085513853,4.08709032053351e-05,0.930389431464206,1.06077972234076,1.30565510776046,0.508546992385451,0.00765680238191228,0.0107289601683751,1.40363216584701,0.147833227345172,0.00109111366839517,0.00606731489955289,0.000272724719567269,0.000283555645357922,0.000184342133474738,0.0145156059050684,0.0468124395898364,0.362695526937583,0.0664610204132305,0.100615487327613,0.0920385555484247,0.00351296923947982,0.00188678137966772,0.000460360552258402,0.102827009463486,0.011914959749202,0.030636670235913,0.018061096304204,0.00207369227851364,0.00160350703893738,0.000201013662409693,0.000567547059260189,0.00438984682911332,0.0142324061925388,0,0.00061355453411901,0.000104712669742942,0.0105308736597215,0.00475041356769407,0.000472992381912932,0,0.000668077344767005,0,0.000611919810478911,0.00426518378504799,0.00107374353959343,0.304377133813207,0.0105185587824383,0.000506993319337845,0.00246934498527725,0.000179545999821484,0.112574788927539,0.287377823058411,0.447254822668432,0.0537317409558648,0.000173554451026201,0.00544720645799962,0.149848294503084,0.0417921983823881,0.00772310751766314,0.0311809308602685,0.000168702776968986,9.71951382277608e-05,0.00183028119761931,0.00985650941377114,0.0138462913452702
0.0188854051665622,0.0352806326816277,1.70058278430248,0.000115673352067426,0.000622083627291307,0.013870766614232,0.0672904491113819,0.121302964590976,0.00158263504766362,0.0148081933338958,0.268079748307036,0.00500977535956716,0.00519747417403537,0.0927696479925784,0.00117534286943681,0.0228315993044707,0,0.273103046933236,0.592050841368522,0.000876631084510151,0.117330296507919,0.0235880423163274,2.72369401624827,0.033093026526126,0.00250609826202482,0.534163807974935,2.21771769226879,0.166830873000304,0.0942016527367252,0.486273531586653,0.00200870988779916,0.0113156680091347,0.0052123541707062,1.05405084517524,0.0162768430885955,0.259881924180102,0.214227778071432,0.242605765787424,0.102956195818971,0.00236905180437678,0.00218500712340566,0.000310920249128625,0.0515357772901214,0.0122720852937075,0.0425241189588336,0.0251393899637548,0.000438317320666134,0.00104926287756387,3.08902097172141e-05,2.21916807204038e-05,0.0290068446362765,0.0492559012985949,0,0.000209697499032199,0,0.00144791948447322,0.000183121068729282,0.000127343102304295,3.5750990299359e-05,0.00350520082669701,9.15912926827669e-05,8.07429514764845e-05,0.000253557952196464,0.000423483888001979,0.00718198266817598,0.0819335245232966,0.00501480621456316,0.0340914694328321,0,0.00218934987067817,0.0113969130629242,0.0226571252582911,0.00608042380363792,0.00176232197571768,0.0763417152089362,0.329114496994341,0.00233091894091248,7.859417787835e-05,0.00111437255720659,0.000546307900805325,0,8.200186890614e-05,0.0187674138821958,0.00821570220174345
0.00139440869092907,0.00260910414874291,0.0142149399331489,0.000216395077018529,9.40298460733887e-05,0.00944981633716798,0.0205811843910512,0.01362116641946,0.00115740878672763,0.0276590481040645,1.43940873987389,0.00819431572434305,0.00852897244517528,0.0156458107498734,0.000253182847229406,0.00121566773297296,0.273103046933236,0,0.671652915377092,0.00182069321488578,0.00720072642433056,0.00121298810608302,0.0481435640726028,0.00191342568840255,0.00410732142836774,0.332824668850489,0.1509452543918,0.0138066896275291,0.0176158338859146,0.0244815625754774,0.0104952328682539,0.0309119227475137,0.000173507805087313,0.2058410062252,0.0154697938043808,0.227508165517691,0.328678804552975,0.275204470838116,0.127964858626838,0.00141456506453263,0.00108350646688816,0.0065559141325694,0.00374260888346616,0.00479305406701734,0.00419709548737287,0.00309957402198873,3.81695233118087e-05,0,0.000262298941359789,0,0.00356898542864494,0.00188765170464155,0,0,6.8714665858537e-05,0,9.45456623936299e-05,0.000608396807085171,0,0.00239746975041567,6.23961641420126e-05,0.00625107166107479,0.00011805508546564,0.000355390017731219,0.000427242489895135,0.00388135117654901,0.00448271617039838,0.00570948816708638,0,2.56337471327186e-05,0.000883159964061912,0.00124416858236648,9.07936150778234e-05,0.00368954220109385,0.0660982413939445,0.0875565453445631,9.80884210907222e-05,6.07487723353207e-05,0,0.00910583699518426,0,0,0.000748584492913529,0.00463596214066037
0.00426850525205659,0.0102945426670072,0.0309676320041358,0.000534930976311594,0.000474135579725325,0.0140302239261002,0.0364015796919768,0.03243118678947,0.00164490315175064,0.0411985017982313,0.919707165461466,0.0116937196515041,0.00677907421055944,0.0292418844278581,0.00117468193911162,0.00350598085513853,0.592050841368522,0.671652915377092,0,0.00311202820572866,0.0234147565089915,0.00357731946289678,0.144766711895527,0.00527184789570423,0.0113509350234191,0.37139874338737,0.461054116713322,0.0340839494144332,0.0360873709656057,0.0605833871456289,0.00728605396770562,0.036697121206162,0.000985405661983833,0.774627300750654,0.0199482678812351,0.408214958157798,0.315962834001056,0.326006659934776,0.147009234676106,0.00195906720337558,0.000742181699814231,0.00118441924572018,0.0161576380579584,0.0070693783041713,0.0107672598169156,0.00701104652741447,0.000376429685696602,0.000108508297768816,0,4.09283425089121e-05,0.0166796647028817,0.00438868059629913,0,0,0,0.000206678087189987,0,0.000739750946852609,0,0.00124384011851877,0,0.00157322123113525,3.01801056032627e-05,0.000469875215296895,0.00106458553472434,0.012679205055223,0.00472980816939541,0.0171055638586563,0,0.000357114524622396,0.0022486298971764,0.00478964672540636,0.000934960027376179,0.00876556874886658,0.10438704290909,0.175479727243457,0.000194608245069683,2.8624489928335e-05,0.000225974293004841,0.00316097540370969,0,0,0.00370703275820557,0.0075421233206726
0.000287352750573471,4.67965640396177e-05,0.000241352285738736,1.45010779337098,0.00390181175483477,0.0232357034109771,0.0109185914047836,0.042494162542641,0.0850536102348164,0.717652285638376,0.00648432048427862,1.00606196968718,0.0187341354664352,0.0155770323600283,0.0138014109444454,4.08709032053351e-05,0.000876631084510151,0.00182069321488578,0.00311202820572866,0,7.09583988960385e-05,0,0.000270867475255429,0.0968601773094755,0.00528067081226489,0.0029957757832598,0.000876259025493742,0.423031257691729,0.0172990142954715,0.000638050040338457,4.27572912886739e-05,0.0146091853119111,0.000121434774953425,0.0168355038952816,0.0029941823871938,0.07881751354672,0.00531953749440038,0.0157479263177469,0.00144853352306287,0.0116045648349894,0.0133621042320161,0.00119765163611469,0.0109382640240713,5.76505682079494e-05,0.00425516564612699,0.000188016634357035,0.0202580215577718,0.00120674594591446,0.00200669828078094,0,0,4.27133756204248e-05,0.0595298851915544,0.000567779898571715,0.00369069530788495,0.00459217966286888,0.00308627872211029,0.0154213296474234,0.0325507709975872,0.000169114057419568,0.00669128760182229,0,0.00027407919164975,0.00273894599810976,0,0,0,0,0.0101191919581558,0,0.000465542280612245,5.62345312937945e-05,0.0761715909802975,0,0,0,0.08688124870396,0.000561287334270194,0.000161190231270179,0,0.000198814351092368,0,0.00295568417592557,9.54545123777986e-05
0.00787544627899506,0.00303501619438306,0.162050302376468,0.000162764937151641,0.0323308697156892,0.0129090613641373,0.216534274445077,0.064663733697684,0.00240370203293255,0.0196185401616044,0.0133840151213902,0.000708675840219602,0.0565016649998478,0.0457804209040276,0.0154552323963158,0.930389431464206,0.117330296507919,0.00720072642433056,0.0234147565089915,7.09583988960385e-05,0,0.0791938724959961,2.57653647797492,0.139322386957449,0.00080726536115855,0.0563053335154266,0.257944218780482,2.34687808793834,0.0946592436860613,2.95229561735242,0.000462870589098483,0.00327989278479192,0.019275149377291,0.900651140663115,0.231159037941455,1.27295709209134,0.11802636929838,1.32326862341045,0.568020779000178,0.0174030418022312,0.0205981134642709,0.00151443639090701,0.0459786479673992,0.00398780115629689,0.0122320223722882,0.010070299823444,0.00232969987627703,0.0018965647876069,0.000129737371331691,0.000864105484794345,0.000809681790440842,0.00429848176333022,5.2210020800516e-05,0.00112302709583225,0.000194250868788496,0.00798929983459331,0.00534439126610654,0.000184357351179137,0.00014262859356533,0.000209747164414257,0,0,0.00634946019987595,0.00134127193000385,0.0940897401963115,0.00488103895171936,8.00173742223978e-05,0.000500950237587914,3.06146740816087e-05,0.0689111189616951,0.0747714071838022,0.159294988119114,0.0351375161070079,4.29194785217643e-05,0.00141792185155604,0.038016421125358,0.0341796770092996,0.0125988814617497,0.0465702267218283,0,0,0.00225014734930665,0.00845620608781055,0.0571125730872149
0.000286402838090018,0.307419263524115,0.00773744071558689,0.000108450836777299,0.00347692578008345,0.00104068634081845,0.00391055463325863,0.00113352901557669,0.731455345138548,0.00158858139879243,0.00554154833087215,0.00175505906543486,0.103391734088002,0.000290881265113682,0.0198069158735411,1.06077972234076,0.0235880423163274,0.00121298810608302,0.00357731946289678,0,0.0791938724959961,0,0.192893835690468,1.83872857438418,0.0824129644766753,0.0144045162822015,1.51735315663891,0.0828933122341971,0.0013480052665833,0.00908876854562466,0.00204288912900618,0.000239858781913519,0.000923535293024123,0.0116146822299716,0.00792699608758217,0.0810716754276581,0.0165080845074219,0.033247245952335,0.0182620359456753,0.00549574443829411,0.000337864957517118,0.00412615574130991,0.0439017892882364,0.0161708933700955,0.0140678018819377,0.00944625048804434,0.00133098463170153,0.00131438022453037,0.00484726176876898,0,0.0136847953791132,0.0177023425882259,0,0.000181749325817436,0.000101419765751005,0.0048324917010355,0.00195735026075584,0.00234069881853702,9.92973213117417e-05,0.00434575361375021,0.00158032808464262,0.00585478721595291,0.00201469440247265,0.000179333535124481,0.0920678337200865,0.0167422709171301,0.00130415418983834,0.00397486697025459,9.72934159219119e-05,0.0309343352211,0.171307584001882,0.0832199403640825,0.0590473857156939,0.000605042287656367,0.0137097526794046,0.233980277132926,0.0209646503095038,0.00337263674809721,0.0136685054904444,0.00149068755707772,3.8427376047194e-05,0.00113013133232821,0.00604538686224778,0.00696502267093182
0.0305817473936258,0.0228398733956668,4.88803802258573,0.000358248423128173,0.0504709067927369,0.0278350943114074,0.248962772542098,0.221500713262221,0.00284847518816933,0.0262258534077262,0.061356793141004,0.00170780375327383,0.0761736231908584,0.156095472229522,0.0146690816325447,1.30565510776046,2.72369401624827,0.0481435640726028,0.144766711895527,0.000270867475255429,2.57653647797492,0.192893835690468,0,0.287650115392752,0.00241718896503698,0.666389536547163,5.0940229045032,1.09853788578557,0.120634721128639,1.58397807920365,0.00201469930876658,0.00815234233399808,0.0084949987574418,1.39461165665065,0.426485631617067,2.54150370314164,0.546417639893674,2.02836254229961,1.21480628656694,0.0371957252689339,0.0164365053008892,0.00230803949224632,0.1756658634009,0.0234704596833514,0.0717644764039167,0.0487728135542367,0.00615671059196579,0.00362502783611946,0.000162960629841894,0.000470078742152944,0.011638814157159,0.110590120393271,2.5142373120591e-05,0.00278337489458498,0.00013009301739724,0.0159617151309464,0.00227694180364847,0.000837529531626108,0.000203031052878514,0.00255354238938942,0,0.000190553954625338,0.00306543838799927,0.00250137836870914,0.435411398882421,0.0401193094180033,0.0019997805051422,0.00945738562815625,8.26488683446946e-05,0.187645448911564,0.258095668731485,0.823715285014287,0.0659747744108398,0.000530105780819058,0.0239146673605005,0.595335610816697,0.052477992357468,0.00683118678503683,0.0416974197915215,0.000336393064518988,0,0.00227463408154959,0.0213320569820928,0.12869678556508
0.000407341183331579,0.258428896139974,0.0225054947792861,0.355462280924767,0.0413590417431352,0.0149992348840122,0.0522124713473373,0.00613468703374467,2.21561223076595,0.134168628859963,0.00587915744299319,0.174581628751795,0.108664761371461,0.0054176709107368,0.203543879140334,0.508546992385451,0.033093026526126,0.00191342568840255,0.00527184789570423,0.0968601773094755,0.139322386957449,1.83872857438418,0.287650115392752,0,0.0938953957585214,0.0194665890215905,1.23686384477123,1.54355313533444,0.0325632915319643,0.00619842576088045,0.00280697222610617,0.00397869308188468,0.0100290900003942,0.0387170023613612,0.0505882674279616,0.425507946521861,0.0489329811774591,0.111557842588738,0.0736122480646666,0.0602255197482753,0.0095650515301981,0.00458211151396854,0.412279738933298,0.0212706178766103,0.0914239638681088,0.0203498876005048,0.105138588181705,0.05419592207487,0.00899080417472983,0.00687080887739244,0.00906191357229185,0.0121959141984894,0.0830496404052974,0.00229057459678688,0.02674037572427,0.13261003885037,0.124489566122123,0.276900688267427,0.123876156940576,0.00576308764261622,0.01767308340556,0.00517229478924069,0.0965253992253425,0.014515763718567,0.128513984897104,0.0122507246755607,0.000333915154747009,0.00223336432026361,0.032269561110155,0.0969873106074704,0.248608873770236,0.169670646755703,1.22880280748526,0.0011220274794104,0.0061001367456251,0.105826297239895,0.816010872081403,0.137369895980807,0.158081573640184,0.000431598758393198,0.0102866873386009,0.010939029996318,0.0944582924294934,0.0306662156295005
3.87227922942489e-05,0.213269335771875,0.00147252467142359,0.00428905707873427,0.00696448986572542,0.0178632587682795,0.00576569915732644,0.00871486532899719,0.058713481465161,0.0244515545901836,0.0591231312019625,0.0191826484707265,0.487824319220149,0.00387999290184775,0.0215764044915965,0.00765680238191228,0.00250609826202482,0.00410732142836774,0.0113509350234191,0.00528067081226489,0.00080726536115855,0.0824129644766753,0.00241718896503698,0.0938953957585214,0,0.0649597898618602,1.30762286269224,0.0429684277704605,0.00644186533249833,0.00114187567702901,0.0460360727737932,0.0234147358524338,0.000526216935618311,0.0285220578394392,0.00249234182353205,0.0825122313143826,0.0181483531609147,0.0279363096851945,0.00344217942093956,0.101241946205169,0.0156617621958323,0.0531452718366679,0.0365504517759043,0.0423048895452117,0.0117551294674239,0.00180929668690428,0.142906330924434,0.0184357311128743,0.0363871666221904,0.000104148604986042,0.059749129008378,0.000740314377839714,0.00372760027490276,0.000296654050070345,0.00304659955673631,0.00285665035585263,0.0183261477463411,0.00577544234136668,0.00504760255802798,0.0955006125276337,0.00274294896042999,0.207416188764201,0.0097635713952151,0.00251302454656527,0.00213852740811713,0.00195185304758135,0.00272984844957765,0.00469352818855729,0.00211630431844041,0.00298161867694829,0.00432188157073513,0.0059413537937364,0.0147238981653707,0.282862763246554,0.0481078431755248,0.263482626326571,0.0174353010438678,0.00408522687106113,0.000992145432652082,0.0256499042815568,0.0152253142743634,0.000169892418299496,0.0104221048656985,0.00251084697620267
0.00322092990585639,0.034261613240861,3.53026650816122,0.000161961558028311,0.000822388694103748,0.0152938729798373,0.0488386471339328,0.0321941372849503,0.00381805543522195,0.0419730857933329,0.727949311805824,0.0265382101189886,0.0318667204153014,0.0299635481100829,0.00096844868361503,0.0107289601683751,0.534163807974935,0.332824668850489,0.37139874338737,0.0029957757832598,0.0563053335154266,0.0144045162822015,0.666389536547163,0.0194665890215905,0.0649597898618602,0,5.41226917522295,0.0793754838214529,0.0294405452138783,0.0570466032566519,0.0842069603100283,0.0385149007716487,0.000526180109496593,0.270595932210489,0.0324949956770909,0.766487730413056,1.03611430442003,0.50780671350354,0.233901219187373,0.00242917819549495,0.00101224854067559,0.0137132634604394,0.114895995257176,0.0683254762011987,0.0712684102783146,0.047823729875401,0.000895073696391808,0.00116086915294157,0.000845831501463886,0,0.0814266565457923,0.0219719537661655,0,0.000496941795448229,6.77207943309545e-05,0.00154018600224325,0.000136104945626587,0.00302054020547367,3.60426424839795e-05,0.0251117609020661,0,0.0797458644877236,0.000600693332813546,0.000960630007826925,0.00448197771773739,0.0953936684122757,0.0387679010064253,0.127381025199585,0,0.00126729255532417,0.0102891059222185,0.0132908156390567,0.00578600705492606,0.0757752506718623,0.840310600198666,1.40318478127105,0.00190227727045193,0.000632413920729324,0.00138296437477718,0.0881832409604405,0.000547028538028687,0,0.0214476017692581,0.015147041935872
