0,2.31201004981995,918.634148865938,16.208511441946,0.612448751926422,19.1329846382141,2706.0083720088,299.241706252098,2.30820208787918,49.5744754076004,108.21660605073,34.1285929083824,33.5048344731331,9674.32028982043,11.0330232381821,5.47047817707062,1219.71162733436,60.7045176029205,138.924972712994,8.69904243946075,217.817917406559,1.57309401035309,2547.86657807231,15.8998629748821,0,426.793266445398,247.115625441074,228.454555094242,14520.4043321311,4937.67114314437,2.03520607948303,44.5395296812057,32.6897112727165,531.608584880829,34.7583212256432,214.594101458788,42.0379013121128,148.709959924221,87.7753194868565,20.0956402122974,6.5164487361908,8.41381895542145,1.95269459486008,0,7.71333611011505,8.07870572805405,6.0641031563282,0,0,0,0,0,0,0,0,1.46036407351494,0,1.0932474732399,0,2.04662495851517,0,1.55280029773712,0,0,0.606704413890839,0,0,0,0,0.802205145359039,0,1.93287026882172,11.9159575104713,0,1.1260769367218,10.2393597662449,31.3332586586475,0,0,0,0,0,1.75762629508972,1.05064797401428
2.31201004981995,0,89.4751418828964,5.18176385760307,3.01476621627808,2.49447900056839,12.4144821763039,9.00539204478264,2548.37823385,12.893695473671,409.722442626953,4.84112343192101,5488.65175446868,11.7422940135002,32.8722278475761,707.143716543913,970.291002780199,33.541869789362,176.587698161602,2.58089542388916,46.8724299371243,7732.20109799504,93.5949471592903,5988.28454124928,3128.11298173666,1233.62658083439,26798.2411505878,191.749451011419,17.8480839729309,1.2418240904808,243.647417485714,5.15239214897156,0.346316903829575,226.686559200287,28.40396463871,487.032102286816,419.498033165932,243.430259078741,197.155377686024,10.673770070076,0,387.615590125322,602.274907559156,362.735105603933,187.346209168434,331.781526088715,15.5037153661251,7.17494565248489,67.0016941130161,0.505040764808655,1457.99599227309,412.01588383317,0.463744938373566,0,0,29.4294049143791,4.94860622286797,57.1325498819351,0.402847856283188,119.206943422556,2.80090391635895,408.407979428768,5.04507032036781,3.22203689813614,177.333217561245,473.469005227089,22.2930709421635,734.529763162136,2.06284898519516,20.8206592798233,663.797630697489,200.491848647594,198.429064005613,82.3524205684662,2269.20064690709,10983.5182485878,57.8295976221561,2.94096353650093,11.2744058966637,76.3252681791782,1.79079723358154,0,38.2999863624573,27.7920280694962
918.634148865938,89.4751418828964,0,11.0991364717484,5.56193000078201,79.6815024912357,3247.87066799402,3657.30768710375,15.350383490324,132.281586796045,84.3771389722824,50.2176692783833,629.992331892252,5439.85838466883,52.1588380634785,154.599916130304,14279.3637764454,81.156827121973,932.825724124908,22.1451986730099,1659.85446605086,64.6638842225075,33712.6077785194,59.4750753641129,3.09565615653992,43813.8626672626,35983.0806495249,1879.04716622829,2029.08492651582,4968.80213353038,4.64678406715393,36.3725521564484,39.4912554323673,2869.12052726746,822.960023760796,9605.26343169808,6077.36561065912,4092.76130774617,5136.55955559015,122.171420454979,122.303487479687,16.4230873882771,503.995113581419,105.330120652914,127.460960805416,288.925592213869,45.7376602590084,3.44731575250626,0,0,81.9557639956474,828.805650800467,0.970726609230042,2.2752029299736,1.31916823983192,50.8041264116764,1.92359098792076,9.45113041996956,2.46340781450272,25.9605812430382,1.25595766305923,2.61243391036987,6.23878243565559,3.8641921877861,930.118328690529,223.974002093077,4.85728722810745,76.4453179240227,2.78433182835579,78.5007840692997,172.489921927452,2501.75830945373,198.051811337471,3.79454693198204,303.127158492804,6751.87975755334,295.76747995615,5.48208141326904,33.1762298941612,1.2243372797966,0,4.0306990146637,36.5303125977516,529.064543783665
16.208511441946,5.18176385760307,11.0991364717484,0,265.222181022167,1252.14574956894,1283.53833252192,1504.98550486565,4042.71163019538,13862.2986359596,84.9054611623287,8265.28653520346,777.543119043112,711.391099691391,2809.34053245187,0,21.5882248878479,53.5607727766037,70.7616050839424,24989.2302241325,38.2723286151886,31.7915608882904,14.9835141599178,10653.1270498931,2.44639745354652,34.3667420446873,63.366100102663,12706.5673589706,553.215449303389,15.9970570206642,0,68.8710115849972,8.52555751800537,635.705780863762,351.890956163406,4453.59132879972,69.7264460623264,566.97922617197,242.277020931244,1860.78395786881,297.94910004735,33.6820444762707,496.812966585159,3.55761849880219,68.7304662168026,59.9791593551636,1414.6441808641,68.0717459022999,2.7581003010273,0,0.44700488448143,1.93864572048187,2319.37079837918,32.1965072453022,49.6936963498592,716.721859842539,61.2056441903114,1336.89622336626,753.69359639287,59.768756210804,460.64265242219,6.14893090724945,21.7448919415474,184.43322879076,26.8633644580841,1.44190514087677,6.85853326320648,2.34469583630562,811.416736721992,18.6968993544579,5.11599171161652,20.5166248977184,2780.97264555097,0,1.40300223231316,4.17892071604729,3249.55985534191,32.6994700133801,16.525880664587,0,10.6310743093491,0.65899646282196,32.6956348717213,36.715911924839
0.612448751926422,3.01476621627808,5.56193000078201,265.222181022167,0,1110.89568677545,45.1311682760715,66.5480582118034,231.896548300982,121.800827950239,5.11819818615913,508.777819365263,38.1398985683918,10.9114573597908,3212.25681859255,2.80819892883301,8.14325368404388,0.411944776773453,1.80710530281067,74.573490858078,24.1576094031334,10.8329939842224,46.18874335289,378.993361860514,1.3336820602417,6.40999603271484,67.3355945944786,119.405482500792,13.9616394340992,12.9792580008507,1.1945022046566,44.9469774961472,0,2970.67688822746,360.446255356073,277.894606560469,21.3010802268982,38.6890477538109,123.085823476315,16529.6675281227,8800.50073879957,12.6666069030762,18.6640946269035,0,22.3074908256531,33.4649612903595,106.116519123316,18.6651804447174,2.03140950202942,0,1.30483782291412,0,67.2823711037636,2.54649329185486,7.09659457206726,16.211791574955,2.45848673582077,29.6161034107208,7.04106494784355,10.397733092308,26.9426915645599,1.10640144348145,0,16.5970388054848,4.45444488525391,0,0,1.49783837795258,10.258742839098,3.28914171457291,2.03216469287872,4.26542860269547,97.8360740840435,0,1.14092135429382,3.22277855873108,99.5933108329773,0,0,0,2.34757351875305,0,2.35068416595459,84.4415574669838
19.1329846382141,2.49447900056839,79.6815024912357,1252.14574956894,1110.89568677545,0,3001.39078217745,11168.4235405177,188.06060898304,19295.8268314004,532.17335665226,9239.74895361066,583.345992743969,620.616805642843,3557.09621167183,10.5736388266087,97.9633591175079,242.418206900358,251.248756319284,844.224080264568,116.047957032919,3.30155888199806,105.58591157198,578.310389101505,9.09514403343201,216.152950793505,188.092806518078,2629.70104447007,398.5705909729,100.982935607433,19.5744047164917,235.558465451002,15.4129202663898,1940.24963536859,4558.32284548879,3321.15163704753,211.856256455183,636.94967931509,1672.45511764288,4651.93588939309,4863.44771817327,274.042770624161,56.3204317092896,31.2231710553169,282.247742444277,419.795451104641,157.541082203388,339.350545436144,49.6604436933994,1.19719994068146,3.10239291191101,0.39207911491394,53.6665643453598,1.85074907541275,33.661796182394,26.5751084387302,82.9620783627033,59.6048099994659,9.28922697901726,80.4199125468731,78.8898104727268,50.656916052103,63.3871628046036,17.3806668817997,6.91602244973183,0,0,0,20.6744243502617,4.05581200122833,3.16987869143486,11.232487142086,124.618771255016,1.45378047227859,1.97025248408318,1.29416453838348,73.5530598759651,28.7971821427345,4.23481458425522,3.51477608084679,81.6258085370064,0,50.8303379416466,866.059144884348
2706.0083720088,12.4144821763039,3247.87066799402,1283.53833252192,45.1311682760715,3001.39078217745,0,30521.734237209,635.05309394002,44810.3657003045,683.391682207584,865.125180393457,1409.9025709331,39829.7309283614,737.208912283182,9.20395284891129,619.702653348446,307.830762892962,527.0925090909,762.661684632301,3560.65447759628,11.039217710495,3340.45532721281,1081.54125520587,8.66998156905174,941.458854466677,1443.51421058178,42544.9050462842,7611.85386356711,21797.1893933415,16.2157655656338,323.234347581863,337.367036014795,3432.08340460062,2171.05303037167,10560.9445717037,391.017160147429,2693.63691070676,1615.55096784234,1325.64695411921,624.307111471891,132.627836376429,485.739817380905,18.0012352764606,99.492504119873,189.772116571665,770.497347980738,102.142938822508,8.52573022246361,3.4725329875946,0,8.71114364266396,521.830332666636,8.25641602277756,15.3416094183922,668.133497685194,53.1093315184116,376.483470082283,159.322777241468,84.7034081220627,139.564025163651,13.573687016964,33.5931637883186,61.866040199995,75.7718576788902,1.06263738870621,0,0,118.74766844511,51.1159539222717,22.374364733696,129.527147144079,2108.35801738501,0,1.94652670621872,128.915831208229,3673.28058001399,40.8931687474251,119.270125567913,0,3.11356288194656,3.53820824623108,47.2175347208977,270.089103937149
299.241706252098,9.00539204478264,3657.30768710375,1504.98550486565,66.5480582118034,11168.4235405177,30521.734237209,0,156.399974673986,22563.7173426747,1880.15785878897,4022.6117003262,1093.03327581286,17596.8790154457,995.458707779646,12.7785911858082,1382.39067345858,664.867364168167,526.742819607258,1730.89448525012,1345.97031226754,4.73808965086937,3183.4347807765,525.507155507803,30.429090321064,1487.69174355268,1050.76725518703,8182.40231606364,1810.78214675188,3594.6376632452,58.5208152830601,801.929874628782,82.2925085425377,2071.35170575976,562.809720903635,6412.93975281715,478.462458819151,1378.35703203082,2334.17193800211,3264.39102321863,820.810819000006,525.32253319025,101.744574189186,56.8110956549644,568.347383350134,658.60786563158,193.809525132179,604.895765990019,76.0889595150948,4.39434397220612,1.39556884765625,1.87492224574089,40.6313489675522,0,49.2684829235077,60.6413241922855,206.512674123049,58.5000313520432,3.77492755651474,186.362644851208,96.154182523489,119.716700136662,115.431045740843,16.9460263848305,14.0465583205223,0,0.498087912797928,1.3966246843338,18.5971121788025,15.1382749676704,8.5594185590744,25.3506888747215,270.392169177532,6.02469122409821,3.38262379169464,28.5565676093102,380.41992521286,51.8767818808556,21.9091961681843,6.2691196501255,127.489774733782,0,98.4842527806759,72.6945054829121
2.30820208787918,2548.37823385,15.350383490324,4042.71163019538,231.896548300982,188.06060898304,635.05309394002,156.399974673986,0,683.182699620724,55.4279027581215,1440.4238242507,1612.22962671518,43.9722971022129,2640.22231209278,329.804241210222,33.0485839545727,5.68000787496567,10.353834092617,571.255821734667,245.635835915804,11049.884216845,125.79416295886,31040.0862656832,1350.05959835649,104.932671666145,5265.16185897589,4851.97942066193,63.7636251151562,12.4687460362911,90.241671025753,3.26969772577286,5.08789458870888,74.7207305431366,57.3945991098881,818.514637500048,82.7355248332024,90.8940425813198,69.5622454881668,1162.46504053473,39.4761382937431,22.627796292305,873.825972169638,41.5298522114754,110.889163047075,156.214507490396,760.685426443815,95.3177555799484,8.697645008564,7.72231352329254,69.2641638219357,23.6332315802574,515.439228475094,9.30845308303833,81.7354116737843,791.296224921942,182.793249845505,8520.36334979534,271.703319877386,56.956923186779,136.662198603153,42.8511059582233,108.280152291059,172.471454113722,1485.81398957968,17.2443075478077,11.9226730465889,27.8670765757561,87.2220685780048,637.357701450586,1194.47037041187,736.665659308434,10445.4457325637,23.2393050789833,48.2281402647495,394.85580945015,7945.01345950365,148.550312668085,163.638197481632,2.60491889715195,14.1547214388847,13.7648810148239,91.9148291945457,93.8958225846291
49.5744754076004,12.893695473671,132.281586796045,13862.2986359596,121.800827950239,19295.8268314004,44810.3657003045,22563.7173426747,683.182699620724,0,1377.60872787237,11302.6553087831,1670.79779005051,5661.41753518581,1146.3429223597,1.45775371789932,192.284835427999,617.721776157618,1019.7180711329,12049.1850333065,233.500848263502,5.26792749762535,105.980579406023,2021.82738175988,21.5835223793983,498.688608318567,414.343587368727,27839.6958068013,2469.35724124312,111.400116950274,21.2290515005589,503.575659930706,10.3983145058155,3815.08111432195,1251.42273646593,8720.6047116518,342.804323554039,2780.67178931832,1328.19910147786,3154.60484153032,1111.403462708,356.361753702164,87.6672987639904,15.3435748815536,156.691777139902,184.313005566597,439.306613922119,109.911663234234,23.4712881445885,0,2.04397130012512,0,201.988759279251,2.70062744617462,20.3868442475796,124.723631888628,12.134786605835,335.149793207645,153.353894978762,72.7644851207733,216.210022926331,39.5203081071377,3.26559108495712,50.2290367484093,7.74519771337509,0,0,0,54.8204917609692,4.99895319342613,0.548958122730255,11.6509462893009,658.480668485165,0.62483811378479,1.17391085624695,6.22213420271873,514.311025172472,8.43805152177811,11.6853038668633,0,1.14315718412399,0,20.910221517086,154.908525794744
108.21660605073,409.722442626953,84.3771389722824,84.9054611623287,5.11819818615913,532.17335665226,683.391682207584,1880.15785878897,55.4279027581215,1377.60872787237,0,1097.73543044925,8344.93433812261,1286.67232429981,75.6556163430214,1.30466222763062,469.628511369228,11020.8337225616,5052.01707044244,237.688635706902,40.7940132319927,105.841605514288,144.628013342619,90.5276179015636,1324.93553772569,4695.29181852937,782.516369134188,224.053836762905,3915.49412977695,46.9758330881596,677.17951208353,1788.64188417792,2.68080747127533,14166.5298793614,166.939165532589,1385.0847940743,6692.15173244476,6862.17210143805,935.53033837676,98.6621587276459,49.4441562891006,3482.05938014388,31.1829129159451,1506.17013993859,81.0594543218613,40.136028945446,3.17758071422577,17.850686788559,441.027575999498,0,184.886068493128,3.66925758123398,0,0,0.618776082992554,1.88331544399261,10.1958357393742,39.4902054071426,0.896237790584564,1568.0883859992,4.20135170221329,6230.02618956566,13.6984320282936,1.16204136610031,2.36495715379715,3.7961011826992,71.5238712728024,26.3982067704201,0,0,81.0733217000961,1.91768768429756,14.8258350789547,234.372603386641,1193.1467423439,1841.21487817168,0,34.1446445584297,0,1589.00238260627,49.2876975238323,0,125.724625527859,55.5150046944618
34.1285929083824,4.84112343192101,50.2176692783833,8265.28653520346,508.777819365263,9239.74895361066,865.125180393457,4022.6117003262,1440.4238242507,11302.6553087831,1097.73543044925,0,1096.77091506124,1251.99252584577,8439.33700156212,1.23471575975418,137.266601443291,583.738360732794,782.269283890724,15449.36594823,50.8059459328651,10.3037064671516,37.3057074546814,2146.73011004925,17.6201011240482,490.313976168633,376.518089324236,1507.80959317088,852.950566083193,44.4391674697399,41.135817617178,334.735117942095,8.21577399969101,1647.99627614021,2203.1919798553,5583.97760844231,212.705598771572,1596.71242529154,1050.6428463757,4012.80081161857,593.206444680691,312.916237592697,131.013794004917,19.0066424310207,170.982364833355,194.888069599867,686.268920660019,135.665952861309,26.4731527864933,0,0.821396172046661,0,508.518639206886,14.3837248682976,43.8273384273052,125.243345201015,23.8224005103111,262.451636493206,106.701223760843,78.3602466881275,708.418294966221,29.4655998051167,12.3425739705563,70.3561447560787,24.5325699448586,0,0,0,352.411779165268,11.5074690282345,5.91501462459564,15.0533128380775,635.129976570606,0.879302799701691,0,4.65424671769142,658.981172114611,5.43563038110733,8.66229155659676,0,8.5222589969635,0,28.4125263690948,448.308241546154
33.5048344731331,5488.65175446868,629.992331892252,777.543119043112,38.1398985683918,583.345992743969,1409.9025709331,1093.03327581286,1612.22962671518,1670.79779005051,8344.93433812261,1096.77091506124,0,320.37878203392,199.03274050355,760.332115471363,241.875421911478,124.547968685627,204.099046349525,584.188304722309,1026.65144196153,2622.23351660371,1488.27329060435,2710.6825312674,11003.1366078258,461.417680203915,5143.54361608624,1876.05057060719,666.372577518225,583.816218823195,619.995952010155,554.944760262966,30.0371511280537,3018.47346135974,601.684479892254,4423.78633388877,4475.34459039569,2513.77221605182,2705.46327754855,3380.02889215946,496.241100430489,5154.30936986208,341.5459407866,4000.2974152863,597.892748385668,660.18580198288,1701.68740609288,743.935099184513,998.581654816866,3.5230438709259,757.72401830554,29.5989389717579,68.0552131533623,4.41406440734863,105.040633618832,167.11976903677,292.161758512259,170.654719680548,111.81819653511,5091.22458842397,250.352821230888,25466.781958878,182.517542690039,20.553558409214,413.499306917191,21.0705735385418,217.173207700253,64.3971263170242,91.3945318460464,196.30570396781,283.227444916964,743.083326876163,473.429894536734,1882.46673327684,2638.59903022647,7387.04263213277,914.515104621649,117.564220964909,156.03284701705,4964.56044793129,240.205076247454,2.59774029254913,531.502198457718,136.562908470631
9674.32028982043,11.7422940135002,5439.85838466883,711.391099691391,10.9114573597908,620.616805642843,39829.7309283614,17596.8790154457,43.9722971022129,5661.41753518581,1286.67232429981,1251.99252584577,320.37878203392,0,130.991986393929,11.5384860932827,4865.96132186055,533.203284025192,709.873134791851,648.527048289776,1187.20015758276,3.83138036727905,9138.44847020507,270.141369849443,13.0862646698952,2444.47397997975,1198.70289990306,4018.56268206239,15259.1925406456,14536.9110618532,34.9833483695984,2464.55181282759,73.1298096179962,1820.13940551877,206.208400189877,2152.37716439366,302.06940984726,968.147544950247,715.720867037773,259.149052292109,130.094049751759,105.910981655121,18.3548830449581,15.387532889843,60.8154149949551,92.727981954813,42.5895445644855,54.2258795499802,19.0467476248741,0,1.44892030954361,4.23518830537796,4.37103533744812,0,5.22003769874573,15.3123742043972,11.9680045247078,25.3440324366093,2.54678893089294,27.3224878311157,14.9130638837814,12.4947013258934,12.1507015824318,1.8500497341156,10.2275489270687,0,0,1.22922366857529,1.58000242710114,3.36462450027466,3.09547913074493,15.057569205761,87.8596864640713,1.56702554225922,4.11910828948021,36.0236144661903,162.967034697533,7.55097019672394,2.0129554271698,2.36135876178741,11.6261726617813,0,9.98969632387161,15.2928519248962
11.0330232381821,32.8722278475761,52.1588380634785,2809.34053245187,3212.25681859255,3557.09621167183,737.208912283182,995.458707779646,2640.22231209278,1146.3429223597,75.6556163430214,8439.33700156212,199.03274050355,130.991986393929,0,34.8621299862862,75.9336164593697,52.2591315507889,61.8037188947201,1003.19018635154,365.708541214466,135.278934806585,429.704136788845,4979.00004115701,19.2972387969494,48.047167122364,333.090771496296,1534.30740323663,180.387470066547,310.602217555046,5.60727137327194,103.918086022139,17.2125758528709,182.22689729929,5339.61173513532,1381.69195500016,117.739926546812,157.547961592674,216.478231698275,7330.11218011379,120.446044057608,30.825842410326,145.120847612619,10.5063803792,25.9066054821014,99.9493159353733,667.957847177982,30.3383458852768,0.7942875623703,0.662769556045532,0,7.20497208833694,462.487099587917,22.3235644996166,22.785431176424,160.348448842764,23.0207949876785,289.511851787567,154.660823941231,30.358909368515,181.140330612659,2.35164931416512,13.5960248708725,89.8972599208355,63.377477645874,2.92374038696289,1.82844257354736,7.45257174968719,150.532196074724,53.0176159739494,21.1289467811584,66.4637553393841,811.18877312541,0,6.24751406908035,24.9282106757164,893.499323874712,5.48522812128067,6.98641121387482,0,7.39389425516129,0,9.83191460371017,1003.98290541768
5.47047817707062,707.143716543913,154.599916130304,0,2.80819892883301,10.5736388266087,9.20395284891129,12.7785911858082,329.804241210222,1.45775371789932,1.30466222763062,1.23471575975418,760.332115471363,11.5384860932827,34.8621299862862,0,505.959755063057,5.87050741910934,63.7509575486183,0.491760313510895,822.223845869303,3542.98069784045,11538.4550406933,1424.9974334836,94.0063609480858,133.402522563934,20621.2991354167,119.026432096958,23.9932907521725,303.136570602655,5.86803323030472,2.2966702580452,2.68125537037849,259.320296794176,401.991821080446,4340.97018560767,1043.78387820721,482.721736997366,735.378432571888,37.3409599661827,52.3372827768326,9.62564393877983,240.379089355469,36.7052673995495,36.3430099785328,51.0978906750679,353.287861227989,8.57916045188904,0,13.0402030348778,31.1769429147243,123.734267681837,24.5862553715706,4.91313910484314,4.49208909273148,266.855854570866,79.2369748353958,935.055113762617,38.7663186192513,149.934357732534,10.3472793996334,2.00181394815445,51.9771792590618,30.2170002758503,3149.29977816343,27.6893231570721,0,6.17209914326668,6.63985234498978,1297.02319985628,1213.40567827225,2940.18251916766,3055.38225954771,3.47824305295944,35.7494304776192,2014.26004064083,2954.23719847202,55.7078449428082,563.967366784811,0,4.57974755764008,4.32936638593674,18.8848335444927,68.909727871418
1219.71162733436,970.291002780199,14279.3637764454,21.5882248878479,8.14325368404388,97.9633591175079,619.702653348446,1382.39067345858,33.0485839545727,192.284835427999,469.628511369228,137.266601443291,241.875421911478,4865.96132186055,75.9336164593697,505.959755063057,0,261.806003332138,10405.966159761,34.5337378382683,2044.60670888424,239.323677271605,17529.7716318667,175.570881992579,16.6764842867851,8439.14936226606,28625.7475991547,320.876124113798,8293.3548156023,3496.86451983452,14.5918740034103,54.4051841497421,1029.57847160101,12194.2330429554,465.171320140362,4682.08727282286,4966.74068182707,4480.3130620122,3329.43160682917,96.4022178649902,113.140439093113,10.6973916292191,525.42602032423,125.53738373518,160.465759336948,272.562544256449,8.11342996358871,7.93024492263794,1.31839442253113,0,339.109449416399,537.403543829918,0,1.16540956497192,0,21.5927483737469,0,12.6408368051052,0,7.14925569295883,2.27696406841278,6.77252915501595,1.2019120156765,0.640116989612579,107.208806931973,419.97365218401,8.70552542805672,347.300171136856,0,18.2441843748093,116.299051702023,222.326842367649,24.3142634034157,11.3345361948013,1042.18466851115,5275.62754327059,30.8958067595959,0.834014475345612,11.4429515302181,8.96808782219887,0,0,16.6862796545029,265.561977148056
60.7045176029205,33.541869789362,81.156827121973,53.5607727766037,0.411944776773453,242.418206900358,307.830762892962,664.867364168167,5.68000787496567,617.721776157618,11020.8337225616,583.738360732794,124.547968685627,533.203284025192,52.2591315507889,5.87050741910934,261.806003332138,0,2544.52408587933,125.46755322814,42.5196413099766,16.4324858784676,93.1391558051109,18.1356495022774,50.2361632883549,3703.74831429124,1182.47768056393,59.4066405892372,1484.98507997394,38.8651964664459,187.944169074297,576.548374474049,6.25331383943558,3231.62678134441,225.61561948061,1729.48064485192,5292.23111858964,3855.54534798861,1263.20830538869,32.0405287444592,34.1845597922802,47.960316836834,32.2094893753529,268.934984236956,16.6875442862511,39.440726518631,0.458503186702728,6.57597970962524,4.20700687170029,0,46.674520611763,7.24582597613335,0,0,0,0,0,0.650961399078369,0,129.082414031029,2.93472808599472,251.036559075117,0.648154318332672,0,1.99810385704041,6.51262220740318,141.984250068665,43.948916554451,0,0,9.15643876791,0.458291590213776,1.45488953590393,40.489672601223,1235.85817751288,1456.00374367833,1.61674344539642,0,0,426.132009148598,0,0,0.423987418413162,128.993791699409
138.924972712994,176.587698161602,932.825724124908,70.7616050839424,1.80710530281067,251.248756319284,527.0925090909,526.742819607258,10.353834092617,1019.7180711329,5052.01707044244,782.269283890724,204.099046349525,709.873134791851,61.8037188947201,63.7509575486183,10405.966159761,2544.52408587933,0,188.280268669128,202.890935778618,66.0207935571671,850.502855181694,47.5518999397755,16.2173935472965,4481.32107883692,5347.56893563271,181.260750234127,1358.2983802259,151.644890904427,49.5043130218983,240.823391735554,35.0894671082497,10437.9403828979,479.082230120897,5339.41716140509,7328.45411506295,4365.35172730684,2578.89063701034,31.221725165844,44.3624996542931,9.21893179416656,177.711547732353,119.13338842988,68.878344386816,137.489873796701,1.9546537399292,7.07798933982849,0,0,108.785706192255,116.351110041142,0,0,0.95966500043869,3.00829195976257,0,9.02722808718681,0,9.95293793082237,7.86589911580086,20.1164409816265,0,4.56730890274048,12.9902793169022,156.287034600973,68.4174301028252,328.819038897753,0,0.283677518367767,14.5869461297989,35.4448664039373,3.89792034029961,13.9569077193737,1380.5356592536,2489.05951121449,0,0,0.72547447681427,48.9578064680099,1.01158261299133,0,2.17740833759308,323.65000718832
8.69904243946075,2.58089542388916,22.1451986730099,24989.2302241325,74.573490858078,844.224080264568,762.661684632301,1730.89448525012,571.255821734667,12049.1850333065,237.688635706902,15449.36594823,584.188304722309,648.527048289776,1003.19018635154,0.491760313510895,34.5337378382683,125.46755322814,188.280268669128,0,31.2751989662647,3.39417168498039,14.9051999151707,925.037633568048,4.27145850658417,104.454086661339,107.68225467205,4876.40144112706,425.667945772409,25.6458004415035,7.50584840774536,103.910764247179,6.15017646551132,601.306147694588,212.335605084896,2839.67143574357,74.7045500278473,476.505267798901,277.233082860708,1172.50468853116,295.822297334671,71.2561026215553,92.5875776708126,5.02742254734039,46.3260632157326,57.166158080101,421.603524595499,36.3233727216721,7.69745057821274,0,0,0,321.593404352665,4.29713821411133,6.10211047530174,141.261603206396,12.8219249248505,230.751167535782,56.5352676808834,34.0446147620678,326.323798388243,6.08208301663399,2.41438445448875,38.9809993505478,8.39152890443802,0,0,0,63.1946789324284,7.55292904376984,2.08900189399719,3.76902955770493,542.876267015934,0,0,3.43792021274567,637.19081056118,2.05432435870171,5.24428823590279,0,0,0,15.4929765760899,26.6721531748772
217.817917406559,46.8724299371243,1659.85446605086,38.2723286151886,24.1576094031334,116.047957032919,3560.65447759628,1345.97031226754,245.635835915804,233.500848263502,40.7940132319927,50.8059459328651,1026.65144196153,1187.20015758276,365.708541214466,822.223845869303,2044.60670888424,42.5196413099766,202.890935778618,31.2751989662647,0,99.7507311701775,40627.342435509,232.076341062784,1.3839299082756,257.993453413248,9686.36237072945,8074.45426747203,1925.78399953246,26529.4651145637,3.90055045485497,19.9611580967903,565.053364574909,15684.2472876012,2523.90372508764,12655.7302479446,1614.48018673062,6570.83769154549,3679.34713447094,263.267127931118,232.391814857721,11.9500966072083,609.729994982481,23.6587923467159,64.318600833416,114.861836999655,599.068185150623,31.3688052296638,0.994648218154907,40.7323678135872,14.7211558222771,68.2446417212486,109.951920568943,4.72127914428711,8.89475953578949,914.69433760643,276.291170716286,712.063388496637,128.883507102728,164.742848664522,17.9947588443756,4.50496608018875,209.365896463394,63.8574732244015,641.32671880722,6.30642485618591,0,0.50858998298645,31.6246863305569,585.635633051395,151.372140496969,661.12158408761,4249.43208897114,0,13.7654525339603,669.372084587812,6767.67662268877,174.001719355583,622.725417286158,0,4.12406849861145,8.50694638490677,74.5901628732681,319.206651419401
1.57309401035309,7732.20109799504,64.6638842225075,31.7915608882904,10.8329939842224,3.30155888199806,11.039217710495,4.73808965086937,11049.884216845,5.26792749762535,105.841605514288,10.3037064671516,2622.23351660371,3.83138036727905,135.278934806585,3542.98069784045,239.323677271605,16.4324858784676,66.0207935571671,3.39417168498039,99.7507311701775,0,318.187039792538,18186.912858367,1876.74805164337,354.686420828104,20100.3715274632,472.237526297569,7.84301421046257,2.71297413110733,146.436782956123,0,0,64.3774655759335,10.606637775898,251.30175486207,179.169117540121,103.89944010973,78.7740409970284,79.7597072720528,2.06473338603973,87.0581761598587,312.495325922966,108.102836728096,82.4645766317844,132.376014560461,88.6260765194893,4.21875214576721,9.71832180023193,1.04354304075241,1504.68906196952,149.453796476126,2.86594557762146,3.2320294380188,1.85317540168762,47.5403430461884,13.6235509216785,567.932137221098,4.98604649305344,62.928900539875,2.12700128555298,114.512598901987,8.57706737518311,10.1209346652031,4487.12065464258,79.8226471543312,22.8624198436737,108.831831693649,0.90115362405777,640.354861974716,5151.21550261974,2578.27898955345,1957.51662200689,77.4729900062084,450.931290984154,7631.20495566726,1162.13725760579,10.0800129771233,51.1379853188992,31.8646329939365,0.607921481132507,0,17.1436439454556,11.1606365740299
2547.86657807231,93.5949471592903,33712.6077785194,14.9835141599178,46.18874335289,105.58591157198,3340.45532721281,3183.4347807765,125.79416295886,105.980579406023,144.628013342619,37.3057074546814,1488.27329060435,9138.44847020507,429.704136788845,11538.4550406933,17529.7716318667,93.1391558051109,850.502855181694,14.9051999151707,40627.342435509,318.187039792538,0,126.476614117622,11.8505509197712,6630.06263813376,47629.5322618783,2382.58648210764,8420.12075909972,17681.7736411691,2.95419999957085,62.2378759384155,611.98645272851,18812.3046744168,4769.45614489913,25059.5013163686,3694.39568251371,15534.2223210037,15117.3997346759,555.504895269871,369.524936228991,21.2405056655407,229.280581712723,35.3983619213104,45.0553780198097,164.386385381222,377.502416998148,16.8743694424629,0,16.1570686399937,14.1216048300266,118.404411077499,28.5686536431313,4.60497629642487,2.94109067320824,272.519087433815,81.7548915743828,606.341608792543,40.4755600690842,200.03719496727,10.2663642168045,4.40199530124664,65.3223203420639,33.2835094928741,1980.1211463213,19.5857723653316,0,3.37116923928261,7.46103310585022,1209.37169894576,480.922872662544,1996.68781200051,2520.87712007761,1.23686128854752,28.5914067029953,1225.2919717133,2796.13052591681,74.715738594532,597.923012584448,0,1.23612853884697,7.26132321357727,15.3601754903793,946.767871171236
15.8998629748821,5988.28454124928,59.4750753641129,10653.1270498931,378.993361860514,578.310389101505,1081.54125520587,525.507155507803,31040.0862656832,2021.82738175988,90.5276179015636,2146.73011004925,2710.6825312674,270.141369849443,4979.00004115701,1424.9974334836,175.570881992579,18.1356495022774,47.5518999397755,925.037633568048,232.076341062784,18186.912858367,126.476614117622,0,1799.34370622039,175.023225694895,8911.9102370739,11680.4734643996,374.330355584621,352.492224246264,112.262263268232,23.814093798399,35.7117165327072,328.916128546,431.738825172186,4342.07980191708,292.421697497368,391.628603160381,321.271511107683,1784.57325929403,120.207563430071,60.9603531062603,2695.15333649516,68.1303983032703,332.899326950312,383.520094692707,2004.53458851576,209.764311671257,8.52829384803772,46.6642277538776,54.8945117294788,79.4487392306328,1506.51454287767,26.2525186240673,91.5587401986122,2986.17266654968,466.846618771553,6093.92685857415,656.869331210852,211.013901263475,294.630264788866,44.6399779319763,309.221509039402,294.026207655668,1796.11597409844,19.371156424284,0,8.00989192724228,279.048227667809,1119.51919773221,1039.29543450475,1596.36664268374,21408.0421120524,13.1330032944679,47.7210918962955,1140.17099457979,24813.5057399273,409.71360835433,704.711671978235,0,8.09216117858887,27.7948993444443,270.584488898516,166.104198753834
0,3128.11298173666,3.09565615653992,2.44639745354652,1.3336820602417,9.09514403343201,8.66998156905174,30.429090321064,1350.05959835649,21.5835223793983,1324.93553772569,17.6201011240482,11003.1366078258,13.0862646698952,19.2972387969494,94.0063609480858,16.6764842867851,50.2361632883549,16.2173935472965,4.27145850658417,1.3839299082756,1876.74805164337,11.8505509197712,1799.34370622039,0,370.153737008572,10502.2222542763,44.4214859902859,32.7345818281174,0.831664025783539,515.947121351957,22.1241511702538,0,508.892245560884,0.782420933246613,35.3725039958954,231.239597767591,166.221064925194,25.6142530441284,9.67410761117935,0,761.628669112921,61.8056137561798,376.70252341032,34.0495163798332,29.5591498613358,8.53534349799156,1.57103705406189,212.761376589537,0,702.224085628986,10.1720771193504,0,0,0,0.84537535905838,1.59427008032799,42.108063608408,1.30721154808998,342.345191419125,1.46302032470703,2219.47404125333,7.40866255760193,0.590023100376129,10.4415002465248,22.1270999014378,101.38788959384,71.1130556762218,1.15527993440628,1.25542378425598,98.1779806017876,3.96704304218292,80.7681949734688,1617.6218765974,1355.30658632517,4519.70000201464,4.23667630553246,16.2865032851696,0,392.4368878901,22.1214439570904,0,73.8617095947266,0
426.793266445398,1233.62658083439,43813.8626672626,34.3667420446873,6.40999603271484,216.152950793505,941.458854466677,1487.69174355268,104.932671666145,498.688608318567,4695.29181852937,490.313976168633,461.417680203915,2444.47397997975,48.047167122364,133.402522563934,8439.14936226606,3703.74831429124,4481.32107883692,104.454086661339,257.993453413248,354.686420828104,6630.06263813376,175.023225694895,370.153737008572,0,34628.7558251321,269.661915361881,2290.15976497531,1085.96266925335,947.566826254129,322.449709653854,58.7309522032738,3390.77456918359,429.679241210222,5731.89782762527,14459.3334154487,4806.0306558013,2391.98834186792,53.2356267273426,62.0301393270493,53.9431865513325,1410.1642755568,1705.70414423943,551.8815715909,775.415469676256,16.4280316531658,12.2255643606186,16.7441065609455,0.509163200855255,1083.55165398121,817.948264271021,0,0,0,42.1524341106415,0.923898696899414,46.7605603635311,0.449854403734207,589.788330823183,2.60499483346939,1583.81978526711,1.33020508289337,4.75964841246605,84.8107388913631,1022.02029511333,919.969456911087,2032.70440119505,0.41015699505806,19.0846472084522,152.673944860697,294.709822535515,46.1695341467857,390.780639082193,13635.3285442591,25161.2141287029,43.4376929998398,1.10747814178467,31.3536496907473,2175.55352300406,0.918272793292999,0,59.3336929380894,323.88261282444
247.115625441074,26798.2411505878,35983.0806495249,63.366100102663,67.3355945944786,188.092806518078,1443.51421058178,1050.76725518703,5265.16185897589,414.343587368727,782.516369134188,376.518089324236,5143.54361608624,1198.70289990306,333.090771496296,20621.2991354167,28625.7475991547,1182.47768056393,5347.56893563271,107.68225467205,9686.36237072945,20100.3715274632,47629.5322618783,8911.9102370739,10502.2222542763,34628.7558251321,0,2538.15478843451,1272.16529306769,1000.98702952266,1851.70694434643,131.188182771206,74.6351645886898,11315.061673075,5727.87558490038,61259.7898562849,18490.4506030083,21630.9830063283,28059.7437260449,583.968865960836,526.121484071016,50.8532973229885,6203.60069361329,3002.86111950874,1768.38818888366,3195.49419638515,389.889191001654,60.0495158433914,42.4327367544174,6.85015848278999,7327.04579234123,5777.75502857566,23.7279625833035,14.816144824028,2.71536386013031,464.283250033855,26.726893812418,440.722726672888,21.5351376235485,668.617651253939,24.8347056806087,2029.71273422241,48.0394787490368,60.365909487009,19116.2949045599,3009.77182909846,1145.74498075247,3813.22569513321,10.7402858436108,1997.63917005062,9014.3738655746,24427.156335324,4308.85774031281,1385.39038327336,23350.1680281162,120078.243357539,4407.55128833652,52.8116702437401,478.784910738468,2588.12665435672,2.88011598587036,21.5916424095631,256.512182727456,2503.47075611353
228.454555094242,191.749451011419,1879.04716622829,12706.5673589706,119.405482500792,2629.70104447007,42544.9050462842,8182.40231606364,4851.97942066193,27839.6958068013,224.053836762905,1507.80959317088,1876.05057060719,4018.56268206239,1534.30740323663,119.026432096958,320.876124113798,59.4066405892372,181.260750234127,4876.40144112706,8074.45426747203,472.237526297569,2382.58648210764,11680.4734643996,44.4214859902859,269.661915361881,2538.15478843451,0,4228.4747042954,5256.78652343154,3.16353154182434,149.291168570518,640.428280234337,2607.1215082109,2448.88024193048,14612.8570222259,464.554487407207,2574.76046308875,1644.24815937877,1497.58934676647,536.231033712626,74.6450110375881,2307.22059869766,29.9112802147865,238.26890707016,318.733126908541,2690.57929891348,177.114045649767,6.77082726359367,46.2444004714489,8.37769004702568,23.3483642339706,2016.26263892651,24.97308370471,56.3133223354816,2953.57196104527,310.735490977764,2447.93846973777,904.670039594173,214.341952413321,424.782270401716,9.96596816182137,219.237129181623,242.005043238401,399.600523799658,10.3964687287807,0,0,1029.75565367937,312.113030999899,184.008859425783,454.24587020278,11891.8998780847,0,4.68026813864708,342.570663273335,18467.5605026484,338.480541199446,444.148843497038,0,2.87941983342171,22.8538025617599,197.747650951147,290.05535286665
14520.4043321311,17.8480839729309,2029.08492651582,553.215449303389,13.9616394340992,398.5705909729,7611.85386356711,1810.78214675188,63.7636251151562,2469.35724124312,3915.49412977695,852.950566083193,666.372577518225,15259.1925406456,180.387470066547,23.9932907521725,8293.3548156023,1484.98507997394,1358.2983802259,425.667945772409,1925.78399953246,7.84301421046257,8420.12075909972,374.330355584621,32.7345818281174,2290.15976497531,1272.16529306769,4228.4747042954,0,14871.3307382464,119.580046206713,1923.26705399156,6331.60682994127,7693.9959615469,356.779460668564,1727.88676089048,367.035820126534,1727.75113892555,783.834859699011,259.620110958815,246.844230055809,169.743257939816,19.8191168606281,32.3287566900253,80.2022190093994,116.622296512127,28.4052327573299,80.3250002861023,15.5789987444878,0,5.488560795784,4.22852951288223,6.05997663736343,0,10.0599680542946,14.9230019450188,18.0488731265068,21.6216932535172,1.62836235761642,61.5929939746857,14.4817315340042,40.9714301228523,6.4465314745903,1.08711886405945,4.13974952697754,2.62019830942154,3.24000334739685,3.17718487977982,3.28488457202911,4.91542854905128,0.896514117717743,9.92738607525826,70.4303148686886,2.75074458122253,15.5714949071407,49.6778356432915,109.918028026819,1.86228460073471,6.4957158267498,2.98043882846832,16.9767798185349,0,13.958364546299,62.226133108139
4937.67114314437,1.2418240904808,4968.80213353038,15.9970570206642,12.9792580008507,100.982935607433,21797.1893933415,3594.6376632452,12.4687460362911,111.400116950274,46.9758330881596,44.4391674697399,583.816218823195,14536.9110618532,310.602217555046,303.136570602655,3496.86451983452,38.8651964664459,151.644890904427,25.6458004415035,26529.4651145637,2.71297413110733,17681.7736411691,352.492224246264,0.831664025783539,1085.96266925335,1000.98702952266,5256.78652343154,14871.3307382464,0,3.89967975020409,59.9036572575569,1420.64457651973,5862.21903160214,1644.23963853717,8039.15225112438,714.041203707457,3183.09900549054,1845.36129811406,285.742861807346,178.997031033039,9.78774273395538,88.7904242575169,4.42275595664978,14.0533537864685,45.9953767955303,186.087110728025,22.7351594865322,0,1.38819754123688,1.48999264836311,7.1291988492012,16.1505655050278,0,2.66896051168442,82.9994486570358,30.0811456143856,62.9116987884045,15.2233531475067,47.8383696079254,3.77518332004547,5.3512242436409,17.0019272267818,1.55981314182281,74.410351395607,1.85481888055801,0,0,4.92246603965759,100.70078754425,21.0354334115982,92.964751303196,571.438254207373,0,2.51305907964706,85.0610043406487,1305.42599147558,7.92331439256668,28.6946307122707,0,1.37654781341553,0,18.8083534538746,243.859747290611
