0,0,0.00120737033883886,3.24070124081522e-05,9.61044941979646e-05,0.00672339899816256,0.527382048828853,0.179112562901056,0.000190051680612373,0.00387634988173016,0.00537331409049063,0.000161456727985427,0.000893039066936425,1.00781306780744,0.000490976919124049,9.42467239649174e-05,0.00205886046250702,0.00106931488114513,0.000771960431516022,0,0.0116427505848779,0,0.0228912107017207,0.000388999272906017,0,0.00353086278294851,0.00196415402932452,0.00410021964809566,1.03195329622285,1.11353084304355,0.000262248601400953,0.00183841674091033,0.00225224298076168,0.00770755691238883,0.00131059295823182,0.0083355073237193,0.000919648359494855,0.00408157580847161,0.000934149818888292,0.00201264621566477,0.00108644014506559,0.000814816999362749,0.000331687266884028,0,0,0.000111186426489258,0,0,0,0,0,7.35379426834523e-05,0,0,0,0,0,0,0,0,0,0,0,0,3.99238686443925e-05,0,0,0,0,0,0,3.00727907256871e-05,0.000171486009582353,0,0,0.000147014053147522,9.42996895740148e-05,0,0,0,0,0,0,0
0,0,0.00339894140361342,0,0.000614629540723085,5.222938414312e-05,0.00113154016699821,0.000260063745126468,0.24977178227441,0.000330508535579387,0.0423315406442253,0.000489656155230099,0.151711757357222,0,0.00693557450482608,0.161963311592768,0.00229685155693792,0,0.000162990805939972,0,0.0242636716694666,0.705201022644457,0.0133668928414477,0.306512427338295,0.164748335488535,0.00614240040816613,1.45004099847639,0.0343976244349381,0.000348702692899526,0.00020961766264565,0.000501851571382123,0,0,0.0179592498888478,0.000412584047918701,0.00687245872595533,0.0454038099309421,0.0353547662980579,0.00110827370105386,0.00362881442786453,7.00022392840505e-05,0.164770933945904,0.00597232426182691,0.00762402186785327,0.00131586701025165,0.00167472021155377,0.00063194697429117,0,0.00149539939770546,0.000194721443635673,0.181966111989805,0.0381833375107015,0.000405858765100747,0,0,0.000577286453252962,0.000174954933288449,0.00199325305907938,0.00096959723703097,0.00309706299329139,6.65872323370457e-05,0.023044484038927,0.000150386639302772,7.24329802816272e-05,0.0137689569612779,0.00168061834495574,0.000362511234542387,0.00021917475304876,0.000387174210281146,0.00326839113189408,0.0198727214151598,0.0161749802421927,0.0100615757710737,0.012078347602328,0.0282569064044481,0.681348485522607,0.00537997861175542,0.000170060171003187,0,0.00314324944763041,0,0,0.00115915044034877,0.000526475166523218
0.00120737033883886,0.00339894140361342,0,0.000166554745048624,0.00139894526375755,0.00311474555392083,0.052149249731215,0.0348120981938022,0.00145385776235664,0.00640036125278266,0.00950718367745392,0.000423579364260194,0.000737771143293205,0.0260810267101189,0.00552168914964259,0.00965465673268135,1.86163008626292,0.0125571530234854,0.121827454310317,6.87108639329821e-05,0.187801609022391,0.00330127550706291,3.18861918317305,0.0333937040041986,0,1.8257992503673,1.65475500629397,0.0936237588369667,0.0308920689048634,0.0666031435775149,0,0.0132627830306729,0.00294362625996972,0.41332016707381,0.054500343768809,0.588538922671204,0.965548529602406,0.354971026716014,0.285710393822431,0.00340843139063343,0.00614347181140664,0.00376957107435404,0.0203253061184106,0.010831502429769,0.00738815242553075,0.00749375823091149,0.00199190819274579,0.000424329102018267,0,0.000273499971304741,0.0124826310165362,0.270356139352438,0,0.000386718783728457,0,0.00238570605970088,0.00033178052440204,0.00105388582392456,0,0,2.89237766335577e-05,0.000113976214160013,0.00144051447249651,0.000712861762437773,0.0188431466713552,0.0102066199776439,0.000601969953414237,0.00120980057687231,0,0.00935696618847497,0.0301800910022925,0.10126338569242,0.0162345861505991,0.000446543792772907,0.0279507139636905,0.980696969107434,0.0135195737964618,0.000518204630983249,0.00173215964428583,7.45080086108476e-05,0,0.000171390356759906,0.00539400931165987,0.039744264733945
3.24070124081522e-05,0,0.000166554745048624,0,0.0129335198143675,0.0104636010082905,0.0304547396067314,0.0154881855383842,0.240847952821959,0.854333551960729,0.00123326145090369,0.835735098134376,0.000182787952280724,0.00289887806144815,0.0764548116798117,0.000173886428316504,0.000116299325812965,0,0,2.64653457223434,0.000523479019142479,0.000413322446574488,0.000565599446692174,0.21417666147836,5.8157720292297e-05,0.000428898508757498,0.000539636707056981,0.409739424077889,0.00444200138272018,0.000536810972390244,0.000100100589053428,0.000533079698110503,0.00122608689910879,0.00520568181699472,0.000294485977950597,0.0289626238178382,9.6236479954219e-05,0.00374596399711492,0.000627891723881882,0.0708572335513636,0.00171465540436091,0.00107903341307526,0.00953078708454885,0,0.00242190158221316,0.000686678963544774,0.0704089150620969,0.000808107002172581,0.000261198780799574,0,4.04925492742627e-05,0,0.0419806930831898,0.00162298346832933,0.00986288639110429,0.0323975899229027,0.00805481401914216,0.0237126451080546,0.0811610140312616,3.33603560230851e-05,0.0301094285827451,0,0.0049504416423194,0.00953476891713425,4.35047441987515e-05,0,0.000159790943145829,6.2715882546258e-05,0.0221700488135164,5.74008962177754e-05,0.000308742292127609,0,0.122821440693975,5.02050282053411e-05,0,0.000430134194525403,0.113003666141971,0.0056369895812176,4.42540561802566e-05,0,0.000418015335988221,0,0.00350405911716195,0.000330646803407461
9.61044941979646e-05,0.000614629540723085,0.00139894526375755,0.0129335198143675,0,0.136515790288816,0.030802306370076,0.0142721124970539,0.0130776930065755,0.0382976418218111,0.0136285374675822,0.111128289574749,0.00147624324678327,0.00258975459720535,0.176632644819426,0.00779637160628763,0.00325298574137691,0.00147197787937253,0.000486450376382589,0.00818643805205762,0.0710631579384208,0.00235629645955357,0.0890718197333248,0.0426836244761603,0.000226540976507002,0.00465338424031935,0.00632471799685538,0.0413091594030078,0.00269076438107647,0.0281209461907558,0.00045834266901455,0.0329726961337057,0.000396440696971911,0.311122944665143,0.131658606074871,0.0503835314734004,0.00442164397417398,0.00725445894171012,0.00176040835590562,1.17178473835957,1.07117661631914,0.00153264454411532,0.00330834945856143,0.000159139270944088,8.62341766562105e-05,0.000585761869489575,0.0234141701140951,0.000535336418497896,0.000498098592457098,0,0,5.84129596502781e-05,0.00170475015571113,0.000779131320636463,0.00259726863734043,0.00158717346782502,0.00112204792410936,0.000716509504832688,0.00621685955704835,0,0.00425228737031541,0,0.000501123065184259,0.000853735796274072,0.000257341937291157,0,0,0.000119166156633246,0.000725359948058349,0.000583022662083167,0.000121859474787319,0.000976888660758917,0.00786852575271561,0,0,0.000373094981807623,0.00838497953567273,0.00013813624817504,0.000340764619141406,0,0.000178847058983821,0,0.00021971459789831,0.1019048277755
0.00672339899816256,5.222938414312e-05,0.00311474555392083,0.0104636010082905,0.136515790288816,0,0.30176611251163,2.24305457003488,0.00832300428275189,1.36615335920566,0.0669769497804856,0.908252075826503,0.0123302223493722,0.107344876063451,0.353350243599985,0.000301116818047929,0.00345843886100111,0.0104423186561735,0.00705589193391021,0.0103083231274514,0.00927697858731847,9.40548057993468e-05,0.0154134530048414,0.0669186546289788,4.14445782106698e-05,0.0243435109235929,0.00945538474595135,0.200503200389819,0.0449253419389598,0.0722194002177432,0.00327654499469472,0.0178282623670024,0.00372739622957104,0.14157601993806,0.173852328565857,0.495313777039963,0.00398826211036259,0.0449810257255871,0.00476479239929363,0.639357462377799,0.193199280020006,0.0335434930548835,0.0176537205490314,0.000122853008224386,0.00478214012275616,0.00220692517535945,0.0616570817020472,0.00317197259137332,0.00512708993881743,3.26812374171943e-05,0,0,0.0031778184438946,0.000621488133935505,0.00366425851449231,0.017920068039205,0.0022549599830486,0.00676808681359905,0.0101634882784567,0,0.00857079189843263,0,0.00153198302925408,0.00313404760677026,0.00166681879690916,0.000141583556873024,0,0,0.0031922875492487,0.00282254332196506,0.000366810268181062,0.00119438536859485,0.0745346094053041,4.84214974702656e-05,0,0.00054735529672915,0.0488859781517147,0.00305888665360782,0.000222982465427112,0.000214492804349881,0.000747689130381131,0.000247928405799204,0.00306175456256408,0.00932861049489011
0.527382048828853,0.00113154016699821,0.052149249731215,0.0304547396067314,0.030802306370076,0.30176611251163,0,1.81180295347722,0.0387510119085353,2.58958025860729,0.0974959386629898,0.0347868474994942,0.0281642450557994,2.08518712379027,0.124030301402687,0.00258397019843539,0.0123434779840375,0.0196694352567446,0.0147380240591731,0.00690627747153762,0.173696252010343,0.00288619964286337,0.198860802603063,0.233077405050059,0.000593848020121322,0.0539922113108095,0.050759481442717,4.90626176319487,0.620495785454546,1.38227492827105,0.00676151992713417,0.038511970644914,0.190368929731096,0.381442526519649,0.151152070276323,1.36237127617019,0.026846237325621,0.385686371751528,0.0873787989875367,0.316209164555205,0.141947527948513,0.0503801276051171,0.0451002246321572,0.000368362803923321,0.0096852393871124,0.00263794560762678,0.0511499271147286,0.00587557150910952,0.00409910787575866,0.000275650187792006,8.6007011162585e-05,0.000394094224875909,0.01651706017479,0.00089675686576128,0.00462593174084151,0.0924945939155972,0.0143569470066953,0.0344807305357255,0.0572094118363603,0.000115655058637619,0.0141126505372696,0,0.024970126004989,0.00489767629013443,0.0116411413461544,0,0,0,0.0115764887130667,0.00814939745767476,0.00404514884278066,0.00614544943649864,0.340304837083659,0,6.29505925018787e-05,0.00516569498321669,0.307194129842741,0.0306303600636546,0.000938728570302725,0,0.000810000017243761,0.00153429285468617,0.0200358999561973,0.0105719369602535
0.179112562901056,0.000260063745126468,0.0348120981938022,0.0154881855383842,0.0142721124970539,2.24305457003488,1.81180295347722,0,0.0126868415358807,1.1772388159929,0.125578228295361,0.211274311360884,0.0249235652083893,3.69750865624885,0.0513795037287705,0.000780134340674257,0.0316309258655524,0.0304516008291802,0.0238879053106927,0.00839885978954334,0.173894370381606,0.000621146008768505,0.358789463212199,0.214701075535214,0.000751617780734262,0.0791169978480032,0.045305340427183,0.380233272552743,0.431961447656181,1.870640223148,0.00670612276034488,0.0265760219989357,0.033420088840298,0.225620028284014,0.0573194214537642,0.634154332680493,0.0207494852848289,0.151684220805466,0.0369741003009667,0.272098932393022,0.056995812824174,0.0445812297150451,0.0257813702011227,0,0.00475003966947701,0.00156646383997026,0.0456902640148943,0.00417456559767896,0.00430283597282204,0,0,0.000343381295023307,0.00196503937318464,0.00042099486812312,0.00389601461155825,0.0359565751261652,0.00327287822929992,0.0156271129852443,0.00548523019095091,0.000102050635775435,0.00564865126527724,0.000607302458830047,0.00280633317887535,0.00188431351529786,0.00341370533558664,0,0,0,0.0016354601435185,0.00523845961356577,0.000797405382025874,0.00133930841060736,0.188123720915378,0.000183603984197419,0.000268182641960174,0.00205491304063607,0.118415409702539,0.00445413664983973,0.000498124363144111,0,0.000755823494606888,0.000562639896176916,0.00436863008549958,0.00683502087456471
0.000190051680612373,0.24977178227441,0.00145385776235664,0.240847952821959,0.0130776930065755,0.00832300428275189,0.0387510119085353,0.0126868415358807,0,0.267097684827264,0.0101574985420895,0.139584655825521,0.0319386750512645,0.002025799499619,0.0790534046117547,0.0684026982693136,0,0,0.000247624941642568,0.0528118056061992,0.0231147738292797,1.02463356140328,0.0195392994200012,1.97134582503059,0.094838132702366,0.000175471265809741,0.179319667225785,0.307460436704866,0.00227992641049438,0.00014030743229084,4.45041314411491e-05,0.000389446801427865,0.00101204739242876,0.00849298426085493,0.000493467647309214,0.0600869488607327,0.0126408665219363,0.0122539904411551,0.00154273358507202,0.0442566019506454,0.00222504825787178,0.02764968360692,0.0312671072653834,0.00160019991393559,0.00601266125325855,0.00231649085470831,0.0783071147226118,0.00252217597276368,0.000782241635895556,0.000784438976636195,0.00310090659539753,0.00121060185600441,0.0594966959273924,0.00441298712483103,0.0192059962015655,0.0673475924934348,0.0211582297219854,0.280333164133756,0.168337808263598,0.0016732796712334,0.0369396335981454,0.00592434964674388,0.0155545019033712,0.017189073110073,0.145143595557072,0.000292518432060635,0.00171648438861207,0.000731881097156096,0.0303971533582709,0.0852729628104091,0.0727838430137541,0.10346018469836,0.832066723090021,0.001937805208694,0.00515423362205248,0.0290085732329001,0.389376887926892,0.024666154554246,0.00284867491064358,0.000656980583552577,0.00174748495892915,0.00147529194490392,0.010961107263374,0.00247099433262745
0.00387634988173016,0.000330508535579387,0.00640036125278266,0.854333551960729,0.0382976418218111,1.36615335920566,2.58958025860729,1.1772388159929,0.267097684827264,0,0.121031156853699,0.696616117510204,0.0257248748320683,0.312477902682743,0.147218510744262,5.1562553299588e-05,0.00757360526106259,0.0226918020307527,0.0139532089126739,0.306890444668227,0.00485866022444164,0.000405847978761024,0.00993069641141607,0.282262761691121,0.000341086043101466,0.0511670218198431,0.0192110883922124,1.80718166987568,0.321552584272782,0.0428579769206654,0.00700096316865428,0.0415654263490816,0.0290441843571533,0.237329702841941,0.0604215912361121,0.853009893184506,0.0136281132223158,0.186453971361406,0.0173826584722686,0.324400810770982,0.0915178521353046,0.0504126663704738,0.045508775413183,0,0.00890092127624324,0.00404660261329865,0.302514339390347,0.00397106249738763,0.00331659599125861,0.000130911813293803,0.000217646038385019,0,0.108178576248628,0.00708967540726524,0.0390608030377453,0.201529123815702,0.0315194618526601,0.043720672841205,0.304069909871279,2.66521441065968e-05,0.107818959209142,3.02699252766967e-05,0.0132463686393266,0.0397705753081371,0.0022862310260631,0,0.000126452814651534,0,0.0655918932064525,0.0019744959130898,0.00127094111599582,0.00118715137739509,0.602437952416945,0,9.49375003830404e-05,0.000656053435156265,0.58322390120495,0.0118170214969051,0.000198888113050032,0,0.000863581777323565,0.000194061714048117,0.0156050259452927,0.00381325557096215
0.00537331409049063,0.0423315406442253,0.00950718367745392,0.00123326145090369,0.0136285374675822,0.0669769497804856,0.0974959386629898,0.125578228295361,0.0101574985420895,0.121031156853699,0,0.0248094797265164,0.937267366141664,0.0863429952147089,0.00198223326929995,0.00219607574974055,0.0166440640115485,1.19918074248579,0.253967310939088,0.000555120639656397,0.00661762356190316,0.0115928836606164,0.0207898489682184,0.0251689386323354,0.274368390611016,0.57563998582903,0.124669659035574,0.0317517311623758,0.106982574856274,0.0372391674386714,0.0824171116075156,0.267451226943945,0.000931071471730706,1.35975751938008,0.0304483207635262,0.26314508168624,0.867266479358051,0.794615944505302,0.212235212552229,0.00577584755055455,0.0163379407383189,0.484020504905422,0.000978828837432288,0.0770572665504083,0.00238719769196446,0.00124080239215012,0.000941407182980712,9.08557298203826e-05,0.0260506718635812,0,0.00410365840142353,0,0,0,7.48080217363536e-05,0.000334732986110929,0,0.00111882640771332,0,0.0631020859809841,4.56834254680395e-05,0.55065116228677,0,0.000203161764429438,0.000575134685544634,0,0.00337119215778701,0,0,0,0.000433827928259432,0,0.00586543372918538,0.0523248486279083,0.130005749858595,0.0980135485363958,0.000509144576210189,0,0,0.0999950373938793,0.000275625868729198,0,0.000227696210422915,0.0168645201927121
0.000161456727985427,0.000489656155230099,0.000423579364260194,0.835735098134376,0.111128289574749,0.908252075826503,0.0347868474994942,0.211274311360884,0.139584655825521,0.696616117510204,0.0248094797265164,0,0.00432724390839653,0.0370832517619629,0.420269682755904,0,0.00109935833063645,0.00233316944166005,0.00200678624777878,0.954188947284108,0.000532328795069191,0.000666200554775763,0.000656709307855493,0.162783247238193,0,0.00715343640695126,0.0021480137384146,0.0574154653084152,0.0415900806399744,0.00185324055300452,0.00100107064592145,0.00825148063921348,0.00084116811196597,0.046745961326392,0.387348616679758,0.164415144418652,0.00149371218709177,0.0295688333331172,0.00308233665913206,0.344020392354827,0.0178742680132053,0.0111608932097302,0.0219162228868359,0,0.00308659970095617,0.00069050425725849,0.211935259924344,0.00141777646001107,0.00131172280988846,9.59674190422651e-05,0,0,0.0449929359386664,0.00559447786749178,0.0274607835859412,0.035330402277228,0.0159833852236079,0.010195075840286,0.0886765785336018,0.000130078531201297,0.0720194027749691,0,0.00498316495691919,0.0245543902717663,0.00061948601299628,0,7.72324134342313e-05,0,0.025592695910198,0.000419499329172787,0.000286534025370312,0.000376719782066292,0.123225099715561,3.76165754624159e-05,0.000241115706818962,0.000720012694837788,0.122009358382811,0.00573668423588701,0,0,0.00199229510412992,0,0.00457502807553603,0.0340862956049378
0.000893039066936425,0.151711757357222,0.000737771143293205,0.000182787952280724,0.00147624324678327,0.0123302223493722,0.0281642450557994,0.0249235652083893,0.0319386750512645,0.0257248748320683,0.937267366141664,0.00432724390839653,0,0.0137903524180768,0.00131979631545412,0.00799260248761517,0.000831842380084205,0.00485924548794837,0.00134688499756928,0.000268226208115795,0.00585522625138,0.0448937111371546,0.00505887023678981,0.0297992445713194,1.69335785111653,0.0544326126541079,0.31402507951148,0.0159234065042425,0.0158270368334101,0.00944458821995858,0.0751767187499836,0.0300007296450533,0.000179607909261328,0.174297563055844,0.00391212580018967,0.0905359446394745,0.488075220810741,0.261809946466152,0.0335494704648945,0.0249082124075031,0.0105183023640405,0.809128386045882,0.00765711812537786,0.192411109823868,0.0112116269553261,0.00680957375782319,0.0061253923087445,0.00691847329354684,0.0843294756491351,0,0.0103291366149097,0.000127857735400593,0,7.16696201632976e-05,0.00088189880977737,0.000675868927238264,0.00173200095661194,0.00044090524613176,0.000483889136111864,0.14626231419227,0.000506851717102861,1.40365101318732,0.000944374078764247,1.93292826304167e-05,0.000209499276840359,0.00019018468225658,0.0110941029765872,0.000349566705602575,0,0,0.00240156682199247,8.71153698172685e-05,0.00158814013002979,0.220141289126561,0.411749113646287,0.41972585824,0.00119607449644805,0.000597445208396066,0,0.277648791500559,0.00278918469145754,0,0.00160081041404119,0.00157901844223107
1.00781306780744,0,0.0260810267101189,0.00289887806144815,0.00258975459720535,0.107344876063451,2.08518712379027,3.69750865624885,0.002025799499619,0.312477902682743,0.0863429952147089,0.0370832517619629,0.0137903524180768,0,0.0110743728987706,0.000141359770202807,0.0281920294219679,0.0257376498695651,0.0267794571990691,0.00201384947767554,0.106651837755865,0,0.229585006147903,0.0304452366820796,0.000557022100541139,0.0775815327084189,0.0403421425188846,0.0880906833064093,1.84362069998055,3.05680646381087,0.00440512572073422,0.101114835208342,0.0209320302083264,0.151475793830727,0.0102743870741998,0.174796907398331,0.0142392958054199,0.0917076286347777,0.0182572096383816,0.0325878275085204,0.0164192070585557,0.0124529359170155,0.00277056758363019,0.000229451859017587,0.00121242349747721,0.000452660593566602,0.00651117962904278,0.000889880967594774,0.000790708927518475,0,2.59349471319616e-05,0.000450318421564945,0.000198862028632915,0.00011747701384052,0.000510226974943828,0.00355851676189028,0.000150575460006058,0.00206318569011936,0.000444161894074506,0,0.000205610744101641,4.61860260725319e-05,0.000210382686031508,0,0.000386471188429329,0,0,0,0.000108065379668713,0.000419549817310041,0.000193495677714828,0.000437421681687534,0.0225841363656442,0,0.000212530103847062,0.00159839088266999,0.0120691728069946,0.000247638977329785,0,0,0.000127203164930284,0,0.00037897060631969,0.000666456483841986
0.000490976919124049,0.00693557450482608,0.00552168914964259,0.0764548116798117,0.176632644819426,0.353350243599985,0.124030301402687,0.0513795037287705,0.0790534046117547,0.147218510744262,0.00198223326929995,0.420269682755904,0.00131979631545412,0.0110743728987706,0,0.00580137166811693,0.00407642954420047,0.00141363961238592,0.000868764404407577,0.0330804948826257,0.0770020720457956,0.0150862449597417,0.065931141226888,0.29712962694242,0.00223976484896847,0.00439389499974903,0.0172675961431672,0.132799891963741,0.0132921537656363,0.0979823494570908,0,0.00437499265150014,0.00141995666013244,0.0108872963605616,0.10278208199785,0.0838342676264096,0.00744775664203553,0.0113367764566982,0.00423572251550578,0.238788035001859,0.00385303021861401,0.00276372655307872,0.00715542466400785,4.84648818616211e-05,0.000561350828983033,0.000909557644065979,0.0591506134983516,0.000299616749930477,0.000226334562018746,0,3.72076955013246e-05,0.000413490334508139,0.0064443631073091,0.00110298734633213,0.010502903800888,0.00726195118507283,0.00429204801962888,0.00383689383446744,0.0228619215938522,0.000131227062248665,0.0169922484023988,2.2164125429821e-05,0.00350091318855635,0.0043722692501151,0.00185561770591264,0,0.000121869065964746,0,0.00498143903798664,0.00167940810618507,0.000242601592343831,0.00123272562478736,0.0315285218675944,0,0.000124300529039544,0.000449834609907719,0.0281044586928258,0.00322312145916342,0.000306761395278829,0,0.00167606204018319,0.000117946204678989,0.000668038993258667,0.0456637907990331
9.42467239649174e-05,0.161963311592768,0.00965465673268135,0.000173886428316504,0.00779637160628763,0.000301116818047929,0.00258397019843539,0.000780134340674257,0.0684026982693136,5.1562553299588e-05,0.00219607574974055,0,0.00799260248761517,0.000141359770202807,0.00580137166811693,0,0.00171995529429564,0,0.000126993453786027,0,1.0852875526426,0.478211975554728,0.586292801859506,0.400723902864652,0.0276266367732119,0.00203579275205254,0.907492121147598,0.207776629672064,3.62732230010659e-05,0.000268816937000111,2.05508393390492e-05,0.000300948780718991,0,0.0139278676810871,0.0263210049436317,0.308583813734106,0.108351308750237,0.0557011361808713,0.0619639862678095,0.00368024728115575,0.00560188305822073,0.014885336764704,0.0455248471041906,0.00636631374691204,0.0125810999152444,0.00810943280909685,0.0227737073594507,0.00173056603728924,0.00150128544004887,0.000498640165312135,0.00654565313183949,0.0205210222582766,0.000106866661764586,0.000494225743733597,0.00119122222218242,0.00489246408776343,0.00452596786341525,0.0132275394399901,0.000582680083750463,0.000161946132006231,0.000226480844903969,0.000762149311856755,0.00387732104571292,0.000373754621758005,0.780212651340706,0.000903529028820304,0.00014886094491375,0.000559873005823821,3.65828397536069e-05,0.34707358858428,0.18022463822912,1.02476652575344,0.20015096391574,0.000109131389739364,0.00210692766407423,0.185574060619451,0.101481751736411,0.00661455049337905,0.0125099001258294,5.10102040645123e-05,0.0019022632021703,0.00245292932006319,0.00643363352783443,0.0116373882676325
0.00205886046250702,0.00229685155693792,1.86163008626292,0.000116299325812965,0.00325298574137691,0.00345843886100111,0.0123434779840375,0.0316309258655524,0,0.00757360526106259,0.0166440640115485,0.00109935833063645,0.000831842380084205,0.0281920294219679,0.00407642954420047,0.00171995529429564,0,0.0900790550338403,0.690082720155192,0.000118678331222642,0.0739849269010012,0.000970549554798265,1.02633039851642,0.00308849877898608,0.000299070122534895,1.30025950218583,1.31284500647831,0.0189240709934111,0.0772792649839386,0.0835402167896218,0.000104004397460246,0.022426163518323,0.0082371325116729,0.707238063793327,0.0256411096216838,0.321236832719805,0.613250037017496,0.291453158217428,0.160573770167238,0.00307170301384096,0.00498569896242909,0.000750068153220257,0.00149908565918522,0.00220482750866441,0.000457012777068561,0.000658625476706243,4.66800862464487e-05,0,0,0,0.0020862167265208,0.0237480663372034,0,7.97045717852175e-05,0,0,0,5.10110655773342e-05,0,0,0,9.76340006567268e-05,3.0604209681049e-05,0,0.000938549400534987,0.00118768580417556,7.23883857884466e-05,0.000346961991303322,0,0.000201066697212383,0.00134762439219364,0.00478845044771476,0.000685579297205874,9.34372106625799e-05,0.0132081665762645,0.149409609759768,0.000280788058537942,0,0,0.000155096275928182,0,0,0.000292399886900372,0.0125530118209876
0.00106931488114513,0,0.0125571530234854,0,0.00147197787937253,0.0104423186561735,0.0196694352567446,0.0304516008291802,0,0.0226918020307527,1.19918074248579,0.00233316944166005,0.00485924548794837,0.0257376498695651,0.00141363961238592,0,0.0900790550338403,0,0.505531937833409,0.000210420938694754,0.00214040866177145,0.000103448846186185,0.0108853926114391,0.00338195906616408,0.000779442535918576,0.538940758442056,0.033756010878438,0.00277347323979565,0.0341233611732328,0.00889550862772568,0.00148966924934407,0.0599094312006904,0.000140699774193657,0.435695969007626,0.0165436119825319,0.249064486758765,0.316992450297332,0.303426815207413,0.159055992834547,0.00123294081126889,0.00261838638324031,0.00118355197184529,0.000432675296311435,0.00395082005598457,0.00048146315335418,0.000488428036333483,0.000116268585242737,0,5.78438283446252e-05,0,0.000509222799582481,0.000105251041372454,0,0.000132900648012167,0,0,0,6.95949927114308e-05,0,0.00324361058704427,0,0.0225363952939885,0,0.000286473375863617,5.95056666587234e-05,0,0.00140340150356685,0.000126396629574001,0,0,0,0,3.44378197324097e-05,0.000707925702315331,0.0839502652559104,0.06427204485413,0,0,0,0.0119375413889721,0,0,0,0.0117516543933067
0.000771960431516022,0.000162990805939972,0.121827454310317,0,0.000486450376382589,0.00705589193391021,0.0147380240591731,0.0238879053106927,0.000247624941642568,0.0139532089126739,0.253967310939088,0.00200678624777878,0.00134688499756928,0.0267794571990691,0.000868764404407577,0.000126993453786027,0.690082720155192,0.505531937833409,0,0.000117529252392555,0.00459008883851514,5.59579419185579e-05,0.0673767493790045,0.00117819850876063,0.000515723531324333,0.955464934539657,0.103083746118062,0.00325787537940382,0.0390635352783515,0.0101098046083818,0.000516320982996565,0.0423404156380765,0.000332347287792394,0.59562083628617,0.0166625726384781,0.277199836754194,0.210266297997264,0.264219053766265,0.114410340228977,0.000846012169490812,0.00197978043522934,0.000709538036011147,0.000111805679913712,0.00147783513075421,0,0.000379122810238123,0,0,0.000265359125813448,0,0.000208613078937185,0.00226674415381415,0,5.85750834157706e-05,0,0,0,0,0,0.000183825203758621,0,0.00205185837014156,0,0.000368589396735012,0.00013882705447222,0,9.84655173949241e-05,0,0,0,9.44784858535409e-05,0.000597016670505121,0.000196644036483764,0.000372087196060172,0.0172469324207492,0.0320194424895945,0,0,0,0.00147183284144803,0,0,0,0.0138196958958701
0,0,6.87108639329821e-05,2.64653457223434,0.00818643805205762,0.0103083231274514,0.00690627747153762,0.00839885978954334,0.0528118056061992,0.306890444668227,0.000555120639656397,0.954188947284108,0.000268226208115795,0.00201384947767554,0.0330804948826257,0,0.000118678331222642,0.000210420938694754,0.000117529252392555,0,0.00013609486366446,5.98314679006934e-05,0.000128910095721853,0.0237626151947416,0,0.000109359556181413,0.00011833821293233,0.0909492830862842,0.00295784889297928,0.000483675682615668,0,0.000621409258203793,0,0.00262012690058233,5.09930634452462e-05,0.0159140732577778,0,0.00211372359592343,0.000179607451115781,0.028147320633923,0.00101442864374759,0.000700749703876072,0.00422252517239148,0,0.000176420543382946,6.74556970196486e-05,0.040922921311065,0.000223683998305901,0,0,4.40018819155812e-05,0,0.0374089336694676,0.000231066421193102,0.00622457318928691,0.0132844194944389,0.00292896576929324,0.00547456041440963,0.0299904874776622,5.26094308138132e-05,0.0197151191279086,0,0.00178876428354307,0.0048673979912519,0,0,0,0,0.0159369852634843,4.07082063509434e-05,0.000153369209141842,0,0.0442418500898113,0,0,8.42800215638098e-05,0.041819674857761,0.00187814232217008,0,0,0.000197120286249545,0,0.00118533662428998,0
0.0116427505848779,0.0242636716694666,0.187801609022391,0.000523479019142479,0.0710631579384208,0.00927697858731847,0.173696252010343,0.173894370381606,0.0231147738292797,0.00485866022444164,0.00661762356190316,0.000532328795069191,0.00585522625138,0.106651837755865,0.0770020720457956,1.0852875526426,0.0739849269010012,0.00214040866177145,0.00459008883851514,0.00013609486366446,0,0.0253684551779053,2.90164205574123,0.0196018803811738,0.00926230642264523,0.026147938030632,0.499743988315945,0.461914900980887,0.280862600710765,3.30665266733257,0.000256076870450136,0.0036026691645374,0.0514165034261935,0.883437912998459,0.259623543136241,1.5038827370265,0.19913765683719,1.13240579278816,0.407251511356465,0.0623052128121986,0.0631121778791257,0.0198283982624144,0.0166249735771232,0.00112804496715105,0.00412981632600124,0.0029672517427082,0.0103390169045869,0.00140681693380051,0.00269581114559653,0.000225760388622156,0.000728501255369738,0.00539583709327897,3.46160557796091e-05,0.00107765238561244,0.000376011710653773,0.00232195312985028,0.000846309852049835,0.00488201408413899,0.000166034929127222,4.82712655696213e-05,0.000302664610489824,0.0001210723782478,0.00104028869653223,0.000799818454540836,0.192667956104946,0.000169479847500613,0,0,0,0.304467286915662,0.0492623124516118,0.163269480284272,0.185780378986779,0.000138850382546291,0.000263565988961416,0.033347727477627,0.117956430771446,0.00905292387207751,0.0167315422799474,0,0.000667294235343495,0.00331712700933663,0.00407917296455397,0.0348438140438544
0,0.705201022644457,0.00330127550706291,0.000413322446574488,0.00235629645955357,9.40548057993468e-05,0.00288619964286337,0.000621146008768505,1.02463356140328,0.000405847978761024,0.0115928836606164,0.000666200554775763,0.0448937111371546,0,0.0150862449597417,0.478211975554728,0.000970549554798265,0.000103448846186185,5.59579419185579e-05,5.98314679006934e-05,0.0253684551779053,0,0.0360609950940054,1.67314998973386,0.130715619299416,0.00431692332341933,1.26233684857254,0.0755158963529505,4.85039736283958e-05,0,0.000119480444478428,0.000217199682616174,4.80338913980484e-05,0.00767627103068743,0.000471151676509649,0.00574167782066473,0.0198841621373651,0.00871014572691172,0.00080082488826094,0.00785388772611045,0.000364901716000029,0.0333367919069507,0.0162165320214815,0.00710542724047321,0.00564007169811626,0.00539886776591055,0.00237888000229206,0.000260976729604608,0.000494706609813747,0.000254665446026248,0.0490965701654426,0.0458575326204228,0.00119697930153422,0.000183450082152557,0.000144967935296265,0.0029657545355105,0.00128889988112186,0.0107348179980063,0.00322762103854548,0.00117916587063334,0.000978744277209905,0.00551643719941051,0.000904324247483597,0.00032471195611369,0.223311491441051,0.00206670709638979,0.000214204346949828,0.000461506836294777,0.000687798755918759,0.0964721809732745,0.134796606735715,0.18212548516397,0.102480027099406,0.0017838968269814,0.00990130814989563,0.531639712679087,0.0410233326796643,0.00167256800810918,0.00385778423808928,0.00099357755598545,3.48152270863652e-05,0.000911718487537999,0.00325707594779344,0.00227574701260156
0.0228912107017207,0.0133668928414477,3.18861918317305,0.000565599446692174,0.0890718197333248,0.0154134530048414,0.198860802603063,0.358789463212199,0.0195392994200012,0.00993069641141607,0.0207898489682184,0.000656709307855493,0.00505887023678981,0.229585006147903,0.065931141226888,0.586292801859506,1.02633039851642,0.0108853926114391,0.0673767493790045,0.000128910095721853,2.90164205574123,0.0360609950940054,0,0.053874191805333,0.00275549227204003,0.291142977223787,3.10874144884441,0.515785221643092,0.556973520027325,1.5763742428446,0.000462376413972267,0.0125626251811256,0.0806636144842518,1.91145789883576,0.405585062693849,3.24487092976729,1.29184491280804,2.47992465530577,1.70114419721345,0.0635117783511564,0.0735641692327552,0.0193646509126309,0.0298907511915061,0.00244101900738703,0.00774237262998971,0.0100518640864276,0.0337500610716961,0.00183930470416781,0.0016947221738532,0.000253483592360106,0.00263990943606401,0.050157783519446,0,0.00139592463297919,0.00150651621723389,0.00432788735887764,0.00515073816449844,0.00799215004149846,0.000488844674889815,0.000200373901467964,0.000820622490257317,5.09600196976751e-05,0.00371629634399839,0.00166491540384537,0.490261779474401,0.00178171240021836,0.00013415038938666,0.000378756497974151,9.79430272978841e-05,0.158109060612975,0.097632299480144,0.846289792866651,0.104467849326071,3.80767727046043e-05,0.00327171929287081,0.37286906608027,0.0518117531414472,0.00345265647657761,0.0052283775232248,0,0.00128361945739303,0.000715960233140525,0.00521752163252486,0.113062894341742
0.000388999272906017,0.306512427338295,0.0333937040041986,0.21417666147836,0.0426836244761603,0.0669186546289788,0.233077405050059,0.214701075535214,1.97134582503059,0.282262761691121,0.0251689386323354,0.162783247238193,0.0297992445713194,0.0304452366820796,0.29712962694242,0.400723902864652,0.00308849877898608,0.00338195906616408,0.00117819850876063,0.0237626151947416,0.0196018803811738,1.67314998973386,0.053874191805333,0,0.0883563005188065,0.00890450959666272,0.538946148896659,1.73725579497861,0.028172232534579,0.00383865496835907,0.00116387464674954,0.00755050087655505,0.00367842119766309,0.0756395158498796,0.0173732286691399,0.3022486884308,0.0262057088681743,0.0687094241732521,0.0302976600486097,0.190838296609501,0.0228164277036949,0.0398375874393449,0.212310683590249,0.00250458144455208,0.0464816457889066,0.0139641672511919,0.169649104883592,0.0146449103938837,0.00490516168621314,0.00208504797482132,0.00487100667424901,0.00577640977979795,0.0756507343490854,0.00331529670791703,0.0242416672127396,0.350356784965903,0.0910045181143683,0.412908787326199,0.268050583495723,0.00821279896748158,0.0470553368428933,0.00230355743330809,0.129717765366833,0.0244633299948988,0.19731779627075,0.000335033878178707,0.00115996297890567,0.000520630125716329,0.0455811356703289,0.214048326604291,0.0814256354929461,0.104000252901334,2.41155284741904,0.000404176574168712,0.00214422390118235,0.0793395315548872,1.56226153993183,0.209857486332228,0.0126572406674372,5.1660788170579e-05,0.00677310307160149,0.0162687910307101,0.0973562320238451,0.0151830798923165
0,0.164748335488535,0,5.8157720292297e-05,0.000226540976507002,4.14445782106698e-05,0.000593848020121322,0.000751617780734262,0.094838132702366,0.000341086043101466,0.274368390611016,0,1.69335785111653,0.000557022100541139,0.00223976484896847,0.0276266367732119,0.000299070122534895,0.000779442535918576,0.000515723531324333,0,0.00926230642264523,0.130715619299416,0.00275549227204003,0.0883563005188065,0,0.0304064847870929,0.305124589464732,0.0113251281933151,0.000335199888711583,0,0.035175589224885,0.000651465941627616,0,0.0233166288928915,0.000520557997671747,0.0143010344859238,0.0863635053674863,0.0362741195794515,0.00332322968231601,0.00155579445683657,0.000176260493722022,0.416512636701054,0.0019920004169464,0.0279035767627246,0.0018575462845319,0.00209826480655082,6.55864382890284e-05,0.000120634503151417,0.00873029256902566,0,0.0105031988814791,0.000658031194704017,0,0,0,5.35056220167294e-05,0.000101406107158336,0.00120228262631559,0,0.0313688901723548,2.11114812575162e-05,0.431324935973632,0,0,0,0.000118686508124685,0.0045224570418009,0.000137121722210223,0,4.24468014735997e-05,0.00199358438296713,0.000160563234612403,0.00164592088368423,0.357042469213491,0.187145150180714,0.32584167005029,0.00025312389830735,0,0,0.0753644005233593,3.5140209144178e-05,0,0.000694761293392057,0.000169610809899151
0.00353086278294851,0.00614240040816613,1.8257992503673,0.000428898508757498,0.00465338424031935,0.0243435109235929,0.0539922113108095,0.0791169978480032,0.000175471265809741,0.0511670218198431,0.57563998582903,0.00715343640695126,0.0544326126541079,0.0775815327084189,0.00439389499974903,0.00203579275205254,1.30025950218583,0.538940758442056,0.955464934539657,0.000109359556181413,0.026147938030632,0.00431692332341933,0.291142977223787,0.00890450959666272,0.0304064847870929,0,2.66691327131205,0.0144347496470006,0.113213247606138,0.043100462154,0.0101560183099313,0.157503828914749,0.00175750506516554,1.07198308374041,0.0953635373346313,1.1630313896408,1.85911583829467,0.778568914359656,0.507756399904014,0.00476371371303287,0.0118804199316589,0.00501236746531962,0.0214767709057681,0.0782989404847839,0.0185125301130237,0.0188105894843146,0.000656550712308696,0.000362485065467942,0.00663306004904933,0,0.0204497625588616,0.0638927252031516,0,0.000914321152631898,0,3.85555970491648e-05,0,0.00211498143452248,0,0.0512837994047884,2.56316871488839e-05,0.43214667296767,3.73000939964354e-05,0.00138322516708839,0.0039166038666504,0.00942171432498985,0.0290813443258403,0.00703698524821816,0,0.000403325897484952,0.00650284670603093,0.00378856996681725,0.00203448977117758,0.0511135795675722,1.41320941120753,2.10923412459411,0.000126344396001809,0.000101408714106095,0.000236307725766018,0.200735858413623,6.51068345990538e-05,0,0.00831327646341476,0.0630579915611378
0.00196415402932452,1.45004099847639,1.65475500629397,0.000539636707056981,0.00632471799685538,0.00945538474595135,0.050759481442717,0.045305340427183,0.179319667225785,0.0192110883922124,0.124669659035574,0.0021480137384146,0.31402507951148,0.0403421425188846,0.0172675961431672,0.907492121147598,1.31284500647831,0.033756010878438,0.103083746118062,0.00011833821293233,0.499743988315945,1.26233684857254,3.10874144884441,0.538946148896659,0.305124589464732,2.66691327131205,0,0.532541163110276,0.0733937581596119,0.0384915276926265,0.0239266787260703,0.0666945703733098,0.00172429443309912,1.10414540245947,0.214789873317567,2.46117571311064,2.30127034550254,1.35930852509874,1.08510037362669,0.0104235382294183,0.0269185826606675,0.0175071400634162,0.245285848456174,0.20735917939138,0.117796101572021,0.108277739071015,0.0297902929837495,0.0038859015665138,0.00909489907495863,0.00197594290106178,0.615798462185399,1.35738097639316,0.000171482922079754,0.00238925379938057,0.00134289079754405,0.0219764371477907,0.00706070049511485,0.0214758963021842,0.000450173427214073,0.0521227993977319,0.000754911511077172,0.511044554020526,0.0092254801818652,0.00233132922039339,1.04568061713345,0.0988562439313205,0.0363321013120957,0.0247991937265481,0.000131600665002644,0.0757006481137492,0.710640059747918,1.78953733743355,0.14362935080791,0.169698521714712,2.99932967234715,14.8545255383273,0.108534690919782,0.0035088475398819,0.00778554873941589,0.216952673442066,0.00135379987047625,0.000901637410595054,0.0599897538929858,0.13531324569413
