0,0,353.233529210091,4.85693624615669,1.13811767101288,23.5310796350241,9320.74085073173,725.843850404024,5.31420570611954,150.28394973278,13.4612674117088,13.3254147469997,51.837554693222,10432.8928231597,12.5454029738903,0.355504304170609,146.742273658514,2.67387133836746,38.2815670967102,24.1462099552155,996.711428746581,4.52637684345245,1529.34784728289,53.6364538669586,3.16195347905159,24.5454449355602,91.4540827274323,858.28142657876,17013.6738894731,14540.1072341651,0,8.75020518898964,26.7232959568501,236.359936535358,105.277625203133,361.538585305214,26.9328266382217,87.3959870040417,29.2759472131729,13.9174098968506,19.2367427349091,3.43298137187958,5.8891564309597,0,1.46764373779297,0.485949575901031,3.18501794338226,0.463232010602951,0,1.2459352016449,0,1.72071415185928,0.724713385105133,0.481107085943222,1.36497247219086,14.4514551758766,2.11710014939308,4.8846777677536,1.87478604912758,0,1.20712769031525,0,2.10759872198105,0.995070487260818,14.1369036138058,0.317722350358963,0,0,0.364206790924072,20.2232006788254,3.5279974937439,7.03656151890755,22.4817228913307,0,0,4.34805849194527,51.1595445275307,1.41631138324738,3.97834980487823,0,0,0,0.746131956577301,10.8372841179371
0,0,329.095075637102,3.0587654709816,0.852228999137878,0,3.41689795255661,1.01879912614822,1865.75288629532,0.49538066983223,323.337094306946,0,2831.80779206753,2.60990390181541,3.12138903141022,43.7705101966858,294.824328899384,0.593566596508026,57.5015767812729,3.0770720243454,7.08134710788727,2971.97694730759,26.5548378229141,1731.4844995141,1788.79117238522,1251.73810389638,46257.8028025925,96.5415663123131,3.21988871693611,4.13630825281143,30.9088600873947,0.794871866703033,1.6633258163929,265.966940253973,50.5214820504189,590.51797953248,303.634140253067,144.834808766842,73.4326533973217,2.31100785732269,1.78259658813477,14.6298606395721,41.4582781493664,56.7257491350174,35.4045793414116,19.9145610332489,1.11496913433075,0,21.5156970620155,0,1799.14576661587,360.462503582239,0,1.58240485191345,0,6.26043954491615,0,6.06326514482498,0,11.7691852450371,0,175.587238401175,2.78276616334915,0,12.8154911398888,16.2722355425358,8.15428587794304,8.42246210575104,8.32002300024033,5.49175214767456,174.97847700119,35.8980446457863,22.1923422217369,99.2325915694237,219.885911047459,7544.66280263662,17.6662935912609,2.41104763746262,2.62204605340958,41.99510627985,0,0,31.6586711704731,39.4231471121311
353.233529210091,329.095075637102,0,4.98429289460182,3.27546495199203,31.9704905599356,1215.94247177243,317.608646869659,14.9746403098106,45.4064134061337,67.4418912231922,10.734144359827,223.820343583822,802.669893994927,21.7675624787807,30.5205302834511,30106.8967948556,100.12735915184,5550.77904030681,6.47283132374287,712.153341412544,61.4827932715416,37945.5989555269,69.7494353055954,22.7102927267551,33772.0619671643,43371.5471120477,444.830893039703,1102.07741223276,2090.42329245806,1.0594367980957,5.46552643179893,113.762343078852,8982.2234031707,2023.04398617148,11192.6272116899,3172.89834415913,4108.86500364542,2515.44681799412,31.7201371490955,211.656281709671,5.24963322281837,134.577154636383,174.447043418884,52.1010152101517,155.956692755222,4.76978558301926,4.14111030101776,2.76938712596893,4.93591585755348,470.519910693169,3250.96252000332,0,2.91635435819626,2.43307250738144,11.9684163928032,2.98365834355354,0.944908648729324,0,2.96113365888596,0.644310772418976,3.20387291908264,15.8841463029385,7.41073244810104,62.0607613027096,41.8238143026829,0.496985524892807,15.1865322887897,0.39000928401947,25.4171207249165,171.486010283232,508.968771904707,11.056430876255,8.32854157686234,383.201695725322,13038.0002968609,13.197419911623,15.3635447025299,19.8898367881775,2.03737765550613,0,0.292955040931702,29.1442510187626,1151.74858158827
4.85693624615669,3.0587654709816,4.98429289460182,0,13.3983836472034,248.693776756525,169.007603377104,243.133649855852,4428.71427872777,6378.55162525177,18.8099679648876,9639.89400601387,143.921667277813,161.44000300765,423.638870507479,0,0,0.783701717853546,0.749083459377289,36856.860408783,7.44842684268951,10.8246239423752,8.86602219939232,4957.5716393888,10.7122266292572,12.5525300204754,11.1080057024956,10456.7846826911,282.491524279118,17.7389477491379,0.908286720514297,15.7937899827957,0.688631772994995,199.434136629105,95.4312862455845,945.154402494431,16.7568718492985,65.697624117136,31.1489723920822,492.741189956665,60.2785294353962,11.8961068093777,105.872305184603,1.47902634739876,66.4907625317574,4.7949892282486,233.9427498281,5.42361527681351,1.47768816351891,4.89386242628098,0,0,1011.96745300293,0.527279555797577,36.0187941193581,1168.25182926655,123.974460721016,629.297398507595,1059.22327277064,4.11370977759361,831.543133020401,0,94.9083398729563,2.56694474816322,2.44140368700027,0,0.315163910388947,0,689.944632649422,11.5894004106522,8.27647602558136,6.83819818496704,1503.77033674717,0,0,0.566188156604767,1771.18873673677,29.6207689344883,0.535306870937347,0,0,0.391022503376007,95.4627491533756,15.7680769264698
1.13811767101288,0.852228999137878,3.27546495199203,13.3983836472034,0,1491.38707736135,53.0666890740395,395.481717884541,99.3571235835552,39.9652159512043,0,223.671789824963,75.1605924069881,23.1442263126373,2255.972781986,4.68163502216339,7.6503803730011,0,1.78011119365692,18.6855694949627,92.6181834638119,0.912715375423431,85.7867722213268,23.2186821997166,8.05775570869446,0.668095648288727,10.8044090867043,71.9819876849651,27.7180929481983,65.4409376978874,0,182.152919173241,2.02705228328705,1727.17023473978,1006.4985255599,579.895298600197,16.3839963674545,7.02713090181351,13.7439125776291,15736.3440467119,7041.91947686672,3.04769194126129,7.5387259721756,6.41076934337616,4.19446700811386,59.3002305626869,2.57414072751999,0.976471543312073,0.384170204401016,1.076451420784,0,1.37555754184723,1.27202668786049,0.814390480518341,1.48292922973633,15.1076477766037,3.04265457391739,2.25353395938873,8.04531261324883,0,10.9561257362366,0,3.7537477016449,0,6.03529989719391,0,1.49588423967361,0,2.86894917488098,13.1300908625126,0,17.2342857122421,13.0831678211689,0,3.95948392152786,24.4071695804596,21.0351660251617,0.549689054489136,5.30936920642853,0.701869547367096,0,0,2.43373018503189,422.35898438096
23.5310796350241,0,31.9704905599356,248.693776756525,1491.38707736135,0,1131.75392693281,28182.3439574242,242.427068352699,14016.819126159,167.307679146528,4035.3128747344,1477.01294872165,2060.84635128081,5934.67752128839,1.55018210411072,7.31786417961121,50.3041823506355,5.50504675507545,761.020343899727,148.785049125552,1.98922657966614,266.21241979301,48.8926519155502,99.5346183180809,113.684425085783,41.1800362467766,1143.28993529081,1221.09571625292,141.125196933746,2.65737408399582,599.593399524689,5.28819912672043,1715.03682336211,4111.26843515038,4058.23211999238,141.318777650595,304.246066480875,283.94545391202,9352.50358945131,1773.26756680012,183.282355666161,39.6379518210888,0,11.7103106081486,8.63410374522209,121.245657622814,1.11671739816666,9.08658009767532,3.04733592271805,0,0,64.8449947983027,2.19872123003006,25.951346963644,171.522118091583,16.6086896657944,18.7485483288765,110.151279807091,4.14143720269203,189.400291234255,1.87709450721741,28.9890332818031,1.94198286533356,9.92486736178398,0,0,0,67.8946825265884,43.8833837211132,0.635912120342255,17.5267624258995,87.8029420673847,0,0,2.75367671251297,208.648129358888,4.9486508667469,16.70692679286,0,0.423506647348404,1.01612329483032,13.0165123641491,564.014630585909
9320.74085073173,3.41689795255661,1215.94247177243,169.007603377104,53.0666890740395,1131.75392693281,0,13674.0062724799,331.045337110758,13680.2799386233,80.2252991050482,109.103394538164,1192.2910297364,28385.1819150001,332.029597967863,21.3335732519627,47.7187435030937,29.7797843515873,15.2726072072983,93.6298183202744,5803.74950250983,30.132824331522,3879.89637340605,1075.15719422698,72.0999177098274,86.0066649615765,382.751335084438,50869.1846622229,15299.1231636107,16949.3758205324,1.95866441726685,99.000128954649,156.837696969509,2784.72479744256,2285.55097669363,10517.3943215162,673.309313178062,1247.4931255877,492.220189660788,450.782015830278,690.688761249185,127.274383038282,451.60389405489,15.4721533060074,169.090213030577,43.7891249060631,283.096428006887,28.3997398614883,10.7973769903183,17.5492181479931,0.949988842010498,6.93090772628784,119.496070683002,8.44293677806854,47.9326838254929,1782.07435061038,209.091478824615,185.631009280682,204.787631839514,11.0250439941883,184.085765004158,0,434.255824267864,10.3571408689022,86.9422705173492,0,0,0,102.363039821386,243.365626335144,22.3062174916267,130.571228802204,991.960565298796,0,0,102.641086548567,2066.7190848887,66.90652140975,98.4480966627598,0,16.8020520210266,0.528232336044312,205.812312692404,353.846888005733
725.843850404024,1.01879912614822,317.608646869659,243.133649855852,395.481717884541,28182.3439574242,13674.0062724799,0,220.215289086103,12272.7350992113,89.3285239040852,3371.27387362719,689.707746684551,27640.3534510583,1420.28709581494,1.96836560964584,71.4424523711205,21.0444038510323,17.4298450648785,1524.11872312427,591.968233302236,3.6357256770134,944.993170142174,194.027294889092,32.2082920670509,55.1021665930748,88.7254709601402,4138.33138120174,2420.76929791272,2404.12245672941,1.96649897098541,1589.35979555547,16.4965682327747,1465.85989487171,2670.59015595913,2199.40546345711,136.38005310297,242.525211825967,168.985320612788,1869.7890728265,740.269836366177,73.3680475056171,69.5424942076206,1.55023849010468,30.8532198667526,13.9759575128555,134.042841076851,8.82880637049675,6.59768202900887,2.74546647071838,0,0.639610648155212,55.751782387495,1.71939978003502,18.3348056077957,519.399175152183,39.4237145483494,61.9542685747147,98.8783223927021,4.73574638366699,147.604846358299,0,78.4583117365837,2.08721575140953,10.1914145350456,0,0,0,54.0548849403858,27.2963993251324,5.0228745341301,12.4795549511909,233.558068841696,1.56800734996796,0,7.26131567358971,513.111237049103,7.44603925943375,16.4353120923042,0,0,0,48.0099137127399,367.399334132671
5.31420570611954,1865.75288629532,14.9746403098106,4428.71427872777,99.3571235835552,242.427068352699,331.045337110758,220.215289086103,0,1712.40379086137,98.7315136194229,2136.3480258584,1134.54231703281,104.408355295658,3770.36529129744,30.6802573800087,4.10106712579727,3.04530715942383,0,1320.94060686231,44.4111126363277,9204.341606915,30.1784683167934,43280.6104257703,1110.21851095557,44.7479797303677,6526.63464638591,14102.0052405298,168.755818724632,48.9126651287079,18.2156760692596,21.0626724362373,4.73732280731201,167.62647613883,54.4391789734364,773.996037691832,32.9513958990574,64.6238220632076,27.2113204598427,2927.33389720321,58.8310361504555,13.3298160135746,336.106831848621,10.2967676222324,99.3207699656487,19.2209415435791,128.089132130146,15.2736874818802,15.0964097678661,13.9010424613953,23.5165258049965,14.9416109621525,638.24574354291,9.01138240098953,38.1915343701839,1528.11938764155,196.387958049774,2374.14008378983,606.993489861488,12.6207859218121,427.206451267004,43.0692798495293,275.526912748814,16.7772223353386,434.89356893301,0,2.89857426285744,0,457.476078182459,237.004343271255,605.256319701672,149.646379113197,5429.88746407628,13.6861599683762,8.4501039981842,304.543903589249,4225.1876488328,64.796293258667,57.7060253620148,12.4161674380302,8.09866204857826,1.54255139827728,107.427861064672,37.7754318416119
150.28394973278,0.49538066983223,45.4064134061337,6378.55162525177,39.9652159512043,14016.819126159,13680.2799386233,12272.7350992113,1712.40379086137,0,216.859021916986,4023.7316827625,1130.61121815443,7390.15381912887,276.099551796913,1.55081069469452,5.05174586176872,62.8870398104191,5.92002627253532,10680.6221588254,59.7762587964535,9.83727872371674,81.2024820894003,1627.27304936945,62.4593739509583,138.228479772806,44.1972904801369,17806.2297873199,5776.17202544212,123.798494890332,2.9659241437912,212.526948198676,1.73933404684067,2630.62327650189,1481.66848367453,7396.46436484158,197.643128573895,754.719886749983,329.999441236258,687.100250989199,653.451241761446,154.432187765837,130.703844666481,1.50720608234406,54.6127044558525,21.4442557096481,359.672330826521,8.70799618959427,5.50563263893127,3.54963955283165,0,0.660341739654541,935.368417084217,5.46162271499634,33.4479366540909,1322.44847020507,117.944334626198,404.476139605045,2349.41859695315,7.21482428908348,936.713061451912,1.88018763065338,108.785616546869,5.72259896993637,22.1921436488628,0,0,0,597.817466169596,56.7681211829185,2.47027361392975,21.5273465514183,1291.37573076785,0,0,1.82297948002815,1902.64946132898,24.8486005365849,22.7576341032982,0,1.7771303653717,0,85.8407957851887,240.942286193371
13.4612674117088,323.337094306946,67.4418912231922,18.8099679648876,0,167.307679146528,80.2252991050482,89.3285239040852,98.7315136194229,216.859021916986,0,194.315510809422,8697.66166651249,82.2104869186878,13.6689169704914,0,178.948770016432,28863.3641198874,6704.86257973313,84.1535722911358,14.8345386981964,175.832418769598,188.638802081347,63.6401693820953,3102.16322231293,8255.39274159074,1387.55613282323,71.3027268350124,187.682270646095,76.5570016503334,912.082652211189,15.8316375911236,14.2778708934784,6636.79665660858,90.8262457549572,594.172861367464,2517.80844420195,1485.44432857633,352.149479150772,30.487000644207,18.263522952795,5079.49142971635,33.8845517635345,1182.60083270073,98.3500075042248,25.4947254955769,9.85310646891594,0.656517386436462,686.122882425785,0,33.6781680583954,2.8660706281662,0,0,0.602489709854126,15.2680997550488,2.31040126085281,57.3192923069,0.410649329423904,1226.73106944561,3.54878833889961,7223.44028538465,3.53612500429153,4.09972059726715,4.55861330032349,0.913463234901428,160.271958231926,8.25939744710922,1.17890673875809,7.60865321755409,33.0681813359261,2.11218291521072,22.9067549705505,617.004750818014,853.304000735283,1676.4079388082,16.5576249361038,0,3.47597825527191,1895.25142771006,0,0,246.716650575399,68.4149798750877
13.3254147469997,0,10.734144359827,9639.89400601387,223.671789824963,4035.3128747344,109.103394538164,3371.27387362719,2136.3480258584,4023.7316827625,194.315510809422,0,1066.50459694862,2142.74523660541,4431.03675875068,2.01010543107986,3.85460567474365,58.4478598237038,2.15839540958405,10522.1141582429,17.2557464838028,2.51186034083366,24.5137593150139,818.389725923538,70.6915179491043,278.881192475557,28.5732540786266,1335.5991794467,2498.76016438007,36.4714269042015,8.0305632352829,171.540721744299,1.18180572986603,2065.28419730067,5786.75980445743,4091.0839009881,151.283246129751,528.285655319691,223.893835991621,4013.50004303455,479.569935947657,140.794773042202,92.1499551534653,2.28765150904655,40.3315064907074,24.6157932579517,624.674725979567,1.79537627100945,18.270646750927,3.95695984363556,1.98623538017273,0.786350160837173,748.790212452412,5.11022365093231,64.7803434729576,527.448873490095,67.3733441829681,167.515033274889,843.153578817844,6.82073727250099,2045.42552566528,2.86881840229034,57.8123974204063,9.07217133045197,12.8030211627483,0,0,0,679.566537886858,30.7455908060074,0.498630791902542,20.6789289712906,621.132529467344,0,2.29131406545639,3.56028294563293,830.78188252449,28.267239511013,17.8631161749363,0.539438605308533,2.41438215970993,0,56.6185927987099,1543.84413871169
51.837554693222,2831.80779206753,223.820343583822,143.921667277813,75.1605924069881,1477.01294872165,1192.2910297364,689.707746684551,1134.54231703281,1130.61121815443,8697.66166651249,1066.50459694862,0,594.465069636703,294.733047515154,69.5189772844315,60.7987603843212,263.809043228626,79.4542130529881,397.999479502439,602.476107239723,1604.99120342731,1534.76195061207,1089.78289610147,15748.7702071965,1032.58792999387,5792.61121454835,2634.00336490571,860.155254274607,610.861206799746,2007.55412513018,426.129195511341,17.7160098850727,5661.68815529346,280.129542797804,4558.00016960502,3563.93072214723,4544.38764768839,2882.81442266703,7047.73297145963,1546.67072790861,4174.57001799345,944.860017985106,2052.08905154467,1051.07476320863,334.791072875261,3578.49239397049,190.377103894949,1263.16197144985,11.2616863250732,78.1587474346161,6.99817368388176,14.7300464212894,37.5026535689831,163.066364020109,811.534579902887,585.129630893469,187.077378064394,127.301417171955,2880.92333191633,288.880576312542,12972.2747909725,361.800445824862,21.5285563468933,103.784801572561,2.91603028774261,301.477674722672,20.5922833681107,74.3673692047596,420.131202459335,114.211564183235,143.646228343248,406.499002665281,1904.95276409388,1910.51480129361,4049.2876251936,887.915055811405,92.2216504216194,189.357719808817,3809.02328112721,156.963551282883,1.05125594139099,623.805264890194,94.9621121585369
10432.8928231597,2.60990390181541,802.669893994927,161.44000300765,23.1442263126373,2060.84635128081,28385.1819150001,27640.3534510583,104.408355295658,7390.15381912887,82.2104869186878,2142.74523660541,594.465069636703,0,173.687776446342,1.04686725139618,286.266484677792,22.5604881942272,62.8316110372543,1109.81098541617,1795.10076330602,12.7968122959137,2998.44172252715,229.949735581875,44.4255169034004,65.1089223325253,192.668020278215,4070.03648561239,36066.025185436,11999.460575372,0,439.798952445388,50.8343443870544,1452.43209277093,427.8771674335,2226.05139663815,126.835509181023,326.775754570961,174.274688363075,729.811585068703,405.749551832676,75.2984468340874,81.4126352071762,0.642157554626465,25.6987404227257,9.74085229635239,72.7194841206074,4.78524148464203,4.56667098402977,0.852591276168823,0,2.59349510073662,19.875462949276,0.539737701416016,7.06818079948425,442.944825559855,32.5456424355507,46.1696599721909,31.824054479599,3.2141740322113,48.2226365208626,1.28630101680756,60.9330334067345,0.389516323804855,21.0669308304787,0,0,0,16.9131442904472,78.3011808097363,11.3516696095467,37.0293942391872,235.488421678543,0,0,14.8538402915001,503.535771727562,9.71423441171646,28.2065406739712,0,0.373378455638885,1.00268912315369,37.3024099767208,55.7913019061089
12.5454029738903,3.12138903141022,21.7675624787807,423.638870507479,2255.972781986,5934.67752128839,332.029597967863,1420.28709581494,3770.36529129744,276.099551796913,13.6689169704914,4431.03675875068,294.733047515154,173.687776446342,0,5.39301633834839,20.4200218319893,6.92350718379021,12.0758367776871,306.211700767279,145.729001224041,27.9136225581169,107.757962793112,1104.80266180634,22.4619551599026,12.3909186422825,32.9766505360603,926.814924836159,199.710135489702,269.057488083839,0,148.797000586987,19.6119938492775,246.439874827862,526.851325601339,683.815483510494,39.2841377258301,51.4523081481457,72.1794890761375,9908.49573737383,251.897965908051,21.8935714364052,48.4192980229855,21.7101231813431,19.1422404050827,81.5687473416328,83.8178939819336,2.40227514505386,6.220618724823,3.66425514221191,0,7.96501368284225,34.2981962561607,0.654498219490051,4.41180455684662,173.969934612513,13.666401475668,18.6537496447563,74.2745511233807,1.43377304077148,156.675674647093,0.446292966604233,14.1447748839855,0.613765954971313,20.0258033275604,0,1.42060685157776,0,148.927646607161,39.9401861727238,8.34430968761444,62.2996296882629,98.0897732675076,0,6.00961643457413,39.0805688500404,172.199892759323,9.69067293405533,16.5061438083649,0,0,0,15.7940903007984,577.215953379869
0.355504304170609,43.7705101966858,30.5205302834511,0,4.68163502216339,1.55018210411072,21.3335732519627,1.96836560964584,30.6802573800087,1.55081069469452,0,2.01010543107986,69.5189772844315,1.04686725139618,5.39301633834839,0,8.78767031431198,0.701627433300018,2.52132540941238,1.66647976636887,10000.9952174425,10209.4620493352,7814.80421110988,4273.54897677898,22.6130521893501,4.79790550470352,9395.93888568878,2022.86904069781,10.2479610741138,23.594488888979,1.11931788921356,1.67314839363098,6.85339742898941,352.488191485405,674.39093157649,3651.06571978331,863.975084751844,525.393884718418,183.755168378353,8.56502556800842,49.7229544818401,1.85783594846725,390.110916048288,49.2503902614117,43.7544636428356,45.283634185791,16.4168727695942,1.86436784267426,2.08186781406403,0,7.26438325643539,65.7438438236713,0,0.449374347925186,0,19.9638380110264,4.10533106327057,21.1292773783207,0,1.82143875956535,0,0,4.57580164074898,3.25353229045868,8000.06461781263,7.07299345731735,0,0.406998991966248,1.16819766163826,3073.23026022315,3367.33097943664,5964.04803028703,490.521546840668,1.61968314647675,4.58813348412514,2231.56140738726,809.241338819265,24.7784777581692,424.5544269979,0,1.34771776199341,1.79393774271011,7.23921203613281,215.858335644007
146.742273658514,294.824328899384,30106.8967948556,0,7.6503803730011,7.31786417961121,47.7187435030937,71.4424523711205,4.10106712579727,5.05174586176872,178.948770016432,3.85460567474365,60.7987603843212,286.266484677792,20.4200218319893,8.78767031431198,0,73.749539077282,4521.26246610284,1.22678601741791,636.040735900402,33.4565840959549,12000.959179461,14.6604677438736,7.93876624107361,10807.7412031293,15435.6526527703,67.3755792677402,1548.14970737696,2706.2729524076,0,1.31932580471039,314.546235114336,16272.1223799884,396.95962241292,1480.58114150167,606.510916382074,1549.28319090605,559.998303622007,10.1098988056183,75.6735265552998,1.1545085310936,15.6732323169708,24.6252386569977,5.44796866178513,20.0497788786888,0,0,0,0.450214773416519,185.379104793072,371.374594926834,0,0,0,0.487120747566223,0,0.752720415592194,0,0,0,0,0.373086810112,0,7.56160175800323,10.9557639360428,0.407725036144257,3.90175437927246,0,7.65665405988693,28.9896157979965,28.7004676163197,0,0,86.5984886884689,2258.46274217963,4.31620919704437,0.553171992301941,0.814636677503586,0,1.34876191616058,0,2.87718942761421,166.82622218132
2.67387133836746,0.593566596508026,100.12735915184,0.783701717853546,0,50.3041823506355,29.7797843515873,21.0444038510323,3.04530715942383,62.8870398104191,28863.3641198874,58.4478598237038,263.809043228626,22.5604881942272,6.92350718379021,0.701627433300018,73.749539077282,0,4202.83487302065,20.323696911335,13.682622551918,0,166.156815826893,2.60232225060463,10.233082652092,1232.18450143933,195.147132366896,26.4930930733681,69.144374102354,54.3325999677181,12.393587231636,2.87059044837952,4.2894771695137,4929.46975338459,368.171021670103,2105.31225433946,1875.75106742978,1547.17141309381,1826.1386089623,11.1385590732098,19.531963288784,53.4394794106483,6.66811960935593,35.0530180931091,3.48487541079521,49.2506313323975,0.765678942203522,0,0,0,0,1.89547082781792,0,1.15070617198944,0,0,0,1.67842662334442,0,23.2370993196964,0,70.3571275770664,0,0.743043661117554,0,0,8.26209157705307,3.25429916381836,0,0,2.63046312332153,1.42155876755714,2.0673987865448,7.21028298139572,65.3877038657665,107.848082870245,0,0,0,51.3340360224247,0,0,2.17364299297333,267.805271089077
38.2815670967102,57.5015767812729,5550.77904030681,0.749083459377289,1.78011119365692,5.50504675507545,15.2726072072983,17.4298450648785,0,5.92002627253532,6704.86257973313,2.15839540958405,79.4542130529881,62.8316110372543,12.0758367776871,2.52132540941238,4521.26246610284,4202.83487302065,0,4.1223356127739,115.230085164309,6.48462671041489,2627.57702374458,6.18917596340179,13.203352868557,6279.49953076243,3206.83674648404,36.5701511204243,395.418133676052,472.650817573071,10.0511998236179,0,79.9499834179878,26066.5897607803,765.334423333406,5103.56825140119,2679.61341121793,5026.79225426912,2943.0363009572,12.1216420531273,32.7635635435581,3.31658089160919,17.744998216629,13.6143121123314,2.12762522697449,59.320848107338,0,0.467481344938278,1.88665193319321,0,44.5448771417141,145.878647625446,0,1.99936592578888,1.13217532634735,0.659910917282104,0,0,0,6.2263086438179,0,8.57881325483322,0,6.27256095409393,0.995331019163132,1.10238736867905,0.709761142730713,4.77500307559967,0,1.17077368497849,1.85209137201309,3.7925540804863,2.10285437107086,5.77664861083031,205.224654227495,1260.57357281446,0,0,0.486006081104279,3.18910443782806,0,0,3.93621641397476,480.248471409082
24.1462099552155,3.0770720243454,6.47283132374287,36856.860408783,18.6855694949627,761.020343899727,93.6298183202744,1524.11872312427,1320.94060686231,10680.6221588254,84.1535722911358,10522.1141582429,397.999479502439,1109.81098541617,306.211700767279,1.66647976636887,1.22678601741791,20.323696911335,4.1223356127739,0,8.49357938766479,4.13271462917328,6.17759311199188,1165.74451097846,21.1939387619495,38.418642282486,13.6672236919403,2530.257496804,1605.67396584153,18.664520919323,5.52657294273376,56.6571895182133,0,879.966452926397,216.134177297354,2066.62177821994,68.6931706368923,210.735167771578,99.3699258565903,448.35418510437,215.511271804571,47.4169304966927,33.4743339717388,0,12.9450594782829,5.4058011174202,102.454922288656,0.817922234535217,4.49834761023521,1.33601486682892,0,0,310.02211368084,1.25205338001251,5.75427970290184,251.262267142534,19.8444807529449,145.363056451082,341.708364129066,0.427546143531799,455.718739628792,0,25.9106605052948,5.82056072354317,7.77381739020348,0,0,0,311.590802192688,24.3411313295364,1.30174815654755,4.1113508939743,334.287096202374,0,0,0,452.509219050407,2.77873894572258,6.06987202167511,0,0.335222512483597,0,13.3795846998692,24.5341065526009
996.711428746581,7.08134710788727,712.153341412544,7.44842684268951,92.6181834638119,148.785049125552,5803.74950250983,591.968233302236,44.4111126363277,59.7762587964535,14.8345386981964,17.2557464838028,602.476107239723,1795.10076330602,145.729001224041,10000.9952174425,636.040735900402,13.682622551918,115.230085164309,8.49357938766479,0,1059.50035464764,36894.8252985775,2347.86902186275,44.7287426590919,52.268597304821,1720.06191709638,26055.5367364585,2709.96447408199,31432.2325270772,0,56.3519873321056,597.527401894331,23042.7063674927,5007.39971533418,14671.2176168561,1733.92087823153,8327.76271286607,1982.07618767023,102.73791244626,641.437121763825,35.419398277998,321.880517691374,30.9755200743675,39.4457198083401,113.91678789258,48.0300799310207,8.02612897753716,5.29436731338501,1.27981540560722,3.30310547351837,29.7957971692085,0.341448932886124,7.48872962594032,2.48447370529175,91.4147661328316,14.4783839285374,36.201194435358,0,4.07005345821381,3.65728822350502,0,24.7256656289101,7.03729197382927,4039.35061889887,3.10071486234665,0,0.608363926410675,0,3750.20762827992,1531.12645575404,3278.08640488982,979.168550759554,0,1.04935133457184,763.199559777975,1918.38135245442,35.7695741355419,585.551150888205,0,2.89974176883698,2.52140462398529,17.0236421823502,1115.63596713543
4.52637684345245,2971.97694730759,61.4827932715416,10.8246239423752,0.912715375423431,1.98922657966614,30.132824331522,3.6357256770134,9204.341606915,9.83727872371674,175.832418769598,2.51186034083366,1604.99120342731,12.7968122959137,27.9136225581169,10209.4620493352,33.4565840959549,0,6.48462671041489,4.13271462917328,1059.50035464764,0,1969.91272041202,15756.0202315152,1685.81548023224,43.0910944342613,18658.7841356397,1102.24977496266,65.1556977033615,54.4547055363655,20.5370493531227,0.634130477905273,11.2266229391098,153.073355287313,80.9046984910965,647.714479267597,120.972578048706,102.690730839968,22.7356290519238,47.4780505299568,22.497384250164,25.640753865242,274.260816544294,54.3276905417442,47.5893092751503,31.4435525238514,19.5252839326859,1.4971342086792,10.0576986074448,0.889919400215149,463.640774488449,181.667901784182,1.8375261425972,2.29426622390747,0,106.516886889935,11.1295940577984,150.103616774082,0.473306834697723,18.7981485128403,0.648562967777252,62.0881124734879,29.160786986351,4.29327699542046,4658.15013805032,5.21431016921997,2.19313862919807,1.44082328677177,13.3515781164169,1178.21993684769,4528.59127402306,2053.09417113662,786.13843730092,27.9292115569115,24.5440674424171,4063.5269459188,920.354519814253,21.7126587033272,163.567660331726,22.5304815769196,0.528632819652557,2.04941242933273,23.790336817503,53.5556829273701
1529.34784728289,26.5548378229141,37945.5989555269,8.86602219939232,85.7867722213268,266.21241979301,3879.89637340605,944.993170142174,30.1784683167934,81.2024820894003,188.638802081347,24.5137593150139,1534.76195061207,2998.44172252715,107.757962793112,7814.80421110988,12000.959179461,166.156815826893,2627.57702374458,6.17759311199188,36894.8252985775,1969.91272041202,0,1857.26175625622,16.2849123477936,1712.08942487836,31052.2080633342,5000.52795428038,3774.79697926342,13096.0658222884,0.583437919616699,29.4005064815283,596.756159752607,42980.9996796697,10080.8646146655,37740.3807599247,7756.64488467574,23574.2228595614,6501.66847664118,229.002829283476,1137.62301243842,28.4029965102673,507.379101574421,109.872096300125,88.3868487477303,333.931791782379,30.0438996851444,9.08034804463387,2.47981333732605,5.09127053618431,31.9846893846989,845.400191605091,0.594309628009796,10.3821574449539,2.99839472770691,42.7030109167099,9.91314880549908,12.4079187810421,3.38999623060226,12.1939364075661,6.89800047874451,0.354732602834702,17.5739614367485,15.7414792180061,7380.76998227835,6.48233333230019,2.88611733913422,2.97947338223457,0,1883.3300332427,2305.50566053391,7458.76180693507,299.439719796181,3.82181167602539,22.5419278740883,7376.59414359927,624.824444681406,10.2142385542393,375.426876068115,0,5.97905445098877,0.494999140501022,10.4732820093632,3143.97534918785
53.6364538669586,1731.4844995141,69.7494353055954,4957.5716393888,23.2186821997166,48.8926519155502,1075.15719422698,194.027294889092,43280.6104257703,1627.27304936945,63.6401693820953,818.389725923538,1089.78289610147,229.949735581875,1104.80266180634,4273.54897677898,14.6604677438736,2.60232225060463,6.18917596340179,1165.74451097846,2347.86902186275,15756.0202315152,1857.26175625622,0,877.204511314631,45.4733108878136,6749.36068052053,33952.5425939858,332.418898269534,648.362990915775,13.1570562422276,13.7615869641304,14.4377016425133,386.498644590378,390.499961167574,2593.12050789595,228.488287121058,315.640760183334,100.209540784359,941.316743269563,81.593438833952,25.8516854941845,2191.581340909,62.2794690430164,615.268356859684,114.935943216085,868.637236177921,103.646864742041,57.6820740699768,51.7768949568272,22.4246750473976,53.2611243128777,1347.51396885514,43.4658350050449,171.593308597803,7567.62786787748,870.449603110552,3754.69341111183,1739.57130353153,64.57870849967,1037.80710250139,16.6703144013882,1647.30536133051,53.4813446104527,2834.7023063004,3.1416542828083,0.92422154545784,0.427323758602142,1011.11336708069,3713.34937977791,1773.48245468736,1712.14466711879,12647.9857243299,0.47309136390686,4.24875742197037,913.85984826088,17197.9824494421,312.046643793583,1010.16499888897,3.00916734337807,58.3017465174198,10.7549407482147,664.87511780858,156.870571285486
3.16195347905159,1788.79117238522,22.7102927267551,10.7122266292572,8.05775570869446,99.5346183180809,72.0999177098274,32.2082920670509,1110.21851095557,62.4593739509583,3102.16322231293,70.6915179491043,15748.7702071965,44.4255169034004,22.4619551599026,22.6130521893501,7.93876624107361,10.233082652092,13.203352868557,21.1939387619495,44.7287426590919,1685.81548023224,16.2849123477936,877.204511314631,0,509.130835771561,19652.2358178794,522.743961155415,79.6029249727726,58.1190800964832,369.439704149961,12.323736846447,2.83399647474289,196.518397510052,17.5591611266136,372.250284403563,572.219665706158,79.192501693964,36.7961212694645,1007.34765359759,33.2675013840199,597.131937593222,231.118421792984,385.439646095037,99.8728537559509,39.9218222200871,790.107960730791,16.72644084692,215.599537789822,1.88197374343872,622.373746037483,13.8859899640083,2.18271857500076,5.70393973588943,18.6609788239002,192.971511989832,99.1722812056541,47.8350884318352,13.2183057665825,278.615402638912,44.2793798446655,2340.03606164455,70.7851610779762,4.18663316965103,49.5788032114506,0,66.0994657874107,12.9080249071121,12.6971132457256,207.811716914177,28.6152252852917,58.4513127505779,92.4997615814209,2534.19216534495,651.35409322381,3684.69790780544,263.150505065918,18.6199260056019,79.1440567672253,754.331828027964,28.8778684735298,1.59337115287781,134.596984028816,12.3520801663399
24.5454449355602,1251.73810389638,33772.0619671643,12.5525300204754,0.668095648288727,113.684425085783,86.0066649615765,55.1021665930748,44.7479797303677,138.228479772806,8255.39274159074,278.881192475557,1032.58792999387,65.1089223325253,12.3909186422825,4.79790550470352,10807.7412031293,1232.18450143933,6279.49953076243,38.418642282486,52.268597304821,43.0910944342613,1712.08942487836,45.4733108878136,509.130835771561,0,39204.4889203906,85.54149132967,152.610751152039,197.884487986565,349.135634303093,5.71486386656761,8.72969707846642,9687.1717916131,1237.87370347977,10224.98567307,12533.3330324888,4908.50564420223,3415.93482834101,31.9351987242699,64.5638310015202,183.397363126278,253.980968892574,784.37566241622,203.032899022102,241.794367581606,3.36149069666862,0,26.4926427602768,0.873766303062439,841.275798916817,946.304803192616,0,4.10333728790283,1.12124794721603,0.856900781393051,0,11.2667452692986,1.02577555179596,558.091797053814,0,2156.33366748691,1.29111266136169,10.4360938072205,1.7158710360527,76.3853515684605,473.739725917578,157.287029802799,0,1.93467670679092,24.445969492197,19.1048831045628,0.594389975070953,660.998795330524,5092.83506882191,24429.327180177,1.2657059431076,0,5.07259449362755,1671.25893053412,0,0.380020707845688,341.800078451633,758.340618014336
91.4540827274323,46257.8028025925,43371.5471120477,11.1080057024956,10.8044090867043,41.1800362467766,382.751335084438,88.7254709601402,6526.63464638591,44.1972904801369,1387.55613282323,28.5732540786266,5792.61121454835,192.668020278215,32.9766505360603,9395.93888568878,15435.6526527703,195.147132366896,3206.83674648404,13.6672236919403,1720.06191709638,18658.7841356397,31052.2080633342,6749.36068052053,19652.2358178794,39204.4889203906,0,1348.83146992326,545.375869318843,1237.5409155488,2005.33410438895,14.2740816473961,90.9591122865677,20189.1735120416,6823.48793593049,47517.7026481926,17216.1472843885,14939.7810670435,6326.02201864123,69.4950765669346,375.957109093666,37.0671104490757,1738.78679457307,1564.62738543749,883.551566928625,1070.95737606287,44.157852768898,18.8623017370701,50.953244894743,24.4240129888058,10077.5387118459,18353.8837777972,0.763345807790756,12.5823335051537,2.48325091600418,89.479641854763,37.5634571909904,59.86428129673,4.69798162579536,716.373372554779,6.30928814411163,3012.48979219794,90.645983710885,25.5921822190285,7785.57494354248,242.765779823065,893.476757496595,488.965521395206,12.5520417690277,541.452128082514,7630.70486229658,10785.4086229205,295.830272316933,2350.80931088328,11960.5745835602,136174.210261941,301.415431171656,83.3160753399134,122.326561480761,2458.91224744916,0,2.33005902171135,845.854722380638,3609.52610990405
858.28142657876,96.5415663123131,444.830893039703,10456.7846826911,71.9819876849651,1143.28993529081,50869.1846622229,4138.33138120174,14102.0052405298,17806.2297873199,71.3027268350124,1335.5991794467,2634.00336490571,4070.03648561239,926.814924836159,2022.86904069781,67.3755792677402,26.4930930733681,36.5701511204243,2530.257496804,26055.5367364585,1102.24977496266,5000.52795428038,33952.5425939858,522.743961155415,85.54149132967,1348.83146992326,0,4139.63853751123,29224.0624932647,2.07904610037804,92.4181981682777,147.649170488119,3212.42787310481,3473.7135027051,17458.1097196341,1244.80421414971,1885.29271134734,628.477517038584,929.161688864231,684.314004763961,170.617961257696,3482.87168556452,78.5859367847443,1210.62546667457,267.17068618536,2270.44983229041,191.56087076664,99.85358273983,132.40189665556,8.79711127281189,43.7232661247253,1953.77975669503,75.7831448018551,387.347832620144,16760.3193223178,1945.58924862742,3837.86915948987,3348.51862113178,116.170036703348,2731.94764521718,2.41992431879044,3283.71187770367,117.107035309076,2427.05265966058,3.76625236868858,0,0.94618684053421,1689.50817322731,4081.73804527521,884.742593646049,1883.97485628724,15680.1380760968,1.64774376153946,1.03342643380165,768.654095470905,26244.3535169065,573.180016517639,1429.02387401462,0,61.5379474759102,13.897391974926,1571.77126434445,593.428342819214
17013.6738894731,3.21988871693611,1102.07741223276,282.491524279118,27.7180929481983,1221.09571625292,15299.1231636107,2420.76929791272,168.755818724632,5776.17202544212,187.682270646095,2498.76016438007,860.155254274607,36066.025185436,199.710135489702,10.2479610741138,1548.14970737696,69.144374102354,395.418133676052,1605.67396584153,2709.96447408199,65.1556977033615,3774.79697926342,332.418898269534,79.6029249727726,152.610751152039,545.375869318843,4139.63853751123,0,57752.1488632858,1.71993386745453,621.665632382035,10907.3820239007,9849.25635607541,1082.3549708426,4014.7751981616,216.832978069782,977.237036436796,398.711178869009,731.862722605467,835.546242803335,112.909273654222,211.962415903807,4.23207730054855,57.7584666907787,25.0169012546539,112.097298592329,7.4450478553772,6.52113974094391,3.12062469124794,0,5.67516621947289,22.3879513442516,3.14645883440971,20.5991418361664,734.404538363218,49.3541275262833,107.94892090559,44.7621633857489,8.38267242908478,73.0367130339146,2.47661352157593,117.537271797657,7.25257652997971,281.70899066329,0.486090242862701,0,0,22.1287282854319,519.573856264353,110.556587427855,212.281565845013,626.316132366657,0,0.826487243175507,57.4093288481236,1229.38685625792,8.502092897892,144.487313807011,0,0,1.05133652687073,39.511871278286,138.320667237043
14540.1072341651,4.13630825281143,2090.42329245806,17.7389477491379,65.4409376978874,141.125196933746,16949.3758205324,2404.12245672941,48.9126651287079,123.798494890332,76.5570016503334,36.4714269042015,610.861206799746,11999.460575372,269.057488083839,23.594488888979,2706.2729524076,54.3325999677181,472.650817573071,18.664520919323,31432.2325270772,54.4547055363655,13096.0658222884,648.362990915775,58.1190800964832,197.884487986565,1237.5409155488,29224.0624932647,57752.1488632858,0,0.554708123207092,57.4728074669838,3802.90337231755,15118.4155032635,3559.230250597,7624.56623119116,892.397460877895,3559.71762290597,1018.80049359798,166.830208748579,580.854935467243,59.8966856002808,144.928218305111,11.3013627529144,13.0740240216255,60.4304267168045,44.118745803833,6.45245879888535,3.22811245918274,0.578032553195953,4.03252092003822,15.0523298978806,0.82874470949173,10.7728664278984,2.39998891949654,121.566398650408,21.9793553054333,27.4468011260033,2.1708337366581,8.72901064157486,2.44777148962021,0,32.6203874349594,9.4217147231102,199.948646247387,0.380082726478577,0,0,0.50052011013031,456.199371635914,60.3268132209778,172.106982827187,310.820082455873,0,1.14395615458488,83.2485095858574,620.266445219517,12.4020773768425,131.584953397512,0.464442908763885,2.44739308953285,2.21675968170166,8.65027326345444,611.476199090481
0,30.9088600873947,1.0594367980957,0.908286720514297,0,2.65737408399582,1.95866441726685,1.96649897098541,18.2156760692596,2.9659241437912,912.082652211189,8.0305632352829,2007.55412513018,0,0,1.11931788921356,0,12.393587231636,10.0511998236179,5.52657294273376,0,20.5370493531227,0.583437919616699,13.1570562422276,369.439704149961,349.135634303093,2005.33410438895,2.07904610037804,1.71993386745453,0.554708123207092,0,0.761053383350372,0,217.620365291834,8.60903811454773,128.748642116785,421.448346525431,74.7510604560375,70.3132865726948,1.84740245342255,0.563170611858368,17.7884327173233,17.7139554917812,164.922482043505,12.3066860437393,18.4553227424622,0,0,8.60169178247452,0,28.5349083840847,0,0,0,0,0,0,4.78324875235558,0,148.743469834328,0,773.684404045343,0,0,0,0,49.4364990890026,18.4100722074509,0,0.895027756690979,0,0,0,203.299587130547,550.935679942369,1144.20273602009,0,0,0,481.701002120972,0,0,50.1462330520153,9.90044215321541
