0,0,242.535200715065,1.5990571975708,0,40.0029239952564,4503.93775159121,1239.97602242231,3.00784656405449,50.239695250988,3.0890751183033,11.4490374922752,0,11398.940728277,3.53929910063744,4.03496366739273,936.561363309622,0.88055232167244,47.4150897860527,7.1109291613102,41.9216107428074,0,462.548307657242,44.1961268484592,0.444628238677979,134.550889015198,91.3390418589115,218.610809057951,7538.14693704247,3836.43220707774,0,5.23966005444527,49.2193878591061,120.37897336483,9.08050811290741,105.224298238754,32.8276048004627,83.9246720075607,20.1308023631573,11.324313223362,3.11086997389793,1.53348106145859,11.3170491456985,0,4.91746091842651,0,4.32746648788452,0,0,0,0,0.325891494750977,0,0,0,1.04486584663391,2.00433707237244,2.57546409964561,0,0,0,3.58596920967102,0,0.665067553520203,7.39582702517509,0,0,0,0,2.03793370723724,0.448649823665619,2.02072697877884,14.5304106473923,0,0.328155159950256,3.85994359850883,29.8599103987217,0.710784018039703,0,0,0,0,1.00790137052536,2.02213016152382
0,0,16.2980699539185,0.86558336019516,50.4299588501453,11.1925469040871,4.26547804474831,2.31670182943344,4692.73746645451,0.622169077396393,187.012980282307,1.5969512462616,1718.5452042222,4.28125900030136,89.506245881319,129.62305778265,13.898795992136,0,1.14700388908386,0.988385885953903,12.4190299212933,6982.93612131476,29.9303284585476,3376.4944575429,6378.82201862335,63.1901735663414,14693.9473374784,297.15380063653,4.90300321578979,4.4213005900383,33.4041506648064,1.30210095643997,0.740128695964813,20.0118567943573,4.26702415943146,52.324117988348,36.9306318759918,20.522453725338,10.5116331279278,246.585719823837,0,408.409399449825,133.629464387894,24.5471509695053,45.6343474984169,51.2783195972443,0,1.09224152565002,7.04204416275024,0,1130.72560667992,17.0135653018951,0,0,0,0.735971570014954,0,9.62781205773354,0,180.160047650337,0,159.000595420599,0,0,41.7828041613102,52.2501804828644,3.86796146631241,21.1828278005123,0,8.75552973151207,63.6537573635578,11.0988737344742,77.210998415947,304.217384934425,287.407894521952,7266.85338807106,18.4203905165195,0.527154564857483,1.73455807566643,73.8745446205139,0,0,49.2798490822315,12.3533312082291
242.535200715065,16.2980699539185,0,0.95646470785141,2.69571608304977,73.7763925492764,7685.53358015418,1361.51625275612,2.09949538111687,67.844708532095,100.145690113306,0.406306564807892,3.4738804101944,1829.24824464321,23.5874829888344,131.376826703548,32942.4414602518,112.887455582619,1243.91287386417,2.20829325914383,9175.83715781569,26.4165589511395,52855.7221306562,120.391400247812,0,15417.4795357883,58992.2587103844,2307.95153531432,688.402484923601,3466.20051240921,0.929565668106079,16.3388919532299,78.2340250313282,5618.73339635134,1234.18331795931,13451.307061255,8550.79165425897,5342.50364381075,2311.04930713773,117.377851903439,347.254648447037,34.2000300884247,1307.61301881075,284.196544528008,471.805662930012,598.958111405373,15.2126846015453,4.51903414726257,1.55305850505829,0.79629647731781,17.8604077994823,1839.74681711197,0,0.997039914131165,0,122.404653012753,1.29396250844002,4.57611069083214,0.334371984004974,0.597241282463074,0,29.9617232382298,6.89394444227219,1.60333168506622,193.307738035917,802.866651415825,2.73493084311485,289.185840398073,0,57.6588129103184,76.7322295308113,386.777568161488,95.6831775307655,1.02893853187561,3423.44442683458,14274.1095379293,86.1217153966427,5.97961127758026,22.3609944581985,1.41060936450958,0,1.78776443004608,592.796371281147,725.566070705652
1.5990571975708,0.86558336019516,0.95646470785141,0,88.1760666668415,324.58803832531,248.005496442318,332.234292119741,5725.98923423886,9948.70606219769,31.7287905812263,1618.94197571278,1.58312344551086,292.373750001192,217.379675507545,0,0.808932423591614,7.75171518325806,2.41152036190033,37220.9091807306,2.21530809998512,3.91478633880615,0,11955.1028299928,1.29041647911072,3.55726832151413,3.92191511392593,3819.69802093506,264.689405411482,8.25120997428894,0,64.591774970293,12.1623250842094,214.233623743057,80.5268970429897,1058.84012281895,10.7424512803555,131.29941701889,37.3589485287666,834.069246441126,55.1328392028809,27.8214109838009,269.432676821947,0.727197349071503,159.9923838377,21.6735036969185,852.107220560312,15.5180378556252,1.24068474769592,1.03896209597588,0,0,2166.57207161188,102.553250163794,104.66825056076,160.683703750372,372.275694549084,1870.64213880897,643.535016030073,1.02486824989319,887.773996412754,43.1719396114349,165.638069868088,623.754329681396,1.09378308057785,0,0,0,1235.19714725018,0,1.58371913433075,0,4845.28092974424,0,0.493466943502426,0.302567988634109,2768.0808172822,103.151911914349,0.446950316429138,0,14.8322016894817,0,127.032297879457,11.7548153400421
0,50.4299588501453,2.69571608304977,88.1760666668415,0,1439.46479198337,59.6891088485718,67.5653072297573,753.255215883255,228.215332269669,5.45783478021622,1546.69584849477,1.46868807077408,8.46494063735008,5094.61240395904,3.17669194936752,1.67480689287186,2.31031084060669,0,137.592925518751,24.0962865948677,55.8891939222813,56.5770992040634,557.142009228468,22.8432409465313,0,63.6353293061256,73.6748894751072,31.0134713053703,8.30714988708496,0,642.831416070461,0,4111.24362507463,825.85468429327,1063.6246933639,16.1946384310722,30.5415744185448,81.6479584574699,8719.57203641534,10201.2019332647,59.1219075322151,41.5477232038975,0,8.11483094096184,10.9500306844711,222.688713371754,0,1.85777342319489,0,0,0,105.073125094175,17.7896484732628,6.11692142486572,8.33060961961746,17.4738498926163,164.039297223091,29.6138439774513,1.08593022823334,145.236306875944,28.2175589203835,6.97652572393417,133.098370283842,0.916314840316772,0,0,0,67.2264058887959,0,0,1.56531181931496,251.89204069972,0,0,4.30919414758682,141.422437340021,7.84895232319832,0.764290571212769,0,0.798548817634583,0,6.63437080383301,752.458432286978
40.0029239952564,11.1925469040871,73.7763925492764,324.58803832531,1439.46479198337,0,6758.88910090923,19774.4647770226,413.548745959997,31127.7317885906,108.966428220272,18309.0366156548,6.67244738340378,1721.46408346295,5033.22856923938,5.35613071918488,70.0389234423637,30.6144827902317,12.5914808511734,1535.26340591908,62.1339248716831,11.6181381046772,71.394683778286,533.849616765976,5.09746992588043,46.515464425087,42.6612939834595,2150.18319648504,804.28771969676,264.4485463202,7.50594288110733,664.510934174061,43.128287166357,818.30183750391,430.316389590502,5900.09531143308,129.150453329086,419.954000204802,458.537662923336,13730.5472653806,2157.61393776536,549.580628365278,199.035972297192,0.869839608669281,121.782267957926,40.6406393051147,277.561677932739,13.3853359818459,1.58593034744263,0,0,0,157.368125587702,17.5894800126553,23.9301400780678,45.1452530026436,90.6474559903145,297.526741474867,55.9952586591244,2.55814120173454,293.656672954559,286.456974565983,55.3695614933968,129.253913491964,3.72794118523598,0,0,0,127.091095179319,1.63599479198456,2.33964586257935,0.434543371200562,1490.98430046439,0,1.4985659122467,1.94831228256226,663.482975631952,33.2007092833519,4.56803792715073,0,1.95508772134781,0,57.708160251379,30.9979740977287
4503.93775159121,4.26547804474831,7685.53358015418,248.005496442318,59.6891088485718,6758.88910090923,0,20244.3166012466,679.498820543289,31810.989744246,542.217063158751,413.850834220648,16.0785002112389,37101.3358169496,493.490716606379,37.7414432168007,2061.28862696886,208.701569467783,212.031972587109,317.769152790308,8876.10319179296,2.1923343539238,4734.81487691402,2446.72427749634,1.02911257743835,859.98802959919,1690.62059789896,69337.3736633658,12923.8397507071,12955.1686092913,27.8866671919823,574.385767072439,2725.73956313729,5677.76483395696,2431.14127162099,10089.4637005925,778.348755031824,7453.87506219745,1316.51153659821,1510.10188362002,668.85367923975,250.394206672907,556.630989015102,9.79933446645737,234.836078435183,78.1219939887524,243.763029515743,30.683452963829,2.97950595617294,2.98107504844666,0,33.5693418383598,231.71629050374,12.1327111721039,21.709016084671,109.069784700871,175.115072488785,227.208395779133,123.593136966228,4.43302902579308,129.449460059404,206.599750220776,139.038606524467,72.4033521711826,91.9720731675625,9.78257974982262,0,1.07031501829624,157.473009377718,27.5600048005581,20.17472666502,63.0098266601562,2738.66036728024,0,24.8729324638844,202.009262233973,1608.46310213208,134.101485908031,74.2370353341103,0,12.5805579125881,0.514283835887909,157.630007773638,186.622323185205
1239.97602242231,2.31670182943344,1361.51625275612,332.234292119741,67.5653072297573,19774.4647770226,20244.3166012466,0,536.960823863745,19046.9431168735,206.593851238489,5344.0501101613,19.9356485009193,18003.611230284,157.405720323324,12.4416319727898,2086.84280955791,61.7388540804386,190.818261027336,1464.95597201586,425.022792756557,7.33805805444717,1224.50449034572,1082.70482742786,2.16730466485023,685.775261670351,486.975521102548,3217.29005695879,3664.83325961232,5767.11753123999,10.2593097388744,1050.09229141474,126.444460868835,1245.43809267879,313.739817857742,4971.75425937772,309.963745266199,870.579560220242,521.024700552225,6075.29138299823,362.771884590387,600.550317317247,387.548457205296,6.11116290092468,218.263837754726,62.026788264513,273.201065659523,32.429560571909,4.52750641107559,3.53597807884216,1.211709856987,2.52473559975624,155.368156552315,14.3430867791176,19.6859924197197,97.5150665938854,93.7145245373249,628.149172186852,98.1493983268738,2.55353167653084,251.013372570276,350.196942359209,86.7672674357891,90.1442020833492,11.2077674567699,0,0,0,139.544659018517,8.99642759561539,14.3463888168335,3.65090572834015,3400.67652407289,0,0.280897468328476,15.6024607121944,1445.89556500316,69.354992300272,26.314249008894,0.490959525108337,15.2673314809799,0.325531661510468,123.776046097279,24.7669868469238
3.00784656405449,4692.73746645451,2.09949538111687,5725.98923423886,753.255215883255,413.548745959997,679.498820543289,536.960823863745,0,1865.15318849683,55.3114601373672,1609.74839425087,94.3277640342712,333.55107203126,1303.43842795491,53.6515092849731,1.67687213420868,10.2835392355919,5.08515384793282,1354.99619588256,22.2985264658928,7503.82536074519,17.3004207015038,45100.2747346759,2390.13528108597,12.368220448494,2841.46134352684,8205.66608607769,306.101021975279,64.9143300950527,1.34824329614639,64.1326304972172,39.072002530098,264.403068929911,89.2268663346767,705.104531407356,30.6838268041611,180.58539173007,31.2411403357983,2644.47978499532,33.8181093335152,38.3603339493275,770.515136361122,11.9508763551712,372.028162896633,103.821662575006,244.844030797482,40.6564328074455,0.532520473003387,6.8488127887249,8.11283269524574,4.38412463665009,516.329881072044,16.1724452376366,55.0759584903717,273.702875882387,317.35521247983,6173.28869599104,254.101341217756,23.5003812015057,190.095361799002,74.4201405346394,291.944339960814,90.244416564703,930.012143462896,8.04671102762222,4.78051489591599,6.57972067594528,255.654711663723,246.108292400837,1144.66968521476,151.732859611511,12557.9362348616,3.97424572706223,20.885611474514,126.866135805845,3743.2146948576,320.467807561159,221.276789784431,5.86269384622574,49.6350634694099,1.79022857546806,316.025275111198,136.1965944767
50.239695250988,0.622169077396393,67.844708532095,9948.70606219769,228.215332269669,31127.7317885906,31810.989744246,19046.9431168735,1865.15318849683,0,889.420604974031,20507.5149117112,30.7346356213093,13146.035328716,530.60138553381,5.01867473125458,32.0712247788906,313.881902575493,130.517118036747,22747.0594615638,56.1905417144299,2.6982849240303,54.4083890914917,1831.01976585388,3.16725087165833,273.056268244982,39.6017082631588,7825.78446933627,5923.3715313822,232.05422732234,38.6365095078945,1318.95780903101,116.337083548307,5439.74237304926,669.643780231476,9756.34423840046,324.553138107061,1897.0027821064,468.3374119699,3826.77004501224,712.160508781672,341.954273700714,284.814070135355,1.65951085090637,182.064796209335,33.9342601895332,738.99929150939,22.0504717826843,0,0.619501411914825,0.999132096767426,0,1057.39133307338,60.2500753700733,69.2755212187767,146.73109126091,224.629865914583,916.882801681757,350.762245714664,2.96552047133446,724.131823867559,188.670806378126,111.614422023296,441.816518694162,0.817456543445587,0,0,0,582.90331235528,0,0.611344814300537,0.57770174741745,4239.63510838151,0,0,2.47892320156097,2215.7902341187,46.1105222404003,1.57892537117004,0,0.626557946205139,0,94.491902410984,53.684297144413
3.0890751183033,187.012980282307,100.145690113306,31.7287905812263,5.45783478021622,108.966428220272,542.217063158751,206.593851238489,55.3114601373672,889.420604974031,0,293.61175686121,4173.87243258953,323.011183351278,7.51967850327492,0,535.863844245672,10775.2964383662,1978.35331684351,154.30593508482,33.5048831999302,35.9128227829933,94.3501841425896,75.4111290276051,1223.87784534693,6643.79840099812,335.152629286051,297.391121298075,727.054387509823,48.0712760388851,1549.6826364696,292.070392876863,10.21911033988,13799.2360751033,119.089202821255,993.978238135576,8242.13740858436,12501.80501616,1006.91556432843,139.902008205652,36.0045292973518,3445.52625659108,18.7004687190056,14.1558719277382,194.772878825665,12.6201032698154,5.09261497855186,0,124.625435531139,0,25.3426755964756,0,0,0,1.39020383358002,3.11658069491386,0,46.2497901320457,0,5864.02178257704,8.07917124032974,4509.00604772568,1.2888560295105,3.389404296875,2.15667614340782,2.04643771052361,146.66054224968,2.49269077181816,0.838558495044708,0,15.0756344795227,1.47788822650909,64.3675180375576,295.435703635216,902.133661657572,569.637604862452,12.3663355410099,12.9651825726032,0,1593.73450762033,1.61503785848618,0,157.380203098059,26.3909892439842
11.4490374922752,1.5969512462616,0.406306564807892,1618.94197571278,1546.69584849477,18309.0366156548,413.850834220648,5344.0501101613,1609.74839425087,20507.5149117112,293.61175686121,0,14.2513402402401,3667.55761574209,5348.81036281586,1.58695304393768,3.81047621369362,94.6540489494801,23.9851225614548,18980.8781319559,3.85450482368469,2.40907919406891,11.7905977666378,317.673151433468,0,74.9679638743401,4.67366737127304,682.247621625662,2052.82345694304,58.9269111156464,17.1549093723297,720.772369876504,1.33829143643379,1507.87799939513,128.340126156807,2361.06634584069,95.2595643997192,278.68502625823,117.656249195337,8124.65140685439,87.0659317672253,86.5991797149181,190.417345076799,0.664550125598907,49.131457388401,17.9756836891174,1259.64946198463,2.92036247253418,1.8078995347023,0.410830825567245,0,0,931.698964267969,149.242493778467,251.088572829962,43.7743126153946,358.698540478945,1363.11057031155,427.087412983179,1.77194607257843,3036.50620493293,84.54308411479,150.525373160839,894.80710631609,0,0,1.31764382123947,0.435000717639923,1069.10824763775,0.521151185035706,5.25832664966583,0,1652.60974961519,0,0,0,1005.15253531933,60.089683175087,2.85547530651093,0.37960097193718,18.7747062444687,0,61.6111009716988,19.6696240901947
0,1718.5452042222,3.4738804101944,1.58312344551086,1.46868807077408,6.67244738340378,16.0785002112389,19.9356485009193,94.3277640342712,30.7346356213093,4173.87243258953,14.2513402402401,0,22.1194731295109,0.450573861598969,2.1194344162941,1.3883159160614,10.7018204927444,1.20624974370003,2.07990017533302,0.776661694049835,379.05658853054,0,36.2737644612789,15796.3176440001,523.786206901073,6146.27281698585,14.3474967479706,27.9419379234314,1.54038959741592,5600.74705186486,16.4139540791512,0,1080.09823471308,6.55405497550964,85.5908266305923,1056.54022479057,1752.03164064884,40.3859830498695,8.56329798698425,4.2222386598587,5153.71915322542,12.9376217126846,29.9361889362335,222.629958093166,11.2169213294983,0,0,157.321634173393,0,51.8232923150063,0,0,0,0,0,0,16.480369746685,1.43281102180481,8715.15733605623,2.05609917640686,8092.96370404959,7.14210444688797,0,0,0,155.333761781454,1.28733271360397,0,0,27.964093208313,0,8.86973974108696,1163.57044041157,1849.17160308361,1761.17630746961,0.376812249422073,13.8324151039124,0,2710.33808922768,4.49142587184906,0,183.463566541672,1.69571179151535
11398.940728277,4.28125900030136,1829.24824464321,292.373750001192,8.46494063735008,1721.46408346295,37101.3358169496,18003.611230284,333.55107203126,13146.035328716,323.011183351278,3667.55761574209,22.1194731295109,0,69.002799898386,11.0801481604576,4791.0043014586,93.6443813443184,367.839484602213,1225.98877839744,528.94729244709,4.07725033164024,2473.84955397248,945.077608242631,1.47661250829697,1109.42673569918,733.719041883945,3601.52631902695,21014.5806153715,13683.1037450433,20.285265237093,1286.69818657637,160.953935235739,1737.34719178081,220.930364757776,2751.29958973825,348.479997992516,1084.26557183266,360.314875423908,849.144718140364,107.710187315941,278.820693522692,236.169103980064,0,142.365049391985,40.3946418464184,172.348163992167,15.4077284932137,3.26523280143738,2.95086979866028,0.591312348842621,6.13208764791489,31.8267171680927,4.1305405497551,4.55752971768379,74.3116036355495,15.1792450547218,302.094945997,13.0776906609535,4.18293759226799,87.4570841491222,155.083919942379,21.3412379026413,48.7265720963478,36.9463175833225,0,0,0,60.9589357972145,23.7004109323025,6.99540677666664,6.49546647071838,2081.43637655675,0.459151059389114,2.59468737244606,20.9704965054989,923.671133935452,30.9303063452244,36.4260801672935,0.37321400642395,1.10368311405182,0.617978930473328,53.6891639530659,16.3099405765533
3.53929910063744,89.506245881319,23.5874829888344,217.379675507545,5094.61240395904,5033.22856923938,493.490716606379,157.405720323324,1303.43842795491,530.60138553381,7.51967850327492,5348.81036281586,0.450573861598969,69.002799898386,0,65.8284902572632,11.0546364784241,1.66075277328491,5.36615389585495,466.170151770115,594.848026365042,91.7059391140938,659.215878427029,978.429580211639,37.3155024051666,13.9201918840408,137.832925647497,846.89586430788,70.6241308450699,412.891400724649,1.10863757133484,174.490727066994,6.54353374242783,57.8555913567543,1349.5451836586,527.978510648012,91.3760907053947,89.9109588265419,32.797718167305,3756.3751527369,53.3037990927696,19.7644859552383,101.138176351786,10.7961149215698,25.1931539177895,96.0155042409897,430.346809893847,2.56551241874695,0,0,0.743039786815643,7.59105056524277,296.476538151503,52.5830317139626,40.674196511507,21.9763096868992,43.7579727768898,396.084969371557,78.9131180346012,0,347.810852169991,36.8238255381584,24.7422812283039,279.638026475906,9.92100670933723,0,0,4.68084073066711,185.497061222792,5.50998297333717,2.94624131917953,21.51155179739,542.898847877979,1.64245080947876,5.08165514469147,46.1843684613705,372.340780854225,21.8540386557579,10.2687332630157,0,1.2483566403389,0,14.6847127377987,2962.41234642267
4.03496366739273,129.62305778265,131.376826703548,0,3.17669194936752,5.35613071918488,37.7414432168007,12.4416319727898,53.6515092849731,5.01867473125458,0,1.58695304393768,2.1194344162941,11.0801481604576,65.8284902572632,0,90.7356918156147,0.759184062480927,37.833400785923,0,6999.01631110907,7055.69352045655,5581.71518135071,1531.64508506656,12.9749579131603,42.425768584013,11044.3283438087,2511.82615867257,143.869844704866,383.970940440893,0,4.97903472185135,140.48860514164,425.607469528913,698.902566283941,6014.15819051862,1234.29229018092,1209.70351707935,545.549318730831,27.2358540296555,34.3542784452438,21.5540094077587,1262.91384249926,169.488394975662,224.334364950657,401.625337660313,23.2152927219868,8.75900122523308,2.04190665483475,0.959923386573792,21.8450265526772,275.383853048086,0.942922234535217,0.49505603313446,0,51.6130653321743,2.82096636295319,33.7408368885517,0,0.918391704559326,0.695999145507812,15.2920758724213,10.9384351074696,16.2228247523308,15192.5060488284,18.5602333247662,0,11.8717882335186,0,1798.91380360723,3664.079895854,8223.32651233673,1078.64362117648,1.48947966098785,66.8300824165344,5076.36925858259,666.485665380955,22.1109426915646,125.264919400215,0,0,1.90876269340515,122.907190710306,203.395617395639
936.561363309622,13.898795992136,32942.4414602518,0.808932423591614,1.67480689287186,70.0389234423637,2061.28862696886,2086.84280955791,1.67687213420868,32.0712247788906,535.863844245672,3.81047621369362,1.3883159160614,4791.0043014586,11.0546364784241,90.7356918156147,0,723.973789215088,5452.48946177959,2.68440094590187,2253.1799261868,5.92007914185524,11978.9809975922,77.8238427639008,2.36645412445068,8572.93991783261,15621.6057137549,567.87830466032,4844.69458442926,6828.39700424671,0,20.5054655969143,470.280968874693,5007.91771411896,227.132613420486,2739.45140311122,4311.1283248961,3213.16510903835,944.310219794512,31.631816804409,63.2124193012714,10.7526825666428,164.671895772219,39.1048125624657,38.3313346803188,83.472127944231,7.6222750544548,0.614752173423767,0,0,4.08939185738564,63.4842607676983,0,0,0,4.21524459123611,0,1.8305829167366,0,6.87796518206596,0,5.17050492763519,0,0,52.7670881748199,115.254276841879,4.01481318473816,172.821134388447,0,12.116617500782,10.1542343497276,37.2374878525734,38.2825255990028,0.610323190689087,1355.97489631176,2143.41796627641,36.7498574256897,1.87498533725739,4.24187904596329,5.42442229390144,0,0,61.3530677855015,103.800673723221
0.88055232167244,0,112.887455582619,7.75171518325806,2.31031084060669,30.6144827902317,208.701569467783,61.7388540804386,10.2835392355919,313.881902575493,10775.2964383662,94.6540489494801,10.7018204927444,93.6443813443184,1.66075277328491,0.759184062480927,723.973789215088,0,2454.98716413975,50.6319458186626,23.8095772862434,0,72.5939938426018,33.1161647737026,11.7342218160629,1733.15938863158,178.333563148975,103.829940706491,205.744106054306,34.2289426624775,13.6958047151566,68.6648170948029,4.15488889813423,2425.05335408449,104.320859730244,835.216968357563,5616.80199503899,7066.15514528751,1221.00454840064,38.5949148535728,11.4802800416946,33.4982870817184,4.63096663355827,6.37223261594772,5.98997119069099,4.63134294748306,0,0,1.02011641860008,0,0,0,0,0,0,0,0,8.50241231918335,0,329.544507265091,1.39045244455338,119.258957624435,0,0,0.39321768283844,0.55601167678833,110.930319935083,9.51097422838211,0,0,0,0.471315622329712,2.9880765080452,14.7232140898705,682.331359446049,391.573750823736,0,0.561981201171875,0,263.653983950615,1.23764777183533,0,5.4569893181324,42.4052310585976
47.4150897860527,1.14700388908386,1243.91287386417,2.41152036190033,0,12.5914808511734,212.031972587109,190.818261027336,5.08515384793282,130.517118036747,1978.35331684351,23.9851225614548,1.20624974370003,367.839484602213,5.36615389585495,37.833400785923,5452.48946177959,2454.98716413975,0,25.9806453883648,358.371537864208,0.526696026325226,1525.29797929525,17.3808566331863,0,1915.1221140027,1867.63027557731,115.23117634654,507.581967204809,230.528586089611,0.520436704158783,13.4853729009628,85.5530844032764,5232.12845987082,328.566341638565,3201.25849479437,4400.06352686882,8568.7792724967,2180.81734409928,17.4022522866726,39.8613610267639,6.00930452346802,25.1983721256256,5.68074068427086,5.22888371348381,16.9713732302189,0.639250576496124,2.23799407482147,1.36723351478577,0,0,10.2514743208885,0,0,0,1.89375525712967,0,0.894581973552704,0,37.2315717339516,0,14.0972251296043,0,0,11.8805783987045,5.40489137172699,23.3759297132492,21.4544098973274,0,2.21458452939987,0.663589537143707,8.78120487928391,3.05245852470398,1.25259166955948,530.860813885927,726.134616672993,0.328836917877197,0,0,26.1728330850601,0,0,8.53481179475784,183.133073329926
7.1109291613102,0.988385885953903,2.20829325914383,37220.9091807306,137.592925518751,1535.26340591908,317.769152790308,1464.95597201586,1354.99619588256,22747.0594615638,154.30593508482,18980.8781319559,2.07990017533302,1225.98877839744,466.170151770115,0,2.68440094590187,50.6319458186626,25.9806453883648,0,6.78709769248962,1.19018995761871,6.80225449800491,1882.93996489048,1.66903710365295,39.0319637954235,8.97281432151794,2620.71617525816,908.542192131281,48.6689622998238,6.41798323392868,249.706697180867,9.75085952877998,794.888762652874,137.305957794189,2154.36413571239,50.9547911584377,291.057877153158,77.6985107958317,1384.21403777599,123.433727622032,77.0772097408772,200.942382395267,0,103.643993496895,21.7059360146523,566.73293748498,10.192439109087,1.55010443925858,0,0,0,890.699486106634,73.8512310683727,57.5122096836567,89.3026528656483,216.317524760962,797.21669113636,321.398002207279,0.545287907123566,719.559081852436,75.7074690759182,116.548222064972,388.015072822571,0.473188817501068,0,0,0,633.49647796154,0,0.881168961524963,0.543367981910706,2905.21119338274,0,0,0,1654.43857902288,70.226054161787,2.68966066837311,0,6.68199521303177,0.67915153503418,107.303314685822,10.2083062529564
41.9216107428074,12.4190299212933,9175.83715781569,2.21530809998512,24.0962865948677,62.1339248716831,8876.10319179296,425.022792756557,22.2985264658928,56.1905417144299,33.5048831999302,3.85450482368469,0.776661694049835,528.94729244709,594.848026365042,6999.01631110907,2253.1799261868,23.8095772862434,358.371537864208,6.78709769248962,0,317.853736668825,51085.2857182622,438.52208584547,1.83423495292664,572.801506191492,4953.85008251667,12583.0710824728,757.193105220795,26569.9854497612,0,35.022023409605,370.961253583431,16713.4891805053,3675.41020360589,19344.9211235344,2389.04054132104,16219.0246243775,4498.86067968607,230.562583506107,340.310057342052,163.123873353004,478.457867771387,45.6502649784088,90.48811429739,111.846956342459,70.9950034022331,7.53582096099854,2.72324085235596,9.41840115189552,2.18295586109161,125.328866422176,1.36808633804321,0.568768620491028,3.24393981695175,93.7245379090309,14.8968378901482,19.9250487983227,1.18034541606903,0,3.87072601914406,91.6743413209915,32.8518000543118,6.19033151865005,2510.55683979392,31.4415969252586,0,11.5265516340733,1.16286873817444,1289.72397038341,315.145718187094,1382.23024395108,926.823647975922,0.942638218402863,49.5171660780907,962.273165047169,867.661716073751,86.2651557028294,246.016191363335,0,6.46107870340347,6.28883075714111,63.7866619825363,393.215166181326
0,6982.93612131476,26.4165589511395,3.91478633880615,55.8891939222813,11.6181381046772,2.1923343539238,7.33805805444717,7503.82536074519,2.6982849240303,35.9128227829933,2.40907919406891,379.05658853054,4.07725033164024,91.7059391140938,7055.69352045655,5.92007914185524,0,0.526696026325226,1.19018995761871,317.853736668825,0,521.583793908358,14810.3383361995,3089.94091895223,9.61797055602074,12780.0103009641,1836.44391435385,5.56243994832039,6.3295316696167,13.6083282828331,3.72346684336662,4.52769941091537,16.0501501262188,11.4475094676018,75.4752433896065,17.8529815673828,23.4625688195229,5.79018235206604,183.358568668365,0,84.2023140788078,332.839083701372,58.4160970449448,103.138766676188,123.528756350279,15.027917444706,5.15026521682739,3.6623363494873,0.856367588043213,333.123816370964,80.8487100601196,1.64125978946686,0,0,16.8738695681095,1.07104158401489,46.3440757393837,0,86.2592471241951,0,56.9911427497864,3.95676237344742,3.81298917531967,2800.89693248272,12.8167580068111,1.12878894805908,9.09968656301498,1.16848826408386,269.343756258488,2927.32980713248,800.368434250355,565.146501064301,15.8987392187119,56.988087028265,6802.28108134866,149.129597038031,6.27524614334106,28.0808085203171,32.8612213730812,0,0,48.1669715046883,44.9794465601444
462.548307657242,29.9303284585476,52855.7221306562,0,56.5770992040634,71.394683778286,4734.81487691402,1224.50449034572,17.3004207015038,54.4083890914917,94.3501841425896,11.7905977666378,0,2473.84955397248,659.215878427029,5581.71518135071,11978.9809975922,72.5939938426018,1525.29797929525,6.80225449800491,51085.2857182622,521.583793908358,0,428.693426162004,0.532820880413055,3448.16070079803,49515.4824305475,6549.47795593739,2852.94192183018,19576.7130913436,1.24296456575394,36.681188583374,450.056136727333,21884.4691209197,7077.08867317438,47918.6318274438,17461.8986884356,25692.3173550069,9227.48708727956,720.116094499826,1210.03050023317,272.975473254919,1712.72038543224,203.433753997087,413.66424742341,655.826382428408,32.0865104794502,11.1045197248459,5.18028128147125,1.14283764362335,16.1845365762711,1429.37539020181,0,0,0,54.5571526587009,3.52568274736404,20.7477767169476,1.79958152770996,0,0,38.8662506043911,5.97415670752525,10.9690072536469,11881.2357408702,50.1347731351852,0,25.574485629797,0,1133.77667212486,1263.66162770987,11132.9980717003,818.507356315851,4.64506587386131,199.500124543905,10191.2440306246,498.69352850318,10.6053676009178,63.0593507885933,1.19995474815369,1.63342392444611,0.936561822891235,226.055731058121,1552.878241539
44.1961268484592,3376.4944575429,120.391400247812,11955.1028299928,557.142009228468,533.849616765976,2446.72427749634,1082.70482742786,45100.2747346759,1831.01976585388,75.4111290276051,317.673151433468,36.2737644612789,945.077608242631,978.429580211639,1531.64508506656,77.8238427639008,33.1161647737026,17.3808566331863,1882.93996489048,438.52208584547,14810.3383361995,428.693426162004,0,1116.83961883187,48.9842623472214,4221.61810791492,19403.4481672049,1756.51758721471,1210.05667674541,7.5605543255806,155.981004059315,502.083690047264,995.089407801628,597.73663470149,4588.40846669674,348.972195625305,1239.6095084548,387.058070927858,2795.20247045159,149.637658834457,158.436547607183,4265.30979463458,94.697831183672,1866.5347687304,492.293343305588,1602.33977004886,258.331100553274,9.30851766467094,78.7618775963783,50.2133979797363,53.1832096278667,1645.93530139327,94.8526345789433,201.617186456919,1076.82279753685,1477.31237468123,6155.25201672316,744.284831792116,21.5410141944885,832.669806569815,534.331869274378,1583.34137675166,504.653998076916,4744.37124851346,67.0142354369164,1.9045495390892,35.7416608333588,913.32325810194,2329.88281911612,2287.04764795303,1239.0365396142,33342.6169456244,11.8931179940701,45.119013428688,652.799322754145,14832.7834995091,1516.91527786851,1428.41175475717,0,197.777545541525,28.313451051712,1260.25175267458,399.581272006035
0.444628238677979,6378.82201862335,0,1.29041647911072,22.8432409465313,5.09746992588043,1.02911257743835,2.16730466485023,2390.13528108597,3.16725087165833,1223.87784534693,0,15796.3176440001,1.47661250829697,37.3155024051666,12.9749579131603,2.36645412445068,11.7342218160629,0,1.66903710365295,1.83423495292664,3089.94091895223,0.532820880413055,1116.83961883187,0,1837.33698627353,14767.507802099,92.158744841814,3.7320910692215,1.58128696680069,3557.84760731459,0.839623183012009,0,64.7910587191582,0,9.23339492082596,70.2172566056252,54.4483282864094,5.83825552463531,99.3671490848064,0,1893.46283769608,28.4627896249294,50.2141388654709,74.6641626954079,11.5809838175774,0,0,25.610454082489,0,100.855052709579,0,0,0,0,0,0,45.2414097487926,0.972752094268799,2522.9206148684,0,5514.26066511869,7.42918962240219,0,5.57850939035416,1.15091001987457,36.3387505114079,2.42177176475525,0,1.33311200141907,67.7110162675381,0,26.0847075879574,11645.3493123055,1410.6282773912,4559.16295424104,2.11405989527702,4.25895434617996,0,2580.36460617185,0,0,68.557866871357,0
134.550889015198,63.1901735663414,15417.4795357883,3.55726832151413,0,46.515464425087,859.98802959919,685.775261670351,12.368220448494,273.056268244982,6643.79840099812,74.9679638743401,523.786206901073,1109.42673569918,13.9201918840408,42.425768584013,8572.93991783261,1733.15938863158,1915.1221140027,39.0319637954235,572.801506191492,9.61797055602074,3448.16070079803,48.9842623472214,1837.33698627353,0,21852.6016932428,286.836823046207,858.353993207216,529.115778535604,2335.60218966007,84.6100345849991,73.6555232107639,4498.03354215622,1268.16560557485,14588.550542742,20862.9109357595,10260.3913084269,4281.55691054463,93.7647599875927,166.082333832979,156.947660386562,426.564023643732,245.601906299591,172.107334971428,226.076734691858,1.20116865634918,1.695716381073,9.18641296029091,0,94.0813212096691,70.8649583756924,0,0,0,7.23583701252937,0,31.4863784313202,0,4538.50592187047,2.43976363539696,3434.24307283759,1.536875218153,1.23751986026764,26.0207864046097,207.176819741726,2570.82257032394,887.904103070498,0.646191358566284,4.67808482050896,50.2758183777332,28.8847712278366,92.4962641596794,1289.83271634579,24271.831025824,33698.0030289888,6.64403884112835,9.23377853631973,1.68282067775726,5367.37083694339,1.45682966709137,0,235.409020572901,643.065438747406
91.3390418589115,14693.9473374784,58992.2587103844,3.92191511392593,63.6353293061256,42.6612939834595,1690.62059789896,486.975521102548,2841.46134352684,39.6017082631588,335.152629286051,4.67366737127304,6146.27281698585,733.719041883945,137.832925647497,11044.3283438087,15621.6057137549,178.333563148975,1867.63027557731,8.97281432151794,4953.85008251667,12780.0103009641,49515.4824305475,4221.61810791492,14767.507802099,21852.6016932428,0,6374.40454640985,437.098100364208,1090.25798082352,4185.41649651527,22.7128777205944,54.4908945560455,9754.21462520957,3494.58601161838,36937.5567466915,16133.4738413393,12121.6101698577,5421.54697197676,477.123514175415,822.440572172403,160.089411169291,8031.8983258307,1580.24544596672,2515.47321328521,3717.27871450782,61.7033976018429,16.2195253074169,25.3067614734173,0.317828595638275,4006.16266748309,8427.78889286518,0,1.08619755506516,1.07049775123596,434.932083129883,3.16978004574776,143.071135669947,0.293138980865479,1794.33079504967,1.76354330778122,2648.3747741878,22.850733935833,21.4284182488918,7770.29970654845,3401.50057816505,1761.4133207202,2340.72360008955,0,334.062577098608,3846.24947631359,7448.75260838866,854.169768601656,5794.4801466167,35999.5939524472,199031.001783341,405.279431551695,16.6017955541611,50.6682302057743,3188.04174679518,1.4196954369545,0,2914.00889623165,1871.74802947044
218.610809057951,297.15380063653,2307.95153531432,3819.69802093506,73.6748894751072,2150.18319648504,69337.3736633658,3217.29005695879,8205.66608607769,7825.78446933627,297.391121298075,682.247621625662,14.3474967479706,3601.52631902695,846.89586430788,2511.82615867257,567.87830466032,103.829940706491,115.23117634654,2620.71617525816,12583.0710824728,1836.44391435385,6549.47795593739,19403.4481672049,92.158744841814,286.836823046207,6374.40454640985,0,6738.29159453511,41685.6540262401,11.2301423847675,433.556392252445,2239.13301903009,6122.5379627347,4069.28759241104,21371.2231394351,1806.35923177004,9961.49285566807,2797.87725958228,2273.21410021186,650.238357782364,509.664251476526,4551.79045322537,130.861561685801,1980.23813995719,630.768036812544,2018.69516855478,218.971700847149,26.0886451601982,122.945616036654,34.8391991257668,171.644209951162,1611.75194397569,98.8996289074421,199.386625349522,1341.92625692487,1279.91035655141,3362.31876003742,819.248653203249,3.60700327157974,948.775108277798,1165.78767570853,1363.47935771942,590.67119294405,4759.20388066769,132.393381893635,1.03454631567001,49.5323883891106,1049.03198471665,3601.87947025895,1374.89004221559,1749.26747065783,26709.2473377287,2.69685617089272,108.198201075196,1389.74792003632,13520.278044492,1609.74420592189,2817.75526848435,0,141.765754133463,73.1038881242275,1236.4922735095,534.453616827726
7538.14693704247,4.90300321578979,688.402484923601,264.689405411482,31.0134713053703,804.28771969676,12923.8397507071,3664.83325961232,306.101021975279,5923.3715313822,727.054387509823,2052.82345694304,27.9419379234314,21014.5806153715,70.6241308450699,143.869844704866,4844.69458442926,205.744106054306,507.581967204809,908.542192131281,757.193105220795,5.56243994832039,2852.94192183018,1756.51758721471,3.7320910692215,858.353993207216,437.098100364208,6738.29159453511,0,15590.6751521826,43.9171306788921,953.405617028475,7621.62560790777,5558.99284875393,355.186569482088,3430.49265989661,420.891311317682,1782.81880494952,513.384878516197,708.131171733141,224.283836722374,506.560211122036,371.130055516958,5.81643486022949,170.434576004744,64.1561988592148,226.096026778221,19.9955778717995,2.89224821329117,2.98542475700378,1.61564689874649,7.35569667816162,38.8091367781162,4.86939460039139,5.01973176002502,92.0849779248238,24.990720897913,288.841865569353,29.4766075611115,9.40009942650795,77.1980358362198,238.706112027168,37.6565021276474,47.3156867325306,125.034620374441,3.80300277471542,0,2.21912866830826,44.4978862702847,83.2844467461109,12.1024314761162,18.9731147289276,2262.10945388675,0,4.93941730260849,28.4744426608086,1210.77934187651,57.9837893247604,108.133500397205,0.606985807418823,12.6476817727089,5.24397823214531,79.3751536607742,41.5805917680264
3836.43220707774,4.4213005900383,3466.20051240921,8.25120997428894,8.30714988708496,264.4485463202,12955.1686092913,5767.11753123999,64.9143300950527,232.05422732234,48.0712760388851,58.9269111156464,1.54038959741592,13683.1037450433,412.891400724649,383.970940440893,6828.39700424671,34.2289426624775,230.528586089611,48.6689622998238,26569.9854497612,6.3295316696167,19576.7130913436,1210.05667674541,1.58128696680069,529.115778535604,1090.25798082352,41685.6540262401,15590.6751521826,0,0.971960097551346,86.2721144258976,2189.83279776573,14197.6106203794,1922.90459761024,10152.4615537822,1203.0764990449,9561.98602983356,1595.22087311745,304.308298379183,232.253713190556,152.838821679354,755.915923833847,18.9575664699078,285.445551663637,124.400496900082,323.084076195955,34.8356974124908,4.18364045023918,18.4118004143238,2.22144228219986,24.9975920021534,2.8469934463501,4.68731072545052,3.48615223169327,148.283425152302,42.4914547204971,100.93889221549,4.12774169445038,0.657468199729919,16.1572910547256,286.346688300371,94.841156065464,45.2852731347084,549.244264125824,14.9070399999619,0,4.93433764576912,22.8786153495312,346.178422778845,61.2200840115547,122.61336132884,2247.98995304108,0.436434924602509,16.2729498147964,105.393076211214,1997.50496080518,162.861342996359,335.176421970129,0,24.7007521986961,12.3721744418144,149.597199469805,194.91743299365
0,33.4041506648064,0.929565668106079,0,0,7.50594288110733,27.8866671919823,10.2593097388744,1.34824329614639,38.6365095078945,1549.6826364696,17.1549093723297,5600.74705186486,20.285265237093,1.10863757133484,0,0,13.6958047151566,0.520436704158783,6.41798323392868,0,13.6083282828331,1.24296456575394,7.5605543255806,3557.84760731459,2335.60218966007,4185.41649651527,11.2301423847675,43.9171306788921,0.971960097551346,0,14.4925734698772,0,552.259311616421,18.6019363105297,103.439886569977,962.026402801275,822.457504838705,59.2573201358318,13.0997734963894,5.09050172567368,225.177432358265,17.9372514486313,70.0712792873383,70.2238143384457,16.1389781236649,0,0,8.33521136641502,0,53.221290409565,0,0,0,0,0,0,14.5266190469265,0,4389.95262855291,0,3227.7504068017,2.89377295970917,0,0.527158975601196,0,304.304842829704,8.18888559937477,0,0,45.7820250689983,0.592503786087036,9.48711237311363,844.874844431877,2786.72324579954,2179.80101051927,0,9.57246708869934,0,3547.4130718708,4.86054277420044,0,98.7027016580105,1.28210014104843
