0,0,0.016948712647265,7.96454444150805e-05,8.27869942464353e-05,0.00399856349621365,0.420279896688192,0.181406264535723,0,0.000285676320075727,0.000569405058858693,0.000505187751546764,0.000147592666055763,0.967454991127374,0.000215018219101191,0,0.0443082843129437,0.000610533591979372,0.00874173917430554,0.00020166899747212,0.0038930651848068,0,0.0216559925498924,0.000473817040455771,8.47657335120914e-05,0.0104086846470296,0.00773540711166981,0.0015451967869533,0.340871333334639,0.503463954698821,3.19516614723325e-05,0.00108698451440527,0,0.00537358655527032,0.000677069092959893,0.00517916390529208,0.00195351795099988,0.00245292473629549,0.00233089138450421,0.000405390216931153,0.000362035504816604,0.000185620069958031,0,3.69719100528121e-05,3.71260827368617e-05,0,0,0,0,0,0,0,0,8.42698619477269e-05,0,0,0,0,0,0,0,0,0,0,0,0,0,0,0,0,0,0,9.361468234396e-05,0,3.116050877738e-05,0.000406724157218623,0,0,0,0,0,0,0,4.27781461384773e-05
0,0,0.00297288244585679,0.00282849672867594,0.000953582515427802,0.00132949823539358,0,0.00044041811816957,0.25524584783745,0.00049395143287431,0.0130102391047041,0.00172680789554109,0.14532390714604,0.00152980057748525,0.0120161137535287,0.0251951965275198,0.0014083596587237,0.000751166300516151,0.000178854959324169,0.000208032420062173,0.00177462957587869,0.226608335205634,0.00178726777421237,0.0787216683990895,0.108988858638435,0.00602655527095577,1.4046584159229,0.0040740558032854,0.00151468988600487,0.000168771841562033,0.0140738093423111,0.000262057584512544,0,0.00619289049096894,0.000103809272108507,0.00695536877062247,0.00970084672772735,0.00297900114033203,0.00161884498781083,0.0128049898721836,0.00020575352810452,0.0232117450005133,0.00342943214347454,0.017291383644322,0.00112877941039284,0.00120671605120679,0.000739223091589904,0,0.00116825347005661,0,0.0809313320946315,0.00229722725574963,0.000373424218831754,5.94170820238828e-05,2.97516131779432e-05,6.55095768414736e-05,5.1357699848938e-05,0.00753143859707231,0,0.00169895391346805,0.000101819859896898,0.0146254153107207,8.36836907651903e-05,0.000622319093558979,0.00284082758932066,0.000791668640019199,0.00126780484400693,0.00118577568008564,0.000115614393401182,0,0.00604545701374836,0.000958400703208256,0.00492570556316124,0.00954106381786836,0.0280325340301472,0.397371858548534,0.000806926283595362,0.000112321077748537,0,0.00403210236800415,0,0,0.000116658386806584,0.000135986340059853
0.016948712647265,0.00297288244585679,0,0.00183983789224845,0.000509573153370857,0.0438110516765865,0.219245130033591,0.522928438563455,0.00154152528909675,0.0113659650757439,0.0327174073128724,0.00812805227178925,0.00271308123956993,0.155029729664345,0.00623034770863857,0.00713340143707445,2.02224026351505,0.0319455288082656,0.143457930016845,0.00418510377297926,0.131844255737687,0.0017406700681174,3.80486301639738,0.0115137294988184,0.000494895038747847,2.59967747803929,2.35041082535845,0.170660904472412,0.105202454353155,0.427550630769147,0.00113223155451859,0.00671129885047469,0.00529837912776699,0.1728163730305,0.0550434318562524,0.767816653319469,0.481669792250475,0.170233500186664,0.215073042047218,0.0216764698713162,0.0125769353169387,0.00834489539558957,0.0122876341681198,0.155845182426101,0.00483902295476446,0.0062407836497918,0.00165699401836292,0,0,0.000100916667962933,0.0212366577642634,0.0378533160015745,4.34164096612215e-05,0.00105152671678047,0,0.00117031994191675,0.000258489837567246,0.000827429922572972,6.3344441403842e-05,0,0.000864978447539913,0.00038149299044081,0.000468816580647111,0.000335068404956866,0.00624107769189969,0.0137912888775514,0.000280728335213923,0.00412070329273393,0,0.00128232354512458,0.00337846873979792,0.0106361074497382,0.00452404805002826,0.000405295383869076,0.0730893521986363,0.890262173582634,0.00599657848931575,0.000147492336359787,0.00173733503721769,0.000242635705775762,0,0,0.000398632938611317,0.0267801844282552
7.96454444150805e-05,0.00282849672867594,0.00183983789224845,0,0.00467375388597551,0.0670882837357605,0.0581034193416137,0.0273062940968256,0.606464871307716,0.948725970254114,0.0117767474326944,0.479671334826171,0.00555153558212917,0.0662055304421312,0.0517078169453024,0.000475027852584767,0.000960892408992352,0.0038617008245413,0.00277044424885845,1.80644167714898,0.00159737748482738,0.00893502669486429,0.00294089325334149,0.913831063087025,0.00320418673073869,0.00808222192336986,0.0159019933407695,1.37301211352483,0.0798336875227794,0.00398233338887987,0.000780006549104143,0.0156847757273644,0.00290727388289153,0.0196597882894722,0.0258797127808531,0.120866966082323,0.00643434528132133,0.013062447190096,0.0053412140442793,0.0765773810109291,0.0172495206777177,0.0120876850965351,0.0564959714695931,0.000218173729626334,0.00323210959313091,0.000859738633905193,0.0928677996296344,0.00422975880715865,0.000958290379025796,0,0.000187583057841801,5.33843227816581e-05,0.281970686105084,0.0084810832358862,0.0203131253641583,0.00663048415124122,0.013692601918796,0.0467017776950975,0.0444157589033665,0.000501169007013488,0.0817447790009879,0.000122603453494549,0.00519349514917164,0.0330520015947836,0.00580292327486912,0,0.000230593748742652,4.2600723427105e-05,0.101713238490386,0.00427075709385761,0.131417819381141,0.00286982832137796,0.163274884693871,4.8819669742322e-05,0.00018876497427094,0.00191678891164006,0.231499355462894,0.00649692760809535,0.00508566255459681,0,0.00108371082958797,4.79120110981703e-05,0.0025919291665841,0.00465345926590024
8.27869942464353e-05,0.000953582515427802,0.000509573153370857,0.00467375388597551,0,0.0958258621984309,0.00362075608889278,0.0100385624948653,0.0237695780233849,0.00355214217071661,0.000675508825268102,0.0323321563154321,0.000543327499438691,0.00191980478186046,0.161314093421608,0.000598223327584458,0.000127557199700665,7.49179410839082e-05,0.00026475707907412,0.00232838381389091,0.0058396661570265,0.00419417573699858,0.00919167570284283,0.0168120671938444,0.000631151205473816,0.000447606220474458,0.00517161188177881,0.0101727096358637,0.00101137226237339,0.0034844800132743,3.79208034612656e-05,0.00989555722914895,9.44324017320153e-05,0.00933368904080058,0.103695139148032,0.00721485903115069,0.0010524069456421,0.000889320131713878,0.000931180377806963,0.771451444454635,0.258996936103113,0.00150558505340501,0.00231882464479273,0.000572019834965372,0.000832173319651291,0.00397386610797644,0.00322470791401074,0.000364456724223376,0,0,0,0.000223256790206575,0.00256741842143362,9.73265007128714e-05,0.000988856597351623,0,0.000474122093627119,0.00202298828077376,0.000181199661849975,0,0.00191125382354812,0,0.000182163670445537,0.000829368167818592,0.000474480257940101,0,3.98372312300443e-05,8.39698894367696e-05,0.000947851474895491,0.000784540709283302,0.00168573837059825,0.0016491120922662,0.00192158633856087,5.665530710783e-05,0.00058459961237793,0.000838787247271672,0.00248701334488301,0.000180254712404251,0.000472719221857953,0,0,0,0,0.0666620452535856
0.00399856349621365,0.00132949823539358,0.0438110516765865,0.0670882837357605,0.0958258621984309,0,0.365709611363141,1.25308546017612,0.0502503182915472,1.52286345517013,0.0225743433326138,0.59561788252211,0.00821094790852847,0.10260790885112,0.286108987664265,0.000759866706765309,0.0302047569756773,0.00598460296792329,0.00961966624986368,0.0482151508536652,0.0399485359065554,0.00537434231017682,0.0417475131592959,0.0487134337230304,0.00229300067572527,0.0225866293270678,0.0162131604885194,0.303424510370286,0.0483297270394743,0.054970884263462,0.000928082138158533,0.0504665932756156,0.00220682953233827,0.0172245852102685,1.71944514850047,0.0854704790687614,0.011620921385192,0.015492530118119,0.00694988337913027,0.449055611008179,0.0532580810837187,0.00886364526712119,0.00723104255834936,0.000614871817513812,0.000473154579286909,0.000626726137127793,0.0100069758534833,0.000278476895283365,0.000377163108845568,0,0,9.08886188648226e-05,0.0152479543341449,0.000358104964462757,0.00122773008078133,0.000627065782834053,0.000610719020512438,0.00374379179447394,0.00157365254032767,0,0.00784978032687587,0.000597593401327539,0.00012327981752131,0.00294963710101656,0.00135700332246707,0,0,0,0.00471103263988777,0.000318150971470928,0.00810278313352596,0.000964034721812547,0.0193561266206917,7.33029851102829e-05,8.07988722200393e-05,0.00232740024786709,0.0221872409127193,0.000480787152622163,0.000577220253461945,0,0.000144890157354593,0,0.000370108140307927,0.045232604549078
0.420279896688192,0,0.219245130033591,0.0581034193416137,0.00362075608889278,0.365709611363141,0,3.05248609248075,0.0299451636426973,2.08786765500286,0.022747308298363,0.0245841731189488,0.00596179949594734,1.79459224059686,0.0436586085859157,0.000944965526326048,0.0357270337086261,0.00989132614014966,0.0149424650090117,0.0335791128941953,0.285114312892166,0.000235083588835287,0.323214523939123,0.106489324099445,0.00131893205449201,0.0596777115157298,0.040430689714558,5.94540214425786,0.377018008797324,0.488768572245816,0.00136350552894582,0.0279679047666967,0.0253375903566681,0.0781231498148432,0.0711195441911794,0.318385915891044,0.0369507636991728,0.0803394561223827,0.0372313417900941,0.0900358201038116,0.0241936905494878,0.0142339847042673,0.0158538053746254,0.00200629228978399,0.000912512076233027,0.00108429719874721,0.00943478822993094,0.000664653153498197,0.000528090694578183,0,0.000202213188697171,0.000786635614156201,0.00714968846159624,0.000559129581154656,0.00130643460201834,0.000992888988930217,0.00138379370031947,0.00243914108261169,0.00128190645493867,0.000235833115261459,0.00763906544937037,0.000364574064344049,0.000362566981043935,0.00253119745701071,0.0067489003130756,7.65644754528522e-05,2.78066745404125e-05,0,0.00353537326201773,0.00425602995886987,0.0120372743147766,0.00375761077698802,0.0376759542114132,0.00010720216781503,0.000379391817047346,0.0199615427797772,0.0562670664731938,0.00196761008351922,0.00243888544130955,0,4.54605880106688e-05,0,0.0009459990914758,0.0125435388326576
0.181406264535723,0.00044041811816957,0.522928438563455,0.0273062940968256,0.0100385624948653,1.25308546017612,3.05248609248075,0,0.0169327966955817,0.870447037845427,0.042211011603168,0.546758049839077,0.0141942984046871,1.57031312368356,0.0618012966497967,0.00180975134698919,0.397426902805815,0.0195075968182848,0.0961660068860468,0.1007120551899,0.284727830430736,0.00120786503232168,0.392561956273011,0.0343955043546717,0.00310229487183353,0.2079107073481,0.0995956086822034,0.403502928914112,0.211214438818345,0.855692376020986,0.00141213169315075,0.0514501335024112,0.00464000165759099,0.08329539040054,0.268140553901604,0.226899044916384,0.0556067329643385,0.0818683782283277,0.0460640172767405,0.224380600902389,0.0172967066993721,0.0153479403714935,0.00974833137832046,0.004572561585513,0.00033460707921381,0.000747982510465815,0.00800525409375473,0.000440683068825364,0.000448939213143134,0,4.26575983504295e-05,0.000751264103228674,0.00606916042550175,0.000659815403840566,0.000660485837464261,0.000630494243163311,0.000219381162804747,0.00185425129868151,0.00088458119689683,0.000354535462420678,0.0050565383006521,0.000905511484553206,3.872944261477e-05,0.00187714619140209,0.00441186905281408,0,0,0,0.00231694825058132,0.00133831719631707,0.00537964278476113,0.00238301104549543,0.0222207355956662,0,0.000100384108424914,0.0123774382750901,0.0214966484631668,0.000261670675762797,0.0017973781882896,6.13769134027958e-05,0,0,8.64286176419261e-05,0.0140065507258855
0,0.25524584783745,0.00154152528909675,0.606464871307716,0.0237695780233849,0.0502503182915472,0.0299451636426973,0.0169327966955817,0,0.0509029031548872,0.0165628533452923,0.186208890678268,0.190482256826929,0.0266884563659526,0.327136037260763,0.00977126236953347,0.00090298437875621,0.00153345162590617,0.00130131379462278,0.0511452303640317,0.00312763445198502,1.24468240986891,0.00444261854639834,2.01349566309032,0.167445539882849,0.00522082997406168,0.678580163591644,0.362413741891192,0.0376910639219079,0.00197507305978376,0.0307791285869426,0.00798821523826905,0.00365839986956868,0.0111408686282377,0.0155863550561636,0.0783468910829443,0.00761513169061835,0.00732553576117177,0.00411141858384634,0.246878327949716,0.00709694851292143,0.0137879748499772,0.0493726937488503,0.00518333681138713,0.00462759967437416,0.0014831367449492,0.0606488854396032,0.00313587810152634,0.00113856665086984,0,0.00637581741719089,0.000104943594050026,0.118831218116707,0.00661811113045797,0.0133074816015465,0.00765937323823261,0.0117649883999317,0.0517979041033373,0.0111659634357852,0.00386674780220026,0.0477544141758113,0.0121147932914947,0.00428685690583161,0.0276713241949289,0.0648140257407867,0.000325599751249206,0.00175780931335941,0.000638084207019675,0.0346620847056933,0.0120468466571107,0.212592469887502,0.0148784498203356,0.266338507373873,0.0106974629638621,0.00570275833109614,0.0821028582484997,0.165234953262213,0.0106919967939051,0.00526541356757158,0.000866216831816695,0.00205893081877876,0.000130563362389564,0.00240693124840485,0.00869970107840525
0.000285676320075727,0.00049395143287431,0.0113659650757439,0.948725970254114,0.00355214217071661,1.52286345517013,2.08786765500286,0.870447037845427,0.0509029031548872,0,0.0655107331277061,0.531469209253023,0.0205348771199469,0.311516825197918,0.0480667854422984,0.000295250517607188,0.00346861886776906,0.0260902313900453,0.0161256972157437,0.388227138404674,0.0100922989603541,0.0010803313918479,0.0155290441948267,0.0913675836886671,0.00473471842281734,0.0421213304753175,0.0200797179861764,3.58274802819687,0.184075931725781,0.0139538037679458,0.00232219626801443,0.051158372388589,0.00459280871120122,0.0556976331459322,0.305927909395483,0.240288893294405,0.0183562493302081,0.0283825223927208,0.0116578832985338,0.132023207314088,0.0388834657285376,0.027986157759875,0.0113373808199223,0.000778347735731099,0.000529684231252814,0.000195187978948808,0.0132482291293602,0.00013297752136898,0.00089508052618425,6.08813132222176e-05,9.70518669946071e-05,0,0.0386435630309965,0.00122114233502295,0.00247476090970359,0.00123380418378626,0.000477688210045242,0.00603120732736993,0.00265176538307011,0.000118116135936451,0.0188728946449468,0.000814282207854069,0.00024581701778071,0.00478803003031549,0.00261437385139903,0,0,0,0.0109769305367591,0.000408194425593973,0.0179204297969489,0.00100410039590577,0.0402372200198472,0.000133705377132487,0,0.000859990111023343,0.0492944293142384,7.25671880343437e-05,0.00069773676119169,0.000105960784969854,0,0,0.00028963966005193,0.00998846945013351
0.000569405058858693,0.0130102391047041,0.0327174073128724,0.0117767474326944,0.000675508825268102,0.0225743433326138,0.022747308298363,0.042211011603168,0.0165628533452923,0.0655107331277061,0,0.103651924010601,0.483390963942995,0.276156954817442,0.0059476621046205,0.00404774112116998,0.0591482480507382,1.03909181614738,0.0777571117995828,0.0251366816341997,0.0438164532905693,0.0122818959737329,0.0811084104088574,0.0153665672759177,0.069701142538235,0.418345259734697,0.0936695162643477,0.0527235398479062,0.525254035099028,0.041614135204477,0.136054278130076,0.0935421947158636,0.00606745383746005,0.986446302204423,0.016965479961028,0.106032215199965,0.467755759051224,0.181346887906566,0.0578622490927122,0.0220784874039595,0.0107356444136543,0.144858131538613,0.00163890679618884,0.114711233041162,0.00174119233954058,0.00101044211001738,0.00197718585819088,5.00720213862657e-05,0.0202011942226458,0,0.0161500840586246,0.000126106626669931,0.000315914693441081,7.13421082364559e-05,0,0.000152484376597703,0.000315798768075228,0.0140358828331169,0,0.0970368719393134,0.00103068461328341,0.553631483126571,0.000184712938510251,0.000526344115243792,0.000582089290110993,0,0.00356178333108509,0,6.91470538486242e-05,0.00028147673606472,0.0135858072915718,0.000366332875968933,0.00614728035047196,0.0308739237887565,0.0366697321637604,0.130160203712569,0.000909136996204735,0.000666599340056253,0.000147116487611556,0.160394359351239,0.00117958510894728,0,0.00190478353135774,0.00381134965601298
0.000505187751546764,0.00172680789554109,0.00812805227178925,0.479671334826171,0.0323321563154321,0.59561788252211,0.0245841731189488,0.546758049839077,0.186208890678268,0.531469209253023,0.103651924010601,0,0.0347394590793424,0.331884226115885,0.446398321581447,0.000376378974313283,0.00475977434017852,0.0329276130321304,0.0200729168215392,1.61078230770003,0.00366932161216824,0.00924712147910903,0.010587896638418,0.170433340764794,0.00775497475241775,0.0587679680690779,0.0376563364024806,0.162843857865009,0.10562881062924,0.0109854508309281,0.0054403346843351,0.0729619136381394,0.000796964343142676,0.0476777980862765,0.13170640390993,0.340042306741132,0.0215135615745323,0.0232330669895126,0.00556213712300341,0.413073474371678,0.0514000321938207,0.0382785149548297,0.0446276753993191,0.00111283649606304,0.00413319797575831,0.000354872934832192,0.096332206064927,0.00241237348987504,0.00285082802845521,0,0.000113341207176411,3.77289751646518e-05,0.129839342226576,0.00747724021635923,0.0204189442465504,0.00421672825237938,0.0128184098137579,0.0412127207600137,0.0185812693142203,0.00158995280259464,0.112870795157179,0.00159992897067598,0.00451322161652463,0.0337842906126393,0.00598605120527389,7.47332065815093e-05,0.000537419961569226,5.68094175070763e-05,0.0588214474773975,0.00395573791797293,0.0501957427896963,0.00221391428413422,0.0924733516937164,0.000153475085353804,0.000269175033605814,0.00200520995785765,0.125523179720145,0.00425124032867178,0.00485275067891928,3.07377417765379e-05,0.00206451099661944,8.32577561372045e-05,0.00162080161819574,0.0170443410306694
0.000147592666055763,0.14532390714604,0.00271308123956993,0.00555153558212917,0.000543327499438691,0.00821094790852847,0.00596179949594734,0.0141942984046871,0.190482256826929,0.0205348771199469,0.483390963942995,0.0347394590793424,0,0.0646159989183755,0.00775138604663607,0.021328215591076,0.00324686033183467,0.0142822281083353,0.00767353797703703,0.00830984941173805,0.003004146961358,0.148760074294344,0.00574386277779356,0.030004878570651,0.723370547438058,0.0356224960468843,0.475361340439431,0.0179092332938371,0.0777847148339584,0.00757048916456217,0.294085751053973,0.0283063192403102,0.000144290437002862,0.199205776386037,0.00220452972603343,0.0198305880330299,0.204355344699359,0.0799829275173355,0.00443932419859753,0.0150211784080576,0.00798388848870965,0.179551974891847,0.0023540893439558,0.226693662643524,0.0051162997620273,0.00123258961232449,0.0018949013465958,0.000149336464818573,0.0804486521891397,0,0.0489756813073357,8.12759916096685e-05,0.000236169724583554,0,7.08042077765465e-05,7.26043275728226e-05,0.000303314526653242,0.0259602876924913,9.60198611894014e-05,0.173413391837833,0.000643242658905506,1.00011260904191,0.000460635654127264,0.00186099819323484,0.000992878981096981,6.72141161580324e-05,0.00361209973134637,0.000321658482337976,0.000202341366373635,8.99890416739109e-05,0.0296638366037086,0.000282964381900215,0.00898232956725862,0.106704965560309,0.0706231944686038,0.341461600993144,0.00121238649307432,0.00269308207413292,0.000160307203313828,0.201299145749449,0.00338592840829451,0,0.00380231955850382,0.000610324706544459
0.967454991127374,0.00152980057748525,0.155029729664345,0.0662055304421312,0.00191980478186046,0.10260790885112,1.79459224059686,1.57031312368356,0.0266884563659526,0.311516825197918,0.276156954817442,0.331884226115885,0.0646159989183755,0,0.0265456669393246,0.00220313658848925,0.482439369331597,0.13033398224687,0.200507293725173,0.102781644535699,0.0694890985719832,0.00232880717037293,0.198279634724255,0.0711066528229156,0.00971435316732249,0.253646830333689,0.14004621783765,0.355651645220078,2.49086503937694,1.53936529654203,0.0109261204204326,0.027688790261881,0.00890078331298924,0.169276201779886,0.0315136427939086,0.310332028339089,0.0453842708993126,0.0581849527185,0.0259941665948193,0.136014011242701,0.0189347636928257,0.0346560834937039,0.0165146930803145,0.00465136488155035,0.000803913718918455,0.000653419052609635,0.0160223364231376,0.000574626480680752,0.00241013377505872,0,0.000569770261354458,0,0.00876780273966492,0.000721242692302561,0.00154391463425539,0.00152270482129922,0.000736723531247211,0.00463066081229988,0.000466255901116633,0.00130206506502345,0.009716632924594,0.00692922536059408,0.000232423605083633,0.00358780773264985,0.0158307299249332,0,0,8.20199124035362e-05,0.00369169086341289,0.00567108473790409,0.0111244209534123,0.00592487439737319,0.044616855890551,0.000760300433667085,0.00042013344809165,0.00702337718263357,0.0449892267710324,0.000364717054681432,0.00469237194373322,0.000636584936170518,0.000135098550267983,0,0.000615924470731342,0.00659940368066065
0.000215018219101191,0.0120161137535287,0.00623034770863857,0.0517078169453024,0.161314093421608,0.286108987664265,0.0436586085859157,0.0618012966497967,0.327136037260763,0.0480667854422984,0.0059476621046205,0.446398321581447,0.00775138604663607,0.0265456669393246,0,0.0105999442655927,0.0018007383866988,0.00221939670820043,0.00152499850367322,0.0283932868306005,0.037033085445958,0.041609626959225,0.0424524637441919,0.197110254479841,0.00652783573440048,0.0062925778104005,0.0492326516960019,0.132158231349487,0.018453627178068,0.0533976861708556,0.00108888979986761,0.0157078671219662,0.000711423301744723,0.00767099363836959,0.296099806563917,0.0640420991500872,0.00883511893616674,0.00552319192582969,0.00849096906208468,0.572261171766062,0.00715742434317574,0.0043572338398569,0.0158655680176822,0.000688984391620851,0.00112071937200301,0.0049394749313805,0.0308232555016006,0.000760991643721627,0.000406897268931818,0,0.000174517218721414,0.000753671644447728,0.0291843074484029,0.00110236489463541,0.00433492438869688,0.00242863381646076,0.00317534402412542,0.0167612033613238,0.00383698557613671,0.000148038605227923,0.0165995785875035,0.000207415139844799,0.00134193198608459,0.00888131020945055,0.0104762342046697,0.000222915700827551,0.000216912041935253,0,0.0089903423203604,0.0057443078227339,0.0203603695086564,0.00668260729573251,0.0359004230162918,0.000706163443525601,0.00037753428178463,0.00752215886207116,0.0433192879996558,0.00183620596526217,0.00397855697672093,7.44684361067534e-05,0.000363668647952819,0,0.000939185405368662,0.081458943085001
0,0.0251951965275198,0.00713340143707445,0.000475027852584767,0.000598223327584458,0.000759866706765309,0.000944965526326048,0.00180975134698919,0.00977126236953347,0.000295250517607188,0.00404774112116998,0.000376378974313283,0.021328215591076,0.00220313658848925,0.0105999442655927,0,0.0110738360900772,0.00494439449212738,0.0058626342165954,0.000114733223594129,1.38590464687704,0.618800351976667,0.641071714006326,0.590112716454577,0.021653292554828,0.0162426011537143,1.38989267071234,0.337306725409965,0.00296549924975202,0.0193643323966237,0.00487468199236455,0.00147947704561398,0.000328887854998482,0.0179829348660978,0.137653025135385,0.798309868092153,0.130518951398367,0.100539583920196,0.0675746469687731,0.0164041212023111,0.00774848524536551,0.028055990958689,0.0422494654177322,0.0201519703067338,0.00644499912141031,0.00663338805340524,0.0208438942919356,0.00274566681575105,0.00405768528598466,0.000189131217812705,0.0156967012140396,0.00632257773974282,0.00268963801590933,0.00269814730568819,0.00179824475898362,0.00487471801744994,0.00332169862177733,0.00292109898043861,0.00591376525982035,0.000433478509985638,0.0119332370469208,0.00117874003540825,0.00286563024554897,0.0033972737409441,1.02539154150602,0.00122517980503747,0.000176769481701159,0.000210048550229979,0.00520748920759467,0.0651330886752266,0.131975332493691,0.441710745334007,0.14483167161501,0.00137004333563862,0.00667498032358064,0.638142361846771,0.102158205519111,0.00572735838375685,0.0249466720093559,0.000138647271430302,0.00133851351356845,0.000281611404707479,0.00416899994363544,0.0494014047542468
0.0443082843129437,0.0014083596587237,2.02224026351505,0.000960892408992352,0.000127557199700665,0.0302047569756773,0.0357270337086261,0.397426902805815,0.00090298437875621,0.00346861886776906,0.0591482480507382,0.00475977434017852,0.00324686033183467,0.482439369331597,0.0018007383866988,0.0110738360900772,0,0.0811257806951284,0.547519323997769,0.00156554659581327,0.152279926930774,0.00109421068829622,1.19018901914211,0.00989262312330414,0.000553105764230633,0.872406662446576,1.35227760458094,0.028055817395411,0.496269615264903,0.819776715145445,0.00087326746488713,0.00619910984880876,0.033350982549467,0.333044058351303,0.0141290541744548,0.20791149778452,0.114630331354528,0.0639637966728071,0.0711876734624026,0.0175232031735667,0.003950174410215,0.00467772112764975,0.00174780879636886,0.0241714925013721,0.000155387469059277,0.000995682878335785,0.000210697055153966,0,0,0,0.00443918444484547,0.00310162231385314,0,0.000427343487994075,0,0.000113161255257129,0,0.000121584251665354,0,7.86557411136627e-05,2.6991132896018e-05,0.000458561676948309,0,0,0.00200950263318069,0.000501286160279751,0.000203855069501519,0.00117910181446428,0,0.000272475629907083,0.000663914477974558,0.00247596891234306,0.000543637904654217,0,0.0221509721958723,0.120696438576743,0.000438162749847484,0,8.49906572838781e-05,0,0,0,0,0.00452005260001144
0.000610533591979372,0.000751166300516151,0.0319455288082656,0.0038617008245413,7.49179410839082e-05,0.00598460296792329,0.00989132614014966,0.0195075968182848,0.00153345162590617,0.0260902313900453,1.03909181614738,0.0329276130321304,0.0142822281083353,0.13033398224687,0.00221939670820043,0.00494439449212738,0.0811257806951284,0,0.40607610007121,0.0094772599570813,0.0498876667588826,0.000175728627004957,0.106129545028466,0.00663801298478751,0.0013130416382701,0.620660571000359,0.14211563809133,0.0282747253249529,0.218292625020792,0.0333903117491371,0.0243320321204297,0.0181130744070937,0.00470359083823192,0.367382704982154,0.0236750103679778,0.192431264239262,0.372010798136801,0.158912217608249,0.194311528563633,0.00868531969081011,0.00418111521655551,0.0229273447270004,0.000483269475645518,0.00637376466355869,0.000271069915281534,0.000751440344753242,0.00015570107081989,0,0.000617024031079197,0,0.000725008734041739,4.33266884019375e-05,0,0,0,0,0,0.000209262927535784,0,0.0045606901575982,9.44727934270143e-05,0.0168878865806633,0,0,5.53797232322216e-05,6.63233633890867e-05,0.00193157967277892,0,0,4.92041093445063e-05,0.000545488799912,3.15001567080975e-05,0.000204299685121608,0.00109707757326691,0.0208420240172061,0.0484095287965014,0,9.364163386817e-05,0,0.0154423220622733,0.000143338740778255,0,0.000261976369577837,0.00733138626618145
0.00874173917430554,0.000178854959324169,0.143457930016845,0.00277044424885845,0.00026475707907412,0.00961966624986368,0.0149424650090117,0.0961660068860468,0.00130131379462278,0.0161256972157437,0.0777571117995828,0.0200729168215392,0.00767353797703703,0.200507293725173,0.00152499850367322,0.0058626342165954,0.547519323997769,0.40607610007121,0,0.00587044377219949,0.12551837788435,0.000257001586679376,0.277932823046757,0.0046914889765647,0.00138192948501159,1.20334577339912,0.214510960860414,0.0263797148286881,0.270255716929046,0.115456589312893,0.00311409321742938,0.00713961897753268,0.0225361890990562,0.605735738246389,0.0127164367688361,0.210964328372263,0.158263991039497,0.125126141804146,0.164824305456009,0.00885652638770189,0.00289376165970752,0.00690118161452077,0.000323230141475415,0.0060859268272373,2.87589046347618e-05,0.000210834691222715,0.000149565748526597,0,9.90261373256204e-05,0,0.00103913814481649,0.000410667563833284,0,6.53587052520037e-05,0,0,0,0,0,0,0.000106565232293272,0.00153911170847622,0,0,0.00038034760404886,0.000107867972343159,0.000205416780866075,0.000192546146768427,0,0,0.000814662285295556,0.000460993480322742,0.000106864065882111,0.000295939912504601,0.0135621781099573,0.0348946420318008,8.30839303732272e-05,0,0,0.00202603669035502,0,0,0,0.00546021153020384
0.00020166899747212,0.000208032420062173,0.00418510377297926,1.80644167714898,0.00232838381389091,0.0482151508536652,0.0335791128941953,0.1007120551899,0.0511452303640317,0.388227138404674,0.0251366816341997,1.61078230770003,0.00830984941173805,0.102781644535699,0.0283932868306005,0.000114733223594129,0.00156554659581327,0.0094772599570813,0.00587044377219949,0,0.000992027185248103,0.00119201983172611,0.00641762652523593,0.10134918110073,0.00284435358097865,0.0188006557912535,0.0132163928393638,0.605215575400715,0.0795862311200359,0.00624520449834239,0.00133548549336247,0.0214839807173673,0.00110758798480042,0.0189116483586147,0.0241469506983493,0.142445865512269,0.00660182624363961,0.0107633385373306,0.00545948292034932,0.0655550894884576,0.018847564189519,0.0130222769242466,0.0207278852219798,0.000258955899179816,0.0011368923841922,0.000718584750602674,0.0281529642934444,0.00133207571624978,0.000666870225564027,0,0,0,0.0738727291163683,0.00197555951077161,0.00481751473309079,0.00222322712795728,0.00329115851635532,0.0100900146051295,0.00508905654918522,0.000101827641048407,0.041012795349981,0.000228097694144607,0.00117016473041116,0.0079263306748007,0.00400907028633074,0,0,0,0.0175083225043141,0.00122919615605473,0.0184452970282815,0.00176220311250968,0.0578121477863461,9.77220425812602e-05,0,0.000928209706333706,0.0751667032030255,0.00206839009195015,0.00183013516112736,0,0.000857335356970712,0,0.00098471598370268,0.00361028481001146
0.0038930651848068,0.00177462957587869,0.131844255737687,0.00159737748482738,0.0058396661570265,0.0399485359065554,0.285114312892166,0.284727830430736,0.00312763445198502,0.0100922989603541,0.0438164532905693,0.00366932161216824,0.003004146961358,0.0694890985719832,0.037033085445958,1.38590464687704,0.152279926930774,0.0498876667588826,0.12551837788435,0.000992027185248103,0,0.0237743895155489,3.57612983054392,0.147732200523055,0.00421134143993529,0.13686573889306,0.355509111480353,2.62278141764478,0.108404746039833,2.46392506228792,0.00209148020081575,0.0113028402550058,0.0213461101752511,0.986042512303201,0.283816929880363,1.19344922586829,0.105490010377434,0.511734840752916,0.227987495986546,0.0531204711456688,0.0299930562565281,0.021819820421738,0.0281453281632019,0.00440202236816562,0.00204701755327174,0.00686550555314923,0.0097498890233771,0.00273121459253874,0.00226072425461469,8.0603146674299e-05,0.0012578024517989,0.000796111512921164,0.00199988113034105,0.00426067327539144,0.000985505783927622,0.00267494707061682,0.000947246424744149,0.00227184700807044,0.000483966553818321,0.000348355461903238,0.00618187526777733,0,0.0020567752574052,0.00183962644201431,0.160473747067811,0.000256461730921531,0,7.91750273151872e-05,0.00251343336172326,0.0375771238708159,0.0220729294039577,0.0627771731519576,0.047144456682672,8.38286742162824e-05,0.000657384995200837,0.0586922866241906,0.05943799161074,0.0032770825867827,0.0147501569325574,0,0.000474689721733904,0.000338175233234787,0.00205459619464064,0.105844009403088
0,0.226608335205634,0.0017406700681174,0.00893502669486429,0.00419417573699858,0.00537434231017682,0.000235083588835287,0.00120786503232168,1.24468240986891,0.0010803313918479,0.0122818959737329,0.00924712147910903,0.148760074294344,0.00232880717037293,0.041609626959225,0.618800351976667,0.00109421068829622,0.000175728627004957,0.000257001586679376,0.00119201983172611,0.0237743895155489,0,0.0184145990464541,1.05057780828353,0.125599213960618,0.00281324850790075,1.13244714465677,0.0318071140215373,0.00154286699496453,0.00114794005554192,0.0245053283723747,0.000512991757129979,8.56008348092081e-05,0.00377548314105943,0.00259699558822401,0.0183117576512723,0.00664302362593707,0.00335211379500602,0.00304314864639947,0.0403768338557744,0.000350151061602354,0.0121404013369444,0.00771513029392602,0.0112321175001809,0.0021244588808601,0.00124075182003646,0.00154186213643577,0.000292609321621585,0.000548668510307717,0,0.026800014101171,0.00211784673725446,0.000927849139606884,0.000121049242999888,0.000328719363483024,0.000708017653224707,0.000368365389264488,0.0223146210189283,0,0.00105773529045147,0.0013138629990947,0.0105845002058244,0.00030904536920886,0.000550116672026777,0.225725878211938,0.000309533673169613,0.000169232148503661,0.000107287787175119,0.000248188164654469,0.00927515370471818,0.0966434310218728,0.0371121504538413,0.0643930043360689,0.00719765786369182,0.00902698145605543,0.319955441702784,0.0188686344978623,0.000867448825227759,0.00234060984476261,0.00163857066067614,0,8.71768360872268e-05,0.000340180338992393,0.00121505793278089
0.0216559925498924,0.00178726777421237,3.80486301639738,0.00294089325334149,0.00919167570284283,0.0417475131592959,0.323214523939123,0.392561956273011,0.00444261854639834,0.0155290441948267,0.0811084104088574,0.010587896638418,0.00574386277779356,0.198279634724255,0.0424524637441919,0.641071714006326,1.19018901914211,0.106129545028466,0.277932823046757,0.00641762652523593,3.57612983054392,0.0184145990464541,0,0.126834841265089,0.00765695423216084,0.621677681014451,3.4575753510137,1.07728122543479,0.228831378563392,1.94478711923822,0.00507017645703518,0.0117778473311597,0.022178621610182,1.07869236329937,0.756396749363744,4.19075997338201,1.07933829344189,1.45235599427467,0.893509919504277,0.106912318964792,0.0731716462998666,0.0382216184008826,0.0458104103286299,0.0594961997113632,0.0080292188503187,0.0242382056875499,0.01549057778761,0.00315280744920538,0.00279035130841799,0,0.00625910276941118,0.0235963580614262,0.00145373089695945,0.0110061579499094,0.00232701376398867,0.00307035965577375,0.00226977521975744,0.00142063773522201,0.00289196036984672,0.000221317519486153,0.00913294993987192,0.000142258054950285,0.00171983283173283,0.00302019449413738,0.337660965871537,0.0042572082271891,5.52783102255583e-05,0.000749553488919328,0.00381815053369518,0.0305505172544934,0.0331307052596045,0.223298679101453,0.0705656989283759,0.000105960373445261,0.00879247246010265,0.767498016148373,0.0772973127949747,0.00204037646725264,0.0126517021461917,0.000136666263218236,0.000703956132378245,0.000277581257606268,0.00253217729929308,0.353187610210644
0.000473817040455771,0.0787216683990895,0.0115137294988184,0.913831063087025,0.0168120671938444,0.0487134337230304,0.106489324099445,0.0343955043546717,2.01349566309032,0.0913675836886671,0.0153665672759177,0.170433340764794,0.030004878570651,0.0711066528229156,0.197110254479841,0.590112716454577,0.00989262312330414,0.00663801298478751,0.0046914889765647,0.10134918110073,0.147732200523055,1.05057780828353,0.126834841265089,0,0.0370303264894292,0.0208717396575734,0.910259230633445,0.819117705876017,0.156706181539816,0.0178253495643035,0.00539207964301894,0.0168703791454795,0.0194473882899376,0.0566382024684697,0.0829912831295923,0.422484731796617,0.0351614329877628,0.0624263072031776,0.034299348912812,0.209790857386531,0.0196615970446116,0.0207156152313837,0.302229857267203,0.0144827605527353,0.028774907153424,0.00881241552027857,0.14327266505702,0.0162528654401738,0.00227376614300372,0.000678386005027008,0.0115505846026203,0.00458027705102374,0.175659350856956,0.00553473523517577,0.0188983476790921,0.0431999974815269,0.0254491988940414,0.0709860843340685,0.0237004477842087,0.00306324656661672,0.086184741307396,0.00106843831996392,0.0211323471195077,0.0367449093542161,0.419773984230714,0.00179037977435344,0.000750637591513657,0.000678854355606103,0.0557544001964263,0.122044774170238,0.331883701130624,0.134762930239889,0.89756809868428,0.00333629809961161,0.0058826723945639,0.251940091407054,0.88582740292814,0.0450424356086049,0.0731512927138783,0.000138685672236049,0.00640584453607434,0.000925727754794715,0.0178116488739778,0.0523925510864491
8.47657335120914e-05,0.108988858638435,0.000494895038747847,0.00320418673073869,0.000631151205473816,0.00229300067572527,0.00131893205449201,0.00310229487183353,0.167445539882849,0.00473471842281734,0.069701142538235,0.00775497475241775,0.723370547438058,0.00971435316732249,0.00652783573440048,0.021653292554828,0.000553105764230633,0.0013130416382701,0.00138192948501159,0.00284435358097865,0.00421134143993529,0.125599213960618,0.00765695423216084,0.0370303264894292,0,0.0109386599974535,0.598505656412224,0.00904777469489985,0.00791935172041666,0.00318599266565777,0.084733346564373,0.00463648547578952,6.13482646176934e-05,0.0443275340587285,0.00140698140057416,0.0121973913069743,0.0128917095912009,0.00932582810690713,0.000635796826533103,0.016521112147703,0.001347493647543,0.0845791054849361,0.00496640316997183,0.0231123495365482,0.00228658033594721,0.000528099532346893,0.00301021409513832,0.000117481373709441,0.0251412250748146,0,0.0276397291539962,0.00014622131262157,0.000854301980271648,0.000135115776465034,0.000840102624463275,0.000296662932298016,0.000929921123672126,0.0165294353126938,0.0013869130100271,0.0209970554596558,0.00284536327102859,0.257690958199967,0.000610736284525263,0.00101409431515608,0.00575435564948155,0,0.000705600482330155,0.000607165298770189,0.00111924404521184,0.00135718483150643,0.0127408617700568,0.00784638561378779,0.00632976377330245,0.0981645885974531,0.0187997113222905,0.166600102891971,0.00344853351128645,0.00101187232259078,0.00109865624834256,0.0316613435841586,0.000817138519979382,0,0.00184357986091112,0.000712256216400349
0.0104086846470296,0.00602655527095577,2.59967747803929,0.00808222192336986,0.000447606220474458,0.0225866293270678,0.0596777115157298,0.2079107073481,0.00522082997406168,0.0421213304753175,0.418345259734697,0.0587679680690779,0.0356224960468843,0.253646830333689,0.0062925778104005,0.0162426011537143,0.872406662446576,0.620660571000359,1.20334577339912,0.0188006557912535,0.13686573889306,0.00281324850790075,0.621677681014451,0.0208717396575734,0.0109386599974535,0,1.72499043663654,0.0901254266267024,0.329384197655069,0.194238557778971,0.0902160973277231,0.0192402566682934,0.00857281047958844,0.550534901460684,0.0745663223409742,1.18908722643572,1.25753480533003,0.429048261866306,0.636331383104324,0.0267613256152634,0.0109796648240568,0.0327810693133464,0.0133872989920592,0.12920037276787,0.00654571563270863,0.00922773948933994,0.00082839794853835,0.000276338351007867,0.000929737966309932,0,0.0388749697677066,0.00352687460514458,0,0.000661836140859365,0,0.000293722822643113,3.88599515224457e-05,0.00209206615177702,0,0.0227976353137343,8.97029786942243e-05,0.131704708755598,0.000201948803053522,0,0.0013781368142945,0.003197942928338,0.0155129344172841,0.0222449240080614,0,0.000191419314574516,0.00415827232274793,0.00258959229192341,0.00104791057009403,0.0141457767432599,0.395033599852774,1.07022473154231,0.000260642473779511,0.000697828059591174,0.00166309747530591,0.100599366120187,5.53073171482801e-05,0,0.00108986697947463,0.0282431257261073
