0,9.63187354910013e-05,0.0419065799874543,0.000258522192994273,0.000402303814217418,0.012688664873916,0.359764781451531,0.231673503178225,0.000389929779511565,0.00281821027294845,0.00383045693506025,0.000581715965391695,0.00101235389827477,1.08509292799373,0.000189131351482212,0.000397420492188465,0.0789066067825776,0.00168089770167805,0.00815402157784142,0.000292006561393464,0.0320067174703872,7.74273489200771e-05,0.0558321058741631,0.00174373338015433,0,0.0541748919600875,0.0133509329362223,0.0109627862918778,1.60008736254238,0.773719184194125,0.000128658790302586,0.00808896021864431,0.0142188363922658,0.0224200228480741,0.00305853828550826,0.0175538594288545,0.00290629615169045,0.0196966415778629,0.00337946997693443,0.00195389299555553,0.00259014494436945,0,0.00184524034327208,0.00011639408076778,0.000541095933572566,0.000265835906094157,0.000333448470455599,0,0,0,8.04368841995776e-05,8.24331472906738e-05,0,0,0,0.000399441917935583,0.000217228457934851,0.000493623786032104,0,5.07736562259734e-05,5.88336988793075e-05,0,0,0.000441061356602991,0.000300696033753079,0,0,0,0,4.15144258858859e-05,0.000225234368030918,0.000550933827860877,0.00392765415506092,0,0,0.000448292320596534,0.00307147637976873,0.000222891257434664,9.26622497119994e-05,0,0,0,0.000462233472181582,0.00119208420575326
9.63187354910013e-05,0,0.00411884983222991,0.000455727342980539,0,0,0.000355687679730415,0.000200492308094517,0.138835031112195,0.000151818758195242,0.0120082292918455,3.93819505095899e-05,0.125633360000717,4.71005504529476e-05,0.00114984884439074,0.0187636967295084,0.0194029969753396,0.00173171679600716,0.00474939835102112,0,0.00328085010261529,0.409748614540309,0.00478555171030064,0.236553115880319,0.654150025568556,0.04233964737826,2.01059573445412,0.0100700164133524,0.000195234559672284,0.000172879261767256,0.00332815135461307,0.00011306789715178,0.00011559455927059,0.00388879980911082,0.00248919114661049,0.0329585142393588,0.0241696200676949,0.0212042696308112,0.0131256830978361,0.00105710183246038,0.000704903226720089,0.172560510303518,0.0153014570871082,0.021461639666795,0.00583778209037894,0.00512702825250327,7.3210493877095e-05,0,0.0065996507310715,0,0.266383450667529,0.0324414746161594,0.000256754354663077,0,0,0.000269976038924873,0.00032159203944743,0.00338810187030892,0,0.00855924045540044,0.000107018109837842,0.0265237866627075,0.000119197410171441,0.000192860461085975,0.00538749457670141,0.00778342176462029,0.00250319422689613,0.0043415753077748,0,0.000782508824391759,0.00936712992175381,0.00668305927219318,0.00825800685355202,0.0185423372587126,0.053973863029488,0.75142263216752,0.00160922784068608,5.92564772869408e-05,0.000453874115355301,0.00977352682319529,0,0,0.00150509141236326,0.00225365169051107
0.0419065799874543,0.00411884983222991,0,0.00124990399790329,0.00178067714096127,0.00361231852436533,0.276336941192288,0.0789726389295854,0.000457412270459682,0.0014907614116442,0.0236657709317419,0.00022361379046126,0.00692826921328043,0.136411507881156,0.00279323613528745,0.00252814319194753,0.86403894613786,0.0136955510678807,0.0470065701722647,0.000170269825658149,0.115221096976314,0.00561269508264538,2.43501609180233,0.00520413765414436,0,2.25352810493973,2.23422978034833,0.13860986686964,0.09122215863342,0.363365433419424,0.000116795434089541,0.00212110398584111,0.0175801513088325,0.110738852935618,0.0378938354071004,0.473583266142494,0.245273848831236,0.369522498576953,0.20434410224398,0.00675977203851051,0.0131681806913008,0.000182934614456183,0.0476509482455648,0.00929496309830546,0.0166988678294286,0.0221966456443101,0.000696836047348255,0.000148926921537888,0,4.28815852505207e-05,0.00472771834146437,0.180583196580245,0,0.00139792974449649,0,0.00150011685331067,0.00114008253626624,0.000146941231639576,0.000119101161519122,5.06910813073218e-05,0.000244894036781025,0,0.00151828737159164,0.00154736750378451,0.0302472529635496,0.0112694809216711,0.000616349890427962,0.00190941825734294,0,0.00207537398643596,0.00403155014465002,0.146374243275725,0.00403541586965907,0.000112757624084735,0.00490129308490996,0.524695522559298,0.00484077787760703,0.000202209816136879,0.000673359358955628,0,0,0,0.00447964034282785,0.0340800653429388
0.000258522192994273,0.000455727342980539,0.00124990399790329,0,0.00964241958851189,0.0443259470404882,0.0214543741588942,0.023596215955658,0.338901982806335,0.720212692987045,0.00599056526360394,1.10374650266839,0.0307860830412548,0.0261186645252589,0.0991835661187557,0,0.00118729153348659,0.001390967805925,0.000618889527041283,2.24337084310697,0.000778995028191629,0.00270304552429138,0.00205669887876615,0.566239743443657,0.000107287249726087,0.00122985599511706,0.00117129620638031,0.577309855197063,0.0142444534566906,0.00275878768779191,5.53448239608288e-05,0.0166227891909085,0.00229671321911057,0.00975405100208675,0.00665983540727904,0.14263405032076,0.00141997471210138,0.011024023074175,0.00319632137290107,0.139640547808765,0.0182653543159083,3.16537329173475e-05,0.0394569425429042,0.000257282563902688,0.0138395958593311,0.00157888461134299,0.14039878977217,0.00284953628168061,0.000299550301779998,0.000135319518543709,0,0,0.134334964990807,0.00623230807337321,0.0336858963003821,0.0680486118099924,0.0307479233508357,0.0307796125110408,0.0673610578414323,0.000964902352161247,0.16835597119867,0.000104681899562508,0.0160253741095541,0.0369488437928488,0.00122131390793876,0.00019308899035849,0.000794295786860752,4.70961061784565e-05,0.032915109083238,0.000721973829367238,0.000554155556095964,0.000672314849937612,0.270908024785388,0,0.000877737130012865,9.91985258253936e-05,0.216676809927507,0.0074941458640146,0.00183124343420746,0,0.000564158694780609,0.000162749600609768,0.0108134464882814,0.00290196219772866
0.000402303814217418,0,0.00178067714096127,0.00964241958851189,0,0.114294219097646,0.0208625584179758,0.00338968339748687,0.00872681041416602,0.031078885000874,0.00083614426492177,0.0690294346383211,0.0040670570809699,0.00299557086639363,0.166060311063588,0.0031296695531859,0.00205223246004288,0.000371098958000461,0.000157928169955474,0.00586789720849998,0.0233085778672496,0.000806487432124781,0.0357108602075806,0.00844318301722755,0.000105454013870871,0.00159450908539204,0.00359146647120197,0.0247911611344983,0.00334467597092264,0.0122815282172623,2.8864410692361e-05,0.271949551481219,0.000227518232417006,0.0977018083120397,0.158115302428562,0.125882054481938,0.00718171769710056,0.00675192763524063,0.00351949627828326,2.13845884607884,0.929507254217293,0.000101616450034511,0.00334591649334824,0.0013737365723669,0.00307067142361561,0.00698354628071824,0.00937499403560504,0.000319877646876324,9.06279738901499e-05,0,0,0.000874910870044012,0.00119970480770222,0.000501483851263714,0.00155362343725279,0.000990639623510993,0.00135500343531236,0.00158904110238153,0.00097121417748247,0.000100719343616581,0.00362272930205896,0,0.000338621822453621,0.00200404493858989,0.000767034965461481,0.000142486097790229,0,0.000450529960546482,0.000486921496608144,0.000314745948131776,0,0.00126720406794809,0.00793396786027273,0,0.00169383632347838,0.001568261182829,0.00615437464451534,0.000260995424283368,0.000101815501773083,0,0,0,0.000389504099634695,0.111102573671352
0.012688664873916,0,0.00361231852436533,0.0443259470404882,0.114294219097646,0,0.608353297760831,1.66140891201237,0.0101039362957678,3.02893839203691,0.0159433975728973,0.843744387258207,0.0226971824520336,0.215639615063037,0.441980774216991,0.000137402325544393,0.00479454945256886,0.00422387799701302,0.00154610980645268,0.0304957998057726,0.00337707613541766,2.88225334832847e-05,0.00521666120160974,0.0120759358528613,0,0.00663403479630841,0.00181295756883816,0.308216207752025,0.0387694107086228,0.0217321541820797,0.000372197014802784,0.0407228610161177,0.00166749127395222,0.0242359084049804,0.189228790916417,0.375812856494647,0.00437804870707398,0.0198711939795795,0.00949511776595842,0.987421914194009,0.146388410438326,0.000598111112968069,0.00875337558716449,4.24813716139317e-05,0.00249925238684334,0.000860474771602956,0.0354381237143079,0.000157436363454682,0.000125459649234104,0,0,0,0.0072550124555169,0.0015385388927865,0.00587321610177819,0.00574463369277768,0.00306687514475018,0.00717729649003644,0.00262965841653858,0.000118229964275885,0.0200646173033018,0,0.00172614406398507,0.00920375559450537,0.000154401011071125,0,0,0,0.00202388391117131,5.00714359724283e-05,0.000144077772645321,0.000242794975580466,0.0336218693995733,0,0.000122096045125496,0.000107191217564184,0.0216118392633177,0.000985594503513575,0.000460541288540954,0,0.000258232926962644,0.000115496113364982,0.00199173822493783,0.0193051184413408
0.359764781451531,0.000355687679730415,0.276336941192288,0.0214543741588942,0.0208625584179758,0.608353297760831,0,1.47868257747242,0.109442066811159,1.2230143622697,0.140656231291049,0.0203711565626524,0.115401900795062,2.32446726981799,0.0641850302725436,0.00165049431288362,0.133834328809006,0.0449475348219417,0.0298453796828246,0.00363416384550511,0.474948522705687,0.00184907446068057,0.657217396628149,0.641220459455276,0.000285727319123858,0.115484222728489,0.0575707013072117,5.85498600667883,0.556938122787326,2.14798669434878,0.00272394048983638,0.123207587436757,0.219203287240643,0.260440602678336,0.237415790853961,1.26287770875621,0.0639720859434261,0.349879163670309,0.0893134643573504,0.124772714766552,0.203098292547638,0.00292043475995251,0.242982306933592,0.0048411125195319,0.0844932067028681,0.0163725966656929,0.100269043506645,0.0152053890400523,0.00259210426971667,0.00243932363465517,0.000197754866428804,0.00161350678368697,0.0672389423917982,0.00221801142595647,0.00957080438015187,0.0959446509360868,0.0446628591037633,0.0833985520523894,0.0231604623293906,0.00313220366058427,0.0172828838238241,0.000156501443377644,0.0272422156879774,0.0272000801859291,0.0132073114830686,0.00063495998378667,0,0,0.00497087837960557,0.00715359636860542,0.00423185725390412,0.0118055268156882,0.527995673421905,0,0.000156918070471424,0.00904046982676698,0.48467550136492,0.0545459328065862,0.0378084581021471,4.96113863759219e-05,0.0017483995573205,0.00271359996452654,0.0637981876811839,0.0876759538704611
0.231673503178225,0.000200492308094517,0.0789726389295854,0.023596215955658,0.00338968339748687,1.66140891201237,1.47868257747242,0,0.00919019112131159,1.03134557302999,0.0151348903150637,0.306681272165516,0.0216947717544594,2.76649944091734,0.011749335364902,0.00038185167110638,0.0845990505985579,0.00490796209950834,0.00849040170674868,0.029272366969283,0.0607310616190662,3.45574541519523e-05,0.109804459278663,0.0237246027220218,7.71681028926253e-05,0.0722288806447504,0.0231341265192772,0.165075414365915,0.151840455902269,0.535455067333793,0.000193587276641351,0.024445189183764,0.013644783981019,0.035728633468439,0.0389513312570924,0.340904007978938,0.00844496889642671,0.0479341938454823,0.0152778964875284,0.170702258692224,0.0266226056957662,0.000617435370879066,0.0133166338397406,0.000282213791670451,0.00417569994141677,0.000988715750335472,0.00604241565854736,0.000185179839035833,0.000693749075686959,0,3.82283477413148e-05,0,0.00207119767979882,3.93959701302409e-05,0.000481919754322329,0.00601697692747955,0.00135603289451396,0.0111793979536907,7.86613144233406e-05,0,0.00394369365118861,0,0.000249043784772229,0.00241674333353415,0.00123881271369589,0,0,0,0.000208504247573054,0.00011349597086519,6.36558262843609e-05,0.000387470732077229,0.0620168111293676,0,0,0.000423616628658425,0.0381140489966193,0.00115487667003893,0.000889136706524436,0,0,0.0003026556452658,0.00221479581917449,0.0102648962746315
0.000389929779511565,0.138835031112195,0.000457412270459682,0.338901982806335,0.00872681041416602,0.0101039362957678,0.109442066811159,0.00919019112131159,0,0.0510276870590555,0.00318635963116515,0.0991133959465883,0.0264033302910992,0.0119183473787621,0.120181489635217,0.0310441072764345,0.00327143576311403,0.000743358896862066,0.000568557103164503,0.0130741701193786,0.00594185874246333,0.852065840034417,0.0157446467983044,2.77812079380302,0.130627213893405,0.00942907221147513,0.326169860659342,0.558898761467436,0.00853528864519937,0.000798740195725185,0.000913025470735345,0.00586390663321991,0.00369387711259035,0.00674500617042311,0.00399503958116298,0.0438654646124561,0.00595896364266665,0.00999637114700104,0.00336379089504456,0.0885568144345951,0.00369780885224552,0.0136898278053452,0.0526287823925208,0.00359203224028434,0.0193013208734865,0.00196254341503504,0.0494978679945663,0.00288693026789834,0.000898289401184919,0.000899109292688256,0.00216028710359093,0.00125378265261574,0.0866551229154934,0.00421778569546073,0.0180204886592788,0.0357698130234676,0.0218598992509471,0.430720041426628,0.033930774364152,0.00395108887915063,0.0485846546947563,0.00536123389125032,0.013153646793937,0.0266215550105504,0.106767587219489,0.000254628132624852,0.000114294770727665,0.000284996114038694,0.0125144457579488,0.0276063916358667,0.18094284090847,0.0285192883371079,0.596043626653125,0.00274159987424815,0.00351394541179305,0.0224086343598532,0.307488696849344,0.0177707661297768,0.012384656143651,0.00174480073264369,0.00137140502036808,0.000802656243557876,0.0124310466354043,0.00903601796515784
0.00281821027294845,0.000151818758195242,0.0014907614116442,0.720212692987045,0.031078885000874,3.02893839203691,1.2230143622697,1.03134557302999,0.0510276870590555,0,0.138113942230945,1.56712065111992,0.0658408560102656,0.651630585657076,0.115788918532143,0.000168900857229933,0.01392584325668,0.0326370577701905,0.012435549705706,0.92057745445104,0.00116853152673667,0.000132818897484556,0.00337794853704436,0.142499363563883,0.000100374558991352,0.0291758800381586,0.00484818906613825,1.57676823074626,0.200829794299081,0.00677920944127976,0.00230312856915276,0.188117267678709,0.00268936371578121,0.162438669608445,0.1190632852694,0.525689420828881,0.0150636986390952,0.147112977518033,0.0388758406811904,0.201076893904125,0.145706961937419,0.0029192067218075,0.0238888547885054,0.000537436451765296,0.00793244801046742,0.00282601617576205,0.0631907295547451,0.00152941589712717,0.00115456945521005,4.21352905346096e-05,0,0,0.0325672686261297,0.00150814248891844,0.00995923926348889,0.0327515660253511,0.00909345933206287,0.0149701732147273,0.00520533759083818,0,0.045041475178806,0,0.00168962406699041,0.0173548268011604,0.00109321830127555,0,0,0,0.00398935240534014,0.000317048935837832,0.000318550038070905,0.000403242459422628,0.130300760589067,0,0.000541730240534168,0.00106001895868193,0.0960656931431992,0.00143957035194503,0.00115913501410129,0,0.000105407495804053,0,0.00687898666340252,0.0255768389754417
0.00383045693506025,0.0120082292918455,0.0236657709317419,0.00599056526360394,0.00083614426492177,0.0159433975728973,0.140656231291049,0.0151348903150637,0.00318635963116515,0.138113942230945,0,0.0673663905726783,0.80878771828179,0.0524297627268793,0.00111439170086626,0.00191682439443115,0.153518730946992,0.888817418594964,0.16029623955248,0.0105638088105801,0.0243133003017288,0.00177521404018287,0.0733662937770626,0.00661283145136539,0.0114217351043003,0.573179478258049,0.156732731768238,0.0482701890444786,0.141095141687228,0.0354593063433577,0.162368416970848,0.109708178981418,0.00634062619819798,0.800596761311616,0.0166635054265888,0.230799530000331,0.651743396224265,0.895170801470943,0.175403150113826,0.00325125109515459,0.00355650000444669,0.218926871144397,0.0028523047536391,0.19652582889934,0.00294841669599291,0.00115247629150699,0.000408436071937394,0.000643989846264935,0.0765189012859767,0,0.0350506648916918,0.00131578864028691,0.000252925084649158,8.43347617678049e-05,0,0.000202848512628269,0,0.0058661418917753,0,0.120736388995145,0.000879813290508979,0.325743676850019,0.000243180582335049,0.000478759424759578,0.000355961288777107,0.000443853351364821,0.000219681796989745,3.49314301456332e-05,0,0,0.00705136239334905,0.000384826321568361,0.0104495719373522,0.0583729873173228,0.0742043258508429,0.240950773410756,0.00267328509212155,0.00019718609882977,9.84857199370865e-05,0.119792190507214,0,0,0.00207940644390189,0.00903105479549176
0.000581715965391695,3.93819505095899e-05,0.00022361379046126,1.10374650266839,0.0690294346383211,0.843744387258207,0.0203711565626524,0.306681272165516,0.0991133959465883,1.56712065111992,0.0673663905726783,0,0.0501062288462201,0.266930716737178,0.475888255265108,0.000202157614574575,0.00456197790337942,0.0185079250472334,0.00490512698831643,1.70630004439745,0.000710087388308474,0.000593336688106126,0.00106383366162817,0.0584049218855875,0.000307339621925503,0.0124820638906265,0.0046359419008544,0.0357457116333202,0.0911576649767889,0.00193105358278041,0.00168339474940116,0.0915644420428636,0.000228910760974493,0.0806465109574162,0.371610952643012,0.196633027430298,0.00721314754906832,0.0575887236514899,0.0211710864901611,0.52382636896318,0.0337433429227787,0.00159157295031671,0.0260990829013033,0.000382021006425035,0.00774175136858836,0.00167726739382046,0.170527786755267,0.00236807020417373,0.000842605911563573,4.58137513349056e-05,6.40015888490498e-05,0.000112879535560584,0.0578758103885798,0.00805549860911101,0.0382447057595408,0.0248626058877616,0.021292619299391,0.0131299567281125,0.0198257694207771,0.000263106091360873,0.177706588873928,0.000123237969853353,0.00702225191517218,0.0441434180170915,0.000654295108521128,0.000185912970139169,0.000147407074220973,6.63822020549655e-05,0.0235172344494228,0.000386877038219753,0.000932672105269447,0.00098859444851654,0.122887722050206,0,0.000305448642851045,0.000564400452363982,0.104148991081174,0.00536150814727986,0.00147978227942521,0,0.00064278238217451,0.000156806182252938,0.00906265983050776,0.0595943550990257
0.00101235389827477,0.125633360000717,0.00692826921328043,0.0307860830412548,0.0040670570809699,0.0226971824520336,0.115401900795062,0.0216947717544594,0.0264033302910992,0.0658408560102656,0.80878771828179,0.0501062288462201,0,0.0233741055293813,0.015320016113613,0.0453237548607028,0.00779962086643994,0.0239888766447968,0.00266830831093172,0.00834120173605313,0.0513944650973102,0.0361118222938362,0.142525651101612,0.0723399474836729,0.462275054794484,0.0472265523161116,0.168867261667578,0.155052315800036,0.0271736489682411,0.0262097210095758,0.103918967306896,0.0396896108284715,0.00291229673844714,0.0696822112258401,0.0338275945970183,0.417075045280026,0.611384715525658,0.687554223623063,0.191085451370441,0.241952673158603,0.043601383824015,0.346829463006279,0.0553731452667456,0.391554845014614,0.143724299214623,0.0279435845743035,0.161950097982081,0.0240088092905411,0.218918524174804,0.000185225958959359,0.0884267270986978,0.000428538311793512,0.00679917534940769,0.00250924121227666,0.0104830016456543,0.00690594071290732,0.0247523902269401,0.012472160315137,0.00700946543636551,0.286777362044972,0.0125219237922503,0.770123688049972,0.0216871377475234,0.00914367833735788,0.00483994945090688,0.00086589406666571,0.00244393693590384,0.000664122967110097,0.00353739839324107,0.00504329151191284,0.0191341289119619,0.00510369769762898,0.0404474311755487,0.313247977444994,0.262659135286303,0.88975789698377,0.0458430685838242,0.0147345185757736,0.00793045689835516,0.401636911443708,0.0124450933372644,0.000125158204994547,0.195593885655087,0.0183216878665235
1.08509292799373,4.71005504529476e-05,0.136411507881156,0.0261186645252589,0.00299557086639363,0.215639615063037,2.32446726981799,2.76649944091734,0.0119183473787621,0.651630585657076,0.0524297627268793,0.266930716737178,0.0233741055293813,0,0.00863876844814072,0.000208488555750578,0.195527332930749,0.0145900116743352,0.0226292743185345,0.0299730783555566,0.11091975372714,0.000435651400488823,0.194860132243832,0.0244286060155066,4.60982943917394e-05,0.140550259883749,0.0469517783743126,0.168642590659863,1.18513266769483,1.37112374919558,0.00138626616414513,0.059590753457485,0.0289212883157377,0.0807585681852414,0.0268590962266067,0.286619927000366,0.0141616185430045,0.0773097854874854,0.0259494653255745,0.0446124582067055,0.0311058767296646,0.00115690774827248,0.0175167545145736,0.000674706645993226,0.0049318820756649,0.00101033408749638,0.00936182468479046,0.000369244896762705,0.000211097237875828,4.52995144364297e-05,0,0.000161747583434534,0.00211826223809822,0.000438659246147731,0.000448472010129163,0.00674788153390178,0.00217715524290919,0.0136309269695534,0.000221016913284603,0,0.00476217742187418,5.74665793290019e-05,0.000546820248699308,0.00375222417336648,0.00121980257839989,5.20281509927035e-05,0,0,0.000158070498716989,0.000527678086599457,0.000277972587676799,0.00107020705234424,0.075972436895263,0,0.000112654932976282,0.0010775003805076,0.0486228563245944,0.000823734471971548,0.00241716715955631,0,0,0.000481332983181334,0.00309092848397902,0.0102681678130808
0.000189131351482212,0.00114984884439074,0.00279323613528745,0.0991835661187557,0.166060311063588,0.441980774216991,0.0641850302725436,0.011749335364902,0.120181489635217,0.115788918532143,0.00111439170086626,0.475888255265108,0.015320016113613,0.00863876844814072,0,0.00115415062339779,0.00417627130192399,0.000467571807294405,0.000606052374547184,0.0385855821131735,0.0158926777207604,0.00794271207484653,0.0178995027396741,0.12665533844322,0.00171169832549957,0.00110580893339715,0.0113676921442043,0.0832422439175333,0.00856392198347889,0.0174353636566521,5.5850605291152e-05,0.00713091915443047,0.000615271810465288,0.00286115661869373,0.336659999244963,0.0647451999049887,0.00597409229145606,0.00681468968458034,0.00507563595376581,0.52359912227693,0.00511144036533431,0.000421213390959972,0.0152729038627241,0.00329108381603361,0.00492154238396757,0.0103326711172218,0.0448800416109855,0.00107820518869253,0.000407324221958417,8.88061498170259e-05,5.26313729168236e-05,0.0012433092245868,0.0131565395811614,0.00303523834785309,0.010030116411234,0.0085160555222878,0.00644515274224815,0.00617501507456571,0.00644954675114867,0.000285402802480561,0.023116052812026,0,0.00274841325311561,0.0122087792436235,0.00232344633890293,0.000187670135741758,0.000229768155087495,0.000291421584385675,0.0051297792235757,0.000961107603659097,0.00180392690509652,0.00395271806905736,0.0438027224379318,0,0.00205924154873367,0.00335097770082303,0.040265406617121,0.0027851636232839,0.00102942944287553,6.4229754815811e-05,0.000388646339727545,0,0.00343125389190178,0.127850491985375
0.000397420492188465,0.0187636967295084,0.00252814319194753,0,0.0031296695531859,0.000137402325544393,0.00165049431288362,0.00038185167110638,0.0310441072764345,0.000168900857229933,0.00191682439443115,0.000202157614574575,0.0453237548607028,0.000208488555750578,0.00115415062339779,0,0.0189636706948517,0.000937539095958268,0.00238440117353991,0,1.09527506592012,0.83332621872118,1.14329646165675,0.289496924297359,0.00767283038841655,0.00558690781196342,0.719938195732438,0.251019853873836,0.000692329441036507,0.00680513987682415,0.00013896671016525,0.000217073804150069,0.000622227050275904,0.0144471446081597,0.0248198592830405,0.303383575689579,0.0986168895906839,0.0916777841686723,0.0548306528057639,0.00249207696881575,0.00422293793591073,0.000696033300890404,0.0395976573136327,0.00391324757147975,0.0108169280075026,0.00696855850497894,0.00241442705033055,0.00059305130894838,0.00083191903393929,9.85832899274531e-05,0.00225294654888113,0.0050152340207177,0.000150170308106786,0.000750171083788055,0,0.0011124195229559,0.000605274208460789,0.0116446213998742,0,0,0.000416822746370262,0.000436169656146148,0.001138712114615,0.00157490317842826,0.754390462917667,0.00143932298551803,7.31802698244811e-05,0.000344005448854243,7.24559924325883e-05,0.10241909098439,0.26078685262267,0.41659578377418,0.157985559476658,0.000101258947219515,0.00104374196510409,0.163931625747657,0.086559456446959,0.00166258934867798,0.0191421714487523,0.000129390458229327,0.000168938016441005,0.000119689089764059,0.00596118186566596,0.0197211809231424
0.0789066067825776,0.0194029969753396,0.86403894613786,0.00118729153348659,0.00205223246004288,0.00479454945256886,0.133834328809006,0.0845990505985579,0.00327143576311403,0.01392584325668,0.153518730946992,0.00456197790337942,0.00779962086643994,0.195527332930749,0.00417627130192399,0.0189636706948517,0,0.0958960010135034,1.03571039252789,0.000824038568840784,0.317887102922002,0.00895180066312618,1.37396568287637,0.0138227918608971,0.000341536328394633,1.66850085480238,1.98024627012487,0.0726211459054374,0.367016230059259,0.87612102531434,0.000118139195070615,0.00422787129210944,0.0690198857214105,1.19889239595764,0.0508362088818025,0.660510314205089,0.320878232415375,0.823643670454462,0.297356608889051,0.00644913781568561,0.021560205622559,0.000400367200456571,0.00959415320980319,0.00406054083395246,0.00390736051030583,0.00746147855532459,0.000143862200448549,0.000496586350356793,4.83056505675793e-05,0,0.00825639585381692,0.0604335458543896,3.85942090770364e-05,0.00115741265119916,0,0.000107231084149638,6.94091038471609e-05,0.000537988036992908,9.79452304653289e-05,0.000129843020243558,4.28025289232075e-05,0.000128203160096615,6.49592329544484e-05,0.00298535554968377,0.00568587364045372,0.00321550216983056,0.000393504979360822,0.00138179452476796,0,0.000477376712922621,0.00303491241531272,0.0253901368479729,0.00188276375094349,0.000284274344949538,0.0173939831213784,0.232620798056395,0.000507060793651115,0,0.000246133944572914,0,0,0,0.00129717434900487,0.0385782425779928
0.00168089770167805,0.00173171679600716,0.0136955510678807,0.001390967805925,0.000371098958000461,0.00422387799701302,0.0449475348219417,0.00490796209950834,0.000743358896862066,0.0326370577701905,0.888817418594964,0.0185079250472334,0.0239888766447968,0.0145900116743352,0.000467571807294405,0.000937539095958268,0.0958960010135034,0,0.8332946606397,0.00347477643310687,0.012667307571939,0.000372860854043031,0.0415637267105409,0.0017504551014593,0.000348919719058922,0.326881141536911,0.107301812476397,0.0134675267082463,0.034691172925439,0.0153955015036985,0.00452668693739962,0.0259804063994189,0.00298646265678079,0.206282164089304,0.0213779516888042,0.25709757236801,0.554430046216341,0.564925836577869,0.227934069348144,0.00186013456031467,0.00184613378677173,0.00322132266642294,0.00123789582702156,0.0112852048344956,0.000665344888778794,0.00157909799872845,8.37597632262589e-05,0.000151776771496761,0.000293571777138442,0,0.00274359795137961,0.00115385848824607,7.03129961198151e-05,0.000826861369939792,0,0,0.000139515650228369,0.000595722544361511,0,0.00104089435470123,0.000118639521837845,0.0014190514476692,5.80238306333303e-05,0.000347368475655079,0,7.56295975857139e-05,0.00120950581152617,0.000628904724490869,0,0,0.000267367284636152,0.000314513118911713,0,0.000883333041439708,0.0434133774487984,0.0928605720694799,0,5.53563651394904e-05,0,0.00163936466259329,0,0,0.00051772212291806,0.0103930441948349
0.00815402157784142,0.00474939835102112,0.0470065701722647,0.000618889527041283,0.000157928169955474,0.00154610980645268,0.0298453796828246,0.00849040170674868,0.000568557103164503,0.012435549705706,0.16029623955248,0.00490512698831643,0.00266830831093172,0.0226292743185345,0.000606052374547184,0.00238440117353991,1.03571039252789,0.8332946606397,0,0.00085157172522821,0.0277036913441716,0.00183267520227472,0.109221545130897,0.00268085687423778,0.000410328865052223,1.93715714837377,0.349476778968305,0.0114998758986263,0.0444564672352839,0.0466970573424158,0.000319611226804438,0.0047729489646694,0.00713123390660955,0.292164921098491,0.0187414447099732,0.275109477563069,0.242404023264469,0.28901884505811,0.148026973650916,0.000828035691089598,0.00173864881162191,0.000316918812656596,0.00217605119902712,0.00284177855420528,0.000551794227955729,0.00227240275396731,7.05972853603005e-05,5.65118516232133e-05,6.26530327297091e-05,0,0.00364499584884753,0.0103804444029291,0,0.00036211140073531,0,7.5479865847373e-05,0,0.000258953093525052,0,0,0.000239354808516908,0,0.000118371847614592,0.000818882518657171,0.000330747657972702,0.000828477622677946,0.000220136800120032,0.000836229763705216,0,4.13194501392603e-05,5.1992566936028e-05,0.00230875464491072,0.000249016509468367,0.000601619362534469,0.014114267256837,0.0606252079514478,3.92966084950625e-05,0,4.08772921069145e-05,0,0,0,0.000109235068732193,0.0115496471693945
0.000292006561393464,0,0.000170269825658149,2.24337084310697,0.00586789720849998,0.0304957998057726,0.00363416384550511,0.029272366969283,0.0130741701193786,0.92057745445104,0.0105638088105801,1.70630004439745,0.00834120173605313,0.0299730783555566,0.0385855821131735,0,0.000824038568840784,0.00347477643310687,0.00085157172522821,0,0,0.000160921849178391,0.000115811253733766,0.0442987129992021,0,0.00215388233918351,0.000661721662895003,0.0467534389514148,0.0126431142156682,0.000476622101988709,0.000294986905304512,0.013305701367427,0.000118314524934203,0.0104542668181612,0.00270322275031239,0.0424026250271689,0.00077576569790807,0.00906852706414576,0.00275506155430925,0.051812255956466,0.00931592284176399,0.000219842091967287,0.00305886467591343,8.09997990922273e-05,0.00108953844946212,0,0.0172075125689782,0.000164351201674795,0.000134558258616829,0,0,0,0.013968811542609,0.00104307688166606,0.00356269053790256,0.00446606943961992,0.00344776880098023,0.00125749329832435,0.00197647359279562,0,0.0462250594184529,0,0.000727634645615781,0.00458586754599397,0,0,0,0,0.00116102316635838,3.9312862694937e-05,0,0.000157864447121674,0.0194534787751142,0,0,0,0.0144215548339691,0.000188566119893286,3.98987255715489e-05,0,0,0,0.00120405076319585,0.00109906449801739
0.0320067174703872,0.00328085010261529,0.115221096976314,0.000778995028191629,0.0233085778672496,0.00337707613541766,0.474948522705687,0.0607310616190662,0.00594185874246333,0.00116853152673667,0.0243133003017288,0.000710087388308474,0.0513944650973102,0.11091975372714,0.0158926777207604,1.09527506592012,0.317887102922002,0.012667307571939,0.0277036913441716,0,0,0.0734211048103126,4.12197645165214,0.0481718905713315,0.00267828437089575,0.0571792634903085,0.243160369650243,2.54774708541111,0.143562683232476,3.06306348458418,0.00020012272411902,0.00418186654148403,0.0436567867818732,1.21132337946991,0.181744187658742,1.4084443118406,0.167591632718371,1.15167505848138,0.441902260942197,0.0161655063866935,0.065876125981652,0.000607774909148601,0.0403487246652493,0.00498834106132419,0.00695087894963267,0.0107074190908377,0.00410675949950319,0.00067159197102403,0.00107851557622577,0.000270649821793824,0.000363392936896717,0.00304085442523766,0.000102363486292303,0.00140864748320266,0.000252649661562094,0.00229223385326514,0.00140385574657272,0.00859050056644107,0.000160105535987883,0.000257978319304538,0.00139672905879561,0.000172057971785605,0.00180286931209459,0.00617206149334903,0.133005894725786,0.000589258342137456,0,4.44428892376602e-05,4.36983911433518e-05,0.0530524634158799,0.0395513614904004,0.0769868972577151,0.0947940684753559,0.000117693784705258,0.000232297372788558,0.0346397974855816,0.0839400477491988,0.00293599662348058,0.0344017861668106,5.86095043918788e-05,0.00017886813813439,0.000433114177619207,0.00444212970062572,0.110288341978948
7.74273489200771e-05,0.409748614540309,0.00561269508264538,0.00270304552429138,0.000806487432124781,2.88225334832847e-05,0.00184907446068057,3.45574541519523e-05,0.852065840034417,0.000132818897484556,0.00177521404018287,0.000593336688106126,0.0361118222938362,0.000435651400488823,0.00794271207484653,0.83332621872118,0.00895180066312618,0.000372860854043031,0.00183267520227472,0.000160921849178391,0.0734211048103126,0,0.12202235135285,1.3240082601998,0.178248176016787,0.0146229580043323,1.42018504988839,0.145082331057206,0.00174005886594941,0.000861785354805872,0.0015305043984905,0.000125793303265941,0.00123411424462038,0.0029795095943163,0.00227458226250831,0.0371421043157793,0.0156761633104232,0.0159813494275415,0.00778005985262067,0.00541594277088526,0.000400113976346404,0.0269698157377637,0.0630859535614808,0.0127218321386023,0.0153027325590496,0.0165079788320836,0.00189452219142244,0.000374827711763656,0.0011186981481034,5.59423126215517e-05,0.0417705208381181,0.0232613865003119,0.00181283117078509,0,0,0.00222142455411374,0.000483836465895394,0.0360997932154549,0.000156280120498705,0.00344858234458646,0.00130787567176545,0.00846573280066529,0.000899598277348469,0.000551519056196618,0.401602805177976,0.00516092624699118,0.00100390034323413,0.00191969801852132,0,0.0409839714664864,0.523530632023102,0.191613870899385,0.140284004588443,0.00499295311339829,0.0124098235400657,0.758448594282978,0.0640558651335566,0.00161670477760509,0.0080346371423472,0.00358647007647824,0.000124573670921171,8.16667289197743e-05,0.00593286087328693,0.00646757051132401
0.0558321058741631,0.00478555171030064,2.43501609180233,0.00205669887876615,0.0357108602075806,0.00521666120160974,0.657217396628149,0.109804459278663,0.0157446467983044,0.00337794853704436,0.0733662937770626,0.00106383366162817,0.142525651101612,0.194860132243832,0.0178995027396741,1.14329646165675,1.37396568287637,0.0415637267105409,0.109221545130897,0.000115811253733766,4.12197645165214,0.12202235135285,0,0.108704936346018,0.00115992363891427,0.758824521323114,1.59401065499375,0.820298889682271,0.130284366056124,1.59807594162606,0.000358684536634478,0.00571439837270856,0.0337292935981497,1.45195924072762,0.351116309313252,3.43522249803813,0.816355277391664,2.6863443903672,1.16409613486971,0.0525322252587805,0.10067658727228,0.00138939763329605,0.0717645203135013,0.00719254830196466,0.019934922394851,0.0361588015001675,0.00415113518713004,0.00185697624386394,0.00148024950306615,0.000399070114311236,0.00359231700978517,0.0334178198528687,0.000433771522147012,0.00527971369896897,0.000400334119725841,0.00154121932282127,0.000998746007555056,0.00451428931270374,0.000278744293888288,0.000546684810305131,0.00230150680710681,0,0.000726102157249361,0.0132538132409415,0.86922359885342,0.00440868076449108,0.000312734284360486,0.00127366433353036,0,0.0937249499542361,0.148070754388045,0.70314306754279,0.09999019033052,0,0.00142650523255582,0.371073355717105,0.0694067917071359,0.0013897096407748,0.015683080624597,4.3683440862757e-05,0.000246669128785313,5.81182851524412e-05,0.0103463350889125,0.316185120977459
0.00174373338015433,0.236553115880319,0.00520413765414436,0.566239743443657,0.00844318301722755,0.0120759358528613,0.641220459455276,0.0237246027220218,2.77812079380302,0.142499363563883,0.00661283145136539,0.0584049218855875,0.0723399474836729,0.0244286060155066,0.12665533844322,0.289496924297359,0.0138227918608971,0.0017504551014593,0.00268085687423778,0.0442987129992021,0.0481718905713315,1.3240082601998,0.108704936346018,0,0.170714537879245,0.016733261320708,0.879111500073514,1.70066037615193,0.0187750504523547,0.0158282877207349,0.000631981590777749,0.00759216607979209,0.0134872766758949,0.0272529546651398,0.0316283337169318,0.265872701180795,0.0327791388392988,0.061404332199533,0.0274905836294892,0.109016055258532,0.0165331598897899,0.0177339909577699,0.379865750588543,0.0110675707531522,0.136000065750227,0.0231880423920346,0.163552370953727,0.0195325237030872,0.0028168341329642,0.00402374587173553,0.00459130701696801,0.00411214061511268,0.132060627089988,0.00483640306418994,0.0253046994532434,0.17202416724779,0.0784481662100202,0.56392663468878,0.0488548890117228,0.00938268134895087,0.0514282197353293,0.00432554648686411,0.068409560836365,0.0432442086386449,0.176716931634152,0.00191025977798059,0.000235156516904891,0.000583097895872444,0.0140951720632035,0.0795517927981054,0.122713522480585,0.0789398105072357,1.7825059526756,0.00422244881438875,0.00500625304277044,0.0574764158944869,1.18266637525199,0.109471091994602,0.103421104894848,0.00141177840739493,0.00645662321314957,0.00751969420144217,0.0878623694367835,0.0376317084894434
0,0.654150025568556,0,0.000107287249726087,0.000105454013870871,0,0.000285727319123858,7.71681028926253e-05,0.130627213893405,0.000100374558991352,0.0114217351043003,0.000307339621925503,0.462275054794484,4.60982943917394e-05,0.00171169832549957,0.00767283038841655,0.000341536328394633,0.000348919719058922,0.000410328865052223,0,0.00267828437089575,0.178248176016787,0.00115992363891427,0.170714537879245,0,0.028456732102966,0.760998545995183,0.00749950671164216,8.96580794133513e-05,0,0.0285195088637003,0,0,0.000131734994676244,4.48520063536048e-05,0.00109415531160486,0.00875576232182344,0.00406166383692039,0.000578556165857202,0.000847428342552883,0.000106992320106137,0.0730279117861743,0.00391638005340766,0.0406418914759156,0.00303509158974747,0.00212450232795189,0,0,0.0228236419709576,0,0.0770823072908648,0.00141699146920949,0.000720340976542226,0,0,0,5.29243167971074e-05,0.00333220645399031,0,0.033731939237926,9.93157516523811e-05,0.195075127314485,0,0.000105774260427367,0.000357306585098249,0.00119869334955419,0.00242961668720702,0.00164641381694118,0,0,0.00657759794243933,0.00038629104096978,0.00364897194913055,0.222626252625317,0.102917367087224,0.508754340078998,0.00061738735728651,0.000135812427403739,0,0.0452814989004017,0,0,0.000653468981098485,0.000154009852706021
0.0541748919600875,0.04233964737826,2.25352810493973,0.00122985599511706,0.00159450908539204,0.00663403479630841,0.115484222728489,0.0722288806447504,0.00942907221147513,0.0291758800381586,0.573179478258049,0.0124820638906265,0.0472265523161116,0.140550259883749,0.00110580893339715,0.00558690781196342,1.66850085480238,0.326881141536911,1.93715714837377,0.00215388233918351,0.0571792634903085,0.0146229580043323,0.758824521323114,0.016733261320708,0.028456732102966,0,2.86827616724403,0.040933663767308,0.166405326601973,0.275115225328836,0.0141047911777532,0.0199238293836971,0.0223989777153215,0.286103446548269,0.0619881612830718,0.944391976209279,1.82704394621466,0.885031632071862,0.4655538622105,0.00474816296713238,0.00842418288777017,0.0104177896141052,0.0326564184706547,0.17325924313039,0.0193820311950334,0.0189140055491779,0.000242681106599104,5.30324226543247e-05,0.00435943362945894,7.74489979615509e-05,0.0755321216840721,0.186318990989296,5.09726532198429e-05,0.00102494572233785,0,0.000852982635563792,0.00095383787792773,0.00276318148020202,0,0.0304523430751652,0.00052081354880743,0.0743602297533036,0.000668542850347775,0.00242890997042268,0.0022780284763731,0.0247378303208658,0.0170880459144059,0.0266985594043867,0,0.000800193704904553,0.00921809163456053,0.023517003936899,0.00379477515535813,0.0619872115943671,0.922705803031065,2.70251613350929,0.000738476532865408,0.000166497452808976,0.000273079376763845,0.0948035127452786,5.00443174374879e-05,0,0.00706674538353824,0.0387240063232434
