0,1.46686613559723,43.2014063298702,0,1.27953374385834,25.8109654784203,8213.50676646829,1798.32002794743,0,7.99006256461143,9.40871107578278,1.51777869462967,0,13338.0369566083,2.59106546640396,1.04207330942154,224.563666313887,19.3743530809879,34.3285816907883,0.704460740089417,121.77230104804,0,370.651419639587,5.88018161058426,0,56.9123113453388,25.5050891041756,25.343540251255,10234.3381186128,5825.56002262235,0.54533988237381,20.2541454732418,19.1758348345757,178.457979857922,9.66160652041435,50.3049550354481,3.1727180480957,55.448149740696,19.4094440042973,4.73295050859451,10.6323455572128,0.52127742767334,0,0,0,0,0.790023922920227,0,0,0,0.442276895046234,0.410623013973236,0,0,0,1.13157403469086,0,0,0,0,0,1.06042671203613,0,0,0,0,0,0,0,0,0.497512072324753,0.470224380493164,8.50031810998917,0,0.360090792179108,2.13392245769501,9.11218464374542,0,0,0,0,0,1.66974896192551,0.657775044441223
1.46686613559723,0,289.571434527636,1.06548285484314,4.1836923956871,3.3025995194912,42.6665821075439,6.64804431796074,1320.38208550215,5.58338186144829,123.609232276678,0,606.768975108862,4.02186185121536,8.13030159473419,1823.79856705666,302.535692662001,13.4803085327148,50.7701430022717,0,179.420533299446,5635.30876579881,829.486461669207,4784.53448098898,3053.2822496295,373.459388315678,35884.9793393016,570.771146416664,5.80488094687462,21.3634993433952,22.8760957717896,3.19063371419907,0.46582305431366,476.015839248896,46.0861992537975,649.697104483843,284.395537734032,238.750863432884,283.575956434011,3.76249152421951,2.54451131820679,657.358523309231,293.983094632626,104.834032595158,122.748295545578,153.59495639801,3.06216380000114,0,27.8718837201595,0,2510.64771097898,152.154026299715,0,1.21207964420319,0,20.994509190321,0.564813315868378,14.0288856625557,3.75144678354263,44.7348034381866,0,127.984873086214,4.74880710244179,0,81.2049835920334,239.487500429153,2.33790826797485,37.7938177883625,0,28.7547566890717,120.705279797316,168.646576136351,92.2718530595303,60.6812015175819,570.444987982512,5823.73853540421,49.3195735812187,2.22370582818985,5.88373804092407,123.06157836318,0,0,21.3752072155476,20.9974516034126
43.2014063298702,289.571434527636,0,1.75819051265717,6.85247522592545,26.786896944046,1838.92111098766,789.635162562132,48.1929773688316,52.6233417093754,33.6280181407928,24.7699870169163,1.39681804180145,512.309648454189,42.5332107543945,199.901094555855,20411.0255098939,268.706233114004,2478.30580601096,2.66853731870651,5967.0038408041,187.755542933941,61285.3542810678,243.401838123798,4.50109565258026,47318.7653423548,16592.3850012422,4717.1509436667,226.830703109503,3880.06509745121,2.35573887825012,12.5987562835217,14.400622010231,4024.63253870606,416.20350971818,4834.59521096945,1263.74862536788,2229.96015220881,3970.46132165194,39.4811508059502,33.6768953502178,12.6456290483475,1069.56156980991,164.944162786007,498.219384670258,552.458032101393,10.7601142525673,2.90323555469513,4.23953568935394,0,490.566122561693,871.154914885759,0,5.72206890583038,0,91.7191934585571,0,15.1158944368362,0,10.2155224084854,0,4.34586799144745,9.49498105049133,4.38012665510178,333.768733382225,1026.91030544043,18.6524424850941,99.2663453519344,0,122.597900152206,291.631263792515,851.63858756423,129.577179163694,0,1011.44893947244,9024.98646908998,180.828215956688,6.42126771807671,28.5223899483681,8.53148177266121,0,0.439934134483337,65.6180785298347,147.991434246302
0,1.06548285484314,1.75819051265717,0,147.919901877642,89.5636968612671,102.982314348221,66.8425358533859,2754.24646100402,6620.62362083793,13.1185086965561,7383.75341552496,0.452595919370651,71.0687355697155,1743.60556814075,0,0,11.8564147055149,2.49232965707779,33306.8849568963,0,2.43761026859283,0.505852818489075,2426.42833068967,0.587425053119659,3.50391355156898,2.31671893596649,9841.12347003818,55.3770161271095,0,0,50.9435069859028,2.95079058408737,68.7084238529205,7.61409771442413,134.054803580046,4.03111770749092,30.7897746264935,4.13742792606354,916.700606554747,7.3465681374073,4.74377608299255,72.9275848865509,1.57833218574524,12.6078062057495,2.0301079750061,17.7621774077415,6.05076089501381,0,0,0,0,341.212488800287,1.79392063617706,19.3120756745338,161.560436874628,17.747184753418,222.176952391863,340.932179540396,0.790036559104919,142.648494839668,0,0.972990125417709,3.83842718601227,0.548628211021423,0,0.44279557466507,0,103.1512812078,0,0,0,217.292376965284,0,0,0,529.921480417252,4.7088537812233,1.28204154968262,0,0,0.598395109176636,11.570820748806,4.33710086345673
1.27953374385834,4.1836923956871,6.85247522592545,147.919901877642,0,7559.39779791236,399.895102411509,405.726363509893,133.868100881577,736.641474634409,35.3786563277245,1115.65739247203,1.60804152488708,22.0154846012592,5534.86973401904,34.4691279530525,7.33077049255371,23.5085685253143,1.79808992147446,127.499023884535,54.8883162140846,10.7825523018837,205.057748645544,271.238898217678,0,26.9383117556572,118.915602147579,362.095490068197,25.3341047167778,19.7079095840454,5.23796135187149,172.296098470688,1.79298090934753,4453.98323506117,1737.47893092036,1183.75978767872,96.2937446832657,47.1408396363258,209.589662432671,11305.7075454891,6565.77713733912,28.7661024332047,24.5139066874981,20.6865051388741,19.2161809206009,158.652419924736,4.20936506986618,1.24223101139069,0,0,0,2.42701703310013,0,0,0,15.4924030303955,0,4.72778776288033,0.512648522853851,3.20081388950348,1.81378042697906,0,1.34976810216904,3.52223348617554,13.2851675152779,1.4089766740799,10.0729261636734,5.25132769346237,0,4.72737908363342,6.52861380577087,21.8499206900597,17.5425686240196,0,17.1157150864601,33.2513347268105,21.0000659227371,0,1.61269778013229,0,0,0,19.3177990317345,3232.00089088082
25.8109654784203,3.3025995194912,26.786896944046,89.5636968612671,7559.39779791236,0,15744.153431952,16293.3419830799,479.281571030617,42338.017616272,460.771565049887,10417.3786085546,36.6977100968361,2183.83940014243,4417.37451505661,3.20053589344025,93.4114180505276,321.171073794365,108.575915515423,268.601997345686,40.3365862965584,15.397244155407,93.2991404235363,582.87975525856,2.66662237048149,262.639317214489,70.9032838344574,4502.34481081367,1671.50247937441,181.979432970285,16.8348042368889,2211.11307662725,69.1670154333115,1532.26350532472,637.919102579355,2442.01695987582,79.4640992879868,593.448233246803,114.117979943752,3829.49500542879,599.914558500051,62.9192643761635,54.0048192441463,2.6608874797821,18.4825204610825,4.16699832677841,30.9226706922054,1.10994040966034,0,0,0.970727533102036,0,31.2786370664835,0.86014986038208,4.88002836704254,260.332110077143,1.57261255383492,146.021041989326,178.191278427839,0,43.9428916871548,0,0,0.517088949680328,14.5626617670059,0,0,0,13.7316378057003,0.91342681646347,5.42929178476334,1.10655131936073,500.733621239662,0,0.881831049919128,2.87054228782654,648.37877291441,2.15821799635887,0,0.626526415348053,0,0.846905797719955,32.5171608328819,70.2760844826698
8213.50676646829,42.6665821075439,1838.92111098766,102.982314348221,399.895102411509,15744.153431952,0,33231.6764042675,2441.12315055728,10389.4214541614,615.712356597185,465.205082118511,65.0957237482071,23360.901406914,1627.31655463576,114.396093398333,1710.75028675795,612.560360699892,581.528560310602,90.001159787178,2527.30760124326,196.294022917747,3596.92553797364,1754.16876554489,9.59078115224838,2846.71395587921,1827.61835506558,42628.6458635032,13151.5591421723,12389.5938143432,12.7102627754211,1163.36889666319,2167.76979264617,12135.3572272956,3392.69766369462,14346.6758130193,1868.21981850266,6152.41871091723,2635.60010761023,1507.00826141238,1464.89928907156,324.0797739923,872.963937282562,39.1175253391266,392.128499001265,160.868776500225,400.742885559797,63.9307373166084,9.2803772687912,1.08892202377319,23.1299555301666,41.5507511496544,160.063415616751,5.65205839276314,33.7134626507759,3286.03627711535,100.752602338791,1161.37508225441,1606.41803529859,2.4597355723381,296.164392799139,0.994067490100861,39.118720293045,53.9295900166035,140.35557949543,14.2850095033646,0,0,141.745245695114,57.8102025091648,101.098751485348,95.1891679763794,5777.17050737143,1.4996166229248,12.8977368474007,332.037659078836,8806.55676564574,162.21056085825,10.3225704431534,0.497452080249786,3.99627673625946,17.8193586170673,472.444644898176,270.950766056776
1798.32002794743,6.64804431796074,789.635162562132,66.8425358533859,405.726363509893,16293.3419830799,33231.6764042675,0,185.404872387648,13824.1982821226,315.589290291071,3695.47357940674,28.4524750709534,28967.0973133743,324.945246189833,11.3999118208885,3103.74585655332,267.188249021769,397.382483571768,693.426423579454,1067.25278005004,15.3854320645332,4549.56570571661,209.189560383558,4.5436310172081,1001.67014396191,428.867740482092,1446.79353380203,5734.22281238437,11709.8600226045,13.2842034995556,949.408290758729,619.631208628416,4057.10617616773,354.550396382809,3348.77942153811,179.770895838737,1580.60759532452,553.103959053755,911.512024670839,393.212066203356,88.8584952652454,65.9990383088589,0.440476834774017,22.6057246029377,9.14191275835037,48.4606214463711,2.90242320299149,1.22357261180878,0,2.08733323216438,1.46908947825432,9.71460619568825,0.949177712202072,2.49570634961128,264.770987868309,6.78684809803963,130.878089785576,111.674862414598,0.482520073652267,38.5515718460083,2.1742730140686,6.52932065725327,3.77585756778717,31.9640752375126,0.448188066482544,0,0,8.70507037639618,11.1671464145184,13.3024280369282,17.8979953229427,577.169435948133,0,0.340945184230804,17.0574500858784,781.261104762554,2.70201671123505,0,0.583791375160217,0,2.28653067350388,78.5019699037075,9.87398940324783
0,1320.38208550215,48.1929773688316,2754.24646100402,133.868100881577,479.281571030617,2441.12315055728,185.404872387648,0,7041.94513610005,24.6902989149094,1230.58743220568,35.6417220830917,121.625279098749,1125.21193024516,252.905505955219,61.9362650811672,11.8041650354862,26.6559480428696,1205.62265437841,322.755030184984,13464.2571007609,159.089416176081,49932.4654473364,435.092872828245,60.8488111793995,1699.0455712676,17189.4875920117,189.054014831781,240.221609771252,0,68.8266881108284,42.7819397747517,627.727682232857,132.894702672958,1169.35308811069,130.535815238953,173.966966986656,87.6419298052788,949.721722185612,75.8702248632908,35.8551718592644,666.988608330488,27.3258617818356,274.685631543398,99.8368998169899,131.204876422882,54.2784552872181,4.51269274950027,3.4920939207077,12.9230888783932,13.4667162895203,291.632300525904,6.69028267264366,44.6547593474388,1711.6820409894,143.614702105522,5107.16617405415,1772.97875478864,27.2957689166069,241.446477353573,3.27279996871948,94.8177001774311,72.7408181726933,619.481109410524,14.4426416158676,26.4258424341679,4.18085592985153,134.954597979784,187.627265155315,805.756235152483,302.534990876913,11581.1645380259,1.48056146502495,30.589039504528,186.999224931002,8796.78493604064,176.250555962324,14.924154728651,2.0891432762146,16.4739530682564,23.7982578873634,428.108621060848,230.084226727486
7.99006256461143,5.58338186144829,52.6233417093754,6620.62362083793,736.641474634409,42338.017616272,10389.4214541614,13824.1982821226,7041.94513610005,0,1534.93782073259,9950.63626940548,112.897339463234,8637.47590509057,1540.12706401944,0.485299587249756,150.033836811781,1241.17027527094,435.395870476961,20521.6111546159,17.1435273885727,17.9995465278625,57.7798779308796,2442.55629020929,5.49778738617897,852.4549087286,204.7310937047,13704.5646545887,4638.32917276025,92.4229219555855,31.0971840620041,3232.32017326355,31.033823132515,6314.21574446559,379.603477627039,8772.17819231749,227.199404507875,3324.66239106655,248.41383934021,2385.63365724683,1154.63898044825,271.72557631135,380.344584971666,12.5377476811409,109.295306324959,17.3637020885944,179.104026973248,14.8978286385536,3.98284658789635,1.66465139389038,1.68943440914154,0,337.338580429554,1.89349281787872,26.7501991391182,1596.62934619188,40.873473495245,1428.40380054712,2614.75236324966,4.00476688146591,547.706509411335,6.11959165334702,16.759831994772,7.36227351427078,14.859990298748,0,2.29861778020859,0,205.774928629398,3.07186025381088,12.3284012675285,5.05950924754143,2339.21792325377,1.85243099927902,0,2.09659084677696,4681.83945938945,32.3309970200062,0,0,1.11528548598289,8.37460258603096,95.1712617278099,24.1052525043488
9.40871107578278,123.609232276678,33.6280181407928,13.1185086965561,35.3786563277245,460.771565049887,615.712356597185,315.589290291071,24.6902989149094,1534.93782073259,0,972.710613846779,4939.38943123817,305.466520041227,29.6332924962044,15.3612748980522,167.789657950401,13094.7621664405,904.597854733467,185.514342963696,59.5497317612171,31.1061441898346,178.80084207654,31.8790195286274,912.609571635723,2846.06460112333,583.760339349508,115.752805054188,636.587622821331,71.9890548288822,1242.38803955913,1715.83219325542,5.82703813910484,12511.9011617899,142.302144944668,2264.67555430532,5437.25043615699,6148.44522947073,1065.51483228803,229.216956704855,41.052507519722,3828.81378245354,23.7442862987518,1571.47382107377,56.7346555888653,17.3840860724449,2.14144492149353,0,948.63019490242,0,241.967545241117,2.42585927248001,0,0,0,0.836982250213623,1.73450875282288,8.94834727048874,1.03173494338989,3183.21523705125,1.15335983037949,5790.32853737473,5.05168157815933,0,12.2630526721478,4.17349660396576,22.2778289318085,12.0074498057365,1.41925323009491,1.11238539218903,43.45230281353,1.08436113595963,31.5082952678204,622.557030528784,4385.71367126703,878.104501485825,5.32640719413757,0,0,4869.33632862568,2.38889873027802,0,61.1107410490513,27.7599255442619
1.51777869462967,0,24.7699870169163,7383.75341552496,1115.65739247203,10417.3786085546,465.205082118511,3695.47357940674,1230.58743220568,9950.63626940548,972.710613846779,0,79.3482123017311,3169.16732198,3062.1628780663,0.440484642982483,55.8574669063091,702.021237850189,203.469978183508,17310.4197634161,0,4.25462508201599,5.85636541247368,416.74542632699,1.03664422035217,466.324951052666,70.4258202910423,9211.2782164216,1988.24970851839,8.39967411756516,28.8234440684319,2419.77476078272,2.88937121629715,1861.22228047252,772.386255174875,1639.49906143546,64.7770163118839,612.371201276779,30.4490440189838,2073.21104666591,178.208078980446,89.9344235956669,39.6132316589355,1.91319105029106,8.6695454120636,2.79643362760544,33.6233330070972,2.41814994812012,5.22925198078156,0,2.23091673851013,0,325.124627530575,0,5.36410477757454,96.4867277443409,1.31828081607819,122.288741677999,197.141443103552,0.589679360389709,261.953350692987,2.01864656805992,1.86593782901764,0,4.31094482541084,0,0,0,145.374180227518,1.46843016147614,4.45969998836517,3.33135488629341,145.517732322216,1.33388063311577,0,0.95824521780014,337.640933215618,3.71270740032196,0,1.18941795825958,0,0.544080793857574,31.5686665177345,118.051070809364
0,606.768975108862,1.39681804180145,0.452595919370651,1.60804152488708,36.6977100968361,65.0957237482071,28.4524750709534,35.6417220830917,112.897339463234,4939.38943123817,79.3482123017311,0,22.4223271310329,0.810199737548828,86.6775188744068,0.599457144737244,7.09704250097275,1.88488513231277,13.5105884075165,3.23622339963913,208.771994829178,40.5878736972809,122.65655875206,8547.22849914432,205.901970118284,4753.99243962765,30.9916276633739,58.454844981432,4.68850600719452,1950.60993534327,170.3083961308,1.58473598957062,3240.62695538998,9.23897838592529,287.72411942482,2352.83603551984,965.037111371756,100.606547772884,23.9093804955482,11.6571753025055,1768.54109477997,52.4953156113625,1813.31309363246,86.5378438234329,42.1618398725986,0,0,645.633461177349,0,427.00689548254,0.682759523391724,0,0,0,0,0,8.45904830098152,0,5883.56048539281,0,11153.1832162142,1.76437073945999,0,13.9789492487907,3.45666974782944,28.0885142683983,23.1449697315693,0,3.5848588347435,92.8291292488575,2.40080982446671,15.281800866127,3137.93747213483,7905.35942935944,2274.21408948302,4.31634452939034,0.560824394226074,0,12179.6118932664,4.99142694473267,0,40.3358905613422,2.71760106086731
13338.0369566083,4.02186185121536,512.309648454189,71.0687355697155,22.0154846012592,2183.83940014243,23360.901406914,28967.0973133743,121.625279098749,8637.47590509057,305.466520041227,3169.16732198,22.4223271310329,0,103.515559852123,8.91657713055611,3058.74096435308,288.428251832724,446.387146174908,629.725100904703,1385.51283207536,11.0810582339764,4182.86595794559,115.451381951571,0,733.616717636585,394.415790468454,832.550979360938,24279.3269104958,21032.8678802848,14.0856456160545,1666.51765093207,356.253688246012,3385.93483632803,190.790701121092,2146.12775227427,130.983785003424,1146.96200722456,361.424346357584,252.001022398472,158.641656666994,48.0456833541393,20.564614713192,5.57870501279831,7.39881166815758,3.23703551292419,21.7479503452778,0.822574257850647,2.66280940175056,0,5.96780401468277,5.67240333557129,1.92757749557495,0,0,50.4330848157406,2.77356141805649,62.0968853235245,0.398192167282104,0,18.3396881222725,0.927874386310577,1.53958636522293,1.19325113296509,17.0409890115261,0,0,0,1.18764758110046,7.61200699210167,15.3110993504524,10.736275434494,227.589439362288,0,0.838930249214172,16.3075939118862,211.068968504667,1.03055965900421,0,2.19348782300949,0,1.52108705043793,29.7222097814083,6.45130252838135
2.59106546640396,8.13030159473419,42.5332107543945,1743.60556814075,5534.86973401904,4417.37451505661,1627.31655463576,324.945246189833,1125.21193024516,1540.12706401944,29.6332924962044,3062.1628780663,0.810199737548828,103.515559852123,0,65.4649125933647,24.9158139228821,20.268247961998,33.5489062964916,846.252196580172,294.196303784847,57.0052526891232,413.844398528337,2376.66038537025,2.29473149776459,110.055163085461,297.567912787199,3515.7476733923,123.217489898205,246.633243769407,0.835100531578064,106.295872956514,5.04702746868134,204.568828642368,4040.49325221777,180.303592443466,277.923880875111,211.027166098356,364.374722182751,7488.2698276639,548.187490612268,24.6682454943657,53.1464864015579,32.832323551178,34.8651695847511,241.78658914566,22.421699821949,1.63994061946869,1.12712001800537,1.29798674583435,4.37488126754761,13.566144824028,10.4258370995522,2.14827966690063,0.617326557636261,145.65504732728,2.42918556928635,58.5368528366089,24.2296340465546,1.12501966953278,5.8743411898613,0,4.85800230503082,7.1160061955452,16.676356613636,1.24956130981445,5.14285713434219,11.2980616092682,2.38271772861481,15.3304023742676,6.72782850265503,41.3826277852058,188.333461552858,0,38.3875700831413,84.9916498959064,319.245788484812,6.82092469930649,2.2239117026329,1.23385691642761,0,1.52762794494629,14.9959053993225,3654.66831189394
1.04207330942154,1823.79856705666,199.901094555855,0,34.4691279530525,3.20053589344025,114.396093398333,11.3999118208885,252.905505955219,0.485299587249756,15.3612748980522,0.440484642982483,86.6775188744068,8.91657713055611,65.4649125933647,0,274.669907480478,31.1134974658489,96.1867937743664,0,9135.14030620456,13849.3961617947,13000.4964236915,2849.50562164187,408.667251378298,411.111227780581,20140.3211668134,3506.55790761113,6.96899256110191,184.46552324295,3.59082996845245,5.90841323137283,0,1328.3714184463,653.025537878275,4664.80802753568,1029.97469726205,1273.89170464873,1885.76033562422,42.0186685323715,33.3834496736526,74.8820883333683,192.332851022482,45.6742652356625,66.1582016944885,113.254792541265,19.5963482260704,5.2882716357708,1.84307557344437,0,91.7308468520641,73.0580814480782,0,9.06871688365936,0,98.7467783093452,3.72409892082214,291.762725502253,5.89823907613754,9.84250712394714,0.617396950721741,13.9484996199608,1.81473457813263,11.6022671461105,3001.3100246191,43.3211660087109,0.977793097496033,5.33913081884384,1.03185299038887,353.279888808727,967.15732422471,2933.93479391932,1723.63432750106,2.62162798643112,73.661367058754,1573.57118877769,1391.9064707756,22.8293152451515,2.15835875272751,7.85918098688126,2.27940821647644,5.87121224403381,314.12751108408,132.627326339483
224.563666313887,302.535692662001,20411.0255098939,0,7.33077049255371,93.4114180505276,1710.75028675795,3103.74585655332,61.9362650811672,150.033836811781,167.789657950401,55.8574669063091,0.599457144737244,3058.74096435308,24.9158139228821,274.669907480478,0,724.983327239752,6882.81325012445,15.5157574415207,5227.22701990604,253.324765115976,19708.6428000927,275.327728360891,5.80646878480911,19081.0607213974,17962.3733530045,2523.28198674321,2297.7044352293,7932.66673287749,0,67.0454188883305,106.733303159475,7219.75299695134,114.996294498444,1634.04292708635,906.506929844618,2457.16406646371,1367.65129581094,18.3327351510525,7.31615081429482,7.30248063802719,337.611412525177,49.2005681395531,181.56079107523,196.965339154005,3.49216145277023,0,0,1.52442502975464,248.224501997232,321.06557404995,0,0.536767303943634,0,31.7975814342499,0,18.5221329629421,0,1.80364239215851,0,0,1.68018686771393,0.871249377727509,105.89032715559,357.524946182966,5.38501515984535,25.6216742098331,0,43.7869708240032,115.42412301898,222.576950639486,138.793329000473,0,393.137202858925,3128.60367739201,185.059180140495,1.58207428455353,10.724412471056,4.18557953834534,0,0,54.1815377771854,28.6558697223663
19.3743530809879,13.4803085327148,268.706233114004,11.8564147055149,23.5085685253143,321.171073794365,612.560360699892,267.188249021769,11.8041650354862,1241.17027527094,13094.7621664405,702.021237850189,7.09704250097275,288.428251832724,20.268247961998,31.1134974658489,724.983327239752,0,2323.34802573919,148.633263558149,238.248814076185,22.530756354332,763.858229845762,20.9792977869511,0.813391387462616,3605.00087672472,995.934299468994,166.598522365093,503.529362648726,179.132304400206,5.71350175142288,919.735720306635,10.3732721209526,7355.96188727021,385.536814928055,3631.77666136622,4608.6495886445,5541.79599496722,2418.73861178756,148.625631928444,30.124647974968,14.8066388368607,8.89000165462494,3.98514777421951,2.28937917947769,18.0031354129314,1.35062229633331,0,0,0,7.85800588130951,6.12947481870651,0,3.23001039028168,0,0,0,2.86781883239746,0,2.02998113632202,0,9.07695782184601,0,2.67724823951721,3.19690036773682,4.3315763771534,1.44854700565338,0.970071971416473,0,0,2.91315597295761,6.35813635587692,2.629747569561,0,109.870822191238,164.75037676096,0,0,0,32.8370079398155,0,0,10.7474757730961,57.3836667239666
34.3285816907883,50.7701430022717,2478.30580601096,2.49232965707779,1.79808992147446,108.575915515423,581.528560310602,397.382483571768,26.6559480428696,435.395870476961,904.597854733467,203.469978183508,1.88488513231277,446.387146174908,33.5489062964916,96.1867937743664,6882.81325012445,2323.34802573919,0,60.274683713913,989.56015509367,64.0733621120453,3239.66576489806,47.3763073980808,0,26886.8723769784,4765.77149784565,560.257088929415,428.812479436398,880.918610364199,2.83333623409271,173.680199712515,25.2404109537601,6611.11218163371,316.416534543037,3714.45909744501,2162.25124374032,4560.02676472068,2090.37840297818,62.233975738287,21.3042610287666,5.31339126825333,35.1233844161034,9.59061282873154,24.7099441587925,33.3690821528435,0,0,0,0,48.435062289238,44.3499425649643,0,5.21918654441833,0,0.881948351860046,0,2.3385808467865,0,0,0,4.36461675167084,0,2.48942697048187,14.6120021343231,47.1756688654423,0,5.90237057209015,0,6.45124366879463,26.8170725107193,37.520600438118,13.995179027319,4.5306608080864,194.593843787909,756.308136194944,13.1122957766056,0,0,10.3348116576672,0,0,4.64923644065857,45.6423889994621
0.704460740089417,0,2.66853731870651,33306.8849568963,127.499023884535,268.601997345686,90.001159787178,693.426423579454,1205.62265437841,20521.6111546159,185.514342963696,17310.4197634161,13.5105884075165,629.725100904703,846.252196580172,0,15.5157574415207,148.633263558149,60.274683713913,0,0,0.887501448392868,2.14839649200439,433.969447940588,0.760464310646057,92.4917532205582,24.4356959760189,12751.9975081384,365.14359164238,2.67788180708885,4.10978820919991,351.717624396086,0.399417102336884,497.371871381998,27.7796305418015,724.729971975088,31.3352861702442,244.906111717224,19.1804453134537,546.834625780582,77.0553797781467,28.6792525351048,57.9797698259354,0,11.6482473611832,0.702439665794373,28.2225003838539,0,0.590935528278351,0,0,0,253.995891481638,0,4.03114277124405,145.76864105463,3.12058103084564,149.1174454391,294.496127843857,0,79.2229098379612,0,0.576808333396912,1.98987799882889,1.22426214814186,0,0,0,69.5368908047676,0,0.614982306957245,0.627390384674072,207.772824794054,0,0,0,406.485793590546,1.64887589216232,0,0,0,0,10.870713442564,0
121.77230104804,179.420533299446,5967.0038408041,0,54.8883162140846,40.3365862965584,2527.30760124326,1067.25278005004,322.755030184984,17.1435273885727,59.5497317612171,0,3.23622339963913,1385.51283207536,294.196303784847,9135.14030620456,5227.22701990604,238.248814076185,989.56015509367,0,0,1653.73077315092,60518.4244229794,661.226675093174,39.1387864053249,4165.77066579461,6508.15131181479,20493.587151587,1766.66402393579,47730.5990864336,3.56212604045868,23.6190906465054,350.563826024532,16580.3996911645,2494.18898335099,9298.14262074232,1320.52605307102,11890.5303046405,7168.96806174517,74.7556013762951,137.100830346346,54.4525838792324,209.593044012785,31.7881783545017,72.0966699719429,164.215611517429,46.3057615756989,17.8214706778526,0.973796427249908,0,42.2428653240204,62.2588661909103,0.51542454957962,22.9240638613701,1.59026032686234,160.177055358887,5.49994400143623,321.420129805803,7.17591565847397,3.07801753282547,0,1.506756067276,7.64095169305801,17.7125896215439,916.767449319363,39.7634792625904,0,2.13911667466164,0,223.821997195482,567.031074821949,563.00361469388,1552.15687078238,1.29998254776001,39.7565898299217,727.045010328293,1687.45326387882,48.6248091459274,2.4734405875206,0,2.05777555704117,11.8132190406322,355.05231192708,339.883411943913
0,5635.30876579881,187.755542933941,2.43761026859283,10.7825523018837,15.397244155407,196.294022917747,15.3854320645332,13464.2571007609,17.9995465278625,31.1061441898346,4.25462508201599,208.771994829178,11.0810582339764,57.0052526891232,13849.3961617947,253.324765115976,22.530756354332,64.0733621120453,0.887501448392868,1653.73077315092,0,3632.48001912236,28103.1588647068,1577.75668013096,414.464857637882,27834.2092590332,4513.1995267272,17.3660412430763,129.268140226603,4.61201530694962,1.05260455608368,6.42870458960533,750.158048510551,193.545757502317,2221.80525940657,636.305591791868,524.097761124372,743.215152263641,44.0416550636292,27.7396061420441,194.18079829216,432.086324065924,97.6199971437454,159.199218124151,154.275005310774,16.2902303338051,5.13717132806778,7.93905746936798,0.570039927959442,427.531633973122,196.694977045059,3.3330902159214,1.68447685241699,1.20289647579193,139.01270699501,11.512953966856,994.38790923357,39.9546391367912,24.6062020361423,2.63814249634743,30.1576792001724,8.28672856092453,20.006044626236,4056.10433602333,138.38414940238,3.11310791969299,19.5811458230019,1.56188851594925,583.827979803085,2502.36067423224,2848.82799988985,3013.42879450321,26.072410941124,211.773865312338,5246.62285089493,2199.75358438492,42.2218800783157,6.49610948562622,28.9139409661293,0.477732241153717,2.90234273672104,164.142437398434,90.1467779874802
370.651419639587,829.486461669207,61285.3542810678,0.505852818489075,205.057748645544,93.2991404235363,3596.92553797364,4549.56570571661,159.089416176081,57.7798779308796,178.80084207654,5.85636541247368,40.5878736972809,4182.86595794559,413.844398528337,13000.4964236915,19708.6428000927,763.858229845762,3239.66576489806,2.14839649200439,60518.4244229794,3632.48001912236,0,1585.99146401882,214.288953125477,15579.3927166462,46728.5588537753,14192.5138218552,2480.17267808318,25713.2247129083,8.51305603981018,60.2357549667358,111.562955498695,21466.9872103631,3834.26920807362,21764.72401914,4263.35709017515,19553.9236775935,20762.9337860942,237.875546216965,129.656936973333,107.022670775652,719.715171068907,127.224286347628,300.237324267626,574.170453339815,41.6963787674904,14.1113146841526,2.96693566441536,0.449322640895844,256.948182016611,918.394955813885,0,45.818961918354,1.35722863674164,77.7978644371033,0.841900527477264,158.940084308386,0.567734122276306,9.10785186290741,0.973267257213593,8.51922386884689,4.58904764056206,30.590356439352,3107.96937775612,316.870212554932,8.68045020103455,37.9173167645931,0,365.756925731897,1191.93314692378,4182.11333429813,1420.48008617759,9.32356983423233,285.760694891214,10552.12330392,1267.60289180279,7.97532692551613,6.15767082571983,6.94202959537506,0.862450003623962,2.89536702632904,302.059010177851,856.162564724684
5.88018161058426,4784.53448098898,243.401838123798,2426.42833068967,271.238898217678,582.87975525856,1754.16876554489,209.189560383558,49932.4654473364,2442.55629020929,31.8790195286274,416.74542632699,122.65655875206,115.451381951571,2376.66038537025,2849.50562164187,275.327728360891,20.9792977869511,47.3763073980808,433.969447940588,661.226675093174,28103.1588647068,1585.99146401882,0,1231.77289697528,447.054934382439,13091.3443784714,23802.6111115217,218.359663397074,445.684848636389,5.58857035636902,25.1200008690357,54.5222450196743,1920.50695678592,415.901356488466,3068.9560329318,1148.0905572772,685.625915914774,660.007381796837,1566.57490107417,86.8588374853134,99.0661015808582,1330.9049308598,62.490604609251,537.634718924761,191.984405457973,383.36056008935,83.195880651474,9.68271094560623,1.9974285364151,122.853873729706,58.9373773932457,254.19378888607,5.71128058433533,54.1331141591072,4291.28392603993,209.491155326366,3821.27198493481,2475.92973667383,41.4721866548061,309.642112106085,2.86545842885971,133.490544706583,95.1101271808147,1686.10067248344,46.8452204763889,1.25968664884567,3.63906016945839,169.496564596891,336.293057590723,1038.84674173594,1224.46642908454,14099.3047356009,16.9969164729118,59.2222228348255,862.54951018095,15297.9341829717,261.248454988003,21.8320331275463,3.07130533456802,17.6606186330318,34.4682888686657,924.208844602108,167.893544346094
0,3053.2822496295,4.50109565258026,0.587425053119659,0,2.66662237048149,9.59078115224838,4.5436310172081,435.092872828245,5.49778738617897,912.609571635723,1.03664422035217,8547.22849914432,0,2.29473149776459,408.667251378298,5.80646878480911,0.813391387462616,0,0.760464310646057,39.1387864053249,1577.75668013096,214.288953125477,1231.77289697528,0,142.737775683403,8671.87249061465,159.612569272518,1.56841570138931,2.85301479697227,420.073317587376,6.8620411157608,0.813177287578583,912.304573714733,8.90308940410614,64.6754744648933,70.1026056110859,169.025586903095,34.0430624485016,4.28501653671265,6.25705075263977,1062.13544887304,15.4202201664448,156.348210424185,13.6044178009033,3.93297255039215,2.46645712852478,0,100.809708535671,0,607.606416583061,0.546951532363892,0,0,0,0,0,1.70670437812805,0.369043380022049,555.638798683882,0,2489.81941208243,0.505092680454254,0,9.44500449299812,0.828006207942963,0,6.14799523353577,0,1.20968991518021,38.0506596267223,6.98544263839722,24.6466616690159,1617.82873177528,415.945016771555,958.007241100073,9.10140562057495,0,0,1260.10163193941,3.39421480894089,0,11.8931912779808,1.30982947349548
56.9123113453388,373.459388315678,47318.7653423548,3.50391355156898,26.9383117556572,262.639317214489,2846.71395587921,1001.67014396191,60.8488111793995,852.4549087286,2846.06460112333,466.324951052666,205.901970118284,733.616717636585,110.055163085461,411.111227780581,19081.0607213974,3605.00087672472,26886.8723769784,92.4917532205582,4165.77066579461,414.464857637882,15579.3927166462,447.054934382439,142.737775683403,0,29492.3550238609,3765.50851216912,664.624317348003,4620.50091409683,144.90929877758,595.911638528109,30.8084145486355,8712.74914559722,1147.22802764177,14598.3477847874,15496.6341258883,10472.3169700205,7144.53768542409,153.729206770658,63.8513117730618,39.6885736882687,839.337943643332,439.630245029926,488.442824423313,577.61859357357,4.78590765595436,1.61142456531525,22.58306863904,1.10608607530594,1076.90059530735,420.488175719976,0,13.7097387313843,0,38.4247052371502,0.434914141893387,31.6122290194035,0,187.084661185741,1.16747859120369,1249.36814597249,6.15964409708977,7.30662578344345,183.937944710255,966.33532294631,41.389532238245,326.902526408434,0,77.0938677042723,252.56962159276,361.559865117073,73.314876973629,394.057931572199,10940.674857229,18370.5758286417,78.5097616016865,3.87407076358795,11.517700701952,3661.02795448899,1.33947265148163,0.338351786136627,52.5752941668034,217.867097645998
25.5050891041756,35884.9793393016,16592.3850012422,2.31671893596649,118.915602147579,70.9032838344574,1827.61835506558,428.867740482092,1699.0455712676,204.7310937047,583.760339349508,70.4258202910423,4753.99243962765,394.415790468454,297.567912787199,20140.3211668134,17962.3733530045,995.934299468994,4765.77149784565,24.4356959760189,6508.15131181479,27834.2092590332,46728.5588537753,13091.3443784714,8671.87249061465,29492.3550238609,0,11222.8676317036,311.648412019014,1396.43188759685,2575.36760398746,97.1871452927589,27.6451713740826,11720.9989323914,2566.80369019508,33667.3324557543,13589.6136125922,13020.6483952701,16810.4639636576,286.272673636675,131.309061855078,168.829510658979,5421.85994780064,1813.90357744694,2752.87072080374,3170.26600703597,31.9051946699619,15.6431786417961,36.4107352793217,11.0812277495861,13556.90686813,4222.74041765928,0,41.7866626977921,0,312.638990968466,2.22652250528336,138.093246102333,3.23972561955452,333.264882415533,0,2683.23876199126,24.4129045307636,37.0399876236916,6250.88098952174,4513.50907154381,141.252307772636,1005.16088545322,0,994.559330999851,4085.9432567358,9770.48329484463,1969.85385215282,2784.4614841342,22960.8766518831,107573.858871937,1903.14721560478,18.9787807762623,100.31095290184,7196.96270418167,0.494651287794113,3.39822843670845,428.257536649704,806.404629409313
25.343540251255,570.771146416664,4717.1509436667,9841.12347003818,362.095490068197,4502.34481081367,42628.6458635032,1446.79353380203,17189.4875920117,13704.5646545887,115.752805054188,9211.2782164216,30.9916276633739,832.550979360938,3515.7476733923,3506.55790761113,2523.28198674321,166.598522365093,560.257088929415,12751.9975081384,20493.587151587,4513.1995267272,14192.5138218552,23802.6111115217,159.612569272518,3765.50851216912,11222.8676317036,0,1554.09458506107,35454.7701756358,3.66741868853569,312.609448701143,461.41899099946,7638.88452768326,2413.96851104498,13497.9248373806,3235.50459808111,6115.65899834037,4503.38170832396,2324.63410067558,487.835309863091,169.653764903545,1952.0735899806,91.6626586318016,761.340076059103,251.40490603447,712.931724369526,139.502665400505,15.2405564188957,3.77101790904999,66.4009475708008,85.957440495491,492.583027645946,9.03336846828461,81.4129803776741,6044.70957878232,179.986321479082,3872.65121942759,3797.62785959244,8.74462640285492,686.236577570438,4.62411063909531,116.400630861521,106.538496524096,1442.64142301679,35.2542231976986,0,2.53006163239479,301.869640648365,351.36350351572,852.594053506851,999.862571954727,14417.2122923434,0,40.9903668761253,1087.31724467874,19272.922259748,325.70628246665,28.7635168433189,0,14.2510668933392,59.7061538398266,1225.40709421039,278.72312399745
10234.3381186128,5.80488094687462,226.830703109503,55.3770161271095,25.3341047167778,1671.50247937441,13151.5591421723,5734.22281238437,189.054014831781,4638.32917276025,636.587622821331,1988.24970851839,58.454844981432,24279.3269104958,123.217489898205,6.96899256110191,2297.7044352293,503.529362648726,428.812479436398,365.14359164238,1766.66402393579,17.3660412430763,2480.17267808318,218.359663397074,1.56841570138931,664.624317348003,311.648412019014,1554.09458506107,0,24669.4936716557,27.698303848505,3749.95020996034,3029.31702488661,6691.6583032608,254.706302374601,2601.61681175232,117.636881768703,1578.23250642419,470.929184168577,365.836819082499,180.405449807644,41.4845197200775,42.3256383836269,0.506850361824036,16.6586587429047,11.9522565901279,23.7300519645214,3.02142030000687,4.47189542651176,0,0,2.36259639263153,0,0.823231279850006,0,136.926203459501,1.70474162697792,75.6299107968807,6.47157448530197,0.507524311542511,11.1074837744236,5.60654628276825,1.48705649375916,3.62452602386475,22.5697860121727,1.6169798374176,0,0.710845530033112,0,14.5743177235126,20.2176411449909,12.889226347208,393.523107528687,0,3.76876080036163,24.8392516076565,512.985117226839,2.51612091064453,0,1.66970789432526,1.22278010845184,2.62379813194275,53.9229090809822,14.0997672379017
5825.56002262235,21.3634993433952,3880.06509745121,0,19.7079095840454,181.979432970285,12389.5938143432,11709.8600226045,240.221609771252,92.4229219555855,71.9890548288822,8.39967411756516,4.68850600719452,21032.8678802848,246.633243769407,184.46552324295,7932.66673287749,179.132304400206,880.918610364199,2.67788180708885,47730.5990864336,129.268140226603,25713.2247129083,445.684848636389,2.85301479697227,4620.50091409683,1396.43188759685,35454.7701756358,24669.4936716557,0,2.88619816303253,109.633866250515,2298.18414267898,9522.38983553648,1017.59790691733,2770.37626570463,553.37887558341,3595.29143339396,1654.51244688034,62.5583042800426,251.281978964806,52.9312855601311,103.213385432959,14.6884577274323,53.916523784399,83.5924709439278,83.6746300756931,10.4305480122566,0,0,22.274744451046,54.0691276192665,0,3.83219861984253,2.68574684858322,210.533675998449,8.61495652794838,156.513144433498,3.27960994839668,0.53586333990097,0,1.01064944267273,1.79640135169029,9.4592353105545,229.594029426575,30.7169628739357,0,0,0.939043641090393,59.1224890053272,233.1548576653,103.501274645329,985.453268736601,0,17.6686843335629,403.804254978895,1575.68034467101,10.8559734523296,2.02765357494354,0,1.99443882703781,0,246.98102197051,118.991475731134
0.54533988237381,22.8760957717896,2.35573887825012,0,5.23796135187149,16.8348042368889,12.7102627754211,13.2842034995556,0,31.0971840620041,1242.38803955913,28.8234440684319,1950.60993534327,14.0856456160545,0.835100531578064,3.59082996845245,0,5.71350175142288,2.83333623409271,4.10978820919991,3.56212604045868,4.61201530694962,8.51305603981018,5.58857035636902,420.073317587376,144.90929877758,2575.36760398746,3.66741868853569,27.698303848505,2.88619816303253,0,76.6777528524399,0,213.480819880962,21.5603066086769,224.954466193914,1254.04979464412,360.941018640995,102.348508328199,14.961733520031,0.751481115818024,16.7317363023758,30.9271390736103,227.625606298447,36.1116993129253,30.0032825767994,0,0,20.0625725984573,0,126.511468142271,0,0,0,0,0,0,2.00889652967453,0,498.062890022993,0,1861.53543952107,0,0,1.62935420870781,8.92910289764404,16.6172696948051,23.5835412144661,0,0,27.7762160897255,0.970421314239502,4.03433632850647,501.185824513435,4626.45615074039,1922.65782028437,0,0,0,4133.0670208931,0,0,3.86463889479637,5.24523201584816
20.2541454732418,3.19063371419907,12.5987562835217,50.9435069859028,172.296098470688,2211.11307662725,1163.36889666319,949.408290758729,68.8266881108284,3232.32017326355,1715.83219325542,2419.77476078272,170.3083961308,1666.51765093207,106.295872956514,5.90841323137283,67.0454188883305,919.735720306635,173.680199712515,351.717624396086,23.6190906465054,1.05260455608368,60.2357549667358,25.1200008690357,6.8620411157608,595.911638528109,97.1871452927589,312.609448701143,3749.95020996034,109.633866250515,76.6777528524399,0,13.460841357708,14492.9340314865,74.9232552945614,5649.9140535146,176.330031067133,714.96103772521,92.927848815918,2072.47053200006,6297.77279791236,174.382887929678,12.541435867548,10.5942798554897,4.24369260668755,5.94863650202751,19.6955277323723,2.23766779899597,6.55341723561287,0,0.703774392604828,0,0,0,0,19.045833081007,2.29229009151459,36.4631450474262,0,12.2486845552921,3.9332369863987,8.82820996642113,0.862431228160858,0,53.3651708364487,0,0,0,1.95497965812683,18.4961583614349,15.2520564198494,19.2212120592594,189.988221555948,3.01686125993729,4.23744550347328,5.6594489812851,133.552641540766,2.07513815164566,0,10.0300563275814,0,1.01133370399475,128.441836118698,5.90463700890541
