0,4.57170968364001e-05,0.0132582848860731,0.000487918323862386,2.79175637168467e-05,0.00481853049958499,0.272323245735178,0.0732206093486159,0.000874617462242242,0.00911398106785269,0.0061943458816157,0.000808998545886415,0.00129484366568975,0.89927805099182,0.000224924107363999,0.000112217337501073,0.0956896491688322,0.0094260101426403,0.0296675778007329,0.000396957267711198,0.0314276135776891,0.000406597190756685,0.0415496292194961,0.00835310069157083,0,0.0199434873822354,0.00974738852230957,0.0323382044120566,1.06501606117462,0.892764469203255,0,0.000137197660137486,0.0112982269756174,0.0441304175936019,0.00117549174722228,0.00916682248863552,0.00257890832573678,0.0110752031786536,0.0030868566325057,0.00193732011844282,0.000132864627775294,0.000515615733168018,0.00219149314188284,9.66091460323097e-05,0.000441333230607832,0.000374128300455463,0.00181697288193162,0,0,0.000142423887204742,0,3.57868310181022e-05,9.16460473801615e-05,0,8.36421320104837e-05,0.00142696871763891,0.000100154188290954,0.000811785885867965,0,0,0,8.47462087599218e-05,0.000233617386446089,4.46697116859555e-05,0.000204114042755342,0.000208560305031789,0,0,0,0.00389893670622995,0.00021151750677191,0.000600628164596033,0.00363569042632357,0,0,0.00071048668627674,0.00549470581469617,0.00204357709592204,0.00594013508802463,0,0,0,0.000307717520334291,0.000306771276467419
4.57170968364001e-05,0,0.00179789607443433,0.000359762286585599,0.00093568204089764,0,0.00026465219830665,0.000233217674430675,0.247469751075385,0.000186453675677294,0.00921838645577663,0.00013384399132064,0.326107590264409,0.000548197258434766,0.00513157963345011,0.0375988441606337,0.00122759634349207,0.000393715581754506,0.000476115512783825,9.85235507418628e-05,0.00713126288018861,0.157784150889205,0.00311153850651765,0.300395697811233,0.562577034032456,0.0296145909188834,1.0954007902253,0.0185830870515717,0.00063807982842586,0.000101500131183093,0.00383041065216006,0,3.05593646908343e-05,0.00332511186511041,0.00127340169798437,0.00652620572761345,0.0138659561680113,0.00387869687269671,0.00163397497502758,0.00471523757484936,0,0.0544839155353343,0.0194960458260387,0.0125000182130775,0.0105037149453993,0.00429379392444456,0.000513056814527154,0.000314937586859244,0.00263681734570731,0.000528518981156862,0.129433116300891,0.00722269128025591,8.10401250524342e-05,0.000120127199011314,3.86664478069961e-05,0.00197109417036908,0.000180809901122964,0.00359866432490143,5.929468413378e-05,0.0100237245601356,7.27051402014613e-05,0.0419727581855762,0.000456203020559728,0,0.0040960964426792,0.00756586863583707,0.000953945969169966,0.00545795006421082,0,0.00925524947369876,0.00857301770265522,0.00371661543009636,0.0136128566710934,0.0227846646871687,0.134909010491547,0.87467218627305,0.00553969085180541,0.00154252627136072,0.00237569504574607,0.00575727292815545,6.32442239779473e-05,0,0.00282327181118554,0.00145681478816875
0.0132582848860731,0.00179789607443433,0,6.34339320829153e-05,0.000181393449696958,0.0048213144127658,0.309179721822008,0.0525558582281791,0.00069028817699874,0.00513076377428546,0.0163886484822179,0.00140312003424557,0.00287447384945239,0.121569173632262,0.00607918700589361,0.0191385932940868,4.00643158528946,0.0226776772113779,0.0918774681587507,0.000628719310449516,0.300349419797256,0.00230027158740947,3.07680365259417,0.0816014394883906,9.34420053324762e-05,3.59010232795625,1.94322758841399,0.404877782794224,0.0245722803126013,0.143448812578298,0.00099902837262609,0.000130374860882306,0.00141949741647732,0.355348058845314,0.141646642254514,0.531812665273756,0.168196598434417,0.33865558342033,0.33173303465111,0.0069516844242052,0.00163424888526459,0.000360444077042383,0.0545342332589605,0.00547642776093815,0.0203897672347931,0.015310982961663,0.00240077710721282,0.000528225211583305,0.000138547362378133,0.000703077145469463,0.00250083941879295,0.0506577328226502,0,0.00188286352098372,0,0.00610837010609147,0.000744283221549213,0.000679260069701505,0.00031387257407949,8.20701553666532e-05,0,0.00060197582218756,0.00152871204515574,0.0026231686919144,0.0127392579299434,0.0270836559407997,0.000297391203123969,0.00268737662631072,0,0.00913846959392056,0.00312438997578105,0.0251020454853124,0.0068524241814498,0.000343127652681183,0.0095429449636945,0.474883007066331,0.00529998241146975,0.0010145038853327,0.00667281831106042,0.000205063191219055,0,3.96151052431584e-05,0.00945590081354043,0.0787347138562568
0.000487918323862386,0.000359762286585599,6.34339320829153e-05,0,0.00985363306302211,0.0663285793083095,0.033756202633085,0.0416079381619224,0.350381682898619,0.754612198024463,0.00478623102937734,0.242097131236153,0.00566647939293836,0.0359709569296062,0.0432411268433596,0,0.000367096617040497,0.00254879277720803,0.00080798496109814,2.58882615586924,5.91827662243605e-05,0.00137651361281738,0.000422698680455012,1.07208672322179,0.000325357612391096,0.00318102535341891,0.0012956809092342,1.21536987513816,0.0267809014359806,0.00094310200499877,3.56269456923306e-05,0.000752111564691753,6.07061363366127e-05,0.00763301482454527,0.00161152697500532,0.018029923524889,0.000728485693493682,0.0140983287138784,0.00254555574951802,0.122106373071226,0.0020114726883579,0.00360101561942676,0.00917741724203499,0.00010663119503237,0.00694759555724171,0.000198764999045438,0.0399454970362853,0.00104825297019667,0.000107283035406518,0.000194820039527059,0.00110443003986459,0,0.16303529660188,0.00355274424402995,0.0112377498737564,0.0240789313279361,0.00917423413384659,0.109375558708173,0.137380571381925,4.28630862250268e-05,0.0638901252959141,0.00174334200410914,0.00276000956467781,0.0129769580234254,0,0,0,0,0.0729344574621853,0,0.00504784249410341,9.23721991885244e-05,0.121592724695802,0.00061818077840575,0,0.00249418398199208,0.183902691997502,0.00347219620132934,0.000346655220594251,0,0,0,0.00218241977629923,0.000704527775955272
2.79175637168467e-05,0.00093568204089764,0.000181393449696958,0.00985363306302211,0,0.328978498279574,0.0193787977034263,0.0646484073180673,0.0467967744267847,0.0197429548113067,0.0043764576385924,0.0483093570664165,0.0286463441307927,0.00663372017469246,0.32138161373254,0.000279026442733574,0.000110637746033144,0.000613764084301621,0.000363766496761906,0.00430868735646378,0.00320775137512937,0.00119994853576327,0.00237309570436616,0.0536118645260181,0.000481443587798643,0.000727196286318774,0.00327819598296173,0.0254663082784298,0.00711037260661906,0.00290168430491619,0,0.180040548663821,0.000237165819133067,0.172837547653346,0.0950439352649107,0.0560665422524038,0.00317340068278923,0.0118695398782613,0.00820525647332817,2.38430719215351,0.649341079590111,0.00668905422799468,0.00149868045714231,0.000224504551600218,0.000757133376209748,0.00244031801793308,0.00542097673396135,0.000130010825006271,0,0.000162660210800296,0,0.000237547739843321,0.00279276292360743,0.000180984384775794,0.000723986257350016,0.00142732496722091,0.000103507340099954,0.00145732039066543,0.00392596172994514,0,0.00745526903147318,0.00182429832192999,8.78761274928989e-05,0.00254272476783902,9.19929908209381e-05,0.000179792273800981,0.000262850041456246,0.000197849736678862,0.0033267151739885,0.00105745150104147,0,0.00110472437061249,0.00365596753378424,0,0.00069535329247036,0.00136761122614498,0.00363525665154502,6.22166358113408e-05,0.00146499322875973,0,7.73741990849972e-05,0,0,0.0499399481133791
0.00481853049958499,0,0.0048213144127658,0.0663285793083095,0.328978498279574,0,1.97629357483029,1.49481912119042,0.0673764911546512,1.73015887431276,0.0196159433774395,0.855336009917008,0.0621889918746758,0.464076032972288,0.597149265447739,0.000305167185582483,0.00396646393751448,0.00853116652808754,0.00237103815343411,0.08171585130856,0.00564522322330374,0.000231622450619996,0.00914449536972402,0.0584073368238235,6.63725111484766e-05,0.0108942202124019,0.00376981403834978,0.241935725143494,0.0967310085512677,0.0181536282389281,0.000174497726355249,0.0273479319184726,0.0020193104831313,0.0321756590835173,0.242862010281015,0.109132586049172,0.00536944507331557,0.0399137794882852,0.0153924421098833,0.680118193992542,0.105475683513194,0.0217073716149089,0.00776863494825605,0.000119032955803061,0.0043907773997453,0.000347222235309303,0.0391996384996245,0.000385098227482873,4.22290631363332e-05,0.000283592944407529,0,6.47636398894906e-05,0.0516445577706661,0.00557830113281535,0.0120170810415734,0.0126074623340994,0.00389253055814171,0.0188861958938232,0.0695092795469305,0,0.0638232542151345,0.00355509602698481,0.00152883095955827,0.0213154084923009,3.73167611545265e-05,0,0,0,0.0369803502339532,0.000571634886816436,4.54463665873409e-05,0.000183873206382763,0.0469980671551284,0,0,0.000314073632974797,0.0763358670562914,0.00109185927468502,0.00434746556629843,0,0.000172232392827857,0,0.000867162648175073,0.0208872365095871
0.272323245735178,0.00026465219830665,0.309179721822008,0.033756202633085,0.0193787977034263,1.97629357483029,0,2.08456274856723,0.0244880032144174,4.40124036694597,0.109912173406068,0.0316881424357805,0.108875056340603,3.15852263999438,0.0745366837908012,0.00430479682046475,0.240090045803629,0.0633427400775409,0.054593025728428,0.0145462208592998,0.99461130908738,0.00158568815174811,0.889507279708919,0.255028877996463,0.000107653935276162,0.238199086833504,0.0932564140960319,5.24957912692526,1.51743676080077,2.65245809599197,0.00121862834878386,0.0212175376808514,0.0957418245380203,0.400655672493409,0.178663682755622,0.578330197345979,0.0401772887744993,0.429241974518193,0.141312221996008,0.260987846311143,0.0308508823964505,0.0368807980870094,0.0891779008589586,0.00228471293776286,0.0337799602841271,0.00676559880875145,0.0518842521972313,0.00830381150179393,0.00112036170157872,0.00911435987612375,0.000114363213637799,0.00396676412941665,0.0275687943602406,0.00257202593548183,0.00836389256785108,0.174385834187104,0.0116365788891328,0.0275387736060097,0.045404762773748,0.000204171111068595,0.0110547628551935,0.0100738653761475,0.0089970010540776,0.0093614764855072,0.00552928980228012,0.00223724324928047,0,0,0.0125171436614954,0.0181708764182537,0.003176495117637,0.0141630301621408,0.233568389152706,0,0.000364464685980105,0.0203130537509506,0.258806691078878,0.0354293194849032,0.110741869867428,0.000157798300196249,0.000545228339582164,0.000850982843479264,0.0122317382681441,0.0256166749233927
0.0732206093486159,0.000233217674430675,0.0525558582281791,0.0416079381619224,0.0646484073180673,1.49481912119042,2.08456274856723,0,0.0236050141740805,1.12145858132434,0.0328520495882055,0.487742564670662,0.204645404965288,3.09275212526786,0.0508081381548686,0.00102092764286404,0.133341362899897,0.0176976470796849,0.0366452247767463,0.0899553737966569,0.0420521962825791,0,0.112292091057536,0.105575904764417,5.41744254886746e-05,0.0646420671729153,0.0263364365095877,0.369700411842853,0.281441176688413,0.475158789887575,0.00065822209036789,0.135279127408667,0.00625879934018008,0.0693486845538469,0.020207464305943,0.290227781415295,0.0178641036063509,0.102665668606746,0.0419335912014298,0.546593881225902,0.0580967523287113,0.0690153515290664,0.0177336692869683,5.82937621406794e-05,0.00815355913634912,0.000421630581216359,0.0229853148578971,0.000699287633842683,0.000240138047875094,0.00135415370417714,0,9.73286806598544e-05,0.0137403545365984,0.000712183456663573,0.00212045875020599,0.0429459007184075,0.00164350868803418,0.0116231591035417,0.0128489226386328,0,0.0175387228169398,0.00224899274619823,0.000731893606565852,0.00607200421849217,0.000576368652219588,4.5707967361176e-05,0,0,0.00805062300937969,0.00421266797868779,0.000712752807007033,0.00101138601885799,0.0799259885513938,4.35606181417942e-05,0,0.000986129879031001,0.0794087861289417,0.00274851255464685,0.014356214983793,0.000189696606090057,0,0.000126739282496,0.00216077734204924,0.00385794525595491
0.000874617462242242,0.247469751075385,0.00069028817699874,0.350381682898619,0.0467967744267847,0.0673764911546512,0.0244880032144174,0.0236050141740805,0,0.269036826012385,0.00824423194893524,0.29831736592808,0.124215159311919,0.0215462034186043,0.341272080066242,0.00923975390680343,0.000615250645533687,0.00119087055348146,0.000924481206215435,0.0978900186105747,0.013247288012285,0.798054017492949,0.00662797266861927,4.00411143097025,0.189467684930087,0.0301245798218446,0.415150407526497,0.450312109484718,0.0242672361774841,0.0108037444915202,0.00162044865204582,0.00098599230817953,0.00153126434401775,0.0113872592002019,0.010174785001049,0.0363509750224096,0.00433641790363409,0.0169207760092654,0.00501783097846492,0.0887775816606966,0.00637742869211971,0.00982030201147675,0.0776979576856507,0.00451172403800575,0.0298717975650976,0.00785896434032923,0.0459996837978532,0.00632341299063768,0.00126489633956304,0.00703920912665665,0.00268576028311924,0.00310618469542384,0.151109832525345,0.00731545080665381,0.014038550453341,0.0982971002013102,0.0178144553247479,0.258324538486265,0.0916822678950265,0.0053229016888246,0.0527359410525952,0.0272952793406509,0.0169464456280655,0.0191639870151574,0.154342438972115,0.00291012497240609,0.00153764953380303,0.00110776552507384,0.0466553511991721,0.0706069692463942,0.0357961879637881,0.0885277231404733,0.529003520410974,0.00240280002901134,0.00624848346964587,0.0520716765850162,0.30148811376827,0.0364147323364049,0.0522250569414562,0.00215774914136235,0.00154551576400794,0.00120452074270973,0.0141285904119516,0.0217651194817154
0.00911398106785269,0.000186453675677294,0.00513076377428546,0.754612198024463,0.0197429548113067,1.73015887431276,4.40124036694597,1.12145858132434,0.269036826012385,0,0.0993662467263876,1.21895160265496,0.079759644186852,0.883888564950944,0.0577305197538882,0.000282641036836618,0.00529315601394388,0.0438483413319791,0.0209432540914277,1.08613945324403,0.00317982724879033,0.000384140923804951,0.00587018357577555,0.211964138901663,0.000163324810096705,0.0542562224378703,0.0148788373293924,1.73364075076375,0.338594178637522,0.0146929856638859,0.000613129689694727,0.00752674956974446,0.00626036917864573,0.094943480658689,0.0359320395771123,0.165999399180863,0.0140929016669345,0.148036338186639,0.0343390115013521,0.252493475023588,0.010239806666824,0.0399272764613292,0.017569104086717,0,0.0091759623092125,0.000763546242801952,0.0701346765883461,0.000956615514499644,0.000217620049147379,0.000181639067394078,0,0,0.212176222404722,0.00706071058144063,0.0214956690972692,0.0445904520190122,0.0117997655620077,0.0971767680445214,0.21485400211057,0.000482229509870809,0.1262074514093,0.00192926073514599,0.0033457206889617,0.0318516387340021,5.18081143535614e-05,0,9.64199185627758e-05,0,0.12337205636168,0.000286693378105128,0.000122443157739109,0.000145129755583119,0.151611844111562,0,0,0.000103754552987111,0.266730256456232,0.002891765634103,0.00237521582363967,0,0.000147786645911718,0,0.00236307216409725,0.00245103434871516
0.0061943458816157,0.00921838645577663,0.0163886484822179,0.00478623102937734,0.0043764576385924,0.0196159433774395,0.109912173406068,0.0328520495882055,0.00824423194893524,0.0993662467263876,0,0.0358615005724806,0.598541668332824,0.266751158137749,0.00258123597559677,0.00237625150206974,0.162862107757528,0.849226242143858,0.103171114304563,0.00928532019582872,0.0183821446025385,0.00411773921207498,0.0580445534863279,0.0243821143984849,0.058854032166229,0.481596378662218,0.11208173718214,0.060817084180834,0.401069003760718,0.0209707714598957,0.0610448188649543,0.0183898547821091,0.00160284846572022,1.96203137067477,0.0313521793894912,0.165604992307658,0.47771311690642,0.529846013632296,0.101317874527745,0.0217311097313681,0.00463049480068427,0.300585351677141,0.00501817673980233,0.0118040486576473,0.00949124840352624,0.00116234468197068,0.00245589732970731,0.000188398173361099,0.0193758176598118,0,0.00522310882926307,0.000934919256875092,0.00028678986112203,0.000405681174961591,0,0.000706191096713901,8.69968868036091e-05,0.00578423925978902,8.65844314541102e-05,0.165439254827191,0.000405421624032932,0.519283834785009,0.0020177511381063,0.000221400223456586,0.000919399863452336,0.000610267310830736,0.00135134508633501,0.000805655508205771,0,0.00107929197008058,0.00490050159988566,0.00131046690234663,0.00601947228016456,0.0278509284306151,0.222032696615512,0.250952922207546,0.00133135420377058,0.00162492673758409,0.00127841573360045,0.141352646766714,0.000823111792282319,0,0.00476062662371263,0.0225750127811244
0.000808998545886415,0.00013384399132064,0.00140312003424557,0.242097131236153,0.0483093570664165,0.855336009917008,0.0316881424357805,0.487742564670662,0.29831736592808,1.21895160265496,0.0358615005724806,0,0.0416752790781284,0.183196866965725,0.268370033810312,0.000198729148838091,0.000821544658365244,0.0114927929278716,0.00400682044759646,1.52453964601144,0.000568953387953598,0.000472861262757075,0.001463970405379,0.0941607424247574,0.000144957007413912,0.0159549681810053,0.00523903457006825,0.120398576395716,0.0797939086402051,0.00325276188851467,0.000400053604316473,0.0023227698385159,6.94167260884285e-05,0.0159322010026822,0.0539814094116284,0.0369627996855768,0.00349026887047315,0.0318112706289151,0.00649833485827856,0.407750344868173,0.00590734452271634,0.0164852533155215,0.00269692743175258,0,0.00200383594988178,0.000173077791586506,0.0617272436903646,0.000837692496907621,6.82065692015767e-05,0,0,0,0.0821383531623096,0.0122884840997019,0.0205922760799031,0.00516001382050425,0.00682548509794831,0.030984412041805,0.0785145899900736,0.000442877468092025,0.190024492676202,0.0029583083473519,0.00329078942633971,0.0349546539037352,5.81154178161979e-05,0,0.000228113313127315,8.73687661303281e-05,0.106732187586555,0.000206441123646891,0.000339905659787154,0.000118678249450511,0.0478132973732442,0,0,0.000173759922385138,0.0495615136753615,0.00180900674710511,0.000501038177354318,0,0.000346111642702192,0,0.000663606308797502,0.0127988729043347
0.00129484366568975,0.326107590264409,0.00287447384945239,0.00566647939293836,0.0286463441307927,0.0621889918746758,0.108875056340603,0.204645404965288,0.124215159311919,0.079759644186852,0.598541668332824,0.0416752790781284,0,0.298935050002239,0.0297818461681123,0.00791143535226995,0.00238767547110287,0.0102838501053428,0.00189561281754589,0.00988390065082797,0.0122881338022052,0.129678691655329,0.0128564102112523,0.1032820808494,1.06041093919906,0.0700858447660526,0.257770143184493,0.0995981705562095,0.284221803478968,0.0193080049284812,0.160114108763142,0.0617718674117347,0.000513330090845001,0.456281732551687,0.0114906961960585,0.375765390589819,0.225093359941839,0.397526848866186,0.20997346623653,0.323459727973576,0.158185842971923,0.564862194904257,0.0230866957733062,0.0322544685951068,0.0318730749107001,0.00183475739064729,0.0845052671519531,0.001889366430078,0.0653647590686484,0.000968103574319413,0.0172518554072389,0.000456023065457034,0.00236578795694783,0.000740718639511639,0.00264284524929686,0.0211229945137584,0.0027851199498608,0.0184758824636622,0.00493692395045738,0.509044604610511,0.00450810431019665,1.90296644051227,0.00646976102714551,0.004992026849292,0.00267769540239225,0.00057236826894055,0.00152543015209644,0.000406322768707883,0.00219995281395761,0.0116117672851221,0.0168022103064475,0.00241736340218268,0.0440025009101735,0.175704012105587,0.311175586978796,0.429954227274692,0.0269691851063931,0.010485113959188,0.0180375068946457,0.333565284979783,0.00193088469575958,0.000212529485978031,0.015752681033536,0.00875350641720061
0.89927805099182,0.000548197258434766,0.121569173632262,0.0359709569296062,0.00663372017469246,0.464076032972288,3.15852263999438,3.09275212526786,0.0215462034186043,0.883888564950944,0.266751158137749,0.183196866965725,0.298935050002239,0,0.024428526107053,0.00215899155018587,0.446378504097744,0.127303618751882,0.136230400078355,0.0546885976865751,0.123020441934282,0.00129194049256851,0.329355856969754,0.124436022455155,0.000136369242098832,0.236150999644322,0.0965522360598537,0.460036272323283,1.92206787436237,2.20195263091972,0.00236884464502682,0.0370081404864366,0.018788909103789,0.269978588954073,0.0221645342851671,0.352428634735974,0.0379403453559949,0.180982869732365,0.0488463419419284,0.174749126964386,0.0845229527744747,0.0919518559542458,0.0203742215726954,0.000247962164023841,0.00933202118197759,0.00089938670278602,0.021289893139289,0.00111350993429601,6.1348816059184e-05,0.00171183990029306,0.000150908209382224,0.000880444538161102,0.006549449831385,0.000451848749307394,0.00145818234666529,0.0478738965409174,0.00135226347932699,0.0122402739182889,0.00505066507895146,0.000520477425537598,0.00692920243676265,0.00514241345751265,0.000541650460830248,0.00387607289680227,0.000959685600616114,0.000123305942510337,3.51853482473314e-05,0,0.00389630802530431,0.00972253614092876,0.0015538683738902,0.00168871398867187,0.0925734162544585,0.000239518308751905,0.000548504891093069,0.00579960479531415,0.0690318817949348,0.00448658234397076,0.0299723940626936,0.0001234476520226,0,0.000199783746118081,0.00337035385511893,0.00612453034243002
0.000224924107363999,0.00513157963345011,0.00607918700589361,0.0432411268433596,0.32138161373254,0.597149265447739,0.0745366837908012,0.0508081381548686,0.341272080066242,0.0577305197538882,0.00258123597559677,0.268370033810312,0.0297818461681123,0.024428526107053,0,0.00522787922947843,0.00259636264050707,0.00189471446575251,0.0013427325721921,0.0163565985917022,0.0345836069492555,0.0102892682904085,0.0348016940851141,0.2714871314294,0.0037202443783117,0.00658518282603839,0.0274136374661179,0.145997734017714,0.0205001279373659,0.0277651974440167,9.62195091748122e-05,0.00960393691443866,0.000276545418209434,0.00678421446863268,0.163465679032153,0.101000945709849,0.0265181165063365,0.0157496291907818,0.0207784455363628,0.749652404715187,0.0294041216572097,0.00595067004517998,0.0117885330053868,0.00443183832392386,0.0058064961799468,0.00851875691607208,0.045446742574152,0.00134912321783906,0.000259510118812823,0.00126399762404556,0.000139222720114184,0.00216797726085639,0.0293443587822022,0.00550259506603938,0.0112679819568928,0.0177819111591435,0.00328631945184917,0.0102965826186352,0.0434955735276258,0.00031803371302414,0.0630836476231264,0.00700453962753386,0.00204911384205823,0.0247510290982959,0.00301704572041034,0.000346757795990038,0.000347520613786972,0.000511375281582606,0.0263678794380887,0.0102736043322392,0.00183754073226163,0.00654349664712028,0.0352277928247985,0,0.00319644428883982,0.00714657833869754,0.0420718487744154,0.00626282100651575,0.0142540870725858,0,0.000132366102310627,0.000106081623486542,0.00146268791415828,0.11832899183845
0.000112217337501073,0.0375988441606337,0.0191385932940868,0,0.000279026442733574,0.000305167185582483,0.00430479682046475,0.00102092764286404,0.00923975390680343,0.000282641036836618,0.00237625150206974,0.000198729148838091,0.00791143535226995,0.00215899155018587,0.00522787922947843,0,0.0140434161129015,0.00306478527399799,0.00406200942953639,0,0.838192920892645,0.718949972771546,1.02901131094949,0.292064105963241,0.0177612218743225,0.0106167399582725,1.05071119488785,0.172888673647293,0.00219262835861236,0.0148833850343239,7.30094785585165e-05,0.000211056424106598,0.00100766424824914,0.0513987902529864,0.14246157972668,0.319369679158725,0.0871225060080928,0.167392741825133,0.0843893954679016,0.00120855000048725,0.00227264859605726,0.000562914957149017,0.115082458977371,0.00973089344674907,0.0412029674648579,0.0509125600584652,0.0118148500738914,0.000280873090837025,4.45627040520549e-05,0.00052484239027884,0.00179554525015232,0.0533903418782213,0,0.0011421294413835,0.00026271657549119,0.0139382148290706,0.00141881635606679,0.00126545565371903,0.000398504552683848,0.00031278118350749,0.000139123192206854,0.000793187253471255,0.0023489297808019,0.00132901258690468,0.758687212388858,0.0162164521864102,0.000670665598872608,0.00154066135131667,0,0.109059197770136,0.101189179760499,0.722015352090157,0.0613759785264473,6.54629930248499e-05,0.00415284354597231,0.436525805813485,0.0332458372548831,0.00121873364951246,0.012044964978996,0.000130121449097061,0,7.78053888243198e-05,0.0151245852709208,0.0556308555632516
0.0956896491688322,0.00122759634349207,4.00643158528946,0.000367096617040497,0.000110637746033144,0.00396646393751448,0.240090045803629,0.133341362899897,0.000615250645533687,0.00529315601394388,0.162862107757528,0.000821544658365244,0.00238767547110287,0.446378504097744,0.00259636264050707,0.0140434161129015,0,0.143268989239859,1.10669823736863,0.000615884310094326,0.350555750128909,0.00145883459752808,2.37719155154351,0.0201006854674993,4.04263503076434e-05,1.4725774033106,1.82337277324286,0.0880883656644406,0.192695955617863,0.811003452128273,9.91631336134197e-05,0.000386731883942098,0.0138445100096846,0.918051309514699,0.0527097070300996,0.294638852708368,0.187202565898599,0.195999781902347,0.145337863238689,0.00358766861243247,0.00096507867053181,0.000673953786957085,0.0212411623101914,0.00154625572434244,0.00939269445064462,0.0063597476135515,0.00358060500443255,0.000146904874741816,0,0.000482248776856655,0.00217257643534777,0.0163239128542812,0,0.000321310690611863,0.000172625479868364,0.00202511396374738,0,0.000745708401739264,0,5.39193457685709e-05,0.000258875051316321,0.000136260699029571,3.0666704872495e-05,0.000303633594822669,0.00782949773537187,0.0103711583945453,0.000223799397065264,0.00198481344899252,0,0.0175310242505606,0.00204462466813059,0.0113260540084026,0.00541209066551145,0.000188761284338677,0.00524521271509855,0.242524824929453,0.00653528314092682,0.00129005739411293,0.00915332416981242,0,0,0,0.00396525808816032,0.0265473468361104
0.0094260101426403,0.000393715581754506,0.0226776772113779,0.00254879277720803,0.000613764084301621,0.00853116652808754,0.0633427400775409,0.0176976470796849,0.00119087055348146,0.0438483413319791,0.849226242143858,0.0114927929278716,0.0102838501053428,0.127303618751882,0.00189471446575251,0.00306478527399799,0.143268989239859,0,0.167640213437044,0.00460190438632973,0.0240945205641826,0.000769694739121008,0.0771181065231416,0.00991483163764061,0.000522744845282578,0.173127752343494,0.081040164129394,0.0255238282175211,0.155215871002916,0.0276826866187014,0.00197823634797337,0.00320097143296677,0.0029678712648067,0.740303297748906,0.0487687298205094,0.217962501616392,0.26272579409441,0.332571315084664,0.231148879591201,0.0104955413345449,0.00162606626444435,0.0016548711357317,0.00344375965266649,0.00175943643496165,0.000742301551261109,0.00125116912395987,0.000456980761437392,6.48812474832416e-05,6.20218563530326e-05,0,0.000370636855542827,0.000777824027594238,0,0.00101789691949063,0,5.09445397814036e-05,0,0.000331216282945186,0,0.000411084587632227,0.000125101235367131,0.00382762123375501,0,0.000533270007867181,0.000943211067673905,0.000930915090865288,0.000469971926740289,0.000698341428946251,0,0.000818165230087143,0.00034707578439343,0.00141978149540131,0.000130727174449801,0.000520921356012976,0.0338842367448432,0.0544996243458828,2.94344569418668e-05,0,8.42866459417939e-05,0.00384099262585301,0,0.000104160162529206,0,0.0304039988943656
0.0296675778007329,0.000476115512783825,0.0918774681587507,0.00080798496109814,0.000363766496761906,0.00237103815343411,0.054593025728428,0.0366452247767463,0.000924481206215435,0.0209432540914277,0.103171114304563,0.00400682044759646,0.00189561281754589,0.136230400078355,0.0013427325721921,0.00406200942953639,1.10669823736863,0.167640213437044,0,0.00211411251007711,0.0651143043188697,0.00034614474419446,0.169676034337099,0.00785881917283986,4.47997066837669e-05,1.57842024168085,0.180780983362104,0.0299809142506666,0.118270901650097,0.153488946284172,3.70646977465272e-05,0.000544086895376223,0.00697369162697551,0.562760843516972,0.0299274361853834,0.182747164578386,0.10716623378643,0.163695965082443,0.134990972807909,0.00318238773144488,0.000449275219349325,0.000346958737974024,0.00410478524795471,0.000165774034741294,0.00103254174348092,0.000944976519565305,0.000349409705896324,0,0,0,5.33156364866257e-05,0.00179229775240392,7.83616269135237e-05,0.000712779345877099,0,7.59731987543404e-05,0,0.000335602242361807,0,0,2.80775139933526e-05,4.79796063058615e-05,0,0.000334940368398214,0.00174679143369072,0.00133017252128568,0,0.000606033042555237,0,0.00337414450987864,0.000496303071368009,0.00262899858149907,0.00137856830072107,0,0.00678124264258521,0.0374518441044876,0.000685574200785339,0,0.000844055658001822,0,0,0,0.000429757593815858,0.020076945493449
0.000396957267711198,9.85235507418628e-05,0.000628719310449516,2.58882615586924,0.00430868735646378,0.08171585130856,0.0145462208592998,0.0899553737966569,0.0978900186105747,1.08613945324403,0.00928532019582872,1.52453964601144,0.00988390065082797,0.0546885976865751,0.0163565985917022,0,0.000615884310094326,0.00460190438632973,0.00211411251007711,0,0,0.000122763507751203,0.000416081302186459,0.160995069802532,4.92139144737839e-05,0.00555491346194054,0.00176110138208667,0.384806995778722,0.0290831637322224,0.000832034124026233,7.15352319856883e-05,0.000674726425305057,0,0.00661904012142386,0.000859087736456663,0.013677050477406,0.00107091267583861,0.0124989445696442,0.00212968426418388,0.0685556508932743,0.00122198539763692,0.00423486925165438,0.00273477832696238,0,0.00212951840598858,0,0.0178362842169681,0.000231227279959929,0.000120302867365539,0,0.000289560610087991,0,0.0787302009908993,0.00273961458462438,0.00759806814946254,0.0075626521143929,0.0030847895883743,0.0290818166929618,0.0565120621423988,0.000150967007983041,0.0367735037397829,0.000769055226396244,0.000864902635411841,0.00920328437601829,0,5.1924958126676e-05,0,0,0.0306826535487034,6.92945979235649e-05,0.00231761954924925,5.40192348019838e-05,0.0322118853478219,0.00029229569590472,0,0.00182153161030168,0.0590292089681003,0.000992433880398299,0,0,0,0,0.00037973034806,0.000153299264149106
0.0314276135776891,0.00713126288018861,0.300349419797256,5.91827662243605e-05,0.00320775137512937,0.00564522322330374,0.99461130908738,0.0420521962825791,0.013247288012285,0.00317982724879033,0.0183821446025385,0.000568953387953598,0.0122881338022052,0.123020441934282,0.0345836069492555,0.838192920892645,0.350555750128909,0.0240945205641826,0.0651143043188697,0,0,0.0947487870808399,6.23712577368173,0.0980337228975862,0.00215212639785582,0.100032680779719,0.417861934573931,3.01697627227407,0.238994545762293,3.10865608843735,0.000219181958427382,0.00210126692535024,0.0786322744205434,1.03654508706634,0.512701037700767,0.711829030350011,0.178333351532951,0.680866048870563,0.258418933311077,0.010740424711652,0.0111577113643709,0.000507378327702344,0.08425881282962,0.00720702577106307,0.0286990969873522,0.0354223096898856,0.0268841083633459,0.00163832058185194,3.95200277601481e-05,0.00269183302609778,0.00155185610661014,0.00696963758139973,0.000556923337637717,0.00269091026841646,0.000480744447701693,0.0215823080275855,0.00141930952959095,0.00549392825048451,0.000906381148645951,0.00021949850492447,0.000878516309337244,0.0016688056377066,0.00262044335130586,0.00365748677043177,0.265070682850959,0.00559146702598584,0.000276389861200601,0.000436448821069396,0.000301591551527947,0.49674511687435,0.0625182158639908,0.425813936970191,0.108735355133625,0,0.000809017979146141,0.0964607467087188,0.0778152553241052,0.0194039373735963,0.123447378561823,0,0,0.0011822044549827,0.0181974984798187,0.116250967104722
0.000406597190756685,0.157784150889205,0.00230027158740947,0.00137651361281738,0.00119994853576327,0.000231622450619996,0.00158568815174811,0,0.798054017492949,0.000384140923804951,0.00411773921207498,0.000472861262757075,0.129678691655329,0.00129194049256851,0.0102892682904085,0.718949972771546,0.00145883459752808,0.000769694739121008,0.00034614474419446,0.000122763507751203,0.0947487870808399,0,0.0674732275677505,1.77381735697878,0.184129986133781,0.0131448337392257,1.23764262483432,0.110355166135733,0.00118897198895702,0.00477697792172946,0.00144466375801699,0,0.000232510129708695,0.0042755947858288,0.0093075276806835,0.0173730580397258,0.0058150601109404,0.00744473534735222,0.00534231515416436,0.00684805379462125,0.000333826678940088,0.00890962649434173,0.0522668699587664,0.0046415114272897,0.0207167534608684,0.0180588920408506,0.00278669740055253,0.000782839403793472,0.000231528105781269,0.000549497036942941,0.0287843013430042,0.01091394096746,0.000505643101284701,0,0.000403552791356647,0.00912820523451472,0.00248492512750322,0.00421355489135782,0.000631056048216253,0.00303503874696366,0.000157071571625364,0.0156443988401984,0.00318069248610128,0.000348155057756424,0.203954065620408,0.0112371697545812,0.000238249332480002,0.00155594035687543,0.000175147553256631,0.0419769842804513,0.0813006107702479,0.102752537745847,0.0425031826524078,0.0021265255125209,0.00683334103735888,0.448982650657689,0.0188704777069868,0.00163420152059105,0.00876543158247262,0.0018589437658988,0,0,0.00756360552362479,0.0117639008368729
0.0415496292194961,0.00311153850651765,3.07680365259417,0.000422698680455012,0.00237309570436616,0.00914449536972402,0.889507279708919,0.112292091057536,0.00662797266861927,0.00587018357577555,0.0580445534863279,0.001463970405379,0.0128564102112523,0.329355856969754,0.0348016940851141,1.02901131094949,2.37719155154351,0.0771181065231416,0.169676034337099,0.000416081302186459,6.23712577368173,0.0674732275677505,0,0.171823340982574,0.000927281588304448,0.86979065267519,1.83341120422367,1.34551632292853,0.155015174249521,1.34942842604493,0.000355592101302665,0.00224082878962102,0.0219222674198161,1.15348562226005,0.723310099426114,1.60155787157584,0.60846338631492,1.53057891353736,0.876368795545684,0.0119483312815861,0.00738412722946788,0.00153439166991742,0.13781925645418,0.0122357764306673,0.0587625667754195,0.0670752631375796,0.0203636966880999,0.00206901839990062,0.000217636372565943,0.00173721398285959,0.00152985343220503,0.116967073803976,0.000166037202126842,0.00771268045436273,0.000299056812746477,0.02438895143624,0.00273295724346798,0.00247503844362768,0.000930769842837009,0.000496079103049672,0,0.00129604528025602,0.00621445689705844,0.0062781874981157,0.516854803731627,0.0339252625098903,0.00105497794065573,0.00254892538062734,0.000201837207751906,0.135679982863573,0.0484440100633003,0.694882682096086,0.0549305775917874,0,0.00498099274574296,0.785971416504351,0.0442633811855122,0.00509409976281535,0.034713026018513,0,0,0.00050105845757162,0.0219034215147776,0.281931662548579
0.00835310069157083,0.300395697811233,0.0816014394883906,1.07208672322179,0.0536118645260181,0.0584073368238235,0.255028877996463,0.105575904764417,4.00411143097025,0.211964138901663,0.0243821143984849,0.0941607424247574,0.1032820808494,0.124436022455155,0.2714871314294,0.292064105963241,0.0201006854674993,0.00991483163764061,0.00785881917283986,0.160995069802532,0.0980337228975862,1.77381735697878,0.171823340982574,0,0.161299903990896,0.0355747546570255,1.4804423239762,1.4111799907768,0.156922417514484,0.137326546473027,0.00151100561241884,0.00580231686259062,0.0120773335931575,0.0954935672092811,0.107317069757606,0.320132777896164,0.0315335937429325,0.132732162633505,0.0473665247732393,0.207843450456004,0.0129983481084842,0.0166643633286223,0.357987401306702,0.0103278296141529,0.169928132379428,0.0224198901524111,0.185983687481693,0.0275196533490691,0.0045112738047111,0.0272306213678121,0.00749129672059858,0.011584598018816,0.194692803228553,0.00953812254313694,0.0392849190710663,0.559918306089102,0.0763258918601531,0.378865069931402,0.216587349417732,0.00601353022066162,0.0444980987568598,0.0658501987607716,0.0673066796839795,0.0309331511192023,0.141977265508676,0.0122970421071884,0.000555479921879482,0.000989322602526093,0.0762840234450625,0.27343391013883,0.103046472450151,0.142154565705936,1.64265672723789,0.00204269984012719,0.00527419618791527,0.125768373527992,1.20857773263999,0.144310799338823,0.315288098498516,0.000548979896597803,0.00475191835400104,0.00472928852309888,0.0689473858231682,0.0553205431675499
0,0.562577034032456,9.34420053324762e-05,0.000325357612391096,0.000481443587798643,6.63725111484766e-05,0.000107653935276162,5.41744254886746e-05,0.189467684930087,0.000163324810096705,0.058854032166229,0.000144957007413912,1.06041093919906,0.000136369242098832,0.0037202443783117,0.0177612218743225,4.04263503076434e-05,0.000522744845282578,4.47997066837669e-05,4.92139144737839e-05,0.00215212639785582,0.184129986133781,0.000927281588304448,0.161299903990896,0,0.0213211690378835,0.539217191123118,0.00784101902658538,0.000832584355471521,0.000165050901843065,0.0190802667655997,0.000119997219601679,0,0.00487439607852099,0.000261666623487722,0.000877267636664902,0.00410308719414136,0.00282104202129803,8.16718956496596e-05,0.00233745601014369,0,0.0532050271214654,0.00348738059964841,0.00624053536514323,0.00409595897574891,0.000460371989964915,0.000119780411452299,0.00027330510401225,0.0111608984033778,0,0.013004592370764,0.000187219738412917,0,0,0,0.000102092162322999,9.3195418570399e-05,0.0027607615175159,0.000132763525462162,0.0593830121209339,0,0.236182793896541,0.000428293978379231,0,0.000354333810725582,0.000503466360558999,0.000307653556851077,0.000549939406002665,0,0.000528954644702768,0.00313922601992939,0.00027935871510247,0.00274458079571572,0.0559720172429381,0.0837989372529218,0.301166200358225,0.000480243012444127,0.00122617194271084,0.000166837719928038,0.0281404320269484,0.00030706661005466,0,0.0025582615342842,0.000124894162033821
0.0199434873822354,0.0296145909188834,3.59010232795625,0.00318102535341891,0.000727196286318774,0.0108942202124019,0.238199086833504,0.0646420671729153,0.0301245798218446,0.0542562224378703,0.481596378662218,0.0159549681810053,0.0700858447660526,0.236150999644322,0.00658518282603839,0.0106167399582725,1.4725774033106,0.173127752343494,1.57842024168085,0.00555491346194054,0.100032680779719,0.0131448337392257,0.86979065267519,0.0355747546570255,0.0213211690378835,0,2.92196775669447,0.124758406820376,0.14923499439894,0.139724091361502,0.140268203179774,0.00287409250550466,0.00222129396253506,0.660644589905275,0.212858187784226,1.21656733837044,1.65859719444779,0.725552617243994,0.690626974939341,0.0265333018503383,0.00654713600823735,0.0125346835527553,0.0698855995891332,0.0423929899176302,0.0463768253161601,0.020386576984622,0.00242365811559496,0.00119479172024682,0.00302465336355549,0.000322946053976387,0.0245459536859466,0.0484195368578117,0.000168575271581971,0.00222224013885317,0,0.00265182439474715,0,0.0024986182491669,0,0.0238992963180493,0.000107219409667123,0.169176495841026,0.000621304191673172,0.00213210523525902,0.00336074650616575,0.0441254155245092,0.0057909458180139,0.0299034313318463,0,0.00421828409721942,0.00536840921042539,0.00824337736614275,0.00477204371056593,0.0231770718207909,0.905602737931363,2.25834408253612,0.00218672233637489,0.000950493195924576,0.00612715710081393,0.0934976663036087,0,4.11563991600692e-05,0.0139587727835068,0.136602359754328
