0,3.10242547474206e-05,0.0240300101585568,0.00670873206151122,0.00143752200949582,0.016141398161727,0.77065700354061,0.260082444922208,0.000528057563248039,0.0270005949898243,0.00328987310995862,0.00924486343658138,0.00574486874448332,1.49451116257483,0.000972576772971213,0,0.0857339778648512,0.00161360817728502,0.0107970519455967,0.0109075178965991,0.0146793980009524,0.000816390584497273,0.0481216428786954,0.00657782925743949,0.00187863343439543,0.00575145176019272,0.00407222625870627,0.0312878793700807,1.46987496699196,0.659876250880954,0.000112400929357171,0.0196804129894385,0.0139135592107825,0.0343971207245005,0.00828282557650566,0.0379547945659258,0.0089200038649711,0.0540275127911736,0.00758316560071931,0.0037873221539649,0.00533613076230699,0.00152984321620893,0.00277575324424192,0.000630139351086647,0.000889129357615947,0.0010233327782408,0.000667725269737453,0.000134184744382739,5.42172920702696e-05,0,0.000115153576161831,0.000187825931429446,0,0.000143746769523859,0,0.00011004402728641,0,0.000858551332982004,8.23672130105496e-05,0.00318425765868053,0.000390721342522472,0,0.000407183894990444,0.000272678523182929,0.0019888773973023,0,0,0,0.000127291499674202,0.000236961196038842,0.000555877847274899,0.00021068278089273,0.00701047175681481,0,0,0.000571558282499492,0.00410189945289314,0.000376743009283066,0.000987006098393798,0,0,0,0.00114882988602689,0.00194258711900538
3.10242547474206e-05,0,0.00863049909554761,0.000812711321396708,0,0.00124627910703674,0.00115693305607525,0.000394939804606408,0.238620069406216,0.000490150595530868,0.00823150227728158,0.0012282992804139,0.208586023605598,0.000103931306264073,0.00198419076114047,0.0688684237244982,0.00454911019929343,0.00189810543199712,0.00128187609581137,0.000724323702069194,0.00862892066166032,0.306565112258133,0.0117654003355054,0.297051957906936,0.235611008307378,0.0374047990466486,1.88163595500236,0.0382753967356113,0.000939309549290717,0.000991386864586443,0.00765799081143174,0.000566057599044889,0.000127332832951069,0.00688786536175137,0.00244760207176778,0.0269647088696314,0.0210599400369572,0.014867734661257,0.00481249688898533,0.00180175943310252,0.000802233013278901,0.00463308492705965,0.0101105900180871,0.0058914426580598,0.00399819067107755,0.0033610384840866,0.000299092849534512,0.000252305954954326,0.00263746778428906,0,0.126951039940484,0.0049454941480416,2.8626397637099e-05,0,0,4.94234876379967e-05,0.000131924798175126,0.00237912825291875,0,0.00568958225925422,0,0.00351946156489426,0.000133471909672976,4.41060167543888e-05,0.0112832433421158,0.00346757716612666,0.00316736054254979,0.00143602986641973,6.48059648737907e-05,0.00040563051157397,0.00537233531180778,0.00413080748850933,0.00739403266407466,0.0138776780820821,0.0161374949604386,0.313610322839078,0.00179336630385431,0.000280774643135905,0.000229388345698059,0.00188116775456566,0,5.06933480894566e-05,0.00601780574326074,0.00158335274566972
0.0240300101585568,0.00863049909554761,0,0.000588057353469432,0.00696077112664113,0.00917125420920628,0.152018165996666,0.0595361220008257,0.00153889917843502,0.00194156368015948,0.00827376645196766,0.000831559311149985,0.0391772762930309,0.0782960275493013,0.00425685438592338,0.0223093707195466,3.33276974887479,0.00961535028299385,0.0793062841615871,0.00153969497422758,0.459496173713361,0.0100776415647482,2.416506313716,0.00804715873023376,0.00476998052922523,1.73087792224772,5.1197531148977,0.0525511870164058,0.0666090298456638,0.342624275718214,0.00104838623776459,0.00367419686296103,0.0110675513661459,0.29055487810124,0.136157916161033,1.33904983533708,1.14998125719017,0.830516025761637,0.229006712626049,0.0213360632293018,0.0448263322044079,0.00368824618080193,0.216635482108569,0.0808361709680955,0.0637881750299719,0.0507133788799742,0.00581404710782441,0.00239085256463492,0.000352090940150023,0.00014874444696495,0.0339314793484129,0.171880426173127,0,0.00132991024341315,0,0.00140958607166157,0.000210083764609337,0.00254310008432207,0,0.0042622536490745,0,0.000652336750005662,0.000713099457276642,0.000627790739233584,0.0206393740967417,0.0734393826778224,0.00145517859823641,0.0110770844034278,0,0.00494644236106768,0.0151260513929786,0.0830122095168573,0.0101970348152862,0.0021371858420626,0.0695848534775553,1.29266960303474,0.00540691067231509,0.000508219518741667,0.00277316710866094,0.000409899362928003,7.87663256404996e-05,0,0.0818864126737724,0.0807152855279769
0.00670873206151122,0.000812711321396708,0.000588057353469432,0,0.00331165370066616,0.0673278546578053,0.101966216111802,0.0628121535010305,0.204988934063644,1.05077687327992,0.00392145928075093,0.268191207686596,0.0287250423701271,0.0363686308877024,0.0328638664495451,3.86699839765429e-05,0.000804855689063996,0.000693893596125066,0.000613454528395266,1.26733264120946,0.000486185605147868,0.00143483199816915,0.000983450987038821,0.599282159620401,0.00564900078793996,0.000176709741594791,0.00157607763629633,2.89585269946096,0.0578855129744477,0.00870144768389315,0,0.0221128607184223,0.000997948804417044,0.0149540909695282,0.0149686596815991,0.175399094930922,0.00680218980002505,0.0384810403306188,0.00828017261693356,0.0735448948393126,0.0305256154898187,0.000909241196327746,0.0422788354307226,0.000356500263259351,0.0262588557229877,0.00334810946174496,0.0639904614603987,0.00327461010920727,0.000507190490044415,0.000218845334198296,0,0,0.133346049995278,0.0018541167122122,0.00296395568920842,0.0119030902174141,0.0128216369381832,0.0784173008035717,0.0983180023040549,0.0113096600898062,0.0376717853711871,7.34858166025877e-05,0.00585566112358269,0.0366882583305468,0.000894661837806791,0,3.57270311012268e-05,0,0.090151227671722,0.00037489130204171,0.000634242320579082,0.000109382136801481,0.354256899434125,0,0,0,0.214162153445083,0.00277404825277174,0.0015229644685303,0,0,0.000128074364091277,0.00916441974939594,0.00366658691436109
0.00143752200949582,0,0.00696077112664113,0.00331165370066616,0,0.206009569284414,0.0303221742078842,0.0288574765020399,0.00204702333487072,0.019769070698106,0.00161194241398406,0.0363157606195945,0.00285806978585454,0.00481254688451659,0.564496446231088,0.00607602608816826,0.00891420369197664,0.000669216160290002,0.00119157282853577,0.00805546218933743,0.0612385324726394,0.000588946012721479,0.0728214519031169,0.00404537125798919,0.00150277880843719,0.00135485757326895,0.0126714196785488,0.0275834017336049,0.0106642127122271,0.035271082747501,0.00018317874045825,0.010607676019385,0.00207917792080727,0.216520719223642,0.0803333976263323,0.0378431822954572,0.00694326214345947,0.0208543909780242,0.0080297696203757,2.04182706973533,1.08777010365979,0.000515109706548691,0.00310607666767395,0.00381847144404506,0.00216038729981598,0.00804002878027803,0.000936851462539702,0.000189496338988483,0.000184360676237345,0,0,0.000654174419062376,0.000250088529440701,5.63017826719881e-05,0.000148660506185532,0.000438112229376853,5.65359425681233e-05,0.000935169224213749,4.84116780391336e-05,0.00185494843744862,0.000679858700906724,0,5.09938979339004e-05,9.89185768383443e-05,0.00276012082345318,0.000264142494639993,0.000156750853369117,0,0.000426675498925984,0.000219365540708363,0.000296113923811048,0.00351615860450995,0.00710863653770322,0.000194216932799697,0.000881441070489168,0.00553295343082092,0.00266999141822631,5.46935796484352e-05,0.000508290621154785,0,0,0.000102737704034269,0.00049250622027564,0.0443467804072793
0.016141398161727,0.00124627910703674,0.00917125420920628,0.0673278546578053,0.206009569284414,0,1.17892371934134,2.63534548219664,0.0256108847119924,3.98639989311609,0.00531110207112619,1.31403470883432,0.0189318757967951,0.172497365400282,0.541146296215081,0.000498611649378747,0.0144947766169004,0.00130797271832653,0.00221593882398695,0.109582319082267,0.0106013644090954,0.00454380081710765,0.0228777873939766,0.0575109203171125,0.0110498694324055,0.00107977302987054,0.00460383813343039,0.340687124611834,0.0541053976502715,0.0686597321305042,0.000370530929660588,0.233029862209724,0.00207325044615653,0.0166686091616751,1.92601628187476,0.155422421777799,0.0071010718535679,0.0367338727793839,0.00854899264523757,0.325471905694353,0.048559540666121,0.00204575785205105,0.0205033587706013,0.00174571485489965,0.0164699102438991,0.0043385280915305,0.0159575710729195,0.00313424777920434,0.000348107394436837,9.37176929541826e-05,0.000217154768450975,0,0.00668970045614719,0.000144482025645137,0.000164014249787211,0.00284755055680055,0.00443570632101137,0.00885292785929403,0.00491448562424579,0.0146952674494201,0.00853181870900294,0.000116888497984171,0.00496492844592482,0.00381717818248546,0.00414359840462899,0,0,0,0.00262104073032245,0.000986752542984605,0.00269843026596459,0.00106621578636491,0.0830640955556867,0,0,0.000847803093639791,0.0425234478962371,0.00382071523455917,0.00519628728398049,0,0,0.000348377703898549,0.00904405298733654,0.0650003872266519
0.77065700354061,0.00115693305607525,0.152018165996666,0.101966216111802,0.0303221742078842,1.17892371934134,0,2.78197151219258,0.031858229162682,1.64473797850036,0.0353136018091777,0.050181359984704,0.13876074669651,4.21052888242171,0.0353580222325933,0.00450573037026587,0.0893047835940275,0.0175616552689159,0.0330283326634613,0.0830050589405671,0.570213933167794,0.0135127139964018,0.401711568020856,0.706356939948954,0.0257042195357827,0.0153702889943186,0.0265371940714219,8.44181094514514,0.819036791577004,2.73620580660978,0.00189322967408144,0.125143227774175,0.0416085965322559,0.134973037528273,0.170001123562527,1.07444848726072,0.0602727758236645,0.347235323925903,0.0784095587509418,0.281136358634365,0.16127784807337,0.0114570830934319,0.0729081509098897,0.00281531132631517,0.0363316536582891,0.0107106634375496,0.0294378153155985,0.00512892516658306,0.00146044238422486,0.000216817238159001,9.96344653493166e-05,0.000354937020870447,0.00520307821549746,0.00139231990753013,0.000265521671873808,0.00590612860199371,0.00708437571786066,0.0253576714432461,0.006226531000375,0.0347596063327186,0.00322493523947445,0.000310946853242725,0.013270058843845,0.0086327687581136,0.019566488910847,0.000456188500312388,0,0,0.00265367724329341,0.00669536748340896,0.00606697469579291,0.00568834704472003,0.195092538576927,0.000600291169440061,0,0.00587070831514791,0.096715430390721,0.0105895808241829,0.0176505733598659,0,0.000149702847595871,0.000892178483563542,0.017280349734066,0.0501105325036038
0.260082444922208,0.000394939804606408,0.0595361220008257,0.0628121535010305,0.0288574765020399,2.63534548219664,2.78197151219258,0,0.0106449434033174,0.980923831168392,0.0085440533961595,0.450783921149089,0.0205207927511851,3.57427008540067,0.113901144801774,0.000362939995236099,0.119037768808924,0.00369411684544927,0.011165235143891,0.109296429542228,0.0440895743663097,0.00302061314826221,0.129360179075997,0.045594486182034,0.0093485078281459,0.00828267574492717,0.0068163551685125,0.181861707634139,0.231217748232711,0.496252574108334,0.000532979763744533,0.210537692579034,0.0079052367851997,0.0392559356581215,0.0125472743660957,0.165242338042211,0.0186931853710953,0.0870471613973414,0.0171629121238707,0.091618186427483,0.0271648249077337,0.00365266444863212,0.0173594775042073,0.000908557417683899,0.0131567148572703,0.00214604278945905,0.0109924188500227,0.00155205755209851,0.000444585931404203,9.98701381946803e-05,0.000125542964409113,8.38469889668226e-05,0.00288860943800366,0.000244108994455039,0,0.000876070454163611,0.00161980959805617,0.00919399189841631,0.00098828163550517,0.0112833224774212,0.00499244973336044,0.000137138111185223,0.00272492090634334,0.00129124014472529,0.00357772148520526,0,0,0,0.000620492200849295,0.000805522614445537,0.00150068548196397,0.000758007237912237,0.0632192913068751,6.6919499140203e-05,0.000108753469193458,0.000761320875749708,0.0230814298206507,0.0015703065813739,0.00359437007462281,0,0,0.000101337506727159,0.00406639972691193,0.00437624600260025
0.000528057563248039,0.238620069406216,0.00153889917843502,0.204988934063644,0.00204702333487072,0.0256108847119924,0.031858229162682,0.0106449434033174,0,0.0198292847039564,0.00471494579812765,0.365470130291128,0.129498704378706,0.00765078407930267,0.443567996568383,0.0270081780153687,0.00100456775267062,0.00127190048987711,0.0016253215852257,0.161535263474889,0.0368636252676953,1.04758667219862,0.0152733396511138,4.36823351197307,0.109293831730895,0.0102584186099175,0.301757087337035,0.647589284740409,0.0063031437264973,0.00982094470250097,0.00287629049383649,0.00988912247935018,0.000533510753118157,0.00467848795674366,0.00582195072669023,0.238805083230076,0.00807093543422601,0.0132989942396599,0.00247746852351642,0.241123902713197,0.00693787022803309,0.00239680397984701,0.0995610541353724,0.00368791203914419,0.0779010586638265,0.0131085592334868,0.0601675230306569,0.010131274449176,0.00183570913949903,0.00220754750841763,0.0030201297764853,0.000721571917149544,0.057155605505379,0.00440244947715467,0.0027673771666756,0.0277214353836207,0.033537440040026,0.611921716825376,0.0429495850859675,0.0282597836182792,0.02462930667239,0.0013730476316278,0.0425030461324288,0.0208852110404313,0.124553561951057,0.00137775078311861,0.00197090949135524,0.000992599744517684,0.0219645762994817,0.0150917117549216,0.0574927482343266,0.0244124252672019,0.819784326941484,0.00167904347943288,0.00153823107803759,0.0224802903734416,0.305782598941387,0.0348429218021595,0.0489087349657638,0.000297047571600497,0.0011327660638873,0.00130111769418785,0.0385368583152219,0.0161853080810395
0.0270005949898243,0.000490150595530868,0.00194156368015948,1.05077687327992,0.019769070698106,3.98639989311609,1.64473797850036,0.980923831168392,0.0198292847039564,0,0.038540909179425,1.01194264409941,0.0892834759766712,0.260087836405142,0.0263246349203552,0.000669737020964592,0.00460922983803598,0.0146060740017105,0.0181087326935696,0.633954032419258,0.00438298044654563,0.00110932872866836,0.00576156425392878,0.0663707497764392,0.00980158148532873,0.00577089337479761,0.0029919362466437,1.86492699911832,0.240142390229561,0.0205041021541742,0.000891418198673576,0.146774134652946,0.000499539387985348,0.0743179130479174,0.469453627915245,0.443830591089641,0.034431270118493,0.173848048078514,0.0239086611731167,0.152850397850951,0.118356150889098,0.0115382301438929,0.0247581412965688,0.000927880228570699,0.0129300736367323,0.00224002237454471,0.0166276684703295,0.00197589909560004,0.00120994104286686,0,0,0,0.00947249511801255,0.000568229254744053,9.35919879553914e-05,0.0051919644252995,0.00391688998186255,0.0150757203342231,0.0105751654408355,0.00980197093644187,0.0621022392855271,0.000325244294757068,0.00194797680841219,0.00700023782410073,0.00169462120152646,0,0,0,0.00773844733078286,0.000145728038544416,0.000854496870874047,0.000113199282902003,0.102491601648598,0.000735893215516985,0,0.000179211874390244,0.0456227157033257,0.00111333336576188,0.000327680868486166,0,0,0.000376242260292173,0.00577646467391733,0.03064212062259
0.00328987310995862,0.00823150227728158,0.00827376645196766,0.00392145928075093,0.00161194241398406,0.00531110207112619,0.0353136018091777,0.0085440533961595,0.00471494579812765,0.038540909179425,0,0.0388175505088254,1.33858537983416,0.030012092922816,0.00255535645501736,0.000635672597053022,0.146525408290912,1.90621726594923,0.5039713627318,0.0186227014782845,0.006576377502047,0.00499592662400019,0.0139839986483085,0.00701633541787135,0.279997721326073,0.687295505960012,0.151547377855632,0.019029264168103,0.417875284236103,0.0404308671969097,0.145388051588731,0.302069645630021,0.00221744153600549,1.41406079482566,0.00789543403681508,0.0889229163900244,0.418062377388555,0.491074309506504,0.0763780248166532,0.00738243442009306,0.0104557556005611,0.480899682182359,0.00727408900384751,0.0985365488834858,0.00938148498101553,0.00363945421305329,0.000836945704931736,0.00104786490894384,0.1265589624653,0.000103790357061684,0.0522558658655892,0.000397851658314288,0.000337170600696742,0.000151769740861893,0,0,0.000399474178550005,0.00399644628092131,0,0.346634361943299,0.000741849389698475,0.339874074537076,0.00327393061208573,0.000445528117435813,0.00115930606733492,0.000180513885012806,0.0119191394588154,0.00137529019752112,0.000561147254117757,0,0.00876953471789202,0.000149163462594151,0.00344127922215435,0.174267212227865,0.0335076248084294,0.153554928193222,0.000163307442071914,0.0148969128606206,0,0.0687913797520403,0.00785483655242139,0.000129577652766704,0.0607505677632112,0.00434710274988365
0.00924486343658138,0.0012282992804139,0.000831559311149985,0.268191207686596,0.0363157606195945,1.31403470883432,0.050181359984704,0.450783921149089,0.365470130291128,1.01194264409941,0.0388175505088254,0,0.0629763669330639,0.169238442055574,0.73763545820301,0,0.00394056347977516,0.0148794647643445,0.0167817251641629,2.35812499002158,0.00348901831365355,0.00297531530575323,0.00291232215478459,0.106342640071955,0.0166278931401897,0.00576561458022881,0.0041463518792153,0.126184301956223,0.155581443088962,0.0122596159806886,0.00074404713447091,0.222234367539978,0.000240890908042193,0.0655416418057748,2.14298702252933,0.436659862507949,0.0318644563407937,0.132172046241601,0.0189679379926549,0.820738400841441,0.0737598425992774,0.0110419334804506,0.0348209119469386,0.00126355936205801,0.00966299773565436,0.00432597472704151,0.0838848759220659,0.00228679832814574,0.00156719671423516,0.00029073233550328,0,0,0.131300078285684,0.00501508628129449,0.0133759093510076,0.00324696156972027,0.0101456103778865,0.0553822032021546,0.0811618566378872,0.0211832371584498,0.164592828278142,0.000415537786768496,0.0078073798615765,0.0478656904618759,0.00251616202641272,0,0.000178728763039023,0,0.0593552573937197,0.000846157144393176,0.000726733284536034,0.00139079400832453,0.163720059832569,0,0.000100497230847359,0.00070616111552,0.167071624485914,0.00453974296326516,0.00292958442183164,5.08492469663918e-05,0.00011841704175061,0.000132052044025898,0.00411055229475784,0.317354493848771
0.00574486874448332,0.208586023605598,0.0391772762930309,0.0287250423701271,0.00285806978585454,0.0189318757967951,0.13876074669651,0.0205207927511851,0.129498704378706,0.0892834759766712,1.33858537983416,0.0629763669330639,0,0.0348344012131394,0.00546606721346342,0.0366097337977553,0.0339126164802921,0.0755196623915039,0.0212921734774785,0.0487392866456922,0.0896267730761493,0.134974038750327,0.157831664917721,0.125565649780663,1.97659603372746,0.101514006853979,0.972273730012763,0.168614403669149,0.14974153373244,0.110291035758153,0.423705087646734,0.141454695919992,0.0038851257926324,0.41786212100736,0.0241118142320226,0.58649886950427,1.07780767608376,1.2717306529461,0.406008562441053,0.0848932741552522,0.0893944881953543,1.87967038092645,0.0271780644427524,0.16214940220667,0.0275405794914744,0.0213291265679109,0.00788691143569654,0.0117665285181827,0.158746371044777,0,0.100565684077077,0.00127876080313748,0.000773948852197975,0.000294702270874023,0.000240553628874987,0.000638868807708174,0.00224628188884586,0.00495967762541521,0.00100041970473191,0.549512136308143,0.00293796962669823,0.47714294294221,0.00678053011504292,0.00110104447285878,0.00545139832431171,0.00172536360127339,0.0295328460686651,0.00356219082885396,0.00116733069113594,0.000832489077356577,0.0136410736723345,0.00292941505832664,0.021759287325202,0.37148194775344,0.0692000663094444,0.458766655889175,0.00670712075198126,0.017614639181833,0.00233713324368155,0.101304053010784,0.00939041469258902,0,0.0854559188632699,0.018692314197568
1.49451116257483,0.000103931306264073,0.0782960275493013,0.0363686308877024,0.00481254688451659,0.172497365400282,4.21052888242171,3.57427008540067,0.00765078407930267,0.260087836405142,0.030012092922816,0.169238442055574,0.0348344012131394,0,0.0116758572291076,0.000475672235671819,0.192067025510066,0.0127592889267473,0.0274419961972063,0.0908917938696542,0.0462362907003032,0.00374575351738256,0.1605616554286,0.0310846350505734,0.00971293436110521,0.0187764633733407,0.0132358762331762,0.125177597637114,2.26017306061828,1.26544559680045,0.00204349040000311,0.12825014563697,0.0125498413851912,0.0741021292610419,0.018818177132137,0.192169345314582,0.0312976967612096,0.146407177982129,0.0239286547630652,0.0331130552671436,0.0326662873560219,0.00967756203599006,0.0134785310571006,0.00107752549108672,0.00731603053901034,0.00217762352119404,0.00799503252931625,0.00124221190577227,0.000726462665043741,6.12390754570961e-05,0.000355633752591908,0.000223423134125173,0.00205153516029027,0.000149954952061952,0,0.000715422497807503,0.000366121981688261,0.00605253448829699,0.000105330359558344,0.0104432810768485,0.00210916332508868,0.00070056807705605,0.0011191510585844,0.00159006817543966,0.00315515223899555,0,5.90799480936527e-05,0,5.34358041889668e-05,0.000980854084095806,0.000652302169194817,0.00019335329301542,0.0373041738940838,0.0005965394242903,0.000500204819019496,0.00268590998793906,0.0156576447526765,0.000974574827047348,0.00353178572687608,0,0,6.19467016531229e-05,0.00306283022310263,0.00492626397119167
0.000972576772971213,0.00198419076114047,0.00425685438592338,0.0328638664495451,0.564496446231088,0.541146296215081,0.0353580222325933,0.113901144801774,0.443567996568383,0.0263246349203552,0.00255535645501736,0.73763545820301,0.00546606721346342,0.0116758572291076,0,0.00185189923089307,0.0056146671861783,0.00171122962958274,0.00208913169438813,0.0484922751697538,0.0158773753357905,0.00423613427031479,0.0150834813080193,0.192655977056834,0.00266753362600433,0.00126676324907032,0.00819754009215424,0.052037113146826,0.0144537278240923,0.024675036344092,0.000100197080942363,0.0532635155206403,0.000741695040974438,0.00873253848050386,0.65276026575973,0.0401490353944519,0.00699279904338377,0.01755750187605,0.00489790907973432,1.81315443645708,0.0120357353964432,0.00129646550862401,0.00697332285106834,0.00425312166114968,0.00281258818512076,0.0119844892917331,0.00710958254331157,0.000675581509730101,5.42746353262662e-05,0.000112190595311076,0,0.000356503658094197,0.0105430576354131,0.000695976108731687,0.000239708153782367,0.000432429709887028,0.000219258400340676,0.0125115223837335,0.00540034235205516,0.0016848449607564,0.00511322273778915,0,0.0013100048571646,0.00280868481331545,0.00396235092525881,0.000156630809528709,0.000260002315277398,0.000193446699028432,0.00430833785624579,0.000781658174899578,0.000314750674228936,0.004861912495646,0.0222781737157602,9.17960800177455e-05,0.00104275760779011,0.00565501590203494,0.0190664788189342,0.000873884347939134,0.000942712841771186,0,0,0.000142269858250141,0.00159446858516983,0.0689355130955935
0,0.0688684237244982,0.0223093707195466,3.86699839765429e-05,0.00607602608816826,0.000498611649378747,0.00450573037026587,0.000362939995236099,0.0270081780153687,0.000669737020964592,0.000635672597053022,0,0.0366097337977553,0.000475672235671819,0.00185189923089307,0,0.00528565141902569,0,0.00118085362355733,0,1.44445791180165,0.643109278977665,0.960852514617508,1.12095023467218,0.0358494505323492,0.00382844757703131,1.51467042537465,0.332035653096243,0.00452200133313659,0.00820479224376321,0.000595900544274986,0.000641388082094372,0.00175015747529322,0.00624450115094346,0.0563109959995357,0.567833684436458,0.312557971967466,0.0816452385993004,0.0494821117450289,0.00943491122696173,0.0106847980327404,0.0035081165817928,0.114153664330593,0.0129300702604993,0.0432547004190239,0.0192172868201359,0.018242284296603,0.00329502152426749,0.00292555647043854,0.000491950967908859,0.00438306787206877,0.0349975331841039,0.000110863497014016,0.00143453182966232,0.000127348976243347,0.00120616033156005,0.00113542851969605,0.0443573569516866,0.000164354793576419,0.0207769191850687,0.000276692377485573,0.000298749264345319,0.00337270897139386,0.0031907456562179,1.03489929966408,0.00775175988265356,0.000238101116473794,0.000575509879561454,0.000773625468601346,0.0351305903720712,0.236493607261474,0.313270674055448,0.139675018855162,0.000619738073166639,0.00278730498363659,0.465007223086896,0.053540294564074,0.00178745027863288,0.00913717166400733,6.5475878950119e-05,8.26671861981154e-05,0.000109245921766042,0.0245530969891214,0.0240260686684917
0.0857339778648512,0.00454911019929343,3.33276974887479,0.000804855689063996,0.00891420369197664,0.0144947766169004,0.0893047835940275,0.119037768808924,0.00100456775267062,0.00460922983803598,0.146525408290912,0.00394056347977516,0.0339126164802921,0.192067025510066,0.0056146671861783,0.00528565141902569,0,0.0438670801582083,1.25456020601575,0.00295876256228935,0.292783208983906,0.00325724406872463,2.11179214019542,0.00879187028503912,0.00243518138486532,0.658101579479953,0.642390965261785,0.0304250540113343,0.384778926443999,0.902051401339757,0.000823903778753936,0.0135762199503503,0.0810192849524667,1.91764808246449,0.0745661961297795,0.79103204929333,1.06037410365207,1.04380283818321,0.193005398627493,0.0170456372440761,0.0491313512825092,0.00397794678724161,0.0240609151507409,0.0158828758580292,0.00676277902588138,0.00907985237337443,0.00113463943296525,0.000474058272280097,0.000148027336933494,0,0.00509793340614068,0.0156841268176094,0,0.00016729406328845,0,0,0,0.000503927145367563,0,0.00166518559307363,0.000149564443744541,0.000339951246363044,5.29579478560686e-05,0.000403189274984955,0.00410499410063073,0.0117549854906472,0.00132283795914522,0.00176085339697513,0,0.00041324127555433,0.0029081596191169,0.00749671244199544,0.00272909531928253,0.00190695320248842,0.0194021260068706,0.164835885496956,0.000998152925450325,7.8174799695909e-05,0.000162418125555039,0.000913786446144074,0,0,0.0130680010578703,0.0439896745271855
0.00161360817728502,0.00189810543199712,0.00961535028299385,0.000693893596125066,0.000669216160290002,0.00130797271832653,0.0175616552689159,0.00369411684544927,0.00127190048987711,0.0146060740017105,1.90621726594923,0.0148794647643445,0.0755196623915039,0.0127592889267473,0.00171122962958274,0,0.0438670801582083,0,0.183944153948471,0.00776142196086332,0.00282273479152149,0.000565309244131625,0.00851093363542387,0.0019119864497379,0.0218320272733365,0.91450424772974,0.165595800560746,0.00393428621622333,0.165173296597675,0.0218469139930738,0.0937623481033001,0.0902251334402462,0.0019792125691213,0.199150551477513,0.00686151059847474,0.0957705463086917,0.350259949384516,0.216207745099041,0.062306465319965,0.00529772625751573,0.00295328909021872,0.0211651004067488,0.0104504868974877,0.0958840934490043,0.0124856775277511,0.00878412847113278,0.000155416063213378,0.000217314434199453,0.0105514134369795,0,0.0151074636955989,0.000387893668317557,4.25473752192855e-05,0,0,0,0.000531486647172421,0.000215805502967477,0,0.210606211192652,0.000152171087848366,0.146926918434077,0.00243441751602185,0.000634701937812984,0.000133163826085449,0.000437284717456013,0.0406732828678954,0.00473457974330288,7.85948663287759e-05,0,0.00211991824248958,0,0.000197207559077233,0.0432472240315976,0.0984387549084715,0.208150269127776,0,0.00638034116409203,4.05122073824704e-05,0.113783763854316,0.00112730299024231,0,0.0242502048698496,0.00555419338400319
0.0107970519455967,0.00128187609581137,0.0793062841615871,0.000613454528395266,0.00119157282853577,0.00221593882398695,0.0330283326634613,0.011165235143891,0.0016253215852257,0.0181087326935696,0.5039713627318,0.0167817251641629,0.0212921734774785,0.0274419961972063,0.00208913169438813,0.00118085362355733,1.25456020601575,0.183944153948471,0,0.0105497393462572,0.0330808629194825,0.000600636850435972,0.109142643449286,0.00420906683044398,0.00380639832932505,0.556634316810742,0.144519868083089,0.00887114075450537,0.218718401149777,0.0907739230707817,0.00462647318701705,0.0498751846725977,0.00861129302667555,1.28387328128723,0.0296726209930299,0.499752515627088,0.800922337372949,0.691483055790847,0.253127736496255,0.00812691293731299,0.0143536693981261,0.00415715673014134,0.00905096069497163,0.020813991888399,0.00329295862419533,0.00531523455863011,0.000225515462299943,0.000210222168460667,0.000793911544498861,0,0.00312192278944087,0.0038352273350462,9.49814644050598e-05,0,0,0,7.92218721728921e-05,0.000265753029093504,0.00010615881087184,0.0184486246589856,0.000229589006790072,0.0133225331408967,0.000371185345308244,0.000184887970046461,0.000110469138116807,0.0046856891672281,0.0160471400327675,0.00840085839735902,0,0.000129830030059695,0.000796138636765957,0.000947349057659865,7.79972079793215e-05,0.00687563122644925,0.0585313050610768,0.158831525587713,4.58148681052923e-05,0.00133082433137334,5.86566199390889e-05,0.0151949442553596,0.000208569277629376,0,0.00610972582310909,0.0283586949683047
0.0109075178965991,0.000724323702069194,0.00153969497422758,1.26733264120946,0.00805546218933743,0.109582319082267,0.0830050589405671,0.109296429542228,0.161535263474889,0.633954032419258,0.0186227014782845,2.35812499002158,0.0487392866456922,0.0908917938696542,0.0484922751697538,0,0.00295876256228935,0.00776142196086332,0.0105497393462572,0,0.00257338469911582,0.00210949567166937,0.00425132211345303,0.375953428180596,0.0125560664023897,0.00371398965678483,0.0051305217558611,0.681539554583403,0.117161476595252,0.0121631497860385,0.00053317650605002,0.047586007653432,0.000587859231527865,0.0300118289844827,0.0233540393558292,0.254470981241704,0.0181195665509567,0.0606270532606775,0.0134668957954678,0.127779255168793,0.0475607469012621,0.00514918401249478,0.0818025806437811,0.00150253493838331,0.0448064564725844,0.00730272500933227,0.0825757128754325,0.00866981470890519,0.0013512976626406,0.000377922036975324,0,0,0.1426267508757,0.00395244147674993,0.00256240308735514,0.0158701174951203,0.0233732859177952,0.0640746903016291,0.0863086840738433,0.0251526168861878,0.0541320223385719,0.000242543724466145,0.0270849120161527,0.0412210314374468,0.0023662591873909,0,0,0,0.0447395405853003,0.00109540291460913,0.00171057369478524,0.000742314677391678,0.411854204976061,0.000283923357106269,3.8761204273969e-05,0,0.284551709196171,0.0170807514175787,0.00338540177523631,0,9.53338141587376e-05,0.00030519542325598,0.0210127087600458,0.00770801187681123
0.0146793980009524,0.00862892066166032,0.459496173713361,0.000486185605147868,0.0612385324726394,0.0106013644090954,0.570213933167794,0.0440895743663097,0.0368636252676953,0.00438298044654563,0.006576377502047,0.00348901831365355,0.0896267730761493,0.0462362907003032,0.0158773753357905,1.44445791180165,0.292783208983906,0.00282273479152149,0.0330808629194825,0.00257338469911582,0,0.0663950415807378,5.88823304445097,0.51824211890346,0.0383608387171987,0.0230410424191784,0.166415384853951,1.44581874533216,0.0988247192316899,2.18653021791717,0.00019501544756043,0.00532871175689055,0.0355613388977362,0.589941399479691,0.389074631019173,2.36374638573943,0.252480841089851,1.85744309326138,0.511632069001868,0.0723561562328275,0.143736425229559,0.00764418163397685,0.0705693080397808,0.0108469255511316,0.0224972456265067,0.0216818781398217,0.0348462385372024,0.00521847662210444,0.00144026688693416,0.00267590078709119,0.00104853101274434,0.00385931110262537,0,0.00325541483249968,0.000123522991171002,0.00314671236643687,0.00381389927737383,0.0311348399795882,0.000150272426475734,0.0445066410192765,0.000784958890662491,0.000312989598226904,0.0129765920417303,0.00297681582585558,0.49594462721019,0.00466179186134041,0.000118106955365538,0.000587372415311217,0.000654459163547874,0.0922280364473509,0.115000337192254,0.116161322577426,0.296641739627951,0.000564484023336768,0.000772537977437705,0.0470611258543225,0.140925624910183,0.00935813007982739,0.0700751040362459,0,0.000489839374433875,0.000733510872336865,0.0121596419078424,0.152472779972577
0.000816390584497273,0.306565112258133,0.0100776415647482,0.00143483199816915,0.000588946012721479,0.00454380081710765,0.0135127139964018,0.00302061314826221,1.04758667219862,0.00110932872866836,0.00499592662400019,0.00297531530575323,0.134974038750327,0.00374575351738256,0.00423613427031479,0.643109278977665,0.00325724406872463,0.000565309244131625,0.000600636850435972,0.00210949567166937,0.0663950415807378,0,0.0743632279142055,2.18577503026476,0.105494271972386,0.0104059518759189,0.916634662782974,0.278648359196742,0.00394956628725839,0.00782904659045339,0.00446690907276466,0.00312114865238461,0.000409277556296706,0.00496403935262996,0.00443038484453267,0.0497853450219505,0.0184217438234202,0.0157945926725023,0.00467117875950805,0.0168189173408773,0.00203488918753081,0.00277499981102777,0.0473264150373649,0.00646853406561375,0.0164529806272628,0.00685468493423194,0.0045327688284781,0.0016865272796903,0.00137339668885672,0.000336015767790914,0.0303999879118638,0.00742705090529701,0.000487875237703145,0.000431630048013151,0,0.000804919183326691,0.00100708237039751,0.0349609924994488,0.000485954272730619,0.00459679528656599,0.000261527386701346,0.00154788294384005,0.00245800440689206,0.00162431126687393,0.205324841252525,0.00702385110787419,0.000719762634492696,0.000507866964367807,0.0002628435161165,0.00696137823472265,0.130185182418506,0.0451284897000209,0.0798791395996303,0.0019826382892139,0.00325012095184288,0.20711577564551,0.0218451578620595,0.00193251847599449,0.00431460246434936,0.00056912387278384,0,0,0.011926567022626,0.0052732892906991
0.0481216428786954,0.0117654003355054,2.416506313716,0.000983450987038821,0.0728214519031169,0.0228777873939766,0.401711568020856,0.129360179075997,0.0152733396511138,0.00576156425392878,0.0139839986483085,0.00291232215478459,0.157831664917721,0.1605616554286,0.0150834813080193,0.960852514617508,2.11179214019542,0.00851093363542387,0.109142643449286,0.00425132211345303,5.88823304445097,0.0743632279142055,0,0.12038814909418,0.0454779124518967,0.157833584279835,3.16653004518948,0.308114594404809,0.204854902709991,1.55962499220416,0.000262064303859651,0.010094236422766,0.0431425011645586,1.10062107601695,0.709411437123634,4.96290413515118,2.69175578621794,3.42317999417367,1.03349691712813,0.120531343299302,0.20344623580459,0.0156018532462351,0.211069211883277,0.0278443715675125,0.0656527276412189,0.0541342679613667,0.0271623217936915,0.00838370573852307,0.00514777921433387,0.000415940448284626,0.0044315355075272,0.0742181257498935,4.30528149728477e-05,0.00433857653690887,0,0.00161464376622933,0.00144812910741669,0.0291514513171619,0.000458567197532892,0.0485346594719885,0.000164968089868307,0.00240267762698853,0.00739375825600869,0.00540714291312194,0.952288503560843,0.0181890274978701,0.000617009661452383,0.00289783514197206,0.00194824825258583,0.0400885522138517,0.151160347414758,0.370093445946904,0.140497925395754,0.00117474044679004,0.00517203764694094,0.8199399498664,0.0634176698793541,0.00345051758467132,0.0100153461562007,0.000351718835247815,0.000404443441688478,0.00018738104994899,0.0438351961762625,0.365673620309869
0.00657782925743949,0.297051957906936,0.00804715873023376,0.599282159620401,0.00404537125798919,0.0575109203171125,0.706356939948954,0.045594486182034,4.36823351197307,0.0663707497764392,0.00701633541787135,0.106342640071955,0.125565649780663,0.0310846350505734,0.192655977056834,1.12095023467218,0.00879187028503912,0.0019119864497379,0.00420906683044398,0.375953428180596,0.51824211890346,2.18577503026476,0.12038814909418,0,0.121969624142745,0.00934305965147024,0.898003127749099,3.000657781384,0.0514973295480917,0.0258553212940587,0.00211558229121721,0.0266207179248166,0.00495302948158196,0.0241876816322304,0.0223005342465696,0.316719174407552,0.0376156048693775,0.0533958196908344,0.013501702293073,0.183245265617094,0.0254722006705259,0.00330232369931048,0.367210669966779,0.0121247036441404,0.249742411115654,0.0437572885330173,0.163079049553739,0.0338062621579361,0.00329392001662135,0.00612183238392803,0.00885181324975559,0.00446091564840904,0.152349603108846,0.00802973473883519,0.00565988295739224,0.0652867508685533,0.102340767133581,0.543936360594888,0.156440998192451,0.0729708121793235,0.0305446730788456,0.000727616434544683,0.134538350305918,0.0485452286190661,0.364923881572013,0.00393487083778691,8.16779406248331e-05,0.000352961533920198,0.0641519587377768,0.0577027076456705,0.179790023894963,0.0855149907660701,2.25988673304844,0.00135810062024376,0.0011491529378908,0.107410866756964,0.973186372433668,0.108852215906395,0.101924027355155,3.66743574398458e-05,0.0035880185215435,0.00465170071010944,0.123579286464735,0.0198289612583536
0.00187863343439543,0.235611008307378,0.00476998052922523,0.00564900078793996,0.00150277880843719,0.0110498694324055,0.0257042195357827,0.0093485078281459,0.109293831730895,0.00980158148532873,0.279997721326073,0.0166278931401897,1.97659603372746,0.00971293436110521,0.00266753362600433,0.0358494505323492,0.00243518138486532,0.0218320272733365,0.00380639832932505,0.0125560664023897,0.0383608387171987,0.105494271972386,0.0454779124518967,0.121969624142745,0,0.0953987915178167,1.44108212037912,0.106706528990188,0.0190397961890187,0.0213577585771014,0.167393661883262,0.0250336708888641,0.00178613185189114,0.0556968874492316,0.001732275714443,0.0905368361604431,0.218095707744214,0.146027230532429,0.0327631876430881,0.084481518047086,0.0149599621581272,0.185178098991149,0.0258731876432888,0.0250569652441804,0.0235710005938915,0.0075906402457737,0.0470178584919879,0.00355246398835644,0.0494972996005683,0.000449694708303482,0.0753841719781378,0.00109969845029515,0.000579290680777133,0.000270364163508296,0.000285512279328078,0.000828266380254924,0.00332152600751162,0.00362798887918115,0.00160851773249391,0.147195344847557,0.00387483827733326,0.151287853936141,0.0086237389562678,0.0034849074693844,0.0100417450275279,0.00134488852758175,0.0244990782995401,0.0032187028993536,0.00222271071962634,0.00218405087675005,0.00720447498863632,0.00557998462949779,0.020041556357466,0.28801802760404,0.0434470038058828,0.396906667646846,0.0148542040090743,0.0162001745371781,0.00598254564611509,0.0232244294226785,0.00783995206180403,0.000482811340830564,0.058696317221792,0.00339641089911061
0.00575145176019272,0.0374047990466486,1.73087792224772,0.000176709741594791,0.00135485757326895,0.00107977302987054,0.0153702889943186,0.00828267574492717,0.0102584186099175,0.00577089337479761,0.687295505960012,0.00576561458022881,0.101514006853979,0.0187764633733407,0.00126676324907032,0.00382844757703131,0.658101579479953,0.91450424772974,0.556634316810742,0.00371398965678483,0.0230410424191784,0.0104059518759189,0.157833584279835,0.00934305965147024,0.0953987915178167,0,4.44586166842975,0.0241696440469106,0.0845702944571615,0.0629248726147715,0.391344098206978,0.0295551228385128,0.00467359976350143,0.29462988618683,0.0348282860366749,0.655780395843146,1.70525990642316,0.450454529558218,0.190755980785535,0.00569825556623748,0.00830748159542829,0.0153499945258933,0.0944052800725743,0.299338063536858,0.0711607164889823,0.0545031352886396,0.00124070455569625,0.00190883474087214,0.0063509959016504,0,0.124204433833642,0.0716205331903589,0,0.000157174280733466,0,0.000160730836830943,0.002028509282155,0.00234360626364163,0,0.299872142659736,0.00032116601609999,0.216632731157631,0.00848270678349558,0.00144362237579957,0.00156070764399198,0.0886562218848693,0.276474824241019,0.144690647181521,0.000238072568858027,0.000360908526064098,0.00988935685006711,0.00819067103913182,0.00245536348890767,0.144923412308985,0.916804379270195,3.61552093744565,0.000168163029398084,0.0179758616975672,0.000244563437278569,0.212381444784503,0.00211351891369796,0,0.107114166763746,0.0308269787893969
