0,0,53.9367576539516,3.5731608569622,0,83.6396672725677,9422.52711027861,1360.66047975421,7.76722791790962,64.7101281881332,16.678898870945,28.35235029459,3.65473484992981,10967.2528283298,10.6860512793064,0,850.051100939512,4.24219289422035,58.7439886629581,16.1203174889088,672.739403411746,0,740.358608841896,18.5214634239674,0.526936829090118,61.8364661037922,90.6128649413586,623.951739311218,6095.88525542617,12073.9545761943,0,6.64343279600143,24.6160410642624,286.58013933897,4.84699243307114,123.228395491838,15.556804060936,193.265275031328,50.2736245691776,15.6476452350616,2.76578402519226,2.47921252250671,7.19452813267708,0,0,0.61212146282196,5.01152473688126,0,0,0,0,0,0.570724904537201,0,0.802797257900238,3.22634899616241,1.00311052799225,4.35071343183517,0,0,1.73439800739288,0,0,0.441997736692429,0.928005814552307,0,0,0,2.55854964256287,0,0,0,11.8084188997746,0,0,0.387864112854004,19.160978525877,0,0.540585875511169,0,0,0,5.39637416601181,1.29084396362305
0,0,89.0826532244682,0,5.85664373636246,6.18504932522774,7.77546754479408,4.81184697151184,8814.46584999561,8.57610279321671,656.054969072342,11.386679649353,456.564245969057,17.6713234484196,58.8427127897739,1385.63248956203,33.3758633434772,2.19807696342468,19.8053013682365,6.63389310240746,127.454124629498,5377.6809925437,42.6136343181133,5113.18613237143,8065.92101222277,173.034712702036,24560.132705003,568.622867792845,12.1761383712292,7.5984719991684,65.3513478338718,9.17117923498154,0,224.056276232004,0.789065301418304,76.7763397097588,206.466093838215,180.033103555441,32.2936183810234,96.1251383721828,2.70779752731323,358.056877434254,75.2855495512486,65.4408953487873,28.1896159648895,35.2759336829185,11.1085461974144,1.75096070766449,75.7867599129677,0,2372.72043722868,226.932617396116,0.908444762229919,0,0,9.07654201984406,1.02737760543823,100.629379242659,0.712015807628632,53.2531155943871,0,221.42965900898,1.11756241321564,0.588525891304016,14.6422970890999,49.5251261293888,0,49.2016479372978,0,3.43385940790176,260.576903820038,19.1195628345013,86.7555328905582,166.308063775301,761.861291527748,10425.9401403069,66.0778537988663,0.726041197776794,2.04076838493347,59.7319153547287,0,0,28.7021536827087,0
53.9367576539516,89.0826532244682,0,9.08100616931915,36.9350683689117,28.3481578826904,118.920764297247,142.534092307091,8.48534327745438,44.1087476015091,66.3772294521332,40.4835545122623,0,383.383025720716,28.467139840126,8.3464267551899,51809.8987589777,116.246861875057,3607.85455983877,29.411242634058,631.522702813148,25.8716210722923,38856.6565693617,23.3576492369175,2.75226199626923,45825.860992223,31636.1961321533,257.030639380217,465.786611288786,467.768942207098,0.855827808380127,28.3873012959957,92.548424243927,2777.1985116303,523.619760751724,13590.4112035036,6729.39905965328,7597.28472198546,7195.01219502091,42.6304771006107,24.8344254493713,57.6306973695755,462.819357573986,135.608374804258,136.408723115921,216.092074394226,14.8549602031708,2.31772929430008,0,0.705213367938995,194.703547686338,1945.14656609297,0,14.689731657505,2.28594839572906,0,1.01993727684021,37.8346594572067,0,0,0.401193201541901,1.51811969280243,1.25774517655373,24.1049664020538,38.8883678913116,328.922982573509,0,63.6648819744587,0,8.06519445776939,157.904262274504,1090.1752614975,25.546057254076,0,77.8984664082527,15103.0397102237,9.86770245432854,0,10.3858851194382,0,0,0,30.602106153965,614.683393955231
3.5731608569622,0,9.08100616931915,0,154.715797871351,463.849588006735,216.644796907902,310.572387427092,3962.33933335543,7447.42622387409,18.5167530179024,680.038349717855,3.0595595240593,214.764068454504,1631.0143840611,0.484398484230042,11.3934200406075,2.85765594244003,20.369283169508,33339.6132169366,2.63951823115349,0.34753543138504,6.86294436454773,11014.7967720628,2.38851380348206,16.108475625515,3.55016946792603,13006.6489713192,203.424749985337,5.06166517734528,0,48.6041139364243,10.5455734729767,131.669588804245,57.4103504121304,1176.29273408651,15.4290676414967,284.473611444235,56.9137350618839,1843.42211592197,38.9717036783695,29.343425899744,142.76547691226,0,94.0177093446255,10.7917303740978,1514.48588463664,40.6706269085407,1.12787646055222,0,0,0,1188.12476032972,29.559268862009,227.097497016191,342.232444912195,195.748139351606,674.40036419034,1495.14161795378,1.53683304786682,1132.56688201427,0.65767639875412,104.934180915356,460.564616382122,7.44277405738831,0,0,0,573.120332419872,0.986785799264908,1.82370233535767,3.96005865931511,1689.74787679315,0,0,5.8020484149456,2038.70667055249,44.14842492342,2.39152371883392,0,18.5607428848743,0,110.067241460085,14.102555513382
0,5.85664373636246,36.9350683689117,154.715797871351,0,1115.24728655815,63.0191361904144,44.9563958346844,188.926170140505,178.066155195236,2.15004968643188,428.358945578337,2.4097900390625,33.0840474069118,3025.56197401881,10.5430108904839,10.0866236686707,2.5646453499794,5.41505324840546,91.3510700762272,153.465382933617,2.08420568704605,274.628985583782,307.261621803045,1.24890911579132,12.2204960584641,56.3170217573643,287.832987964153,11.3175847232342,66.976870238781,0,1096.33256858587,1.02969193458557,394.13733997941,1066.03969973326,195.407139331102,48.3536010980606,29.8804640471935,73.300144225359,12755.6417307556,5293.86461341381,3.40555030107498,43.5158450305462,31.3613288402557,13.7126216292381,106.106986880302,128.441761255264,7.2938905954361,0,0,0,33.3229678273201,10.1235216856003,1.11608123779297,11.3489060997963,9.47404724359512,8.44131577014923,12.0906257629395,20.1129162013531,0,31.3900333046913,0,1.479029327631,18.1456977725029,4.52768439054489,3.37936651706696,2.43193769454956,4.04346668720245,9.17201909422874,17.500899285078,0,90.3616753816605,30.4811799824238,0,20.4757186174393,55.0696641802788,52.1774724721909,0,9.27658045291901,0,2.6584694981575,0,28.6907570958138,1025.63201552629
83.6396672725677,6.18504932522774,28.3481578826904,463.849588006735,1115.24728655815,0,8584.78927206993,10830.462712571,663.86728477478,35372.3233380467,335.482012927532,10154.0466924608,83.815677344799,1875.86080871522,6741.07502499223,5.63426548242569,183.377160981297,89.6415255963802,129.115720927715,1981.69708041847,381.157704755664,22.6585811376572,212.145617976785,839.298069670796,26.9914595484734,152.168808221817,48.6973393261433,3064.83793358505,728.258329793811,600.206569716334,2.8789764046669,537.505965530872,18.1669014692307,466.701047882438,9155.78643482924,4942.95514136553,84.4550040960312,652.182494908571,211.027375355363,7931.0191269815,1303.16487294436,168.791373431683,342.985776275396,4.85629373788834,128.243048965931,38.2786220908165,545.375754475594,31.4964960217476,12.6635180711746,0,0,0,149.465771228075,17.0553658008575,48.9203693270683,325.758991867304,54.7131614685059,151.17659907043,268.318482041359,1.56515228748322,496.720170050859,3.07111456990242,52.0009023845196,101.048374027014,18.3383740484715,0,0,0,107.766868561506,6.14792755246162,4.85902372002602,29.8482754230499,981.023989081383,5.77932614088058,4.4433371424675,16.6429514884949,1149.70018595457,21.7624613642693,9.04586613178253,0,3.17479169368744,1.83736896514893,487.280922740698,1411.24194762111
9422.52711027861,7.77546754479408,118.920764297247,216.644796907902,63.0191361904144,8584.78927206993,0,13534.6577635556,519.992014914751,40467.1202813834,402.264349937439,471.43424192071,95.4015292525291,34684.2270116806,632.203327357769,9.41772627830505,493.27334317565,124.397457093,332.028502434492,481.833652615547,1982.56602664292,25.0047054588795,820.850844591856,1310.20988216996,23.6911132931709,376.292490154505,174.835051625967,63931.565767616,7507.72956115007,24543.9587048739,2.66495507955551,350.625577002764,334.594146251678,2041.3828162998,477.173301637173,6407.72875186801,143.630956113338,2916.86880743504,563.82002478838,1247.4083314836,380.192790210247,309.46330010891,193.61506319046,4.9640184044838,106.875458359718,25.9581062197685,181.455479472876,36.927198022604,10.9519557058811,0,0.67324835062027,0.3366978764534,254.648948907852,4.65860694646835,61.2911476194859,347.97368568182,90.7886463403702,114.966188043356,378.137479573488,3.48575732111931,218.491880685091,6.94628286361694,65.8934680819511,37.2328921854496,17.2796280682087,0,0,0,96.9997165203094,2.83906888961792,11.7018348872662,3.60116401314735,954.214872390032,2.15871316194534,0,8.18342274427414,1516.4352901876,34.5004495680332,7.89216697216034,0,5.15889149904251,1.96419924497604,208.450527667999,112.049854338169
1360.66047975421,4.81184697151184,142.534092307091,310.572387427092,44.9563958346844,10830.462712571,13534.6577635556,0,656.165527045727,11459.0028854907,201.809308663011,2842.89234372973,45.6976068019867,16369.7936356962,421.955981820822,15.4333101809025,1570.95251871645,65.4825029373169,214.173687621951,1601.98548054695,2950.39410915971,34.4692077338696,1803.54030174017,1413.22272863984,6.72573575377464,172.334047332406,189.697987914085,5839.27693848312,1233.52811910212,7637.44409632683,0,220.976724430919,45.3190928697586,673.152694195509,552.760222494602,3653.03883731365,94.4179025888443,817.82249417901,265.939213007689,1878.61504498124,494.711484104395,110.270683467388,983.492698162794,3.61365994811058,333.785744071007,46.3824491500854,480.691491246223,119.751668512821,8.97067147493362,0.518238604068756,0.831023931503296,0.989862143993378,195.826333284378,7.5619737803936,32.3468207418919,974.358446329832,123.234992474318,226.545606017113,283.756751477718,2.70145106315613,246.197827190161,4.02235355973244,77.6947550773621,85.3083620369434,20.2924919724464,0,0,0,80.1442816257477,6.05402272939682,10.6101120114326,7.31888407468796,2367.52804371715,2.87196409702301,0,11.7137326896191,3240.66528433561,49.6152476966381,24.0692922472954,0,0,1.8934885263443,446.977846503258,97.0330458879471
7.76722791790962,8814.46584999561,8.48534327745438,3962.33933335543,188.926170140505,663.86728477478,519.992014914751,656.165527045727,0,1710.42362049222,465.230418413877,2722.8563105762,295.161460727453,448.579232156277,1691.27543336153,1159.12221187353,32.6927111744881,10.4451380372047,38.9390928447247,2271.99569249153,337.101586401463,14208.6554714441,601.759332627058,32195.919606477,1867.75642076135,99.7179078757763,7638.28355824947,8653.03342455626,267.509386479855,184.396598994732,34.1666439473629,99.0944265127182,30.1466453373432,295.582956701517,67.9075637757778,1663.57349124551,117.011767923832,332.85840305686,93.4870449602604,1971.85167700052,45.1521505713463,143.147827059031,821.042181909084,73.0442547500134,250.507346540689,56.4384104013443,905.790167331696,77.2559224367142,44.2373432517052,8.57328349351883,142.306890755892,20.4956648349762,575.664195775986,27.7046702504158,114.033058702946,703.91236153245,160.886897325516,2566.57901290059,647.919841617346,66.848772495985,447.350766628981,141.449223011732,138.831774681807,283.165997505188,1966.14395046234,12.0351139307022,31.5863213837147,31.9672477543354,291.809497207403,296.933010280132,1631.46051514149,576.849512070417,8168.47536298633,81.8185538947582,52.2097395062447,747.582126051188,4930.28084096313,135.463806092739,151.075496643782,35.7655079960823,13.3137235045433,13.3379672169685,228.04802069068,89.7049695849419
64.7101281881332,8.57610279321671,44.1087476015091,7447.42622387409,178.066155195236,35372.3233380467,40467.1202813834,11459.0028854907,1710.42362049222,0,556.049242943525,9299.22498184443,126.96322453022,6368.40838748217,1491.58354866505,0.78162032365799,109.532497763634,150.646597146988,303.567753344774,14058.2184452713,44.1003287732601,3.4908812046051,77.0309811532497,832.887665480375,29.29770642519,268.961555063725,76.7522504329681,19164.7002691478,3018.64071944356,131.646287947893,4.65176180005074,543.263010278344,31.0053794384003,1577.60028529167,2626.72109133005,9487.18097761273,169.95126837492,2566.29169672728,430.403939038515,2544.93264210224,488.838726311922,366.011531472206,165.510979026556,10.1316125392914,93.3124711811543,16.1756166517735,1105.30425304174,32.5408616364002,22.4566313922405,0.602922558784485,1.9985876083374,0.785144805908203,907.941171139479,29.3572334945202,133.512291133404,389.857145756483,126.423025012016,542.481927275658,1119.90838682652,2.03024241328239,1007.30481863022,5.89245399832726,31.3055728673935,356.429673105478,11.6988545656204,0.829200506210327,1.11864569783211,0.61909618973732,415.911981612444,2.03320455551147,5.47882747650146,4.4317215681076,1516.4634642452,2.43136683106422,0.738494455814362,4.30006501078606,1888.59547030926,16.7573758065701,3.35152333974838,0,2.57458245754242,0,361.791103065014,269.286988377571
16.678898870945,656.054969072342,66.3772294521332,18.5167530179024,2.15004968643188,335.482012927532,402.264349937439,201.809308663011,465.230418413877,556.049242943525,0,733.753059774637,7064.27007517219,1480.00118494034,59.5889887809753,25.0291898846626,290.664465248585,8882.67091500759,2910.31822571158,228.497430980206,53.4269426465034,433.433871090412,133.704837784171,283.58157196641,1192.1151342392,4346.79833635688,501.505761265755,359.096481651068,2004.49192777276,154.051262825727,216.556136280298,1243.68845528364,18.0311380326748,12640.1739172339,27.1890925765038,835.066302448511,5029.50732734799,5641.94713228941,536.770816445351,175.444859683514,18.0835654735565,1126.41690009832,6.20174342393875,894.747089654207,10.3537975847721,5.64627826213837,18.9245210289955,0,2049.00730741024,0,400.56259149313,0,0,0,0,1.08782255649567,0,67.8654750883579,0,2046.341260463,13.5548919439316,6401.53352057934,0,0.992825984954834,0,0,0,3.23451459407806,0,0,146.405236840248,1.00994849205017,64.842842400074,819.718353688717,1399.65519979596,4020.99946960807,8.6104947924614,0,0,1475.09157308936,0,0,587.892290979624,24.3767164945602
28.35235029459,11.386679649353,40.4835545122623,680.038349717855,428.358945578337,10154.0466924608,471.43424192071,2842.89234372973,2722.8563105762,9299.22498184443,733.753059774637,0,193.995196402073,3687.69459395111,4994.68009465933,1.51719123125076,100.588303625584,217.268441617489,414.75423514843,11129.5405726433,24.9510234594345,1.96381396055222,56.1659508645535,480.212799996138,52.0397878289223,364.639328122139,105.662321031094,538.946935042739,1989.5541909337,109.169700026512,2.92578700184822,582.597226381302,3.50674921274185,1373.63980379701,2645.39740514755,5652.76639887691,154.697546452284,1648.8544241935,273.216563135386,5877.99395951629,334.3715672791,327.678867518902,219.279866933823,12.3068296909332,68.682401061058,13.2959370911121,2093.11535969377,23.3110238015652,31.1899247169495,0.596044540405273,0,1.52261912822723,300.132427215576,31.158076196909,108.575476646423,146.904587835073,121.395431727171,393.809074223042,478.961124956608,7.78108915686607,1154.48872494698,14.2069016993046,75.7137412428856,467.216575950384,18.7920226156712,0.663214206695557,2.02186217904091,1.93503594398499,256.967552244663,4.18762975931168,0,14.599610209465,686.266766637564,1.42925226688385,4.13861674070358,1.66084456443787,716.122419476509,26.0421798825264,4.11973834037781,0.594811201095581,13.029158860445,0,554.659755438566,834.125964492559
3.65473484992981,456.564245969057,0,3.0595595240593,2.4097900390625,83.815677344799,95.4015292525291,45.6976068019867,295.161460727453,126.96322453022,7064.27007517219,193.995196402073,0,215.964195132256,13.4000276625156,14.2078548073769,5.27167135477066,54.505888491869,3.50725120306015,58.3493323922157,5.7522340118885,276.538860797882,11.3030929863453,125.346244454384,4694.7115046978,312.041398823261,1006.44761322439,72.7047972679138,213.993348687887,31.5913477838039,494.596490263939,173.221424758434,1.89239084720612,2428.1787135303,2.87700340151787,207.165952026844,2577.04754546285,1103.62370932102,48.961276859045,41.4220477640629,3.30131471157074,1803.12571212649,14.7640681266785,1391.31621560454,24.5046935081482,11.4600288271904,4.50603276491165,0,2143.58548292518,0,832.611457973719,1.2764680981636,0.697531938552856,0,0,1.06496047973633,2.67713955044746,116.325094848871,0.580638945102692,3386.53404816985,4.83485233783722,10798.9122665524,7.01974418759346,0.386980056762695,0,0,0.561872184276581,2.56681180000305,0,0,370.819165289402,0,95.1862552165985,2690.32557499409,2618.00102877617,9460.03986921906,5.65960484743118,8.76239216327667,0,2909.70320492983,8.93345493078232,0,303.583266705275,1.66022968292236
10967.2528283298,17.6713234484196,383.383025720716,214.764068454504,33.0840474069118,1875.86080871522,34684.2270116806,16369.7936356962,448.579232156277,6368.40838748217,1480.00118494034,3687.69459395111,215.964195132256,0,382.986924290657,14.3929305970669,4018.18212749064,470.698877736926,1272.19685405493,1829.55951242149,4822.36820548773,34.5270980596542,3615.16609704494,955.844632342458,55.8085292577744,1064.59214673936,634.537587687373,7758.56870932877,13316.0610515624,23688.5215067267,8.97279793024063,100.040714219213,107.828906446695,1919.8710372597,69.2133223712444,4051.46451571584,225.853027805686,1681.00816489756,456.576474159956,1043.79628734291,201.043300837278,188.743227869272,419.279382526875,3.81491205096245,122.292474627495,23.7993348538876,283.034113705158,34.1043100357056,30.4658299982548,0.872028172016144,5.79729241132736,1.14092069864273,40.5512234568596,0.519134104251862,9.55782961845398,394.392216563225,35.5808035731316,124.534060269594,69.602659881115,1.68962064385414,143.41481539607,19.8458929955959,15.5893472135067,35.2721332907677,14.7428235411644,0,0,0,22.8071275651455,3.74538391828537,11.230587542057,7.57069292664528,1340.33657878637,7.31473457813263,1.00020682811737,14.5311363041401,1580.04072886705,14.6245658397675,12.479205518961,0.272031664848328,0.504777371883392,4.55626675486565,425.913765668869,14.2785565257072
10.6860512793064,58.8427127897739,28.467139840126,1631.0143840611,3025.56197401881,6741.07502499223,632.203327357769,421.955981820822,1691.27543336153,1491.58354866505,59.5889887809753,4994.68009465933,13.4000276625156,382.986924290657,0,32.6994993686676,63.0969246029854,17.2101985216141,49.4247946739197,1096.05946335196,866.028885096312,80.1971494555473,852.672258794308,3365.92917275429,7.09291324019432,55.8908908963203,143.352414280176,2911.71822050214,205.317878842354,577.740282177925,0,388.14849153161,13.3459694087505,169.003442376852,2104.30093047023,676.875167280436,128.999782264233,198.181695073843,99.4201638400555,7663.62682771683,61.3970594108105,41.0251932144165,156.975782781839,62.033174932003,28.5452355742455,87.3420768380165,679.162649929523,10.8739549517632,0,1.5427839756012,0,26.1611502766609,75.6018327772617,8.9478805065155,49.4132573902607,63.0218476057053,42.2160020172596,89.6059237122536,130.558192431927,2.77779531478882,210.986381918192,0,17.0442088246346,148.500330626965,26.6009461581707,3.98627424240112,3.88403284549713,5.8761031627655,65.2708733677864,21.8771947622299,7.78942787647247,104.954545557499,233.253240227699,1.99142789840698,25.9000558257103,71.9824823737144,291.676622122526,6.99735477566719,14.650763630867,0.50506991147995,1.58908724784851,2.51934516429901,134.653459459543,2751.43941712379
0,1385.63248956203,8.3464267551899,0.484398484230042,10.5430108904839,5.63426548242569,9.41772627830505,15.4333101809025,1159.12221187353,0.78162032365799,25.0291898846626,1.51719123125076,14.2078548073769,14.3929305970669,32.6994993686676,0,15.9661605060101,0,11.9849545955658,0,10928.7971899211,20128.6104000211,8898.64857453108,2733.68965780735,92.4958634078503,14.0587336719036,11547.6132622361,2506.76215568185,27.9113834500313,9.91515243053436,1.79807507991791,3.58957934379578,11.6591325700283,28.2256320118904,175.764223515987,3984.13260853291,2850.64905273914,238.248157769442,335.470539271832,27.8970379829407,12.8078933358192,92.716724216938,746.91226965189,53.9748010635376,106.415222853422,64.8148427009583,101.982614696026,28.5407971143723,12.7630255818367,10.1293057203293,21.1852702200413,5.06468495726585,2.46793836355209,16.43621301651,0,26.286513954401,15.63004809618,60.0390580892563,5.60340598225594,4.56755477190018,1.55032366514206,3.47251427173615,34.1947593092918,35.3096409440041,13014.9849252701,8.32713389396667,0.949512898921967,2.20598411560059,0,1116.96347698569,3030.31373980641,7268.60395094752,4305.38139465451,1.71978640556335,1.75457054376602,3312.67666307092,2944.49009770155,144.567426741123,338.669787347317,0.940647184848785,3.29754602909088,19.7689077854156,1392.67924797535,139.20718485117
850.051100939512,33.3758633434772,51809.8987589777,11.3934200406075,10.0866236686707,183.377160981297,493.27334317565,1570.95251871645,32.6927111744881,109.532497763634,290.664465248585,100.588303625584,5.27167135477066,4018.18212749064,63.0969246029854,15.9661605060101,0,287.300235152245,11806.2180651724,54.9605422019958,2549.36981457472,6.76379659771919,21338.939452678,79.8526019155979,2.9129946231842,13538.5467853844,20330.2064428329,598.308833986521,4393.29129900038,4120.40179717541,1.81044569611549,107.901369035244,1236.11986228824,11086.5812854767,118.959213554859,3555.93445026875,1225.02250638604,4521.65989387035,2371.9481228292,82.2063259184361,42.4121492505074,48.1414602696896,20.5519306957722,7.96953278779984,10.1574084162712,12.1825130283833,1.05205583572388,0,0,0,30.4011904895306,95.2653366923332,0,3.16998726129532,1.65419340133667,2.18386113643646,0.692119121551514,3.92653876543045,0,0,1.72117447853088,0,0,8.63361093401909,6.3626384139061,12.4385135471821,0,3.03517055511475,0,0,1.84499338269234,16.6271605789661,16.0804182291031,1.87926721572876,43.9867618381977,791.793751329184,21.4092154502869,0.528937339782715,0,2.57584053277969,0,0,5.49721920490265,114.165443003178
4.24219289422035,2.19807696342468,116.246861875057,2.85765594244003,2.5646453499794,89.6415255963802,124.397457093,65.4825029373169,10.4451380372047,150.646597146988,8882.67091500759,217.268441617489,54.505888491869,470.698877736926,17.2101985216141,0,287.300235152245,0,3504.50670906901,76.5100046098232,16.4416544139385,0,67.9125106334686,29.3818970918655,1.01886224746704,4440.63532620668,196.887289881706,74.750069886446,666.324687480927,56.8659982681274,37.0066903233528,314.518608123064,3.78142690658569,2546.75044903159,43.7650434374809,798.692446023226,3334.13826277852,4214.26987785101,880.523011624813,32.4960605800152,4.65257483720779,14.9505583047867,0.89629328250885,35.2238159775734,1.15190255641937,1.66097056865692,0,0,12.693284034729,0,1.93414312601089,0,0,0,0,0,0,2.89368188381195,0,61.4715209007263,2.17531770467758,86.5667332112789,0,2.04538440704346,0,0,0,0.913532137870789,0,0,0,0,1.61459183692932,7.64026641845703,148.906906098127,184.572141081095,0,0,0,78.13669526577,0,0,8.37920248508453,25.8300815224648
58.7439886629581,19.8053013682365,3607.85455983877,20.369283169508,5.41505324840546,129.115720927715,332.028502434492,214.173687621951,38.9390928447247,303.567753344774,2910.31822571158,414.75423514843,3.50725120306015,1272.19685405493,49.4247946739197,11.9849545955658,11806.2180651724,3504.50670906901,0,127.137083679438,527.868264526129,6.32052558660507,2862.17637082934,78.4884882569313,0.47124058008194,17503.3880060911,5375.86770507693,348.544904708862,2405.65898090601,572.106772273779,2.62446594238281,549.079409718513,207.341829657555,11771.6959365606,227.134123414755,5631.44293820858,5220.45611432195,6700.18891462684,4714.4183460474,70.8181420266628,13.4768025577068,34.1921283602715,5.25452065467834,8.20352870225906,4.5946778357029,15.5748795866966,0,0,0.524873077869415,0,22.0326949357986,30.1842264533043,0,4.8098880648613,1.8089120388031,0,0,4.15918439626694,0,6.71923971176147,5.18207451701164,11.9785059094429,0,4.42095446586609,0,6.20037966966629,0,6.38180276751518,0,0,4.09476000070572,3.70220685005188,2.51767075061798,8.67864802479744,253.192211091518,638.187177449465,0,0,0,29.0246878266335,0,0,16.5367581248283,170.498935997486
16.1203174889088,6.63389310240746,29.411242634058,33339.6132169366,91.3510700762272,1981.69708041847,481.833652615547,1601.98548054695,2271.99569249153,14058.2184452713,228.497430980206,11129.5405726433,58.3493323922157,1829.55951242149,1096.05946335196,0,54.9605422019958,76.5100046098232,127.137083679438,0,9.14270678162575,2.08097314834595,24.1963996291161,1879.4918563664,13.8516346812248,132.070905536413,35.1096535921097,7291.89489370584,1208.88864603639,54.7125540673733,3.5706669986248,281.852064907551,8.48393860459328,620.336358010769,159.961303800344,5524.09338155389,84.9429270327091,1067.83965837955,194.662133395672,1894.44899001718,230.321665734053,209.331040143967,233.105838418007,0.950737833976746,131.503126829863,18.7994635999203,1577.90159761906,32.2620617449284,9.66691571474075,1.39589363336563,0,0,1073.65508756042,23.8510863184929,207.001935452223,398.564523339272,210.161219000816,599.713884264231,1446.9442461431,3.6147720515728,1166.13794159889,1.82479777932167,116.897300064564,491.601215958595,8.17499849200249,0,0,0,528.05684953928,4.05556872487068,5.40840804576874,6.70237493515015,1817.11803480983,0.661209881305695,0,5.71057486534119,2153.72920581698,63.8709184527397,3.86991673707962,0,12.9997174441814,0.578964710235596,322.71349927783,29.9236954450607
672.739403411746,127.454124629498,631.522702813148,2.63951823115349,153.465382933617,381.157704755664,1982.56602664292,2950.39410915971,337.101586401463,44.1003287732601,53.4269426465034,24.9510234594345,5.7522340118885,4822.36820548773,866.028885096312,10928.7971899211,2549.36981457472,16.4416544139385,527.868264526129,9.14270678162575,0,1393.73966294527,32699.7529852688,357.584253430367,9.9738627076149,393.461267024279,1274.87399098277,17062.3472481519,1343.63331635296,40312.1665522456,0,51.0917237848043,623.175910979509,7632.06013345718,2691.28126886487,25976.6480122507,2069.66418001056,18864.7151265144,9749.74437490106,512.453196316957,171.730109661818,158.805581480265,953.324504166842,77.3594763875008,141.054586648941,103.207770347595,88.6681678295135,31.4339626729488,5.06497225165367,14.8289103806019,1.16968941688538,2.0056135058403,0,58.1642135083675,1.58783599734306,22.5451453030109,17.2746700644493,31.531324505806,2.93765792250633,0.470048397779465,1.68034940958023,0.968498289585114,29.5084272623062,101.823409169912,2013.00631985068,11.4125556349754,0,0.572401165962219,1.3858899474144,788.943296194077,796.674345135689,464.845721781254,4008.74980458617,0,0.790369689464569,269.496557295322,3905.92672032118,180.014643669128,355.377394795418,0,1.00016188621521,19.2702166736126,833.527745872736,1245.94628214836
0,5377.6809925437,25.8716210722923,0.34753543138504,2.08420568704605,22.6585811376572,25.0047054588795,34.4692077338696,14208.6554714441,3.4908812046051,433.433871090412,1.96381396055222,276.538860797882,34.5270980596542,80.1971494555473,20128.6104000211,6.76379659771919,0,6.32052558660507,2.08097314834595,1393.73966294527,0,3544.87137803435,27088.6806297004,1498.62194865942,47.1236491501331,14397.1155742705,3859.87142878771,34.621646374464,17.1931558251381,25.664491891861,7.46513396501541,11.5080114603043,109.661772787571,8.78107249736786,227.57633036375,93.8590105772018,118.891262590885,41.0395368933678,127.571295112371,7.5881056189537,120.179726839066,317.745702087879,35.2904649078846,72.4957428574562,19.7535632252693,33.6877382397652,7.22826611995697,40.5726442933083,1.32189905643463,79.3484433889389,12.6913864612579,3.8799723982811,1.98623478412628,0,64.969984382391,9.35867768526077,119.546635806561,12.2969885468483,26.1483357548714,6.26916509866714,101.560046851635,12.6351682245731,7.52206233143806,2861.73173567653,1.39426755905151,0,2.10335984826088,1.87771791219711,181.868566960096,1084.64878875017,1365.00464874506,1499.22086253762,71.1804219782352,111.175434798002,2706.63222259283,868.42714458704,46.9030767977238,71.6263748705387,30.7605849802494,1.79750418663025,1.59171605110168,79.2495310306549,21.9854693412781
740.358608841896,42.6136343181133,38856.6565693617,6.86294436454773,274.628985583782,212.145617976785,820.850844591856,1803.54030174017,601.759332627058,77.0309811532497,133.704837784171,56.1659508645535,11.3030929863453,3615.16609704494,852.672258794308,8898.64857453108,21338.939452678,67.9125106334686,2862.17637082934,24.1963996291161,32699.7529852688,3544.87137803435,0,277.310166537762,5.96267944574356,2279.980458498,29137.2002936602,4663.40898650885,2252.98114532232,14434.5084798336,0,40.0173624455929,808.954831123352,17622.5987108946,5644.28339317441,75603.1385375857,38333.0779306293,35671.5939567089,27849.1782259643,533.0379306674,192.634124785662,353.580866873264,571.246424406767,81.9439190924168,85.290872335434,248.064090371132,112.064898431301,32.9608371853828,14.1253213584423,6.16360396146774,14.8060240149498,152.84909003973,0.705313086509705,161.652966558933,3.6580206155777,13.5176510810852,17.87763479352,27.4879486560822,1.12966412305832,0.524497091770172,7.6201748251915,0,11.382106512785,196.286482065916,14512.631062001,23.9699675440788,0,5.03348091244698,0.734391331672668,1165.68633338809,2380.3027484715,10244.0584389567,3192.11910396814,1.10383653640747,3.57986012101173,8044.96447592974,1828.18992379308,65.3759434521198,189.354659408331,0,0,9.71640855073929,2011.6626033783,3768.40464571118
18.5214634239674,5113.18613237143,23.3576492369175,11014.7967720628,307.261621803045,839.298069670796,1310.20988216996,1413.22272863984,32195.919606477,832.887665480375,283.58157196641,480.212799996138,125.346244454384,955.844632342458,3365.92917275429,2733.68965780735,79.8526019155979,29.3818970918655,78.4884882569313,1879.4918563664,357.584253430367,27088.6806297004,277.310166537762,0,854.980620473623,81.7045368552208,4717.99702653289,22845.9496689737,848.248650163412,515.990207195282,16.8820424377918,134.865603744984,213.883816540241,529.645883888006,239.336185544729,3863.70485396683,187.145674318075,769.104565620422,284.483795642853,3169.11976549029,99.8114634156227,134.936258584261,3266.35060471296,73.2941470444202,1294.97953611612,207.979293197393,1583.59682533145,428.461556524038,43.1860858201981,9.64204400777817,37.6076145768166,18.8890649974346,1227.58625325561,59.3329002559185,294.972237676382,3337.71961909533,834.336178556085,2152.90567073226,1970.76325152814,107.589352935553,898.141241818666,53.5608084499836,791.538215726614,360.26305180788,666.780837148428,16.8598008155823,23.3402428328991,15.2103205323219,564.132532000542,169.131779015064,651.051565736532,293.464028358459,13516.3304951489,17.9971187114716,11.9866201877594,657.018254756927,15177.111299172,567.927710860968,240.678562879562,4.99768358469009,45.3271488845348,35.622823625803,847.894416362047,187.079566687346
0.526936829090118,8065.92101222277,2.75226199626923,2.38851380348206,1.24890911579132,26.9914595484734,23.6911132931709,6.72573575377464,1867.75642076135,29.29770642519,1192.1151342392,52.0397878289223,4694.7115046978,55.8085292577744,7.09291324019432,92.4958634078503,2.9129946231842,1.01886224746704,0.47124058008194,13.8516346812248,9.9738627076149,1498.62194865942,5.96267944574356,854.980620473623,0,200.83380267024,6434.78202721477,69.9638034999371,31.2979047596455,12.6493892371655,653.922141432762,25.5276061892509,1.10314559936523,677.822050064802,1.91675627231598,60.7407394349575,269.137606143951,495.592427432537,14.2807823717594,33.8608453273773,1.30844947695732,487.447522193193,11.6551080346107,107.010569512844,9.21690362691879,4.9377988576889,1.13247126340866,1.79485142230988,180.956032454967,0,893.660929948092,28.0496281385422,0,0,0,0,0,22.7499188184738,0,168.709002166986,2.37379264831543,1022.03767967224,0.891475260257721,0,0,7.05470436811447,0,7.76095485687256,0,0,39.8163436949253,0,18.6126700639725,1489.4737521112,644.361061871052,5142.47434431314,3.40955290198326,2.36001271009445,0,258.575023174286,0,0,213.601983785629,0
61.8364661037922,173.034712702036,45825.860992223,16.108475625515,12.2204960584641,152.168808221817,376.292490154505,172.334047332406,99.7179078757763,268.961555063725,4346.79833635688,364.639328122139,312.041398823261,1064.59214673936,55.8908908963203,14.0587336719036,13538.5467853844,4440.63532620668,17503.3880060911,132.070905536413,393.461267024279,47.1236491501331,2279.980458498,81.7045368552208,200.83380267024,0,14158.5675022602,333.575154811144,1687.16789546609,466.172093272209,253.878144979477,503.763192355633,129.297960579395,4714.47740906477,449.104509443045,13818.6098709702,20938.4167975783,10498.3263464868,7584.81718742847,68.7475612461567,35.9325980246067,63.6532599627972,326.13134971261,700.861892968416,181.992747932673,247.618718236685,13.7109319865704,0,47.7946260869503,0,768.281382679939,876.009555280209,0,7.70072531700134,1.65153032541275,0.402418076992035,4.82462257146835,60.2095195353031,1.54563176631927,843.361077040434,4.43040323257446,1460.24968257546,0.493129849433899,10.9267670512199,4.03097558021545,264.358806580305,0.920149862766266,213.025843501091,0,2.68310731649399,146.311861276627,28.9236086905003,33.9663746654987,555.722621232271,13382.4663180411,31010.7948062122,0.507732510566711,1.58336228132248,6.80890798568726,2361.29888403416,0,0,40.8140717148781,379.495506882668
90.6128649413586,24560.132705003,31636.1961321533,3.55016946792603,56.3170217573643,48.6973393261433,174.835051625967,189.697987914085,7638.28355824947,76.7522504329681,501.505761265755,105.662321031094,1006.44761322439,634.537587687373,143.352414280176,11547.6132622361,20330.2064428329,196.887289881706,5375.86770507693,35.1096535921097,1274.87399098277,14397.1155742705,29137.2002936602,4717.99702653289,6434.78202721477,14158.5675022602,0,2769.58882245421,856.91087475419,632.107445031404,380.283043920994,81.4272129833698,149.666843146086,4081.79212093353,1325.62992063165,35954.1496118903,19234.716030091,16745.3118233979,13477.8589896858,218.448072254658,79.4614764750004,179.081225275993,2552.99264699221,1284.16093027592,936.448841631413,1082.82984134555,112.710784733295,23.8221325576305,107.84691542387,1.19791036844254,11922.9154966474,8901.25103107095,5.68588328361511,60.7879718542099,7.76888924837112,31.3773162961006,7.76557633280754,748.077620744705,8.29544422030449,273.489314198494,2.92710095643997,637.675775527954,10.1446287333965,98.8041065037251,6964.82693240047,1893.17253944278,3.25057113170624,880.297428786755,3.08386653661728,81.4681126475334,5190.08297151327,10507.8823812902,808.015408217907,1723.25053009391,16151.6621011794,189732.111415982,325.206144660711,9.00216293334961,53.6994044780731,1016.69898894429,0.389837950468063,2.07520323991776,503.941861778498,1413.54081076384
623.951739311218,568.622867792845,257.030639380217,13006.6489713192,287.832987964153,3064.83793358505,63931.565767616,5839.27693848312,8653.03342455626,19164.7002691478,359.096481651068,538.946935042739,72.7047972679138,7758.56870932877,2911.71822050214,2506.76215568185,598.308833986521,74.750069886446,348.544904708862,7291.89489370584,17062.3472481519,3859.87142878771,4663.40898650885,22845.9496689737,69.9638034999371,333.575154811144,2769.58882245421,0,7361.17768219113,46646.5200428963,2.68346846103668,411.081570103765,2276.09385207295,3913.90479362011,2088.07870605588,24572.8253121674,1099.99285814166,8348.48499198258,2754.19958259165,3747.89714388549,686.168980747461,513.317648559809,8083.30974456668,216.987281143665,2418.48826259375,482.416149646044,2528.05319699645,803.665243715048,42.8172692060471,54.7462932765484,21.2601429224014,6.55640572309494,1875.85285764933,117.668990880251,340.859773784876,3989.72540557384,1046.68122419715,1968.979755193,2859.23636856675,31.9842439591885,1343.97965350747,8.0696487724781,1024.06523764133,623.24691593647,1858.31610046327,52.8484992980957,3.34219443798065,22.4470578432083,818.309407621622,545.219951599836,964.602844655514,729.940195292234,19463.1628247201,3.26945239305496,0,1300.80204606056,23666.876220122,1085.56330391765,1234.03276830912,0,40.1131168603897,110.16127845645,2155.09954887629,730.544361144304
6095.88525542617,12.1761383712292,465.786611288786,203.424749985337,11.3175847232342,728.258329793811,7507.72956115007,1233.52811910212,267.509386479855,3018.64071944356,2004.49192777276,1989.5541909337,213.993348687887,13316.0610515624,205.317878842354,27.9113834500313,4393.29129900038,666.324687480927,2405.65898090601,1208.88864603639,1343.63331635296,34.621646374464,2252.98114532232,848.248650163412,31.2979047596455,1687.16789546609,856.91087475419,7361.17768219113,0,21356.7012372017,6.7660741508007,734.655622273684,4505.80873939395,5841.46917314827,40.2875535190105,2198.07331547141,216.049381554127,3072.05874630809,501.277252435684,402.934143334627,219.531074672937,143.066307753325,139.390616923571,4.26306700706482,38.3353779613972,5.44947153329849,81.9057352542877,8.0495822429657,17.3619279265404,0,2.18757581710815,0.729748755693436,27.4089684188366,0,4.05361479520798,177.448606044054,4.28348445892334,48.3127738535404,7.93060439825058,0.899756371974945,72.9224098026752,33.3765695095062,5.96041858196259,9.7688817679882,5.72079563140869,0,0,0,12.0341763198376,0.446678787469864,7.47739997506142,3.52257418632507,506.291104674339,5.92035436630249,3.02647596597672,16.4662913680077,634.943205416203,5.07572042942047,6.22135722637177,0.908263921737671,0,0.513580203056335,176.01737177372,8.71663570404053
12073.9545761943,7.5984719991684,467.768942207098,5.06166517734528,66.976870238781,600.206569716334,24543.9587048739,7637.44409632683,184.396598994732,131.646287947893,154.051262825727,109.169700026512,31.5913477838039,23688.5215067267,577.740282177925,9.91515243053436,4120.40179717541,56.8659982681274,572.106772273779,54.7125540673733,40312.1665522456,17.1931558251381,14434.5084798336,515.990207195282,12.6493892371655,466.172093272209,632.107445031404,46646.5200428963,21356.7012372017,0,1.5018607378006,117.858142763376,6829.01779174805,10904.8143500686,1034.80912393332,11301.7189581394,308.698034137487,8422.97207093239,2215.68412292004,608.466509401798,218.217611789703,167.629490345716,391.682236433029,2.53530085086823,91.3744491636753,36.2357127964497,73.9069647789001,27.4879896640778,6.32378798723221,0.642681896686554,0,0.426962852478027,2.1012898683548,19.3502331376076,0,74.8142220377922,16.7507811486721,32.3781363368034,3.88277244567871,0.491375893354416,5.80067926645279,1.46425393223763,16.7800152897835,35.5381779074669,42.5455074608326,1.51605486869812,0,0,2.05421793460846,18.155575722456,13.3586595654488,12.5794076919556,508.018580883741,1.46599400043488,0,10.6434785425663,921.772574424744,30.1355208158493,29.9059798419476,0,1.4910700917244,2.05539506673813,113.669336736202,377.40584820509
0,65.3513478338718,0.855827808380127,0,0,2.8789764046669,2.66495507955551,0,34.1666439473629,4.65176180005074,216.556136280298,2.92578700184822,494.596490263939,8.97279793024063,0,1.79807507991791,1.81044569611549,37.0066903233528,2.62446594238281,3.5706669986248,0,25.664491891861,0,16.8820424377918,653.922141432762,253.878144979477,380.283043920994,2.68346846103668,6.7660741508007,1.5018607378006,0,8.00805735588074,0,41.0925740897655,0,33.8714932203293,237.553181827068,66.404746055603,23.1404029726982,0.57606029510498,0,12.7555854320526,4.78922611474991,145.192787528038,11.1389299929142,5.18529257178307,0,0,48.8091539144516,0,102.788929402828,0,0,0.987890720367432,0,0,0,0,0,186.955267399549,0,614.493791520596,0,0,0,0,1.4083479642868,7.11680495738983,0,0,23.4035574197769,0,0,448.54168382287,1721.09735235572,4435.27278411388,0,1.65179741382599,0,657.215856581926,0,0,4.92392864823341,0.898386597633362
