0,1.05430829524994,107.758899658918,3.92250463366508,1.00821483135223,118.866812050343,4078.43543463945,1755.53077533841,18.208942681551,192.66799095273,80.6056356728077,43.4717203080654,9.63107255101204,13418.2084437609,17.1394101679325,0.858538269996643,994.775437325239,21.8337571024895,166.729086190462,15.5576234459877,145.116032838821,0.807060897350311,744.181517213583,118.30194875598,0,202.434674829245,109.701133966446,224.992580920458,6502.35481163859,6579.78802376986,2.20834663510323,10.2616395950317,20.3509931564331,256.541031062603,22.5703475475311,123.29375565052,38.4868357479572,161.384995549917,18.2460438609123,19.0563855171204,6.40309980511665,1.79567748308182,60.0629783570766,0.729490160942078,13.879447132349,4.95377239584923,9.64063316583633,11.1283064484596,0,0.821735978126526,0,4.11587426066399,1.9698902964592,0,0,38.5712176561356,6.29506516456604,6.43970054388046,1.79659652709961,3.2858213186264,3.03706043958664,1.18029457330704,8.29815989732742,3.01974684000015,0.503030359745026,0.456001490354538,0,0,2.02846306562424,0,1.13020300865173,1.56691947579384,126.121579736471,0,2.46326327323914,10.2539023756981,110.489733427763,14.6868434548378,14.2772826254368,0,0,0,8.86376529932022,3.77034425735474
1.05430829524994,0,30.819157063961,0,3.37331426143646,1.0842624604702,1.22404474020004,3.66692039370537,1523.44027709961,6.5988681614399,1257.44874620438,2.59299191832542,4453.03365147114,5.5269216299057,41.862640440464,257.244585126638,25.0222569704056,8.65079712867737,71.4284640848637,1.1053432226181,90.5887258052826,4257.78023064137,88.3434163033962,3385.87389791012,4801.99214142561,368.26458850503,16439.8384447694,78.477319419384,14.6346880197525,5.72466230392456,9.0840499997139,1.99332731962204,0.630369663238525,65.778500854969,16.7311728000641,90.0841457247734,155.808293104172,301.761268734932,43.3882130384445,23.3189894556999,0.633261203765869,1220.24017584324,423.211888462305,59.6737357676029,201.364244639874,158.323619842529,2.60067826509476,0,100.56527531147,0,3320.58880668879,152.363377213478,1.51379543542862,0,0.513541877269745,49.2368180751801,1.84378919005394,27.4484600424767,2.64976450800896,214.341414093971,0.714896202087402,251.540073394775,8.92524212598801,1.58454620838165,28.2248122394085,273.38675403595,33.0501683056355,107.66659411788,0,26.6809647679329,94.908483684063,99.8957874774933,135.581548005342,49.8305130600929,500.154564589262,5834.19643223286,43.8397176265717,9.94023889303207,47.1683741807938,42.4214222431183,0,0,48.8820151984692,27.7002146244049
107.758899658918,30.819157063961,0,0,2.28662973642349,30.4956644177437,1574.75598439574,396.349073141813,11.7982369065285,84.7388833463192,117.232825279236,19.1429906487465,54.1271930634975,828.75615182519,35.4455763101578,132.791415572166,26115.6493744552,126.137941420078,1227.66092336178,11.0968534350395,5932.14497739077,50.6101994514465,44726.3993336558,263.411720097065,0,22365.5994276106,39896.2932420969,2669.90921673179,359.266412943602,3364.70193937421,0,7.3435868024826,26.3561957478523,2360.16706424952,911.250836670399,10833.8638950586,4331.23766919971,6590.7523856163,3573.76562336087,39.6113739013672,31.1007172763348,0,2688.72781261802,188.824859440327,1073.1727283299,990.12878164649,19.7364953756332,26.0225901007652,1.59480351209641,13.1890159547329,279.876496195793,2403.16653782129,0,4.12362158298492,1.17344617843628,297.349975854158,9.74867218732834,7.76103061437607,3.84089162945747,28.0868570506573,0.451423287391663,10.0027124881744,51.9956953525543,11.9721078276634,581.93952190876,1109.24040398002,8.91788873076439,52.7470322847366,0,247.76768040657,205.007699519396,2861.20376551151,334.22978156805,0.646987855434418,122.276191443205,8054.06200307608,534.062198907137,81.0446225404739,273.312130779028,0,0,4.99069273471832,352.539736777544,790.742801964283
3.92250463366508,0,0,0,47.7039334774017,303.88966730237,74.0020005702972,186.829072803259,3022.50734403729,8553.46396070719,40.9960987865925,4656.44724401832,80.7217990458012,129.957690089941,502.675083339214,0,6.12033188343048,12.9812743961811,15.4068071842194,24640.6286361516,3.11925339698792,0.69390869140625,1.3911052942276,4128.08162525296,0,11.6601877212524,1.67592805624008,16077.1556084156,88.2414775192738,2.10999554395676,0,14.2658506929874,2.16306138038635,56.524891346693,21.7035073339939,189.334095031023,1.78915989398956,90.2939079403877,17.465676933527,508.636216044426,26.6439490914345,4.18776202201843,77.3233477473259,0,29.818746805191,9.56699866056442,328.009135574102,29.2910108268261,0.872565090656281,0.755575299263,0,0,1060.2883579731,41.7876133918762,91.7301469147205,41.6818036139011,79.4090005755424,854.961276352406,473.664943426847,27.3363579809666,752.05781930685,14.721708714962,34.4789585769176,234.527335762978,0,0,2.85174271464348,2.04528141021729,550.291225880384,0,0,0,386.212337523699,0,0,1.61748707294464,870.125831604004,8.11829420924187,1.65868645906448,1.49299019575119,3.69729855656624,0,34.7160776853561,4.6605669260025
1.00821483135223,3.37331426143646,2.28662973642349,47.7039334774017,0,4481.31751525402,150.745136171579,80.9877837300301,400.554479271173,279.139431089163,77.1071704626083,938.987072646618,100.723746955395,17.9978174865246,4522.59795442224,2.23985779285431,2.20180308818817,3.62756943702698,6.74456381797791,101.316578269005,27.1040526628494,18.9501003026962,23.8035681247711,374.199622571468,0.825843751430511,6.94746500253677,19.4385271668434,133.602387845516,19.2004408836365,7.36511173844337,1.05985420942307,1307.2082042098,0.455749005079269,4305.61126443744,561.926158279181,517.714966833591,11.9077998995781,28.1671517193317,30.3067761063576,18418.3050625324,6132.29677662253,5.79144954681396,13.3913873136044,7.28553652763367,2.98042702674866,65.0327769517899,51.4172889590263,0,1.22494268417358,1.75184273719788,0,0,13.1026946902275,6.22615313529968,6.12324512004852,13.0350362658501,1.53573697805405,33.1625092625618,14.6801122426987,0,30.5629444718361,4.59313541650772,1.37787544727325,26.7429711818695,0.50417560338974,0,2.7686630487442,1.19706344604492,10.1033447980881,3.63106381893158,0,8.69749450683594,26.8841284513474,0,3.30844962596893,10.6707634329796,30.4682536125183,1.5665682554245,5.08519005775452,0,0,0,2.69450944662094,864.963263750076
118.866812050343,1.0842624604702,30.4956644177437,303.88966730237,4481.31751525402,0,8359.79895439744,13835.2771992087,488.779807239771,31686.0373226702,513.720485270023,18289.5927827656,1016.63869380951,2209.81754335761,6487.92824611068,3.69055134057999,119.51487070322,115.619494080544,157.753957718611,847.178169965744,45.9179680347443,1.21727925539017,81.6601112782955,595.652298539877,2.54521521925926,173.400788545609,73.7243577837944,1744.00219461322,763.614382058382,306.713074713945,13.7231038808823,297.482029259205,25.779356688261,890.794814437628,2377.24924629927,4221.4692966938,83.8794853687286,558.031652867794,306.910611540079,13383.0173460245,5633.25537565351,88.6728795468807,184.392395406961,3.1983904838562,32.1232539117336,22.9170537590981,225.537315160036,31.2679854929447,1.09603536128998,0.763165056705475,2.13705587387085,0,134.065502285957,13.9772762358189,33.6827801764011,125.253294616938,35.2216790020466,136.700574964285,153.068213701248,25.3078833818436,109.963115930557,43.2673297524452,11.9537069797516,91.1449827849865,0.85086315870285,0,0,1.95393520593643,132.732752025127,0,0.741114437580109,3.95066663622856,633.824184656143,0,0,3.85243993997574,606.081220686436,18.5771797597408,9.58381932973862,0.596588492393494,2.11192137002945,0,18.5107873678207,449.605107814074
4078.43543463945,1.22404474020004,1574.75598439574,74.0020005702972,150.745136171579,8359.79895439744,0,14033.0750035048,752.22315967083,35805.8999449611,1076.67983037233,894.771770983934,1022.81061309576,34166.6503057778,1649.043307513,18.1218576729298,2171.63394534588,300.942073643208,847.898175656796,133.505669653416,3291.10320839286,2.42377185821533,4663.87767350674,5571.98257800937,1.39358311891556,1052.03058692813,691.898117959499,42141.2461667359,9217.67397662997,12281.3604519069,26.0310699045658,304.758060485125,1039.65235418081,3359.12285161018,2566.0697106123,8252.15180876851,318.092649877071,4176.56855818629,1015.52177745104,862.165121912956,948.250872701406,61.0947846472263,677.607294619083,7.37284800410271,141.820400387049,92.4761606454849,357.576406359673,132.156535625458,6.83364880084991,12.2664696276188,3.35675001144409,9.14171665906906,311.417136579752,13.7784659266472,41.1489144265652,390.915809214115,206.331182271242,224.778217166662,444.186745613813,82.4970301687717,92.8847423493862,37.6636269688606,109.304410815239,55.7026342153549,30.7123482227325,3.90515479445457,0,0,205.296610623598,9.40699532628059,7.02195033431053,40.7271856665611,1340.87409052253,0,2.87506505846977,52.5081350505352,1591.68090325594,103.457280099392,54.8093164563179,0,8.71640813350677,1.06372198462486,107.594951808453,300.164553403854
1755.53077533841,3.66692039370537,396.349073141813,186.829072803259,80.9877837300301,13835.2771992087,14033.0750035048,0,361.885223299265,15410.1741681695,1292.68850231171,9319.87184917927,1265.97910022736,27702.2767911404,318.180234581232,2.2370103597641,1814.14057159424,296.573704570532,521.286567986012,1376.75574412942,396.100302428007,1.31855297088623,1544.30846133828,995.154489308596,2.06721043586731,662.075234949589,337.581500291824,2164.79188454151,2670.68282601237,6828.16749635339,36.5694906413555,470.83993974328,81.1098480820656,1423.20954938233,175.229218691587,3535.36530449986,213.765294075012,808.169028133154,410.663475066423,3908.12328949571,1306.91751164198,113.21058729291,454.513466507196,1.46535193920135,97.0797857940197,13.3426884412766,420.078223377466,52.5086510181427,7.43470162153244,8.81509518623352,0,2.12294313311577,89.1334792673588,16.083973377943,19.4878084659576,385.493538558483,33.2598451673985,175.332250624895,145.302576184273,22.5736611485481,81.4342755973339,57.7899995744228,24.1248701512814,54.3143043220043,0.344852089881897,1.43269449472427,0,0.725377261638641,109.982020199299,0.468141674995422,4.44523370265961,0.911963433027267,1423.11197608709,0,2.58734554052353,20.540983080864,1233.4073818028,47.4876443445683,33.012845158577,0,0.52222615480423,0,37.5788019895554,17.6132220029831
18.208942681551,1523.44027709961,11.7982369065285,3022.50734403729,400.554479271173,488.779807239771,752.22315967083,361.885223299265,0,3391.01238131523,264.865389913321,3005.69294562936,494.532764792442,383.657342284918,4894.7364166677,164.143653988838,21.0400828421116,35.5073382258415,66.4526103138924,1684.79251414537,212.818925380707,11265.5077291131,105.422174066305,51633.7499650717,703.566754370928,224.557419896126,5674.01793977618,11027.2869668901,241.158904254436,295.239932268858,6.43886566162109,41.0509786307812,31.0260808467865,168.856128543615,117.694272965193,749.427018225193,92.69968354702,309.21770760417,69.8455950915813,6024.89734774828,120.144752085209,59.6148136854172,961.357841610909,87.6006070971489,240.378396362066,114.84455883503,597.080902785063,108.833030968904,15.8931798934937,41.1901118457317,16.8896926641464,5.81729286909103,1671.49392712116,63.4878082275391,153.192432940006,828.877989947796,308.520529448986,3714.07607388496,891.263469785452,182.821348726749,450.66806614399,100.274402976036,266.165719240904,349.577676951885,265.078639835119,13.4707200229168,41.3175053596497,38.3666540682316,472.398444116116,312.136429280043,102.954331666231,100.653955042362,7123.20797121525,6.26962667703629,45.8218586146832,138.37946254015,4632.46392807364,538.427979886532,589.916364550591,12.3210990726948,39.1992949545383,24.8445507586002,195.919689595699,249.576860249043
192.66799095273,6.5988681614399,84.7388833463192,8553.46396070719,279.139431089163,31686.0373226702,35805.8999449611,15410.1741681695,3391.01238131523,0,1879.44958764315,10519.9365431368,1179.52537369728,7803.79124464095,1255.1490021348,0.532956838607788,299.508243024349,554.78468388319,1076.45571517944,23028.9833148122,65.5639490783215,1.57185292243958,106.939907580614,1781.90056777,5.5744746029377,769.754209011793,365.154486089945,9391.14171254635,3558.10995358229,303.50613451004,53.4750638604164,311.879971116781,59.2860498130322,1987.46257975698,788.467206954956,4762.79626199603,218.801899194717,2455.59488034248,369.144602149725,1274.84320777655,612.146370261908,73.8659011721611,520.403477013111,0.782274961471558,151.928551316261,32.4746125638485,1508.21079325676,147.592393815517,9.77279856801033,1.99845713376999,1.93168896436691,0.407397121191025,2425.46164631844,138.955938518047,269.077383875847,327.598742365837,160.384255468845,1553.74394378066,2057.21084523201,55.9554251730442,1243.79502722621,127.102071583271,52.6066531836987,695.471616119146,0.512957990169525,0,0,0,1429.3760252893,0.724088132381439,0.543245196342468,1.05033805966377,1729.1544238627,0,0,3.55396643280983,3875.13318857551,35.1242326498032,10.2176234424114,0,13.6824598908424,0,139.517325490713,71.0636443793774
80.6056356728077,1257.44874620438,117.232825279236,40.9960987865925,77.1071704626083,513.720485270023,1076.67983037233,1292.68850231171,264.865389913321,1879.44958764315,0,1304.04166784883,12387.901372999,3631.15345403552,31.7304240465164,16.4555397033691,799.391744703054,11717.974042356,10735.8367024362,345.207891523838,148.176642328501,273.611280083656,380.86309415102,464.86668497324,2528.61555945873,7454.26158219576,1077.73399326205,520.408087879419,6315.94738155603,297.873994827271,1055.0186792016,2857.30576181412,33.3311811387539,16793.6367053986,192.155021190643,2774.08965757489,3270.89716827869,10035.7962630093,2304.43078273535,292.058150976896,38.3848343193531,3389.42520421743,58.1464576423168,28.2820135951042,87.5369564294815,11.9464194774628,44.2836277186871,2.43952786922455,3561.20372992754,0,47.501839697361,9.92538785934448,1.82291704416275,1.4932336807251,2.00979614257812,36.840513586998,7.87123090028763,106.387511402369,2.44910138845444,7541.28653648496,18.5698905587196,9847.41704681516,19.2039493024349,10.3767397999763,11.3841490447521,16.3772384524345,27.5268349945545,8.81966823339462,22.5526663661003,2.08384698629379,45.251717031002,5.17175966501236,392.619681566954,421.197376132011,1037.0509455204,1632.91858816147,117.805581539869,68.3709881901741,1.70060271024704,1943.98402893543,41.5964224338531,0,169.154804706573,94.1318498253822
43.4717203080654,2.59299191832542,19.1429906487465,4656.44724401832,938.987072646618,18289.5927827656,894.771770983934,9319.87184917927,3005.69294562936,10519.9365431368,1304.04166784883,0,696.018219023943,3073.07557800412,6747.62001746893,3.3587047457695,126.826886713505,366.852584272623,604.489187806845,17064.3342539072,37.7947593331337,6.27934050559998,33.603458404541,1227.85992217064,1.52278518676758,410.4510679245,188.666782945395,4804.92383098602,776.64574405551,116.626805305481,35.7160586714745,303.547482520342,2.33314654231071,720.18238696456,1026.7951259017,1940.06280246377,114.322327643633,919.791496634483,212.069425284863,3815.73906067014,250.427502185106,56.9909034669399,88.8433194160461,1.22546625137329,36.9342321753502,13.2901356220245,856.754744470119,30.7282752096653,3.5067794919014,0,0,2.26563191413879,586.901913642883,128.848365932703,178.955424547195,55.4814940989017,64.6682217717171,568.762248456478,435.187433063984,25.6354831159115,692.56448879838,100.869461089373,21.0894377231598,554.934677571058,0,0,0.516107976436615,0,351.456462055445,0,0,1.32551920413971,315.613653868437,0,0,1.24682283401489,651.779850482941,12.8631558418274,4.56723377108574,0.389197081327438,19.6709503531456,0,21.2175464034081,116.27807444334
9.63107255101204,4453.03365147114,54.1271930634975,80.7217990458012,100.723746955395,1016.63869380951,1022.81061309576,1265.97910022736,494.532764792442,1179.52537369728,12387.901372999,696.018219023943,0,902.44060587883,536.40863275528,40.630585372448,35.6955244839191,38.7443539500237,56.3767041563988,346.227000325918,207.826318442822,939.797671824694,179.262668520212,1201.75936844945,17617.3802667558,173.497091472149,1070.94731613994,1467.63350772858,578.66318333149,509.339645624161,491.088245809078,993.627346307039,33.3640631735325,2944.5471636951,306.052286267281,6680.32610592246,1884.74192097783,5821.79946514964,1922.0411863625,5952.65627577901,2200.03539699316,3957.48384195566,903.48077917099,35.0319275259972,1133.53095439076,170.06959566474,1777.50121170282,643.331681132317,2891.02885401249,11.3705193996429,75.1145961284637,0,60.9115217328072,27.0878819227219,106.975360482931,432.896750062704,477.759668916464,113.779697418213,295.723003327847,9932.77427116036,270.37254011631,15990.7647520602,195.42464196682,215.786522388458,11.658450961113,6.02681046724319,44.0895836353302,10.2121296226978,158.956743866205,25.019102036953,58.8256979882717,5.86726117134094,701.299053579569,1376.83068823814,2698.41320157051,6725.972692132,682.395052760839,134.115675210953,78.7759134471416,3517.69991153479,113.936249375343,1.70672976970673,304.059093266726,97.2810881435871
13418.2084437609,5.5269216299057,828.75615182519,129.957690089941,17.9978174865246,2209.81754335761,34166.6503057778,27702.2767911404,383.657342284918,7803.79124464095,3631.15345403552,3073.07557800412,902.44060587883,0,203.815344274044,14.8194597959518,4998.27617406845,1012.08811849356,2467.13916730881,702.850197285414,1003.2089779675,4.8089947104454,4129.46447306871,1230.71315330267,7.9904493689537,2041.80696457624,1115.39741820097,3167.07693216205,23773.3420358598,21511.7947928607,89.6713086664677,308.632529079914,180.55840203166,2515.52091640234,268.171714156866,2600.7074970901,450.157191842794,1747.04237569869,388.739473700523,963.1169962883,301.243807792664,70.0019355118275,707.909672230482,11.2259321808815,143.161056369543,32.5008667111397,521.745054155588,76.7056013643742,7.44639864563942,14.4243474602699,13.203073143959,9.94551342725754,162.072057932615,9.65668535232544,39.0600453913212,569.130803585052,89.4024496972561,241.503460049629,222.520543754101,47.485645532608,115.899105787277,71.8739386498928,58.7676542401314,86.9520532488823,2.48017972707748,5.98822727799416,3.1414475440979,0,187.44025400281,4.0998480618,7.76614880561829,4.48495778441429,2075.90158751607,1.21743696928024,27.4237469732761,100.209572851658,1803.62795057893,104.310549169779,87.6873920857906,2.5428638458252,0,4.72953671216965,73.3301758766174,39.1431021094322
17.1394101679325,41.862640440464,35.4455763101578,502.675083339214,4522.59795442224,6487.92824611068,1649.043307513,318.180234581232,4894.7364166677,1255.1490021348,31.7304240465164,6747.62001746893,536.40863275528,203.815344274044,0,29.4630811810493,28.9845415353775,8.81235510110855,20.5760211646557,598.623607724905,614.950167149305,170.12808650732,332.343930900097,5172.5537699461,17.3560372591019,23.6591345369816,284.650285571814,2651.6287189126,114.362068593502,703.423014760017,1.8989639878273,182.789635032415,14.3405002355576,78.9516986906528,4823.58739688993,745.056275963783,106.533396840096,118.188675165176,88.5769712924957,11351.8966477811,393.403444975615,29.237280189991,283.904836535454,28.9111676216125,67.9401358664036,229.996269345284,563.780043393373,39.0700394511223,0,5.63950443267822,0,1.33973145484924,189.997745275497,63.6221070289612,107.740352094173,231.391447365284,41.6278017759323,346.398691117764,189.876821726561,28.5053639709949,331.556972175837,64.3929622471333,50.4075567126274,282.282700568438,26.3222458958626,0,7.38228112459183,5.06281781196594,158.088793665171,12.1193409264088,5.83554577827454,26.2862534821033,633.459708333015,0,5.65390652418137,43.2549333870411,569.847327470779,64.4650640189648,71.3105146884918,0,10.9879418611526,0,27.9811490774155,2485.74882796407
0.858538269996643,257.244585126638,132.791415572166,0,2.23985779285431,3.69055134057999,18.1218576729298,2.2370103597641,164.143653988838,0.532956838607788,16.4555397033691,3.3587047457695,40.630585372448,14.8194597959518,29.4630811810493,0,68.7593838870525,6.6804438829422,44.9439900815487,0.490778237581253,11123.0678109825,7903.37098935246,14628.2431171834,1463.71049213409,33.6163141429424,76.6286816596985,12263.5849704444,1442.95784753561,24.6370818912983,381.253130823374,0,0,7.5586621761322,195.534390181303,447.063210815191,2602.74290460348,223.342647373676,931.951995611191,499.214571416378,7.56641376018524,2.47224789857864,1.26117533445358,1246.45199650526,72.0749857723713,338.872123271227,373.030526399612,13.0339982509613,11.1250619590282,1.97400963306427,30.7582293152809,4.33387386798859,67.7051681578159,0,7.51929414272308,0,162.399876654148,40.4621738195419,22.3253315091133,0,20.7956807613373,1.08149087429047,10.7724491357803,109.801608234644,17.9344139099121,3682.97671785951,32.3992788493633,2.66683086752892,10.8487639725208,1.00055781006813,1488.52299582958,1161.44604992867,3010.9076038003,1223.9224024713,0,26.1196593344212,1330.25385862589,1167.30590876937,293.341020435095,659.501001864672,0.466547518968582,0,8.98991233110428,118.340389341116,284.724882930517
994.775437325239,25.0222569704056,26115.6493744552,6.12033188343048,2.20180308818817,119.51487070322,2171.63394534588,1814.14057159424,21.0400828421116,299.508243024349,799.391744703054,126.826886713505,35.6955244839191,4998.27617406845,28.9845415353775,68.7593838870525,0,534.014457643032,6982.52386462688,29.3715782463551,2277.22775745392,19.9797586798668,26114.4207760096,175.859525263309,0.708868801593781,10643.2496751249,14793.3383979201,1070.88290530443,4953.77461954951,10155.2363416255,0.566631495952606,32.6319860219955,381.804740041494,5759.79013979435,400.774063616991,4351.9558378756,3898.3467912674,4829.97432205081,2172.92141965032,50.7483723759651,20.6887752711773,0.594725131988525,442.426979422569,33.4449368715286,215.313457727432,185.511922031641,7.97879153490067,8.50207483768463,0.758662164211273,2.21430787444115,121.810431957245,383.34827709198,0,1.67466986179352,0,75.5454548299313,1.52607735991478,13.653395742178,0,10.4042843580246,3.65306475758553,2.36420702934265,8.53249940276146,2.85469317436218,91.7331011891365,334.916437387466,5.38016495108604,32.2625690102577,2.53737378120422,62.9441233575344,38.406916230917,262.283936232328,118.781649529934,3.27613723278046,250.948424518108,1544.09399759769,119.273925989866,10.9614027440548,77.5857748091221,3.42643678188324,0,1.70998027920723,79.9774439632893,302.009312808514
21.8337571024895,8.65079712867737,126.137941420078,12.9812743961811,3.62756943702698,115.619494080544,300.942073643208,296.573704570532,35.5073382258415,554.78468388319,11717.974042356,366.852584272623,38.7443539500237,1012.08811849356,8.81235510110855,6.6804438829422,534.014457643032,0,11675.9347169399,98.0874805450439,80.0473662912846,7.18776446580887,267.83344835043,82.5995532572269,1.3007777929306,5959.98931065202,709.32371544838,170.377573102713,1599.30179449916,158.68675160408,17.3477832078934,498.645423352718,11.0875390172005,2036.45754364133,195.64327147603,2179.98915326595,2599.80938783288,5060.28921759129,2013.40484803915,67.1612998247147,15.0726716518402,4.06750130653381,47.456939637661,7.91049757599831,25.4728605151176,20.9077660143375,5.1755319237709,0,2.54524278640747,0,25.6803067028522,26.9804774224758,0,0,0,2.7577551305294,0,16.3409070670605,0,142.163688182831,1.8965930044651,177.656330764294,0,1.07216703891754,3.8443284034729,34.9106287062168,15.6984876394272,23.6069947779179,0,1.91645899415016,3.63531315326691,8.23675411939621,18.0876477956772,6.75194537639618,399.801572710276,614.904403984547,1.34135308861732,0,6.28834614157677,191.422986596823,0,0,6.3067609667778,111.240038216114
166.729086190462,71.4284640848637,1227.66092336178,15.4068071842194,6.74456381797791,157.753957718611,847.898175656796,521.286567986012,66.4526103138924,1076.45571517944,10735.8367024362,604.489187806845,56.3767041563988,2467.13916730881,20.5760211646557,44.9439900815487,6982.52386462688,11675.9347169399,0,168.290093749762,523.910017490387,31.4199939370155,1886.44101294875,196.505754381418,14.0264009237289,12030.7351115644,5734.72380128503,508.053794384003,4160.5967605114,1187.63724011183,4.22249418497086,347.431727021933,79.6989531517029,8391.93997079134,405.075905323029,4958.01633384824,4395.48988234997,10006.1195484996,3253.24363207817,83.2714654803276,24.3096287548542,2.73644649982452,326.697325378656,42.6227172613144,187.352433532476,148.735316812992,6.69079792499542,0,0,2.25925433635712,266.815107166767,220.908730983734,0,2.48140037059784,0,45.4921414256096,0,41.2916920781136,0.674328863620758,19.7001202702522,7.97749271988869,31.2742745280266,1.65680551528931,7.19915544986725,37.6684487164021,303.552196800709,61.8121907711029,161.324002504349,1.70730829238892,26.6279908120632,11.5504896640778,82.8415135443211,83.8096810877323,12.9534898400307,1228.65271374583,3047.97004127502,42.5191342532635,1.47934797406197,48.5571396052837,50.0045421123505,0,0,62.3793832063675,282.838390141726
15.5576234459877,1.1053432226181,11.0968534350395,24640.6286361516,101.316578269005,847.178169965744,133.505669653416,1376.75574412942,1684.79251414537,23028.9833148122,345.207891523838,17064.3342539072,346.227000325918,702.850197285414,598.623607724905,0.490778237581253,29.3715782463551,98.0874805450439,168.290093749762,0,5.68023180961609,0.610127210617065,9.67583844065666,1575.02895906568,1.72385743260384,142.517867326736,63.4014930725098,7166.48069661856,256.039702266455,36.8903734087944,6.97992900013924,55.8999200761318,1.33540764451027,142.661947399378,36.5361092686653,486.413166314363,24.6963163018227,182.750071853399,38.6086288392544,621.448906928301,55.3792091906071,16.6461265981197,238.788068115711,3.1335780620575,68.3821294307709,24.6286729872227,805.450466543436,76.4576606154442,3.95252549648285,3.80076676607132,1.16945552825928,0,1492.49176359177,140.777276515961,180.391576081514,112.329863518476,171.331072211266,822.853292942047,952.173888295889,60.5725778341293,966.771716177464,85.8421233296394,58.5191750526428,637.557960391045,0.417105108499527,0,0,0,704.380725711584,0,0,0.506135702133179,633.085137307644,0,0,0,1694.60092943907,21.7354559004307,5.55997037887573,0,31.7386488318443,0,69.139327019453,4.61156928539276
145.116032838821,90.5887258052826,5932.14497739077,3.11925339698792,27.1040526628494,45.9179680347443,3291.10320839286,396.100302428007,212.818925380707,65.5639490783215,148.176642328501,37.7947593331337,207.826318442822,1003.2089779675,614.950167149305,11123.0678109825,2277.22775745392,80.0473662912846,523.910017490387,5.68023180961609,0,2236.22822475433,87549.4046079516,551.116180807352,3.659687936306,937.424320667982,6540.08036068082,21760.3411253095,947.997189313173,44062.7393799126,1.51097673177719,7.0570795238018,148.902227550745,11579.1488474905,4670.34453096986,17264.079634577,1323.20897498727,17733.1633494794,7466.80794230103,37.9408358931541,42.4728747904301,8.64211738109589,1717.75891014934,127.140486568213,447.256277620792,454.397265821695,57.1447539925575,39.6998743712902,0,53.3184493482113,7.82600626349449,69.8621826469898,0,14.2264924049377,7.62895169854164,348.630324214697,63.251513928175,34.3454926609993,6.5182794034481,38.2014127969742,3.93410941958427,37.7871259450912,205.001415759325,45.6711370944977,2781.18398725986,44.5608896017075,3.0592060983181,7.64043095707893,1.61861807107925,1947.97811257839,737.868265658617,2045.55296745896,2461.78164631128,0,16.3240462243557,999.539747536182,2564.56909529865,532.412759363651,1458.71727383137,0.977339684963226,0.914103507995605,24.8146914839745,242.782716244459,1080.01780375838
0.807060897350311,4257.78023064137,50.6101994514465,0.69390869140625,18.9501003026962,1.21727925539017,2.42377185821533,1.31855297088623,11265.5077291131,1.57185292243958,273.611280083656,6.27934050559998,939.797671824694,4.8089947104454,170.12808650732,7903.37098935246,19.9797586798668,7.18776446580887,31.4199939370155,0.610127210617065,2236.22822475433,0,2950.12903657556,17999.5145001113,1602.54864615202,149.062732666731,18370.510596931,1194.64901778102,8.15897798538208,29.0169230997562,1.06398165225983,0,0,63.4321175813675,67.5271149277687,242.569110900164,91.0483928322792,205.820601940155,47.1072708368301,71.9990929961205,0,142.544011116028,883.206667542458,44.3366994559765,240.41922211647,253.103629618883,13.1537581086159,10.6257658600807,21.4372249245644,11.7611094117165,78.7624847888947,99.061892747879,14.5180191993713,1.53321516513824,0,64.9896359741688,11.7353360056877,30.6804267168045,2.42548286914825,118.948798924685,2.6975599527359,148.857060432434,25.9239986240864,7.31396150588989,1758.91732895374,41.9583833515644,7.3681842982769,17.6799728870392,0,727.024958282709,623.127489894629,1220.18992465734,774.69196498394,9.54424345493317,84.9283322691917,2756.84358161688,533.654984176159,83.4781097173691,271.364473491907,29.6826596856117,3.12571710348129,6.39868533611298,66.4192088544369,132.10291364789
744.181517213583,88.3434163033962,44726.3993336558,1.3911052942276,23.8035681247711,81.6601112782955,4663.87767350674,1544.30846133828,105.422174066305,106.939907580614,380.86309415102,33.603458404541,179.262668520212,4129.46447306871,332.343930900097,14628.2431171834,26114.4207760096,267.83344835043,1886.44101294875,9.67583844065666,87549.4046079516,2950.12903657556,0,1623.79429489374,3.34136182069778,7023.45220035315,43105.9322625995,13257.1624147296,3358.61223191023,25230.2616048753,2.71150586009026,8.48168477416039,280.920332282782,11793.0769341588,5570.24089774489,36300.7016677856,12852.5090155005,25473.8850817978,13424.9481579959,106.205137133598,83.2559640109539,4.21534073352814,4382.61676779389,155.65273886919,1688.97462359071,1842.53881704807,62.5208478271961,39.7789366841316,2.33934843540192,17.5707280635834,43.1185313761234,778.776762902737,1.19309732317924,16.6022745370865,1.33279025554657,267.029170557857,27.3644499778748,18.1958774626255,2.99276354908943,56.8445812165737,2.42481744289398,18.2074935436249,59.2790792584419,42.8903217613697,9894.39975115657,192.577339589596,14.7150254845619,53.3022939860821,1.86256575584412,4389.01135268807,1717.03375348449,12503.3343728483,1801.79547065496,1.48665726184845,94.69839194417,9675.19931262732,2383.24270349741,161.765483677387,806.859231859446,0,0,14.6527383923531,411.226575672626,2423.37746363878
118.30194875598,3385.87389791012,263.411720097065,4128.08162525296,374.199622571468,595.652298539877,5571.98257800937,995.154489308596,51633.7499650717,1781.90056777,464.86668497324,1227.85992217064,1201.75936844945,1230.71315330267,5172.5537699461,1463.71049213409,175.859525263309,82.5995532572269,196.505754381418,1575.02895906568,551.116180807352,17999.5145001113,1623.79429489374,0,982.852339237928,264.26679700613,13566.7821292877,18833.7765747309,1399.70014119148,4167.1229878366,9.85464608669281,81.9317555725574,399.877182513475,1179.3932929039,1768.56683880091,6055.73401153088,566.172735035419,2254.21986430883,895.409733295441,2911.86041411757,238.18918594718,106.799051344395,6707.01924449205,186.85520491004,1488.50368392467,502.626034915447,3126.84944087267,992.647850036621,40.9965342581272,159.725284546614,34.8871119916439,16.2541666030884,2277.52059307694,126.11658936739,399.244836241007,5146.10150021315,1932.62830007076,4619.43940412998,2512.2441457808,860.861330717802,702.346984982491,354.292327105999,1386.90009340644,602.200310826302,666.066394805908,34.4648597240448,12.2686340510845,32.5522327721119,1174.59837031364,466.503416478634,637.088827759027,554.30544012785,24378.2352462113,33.267899364233,33.4945011138916,542.582120269537,16787.257560581,2088.40054640174,1598.30172279477,2.36919271945953,192.325544655323,32.4723187088966,1143.5884821713,681.95860311389
0,4801.99214142561,0,0,0.825843751430511,2.54521521925926,1.39358311891556,2.06721043586731,703.566754370928,5.5744746029377,2528.61555945873,1.52278518676758,17617.3802667558,7.9904493689537,17.3560372591019,33.6163141429424,0.708868801593781,1.3007777929306,14.0264009237289,1.72385743260384,3.659687936306,1602.54864615202,3.34136182069778,982.852339237928,0,84.1250645518303,5552.42029875517,9.70565882325172,12.7736421525478,0.902446746826172,174.02442908287,6.0750624537468,0.405707031488419,102.670383036137,3.53706902265549,14.8938984274864,106.496646732092,194.465333282948,10.3314917087555,8.66589027643204,0,701.300263494253,61.8894820809364,23.3309757709503,46.2249257564545,20.2976635992527,2.96452939510345,0.525399267673492,433.196262568235,0,440.605337917805,6.1341261267662,1.04965853691101,0,0,5.33220264315605,2.79484766721725,13.4311141967773,1.4269851744175,1477.25398552418,0,4917.27360767126,6.58295619487762,0,1.35044145584106,23.1913782656193,41.876943230629,60.7588601112366,1.2700788974762,1.83734667301178,18.117776453495,1.88726472854614,41.9642105400562,1592.96617782116,1158.42254295945,6127.16032475233,5.93378907442093,8.23592805862427,0.765026867389679,523.333511412144,7.25507628917694,0,33.9980467557907,0.89502876996994
202.434674829245,368.26458850503,22365.5994276106,11.6601877212524,6.94746500253677,173.400788545609,1052.03058692813,662.075234949589,224.557419896126,769.754209011793,7454.26158219576,410.4510679245,173.497091472149,2041.80696457624,23.6591345369816,76.6286816596985,10643.2496751249,5959.98931065202,12030.7351115644,142.517867326736,937.424320667982,149.062732666731,7023.45220035315,264.26679700613,84.1250645518303,0,45200.1939854622,684.240984708071,2071.27380213141,1821.31341999769,47.5738597512245,401.318026930094,30.4294598996639,2791.0444868803,810.737318187952,10654.9327422976,12705.682898283,11718.321865648,5915.64009866118,95.5527634322643,30.2692443132401,15.0004905462265,2244.03362742066,306.332123398781,1198.53506785631,835.795669019222,8.78620430827141,7.62944462895393,6.38404121994972,9.66363853216171,2117.28652602434,1567.69862240553,0,4.22620820999146,1.57894712686539,380.104261368513,5.59114661812782,82.9868660867214,1.4739236831665,1185.83788773417,0,2595.69067576528,49.4766193330288,6.35058164596558,104.004002541304,2018.61045274138,571.572186410427,1074.31194484234,0,129.604669749737,85.5643144547939,567.975993216038,197.172899395227,148.542166173458,11208.9617806673,24916.2357358932,163.933762341738,33.108474612236,321.257685154676,2674.20075434446,1.68985021114349,1.96831995248795,394.819130033255,583.598027825356
109.701133966446,16439.8384447694,39896.2932420969,1.67592805624008,19.4385271668434,73.7243577837944,691.898117959499,337.581500291824,5674.01793977618,365.154486089945,1077.73399326205,188.666782945395,1070.94731613994,1115.39741820097,284.650285571814,12263.5849704444,14793.3383979201,709.32371544838,5734.72380128503,63.4014930725098,6540.08036068082,18370.510596931,43105.9322625995,13566.7821292877,5552.42029875517,45200.1939854622,0,4432.08543631434,1330.09398418665,1391.53877469897,317.425058245659,91.7899245917797,33.1351659297943,6019.55578169227,3072.738165766,35967.2035890818,16448.5773425698,23062.350795269,12180.6875308156,236.709157973528,96.7027269005775,40.0487924218178,14032.2863327563,1170.71976673603,6327.19313748181,5050.89021775126,41.715867549181,38.7185024023056,20.6166177988052,35.0353557169437,11170.8717198968,10807.4149284065,12.0913093090057,15.0326281189919,1.68242061138153,1339.46126455069,33.172297090292,203.834591180086,8.60552436113358,765.7848072052,1.72062158584595,2428.66034972668,183.232079178095,33.2373186349869,4311.56638970971,8316.67250210047,1084.39014554024,2088.3239813447,2.65353199839592,1630.73711556196,2814.30585154891,12071.6765871942,1396.4930716455,784.47325694561,20598.9260390997,112176.12520498,1341.5503359139,66.6566093862057,1059.07960221171,2140.74105080962,3.7391893863678,6.57179471850395,2019.0282997489,2732.83207392693
224.992580920458,78.477319419384,2669.90921673179,16077.1556084156,133.602387845516,1744.00219461322,42141.2461667359,2164.79188454151,11027.2869668901,9391.14171254635,520.408087879419,4804.92383098602,1467.63350772858,3167.07693216205,2651.6287189126,1442.95784753561,1070.88290530443,170.377573102713,508.053794384003,7166.48069661856,21760.3411253095,1194.64901778102,13257.1624147296,18833.7765747309,9.70565882325172,684.240984708071,4432.08543631434,0,4693.16767469049,45946.4752575159,12.8514271974564,224.568062394857,2067.72524371743,6776.09592539072,6104.66141146421,17414.9385777116,1198.46280738711,11443.6447432041,4149.41833472252,1466.57843348384,728.087952494621,59.2303620576859,5865.08605450392,192.144167661667,1303.60124439001,504.103264421225,2748.57333004475,801.759615719318,19.8119269311428,198.433986335993,14.9918346703053,49.329224139452,2768.04575332999,121.565210819244,358.915171921253,4288.49117293954,1367.68619459867,3456.87738779187,2868.7131755352,553.072164773941,1202.81148380041,285.729754328728,1159.70245143771,695.011176109314,1033.07174503803,53.3885368704796,2.22295993566513,10.1932146549225,1819.79566428065,729.153434574604,481.87099057436,931.721808731556,13492.2869585454,2.60725268721581,6.29611504077911,716.464508414268,12985.4433063567,1954.87526679039,2035.9249830842,0,63.9553582966328,50.6631439328194,877.530424594879,1142.29257944226
6502.35481163859,14.6346880197525,359.266412943602,88.2414775192738,19.2004408836365,763.614382058382,9217.67397662997,2670.68282601237,241.158904254436,3558.10995358229,6315.94738155603,776.64574405551,578.66318333149,23773.3420358598,114.362068593502,24.6370818912983,4953.77461954951,1599.30179449916,4160.5967605114,256.039702266455,947.997189313173,8.15897798538208,3358.61223191023,1399.70014119148,12.7736421525478,2071.27380213141,1330.09398418665,4693.16767469049,0,23609.7720840573,121.651475191116,640.388251274824,4582.04051402211,15077.7804144025,204.974620789289,1276.8675942421,380.163369625807,3637.17458805442,474.247835189104,263.536685794592,413.758026003838,45.7888952493668,654.376077860594,19.3591922521591,163.331458598375,36.9271660149097,204.062568932772,48.6293120086193,9.38083636760712,19.4221988022327,19.6105951964855,20.6074689924717,13.324680775404,4.48633968830109,9.73952585458755,644.0135011971,42.2798167467117,194.150971323252,56.5998044610023,51.6559171676636,43.9244094789028,61.1160949766636,98.0476567447186,40.4313586354256,8.41144192218781,14.4498760402203,2.37634581327438,5.30491763353348,54.1038016080856,7.93583366274834,16.2330954670906,9.847326785326,1844.9577498138,3.81923973560333,46.3421660661697,176.131031453609,1535.76563200355,224.737236082554,197.539189010859,1.85131525993347,0,6.85140737891197,94.7721753120422,47.7016713619232
6579.78802376986,5.72466230392456,3364.70193937421,2.10999554395676,7.36511173844337,306.713074713945,12281.3604519069,6828.16749635339,295.239932268858,303.50613451004,297.873994827271,116.626805305481,509.339645624161,21511.7947928607,703.423014760017,381.253130823374,10155.2363416255,158.68675160408,1187.63724011183,36.8903734087944,44062.7393799126,29.0169230997562,25230.2616048753,4167.1229878366,0.902446746826172,1821.31341999769,1391.53877469897,45946.4752575159,23609.7720840573,0,7.63548964262009,48.8868173360825,5335.81109464169,15481.8489336669,2568.06760305166,6612.14228618145,783.571275949478,11227.0726513565,2499.75852879882,117.932764947414,245.85918584466,8.94040536880493,1521.02500131726,52.013201713562,406.603921473026,160.516166239977,205.147900670767,137.322949588299,5.56706756353378,62.8970166444778,10.0955065190792,30.4395370185375,8.13889327645302,10.7782949507236,9.79810002446175,1089.41417604685,166.999690711498,261.245904028416,40.5893451273441,101.173686146736,12.5945145487785,76.4668622612953,292.605469971895,57.756391108036,345.069014459848,24.560937911272,1.01124423742294,4.57363590598106,21.6817144155502,354.437829732895,172.364921450615,161.354128807783,3300.35199797153,0,13.6050212681293,196.951967418194,3272.16819825768,598.951106518507,686.007266670465,0,12.7101907730103,14.4279451668262,238.501649737358,511.4697239995
