0,4.34037757680893e-05,0.0228538894828261,3.54766224931717e-05,0,0.00109037754796028,0.806736165785882,0.124737377305283,0.000124310328373646,0.00230785706751516,0.00136406064605276,0.000736755648957993,6.98949050598145e-05,0.982346651969954,0.000558230962491131,0.000166338408457947,0.0392031543314381,0.00263726960926352,0.00649440354867053,0.000335689249471236,0.0290482117796999,5.43598222072601e-05,0.113582870843604,0.000243493496561622,5.24560443951607e-05,0.00998827064444436,0.00967046019373381,0.00338346602309172,0.409250071505922,0.452620641619689,8.95263705771449e-05,0.00100240125791025,0.00284590446178882,0.0126829751520833,0.00136125881442444,0.00408123943575432,0.000423955864049959,0.00813497254131655,0.00312448906585627,0.000802002891879345,0.000536803052210522,3.83579934772491e-05,0.000364909646899676,0,0.000199000290348005,0.000438080019086647,0,0,0,0,6.13292024670601e-05,3.62696326141357e-05,0,0,0,6.78347455828668e-05,0.000116870315431499,3.12927465370655e-05,5.31232949152231e-05,3.22670722840547e-05,0,0,0,0,0.000315329867524528,0.000171087609699058,0,0,0,3.98379978326797e-05,8.1412791792011e-05,0.000437319428407383,0.000729831075737929,0,7.37367265050411e-05,0.000853527906358694,0.000227040124202633,0,3.48675721231937e-05,0,0,0,6.46044794681072e-05,3.52509251610756e-05
4.34037757680893e-05,0,0.000485918707837153,0.000161892609285736,0,0.00014908903884201,3.64753137830734e-05,2.0071348731637e-05,0.177220228934972,7.33126061172247e-05,0.003026910831037,0.000431360409652472,0.0592706860913084,6.96138633893966e-05,0.0129391266216903,0.0462935520784863,0.00120230470215835,2.11908445832252e-05,0.000264325053760243,7.81686837124824e-05,0.00285918511156204,0.374325130509075,0.00547348557186193,0.173994520450779,0.218416200316595,0.00281884466138459,0.648786764425756,0.010339306032577,0.00011143788719697,0.000110160686638022,0.00713247447393559,0.00015187654633007,0,0.00159341648666389,0.000632904446216011,0.00356624238409319,0.000829735554463957,0.000881218000295494,0.000552045023324823,0.0080274250537657,0.000118653075035047,0.00268106671086993,0.0193069949686177,0.00596737018341913,0.00441963451100903,0.00499655756315351,0.000502473301768589,0.000292382030325699,0.000183277801953745,4.43560606068611e-05,0.0446154758478995,0.000798435155841019,2.90814740445614e-05,0,0.000138486076188111,0.000872925599084446,0.000585584786062908,0.00132681579194286,0.000444970873343253,0.00316823768922498,0.000318186769082355,0.00438146805096612,0.0012574835092412,0.000423157161906099,0.00413067208888202,0.0158640152749155,0.000906889801700618,0.0027772274595026,0.000121828912160897,0.00109263669891122,0.0125396015902507,0.00730003432112078,0.00580740771479258,0.00285169562271013,0.0113762444939951,0.144116279044445,0.00179453427813134,0.000601187261760926,0.00132030014078226,0.00170702445562983,0,0,0.00464664430127697,0.00160223293031345
0.0228538894828261,0.000485918707837153,0,0.00114287304842324,0.000134193520619917,0.0159399536500038,0.108301152102545,0.179425360239488,0.00022064363899107,0.0109134792084826,0.00892622179070033,0.00160939448690824,0.00445273600954483,0.188213152134305,0.00584736429251547,0.00241737195456238,1.02437768462845,0.0266278888444767,0.156503982545314,0.000573324127584004,0.263362976121449,0.000703199500093388,2.87180724927381,0.00564867232007432,0.000404124452507973,1.862198362183,1.47723350052198,0.0558873955918565,0.0641102492974465,0.109904835551986,0.000856201738034127,0.00165164076120355,0.00384785820791965,0.163433911278779,0.037959228636636,0.30685634563924,0.057740438857396,0.0811355396583585,0.129948905661788,0.00734935262809431,0.00440201603017283,0.00096070605728202,0.117490795552017,0.0362724813833923,0.0414155627039603,0.0292650562815372,0.00327774891291449,0.00222933529217716,0.000166336699283027,0.000546587569006157,0.00840265053565329,0.00813280780659937,2.39353051681042e-05,0.0001677482621593,0.000209301052451611,0.00862854913681657,0.00123684800538216,0.000101722895795321,0.000281305730102539,0.00181867480777371,5.65511177378655e-05,3.53417662399769e-05,0.0026857590173629,0.00112159235651305,0.010699921522537,0.0550572436592535,0.00516259831448715,0.0078954096021714,0,0.00451509714793,0.00776745177299641,0.0730682010659329,0.00561280627422822,0.000196348191850901,0.0324066993677857,0.339216587931389,0.00432438092656531,0.0018175951874434,0.00815254508023653,0.000324053339506722,6.95469154782297e-05,0.000514306684158278,0.0278383243563338,0.0253222674036697
3.54766224931717e-05,0.000161892609285736,0.00114287304842324,0,0.0026071192815146,0.00520826143917253,0.0175251786375389,0.0104804855214697,0.133588840798373,0.334812337074647,0.00101993064016354,0.38828739022963,0.00254876109155197,0.00711478630502016,0.0321486773003127,0,0.000358768842103624,0.000756386114843201,0.000345561998501945,1.75655756115813,0.00115729846121993,0.000194809169999122,0.00134545964640632,0.255841403271062,0.00440720105925794,0.00117451305539846,0.0011943673428355,1.21531329850237,0.00921850904806082,0.000436286733944893,0.000103587817318893,0.000957757340493992,0.000654595998687959,0.00773316075143895,0.00607145508643036,0.034146708545319,0.000290273851265788,0.00432739347280431,0.00217486773706823,0.0212272780535838,0.00311985418724856,0.000116935046511436,0.0106720461948083,0,0.00285203296326954,0.000503039267994189,0.0542085356673281,0.00180278317574453,0.000473660587639809,8.75520540184977e-05,0.000740052735579827,0,0.0891673454822874,0.00253971530681324,0.0375654575798029,0.00516948075223331,0.0121593843610886,0.0665182412157701,0.138786319460674,0.000488641790015101,0.123695533641211,0.000113381030913973,0.00618074140465322,0.0268823623100461,6.91679020197866e-05,0.000118924669201898,0.000142652966238427,0,0.071248688399837,3.60268631334782e-05,0.00207606573496692,4.82166339746237e-05,0.146610813437348,0.000270689319456529,0.000209680050229549,0.00144678614690468,0.182101313593916,0.00428316743297527,4.5411766208744e-05,0,0.00110523314361958,0,0.00373992646766203,0.00116649398104994
0,0,0.000134193520619917,0.0026071192815146,0,0.304083269183478,0.00382187209081495,0.00886621473695651,0.00481047446810021,0.00983792713001358,0.00108327947976549,0.096041611425998,0.00449283229663684,0.000513090492519665,0.164463300416503,0.000264627028903294,0.000217677216954136,0.000274826106859588,8.66996422288417e-05,0.00361699398908138,0.00245192854309306,0.000384224613207269,0.00494815988012142,0.0165856796031999,0.00970334638327135,0.000367433057461786,0.00150813938170395,0.00804277070829154,0.000561036455517101,0.00172508590089934,0.000172954848017072,0.0125502137299195,4.21810022379875e-05,0.146063504012427,0.146881456009302,0.0925873476575565,0.0019038475354598,0.00172656932360461,0.00190421019415274,1.93425788703363,0.303741865039135,0.000327803198717022,0.00231215387642002,0.000588865143547201,0.000632883528423882,0.00173893847548962,0.00451365455921681,0.000433905071217417,0.000522293146978927,0,0.00010516895112381,0,0.00157224280635219,0.000452792992723227,0.00152189670115349,0.000355054589397431,0.000785686388758231,0.000807795228838441,0.00298012353378975,8.57448132283208e-05,0.00586448000347669,0,0.000117721096448755,0.00149740218413682,0.000410690898700714,0,8.88677894156456e-05,0,0.00177006356019938,0.000116770701110697,0,0.000202555001767826,0.00486159911619501,0,0.0002002268075984,0.000467585921248913,0.00555852745162363,0.000380356768005848,0.000195970597478056,0,0,5.00661160820961e-05,0.000726411314654323,0.0376469968191779
0.00109037754796028,0.00014908903884201,0.0159399536500038,0.00520826143917253,0.304083269183478,0,0.684548488622644,1.40491987067802,0.0114189241813367,1.82401734650267,0.0378541009977596,0.519181833054614,0.040174756204384,0.0641821733724075,0.342953443388054,0.000393139385376311,0.00456275168484335,0.0205327237954389,0.00775962334417371,0.0277395072068658,0.0177170598399767,0.000613441022778201,0.0235122685931927,0.0253350582435044,0.0480451131204437,0.0178979402242167,0.0133901885495111,0.111279594331551,0.0565738932424069,0.0197592539735429,0.00277509534611363,0.0394536472775857,0.000937613841844035,0.0952192921441939,0.181952642560065,0.348543573529014,0.00778332069181578,0.0261484371213964,0.0114882455131665,0.65442304349497,0.129393010218222,0.00306106698654099,0.04494916208353,0.000967411391577505,0.0147871499738501,0.00324140700885813,0.0344687384726096,0.0077389494838422,0.00364193980471916,0.000165090785249377,0.000341922157626748,5.62526805084944e-05,0.0156687876491106,0.000863448772975515,0.0358058768362768,0.0211951479407005,0.0286275817152343,0.0120087392262862,0.098773795344564,0.00107968030235689,0.025693175084378,7.46525482921839e-05,0.0159579069879996,0.00432310687582757,0.00104179893739464,0.000108079564287496,0,0,0.0216795981419117,0.000450332439420843,0.000960836246625257,0.000990381499011922,0.121572352643419,0.000184583341103268,0.000363063610582924,0.00201353095852241,0.155075612630759,0.00937841907324224,0.00164087947446239,0,0.00436614282225659,0.000176938287932777,0.0123479567047663,0.0220764355467526
0.806736165785882,3.64753137830734e-05,0.108301152102545,0.0175251786375389,0.00382187209081495,0.684548488622644,0,1.70114735693395,0.0100688684596896,2.12761388964797,0.0345757057619175,0.0242123554936722,0.0302075726897503,2.89738343130362,0.0835224042793007,0.00311083771525171,0.0167524476006214,0.0288011090114053,0.0164225329318987,0.0144737776545454,0.343705513661781,0.000841208402868989,0.271581769066558,0.109093269285457,0.0221268303222752,0.0329092200736775,0.0432260290521801,4.28758366712982,0.351464147028125,0.465217610007887,0.00245236521180408,0.0345073605512524,0.0390813201506279,0.239564941314189,0.154280817752887,0.488745563777715,0.00980735110402612,0.156456668628145,0.096011098025983,0.1601636046368,0.0798217219809508,0.00380803812114249,0.0486129786451121,0.000978104893460607,0.0122149672567156,0.00440248461066923,0.0222783333374429,0.00698167521350081,0.00194527276093321,0,0.000573816948179293,0.000168675973688483,0.00509994274720139,0.000703587545522044,0.0126349027924645,0.0190948141818346,0.0160451951999004,0.00800857541424999,0.0328614464335371,0.00166877357567434,0.00834940809046955,6.11966434076786e-05,0.0123793279106644,0.00310143718263424,0.00476407160780568,0.000335719920536757,9.18107514587644e-05,2.51523690347433e-05,0.0074097985889411,0.000686930371694516,0.00155723773825004,0.00728006481922164,0.0897143661311292,5.89541118307591e-05,0.00022595631325767,0.00757199738162505,0.0796496727917945,0.00764394685802228,0.00296106589435057,2.61269143087864e-05,0.00412794954768145,0.000337242517060756,0.0108005157356656,0.0198209982879483
0.124737377305283,2.0071348731637e-05,0.179425360239488,0.0104804855214697,0.00886621473695651,1.40491987067802,1.70114735693395,0,0.0123333347956558,0.940167268257893,0.0254269935197244,0.589418623573796,0.0153864183143523,1.17578465522543,0.0199140158149031,0.000513418720746279,0.138032328511432,0.0192378295558779,0.0326270043745358,0.0470283838550665,0.152672468061871,0.00052983647876091,0.451834784803454,0.0376227373568339,0.0275415883832275,0.0597261209127787,0.06102015184554,0.226884903705555,0.168263363317746,0.486311364135606,0.00133598977852097,0.075206594139959,0.00440889390685244,0.0689597393572138,0.0134464585706968,0.158577378893048,0.00544218554369089,0.0501264858386343,0.0354937671013415,0.204291404678403,0.0123802629234282,0.00126577916023667,0.0575498584879964,0.00134050162985556,0.0186351705769078,0.00339580681678553,0.0428082384956736,0.00949292146990789,0.00334872582566133,3.90978114090442e-05,0.000122707547633171,7.48913780462506e-05,0.0122672166693113,0.00031714317470963,0.0324685706060694,0.0297146203841099,0.0295758318584435,0.0127262782178554,0.0817380124783872,0.000527099976031733,0.0206545323935071,0.000113265177471375,0.013920172017315,0.00227747124015918,0.00175500163851042,0.000266994320448995,0,0,0.0187533258077062,0.000224432670060038,0.000981647481890893,0.00164945079459565,0.151838608703461,7.4550313367176e-05,2.69578614487409e-05,0.00599414901663534,0.172807525633957,0.00753175982495378,0.00246906592059047,0,0.00195517618690963,0.000281423641611266,0.0141582356552847,0.00253897445592825
0.000124310328373646,0.177220228934972,0.00022064363899107,0.133588840798373,0.00481047446810021,0.0114189241813367,0.0100688684596896,0.0123333347956558,0,0.0319802881073591,0.00446555298093915,0.152404400597139,0.0401187272631047,0.00480453938955455,0.122499106036975,0.00524272967394423,0.00061537355667429,0.0011445305933234,0.00108008322074344,0.0554038656656956,0.00393028383677609,0.662827151852945,0.00454475163070645,2.0206589295674,0.176253459315056,0.00342736670814648,0.2534070413573,0.362510065433237,0.00628428851342406,0.00662006500921869,0.00967421226977535,0.00285118407763319,0.000853379927483844,0.00716858139584153,0.00514321564564414,0.0487668530071959,0.0012862846217572,0.00507296688453424,0.00204949620119591,0.054375870869735,0.00309976963357262,0.00412307871473208,0.0529624735881598,0.00519218327578974,0.0118784045796594,0.00403458892738237,0.0281668311608191,0.0062941977411869,0.00107323751261747,0.000395006635454702,0.00240591496894706,0.000257969825914359,0.0207502865035537,0.00212341114054728,0.023091556174721,0.0424754998054496,0.02340364454693,0.267334371361935,0.0523172408887329,0.00824334522910266,0.0359901070975149,0.00258828134553492,0.0144998086943336,0.0141461336403833,0.0169740123731702,0.000828443410384843,0.00474099095673928,0.000207784036226916,0.0155773123781114,0.00109645595415134,0.0551963144614301,0.00410264544233112,0.412921609390645,0.0026922453891027,0.00617325702176537,0.00904483466288361,0.183651676350499,0.0126407706604506,0.00905868943078432,0.0018398956962023,0.00414799017634599,0.000346922950591993,0.0083802753073335,0.00960897108540872
0.00230785706751516,7.33126061172247e-05,0.0109134792084826,0.334812337074647,0.00983792713001358,1.82401734650267,2.12761388964797,0.940167268257893,0.0319802881073591,0,0.0467397762847016,0.970885786300192,0.0346162027917262,0.388663605265973,0.0872192350989756,0.000542180618282223,0.00458963936035688,0.0390697201548974,0.019500010228215,1.04692745756217,0.0164173117102506,0.000442854797189594,0.016732325592102,0.0544458748189786,0.0150488686926637,0.0334536693727368,0.025929911114849,0.625537405145572,0.212686085419612,0.0167262923810431,0.00397130430924399,0.0347051109731397,0.00275309939586079,0.182325218281811,0.0984034192642968,0.448924341281259,0.00669101547091563,0.0990878553460855,0.0343592310220413,0.126878339075166,0.0913567308727161,0.00582930857454998,0.0260482177507123,0.000291971381450748,0.00859303582194442,0.001525015326001,0.0491931367126039,0.00645720079279332,0.00174676554794874,0,0.000799915736454967,3.84468666529178e-05,0.0507575320128404,0.00184264387306659,0.0533063880184821,0.0161428076946605,0.0298359151575479,0.0309092491699461,0.230693336556921,0.00028988632525382,0.0677143974963273,7.12690954152346e-05,0.0156642343110829,0.013200697142102,0.000357848092718149,0,0,0,0.0585988054418708,8.06571718324662e-05,0.00214097274623597,0.000823676560736653,0.174674093630032,7.74861603816748e-05,2.34262238903284e-05,0.00272872493074162,0.270738575010126,0.00358875506770968,0.000464749210299849,0.000102401285353303,0.00103734759320426,0,0.00790933739417859,0.00819087829655767
0.00136406064605276,0.003026910831037,0.00892622179070033,0.00101993064016354,0.00108327947976549,0.0378541009977596,0.0345757057619175,0.0254269935197244,0.00446555298093915,0.0467397762847016,0,0.0585220100057234,0.626088853154294,0.0474488768484077,0.00689896291759321,0.00127354810114791,0.0512292641474353,0.926281763829436,0.061249374109819,0.0107117266133776,0.0122961166611244,0.00248066624561157,0.0385163546332224,0.0061570154949734,0.140118214689189,0.259985613189581,0.0687499357357935,0.0254600235700444,0.187584680911498,0.0143152523295771,0.0879131719529617,0.117348795988454,0.00485840701642661,1.04782094159348,0.0367805277028328,0.16069826838219,0.197031665263437,0.418031871518588,0.124917220792686,0.0266941791995953,0.00444034963262634,0.228805823155349,0.00811173295266314,0.226839425790161,0.00610918691230762,0.003140094738417,0.00170369499464774,0.00091307945518627,0.0165526402288603,0,0.00755998067062468,0.00014555981608119,3.0685779714036e-05,0.000136441787341118,0.000577923821101141,0.000773347212116383,0.000655267473143744,0.00452220765468447,0.000524388456265307,0.245218616902788,0.00055784401273768,0.324962051847504,0.000724794982038401,0.000230182830383921,0.000871406513033244,0.000665202409092639,0.00745236771697033,0.00183333848582632,0.00011646217935729,0.000184147144767427,0.00501913656550095,0.000922641992889283,0.0140582289181129,0.0812069686498316,0.148838585557738,0.0617137076848437,0.00417306144777491,0.00282143071751962,0.000204797315777755,0.154761422765265,0.00238736166351311,8.58534948004724e-05,0.00889466436313855,0.0218022511880336
0.000736755648957993,0.000431360409652472,0.00160939448690824,0.38828739022963,0.096041611425998,0.519181833054614,0.0242123554936722,0.589418623573796,0.152404400597139,0.970885786300192,0.0585220100057234,0,0.0273898547921308,0.131947154397343,0.479771385861091,0.000124967014154243,0.0036914125626955,0.0452577123519327,0.0226185902608424,0.983539229104946,0.00156685395815797,0.00160435424375539,0.00481799707809636,0.0823202656669993,0.025504113875512,0.0355592031571297,0.023937497467187,0.223414986032303,0.107470610738749,0.00768247463019485,0.00567013797920787,0.0414918757999691,0.000116191439777899,0.0794827977827743,0.154815740052146,0.320993014856793,0.00477309305052225,0.0362651754426781,0.00954129857227866,0.542776753048477,0.0402243373028815,0.00446752935556393,0.0108726944139874,0.000795797691174123,0.0023484871385587,0.000271252441630745,0.0889939431322912,0.00142039906559622,0.00207137045701847,0,0.000407322887199926,0,0.0530206806690269,0.00658845515193227,0.0429055676123682,0.00309615919756226,0.0042492237737792,0.0220531355411179,0.0686132561594917,0.000288369481514668,0.187578753914291,8.59822356571677e-05,0.00367073634244816,0.0488748317027223,0.00016265629686451,5.88092788569927e-05,0.000427786997271752,4.66970500674248e-05,0.062691836469512,0,0.000753587407555271,0.000123893032925129,0.0556948150330671,0.000124105782081175,0.000427557260249853,0.000978516342041251,0.0904111386866319,0.00176948377748983,5.95678310707569e-05,0.000127291784093642,0.000438093241671515,0.000148453006245041,0.00417310650766277,0.105263013709304
6.98949050598145e-05,0.0592706860913084,0.00445273600954483,0.00254876109155197,0.00449283229663684,0.040174756204384,0.0302075726897503,0.0153864183143523,0.0401187272631047,0.0346162027917262,0.626088853154294,0.0273898547921308,0,0.0102689409280087,0.00981061455204714,0.00611356073012693,0.00425796027822016,0.0391981071810233,0.0133740797660244,0.00821816871601215,0.00693468842300348,0.0343541555173554,0.0120157965114505,0.0328908325150893,0.57551629296312,0.0500955576236303,0.189852571708778,0.0419540709482419,0.0223919406850689,0.0144002465954888,0.137251371640963,0.0325336089082371,0.000880149307316303,0.0982548392302901,0.0380639887382227,0.528191582284374,0.320130645788431,0.318092704142825,0.309825996603566,0.156967094311159,0.0437806146150575,0.174160201452153,0.0367724951981327,0.216093608279616,0.0694049152560849,0.0113090493444036,0.0538630849612022,0.0173368285160015,0.013876959332007,0.000338798916830921,0.0219800594361999,7.31234816002844e-05,0.000640206874497294,0.000567540830435371,0.00607475841977291,0.00400030590876203,0.00410373588416915,0.00368516309004774,0.0102416572805719,0.314963451486906,0.00471118547855105,0.415145563633719,0.00521663178816819,0.00127396786431572,0.00100441958180294,0.00581681830057309,0.00896318341962964,0.0061144461591775,0.00362324354209173,0.00126369357874286,0.00344626085285225,0.00224342481094091,0.012500068176405,0.19568869940516,0.229752962895439,0.21997107610251,0.00864749751450498,0.00542538254705779,0.000714468658753466,0.192279986587,0.00677824788766351,7.7644139497852e-05,0.0509170703728395,0.0171118520303877
0.982346651969954,6.96138633893966e-05,0.188213152134305,0.00711478630502016,0.000513090492519665,0.0641821733724075,2.89738343130362,1.17578465522543,0.00480453938955455,0.388663605265973,0.0474488768484077,0.131947154397343,0.0102689409280087,0,0.0073449492270444,0.000955077891278053,0.303608234577968,0.0402163478646852,0.0582346081857417,0.0292224738995621,0.208370346845861,0.000381815039182949,0.664900020317499,0.0149450691140606,0.00825465532367806,0.0856669359726529,0.0886844139633539,0.141168002555164,1.27510315784961,1.26056191119135,0.00225606375177477,0.0503417396582199,0.0138357789909222,0.155008667022666,0.0110267485726485,0.108893003337361,0.00806142643877662,0.0527399023389508,0.0365286728206436,0.016027070050624,0.00737546906586643,0.00108680090147564,0.0207281094042802,0.00105628858733539,0.00550028097741065,0.00170163723624795,0.00871260818023782,0.00224113652953396,0.000730295283333829,0,0.000601722396195841,0.000127521513275289,0.00238797003178117,0,0.00563401915971966,0.00810631702031865,0.00594009580904021,0.0029457753803165,0.014171583033442,0.000169909668689513,0.00383352673702149,0.00011126324950552,0.00340669860648,0.000709815829888985,0.00218880928283732,0.000694836344528868,0,9.6394838954449e-05,0.00298708979950948,0.000426267481966758,0.000702248771544626,0.00158405151742914,0.048845673617656,0,0.000485924482182693,0.00627965789207315,0.0409963540340469,0.0023667720898099,0.00202332532855465,0.000188661320736718,0.000401317906928182,5.98695337650538e-05,0.00502845640036545,0.00249040137078016
0.000558230962491131,0.0129391266216903,0.00584736429251547,0.0321486773003127,0.164463300416503,0.342953443388054,0.0835224042793007,0.0199140158149031,0.122499106036975,0.0872192350989756,0.00689896291759321,0.479771385861091,0.00981061455204714,0.0073449492270444,0,0.006663370135017,0.00558752718320164,0.00410971082647571,0.00333557991257746,0.0387572869978098,0.0905999798921491,0.0309187043687201,0.0898964946305537,0.415219413414697,0.0188320653480014,0.00580877946486959,0.0453818778414524,0.208842691486418,0.0134106828288723,0.0910493466987021,0.00123232323135233,0.00974902698387824,0.00163589813904235,0.0120306493238204,0.313954873049351,0.0806684060490834,0.0139138392165097,0.00970008263928087,0.0289960646451506,0.540818583529826,0.0155158548071997,0.000920511661197564,0.0164115416121661,0.00434225016609888,0.00543103230707562,0.010694897302899,0.0295887304174594,0.00222448579451332,0.00107522788797212,0.000107558040529918,0.000116695183804178,5.75152139161587e-05,0.011608760173698,0.00206160164424744,0.0118842529410986,0.00462424958601103,0.003505851589219,0.00590951550815542,0.0184793431786692,0.000558643193136907,0.0326611725079847,3.58550557729721e-05,0.00222729191867957,0.0105134022331079,0.00803263547154658,0.000241916473008776,0.000513431672842455,0.000258654944368553,0.00893103939421935,0.00297379357899594,0.00319362686326873,0.00580647937800331,0.0375127302862119,0,0.00241016935032864,0.00583794416514838,0.0324353514841541,0.00162113694589639,0.000972394579257058,0.000130154544279718,0.00064328090007174,0.0002597994016222,0.00299870891369431,0.184459220064057
0.000166338408457947,0.0462935520784863,0.00241737195456238,0,0.000264627028903294,0.000393139385376311,0.00311083771525171,0.000513418720746279,0.00524272967394423,0.000542180618282223,0.00127354810114791,0.000124967014154243,0.00611356073012693,0.000955077891278053,0.006663370135017,0,0.00504079923252475,0.00110309308021517,0.000685915404041622,7.65086142512084e-05,0.24183056208217,0.470916290624146,0.966966347609497,0.376591566353565,0.0148011609097688,0.00129744947174563,0.825468900142145,0.206711934584516,0.00219570305170758,0.00571886306724012,0.00175448949169414,0.000139045201793909,0.000547095844698048,0.014419196270739,0.0364098210422637,0.293575935228915,0.134112839562757,0.0396994373662213,0.0600952217202086,0.00259998623207579,0.000855729564742279,0.000229362836075902,0.0734648974148414,0.00535724691416683,0.0171114232391698,0.011741101803293,0.00750061091763857,0.00296638375690389,7.73515256155967e-05,0.000974745012301064,0.00192715060859306,0.00211527312761703,0,0.000167774828852939,0.000439501225472784,0.00920519301719069,0.00144710310868929,0.00424372809627235,0.00073403780406833,0.000361786823597264,0.000470424886270404,0.000437030715050459,0.00467302534363138,0.00440361886775513,0.881144626578534,0.00161018301436518,0.000361575924740672,0.000394611878770399,0.000109189553833628,0.0591221623640309,0.192573438621587,0.308384796604795,0.25165285854882,0.000353009138233089,0.00186746003445833,0.101246574388864,0.103005475905885,0.012976349777903,0.0219787881942324,4.05121810955047e-05,0.000380583504171323,0.00154555220929117,0.0103614778847619,0.0233384787740264
0.0392031543314381,0.00120230470215835,1.02437768462845,0.000358768842103624,0.000217677216954136,0.00456275168484335,0.0167524476006214,0.138032328511432,0.00061537355667429,0.00458963936035688,0.0512292641474353,0.0036914125626955,0.00425796027822016,0.303608234577968,0.00558752718320164,0.00504079923252475,0,0.2099262434953,0.665605166493344,0.00146218671651506,0.287585811389777,0.000730868938886499,1.68049659145318,0.00337321432724471,0.000617064361883163,0.949809131534552,1.28273458396447,0.0154174174924565,0.333158547733566,0.2443035891548,0.000769938674353412,0.00284087059080071,0.0423471603108509,0.319907215039844,0.0176074107552574,0.182420619466837,0.124104625175561,0.0708081557519831,0.106530829226013,0.00643551647099371,0.00503740524430928,0.00112883977366671,0.0470326766615228,0.0219282745252096,0.0141513712403176,0.0111796575449124,0.000912396861293197,0.000905922777188231,0,0.000270792007156086,0.00996267360768154,0.0020700975568377,0,0,0,0.00145579101140856,0.000265064934414053,2.33626512076139e-05,3.35081861234665e-05,0.000944204365450432,4.19485426886082e-05,0.00013356990502193,0.000723546214153053,0.000294335166443777,0.00627862783389537,0.0327772002354622,0.00183648035310066,0.00884454781071583,0,0.00193043418058064,0.0019918574327497,0.0163431667045868,0.00258386231494284,0.000245363639692974,0.0279436820066409,0.133522833705676,0.00177463457603505,0.00118024906406763,0.00242732334720006,3.36453866119862e-05,0,0.000248212889164925,0.011459936074609,0.00980841454991674
0.00263726960926352,2.11908445832252e-05,0.0266278888444767,0.000756386114843201,0.000274826106859588,0.0205327237954389,0.0288011090114053,0.0192378295558779,0.0011445305933234,0.0390697201548974,0.926281763829436,0.0452577123519327,0.0391981071810233,0.0402163478646852,0.00410971082647571,0.00110309308021517,0.2099262434953,0,0.392506460157347,0.00718509540078874,0.0211017657381479,6.99854599695205e-05,0.0553663932110325,0.00336087233987255,0.00294346116727631,0.214396113567876,0.103655720601998,0.018322925823034,0.150139081990508,0.0183521957590942,0.00989778103227635,0.047703366212048,0.00800630365813399,0.731161024565104,0.039606229950325,0.378013158470296,0.190291180174566,0.260695126009414,0.297100918283346,0.0179294453337774,0.00474241022854326,0.0107242450946209,0.0109337924975882,0.00527876811124961,0.00273281942194562,0.00330247670094662,0.000680935926761293,6.36970800715923e-05,0.000623167323743248,0,0.00113782717596951,0.000107693561244464,0,0.000154225599489736,0,0.000101664919092416,0,0.00101934133742809,0.000144701629945993,0.0110680309781328,0.000103507029403019,0.0421472738211476,0.00011092160268774,8.93533244568351e-05,0.000424747235558272,0.0040587031549396,0.00439374815522985,0.00510907077618279,0,0.000209819373466277,0.000430390570489645,0.00221484617929366,0.00196658260486012,0.00379471858763986,0.0701238234986512,0.06602327037553,5.81006808083534e-05,0.000246453940406465,0.000466977245250964,0.0322898710094623,0,7.04627196248051e-05,0.00245643580396015,0.018023011125629
0.00649440354867053,0.000264325053760243,0.156503982545314,0.000345561998501945,8.66996422288417e-05,0.00775962334417371,0.0164225329318987,0.0326270043745358,0.00108008322074344,0.019500010228215,0.061249374109819,0.0226185902608424,0.0133740797660244,0.0582346081857417,0.00333557991257746,0.000685915404041622,0.665605166493344,0.392506460157347,0,0.00416855208180017,0.0309680674807733,0.000358954344424176,0.216828163295303,0.00192069431793983,0.000733828120450785,0.566351749335353,0.211032166241998,0.0124466389568197,0.100460913141834,0.022605096916795,0.000963900099472833,0.0103873385872368,0.0058799922633559,0.473763113481284,0.029674908920103,0.369754054703321,0.229467321997999,0.0937476774169384,0.248996823970841,0.0077114458173757,0.00314550057251702,0.00155847624912582,0.042307071619003,0.017076835713005,0.0113716746777179,0.0149631005899671,0.000540993372853709,0.00146353572594137,2.57002281985283e-05,0.000646348337874508,0.00263978918202231,0.000760453449374604,0,0.000143239105432225,0,0.000935341876001336,0.000103817942433262,0.00074006568179581,0.000110382350160503,0.00113821439033146,3.19637799786806e-05,0.00298344582486145,0.00108975612763283,0.000253709952436304,0.001384684952072,0.0209988344282439,0.00318015516419673,0.0194060885634084,0,0.00194027438080549,0.000289493869683456,0.00507873065553546,0.00161375245173817,0.000599276388520837,0.0524786533727513,0.100448664882714,0.000385445038581919,0.00116527947702555,0.00225847289458523,0.00308013363834974,0,0.000408612179387402,0.00831903916277656,0.0167185344380452
0.000335689249471236,7.81686837124824e-05,0.000573324127584004,1.75655756115813,0.00361699398908138,0.0277395072068658,0.0144737776545454,0.0470283838550665,0.0554038656656956,1.04692745756217,0.0107117266133776,0.983539229104946,0.00821816871601215,0.0292224738995621,0.0387572869978098,7.65086142512084e-05,0.00146218671651506,0.00718509540078874,0.00416855208180017,0,0.000933604846627185,0.000335595679984665,0.00133861430677218,0.0509081289575344,0.0145705037951053,0.00672158568139619,0.00586200638243442,0.701809587065325,0.0270530059243188,0.00464144021841963,0.000922972085135792,0.00502028650505075,0.000393646159659958,0.0189088100479185,0.0188160658027447,0.115398997841952,0.00129023870384958,0.0101354974392088,0.00513301462330537,0.0496379236163958,0.0123835638458933,0.0010141093432739,0.0235900622874561,0.000490929185473585,0.00751878933554664,0.000998631249252508,0.0503543908376871,0.00328155287182312,0.00193294596012902,0.000109575933208752,0.00108953908005867,0,0.0404861702796464,0.00234221099337389,0.0472444532225573,0.0145287719138584,0.0255848469468633,0.0322637442284378,0.168298251888024,0.00134187487938075,0.10405798070336,0.000109831149089336,0.0124020334409574,0.0199815128494746,0.000154817385624981,0,0.000330139609470463,0.000142971051139116,0.0514055684157557,9.11014536676408e-05,0.00110189303557539,0.000226986330274129,0.124485122627088,3.29817837691307e-05,0.000142055482200098,0.0005122994679425,0.195529737656489,0.00846364811702475,0.000394413908489228,0,0.00351976341063299,3.67935731293678e-05,0.0074140872675047,0.00302309459625392
0.0290482117796999,0.00285918511156204,0.263362976121449,0.00115729846121993,0.00245192854309306,0.0177170598399767,0.343705513661781,0.152672468061871,0.00393028383677609,0.0164173117102506,0.0122961166611244,0.00156685395815797,0.00693468842300348,0.208370346845861,0.0905999798921491,0.24183056208217,0.287585811389777,0.0211017657381479,0.0309680674807733,0.000933604846627185,0,0.0259101632098302,3.41832792838471,0.0826751281114229,0.00351853841243141,0.050649305089058,0.25802542790296,0.816286629446051,0.183706664803126,1.77348235089108,0.000553367752226687,0.00122022750825312,0.0442127691853879,0.869232564452031,0.343305833495276,1.21339914101799,0.121965319278645,0.722234355419426,0.641657512640331,0.0343388770243876,0.0123030069038414,0.00033943932820859,0.057363247408818,0.0037280716382632,0.0114693625016185,0.00881300261198702,0.00739963378464609,0.00324216269349976,0.000207732261163282,0.000760824414814452,0.000812657016097163,0.000527696046864652,6.96774145114185e-05,0.000456079132393312,0.00142832918444643,0.00994034356469364,0.00231300534149926,0.00229247786847145,0.00154977233465204,0.000406354437721753,0.000868316826555587,0,0.00520831852992697,0.00423755134980142,0.170419785905656,0.0015452556890034,0.000126812928947091,0.000466608843573499,0.000326623093797946,0.0220043309333306,0.0452608240793186,0.037283404203277,0.183690123952176,0,0.00128261333951173,0.0279813059388913,0.08710009184159,0.0113598978960669,0.0168770045225586,0,0.000833757646821644,0.0017802762390327,0.00690567484946071,0.113858177873477
5.43598222072601e-05,0.374325130509075,0.000703199500093388,0.000194809169999122,0.000384224613207269,0.000613441022778201,0.000841208402868989,0.00052983647876091,0.662827151852945,0.000442854797189594,0.00248066624561157,0.00160435424375539,0.0343541555173554,0.000381815039182949,0.0309187043687201,0.470916290624146,0.000730868938886499,6.99854599695205e-05,0.000358954344424176,0.000335595679984665,0.0259101632098302,0,0.0732343216114306,1.23974374930226,0.245526262804012,0.00213614447017402,0.760539988152505,0.0854376790525002,0.000714448303499412,0.000833871753848124,0.00932188062535148,0.000571325561126161,9.35258888894797e-05,0.00350198288354993,0.00173197040847201,0.0136252188626141,0.00431955263286281,0.00419384414452355,0.0028406942302139,0.0187618073902759,0.00015080374505887,0.00360156066485853,0.0372959287077937,0.00528188859423682,0.0114600698489074,0.00716716330987568,0.00295344964626565,0.00188872548491879,0.000155307299446869,0.000655170781276846,0.00769004138080934,0.00119120055532043,0.000304612592037535,0.000225407062449169,0.000604228199512196,0.00558916545872264,0.000434718650239301,0.00503676998397713,0.00123335978909896,0.00321692624168327,0.000282817663883924,0.00197715724264388,0.00226547288710866,0.00212447111516633,0.206978550704933,0.00161765336908226,0.000715064278771899,0.000604702409309483,0.000174879900352764,0.0116319002205529,0.155069895473976,0.0695668385148757,0.142073932674748,0.00163285602133317,0.00352682781082597,0.18360815643904,0.0405877612710434,0.00387447131977091,0.00827469064449211,0.00161327008807888,0.000416669884617209,0.000311996686342907,0.00508444901775761,0.00658322868711573
0.113582870843604,0.00547348557186193,2.87180724927381,0.00134545964640632,0.00494815988012142,0.0235122685931927,0.271581769066558,0.451834784803454,0.00454475163070645,0.016732325592102,0.0385163546332224,0.00481799707809636,0.0120157965114505,0.664900020317499,0.0898964946305537,0.966966347609497,1.68049659145318,0.0553663932110325,0.216828163295303,0.00133861430677218,3.41832792838471,0.0732343216114306,0,0.119248136947109,0.00459342268960264,0.482919658948574,3.69035323359771,0.532661606045488,0.358438576679671,0.90708746118636,0.00139758657074621,0.00432381417435446,0.034927791002904,0.888086943899873,0.514597581952472,2.87024974356752,0.672048159079679,1.19315695936135,1.4182869828494,0.0521682225572029,0.0205026896680638,0.00146350239703045,0.18638084067248,0.0268132574652126,0.0799020083637491,0.0562264080791099,0.0194683066916784,0.00477054943367088,0.000343138119937992,0.0006503015987005,0.00734519986813799,0.0118568558158155,0.000136859535564184,0.000762665472571231,0.00121850404447486,0.0241287911368263,0.00295927753288703,0.00311351451838262,0.0016008185704273,0.00221701706468845,0.000483402674952102,0.000114532166102195,0.00533301476922069,0.00707981128028432,0.933934883282392,0.0192628655010917,0.00470661514089718,0.00502492471772558,0.000287111685579228,0.0616459057879564,0.128941204903194,0.648700737763311,0.165102007901622,0,0.0187933950939506,0.747610304688922,0.0783903075907304,0.00655583874350333,0.0209306174488191,7.40071857954266e-05,0.00022424761071372,0.00187100647245231,0.0341823205885636,0.290203576845494
0.000243493496561622,0.173994520450779,0.00564867232007432,0.255841403271062,0.0165856796031999,0.0253350582435044,0.109093269285457,0.0376227373568339,2.0206589295674,0.0544458748189786,0.0061570154949734,0.0823202656669993,0.0328908325150893,0.0149450691140606,0.415219413414697,0.376591566353565,0.00337321432724471,0.00336087233987255,0.00192069431793983,0.0509081289575344,0.0826751281114229,1.23974374930226,0.119248136947109,0,0.118367846148726,0.00517976405017576,0.457757418578005,1.24883143893896,0.0356848327940953,0.00703956715544202,0.00651227953474088,0.00546886498995361,0.00775340131632781,0.0297284479914179,0.0448942124332904,0.235595551649346,0.0261605977657017,0.0360575281698457,0.0259002244439183,0.156351410382433,0.0084496587927604,0.002652169776755,0.280715921233748,0.00807701295760191,0.0759302400193944,0.0218246749279122,0.117447022951199,0.0383670605384716,0.00385381616432042,0.00220006603625879,0.00497606471855838,0.000919230940365502,0.0714668601642025,0.00310596500848213,0.0900702664269409,0.13971991494212,0.0979884921167577,0.253118966943666,0.276520409712648,0.0154503735641195,0.0842023514542519,0.00192220574602497,0.0755013603516931,0.0286430598758979,0.128674462172509,0.00252263415372243,0.00459948432353477,0.00113762669680772,0.0633248802330846,0.0151124186092467,0.0967295302339335,0.0498668223369988,1.20888912942987,0.00288911456373379,0.00405848812623031,0.0673990552843267,0.800850083499038,0.0548331165963333,0.0361141966561548,0.000498176986799598,0.0227149834180629,0.00285539697232173,0.0532859105721418,0.0365828143761174
5.24560443951607e-05,0.218416200316595,0.000404124452507973,0.00440720105925794,0.00970334638327135,0.0480451131204437,0.0221268303222752,0.0275415883832275,0.176253459315056,0.0150488686926637,0.140118214689189,0.025504113875512,0.57551629296312,0.00825465532367806,0.0188320653480014,0.0148011609097688,0.000617064361883163,0.00294346116727631,0.000733828120450785,0.0145705037951053,0.00351853841243141,0.245526262804012,0.00459342268960264,0.118367846148726,0,0.0274602675869915,0.363472312605718,0.102983273394396,0.0118959810308651,0.00413212955839336,0.155083678178201,0.0267387351709456,0.000323283309164143,0.0340195206582838,0.00146939155914073,0.0779317389333437,0.00346897131858387,0.00922289254467108,0.00212831743299603,0.332422850706783,0.0165384795362895,0.0256581673599114,0.0337098660747172,0.0982965797632556,0.0116604707198988,0.00749547214995995,0.231247264961643,0.00957930707280601,0.026367964567242,0.000143864694813633,0.0415310682392987,4.99589515986919e-05,0.00521378239169152,0.000577887693220282,0.0249003775930061,0.00573365221088419,0.0146811300770637,0.00703193387636981,0.0475693664514939,0.1527759746875,0.0169954185581128,0.158916618905392,0.0126456163144309,0.00507007338272038,0.00375509034790712,0.00506919911622849,0.0026510728157475,0.00737709928748863,0.0140815396786132,0.000675182900825335,0.01598798391531,0.00172037422702406,0.0142789795589022,0.218456740426627,0.0924219638977736,0.232276277843716,0.0243817679884666,0.00961102854587891,0.00120407482523587,0.0448296526883397,0.013040904083679,0.000259043754221773,0.0176155524550661,0.00129988680222182
