0,8.63140840886834e-05,0.00367297919036919,8.62284833434525e-05,0,0.000616848850070953,0.323016854113086,0.06430650521157,0.00103311351984316,0.00360910277238595,0.00735853359417067,0.000597415888427228,0.00107794650123709,0.797616364182741,0,9.30016739433411e-05,0.0614959080923909,0.00388913818811136,0.0112629816417068,0.000535751337737769,0.0115464492759439,0,0.0411831474352864,0.00167957446275288,0,0.0144136859814647,0.00646693706160021,0.00355193850007745,0.669028710122047,1.12565549848149,0.000775220524292645,0.0010377816522224,0.00648788698654779,0.0281523894031088,0.00271179574116406,0.0172491239163717,0.00192586054453522,0.0122417489159765,0.0029413539374378,0.000624012505985826,0.00179144314789668,0.00223330406588864,0.000984766434970347,2.62144355893731e-05,0.000637317445968151,0.000231972923240096,0.000311265376022548,0.00011375603086698,0,5.63846543398798e-05,4.71202094399333e-05,0.00015059022597009,2.66157416765392e-05,0,0,0.00241160855414322,0.000590850713502019,0.00160371917256555,0.000199821011746257,0.000140936449417234,0,0.000266555502923071,0.000283453853350401,0,0.000176626086121857,2.23390087004602e-05,0,0,7.69413693169357e-05,4.80215181110501e-05,0,0.000155732087131649,0.00644926273902857,7.95331224513055e-05,0,0.000451573330180883,0.00757810726232323,0.000849045617048054,0.000888852477800131,0,0,0.00011215559011963,0.00117499262676403,0.000425883831568718
8.63140840886834e-05,0,0.00362854907667678,0.00024158834662646,0.000102934714054704,0.000595183847709418,0.00122164475104246,0.000236988303925455,0.143300988381697,0.000619415335503071,0.0357185875823706,0.00220655222303924,0.128685127545963,0.000320437436721981,0.00464801524121192,0.122842619949614,0.0036663350664764,7.22770432441238e-05,0.000677353769388497,6.12303025633096e-05,0.00241368352402598,0.510312780472392,0.00145838427683765,0.265231199100398,0.454023610285676,0.0219465453400171,2.2976159889371,0.0169821832728477,0.000284533782723308,0.000393562401589096,0.0253140547311648,0.000328386391260624,7.70909016078114e-05,0.00406535764137453,0.000151920881890654,0.00717481599912906,0.00760140611657266,0.00338140040973315,0.00136319772334179,0.00454226811729592,4.31839824639559e-05,0.0680121698012262,0.00337360719279358,0.00182369521668598,0.0011784302749204,0.00180159424410182,0.000766997268796083,0,0.00171257461683392,0,0.0883707672203368,0.0155687186336277,0,0,0,0.00054839914874959,5.2131419647932e-05,0.00537517090282195,0.000158773352709651,0.0220238826989371,0.000239116862487703,0.0333183448916961,8.49251402432918e-05,0.000399147888792842,0.00746166342566493,0.00100066335852289,0.000629726354186893,0.000559754031538606,0,0.000287258205182373,0.0158914034165342,0.00250786902922022,0.0122380538215985,0.00961388850873159,0.0498010454562114,0.515442181659018,0.00274911784302655,0.000177839655941963,0.00026017976478228,0.0158831076272395,5.33077987681031e-05,0,0.00159004066932622,0.000140462459337115
0.00367297919036919,0.00362854907667678,0,2.222121277529e-05,0,0.000837020316135464,0.0793522729616469,0.0175932424448638,0.00180814506410816,0.00221788697355348,0.00373616292230755,0.000520722540094197,0.000337383256934047,0.0276856488080292,0.000287873075921744,0.0121518189354304,1.28502880983423,0.0147433452900637,0.115374868454102,4.80591038438678e-05,0.187030986217851,0.00534012996566221,3.39441205285453,0.0122966062127098,0,3.42999851083617,2.47539379999176,0.196027651531419,0.0135743304757649,0.245704733899624,0.000256976947214961,0.00083468436325234,0.00218541111040628,0.191828438012074,0.014061452263659,0.45400141422127,0.08933201891353,0.197498574075827,0.20188721526297,0.00162440349139357,0.00236519551528719,0.000358120078101128,0.0170944872739409,0.00587222938076669,0.00405530065352384,0.0074235445424781,0.000557172209777802,0,0,7.86499297412932e-05,0.0047089188207193,0.299511959787526,0.000173367844618112,0,0,0.00271917508503288,0.000229125785461992,0.00107506822992992,3.67504769364596e-05,3.02466123491227e-05,3.24698553554415e-05,0,0.0003790293702133,0,0.0203065062166909,0.00619146040146717,0.000218061381461918,0.0025831009719209,0.000103787172383458,0.00447318046873095,0.00327438784735656,0.0479247606825492,0.00733851838697727,0,0.0287478032463694,0.796454477566043,0.0100518885070058,0.000165106353230446,0.00169767202808145,0,0,0,0.00531398527806618,0.0100043162914771
8.62284833434525e-05,0.00024158834662646,2.222121277529e-05,0,0.000340627760757804,0.00334162135765004,0.0771580334547463,0.0116938616866362,0.290229483008812,0.484280989225155,0.00360055720914891,0.346673604349972,0.000111318900186777,0.0155448349949194,0.00306082984281477,0,0.000196529468147516,0.00125001019417212,0.000937847465979667,1.02228474846411,0.000133948611939639,0.000463378501077056,0.000144430005013823,0.319175813435479,0.000113107386873603,0.00253689756590542,0.000785662047850161,1.09550131196359,0.0084223525303092,0.000894390661873641,0.000129944573042929,0.00295560854675743,0.000503633592473358,0.0115794918343359,0.0051056843073459,0.0464081777068803,0.000888604971181957,0.0110421565217266,0.00317195149814531,0.0110799733076314,0.0071686055596176,0.00409217765825814,0.00637251215001935,0.000228058235843539,0.00417500627669448,0.00108974275920385,0.0211630180683822,0.00110600636585736,0.000550004529465437,0.000109777669107646,0,0,0.170820824262576,0,0.00926724165662974,0.00669724740048259,0.0207662964694974,0.073569262697696,0.107838583767482,6.75130125176906e-05,0.0803097414722439,0,0.00817998190747201,0.00131160799047679,0.000118927887780607,0,0,0,0.0533895333697179,0.000187391277402848,0,0.000151717053153038,0.0479717902463448,0.000106149088391304,9.99658835166392e-05,0,0.0877292789636995,0.00305079046890422,0.000359325099162757,0,0.000152848114594698,9.58952856941226e-05,0.00862275989430116,0.000330969369315594
0,0.000102934714054704,0,0.000340627760757804,0,0.105204156076412,0.00158214697412697,0.00370953075178951,0.010263686533067,0.00258245890357906,0.000621596412864089,0.0225849207539989,0.000189861860372841,0.000995691196903854,0.3277851245073,0,0,0.000175216876266599,3.05373277463019e-05,0.000576764799683005,0.000221960121463298,0.000204254434926748,0.000214280756292463,0.00231269540033954,0.000175186020495027,0.000186389786746711,0.000364496425250948,0.000330807263868749,0.000317880738641024,0.000633441807160556,0,0.087133245606006,0,0.0555061293960184,0.0311600168324643,0.00991667287235905,0.000457165584380209,0.000727921912241995,0.000256821773360729,0.982597128581079,0.325035217658102,0.000589118673310697,0.000231570419709504,0.000450148442458093,3.8863557205081e-05,0.00118393786040521,0,0,0,0,0,9.37965665167569e-05,3.50156447679401e-05,0,0,0.000264680615137935,0,8.69673121094703e-05,0,0,0,0,0,0,7.0664691843867e-05,0,7.18508192234039e-05,0,0,0,0,0.000184347370042443,0.00072902965028387,0,0.000352664001200795,4.12231050730943e-05,0.000476968562214852,0,0.000448578289622545,0,0,0,0,0.058609047233426
0.000616848850070953,0.000595183847709418,0.000837020316135464,0.00334162135765004,0.105204156076412,0,0.598541367970928,1.29183414609504,0.0222021734680288,3.55951488230628,0.0197581456145093,0.590094941567859,0.00268172238571087,0.041143122669664,0.14056307109528,2.20198591655791e-05,0.00453471634774619,0.00471435042615553,0.00287187489564207,0.0157351332822716,0.00131944162730436,0.000938885394304306,0.00343132195576888,0.0160765589518435,0.000614395074515641,0.00891212873754362,0.00195117002151424,0.0181618383760254,0.0102893783164918,0.0167184511110865,0.000896438923830089,0.380677883327929,0.000601493792300612,0.0186564641077434,0.371473647878135,0.129187349301201,0.00263022753274891,0.0198625718719134,0.00736427424905627,0.420928038172151,0.0522605290021281,0.0152132184773859,0.0135523419846791,0.000891935820552527,0.00700701389212805,0.00234166225634354,0.0107086143690849,0.0026456124484213,0.000240264035921573,0.000426676205807507,0.000214105452220916,0,0.0240302532390358,0,0.00392814761120838,0.0240015725061717,0.0150718564849682,0.00550641825727767,0.0225231156868211,0.000378145617873371,0.00880379180479576,0.000519080478929221,0.00924309233156081,0.00099719532575396,0.000145784609802902,6.37168000090718e-05,0,0,0.00537516814993656,0.000288098121217102,0,8.74834678348898e-05,0.042168841477419,8.73741465995309e-05,0.000345246765037179,0.000237452553976059,0.0437046061943928,0.00547265878621474,0.00078434935152352,0,0,0.000945689097079453,0.0129844846374455,0.0272681677929193
0.323016854113086,0.00122164475104246,0.0793522729616469,0.0771580334547463,0.00158214697412697,0.598541367970928,0,2.54445755413279,0.249050847861318,1.2638533702418,0.106109685408468,0.0439272914810108,0.013859970000791,1.96901811512945,0.0251590436325382,0.00179572152890056,0.0911573884359399,0.0457397260672847,0.0368025381842767,0.0297400048791547,0.120271840409245,0.00409335741573244,0.126260830858649,1.3704950163358,0.0034346023726081,0.154372377293536,0.042583537636211,4.89696326805459,0.506856221415018,0.920757131999155,0.00575245464741621,0.0539368074586452,0.0590299899278593,0.330520182296759,0.115205401740258,0.66259691066956,0.0272347633597172,0.336842135428774,0.0777175992613463,0.0729818008169848,0.129107520272373,0.0503938045632824,0.0835077130786045,0.00315106569814488,0.0400855512248582,0.0127760343484105,0.0385409720630467,0.00866669934834879,0.00277004822824868,0.0044960573702527,5.25838310568333e-05,0.00221708215372142,0.0557300195864226,0,0.0075723253635357,0.181945508751854,0.0516416332932904,0.0447799310516741,0.0518481925208242,0.00139506382648754,0.0118110796128602,0.00232067673111486,0.0434535870250978,0.0031059403348088,0.00687031354490894,0.00189917680165136,3.92067831711769e-05,0.000261654926611781,0.0156397019709281,0.00477555745058325,0.00139198855516222,0.00615158256235892,0.322688807164118,6.85355880539417e-05,0.000674662488542318,0.00657283760846949,0.366664140198813,0.0532220902323893,0.0480491034959141,0,0.000270075402275026,0.00525112222435767,0.0554030101398836,0.0162313112010589
0.06430650521157,0.000236988303925455,0.0175932424448638,0.0116938616866362,0.00370953075178951,1.29183414609504,2.54445755413279,0,0.0292555448989503,1.0582407848137,0.0859331217783395,0.254510094571341,0.0117751017029668,1.43247252760979,0.0372595960584151,0.00034253392403695,0.131423840111757,0.0267267201715415,0.0276343003991062,0.0218498953728051,0.0221945744323832,0.000242063266679824,0.100767895496115,0.0199618270583546,0.00216653185318646,0.0726822383343472,0.0222460153540981,0.0600176025912091,0.114143099674837,0.639804903360278,0.0028216092492185,0.242338939563282,0.00801802692494834,0.0669080912637326,0.00897561222125641,0.152763656079846,0.00992773556660742,0.0397589719845593,0.0144817759271628,0.137887300682358,0.0392478442819061,0.0227643363586495,0.0446801510619907,0.00115146609983909,0.0237934713336191,0.00594117120047405,0.0326521957300616,0.00530491031109992,0.000912366709326595,0.00176529370550382,0.000176910009833902,0.000340148602330804,0.0493899114940942,0,0.0104987507244068,0.0776167143708628,0.043924503548786,0.0136708302337807,0.0446331241893566,0.00153489490806019,0.00994619125804866,0.00315266231612611,0.0230643001874945,0.00235983408168167,0.000823934856011269,8.576773097983e-05,5.49111261359453e-05,0,0.0104835712278908,0.000637729500241667,3.74522940018177e-05,0.000517342690186471,0.142624302577937,0.000393474848311543,0.000379327632384509,0.00165037658246625,0.135904460891098,0.0200066430739092,0.00381144605880087,0.000482169414953559,0,0.00277599522814906,0.0452535752702162,0.00236999106223079
0.00103311351984316,0.143300988381697,0.00180814506410816,0.290229483008812,0.010263686533067,0.0222021734680288,0.249050847861318,0.0292555448989503,0,0.173655254935644,0.0140778931125141,0.34511316355627,0.0174527010612487,0.0343296052788822,0.156306099440964,0.0078829065755249,0.00599283126565188,0.00404478276105726,0.00298187590029338,0.155338459337716,0.00699781995236778,0.500213997924616,0.00743151235777944,1.86626661786685,0.140143886900012,0.0130084506034755,0.301565199650035,0.359569722614918,0.0482108570137251,0.0264673100480901,0.00399422587252599,0.00877130105796169,0.00871228625822914,0.0222992538770605,0.0194928151826241,0.0619862193552053,0.0033789378056044,0.025771758949053,0.00738444832530736,0.155493014179536,0.0114900170016245,0.00776857492619633,0.0217050423863322,0.0010320883642484,0.0111281361466987,0.00396614761418712,0.012854626016974,0.00334039907241696,0.000929672912688136,0.00210661430661622,0.00256352133785978,0.00122235965768698,0.139127179527854,0,0.00567379295104441,0.0660345507933485,0.0271007324163409,0.208001345909901,0.0492821150342261,0.0065465908542524,0.0283665583959574,0.00454035492366594,0.0250008163181456,0.00209184788899034,0.0208436454016463,0.000535899232288152,0.00666308909023055,0.00364969374460569,0.0227313333364651,0.00862701194183698,0.0242844853414146,0.0017811361062887,0.505344796980362,0.000262757162997782,0.0117877611571614,0.0110611208735558,0.177763542045145,0.0304009067264227,0.0152639128373604,0.000905103498952892,8.41051178176402e-05,0.00199927362416637,0.0194999470198748,0.00906609992856638
0.00360910277238595,0.000619415335503071,0.00221788697355348,0.484280989225155,0.00258245890357906,3.55951488230628,1.2638533702418,1.0582407848137,0.173655254935644,0,0.118644379680189,0.269422250713676,0.0136496178321146,0.380619652149988,0.0199613070942653,0.000183817832578123,0.00723036081150287,0.0407657558848371,0.0198907354450101,0.538388297968189,0.000753632851675365,0.000300999712051571,0.00411680321192691,0.0850062960126881,0.00251255463563212,0.0772207249736556,0.0154118107763849,0.537014886599712,0.112333411696645,0.0221335439362174,0.00575371640919054,0.109160627545309,0.0017389793780317,0.208375257983002,0.0858608154810588,0.773835212311686,0.0197307005486172,0.251627898417022,0.0605583453319592,0.158223167613124,0.155163688741618,0.0693506361350058,0.0325463478768754,0.00127606263541764,0.0164400174508272,0.00599266511934784,0.0430710181119052,0.00573758093515596,0.000971753876930177,0.00134956982340324,7.51161116526129e-05,6.28336175863743e-05,0.273880742152134,0,0.0227240158090701,0.0344704923059824,0.0687511974169216,0.0792698678616671,0.209522404750095,0.001189740195972,0.113498904187901,0.00213947604693606,0.029253982200303,0.00482305571060685,0.000546068769533545,3.07800445907712e-05,0,0,0.0823334215817134,0.000646578849937886,2.58600931510628e-05,0.000260047517237484,0.123662248667389,0.00015110688783139,0,8.57419303946793e-05,0.184126852484367,0.0126605508449199,0.0019581455389038,4.52271172227859e-05,0.000228166195038438,0.00147882781283635,0.0367281712812906,0.00503233345979601
0.00735853359417067,0.0357185875823706,0.00373616292230755,0.00360055720914891,0.000621596412864089,0.0197581456145093,0.106109685408468,0.0859331217783395,0.0140778931125141,0.118644379680189,0,0.0532230546640231,0.617025309064339,0.240471112000255,0.00690939319950309,0.00117590783153978,0.0347233561605354,0.734466736599723,0.153677999777527,0.00699068476145258,0.00685073816979608,0.00820477249847231,0.0227966708411739,0.00856320449824104,0.159358709268787,0.462565986012674,0.0916042957302966,0.020875239265412,0.119395996736673,0.0282776836614015,0.180426881316419,0.176731808607655,0.00116458440941644,1.13660495273746,0.0115553666145026,0.14496616557888,0.356923584560844,0.771735747501522,0.129017269634172,0.0452032282099844,0.0125610271863131,0.349904279360478,0.00544902049378848,0.0166345877287035,0.00567561856876474,0.00468286488369822,0.00816257267871171,0.000307390459384441,0.0523779868881963,0,0.0763002345324295,0.000323682870518983,0.000108799890711784,0,0.000204848741324127,0.00104120607706452,0.00135615537749878,0.0127908087592799,0.000167082215123832,0.488543684388841,0.000608935090493202,0.828402683844111,0.000587571136107683,5.67785000664592e-05,0.000297288499509007,0,0.0144852410342194,0.000303316300093591,0.000312858710292935,0,0.0162350316598398,0.000206721304176152,0.016153936655554,0.0956182339638174,0.315951361425296,0.165663314778652,0.00223925477539468,0.00129605067587051,4.1668944945395e-05,0.312126195973237,0.000149661713524103,0,0.00703205312135109,0.00378712808966786
0.000597415888427228,0.00220655222303924,0.000520722540094197,0.346673604349972,0.0225849207539989,0.590094941567859,0.0439272914810108,0.254510094571341,0.34511316355627,0.269422250713676,0.0532230546640231,0,0.00658931088705534,0.0828187507021563,0.260863021087737,9.3864240587473e-05,0.00300370311303237,0.0148023481400515,0.00609167855183729,0.719820409414601,0.000290616383833051,0.00459960969147247,0.00159611713096657,0.167321412898107,0.00279016108057532,0.0247727565227451,0.0068203203497841,0.0794535012745841,0.0288300183396471,0.00540066963552865,0.00108936510159561,0.0720283706843407,0.000199214634213865,0.0416072398729731,0.281046789054966,0.233055323839958,0.00767281340645463,0.0454118601503641,0.0155491803175371,0.449717900943999,0.0366923572791817,0.0264216876469742,0.00945725400807119,0.000886877436834458,0.00431665218870932,0.0014084099753949,0.0253461217455658,0.0015090315085662,0.000512465733549625,0.00010502228589791,0.000202309474069119,8.53069642139674e-05,0.130915083996216,0.000159587902283907,0.0115481397985907,0.00667229633560356,0.0143673795356482,0.0291279118176137,0.0676565046508596,0.00113149845501625,0.111766956107136,0.000928719371205597,0.00620382327443773,0.00297413307885083,0.000163005619796872,0,0.000205843384743631,0.000133568740501285,0.03793073548117,0.000319108052313507,0,8.64120666458312e-05,0.0281555945435518,0.000228683247817695,0.000641004590309352,0.000234241940681696,0.0603600049692961,0.00192792316758293,0.000655805235888541,0,0,7.50844925622938e-05,0.00659749817809987,0.012242274614215
0.00107794650123709,0.128685127545963,0.000337383256934047,0.000111318900186777,0.000189861860372841,0.00268172238571087,0.013859970000791,0.0117751017029668,0.0174527010612487,0.0136496178321146,0.617025309064339,0.00658931088705534,0,0.026268339083326,0.00163780970998865,0.000793044000581979,0.000441656231292307,0.00786970479056148,0.000576036488667488,0.000896243631506173,9.09180359692571e-05,0.0442332405168429,0.000323431514387667,0.0134005495687164,0.515350625957678,0.0366773977377979,0.237562393391687,0.0024922506244246,0.0115203447397369,0.00232045065708804,0.215308186260246,0.0211857689112077,0,0.20634759193208,0.000785617995511356,0.0162506709334819,0.0727022756170898,0.295346538208066,0.00981135416160432,0.00734756541976937,0.00332182713020525,0.363260939903563,0.00314342459561217,0.014101735620481,0.00574030229816764,0.00295301217050385,0.00228816299007511,0.000262937742404282,0.0378321269573853,0,0.0798021901123522,0,0.000142358255060554,0,0,0.000131457822626204,0.00063501135304454,0.00821936032420083,0.000207718009173513,0.587862457629327,0.000125189070500344,0.98106114100795,0.00192274012218588,0,0.000422101992496133,0,0.0139578428622451,0.000233619113733172,6.46294494158626e-05,0,0.0148600522247942,0,0.00610165593438974,0.158659120824643,0.298854140462083,0.237733711785135,0.000600118999685257,0.00313033231294089,9.3567826017976e-05,0.345993909556055,0.000901444101556781,0,0.00985218493318612,0.000183071171050728
0.797616364182741,0.000320437436721981,0.0276856488080292,0.0155448349949194,0.000995691196903854,0.041143122669664,1.96901811512945,1.43247252760979,0.0343296052788822,0.380619652149988,0.240471112000255,0.0828187507021563,0.026268339083326,0,0.0102976402430329,0.000503535587284118,0.258223255945878,0.0670419654634105,0.0801049040572533,0.0200446001664411,0.0428411052357693,0.000467484485204518,0.179139443503398,0.0343412011872812,0.00449762007095751,0.165258882271633,0.0472383566666116,0.085319851291458,2.03912944341546,1.82451792212559,0.00768631088587546,0.0822268782525626,0.0225247717068434,0.442309349116409,0.0156264498892259,0.212401262691384,0.0170629459042844,0.089775193982475,0.0267766035866168,0.0552305403901795,0.0467993757440807,0.0282142829555949,0.0384814683381107,0.0016514991856778,0.0180365574778682,0.00398810832129344,0.0246582174790957,0.00436724790979594,0.00112489845958841,0.00117168262360788,0.000378719464859366,0.000897422936338634,0.0225155337198879,0,0.00516824148421291,0.0735468410345372,0.0254994963752118,0.0139033045010706,0.0238003877874203,0.00298936996623775,0.00450176995517153,0.00759826503112309,0.0141325598676054,0.00138051070398623,0.000924227699192079,0.00021430175270167,6.01385139740706e-05,0.000151600481418311,0.00639990452634325,0.00106368256338054,4.13732916371823e-05,0.00066374828345111,0.140490250881822,0.000746370713239851,0.00121695859323049,0.00403028455635649,0.126727311875976,0.0163349632742539,0.00696652877226116,0.000584207857006401,0,0.0020392974875912,0.0342441537634951,0.00199398814180493
0,0.00464801524121192,0.000287873075921744,0.00306082984281477,0.3277851245073,0.14056307109528,0.0251590436325382,0.0372595960584151,0.156306099440964,0.0199613070942653,0.00690939319950309,0.260863021087737,0.00163780970998865,0.0102976402430329,0,0.000351020401053548,0.000793127986218811,0.00110275362806696,0.00107888599642021,0.00617575857889449,0.00119957600038526,0.00590840217560625,0.0019752900195066,0.0703751640883602,0.00345056464735571,0.00306300476630416,0.00790909492248426,0.0158681800012206,0.00580289105297571,0.00535739374002319,0.000219566294205398,0.0307871325135331,0.000587170642718375,0.0056367624081389,0.0955937488011318,0.0181651039091778,0.000712336593507766,0.00728196360720009,0.00190172025378597,0.570567082828925,0.00839312133558281,0.00412313699428361,0.00126054295180836,0.00225144509512162,0.00072882408504754,0.00468940713848639,4.61180357061028e-05,0.00010568469843322,0,0,0,0.000195010690161347,6.83405858322978e-05,7.83202892029285e-05,0.000417717958713293,0.00148414378062603,0.00010039852476424,0.000760892698097169,0.000152060894300551,0.000204658664668739,0.00085507044871363,0.000373598135120392,0.000618229407697439,0,0,0,0.000892595060479996,8.68455432233812e-05,3.64128760740161e-05,0,0.000137991610954404,0.000377416712251067,0.00333238544358855,3.97822185185552e-05,0.00226116063259673,0.000739731807073056,0.00206017491783243,0.000427404650558114,0.000253156366115391,0,3.13581217205524e-05,6.02108502557874e-05,0.000416227213659555,0.256889968749345
9.30016739433411e-05,0.122842619949614,0.0121518189354304,0,0,2.20198591655791e-05,0.00179572152890056,0.00034253392403695,0.0078829065755249,0.000183817832578123,0.00117590783153978,9.3864240587473e-05,0.000793044000581979,0.000503535587284118,0.000351020401053548,0,0.0171294809182577,0.00295185372423059,0.00768625714288625,0,0.635222927730943,1.22717653899042,0.470680505157094,0.452206986367452,0.013694501548487,0.0268578451727917,0.957210630633616,0.420873288783177,0.00020825715498972,0.00555625941617924,0.000575601728233069,0,8.97658443832993e-05,0.0484807271490959,0.0449444498881348,1.3672491878598,0.186030487178606,0.245030660149984,0.155951304906036,0.00564207867220324,0.00288184195178807,0.00589804091573513,0.0172361620933099,0.00378798926135212,0.00431776473504207,0.00698186234600356,0.000863214146233587,5.06818835192323e-05,0.000136230862982809,0.00148324149877495,0.00546464443521684,0.0162268053757579,0,0,0.000184634894314617,0.0126391530144072,0.00890783763627521,0.00358635593955577,0.000102659425514579,0.000245632281786859,4.67253658438325e-05,0.000175163976837188,0.0121082318157373,0.000239814225145817,1.79034569053413,0.00259808816972149,0.000153083212653935,0.0004975731378946,0,0.269330891604976,0.163878409132805,0.62413412257028,0.351160848001672,7.40919148355721e-05,0.00408677828709364,0.233617098343301,0.265341820364284,0.0072865178507762,0.104941696712656,0.000136200354922474,0,0.00079917586352667,0.00540536099460691,0.0180645857696911
0.0614959080923909,0.0036663350664764,1.28502880983423,0.000196529468147516,0,0.00453471634774619,0.0911573884359399,0.131423840111757,0.00599283126565188,0.00723036081150287,0.0347233561605354,0.00300370311303237,0.000441656231292307,0.258223255945878,0.000793127986218811,0.0171294809182577,0,0.070728612067294,0.562528630767869,0.000677492561722874,0.151846128131144,0.00422276139039033,0.965471123964531,0.0151332333961676,8.05579611967803e-05,1.26489169876459,1.46893437365839,0.0758066107069751,0.253458936389713,0.745218223013144,8.91456427574751e-05,0.0061247408659884,0.0640748034022778,0.699530213891658,0.00900414225730556,0.260520151492738,0.165095384457324,0.247981910599336,0.129583073036737,0.00293876274393335,0.00399674078764975,0.00272854920093688,0.00694218694273057,0.00149400700484777,0.00204096506129653,0.00204015381189281,0.00141970644681132,0,0,0,0.00117318834493428,0.0765112503234291,0.000152152346470356,0,0,0.00253787137339783,8.23821777848601e-05,0.00184782917456433,0.000254732390950144,0,0.000131756806966901,8.13533022971156e-05,8.49445091993214e-05,2.56245362775922e-05,0.00648571076891423,0.00166598925928507,0,0.00104954157333633,5.49222693551779e-05,0.00137234276132309,0.00162161022622484,0.0112050606674517,0.0101706278077342,0,0.034260934667766,0.20490749436931,0.00993659146315069,0.000351944777999043,0.00128687166094637,0,0,0.000126897157708227,0.00279743143446031,0.00447561697599989
0.00388913818811136,7.22770432441238e-05,0.0147433452900637,0.00125001019417212,0.000175216876266599,0.00471435042615553,0.0457397260672847,0.0267267201715415,0.00404478276105726,0.0407657558848371,0.734466736599723,0.0148023481400515,0.00786970479056148,0.0670419654634105,0.00110275362806696,0.00295185372423059,0.070728612067294,0,0.324870669220922,0.00236333936687443,0.00760343942694599,0.00025420547057867,0.0318593512519473,0.00261059024240407,0.00188265506569857,0.235183003137194,0.0452467264349342,0.00939268968970187,0.0390933535403442,0.0273945322282106,0.0121728813151295,0.0269850795507317,0.00228473513544229,0.472388368784596,0.0199942445615658,0.209874198983531,0.383981262207508,0.415996986726104,0.181719790711382,0.0102902884095009,0.0034618700502187,0.0116112390963653,0.00064920190325582,0.0013865881470364,0.000413997639839798,0.000867158800577727,0.000261190059322298,8.40649232218262e-05,0.00161433304567784,0,0.000598809070646257,0.00144936020121696,0,0,0,0,8.53885796535012e-05,0.00106003583789861,0,0.0104375415684474,0,0.0136040863708602,0,0,0.000457867738869488,7.71746033147576e-05,0.00313964087190354,0.00045895343531099,0,0,0.000198233594739258,0.000142798422507554,0.00141706923197603,0.00127137478842861,0.0817418409523747,0.0723883046443938,0,0,0,0.0178980561500186,0,0,0.000839776339167683,0.00573891488095975
0.0112629816417068,0.000677353769388497,0.115374868454102,0.000937847465979667,3.05373277463019e-05,0.00287187489564207,0.0368025381842767,0.0276343003991062,0.00298187590029338,0.0198907354450101,0.153677999777527,0.00609167855183729,0.000576036488667488,0.0801049040572533,0.00107888599642021,0.00768625714288625,0.562528630767869,0.324870669220922,0,0.00141966359191593,0.0437707753215033,0.000335148362515152,0.194533638074368,0.00320659560008484,4.28668945069313e-05,1.39086239839328,0.293830186775161,0.0224337230888455,0.068447676979471,0.139660228922972,0.00110291669434899,0.0123459025327952,0.0123731804648011,0.596875424275188,0.0137768236545267,0.233917812882761,0.288016556267708,0.2715869698124,0.152481514892989,0.0052571899788149,0.00213759875809169,0.00135999576167905,0.00245455569587683,0.000564439592686325,0.000951321967654495,0.00111821957074448,0.00016574788251701,0,5.01596788527966e-05,9.78447153612377e-05,0.000776360663260755,0.0143090731924139,0,0,0,0.00018886606065917,2.43048384045958e-05,0.000679483132418752,0,0.000179756211466372,0,0.000250832309482932,0.000106521480951905,0,0.00214879710498601,0.00104984051241284,0.000365766237877726,0.00320158190034669,0,0.0001919591146366,0.00104380168382695,0.00285602337618148,0.00200048133433205,3.10832981670499e-05,0.0759089058833671,0.103791602257514,0.000665186365683675,0,0.00014416298747468,0.0003245906951752,0,0,0.000836954078173877,0.00359215416636908
0.000535751337737769,6.12303025633096e-05,4.80591038438678e-05,1.02228474846411,0.000576764799683005,0.0157351332822716,0.0297400048791547,0.0218498953728051,0.155338459337716,0.538388297968189,0.00699068476145258,0.719820409414601,0.000896243631506173,0.0200446001664411,0.00617575857889449,0,0.000677492561722874,0.00236333936687443,0.00141966359191593,0,0,0.000229726274535477,0.000334940219277769,0.0834137141153448,0.000146582310813218,0.00396752404454297,0.00116846985614982,0.194042551240614,0.00865068549094805,0.00130638995380768,0.000378360834668308,0.00585547900307334,0.000322650849170416,0.00846322520829594,0.00457158251376578,0.0660906347638833,0.00136069935227746,0.01455843754736,0.00343714070783239,0.0275860947113158,0.00982308346972737,0.00679716852183571,0.00915227162181802,0.000940058734551731,0.00491943259282154,0.00123373228197885,0.0214470170732832,0.00253081017090705,0.000359746294744074,0.000317753161537081,0,0,0.153151745668103,0,0.0103488809849207,0.0130336258639178,0.0254435834271682,0.0421934845318675,0.0947431831037236,0.000207057137677938,0.0722896009876381,4.46128040558696e-05,0.0110192811056931,0.00242976980206442,7.13954286081793e-05,0,0,0,0.0423221122442787,0.000395080599370718,0,0.000146242745073676,0.044456683445668,0,0,0,0.0725060078294223,0.00408382048455689,0.000503846521369517,0,9.27245295716525e-05,0.000269584503964543,0.0122102016228842,0.000622471632905245
0.0115464492759439,0.00241368352402598,0.187030986217851,0.000133948611939639,0.000221960121463298,0.00131944162730436,0.120271840409245,0.0221945744323832,0.00699781995236778,0.000753632851675365,0.00685073816979608,0.000290616383833051,9.09180359692571e-05,0.0428411052357693,0.00119957600038526,0.635222927730943,0.151846128131144,0.00760343942694599,0.0437707753215033,0,0,0.0760594754133176,2.67030768153081,0.0130843520960504,0.000438261775455236,0.104402882115062,0.144138439156112,2.0743408553101,0.0531011388833104,2.97010376297271,0.000224573782462954,0.000615763772925794,0.0229103997649668,0.884933402707509,0.102535931091939,1.3663347442404,0.0858547568617366,1.25571367196788,0.494489422039818,0.0120957716144828,0.0107726703850648,0.00441417316433588,0.00751827397914728,0.00164566031368428,0.00112891977294388,0.00149551245664653,0.000655212902598112,0.000102265289685726,0.0003932760274387,0.000464651519231081,0.000175071734601617,0.00509029125852254,0.000214313515217244,0.000114559861059367,8.61658089076577e-05,0.0092769823537903,0.00334072008498452,0.00193287400359869,0.000369228190843701,0,0,4.63283948310614e-05,0.00422702751920247,3.67084306240082e-05,0.20286879975745,0.000856227580268085,0,0.000372043773312837,4.70047754822075e-05,0.0873718416505567,0.0170340810511201,0.0605118406022677,0.14897392877154,0,0.00077062454713839,0.0391373144701898,0.143133714108581,0.00366652454441008,0.0762919646548229,0,0,0.000379201291815788,0.0020529986496698,0.0213315472930703
0,0.510312780472392,0.00534012996566221,0.000463378501077056,0.000204254434926748,0.000938885394304306,0.00409335741573244,0.000242063266679824,0.500213997924616,0.000300999712051571,0.00820477249847231,0.00459960969147247,0.0442332405168429,0.000467484485204518,0.00590840217560625,1.22717653899042,0.00422276139039033,0.00025420547057867,0.000335148362515152,0.000229726274535477,0.0760594754133176,0,0.0525653451042273,1.06923411369819,0.2559844646459,0.00994969721603179,1.5589609841546,0.140675856106517,0.000413666375963182,0.0018387290407115,0.0124519058972596,4.14118937566877e-05,0.000260358663241565,0.00431407255403161,0.000549928267544449,0.0198317865499301,0.00430817502994234,0.00792656518999737,0.00310858827931327,0.00627269237517526,5.19293973627686e-05,0.010981787530755,0.00878217202135452,0.00154248010932508,0.00282292557079482,0.00326460889270154,0.000520173485536515,0.000235625839627981,0.000626983274653971,0.000283256030347079,0.0615668398881874,0.0131974136117881,9.48218928809465e-05,0,0,0.00596101481320158,0.00155601729366556,0.00712163412120727,0.000225658900757373,0.00724711628553195,0.000122765471753836,0.0119008059333806,0.00274120874154487,0,0.376479228581568,0.00183033866573092,0.0005229498856816,0.000961915253792701,2.50098342501819e-05,0.0539214335915487,0.0841267237420116,0.0604266659185179,0.15760982827016,0.000903322791533412,0.01448826370239,0.518069167883183,0.0846207954462834,0.00295140993976375,0.0217754504487672,0.00586404879293639,0.000110171716465592,0.000137397641980946,0.0021389673700884,0.000880859038855465
0.0411831474352864,0.00145838427683765,3.39441205285453,0.000144430005013823,0.000214280756292463,0.00343132195576888,0.126260830858649,0.100767895496115,0.00743151235777944,0.00411680321192691,0.0227966708411739,0.00159611713096657,0.000323431514387667,0.179139443503398,0.0019752900195066,0.470680505157094,0.965471123964531,0.0318593512519473,0.194533638074368,0.000334940219277769,2.67030768153081,0.0525653451042273,0,0.07785857989478,0.00016141363727963,0.884567949391228,2.61856151466491,1.02328109151876,0.15030767581001,1.58402361457425,0.000956115533261297,0.00348669862815708,0.0409542533530697,1.15832611755968,0.175484958427591,3.22835863469743,0.538759297369204,1.90640688808989,1.02232160708953,0.0250297532195467,0.0154570206006318,0.00624276801295766,0.0324421720332846,0.00778393332734391,0.00948921190081068,0.015505083821459,0.0017666158908495,0.000189783106864244,0.000117917377206982,0.000774054531245349,0.000880406376436087,0.0580279290705601,0.000808969607225242,0.000176455180906057,0.000186793997971534,0.00615959786596215,0.00447095382576714,0.0022515005272879,0.00026172227971828,2.98421027921736e-05,4.02614263246656e-05,0,0.00537811174774924,0,0.946551708926046,0.0052178003921198,0.000327157900719345,0.00274039005647013,0.000134330639599144,0.111903081140398,0.0354877085257572,0.631234863941377,0.123453728169489,0,0.01136710683879,0.697815051346516,0.115475004321092,0.00288078342825949,0.0448800726569272,9.13893678072693e-05,0,0.000425014063804328,0.010225215299066,0.0709429081496276
0.00167957446275288,0.265231199100398,0.0122966062127098,0.319175813435479,0.00231269540033954,0.0160765589518435,1.3704950163358,0.0199618270583546,1.86626661786685,0.0850062960126881,0.00856320449824104,0.167321412898107,0.0134005495687164,0.0343412011872812,0.0703751640883602,0.452206986367452,0.0151332333961676,0.00261059024240407,0.00320659560008484,0.0834137141153448,0.0130843520960504,1.06923411369819,0.07785857989478,0,0.142444607008133,0.0140914447505317,0.686794716729273,1.60016676878875,0.0702601446230021,0.0506475816206998,0.00398244530888647,0.00751437699621928,0.0477101941919773,0.0640799879146459,0.0564090060370026,0.345259765647532,0.0226871041669473,0.093146946942354,0.0388175922981109,0.111313295050802,0.0179786601428336,0.00900853306014144,0.169363767436132,0.00628673962103596,0.0932251160306635,0.0275669688157272,0.0747058387778236,0.0231428451619369,0.00587372388892013,0.00941233942152504,0.00771160052685437,0.0109220771213228,0.209839951476089,0.00033286194099462,0.016978818214041,0.323515142953864,0.135992586840825,0.298698013152782,0.167043938054666,0.0131499452528732,0.0457291248228798,0.0014972803604742,0.122930882844073,0.00844864906278446,0.14185934760034,0.0036150378184267,0.00407988643437669,0.00381408017303953,0.0500834849206705,0.0347917497857046,0.0448367920457168,0.0557265091184807,1.47362780743289,0.000845696596164882,0.00642086107220656,0.103581238468288,1.00325502076678,0.140391316752184,0.103497211614302,0.000872216881848752,0.0013704895509674,0.0114948947154077,0.147074816705902,0.0368710900406901
0,0.454023610285676,0,0.000113107386873603,0.000175186020495027,0.000614395074515641,0.0034346023726081,0.00216653185318646,0.140143886900012,0.00251255463563212,0.159358709268787,0.00279016108057532,0.515350625957678,0.00449762007095751,0.00345056464735571,0.013694501548487,8.05579611967803e-05,0.00188265506569857,4.28668945069313e-05,0.000146582310813218,0.000438261775455236,0.2559844646459,0.00016141363727963,0.142444607008133,0,0.0184652321169662,0.288958904672514,0.00528337790605188,0.00233278585923964,0.000791148087583156,0.0597348960042802,0.00340862519541403,5.96378015654087e-05,0.0379097786102275,0,0.00211958364970499,0.00388207001287872,0.0450154540428451,0.00047799395853278,0.00684599091973731,0.000380066977573723,0.169933623404914,0.00113350586810368,0.00266351671922245,0.00128706190631372,0.000816309309955773,0.000245561426878452,0,0.00569617021209568,6.93930563049313e-05,0.055491562179896,0.000135487320569217,0,0,0,0.000190341856187254,0.000415520586245865,0.00263690052284661,0,0.0981405803782707,2.77058143416941e-05,0.31909078869757,0.000359233114110052,0.000349379311011076,0.000172391164907455,0,0.00136568888711348,7.18264835518599e-05,0,0,0.00650745631683457,0.000270641521430254,0.00366867023340869,0.12337988802022,0.0528330635695547,0.207162485612896,0.000789024730287196,0.00029291461930573,0.000141793670772672,0.0642404571147164,0.000251625383259118,0,0.00162641621273535,0
0.0144136859814647,0.0219465453400171,3.42999851083617,0.00253689756590542,0.000186389786746711,0.00891212873754362,0.154372377293536,0.0726822383343472,0.0130084506034755,0.0772207249736556,0.462565986012674,0.0247727565227451,0.0366773977377979,0.165258882271633,0.00306300476630416,0.0268578451727917,1.26489169876459,0.235183003137194,1.39086239839328,0.00396752404454297,0.104402882115062,0.00994969721603179,0.884567949391228,0.0140914447505317,0.0184652321169662,0,1.50748454852475,0.0752282117323823,0.0931416668340857,0.28743312053539,0.0398218148020912,0.035575631533513,0.00810718478697814,0.766306923607028,0.0927786254507344,1.67376681924241,1.25503532696841,1.00325306878997,0.788239954800123,0.0175399335721001,0.00816401744152637,0.0315592686375374,0.0400914540242824,0.0293421047860779,0.0154461080867751,0.0178173468459636,0.00235861016899541,0.000273365042720557,0.0101023767544587,9.83319513877036e-05,0.0315323614459494,0.203240892523069,8.47794410058561e-05,7.0990890246749e-05,5.30603209544122e-05,0.000747932881061766,0.000668170125172764,0.00712363305960486,0.000258355690159142,0.0654497820719472,0.000114533630464464,0.0994138541658929,0.000607538276852101,5.23407726735174e-05,0.011903820894295,0.00939894201504373,0.0309536699124729,0.0497236211900573,8.79256001589895e-05,0.00171054187020543,0.0125412612407539,0.0128551870830002,0.0101878895390344,0.0208498116386242,1.10485921873227,2.09319028832088,0.00452914211692214,0.000603882105557859,0.000809203493438808,0.120709343211314,0.000147044900491238,0,0.0165288936132625,0.0377279012264909
