0,0,0.0305177142373978,0.000337133479432267,0.000406656408015788,0.0112669601952264,0.46739424961927,0.0903999926232532,0.000236027356351465,0.014265955607418,0.00636459707750571,0.00162524832908672,0.00147261936472236,0.655895496150607,0.000404251575019634,0,0.092353218498926,0.00282696236632329,0.0181506463372446,0.000491385116915697,0.0130627913894627,0,0.0918709033724852,0.00113001492380489,0.000147117102525067,0.0219786398718246,0.0102992487115175,0.0066170801490064,0.65860876544694,0.329720142682456,6.0866927408886e-05,0.00255238933887577,0.00204894302872642,0.0294100100798239,0.000959435167758373,0.0144913501418442,0.00267446554912066,0.0196810683192895,0.00883395560901669,0.00396479509675272,0.00124879270461637,0.00110756873226164,7.83686444424093e-05,0,0.000139365434587526,9.53212449815034e-05,0.00046095717009883,0,0,0,0,0,0,0,0,8.73311743990898e-05,0,0.000460065494863415,0,0.000136360903347588,0.000110797880491376,0,0,0,0,0,0,0,0,0,0.000128023234581542,0,0.000539522919341975,0,0,0.00041586855257768,0.000575114293714774,0,0.000101589160283303,0,0,0,4.73042247001052e-05,0.000412395780359185
0,0,0.00828703822136115,0.000152371023028213,0.000277201528544092,9.70033131634952e-05,0.00394531342245239,0.000210243121152246,0.0565470659029418,0.00114031677131084,0.00257556237293271,0.000445592864359498,0.167623350990421,0.000190766447459328,0.00258782054303927,0.0494730751671891,0.00207528523713773,0.000145304081935882,0.000776484125992385,0.000151999815307069,0.012186741044204,0.115636290473099,0.0271311364083478,0.236417198293583,0.194874054843795,0.0298286266683467,2.21011142464228,0.0720195266252183,0.000324335737161005,3.51124834025741e-05,0.00687720596246809,3.95243304011226e-05,0,0.00303799029043292,0.000637710442132336,0.0125884073760083,0.0128729561195245,0.0101333765990206,0.0035543154331054,0.00223660949707969,4.10448120300054e-05,0.0482847908471154,0.0219516962769791,0.0118119788437948,0.0124270168334606,0.0127905557267887,8.35669528912542e-05,8.63614814640998e-05,0.0116961805592042,0,0.208898290034676,0.0152882833232333,0.000132431499600911,0,5.56452881224394e-05,0.000132776191995311,0.000157913425351977,0.000411502713908643,5.08463543611169e-05,0.0109060889831765,3.12005555109501e-05,0.0192339806616659,0,0,0.00420444125493816,0.0169030076124525,5.32226046254515e-05,0.000887906965904692,0,0.000284983485679299,0.040634205612725,0.00239504169718665,0.0046700561196231,0.0082440332763088,0.0487020480197134,0.689146171649143,0.00142444331187556,0.000635141877507531,0.000267458060877967,0.013715283567713,0.000664415163741338,0,0.00427010688766581,0.000890917144244454
0.0305177142373978,0.00828703822136115,0,0.000266644284552002,0.00059427282917527,0.0121947264088699,0.289942901270688,0.234062886349599,0.000645796954305958,0.0184321447011012,0.031862975267855,0.00115930834268061,0.000376858206491268,0.190985470552858,0.00126807964306521,0.00321629134754885,3.00800707827658,0.0450508330389039,0.36261179558545,0.000756153721371555,0.155385656169031,0.00159548843737779,2.29297446179284,0.00173857049289907,5.34129886463761e-05,1.55403885474672,3.34837546103392,0.157223631721831,0.0743498739223151,0.253472229143557,0.000326124963174212,0.00330190713542008,0.00182605972212944,0.288650208674487,0.0547637173076261,1.09210598111757,0.321685785021179,0.503706770656274,0.448246892300478,0.0206902206750145,0.00735021948281852,0.00119044711361957,0.0540276678670175,0.00881620228992775,0.029433510104262,0.024684981487929,0.000926614637034865,0.000129129271167898,0.000121545969958341,0.000131927157846224,0.0177093051839408,0.0646612134137261,0,0.000176035032666254,0,0.00177953000904986,0,0.000171893597682643,2.5234641259861e-05,0.00164974568800839,8.007531817143e-05,0.00101131302932401,0.0011097189888804,0.0006068482100375,0.00739234420902932,0.0333577446871902,7.40288961969733e-05,0.00240168812351791,0,0.00293620402078003,0.00904569290892267,0.013530383513508,0.00310807955779469,0.000240192117603826,0.0398763030288543,0.746153532560894,0.0036467562391244,0.000122984056928396,0.00218854282481012,0.00248866915259893,0,3.08577751806915e-05,0.00647607340267217,0.0246612996255057
0.000337133479432267,0.000152371023028213,0.000266644284552002,0,0.00238580981518846,0.00650780240291124,0.0162289839586099,0.00703187179827609,0.203202196495544,0.711617430028907,0.00160554314888018,0.481553475341469,0.000583314273302835,0.0077592535528736,0.0256666466903213,0,0.000117422207290375,0.000316658027498931,0.000645645065139085,1.14376641658128,4.91995668465018e-05,0.000646032796109849,0.000243945058618558,0.26730387259674,0,0.000389913152229244,0.00074441838087523,1.15449583514396,0.00655603408380331,0.000199721027615279,0,0.00284266946381501,3.01632253058433e-05,0.00535314373648324,0.00166023177899952,0.0335575982503195,0.000400847232766903,0.0111025421995132,0.00414149706515841,0.0308369150132291,0.00484539670521365,0.00122046274219404,0.00359898548676486,0,0.00226184268087609,0.000349965410415518,0.0429780242926213,0.000269902652015471,3.30423278794407e-05,0.000250549520053434,0,0,0.048066878359023,0.00267121522740379,0.00330653888578582,0.0128236355946324,0.00350200049469384,0.0481521566687155,0.0402104250164022,0.000235983828908044,0.0126553871336408,0.000178713740866399,0.00383372254705379,0.00438316066346421,3.13070165923894e-05,0,9.18746545636294e-05,0,0.0289508289317589,0,9.7599568778056e-05,0,0.0883075315789299,0,3.93413433499574e-05,0,0.118427133899825,0.00146482435894871,0,0,9.46978161256553e-05,0,0.00184853835708362,6.84640356861472e-05
0.000406656408015788,0.000277201528544092,0.00059427282917527,0.00238580981518846,0,0.327923504967229,0.0105063972653677,0.0295778533499806,0.024625128840872,0.0720503793084146,0.00225139205330637,0.0538503940566526,0.000419543999026275,0.00220177001166172,0.278476095112616,0.00257567298481528,0.000834286935206662,0.000309344128588241,0.000341435996110952,0.00393076901073051,0.0180181376811725,0.000596429820280397,0.0187806512636877,0.0144663976020045,0.000107316411465013,0.000475080301777101,0.00151712446458552,0.0266056796973696,0.00253078192669554,0.00782938695076713,0,0.0838201262567452,0.000467274145722604,0.0393471724568188,0.052449430721097,0.0390538150782383,0.00287782582189368,0.00350898590235576,0.00389416600137059,1.30499307885283,0.547511038792003,0.00126772054051477,0.00382173713963601,0.00102022604435804,0.000777340689607906,0.00206614492633558,0.0279367049922468,0.000258349142651009,0,9.31087514744998e-05,0,0.000243463478879524,0.00703953175795205,0.000722851064931321,0.00177579059640292,0.00219451026962629,0.000794576698258588,0.00870031087387854,0.00248009358833048,0.000832373701439777,0.00487843529805741,0.000405110701760566,0.000364765979337239,0.00166642823290292,0.00203048310256489,4.93327168710231e-05,0.000204092661871803,0,0.00285501527590576,0.00212092578328109,0.000574546134249401,0.00245907905081507,0.0155732570841132,0,0.000155412468299758,0.000637890205859125,0.0185849825007912,0.000275137175461722,0.000774880989280165,0,0,0,0.00035582976367786,0.204527909473149
0.0112669601952264,9.70033131634952e-05,0.0121947264088699,0.00650780240291124,0.327923504967229,0,0.151546818708766,1.34844911823953,0.0294970995528677,1.52101606468133,0.0162272345387111,0.233887028816794,0.00504442330174421,0.15547715722408,0.436211603049327,0.000299240231120468,0.011314209059159,0.00373921108065364,0.00431738953139825,0.0152266819872935,0.00372862752007982,0.000521450095934189,0.0277225186922621,0.00700992055492987,0.000202749442523789,0.00465103702092609,0.00243402169468034,0.0653922188062863,0.0756359472288757,0.0173927814943676,5.9251843151319e-05,0.0484340272248806,0.000161468555678493,0.0298348357871051,0.475006731269155,0.194391195095466,0.0078859012389175,0.0377264586963528,0.0163895473563738,0.548423527135715,0.377759423431604,0.0106869139730667,0.00243082782340192,9.44872240767839e-05,0.00115772812104055,0.000748180715447605,0.0356060318750043,0.000334396972982621,0.000148361374267101,0,4.07577145712375e-05,0,0.0107986562601873,0.00222628562085868,0.00196660743143544,0.00290008079103186,0.000768478258607655,0.0141364105685252,0.00468607830792363,0.000492018951329685,0.00889223216239053,0.00237457780901518,0.000505974017824137,0.00316647152719795,3.48379479996144e-05,0,0,0,0.00428196791953741,0.000121021888482934,0,4.58697379846335e-05,0.0293430588363904,0,0,0.000208351123404777,0.0304039074281474,0.000304264249326015,0,0,0,0,0.000342818660634023,0.0872548241633642
0.46739424961927,0.00394531342245239,0.289942901270688,0.0162289839586099,0.0105063972653677,0.151546818708766,0,1.52556599853979,0.175028731410615,2.05058846456246,0.0510326177067746,0.0219420350509153,0.0144536306012472,2.71907934657264,0.0668176575040304,0.00813048632502757,0.135226281100779,0.0163880568795315,0.033813187962311,0.0114887219197215,0.235673969040703,0.0221712836487353,0.722874079624994,0.0987777442091921,0.00240055040423433,0.0364125603242399,0.0601047183254408,3.81465244511722,1.00326153939327,1.55799309175196,0.000178748818219906,0.0431307883167899,0.0355968899559666,0.225518529234073,0.100015494165435,0.892038053361419,0.0397396299861757,0.475308643549376,0.182186612648153,0.133017626538841,0.0951145745784694,0.0357174002496439,0.116037234184007,0.00123185639203107,0.0609989828372238,0.0104599905754545,0.0961691827228572,0.0096842414016863,0.00111431056762378,0.0024596774537896,0.000402089841447175,0.0018071536088331,0.0469200173620088,0.00419701346827874,0.00470885089132864,0.146880364666697,0.0273328170755495,0.0780547679953597,0.0370375017895868,0.0117629067341845,0.0173291893524243,0.00547179142840037,0.0299250806868306,0.010462159192001,0.0190292616605802,6.31316337450504e-05,0,0,0.0155044562190253,0.00100632478979059,0.00817629806373323,0.00225581306998887,0.585200180874728,7.09317589162349e-05,0,0.0203843387942965,0.688880858887681,0.0355305331257586,0.00223215206208593,0,8.1644078848767e-05,0.00117914977744592,0.0240991831440473,0.023320804473173
0.0903999926232532,0.000210243121152246,0.234062886349599,0.00703187179827609,0.0295778533499806,1.34844911823953,1.52556599853979,0,0.0263876305937791,1.47725560684888,0.016635733619159,0.0571979922742769,0.0046529915593904,2.61679576489287,0.0344412545400133,0.000676168373013901,0.15223073265487,0.00409820949098357,0.0263861582278623,0.0193908331769728,0.0741742234932411,0.00041989253382436,0.556911653489992,0.0161265425728352,0.00014399570464555,0.0403947855098647,0.0310930362310788,0.14174146084795,0.267013617330919,0.354860063496672,0.000140529815401077,0.0406570992112863,0.006030141787709,0.0612467619842196,0.0290133443165974,0.228959835364576,0.0138910400763694,0.0986651167368887,0.0479971612040149,0.170114367387934,0.0650427521750494,0.0106046372705495,0.0109891857350521,3.13735299251616e-05,0.00551512157055993,0.00111167486144919,0.016525093208686,0.00089400918954076,9.54177756653067e-05,0.00022954092661317,0.000183681717545652,0.000524075161254811,0.00366690684575205,0.000133383378585875,0.000164259591364754,0.0209011407011391,0.00119331635432829,0.0132413769603522,0.00356618173971548,0.00126167558285706,0.00165204600168478,0.00255020727848524,0.00157105666202772,0.000767636993789685,0.00034255051933803,0,0,0,0.000995017788212671,0.000153516299191332,0.000332413246413743,0,0.0764516337206242,0,0,0.00466079415402554,0.0933188226378071,0.00205004041647784,0,0,0,0.000145569422526217,0.00216483055439902,0.00611673002810121
0.000236027356351465,0.0565470659029418,0.000645796954305958,0.203202196495544,0.024625128840872,0.0294970995528677,0.175028731410615,0.0263876305937791,0,0.367457441548898,0.00280059532620684,0.157097799242164,0.0391010564218423,0.0108113811270007,0.229614630490445,0.00173625270565205,0.000519365379482937,7.39162694511175e-05,0.000377026753688866,0.08059204906919,0.00284288338427183,0.448712178605382,0.00169361342402016,4.55527434969415,0.0561510560942214,0.000746969682096553,0.102099848329646,0.905696762880415,0.0123411489478136,0.00115278572078917,0.00119178623242382,0.00285545388331677,0.000598388070936131,0.00662165739297979,0.00397252469942439,0.0635066766556647,0.00301303985911801,0.0128074818485519,0.00452823131823395,0.196894875639763,0.00453371550197393,0.00952325165930754,0.0677535236462785,0.00146246912311453,0.0280456293834061,0.00633972625841936,0.0220560298044202,0.0048203006417733,0.00174921936519785,0.00462176210589691,0.00139525229237275,0.000417292206547445,0.0382934225505308,0.00344275388516134,0.00406808886335997,0.0641617858283603,0.00846136477788667,0.308442146815396,0.0148993094216849,0.0046680392940132,0.00871970639564008,0.00195317197122685,0.0117541229376787,0.00679530568073097,0.0119932268760503,0.000197883083943921,0.000557617744051725,0.000388957476529103,0.00706367804179448,0.00244410437897294,0.0190775157562552,0.00143923038212702,0.53516132198072,0.00105185883373286,0.000782096470571587,0.00632052279059376,0.317314768841102,0.0362926822955762,0.00837135984335309,9.16854675816652e-05,0.000386033670032954,0.0012762025278616,0.0147726566596475,0.0129196508343734
0.014265955607418,0.00114031677131084,0.0184321447011012,0.711617430028907,0.0720503793084146,1.52101606468133,2.05058846456246,1.47725560684888,0.367457441548898,0,0.10368360652765,0.434953379834199,0.0308460889713343,0.659024019354278,0.192232199215074,0.000361213265932899,0.0138756333397109,0.0240146616553842,0.0212095526561967,0.474593812851077,0.0071644541225016,0.00292646831559175,0.0333166086603345,0.177003810462674,0.000991231576825002,0.0188782339665524,0.00974036721185873,1.94115104942211,0.407800263526672,0.014187695109963,0.000591667871367872,0.0761570234237512,0.00215547027398135,0.18141988109212,0.157582644103708,0.77737305148082,0.0194867809690509,0.28287009674115,0.0687465451275911,0.316772196168033,0.0923688684846385,0.0403754010949798,0.0160400475210123,0.00019048477322669,0.00739377951585354,0.00107035192289934,0.132930565449784,0.000905308207051575,0.000572611625627858,0.000327980241066242,0,0.000327783835299706,0.0920070400297724,0.00657806234427074,0.00850498690160673,0.041199955673966,0.0072306887188124,0.113284130732064,0.0866595726611775,0.00390030478038347,0.0310799743475406,0.00776420792579903,0.00739292792086347,0.0142823885011564,0.000402907199752319,8.48119922002557e-05,0.00040424500729633,0.000306573367178267,0.0352712868446685,6.11478203680039e-05,0.00037984278784334,5.70505547513783e-05,0.290723503576213,0.000217035563392425,0.000341939044880807,0.000524222451873159,0.328890000567751,0.00347009962113366,3.81898901002944e-05,0,0,0.000133903505720746,0.00394122127623331,0.0840400751593964
0.00636459707750571,0.00257556237293271,0.031862975267855,0.00160554314888018,0.00225139205330637,0.0162272345387111,0.0510326177067746,0.016635733619159,0.00280059532620684,0.10368360652765,0,0.0172719090872671,0.337050826418622,0.057123851534892,0.00339348576270567,0.00065332831910184,0.0670882858906132,0.908104397518842,0.302163048526625,0.00653755993252421,0.00547995453507648,0.00162396635518628,0.0376505897319688,0.00249283504692634,0.0167364697681084,0.417440553522978,0.0438851793046308,0.0176798669713238,0.183150779853698,0.0135092356797649,0.0197084662338246,0.0505293081845973,0.00151762413925892,0.715605904376985,0.00654379558031586,0.142073203533241,0.49212700978423,0.675378295864021,0.0962839309187261,0.0101212436451289,0.00423853593540477,0.110951725210999,0.000821304974578897,0.0594541562137467,0.00128059279160805,0.000146368528271639,0.00121193399494172,9.015012804935e-05,0.0285441221133256,0,0.0108925720420792,0,9.94219440896514e-05,0,0.000127990855134546,0.000127074339056278,0.000317611973888969,0.00219137887966965,0,0.0978456309097285,4.25553838210821e-05,0.152004606889549,0.000288574303300929,0.000234535409481466,0.00041858352146374,0,0.000385800210884857,0.000157121104350281,0,0,0.00115896261315703,0,0.00298421718495119,0.0266805744616471,0.0356866570246953,0.0530485718323384,0.000322186609048438,0.00322073468763731,0,0.0599249531354774,0.00348095779021206,0,0.00854085414091812,0.000784934387237899
0.00162524832908672,0.000445592864359498,0.00115930834268061,0.481553475341469,0.0538503940566526,0.233887028816794,0.0219420350509153,0.0571979922742769,0.157097799242164,0.434953379834199,0.0172719090872671,0,0.00488397525147704,0.0576994931356909,0.298681918837962,5.77762459146023e-05,0.00191776529037106,0.00434688653827426,0.00447776329214826,0.906452250335382,0.000379207984832942,0.00176979632100929,0.00185728492202266,0.09704728488884,0.000445149697235197,0.00418514615652145,0.0027170520011285,0.263328708236801,0.0530993294093559,0.00169920146231208,0.000261758992653614,0.00987193650531315,0.000144192274890721,0.0269462482217332,0.368721383720458,0.089158884088654,0.00221334798722326,0.0250323712725605,0.00645523112911465,0.216168342207793,0.00621672316765772,0.00570057343916588,0.0033459602845429,0,0.00214261197615901,0.000311015338895845,0.0787525971515864,0.000390659298138368,0.000472573553706247,4.93341651967883e-05,4.51504592037797e-05,0,0.0442055874176125,0.00452568556359774,0.00563295149297531,0.00489606830787752,0.00278132958037334,0.052401494928133,0.0163254416138993,0.000552964842190302,0.0271795643488032,0.00113365326204572,0.00296398916142786,0.0083777581673688,0.000466897318314737,0,0,0,0.0148677941363043,0,0.000245013402184212,6.14867651478529e-05,0.0725510953851467,0,0,0.000124194286161673,0.0799097559983622,0.00036728087138499,0,0,7.36367745604038e-05,0,0.000454141860759425,0.0791295830072054
0.00147261936472236,0.167623350990421,0.000376858206491268,0.000583314273302835,0.000419543999026275,0.00504442330174421,0.0144536306012472,0.0046529915593904,0.0391010564218423,0.0308460889713343,0.337050826418622,0.00488397525147704,0,0.0186760627989301,0.00140421611074541,0.0118719722594354,0.000784183836956416,0.00521604577924001,0.000644869943576956,0.00199036290261711,0.0031955143148991,0.0478803499274884,0.00637503697512886,0.0926824143570431,0.690269922260186,0.02194483525857,0.618026298510305,0.0374812373086492,0.0445972837147143,0.00150891743754479,0.117163547417884,0.0124015740787535,0.000129523364263671,0.133696318943889,0.000912236625150616,0.0289613932848831,0.259208823045305,0.331261074584333,0.00516009605030043,0.01006830049199,0.00174888474940431,0.608805947115547,0.00559884871650473,0.270897670616939,0.00717143838795076,0.00258233377561406,0.000823268780957434,0,0.191093976944409,0,0.108111713938959,0.00102403131699206,0.00015561423789736,0,0.00103032119476059,7.26465263647914e-05,0.00165101761957434,0.00696980658917928,3.24170463545143e-05,0.453033121339051,0.000180361899036312,0.768526039313255,0.00129187447718261,0.00011338930536213,0.001608038139013,0.00026246364425801,0.000739691146092558,0.000479391949304497,0,0,0.00753856906978144,0,0.00967449871986255,0.256202119001469,0.328225496270295,0.510148024194458,0.000784961784352886,0.0123647042233668,7.43586575863242e-05,0.375569262822345,0.0155802796342493,0,0.0468525148798496,7.13699300019741e-05
0.655895496150607,0.000190766447459328,0.190985470552858,0.0077592535528736,0.00220177001166172,0.15547715722408,2.71907934657264,2.61679576489287,0.0108113811270007,0.659024019354278,0.057123851534892,0.0576994931356909,0.0186760627989301,0,0.00905675104747131,0.000983104415584079,0.293689282413686,0.0149324849315708,0.0633684512978879,0.0193017180901341,0.0643543059767319,0.000412099476665664,0.513008871652062,0.0090322614258988,0.000263572997830188,0.0813589396155261,0.0385403335450205,0.106243709247492,1.42382971766451,0.794363598682658,0.000439741178236538,0.0406153771356292,0.00509484311959865,0.113754229194126,0.00966378384365782,0.251732793008736,0.0162736860718969,0.114789343594451,0.050318708862115,0.0663845266147982,0.0260502041367769,0.0210004047525917,0.00397530301999833,6.12575641688824e-05,0.00144963891230368,0.000206153960677284,0.0100036865242374,0.000334017680679643,0.000419426410508239,4.38849651488781e-05,0,0.000612008667840284,0.000766018690776593,6.98947759438038e-05,0.000305795577407157,0.00440678657573824,8.35609311456442e-05,0.00608419725503545,0.000848996579424749,0.00161547460420489,0.00112252655189687,0.00444654289640186,0.000170656286585098,0.000199345072857952,0.000578575447345191,0,0,0,0.000306220955710113,0.00013321719348424,0.000295084029610443,0.000151967943002534,0.0203306156583381,0.000193352782630074,3.425532583642e-05,0.00418057231634205,0.0149539478743981,0.000435350069252652,0.000157507565180469,3.97637701751709e-05,0,0,0.000404692814088815,0.00267823140627715
0.000404251575019634,0.00258782054303927,0.00126807964306521,0.0256666466903213,0.278476095112616,0.436211603049327,0.0668176575040304,0.0344412545400133,0.229614630490445,0.192232199215074,0.00339348576270567,0.298681918837962,0.00140421611074541,0.00905675104747131,0,0.00138266986405786,0.00143116083866599,0.000848834211598122,0.000884814904617404,0.0265102940612865,0.0155697105158135,0.00817236388782172,0.0102863929265633,0.12598704852723,0.00176375846563045,0.0011578308288109,0.00608114253725176,0.132085710408142,0.0141808816738525,0.0190592259535448,4.33152339987636e-05,0.00928603307328963,0.000972050290770976,0.00448911125575977,0.20856813355622,0.0481315475116423,0.00211856311621076,0.00658651852446273,0.00569715623102875,0.350265302256167,0.00718047247525171,0.00174353832794394,0.0101125021173481,0.000526002590441739,0.00275085835054658,0.00399765039414787,0.0657716719442415,0.000973787580370509,3.90161645181537e-05,0.000603466389935744,0,0.000312264421637976,0.0229888419256344,0.0025724427409141,0.00404686561844673,0.00691641423117957,0.00290214119434254,0.0264438911919092,0.00924887689943329,0.00159407992229579,0.016080328469129,0.000762487775360346,0.00201141098235209,0.00597047465884657,0.00285622810024641,0.00026183234784075,0.000112838726835382,0.000264115973788881,0.00668046033738323,0.00377055643447472,0.000882098329780221,0.00305640919059696,0.0542504010982815,0,0.000143495123055232,0.00191386414268335,0.0607633570760215,0.00258645374385128,0.00087884703032924,0,7.82575002887009e-05,0.000126997381330133,0.00154175322366177,0.321255727346724
0,0.0494730751671891,0.00321629134754885,0,0.00257567298481528,0.000299240231120468,0.00813048632502757,0.000676168373013901,0.00173625270565205,0.000361213265932899,0.00065332831910184,5.77762459146023e-05,0.0118719722594354,0.000983104415584079,0.00138266986405786,0,0.00662774425156997,0.00116343981071578,0.00172192989005666,0.000116166266702902,0.606615327686281,0.36646936160204,0.7781275795319,0.494641769367284,0.0199287536129482,0.00199663533879697,0.226177628432315,0.302036239192348,0.00100007349368429,0.00235011936756628,0.000326103818531811,0.000503485663947385,0.000284825181845629,0.00706185775216336,0.0330768063456753,0.495230157589481,0.112856074922516,0.0795809577342228,0.122518942992534,0.00622926684754733,0.00471868135448654,0.00691808254940449,0.149463594987942,0.0246259463773623,0.0174629993017833,0.0183684432882331,0.00239134591249785,0.000595212973066455,0.00126414286519303,0.000448929980538702,0.00365554713334021,0.0034946592100903,0.000220730468577403,0.000208692329765868,0,0.00481303677634984,0.000562577574469656,0.000907791998930608,6.1991664302361e-05,0.00246630832775207,0.000112599122582698,0.00177674468214292,0.000473404993210155,0.00207708233756562,0.650081887503453,0.000561061631994235,0,9.62602557976425e-05,0,0.00687691595008239,0.144916369692838,0.0607916090184598,0.0747648970981089,0.000388372702437091,0.000536911046578598,0.153699014251944,0.0319254555250826,0.00339181032849532,0.00192507154330961,5.39212139244079e-05,0.000227420703336418,0,0.00257919515659293,0.0164821067446359
0.092353218498926,0.00207528523713773,3.00800707827658,0.000117422207290375,0.000834286935206662,0.011314209059159,0.135226281100779,0.15223073265487,0.000519365379482937,0.0138756333397109,0.0670882858906132,0.00191776529037106,0.000784183836956416,0.293689282413686,0.00143116083866599,0.00662774425156997,0,0.0611492333491377,0.871397194769566,0.000364130863360548,0.210278069073631,0.0012600769578852,1.94785622718398,0.00207613051797571,0,1.07471666242848,1.02127688825008,0.0509681160790724,0.350388004282493,0.603375725887343,6.68528486584783e-05,0.00408148073444565,0.0117514108448844,0.720357804821343,0.0338568983836453,0.45569273977408,0.133660337323393,0.473678242424449,0.392351426779477,0.0130433657841018,0.00647684966873148,0.00112333501236471,0.00383080337565698,0.000315835371611059,0.00189495395397192,0.00243858994030169,0,8.80503846471784e-05,0,0,0.00137992861742531,0.00530955544967367,0,0.000209256464073515,0,0,0,0.000172201858059215,0,5.10727043770671e-05,0,0.000137456596055293,0,0.000540002116425216,0.00271843417221567,0.00154383757232052,0,3.47370312188566e-05,0,4.20947979523659e-05,0.00197806459743899,0.00155146482816106,0.000121257191162408,0,0.00259965360897393,0.0614446751609007,0.000462517711413228,0,4.90912256828785e-05,7.77913221463681e-05,0,0,0.000541288136043209,0.012573328719402
0.00282696236632329,0.000145304081935882,0.0450508330389039,0.000316658027498931,0.000309344128588241,0.00373921108065364,0.0163880568795315,0.00409820949098357,7.39162694511175e-05,0.0240146616553842,0.908104397518842,0.00434688653827426,0.00521604577924001,0.0149324849315708,0.000848834211598122,0.00116343981071578,0.0611492333491377,0,0.256780776290641,0.00113620428456713,0.00611263394810142,0.000142209553469062,0.036178190471643,0.00047970223368206,0.00012473705195322,0.619467016969485,0.0412365869302471,0.0057877780621035,0.0404138381804787,0.00831122635930529,0.00196917349918318,0.00745332278544995,0.000721770945152229,0.126182749450268,0.0109834284550972,0.182428198590841,0.210592474261242,0.265660452681678,0.151593748705735,0.00238318285379468,0.0013237546812609,0.00196712759740555,0.000193869985700309,0.00180072009095816,0,4.48003161701441e-05,0,8.40596943332672e-05,0.000236243616059994,0,0.000309293503434801,3.18666757104874e-05,7.07991114653229e-05,0,0,0,0,0.000106214043666005,0,0.00160298875911559,0,0.000912897909221378,0,0,9.73367273492154e-05,0,0.000107958312185431,0,0,0,3.90679981326818e-05,0,0,0.000166650818322647,0.00537158215477873,0.0053325393287306,0,0,0,0.00133815056877466,0,0,0,0.00277943342954032
0.0181506463372446,0.000776484125992385,0.36261179558545,0.000645645065139085,0.000341435996110952,0.00431738953139825,0.033813187962311,0.0263861582278623,0.000377026753688866,0.0212095526561967,0.302163048526625,0.00447776329214826,0.000644869943576956,0.0633684512978879,0.000884814904617404,0.00172192989005666,0.871397194769566,0.256780776290641,0,0.00149235438181031,0.0291363856075223,7.53839991264224e-05,0.26109319110859,0.000570403378867852,0,1.0681326664546,0.203961149436556,0.0132983307582617,0.101242294762901,0.0868781141932437,0.000101937475776541,0.006496302438196,0.00315974391466895,0.359085226958048,0.016707454553423,0.364077140877935,0.25447452351459,0.34025320612889,0.212457253266237,0.0038018707977795,0.00332888889159354,0.000800465172769753,0.000589459558359528,0.000351704461307108,0,0.000497570132700634,0,0,0,0,0.000594917155955565,0.000850679120482823,0,0,0,0,0,0.000175031685574841,0,0.000130046011119867,0,0.000356037344853926,0,0.000124858857520723,0.000487977172123956,7.84321857376096e-05,0,0,0,0,0.000474278182874447,0.000178979453818088,0,9.29046243497845e-05,0.00310605718331526,0.00944721733221503,0,0,0,0.000282161665075039,0,0,0.000117427365523148,0.00405956689628252
0.000491385116915697,0.000151999815307069,0.000756153721371555,1.14376641658128,0.00393076901073051,0.0152266819872935,0.0114887219197215,0.0193908331769728,0.08059204906919,0.474593812851077,0.00653755993252421,0.906452250335382,0.00199036290261711,0.0193017180901341,0.0265102940612865,0.000116166266702902,0.000364130863360548,0.00113620428456713,0.00149235438181031,0,0.000147757995813841,0.000124644263158381,0.00122737227951635,0.0760050879744169,0,0.00140313615772938,0.000632344783524853,0.249020403570304,0.020614412757333,0.000443084487493265,3.97066549688935e-05,0.00333881687459148,0.000211581319333017,0.00936332695036191,0.00181566543763019,0.0480247204720917,0.00178557869488999,0.0110289428438425,0.00261480769731017,0.0378084722604658,0.00350777523451279,0.00264480535887812,0.00238366034212764,3.78994276827693e-05,0.0012876641781924,0.000195817641190588,0.0276012788992844,0.000206763781210446,0.000107626037928033,0,0,0,0.0208339217870012,0.00187561152911219,0.00189943657247237,0.00564016140026852,0.00266321568787769,0.0266450317067021,0.00749977584234755,0.000325297160475695,0.0162906273028502,0.00048908310362674,0.00154597797849654,0.00293977995765398,0.000216871340612292,0,0,0,0.00554118330863082,0,0,0,0.0451757103842802,3.98110714895129e-05,0,0,0.0524301355587164,0.000417371885024357,7.00465486049771e-05,0,8.66024061147215e-05,0,0.000604344420297664,0.000363839028003299
0.0130627913894627,0.012186741044204,0.155385656169031,4.91995668465018e-05,0.0180181376811725,0.00372862752007982,0.235673969040703,0.0741742234932411,0.00284288338427183,0.0071644541225016,0.00547995453507648,0.000379207984832942,0.0031955143148991,0.0643543059767319,0.0155697105158135,0.606615327686281,0.210278069073631,0.00611263394810142,0.0291363856075223,0.000147757995813841,0,0.045978352573429,3.13270488526865,0.300702218638714,0.00329461450222634,0.0239703663069013,0.146535931275892,0.989807157175199,0.0816268186023621,2.63124117424767,4.02255348074436e-05,0.0020955048973793,0.0150698761907724,0.536261852948571,0.102939000321311,0.966967977905697,0.0606907565831149,1.19298580766082,0.475692393890435,0.0296951839106889,0.020360720315543,0.0110238440107019,0.0764252015241237,0.00574325398665995,0.00671406015189213,0.00570136693893114,0.0036569378733074,0.000132947021333981,0.000273176014447904,0.00199799213905456,0.000475932586663669,0.00185044071241629,0,0.000298908167030215,5.72930213892102e-05,0.00372733452611079,0.000227336887764931,0.00181928633199791,8.42778158485769e-05,0.00361785390932493,0.000106473974736762,0.0010973337156236,0.000711036765552116,0.0011166402453055,0.0823450915232564,0.000111017713041383,0,0.000138817757281161,0,0.00172891631885677,0.0286908809288402,0.00592027400877432,0.0532868251237565,5.89171199897885e-05,0.000139657091759586,0.0381662859220445,0.0177649522379241,0.00671678686272524,0.00371432285196058,0,0,5.80750853204251e-05,0.00154367766253573,0.0305384738078991
0,0.115636290473099,0.00159548843737779,0.000646032796109849,0.000596429820280397,0.000521450095934189,0.0221712836487353,0.00041989253382436,0.448712178605382,0.00292646831559175,0.00162396635518628,0.00176979632100929,0.0478803499274884,0.000412099476665664,0.00817236388782172,0.36646936160204,0.0012600769578852,0.000142209553469062,7.53839991264224e-05,0.000124644263158381,0.045978352573429,0,0.125937317367716,1.52560080289532,0.055397673479208,0.00113508553515288,0.603621494260172,0.348472858405774,0.000905124886474285,0.000541597150280196,0.00118630182481014,0.000244578657736719,7.53384750951171e-05,0.00138042625210674,0.00418875176579817,0.038939609965696,0.0076878314306023,0.00781402905284131,0.00892677996093891,0.00755573102877965,0.000271893889775383,0.0150937323891275,0.125915744011751,0.0139779843810261,0.0126983062665338,0.0142288471415037,0.00194181656267264,0.000324175708586085,0.00294390780030588,0.00140239335165033,0.00727637831842446,0.00387686774669396,0.000609247912213987,0,0.000163633709035921,0.00562059283555999,0.000292332085013288,0.00259741496564826,0.000340651152033907,0.00149401142753762,6.149447279948e-05,0.00269940135325912,0.00134735423811796,0.00212664057520614,0.273996375273993,0.00350126259099192,4.30575073986113e-05,9.61765955670895e-05,0,0.00682207599961813,0.314805335528591,0.0209402184446309,0.122825683442593,0.000895257438467583,0.00180959693554109,0.247672629226337,0.0372253373054269,0.0111469822572136,0.00451902757578904,0.000324035399172055,9.74088900662423e-05,0,0.00356708590047844,0.0134275987237547
0.0918709033724852,0.0271311364083478,2.29297446179284,0.000243945058618558,0.0187806512636877,0.0277225186922621,0.722874079624994,0.556911653489992,0.00169361342402016,0.0333166086603345,0.0376505897319688,0.00185728492202266,0.00637503697512886,0.513008871652062,0.0102863929265633,0.7781275795319,1.94785622718398,0.036178190471643,0.26109319110859,0.00122737227951635,3.13270488526865,0.125937317367716,0,0.157547553546221,0.00728422683229653,0.358638307530087,1.63497007944495,0.825872032474885,0.1878048474506,1.59635264932526,0.000154319139972443,0.00585289513687877,0.00988228643312252,0.901902499069906,0.221323662456425,2.95482271362497,0.574334716095159,1.97799004685083,1.55289952104137,0.0655711691291105,0.0221029473558385,0.00940887200523507,0.220810683793792,0.0311254677675443,0.0336691159338674,0.0395388395778656,0.00450855752831817,0.000852529566814923,0.000536089514628071,0.000668801571377552,0.00366418115148828,0.0449336884098712,3.94162907816649e-05,0.000797096890173496,9.51544636448145e-05,0.00877795093735947,0.000484833119596785,0.000364000980064487,0.000175993305350124,0.00357438241148446,0.000140995687430393,0.00187523044810404,0.00161653184774705,0.00277037702797111,0.674528985404533,0.00565409856828921,0,0.00044856824861452,2.71747558615744e-05,0.0115727727322085,0.144317669838942,0.105739093631307,0.0811503641546844,0.000111941418206692,0.00217812467263327,0.645621352110245,0.0404204100545839,0.00349103458297131,0.00345604984692696,0,0.000227156052642584,4.71645320809602e-05,0.00552058214476239,0.0686636260354863
0.00113001492380489,0.236417198293583,0.00173857049289907,0.26730387259674,0.0144663976020045,0.00700992055492987,0.0987777442091921,0.0161265425728352,4.55527434969415,0.177003810462674,0.00249283504692634,0.09704728488884,0.0926824143570431,0.0090322614258988,0.12598704852723,0.494641769367284,0.00207613051797571,0.00047970223368206,0.000570403378867852,0.0760050879744169,0.300702218638714,1.52560080289532,0.157547553546221,0,0.144899716813494,0.00293525577174718,0.352399221184624,1.62941827436987,0.0147929030271076,0.0037169046342713,0.00279170050205304,0.00420640967814063,0.0017976922265962,0.0101362201764934,0.0174314552874676,0.259668821117635,0.0273907620102961,0.0358431383345655,0.0340603361464156,0.104387750199175,0.00959507608489987,0.038473976169977,0.423621338254919,0.0125957669245937,0.11604075598685,0.0296309905604965,0.102732669550669,0.0177303834729185,0.00523363412168839,0.00951326782439059,0.00693731164391531,0.000627978364611739,0.0963133085735078,0.00660001989491576,0.0104486530608052,0.207468572139669,0.0357389005565347,0.308087541958384,0.0484229199631883,0.0250676752205173,0.0248812746482778,0.0107128335696143,0.0445686941364719,0.0217020175479432,0.209763896509696,0.000368207055151964,0.000214997392110675,0.000108686728668272,0.0200181293755803,0.0110978088995809,0.111683353646347,0.0130934442882272,1.35782361482896,0.00289489430676939,0.000573848602057066,0.046104158930691,1.11772881396833,0.0953308410785961,0.0215276365695491,0.000157858430092561,0.000798976999770675,0.00273793860167837,0.0533810318329466,0.041607662330613
0.000147117102525067,0.194874054843795,5.34129886463761e-05,0,0.000107316411465013,0.000202749442523789,0.00240055040423433,0.00014399570464555,0.0561510560942214,0.000991231576825002,0.0167364697681084,0.000445149697235197,0.690269922260186,0.000263572997830188,0.00176375846563045,0.0199287536129482,0,0.00012473705195322,0,0,0.00329461450222634,0.055397673479208,0.00728422683229653,0.144899716813494,0,0.0133857155412739,0.465496264744374,0.0442862134239632,0.00120706851129682,0.000260171209565163,0.0292806608733068,0.000304534670478654,0,0.00497524563437704,0,0.00258531909940442,0.0238362342284186,0.0144584120431625,0.000400157491607725,0.00184097888014757,0.000146642088224912,0.236284519374709,0.00325012852985787,0.0223025806752213,0.00130096577792014,0.00106686455548634,0.00022047177338084,0,0.0303605759427457,0,0.115656882343924,0.000255294153020692,0.000534449505003905,0,0.000183691101965594,0.000120537119685906,0.000182216139799166,0.00128031206998084,0,0.0408577351033402,9.10898904414771e-05,0.0921904643748039,0.000210493021310646,0.000120385093453503,0.000418926710706163,0.000162059995724106,0.000261202915514695,0.000329142054185533,4.47084548520565e-05,0,0.00220426312399678,6.10221267083049e-05,0.00258897064847789,0.0797033490466986,0.0916762741579709,0.221630617478002,0.000589469756034947,0.00202199656921132,4.14042161246062e-05,0.0548498765237722,0.00130230812918646,0,0.00545597869907367,0.000119508111642885
0.0219786398718246,0.0298286266683467,1.55403885474672,0.000389913152229244,0.000475080301777101,0.00465103702092609,0.0364125603242399,0.0403947855098647,0.000746969682096553,0.0188782339665524,0.417440553522978,0.00418514615652145,0.02194483525857,0.0813589396155261,0.0011578308288109,0.00199663533879697,1.07471666242848,0.619467016969485,1.0681326664546,0.00140313615772938,0.0239703663069013,0.00113508553515288,0.358638307530087,0.00293525577174718,0.0133857155412739,0,1.72665834680594,0.0161163899302961,0.113378398589614,0.0404177107511457,0.0313517114069368,0.00627636054873133,0.00286271124954969,0.18725056192035,0.0494760662408784,1.21306952658177,1.81039180492223,0.624400350713005,0.465843562197096,0.00996317164409658,0.00736212751674472,0.0128052365940989,0.02917568019782,0.153123983524798,0.0203059159175928,0.0192268640937141,0.00049476848585794,7.98531166721821e-05,0.0109752279249626,0.000115441861671233,0.099764483757968,0.0697925091658074,0,0.000148122606114149,0,0.000905089155775091,0.000104314029869467,0.000917747449860737,0,0.212020372995124,0.000139133236442304,0.137840049576379,0.000430062569979125,0.000521326298347652,0.00522545420164061,0.0314233252359114,0.00353052624151897,0.00420720274614946,0,0.00113833988202748,0.00246426271609648,0.00254253142149224,0.00167912467460994,0.0301498843728774,0.747153268210892,1.87798612653985,0.000478971400277043,0.0010287935720176,0.00150418922274359,0.176034148904269,0.000967546068458604,0,0.00628215476784648,0.0183208026430434
0.0102992487115175,2.21011142464228,3.34837546103392,0.00074441838087523,0.00151712446458552,0.00243402169468034,0.0601047183254408,0.0310930362310788,0.102099848329646,0.00974036721185873,0.0438851793046308,0.0027170520011285,0.618026298510305,0.0385403335450205,0.00608114253725176,0.226177628432315,1.02127688825008,0.0412365869302471,0.203961149436556,0.000632344783524853,0.146535931275892,0.603621494260172,1.63497007944495,0.352399221184624,0.465496264744374,1.72665834680594,0,0.305391052582866,0.0466693765677346,0.0754860769961367,0.0929930709634658,0.00297000198864096,0.00255266245108165,0.337191960134467,0.107794149124749,2.11457806838899,0.922217594100414,0.927448910013375,0.776627820490953,0.0297089767601288,0.0101743013759129,0.0116880740857207,0.574757493867524,0.23726754980232,0.246864776082159,0.238432871869994,0.00605248817041787,0.000777804354882194,0.0137441332894777,0.000923682761947868,0.834568399326985,0.439033457328302,0.000379847607981139,0.000450236187624812,0.000164479035562426,0.020471946439007,0.000678672087367696,0.0020300902087925,0.00027703468781234,0.224101419483159,5.24949876915336e-05,0.172453077717773,0.00682430528136811,0.00166969616297152,0.405424795831126,0.249079949953572,0.00538614356947959,0.0163842674825126,3.05015669973612e-05,0.0317836782123307,0.39359515835768,0.214389689281069,0.0615242356723641,0.083230391155551,1.49297757126751,10.0570764940897,0.0606275892597903,0.00241522757077513,0.0133431332286451,0.28992013466334,0.000204644183866281,0.000192609880605155,0.0544671651714101,0.0567190490523883
