0,0.716564238071442,293.831108182669,3.01641863584518,0,22.7556472718716,3997.04382833838,1675.7364025414,4.69015574455261,47.7657759785652,23.2963483929634,26.7185060977936,7.47085055708885,12796.6919045746,1.53143316507339,2.87576591968536,505.258483469486,3.7061273753643,99.5212360918522,4.17276096343994,926.984910011292,1.59831130504608,1045.27866286039,17.7810356616974,0,56.252711981535,166.501812279224,148.645452350378,4847.7207865417,6294.84275609255,0.479807525873184,6.91533041000366,4.3721059858799,78.4025895595551,1.34831953048706,25.0267758369446,12.0572676360607,57.653225839138,26.6798487305641,4.6428065598011,2.42382735013962,0.879703044891357,0,0,0,0,0,0,0,0,0,1.85383546352386,0,0,0,0,0,0,0,0,0,0,0,0,0.947193741798401,0,0,0,0,0,0,0.95453143119812,2.35465514659882,0,0,10.1212259829044,0,0,0,0,0,0,0,0
0.716564238071442,0,40.1005133092403,5.54247519373894,47.2923011183739,11.3070928752422,21.5659346580505,13.7067960500717,1211.11020967364,15.4825170636177,1301.79198813438,16.3008980751038,2815.35539242625,15.9490410983562,213.399849772453,1473.96177652478,243.047667860985,34.8321579098701,284.890140295029,2.0834566950798,142.306204140186,4607.81593161821,238.889934241772,1541.63102582097,4178.01882296801,1207.94606456161,25673.5076251328,540.123344749212,34.7619572281837,20.3081362247467,129.490983694792,17.1289755403996,0,344.538875937462,47.7256036400795,595.018193691969,477.21712526679,377.728543937206,127.219459146261,197.241356045008,6.93490529060364,237.655071884394,196.528427779675,89.9994738698006,109.265472888947,105.538853615522,9.10802358388901,0.735886335372925,45.8297802209854,1.49305325746536,443.653653651476,54.432558298111,0.957457780838013,0.898714363574982,1.6712042093277,2.86601677536964,1.39197933673859,34.2142633795738,2.69201904535294,213.230871468782,0,224.532757520676,6.13964465260506,0.818711459636688,38.0312994718552,190.738741308451,41.8875778317451,189.264614969492,0,14.250810533762,46.8749859333038,50.4297154843807,39.1666365265846,67.7547211647034,462.670047879219,4238.35639160872,14.8108042776585,6.30973809957504,3.57767409086227,146.977175563574,0.654442548751831,0,62.3417252898216,20.609378695488
293.831108182669,40.1005133092403,0,3.26564502716064,5.08975160121918,410.535248219967,551.145553320646,2341.61689150333,39.2329067587852,60.1212509870529,82.860292494297,25.0425695478916,86.1420727074146,1936.57059511542,10.7980295717716,125.385073035955,35255.2326630354,205.795258045197,1985.30886909366,1.48306804895401,6776.01476323605,95.6592310965061,29784.0043525696,70.9158951342106,4.1199814081192,28927.1022577584,17974.655390054,1961.85723286867,633.658936709166,716.401727259159,0,94.5048733949661,19.9938909113407,3650.21624600887,493.566114604473,8528.30412581563,2421.13329830766,5222.95991885662,3376.91306808591,63.2205250859261,107.298435330391,7.65742209553719,699.035340547562,101.029180467129,453.290828645229,339.01650890708,11.2014348506927,13.0786774754524,2.98660230636597,6.80337777733803,48.5683409273624,1311.92312985659,0,0,0,28.7162567973137,1.84330528974533,20.670763283968,0,7.56478449702263,0,0,19.6847206950188,8.89034628868103,248.534806936979,605.817576646805,25.7232114374638,61.3298383951187,0,66.7638703286648,116.083782374859,643.276387244463,49.066145837307,2.65077483654022,229.37981903553,8019.71040543914,75.7665594220161,5.93481189012527,9.25148594379425,0.559942007064819,0,4.92747431993484,270.517896801233,221.050212204456
3.01641863584518,5.54247519373894,3.26564502716064,0,416.175165444613,667.056991100311,462.350823789835,486.000726670027,3946.30802711844,4769.17901155353,191.392292439938,11266.9425367415,389.891615539789,297.717179328203,1625.28561258316,0,11.3434520959854,37.0860992372036,18.2420820891857,19275.9516078532,11.9515051543713,22.9668863415718,3.40330076217651,2750.23275795579,7.81255620718002,22.1790435016155,25.393488407135,2728.19149404764,284.040635585785,6.35248309373856,4.22158870100975,77.7134566009045,4.20103600621223,231.38810428977,48.4507317245007,1034.15467062593,24.0214923322201,180.176399707794,17.5350510179996,1747.37185788155,98.7559866905212,55.8182860910892,128.78104776144,1.27644498646259,54.8802205920219,7.37042999267578,1426.47508427501,25.9253572523594,36.3833578526974,3.23261386156082,0.461470693349838,0,2297.56996169686,9.09472966194153,49.2693002223969,20.0038639903069,82.8470902740955,994.669521808624,1038.81973683834,18.0466507077217,980.342016339302,0,49.5132495760918,215.430593848228,11.1008776128292,0,0,0,820.260329991579,2.20851221680641,1.90293365716934,2.7208668589592,1809.37521529198,0,0.539150893688202,0,1331.21848717332,16.8050983846188,2.8847781419754,0,0,1.71925675868988,91.5985243320465,2.12136125564575
0,47.2923011183739,5.08975160121918,416.175165444613,0,2392.89782044291,102.088752508163,116.585754156113,393.885893255472,191.771696388721,23.6290414333344,583.134809970856,119.714028328657,35.8218475878239,587.295609265566,21.0224043130875,5.35168915987015,4.4710573554039,2.87307292222977,128.562146216631,120.010099828243,127.377233445644,69.4876839518547,1075.985984236,4.46530902385712,10.7941490709782,135.120248675346,830.377493351698,39.4065546393394,19.8743368983269,0.438983291387558,5123.15649786592,0,1054.05340620875,2403.94447666407,390.570336997509,19.5911810398102,37.2710440158844,34.5863634943962,20937.7603681386,8727.55523630977,15.1696606278419,35.8513976931572,47.5066377520561,8.17800903320312,89.9066325426102,118.905563235283,3.51650309562683,6.8026624917984,2.04911094903946,0,7.86446309089661,86.5010130107403,2.82348191738129,4.65184110403061,1.07691609859467,2.00550359487534,34.6301493048668,68.2094904482365,1.46032691001892,8.80671879649162,0,2.19564461708069,20.7545315623283,38.2627657949924,0.96786767244339,1.46672129631042,2.94810199737549,28.7736539244652,7.7161477804184,13.0837418437004,8.85287129878998,107.572042703629,0,6.96034389734268,46.872838973999,70.8433668017387,2.5862854719162,0.641056418418884,0,0,2.21778917312622,16.7178921103477,1817.71154379845
22.7556472718716,11.3070928752422,410.535248219967,667.056991100311,2392.89782044291,0,9446.26820877194,18072.1061245203,522.680565655231,32060.8412633836,828.487794816494,9879.26471930742,628.49477159977,1498.36924698949,2655.74214801192,6.6257276237011,150.102367132902,173.526322036982,121.871873497963,510.536745369434,811.942462265491,48.17074239254,619.378996282816,1040.63960751891,23.4770384430885,261.859152823687,252.491690278053,4385.89479720592,678.741106212139,712.358031958342,46.9628079533577,3170.97807383537,14.0406503379345,748.851129025221,1565.62168678641,2513.25211304426,122.751127928495,507.979364186525,113.61405184865,6346.87495219707,1094.34357568622,140.27380207181,195.476460427046,4.30233472585678,94.5481469631195,5.07787036895752,394.568596482277,43.7431999444962,12.2738295197487,0,0,0,314.341375380754,4.06856882572174,16.4124350547791,15.4768436551094,28.2977743148804,179.859363168478,232.734544634819,10.4248616695404,23.3220126032829,4.61921519041061,19.658200442791,46.0507295429707,10.7653269767761,0.556274890899658,1.10296618938446,0.892839729785919,116.856374680996,1.39320480823517,10.0517603158951,1.73594537377357,924.082372486591,1.74043357372284,2.87921199202538,16.1440968513489,571.846330851316,21.4406778216362,3.38874274492264,1.91954094171524,0,1.24808549880981,76.3562357723713,262.737391144037
3997.04382833838,21.5659346580505,551.145553320646,462.350823789835,102.088752508163,9446.26820877194,0,17421.929068625,362.771323025227,26819.9933224618,1187.04240840673,768.405595853925,1117.19996184111,33454.4073441625,561.312802404165,17.5482415854931,308.024712979794,392.418727636337,281.070438683033,356.061891973019,2851.37116864324,65.4783673584461,928.324795156717,3394.68476465344,27.3947615623474,578.123170644045,482.673539996147,105255.80409649,8737.77954418957,21994.9300377071,91.7482767999172,409.095913350582,460.417429357767,3541.53239071369,1320.42165368795,5757.11851853132,192.773484617472,2926.22054630518,313.503216713667,1683.93388271332,1237.54851958156,168.441364079714,354.340203672647,2.44181555509567,72.0981697440147,18.5343032479286,254.389300763607,31.3612194061279,15.8315008282661,2.00720715522766,2.60852363705635,1.20050662755966,150.993746817112,0,17.6119435429573,16.4404190778732,54.1228173971176,181.015185058117,142.026122301817,12.2644619643688,10.2900675535202,2.79557433724403,57.6128556132317,30.8718294799328,9.76268637180328,0,0,0,73.6351174712181,0,12.4633145332336,0.501756250858307,788.432324498892,2.01435229182243,0.749484002590179,19.3041534423828,389.881468117237,15.2287375926971,3.58068460226059,0,1.06168532371521,4.82044142484665,97.210627913475,76.5844303965569
1675.7364025414,13.7067960500717,2341.61689150333,486.000726670027,116.585754156113,18072.1061245203,17421.929068625,0,434.215680480003,7832.75023379922,869.140574783087,4421.17841741443,742.304891109467,22836.4503152966,617.246683120728,15.0936771035194,2153.14243468642,215.689318269491,430.250763118267,485.145893931389,4865.28812390566,73.031351774931,5239.4480111599,800.604576796293,25.6542946994305,533.410456597805,926.974345579743,4592.90747159719,2144.84986022115,8683.56448698044,43.152939915657,1279.89329880476,12.7059495747089,1270.13191446662,72.2675985097885,5091.48126187921,233.340555071831,899.478994250298,385.798603892326,3886.45650690794,270.491322338581,154.152981936932,51.1045539081097,2.65552070736885,28.6637774407864,1.48852491378784,202.1428411901,1.36402451992035,14.0219434499741,0,2.97586843371391,4.70005476474762,67.8604705035686,1.29716610908508,1.75121355056763,2.38459253311157,4.31083178520203,128.535845309496,32.1857196688652,14.1270361542702,8.33980029821396,11.7776510715485,0.685278534889221,21.8976761996746,7.57460886240005,2.04606994986534,0.765503227710724,2.27394306659698,28.7090461850166,0.501658737659454,2.70194947719574,2.66931128501892,549.356270462275,2.40867865085602,8.52398252487183,53.526340931654,188.888247013092,0.502766311168671,3.09504920244217,1.26597389578819,0,2.9114853143692,16.1989698410034,5.96761876344681
4.69015574455261,1211.11020967364,39.2329067587852,3946.30802711844,393.885893255472,522.680565655231,362.771323025227,434.215680480003,0,1576.35468840599,466.613122016191,958.173696488142,599.380276501179,393.463338136673,2232.34095829725,502.735036581755,148.857393711805,107.84531840682,155.493458986282,636.78275936842,339.305618047714,8394.41633677483,298.923611700535,31931.0467073917,503.880315005779,268.108818471432,7774.38865679502,8769.31956025958,510.834471821785,181.037883579731,69.7445933222771,121.890444457531,43.5602073669434,576.763652801514,376.003980875015,2467.08481550217,270.522814661264,498.584520787001,118.482105642557,2176.00698083639,160.677272647619,79.2308643758297,1528.14591035247,122.022247433662,600.250509738922,172.896975755692,577.086229920387,184.191979527473,28.1656476557255,35.9442796707153,23.8164608478546,16.0499821603298,1112.55026289821,14.2507590651512,95.6738684475422,77.6372702121735,336.318198919296,6091.42112621665,456.190166324377,175.804975658655,82.0644007921219,73.7112200260162,379.769953399897,232.737954169512,2806.45665061474,22.8721468448639,60.9783151745796,21.5051086843014,183.836811125278,502.813395649195,1040.04742124677,477.647544085979,5516.45089653134,29.9160149693489,141.531074285507,525.770896375179,2006.62184181809,412.985594451427,317.637685596943,18.2497069835663,18.1237333416939,55.3237165808678,654.208498716354,351.826903134584
47.7657759785652,15.4825170636177,60.1212509870529,4769.17901155353,191.771696388721,32060.8412633836,26819.9933224618,7832.75023379922,1576.35468840599,0,1712.32743364573,8405.05156344175,1484.36765027046,4417.90036320686,915.865143060684,1.91117918491364,140.217444479465,509.191239744425,319.220203757286,6491.92777043581,127.560007333755,53.9362601935863,89.6315478980541,1532.79813221097,51.2466025054455,705.338039278984,327.043622672558,16270.9578326046,3247.75822356343,158.147310316563,97.7848608791828,542.606180384755,20.5420190989971,2294.61507225037,1992.87487605214,5376.24696007371,275.26495796442,2064.9378747642,142.631057471037,2376.53526130319,889.747072339058,293.676449298859,270.22002902627,9.45109388232231,115.952446162701,11.2021088600159,1551.27049303055,17.7846564054489,42.9418191611767,1.10854411125183,8.46490231156349,0,1141.6623878181,9.25414681434631,36.8310176730156,23.938250541687,49.415442109108,751.541487783194,584.705352634192,17.9465490281582,69.5954076647758,6.22167670726776,26.162192940712,145.560814470053,2.08927577733994,0,0,0,440.197214007378,0.372865498065948,7.06124663352966,0.578960835933685,2303.70892524719,1.47477263212204,0,1.68261596560478,1547.90630576015,16.823494553566,3.77194249629974,0,0,9.49801462888718,120.833011776209,145.493781328201
23.2963483929634,1301.79198813438,82.860292494297,191.392292439938,23.6290414333344,828.487794816494,1187.04240840673,869.140574783087,466.613122016191,1712.32743364573,0,1718.343726933,17775.0942167342,637.567895621061,164.425073742867,184.970028728247,426.183645278215,11831.1382693052,2586.28041988611,236.532073050737,189.629180550575,894.507634848356,277.498411387205,755.610587924719,3678.93067085743,8782.60992527008,2352.65507817268,979.497599840164,1249.57430288196,146.381459534168,3227.94525122643,1574.72476786375,5.22401517629623,13087.076435715,88.9046214818954,3320.79233294725,5223.97252193093,6170.40395849943,942.428584307432,534.721209049225,69.7239760160446,5005.14883238077,50.0647848248482,557.415313243866,82.285762488842,32.2397378981113,52.5805362164974,0,1141.99164390564,0,176.222585499287,2.46231633424759,1.75828191637993,0,0,0.537835597991943,2.07009452581406,92.4615662097931,3.2976832985878,2622.82284960151,3.96003410220146,3110.72155106068,10.3144536912441,4.46242332458496,10.1663165986538,7.02756699919701,148.717364519835,39.8351331949234,0,2.84878957271576,36.7949686646461,2.89219057559967,110.551024407148,267.042840540409,747.157585322857,1690.6186311245,21.7544612586498,1.16970074176788,0,1687.23974579573,2.03691530227661,0,127.671278506517,33.2108048796654
26.7185060977936,16.3008980751038,25.0425695478916,11266.9425367415,583.134809970856,9879.26471930742,768.405595853925,4421.17841741443,958.173696488142,8405.05156344175,1718.343726933,0,992.28949534893,2326.79805798829,3595.30759140849,1.24846193194389,116.936772584915,460.458198785782,282.457265675068,7848.9849203527,37.1927534043789,53.9246464371681,43.3992482423782,2240.560667485,53.5100327432156,660.507000744343,460.096513211727,1568.3290207088,1725.90368205309,80.6209992170334,92.135766595602,395.52352899313,0.979687452316284,1373.98814883828,688.317174494267,2078.20277199149,213.762605667114,1002.28421321511,107.131258815527,2901.59368646145,271.073664337397,204.167188614607,125.338094979525,4.44096034765244,45.8210080862045,10.73455286026,766.461656451225,15.9302690625191,38.144815325737,2.28030931949615,6.51093989610672,0,769.612218290567,2.27603670954704,77.6689603924751,13.8847081363201,83.740435063839,248.381165772676,571.37215796113,28.4855266213417,363.470616191626,4.57949212193489,71.9319171309471,105.270069032907,4.28267598152161,0,10.5769706368446,0.707352817058563,271.273115068674,1.63482174277306,8.40779042243958,1.4386493563652,832.093130171299,3.14714390039444,12.2316398620605,8.40070310235023,548.979905068874,25.1221276819706,1.32764178514481,0.763035118579865,0.419485121965408,0,64.9099863469601,211.572597622871
7.47085055708885,2815.35539242625,86.1420727074146,389.891615539789,119.714028328657,628.49477159977,1117.19996184111,742.304891109467,599.380276501179,1484.36765027046,17775.0942167342,992.28949534893,0,344.298852086067,262.977363228798,586.084262698889,78.7411492466927,72.9392114877701,44.7849791646004,256.040062516928,807.927438884974,2003.95268452168,393.568148463964,1999.02814176679,14505.7707618773,311.021794736385,3597.23935267329,3485.0869974196,340.316037863493,202.812559604645,3068.31425645947,992.43534296751,9.54985666275024,2012.25445660949,629.52549469471,6813.81540885568,3583.93124333024,8354.35921213031,2683.31203043461,4945.44539728761,3059.61238333583,10686.2553750873,465.446074903011,1172.1357973516,558.402168810368,112.302629709244,1344.59921044111,239.654499053955,2029.86000844836,9.23232102394104,345.160695910454,9.6107831299305,68.1660148501396,1.64982044696808,40.3913672268391,14.1524219214916,144.563253670931,109.954742014408,126.090700268745,6617.1776818037,44.5005815327168,8041.30456256866,155.003983914852,61.6746037304401,379.733283102512,5.76332622766495,101.014095634222,10.9742963314056,45.4121005237103,155.32609757781,100.167665183544,110.136869698763,797.545938819647,1314.40167713165,1006.0781404078,2666.35276547074,369.798000156879,71.5266943871975,89.3265425860882,3387.08010339737,30.7984631061554,13.1583276987076,625.643392920494,134.021098971367
12796.6919045746,15.9490410983562,1936.57059511542,297.717179328203,35.8218475878239,1498.36924698949,33454.4073441625,22836.4503152966,393.463338136673,4417.90036320686,637.567895621061,2326.79805798829,344.298852086067,0,187.224333941936,21.6734655499458,3345.12860700488,221.637959063053,802.978002786636,367.929300844669,5763.91048945487,66.4595046043396,5905.98774701357,1081.248195678,10.9437483847141,664.544604599476,1153.76092007756,6550.23485979438,23032.5173602104,18796.7759415209,25.3839195370674,487.163506597281,279.345989435911,1269.48778030276,100.293715953827,2677.2493070662,204.294595688581,823.32513692975,307.773981273174,629.227950334549,80.9614678919315,61.1801128983498,47.917052000761,4.18995642662048,17.927447617054,5.63013952970505,120.230798453093,0.851851284503937,20.0532146394253,0,4.08667486906052,6.97361201047897,29.1436864435673,0,1.25046515464783,4.82327234745026,0,99.1455265879631,8.56800013780594,3.55411344766617,3.47624981403351,3.65590927004814,0,7.84138026833534,14.6061017513275,2.21812325716019,3.76375609636307,4.67686900496483,12.3306424617767,0.78325891494751,7.17588409781456,7.01889562606812,611.58597150445,1.23619523644447,11.0704635381699,105.513876378536,159.494382977486,2.75368529558182,1.15998032689095,1.48649644851685,0,3.04639685153961,22.123609572649,2.56730684638023
1.53143316507339,213.399849772453,10.7980295717716,1625.28561258316,587.295609265566,2655.74214801192,561.312802404165,617.246683120728,2232.34095829725,915.865143060684,164.425073742867,3595.30759140849,262.977363228798,187.224333941936,0,22.9582140147686,15.3017463386059,23.1131165027618,23.4398415386677,541.427190124989,97.4479259848595,877.975833624601,45.5199535489082,5334.1445004046,86.1987181007862,49.8291844427586,1038.19930285215,3092.27878156304,218.377180397511,52.3396914303303,7.23345133662224,106.587057828903,1.93916368484497,179.754617959261,956.322473555803,605.620222270489,56.6657879054546,144.137896895409,34.7220166325569,4803.72411873937,94.5127359926701,41.3542324900627,96.5104289054871,40.2532557845116,73.2456402182579,68.7106396555901,285.576150536537,11.0744014382362,9.26469784975052,5.81268918514252,1.01272082328796,2.81858825683594,313.935390919447,1.75377929210663,6.9209578037262,4.67120164632797,16.1929173469543,110.876049637794,135.354675352573,6.87921738624573,15.5956490635872,0,21.7263583540916,39.6089531183243,167.764309048653,0,0.928423464298248,1.88849341869354,67.1068604886532,68.2464033663273,75.6229705810547,36.9851377308369,502.061546415091,0,5.73319566249847,34.7261191606522,251.468917548656,13.1745588779449,35.2297579050064,0.596612989902496,1.69016945362091,8.02077949047089,49.4081270992756,573.075740695
2.87576591968536,1473.96177652478,125.385073035955,0,21.0224043130875,6.6257276237011,17.5482415854931,15.0936771035194,502.735036581755,1.91117918491364,184.970028728247,1.24846193194389,586.084262698889,21.6734655499458,22.9582140147686,0,509.089495480061,24.750418394804,178.815115123987,0,7316.64594736695,14673.6672253609,7394.11077198386,800.308307558298,590.574294984341,175.830273449421,15324.9148914516,947.922856807709,19.9494885802269,137.970464646816,43.6939781904221,8.18773847818375,1.85293677449226,1105.57600831985,921.164381206036,4576.14348122478,1612.93969619274,1824.38553422689,1563.0535261631,41.4423549473286,26.3756407797337,43.8418985307217,1100.57077738643,110.639784812927,574.842428088188,492.87989667058,55.5473316609859,42.3230482637882,26.1341674625874,10.5579025745392,11.9589438140392,72.6572769582272,5.56056192517281,2.94054532051086,5.31467133760452,12.3124354183674,9.19946750998497,226.429989665747,2.64482340216637,73.3951570987701,1.10038268566132,53.2201517522335,31.7680492401123,47.8679511547089,9689.29824280739,57.3124547898769,12.6950309276581,27.1711287796497,1.60544162988663,1409.11079591513,1351.02680948377,4336.01870778203,920.997325479984,26.6893418431282,41.4320495426655,1766.42935308814,798.036054521799,72.7633835673332,312.641714572906,32.3330392241478,0,16.4269871413708,437.64745298028,245.87135642767
505.258483469486,243.047667860985,35255.2326630354,11.3434520959854,5.35168915987015,150.102367132902,308.024712979794,2153.14243468642,148.857393711805,140.217444479465,426.183645278215,116.936772584915,78.7411492466927,3345.12860700488,15.3017463386059,509.089495480061,0,814.259854823351,10774.6844240427,20.8461962640285,3774.11743751168,258.201188951731,17819.9072055221,225.807546824217,10.7271547615528,16636.786423713,28633.8076590896,1666.90837284923,3135.13706225157,1366.65824833512,1.54006099700928,233.628502577543,285.117900192738,8430.12078049779,244.112627446651,3243.40905159712,1747.70757335424,2989.32844138145,1627.88025507331,44.2621873021126,55.3877022564411,9.84590622782707,462.668775677681,62.5382990241051,257.167410105467,203.003347694874,12.0999921560287,13.1692192554474,9.05463761091232,4.313560962677,95.5548578500748,549.306975007057,2.40604889392853,0,0,2.39521616697311,0.590280532836914,29.7810498476028,0,7.98879235982895,0,0,3.03712552785873,6.39524114131927,370.694183140993,493.812397480011,14.6008918881416,104.874830752611,0,119.777575820684,99.051836758852,222.348341822624,140.836055874825,0.592670857906342,382.272057265043,5396.04736667871,155.001694530249,4.47638413310051,35.5152292251587,0,0,7.14843308925629,168.912669837475,83.8056702017784
3.7061273753643,34.8321579098701,205.795258045197,37.0860992372036,4.4710573554039,173.526322036982,392.418727636337,215.689318269491,107.84531840682,509.191239744425,11831.1382693052,460.458198785782,72.9392114877701,221.637959063053,23.1131165027618,24.750418394804,814.259854823351,0,5561.0000474453,70.6383363008499,186.593783706427,46.5610637664795,397.800797104836,131.690286874771,104.33343744278,6636.05387535691,2496.98552057147,247.424929231405,537.661300927401,77.2289118468761,27.630991846323,368.98760664463,16.3688826560974,4220.95896017551,176.165404081345,2887.04933074117,4286.54123705626,3697.37470078468,1156.50202605128,98.4306508898735,32.7733336091042,22.1572256982327,101.682311952114,137.730068057775,97.9460318982601,88.5917110443115,4.74981904029846,2.37994930148125,1.01645708084106,0,44.2974542081356,11.9061497151852,0,0,0,0,0.955652505159378,16.2740252614021,0,46.6444671154022,0.614767074584961,88.7005824446678,6.08343204855919,6.04480999708176,8.26587820053101,52.6834617853165,500.746656745672,143.997016757727,0,3.95549246668816,10.7540825307369,14.4328033328056,0,127.235599637032,1226.87150278687,2383.0845759213,0.458508491516113,1.08746427297592,0,323.530333340168,0,0,39.1607263982296,76.1713182926178
99.5212360918522,284.890140295029,1985.30886909366,18.2420820891857,2.87307292222977,121.871873497963,281.070438683033,430.250763118267,155.493458986282,319.220203757286,2586.28041988611,282.457265675068,44.7849791646004,802.978002786636,23.4398415386677,178.815115123987,10774.6844240427,5561.0000474453,0,35.3328818678856,949.499251961708,116.46424895525,2050.45614993572,190.481293082237,39.0091232359409,18434.7842893302,10441.3999756873,569.13563683629,1205.07612791657,306.550698012114,1.03946232795715,350.294925093651,96.8544714748859,8050.93975219131,191.949518829584,3459.82514932752,3836.33237653971,2845.90016469359,1461.7666836977,74.8517165184021,38.4242939949036,3.3386766910553,327.951545804739,98.9601635336876,222.500542610884,196.172803848982,5.64410001039505,4.22572213411331,2.99746036529541,1.66501092910767,101.565850049257,140.122745811939,0,0,0,11.7113628983498,1.65396809577942,26.5877388715744,0,16.2153051197529,0,8.77022817730904,3.77927362918854,6.05981206893921,74.1114718616009,476.18959748745,304.920121371746,700.561536639929,0,23.7174198031425,42.9639617502689,87.7735892832279,22.4306372106075,41.1014057099819,1462.24512812495,5207.15732601285,28.1649956703186,3.98744955658913,9.05690169334412,24.7587725818157,0,0.94261622428894,122.311263948679,79.9676070213318
4.17276096343994,2.0834566950798,1.48306804895401,19275.9516078532,128.562146216631,510.536745369434,356.061891973019,485.145893931389,636.78275936842,6491.92777043581,236.532073050737,7848.9849203527,256.040062516928,367.929300844669,541.427190124989,0,20.8461962640285,70.6383363008499,35.3328818678856,0,7.42449834942818,15.1177824139595,5.73764750361443,668.651033073664,8.83764106035233,93.2550039291382,54.1372393369675,794.819266498089,331.045434862375,14.7972229719162,14.7518638074398,67.3886757791042,0,211.902956277132,38.773044615984,591.887928247452,36.9277622997761,181.178076952696,16.0871910154819,657.620094180107,94.2516001462936,42.6457529366016,88.2416406273842,1.09727191925049,37.5128643810749,5.41610068082809,559.840205609798,21.9881793260574,13.5246216654778,1.41569590568542,0.452406704425812,0,674.421905606985,4.39576798677444,20.5970124304295,8.27840226888657,30.7486589848995,272.798896044493,388.141592264175,4.36563956737518,317.495332032442,0.48106524348259,17.253469735384,86.832382529974,3.36115139722824,0,0,0,187.388804644346,0,0,0,828.059780597687,0,0,1.05595207214355,639.773269325495,8.81455230712891,1.21393215656281,0,0,4.67405152320862,47.2039220929146,5.78798085451126
926.984910011292,142.306204140186,6776.01476323605,11.9515051543713,120.010099828243,811.942462265491,2851.37116864324,4865.28812390566,339.305618047714,127.560007333755,189.629180550575,37.1927534043789,807.927438884974,5763.91048945487,97.4479259848595,7316.64594736695,3774.11743751168,186.593783706427,949.499251961708,7.42449834942818,0,1504.73495733738,51164.4032733738,579.792529255152,65.336946696043,663.918871611357,8703.99292713404,33763.242405504,3058.72301110625,40624.6432617903,7.10099065303802,75.7706544697285,469.359675168991,21056.708593756,3536.61392390728,10077.5374036431,1213.37223401666,13007.1898207963,6068.09076684713,120.170654624701,203.679433643818,83.8002269268036,752.80028373003,72.1576472520828,397.023857563734,218.115122020245,138.746720433235,68.4164343774319,61.979439496994,19.847504734993,10.1568420231342,88.7281607091427,7.50602522492409,3.54482871294022,3.5410333275795,13.8730399906635,16.5818909406662,307.444471538067,9.99226647615433,17.4471659958363,1.04833400249481,3.92971232533455,39.886578053236,72.1239395737648,2481.66684606671,22.4348813891411,5.54116177558899,7.49642464518547,2.1207041144371,809.214283525944,466.814881443977,738.632022112608,1269.97213193774,4.00412407517433,15.2283164858818,982.198271989822,963.292056113482,160.633727043867,410.044073581696,1.72876253724098,2.83257293701172,30.4147711992264,376.575173527002,428.33595046401
1.59831130504608,4607.81593161821,95.6592310965061,22.9668863415718,127.377233445644,48.17074239254,65.4783673584461,73.031351774931,8394.41633677483,53.9362601935863,894.507634848356,53.9246464371681,2003.95268452168,66.4595046043396,877.975833624601,14673.6672253609,258.201188951731,46.5610637664795,116.46424895525,15.1177824139595,1504.73495733738,0,2531.26831409335,22354.21923244,2091.5108678937,298.034822463989,17417.2724960446,4247.72645449638,153.180127263069,254.174605458975,145.79743295908,49.4537912607193,44.8565818667412,522.709434002638,487.946946680546,3386.98777639866,497.911271929741,661.910222411156,262.718347519636,838.049787253141,93.578810185194,149.845025867224,607.792957365513,94.3157444596291,307.170584380627,183.424043118954,77.2027961015701,32.5232090353966,47.7360174655914,12.7774122059345,26.3895106315613,90.7225506007671,26.823237746954,5.16428989171982,10.8188386261463,19.864213436842,25.217793494463,314.662168473005,9.06763988733292,274.379222989082,1.92011541128159,260.410513520241,40.0651821196079,49.8014157116413,2206.43612194061,42.8654784858227,16.5285433232784,16.7023540139198,6.29132544994354,396.261652588844,795.338907271624,723.126786231995,1223.63849204779,89.8159822821617,135.355151385069,2498.67806947231,539.327512711287,89.6233530342579,148.614536464214,206.443581670523,0,29.8710095882416,223.387946248055,120.825091511011
1045.27866286039,238.889934241772,29784.0043525696,3.40330076217651,69.4876839518547,619.378996282816,928.324795156717,5239.4480111599,298.923611700535,89.6315478980541,277.498411387205,43.3992482423782,393.568148463964,5905.98774701357,45.5199535489082,7394.11077198386,17819.9072055221,397.800797104836,2050.45614993572,5.73764750361443,51164.4032733738,2531.26831409335,0,386.221392244101,77.7682934701443,2921.97382965684,42431.3148371279,5707.39481827617,3709.92425724864,4138.99876633286,12.4526130855083,182.228067710996,367.090187877417,19681.832733959,4076.8746855557,29074.225887835,10205.0202361047,22842.9789912999,16743.3228111565,316.089740991592,232.794308334589,27.7650849819183,1374.01724359393,142.507683575153,703.588536143303,688.731920212507,97.7374247610569,40.4407457709312,22.0569201111794,16.0627265870571,10.4386295974255,635.922950237989,2.15714728832245,4.17523574829102,3.24584245681763,45.4234904646873,21.2894808351994,123.976224422455,4.88369515538216,20.7848575115204,0,4.43372619152069,60.643992215395,71.0079738795757,9380.35411670804,140.50220862031,18.2685114741325,28.0629534423351,3.29310655593872,1464.8484775722,868.524198800325,5883.66834756732,754.17299798131,6.40261960029602,45.7068393826485,6850.97101908922,810.114165723324,53.5081626474857,275.712798833847,0.674208402633667,0,16.3573156297207,506.985493659973,925.991056114435
17.7810356616974,1541.63102582097,70.9158951342106,2750.23275795579,1075.985984236,1040.63960751891,3394.68476465344,800.604576796293,31931.0467073917,1532.79813221097,755.610587924719,2240.560667485,1999.02814176679,1081.248195678,5334.1445004046,800.308307558298,225.807546824217,131.690286874771,190.481293082237,668.651033073664,579.792529255152,22354.21923244,386.221392244101,0,892.625969707966,381.485045224428,6140.46803113818,14698.1195213199,2311.26333418489,1918.02308741212,103.81932246685,223.36254298687,485.909805983305,2220.4672510922,2913.25219026208,8296.75223630667,671.192374736071,1790.65036436915,491.789163410664,4082.20244252682,654.139254152775,206.020808011293,5277.19778001308,133.507339537144,1842.21056908369,294.749688893557,2390.51162806153,686.649356991053,144.877039551735,93.674759209156,39.052563726902,4.97646686434746,2125.79331231117,8.39355319738388,225.348661869764,258.058317303658,1041.07687583566,3016.72572860122,1255.06922352314,217.55167517066,260.552326142788,92.2703205347061,1313.2668915391,600.100065976381,725.558766484261,11.5352711081505,8.27739974856377,6.24238848686218,511.668447464705,178.128728628159,392.352725565434,101.444839626551,14491.6872398853,37.1007854938507,38.8529767096043,286.520661711693,4471.39042538404,1049.00651493669,373.37429946661,46.6664310097694,35.7399771213531,191.895858496428,2116.84891632199,479.704134583473
0,4178.01882296801,4.1199814081192,7.81255620718002,4.46530902385712,23.4770384430885,27.3947615623474,25.6542946994305,503.880315005779,51.2466025054455,3678.93067085743,53.5100327432156,14505.7707618773,10.9437483847141,86.1987181007862,590.574294984341,10.7271547615528,104.33343744278,39.0091232359409,8.83764106035233,65.336946696043,2091.5108678937,77.7682934701443,892.625969707966,0,1023.86378237605,14471.1405898929,319.90342143178,24.7973090112209,10.3135916590691,1151.722086519,29.1820906102657,0,313.719346195459,7.85876700282097,268.072347402573,534.993873149157,454.301772743464,49.210070759058,101.502550810575,4.45466893911362,889.779040396214,168.46257764101,307.485664814711,177.095310002565,94.9904972314835,6.40763211250305,0.440885782241821,465.668872773647,0.534435212612152,553.883966773748,6.76129204034805,1.3175288438797,0,0.955491065979004,1.3400152027607,6.79112729430199,11.1763252913952,4.10683572292328,2160.32251513004,5.47825372219086,3759.57891881466,25.4941530227661,0,7.42176198959351,32.4940027296543,330.098792821169,271.926993668079,0.524650394916534,4.72838398814201,73.2945656478405,8.31885766983032,36.9598046839237,3645.91398864985,1555.91070154309,4416.53126859665,4.81520587205887,4.30472803115845,0,1465.24496904016,2.62111878395081,0,203.142202883959,3.97119212150574
56.252711981535,1207.94606456161,28927.1022577584,22.1790435016155,10.7941490709782,261.859152823687,578.123170644045,533.410456597805,268.108818471432,705.338039278984,8782.60992527008,660.507000744343,311.021794736385,664.544604599476,49.8291844427586,175.830273449421,16636.786423713,6636.05387535691,18434.7842893302,93.2550039291382,663.918871611357,298.034822463989,2921.97382965684,381.485045224428,1023.86378237605,0,41670.2665390968,498.342619597912,1224.9951967597,142.586420714855,587.113106012344,695.437302231789,21.582530528307,8449.25087293983,619.436588048935,12220.5002706945,13076.8290905058,9122.56287658215,4084.50491032004,198.085904896259,75.1756222844124,67.0973798632622,1758.96269792318,1089.60746061802,1324.21393746138,1054.30661222339,19.2020643353462,12.3253103494644,15.1177288889885,22.238692343235,610.507450819016,557.893535286188,0.934098869562149,0,0.555309474468231,73.5069969594479,7.99754455685616,90.1609269678593,0.851007997989655,591.122857451439,0.84695166349411,1173.1664904058,53.6528580784798,19.6271399259567,75.8055123388767,2075.73395699263,2426.13371652365,2754.05767419934,0,57.4733247756958,106.136678159237,270.761198937893,50.8403887748718,1164.41000682116,9441.52472567558,29037.0557102561,27.6026334762573,47.0473760664463,29.7078515589237,2494.05927658081,0.467388063669205,0,574.628584206104,271.197344869375
166.501812279224,25673.5076251328,17974.655390054,25.393488407135,135.120248675346,252.491690278053,482.673539996147,926.974345579743,7774.38865679502,327.043622672558,2352.65507817268,460.096513211727,3597.23935267329,1153.76092007756,1038.19930285215,15324.9148914516,28633.8076590896,2496.98552057147,10441.3999756873,54.1372393369675,8703.99292713404,17417.2724960446,42431.3148371279,6140.46803113818,14471.1405898929,41670.2665390968,0,5181.07632225752,1633.11204847693,393.220547914505,2049.66886258125,687.231520146132,43.749618023634,15809.5555167794,2156.57444748282,35051.8581464589,18785.139243871,20306.0559825897,12748.0335585177,1215.05671426654,351.986221969128,88.7110585272312,7964.44843322039,2455.61874955893,5240.18423786759,4448.34880289435,118.664537996054,56.3679908514023,71.30470007658,73.9236796498299,3574.29860937595,7291.89128011465,4.75689071416855,0,4.50291261076927,338.14341917634,61.5920471251011,316.645822018385,3.14356499910355,1309.69322529435,4.18209689855576,2554.4186655581,326.503122419119,56.5098485946655,6017.08323588967,6729.4454331696,3422.49661910534,4677.55802163482,0.4073506295681,561.749269753695,2846.44206956029,8453.91032016277,521.985986471176,2907.55381497741,16358.6882875562,122938.727492839,508.195810377598,80.3707963228226,114.009351402521,3863.62589609623,0.923998475074768,1.27828288078308,2589.38686880469,1079.09654858708
148.645452350378,540.123344749212,1961.85723286867,2728.19149404764,830.377493351698,4385.89479720592,105255.80409649,4592.90747159719,8769.31956025958,16270.9578326046,979.497599840164,1568.3290207088,3485.0869974196,6550.23485979438,3092.27878156304,947.922856807709,1666.90837284923,247.424929231405,569.13563683629,794.819266498089,33763.242405504,4247.72645449638,5707.39481827617,14698.1195213199,319.90342143178,498.342619597912,5181.07632225752,0,7858.04741692543,26683.0671890378,50.7713148295879,485.335347801447,1838.25814190507,14038.4111590683,7214.21216979623,18436.6701335907,1039.49812802672,9276.10682731867,2508.82118105888,4296.59944707155,1858.2692386508,383.843809068203,4754.937872082,206.683233082294,1783.40027189255,377.686085551977,3424.63909298182,615.6435546875,259.538456678391,99.49362885952,31.3984937667847,31.2080858945847,3323.47837764025,20.3956980705261,208.570453286171,186.843206733465,637.589279383421,3481.01306387782,2176.07162255049,137.970975339413,211.243028819561,16.5213035345078,767.347854793072,645.48875951767,1789.47615104914,17.3609844446182,2.95098948478699,3.17557221651077,1073.21058046818,510.708656162024,598.722718775272,316.916699111462,13979.8881390691,8.61984449625015,8.42032742500305,444.900558322668,6565.22608575225,995.923482269049,646.919863075018,3.47198224067688,3.87780117988586,178.103793978691,1865.91363722086,678.675375133753
4847.7207865417,34.7619572281837,633.658936709166,284.040635585785,39.4065546393394,678.741106212139,8737.77954418957,2144.84986022115,510.834471821785,3247.75822356343,1249.57430288196,1725.90368205309,340.316037863493,23032.5173602104,218.377180397511,19.9494885802269,3135.13706225157,537.661300927401,1205.07612791657,331.045434862375,3058.72301110625,153.180127263069,3709.92425724864,2311.26333418489,24.7973090112209,1224.9951967597,1633.11204847693,7858.04741692543,0,17683.106833905,59.6542270183563,907.515734910965,5984.75812163949,5987.07402724028,213.887433767319,2964.08172172308,229.607074856758,1020.66739827394,196.171246558428,532.500150501728,140.752142965794,56.8918735384941,70.1962112784386,10.1354120969772,39.2846488952637,14.8714755773544,129.482835114002,8.55016946792603,12.6832953095436,2.23465979099274,4.67945888638496,10.7277026474476,19.8196489810944,0,1.48667693138123,5.54699087142944,4.16482031345367,152.106460541487,8.4526204764843,4.54276138544083,3.89660006761551,6.94905471801758,4.04120767116547,19.5267117917538,36.2492643892765,12.8527031838894,8.7731471657753,8.42236062884331,10.1334538459778,0.944552779197693,16.5748722851276,5.02132961153984,674.491633474827,8.61928349733353,40.8554898202419,255.992839425802,126.831726253033,6.94427400827408,5.50121942162514,8.1242111325264,0,2.90285086631775,33.1007617115974,20.423076570034
6294.84275609255,20.3081362247467,716.401727259159,6.35248309373856,19.8743368983269,712.358031958342,21994.9300377071,8683.56448698044,181.037883579731,158.147310316563,146.381459534168,80.6209992170334,202.812559604645,18796.7759415209,52.3396914303303,137.970464646816,1366.65824833512,77.2289118468761,306.550698012114,14.7972229719162,40624.6432617903,254.174605458975,4138.99876633286,1918.02308741212,10.3135916590691,142.586420714855,393.220547914505,26683.0671890378,17683.106833905,0,4.7019949555397,54.6546976864338,1926.04185500741,6072.55482178926,284.136720001698,472.292249143124,67.6971434950829,1498.85083898902,282.296836912632,76.7752035558224,152.123006105423,20.955768853426,85.4359857141972,6.9935330748558,48.2170034646988,21.2245602011681,22.3108109235764,6.59223890304565,3.34155416488647,0.948103606700897,4.39942890405655,5.87485873699188,0,0,0,0,0,58.6541694998741,0,3.19805806875229,0,0,1.81832313537598,11.7806482315063,166.916334092617,1.70985960960388,0,0.715066075325012,0,43.2250271737576,56.0666823089123,24.9326693117619,196.271338194609,0.762283861637115,3.70312204957008,33.627745360136,129.39428088069,18.8404383659363,16.5446209311485,0,0,7.33092504739761,28.2690582871437,40.4928528666496
