0,4.00717911124229,335.415350317955,7.72990688681602,1.38594031333923,123.4549921453,5006.08263984323,3534.44749012589,47.199763327837,290.787182688713,112.125750780106,20.9541358649731,6.03320807218552,21783.8223135769,46.4282813668251,2.24071156978607,1898.09701088071,36.6028255820274,229.873820364475,35.4401713311672,164.823490828276,1.54542815685272,2378.71052354574,56.234790802002,0,637.726623654366,210.024840712547,200.358069777489,13024.4618778825,6684.47444590926,1.54583349823952,68.1884338855743,34.5903773605824,485.005341202021,39.4961197972298,229.13654127717,5.06074893474579,152.948580861092,105.359251141548,54.3641542494297,18.5322415232658,0,16.5906006097794,0.517167448997498,6.58703935146332,0,9.58317130804062,0,0,0,2.18207341432571,0,1.779760658741,0,1.07619720697403,2.36068314313889,0.65668398141861,7.56071424484253,0,0,3.04023522138596,0,0,0,0,0,0,0,2.36503654718399,0,0,0,55.0072681903839,0,0,6.6198439002037,41.1325442194939,0,0,0,0,0,3.00458526611328,2.98857280611992
4.00717911124229,0,88.0397900640965,1.23854076862335,1.7379202246666,7.88838940858841,24.5300787985325,11.2293951511383,1391.79905211926,23.20152130723,832.972402662039,19.2088169753551,2490.42003968358,42.0107304155827,10.8349093496799,976.100438177586,541.578238129616,25.3989623785019,123.281528174877,6.31068229675293,57.2982113659382,1126.37495610118,175.682551473379,1556.14255896211,4274.48008003831,841.092238157988,30029.5835129619,123.097440302372,44.0691105425358,27.1794447004795,24.2177919447422,14.2913274168968,1.8882762491703,560.026104927063,77.7465170323849,1376.78575575352,427.386360436678,451.024998933077,534.357438504696,25.898881316185,28.9032182693481,625.26420751214,467.680974304676,164.881568282843,245.919539511204,158.23818564415,3.9988876581192,1.41214454174042,62.1555942893028,1.48369055986404,5484.23539787531,150.712056428194,2.20475062727928,0,2.32816445827484,7.15352541208267,6.35975563526154,107.955953091383,2.69142523407936,117.778103649616,3.27926164865494,345.330887168646,3.18847501277924,4.78169453144073,39.2656164467335,116.262806683779,21.7528088092804,127.347078204155,1.21815478801727,8.04805475473404,259.917170703411,26.6477352678776,161.002066612244,600.200059592724,890.710973411798,11768.6077772975,68.231393456459,4.0725371837616,8.05018252134323,56.3356918096542,1.715292096138,0,45.695160806179,38.4616324305534
335.415350317955,88.0397900640965,0,18.8928678333759,6.74003005027771,215.702523604035,3734.21168288589,1403.04680895805,398.034186959267,245.056642204523,251.387217015028,29.9104571044445,3.71416112780571,1168.57746714354,236.358340382576,72.8984718620777,41454.9059013724,151.329078346491,1114.24960467219,43.7383765280247,5362.5492310524,39.8001170158386,41082.1973336935,410.48775100708,2.04723644256592,29257.2272779047,19732.0715965629,4305.32083004713,427.848100781441,2695.42762675881,0.657518625259399,21.2459103763103,42.675998032093,2334.45389732718,1073.43288683891,7315.40971523523,262.168902128935,3102.176638484,4488.84559893608,174.034500926733,44.9289899468422,0.608727991580963,125.045541614294,24.3668090701103,24.813467592001,37.7826137542725,6.72361439466476,1.34356844425201,0,1.30075860023499,66.8660766780376,181.685269087553,0,1.50737297534943,0,26.0133880078793,1.54804921150208,108.03848105669,0,0,4.95406472682953,0,0,0,5.7492099404335,48.6519492268562,0.582356810569763,4.79878029227257,0,1.74333208799362,45.157442688942,16.0129752159119,396.243544876575,0,92.0100984871387,2211.33109751344,233.401709616184,0,1.23520696163177,0,0,0,6.60441136360168,468.648694962263
7.72990688681602,1.23854076862335,18.8928678333759,0,106.108134627342,98.8869488835335,205.072838306427,117.275356084108,1143.19628071785,6324.07949277759,65.9387366771698,11271.9978838563,4.10887235403061,128.450317889452,444.646390169859,0,18.9489939510822,4.20555830001831,11.2591317594051,23940.0122989714,2.21068328619003,0.768694221973419,35.5611787140369,2060.0313077867,0,34.8842117190361,5.67155933380127,8447.50494644046,96.5409896075726,47.4074494540691,1.11809176206589,32.7244901061058,0.547446072101593,45.7870192229748,74.726194947958,415.238054543734,2.99668720364571,27.7052492499352,20.6065641641617,574.61763265729,31.9476234018803,4.58800473809242,130.662206798792,1.91138261556625,9.56142383813858,4.3763393163681,301.281897604465,3.37665033340454,0,0,1.10680067539215,0,1591.95054525137,19.4541113376617,85.4570744037628,39.3898637294769,51.7667777836323,130.397984594107,313.999705970287,19.7789351642132,1096.89435309172,7.49749267101288,29.486049592495,71.8627413213253,0,0,1.33907708525658,0.760056793689728,665.840036302805,0.407742887735367,1.184250831604,0,766.431160658598,0,2.19743359088898,0.718265742063522,623.798084914684,15.8536779284477,0.662746071815491,0,0,0,20.9368423223495,5.43917366862297
1.38594031333923,1.7379202246666,6.74003005027771,106.108134627342,0,1992.01941072941,65.0728569328785,116.761604934931,292.938392043114,152.930958449841,13.1313811838627,245.649353325367,3.5404571890831,27.1753860414028,3945.92845076323,11.9758581519127,2.29478815197945,2.35824596881866,1.14099258184433,193.700882017612,74.7682958543301,6.53838929533958,114.726884365082,652.707046866417,1.80797278881073,5.22671011090279,18.838983297348,328.832240223885,46.2665599286556,18.5105947852135,0,1328.53342722356,0,2597.67384898663,359.929286241531,330.488834738731,6.81501477956772,3.33218842744827,49.7770324349403,10954.4462189078,3728.29861354828,3.62503051757812,23.919587880373,4.5809850692749,12.3039026558399,60.4558098912239,99.1580066084862,0.544535994529724,1.19758117198944,2.27041697502136,0,0.514299392700195,47.9966560602188,6.19843649864197,17.3662294447422,17.6087228357792,4.57916736602783,7.07697409391403,34.2322271764278,5.63702684640884,42.6663163900375,4.81639522314072,5.69322600960732,21.4510083496571,13.8967600464821,0,0,1.26304686069489,20.2076917588711,29.9149775505066,2.8997859954834,37.2297652959824,115.449037492275,0,2.78907859325409,13.533643424511,88.4798242151737,2.92855668067932,10.7274708151817,0,1.89019465446472,0,0,1328.9408775568
123.4549921453,7.88838940858841,215.702523604035,98.8869488835335,1992.01941072941,0,8907.75044365227,16840.5981132835,599.49729719758,23432.6704961061,829.570490926504,7748.2070299685,62.0842462182045,1967.02826605737,5750.16977143288,6.50440660119057,214.071178555489,122.784740507603,125.454380244017,482.742125317454,74.9303134977818,14.0117304623127,321.458193838596,963.540302067995,11.6823255419731,360.672033324838,141.29955381155,1867.52700379491,1173.56524764001,670.487251624465,20.8583271205425,2134.47434459627,15.364272415638,677.807246178389,5664.4851488173,3376.36925643682,58.8130565285683,207.286437064409,192.400712907314,6637.99184444547,1184.39827772975,30.9167966842651,112.705223709345,13.670520991087,32.2848586440086,6.74883502721786,325.637726694345,3.11837977170944,1.24012196063995,1.74545013904572,5.14730793237686,0,122.742719858885,16.6452833116055,40.1592876911163,49.9489125609398,15.2124179005623,110.169298201799,65.3671509623528,31.7507647871971,132.139275550842,14.423093020916,8.22089999914169,48.1922274529934,1.11508870124817,0,0.456590056419373,0,75.0395541787148,1.4306857585907,6.9325735270977,0.322649240493774,621.154661774635,0,1.58897486329079,9.31879678368568,477.898269355297,3.3080889582634,0,0,0,0.425882458686829,14.0230233073235,505.151904404163
5006.08263984323,24.5300787985325,3734.21168288589,205.072838306427,65.0728569328785,8907.75044365227,0,24152.1337820143,2063.87335079908,27450.9223016798,765.988687336445,312.740063548088,34.2605481743813,18069.1795495301,1072.41852939129,32.7243962287903,1754.96226605773,188.204856008291,308.567143201828,381.403779178858,1936.80392789841,166.934689700603,5069.27448344231,5895.35084694624,5.11896166205406,1616.66764342785,833.59989887476,51938.8502272069,3252.95762011409,28842.5714076161,9.06017115712166,479.489256948233,170.211871951818,1643.69665569067,831.298853486776,5744.54085934162,191.131478756666,1194.29452252388,1058.8824326992,975.264130890369,201.127424657345,14.0257267057896,1803.39049178362,8.42500188946724,211.10226225853,39.2726950645447,539.979396134615,26.7744984030724,1.72598087787628,3.52680236101151,10.2947683930397,12.6914248764515,324.265819460154,20.9709124863148,97.6968258917332,326.645101070404,221.501156538725,509.200567513704,250.633381903172,27.0757830440998,177.841621518135,3.66000205278397,103.13029396534,51.766386449337,85.7156726419926,0,0,0,152.822459518909,4.70473176240921,75.8168978691101,80.9831935465336,3048.03893855214,2.81779670715332,0,376.4536267519,2539.84597426653,146.091966301203,4.21420252323151,0,1.35485172271729,12.2728431224823,261.890907377005,196.965948164463
3534.44749012589,11.2293951511383,1403.04680895805,117.275356084108,116.761604934931,16840.5981132835,24152.1337820143,0,619.762696146965,14035.11879915,775.261726438999,2786.46150422096,57.942382723093,24748.1576032341,641.635223925114,6.26571598649025,4102.74888604879,155.095952779055,636.355668589473,596.363822102547,355.409597635269,27.1439283192158,4321.94042021036,745.835017621517,14.4865557253361,2140.36557796597,583.962210118771,2212.09198138118,4466.41146159172,5732.26734054089,20.7979340851307,752.966195821762,37.3284283578396,1117.55283352733,825.01730966568,2799.37398332357,57.366783618927,697.597703307867,637.283685803413,1394.31435355544,223.020623475313,17.3218867778778,48.0802785158157,8.13757061958313,16.8257466554642,5.71355843544006,186.353638619184,0.855319023132324,2.77364647388458,0,1.08323669433594,0,23.5211742520332,8.41970819234848,11.0794727802277,33.9629301130772,8.41293048858643,162.830634146929,22.2754364609718,13.4121516346931,52.3580823540688,13.7493326663971,2.38628649711609,29.0707621574402,3.75052171945572,0,0,0,21.4832672774792,1.03943073749542,13.1687186062336,0.548502683639526,766.0651268363,0,0.486601382493973,10.8621752858162,478.467239916325,5.28348034620285,0.998840689659119,0,0,0,4.37216338515282,138.182941526175
47.199763327837,1391.79905211926,398.034186959267,1143.19628071785,292.938392043114,599.49729719758,2063.87335079908,619.762696146965,0,1664.73420420289,670.826739042997,1908.39897945523,630.520804703236,606.862421065569,1582.47360605001,115.780524045229,302.371757090092,92.4730831086636,89.7456944286823,1402.44764101505,98.1047447323799,9162.59141480923,366.285910695791,41963.6387754977,1116.84329274297,554.730583786964,8762.05570453405,7285.17246246338,628.837686359882,459.455717176199,15.7356947362423,139.125008016825,26.7962993681431,611.478691577911,490.722465634346,5095.31558138132,143.713594138622,347.340001434088,299.575546741486,1466.32049590349,123.828868120909,91.9861190021038,2047.88263291121,57.7674759626389,190.66436162591,28.4753244817257,717.82878819108,29.1633553504944,18.2337902784348,5.50899913907051,130.095605880022,23.1563639938831,1327.96446317434,83.201883494854,212.870540976524,401.569761991501,288.753178358078,5683.98169830441,663.80528241396,111.402139008045,837.629741847515,119.288421690464,215.787597119808,185.37490555644,251.479423522949,9.7603874206543,23.3523171842098,29.4290219545364,414.667920619249,80.9096354842186,290.435918420553,47.6619338095188,10611.4518147111,35.326013982296,42.3876087367535,472.567019551992,4345.84865948558,284.062779217958,16.3126807510853,7.06683242321014,6.79077297449112,7.17642948031425,134.038528054953,270.932513207197
290.787182688713,23.20152130723,245.056642204523,6324.07949277759,152.930958449841,23432.6704961061,27450.9223016798,14035.11879915,1664.73420420289,0,2172.43664485216,9342.89942602813,82.1809435784817,10766.2602035999,1082.41427335143,5.24360829591751,416.734752982855,464.353591501713,577.695650577545,17339.5197045207,62.0577429831028,10.4485355913639,513.648887217045,2070.57928906381,25.7860374450684,1153.27383682132,225.519362688065,11250.4674572349,3377.15447995067,606.181727677584,20.3028835654259,980.25263902545,9.38288527727127,1086.23285925388,5452.2219427228,7917.76143306494,68.8598662018776,450.163716524839,432.673012346029,2266.1050349474,285.859933525324,30.9433774352074,124.398983508348,19.0998865962029,27.0411641597748,6.07682073116302,422.596904546022,7.20177030563354,4.9368055164814,0,6.2712562084198,0,599.409358710051,33.2255576252937,84.9931441247463,148.439075678587,27.366212874651,313.353961348534,417.091369360685,33.9932646155357,447.249241143465,17.3591132164001,3.87838500738144,119.977855741978,0,0,0,0.606744706630707,291.726758480072,0,5.26252147555351,0,1787.60284301639,0.600189566612244,0.52365654706955,8.15697944164276,1373.47672411799,6.23404294252396,0.666635811328888,0,0.448869198560715,0,8.67180517315865,460.352205365896
112.125750780106,832.972402662039,251.387217015028,65.9387366771698,13.1313811838627,829.570490926504,765.988687336445,775.261726438999,670.826739042997,2172.43664485216,0,1723.82088425756,7093.93789321184,3172.97049105167,214.169741719961,27.8066775798798,1304.19184747338,9840.60923314095,4042.01031437516,414.466537773609,90.8820675611496,242.64599442482,440.065888643265,383.695848673582,1842.88115784526,7043.05782078207,3424.08774247766,575.555716067553,7859.06189733744,533.958654850721,1537.25106811523,1671.66370871663,26.0776959359646,13621.9784392118,172.39139637351,1874.91760668159,1555.14452680945,3831.38433280587,1420.18091753125,465.878613233566,381.091639280319,1829.51296901703,33.6950666904449,434.703506708145,107.76598700881,13.046040892601,89.915523648262,3.57029271125793,693.074756354094,0,85.3803871273994,4.06724691390991,2.80750766396523,2.49868857860565,1.5012095272541,0,0.614290237426758,110.825347214937,3.40164935588837,1429.49601259828,24.3892967104912,4006.11055079103,11.1520143151283,9.88117823004723,2.76103603839874,4.53955173492432,13.3830985426903,12.3809599280357,0.406182914972305,0.903393089771271,13.826034963131,3.76881432533264,47.1214893162251,426.796902358532,588.582307189703,1440.69721800089,8.21408730745316,22.8522529006004,0,390.440072834492,0,0,88.6468468308449,34.7616586089134
20.9541358649731,19.2088169753551,29.9104571044445,11271.9978838563,245.649353325367,7748.2070299685,312.740063548088,2786.46150422096,1908.39897945523,9342.89942602813,1723.82088425756,0,80.1307849884033,2495.26438346505,3398.7263917923,1.60178360342979,99.847944021225,358.633270978928,357.051572114229,22217.032206893,17.0319363176823,2.14147597551346,51.8810867667198,3980.50759276748,12.8406792283058,824.918653964996,233.79834446311,11027.7323546112,1865.72015699744,80.7962130904198,26.8930412828922,750.92546890676,3.20267194509506,694.110529929399,5303.49072962999,3447.85819292068,42.8518763482571,244.649331688881,197.299310773611,2060.86766931415,135.902192264795,27.2854604721069,182.212449789047,13.7908257246017,29.0819426476955,3.27752012014389,613.834894359112,9.23656225204468,1.65800493955612,1.81317800283432,2.82108598947525,0,985.5345248878,20.8902903795242,128.286570757627,69.2356840372086,72.1050055623055,261.68165999651,610.66853544116,40.1518992483616,3117.69324699044,9.89241373538971,42.5223618745804,137.746788173914,0,0,2.93878716230392,0.401126235723495,384.047764956951,1.7194037437439,0.342575043439865,2.24903351068497,1118.04350081086,1.03605616092682,3.64085382223129,2.34919786453247,919.860752075911,27.1474853157997,0,1.18565607070923,0,2.06586384773254,32.3129176795483,1374.19314828515
6.03320807218552,2490.42003968358,3.71416112780571,4.10887235403061,3.5404571890831,62.0842462182045,34.2605481743813,57.942382723093,630.520804703236,82.1809435784817,7093.93789321184,80.1307849884033,0,102.029641270638,17.3071397840977,57.1487606167793,8.85512906312943,112.904920637608,17.3241010308266,19.4773040115833,6.6313935816288,749.884521067142,11.6267825067043,304.338691473007,11391.9644834995,515.364484965801,7932.16129338741,41.9032902568579,206.740010857582,14.9582512974739,1916.16571947932,102.292227178812,0,1753.98371216655,44.4423159062862,381.430554717779,1131.97634062171,724.252093732357,207.570535153151,92.4233591258526,181.882822066545,3456.3923996985,75.6065509915352,1045.3982309103,232.438118726015,27.3068742752075,301.923381328583,4.08853268623352,1445.12089133263,0,190.714662522078,1.33937382698059,6.23660859465599,3.4226930141449,5.09803038835526,3.40476450324059,31.9055858850479,77.6365460455418,6.13892710208893,4049.69204843044,9.87783864140511,9210.61025011539,34.1894474923611,5.66381353139877,2.88684117794037,1.20992732048035,21.2670854330063,14.5672171711922,10.906942486763,0,27.4456743001938,0,50.2875944972038,1088.96026584506,816.40352717042,2307.51491102576,16.5752964615822,85.5030485391617,0,698.348954796791,16.9748067855835,0,234.90973764658,14.8669883608818
21783.8223135769,42.0107304155827,1168.57746714354,128.450317889452,27.1753860414028,1967.02826605737,18069.1795495301,24748.1576032341,606.862421065569,10766.2602035999,3172.97049105167,2495.26438346505,102.029641270638,0,463.766911447048,11.9098719954491,6017.84691491723,600.86570957303,1431.33023121953,529.778746962547,436.182650536299,15.8074211776257,6173.11357963085,563.858640149236,33.2753051817417,3444.31796222925,1055.2381913662,1813.38197438419,35683.33708933,9799.72395250201,46.7721534967422,799.427175194025,97.5629414618015,2824.00869652629,273.295485496521,2780.75705647469,47.896396368742,929.907601833344,578.234680175781,1063.48786568642,131.706091314554,43.0118508934975,63.7520442605019,10.0424908101559,25.3065420091152,1.83259081840515,144.305499851704,2.13451892137527,3.98136189579964,0.583385288715363,2.81674808263779,0,17.1279280483723,1.26907658576965,11.7243821322918,31.8647521138191,0.608912825584412,166.050426632166,12.5753878355026,26.782438069582,48.267804145813,14.9471513032913,1.03081333637238,26.4467889666557,4.01938951015472,0,0,0,10.0145912468433,0,8.18000727891922,0,613.130283862352,2.57139295339584,4.5964917242527,29.7497543692589,362.924986600876,0,0,0.400885432958603,0.49555966258049,0,6.99587333202362,42.2032957077026
46.4282813668251,10.8349093496799,236.358340382576,444.646390169859,3945.92845076323,5750.16977143288,1072.41852939129,641.635223925114,1582.47360605001,1082.41427335143,214.169741719961,3398.7263917923,17.3071397840977,463.766911447048,0,476.183815211058,181.265602022409,35.9278805553913,54.2746013998985,1013.98144701123,1689.91470018029,115.20522236824,2078.66182681918,3113.60713273287,12.3799596428871,240.99189221859,564.834466159344,2947.25300392509,463.16270673275,668.884084314108,4.40096786618233,665.722560048103,14.2727206945419,293.225905478001,4516.66994050145,868.179763376713,59.867710351944,166.497599303722,655.645035713911,7252.40106198192,416.560716927052,40.7477205395699,298.264620810747,17.5526992678642,44.1114658713341,106.193571686745,349.885511904955,6.81942793726921,2.02432215213776,0,2.73978126049042,12.586089015007,175.993819594383,26.2770326137543,39.013340741396,57.259756565094,23.6389944255352,213.850607872009,87.31387591362,30.7880650758743,134.004186332226,15.0393611192703,13.6279858648777,59.2353552281857,143.54517018795,2.93253099918365,0.638487040996552,2.07146143913269,72.9220909178257,59.5475065112114,29.2424025535583,87.1747838258743,1462.93271079659,2.77503502368927,20.3002133965492,184.094709694386,946.222268342972,13.3311450481415,8.78637129068375,0,4.39672583341599,0,13.4985509216785,1699.87914553285
2.24071156978607,976.100438177586,72.8984718620777,0,11.9758581519127,6.50440660119057,32.7243962287903,6.26571598649025,115.780524045229,5.24360829591751,27.8066775798798,1.60178360342979,57.1487606167793,11.9098719954491,476.183815211058,0,159.649227082729,6.20154714584351,23.6206582784653,0,13248.5916331112,16952.4010689557,10270.652987361,2364.04493358731,115.094876617193,271.19182485342,9931.13539850712,674.665940612555,14.297766327858,29.4249183237553,0.516918122768402,3.12879660725594,1.79799902439117,249.59672293067,1338.98826023936,13311.6604367793,1858.93623837829,1020.43711060286,1574.65672308207,58.2860761582851,20.7403691411018,8.02670937776566,4490.82291558385,564.649947166443,216.123796731234,178.975694358349,20.2203839421272,10.2450106143951,0,0.669298112392426,50.4225270152092,71.3944573402405,0,32.3478296399117,0,23.7345998585224,1.84016007184982,94.6548510193825,0,7.78627449274063,0.989675879478455,10.8325926065445,6.34579288959503,28.1082856059074,6668.95275592804,6.75006145238876,0,0.788605988025665,0.620926022529602,555.053357183933,2025.74923163652,2954.82040700316,2191.30268374085,3.12784433364868,8.76100212335587,4453.41449952126,603.165335863829,10.978287935257,4.80266487598419,0,0,4.31505346298218,27.5193586349487,601.009517610073
1898.09701088071,541.578238129616,41454.9059013724,18.9489939510822,2.29478815197945,214.071178555489,1754.96226605773,4102.74888604879,302.371757090092,416.734752982855,1304.19184747338,99.847944021225,8.85512906312943,6017.84691491723,181.265602022409,159.649227082729,0,519.09959718585,9217.7054554224,72.1752648055553,1518.2172909379,98.9030945897102,18385.7394277751,295.219791412354,15.1882874369621,22049.6790957749,19894.1100037992,1353.72197046876,3147.34450656176,5663.29497799277,0.413254767656326,117.633757859468,315.331607043743,9766.16088092327,218.463300585747,1833.04461452365,150.899687051773,1640.20696011186,1035.2087290287,148.855123579502,40.5487938225269,3.74463355541229,146.466724276543,20.4977335929871,37.4419909417629,43.0425508022308,3.8270503282547,0,0,0,218.479823887348,158.55938744545,0,0.911140382289886,1.23255956172943,0,0,47.4165157079697,0,3.43799793720245,0,4.58211523294449,1.32250821590424,0.577932596206665,7.55821794271469,46.4223248064518,0,10.2964344620705,0,2.40132945775986,21.2765559256077,12.4912736713886,22.8739821910858,2.69379729032516,181.583946526051,3092.24066472054,3.58644124865532,0,1.42741072177887,0.531738221645355,0,0,8.67354667186737,43.9029614925385
36.6028255820274,25.3989623785019,151.329078346491,4.20555830001831,2.35824596881866,122.784740507603,188.204856008291,155.095952779055,92.4730831086636,464.353591501713,9840.60923314095,358.633270978928,112.904920637608,600.86570957303,35.9278805553913,6.20154714584351,519.09959718585,0,4282.1104593873,102.521984577179,54.4273605942726,1.18577426671982,208.74578410387,54.2929670214653,50.7840116918087,5501.35285258293,850.270065695047,117.753792643547,1074.15302082896,152.188920587301,19.3988415896893,177.904803574085,18.292958766222,2730.53083059192,146.732732325792,1928.09331983328,861.620888292789,3041.16977643967,2572.62617346644,87.115549325943,57.2251233160496,105.801291882992,16.1857963204384,31.0237402021885,29.5298099815845,7.0530760884285,14.1925112605095,0,8.80749714374542,0,11.1443982720375,2.18967714905739,2.47458234429359,0,0,0,0,13.7812943160534,0.364935219287872,47.5366698205471,0.422512799501419,276.231196582317,0.544347286224365,0,0,2.03187656402588,9.66724488139153,9.33035564422607,0,0,0,0,0.544014394283295,90.2549359798431,286.48011213541,384.8549708426,0,0,0,70.0078094005585,0,0,2.06510639190674,56.2334381341934
229.873820364475,123.281528174877,1114.24960467219,11.2591317594051,1.14099258184433,125.454380244017,308.567143201828,636.355668589473,89.7456944286823,577.695650577545,4042.01031437516,357.051572114229,17.3241010308266,1431.33023121953,54.2746013998985,23.6206582784653,9217.7054554224,4282.1104593873,0,105.784931093454,183.516617834568,27.5506000816822,1250.31551772356,90.3603380322456,10.5602649450302,10016.8040085733,2926.72243133187,234.092161685228,1356.21006047726,531.689217865467,3.30509725213051,116.642761796713,72.4022805392742,5419.66694486141,136.61606797576,1916.10533484817,308.838720709085,2649.16029924154,2200.36854508519,65.315656632185,35.1775486171246,29.0060486197472,16.8996732234955,0.874607264995575,13.1485480964184,3.8485968708992,0.450883150100708,1.22551012039185,1.09667348861694,0,29.8287391662598,9.92883288860321,0,0.687949895858765,0,0,0,10.7209318876266,0,3.39571511745453,0.565749406814575,14.3025815486908,0,0,1.26266980171204,4.93452286720276,0.57328474521637,3.20584774017334,0,0,1.95262435078621,1.98358216881752,1.48299419879913,10.147981762886,49.774257004261,490.295819550753,0,0,0,4.17176830768585,0,0,0,52.9803650975227
35.4401713311672,6.31068229675293,43.7383765280247,23940.0122989714,193.700882017612,482.742125317454,381.403779178858,596.363822102547,1402.44764101505,17339.5197045207,414.466537773609,22217.032206893,19.4773040115833,529.778746962547,1013.98144701123,0,72.1752648055553,102.521984577179,105.784931093454,0,11.9151860773563,0.977345049381256,80.1635774672031,1793.51571786404,3.83478280901909,291.661098539829,69.555315643549,9675.6402772367,514.342491537333,72.7855085432529,7.02537679672241,124.489239275455,1.07562392950058,179.272379338741,210.091500520706,1748.47776502371,19.2093492746353,79.1080356538296,72.8950297832489,1051.59858828783,56.4574286043644,13.1064760386944,230.469576776028,1.94310423731804,41.7884277701378,3.53885352611542,509.235794275999,10.1619237661362,2.86041644215584,2.17158484458923,3.73269033432007,0,985.096568256617,24.2614070773125,120.853654325008,99.4809296429157,69.8791005313396,169.317119240761,365.651340097189,22.1312289237976,577.034008473158,15.7381228208542,22.9963615238667,96.7095289230347,0,0,0,0,292.548084706068,0,4.23453146219254,0,1338.07757851481,0,0,2.99630478024483,1074.9345626235,34.4902339279652,0.728301107883453,0,0.981867402791977,4.33372950553894,27.057864099741,14.1460047662258
164.823490828276,57.2982113659382,5362.5492310524,2.21068328619003,74.7682958543301,74.9303134977818,1936.80392789841,355.409597635269,98.1047447323799,62.0577429831028,90.8820675611496,17.0319363176823,6.6313935816288,436.182650536299,1689.91470018029,13248.5916331112,1518.2172909379,54.4273605942726,183.516617834568,11.9151860773563,0,667.985537409782,53501.0516706705,890.55972135067,7.24221482872963,959.566752463579,1544.20166131854,20588.0837486982,346.147093385458,39678.2286387682,1.49874955415726,25.3252545893192,35.0033397078514,10594.9792725742,2307.74349695444,9167.07199063897,371.02614274621,5520.31795752048,5038.94310081005,232.764403909445,221.017592012882,3.8072949051857,686.623664140701,37.7516344189644,41.7560015320778,36.0362101197243,15.6205276846886,4.48286634683609,0,0,7.71304047107697,8.99977785348892,0,11.8021986484528,1.95773047208786,15.7632422447205,0,87.1907095909119,0,3.3011862039566,1.13425767421722,0.435498833656311,1.08969342708588,13.6688764095306,452.352102398872,2.59872436523438,0,0,2.12393802404404,158.644693553448,113.403669118881,146.877115428448,644.488078504801,0,0,408.227695584297,272.799217045307,16.0297309160233,0,0,0,1.40351235866547,12.82951182127,697.789102762938
1.54542815685272,1126.37495610118,39.8001170158386,0.768694221973419,6.53838929533958,14.0117304623127,166.934689700603,27.1439283192158,9162.59141480923,10.4485355913639,242.64599442482,2.14147597551346,749.884521067142,15.8074211776257,115.20522236824,16952.4010689557,98.9030945897102,1.18577426671982,27.5506000816822,0.977345049381256,667.985537409782,0,1559.61732345819,20061.6492663622,1066.46234318614,181.569475263357,17823.5062119961,2015.42980611324,23.3009777069092,15.8697901666164,16.1404591798782,6.185866355896,1.64695012569427,184.372390508652,302.639117658138,3758.22901913524,527.585789173841,321.744128197432,377.338538318872,45.1891941428185,11.5456913113594,97.6880933642387,2877.95558345318,345.396983802319,145.133672773838,184.916341423988,44.2904659509659,8.16152137517929,12.8791944980621,0,138.094745755196,74.9054639041424,5.22617399692535,16.2004028260708,4.09489044547081,51.9982208609581,20.4632831215858,862.246109634638,4.06522962450981,41.2276646494865,1.2018563747406,103.867909997702,9.29480272531509,23.3839128613472,4342.39654394984,31.852504491806,2.1927717924118,5.27072459459305,3.7154358625412,262.006692767143,4709.62495464087,1579.90834435821,3083.34008938074,23.7756072282791,73.2778550386429,6872.19147333503,757.163107663393,23.005532771349,9.77000296115875,13.8358895778656,1.72671139240265,2.63892847299576,46.9284715652466,312.229058563709
2378.71052354574,175.682551473379,41082.1973336935,35.5611787140369,114.726884365082,321.458193838596,5069.27448344231,4321.94042021036,366.285910695791,513.648887217045,440.065888643265,51.8810867667198,11.6267825067043,6173.11357963085,2078.66182681918,10270.652987361,18385.7394277751,208.74578410387,1250.31551772356,80.1635774672031,53501.0516706705,1559.61732345819,0,1602.20997777581,9.32234799861908,9187.41809269786,17458.1620952487,15337.0327835977,2596.01287835836,23537.112829566,3.19863972067833,130.704001933336,193.780738979578,12888.6082673669,5624.78598582745,31736.8088406026,2707.80603122711,15472.6102651954,15083.7132058442,501.374786734581,208.904449790716,4.94718104600906,1391.16559726,199.982945621014,118.955994367599,142.572944462299,28.395831912756,11.7425758838654,0,0,42.391116887331,125.248386740685,0.831424474716187,16.7097968459129,6.70434165000916,30.9358326792717,0.969440162181854,98.7703356146812,1.15345326066017,6.80380725860596,6.9327329993248,1.23880922794342,0.58563905954361,11.5643553137779,1998.98537376523,18.0230819284916,0,4.83747974038124,2.63938298821449,115.640959501266,677.222007393837,1261.59812617302,691.841795742512,0,27.2192058861256,4643.08643305302,319.215654850006,0,2.37900173664093,0,0,0,27.9284380376339,2080.97345718741
56.234790802002,1556.14255896211,410.48775100708,2060.0313077867,652.707046866417,963.540302067995,5895.35084694624,745.835017621517,41963.6387754977,2070.57928906381,383.695848673582,3980.50759276748,304.338691473007,563.858640149236,3113.60713273287,2364.04493358731,295.219791412354,54.2929670214653,90.3603380322456,1793.51571786404,890.55972135067,20061.6492663622,1602.20997777581,0,630.801833748817,504.717865437269,6234.51176536083,18943.7779307663,579.309825107455,335.509938240051,8.28724479675293,117.521930277348,42.9004672765732,679.273108929396,868.926407337189,8527.9329366982,657.934637725353,731.108411371708,789.481862008572,2685.9846445322,153.098282963037,62.5807909965515,8975.33715230227,189.204721987247,726.506789714098,137.665402084589,1769.91514027119,81.4843141436577,10.5395912826061,28.5745720565319,137.196131885052,53.9788475036621,1600.03485268354,180.728641957045,367.349875986576,1051.16972956061,634.76995280385,5032.07816311717,876.770182102919,131.846381962299,877.730173170567,66.3061317801476,468.181339204311,342.758623123169,1455.05451664329,1.55938550829887,0.509964108467102,0.914560675621033,692.468135237694,279.024772018194,828.321471691132,632.469917327166,21545.5567248166,28.9400831460953,11.1021471917629,1347.67450737953,10292.962108314,577.99276009202,41.3114696741104,0.699044644832611,10.1162276268005,36.1386023759842,691.883060902357,687.416396021843
0,4274.48008003831,2.04723644256592,0,1.80797278881073,11.6823255419731,5.11896166205406,14.4865557253361,1116.84329274297,25.7860374450684,1842.88115784526,12.8406792283058,11391.9644834995,33.2753051817417,12.3799596428871,115.094876617193,15.1882874369621,50.7840116918087,10.5602649450302,3.83478280901909,7.24221482872963,1066.46234318614,9.32234799861908,630.801833748817,0,1202.2702524066,20755.8796477914,55.3328934013844,33.5305163562298,2.45608499646187,396.34813952446,18.8430009782314,0,720.335095286369,8.43297407031059,261.747224748135,307.09409686923,225.855558931828,192.705197751522,31.1152466237545,54.6890501379967,1841.44967582822,101.892671525478,385.827523499727,148.908757835627,43.6665442585945,68.4214977920055,1.99045991897583,439.558068245649,0,591.548715054989,5.14747524261475,7.38561177253723,0.555154860019684,3.97165361046791,0.86171293258667,12.6022609770298,67.2255629301071,6.64959278702736,1274.46620970964,4.9270868897438,4592.68831518292,14.8525659441948,2.75755560398102,3.44259345531464,11.747836202383,45.8695412874222,47.0816103219986,9.35201850533485,0,33.413941860199,1.31358683109283,81.9642556905746,3176.06333497167,1865.1179561615,4257.14982509613,34.0904058218002,29.4189338088036,1.64586007595062,445.781728059053,3.63862884044647,0,88.4756985902786,2.61449295282364
637.726623654366,841.092238157988,29257.2272779047,34.8842117190361,5.22671011090279,360.672033324838,1616.66764342785,2140.36557796597,554.730583786964,1153.27383682132,7043.05782078207,824.918653964996,515.364484965801,3444.31796222925,240.99189221859,271.19182485342,22049.6790957749,5501.35285258293,10016.8040085733,291.661098539829,959.566752463579,181.569475263357,9187.41809269786,504.717865437269,1202.2702524066,0,32882.7349361181,1514.56019438803,2632.65980535746,1648.3462793231,299.427778363228,347.700169354677,145.676412642002,8531.51187700033,1146.60472232103,15398.40085724,4978.71903580427,10773.2459027469,11662.496327281,293.196355223656,198.542140036821,347.11083188653,784.986018806696,517.772135317326,717.108674049377,356.480234265327,33.9407154321671,0.881188809871674,70.8640285730362,0,1295.88250991702,161.551025509834,4.90890645980835,3.27909111976624,0,0.510041892528534,4.94407856464386,82.9041287600994,0,422.426225662231,4.16642925143242,2713.77826020122,8.49378043413162,1.85296657681465,8.14422139525414,203.310094088316,163.99731066823,504.862978518009,0,4.85343751311302,46.4723738729954,14.7155818343163,28.7720987796783,1546.85087397695,7477.60093685985,18144.2239966989,5.57421332597733,9.61767661571503,4.34260639548302,777.118330985308,1.77460449934006,0,124.506385117769,459.466283768415
210.024840712547,30029.5835129619,19732.0715965629,5.67155933380127,18.838983297348,141.29955381155,833.59989887476,583.962210118771,8762.05570453405,225.519362688065,3424.08774247766,233.79834446311,7932.16129338741,1055.2381913662,564.834466159344,9931.13539850712,19894.1100037992,850.270065695047,2926.72243133187,69.555315643549,1544.20166131854,17823.5062119961,17458.1620952487,6234.51176536083,20755.8796477914,32882.7349361181,0,2405.59889474511,1080.80608332157,977.74304664135,1431.11196699739,146.435600936413,92.2139626443386,7591.99544399977,3954.62529599667,48556.122349143,11233.2953402102,14565.2915351987,16207.9512039423,338.824621737003,238.949656903744,706.293053984642,5425.24684324861,1937.54278409481,2554.58510416746,1693.27051597834,57.1045681834221,23.3597174286842,297.78653216362,2.63554710149765,9064.89813312888,3190.61225289106,2.72577226161957,17.9923354387283,2.55908977985382,84.832296192646,22.4915514886379,484.656010657549,0.805042743682861,1434.05864167213,4.87943056225777,7161.64477625489,62.8951591849327,21.8541090488434,1027.17056635022,1130.06836900115,373.553610771894,1258.48967924714,0.58018684387207,119.790022432804,2769.20625659823,1493.4887329936,855.322790503502,4052.28310897946,19177.1078747511,106545.850459307,370.903875023127,28.6453801095486,44.6517041623592,1684.90675023198,3.2491267323494,1.11776065826416,566.369040757418,1722.94074618816
200.358069777489,123.097440302372,4305.32083004713,8447.50494644046,328.832240223885,1867.52700379491,51938.8502272069,2212.09198138118,7285.17246246338,11250.4674572349,575.555716067553,11027.7323546112,41.9032902568579,1813.38197438419,2947.25300392509,674.665940612555,1353.72197046876,117.753792643547,234.092161685228,9675.6402772367,20588.0837486982,2015.42980611324,15337.0327835977,18943.7779307663,55.3328934013844,1514.56019438803,2405.59889474511,0,2058.70995301008,27285.9523300231,4.00114852190018,270.05283460021,405.395803242922,3215.06355264783,2420.12901961803,16225.6020617187,822.828486293554,2892.22081905603,2596.34208759665,2091.76251754165,351.53760483861,29.7287545800209,7900.14734950662,123.610573977232,764.677778720856,113.39107298851,1972.17727923393,86.8033590316772,0.575774848461151,14.6244660317898,50.2924549877644,42.6450968384743,1169.28101673722,158.519567668438,282.53763961792,878.24563524127,415.402021944523,2207.55134487152,738.081354469061,102.356983304024,905.272160083055,32.3837124705315,257.586794793606,342.102925091982,772.29067286849,2.66946005821228,0,0.380448639392853,657.009832412004,106.334304839373,387.927199572325,450.020483314991,12412.0839565694,2.43763893842697,2.61244827508926,1224.16671094298,8432.15060582757,486.64811834693,36.1736028790474,0,2.39825919270515,43.7694222033024,720.377724438906,831.675133407116
13024.4618778825,44.0691105425358,427.848100781441,96.5409896075726,46.2665599286556,1173.56524764001,3252.95762011409,4466.41146159172,628.837686359882,3377.15447995067,7859.06189733744,1865.72015699744,206.740010857582,35683.33708933,463.16270673275,14.297766327858,3147.34450656176,1074.15302082896,1356.21006047726,514.342491537333,346.147093385458,23.3009777069092,2596.01287835836,579.309825107455,33.5305163562298,2632.65980535746,1080.80608332157,2058.70995301008,0,10956.8720425963,97.7513994574547,2279.88665410876,6379.87010940909,14019.160848707,353.340151458979,3102.88995659351,92.0309549570084,1261.21871092916,609.780011028051,1451.68557006121,512.751382291317,61.5450976490974,110.938910275698,19.7936239242554,21.9777476787567,3.53414982557297,136.928195983171,0,4.71279674768448,0,10.9522549510002,5.06507587432861,11.5070162713528,2.91735607385635,10.4117429256439,18.230699300766,0.417833626270294,175.204130977392,5.27982595562935,18.4119644761086,39.2847377061844,24.7129983603954,0,21.6244302690029,2.50883746147156,0,0,0,9.58373123407364,0,4.84948927164078,0.524325013160706,686.90474358201,5.12041926383972,9.10541766881943,46.5044532120228,443.900362223387,0,0.913986682891846,0.685467123985291,0,0.760314404964447,3.5853770673275,78.8776558935642
6684.47444590926,27.1794447004795,2695.42762675881,47.4074494540691,18.5105947852135,670.487251624465,28842.5714076161,5732.26734054089,459.455717176199,606.181727677584,533.958654850721,80.7962130904198,14.9582512974739,9799.72395250201,668.884084314108,29.4249183237553,5663.29497799277,152.188920587301,531.689217865467,72.7855085432529,39678.2286387682,15.8697901666164,23537.112829566,335.509938240051,2.45608499646187,1648.3462793231,977.74304664135,27285.9523300231,10956.8720425963,0,6.23471176624298,190.66590076685,1552.05032715201,10697.4551601708,663.875239193439,2015.87253129482,22.6930495202541,2119.61020642519,847.059716671705,375.109691530466,198.003887444735,7.51290479302406,155.423898935318,0.463747173547745,18.4448921084404,5.79047679901123,61.9223045706749,0,0,1.40048384666443,9.24798202514648,0.455241024494171,21.3454398810863,4.03312259912491,4.61682432889938,51.9431245028973,6.40254756808281,71.8917196393013,13.7880565822124,1.30020850896835,26.6542429327965,0.498806416988373,4.09063255786896,6.37338891625404,4.17311695218086,0.76262903213501,0,0,15.7792966365814,0,11.1350682973862,3.2296906709671,428.718339055777,0,0.840538084506989,68.034674435854,362.332897186279,8.2274968624115,0,0,0,1.65835094451904,27.8393111228943,170.261326432228
1.54583349823952,24.2177919447422,0.657518625259399,1.11809176206589,0,20.8583271205425,9.06017115712166,20.7979340851307,15.7356947362423,20.3028835654259,1537.25106811523,26.8930412828922,1916.16571947932,46.7721534967422,4.40096786618233,0.516918122768402,0.413254767656326,19.3988415896893,3.30509725213051,7.02537679672241,1.49874955415726,16.1404591798782,3.19863972067833,8.28724479675293,396.34813952446,299.427778363228,1431.11196699739,4.00114852190018,97.7513994574547,6.23471176624298,0,48.5681105256081,1.0115077495575,323.788390934467,7.54531496763229,153.422966510057,270.166423529387,236.924029588699,122.320589691401,15.4900596737862,39.3439458012581,206.743366450071,3.99801588058472,81.3671698570251,17.6809261441231,2.98043096065521,10.6850708127022,0,62.4756426513195,0,30.9849024415016,0,0,0.673195242881775,0,0,2.44459199905396,0.927832007408142,0,267.927953153849,0.573838293552399,1134.48746621609,0.470649242401123,0,0,0,8.44488963484764,5.18123364448547,0,0,0.427124112844467,0,0.54298198223114,180.526108682156,349.713988751173,598.375208050013,0,3.54138720035553,0,163.990066438913,0,0,26.0809900164604,1.69908162951469
