0,0,0.013739937353971,0.000756037683291243,0,0.000723319904772616,0.454799768981271,0.051101121050408,0.000564611080514574,0.00162709471196463,0.000702560792138766,0.000483299705559969,0,0.945644984355329,0,6.66477806659695e-05,0.0316414169088334,3.60354300441742e-05,0.0010225761077317,7.50836264990804e-05,0.00347624134825294,0,0.0153904582287008,0.00183957648155906,0,0.00557665701798599,0.00168500995249,0.00934161192405777,0.511555684057723,0.275150829332339,0,0,0.000287804409915399,0.00610528690852546,0,0.000985078134029391,0.000282274939179182,0.00476537663588724,0.000587012270662308,0,0.000227678006157398,5.36933718315601e-05,0.000242568949353361,0,0,0,0,0,0,0,0,0.000103228536547709,0,0,0,0,0,0.000167693761361551,0,0,3.42799495841503e-05,0,0,5.0134352097702e-05,0,4.41927765376091e-05,0,0,0,0,0,0,0.000678642812318399,0,0,0.000142146934569192,0.000505990794399834,0,4.28596032426357e-05,0,0,0,0,0.000146293724495888
0,0,0.000371541714518881,0.00108379068194277,0.000891257913907698,0.00143583378030546,3.19284229062796e-05,0.000379640264769507,0.0577837773584131,0.000499368121403193,0.00109278546069863,0.00208244204991126,0.0997806777380431,3.87260260215759e-05,0.00416052813613825,0.00447903736579683,0.00102676881810272,6.88363295017239e-05,0.00131199076338089,0.000574410009070206,0.000480347960961032,0.207141463083908,0.000645121318015671,0.0837269101875771,0.274898553622317,0.00649708346693117,1.44534075111534,0.000811059244173791,0,0,0.00137826593663161,2.20435077191591e-05,0,0.000525758512168074,0.000588414719994211,0.00282102819658866,0.00194749806135659,0.00170183575740261,0.0005424663520154,0.00760920711851099,0,0.0409120204907493,0.00499823014227633,0.00187731667366479,0.00207440119203708,0.0019926362270978,0,0.000231805590394831,0.00208728412304726,0.000187954148361874,0.0168541672506462,0.00197027060641771,2.38029617017269e-05,0,0,0.000804053725748207,0.000158056270784187,0.000456335591648531,0,0.0042151669843729,3.57859086828708e-05,0.0103914766427754,0.000572836066072559,4.4338661296463e-05,0.000962158893650462,0.00258380440994329,0.000628185423737812,0.0027204169826772,0,0.000356015626039601,0.00151737978928902,0.00147372956207771,0.0017041218368942,0.00240667495349541,0.0154759537724394,0.0881276023386807,0.000516928237245536,0.00031136996305871,0.000604580180950618,0.00179394745597534,0,0,0.00197115903651335,0.00053916637820611
0.013739937353971,0.000371541714518881,0,0.000207086760482931,0.000120366981384969,0.00353209049776375,0.0880528724646876,0.219532492374138,0.000968904803318359,0.00237732987713036,0.00457556032244411,0.000697885317605829,0.000649706180380154,0.243011940758386,0.000118138588324404,0.00829400777105164,0.307448772248649,0.00101424015486808,0.0090628039140162,4.18678912879467e-05,0.322515259917417,0.00128984501028762,2.2034305387942,0.007814023955191,4.02837340582847e-05,1.20236264196437,2.82246662910225,0.136871027017809,0.0710663539083197,0.158615126937684,0,0.000263827604125118,0.00207256741633759,0.0195402055699448,0.00639722099150262,0.0395810485272652,0.0196754894522306,0.0339068623655607,0.0183289811721625,0.00145144423826191,0.00132836645836148,0.00073815178220005,0.0209903774942153,0.00239280695949221,0.00951256885113178,0.00576058287261067,0.000681236081766057,8.08585083293912e-05,3.1956762742877e-05,0.000344737629521107,0.0027806034411253,0.0556800113056341,0.00016892840715189,0,2.59539434086323e-05,0.00416350036271,3.63092443926811e-05,0.000338929867534924,0,0.00100575627003923,0,0,0.00179814580260477,0,0.0209943146466417,0.0153728543466381,0.000163372538749695,0.00485626935683384,0,0.00408356692610135,0.00280157436926513,0.031063725866081,0.00812174410005753,6.29246633691788e-05,0.0134728570441095,0.142163358110933,0.0077065030769013,0.000716235450983978,0.0031685120870753,0,0,0.000167645551930428,0.00460690519640593,0.00355216293417504
0.000756037683291243,0.00108379068194277,0.000207086760482931,0,0.00681464928324749,0.0318331815404611,0.0192470496139218,0.0372309874767439,0.293951075345689,0.925573197499042,0.00666479880620466,0.697453738904692,0.00277119694003427,0.0254947233349061,0.0272627291762926,0.00026358739923737,0.000779775388060142,0.00224131156500642,0.00595548563181715,1.27312522313016,0.000494793392016649,0.00938938137030019,0.0010610355747993,0.83086490555867,0.00229929257575257,0.00290153049299009,0.0168771441180019,0.260953870628074,0.044034496964767,0.00257722221733144,0.000206206172396612,0.00108613570433087,0.00134405517786669,0.0304648828214693,0.0722584909782647,0.226961715499223,0.00388185578869624,0.0513602558709,0.00757820384461592,0.117213682070652,0.013105697361961,0.00495386294692621,0.0392441042755179,0.000106492477146578,0.00373466404612362,0.000508872561402249,0.0223160780875659,0.000143315897338247,0.000112181352527333,0.000532124751261449,0,0,0.070264281154986,0.000344090363507676,0.00356301350055802,0.00776892966863317,0.00466572620387244,0.0423657724894687,0.007743129951408,0.00617063668305733,0.0226720943676018,0.00028564331108501,0.00575934298097785,0.0133840461279232,0.000113608677497625,0,0,0,0.0281894925454821,0,0.00163446468465247,5.92957611655235e-05,0.0785786298576281,0.000191245279349423,0,0.000969514541839078,0.0723858921845466,0.0033982053251405,0.00016025172819829,0,0.000243860316434837,0.000291003137181186,0.00177444056379414,0.00696445728026249
0,0.000891257913907698,0.000120366981384969,0.00681464928324749,0,0.101571329318586,0.00340067519937236,0.00767569699476011,0.0438479472079076,0.0109932118985112,0.000300479300761462,0.0383264424925776,0.000802171964561745,0.000895085724109934,0.463622829594115,0.00141014352619462,0.000226661442346001,0,0.000257591841243076,0.00660417770582628,0.00377505429634957,0.00707384801502551,0.00547462938102319,0.0166200977076322,0.00155434605216617,0.000193161242556858,0.00888749194876166,0.0100444399826556,0.000600083294951605,0.000119967782086682,5.05742894156456e-05,0.0285479503777494,5.9536947047615e-05,0.0677033847089409,0.188285143937248,0.104354805925672,0.00194125756988363,0.00264637841638885,0.00175681085878939,0.772672838471316,0.187522716579998,0.00167449282905717,0.00181590636234593,0.0014339547758122,0,0.00242851613856294,0.000712749185357904,0,0,9.33960916762354e-05,0,0,0.00145640241951027,0.000139999280315828,3.10622227370024e-05,0.00026696649469955,9.86792713961601e-05,0.000986574770709135,0.000301808910767889,0.0009782140234612,0.000247186943563175,0,0.000126115584457707,0.000997600762662459,0.00030295586557293,6.05624448438645e-05,0.000159641093900919,0.000181967474807263,0.000652157209611583,0.000106682797976494,5.10051857311726e-05,0.00092480380821519,0.00194033576021681,0,9.65450399199484e-05,0.00107405429722653,0.00237563519255616,7.92534113295554e-05,0,0,0,0,0.000116521497430086,0.0474230016847304
0.000723319904772616,0.00143583378030546,0.00353209049776375,0.0318331815404611,0.101571329318586,0,1.03597034607178,0.714500377567628,0.108011074987989,2.14198587332295,0.0146843538551029,0.8134556579423,0.00370462207137678,0.0360748262211227,0.392561820198471,0.00105202165179019,0.00387268453599427,0.00377877553687537,0.00575762206719124,0.0351188226775543,0.00899346097921727,0.00903663393187138,0.00766081720913622,0.0447483764101898,0.00248683372945933,0.00416167640091755,0.0163642249291682,0.154707308983063,0.0206442235664967,0.00698931395672506,0.000346768654446936,0.00947197977812492,0.000640384696817112,0.0533951491923508,0.42824094921265,0.457205311625513,0.00732808686516497,0.0392061270672515,0.00739478875510081,0.348234744784096,0.0927546351053618,0.012492801438612,0.0121222633803972,0.000458899417393231,0.00159545180795756,0.000791048384480189,0.0068685319473513,7.11243095459938e-05,0.000371836288293147,0.000136098914186478,0,0,0.0140404316669186,0.000197962906653118,0.00105449073924477,0.00180535812058344,0.00126564882839859,0.00786416771492534,0.00109597730316775,0.00979974791579824,0.00657183896964944,0.000254882334865618,0.00138920308220629,0.00463874617605276,0.000154052240307093,0,0,0,0.00444027543736408,8.99310135461804e-05,7.14414382629395e-05,0.000491901622835541,0.0174468046122388,4.75050851121426e-05,0.000142046621456671,0.000365051868156386,0.0171209530660057,0.000719094195337319,0.000262431068504572,0,0,0.00019638981979599,0.000474128714456487,0.0306390884312119
0.454799768981271,3.19284229062796e-05,0.0880528724646876,0.0192470496139218,0.00340067519937236,1.03597034607178,0,1.84393952764001,0.0440295740834606,2.45980198495854,0.0294973816189125,0.0554452993123972,0.00556203734648046,2.37670354962668,0.00812240684596357,0.000857863322618721,0.0351509438093676,0.011260481058702,0.0262853671533553,0.00841649069381825,0.0825975695263948,0.000452103203524471,0.122740184274386,0.351514427331818,9.65776485682965e-05,0.0279277507592759,0.0311314188318116,4.50246853341085,0.350685795369493,0.751160526339262,0.000826556007858512,0.00341558017970557,0.00608661711368134,0.0948302324485749,0.0434994380435689,0.208718470040015,0.0120662308642163,0.103625750491806,0.0146856762770962,0.0243984022893385,0.0181962254946268,0.00481705913380406,0.0218254263208875,0.00036101472961564,0.00260816244797182,0.000549884104082298,0.00505078594117603,0.000161321404430723,0.000737652903967406,0.000436194172507715,2.98059673258066e-05,0.000423593944249344,0.0115612696640073,0.000233507387673473,0.00091709077685082,0.00428018228739691,0.00229393317772665,0.00788419247302971,0.00177561032523131,0.00334927148419359,0.00410656893069399,0.000618807319955778,0.00464733197133038,0.00212115949272778,0.00378080200364566,0,0,0,0.0032957724998594,0.000487811994161081,0.000502382548567987,0.00370736667753367,0.0369329579943299,4.84430782129288e-05,0.000144699745431947,0.00666606784426942,0.0335463425287643,0.00377608956643493,0.000145408915161181,7.18273118926047e-05,0,0.000217170974084568,0.00187548763051982,0.00520800093102908
0.051101121050408,0.000379640264769507,0.219532492374138,0.0372309874767439,0.00767569699476011,0.714500377567628,1.84393952764001,0,0.0414041146243112,1.0374845200112,0.0382594616732501,0.389608103685958,0.00843195234583269,1.12840258262993,0.0375575955162698,0.0027848821084007,0.244814812446743,0.0102600644835659,0.0278634269700647,0.0329216775697009,0.105663282240153,0.00214130831986225,0.199284900934893,0.064571084145349,0.000747601290479469,0.0923246670780279,0.0484319932206065,0.588563493983552,0.242248525167253,0.50339798668342,0.000481560630496264,0.0331907337240518,0.00281227268136234,0.149900810094825,0.0278013436906807,0.252545731303594,0.0116890565279014,0.0683807391447241,0.0165441319294012,0.0999696303325391,0.0312050906449419,0.00955993047325293,0.0118339493310384,0.000580806427116847,0.00204249866936328,0.000559077824527454,0.0041085085943284,4.24763416342735e-05,0.00099151693301349,0.000444195838171506,8.85159480324743e-05,0.000844546268911625,0.00564853268596341,3.36683045653343e-05,0.000269450404086852,0.00340154229531829,0.000332919909732747,0.00644120465770047,0.00126885074042783,0.00703873046868902,0.00304804852630174,0.00121688603124729,0.00125186077453446,0.00269885377969777,0.00241411295962734,0,0,0.000126493616078043,0.00199674378121436,0.000197236873730206,0.000268353519629479,0.00335492555508411,0.0342390561105804,0,0.000648049849712086,0.00608155070992971,0.0191536623502038,0.00161556070564952,0.000226452371642375,0,4.15647541266918e-05,0.000332699106733131,0.000712843628358818,0.00327774810218494
0.000564611080514574,0.0577837773584131,0.000968904803318359,0.293951075345689,0.0438479472079076,0.108011074987989,0.0440295740834606,0.0414041146243112,0,0.0594120272774261,0.00336391321915371,0.258208796404093,0.0613507834227144,0.0147907321266715,0.32216284176609,0.0195163687470928,0.0021271943122957,0.00115070862845101,0.00352005649151337,0.0774532143232683,0.00736795809209266,0.451643425013273,0.00436938173679752,2.10613542281051,0.0975278445450869,0.00685535282937615,0.375927438238144,0.22764359555324,0.037456694282776,0.00506142659260571,0.00233954576818695,0.00249766919249303,0.00370773284605877,0.0150573037701569,0.0284105526666879,0.0749880151319225,0.00475972480642016,0.0261223468609382,0.00325005481022327,0.496850733102688,0.00534193616409097,0.0130648263828887,0.0441274643916421,0.00216638769393167,0.0114397582566027,0.00113294723635101,0.0137363595823816,0.00116149276070795,0.000918001603344604,0.00388899878307462,0.00137627551496258,0.000193899334773874,0.0538617021274515,0.00067535573412566,0.00377398567840195,0.0235470545171159,0.00967622998256295,0.109613684959074,0.00806129309220755,0.00636987947023998,0.0172825195347143,0.00311756992279894,0.0343651550508341,0.012252020096788,0.0363335837501992,0.000517199231483031,0.000809311827685452,0.000878441363514781,0.0122421480950537,0.00477254539177163,0.0385217008652065,0.00746653980508763,0.316331002514349,0.00154241362342103,0.0030766373590817,0.0109860609987057,0.129923623545363,0.0247749651451245,0.00777767940689275,0.000277948246780682,0.00093213888128607,0.00258801284595091,0.00775237515324726,0.0204463336993315
0.00162709471196463,0.000499368121403193,0.00237732987713036,0.925573197499042,0.0109932118985112,2.14198587332295,2.45980198495854,1.0374845200112,0.0594120272774261,0,0.0638265061486378,0.460555789948767,0.0126479408485598,0.199051191429685,0.0255603464501346,0.000584806706033754,0.00448009441593843,0.0246479635781025,0.0477058115967886,0.463687476790407,0.00460862312460066,0.00206529166072469,0.00589710399487185,0.0666137509987607,0.000678489475966145,0.0210345895279692,0.0139896303754119,0.630268597546086,0.140427428913762,0.0122341267441034,0.00254256838008487,0.00834293483620124,0.00183760041609816,0.134736884586157,0.120136452969937,0.905468775370819,0.0238310269134169,0.179784257457768,0.0157526092569466,0.150590627863583,0.0488596167408221,0.012942314826978,0.0576440126645629,0.000970324904603028,0.0003488200800915,0.000773499097229959,0.00246029739051779,8.49019727972985e-05,0.000944656826909782,0,0.000210192261577153,0,0.00379270328631585,4.53424741631984e-05,0.000133473101490092,0.000923255707977628,7.15844533656117e-05,0.00540235857843313,0.000374373256592703,0.00656173105562081,0.00306920409739513,0.000833503146220705,0.000595002184212041,0.00180744790211594,8.28641502743008e-05,0,0,0,0.00142597389137404,2.35677291671276e-05,0.00017413689653883,0.000293324217361879,0.0125174714843689,0,6.07120613448382e-05,0.000212026425710773,0.00643457434483878,0.000295406170757699,0,0,0,0,0.000252041462445593,0.00903896477839575
0.000702560792138766,0.00109278546069863,0.00457556032244411,0.00666479880620466,0.000300479300761462,0.0146843538551029,0.0294973816189125,0.0382594616732501,0.00336391321915371,0.0638265061486378,0,0.0400681022484711,0.631535246451645,0.0263778107589779,0.00140659556097884,0.00114549266765261,0.0380150393065105,1.34647227791645,0.468421363499932,0.00409734478555152,0.00876648734285314,0.000584819385633373,0.0323430877567762,0.00765508847763978,0.041897042801246,0.367022969011016,0.0449652300672858,0.0350570170116422,0.120422676149751,0.00956282559168743,0.0101628249234322,0.0186312192570559,0.000860897248780179,0.666015515352296,0.00785270247928647,0.0593067080278968,0.0995442022558651,0.241914627517303,0.0418114910415771,0.00492477959787028,0.00258560594164688,0.215139207836178,0.00512364411957938,0.0324627982329646,0.00602955894512334,0.000718124737090682,0.000469408766198158,0.00210799967556863,0.0742228116736431,0,0.00362597388797577,0.00180786521314616,0.000129307197037244,0,0.000366291821225214,0.000339018545459986,0.000919070647380685,0.00137049991571822,0.000218348008752537,0.188616186719257,0.000669382140495636,0.445384134123417,0.000443908854717111,0.000217817758518958,0.000406071540207744,0.000861430451905824,0.00784828773323202,0.00145270021225655,0.000355387411134505,0.000235806535198807,0.00186207694635258,0.000758502264117263,0.00228020949889135,0.0238577928387256,0.0540282153503108,0.0355352586251481,0.000710140152619315,0.00293207060873747,0.00015367292447598,0.0807438093450532,0.00171465571848495,0,0.0132909949835854,0.00408681329798334
0.000483299705559969,0.00208244204991126,0.000697885317605829,0.697453738904692,0.0383264424925776,0.8134556579423,0.0554452993123972,0.389608103685958,0.258208796404093,0.460555789948767,0.0400681022484711,0,0.0119695563290794,0.0565085728365292,0.220278016550794,0.000274108365393496,0.00199326810438178,0.0143053297875623,0.0195634777522705,1.00561946515395,0.00252437253234442,0.0153222950515724,0.00187837919557484,0.207362047910381,0.00508871635303953,0.0106141256002567,0.0271040747169575,0.0856168769735586,0.043813597587907,0.00376885787431342,0.00109194403905921,0.00730943176938155,0.000186945868502712,0.053683164198961,0.131863381824928,0.511745290493867,0.0136869653201622,0.0837952554214014,0.00629099385251706,0.36746429494528,0.0208044471926752,0.0136861577517457,0.0215492015503696,0.000273867330128718,0.00191855993711787,0.000523561350400161,0.0146704219399046,0.000244297580295468,0.00091917158079872,0.000149571644759607,0.000335598085727214,0,0.0309991099367544,0.00014257143559432,0.00408735589289119,0.00266560656943176,0.00613783626716063,0.0137571101871191,0.0069549198511082,0.0110570018999637,0.0307871389659602,0.000644539253444481,0.00442474384937105,0.0094001263400739,0.00037796191622839,0,0.00019357093750372,0.000265629417245269,0.0120094961285026,0,9.66583913391114e-05,0.000134770992679405,0.0289264142816652,6.98409232003214e-05,0.000390571139907622,0.000211084552232361,0.031013555316283,0.0021812403684392,2.93225095315218e-05,0,0,0.000107034655875015,0.00133942094473233,0.0131661559462583
0,0.0997806777380431,0.000649706180380154,0.00277119694003427,0.000802171964561745,0.00370462207137678,0.00556203734648046,0.00843195234583269,0.0613507834227144,0.0126479408485598,0.631535246451645,0.0119695563290794,0,0.00471766767042337,0.00494385800757659,0.000990463967375611,0.00119364124145451,0.0036865761354265,0.000527097506029487,0.00139812108180485,0.000669734791116856,0.0482071812379787,0.00118963165399127,0.0304097456617987,0.668875477311855,0.0339589263652415,0.125647269371385,0.00874184118183137,0.0152539264007195,0.00107177739944563,0.0147641604283339,0.00318760844600539,0,0.184128457271905,0.0014235277017147,0.013460719203076,0.0264354793022166,0.0536986531959451,0.00554210933621826,0.0102881065259531,0.0011051856909647,0.250323060856688,0.00731296868602467,0.095698028574759,0.00798120287090289,0.00223389884078326,0.000555330650078464,0.00234869180834339,0.193512882599327,0,0.00764840990580185,7.41646072161673e-05,9.53615445619584e-05,0,0.000111633595012879,0.000161652663429832,0.000926787444177887,0.00127362548366112,0.000299889530925608,0.361681574948363,0.000389857911438155,1.15716804154886,0.000436449942505717,0.0003328229042557,0.000639851333165121,0,0.0215724096787192,0.000905410598414875,0.00028245342862277,0,0.00390401497051208,0,0.000903127796831657,0.177756323724389,0.174088673145878,0.191663293873478,0.000260079476427078,0.00326058422878521,4.75981666118145e-05,0.256366157751663,0.00189759880901244,0,0.0151252643947441,0.000221760846456527
0.945644984355329,3.87260260215759e-05,0.243011940758386,0.0254947233349061,0.000895085724109934,0.0360748262211227,2.37670354962668,1.12840258262993,0.0147907321266715,0.199051191429685,0.0263778107589779,0.0565085728365292,0.00471766767042337,0,0.00283323297314532,0.00115814873926173,0.4539413392999,0.00761140509281964,0.0368559581707703,0.0062780522203908,0.082702482786956,0.000296911127062201,0.220073629831579,0.0471784542560755,0.000285031816683507,0.103351609432546,0.0449245833494659,0.335763887693502,1.3695000796123,1.42291367248526,0.000346304812575913,0.0262543935649436,0.00632142717860744,0.152704024748069,0.00532340548217201,0.0371537220316248,0.00919023316880859,0.0683201693374686,0.00956727403043853,0.00764189402444401,0.00659974318332224,0.00300121602082071,0.0067687147601707,0.00024383043673439,0.00231220111368783,0.000172258480642176,0.00213604551509757,0.000183010160813498,0.000355899979688216,0.000713983714221645,0.000117367114554405,0.00105090138994033,0.00183283457712262,2.47567934020996e-05,4.48313344921589e-05,0.00270817963314471,0.000372392185087943,0.00443446515055609,0.000162475331231928,0.00302091313275969,0.000541045368826723,0.000193350489247513,0.00215689000396643,0.000406379344523906,0.00209594147343958,0.000259395132791066,0,0.000149693129513693,0.00066194459810648,0.000345519828829264,0.000168516524290371,0.00221585300590513,0.034043415073858,0,0.00057995786502769,0.00507716369594105,0.018469101840124,0.00233726167050212,0.000199277855253172,0,0,0.000440802808626032,0.00119925702383852,0.00169482813628006
0,0.00416052813613825,0.000118138588324404,0.0272627291762926,0.463622829594115,0.392561820198471,0.00812240684596357,0.0375575955162698,0.32216284176609,0.0255603464501346,0.00140659556097884,0.220278016550794,0.00494385800757659,0.00283323297314532,0,0.000953549824034311,0.000717927188611532,0.000472734398459506,0.000587901996859575,0.0275745674601056,0.00472136004989738,0.0371229111317115,0.00460215896740823,0.10026582250371,0.0105379088143094,0.00140089796763017,0.0538911659437683,0.0357383053437434,0.00510639232332296,0.00100810814353328,0.000173568546070385,0.0176512959272503,0.000493708949342084,0.00495432804328091,0.133213026425167,0.0448676363543214,0.00464184826447575,0.00853384199553655,0.00717485050299003,0.509151275530141,0.00594887556311147,0.00249771670432818,0.00506761618731759,0.00257477540142116,0.00121680386553922,0.00615155142620869,0.00391488855756233,7.42287701916697e-05,7.91495805100444e-05,0.000136678671934605,7.87387598969463e-05,0.000132770810612107,0.00817254288656059,0.000100960870022679,0.00124170396536958,0.00113638281925113,0.00103198722643247,0.00483911171027093,0.000826520939787985,0.00228738371861696,0.00398614623477571,6.26648366127491e-05,0.000837527761724564,0.00322160889345565,0.000564987558398413,0.000359835669541168,0.000110162965583181,0.00053520049750905,0.00155670326266582,0.000754377662498997,0.00017051400713687,0.00334275072560932,0.0124494911408044,4.56697972940922e-05,0.000638634757488775,0.00340695281801307,0.0108466446529742,0.000614173671454406,0.000321552184931612,0,0,0,0.000251954151967192,0.0481309965791007
6.66477806659695e-05,0.00447903736579683,0.00829400777105164,0.00026358739923737,0.00141014352619462,0.00105202165179019,0.000857863322618721,0.0027848821084007,0.0195163687470928,0.000584806706033754,0.00114549266765261,0.000274108365393496,0.000990463967375611,0.00115814873926173,0.000953549824034311,0,0.0165100360103923,0.000439611691239262,0.00910174389787682,0,0.633534003187672,0.545276757107476,0.906661062915386,0.266608185994277,0.00273224588976469,0.0108243660455015,0.61098836779813,0.0853207277045396,0.00111267503381882,0.00698402070744501,0,0.000536709801897574,9.22652449964998e-05,0.0478818152264733,0.0858670993197288,0.39682961584485,0.10235299720328,0.234483830552274,0.152433775463806,0.00199923848946667,0.00930337823432475,0.00302161488062263,0.0406754183731013,0.00471263156255159,0.0180563402514353,0.0096355473544046,0.00804928240191362,0.000434461700824117,0.000333500557312107,0.0031690154977,0.00246171769196493,0.011922485194247,0.00117818918336656,0.000544013489094877,0.000338248536245179,0.0203096199969807,0.00344625681221128,0.0519355507665954,0.00029049103038845,0.00482102285631357,0.00214166818029645,0.000264067783249378,0.0180386338921271,0.00618290165303056,0.848937152435207,0.00663825127600038,0,0.00204605041982997,0.000649817754118657,0.0711701701020968,0.188989526051412,0.491511313044417,0.0925064116213753,0.000162474772362423,0.00568735359692881,0.365859795690071,0.0489817194955807,0.00582320325927971,0.039653186689511,0,0,0.000911918841889479,0.00713344967995451,0.041066782132657
0.0316414169088334,0.00102676881810272,0.307448772248649,0.000779775388060142,0.000226661442346001,0.00387268453599427,0.0351509438093676,0.244814812446743,0.0021271943122957,0.00448009441593843,0.0380150393065105,0.00199326810438178,0.00119364124145451,0.4539413392999,0.000717927188611532,0.0165100360103923,0,0.00507542685239174,0.479377193778597,0.000182468634099484,0.519298448627383,0.00159714653018608,0.93966109495779,0.0214033717965622,0.000113614722008228,0.125856970695829,1.52856056191753,0.13334515017191,0.409360159277031,0.332122211223283,0.000173638034160638,0.000562658727371502,0.0186183485914477,0.955703039255262,0.0378641667879424,0.23963906221607,0.220128355058843,0.265734076683948,0.138366488898364,0.00306040331770253,0.00488242860154965,0.00169690162141561,0.0604707615346217,0.00841765115067273,0.0270156819501057,0.0197701280277428,0.00126253807948008,0.000110204678651762,0.000198960001194954,0.00121980380767844,0.00910115184301776,0.130671747739519,2.49082133472204e-05,0.000456544093573618,0,0.0108715927422551,0.000492974963428664,0.000897995876530506,0,0.0022417441498213,8.84701702782392e-05,0.00014178618430376,0.00306033418237388,0.000154368362266206,0.0191513664597778,0.0508421228754918,0.000442103224637151,0.0279106632607449,0,0.00710239387034418,0.00522568773783186,0.0368517056514532,0.0126288121366344,7.08641141735074e-05,0.068928198383388,0.395732328418782,0.0112068340274577,0.00196370075451651,0.00857345027436216,0.000148770774850011,0,0.000271982429760361,0.0163737998065429,0.0228484692511276
3.60354300441742e-05,6.88363295017239e-05,0.00101424015486808,0.00224131156500642,0,0.00377877553687537,0.011260481058702,0.0102600644835659,0.00115070862845101,0.0246479635781025,1.34647227791645,0.0143053297875623,0.0036865761354265,0.00761140509281964,0.000472734398459506,0.000439611691239262,0.00507542685239174,0,0.194925621943572,0.00192934213909502,0.0016407265855838,0,0.00491893503967808,0.00276292789891212,0.000494865494110012,0.197470130672997,0.015785015703533,0.0147890768463611,0.0273845711470821,0.00276490386726448,0.00375965942527735,0.00257033151686201,0.000250765864600468,0.142023948259582,0.00599814768658063,0.0313241220292822,0.151169669485839,0.231697751377103,0.0333126034480631,0.00179103881369152,0.00078380006500001,0.00355176814439678,0.00244611427933149,0.00517121900590725,0.000515292713566589,0.000817371074744508,6.33050909938812e-05,0,0.00473750231380572,0,0.000614433321830034,0.000257246128927302,0,0,0,0,0,0.000367782996045542,0,0.0139654335989808,0,0.034236608639683,0,0,0.000119669972021985,0.000165985588610577,0.00850318900598544,0.00133024625954106,0,6.57695826385975e-05,7.68474979289056e-05,0.000284018376199555,0.00024273295178957,0.00294717850824614,0.0443986492056195,0.0195903402985857,0,4.963459196105e-05,0,0.0267404629504795,0,0,4.18189723700047e-05,0.00300954487683435
0.0010225761077317,0.00131199076338089,0.0090628039140162,0.00595548563181715,0.000257591841243076,0.00575762206719124,0.0262853671533553,0.0278634269700647,0.00352005649151337,0.0477058115967886,0.468421363499932,0.0195634777522705,0.000527097506029487,0.0368559581707703,0.000587901996859575,0.00910174389787682,0.479377193778597,0.194925621943572,0,0.0028276362299788,0.045399603242784,0.000290575514810419,0.124374932355422,0.0124493096073056,0.00044555945003643,0.338552735502256,0.278036850621844,0.0517682005484622,0.0848934092854562,0.0208368015335984,0.00121927086416948,0.00501103838097172,0.00382188375975723,1.42663724579578,0.0708976241138768,0.523986219682639,0.680079461243566,0.671141579121179,0.30758649403466,0.0018020368324425,0.00368408726557688,0.00141245825666647,0.0254009540313635,0.00915809325144902,0.00975374851431371,0.012614172599498,0.000607113726669908,0.000288522224285698,0.00128179096348949,0.000570276802447009,0.00639936188977675,0.0171685927811961,0,0.000163078613026238,4.09255540667534e-05,0.0018648686759105,0,0.000951802534381602,0,0.0028978551392179,8.36198310262683e-05,0.00600294658209286,0.000216279555424332,2.35942061053753e-05,0.00311172139901142,0.0115074465254512,0.00519032030548158,0.0342329374972502,0,0.0013877668073967,0.00104650719324014,0.00711925710365915,0.0018278651411937,0.000936306771509292,0.147855230447244,0.217467501950022,0.00175412963477614,0.000820498381658458,0.00354099071064668,0.00549040604320316,0,0,0.0070015261115483,0.0413601975785292
7.50836264990804e-05,0.000574410009070206,4.18678912879467e-05,1.27312522313016,0.00660417770582628,0.0351188226775543,0.00841649069381825,0.0329216775697009,0.0774532143232683,0.463687476790407,0.00409734478555152,1.00561946515395,0.00139812108180485,0.0062780522203908,0.0275745674601056,0,0.000182468634099484,0.00192934213909502,0.0028276362299788,0,0.000455844953768372,0.00381126109322386,0.000106866354899955,0.174615167730801,0.00055002822503314,0.00154138995086879,0.007131293535641,0.0553741232578768,0.00703476847035137,0.000349509209790826,0.000137249543261242,0.000962311738514638,0.000110757975316095,0.0078527591074327,0.00846497839637391,0.0786712567090302,0.00208147195154104,0.012915684112417,0.00135038890542026,0.0888643070254065,0.00296076785229235,0.00291620141005468,0.00580698994561739,0.000143993282850742,0.000925335693439341,3.43172115147591e-05,0.00584716557806261,6.09005569307327e-05,0.000142985720405626,0.000170732463677287,0,0,0.0132152044783257,0.000261869127199173,0.000957661442836521,0.00158970676222794,0.000881460487561586,0.00541068658623347,0.001262926083552,0.00250501023674767,0.0114945995008158,0.000144036626946282,0.00177061857217653,0.00324557720918579,3.31759444951057e-05,0,0,0,0.00396274825726619,0,0,0,0.0109569583924335,5.53381683843136e-05,0,6.99474294589522e-05,0.0157236302658708,0.000516573460145664,0.000111976005638599,0,0,3.94213548124313e-05,0.000211905929878259,0.00110728527847702
0.00347624134825294,0.000480347960961032,0.322515259917417,0.000494793392016649,0.00377505429634957,0.00899346097921727,0.0825975695263948,0.105663282240153,0.00736795809209266,0.00460862312460066,0.00876648734285314,0.00252437253234442,0.000669734791116856,0.082702482786956,0.00472136004989738,0.633534003187672,0.519298448627383,0.0016407265855838,0.045399603242784,0.000455844953768372,0,0.0512735276057055,5.06550343094313,0.205431676056205,0.00037851655259409,0.0778053754124601,0.705715183113496,1.15686484970757,0.0460061491778549,1.21306211471663,6.1391042211771e-05,0.00322551739886534,0.0117393881153528,1.24686889991565,0.290273225493839,0.499070481135735,0.156137351329488,1.36768491428912,0.367106562785247,0.00813313222557742,0.033074486033043,0.00812996944432256,0.0561189443945316,0.00410769912337749,0.0111415632061252,0.00723678524199423,0.00687840332481642,0.00034442604788127,0.000340716264180326,0.00313549610213063,0.00102647572077448,0.00693137645456446,0.000670745520489165,0.000415341720739317,0.000806659750104141,0.0141236266084857,0.00532972387846851,0.0161471924060854,0.000190939748165608,0.0139747360829625,0.000297941060141968,3.05896985705852e-05,0.0251140222169078,0.00196193737655656,0.317889443375632,0.00380730068033164,0.000275284399249053,0.00124146686993664,0.000358584255683875,0.0505649735148322,0.0591175856678706,0.159736109554802,0.103555546632407,2.88912505453587e-05,0.00396191614219129,0.0924395326926787,0.0664729600560096,0.0102262035553112,0.0322614936731243,0,0.000120180067280865,0.00187043895799322,0.00424963900472233,0.0798043432743233
0,0.207141463083908,0.00128984501028762,0.00938938137030019,0.00707384801502551,0.00903663393187138,0.000452103203524471,0.00214130831986225,0.451643425013273,0.00206529166072469,0.000584819385633373,0.0153222950515724,0.0482071812379787,0.000296911127062201,0.0371229111317115,0.545276757107476,0.00159714653018608,0,0.000290575514810419,0.00381126109322386,0.0512735276057055,0,0.0322631952821313,1.10467579309972,0.133036730090552,0.00378822049492648,1.47135907383548,0.0486145015423681,0.000867550728962829,0.00155457133603087,0.000969591077234146,0.000219285573783064,0.00014685395352025,0.00220328168031647,0.00271358275577307,0.00809173943084107,0.00168674625896967,0.0038133132759186,0.00142653855964553,0.0476657050402178,0.000328276082671881,0.0125288367893839,0.0102941212341461,0.00122332213101058,0.00298498547931228,0.00172336659747772,0.00207172300811538,0,0.000844428622917224,0.000726117625332353,0.00454277640905225,0.00197195535223103,0.000513168880630422,0,9.76831122671127e-05,0.00302366136165934,0.00105827560369463,0.0124588417073815,9.67295223471643e-05,0.00192748121462478,0.000439090038083387,0.00508617043093705,0.00404836290362706,0.00206071566694543,0.142422586211105,0.00211378561389882,0.00028668610410881,0.000597854967290664,0.000234210786381435,0.00626540591908898,0.0960411005135387,0.0384889743726835,0.0514843494833252,0.0016476258157495,0.00520903851190112,0.167062900302495,0.0157698640655493,0.0028133452113965,0.0049810446453831,0.000466592773380137,7.3933266950035e-05,4.19311426323414e-05,0.00139076856487091,0.00269009993513456
0.0153904582287008,0.000645121318015671,2.2034305387942,0.0010610355747993,0.00547462938102319,0.00766081720913622,0.122740184274386,0.199284900934893,0.00436938173679752,0.00589710399487185,0.0323430877567762,0.00187837919557484,0.00118963165399127,0.220073629831579,0.00460215896740823,0.906661062915386,0.93966109495779,0.00491893503967808,0.124374932355422,0.000106866354899955,5.06550343094313,0.0322631952821313,0,0.0462151980558428,0.000256179348114538,0.197482488726452,4.01201207459679,0.504499474174344,0.105075192841665,0.326099917153654,2.72356313459158e-05,0.00233318313400007,0.00530620966799281,1.56974773719538,0.371312805190423,1.3436318363214,0.467163398833919,1.98402474458238,1.199587704483,0.00917761784909176,0.04456584083264,0.00464935831126504,0.062518498331292,0.0107714944298409,0.0290295858551414,0.0224686054127927,0.00726626278628639,0.000613464493797946,4.78708315124035e-05,0.0014568790242168,0.00616955832452951,0.0689326463782144,0.000326076443645525,0.000872121411499979,0.000609369522172475,0.0320369458098464,0.00399063182447622,0.0286156984495985,6.47531456628323e-05,0.00492323678707495,0.00126461707998383,0.000138717986758089,0.015216941179879,0.00283039516658034,0.837200741915146,0.015827615995289,0.000153795374369955,0.00432033689089065,0.000228593059844994,0.0499638185241871,0.0731065598214845,0.803805489120873,0.0566827141683515,0.000177548600649357,0.0133972525631227,0.608309860726989,0.0527307854879561,0.00282494377110305,0.0199436347196426,4.0549648925066e-05,0.000169875029039288,0.00042642020084455,0.0092444139164664,0.178625073337439
0.00183957648155906,0.0837269101875771,0.007814023955191,0.83086490555867,0.0166200977076322,0.0447483764101898,0.351514427331818,0.064571084145349,2.10613542281051,0.0666137509987607,0.00765508847763978,0.207362047910381,0.0304097456617987,0.0471784542560755,0.10026582250371,0.266608185994277,0.0214033717965622,0.00276292789891212,0.0124493096073056,0.174615167730801,0.205431676056205,1.10467579309972,0.0462151980558428,0,0.0827927964774777,0.0140514709647225,0.554777955623767,0.952036104543006,0.114069321677868,0.0487131364530019,0.000735664024144032,0.002759828119294,0.0165190322120855,0.0643517432672667,0.134902416543165,0.247449413572201,0.0332774501737144,0.148373137526591,0.0358624034647789,0.119738879385386,0.0165569630143649,0.0311470388083859,0.260504714323631,0.00785412552355419,0.0806715371789801,0.00980231094089304,0.065998596390435,0.00787018742321677,0.00133026962107909,0.0299344084970736,0.00332616216674698,0.00185600106771231,0.103578518426338,0.000934900883742666,0.0113969767147463,0.101951335912406,0.0546036546285555,0.21270214625985,0.0220934819848708,0.047240146645877,0.0296221945875536,0.00177488483532346,0.213466553174504,0.0242988649986713,0.233099835573002,0.00210840332204127,0.000656140425172329,0.00114475646806104,0.0273184627032337,0.0541838001336724,0.153960004036111,0.0658485777293438,1.42944556954882,0.00123946689397724,0.00427203758879418,0.0756216165838147,0.653319172141746,0.157432514068332,0.0631183120866522,0.000163819081429553,0.00242838681774495,0.018170013024527,0.0515388187622284,0.0803764650972414
0,0.274898553622317,4.02837340582847e-05,0.00229929257575257,0.00155434605216617,0.00248683372945933,9.65776485682965e-05,0.000747601290479469,0.0975278445450869,0.000678489475966145,0.041897042801246,0.00508871635303953,0.668875477311855,0.000285031816683507,0.0105379088143094,0.00273224588976469,0.000113614722008228,0.000494865494110012,0.00044555945003643,0.00055002822503314,0.00037851655259409,0.133036730090552,0.000256179348114538,0.0827927964774777,0,0.00942127404537628,0.299145164023024,0.00124776170056901,0.000501341350898624,0.000146675955564738,0.0076971454729283,8.30507314348698e-05,0,0.0137481393109345,4.31947545102119e-05,0.000494242346684789,0.000138341891362954,0.00307640609016061,0,0.0123932693858602,0.000142895797905922,0.0553428814735387,0.0010950313114949,0.00314408172697287,0.00136495209345145,0.000300871480500222,0.000267405104206967,0.000606459910785151,0.00415449226621275,0,0.00912986611623809,0,0,4.18063046612262e-05,2.47687199151516e-05,3.02080045713663e-05,0.000381595388478422,0.000940657850039912,0.000139694300074291,0.0438143401689163,0.000233090534440613,0.191490802322452,0.000147216879809499,0.000165061569229221,0.000535332119204688,0,0.0019792696222764,0.000510418648124146,5.51050365648746e-05,0,0.00297385193866997,0,0.00102913321067004,0.0543599027268592,0.0169434621498055,0.0722733685244471,7.10891423851252e-05,0.000999559186079619,0,0.0190494614708896,0.000449888617711568,0,0.00394548110200741,0.000227399673289489
0.00557665701798599,0.00649708346693117,1.20236264196437,0.00290153049299009,0.000193161242556858,0.00416167640091755,0.0279277507592759,0.0923246670780279,0.00685535282937615,0.0210345895279692,0.367022969011016,0.0106141256002567,0.0339589263652415,0.103351609432546,0.00140089796763017,0.0108243660455015,0.125856970695829,0.197470130672997,0.338552735502256,0.00154138995086879,0.0778053754124601,0.00378822049492648,0.197482488726452,0.0140514709647225,0.00942127404537628,0,4.36783160517435,0.0563472401496726,0.0681012950381324,0.0436832108135308,0.0214392837521183,0.00220019486567814,0.00214757345708401,0.189539526055517,0.0400783639011588,0.332860244844219,0.694168408976661,0.343507597200514,0.14541480045541,0.00416190147471073,0.00297157674722469,0.0108782755809231,0.123132666541892,0.0632183086511258,0.0505443219191784,0.0456457492998214,0.000932088753466012,0.00048098505436039,0.0153620060593329,0.00224163419323711,0.0601147272439261,0.0618225434302102,0,0.000248293739036131,4.2552209160471e-05,0.0102143260523403,0.000223608712802053,0.00261784448163781,0,0.0907815606724378,2.5049650931716e-05,0.271339094777555,0.00243993825206866,5.11300593748093e-05,0.00717361441642623,0.0366381848344497,0.10322555725005,0.179403808439461,4.62338472418785e-05,0.00870884277947621,0.0122487058618973,0.0250864998656878,0.00390027110964398,0.0512963508235836,1.10075233246891,1.4816896171244,0.00597506493921719,0.00525014032389705,0.0150638957826211,0.199009418509549,0.000127134900998688,0.000148953015853787,0.0312298860102488,0.0255069388806006
