0,2.59736066277266e-05,0.0141934798398117,4.30947532372952e-05,0,0.000249572762799287,0.620332217237438,0.0244950132956409,0.000404579256721532,0.00222497916016462,0.000601866959631359,0.000401408708811164,0,0.479635225355533,9.88631956232546e-05,5.59221306995273e-05,0.0650546871377565,0.000789749558991981,0.00451507975766002,0.000107851089086473,0.0158564876134863,0.000107314948943305,0.0631991991013508,0.00117368881295756,0,0.0071638980886857,0.00319000844715743,0.00338421231689375,0.482977881391403,0.267043781373763,0,9.49993553537366e-05,0.00423872262332814,0.00578932141261229,0.000415402821114158,0.00215285912694174,0.000325497606049657,0.00297757946763855,0.000809096562010932,0.000368549974278069,3.82473209176063e-05,0,0.000380480398365045,2.8704769309473e-05,0,0,0.0002898828674124,6.29491593716145e-05,8.99972418036461e-05,0,0,7.9973370162535e-05,0,0,0,0,0,6.65695273881436e-05,0,0,0,0,9.62402711550953e-05,0,0.000132069907420087,0,0,0,0,5.99072712811112e-05,0.000245054859636354,7.03103528680803e-05,0.000662733762717032,0,0,0.000373384404115402,0.000946445189465025,2.31774335899353e-05,0,0,0,0,3.7436722526741e-05,0.000114424878976012
2.59736066277266e-05,0,0.00313426729662218,6.8718754464364e-05,0,0.00016608753830142,0.000603440985668409,0.000206370793045438,0.107064869753861,0,0.0214241574814369,0.000834186341089462,0.157382442958255,0.000979188457843352,0.000724654019728026,0.0124465126282595,0.000698202487074972,0.00105059314485243,0.000507284532728815,9.8919267672062e-05,0.00129702466620592,0.338793496251872,0.00310381074243784,0.184549678438497,0.22538313031244,0.0221321701841852,1.56079270160879,0.0127281810988128,0.000738861681100906,0.000431232657795501,0.0323345243679213,0.000134135959723807,6.28371961781025e-05,0.0198546599551093,0.000438916411529327,0.00398944001837461,0.00567709518453554,0.00407159718885419,0.00205969508893212,0.000289211094418514,0.000196340879618454,0.0267283719399924,0.00753723282845779,0.0054587336790553,0.00391436489813869,0.00499639833723807,0.000673291893509793,0,0.00866705833148942,8.00810800539137e-05,0.124040302905021,0.0018012264696874,6.63363872262716e-05,5.51505109755278e-05,0,5.75773189509392e-05,9.04821984202266e-05,0.00162330764891427,0,0.00673246660494735,0.00187189034823027,0.0276852632209948,0.000506019048916924,0.000159046841090965,0.00123757669605051,0.00525870259215817,0.000362530530062723,0.00124559970870378,0,0.000351805578963149,0.00442662921098387,0.00159434437586548,0.00627780074805288,0.0116467470772335,0.0582546610858386,0.380319878510245,0.00105421566521662,0.000399380467520559,0.000303998685005963,0.00710158217795706,0,3.05163388787031e-05,0.00446776902198366,0.000344231730638671
0.0141934798398117,0.00313426729662218,0,0.00265157953612276,0.00190240556262551,0.00612475915020523,0.501715271056888,0.330230265106071,0.0019511422563869,0.0443172390549749,0.00457262735900069,0.00618349069900086,0,0.319149221948,0.00569660840142141,0.00927325753528151,3.32559301438395,0.0109180682989255,0.226506781788701,0.00180045944451646,0.480270482899535,0.00555950275078976,4.40799244820361,0.0142086549167077,0.000193384668121958,2.07797927894585,2.4979454155818,0.113600604911345,0.0713790401707577,0.149750997534607,0.000425842266481423,0.00193196219701847,0.00730260820863679,0.578161493779602,0.0762157244267926,0.762621020070994,0.19187262297563,0.592622842108323,0.36816366836263,0.0366092129531456,0.0064433854202316,0.00116007041791781,0.0691586176334017,0.0103118148362371,0.0397636117228692,0.0299064254464456,0.0200486630726852,0.000545419471084309,0,0.00113145700106856,0.0392101776635068,0.128384834397192,0.0018240123466265,0.00029070640250231,0.000178809395223057,0.00909372081305933,0.00372113115234769,0.00165869860095403,0.00125782613918392,5.60698121746064e-05,0.00083477980316433,0.00144660100280323,0.00698427330111305,0.000761253914824798,0.0445211819607875,0.0450283724932779,0.000127817351516426,0.00736430115964324,0.0017055990954638,0.00795473570156828,0.0195129041355754,0.0868007267950859,0.0184079778106489,0.000783526174181463,0.0402802194928459,1.18872461932353,0.0289067526332691,0.00330972794517117,0.00499305417483841,0.000123748668186951,0,6.35743886179924e-05,0.0297767036352148,0.040976133145243
4.30947532372952e-05,6.8718754464364e-05,0.00265157953612276,0,0.0016048830779688,0.0226418005620807,0.0115508111093915,0.0255467497646987,0.0841070998993639,0.771395374097469,0.00377849084674712,0.365495303127497,8.69995415958643e-05,0.02064230211082,0.0271890677890449,0,0.000410056907540512,0.00176662978738754,0.00184832991598696,1.51929652897255,0.00175044663060426,0.000153233152679002,0.000669426897920895,0.236200770597313,0,0.00272176415652827,0.00157115696993691,0.821292910052735,0.0081556342750293,0.000391873765453971,0.000128932175102735,0.000469059148489344,0.000119866320194328,0.0185794523606469,0.00356725344554715,0.046359356420012,0.000409516076225055,0.010267824200659,0.00163185609753274,0.020316199690963,0.00314878387230706,5.16154474661589e-05,0.011562231073495,0,0.00353211001348966,0.000996718223649778,0.075169432478434,0.000827725277068688,3.36121405031562e-05,0,0,0,0.0633781157315919,0.000776980745121422,0.00514190143090024,0.0183572803651614,0.0158972729860678,0.0755254748026933,0.0440888545165908,0.000193822811690605,0.048575404229524,0.0006294741241359,0.00587048889786262,0.0184162620426588,0.000242380778366077,0,0.000150380220979106,0.000220509287379372,0.0523877141916246,0.000454249000393772,0,0.000306612331971693,0.131959363698837,0,0.000805292983364771,0.000189404531183386,0.120981363505115,0.00403800569814317,5.59531578088045e-05,2.89260581969142e-05,5.14799955195427e-05,0.000167297992318821,0.00622589178573643,0.000974738850090504
0,0,0.00190240556262551,0.0016048830779688,0,0.216098565913066,0.00313761429592708,0.00445044868145587,0.00178100626312381,0.0138712618606789,0.000153302599297011,0.0268400240072286,0,0.000871296260355353,0.253162999444979,0.00143393347672841,0.000138214122017098,0,0.000423346571046138,0.00179067320480385,0.0126506420420902,0.00029401440669452,0.0139495476607558,0.00213020668527967,0,0.000588490342924368,0.00215318414377458,0.00833214296065917,0.000641001117684591,0.00493689895742595,0,0.0405030874932241,0.000202302615425157,0.0157057250742999,0.0665870469965958,0.0118791053674637,0.00210281443484869,0.0028334113701896,0.00308690907773041,0.884468824754779,0.347066829474104,0,0.00136166997832948,0.000906944971960738,0.000487471220605921,0.0042182583689076,0.00470010706945596,0,0,0,0,0.000252172537709534,0.00144212978317734,0,0.000326402599378824,0.00048351447168976,0.000234488703279781,0.00230115607683575,0.000653157815800464,7.37214723986151e-05,0.00121169485919588,0.000317710930215978,0.00027268327831719,0.000523563494680107,0.00182990567601378,3.56130282711983e-05,0,0,0.00119458541584829,0.000604981155913853,0.000320759674160814,0.00163475815497505,0.0024017803780066,0,0.00046986309659872,0.00117933160866468,0.003545424561588,0.000123177373031807,4.95353750945092e-05,0,0,0,0.000251835731274116,0.0414074731614003
0.000249572762799287,0.00016608753830142,0.00612475915020523,0.0226418005620807,0.216098565913066,0,0.0847483596461877,0.546859616217917,0.0134908355896436,1.86594059249349,0.0134883614094621,0.655906564032264,9.01490244569538e-05,0.0479784862449184,0.167093878520304,0.0001206619179348,0.00297649520039971,0.0072685368471813,0.00641073957693528,0.0430531569970223,0.00298157494031125,0,0.00379864826108565,0.0094845077601155,0,0.0127749870832634,0.00465521078682711,0.057951037927941,0.00811657747609276,0.00249494343337803,0.000688676938396728,0.00570831487650836,0.000401146541763783,0.0438247762913745,0.22326523252113,0.102462524040423,0.0016273239522832,0.0319689484632527,0.0137068703661759,0.82009652663101,0.182978061468487,0.00169166403807157,0.00635564663252313,0,0.00184868016071917,0.000757163701851414,0.012992955040092,0.000391459324434185,5.82628797154427e-05,0,0.00012910758629868,3.40157663356423e-05,0.00403167816190719,0.000100913233802462,0.000504283600915932,0.00275143187631869,0.00150977976237235,0.0072038524638831,0.00183292853833762,0.000186981339234293,0.00592260739441132,0.000852928735873973,0.00127529019157517,0.00195410494342797,0.000223331418100119,0,0,0,0.00290827621201957,0.000585138664781547,0.000211269347219861,0.000409077805201244,0.0163511443861511,9.02527359565256e-05,7.18857726890086e-05,0.00049978519839294,0.0202208677804203,0.00126517883841049,0.000263834321260285,0,0,0,0.00122037507795133,0.0400414540449338
0.620332217237438,0.000603440985668409,0.501715271056888,0.0115508111093915,0.00313761429592708,0.0847483596461877,0,1.19316147997716,0.132603818822659,2.23094234430601,0.0177970802497961,0.0231405189874838,0.000270101844616043,3.18395212010269,0.0226925987279829,0.004276849209259,0.0818703696918085,0.0145889096330936,0.019326081963171,0.00586513153593731,0.43391099744556,0.00744854077480508,0.609226027177762,0.691906103008512,0.00051362790424093,0.048720412272943,0.0577325426777967,7.44295611171023,0.412429212302439,0.874911307939065,0.00060495012469312,0.00587166816031246,0.0276099143065114,0.192236775572047,0.0832780518987809,0.251089842632182,0.00851459758998991,0.143190752533427,0.0419676115226835,0.0457868631020511,0.0230771574407651,0.000978875602699937,0.087483930070777,0.000751239217899695,0.0275716150969524,0.00793033642522539,0.0504822622923123,0.00585805009213353,0.000819927714097212,0.000687114142804122,0.000263794793713927,0.00140412278719249,0.0181946321242603,0.000253246614702522,0.00213366515645898,0.0322359927448489,0.0179207352199367,0.0389700300661105,0.0112789959508026,0.000584744840662241,0.00791751370398809,0.00521623219448267,0.0207944479784508,0.0030006047876029,0.00872815952873135,0.000272600917613148,0,0.000123388726583719,0.00961994695915963,0.0112304842421284,0.00351906121146191,0.00816451636837285,0.239334168682614,3.54961313294411e-05,0.00107148749260906,0.0159085525541978,0.314660017724331,0.0221211336730511,0.00218468854180134,0,0.000769042072838677,0.00114014001767042,0.0249949557829558,0.0164693911973168
0.0244950132956409,0.000206370793045438,0.330230265106071,0.0255467497646987,0.00445044868145587,0.546859616217917,1.19316147997716,0,0.0166963017105736,1.90173948050466,0.0603160592183244,0.505026246019263,0.00121442973863463,0.618723521371161,0.0173306932358022,0.000215233749612987,0.226442578632927,0.0310647082460862,0.0400359862945029,0.104908277126,0.0906116027498971,0.000592451347198391,0.27141267711472,0.0524175461887857,0.000381620963782823,0.0911630508964451,0.0505509619613938,0.189911890620691,0.0501138212613626,0.188691907058277,0.00290293379524,0.01796963531944,0.00171548943932011,0.140004367853433,0.0262755633741233,0.236180041081973,0.00530844653940402,0.0824310716433768,0.0334065823909545,0.139137628044233,0.0806595669529702,0.00617670568301457,0.0201990851544624,0.000398921441862464,0.00661950665758391,0.0010455262244634,0.0162876098622189,0.000981788319094193,0.000501393904568696,0.000235402836377573,0.00012234554307766,0.00131710209009529,0.00434623071001368,0,0.000525680537271941,0.0100586261478504,0.00539544699374331,0.00562285543526317,0.00400327400587831,4.12020235094309e-05,0.00300025488412162,0.00331691907442134,0.0045792641651897,0.000968572859162174,0.00152559053628391,7.63612373941182e-05,0,2.6105288368392e-05,0.00316117827019048,0.00174331365585579,0.00104013330460335,0.00230441999387593,0.0637861415979397,0,0.000341398336581826,0.0117154193228978,0.083279122820231,0.00530025091340121,0.000452587102244747,6.59559582334518e-05,0,0.000453507492979896,0.00595002665505821,0.00249568815595118
0.000404579256721532,0.107064869753861,0.0019511422563869,0.0841070998993639,0.00178100626312381,0.0134908355896436,0.132603818822659,0.0166963017105736,0,0.0776163260389767,0.0054850078845735,0.171309326790669,0.0386434558298531,0.0261309204650777,0.0711014680207471,0.0115474763396151,0.00182136936236027,0.00220481129450272,0.00201844576927857,0.0290085022956901,0.0138295967452806,0.399733883409166,0.0145012348833817,2.73424792009877,0.0802743243404522,0.017115592325305,0.669600318624891,0.617074176558662,0.0417191176719505,0.0102226515705681,0.0131258735830462,0.00078304525501553,0.00474528343069404,0.0365997684268922,0.0357613777881241,0.0937887009048694,0.00698457775860579,0.0171910168330343,0.00419178087446013,0.0673747747137798,0.00324156377073404,0.00270607285333047,0.0651398868500482,0.001961966657461,0.0169250653335041,0.00538559773567551,0.0397603865850902,0.00350524150921512,0.00118185608635379,0.000963470049866127,0.00437565529674631,0.00083636993377794,0.0574794731373744,0.0012472535895119,0.00398353977762833,0.0239530738747174,0.0170468448749274,0.191980662951212,0.0222266958257012,0.00234505454382938,0.0305595439299939,0.00833262702097813,0.0144235390115825,0.0124590472556024,0.0540567587886427,0.000342419030418801,0.00171315425516107,0.000812407127640774,0.0323136954581122,0.0342276544242296,0.102232977801677,0.0200851083934494,0.511071995950331,0.00133057510607581,0.0112556508129426,0.040675543729612,0.28909100772012,0.020151747992397,0.0107322663475405,0.00112398246909625,0.000435996487751174,0.00143747469508872,0.0155613495127372,0.0315504090425275
0.00222497916016462,0,0.0443172390549749,0.771395374097469,0.0138712618606789,1.86594059249349,2.23094234430601,1.90173948050466,0.0776163260389767,0,0.0602367309295778,0.921679271856782,0.000525261639432907,0.956933655450927,0.0833407495274437,9.15894898175478e-05,0.00831936915959139,0.0399676665445935,0.0375857646823044,0.578776755742376,0.0233047827575235,0.000413690130026948,0.0236565648066189,0.146046220153197,0.000321886030383647,0.0805597174702368,0.0242215521481853,1.48231600765432,0.18928612947925,0.00811500599710329,0.00353373905698684,0.0116909967428173,0.0016579957885165,0.266187626350959,0.125109227510711,0.452458703344101,0.00490182212891404,0.16337172551366,0.0317518701804649,0.157174009541861,0.0552385199640704,0.00296028269809301,0.0299815502968081,0.000491409568696856,0.00823823387321559,0.00258206808660648,0.0936545099975802,0.00192759898330885,0.000394575245472836,0.000165038432241738,0,0.000270524841577578,0.093438493282678,0.000875801438559271,0.00611937582031833,0.0356912504855389,0.0211115154985581,0.0717880442061446,0.046545658040862,0.000283556463882792,0.0664394190711867,0.00253093084474472,0.0102820848340423,0.0245956611081779,0.000805048290009092,2.85568020881415e-05,0,2.55023226609707e-05,0.0538547691332031,0.00106199749158692,0.000267283457376778,0.00108940751995741,0.213987504989381,9.9384875772607e-05,7.71997978031638e-05,0.00159850549502406,0.228590948579344,0.00590829837123647,0.000291389015352237,0,0.000306297287477493,0.00029285145233835,0.00930221272931759,0.0134437722896646
0.000601866959631359,0.0214241574814369,0.00457262735900069,0.00377849084674712,0.000153302599297011,0.0134883614094621,0.0177970802497961,0.0603160592183244,0.0054850078845735,0.0602367309295778,0,0.0466267435888883,0.324536351838635,0.26160403089341,0.00189400191540659,0.000114469833645439,0.00880808824436079,0.775103261658269,0.179288111055142,0.0126591466152967,0.00141605037642995,0.0104727299294974,0.00556016296647838,0.00995655948593738,0.0231378590393465,0.577977966123756,0.0370013111363057,0.00909520252866674,0.138177922195535,0.00451073591919091,0.206619116093917,0.0609279856301446,0.00065748858805964,1.13633920136412,0.00519064325987126,0.0670802565508321,0.243178214433479,0.292451105752471,0.0165129394319125,0.0112606578191264,0.002468207482473,0.544064840847276,0.0032719914090422,0.0288892120111608,0.00686196023237748,0.000769117577688387,0.00161397403948859,0.000248462385753584,0.0798670258196049,0,0.0160536371755567,7.97843582672595e-05,3.54129812256813e-05,0,0,0.00016484772848196,0.000138098275552571,0.00518431524876201,4.55941407608509e-05,0.0746899927729742,0.000316700054538012,0.399620016516559,0.000581966168040622,0.000305049151957869,0.000323395675117552,0,0.000479106545886672,0.000234030094934559,0,0.000213399439575804,0.0136376694961116,4.95123344902038e-05,0.00944405921452659,0.0503243890460279,0.0603808763667322,0.150490883200767,0.00320517834978495,0.000331123920981908,6.89962325771333e-05,0.11728267208718,5.39596768303156e-05,0,0.00630454264206881,0.00145689785873475
0.000401408708811164,0.000834186341089462,0.00618349069900086,0.365495303127497,0.0268400240072286,0.655906564032264,0.0231405189874838,0.505026246019263,0.171309326790669,0.921679271856782,0.0466267435888883,0,0.000893476834223793,0.292621701554625,0.421837379409169,9.30572963663337e-05,0.00537418828045585,0.0315810060790259,0.028283209221942,1.16773960975948,0.00139516950808467,0.000936835865741574,0.00242318475404382,0.117362972129037,0.000448431788463271,0.0578415863504533,0.0204179927621458,0.228833366046296,0.0624563937149306,0.0025639755774752,0.00268606956723139,0.00464246005103241,0.000174634813098955,0.104648095688213,0.274448566706825,0.131807990758373,0.00286724727467723,0.0708655851142194,0.016770155090843,0.203628435378507,0.0150264884006315,0.00237082944785799,0.0114608777082344,0.000389304123411131,0.000862030533138348,0.00030638939027859,0.0748345373195262,0.00039862364287411,0.000427930627550125,0,0.000100494745053387,0,0.0404491832244423,0.000740774186936317,0.00771859780659695,0.00591004051268925,0.00603289333348284,0.0499961984460063,0.0208124294124633,0.000346592625793255,0.139039051850912,0.00268558631275796,0.00364258200215179,0.0201859951782498,0.00035060487115426,0,0.000138699292429435,9.45646736317755e-05,0.0305005802750678,0.000392141550807166,0,0.000112539403913796,0.0588585616707134,0,0.000728244108920429,0.000604672578741312,0.0479093021475425,0.00181035458438721,0.000216057247699785,0,4.67466109019995e-05,0,0.00269812004997046,0.241624697116256
0,0.157382442958255,0,8.69995415958643e-05,0,9.01490244569538e-05,0.000270101844616043,0.00121442973863463,0.0386434558298531,0.000525261639432907,0.324536351838635,0.000893476834223793,0,0.00295805156668446,0.000145207743046379,0.00147672840197339,0.000168171693349743,0.00121785970097201,0.000364271156443643,0.000161636096838808,0.000184962352833104,0.0908051843331623,0.000261179921534049,0.0305287341194352,0.329819509703124,0.0326537936924153,0.147192202579861,0.00194268249394886,0.000813418702266406,0,0.280032413539705,0.00102353037218499,3.56759130040407e-05,0.113361271717493,3.49681421495199e-05,0.00158754619910575,0.12166220813873,0.0183179807394707,0.000214948099979687,0.000107791684701872,0,0.31757700558925,0.00368351383716148,0.0481337474230365,0.00946524332954064,0.0036298849887083,7.38886360120777e-05,0,0.122502535214068,0,0.0275789602619343,2.6552910900855e-05,0.000101412323552036,0,0,0,0.000171522395021558,0.00890614161249134,0,0.144000954421559,0.000267428445847607,0.644091001752897,0.000488621659687376,0.000259387011811829,0.000519816300553477,0.00010147590312109,0.000893401808358815,0.000108926426240992,5.01128703266144e-05,0,0.0239734354866171,8.41150010155438e-05,0.00727151456159728,0.145845893793801,0.134014767707514,0.381709537192165,0.000224935437215042,0.000401406932661796,0,0.24784238646125,0,0,0.00834135573642314,9.29285049798485e-05
0.479635225355533,0.000979188457843352,0.319149221948,0.02064230211082,0.000871296260355353,0.0479784862449184,3.18395212010269,0.618723521371161,0.0261309204650777,0.956933655450927,0.26160403089341,0.292621701554625,0.00295805156668446,0,0.0121694654537309,0.000293888805798566,0.583776241068331,0.143165815684098,0.195066733341078,0.0708667294210636,0.151063924115445,0.00137998061463786,0.522313442497964,0.0896310696986722,0.00107377277601606,0.325805293813347,0.132242479533775,0.18641064757215,1.11026349824997,0.837183037390485,0.0088522083764402,0.0159225771611763,0.00584711142133862,0.292987346472152,0.030398764872507,0.274554468145119,0.0164638075490281,0.122637336037483,0.0416695466608035,0.039823625770741,0.0464201602191325,0.00927790546121229,0.0281579243716228,0.000867463874786626,0.00772550005255298,0.00293997399242027,0.0189459089578789,0.0016299670208343,0.000842535719133422,9.88606341856243e-05,0.000878402506522701,0.00101259946382065,0.0025431200398157,7.47229328403475e-05,0.000537315697083724,0.0127358056043973,0.00387231609952939,0.0104972613233954,0.00212915873042791,0.000579763588644314,0.00302181990916889,0.00689053767603485,0.00427477140435582,0.000925700159543301,0.00325588686537002,0.000176050922189045,4.59100198807955e-05,0.000102541469398356,0.00255342797612349,0.00593815716481778,0.00203592944565348,0.00467158188652689,0.0886334502169518,0.000991490656306434,0.00311182436246788,0.020423512697243,0.107311959274828,0.00627857177778282,0.000345491703042626,0.000156847468631017,0,0.000613220114616358,0.00805156715499537,0.00373902859237985
9.88631956232546e-05,0.000724654019728026,0.00569660840142141,0.0271890677890449,0.253162999444979,0.167093878520304,0.0226925987279829,0.0173306932358022,0.0711014680207471,0.0833407495274437,0.00189400191540659,0.421837379409169,0.000145207743046379,0.0121694654537309,0,0.00179074731792541,0.00206638588060557,0.00132405404150919,0.00107623997905522,0.0260522515656168,0.0270459312787378,0.00228556424828122,0.0212791603642145,0.0549610541342786,0.000223533697666716,0.00376347370735538,0.0127693141156301,0.0793414201704641,0.00483357440350611,0.0282635148707122,0,0.0117752621984856,0.000801479200082658,0.0302660220984455,0.196425375459608,0.0398964792632009,0.00430378170424829,0.00698179394871884,0.00384247220381204,0.562196027033054,0.00223323105145471,5.29049771335602e-05,0.011251780978169,0.00383204460560775,0.00246225874709293,0.0127302642157182,0.0736665825005558,0.000750424719791981,3.37057419302821e-05,0,3.47021555587053e-05,0.00133535635627425,0.0257009177660509,0.000906924017920794,0.00359863615472918,0.00446952366226532,0.00409774886679046,0.0361437373977468,0.0124870680861172,0.000277528272542954,0.0241528358934867,0.00374474482898533,0.00332564711353167,0.0182909833513019,0.00266456233898909,0,0.000452501853242254,0.00019428184968307,0.0167630192154617,0.00205797203286214,0.000980468971085836,0.00557759877727239,0.0441906894896863,0,0.00183457483761927,0.0042132607882387,0.0408786757718447,0.00149772481664685,0.00030063901830244,5.05973931844949e-05,0.00029494027594595,0,0.00165474524193406,0.145401559401027
5.59221306995273e-05,0.0124465126282595,0.00927325753528151,0,0.00143393347672841,0.0001206619179348,0.004276849209259,0.000215233749612987,0.0115474763396151,9.15894898175478e-05,0.000114469833645439,9.30572963663337e-05,0.00147672840197339,0.000293888805798566,0.00179074731792541,0,0.0100373017314264,0.00048690337907455,0.00251383437509929,0,1.21735843534695,0.84119928525476,0.920896277807906,0.410690253298184,0.0022129893070243,0.00622978283357179,0.92190479795411,0.248766240122342,0.000675604226191545,0.00802601091674474,0.000278416807710266,7.71203562335017e-05,8.60970192522761e-05,0.0289195215129229,0.0430071679775534,0.183315322853054,0.0411056476568183,0.0492906418515308,0.0487570624634916,0.00251925799315207,0.000661539146031499,0.00035230598643465,0.0636366057838614,0.00441053158689361,0.0199411396338197,0.0204990724513462,0.00682794059099374,0.000893098111485578,0.000235759476480937,0.000338831759630084,0.00124018061119783,0.0237776602283433,0.000413804002992177,0.000242774653878593,0.000111069264113235,0.00320054781531676,0.000816530330944086,0.00131419930286938,0.000163562602184868,4.44840309598446e-05,0.000135350366906989,0.00142129691814675,0.00170506349392148,0.000450016066418028,0.516719874953771,0.00361385337405809,8.1101564206588e-05,0.000619878024913478,0.000285272668209899,0.0550778930325434,0.147224777274396,0.240061650038168,0.0603292067323202,0.000382447732533562,0.00214008358878347,0.217326269153069,0.029495807197587,0.00124725566476976,0.00951336520015295,0,0,0.000591971815649151,0.00790124087016326,0.0207542895865963
0.0650546871377565,0.000698202487074972,3.32559301438395,0.000410056907540512,0.000138214122017098,0.00297649520039971,0.0818703696918085,0.226442578632927,0.00182136936236027,0.00831936915959139,0.00880808824436079,0.00537418828045585,0.000168171693349743,0.583776241068331,0.00206638588060557,0.0100373017314264,0,0.0244235990536061,0.802364267190876,0.00147721839923609,0.151866945642232,0.00258475164067338,0.885350217396424,0.00641875738037269,0.000103569341839027,1.59970914310433,1.33405192952611,0.0362266164989384,0.465855097669603,0.220173793234647,0.000185005829433787,0.00215191147930327,0.075087553931108,0.457526585941485,0.0213647090960243,0.147129884726469,0.0615304507800263,0.159940494257351,0.0592738296278192,0.00748188208953265,0.00352013209385291,0.000176513255514193,0.00660400056215591,0.00160889109880787,0.00281097715026814,0.00347198885188775,0.00270176977378905,0.000190679354169559,0,0,0.004236598126665,0.0107350661468832,0.000118524871049559,0,0,0.000483057744336057,2.95228587747574e-05,0.000268818040152335,9.63185882413029e-05,0,0.000168938815139925,9.12161736451149e-05,0.000573215446022737,0.000117647089397693,0.0129324566112076,0.00442461906421496,0,0.00134093343651047,0.000202534429642188,0.00111258042066615,0.00350645935152052,0.0106099368761478,0.00234766621318436,0.000196971211182809,0.00695547227026385,0.136975553956288,0.00329370226540896,7.65010885995867e-05,0.000264745601007008,4.27197924821139e-05,0,0,0.00430217066482075,0.0056786881376643
0.000789749558991981,0.00105059314485243,0.0109180682989255,0.00176662978738754,0,0.0072685368471813,0.0145889096330936,0.0310647082460862,0.00220481129450272,0.0399676665445935,0.775103261658269,0.0315810060790259,0.00121785970097201,0.143165815684098,0.00132405404150919,0.00048690337907455,0.0244235990536061,0,0.522201815539395,0.00791372160041806,0.00233218330945671,0.000417593105198693,0.00606106995120985,0.00586254507392441,0.000744618791754866,0.40198989547165,0.0762507697019287,0.00671885118968597,0.0842779587299151,0.00322867845051012,0.0260613518889239,0.0269434270262471,0.000652532156906843,0.31012946338042,0.00753067989393322,0.0874259345508791,0.219725213678368,0.29679907522432,0.0602435801007371,0.00548331813541564,0.00244524511713627,0.00929552026016969,0.000586909933850527,0.0016805500198083,0.000194879386211693,0.000328217252540708,0.000528037199681675,0,0.000643606911767697,0,0.000648769458476353,3.68694730451584e-05,0,0,0,0,0,0.000557929495469308,0,0.000915856423162079,7.86407030896423e-05,0.00192476558719628,0,0.000199283449301052,0.000291832676496005,0.000108502432251167,0.00015355166929853,0,0,0,0.000126550449251914,0.000133922714901734,0.000696379730231592,0.000577349316500902,0.00808305410399922,0.0205411023125851,8.184335325526e-05,0,0,0.00202312190597064,0,0,0.000135003645693326,0.00495404643380532
0.00451507975766002,0.000507284532728815,0.226506781788701,0.00184832991598696,0.000423346571046138,0.00641073957693528,0.019326081963171,0.0400359862945029,0.00201844576927857,0.0375857646823044,0.179288111055142,0.028283209221942,0.000364271156443643,0.195066733341078,0.00107623997905522,0.00251383437509929,0.802364267190876,0.522201815539395,0,0.00775088610938084,0.0337832172265316,0.00122215474261525,0.0761709711714692,0.00588709404635623,0.000198693985617995,0.866356808452509,0.211144337722031,0.0126175784172154,0.160871103745142,0.01545672878298,0.00281602875548032,0.0172627070771689,0.0122687146637611,0.836731386878119,0.018148177821496,0.249216322257816,0.224028002484283,0.302436465202334,0.136727362102341,0.00481603780651409,0.00309720796883309,0.000294019038250685,0.00198263683008747,0.000222893739126098,0.000719464497750843,0.00103753386272111,0.000418677713688457,0,0,0,0.00119059871496883,0.000725224453532959,8.3368660584116e-05,0.000242706839508963,0,0.000203081158842528,0,0.000429557570092833,0.000114214886316323,0.000101734534315563,0.000101049730059123,0.000585550571088171,4.06701942287922e-05,0.000217467876217866,0.00256160580568524,0.000476339247610486,4.26554769622803e-05,0,0,0.000125088411077118,0.000846358148809337,0.00121514406315141,0.000848683925955054,0.000165464652585459,0.00483736436500712,0.0264173814697227,0.000495033501346493,0,0,0.000755320790646458,0,0,0.000281806210525608,0.012305328895508
0.000107851089086473,9.8919267672062e-05,0.00180045944451646,1.51929652897255,0.00179067320480385,0.0430531569970223,0.00586513153593731,0.104908277126,0.0290085022956901,0.578776755742376,0.0126591466152967,1.16773960975948,0.000161636096838808,0.0708667294210636,0.0260522515656168,0,0.00147721839923609,0.00791372160041806,0.00775088610938084,0,0.000765305496549416,0,0.000760028106571708,0.0736943465890909,9.82435497353075e-05,0.0169404512171283,0.00609293095850404,0.374041781276814,0.0212131202650162,0.000791352112372527,0.000562071389455557,0.00168495678412482,7.77575313178179e-05,0.0352000445840253,0.00671593892041265,0.0572826256029257,0.000662281428454995,0.0199228110695036,0.00506837134476324,0.0285626946075717,0.00668583724046094,0.000896714608565464,0.004541720645515,0,0.00181158337961371,0.000349504281431639,0.0298059582049829,0.00019858034495008,0.000218631825546599,0,5.37116120800018e-05,7.06576517414332e-05,0.0233219647310817,0.000627267468230104,0.00168636489026411,0.00627609049917105,0.00371881227319873,0.0230906175611611,0.011753700968313,7.83937196524861e-05,0.0194921397509705,0.000900365911183489,0.00231806697998677,0.00716718620164955,0.000105812552707863,0,0,0,0.0159981928948205,0.000242062282303834,0,3.56074860273361e-05,0.0474422574854647,0,8.83152530206205e-05,0.000216097073326766,0.0443735193860757,0.00192039721977548,0,0,0,0,0.00173197537201029,0.000549545022029495
0.0158564876134863,0.00129702466620592,0.480270482899535,0.00175044663060426,0.0126506420420902,0.00298157494031125,0.43391099744556,0.0906116027498971,0.0138295967452806,0.0233047827575235,0.00141605037642995,0.00139516950808467,0.000184962352833104,0.151063924115445,0.0270459312787378,1.21735843534695,0.151866945642232,0.00233218330945671,0.0337832172265316,0.000765305496549416,0,0.0741909957079716,3.0578947139938,0.106257324670658,0.000435770357623267,0.0430537331621981,0.173126593058861,0.740851043198258,0.116300907493248,1.63835444677708,5.39464852209449e-05,0.00110216378977306,0.0482016409546579,1.14954906167484,0.311928829718066,0.936303348786882,0.0854440109557726,0.889925480746108,0.414405719647224,0.0213737989638966,0.0170633265563712,0.00111567503202383,0.0744298653905665,0.00502137113714571,0.0169754197087516,0.0182266680493756,0.023850476682744,0.00176500103169235,5.38024382737398e-05,0.000203054356255186,0.000645064293717587,0.00624897998632216,0.000465748406066859,0.000540336164483929,0.000253752367067957,0.00403635162204085,0.00122345368340743,0.00616490348704449,0.000695019097029065,0,0.00067704660749104,0.00288327111867395,0.0024749855007597,0.000912822566802573,0.211499128391363,0.00098801537337997,0.000124260110808695,0.000180141100215041,0.00034273996251924,0.0876695878292584,0.0611842854435556,0.0976730353869382,0.116829366921049,3.00815810947895e-05,0.00065172746873523,0.0748898131045365,0.105985109440591,0.0045626268178216,0.0143932301327061,0,0,0.00157588434360451,0.0122175356566926,0.0690719070819978
0.000107314948943305,0.338793496251872,0.00555950275078976,0.000153233152679002,0.00029401440669452,0,0.00744854077480508,0.000592451347198391,0.399733883409166,0.000413690130026948,0.0104727299294974,0.000936835865741574,0.0908051843331623,0.00137998061463786,0.00228556424828122,0.84119928525476,0.00258475164067338,0.000417593105198693,0.00122215474261525,0,0.0741909957079716,0,0.143040183119649,1.56933270754997,0.154965287733831,0.0158003525524911,1.49033232441155,0.17039725981302,0.00209842868418823,0.00333781880818648,0.0261754938277167,0.000137241854974878,0.000412225713374353,0.0127140559543793,0.00822304942836508,0.0429236530662813,0.00960774973030193,0.0109460080556222,0.00719181308824483,0.00184020322883724,0.000242599119338942,0.00793341171479156,0.0338088273906505,0.00358401286206975,0.0133224709127312,0.0124695141305542,0.00178027117780557,0.000455464653348386,0.00325943963897987,7.22579623222587e-05,0.0163837868004924,0.0105950707546783,0.000372470273073339,0,0.000105856284218872,0.00141589499419615,0.000283477075762069,0.00279636995807382,2.830368846879e-05,0.00295900156402054,0.00518726340180304,0.0109478309974811,0.000826606428366103,0.000345894317456722,0.222931847450994,0.00367986847971009,0,0.000729028574891426,3.60715708331108e-05,0.0143952094908303,0.21437106164556,0.0650456728980776,0.0402961763951297,0.00410124966952973,0.0149969200876453,0.29155067420599,0.0148756248778973,0.000938548949472918,0.0027716342926084,0.00334344163660331,0,0.000236357590669251,0.00472059819224715,0.00866813324105244
0.0631991991013508,0.00310381074243784,4.40799244820361,0.000669426897920895,0.0139495476607558,0.00379864826108565,0.609226027177762,0.27141267711472,0.0145012348833817,0.0236565648066189,0.00556016296647838,0.00242318475404382,0.000261179921534049,0.522313442497964,0.0212791603642145,0.920896277807906,0.885350217396424,0.00606106995120985,0.0761709711714692,0.000760028106571708,3.0578947139938,0.143040183119649,0,0.331539519841397,0.000260186398259807,0.291664522245511,3.07577846424575,1.06380405872602,0.326517923437529,1.19591545007371,0.000324187691779089,0.00176717619178278,0.0608134589514965,1.10557546697544,0.473158926267592,2.04674400180504,0.436937649377309,1.43910569952469,1.10166360136203,0.0316208468197227,0.0170466584655843,0.00332343081214806,0.139850396495868,0.0114081370516419,0.0607804315351945,0.0596486708382806,0.0190026384121939,0.0020918396983541,0.000134659023378396,0.00173640956179987,0.00492127430711121,0.172540948483423,0.000765425055659494,0.00175893992608453,6.38507525259495e-05,0.0139712524198319,0.00330094365721939,0.00489476541141189,0.000679777229516208,0.000132358198664427,0.00102636192842061,0.00341018610442559,0.00917022668636691,0.000834392818453524,0.684785833200376,0.0186224549781914,0.000222887230689871,0.00332210840932724,0.000262221322723555,0.057877754191049,0.127498701665138,0.510771662491392,0.0841470295318137,0.000217997316742063,0.0103017500083184,0.997599265695166,0.0698054441509832,0.00405025055000582,0.0149893857812573,4.29278527570724e-05,3.69672887155771e-05,0.000770189029516161,0.0280321475289564,0.160153273851634
0.00117368881295756,0.184549678438497,0.0142086549167077,0.236200770597313,0.00213020668527967,0.0094845077601155,0.691906103008512,0.0524175461887857,2.73424792009877,0.146046220153197,0.00995655948593738,0.117362972129037,0.0305287341194352,0.0896310696986722,0.0549610541342786,0.410690253298184,0.00641875738037269,0.00586254507392441,0.00588709404635623,0.0736943465890909,0.106257324670658,1.56933270754997,0.331539519841397,0,0.0687909773744608,0.0200606992968918,0.890751365876926,1.69952575361248,0.155187963563686,0.0512465738092157,0.00917381318934105,0.00249005115945398,0.0236354549116244,0.121111001035591,0.107707403201243,0.362724538395682,0.0241606901966188,0.0782550031659437,0.0247521385785822,0.0397750503612097,0.0114110436481326,0.00402692657175863,0.253298486949529,0.00430401761142063,0.0742947140592863,0.0251201398727736,0.133268248008344,0.0157218844339708,0.00244558829632983,0.00131976395211575,0.00449952492605014,0.00470540464874263,0.105611263640563,0.00152705790701827,0.00841284283758519,0.0857417191734375,0.0570798402325691,0.315081500713822,0.0513153309482414,0.0027165868825811,0.0624672616501658,0.0143241889742397,0.060498869704526,0.0207803043756317,0.16056731064737,0.00108209373978158,0.000764023653250634,0.000534463651402783,0.0575860795939025,0.121773390075263,0.102363325084731,0.0810581998137307,1.16203842998539,0.00196127350489139,0.00434318327351214,0.0839569489825578,1.05248680928917,0.0704394122824943,0.020689965214796,0.00072698738045595,0.00175537333181242,0.00546921182762181,0.0685420098047507,0.0429711385655991
0,0.22538313031244,0.000193384668121958,0,0,0,0.00051362790424093,0.000381620963782823,0.0802743243404522,0.000321886030383647,0.0231378590393465,0.000448431788463271,0.329819509703124,0.00107377277601606,0.000223533697666716,0.0022129893070243,0.000103569341839027,0.000744618791754866,0.000198693985617995,9.82435497353075e-05,0.000435770357623267,0.154965287733831,0.000260186398259807,0.0687909773744608,0,0.0255902069757508,0.730110777469693,0.00510688789621114,0.000528021668653345,3.22614899179101e-05,0.0431524141750559,0,5.31380062860965e-05,0.0994216524685726,0.000144734522583437,0.00249007948739182,0.00845340594480829,0.00508812205789955,0.00157156750507267,0.000286971312504709,9.38651195238115e-05,0.0463921441764093,0.00252591500509586,0.00682188075788182,0.00324567502408796,0.000760896514101909,0.000401204546197319,0,0.0355298543065986,0,0.0438019683996396,0.000282644088432813,4.78649025021792e-05,0,4.80407001750708e-05,3.90638768094778e-05,8.63151608194826e-05,0.00615109711002941,0.00010371502103461,0.0279951030897805,0.00114256174388514,0.154362805813316,0.000453487788822842,0.000166115761397112,0.00113650964442359,0.000934064811649534,0.000831424009453175,0.000372685343382264,7.0458760015297e-05,0.00017262906764462,0.00945180008461928,0.000323451350410771,0.00880520268208341,0.209322846206231,0.0683067229721009,0.32186244911454,0.000228784426902342,0.000399664114874363,0,0.0395482391355249,0,0,0.0033619012577186,0.00022799214094038
0.0071638980886857,0.0221321701841852,2.07797927894585,0.00272176415652827,0.000588490342924368,0.0127749870832634,0.048720412272943,0.0911630508964451,0.017115592325305,0.0805597174702368,0.577977966123756,0.0578415863504533,0.0326537936924153,0.325805293813347,0.00376347370735538,0.00622978283357179,1.59970914310433,0.40198989547165,0.866356808452509,0.0169404512171283,0.0430537331621981,0.0158003525524911,0.291664522245511,0.0200606992968918,0.0255902069757508,0,2.4974165865443,0.0310232019295422,0.198786688545838,0.0225021982786016,0.189009438021802,0.0338111017273036,0.0100734313889222,1.13990918792117,0.0932494281070337,1.30501959691392,1.74791129476107,1.08807467819488,0.594202026952711,0.0319316856101255,0.0115658504670962,0.070086604759993,0.0399980129240681,0.0746258550736507,0.0282517991736276,0.0202435959201706,0.0282661180992463,0.0009253881945303,0.0161956945641131,0.000447407564940572,0.0781145747283769,0.0218854150891202,0.00179295703275512,0.000967901947518502,0.000463179777498138,0.0033516021836561,0.00122017803226933,0.00517257537014373,0.00190277577464801,0.04701560737938,0.00116453933512785,0.152435287595466,0.00352889117651834,0.000771422912670543,0.0201267851771624,0.0189231159701751,0.009517000651049,0.0271188559384605,0.00158947494725153,0.00288739634275831,0.0103276188694151,0.0230111986826295,0.0103007728321966,0.0429355586941718,0.903250087554511,2.12364771682212,0.017134366222072,0.00293859974618404,0.00430704899885029,0.144200992861797,9.97152374993798e-05,0.000190713917131746,0.0162776002100514,0.0588456798411163
