0,4.8670449695921e-05,0.0320440728572128,0.000207607720986271,0,0.00320463117984102,0.609755315325957,0.0801995068018089,5.15480241472721e-05,0.00681128728621108,0.00207671969747371,0.000736812729390049,4.43573393444538e-05,0.726682013696655,0.000188149661030674,4.11256226255894e-05,0.0400732605306089,0.0014820025243063,0.0118953129934971,0.000404778604381943,0.0155905331353338,8.56934130738261e-05,0.0779143406147271,0.000357373213819313,0,0.0258259860099672,0.0151269549616813,0.00324228366909271,0.426017470314121,0.467370129761384,5.16119592402935e-05,0,0.00133330691247847,0.0179649521252922,0.00124477497525344,0.00499587578247113,0.000299680610842896,0.0124149494608379,0.00253573628658786,0.00105633665245972,0.000815989495511624,0.000391621629411149,0.000105346176528168,0,4.30414008640766e-05,0,0.000125724774338293,0,0,0,0,6.92454018894195e-05,0,0,0,0.000231154182966471,0.000101277977204204,0,0,0,0,0,3.63725377633095e-05,0,0.000576274723677778,0,0,0,0,0.000114508762768149,8.03947245992658e-05,9.69941356614591e-05,0.0015017459832349,0,0,0.000275259544580054,0.00118906025587807,0,6.3810758479929e-05,0,0,3.61883426038026e-05,9.60204943513869e-05,6.93075210093498e-05
4.8670449695921e-05,0,0.00282947176839366,0.000385472008505201,0.000554534705515766,4.52242280343532e-05,0.000215905388133431,6.26504571478844e-05,0.210444084519291,0.000219107962152815,0.0136586312959561,0.000238544918299913,0.189529488860811,0.000406452486750269,0.0100025966158577,0.0631933337647342,0.00286530483833256,0.000145498676038027,0.00117325077476735,6.00407983427524e-05,0.00926068388195817,0.240289638701459,0.0114529949464813,0.159329913728221,0.207439836493519,0.00884421111708114,1.17761854763083,0.00979693687453177,0.000181017678933763,9.6872415020657e-05,0.00199693310832782,0.000104697516442967,6.83602663385868e-05,0.00440564194649641,0.00100194246652693,0.0114916508113096,0.00875028710175524,0.00748783566684365,0.00275034433620772,0.00726912852572121,6.58147260581017e-05,0.0132002156930477,0.0207780338721169,0.00440099478193331,0.0115084004666303,0.0103341791413758,0.000428498661466598,0,0.00216218362382684,0.000190332685389948,0.198450973530842,0.0083634682625911,0.000137749657468128,0,0,0.00183429058011325,0.000649452186524605,0.000908734102808758,0.000893283031043745,0.00580445002701259,3.06310820314407e-05,0.00903749270660286,0.00205111971615464,6.80066330938339e-05,0.0265929160202344,0.0156329841294111,0.00113578740122852,0.00720969667451677,0,0.0013730871122828,0.024034593079939,0.00876998485640149,0.00878990935775859,0.00216528048390763,0.0416014533049685,0.352611240745526,0.00233948451486583,0.00025618328608818,0.00189598014444902,0.00272109149291532,0,0,0.00664733542993333,0.00114605351900539
0.0320440728572128,0.00282947176839366,0,0,0.000846957165404037,0.0211558823109408,0.35979162076318,0.272269176827667,0.000272494915859127,0.046890124250583,0.00519483130195763,0.00136352336795683,0.00396421549411754,0.384815682117629,0.00136277320598173,0.0030495013460618,2.79382616429645,0.0174750634891919,0.163998960248882,0.000959831545511486,0.519466684089975,0.00508494608005214,4.15366035129046,0.00704067054230783,0.0013392020839124,1.63902166510208,1.83030589686667,0.127543417868293,0.0643276735258682,0.253944608140414,0.00418718843169658,0.00038664159606328,0.00168719891963947,0.339781497373176,0.047017552490225,0.533185109514596,0.145624468393161,0.469637945066186,0.124195707879102,0.00277019148674126,0.00991876335996784,0.00150187654069426,0.0571300163562747,0.00650028384239102,0.0324684979539804,0.0398538267228096,0.000496458987246609,0.000259100380883217,0.000141426571913338,0.00018613158297472,0.0471721038448588,0.241395638849698,0,0.000628590936543131,0,0.00299661722200563,0.00051789274796691,0.000122759143535185,0.000230704264168668,0.00101796709229815,0,0.000724982861592722,0.000453493407844877,0.00642495904410052,0.0297275049895486,0.058306858848376,0.00201925761302089,0.0115559487848226,0,0.00511391944233434,0.00751861219181085,0.0235562694684696,0.0129471710069067,0.000595826175552535,0.170460592298627,0.777120496633,0.00658134941771636,0.000459648263430834,0.00266307879258105,0.00118990258307333,0,0,0.0182381374984252,0.0325440373764442
0.000207607720986271,0.000385472008505201,0,0,0.00699861864729652,0.0124203675426645,0.00306741852992062,0.0167761241901534,0.301371165745008,0.659267282809044,0.0010843964266531,0.78799585836577,0.000658070051917005,0.0121911783572275,0.0350453940984138,0,0.000150569886368179,0.000416196376982617,0.000656911621587539,3.19293963248993,9.63362902376172e-05,0.000417495964826489,9.02184511536596e-05,0.640050473956859,0,0.000917975560061861,0.000240439106636095,0.420974214193262,0.00664518687696226,0.000509973376446533,8.2678604251957e-05,0.000116288803896761,0.000196747381044817,0.0107762850451311,0.00510510921907511,0.0429417673284649,0.000507422810139513,0.00867109028197125,0.00200243785471873,0.0510443887118097,0.00424010988408852,0.00111462929467614,0.00391885880781362,0,0.00264908208826539,0.000324924837989044,0.0121382578839019,0.000765456756239176,0,0,0,0,0.118570228828462,0.00115197885118432,0.00489000855923953,0.0144348138450395,0.00489395112853618,0.083826447070802,0.100101825701328,0,0.0387849157636442,0,0.00161327475708947,0.00550253876837468,0,0,0,0,0.0394696794391597,6.18246250415326e-05,0.000165800131678105,0,0.138414434878565,0,0,3.54735141455412e-05,0.186666634552055,0.00130169945141995,3.7247974366951e-05,0,0,0,0.00352064847721488,0.000407926359860087
0,0.000554534705515766,0.000846957165404037,0.00699861864729652,0,0.224241700066148,0.0229839663031639,0.0247843178457576,0.0274180302416986,0.0804513743223722,0.00227904234061203,0.107627712321357,0.00112655282036848,0.00184243521484115,0.221090757401606,0.00050068346802249,0.000521698935850096,0.00038859752748456,0.000640445959694981,0.0134279466864861,0.00413856528443106,0.00236109782763262,0.00538507010016303,0.0319237527054056,0.000621401563276434,0.0013037043613781,0.00294981138688209,0.0298622818715518,0.00592907558045719,0.00545839991902499,0,0.116677055596017,8.12292559504511e-05,0.62759477463308,0.0822318879135286,0.146213610061189,0.00160235835127172,0.0157642545852004,0.0102696407394456,1.84880955186981,0.672984146790296,0.00981566066227685,0.00362214301379599,0.000136799940227795,0.000452671267299986,0.000911653770232343,0.00418420088769293,5.4507065169239e-05,0.000135112713208723,0,6.09844669252396e-05,0,0.00437512248031611,0.000194061923706293,0.00136532412539463,0.00128132900714557,0.000666042242573905,0.00743435361759696,0.00752102769053342,0.00021656119288044,0.00863571064354579,0,0.000688123322035646,0.00143162295044103,0.000323015865063858,0,0,0,0.00229094452632766,0.000181387949426937,0.000122128409305572,0.000140264271176576,0.00912344196322903,0,0,0.000242292054957104,0.0128269538221495,0.000235518468448519,0.000190267087947822,0,0,0,0.000459966645702982,0.0118219989543408
0.00320463117984102,4.52242280343532e-05,0.0211558823109408,0.0124203675426645,0.224241700066148,0,0.147568113041394,1.06784551613018,0.0179658462237708,2.00330616341704,0.0195373045134615,0.369479618657018,0.00599167812526453,0.0942444897709722,0.421473462820131,0.000495236511765147,0.00411696840713789,0.00594873232667069,0.00572101311871426,0.0411421414402347,0.00512937667740197,0.000162483050466585,0.020793803917721,0.0117399097136082,0.000177260513152456,0.0161068929176928,0.010006272762183,0.0851600324829314,0.0557402865568235,0.0188946288345941,0.000964872861072493,0.0523356010722524,0.0010258266444726,0.380662389731665,0.0638630299056701,0.339791745159255,0.00833078761875809,0.0690051026310546,0.0345831614828635,1.1300324445186,0.271412911027763,0.0479172032859423,0.0122416861864852,0.000125288207069921,0.00176630419787085,0.000460842435412502,0.0162973842072376,0.000913295891414739,0.000798843792968558,0.000173616396281862,8.02747144583701e-05,0.000214513181076121,0.0071006518904608,0.000393651353082419,0.00213718608928786,0.00617372036154177,0.0024053936073236,0.0124501257997001,0.0214781571443387,9.43854949018476e-05,0.0156336350434124,0.000319145120713019,0.0025202867533556,0.0040628789240638,0.000852583403146218,4.54726999282837e-05,0,0,0.00618794395702064,0.000258686359654498,0,0.000440801145432472,0.046216693345453,0,0.000214292904915905,0.000407696015596533,0.0534682814260662,0.00169414286368432,0.000833117042909573,0,0.000111036078801728,0,0.00382768224054408,0.00698833970306325
0.609755315325957,0.000215905388133431,0.35979162076318,0.00306741852992062,0.0229839663031639,0.147568113041394,0,0.865275466959499,0.0503122035220917,2.21432505085739,0.0373276331867983,0.0120733019801279,0.0126774250386574,2.35705917019662,0.0302582182048767,0.00294180717823498,0.04193305285982,0.0137886847173045,0.0242047946282459,0.00744943786279757,0.0877813126812327,0.00108697849734178,0.550359969803123,0.160813507051833,0.000197116945326233,0.0779078556716381,0.0723150054316397,5.83511430274153,0.673387421186563,0.875883650730091,0.0015293708158227,0.00344841190166852,0.0354365405688355,0.278840576677855,0.201813051884336,0.816355289060199,0.0303799641386073,0.260120720636074,0.0875003563992584,0.125147114375667,0.0595750288100663,0.0239843707826422,0.0798618980223241,0.00128400126199286,0.0242029824544823,0.00739124663304813,0.0744842346848329,0.0101457226152861,0.00306914293165148,0.000525218915368223,0.000505737275277186,0.0033559488733808,0.0054272183242924,0.00118848861414657,0.00579637317485604,0.0292426237731379,0.0266667061584674,0.0128078603807001,0.0320942608344525,0.000817924247458867,0.00658140209469337,0.00047053146812439,0.0324570427980145,0.00777397283521004,0.00981014385754944,0.000464025263017416,0,0,0.00481960539883898,0.0045915285381923,0.00138544101901195,0.00410767488740372,0.279740867232638,0,0.00072448963458817,0.0225613084302401,0.287296009227317,0.0195899000628846,0.00772593538283144,0,0.000358775832914257,0.000334632777915716,0.0354073111841551,0.0159211663769687
0.0801995068018089,6.26504571478844e-05,0.272269176827667,0.0167761241901534,0.0247843178457576,1.06784551613018,0.865275466959499,0,0.0143286326327232,1.95816112342069,0.0551679179981434,0.327731690693655,0.0144847737227602,1.30955299114137,0.0358991566527845,0.000804451043244626,0.15665161263292,0.0222852020093605,0.0928440100367822,0.0845899505576718,0.0569224716440518,0.000359564109688211,0.337217478658502,0.0285502399374765,0.000398223212084627,0.183461142965539,0.105152093745993,0.19368761027233,0.490295503181447,0.298626012583414,0.00229012873939569,0.119642799801141,0.00478200122318451,0.395394103595689,0.0791015588204152,0.299023326036545,0.0171546497370147,0.169299614858247,0.0554590997058816,0.19834082852619,0.084522806647077,0.0625095349120534,0.0245767762770941,0.000573267935403729,0.00558224059835229,0.00181533293309612,0.0293411012217592,0.00288924865677831,0.000253702309154034,0.000180780540821385,0.000641761831681394,0.000897392784509541,0.00331764405770431,0.000677228196579337,0.00171239768555016,0.0174998629542619,0.00371393441635902,0.00542939446767282,0.0122694352068692,0.000523706590403938,0.00814439527167762,0.000491040327610373,0.00307827498340452,0.0035950635348949,0.00798933543540666,0,0,5.71995479390144e-05,0.00332555854535766,0.00256209464074016,0.00044941553020978,0.000742758266562509,0.142297803051184,8.35052572148323e-05,0.000439838665936804,0.00428182981830161,0.121277277552795,0.00352499388528979,0.00295677807644849,0,0,0.000136478265357971,0.0123386161187849,0.00584052661848442
5.15480241472721e-05,0.210444084519291,0.000272494915859127,0.301371165745008,0.0274180302416986,0.0179658462237708,0.0503122035220917,0.0143286326327232,0,0.0776828801789045,0.0196021194179307,0.150477236313007,0.26438300939161,0.00655283367836023,0.171275316652461,0.0123451855871666,0.00087859944178505,0.000736133640291095,0.000705515180648374,0.0568350747083518,0.00325265897454457,0.903216329057955,0.0035427092485028,3.34253540362492,0.132000053712632,0.0096964474400774,0.295705397996877,0.6217428129742,0.00426020432796778,0.00107422779819932,0.00793449760174474,0,0.000143799370046425,0.0123774363842074,0.00332665469606452,0.0375481145038231,0.00434108307359691,0.00712651461465426,0.0030246231429667,0.11175170802387,0.00437752916744199,0.00627887841288786,0.0277378440922095,0.00156568897069487,0.00866003143003188,0.00370044392600698,0.0228535969208408,0.0033725628259851,0.00366748863688002,0.000968610628959415,0.00227311453210616,0.000692483365661359,0.0572659448289006,0.00133292381782179,0.00448833724302628,0.0134389358252362,0.0282411462736807,0.169895951689101,0.0478982486173961,0.00651364165206263,0.0174001828912183,0.00398887055264039,0.0204388758841542,0.00548799057687735,0.124365749048553,0.0007248803439502,0.00358784719947217,0.00178578100453856,0.0131924541483907,0.0248788161396446,0.0327114596123285,0.016113683531242,0.561338931805627,0.00104608689219804,0.00520203667504785,0.0141201803443829,0.209484925248394,0.0130783984021219,0.0227527981129,0.00134120942433958,0.00154146968151283,0.000254770018787384,0.0104113821419363,0.0082136396302997
0.00681128728621108,0.000219107962152815,0.046890124250583,0.659267282809044,0.0804513743223722,2.00330616341704,2.21432505085739,1.95816112342069,0.0776828801789045,0,0.0703667975594485,0.817016196579247,0.0216583832195074,0.762043766807217,0.178180193342613,0.000363782888033438,0.00712530302354687,0.0215562066635072,0.0213712469403497,1.35055605286486,0.00669947242780781,4.63545337098599e-05,0.0437868521384819,0.13915419194464,0.000198443676464868,0.0508492639600442,0.0354932458075234,1.71697979448231,0.206935784858577,0.0276742614332486,0.00218379860811431,0.00582295002817468,0.00340925608935957,0.262978210457138,0.102313234456036,0.490593622509425,0.0225400953308864,0.158788828119418,0.0468828115745777,0.217217579566573,0.061021420202943,0.0400044902762445,0.0240730903085118,0.000213429506012678,0.00551803005293777,0.00135996525758958,0.0298442014335464,0.00283524443960237,0.000429111715180421,0,0.000189063590760898,0.000300426913875175,0.0369247437332614,0.00142717400438518,0.00684210609904661,0.0199786103801827,0.00720134233616895,0.0445442937145699,0.125325728712809,0.000368004312379861,0.0510647274820281,0.000214648849399138,0.00495116647681682,0.00779466799014768,0.00113037848639739,0,3.99849301342964e-05,0.000112239642482614,0.0259083558093707,0.000616732416725922,0.000115086595317006,0.000583199148304796,0.148168114863638,0.000201479158030915,3.27064870561123e-05,0.00206013666226988,0.189238681351296,0.00240426827264514,0.000943335722873923,0,0,0.000207749369180274,0.00929126229847703,0.0064071344519404
0.00207671969747371,0.0136586312959561,0.00519483130195763,0.0010843964266531,0.00227904234061203,0.0195373045134615,0.0373276331867983,0.0551679179981434,0.0196021194179307,0.0703667975594485,0,0.0179643466129111,0.971418756981574,0.0432951319972177,0.00116459080723114,0.00131560625360313,0.0213018633456595,1.17419200589435,0.229825210754246,0.00834254589089914,0.0105136067272148,0.0121465010672705,0.0242004862825309,0.0110434941196081,0.0498800357168022,0.817439993688673,0.0766341167785383,0.021556484947626,0.0378648386343292,0.0102238161970238,0.0809048593152916,0.00945869977523664,0.000454026143728638,0.784376669408241,0.00964521298312215,0.0570759735427919,0.421302325029929,0.585794621980061,0.0638480324121638,0.00453060566302106,0.00491757545494845,0.145602462023108,0.00204718764602566,0.00349843036286452,0.00154516814000244,0.000696765838345599,0.00117050208854756,0,0.0196041455257061,0,0.00215735723051548,0.000156798834573412,0,0.000122190097361183,0,9.00129893900875e-05,0,0.000394045868650675,2.90426398213148e-05,0.157069412174793,9.34526166847225e-05,0.265052777877979,0,0.000795992201606938,0.000286331073937583,0.000316611459923172,0.0013308927803215,0.000481071829938554,6.45860803953409e-05,0,0.00047767068201313,0,0.000990136609929375,0.0194629395991091,0.0557132191889955,0.0683062963038942,0.000317670149306345,0,0,0.0516003992325176,0,0,0.0012378231917995,0.00326262697465811
0.000736812729390049,0.000238544918299913,0.00136352336795683,0.78799585836577,0.107627712321357,0.369479618657018,0.0120733019801279,0.327731690693655,0.150477236313007,0.817016196579247,0.0179643466129111,0,0.00528046007372668,0.143923204647286,0.562838337015597,0.000213106955256843,0.000456580461212397,0.00625136865154445,0.00538115082209701,1.7522039902841,0.000836539157069776,0.000239941488737011,0.00115146324781437,0.0573750228209595,0.000221206456633329,0.0130186939440074,0.00792784556620273,0.144456233973497,0.0217857764718598,0.00326504519275453,0.000877215188781594,0.00157382258576789,0.000109546969402528,0.0830975904749235,0.359831977589471,0.0767545264472716,0.00455937681027946,0.0375775051661743,0.0106416212349675,0.352152091349622,0.0127740645620078,0.0135018098419704,0.00508063435919523,0.000508198148105192,0.00170933064686587,0.000653875642463207,0.0196358730863285,0.000700498708608127,0.000239782907511091,9.82434815831424e-05,0,0,0.0557286407855912,0.00201845348546162,0.00913434584983835,0.00655217078856669,0.00732294128155239,0.0626274715166343,0.078654002793914,0.00042059142394824,0.10789815626987,0.000112091672776222,0.00354531470213792,0.00913193123846629,4.77099191612721e-05,0,0.000197185067246103,4.40644082103253e-05,0.0430955984594578,0.000142563125728583,8.07050748591181e-05,0.000163911308716965,0.0557197714583694,0,0.000132822094736695,7.67302284750939e-05,0.10035302285726,0.00109984536602547,0.000376335627765798,0,0,0,0.00230957945291469,0.0287966574040814
4.43573393444538e-05,0.189529488860811,0.00396421549411754,0.000658070051917005,0.00112655282036848,0.00599167812526453,0.0126774250386574,0.0144847737227602,0.26438300939161,0.0216583832195074,0.971418756981574,0.00528046007372668,0,0.00838413165634271,0.00738544095790422,0.019949941878969,0.00245940846811959,0.0379063839095345,0.00458429575583145,0.00309047683907361,0.00397285280555513,0.186086379818394,0.00612403290042085,0.106793939510387,0.724320581950092,0.128179659939705,0.610148937896324,0.0139447958644216,0.00690003946978869,0.00236471047910077,0.135123933448392,0.00400666186571789,9.27672886176108e-05,0.143877466175569,0.00210384666452973,0.0202185963946539,0.399858268209953,0.225780133397088,0.00949235433552713,0.0100753675712938,0.000954954708503149,0.309605432527556,0.00302563703834696,0.0137656307027445,0.00679388883323143,0.00300276306422009,0.000342828938587189,0,0.0969835081787944,0,0.0330915736610153,0.000392885014730859,3.69347396447897e-05,0.000106554078366995,0,0,0,0.00558450335126753,0,0.696925780966649,5.58664127437591e-05,1.25253343972431,3.84625577027321e-05,0.00104026506131372,0.00255907575285752,0.000807213181881234,0.00393032641420111,0.00182885498744509,3.88124581139087e-05,8.596299106915e-05,0.00565004856123848,0.000649304508015919,0.00499451821418338,0.131869428168044,0.248649202326121,0.364981246282489,0.000491838651851606,0,0.000116469204314518,0.231399183880056,0,0,0.00415182537549004,0.000772772422179939
0.726682013696655,0.000406452486750269,0.384815682117629,0.0121911783572275,0.00184243521484115,0.0942444897709722,2.35705917019662,1.30955299114137,0.00655283367836023,0.762043766807217,0.0432951319972177,0.143923204647286,0.00838413165634271,0,0.00661863738934922,0.00185500593775148,0.330568388952705,0.0297929031653144,0.163201044427334,0.0393443071263966,0.118799510986218,0.000724516839791107,0.666388641552794,0.0211076536081637,0.000104850113212108,0.266258288233869,0.171776441124504,0.171753381379999,2.99488487038483,1.36539450486943,0.00142360744928448,0.119538454610993,0.011098808698943,0.317204237293144,0.0223091286448488,0.111064109683147,0.0111215962309164,0.148395657935963,0.0296742727581254,0.0249264852888342,0.0174186860795049,0.0153997549770701,0.0100106884452065,0.000210995482988834,0.00305599386946242,0.000854712881521152,0.0123375929234212,0.000573638247169018,0.000535936348316145,2.88589628561497e-05,0.000199362024604368,0.001577782798894,0.000625571757462788,0.000192296678631162,0.000427471219660806,0.0064468491483113,0.0021946442918689,0.00299520082490273,0.00211994473861663,0.000216849886744023,0.00366007876045647,0.00102408209048481,0.00128769398136549,0.00134368957353851,0.00977332733500143,0.000246069081797647,0,8.09069757562635e-05,0.00093086624046342,0.00421386808009808,0.000534119412208986,0.00180495464000166,0.0755519157189,7.73893808492658e-05,0.000854156095458413,0.00627033207207198,0.0564564866548713,0.00155413788916046,0.00328839516507053,0,0,0.000324652611699629,0.00385096444633899,0.00154561958357563
0.000188149661030674,0.0100025966158577,0.00136277320598173,0.0350453940984138,0.221090757401606,0.421473462820131,0.0302582182048767,0.0358991566527845,0.171275316652461,0.178180193342613,0.00116459080723114,0.562838337015597,0.00738544095790422,0.00661863738934922,0,0.00104077136928606,0.000895519603680256,0.000582011068545986,0.000354303866189432,0.0553520687534395,0.0204755187084175,0.0322943132269079,0.021239547848417,0.237211867854655,0.00478473198125582,0.00120159449194522,0.0176744446938656,0.118463413412765,0.00549106789919715,0.0261528808004323,0.000454175567130661,0.000952531342856739,0.000748808029584504,0.00467326408606482,0.0442922956044461,0.0772020974991157,0.00351653758647301,0.0195044758586499,0.020336226916053,0.488530516229007,0.00877941584438149,0.0133739852020002,0.0100227496890702,0.000598430640949774,0.00368787302654371,0.00276457087117839,0.0217782228905152,0.000774574069261125,0.00118749521725044,6.44621104242325e-05,0.00033096717203021,0,0.0202546225309642,0.00160954509688039,0.00726380916450248,0.00638398950573785,0.00786796335825749,0.0468036856579955,0.0467706378459567,0.000540196047964096,0.0438754357988395,9.34757795132164e-05,0.00487303993012311,0.00761434640442452,0.0056485065134722,0.000106117304738045,0.000125777166996289,0.000153026177991342,0.0124914775430761,0.00113315705592184,0.00113084004393182,0.000857068661785196,0.0446311010918543,0.000100812278700828,0.000268957450721311,0.00091075401976676,0.0776727708676528,0.00256682230885785,0.00160885611164525,0,6.34770871818066e-05,0.000111241907428551,0.00397303066544488,0.0324173824203336
4.11256226255894e-05,0.0631933337647342,0.0030495013460618,0,0.00050068346802249,0.000495236511765147,0.00294180717823498,0.000804451043244626,0.0123451855871666,0.000363782888033438,0.00131560625360313,0.000213106955256843,0.019949941878969,0.00185500593775148,0.00104077136928606,0,0.00274139254042003,3.31248166351319e-05,0.000720442784412504,0,0.891561701604601,0.499603307187983,1.05382775320128,0.335702525687663,0.0175268580821301,0.00247357845112016,1.04500077452927,0.222159514697806,0.00149631468057389,0.00150585780718518,0.000549448650981331,0,7.61606663996458e-05,0.00745659967316966,0.0222375234753504,0.269820335204302,0.0742319250940518,0.0429556726448519,0.028567396338669,0.000610208886501932,0.00210940703885393,0.00255749872238738,0.0218870944532085,0.00136479640636582,0.00845303974123049,0.0132359777497257,0.000824667324702361,5.59450682247162e-05,0.000409183114126539,0.000103898850560331,0.0023070109538734,0.0168302896781215,0.000397067290182638,0,0,0.0048110992547709,0.00134168452600665,0.00103736534895809,0,0.000597955974932814,0,0.000624434281903624,0.00154298723886423,0.00124996033966985,0.654770389221299,0.00546741574162152,0.000432546130724001,0.00137053410633516,0,0.0462135339856316,0.0661109382039055,0.357293543241499,0.0874582293568961,0.000278059878266859,0.00837430665723143,0.404037919835127,0.0379760108583762,0.00289776869120621,0.01491357444567,0.000210005066856623,0,0.000189025033433246,0.00417696945126164,0.00577501874372792
0.0400732605306089,0.00286530483833256,2.79382616429645,0.000150569886368179,0.000521698935850096,0.00411696840713789,0.04193305285982,0.15665161263292,0.00087859944178505,0.00712530302354687,0.0213018633456595,0.000456580461212397,0.00245940846811959,0.330568388952705,0.000895519603680256,0.00274139254042003,0,0.0303412321244327,0.477353260312789,7.05230352606296e-05,0.0857144885215023,0.00119260318727832,0.757506760082097,0.00355703874593768,0.0022634619656014,1.55095787850356,2.21797735111952,0.0262589523527372,0.212645045829474,0.207939848828789,0.000964531258649468,0.000336710971101093,0.00823318746169271,0.16713285727054,0.0077910398226569,0.0751702170846531,0.0294936380546177,0.08138683467668,0.0185789584476959,0.00137374066540661,0.00222870761119337,0.0011174593213573,0.00592292453566325,0.00128144943459342,0.00545109793249769,0.00554620612507453,0,0,6.56748548579693e-05,0,0.00693540391778269,0.0136757750128518,0,6.65325352802754e-05,0,6.078730773561e-05,0,0.00013705199362421,0,0.000105947392023468,0,0.000187872376614189,0,0.000784209416122054,0.0024283712638838,0.00750562361624372,0.000330335729295945,0.00263573516755364,0,0.000448719489735746,0.000743703381961942,0.00176531191990764,0.000898753996207955,6.00504239172936e-05,0.0230838332738621,0.0915177941346543,0.000221856114127994,0,0.000487460079338837,0.000504854879736257,0,0,0.00303773630070799,0.0017821843620655
0.0014820025243063,0.000145498676038027,0.0174750634891919,0.000416196376982617,0.00038859752748456,0.00594873232667069,0.0137886847173045,0.0222852020093605,0.000736133640291095,0.0215562066635072,1.17419200589435,0.00625136865154445,0.0379063839095345,0.0297929031653144,0.000582011068545986,3.31248166351319e-05,0.0303412321244327,0,0.153264261712093,0.0025979816464556,0.0107484769781069,0.000144402612461185,0.0229625655761864,0.00103637077580666,0.000922222820752716,0.179199209542284,0.0478344805595057,0.00688933489310482,0.0218213734102673,0.00697061159593806,0.0050059218143981,0.00381342394209459,0.00117062298833185,0.273206844297785,0.00788688757715381,0.0558211271670177,0.120820764321566,0.269591777191038,0.068538183429192,0.00118629294905541,0.000790943108545018,0.00262486049472356,0.000476224961072016,0.000193902182275343,0.000151931524545121,0.000275877500504064,0,0,0,0,0.000357404745715713,0.00017540093377819,0,7.178736525321e-05,0,0,0,0.000171823054067517,7.48539499442339e-05,0.000665017898469686,6.31405681077003e-05,0.00170872252287698,0,0.00175163286872341,0,0.00013113003658719,7.35458875592709e-05,0.000163262671560716,0,0,0,0,0,0.000220000838518238,0.00834748846980202,0.00834538214508395,0,0,3.76645246592045e-05,0.00136808514509833,0,0,7.21017395443439e-05,0.00463519849732833
0.0118953129934971,0.00117325077476735,0.163998960248882,0.000656911621587539,0.000640445959694981,0.00572101311871426,0.0242047946282459,0.0928440100367822,0.000705515180648374,0.0213712469403497,0.229825210754246,0.00538115082209701,0.00458429575583145,0.163201044427334,0.000354303866189432,0.000720442784412504,0.477353260312789,0.153264261712093,0,0.00282904296716173,0.0446266810408653,0.000547113878224182,0.134128114133588,0.00193115513279586,0.00108576952242794,1.02730317445652,0.389968772551239,0.0137717726906019,0.111049857960721,0.0541928520434241,0.00126115376622112,0.00316898111275606,0.00504638030537381,0.551274697499896,0.0117059942264165,0.10223327002305,0.0797459617579614,0.284794834487862,0.0783842565872043,0.00167192509326825,0.00206000215644479,0.000426247217111063,0.00319125316288297,0.000877536382143399,0.00159212758535485,0.00217620296819086,4.52109521704674e-05,9.21376412203788e-05,8.57219366915704e-05,0,0.00427294923525667,0.00247668445297458,0,0.000187103266152191,0,2.8308255258894e-05,8.73723077113148e-05,0.000154757098423577,4.1142273631382e-05,0.000277024810291243,0.00011923050145855,0.000317178713053036,3.29492611051798e-05,0.00137060369112225,0.000392519994967961,0.00205135073452942,5.21003688717842e-05,0.00178932095288201,3.55067290271043e-05,0,0.000320937818623781,0.000190850581655216,0.000112943309126472,0.000229368893400478,0.00843903435372025,0.0301909719256776,0,0,0.000277288903680968,0.000609563404369641,0,0,0.00133218812860193,0.00767982684239566
0.000404778604381943,6.00407983427524e-05,0.000959831545511486,3.19293963248993,0.0134279466864861,0.0411421414402347,0.00744943786279757,0.0845899505576718,0.0568350747083518,1.35055605286486,0.00834254589089914,1.7522039902841,0.00309047683907361,0.0393443071263966,0.0553520687534395,0,7.05230352606296e-05,0.0025979816464556,0.00282904296716173,0,0.000177451013774085,6.47046987487793e-05,0.00107179401363659,0.040623268682441,0,0.00615794451491247,0.00473656396453915,0.373806409281782,0.0148912845178383,0.00240053188737409,0.00034235457523241,0.000745270360379004,0.000133868352041459,0.0220400568795385,0.00648778727630103,0.0368499120037657,0.00268410094419851,0.013190331060315,0.00453743026415756,0.0717587136391704,0.00410039792095013,0.00379473731071815,0.00181487469567411,0,0.000599709108934879,6.29568315272569e-05,0.00792808398604363,0.000417189833494019,0.000126058383728242,0,0,0,0.0641989863651736,0.00120960800057573,0.00333934728636095,0.0040708882298172,0.00316921323859928,0.0245101065303722,0.0594497092155523,5.736229306283e-05,0.029361900017858,0.000150552889135194,0.000843957104484841,0.00345263763207235,5.61451829564094e-05,0,0,0,0.0242589794888865,4.05352571109295e-05,0,0,0.040759088733219,0,0,4.59136191119671e-05,0.071573916021419,0.000406090225340438,0.00020579597140832,0,0,0,0.000935294337222145,0.000189125526449203
0.0155905331353338,0.00926068388195817,0.519466684089975,9.63362902376172e-05,0.00413856528443106,0.00512937667740197,0.0877813126812327,0.0569224716440518,0.00325265897454457,0.00669947242780781,0.0105136067272148,0.000836539157069776,0.00397285280555513,0.118799510986218,0.0204755187084175,0.891561701604601,0.0857144885215023,0.0107484769781069,0.0446266810408653,0.000177451013774085,0,0.0480232921106275,5.56807080846166,0.213955835104394,0.00422999079593096,0.0738205222600694,0.271530589663277,1.19598785726799,0.101614729706518,2.48634367430076,0.000471018559341073,0.000106567042397118,0.00958532312607809,1.16083065892727,0.259948798086401,1.43981294368267,0.154848597014236,1.37217815299474,0.372016109624877,0.00529015482262659,0.0293746837048854,0.0141805542316284,0.0151757239393819,0.00154633777571132,0.00400428062743714,0.00840685198814023,0.00130880409991178,0.000680456636750794,0.00175156428593159,0.00118482152705069,0.000984975183340074,0.00535123861548407,0,0.0007122696512887,0.000104433824309921,0.00300900252305746,0.00435014960815916,0.00169098446000032,0.000109676474422932,0.00168242210101776,0.000133472770276881,0.00153788218998499,0.00541815213137154,0.0054898217702076,0.284280175701359,0.00138023845329488,9.12545669824365e-05,7.27811290125847e-05,0,0.0771196832840368,0.0166241259973841,0.0670194486462406,0.106708713620961,0.000179937505121469,0.00197382470399795,0.0660227587534776,0.0510266004941409,0.00592735819040022,0.0509316018744455,8.1672766105843e-05,0,0.00021129410050335,0.00396741079507299,0.0482031724011322
8.56934130738261e-05,0.240289638701459,0.00508494608005214,0.000417495964826489,0.00236109782763262,0.000162483050466585,0.00108697849734178,0.000359564109688211,0.903216329057955,4.63545337098599e-05,0.0121465010672705,0.000239941488737011,0.186086379818394,0.000724516839791107,0.0322943132269079,0.499603307187983,0.00119260318727832,0.000144402612461185,0.000547113878224182,6.47046987487793e-05,0.0480232921106275,0,0.0785109563648321,1.15310714501845,0.125832694952461,0.00411205571841838,0.759254421997773,0.0636436163097431,0.00035790122633872,0.000328476674994707,0.00318592860825634,4.34313856711865e-05,0,0.00313167638235133,0.00151938082684307,0.0239824333846938,0.00819680571795472,0.00660709847621026,0.00214255888413906,0.0227149308481439,0.000167793441878843,0.00763375272749018,0.0165798002426726,0.00182946083688182,0.0079756158274901,0.00834651995311292,0.000802197101926086,0.000195591699896836,0.00120616707091656,0,0.0155781339714369,0.0120033108415513,0.000816871705328036,0.000400555274639511,0,0.00280095918864727,0.000881308052780485,0.00588000299590187,0.000221354644164776,0.00455139844714837,0,0.00556023520736497,0.00134454071233048,0.000658810448450946,0.487865926643382,0.00369874687393148,0.000175663291446161,0.00160032511717772,3.29281022671938e-05,0.0300531442730823,0.215043190005724,0.137895062539008,0.136005484515976,0.00216637346354027,0.0145145216824029,0.425955066900393,0.0305728673247362,0.00205681859511338,0.00951497961534917,0.00109489648395338,0,0.000293725310522175,0.00314302913761239,0.00167538104597754
0.0779143406147271,0.0114529949464813,4.15366035129046,9.02184511536596e-05,0.00538507010016303,0.020793803917721,0.550359969803123,0.337217478658502,0.0035427092485028,0.0437868521384819,0.0242004862825309,0.00115146324781437,0.00612403290042085,0.666388641552794,0.021239547848417,1.05382775320128,0.757506760082097,0.0229625655761864,0.134128114133588,0.00107179401363659,5.56807080846166,0.0785109563648321,0,0.146066011719,0.00447093518561518,0.505644320090382,2.78336516944408,0.895491090070997,0.287987568567629,1.4919143275275,0.000565124318721342,0.000955738135803511,0.0143747101594569,1.36374944695588,0.349301393627903,3.05646676330517,0.640673608192339,2.29451483553542,0.773118621637952,0.00844732491059902,0.0587050359388713,0.00944416932387034,0.0417836663252605,0.0040595205569792,0.0175217633604513,0.0312335180922407,0.00123574518663154,0.000283667305095863,0.0011293382158423,0.000265915205114079,0.00489635942986035,0.0650194443743098,0.000124339058467627,0.00141241988795943,7.19376645412445e-05,0.00427773097443173,0.00109710150176454,0.00104506835141187,0.000101964055048084,0.00081334581472578,0.000135017918037629,0.000887557226615312,0.00209463911461258,0.0148693663990326,0.643532210292336,0.0134987958219045,0.000284823873594332,0.00245580312181592,0,0.0502296626222538,0.0355389243154425,0.350587617136523,0.093992169275181,0.000130522442257119,0.0183397728646367,0.64281801904344,0.0446011811237907,0.00299317686786318,0.0150653978854228,0,0,0.000100105681736755,0.00824722085233344,0.113754864751715
0.000357373213819313,0.159329913728221,0.00704067054230783,0.640050473956859,0.0319237527054056,0.0117399097136082,0.160813507051833,0.0285502399374765,3.34253540362492,0.13915419194464,0.0110434941196081,0.0573750228209595,0.106793939510387,0.0211076536081637,0.237211867854655,0.335702525687663,0.00355703874593768,0.00103637077580666,0.00193115513279586,0.040623268682441,0.213955835104394,1.15310714501845,0.146066011719,0,0.0691004356649463,0.00618935491079006,0.314541791756977,1.67252648279201,0.0308350574233313,0.00754179246006575,0.00324364460564368,0.00031154712369318,0.0034566388605099,0.0285044315806027,0.0361001801322646,0.32745436439973,0.0322566742611528,0.0428233773565716,0.0184914148010891,0.133814793604405,0.00950034942074377,0.023346653577028,0.189635402964581,0.00570324923783634,0.0652970351514166,0.0222452516102297,0.120929852427586,0.0200632263755044,0.0110389039312007,0.00660380698141758,0.0039153308902919,0.00787136045005111,0.0803972426339746,0.00231011742577136,0.0210572417526253,0.0911850141124561,0.118933051786699,0.226833785071424,0.148832565864377,0.00456260152449603,0.0330791336239663,0.00487440052732558,0.105846297718643,0.0153088749843453,0.423641351770539,0.00290795999410178,0.000383322861674238,0.000597583072195816,0.0312479705484798,0.123623382963392,0.0813011192862049,0.0917604224793957,2.00880007605414,0.000664646068807697,0.0025773549871798,0.124021854975254,1.15831191264417,0.0695271980245554,0.149221755552713,0.000204477973907948,0.00363111936878543,0.00348773200909853,0.0795360299651598,0.0294556731102283
0,0.207439836493519,0.0013392020839124,0,0.000621401563276434,0.000177260513152456,0.000197116945326233,0.000398223212084627,0.132000053712632,0.000198443676464868,0.0498800357168022,0.000221206456633329,0.724320581950092,0.000104850113212108,0.00478473198125582,0.0175268580821301,0.0022634619656014,0.000922222820752716,0.00108576952242794,0,0.00422999079593096,0.125832694952461,0.00447093518561518,0.0691004356649463,0,0.034236539916576,1.41515484900874,0.00488104239616978,5.72039502980233e-05,0.000133932119753123,0.0438735937738718,0,0,0.0150105499882433,0.000352406664988804,0.00669362037427032,0.0183526048056461,0.0199676615321891,0.00335134310704265,0.00383142025147791,0,0.0448046434849399,0.00467701626709171,0.00399966639343657,0.00418373773430335,0.00302484711756706,0,0,0.0139681866090021,0,0.105338476760989,0.00137817880275392,0.000161797130832481,0,0,5.37480755471706e-05,0.0001383378630754,0.0007600418867589,5.98225697380543e-05,0.0709658131707303,0,0.208956647729902,0.000201064503963089,0.000167221570857811,0.00269132969335649,0.00180031695426779,0.00113349769303594,0.00378635051414423,0,0.000125130609496093,0.00214251828154879,0.000892055320882273,0.00169682687649879,0.0786026496566976,0.0758511086263231,0.215865646438218,8.07175413309577e-05,0,0.000126807117229557,0.0379031092170786,0,0,0.00256953486821902,0.000495293215066337
0.0258259860099672,0.00884421111708114,1.63902166510208,0.000917975560061861,0.0013037043613781,0.0161068929176928,0.0779078556716381,0.183461142965539,0.0096964474400774,0.0508492639600442,0.817439993688673,0.0130186939440074,0.128179659939705,0.266258288233869,0.00120159449194522,0.00247357845112016,1.55095787850356,0.179199209542284,1.02730317445652,0.00615794451491247,0.0738205222600694,0.00411205571841838,0.505644320090382,0.00618935491079006,0.034236539916576,0,2.23712522989337,0.0299676918570637,0.119207813685865,0.0848117549693031,0.0352574338347169,0.00807895784612971,0.0024740254648196,0.663520740794685,0.049688759245892,0.496034452015201,0.747296827095657,0.785176209262317,0.280318294266908,0.00405765429840088,0.00701991790219173,0.0157479260682554,0.0833066378934148,0.0343890409802676,0.0604892035544987,0.0535681788441213,0.000110983053304625,0.000568101744177961,0.00180839094718387,0.000463536076094413,0.0890678638629366,0.038175855927237,0,0.00048529923186307,8.75360112653735e-05,0.00400696325992863,0.000901768316643117,0.000508994938399458,0.000200812920610213,0.0519667440481543,0.000268202042601728,0.0932425238251971,0.00300475464787066,0.00704205825070453,0.00620462540329149,0.040307629568342,0.0182023856405456,0.059624383783023,0.000114328339421439,0.00228486323140926,0.00427344818762083,0.00870120149355453,0.00152055744900398,0.0222625671498218,0.660355814449472,1.18285932112595,0.000843978811324812,0.000501962052945256,0.00508049670981066,0.0959693369036138,4.28948114806652e-05,0,0.0372486607887292,0.0350244232113499
0.0151269549616813,1.17761854763083,1.83030589686667,0.000240439106636095,0.00294981138688209,0.010006272762183,0.0723150054316397,0.105152093745993,0.295705397996877,0.0354932458075234,0.0766341167785383,0.00792784556620273,0.610148937896324,0.171776441124504,0.0176744446938656,1.04500077452927,2.21797735111952,0.0478344805595057,0.389968772551239,0.00473656396453915,0.271530589663277,0.759254421997773,2.78336516944408,0.314541791756977,1.41515484900874,2.23712522989337,0,0.226275645232844,0.0899079519198128,0.0641523003682239,0.0963894170990364,0.00459733339477258,0.00261944995422964,1.18323680675537,0.266871651825615,3.35394478661564,1.03313047560208,1.99180238433825,0.689399730831083,0.0177623967257644,0.0412659731577806,0.00786407992502396,0.519644318617919,0.106560058075186,0.304671338807111,0.323096518057893,0.00255910073624489,0.00221041210877881,0.00449479336442084,0.00169313254292786,1.07547742463611,0.967647191386609,0.000191433064195776,0.00325370802688873,9.38093453381536e-05,0.027517736964236,0.00389466548337815,0.00440585821926141,0.000611427365466857,0.118368480819283,0.000239337338335705,0.230110360310691,0.0106170265185708,0.029275562019174,0.611852325117774,0.368044435055681,0.0474040211492447,0.202231941626853,0.000151663381902266,0.0514605370434638,0.232226047236713,0.561249007991521,0.164314888632361,0.0858171150329863,1.93359430182198,8.85026532941374,0.0770955735998371,0.00434350857851465,0.0295177249222165,0.198956593531402,3.69672597790718e-05,4.97834577691555e-05,0.179980503409023,0.18421843635639
