0,0,0.0104654211500364,0.000506229495969773,0,0.00336126753395891,0.389834561963703,0.0630849560970406,0.000215303557970524,0.00591908071772772,0.000180622772484183,7.576600252676e-05,0,0.767974656405764,0.000317271957508922,2.88863096637726e-05,0.00554269574954116,0,0.00184338899936647,9.67429236030581e-05,0.0270835374989404,0,0.0535840239315473,0.000517454514566303,0,0.00133022335433578,0.00134412184888655,0.00841148281630111,0.77444672819047,0.605633202330485,0,0.000933945007913055,0.00122143800614995,0.00525962785622835,0.000523645775243997,0.00229450548289204,0.000595941270125627,0.00243597390992582,0.000426708771356642,0.000967017685415627,0.000290244242923021,0.00015523457960254,2.48251441327929e-05,0,0,0,0,9.27531357804535e-05,0,0,0,0.000166584132219851,6.00032472621202e-05,0,9.42049639942646e-05,0.00013035789911896,0,0,0,0,0,0,0,0,9.55228196902871e-05,2.06025449852944e-05,0,0,0,0,0,6.83436006259918e-05,0.000216422892234206,0,0,0.00112965312946576,0.000285273722722649,0,0,0,0,0,0,0.000128440441910863
0,0,0.00899711802172388,0.000569968768085003,0.000707212825856566,5.02137853589058e-05,0.000488286259676456,0.000170699621450722,0.158792602049334,0.000218424065082908,0.0502437392507695,0.00036917080325818,0.145415357433057,8.16492759321925e-05,0.00715517404292573,0.062448108583911,0.0200815296851174,4.85990304569006e-05,0.00208558654049599,0.000108926929870606,0.00188402916896152,0.322934304537277,0.00744370714323035,0.102831443838383,0.297163992947496,0.0709725002824514,0.901481249821241,0.00778032119926894,0.000701998552188456,0.000161531537488818,0.0011711871837312,0.00018077771356523,0,0.0120975614611073,0.00118939208823753,0.0157050662150295,0.021157293700061,0.0168347875457253,0.000871291069900988,0.00320596892357576,0,0.00219681652496642,0.0364150223600229,0.0162240405433268,0.016339115415763,0.0135873394329812,0.000361296977692366,0.000121711641592741,0.00308554982947969,0.000190745174567163,0.0503371326774375,0.0618377996880779,5.59061443841457e-05,0,7.82889425958395e-05,0.00295729891884863,0.000349165899335325,0.000823830861888351,0,0.0140598481314513,2.49844861800671e-05,0.0155680278733501,0.000742620885287046,0,0.00752138220708059,0.0250909436835877,0.000795504502743961,0.00824994514791317,0,0.0043675096228779,0.00478986364132512,0.0201029038097856,0.0033193560117175,0.0145204435348903,0.0350174443070366,0.800599770698533,0.00233679835171205,0.00015419525156343,0.00257852454957014,0.00377735469069976,0.000165259263739586,0,0.00796621751782893,0.00446928870896423
0.0104654211500364,0.00899711802172388,0,0.000118243267813504,0.000933279916386009,0.00397448099136794,0.368571724111824,0.0911928951987587,0.000339774687866092,0.00846460434182902,0.00479503291347456,0.000533285731185436,0,0.0935581386109281,0.00105549808148718,0.0152974236982679,2.72154329105479,0.0059994906912986,0.206002721467854,0.000306188366214395,0.825686236812433,0.00647505369839734,2.93088737878687,0.00783297681664466,0.000261861639810919,3.17717111004664,0.978975410123261,0.281865328142915,0.0455490838435854,0.257228976509178,0,0.00695985959530967,0.00221986432165253,0.420833076171847,0.0484721146801463,0.848070998872303,0.684111447747127,0.390354890586259,0.113028849958235,0.00526850742206508,0.00375506062239629,0.00299460996580392,0.0558549523069257,0.0651837434150409,0.0206611141900832,0.0188066445940249,0.00131202936659431,0.000419660020159364,0.000245378297702194,0.000351844617959082,0.00311653117671347,0.256313162462771,0,0,8.0132725387573e-05,0.0102562788644201,8.73644751473666e-05,0.000167714258473277,0,0.000559861315752268,0.00053540799510777,0,0.000668138543731212,0.000205980979157209,0.0102496424019143,0.0299273480735868,0.000240335697669089,0.00333436524373823,0,0.00987296457808132,0.00222539721808505,0.0720825010209478,0.00475159165893817,0.00273398512650758,0.0321853618505815,0.991229914056089,0.00692114996527595,8.43985665131809e-05,0.00388160129978693,0.000148446308082461,0,0.000229459516447485,0.00737665520187148,0.0811777856820212
0.000506229495969773,0.000569968768085003,0.000118243267813504,0,0.00152656525309217,0.0129389506111507,0.0161373921884975,0.0464865807865355,0.537868962066832,0.883596957652318,0.00575501656058192,0.0353450246597936,0.000139559054829955,0.0421636108008131,0.0368412194201873,0.000121275825390816,2.856107804811e-05,0.00155307541531867,0.000584270470236898,3.17363765458639,0.000118243206483364,0.00155221575075138,0.000303048844643891,0.960097510085667,0.000258216112865925,0.00125658279855412,0.000804295465562401,0.887875046451226,0.0636775664342299,0.000741376460801662,0,0.008038770650053,0.000573618194780946,0.0221488956861511,0.00381239203269929,0.0507471360323646,0.000444276155405938,0.0180956104013685,0.00397967418227184,0.0867282484052216,0.0102501202821327,0.00260804596666718,0.00328948939898694,0,0.000951904420559407,0.0010380048519212,0.0514940743353099,0.00199784117134416,0.000530083251054347,0,0,1.76390239968896e-05,0.192727460262196,0.00289098677758616,0.0156176261155903,0.0221297784514062,0.00246803628546399,0.123843044171144,0.0632374613733432,0.00165398160433137,0.0783527360161238,0,0.00221843882098729,0.0350588901685612,5.14089236751795e-05,0,6.38128217564821e-05,0,0.0633240364640336,0,0.000122749850885511,0,0.164984157435269,0,2.23155655748248e-05,2.50064931260347e-05,0.25159820622951,0.000842135578024686,5.67146194331646e-05,0,0.0001486276634202,0,0.00200604697272617,0.000530964321955204
0,0.000707212825856566,0.000933279916386009,0.00152656525309217,0,0.132363729173327,0.00276360628755999,0.00295033599812436,0.0451038717289184,0.0164556881647738,4.41847873120308e-05,0.0548226614699135,0,0.000756155719602587,0.521726355962073,0.002108747652017,0.000386700602506042,0.000104345959683716,0.000135538572329879,0.00832060528096588,0.00282988836225021,0.00220589337082887,0.0115389262723104,0.0121481040606079,0.000129722047264695,0.000387865109589815,0.00443742072247589,0.00814105385085366,0.000776354839159011,0.00268942836343932,0,0.0151861510491686,0.000115965168236017,0.0182142923742449,0.738553853232135,0.0140822031872916,0.00508554768575835,0.00178849740987468,0.00105498760747183,0.589490049753034,0.321471844083933,0.000551514461393594,0.00217580457592106,0.00184872862761033,0.00155741114108098,0.0057609053325516,0.00537793217290878,0.000330986780980468,0.000232960137191176,0,0,0.000552085096046269,0.00359255242569691,0.000173255952608585,0.00106627058093548,0.00151685517142314,0.000329300506676316,0.00196249294052232,0.00183442849466407,0.000645764978877783,0.00665271692154837,0,0.000286707813837111,0.0033098991600802,0.000737796660732866,0.000153064628324389,0,0.000343233238248825,0.00118293086708897,0.00191226251989174,0.000107597381266236,0.00521058858534014,0.00389018625466633,0,0.00111116795679546,0.00234752498467523,0.00617014214109689,0.00020798773516345,0.000641999335796893,0,0,0.000150307821629047,0.000152741938737274,0.494444903884065
0.00336126753395891,5.02137853589058e-05,0.00397448099136794,0.0129389506111507,0.132363729173327,0,0.162741950628339,0.949882009440752,0.0210809876983437,1.80034346851094,0.0166003245261513,0.452961796825747,4.1731112233758e-05,0.0922316861909838,0.588291593539651,0.00111382456061679,0.00263013282369197,0.00515874013393217,0.00421265031394046,0.0672678682151036,0.00850157891471959,0.000226611327844084,0.0204475176698413,0.0341023318858865,0,0.00486980593239945,0.00388384935817015,0.260337026801914,0.060360535132996,0.0343708124541278,0,0.0972431796639723,0.00259436116112673,0.0513201386396154,0.167147534794966,0.112452509041512,0.00293460454449409,0.0320269411279281,0.0132872147692133,0.481796074117482,0.0608559449031951,0.00354998441718149,0.00266007397369051,2.53427049515247e-05,0.00310567266703141,0.00775461120080015,0.0119212675496394,0.00288406601604581,0.00107755012837064,0,0,3.39112445018291e-05,0.0105161749811121,0.000457030326833367,0.0025799739985975,0.00539288841357404,0.00162824765750044,0.00501869173437739,0.00506902535671431,0.012385399335638,0.00946393111701592,0.000113430888435602,0.000499226693736076,0.00671966468414837,9.83930067803264e-05,0,0,0,0.00385109280792976,0.000154940023630858,0.000179064060640812,0,0.0221156474056549,0,0.000134038720501899,0.00110430666328481,0.0293006353047021,0.000303187010874331,0,6.23200503873825e-05,0.00043153431345141,0,0.000594247964003742,0.0202334841723545
0.389834561963703,0.000488286259676456,0.368571724111824,0.0161373921884975,0.00276360628755999,0.162741950628339,0,1.15907600483254,0.0345786529462001,2.33581090408581,0.0364399019632049,0.00413058558129788,0.0002110964457407,1.50459375662195,0.0289928353156525,0.00346023917791772,0.0321198918250071,0.0115899726693006,0.0113205490232724,0.00594339962385446,0.140344146648721,0.00535780189537668,0.457291522573785,0.0838228647664848,0.000127332392392874,0.0648216606417621,0.0733323450921603,4.20895951256402,1.01328597927127,1.46974990267963,0.000288328158241153,0.0485548730355198,0.0398636072950748,0.304439640617586,0.0967147125043945,0.485636607897146,0.0505179468908951,0.222909651132356,0.0543413255477085,0.13171907826278,0.0676866579182848,0.0270127969948546,0.0572798183701848,0.00357709694289118,0.0162034810753626,0.0107270688195643,0.0755662701223538,0.0165328158254053,0.00289090916323704,0.000351410402685285,0.000527666957753598,0.01507120466126,0.0688469435110831,0.00199958069078368,0.0132955630066723,0.122146107240489,0.0168690917133983,0.0175976594802785,0.0573997760987887,0.0125660049515443,0.0294239432810066,0.000332020895957709,0.0210406172840808,0.0149310253937614,0.0262646048320992,0.00124774736292511,0,0.000196536201098084,0.0212219602289019,0.0442005556208453,0.00307359386981964,0.0354759758201571,0.263825880372805,0.000388662251251995,0.00140698627828234,0.110476076574461,0.361018172565212,0.00901566006858196,0.0118247669329587,0,0.00111386783431739,0.000100185737517893,0.0163750787244405,0.0230528349888065
0.0630849560970406,0.000170699621450722,0.0911928951987587,0.0464865807865355,0.00295033599812436,0.949882009440752,1.15907600483254,0,0.0339387746604118,1.88368023488166,0.0508557556263313,0.205024998655206,0,1.72468524429994,0.0260246578977259,0.00244913719145161,0.041866094736286,0.0164412167790441,0.0236142597642009,0.0963299412888661,0.149473842071364,0.000485919100276887,0.379439384857674,0.101102858733748,2.95623158408403e-05,0.022232015883004,0.0223645907302641,0.340756263381012,0.350600479217162,0.72545821101068,0.000261480737347126,0.149900043109529,0.0248676863149751,0.217455539001741,0.0243720766487025,0.297483222924699,0.0119886013495162,0.115669604388084,0.0349214815281877,0.457604863195325,0.0362209556254567,0.0105961900203063,0.008196193121057,0.000603260935583175,0.005961650936243,0.0145158863629124,0.0210180953383564,0.0066020542249453,0.00369572612109161,0.000277881586188376,0,0.00193702799297091,0.0218975200452134,0.000399544986339212,0.00462261395020026,0.0277871340015727,0.00496394726108676,0.00814277811812194,0.0137175032687345,0.0270545061709893,0.0149941595044702,0.000257158013574421,0.00204322263657046,0.00704291459610933,0.000759504958528158,3.63328248835802e-05,0,0,0.0059553916900481,0.00134986328048283,0.000347938609222055,0.00144152623496425,0.0767410707785148,5.77846273459196e-05,0.000178482215261578,0.0120615327099986,0.0980854827557571,0.0015283947544207,0.000362059298639059,0.000183451760524213,0.00139419543566108,0,0.0026956168748349,0.00292002493221634
0.000215303557970524,0.158792602049334,0.000339774687866092,0.537868962066832,0.0451038717289184,0.0210809876983437,0.0345786529462001,0.0339387746604118,0,0.117466153791809,0.00910998367044422,0.140465625679897,0.00578344586765277,0.0151070535575046,0.496902444954216,0.0161540079571815,0.00129576444437599,0.00273293370162713,0.00114224001765025,0.121025325009219,0.00678081733224642,0.705602657004576,0.00205335911074823,3.4280285991503,0.0924986524504028,0.00787022473373794,0.291620204229307,0.687441118217317,0.0167877006479282,0.00223686940771848,0,0.0087463359084996,0.000489039353609383,0.0166922808840208,0.00279119625994742,0.0424277927966677,0.010016903239331,0.0132068475448646,0.0024680994745413,0.268440681700689,0.00500400935393393,0.00132422058444035,0.0477985414739476,0.00197059847135568,0.00930483164313304,0.00431258087789565,0.0319753007506504,0.00742136072648051,0.00135149088299167,0.000576182602483749,0.00160961627166242,0.0042645394462645,0.0443732210466877,0.00228516975405085,0.00592700749235237,0.0525417520541943,0.00779347279634572,0.455046635861812,0.02309825699537,0.00720141051162869,0.0107363666548385,0.00118782041247153,0.00828998344466616,0.015109078835213,0.0573427222390901,0.000617468925281704,0.000556504364032924,0.000519869166757107,0.00951420203457211,0.0343217010336174,0.0354304333929219,0.0319641416450354,0.826402588311281,0.00130967057135689,0.00153761484634102,0.019653673957671,0.352666539123082,0.00727086136659568,0.0102789130739077,0.000659718816477657,0.000644404498734712,0.000398559563263178,0.00973960850855989,0.0119618602327877
0.00591908071772772,0.000218424065082908,0.00846460434182902,0.883596957652318,0.0164556881647738,1.80034346851094,2.33581090408581,1.88368023488166,0.117466153791809,0,0.14665186331976,0.49969026147724,0.000841500229500534,0.820580587934438,0.141324574114182,0.000472280789326787,0.000931541293635431,0.047946700890211,0.0240736460587408,1.10441500555234,0.00253442905259692,0.000166518532233596,0.0109946756532584,0.231726532067811,0,0.0370762431643093,0.0146642441927517,1.62516163620081,0.654644508567795,0.0197489726241603,0.000486193068355143,0.122198951535809,0.00383997880957497,0.315940923924226,0.0544071492388202,0.407110889966281,0.0115198566487874,0.218647573145868,0.0382105960921649,0.493113226836233,0.103823776860704,0.014141910023874,0.00444763666571081,4.21965318596363e-05,0.00543928112186516,0.0117368100869113,0.0457649007411691,0.00640178388542461,0.00308157872408652,0,9.18406913409232e-05,0.000308641056838184,0.083988031070651,0.00144599998526323,0.0104611321070845,0.0234732346906318,0.00223402863160265,0.0457318887255192,0.0458442590149314,0.0222277972132151,0.0563868452031471,0.00013873120791614,0.000891593228321669,0.0271476028866713,0.000678142887410223,2.04203987002372e-05,0,0,0.0232776493625928,0.000719829463388446,0.000213521373902142,0.000466392763892948,0.111780659123415,0,2.45826764831543e-05,0.00161521491188979,0.192893066235789,0.00056626326660794,0.000213121391420424,0,0.000430183665164172,0,0.00222059578719449,0.00395387035080421
0.000180622772484183,0.0502437392507695,0.00479503291347456,0.00575501656058192,4.41847873120308e-05,0.0166003245261513,0.0364399019632049,0.0508557556263313,0.00910998367044422,0.14665186331976,0,0.0260514030178322,0.357839347993459,0.047491725393754,0.00102560310885412,0.00125626061441195,0.00209565482613266,0.855794126899402,0.174499537137527,0.0134707920704185,0.00414850542543,0.0281632080048029,0.013111449563731,0.0196336362590421,0.270693125857186,0.216239757262887,0.0582819818208275,0.0427665384895658,0.142062454556116,0.00999756891281047,0.0862731316823711,0.0826494800181087,0.000423940819494545,0.655526602901611,0.0158294552323274,0.183355744764583,0.729265564068165,1.00270094494958,0.0539114572103999,0.0227526052453612,0.00707505411650384,1.07354731439859,0.00261915469908929,0.24179375477702,0.0876710701683587,0.00155719149247295,0.00218614025885171,0.000803745886181118,0.293612865954043,0.000215035247068942,0.0032535081015451,0.00011670499582529,0.000374029296556592,0,0.000375177236043334,0.0022396935908593,0.00264352629415047,0.00188610651595849,0.00132378027844924,0.204365065737326,0.00300260190475935,0.187944596377745,0.000845928663170812,0.000470178265250087,0.00154283772526217,0.000123316494849443,0.00382317508516127,0.000809208113374113,0.000499776630524039,0.000370593569445133,0.00185813102865779,0.00107550720027101,0.00907273405937021,0.0168143198255353,0.0458964770058087,0.024394228204795,0.0038620214623729,0.000608945099632859,0.000315197702396929,0.0553955631615917,0.00209999667856443,0,0.0130315351123103,0.0191973420352047
7.576600252676e-05,0.00036917080325818,0.000533285731185436,0.0353450246597936,0.0548226614699135,0.452961796825747,0.00413058558129788,0.205024998655206,0.140465625679897,0.49969026147724,0.0260514030178322,0,0.000120447259433985,0.0640052237816903,0.53640598725241,0.000184688174024462,0.000159186459054351,0.00853405422397313,0.00278559576712686,2.16484812337218,0.000470088027466357,0.00132172300121176,0.000999969128035964,0.0327498387288342,9.4010932351112e-05,0.00655683878040701,0.00225928552934432,0.010987189080998,0.0291250076140818,0.00195825685720342,5.97708779371977e-05,0.0251260469491428,8.32633202505113e-05,0.0513694481628213,0.0189419414114036,0.0259691710505878,0.00172773972787589,0.0286871172818196,0.00573604308791399,0.392486452079512,0.00756860635961544,0.00147224651671225,0.000478708496726274,0,0.00194349713522422,0.00316300817799443,0.0259484264480805,0.00126804071729851,0.000942449812759284,0,0,0,0.0287712716634393,0.00171977171190459,0.00773547706854436,0.00174421013989931,0.00359005587662137,0.0136843783696754,0.0115799236497871,0.00565299899541986,0.073363930437643,0,0.00167685578808117,0.0178747048363574,0,0,0,9.44638448581693e-05,0.027370366494789,0,0.000298398055380106,0,0.0220738997596614,0,7.22699392468926e-05,0.000123453036888599,0.0342707596845823,0.000246628449153722,0,0,7.92395999420282e-05,4.19912577674389e-05,0.000732397036808612,0.00325621821274102
0,0.145415357433057,0,0.000139559054829955,0,4.1731112233758e-05,0.0002110964457407,0,0.00578344586765277,0.000841500229500534,0.357839347993459,0.000120447259433985,0,3.59315692727566e-05,0.000176625764623762,0.00103375791739726,3.430656166327e-05,0.000122899420292258,2.14461072186827e-05,0,0,0.0567033939006638,6.02858776938915e-05,0.00322051013472677,0.315771003717912,0.012518298459667,0.167031396819545,0.000354489577513218,0.000338588499520541,5.6199378585577e-05,0.227422341802271,9.34663841561081e-05,0,0.00215862557238293,0,0.00116148183717191,0.0956199014523378,0.00747940294464255,0.000654738483454943,0.000276625631636739,7.59487240462304e-05,0.566100422292468,0.00113407967036104,0.0952514697893483,0.040450151085368,0.000282402725651801,5.61609986071587e-05,0.000232592075989723,0.125258949939069,0,0.00201192563579696,0,0,0,0.000235759282831192,0.000740053389928936,0.00181356920056593,0.00041345550582701,0.000536337626790225,0.165565991432474,0.000514928194995046,0.208473920741069,0.000510126034487307,5.65958250675201e-05,0.00117928274312979,0,0.00276081975055075,0.000503680699959755,6.29867491870522e-05,0.000301801639153898,0.00102948882365942,0.000337657601053476,0.00122138620121544,0.0466877384505165,0.0347124766157396,0.0201347512379882,0.00032425506853813,0.000158649342380404,3.62334066123963e-05,0.0658325109927802,0.00126978814832604,0,0.00814990765168728,0
0.767974656405764,8.16492759321925e-05,0.0935581386109281,0.0421636108008131,0.000756155719602587,0.0922316861909838,1.50459375662195,1.72468524429994,0.0151070535575046,0.820580587934438,0.047491725393754,0.0640052237816903,3.59315692727566e-05,0,0.00570975811727124,0.00166510950770921,0.0566927125081954,0.0184272556967472,0.0318128573439565,0.0571153001268,0.229804581242679,0.000437766900069058,0.483889697731686,0.0657985810891121,0,0.0334385325785394,0.0296928419706471,0.245927081944565,0.746141054080109,1.87760944626192,0.000133001496721029,0.0266447219761439,0.016666484272591,0.165708354664131,0.0134601602052101,0.212954004478791,0.0135730301280067,0.0817924653654232,0.0123415468392522,0.0595133344827291,0.0150346942898519,0.00556583196314031,0.00702166302597875,0.000320465775286496,0.00255279954636544,0.00452419565848374,0.0134292434703358,0.00344663761641026,0.000707562530312777,0.00019142704517448,0,0.00200864141104907,0.00917884144815712,0.000199515141329527,0.00151206250228322,0.0156671457347063,0.00143406161254942,0.0031408209002679,0.0069535242130335,0.0104953524935571,0.00633594165569204,0.000454144650710821,0.00131765798034131,0.00399549588214516,0.000742759857268633,3.90894116363525e-05,0,0,0.00285196175836676,0.00167132751044262,5.47328311382532e-05,0.00187178759695602,0.0468693378060772,0,0.000121511796275317,0.0118528424232818,0.0554561242826078,0.000582657910530925,0.000189528264051318,0.000170416138741493,0.000184865443506003,0,0.00150158698240453,0.00246269807627266
0.000317271957508922,0.00715517404292573,0.00105549808148718,0.0368412194201873,0.521726355962073,0.588291593539651,0.0289928353156525,0.0260246578977259,0.496902444954216,0.141324574114182,0.00102560310885412,0.53640598725241,0.000176625764623762,0.00570975811727124,0,0.0157765297115813,0.00102446170631432,0.000307224477593422,0.000748066434911728,0.076819470216874,0.0267534275676554,0.0369754268852813,0.0603571541377471,0.19287909250819,0.00557038421813286,0.00102102012534678,0.0200456191732308,0.102674690982533,0.00507623253423643,0.0303217099102463,0,0.0321615350067392,0.000366481533735573,0.00601738515744191,0.121272009416838,0.0452151297264589,0.00860445193381759,0.00961834630480456,0.00290205793155134,0.689039507894833,0.00407049367603183,0.00215768195954346,0.00195706642227441,0.000271317414998532,0.00088682276915163,0.0015886756982106,0.0331175073666378,0.000760006791338327,7.91920944617987e-05,0,0,0.000616100432038665,0.0336663453976563,0.00191017646612978,0.00610223747816545,0.00489409972277659,0.00108275193721658,0.0170028421357176,0.0125369545382881,0.000897231521656571,0.0360956781861005,0,0.000731492649880529,0.0230829608313484,0.000492926487467229,9.57227453713416e-05,9.73067379212382e-05,0.000100674934204459,0.00967764315997769,0.000888882080857871,5.03609057897329e-05,0.00152224720944357,0.0262065570223203,0,0.000367838695706606,0.00133239956763267,0.0378633021134665,0.000478455947670579,0.000303445906542063,0,0,0,0.000535841294659138,0.0628728588935741
2.88863096637726e-05,0.062448108583911,0.0152974236982679,0.000121275825390816,0.002108747652017,0.00111382456061679,0.00346023917791772,0.00244913719145161,0.0161540079571815,0.000472280789326787,0.00125626061441195,0.000184688174024462,0.00103375791739726,0.00166510950770921,0.0157765297115813,0,0.0276674977486421,0.00160084281119692,0.0115496445749488,5.696492253685e-05,1.26146769973089,0.878822275811227,0.945811982597057,0.237150060336056,0.0143317505302404,0.0468844543721869,0.903605270706155,0.14219974192354,0.00264085440855021,0.0356995967771006,0,0.00371893332961446,0.000251373175043106,0.132631605717941,0.0742166975150099,0.76373726782712,0.109117963755748,0.455260202032094,0.0568130708452714,0.0188841536456464,0.0124478327410421,0.0186940362992594,0.101821365403307,0.0107237193480072,0.0300974844665279,0.0237287437905312,0.0173369827577988,0.00262222602788901,0.00113730378734243,0.000426983735520959,0.0058069244282062,0.00932938217204884,0.000208589242139518,0.0012554479731431,0.000525454170545161,0.0426957577983772,0.00199410084703678,0.0180404403836169,0.000295411622297466,0.00202410032411295,0.000855143565292416,0.0015001906389336,0.00616274129991245,0.00548493660381085,0.665664325934448,0.0027646230651412,0.000242801590134144,0.00154293836379164,0.000104164644527793,0.213837549756821,0.0749605217039812,0.560224629690033,0.178818622412989,0.00366438662910551,0.00898530861360473,0.165027191214472,0.140033925104667,0.00222955008697861,0.035724085203963,0.000280337955563128,6.01072378009558e-05,0.00108217785750192,0.0128538476172278,0.0843908361768788
0.00554269574954116,0.0200815296851174,2.72154329105479,2.856107804811e-05,0.000386700602506042,0.00263013282369197,0.0321198918250071,0.041866094736286,0.00129576444437599,0.000931541293635431,0.00209565482613266,0.000159186459054351,3.430656166327e-05,0.0566927125081954,0.00102446170631432,0.0276674977486421,0,0.0364209596018365,0.420775805224602,0,0.143171917006321,0.00601237643490905,1.25628812222521,0.0121798026088391,0.0006128162876544,1.95146315629104,1.44128941537001,0.0542258936915629,0.0703709977475313,0.0763467344996051,0,0.00297066387925154,0.00542268214072072,0.0715389854267009,0.0133781321670245,0.302674342033039,0.341980235072694,0.100542537888178,0.0146124886120938,0.0034531036086207,0.00151878864214218,0.000597638021309495,0.00593217954127676,0.00951825095733833,0.00261146413432521,0.00217034223664194,0.00014758481207031,0.000180870169808149,3.26499288500547e-05,0,0.000337099911289931,0.0258278199396519,0,0,0,0.00097576591381574,0,8.04206132926944e-05,0,4.03904945966005e-05,0,0.000193751652031302,8.08341983764169e-05,3.57064115263224e-05,0.00247119349972236,0.00387215253315389,7.24073208745121e-05,0.00114682988070738,0,0.00135689783058054,0.000801829763432263,0.00988939666722678,0.000793762109247205,0,0.0134266659464425,0.130995868683913,0.00168204390761697,0,0.000517936806325078,0.000301273559158802,0,0,0.000804314296030106,0.0164726196652463
0,4.85990304569006e-05,0.0059994906912986,0.00155307541531867,0.000104345959683716,0.00515874013393217,0.0115899726693006,0.0164412167790441,0.00273293370162713,0.047946700890211,0.855794126899402,0.00853405422397313,0.000122899420292258,0.0184272556967472,0.000307224477593422,0.00160084281119692,0.0364209596018365,0,0.24112454086639,0.00455095828517264,0.00195629727041906,4.35207891533375e-05,0.0119582492918118,0.00535706717933732,0.000435292983929872,0.306985728971728,0.018725643029927,0.00999336157429365,0.063678505572084,0.00328632382691091,0,0.0369640207312896,0.0001659493843081,0.17751924314269,0.0172783745026297,0.190099181423247,0.174876752981067,0.54247314576656,0.0852986301126474,0.00735933214863916,0.00189648513421654,0.000364895885271907,0.00136062563296527,0.0159701875242693,0.000826070964272083,0.000922159123074707,3.65360814256668e-05,0,0.001398564920493,0,0,0.000145328964759349,0,0,0,0,0,0.000342653270840764,0,0.0198143039590258,3.37516190670132e-05,0.0573152164624102,0,9.35900045692923e-05,0.000212091512452483,0.000140062653525174,0.00165724733486992,0.000264861413256347,0,0,9.8378644953489e-05,0.000225979980582833,0.000160081413829923,0.00465028078617131,0.0536254347524139,0.0424589710073052,0,8.78134075398442e-05,0,0.0524851874842349,0,0,0.000164078354015708,0.0325576309805898
0.00184338899936647,0.00208558654049599,0.206002721467854,0.000584270470236898,0.000135538572329879,0.00421265031394046,0.0113205490232724,0.0236142597642009,0.00114224001765025,0.0240736460587408,0.174499537137527,0.00278559576712686,2.14461072186827e-05,0.0318128573439565,0.000748066434911728,0.0115496445749488,0.420775805224602,0.24112454086639,0,0.00134646589951247,0.0696363114892416,0.000388621809311986,0.218008703728188,0.00552845366451466,0.000390137344737053,0.772291871188097,0.179892106729542,0.0215465242448462,0.0835101919561469,0.0333461134593884,0,0.0217474918636431,0.00492024775590652,0.220994959670351,0.0241770608238809,0.551371229925956,0.299528114331105,0.230585533638655,0.0389345518388888,0.00572115829051691,0.00130401736845356,0.00061788549862361,0.00301516493340468,0.00497179786367798,0.00118487358174044,0.00131876079987878,0.000710047604307709,0.00015580851339376,9.62396273288725e-05,3.87479423375129e-05,0,0.00299123180231559,0,0,0,0.000324701450442731,6.96189587649107e-05,0.000326413400927067,0,0.00362739418376631,5.63081994016171e-05,0.00956582903553487,0,0.00014287875377655,0.0010302754567194,0.000749702384664057,0.00109293451051104,0.000542577281177759,0,0.000767858159498867,0,0.00228161070683241,0.000510620209489346,0.000920521324958864,0.046763125828254,0.0720304398068261,0.000809978125966251,6.81354186392426e-05,0.000143405922278881,0.012377036964754,0,0,0.000732956921768186,0.0450544787459666
9.67429236030581e-05,0.000108926929870606,0.000306188366214395,3.17363765458639,0.00832060528096588,0.0672678682151036,0.00594339962385446,0.0963299412888661,0.121025325009219,1.10441500555234,0.0134707920704185,2.16484812337218,0,0.0571153001268,0.076819470216874,5.696492253685e-05,0,0.00455095828517264,0.00134646589951247,0,0.000159117528207064,0.000698297106959939,0.00045506403391546,0.230738674049884,0,0.00350879668998492,0.00260817557417089,0.0888194953030984,0.0403570429791986,0.00124682524312735,3.05253703345656e-05,0.0118977784825986,0,0.0298819877820625,0.000961155900822222,0.0389395884053051,0.00108950218405008,0.020864457871724,0.0028499041364116,0.123951264053327,0.0090612634960429,0.00164693693687546,0.00274490107926732,2.97005434014201e-05,0.000873247179900886,0.00111759790168762,0.0280131357268623,0.00225086758700931,0.000342634353664935,3.32714971262813e-05,0,0,0.0721250188360312,0.0012902411513974,0.00805007603862531,0.0131575982140185,0.00267526998136443,0.0260791937533743,0.0301262290824209,0.00299056200740128,0.0502440225473736,9.74304640760425e-05,0.000928757218291102,0.0187041146282351,0,0,0,0,0.0156317744585558,0,6.61262453795672e-05,0,0.0612568966866218,7.2876067131758e-05,0,6.64386780295372e-05,0.113981571110149,0.00100662688901889,3.98771993948221e-05,0,0.000178667876398087,0,0.000880330720091164,0.000504726780658722
0.0270835374989404,0.00188402916896152,0.825686236812433,0.000118243206483364,0.00282988836225021,0.00850157891471959,0.140344146648721,0.149473842071364,0.00678081733224642,0.00253442905259692,0.00414850542543,0.000470088027466357,0,0.229804581242679,0.0267534275676554,1.26146769973089,0.143171917006321,0.00195629727041906,0.0696363114892416,0.000159117528207064,0,0.0470997648308555,4.47497034886628,0.0621700484868345,0.000161970682436943,0.0852358782452064,0.42850556229009,1.04513702488409,0.358618563775776,2.47021039726461,0,0.0066147588543089,0.054783331174637,1.37229361441263,0.146442795998607,0.835398302450154,0.118004491800501,0.965662354633557,0.111466107489627,0.0376290130578909,0.0255819213286765,0.0160157861003047,0.0486874392891586,0.00638257637271417,0.0132103395540108,0.00664156310089946,0.0268821335077407,0.00435667335911787,0.00097427930295342,0.000644797893513501,0.00164348626212859,0.0217086352189202,0.00120006735192168,0.000284010144200206,0.000817043721803609,0.0533801831099094,0.00266595730631125,0.00945789489470151,0.000911231422420979,0.00280913161849004,0.00261139858509493,0.000509370483119131,0.0094435769654406,0.00412771858126026,0.107604021246766,0.0023602309379239,0,0.000493392029753387,8.73092780216932e-05,0.14236746480207,0.0157904961366636,0.0940969891355056,0.176805912232529,0.000524855582037806,0.00466037646946174,0.153598149816033,0.168470960627505,0.00393402748745477,0.0296460351549087,0,0.000296191206621051,0.000623760287321448,0.00833517038760818,0.0727645018596435
0,0.322934304537277,0.00647505369839734,0.00155221575075138,0.00220589337082887,0.000226611327844084,0.00535780189537668,0.000485919100276887,0.705602657004576,0.000166518532233596,0.0281632080048029,0.00132172300121176,0.0567033939006638,0.000437766900069058,0.0369754268852813,0.878822275811227,0.00601237643490905,4.35207891533375e-05,0.000388621809311986,0.000698297106959939,0.0470997648308555,0,0.094492205953436,0.782796193417604,0.203348709024677,0.018907073964465,0.967956342162272,0.0940259763404035,0.00151867971558452,0.00479230410504538,0.000453215067669511,0.00041537384703505,8.63192911373376e-05,0.00800522814984354,0.00339587800972724,0.01532387164424,0.0185890308037134,0.00724598544745178,0.00093011298447275,0.0192123962645145,0.000201159482736826,0.00172196286437756,0.0912997055197688,0.00807414437729433,0.0356899339830841,0.0269218079264307,0.0102876066106271,0.00101001869952071,0.00143628304307789,0.000515796727054596,0.0249359043453124,0.0144982458352697,0.000321560300451279,0.000661832540706754,0.000470364404338718,0.0191441916422145,0.000951892399852035,0.0228404832145046,0.000137185794138908,0.00959989452110821,0.000962997765460971,0.0122576307104212,0.00368962451238906,0.00610039183220637,0.494309535399246,0.00358959460418182,0.000341186201029837,0.00106090591096115,0,0.115232217859655,0.202993845155667,0.294137195274842,0.138474004061459,0.010034227041214,0.00656012995237935,0.745336637263344,0.067967487790209,0.00118152450565695,0.0227745389821756,0.00159005684872556,4.9601981263876e-05,0.000325792970430672,0.0111700308752165,0.0304775973618743
0.0535840239315473,0.00744370714323035,2.93088737878687,0.000303048844643891,0.0115389262723104,0.0204475176698413,0.457291522573785,0.379439384857674,0.00205335911074823,0.0109946756532584,0.013111449563731,0.000999969128035964,6.02858776938915e-05,0.483889697731686,0.0603571541377471,0.945811982597057,1.25628812222521,0.0119582492918118,0.218008703728188,0.00045506403391546,4.47497034886628,0.094492205953436,0,0.0666667061808892,0.00106097725271738,0.416091189220788,1.89151421666455,0.920244074180648,0.447080854507017,1.238153359276,0,0.0220230273520478,0.0334569912417855,1.60280826710858,0.294599338763091,2.57597074204178,0.770408129585588,3.13763307746283,0.454697819372971,0.0871415054149939,0.0531373508843131,0.0645567464190259,0.128705845055357,0.0185488894342588,0.055519296318606,0.0481921230347333,0.0131045965466169,0.00517732956783986,0.00482177347823185,0.000607241422372878,0.00910627513841234,0.0889284473889008,0.000790503376689079,0.000683033828582168,0.000395721921328962,0.0409472148152322,0.0016065245791415,0.00682166481886179,0.000590953488663197,0.00803780251996151,0.00179743365321976,0.00100282352790213,0.00528275739330161,0.00468217564583498,0.645687954484417,0.0108912640180702,0.000358545147197664,0.00171946186780948,0.000224030354659081,0.153405041245411,0.0448714854113176,0.754269594845139,0.0750517295380709,0.00519424182756722,0.00997567448438588,1.12870912851226,0.0937949988099475,0.00223739042205852,0.0243252439262672,0.000406253640763879,0.000286337754119039,0.00052411422753954,0.014953320735194,0.329333174369758
0.000517454514566303,0.102831443838383,0.00783297681664466,0.960097510085667,0.0121481040606079,0.0341023318858865,0.0838228647664848,0.101102858733748,3.4280285991503,0.231726532067811,0.0196336362590421,0.0327498387288342,0.00322051013472677,0.0657985810891121,0.19287909250819,0.237150060336056,0.0121798026088391,0.00535706717933732,0.00552845366451466,0.230738674049884,0.0621700484868345,0.782796193417604,0.0666667061808892,0,0.0437194764223752,0.0378131871944075,0.408136911084449,2.25780580884283,0.140217612324287,0.193436907987948,7.14679863409996e-05,0.0201313599413907,0.0240562629167754,0.155454918582802,0.0620139735785773,0.405255327981039,0.0322497028559598,0.137524681663041,0.029416142034374,0.177302563611314,0.0332796049369039,0.0132060478907815,0.200460912304697,0.00733141177810052,0.0420546942611141,0.0200979270825521,0.148173211499146,0.0433804452376771,0.00615030841805309,0.00197332425345969,0.00146684449033838,0.00930690575443642,0.242156283627667,0.0048736390555526,0.0305149391183109,0.32080635922344,0.0462046173284921,0.461436625398839,0.144591468588808,0.0236790859692326,0.067270325686306,0.000715000691944599,0.0450596263833806,0.0389417678712142,0.0848540303794246,0.00245220892629916,0.000271536033683181,0.000712277796586809,0.0585033075099841,0.100065413290949,0.0323186470436098,0.0616909540226208,2.00052764506257,0.00110969600595134,0.00711658393264513,0.055208798793154,1.54256770921986,0.0332002181615455,0.0233766455914783,0.000227835864445567,0.00286183228179592,0.00215747661354696,0.0523459759323206,0.05159112903385
0,0.297163992947496,0.000261861639810919,0.000258216112865925,0.000129722047264695,0,0.000127332392392874,2.95623158408403e-05,0.0924986524504028,0,0.270693125857186,9.4010932351112e-05,0.315771003717912,0,0.00557038421813286,0.0143317505302404,0.0006128162876544,0.000435292983929872,0.000390137344737053,0,0.000161970682436943,0.203348709024677,0.00106097725271738,0.0437194764223752,0,0.0311751065097744,0.185927605963668,0.00328079472448772,7.73655687024594e-05,8.17166587221621e-05,0.0679283161454295,0,0,0.000193988991212368,0,0.000476094517351985,0.00785350639779728,0.000826862888642727,0.000268848843040824,0.00174316721241545,0,0.0103068293247528,0.00338544891887909,0.00959864087172388,0.021047581012671,0.00210990188947463,9.27315771789549e-05,0,0.0349115993985582,0.000127763928174019,0.0195057434487519,0.000768002962073383,6.87109174064398e-05,0,0,0.000345138518251955,0.000845386191741227,0.000310918529367864,0.000477033902641475,0.0998267590690293,0.00049393773053205,0.182506266107791,0.0001487645607512,0,0.00167642944844324,0.000627349284796357,0.00206883421708381,0.000864081944618228,3.66604970158339e-05,0.000539944230244875,0.00079271989446187,0.00134160941319001,0.00158343239000845,0.200116605482354,0.0345452650783062,0.231698075927746,0.000135040567366361,0.000186845332681418,0.000285283785095215,0.0307325991494329,0.000856344593416932,0,0.00499322956677317,0
0.00133022335433578,0.0709725002824514,3.17717111004664,0.00125658279855412,0.000387865109589815,0.00486980593239945,0.0648216606417621,0.022232015883004,0.00787022473373794,0.0370762431643093,0.216239757262887,0.00655683878040701,0.012518298459667,0.0334385325785394,0.00102102012534678,0.0468844543721869,1.95146315629104,0.306985728971728,0.772291871188097,0.00350879668998492,0.0852358782452064,0.018907073964465,0.416091189220788,0.0378131871944075,0.0311751065097744,0,2.20089326609,0.143186678587238,0.10531324180989,0.0206192949422091,0.0118077162426469,0.0395637329597887,0.00103636629458052,0.631387198485276,0.0584845117043862,1.3087676567857,1.44165355190145,0.972968002850827,0.101451768224458,0.0109386803750329,0.00438824155542433,0.0054423033040747,0.0750277467168797,0.25841757092493,0.0627728743125698,0.0367220184780137,0.00107619844804519,0.000265445316367507,0.0505864667374238,0.00112743392162615,0.0237392901763288,0.0904502410640761,0,0,6.40557990807295e-05,0.00848519080351391,0.00259028060258263,0.000870808372094395,0.000199450833505869,0.302723722686518,0.000696432435968578,0.650569738446868,0.0022997206215266,0.000177601006896615,0.0040624583195672,0.040802245094938,0.0242942801638649,0.0325381163582625,0.000150678234524131,0.00490208256372303,0.00147642737541264,0.0352405688155332,0.00412400689812809,0.0992666082580997,1.0763700710638,1.78413417969976,0.00276302436604679,0.00136352640476149,0.00984539019623836,0.462186954129185,0.00171947981639207,0,0.0283216648022674,0.107503056272814
0.00134412184888655,0.901481249821241,0.978975410123261,0.000804295465562401,0.00443742072247589,0.00388384935817015,0.0733323450921603,0.0223645907302641,0.291620204229307,0.0146642441927517,0.0582819818208275,0.00225928552934432,0.167031396819545,0.0296928419706471,0.0200456191732308,0.903605270706155,1.44128941537001,0.018725643029927,0.179892106729542,0.00260817557417089,0.42850556229009,0.967956342162272,1.89151421666455,0.408136911084449,0.185927605963668,2.20089326609,0,0.437991149719148,0.0778271636962368,0.0404672163934014,0.00912178458962611,0.0288862178017976,0.00173168427943343,1.13314967421683,0.155795686391734,2.47889826901839,1.55054387717852,1.59977330769073,0.266007407964361,0.0255315111293158,0.0113681136574794,0.0230575241707377,0.494815983496982,0.529175171774816,0.259294445665217,0.207297159916544,0.00670953091061157,0.00330653016227549,0.0534022972546167,0.00397206094423968,0.227682265354683,1.07974364288301,9.94598487889768e-05,0.000171268498677671,0.000286220406298756,0.0634471059802959,0.00393321649787003,0.00401455204898965,0.000429863669873536,0.254554951834184,0.000845782970251857,0.859207665682064,0.0122784663839563,0.00181575074324047,0.438536038171652,0.272377432994994,0.0226599055450511,0.125326126543453,0.000185834641587853,0.0971675413560836,0.10107578278195,0.66859773775365,0.0484652496846215,0.322457409075795,1.71317211451639,9.45111042056715,0.0624360943542738,0.00363294693847507,0.0530411884293333,0.49044172551793,0.00109749468978059,0.000843004926409539,0.109593051260757,0.264096204277608
