0,0.00087315106013253,0.0501810850516612,2.45340062954306e-05,0.000926856411215189,0.000510402236133671,0.174467004061368,0.0602024763490386,0.00335001383042618,0.00219051763763284,0.00533405264334941,0.000228335103488481,0.0030201675322645,0.668179028970972,0.000757012579410554,0.000262955103007865,0.0892235338634155,0.00280997194663339,0.0257186739557861,5.59179541779041e-05,0.016629615935196,0.00136718754621484,0.0547198486286195,0.00381381400885102,4.40422297981024e-05,0.0733580714029109,0.0819695821305448,0.00480861249044448,0.965147576196946,0.393553712914842,0.000247327717482698,5.49813087034822e-05,0.010277103504025,0.06034191812117,0.00783077192632396,0.0162292721279347,0.00116952682033564,0.0279590079805642,0.0100022645674061,0.000775051459576285,0.00309391993577624,0.000634940759517503,0.00411264349108357,0.000158832940826905,0.00069912441245184,0.00106776345743029,0.000218872709722674,0.000277443990535641,8.39655849451306e-05,0,0.000364838253769613,0.000452602361095369,0,0,3.24260614569784e-05,0.000762360140594349,0.000323112554036522,0.00132639224170038,4.17854922436238e-05,0.000499771059173226,0.000109688258571124,0.000494999140483296,0.000558095648308038,0.000211897806932688,0.000270641834443832,0.000809241983506965,0,0.000244917368757212,0,0.000525695944988966,0.000548459527124763,0.00204463815222655,0.00397963156556197,7.03712221482757e-05,0.000717490342636191,0.00429353577185998,0.00717499068946809,0.00142703803628722,0.00153632457007077,4.50508274476289e-05,0,7.89768687412264e-05,0.00182201067609594,0.00216354424161079
0.00087315106013253,0,0.00915907456320158,3.08960118049622e-05,0.000181278194863415,0.00165581414979429,0.00505053884101181,0.00527309463889958,0.155670250834373,0.00106223241391325,0.041891121265314,0.000216490801856661,0.131168580409773,0.00683647850889269,0.00482697592805443,0.0421511297187928,0.0230344171468479,0.00287045294511177,0.00748058495590506,0.000116357312862539,0.00381318195304144,0.307324802976025,0.00893407348290713,0.240128415805429,0.21128636112515,0.0483849868779703,0.933127175775122,0.017317536533084,0.00711662655371652,0.00297956233673454,0.0045221868656137,0.00250754569417105,0.000151791039644337,0.0411789136330142,0.00277277775762524,0.0278234728692303,0.0262708291573221,0.0241714693130721,0.012735737297715,0.000569343168658519,0.00100712932663958,0.022859999737943,0.0323971217083201,0.00466608126643617,0.0115864717991994,0.0213581271507299,0.00087540853374925,0.000373225915111792,0.000197590216553378,0.000485954846798837,0.100089329569414,0.0211352909884075,3.49186086785316e-05,0.000209179771644116,3.39281679279685e-05,0.00320814231683861,0.00111526626294172,0.0014194107105109,0.000251512346330237,0.00363465297573971,0,0.0126031871048733,0.00116678477310756,6.96673333554983e-05,0.00131642538182294,0.0272520751375675,0.000734505381136106,0.00935128832394602,0,0.00289879939414673,0.0109827499381535,0.0210056126364964,0.00341014918076784,0.00661023376152602,0.0275086145464351,0.203767939153244,0.00178769246000412,0.00114973056229527,0.00283681323412085,0.00518564242121959,3.90425730327129e-05,5.46771247092963e-05,0.0088684248946449,0.00492269021227462
0.0501810850516612,0.00915907456320158,0,0,0.000371069010180866,0.000994372663314024,0.16861377145565,0.155174104350599,0.00076969577243264,0.00208366581372564,0.00214218257783783,0.000296781642069483,0.00250155031038991,0.238536526260664,0.000762874721288541,0.00627035778308397,0.373744427103951,0.00262760371259748,0.0176848350916215,8.62509787409305e-05,0.242599783542796,0.0146893280031621,3.02398822921228,0.00472813004821183,0.00059639460191567,1.11575860967773,3.0238726296274,0.0103587229177623,0.0740440351761958,0.324346048734819,0.000119221970913005,0.000333950988977015,0.00171565622951914,0.0938688276406306,0.00938678062204417,0.0784836816416947,0.00915650299593452,0.0850462213469915,0.0706893747761791,0.000519023011733186,0.00163715514346411,0.000831423076933622,0.0913832037619616,0.00859566715728268,0.0467316309084006,0.0647491083811628,0.00167412868317804,0.00067314302549479,6.47630802937031e-05,0.000654768287656581,0.011549661033795,0.0480615450197245,0,0.000139181866881323,0,0.00547557765981939,0.000607412470847083,0,0,0.00104256566100551,0,0.000434978047075796,0.00175053132060878,0.00016184087381072,0.00974892214032634,0.0672588740871466,0.00159900351522324,0.00628329820894829,0,0.00661209599690366,0.0147241813574136,0.0853626973045723,0.00538922959195962,0.000212866456476974,0.0237317060730931,0.304413130250596,0.0063470615180661,0.000943270346159184,0.00639936089826143,0.000104519198753929,0,0.000129070295494509,0.0222022731617733,0.0110381280785035
2.45340062954306e-05,3.08960118049622e-05,0,0,0.00222007872319429,0.0721171507650483,0.0178767927319815,0.0988800736474474,0.480707026921916,0.173509997700161,0.00543844313576553,0.737266314403906,0.00689261766650258,0.0560434921671653,0.0548583972247703,3.88188310224294e-05,0.000198375659787762,0.00248090779197253,0.000500716606400371,0.754932932427654,0.000116019859691513,0.000106972065529239,0.000224942883282494,0.231248124374636,0.000200407889994514,0.00140201240732982,0.000282019175680911,0.592936390787655,0.0173740507123144,0.00096651624562465,0.000153131444532931,0.00911168139750665,6.31975093653202e-05,0.0299057354597555,0.00206583926451437,0.0444675646603067,0.00138768219349204,0.00782548050452362,0.00251318369255026,0.0258834833978883,0.00985036816003384,0.00291655858948081,0.0017599921836997,0.0001119758229141,0.000306917217031467,0.000332839909298086,0.00115496596181299,0.00050999553037945,0.000768101183505071,0,0,0,0.0733070177850554,0.000129349564200067,0.0118641874008841,0.0267812137530549,0.0180394914131456,0.070697103118133,0.0925988722916248,0.0012625184772426,0.0635394870670271,0.000525317744917881,0.00411339300109767,0.000956986987295756,3.37170769874454e-05,0,7.80997167520526e-05,0,0.0468056589693125,0,0,0,0.0830132665517874,2.5429409282434e-05,0.00017369666595962,0.000248259411265683,0.151877748439154,0.00368707867425274,0,2.92719741145134e-05,0,0,0.00389771291533971,0.000542246703866279
0.000926856411215189,0.000181278194863415,0.000371069010180866,0.00222007872319429,0,0.161250266140596,0.0106190579946782,0.00667973927201614,0.00648672253637302,0.00743238709434769,0.0002506541270329,0.0167000456972943,0.000914570603977418,0.00587751248025141,0.299346034916949,0.0120190861894071,0.000735200211344716,0.000154852406146431,0.000244594586644936,0.00085937017874569,0.0252503355458862,0.00231513907466411,0.0500984597022267,0.0104970694543727,0,0.000802615955399253,0.0122261959261023,0.0144997471412344,0.00349313746534628,0.0248992774018927,0,0.0566193472240982,0.000311613007647729,0.071057729719952,0.2550200099609,0.0181021788815642,0.00683323074508359,0.00279124309803379,0.0164971927695502,1.88036222169525,0.528678790305487,0.000150846483591914,0.00374191104954439,0.0031682299127085,0.00108197154557762,0.0124364837014379,0.000353582724560094,0.000270032956230497,8.22456124152657e-05,0.000193914459735489,0.00010393767612648,0.000180165678608465,7.44609470617536e-05,0,9.12050372869494e-05,0.00123892143844882,0.00121726406585287,0.000837767996180175,0.000345552118228269,0.000171360458776188,0.000326224190243911,0,0.000731758781613992,0.000166897362108993,0.00310453586244714,4.69436575032234e-05,0.00027609341251409,6.05269877308131e-05,9.76775253205775e-05,0.00166113146760257,0.000972919391158391,0.00297077200961613,0.00435464676642831,0.000116218364385939,0.0009598227820874,0.00390381701885952,0.00571010265362717,0.000795411102164913,0.00171570777478684,7.17026834624292e-05,0,0,0.000817978682636116,0.0728383752936249
0.000510402236133671,0.00165581414979429,0.000994372663314024,0.0721171507650483,0.161250266140596,0,0.10439404412763,1.24096839270035,0.0686217910002414,1.88777680743797,0.00503930402400824,1.28681031319328,0.00673241442034964,0.0969273539838364,0.301469691059122,0.00077705074054234,0.0011034843697689,0.00462942556132525,0.00195696681592723,0.0842680789885072,0.00253079412175938,0.00395550249596207,0.00253371981024323,0.0244282853914255,0.000568447470828402,0.0033261329434487,0.00627376338623979,0.0745262128244626,0.030096644343161,0.0221978532293014,0.000424028420733082,0.248183576908033,0.000278770205315244,0.0299071389213397,0.651050230855671,0.148753682187693,0.0134277388086804,0.0111955015961051,0.00380289450250976,0.267209240190952,0.0230549571330498,0.00623698367555219,0.0302450023466935,0.000726627645730878,0.00453312017103088,0.00536505934887814,0.0149659366634267,0.00372466486659007,0.00330570450204252,0.000351802834054541,7.20892917899606e-05,6.0717899692297e-05,0.00446658588451141,9.27158803148744e-05,0.00545359650975426,0.0237374546690061,0.0366443507005305,0.0134128265013487,0.0117050259671893,0.00581926627338088,0.00981211636459569,0.00190398600729289,0.0304103275300426,0.00373784514628161,0.000262599350744033,0.000218780883867073,0.000154908413791466,0.000113443083529472,0.00642520939879994,0.000481920690402353,0.000681860528455281,0.000444207776167738,0.0382601995835428,0.000136111391609001,0.000269446515368986,0.00110263473647032,0.0592117398603773,0.0192362822862627,0.00418951687586564,0.000192703118760395,0.000777646009968566,9.5492407458544e-05,0.0179654139356914,0.0457166629517534
0.174467004061368,0.00505053884101181,0.16861377145565,0.0178767927319815,0.0106190579946782,0.10439404412763,0,1.51420330451909,0.153266153121648,0.767510996931555,0.0343984856050512,0.0158213158290604,0.0893876524441903,2.4842427847257,0.0402670873952792,0.0250600667250582,0.0354377224413023,0.0192477292062924,0.0145182220128125,0.00524266446248513,0.674975348722813,0.0271097335896889,0.287181193143158,0.662552618308792,0.00205159470782876,0.07503305847581,0.160157695219292,4.83349933746145,0.724268448293688,1.34114044414581,0.00246926863632399,0.0300363495015148,0.0354942344771696,0.362737700153691,0.124457587698728,0.577471809610406,0.02245424946779,0.239218722899813,0.100287102084745,0.0279458963031281,0.120401795392554,0.028875554675365,0.132254268672359,0.00253734436264043,0.0215149806194475,0.0252573818634422,0.0528088379757849,0.0204259238077477,0.0120550220904704,0.00189875480876677,0.000360679882687855,0.00170412603199307,0.0351421189463102,0.000903855085157845,0.0365950803398293,0.137139405867374,0.224785657111171,0.0550827458653497,0.0813608626348135,0.0186268706097286,0.0244041220426543,0.00600141204933325,0.179820803962341,0.0169904243276596,0.0446430583030348,0.000600272616927195,0.000210932168552112,0,0.0221102292519158,0.00374974053941549,0.00655179494264116,0.0480899072439116,0.218509935542167,0.000898541579399192,0.000132573824203527,0.0392417818124938,0.329804914902351,0.0940645032923814,0.0115916458650763,2.35814037444234e-05,0.00188480209030413,0.00113338551190334,0.104013230828574,0.0312382991191222
0.0602024763490386,0.00527309463889958,0.155174104350599,0.0988800736474474,0.00667973927201614,1.24096839270035,1.51420330451909,0,0.136201570786725,1.38795053023466,0.0244527625243664,0.415556599765731,0.0228209267939786,1.39404460732792,0.0820436445333603,0.00273319487099511,0.0824893966998474,0.0129588162309293,0.0251654614740295,0.0989364008888251,0.134570716425956,0.0133464827043914,0.11618449402399,0.127649765273061,0.00131375140571451,0.13212492999017,0.150361806512571,0.158842349657505,0.254380821411285,0.34396440501074,0.00197701408792033,0.0676253825330548,0.0119950967708886,0.136010914972809,0.0220914764541093,0.195400729750003,0.00818167671634998,0.0662133472184719,0.0314109621738626,0.0452519172302836,0.0268042088623139,0.00876683774754929,0.0894163627254452,0.000698422154706073,0.0146563846091418,0.0113763366292225,0.0365417787105213,0.0129611317008138,0.00510896073464731,0.00115570089904937,0.000899059901046075,0.000592781816058898,0.0249177641717497,0.000462372042026853,0.028409788025112,0.115028637937091,0.175903373089674,0.0514172178388502,0.0611177313863455,0.00914491167805837,0.02154361982051,0.00406534617867569,0.108048115447818,0.0116909806470781,0.00431658989365439,0.000275308903995109,0.000283468559602833,6.47155582752943e-05,0.0146326491530072,0.00100955277183612,0.00299969895037318,0.0081987257287227,0.194405487882916,0.00091582531616539,0.00101658039090192,0.0115322070533605,0.265302338124626,0.034451236459059,0.00817626279664588,0.000429564597866035,0,0.00127920810931742,0.0674887517784382,0.00661543876711002
0.00335001383042618,0.155670250834373,0.00076969577243264,0.480707026921916,0.00648672253637302,0.0686217910002414,0.153266153121648,0.136201570786725,0,0.240374737486843,0.0230998788317603,0.553768645730809,0.0413699363530456,0.100223732332634,0.205256313793449,0.00362168476979907,0.00508674048563697,0.00577952158270515,0.004015157231118,0.137074146888148,0.00701767938794567,0.814333942466868,0.00361176061826026,1.91446749791884,0.0540652050721464,0.024353375860432,0.341311433055214,0.650845561644162,0.0537137965938927,0.033801541923706,0.00450810628770304,0.0177036219239424,0.00277929800606107,0.055019185360199,0.0177820736478234,0.104548438533685,0.0105911614615968,0.0262783859068578,0.0114598703756518,0.0569394406390215,0.0151475698180324,0.0075492794199049,0.0877485670255956,0.00570556662406558,0.01335424084432,0.0137017131879204,0.0274183350237722,0.00914938449200183,0.00613487038823944,0.00362177155404653,0.00200342130361225,0.00382300887954082,0.101757978484593,0.000643433307637883,0.0118047935475153,0.103283161792843,0.0605136953145484,0.251708019324218,0.0871855043958299,0.0198223705781428,0.0387702104311266,0.0118060077240029,0.06491753611286,0.0105531142810061,0.013401643867394,0.001313018728942,0.0076325144379832,0.00115698367988352,0.0421022648342873,0.0252319103292341,0.113789916285172,0.00839068612304277,0.394023821935008,0.00198240929449661,0.0144541176434005,0.0150284317122109,0.442708531387548,0.0719828318752837,0.0544042093709711,0.0106535072674884,0.00169182099094709,0.00221189465834073,0.0428891728492588,0.0261378503127796
0.00219051763763284,0.00106223241391325,0.00208366581372564,0.173509997700161,0.00743238709434769,1.88777680743797,0.767510996931555,1.38795053023466,0.240374737486843,0,0.0573909092948884,0.467686315559067,0.0918176710759413,0.430234284906795,0.0389079550883882,0.00106002140631655,0.00452250960381317,0.0318890259462193,0.0154659414662741,0.180028799420296,0.00405429028752916,0.00130976266979509,0.00491651069165035,0.0882447226306861,0.00251022125950477,0.0245602834685809,0.0147320354844589,0.745671925211415,0.261609080521526,0.0208937863659556,0.00385374574716146,0.0490086872623779,0.00212277465954412,0.290672859717764,0.0551449217307806,0.456800426449629,0.0235074591993917,0.12567088158914,0.0382099894700136,0.0382126339806305,0.112552817175817,0.0315426914021936,0.0108566747321931,8.27146325296281e-05,0.00304262797594907,0.00248955684532681,0.00396165993471912,0.00223345025778541,0.00305132737637883,0.000114415444751251,3.19804594137311e-05,0,0.138186691774246,0,0.0374190386122747,0.0833946072206195,0.0693431656395112,0.0814331183435841,0.204097620107151,0.00574590968733902,0.0722945196768924,0.00817288745568539,0.0180512924376634,0.00177448763932832,0.000428231574510705,8.63254213993548e-05,7.12305685409192e-05,0,0.0785842648333512,0,0.000361355822026348,0.000186244143323922,0.199763397533042,0.00114266937084518,6.53574170956135e-05,0.000400100153931034,0.376217087763918,0.0092964715314266,0.000504838496397328,0.000287261003196717,0.000110990846171022,0.000217606023976779,0.0157298026493537,0.00864031209659071
0.00533405264334941,0.041891121265314,0.00214218257783783,0.00543844313576553,0.0002506541270329,0.00503930402400824,0.0343984856050512,0.0244527625243664,0.0230998788317603,0.0573909092948884,0,0.022190533878658,1.28515919965825,0.109470313391832,0.00182637981609099,0.00223578468754582,0.0264865597908997,1.5063984542834,0.282058087958381,0.00958656336099482,0.0043882126579044,0.02112813498294,0.0168563073824261,0.0180679811768445,0.0598159900593717,0.442897261116868,0.0950153593579803,0.00696663457983553,0.25267113709729,0.0122874282392019,0.0958768241816652,0.0207244682247846,0.00120411118984219,1.04667836665412,0.00510700667341408,0.0754464447947037,0.159853486077707,0.323417974719826,0.136743526867288,0.00274206666682062,0.00486354445161156,0.189611292802501,0.0480522232075734,0.0194248242297952,0.0272068027700231,0.0289964674962543,0.00670751483995986,0.0014208234983383,0.0111965559467143,0,0.00290739989248617,0.000501121482454419,9.75699326772095e-05,0.000234585779584122,0.0020803540585055,0.00626087966957983,0.0089078889155875,0.00618283975056603,0.00242814365956918,0.187107712580919,0.00507678907470224,0.581611464751837,0.0167089181559941,0.0011176215784682,0.000704680022046163,0.00264920124040575,0.029694781497906,0.00189282064361676,0.00183923610920477,0.00102076468935789,0.00173119267371805,0.00377574996156135,0.00339378622022509,0.0421911428798065,0.106948367313254,0.138138188241932,0.0025056855833367,0.040140939952756,0.0015180828963934,0.210167297195082,0.00936420677458855,0,0.113591137700313,0.00471991234824139
0.000228335103488481,0.000216490801856661,0.000296781642069483,0.737266314403906,0.0167000456972943,1.28681031319328,0.0158213158290604,0.415556599765731,0.553768645730809,0.467686315559067,0.022190533878658,0,0.026575410288453,0.192586671070799,0.37361561801227,0.000113569920436478,0.00104937514635344,0.00926393243213851,0.00569803914136823,0.445881067220451,0.000722415489828409,0.000408656758286118,0.000796928235179257,0.0900579777356023,0.00100264298127923,0.0282031332292498,0.00386254945304754,0.18995175116719,0.067357092716495,0.00550317427472194,0.00152363571229695,0.0412002069517352,5.03449362933755e-05,0.104692903351378,0.166142653467129,0.119981169208328,0.00809750595823747,0.0400126749846318,0.0118937435995778,0.161698927340067,0.0324301103367107,0.0180622242312254,0.00482497996355063,0.000437336394676852,0.00423308882462458,0.000947265666908132,0.00168560054568046,0.00164093416855971,0.00690669217399085,0,4.98277668348312e-05,0,0.0588963351347425,0,0.00822189384815662,0.0175344595582163,0.010804486129365,0.0490749388152624,0.0700650767322338,0.00856123314521751,0.0645223389489749,0.00432251070722087,0.0054301564655085,0.000278772231577492,0,0,0,5.14866922026157e-05,0.038952907051385,0,0.000175587697681332,9.10641231895921e-05,0.0392667731267315,0.000397207586156917,0.00128144047317452,0.00247676743141372,0.0890862941615796,0.00362475126364382,0.000166631890388274,0.000157563174911463,0.000286952783406723,0,0.00697235031015129,0.00978669746092887
0.0030201675322645,0.131168580409773,0.00250155031038991,0.00689261766650258,0.000914570603977418,0.00673241442034964,0.0893876524441903,0.0228209267939786,0.0413699363530456,0.0918176710759413,1.28515919965825,0.026575410288453,0,0.0614240474538172,0.00646521217966311,0.0156934995975173,0.00542620678061846,0.0442653721581347,0.00740731655722929,0.0108526761284393,0.0249732855786687,0.0464852397736597,0.0452464847354634,0.0478871331751993,0.599252650880006,0.0362197428628935,0.373238475629168,0.0305438171892336,0.138564089322107,0.0437693679037509,0.0401585123743876,0.0217773550927216,0.000553025505218768,0.517857057930435,0.0356036735744901,0.292438949533073,0.17463816728683,0.307556692503162,0.166628064662957,0.039637285711498,0.0270410762863768,0.769742169670569,0.0530515313157535,0.0224151137891571,0.026920430490885,0.0319081073790876,0.0122231065055916,0.00137236966904572,0.0104546597897134,0.000111916661911511,0.00528356803297262,0.000930924842600833,0.000467932498758316,0,0.00389776974896368,0.0119965357537493,0.0130099481432231,0.0139104904025248,0.00544876173511294,0.180479939746399,0.00967150759505707,0.708057560321842,0.0208503499300191,0.00107410045146124,0.00346450019226501,0.00253684707522672,0.0285344854438409,0.00206001111951113,0.00210870921064002,0.00276806216233431,0.00330349700537907,0.00686030610663682,0.0190294662551302,0.118343243549892,0.10834634726424,0.273402712780891,0.0197819260637454,0.0365581526680848,0.00282808407544749,0.248905436938528,0.00754847426191256,0.000137837373919773,0.112159848808396,0.0201914540813406
0.668179028970972,0.00683647850889269,0.238536526260664,0.0560434921671653,0.00587751248025141,0.0969273539838364,2.4842427847257,1.39404460732792,0.100223732332634,0.430234284906795,0.109470313391832,0.192586671070799,0.0614240474538172,0,0.0333598673203769,0.00151031488444809,0.243777637182238,0.044007793567395,0.0892135302631586,0.0537695640871205,0.126952119134973,0.0163468526695957,0.202593863067818,0.132457314916814,0.00308756796747909,0.274604410705989,0.296667379510296,0.117076696570549,1.45276836331692,1.04165725274807,0.00868213159616451,0.0430633637998328,0.0295828384360349,0.36849091942212,0.0346471226977987,0.273629250957798,0.0190204655271296,0.112124138713245,0.0513724913200076,0.028451135355396,0.0266100167335536,0.0123787931274602,0.0917568483710232,0.00214376790952806,0.0131380664676745,0.0128239266712734,0.0334713246919968,0.0108402246653757,0.00395166057518445,0.00132262521525575,0.00136467175866447,0.000524750560866523,0.00580423705552701,0.000253988150226903,0.0145821031044353,0.0820449583500914,0.114822414486248,0.0392812733228518,0.0204028294827356,0.011831076719991,0.0105624174971302,0.0194460481976519,0.0856455619941126,0.0111675026939129,0.00301252074475161,0.000554324209672129,0.00083972172702184,0.000586535240582728,0.0064355766409878,0.0028643923508165,0.00326956301168575,0.00919627399874431,0.126615889389308,0.00184039061028263,0.00451523824568253,0.0201734311937998,0.186422562535942,0.0313427971038096,0.0140575115560147,0.00467401384893375,0.000544324099437618,0.0014455867252891,0.0585672311009822,0.0105906478511664
0.000757012579410554,0.00482697592805443,0.000762874721288541,0.0548583972247703,0.299346034916949,0.301469691059122,0.0402670873952792,0.0820436445333603,0.205256313793449,0.0389079550883882,0.00182637981609099,0.37361561801227,0.00646521217966311,0.0333598673203769,0,0.00260848363646157,0.00118003283953106,0.000487869054025698,0.000164830674988604,0.0181103418891826,0.0106337726567518,0.00997410328193752,0.0120699934730701,0.155935272513674,0.00127305953885572,0.00189570980710302,0.011566244911291,0.0610844228970896,0.0128345092513973,0.0236635368585077,0.000209111556239534,0.0604088395283331,0.000486702719492662,0.0123389253052817,0.306747711978582,0.0476230801328963,0.0102367617748643,0.0128991210374432,0.00844191641465534,0.523636499742395,0.00933081284565338,0.00545698127733006,0.0100711383503872,0.00280134333364387,0.00358044352030327,0.0112117972634121,0.00356918321087136,0.00127408672207682,0.00249732558287895,0.000292987433599091,0,0.000168266224585748,0.00128373145226079,0,0.00119278812483101,0.00549936336893055,0.00606821390702369,0.00446528228064376,0.00344157344269559,0.00258008025343051,0.00386429368008288,0.000720925695671263,0.00704537620768502,0.00149742287349587,0.00145903828573802,0,0.00014577895017786,0.000256912722070884,0.00139613277979145,0.00115884056208122,0.000106389005953646,0.00284873318705875,0.00897658283172286,0.000190704701412821,0.000958230631366002,0.00388685675426395,0.017445138662523,0.00451008221751273,0.00193553821440318,7.36995492242576e-05,0.000118772512907338,0.000169638257148743,0.00643705491744375,0.0592625947477007
0.000262955103007865,0.0421511297187928,0.00627035778308397,3.88188310224294e-05,0.0120190861894071,0.00077705074054234,0.0250600667250582,0.00273319487099511,0.00362168476979907,0.00106002140631655,0.00223578468754582,0.000113569920436478,0.0156934995975173,0.00151031488444809,0.00260848363646157,0,0.00875947017019154,0.00188068887622261,0.00566520271684778,3.98046191068411e-05,1.24490358313848,1.08719639892311,0.45978120607857,0.263094157924921,0.00479714575319363,0.0157173074616836,0.646735010729934,0.128989291117233,0.000803363002114138,0.0227494866108038,0.000640590480524325,0.000201744949145651,0.000133997299571013,0.0694066874491171,0.129286871405653,0.575053572041666,0.173392916616461,0.235374138432138,0.287174935806954,0.00469400190137387,0.00290399138899419,0.00297368765670544,0.0659372496091483,0.0116137382964604,0.019212019935029,0.0246969607770432,0.00314683067212172,0.000833830209568979,0.000402199656462622,4.91200429904938e-05,0.00167196480238452,0.003882107471579,0,0.00142118930454319,6.47620054755449e-05,0.00209073223079942,3.90810364669561e-05,0.00125302574391131,6.5288415442729e-05,0.00106122300910456,0,0.000735242194076548,0.000245246384396589,0.000282398237279391,0.975450474057025,0.00222837897714539,0.000254009201188767,0.000781477818254719,0.000103523055612087,0.10810765723506,0.119728418966323,0.344315041330429,0.11624389119173,0.000362921443140793,0.00327273990232008,0.0930102986973824,0.0924444949049189,0.000937602242416116,0.0244996416781425,0.000370219197048891,0,7.11476088895799e-05,0.00715041129406187,0.0766152042199674
0.0892235338634155,0.0230344171468479,0.373744427103951,0.000198375659787762,0.000735200211344716,0.0011034843697689,0.0354377224413023,0.0824893966998474,0.00508674048563697,0.00452250960381317,0.0264865597908997,0.00104937514635344,0.00542620678061846,0.243777637182238,0.00118003283953106,0.00875947017019154,0,0.0360065107277678,0.507101894878048,0.00029982432681005,0.125536971069635,0.0148626911492832,0.99124282217961,0.0065968182660358,0.00208128483221068,0.860743976350389,2.23976841857239,0.00456475202760351,0.215449208360315,0.481488108566171,0.00097024798499454,0.000129141965373016,0.0122239937554346,0.626701887952548,0.00998960296902824,0.133624481551483,0.0309887889603675,0.24883445730657,0.122837505696677,0.000297600622139705,0.00384177700918926,0.000949069799372648,0.162074060455177,0.0190658467126938,0.0628078223842791,0.106847981221082,0.0023061083103055,0.000622098480861497,6.37725538086176e-05,0.00108748108436716,0.035465510714684,0.0736134207706046,0,0.000555924222876549,0,0.00572974220987155,0.000862584556277132,0.000642930842695463,0,0.00239673459983601,0,0.000361203595154214,0.00125789072637971,4.66310485239029e-05,0.00557812595364307,0.165521297796442,0.00236240885165273,0.0398713448050916,0,0.00810191694504374,0.0062607973696661,0.0629435384435501,0.00422072946134881,0.000761546563890126,0.0795561008036237,0.313687384399891,0.00503837065317435,0.0014480104590555,0.0120557868654116,0.000560303582008445,0,0.000105364764890421,0.0336364911284679,0.0142148905083485
0.00280997194663339,0.00287045294511177,0.00262760371259748,0.00248090779197253,0.000154852406146431,0.00462942556132525,0.0192477292062924,0.0129588162309293,0.00577952158270515,0.0318890259462193,1.5063984542834,0.00926393243213851,0.0442653721581347,0.044007793567395,0.000487869054025698,0.00188068887622261,0.0360065107277678,0,0.240325430688969,0.00526070466212607,0.00295387101057744,0.00292528675488836,0.0108590332094415,0.00520695522677025,0.0090044638447647,0.739526471534175,0.0975664713277944,0.00267184453909779,0.0817539186020051,0.00917039888286428,0.109328729569845,0.00383063239326754,0.000318047506923616,0.41812209855717,0.00709679826651327,0.0991525793190409,0.145576146497281,0.284822620706454,0.201940206082541,0.00102059465061597,0.00283244943894138,0.0159825656616207,0.0190143005374613,0.0160969529791753,0.0129043902686399,0.020488522499114,0.00112922005622252,0.000597977700326156,0.000386902074916219,0,0.00313197380784187,0.0005778407479316,0,0,9.73042832141878e-05,0.000196466335246503,0.000931847011487497,0.00136812158619622,3.9524677071619e-05,0.0272476127999645,0.000647528636661601,0.0440377904833553,0.00263329648278995,0.000115191453006005,0.000233055259437776,0.00251308623121812,0.0219399481615008,0.00160107691263832,0,0.000387369240237379,0.00112891591405006,0.0021395340544271,0.000247506565969562,0.00749849401518417,0.11980915017459,0.120963780019437,0.00012142388646816,0.00311578603011239,0.000371681127486277,0.0409126488512345,0.00204384103236845,0,0.0084746684304019,0.00888692076281666
0.0257186739557861,0.00748058495590506,0.0176848350916215,0.000500716606400371,0.000244594586644936,0.00195696681592723,0.0145182220128125,0.0251654614740295,0.004015157231118,0.0154659414662741,0.282058087958381,0.00569803914136823,0.00740731655722929,0.0892135302631586,0.000164830674988604,0.00566520271684778,0.507101894878048,0.240325430688969,0,0.00182626588327514,0.0241331147512169,0.0066808017548585,0.141202617852403,0.00537394668774522,0.00516120340668383,1.0506911433784,0.537541545258325,0.00328664458017501,0.0989858555421558,0.0722997493551991,0.00839872411509,0.000503650437572765,0.00509535610461863,0.611497180261728,0.00973245469031171,0.120097137426562,0.076723472957415,0.273614681693109,0.154294057926311,0.000638030529239523,0.00308868951931626,0.00101937588001263,0.0399847797312949,0.00696877917872586,0.0134996513221585,0.023987539138233,0.000509025005131101,0.00025329418991003,0.00010066002442646,0.000178583445907545,0.0119683772724268,0.00534056665198488,0,0,0,0.000249898103286195,0,0.000603409513452387,0,0.00144258343869817,8.05066151857853e-05,0.00217589385624404,0.000196107546725929,3.1410071818757e-05,0.00234213715804642,0.0239333603088408,0.00246536737261931,0.0163711299909134,0,0.00119317522456373,0.00197634233284475,0.0103930234537227,0.000492344103339958,0.00198495415859656,0.0371003827080875,0.0974954265815116,0.000196655070387554,4.39416067440748e-05,0.00156734972943266,0.00205368349981831,0,0.000144689477689648,0.00765848399984941,0.0088522306638243
5.59179541779041e-05,0.000116357312862539,8.62509787409305e-05,0.754932932427654,0.00085937017874569,0.0842680789885072,0.00524266446248513,0.0989364008888251,0.137074146888148,0.180028799420296,0.00958656336099482,0.445881067220451,0.0108526761284393,0.0537695640871205,0.0181103418891826,3.98046191068411e-05,0.00029982432681005,0.00526070466212607,0.00182626588327514,0,0.000429781562666881,0.000233728074693918,0.000196865205701816,0.0253513922158526,0.000401775730615926,0.0048552040571753,0.0012735896458628,0.0540509267632431,0.0272550188742138,0.00288812178044146,0.000632562117927683,0.00804931444103481,1.68656157739878e-05,0.0312571018395138,0.00392973079891798,0.0480106481538515,0.00284801771155894,0.00847894666671025,0.00416110524350066,0.0116157646716266,0.0118195029170504,0.00442081301346313,0.000304715048454917,3.25331815149307e-05,0.000391860903229201,0.000387757366693282,0.000608891527278078,5.83611643184781e-05,0.000320435384839904,0,4.55281178067684e-05,0,0.0363577718492885,0,0.00368564800554972,0.00870311080659766,0.00454771362540071,0.0222567769961021,0.038948312132662,0.000793946066464945,0.0310764825709139,0.000801915953935183,0.00127755147159762,0.000267306803346419,0,0,0,0,0.0225296194496277,0,0,0,0.0226415351747328,0.000205907636228728,0,0,0.0499058112068125,0.0013984422984454,5.42940879565e-05,0,0,0,0.00119292434025833,0.000452518830577576
0.016629615935196,0.00381318195304144,0.242599783542796,0.000116019859691513,0.0252503355458862,0.00253079412175938,0.674975348722813,0.134570716425956,0.00701767938794567,0.00405429028752916,0.0043882126579044,0.000722415489828409,0.0249732855786687,0.126952119134973,0.0106337726567518,1.24490358313848,0.125536971069635,0.00295387101057744,0.0241331147512169,0.000429781562666881,0,0.153687068114113,3.62722479672992,0.0558941085717281,0.000443685433362651,0.0567516423002766,0.485828172122459,0.427988736471774,0.0255501168465125,2.75282903173181,0.000405247725749409,0.00125924319265183,0.00247327081165255,1.2848470738766,0.272852230807751,0.596149251575028,0.10091763072827,0.974852013851167,0.499473393595685,0.00856813510047551,0.00949666931119985,0.00349974071107299,0.0442561511216869,0.005130352671071,0.00992007185946445,0.0147955933046553,0.00242196186802561,0.00102652125021715,0.000781401290783644,0.000144230020111155,0.00183075846425367,0.0078905125172852,0,0.00190658799985993,0.00015348596096499,0.00410035497170738,0.000106773866133356,0.00298229886140474,6.22749599010229e-05,0.000945164884631967,4.6100297462368e-05,4.77978577334404e-05,0.000766469381612635,0.000599871663750315,0.12073536565961,0.00395034505840037,0.000226316697450686,0.00119694836952575,4.45086883322239e-05,0.0837679294908786,0.0656392034999752,0.0466066262861494,0.161755751171482,0.000130876295298743,0.00312351903309739,0.0302628502061612,0.172897466788413,0.00411582827138504,0.0377228674334276,0,0,0.00053825986665287,0.00931972215465515,0.0923884720221407
0.00136718754621484,0.307324802976025,0.0146893280031621,0.000106972065529239,0.00231513907466411,0.00395550249596207,0.0271097335896889,0.0133464827043914,0.814333942466868,0.00130976266979509,0.02112813498294,0.000408656758286118,0.0464852397736597,0.0163468526695957,0.00997410328193752,1.08719639892311,0.0148626911492832,0.00292528675488836,0.0066808017548585,0.000233728074693918,0.153687068114113,0,0.214721703368124,1.25549482573839,0.0848480185510027,0.0331386411185546,0.860471926435147,0.102489779786347,0.00709296473308124,0.0462004385775524,0.00289715392700786,0.00300722810175708,0.000510231509424484,0.0478803890195573,0.0259105584227768,0.158717684914085,0.0393594581677113,0.0699727182498674,0.0635959396575042,0.00235222415499162,0.00197514489968205,0.00511994120450721,0.0542191325408084,0.00744432731618136,0.0184665811731966,0.0200916116275924,0.00308600465074132,0.00051809696388216,0.000452840493958891,0,0.00365842728006831,0.00574736183567652,0.000223018854225111,0.000556240240325904,6.77542553150296e-05,0.00411830379925836,0.00102292812893229,0.00753793338640608,0.000243064208692431,0.00152150103979143,0,0.00528240588270249,0.00118890096550079,0.000299792943792701,0.383925142437863,0.00521122033524123,0.000380670028304958,0.00155262795975809,3.39637623923421e-05,0.0639176620492628,0.231245918400283,0.158592054797851,0.116011233604555,0.00276384387955012,0.00925327439517954,0.13918194178402,0.0756348206767397,0.0045209850537171,0.0256721967066309,0.00259709515391875,0.000128917587672615,0.000199313760657978,0.011341674713886,0.0287830420402362
0.0547198486286195,0.00893407348290713,3.02398822921228,0.000224942883282494,0.0500984597022267,0.00253371981024323,0.287181193143158,0.11618449402399,0.00361176061826026,0.00491651069165035,0.0168563073824261,0.000796928235179257,0.0452464847354634,0.202593863067818,0.0120699934730701,0.45978120607857,0.99124282217961,0.0108590332094415,0.141202617852403,0.000196865205701816,3.62722479672992,0.214721703368124,0,0.107406373876777,0.00118537696296963,0.622021551663541,3.59779876467553,0.223984833383684,0.113554916972438,1.44877925444188,0.000748947455523597,0.00192925097776147,0.00922553125161399,1.75254618612028,0.407858916150207,1.42261030808193,0.321771155535,1.98196157368357,1.42416791296835,0.0169373633572469,0.0113452256391483,0.00794163100689845,0.134876564520948,0.0168377412307657,0.0625264278996032,0.0885422322675867,0.00519786410949007,0.00228593927856198,0.000442016148755265,8.20021451915858e-05,0.00735209589446812,0.0226349269166731,0,0.00217712104555925,5.66293541512727e-05,0.00478415308573001,0.000156757186758006,0.00106254826407573,5.53167920715809e-05,0.00212369893206321,0.000196065827470922,0.000120287481647766,0.000473688340284026,0.00024365287028718,0.582293668124283,0.0251009205946158,0.00152681548026549,0.00631859166568719,0,0.0723842148978746,0.0873127200235874,0.492839529210434,0.0773897231238752,0.000285386608154512,0.0117842767953689,0.417283707810512,0.0672723610183136,0.000729957712590335,0.0139625311718523,0.000164426102142012,9.02897961679099e-05,5.18334695257187e-05,0.0206576879763759,0.237052313523385
0.00381381400885102,0.240128415805429,0.00472813004821183,0.231248124374636,0.0104970694543727,0.0244282853914255,0.662552618308792,0.127649765273061,1.91446749791884,0.0882447226306861,0.0180679811768445,0.0900579777356023,0.0478871331751993,0.132457314916814,0.155935272513674,0.263094157924921,0.0065968182660358,0.00520695522677025,0.00537394668774522,0.0253513922158526,0.0558941085717281,1.25549482573839,0.107406373876777,0,0.0538273378288126,0.0244264445551756,0.525455672538887,1.31962006046776,0.114401954104224,0.0484134160963677,0.00248604270226571,0.0125205356545045,0.017676303594935,0.119802755791753,0.0950333527131148,0.358524593076883,0.0454224814934616,0.109890479574797,0.0654490431563199,0.0285269764756182,0.0341510880306615,0.00996660970619818,0.2898847794003,0.0115409559372473,0.041026393703554,0.0417802477248804,0.0832188289894633,0.0302053663485723,0.018646800981655,0.00560022838669102,0.00268236584831339,0.0109653334362518,0.0480823664556346,0.00143654108494531,0.0424173303000529,0.236923172599372,0.235113612163055,0.234843195515561,0.0907556392076225,0.0368021654853541,0.0280318854737309,0.00501757216484106,0.209901038931217,0.0257804114752418,0.0827324475172253,0.00360271382781923,0.00208127561052182,0.000971403606894456,0.0261088192944945,0.07616638826341,0.0619489901248375,0.0422598472262783,0.652491068302457,0.00202120500019995,0.00518472875468824,0.0261785927462779,0.850320677364415,0.186064113779189,0.148699074177555,0.00127469263722142,0.00474548641257388,0.00488315546662434,0.156266792374804,0.0534957469021271
4.40422297981024e-05,0.21128636112515,0.00059639460191567,0.000200407889994514,0,0.000568447470828402,0.00205159470782876,0.00131375140571451,0.0540652050721464,0.00251022125950477,0.0598159900593717,0.00100264298127923,0.599252650880006,0.00308756796747909,0.00127305953885572,0.00479714575319363,0.00208128483221068,0.0090044638447647,0.00516120340668383,0.000401775730615926,0.000443685433362651,0.0848480185510027,0.00118537696296963,0.0538273378288126,0,0.0446078555408741,0.616641122249806,0.00376467865702057,0.00415148499784162,0.000887889752965376,0.0326063915513987,0.0010643562629581,5.08422195249081e-05,0.0596284473600615,0.000445955583142162,0.00976676341078241,0.0639479543624742,0.0457238432702767,0.00629670255685952,0.00078188784465337,0.000381265435742855,0.169854340742984,0.00899056799756556,0.00356887685633,0.0036569422013099,0.00510770038070956,0.000798691202526535,0.000133803740294767,0.00162407921732386,4.62686967929363e-05,0.00539210345497027,0.000458899634949445,0.000210024262962449,0,0.000432003784757316,0.00199814605636143,0.000900292750930847,0.00113818903317464,0.000977445617709231,0.0239745102949831,0.00157025348033423,0.11670785511891,0.00187121496893778,0.000252793721954656,0.000154873743587065,0.00190156621104126,0.00259127706912982,0.000992485669479202,0.00024197330381037,0.000312378767490434,0.000829692920815371,0.000593834769822764,0.00173593722845775,0.269949004434173,0.0300474496442213,0.144923554128799,0.000962234550660218,0.004577635063615,0.000105750522145987,0.0353645446974741,0.00131569412489777,0,0.0150035531409613,0.000423817045404876
