0,0,0.0117668405651772,0.00018949088345021,3.57087252750993e-05,0.00271881904804006,0.290462369648908,0.0667448547438709,0.00233592437429935,0.00797301208832549,0.00176536387713298,0.00505639748857409,0.0002215740188393,0.749629229948215,0.00107282545684353,0.000125774805890322,0.049684304132182,0.00144733918935835,0.00953585156470385,0.00375494013024375,0.0518902154758398,0.00032607542047888,0.0913742867125883,0.00894667768819082,4.48459750315547e-05,0.00221405485776678,0.00731007945790306,0.012614437679497,0.698335502062116,0.706167263669354,0.000140026671764553,0.00058648437241897,0.0048056912395969,0.0256821597306709,0.00165777296710968,0.0105989801578755,0.00197295959352404,0.0158132378566173,0.00630841894608333,0.00155036611742913,0.000618197693050504,0.000271860951352715,0.000958928236311522,8.79462567293647e-05,0.00037048235279113,0.000205093875755668,0,0,0,0,0,0.000101183791713417,5.35091883820295e-05,0,3.23085053864122e-05,0.00042008345951736,2.9423407239765e-05,0.000416346416047812,0.000127126357592046,0,0.000263430337598026,0,0.000100358014546037,7.21297365742922e-05,0.000457047225794345,0,0,0,8.28401600414518e-05,0.000427499831174612,0.00125969592396229,0.000101572330056131,0.00414266953136176,0,0.000243649546338469,0.000812499290114791,0.00146896946565628,0.000221400704754889,0.000290134140004367,0,0,4.52736429333687e-05,0.000118429914726466,0.000317808951789737
0,0,0.0120244204822402,8.97477492910622e-05,0,0.000236997836739421,0.000384212079960108,0.000209762224228978,0.125026711594943,0.000111931344566345,0.0315220103053683,0.000132949500062317,0.114429509046719,0.000444784307978601,0.00188212621043488,0.0136636166385926,0.0110122436502225,0.000771311311983168,0.00743972226954639,3.3336676260978e-05,0.00348521403211668,0.409709955358983,0.00408155029098719,0.188731509544189,0.236766720856323,0.0316644492352389,2.31345867348868,0.00381539957045093,0.000849184135024848,0.00159270498968705,0.00192527957850873,0,0.000629212469995022,0.00742488113064453,0.00156639246885181,0.0160945082565482,0.0147166222096673,0.0140196222111592,0.00833499927036571,0.00337267265571445,0.000288166640066206,0.0542423486636352,0.00421870801320076,0.0080205364122789,0.00212126562528178,0.00199678395715267,0.000308162667267322,4.60545003202558e-05,0.00148830959957063,0.00014049459549129,0.198071615073574,0.00481354304151088,0,0,3.85367997886241e-05,0.000320147462850809,0,0.00222423327017784,6.87121156449616e-05,0.00161793850113004,3.57267992712557e-05,0.0139055473864514,6.39926856422424e-05,8.56846495288608e-05,0.00190620891654432,0.00280245692440599,0.00102436907314808,0.00153092570379674,4.20008546483517e-05,0.000724500982145816,0.00695186182448566,0.00192083330068141,0.00579043281563535,0.0106042454108789,0.0382282836491369,0.48847065596587,0.00113295245001733,0.000297446519005001,0.000379668249286563,0.00506383401384696,0,0.000123475115950405,0.0015423411229366,0.000246934903469682
0.0117668405651772,0.0120244204822402,0,0.00171593855666802,0.00112690724391103,0.00538151305484623,0.150767576714287,0.0699102743413929,0.00162551617648512,0.00908395453287679,0.00841593080706642,0.00219666833707317,0.000166389680619836,0.0916310067140114,0.00820558171422373,0.00949922368267399,3.40743079831523,0.0182126227793236,0.334152745263241,0.00200418081543669,0.093880315783367,0.00546803296367258,2.33673327015103,0.0567151746421592,0.00063397782220155,1.29213044532036,3.21473546685969,0.0996688082673061,0.0348373200976288,0.0636005749479005,8.34373239398006e-05,0.00179463353039458,0.00137528047062054,0.220106064720977,0.0822381261322936,0.923592565002252,0.312870599028304,0.552806809395586,0.484719472121417,0.00899457096935075,0.00805338216048318,0.00199660130581052,0.0275574292371069,0.0121319028127608,0.0169727356303543,0.0132040782880448,0.000194670907105207,0.000158172468535602,0.000205126486058235,4.91161815261841e-05,0.0224540054490455,0.190425509650658,4.68982182946802e-05,0.000830428420913813,0,0.0011489278297332,0.000228948321430385,0.0019444094839248,0,3.06107858361304e-05,0.000104886392945945,0.000120008852955401,0.000434175045146942,0.00108596849999428,0.00560811718481675,0.052369644991698,0.0017623670146282,0.0183086793907464,4.14052983659506e-05,0.00462285913411528,0.0113765762691575,0.0285661402921531,0.00649189502325788,0.00181321083184853,0.177673141254391,1.17877820312704,0.0023861264536652,0.000469301906915009,0.00231719465776831,0.000217726054542661,3.06140688309073e-05,0.000310173439646959,0.0136748059844032,0.0387373203288129
0.00018949088345021,8.97477492910622e-05,0.00171593855666802,0,0.00311387370544285,0.0124308803149045,0.0384433330675229,0.0142420193153438,0.120050989013354,1.02829379558237,0.00140712395907417,0.0426268453157884,0.000560868767116964,0.0217252206307192,0.0367905406021053,0.000109400671993196,0.000486461389242411,0.000861884001920521,0.00114659999015764,1.83436152954058,0.0025713562201935,0.000176245660884082,0.0016029699983874,0.512295368680821,0,0.001357941785848,0.000680411231525392,0.939999018207103,0.0320249927711481,0.00139460092292279,9.76042899334431e-05,0.00183618708693534,0.00273160284276948,0.0169347881807028,0.010479915547961,0.0919105282217331,0.0011430200233841,0.0225685867195098,0.00526345434752136,0.0584626135874551,0.0111069889844616,0.00300913289754287,0.0213100088036464,0.000121341550219506,0.0137580416226411,0.00191666807758346,0.0837333697533117,0.003223853502388,0.0023919087070781,9.65844305267929e-05,0,0.000141223224053085,0.360205966882905,0.00505366178187803,0.0559117292534566,0.0274519723227583,0.0306318044192335,0.0986981578048942,0.169530874407726,0.000458630926118195,0.365875389994835,8.3183731870651e-05,0.0207177303286569,0.0521310953125356,0.000336480228677094,0,0.000557802765443176,0.000240426404879093,0.174336263780043,7.36923626419902e-05,0.000591064860474765,0,0.270491918897832,7.16836418420077e-05,0.000762129224229008,0.000531008244895041,0.165623801727212,0.00851469025084108,0.00074099461004287,0.000484784519629776,0.00103606917116314,0.000649736059268564,0.0145317163099895,0.00175443587406322
3.57087252750993e-05,0,0.00112690724391103,0.00311387370544285,0,0.0946443350428773,0.00312782427184269,0.00257157659676746,0.0297240094504591,0.00427115115593076,0.000196037565256208,0.051798106563992,7.19895982620121e-05,0.00151765609593987,0.203829478365877,0.00417263138946801,0.000121709841480553,0,0.000226647832355797,0.00608612886986509,0.0117850194699575,0.000180043471301794,0.0406464753978601,0.0180400354191041,8.47904411977529e-05,0.000374280389863998,0.00695973176348537,0.0077947078097941,0.00154495034670934,0.00528197984542072,0,0.0902902785039638,0.000227364852434993,0.0233465084875171,0.158153153233279,0.0607398193616568,0.0109608939153287,0.00367536061958492,0.0230490098308164,1.69708775601327,0.342603682881952,0.00432741947827265,0.0026789411927864,0.00159653709045947,0.000467522439626455,0.00211318410486281,0.019672805020883,0.000124481731218696,0.00208389514852658,0,0,0.000381266105042696,0.00495367470601872,0.000824477428579333,0.00196268465405658,0.000598626910644025,0.000377968597325831,0.00474348489099741,0.00329635622689202,0,0.0080261463096343,0,0.000476642194876224,0.00726530391654521,0.000736964849618375,9.26210637062785e-05,0,0.000115974143503904,0.00382238609177426,0.000648457843361199,0.000214339443309903,0.000928251505508422,0.00491355014714331,0,0.000291696525397003,0.00112012055298865,0.00266750479986638,0.000286838127744198,0.000456659601082206,0,0,5.59209067216516e-05,0.000381812619692087,0.0645689316414468
0.00271881904804006,0.000236997836739421,0.00538151305484623,0.0124308803149045,0.0946443350428773,0,0.37440970741381,1.05996526099571,0.0533993412881729,2.07765727381986,0.0102723553953995,1.29889006299944,0.00189664410403535,0.0949025155026366,0.561448879918546,0.00010379505538255,0.00445408225129902,0.00541505911607445,0.00648471791298866,0.167760659348519,0.0134646596567953,0.000113450345358252,0.0169154758926594,0.0451217036334895,7.29185152083636e-05,0.00495900876171335,0.00332459001468703,0.0952500919008254,0.048695773973161,0.0142421958469968,0.000179645434472412,0.0178400560169305,0.00200625765195251,0.0559637518574072,0.752688762257644,0.288777361536619,0.0142989665633422,0.0400053196942945,0.0352521114092888,0.914861838030182,0.299168082855218,0.0322749320517925,0.0183574957168485,0.000154391227310747,0.00781569819652856,0.00125254193485558,0.0401279811906731,0.00183953372040465,0.00481830411530927,0.000112562357192338,0,3.00670518015325e-05,0.0371776169115812,0.00133989593699053,0.0107409861226563,0.0127949095313792,0.00945727804075419,0.0190901459799581,0.025473975727319,0.000182483963162899,0.0284578106989584,0.00029449401081115,0.00763915262647748,0.0129548707390348,0.00072308034735471,0,0,0,0.0208692206667329,0.000557937358882427,0.00140253972536668,0.000183194108814597,0.0992988400852402,0.000161428736697435,3.44497563627363e-05,0.000459105383121372,0.0515553057243781,0.00503547490911752,0.000508142740059793,0,0.000665748687539399,0.000158986805459261,0.00686095444666654,0.059555116490154
0.290462369648908,0.000384212079960108,0.150767576714287,0.0384433330675229,0.00312782427184269,0.37440970741381,0,1.55056797888927,0.0721930523648277,2.51841963300885,0.0199305972624202,0.0291137789478264,0.00516284726232604,1.835606098642,0.0606373398688759,0.00979378553814951,0.0266824721280026,0.0101868727773969,0.0216518066800542,0.0288124529220718,0.82620633341383,0.00367970526243657,0.439361004944856,0.468384273488517,0.000192584270674735,0.0200673736642063,0.0344743318358468,5.94417978113458,0.431232627423302,0.542404106980321,0.000473729391057641,0.010859743269011,0.0666150686534562,0.169090519520974,0.0894731659402412,0.457484465656484,0.0250157652535241,0.214068954014798,0.0644305156933759,0.11631239369671,0.0634272376068016,0.00886060291606976,0.0379593182664644,0.000480441320828498,0.0199792907858245,0.00377788416057542,0.0197907979818562,0.00420962535228699,0.00304039838263705,0.000623303649539352,0.000114310952646732,0.00283535765401035,0.0424942935067311,0.000522824404861629,0.0172129285593934,0.0276723864163148,0.0242665290601261,0.0253140782424751,0.0385421589212582,0.000672881908491254,0.0222181476246483,0.000164998812426925,0.0200533203739514,0.00946269434189379,0.0111998502979593,0.000264572945959568,0,0,0.0215032945486606,0.0103371534382153,0.0136532377228251,0.00759760180849179,0.175842409626194,9.45539508318905e-05,0.000675954385025203,0.0125429497275102,0.0851239996381878,0.0149628111442875,0.00974333990263086,6.63342951026559e-05,0.00130317187372864,0.00238364855669349,0.0180568250562975,0.0123944531488663
0.0667448547438709,0.000209762224228978,0.0699102743413929,0.0142420193153438,0.00257157659676746,1.05996526099571,1.55056797888927,0,0.0494569095061389,1.38765519572104,0.0173173435072795,0.574073588408648,0.00223528591956318,1.09781120003279,0.0399004087080959,0.00219976663593829,0.0619569272702757,0.00905007125317363,0.0222816875677858,0.231209058875611,0.212693995936602,0.00122834510904372,0.276362487798059,0.100566397816657,0.000219487174446881,0.015057288852531,0.0211149995471272,0.127813615874865,0.148291485212126,0.385430409177834,0.000189577535819113,0.0100156958875362,0.00928014474453848,0.113439737759116,0.0201057277822763,0.304747893049635,0.020691902181572,0.0826348623349483,0.0457525979782038,0.19318187305267,0.057123894072504,0.0356798150198047,0.0259798025353772,9.38074095028642e-05,0.0112880763686563,0.00229134056918308,0.0158154139914577,0.00147021567411706,0.00403983394931183,0.000154274513925612,0,0.000357309697261155,0.0209990666969213,0.000409202021230459,0.0047496172518526,0.019550929158006,0.00714367526901662,0.0160354959604387,0.0150153322797574,0.000254466481372118,0.0161172382589869,0.000219499002574683,0.00443980188996479,0.00405426879599601,0.00287320771671787,8.36532024604083e-05,0,0,0.0127349046702844,0.0032531484265311,0.00366879548991859,0.00109513526399061,0.13456019215278,0,0.000161743425182551,0.00241813631868616,0.0629855536025347,0.00520691574007496,0.00256746189440265,4.09891595005989e-05,0.000130725533974171,0.00125532700797916,0.0085057611102404,0.00229710223436326
0.00233592437429935,0.125026711594943,0.00162551617648512,0.120050989013354,0.0297240094504591,0.0533993412881729,0.0721930523648277,0.0494569095061389,0,0.0576393477124643,0.0190329971280407,0.0893306075794608,0.0442280067696011,0.0537888006219131,0.34592976061201,0.0306466323934431,0.00322754568215668,0.0026322494479917,0.00413122321935788,0.0529002776549806,0.014407257246623,0.366824536890528,0.00789774556123274,1.75714604145499,0.0857686254391933,0.0070455791911389,0.400442671799059,0.286613194579123,0.0648077536245802,0.0414491287926968,0.00246068438897923,0.00464448137700677,0.0122759915141014,0.0384407392866772,0.0197451626837509,0.136044853611444,0.00743067246895686,0.0375759361673069,0.0106369925337142,0.284699378206605,0.0149490233279725,0.0170607766452952,0.0499021546250783,0.00371877602204829,0.0241758875160912,0.00722824601126924,0.100342534036308,0.00395730151920855,0.00318049202749506,0.000975981146319506,0.00136449054260016,0.00207368664472282,0.149586735918117,0.00933606313235029,0.0357599646219224,0.03541313914161,0.0289738744782405,0.330734106491033,0.0653992472955792,0.00384534923357516,0.0654363519829465,0.0048639863917847,0.029094415395995,0.0597509944691509,0.121033735414159,0.000675377381752431,0.00207682849409088,0.000639934558024406,0.0521256023645671,0.0309454509098469,0.221634638171867,0.0450307596567043,0.504116269703118,0.00244825055681974,0.00606082683145568,0.0339311072753052,0.162688227989178,0.0251093128718224,0.017570143753138,0.00286029838073552,0.0023034466977109,0.00357695793803483,0.0168906724044625,0.0120479830591643
0.00797301208832549,0.000111931344566345,0.00908395453287679,1.02829379558237,0.00427115115593076,2.07765727381986,2.51841963300885,1.38765519572104,0.0576393477124643,0,0.027629975785502,0.514200953821348,0.00514753461060137,0.390501978366666,0.0902864800089072,0.00087045957216203,0.00533160367841542,0.0135321290339064,0.0195591014643297,1.66274934810346,0.0214747424973044,0.000601778452440798,0.0168146663132809,0.134324664987878,6.96033353993297e-05,0.0124556302213553,0.00741764252672866,0.841655348151653,0.264272965036358,0.0158773756973617,0.0011727406432955,0.0174891798771863,0.00829138951227483,0.145436399285426,0.162419691001106,0.425169171125665,0.0140511318459155,0.133268318505792,0.0272041044365693,0.161719062914832,0.0727043671951939,0.0139104960185592,0.0201560177010298,0.000462920040793419,0.00896739879691732,0.00244379345796123,0.0408324677538371,0.00309178051286146,0.0034510696853976,2.87820712892711e-05,3.5327696928978e-05,4.12634215852618e-05,0.134278322806086,0.00215972304903299,0.0337517719494818,0.0223326420324451,0.0180281471809535,0.0376937121468603,0.0830177720847617,0,0.104625212927187,0.000375404606444835,0.00841404878182501,0.0210986188799536,0.000818952788612096,0,0,0,0.0705440775222923,0.000612259208809286,0.000580597675375789,0.00042200948623538,0.174926237461846,0,0,0.000956536863192912,0.105249011297167,0.00669158209869728,0.000864728049780874,0,0.000221117941933572,0.000326557181853354,0.0126961359017958,0.0135123617438167
0.00176536387713298,0.0315220103053683,0.00841593080706642,0.00140712395907417,0.000196037565256208,0.0102723553953995,0.0199305972624202,0.0173173435072795,0.0190329971280407,0.027629975785502,0,0.032224897540686,0.868649476118797,0.0530473862652156,0.00294320968946591,0.00136200574783444,0.013668608776807,1.02413064381578,0.257535184759002,0.0171134374050142,0.00769814537883729,0.0370386528529282,0.0196741786258976,0.0220266913068594,0.0873435081134123,0.534506345053185,0.0944819720733525,0.0103706333909109,0.194373296380384,0.0105414113583514,0.0525637893064409,0.0398879866199447,0.000603055507032574,0.845961208983668,0.0102053837016035,0.101696109644728,0.311128542941997,0.424596506175104,0.0446204022689974,0.0175464660634348,0.00404477438912093,0.206302534527898,0.00121323215453088,0.0891986440620373,0.00173932053382963,0.000276776428718269,0.00064635923860386,4.72581373348832e-05,0.024058417471928,0,0.000874184128568173,0.000213541035336703,6.71596563461423e-05,0,8.5344470517039e-05,0.000158245848726332,0,0.00263949589604527,3.17135496233404e-05,0.0489035684380836,0.000693552942785025,0.173341340639451,0.000512982269255072,6.84364679262042e-05,0.000197294723263979,5.12247848135233e-05,0.00181213327585325,0.000126526513554901,8.5773675935268e-05,0,0.000807697600647211,2.67239630319178e-05,0.00696204163421407,0.018089457699586,0.0206813620345429,0.0416194866723315,0.00108818515002787,0.00078153067887783,8.6536919646263e-05,0.0720346393006763,0,0,0.00524708403872207,0.00302317837870985
0.00505639748857409,0.000132949500062317,0.00219666833707317,0.0426268453157884,0.051798106563992,1.29889006299944,0.0291137789478264,0.574073588408648,0.0893306075794608,0.514200953821348,0.032224897540686,0,0.00530955181885511,0.416953259219523,0.802762090921867,0.000312958115539849,0.00563622235165268,0.0164741899859749,0.0211750444724415,1.09125510516809,0.00381554844316498,0.000621395844026506,0.00500705387145102,0.0690780321394694,0.000366926974596977,0.0301256034712766,0.0080224264569068,0.0275120266460833,0.200343999460339,0.00882985212511045,0.00107561362369314,0.0229029007861733,0.00110867988867045,0.134701133282293,1.11409104117228,0.255023834491119,0.0147266387201978,0.06562412162378,0.0221522683853347,0.295516925954566,0.0333872746831012,0.0139831254760082,0.0137581770946611,0.00148647843855009,0.0072671552685678,0.00216183752899781,0.0658301433766722,0.00186795169004828,0.0044078288295351,0.000285895560082197,4.93415281569958e-05,0.00031194518196702,0.0495090703860909,0.00311084811614961,0.0161163842433912,0.0112640733330023,0.0106235426321961,0.0305562500868263,0.0313846726540111,0.000852380003092735,0.0847874267753153,0.000993096255642775,0.00919524521912143,0.0253141431709988,0.000402771552766263,6.3591921941042e-05,0.000531722701667994,0.000352339317941665,0.0383406571254753,0.000559889249991327,0.000668943183993101,0.000319187959141731,0.080337652219741,0.000184713857334852,0.00322991316535458,0.00336457505212605,0.0418990514945546,0.0055653180366911,0.000392502938613296,0.0019010053043966,0.000538347567819357,0.000736623992977738,0.00663243921650514,0.142452226326554
0.0002215740188393,0.114429509046719,0.000166389680619836,0.000560868767116964,7.19895982620121e-05,0.00189664410403535,0.00516284726232604,0.00223528591956318,0.0442280067696011,0.00514753461060137,0.868649476118797,0.00530955181885511,0,0.00533290877515689,0.000952185612291995,0.00182767173219234,0.000399983792493939,0.0029363548781544,0.000604191082074344,0.00356598456421092,0.00184101427627623,0.114721460937703,0.00221426966843784,0.0466078821745558,0.552882786869802,0.0409067281960814,0.388080980645811,0.00356861407011509,0.0162570198300723,0.00328135042886138,0.0454849984101511,0.00360639333463133,0.00039115746921435,0.155210547383524,0.00093489745058924,0.0107303489532007,0.184341093258631,0.0995728664088183,0.00133105317770719,0.0029745084905313,0.00114642336971194,0.356625059759185,0.00139603293019473,0.309217984849498,0.00488746370431066,0.00106550812180593,0.000733221852361858,4.90443108120561e-05,0.101115365372536,0,0.00501401361241624,0,0,0,0.000105055702010393,0.000255418680709898,0.000267498246188163,0.00669795242409915,6.861772662431e-05,0.220670822142832,0.000737294023003579,0.660743728896244,0.00169123899570152,0.000135009166865945,0.000406803698911518,0.000125308171994984,0.00433931384078577,0.000191971448877454,0.000273071383348704,4.80228578093648e-05,0.00466591036016017,5.79480660353601e-05,0.00574555351762265,0.103124666248488,0.0488802638671624,0.145468013856846,0.000350010737647712,0.0053523531190364,0.000178328589049279,0.211565184401501,0.00106090889380842,0,0.0132302924475525,0.000324515626432299
0.749629229948215,0.000444784307978601,0.0916310067140114,0.0217252206307192,0.00151765609593987,0.0949025155026366,1.835606098642,1.09781120003279,0.0537888006219131,0.390501978366666,0.0530473862652156,0.416953259219523,0.00533290877515689,0,0.0211379908268805,0.00234625070607081,0.167274253819257,0.0323776732448218,0.0641360694787628,0.18819440196233,0.300879830541706,0.00128848596790508,0.454593946572781,0.11332938422885,0.000253129580472708,0.0299306638002267,0.0448977946482888,0.161189831232769,1.09300891874056,1.27829708268927,0.000838176099318709,0.0117108173014547,0.015205468424732,0.163484460543722,0.0132966173843676,0.229667549988346,0.0224340219696607,0.105176392258845,0.0387708639552507,0.0635401288009013,0.0115663439803353,0.0206461076336852,0.0258116963461957,0.00021910100780502,0.0113673341551736,0.00175591916615322,0.0144211449384154,0.000578941580927968,0.00544298919998109,0.000201957606310398,0.000262253759002983,0.000529127532851547,0.0115289778520877,0.000150115980659723,0.00204545073291198,0.0189820885855852,0.00435962709407508,0.0153402905730548,0.00606912831719801,0.000263619840001166,0.0113946217184477,0.000294063503878266,0.00202267584340587,0.00407576939283192,0.00376477792435259,7.33804407517612e-05,0,3.37904352088272e-05,0.00672301605166152,0.00261269612036884,0.00782660077449784,0.00159291117577895,0.15069078753188,6.4358941680193e-05,0.000575663958111853,0.00464020542702377,0.0592337960938838,0.00434046564386934,0.00468506748288811,0.000377691706508696,0,0.00143519123711273,0.0055209788462305,0.00212329320986599
0.00107282545684353,0.00188212621043488,0.00820558171422373,0.0367905406021053,0.203829478365877,0.561448879918546,0.0606373398688759,0.0399004087080959,0.34592976061201,0.0902864800089072,0.00294320968946591,0.802762090921867,0.000952185612291995,0.0211379908268805,0,0.00738675399719775,0.00356143567235112,0.00221990393706411,0.00420066585858867,0.0849081835295306,0.0458741219788134,0.00367718474494904,0.0522408332006671,0.169128687641617,0.000804391627243457,0.00518575972216487,0.0206106385156225,0.108850017305132,0.0200152709248066,0.0551881593403128,3.51076077631116e-05,0.0127811707099642,0.00402213817284688,0.0153080835601084,0.391665916448087,0.184880807332719,0.0349331352044785,0.0144775029087129,0.0415519724081531,0.438948631396453,0.0129539722639789,0.0167764573409664,0.0235844025210777,0.0038851881088154,0.00698875502857313,0.00807575131623123,0.166403231485711,0.00236677113385543,0.0126801867509884,0.000116548548420668,7.97593136233092e-05,0.00136419817146957,0.0638196868001032,0.0094944592464347,0.0214003752841254,0.0101338373800725,0.00685551991263852,0.0541922194761,0.0298312221291075,0.000316213568210452,0.0765891579635019,0.000200108069865704,0.00729514346732364,0.0717638410185148,0.00445744383699864,0.000451338210036457,0,0.000213720698102116,0.0408279812482246,0.00330879845697552,0.00488991054718941,0.00560533652562708,0.093241884993506,9.96084566004577e-05,0.0012421793405959,0.00343713602233171,0.0401961752707722,0.00424321614402697,0.00329524258365735,0,0.000596524029815197,0.00104288978324935,0.00656260736363947,0.110329542666846
0.000125774805890322,0.0136636166385926,0.00949922368267399,0.000109400671993196,0.00417263138946801,0.00010379505538255,0.00979378553814951,0.00219976663593829,0.0306466323934431,0.00087045957216203,0.00136200574783444,0.000312958115539849,0.00182767173219234,0.00234625070607081,0.00738675399719775,0,0.0131749617788954,0.000408550948454887,0.00539991201607927,0.000238921919363737,1.09558466425467,0.787723139392052,1.51384379963601,0.363032045424398,0.00331129798899963,0.00430756612465024,1.26272627219831,0.0718892757084828,0.00415884180898145,0.031586232679139,0,0.000479715421475172,0.00139970901043743,0.031216009839491,0.0723611895520225,0.362581891440816,0.0999376601541629,0.110537246287448,0.0971196660515656,0.00306722612569034,0.00178498434608817,0.00251994726755127,0.0458831231910802,0.00802761944196537,0.0199777383966252,0.0107633867250546,0.00267325368590176,0.000470687896180451,0.000391138843768537,0.000603823096914589,0.00311781896789074,0.0586715006961291,0,0.000302487324988246,0,0.00361953361352384,0.000987102350711075,0.00840638953398052,0,8.67344881689552e-05,0.00027493664311856,0.00026413180960089,0.00133620764540926,0.00225683629641384,1.1771873658436,0.00405134466409296,0,0.000544093346108794,0.00017921718941778,0.105706290440255,0.311806273728625,0.542964115002288,0.0883996605342881,0.000106626842834651,0.00165567532505259,0.65734880734754,0.0311144093200761,0.00387484143415957,0.02538299732699,7.80677698418498e-05,8.02803774690632e-05,0.00114017560165957,0.00692155215119183,0.0173899389033656
0.049684304132182,0.0110122436502225,3.40743079831523,0.000486461389242411,0.000121709841480553,0.00445408225129902,0.0266824721280026,0.0619569272702757,0.00322754568215668,0.00533160367841542,0.013668608776807,0.00563622235165268,0.000399983792493939,0.167274253819257,0.00356143567235112,0.0131749617788954,0,0.015884329771948,0.361201373981323,0.00325112553861559,0.15366315489294,0.00964649490513142,1.07225676743841,0.0264020056715714,0.000541283055846691,0.960664323315144,1.47875590628924,0.0301503745150731,0.158941805127395,0.185663293725259,0,0.00258139869792759,0.012899266364416,0.601315480953958,0.0224257004237687,0.23453355207817,0.116315177685627,0.253915346247561,0.120004433140147,0.00558912894120946,0.00308767021274731,0.00149870514528393,0.00387404733964428,0.0024335773904179,0.00256711458860502,0.00216794831321686,7.53648300039768e-05,9.37439834457633e-05,0.000114715006352663,0,0.00521326887239814,0.0185971739821293,0,0,0,4.21331277930736e-05,0,0.000733006202833056,0,0,2.83598758243024e-05,0,0,0.000104565220254064,0.00289242559471071,0.00445810762816608,0.00113624036344483,0.00428373424167841,0,0.00124962598356799,0.00348915072606504,0.00314845472318039,0.00242529586201251,0.000641412391697467,0.0635656432011715,0.19381663261785,0.000684183366820962,0,0.000164507587615549,0.000226303008081615,0,0,0.00194976074671805,0.00756542368122608
0.00144733918935835,0.000771311311983168,0.0182126227793236,0.000861884001920521,0,0.00541505911607445,0.0101868727773969,0.00905007125317363,0.0026322494479917,0.0135321290339064,1.02413064381578,0.0164741899859749,0.0029363548781544,0.0323776732448218,0.00221990393706411,0.000408550948454887,0.015884329771948,0,0.349075307615924,0.00861435536655712,0.00884335108461808,0.000438332517573238,0.0234852437109192,0.00478007931218371,0.000293375451262593,0.19938887081731,0.06343582012858,0.00542474463764191,0.0998160324903639,0.00616390735762909,0.00084891096649289,0.0188344083884347,0.000424777151308357,0.275948385123177,0.0188984783845148,0.17213905690331,0.391297761173123,0.337902616321032,0.101847037880355,0.0103897735869384,0.00321839176273138,0.0226001595723613,0.00182046922486246,0.00971989932226001,0.000414398041598797,0.00106408589809209,6.07866321122646e-05,0,0.000386451802086533,0,0.000262904184526205,0.000521129243944287,0,0.000126823765949607,0,0,0,0.00084511273080468,0,0.00446870156022996,0.000156661351604461,0.00625630840694234,0.000156081936907768,0,0.000148184990894795,0.000159094877908677,0.00383864261734888,0.000771309688010663,0,0,0.000342262098879218,0,0.000693705848558843,0.0012197769389762,0.039024574357084,0.0444543882517728,0,0.000131474944710732,0,0.0137144213215805,0,0,0.000746670938388705,0.00733695155293062
0.00953585156470385,0.00743972226954639,0.334152745263241,0.00114659999015764,0.000226647832355797,0.00648471791298866,0.0216518066800542,0.0222816875677858,0.00413122321935788,0.0195591014643297,0.257535184759002,0.0211750444724415,0.000604191082074344,0.0641360694787628,0.00420066585858867,0.00539991201607927,0.361201373981323,0.349075307615924,0,0.0114257649336004,0.0631892461956436,0.00240494065648958,0.232924691253877,0.0136148711398899,0.00138406815036445,0.614810371457123,0.626911367993487,0.0178093699091466,0.129431536668853,0.0360857384111224,0.000339391172521412,0.0120616896932105,0.00445361442103833,0.781795113073449,0.0450919653321393,0.483473469720552,0.505120133162849,0.492252152649778,0.269273661440998,0.0116364985901423,0.00492223045543313,0.0120705503161914,0.00372303574165284,0.00874756173000004,0.00197948369393393,0.00211847605176822,0,0,0.000483013875535727,0,0.00321595853318184,0.00414934159552842,2.83963883341849e-05,0,0,0,3.34434448590875e-05,0.000981550584561379,0,0.00135004737042814,8.27071087919177e-05,0.00103760750073284,6.52737359073758e-05,0.00046610971907258,0.00038328289196223,0.00213172136079043,0.00951898050456676,0.00759343772801623,3.0886977994591e-05,0.000185132552496493,0.00114473971913784,0.00127358446162239,0.000993336699376257,0.0018414881794931,0.106234930176163,0.184695482616374,0.000166984652739465,0,0.000198606397678256,0.00633765952673212,5.52458669158816e-05,0,0.00211225885412202,0.0212245597072403
0.00375494013024375,3.3336676260978e-05,0.00200418081543669,1.83436152954058,0.00608612886986509,0.167760659348519,0.0288124529220718,0.231209058875611,0.0529002776549806,1.66274934810346,0.0171134374050142,1.09125510516809,0.00356598456421092,0.18819440196233,0.0849081835295306,0.000238921919363737,0.00325112553861559,0.00861435536655712,0.0114257649336004,0,0.00204332038241297,0.000100737879239917,0.00334538494990468,0.177934858726267,0,0.00722337320115253,0.00344421584145963,0.328549186840298,0.125430945606219,0.00714916168137208,0.000500267496862114,0.0113559730608348,0.00214976557165548,0.0722005183599441,0.0175741260631889,0.204138726183255,0.00724521585566774,0.0539044800249222,0.0107979368943246,0.0995944690495443,0.034144055892482,0.0105538257706038,0.0190959554249797,0.000305815690519363,0.0109226220964466,0.00161672156156078,0.0612807173771274,0.00330572293344855,0.0039638950812453,4.17190405073762e-05,0,0,0.166267709029037,0.00349665637181371,0.0399920058232561,0.0208520486389259,0.0237720178681665,0.0473006989040096,0.102758775426765,0.000199906080399156,0.0914234534382139,0,0.014851309194408,0.0308938608807653,0.000251936173316539,5.84408821061253e-05,0,0,0.0873838897109172,0.000134013655363619,0.000633974134966135,9.05566511642929e-05,0.186124853790723,7.43971667093038e-05,6.06915257397294e-05,0.000262178364619017,0.1108187224482,0.00781271543571308,0.000320477299844921,4.25688664877415e-05,0.000581550965929628,0.000365115780259967,0.0120655472097369,0.0020771212507689
0.0518902154758398,0.00348521403211668,0.093880315783367,0.0025713562201935,0.0117850194699575,0.0134646596567953,0.82620633341383,0.212693995936602,0.014407257246623,0.0214747424973044,0.00769814537883729,0.00381554844316498,0.00184101427627623,0.300879830541706,0.0458741219788134,1.09558466425467,0.15366315489294,0.00884335108461808,0.0631892461956436,0.00204332038241297,0,0.0720924430364474,4.52101398988267,0.207315990713773,0.0014000603703247,0.0231376763742631,0.316399625768342,1.59873427600491,0.174962836759623,3.14927513589224,0.000238846499276608,0.00647250049911618,0.0240911730627868,0.880637496614925,0.3020167634418,1.12640752888027,0.120404560057194,1.08216839522354,0.40191365822221,0.0157342227172954,0.0147900625995393,0.00916343430124727,0.0340521342234957,0.0025254483610855,0.00877029867229254,0.00639717773350507,0.00272501893343836,0.000802239823950829,0.00192012145628437,0.0001347143048653,0.000575896452558339,0.00532277449741155,4.28528490409255e-05,0.000627572507786304,0.000148298225006461,0.00253203087309927,0.000806001892953519,0.00905978977760108,0.000270001336931885,0,0.000717823387126028,0,0.00120730555683375,0.00323299175690442,0.167334141216902,0.00123715103803262,0,0.00018883074213177,0,0.0775982970439575,0.09113200044794,0.10256221334643,0.0611040058277397,0,0.00125336302002758,0.0469088817187473,0.0240414347666019,0.00589693931860238,0.0303396542961175,0,0,0.00262481585287929,0.00338654278991058,0.0527839818177116
0.00032607542047888,0.409709955358983,0.00546803296367258,0.000176245660884082,0.000180043471301794,0.000113450345358252,0.00367970526243657,0.00122834510904372,0.366824536890528,0.000601778452440798,0.0370386528529282,0.000621395844026506,0.114721460937703,0.00128848596790508,0.00367718474494904,0.787723139392052,0.00964649490513142,0.000438332517573238,0.00240494065648958,0.000100737879239917,0.0720924430364474,0,0.107777573699136,0.981081791518657,0.252388085669787,0.00836809163573567,1.92926820277734,0.0479684717692959,0.00559741323620975,0.016396828475934,0.00345770909720198,0.00027562539906621,0.00286963881866053,0.0120100135094668,0.00466749598354787,0.0413106224372587,0.0117588871867039,0.0194225943826112,0.0105094744716172,0.00902929912600723,0.00174808558544442,0.0349976570481259,0.0275596936693185,0.00732511209470809,0.0104777053611043,0.00479578713834017,0.00363093100773722,0.000923022286001442,0.00222959108961403,0.00031785815231502,0.0153762169994384,0.018013545903959,9.2736440526992e-05,0.000587441915677786,0.00038954141094625,0.00391202990916163,0.0015053616123046,0.0140229924377945,0.000536591775479615,0.00282419932724297,0.000437593420814573,0.0105065672687513,0.00254865368742496,0.00316859299401641,0.265527340784333,0.00287780050724164,0.00055308366490826,0.00023514241660729,0.000537631860938072,0.0239717297915536,0.302632345931588,0.0619679585089271,0.0795180524241264,0.00457817068675339,0.00762501211371079,0.397133900599118,0.0236467108878636,0.00537905860149488,0.0102218590241758,0.00594472760468244,0.000181086220542491,0.00106934237697065,0.00493139019311965,0.00533461526182204
0.0913742867125883,0.00408155029098719,2.33673327015103,0.0016029699983874,0.0406464753978601,0.0169154758926594,0.439361004944856,0.276362487798059,0.00789774556123274,0.0168146663132809,0.0196741786258976,0.00500705387145102,0.00221426966843784,0.454593946572781,0.0522408332006671,1.51384379963601,1.07225676743841,0.0234852437109192,0.232924691253877,0.00334538494990468,4.52101398988267,0.107777573699136,0,0.240211346847811,0.000519497686669528,0.165669867018187,2.52099471595386,0.585149446438365,0.251024281616583,1.1978913854187,0.000484423782761693,0.0100923622181757,0.0206629850775531,1.40770466807929,0.762261760015649,3.24496329255145,1.06754183847294,2.80957088112771,1.74574305806802,0.0305557466717063,0.0251691726549245,0.00540462837572247,0.0595247046444547,0.0111720959582542,0.0246868306039627,0.0205952924310941,0.00164058512251138,0.000963124592948559,0.000681094853850604,0.000375619361036271,0.00497727281873256,0.206651077320581,6.8166853440553e-05,0.0033524555205676,0,0.00267990168489888,0.000261563867442906,0.00285819905628965,3.9430276747942e-05,0,0.000943564264719036,0,0.000749679652387798,0.00281598536777705,0.782188507750553,0.0129254852860187,0.000159544064030349,0.00268493144085914,0,0.0540669152320156,0.142828503992301,0.47575578188653,0.0483583073529307,0.000203693366540373,0.0134192112720837,0.959862610800907,0.0218829337136511,0.00186737367033228,0.0124637449993291,8.37642027336355e-05,0,0.000690331514090896,0.00579002291796506,0.192085213369194
0.00894667768819082,0.188731509544189,0.0567151746421592,0.512295368680821,0.0180400354191041,0.0451217036334895,0.468384273488517,0.100566397816657,1.75714604145499,0.134324664987878,0.0220266913068594,0.0690780321394694,0.0466078821745558,0.11332938422885,0.169128687641617,0.363032045424398,0.0264020056715714,0.00478007931218371,0.0136148711398899,0.177934858726267,0.207315990713773,0.981081791518657,0.240211346847811,0,0.0947181659595823,0.0182484603078166,1.09833429031817,1.18015780283177,0.212518856292123,0.220049152153554,0.00160480949190572,0.00547243703457132,0.0864225701949529,0.140519440062486,0.131470240681596,0.590950304617718,0.0516281533899888,0.194062430525593,0.0783401593904114,0.254779731349399,0.0406281684656302,0.0315316646116139,0.323395108704706,0.00986828240508738,0.147425080425922,0.0382776623277095,0.172113233794045,0.0311278091004284,0.0168447182142368,0.00565863056919694,0.00685103672740727,0.0159362402096366,0.256338738626865,0.00776593902703956,0.0683001230454576,0.172999703755966,0.113284791369211,0.305838227406936,0.166619339787913,0.0051500527774179,0.100060277557935,0.00571381774411082,0.140464060849903,0.0856677065536133,0.158680065828862,0.0028315573854357,0.00152108163577974,0.00160593624141633,0.118195845433227,0.093682549327635,0.244443489076591,0.0762287466586778,1.48594763578562,0.00256013172881395,0.00592537950979785,0.137817342486855,0.577625822956548,0.133035178744039,0.0903880301290949,0.00165103319847777,0.0108441942533456,0.0189223644731185,0.0973885013154858,0.0566162051147586
4.48459750315547e-05,0.236766720856323,0.00063397782220155,0,8.47904411977529e-05,7.29185152083636e-05,0.000192584270674735,0.000219487174446881,0.0857686254391933,6.96033353993297e-05,0.0873435081134123,0.000366926974596977,0.552882786869802,0.000253129580472708,0.000804391627243457,0.00331129798899963,0.000541283055846691,0.000293375451262593,0.00138406815036445,0,0.0014000603703247,0.252388085669787,0.000519497686669528,0.0947181659595823,0,0.021169635410247,0.762982907116034,0.00162582946765289,0.00112254375596836,0.00064801113642633,0.0188890141204387,0.000272666609954238,0.000266873584579826,0.0064984887254937,0.000125894334940016,0.00202742944459408,0.00984707100854653,0.00541480065909773,0.000667110656031668,0.00179256801962659,6.39189082208276e-05,0.0884960180806677,0.00209566766169548,0.0287120578201997,0.00253750754395634,0.000576847932207585,0.000757705406291932,0,0.0399232418362936,0,0.0112187604343307,0.000443862651007176,4.07631258943677e-05,0,6.44008284875751e-05,0.00013301510387823,0.000197492146914303,0.00562146180151015,0.000156107130679786,0.026869123192931,4.75881659343839e-05,0.151516981578844,0.000723419544973075,4.77041058880091e-05,0.000313689641548991,0.000478991952238977,0.00169731339826316,0.00054532366066888,0.000245343924477696,0.000338040403597802,0.00429510310304538,8.90029627870027e-05,0.00672009115100026,0.115478928505628,0.0377147690767443,0.143692793127878,0.000454510555037856,0.00155780141596019,0.000144504821512699,0.0472320743309976,0.000167847232161462,0,0.00362812742833704,7.74198258420825e-05
0.00221405485776678,0.0316644492352389,1.29213044532036,0.001357941785848,0.000374280389863998,0.00495900876171335,0.0200673736642063,0.015057288852531,0.0070455791911389,0.0124556302213553,0.534506345053185,0.0301256034712766,0.0409067281960814,0.0299306638002267,0.00518575972216487,0.00430756612465024,0.960664323315144,0.19938887081731,0.614810371457123,0.00722337320115253,0.0231376763742631,0.00836809163573567,0.165669867018187,0.0182484603078166,0.021169635410247,0,3.52132666083469,0.0161685761120099,0.0616945747877643,0.01665917826195,0.0440829997994332,0.0105421749735899,0.00154311501710325,0.221625464555642,0.044627600712891,0.578068975069346,0.90448815853885,0.519029956340391,0.264338444554117,0.00985584256306128,0.00449408447948009,0.0935501778075654,0.0279343302512643,0.122490198148815,0.0265614148781209,0.0176754281899233,0.00122610924706489,0.000195279406097978,0.0053586983347857,5.96002302360534e-05,0.0343180223278164,0.0309438671417601,0,0.000103861720038056,0,0.000103214458340406,0.000219065614551008,0.0111486409303696,0,0.0729110009380357,0.000261576317119896,0.180505818643426,0.0013383762398766,0.000616005414287746,0.00125083774044513,0.0167547708775565,0.0967846429842093,0.0529581131364933,0,0.000583068931585103,0.0115727013980766,0.0024428229836753,0.00796849618063241,0.0529216035357414,1.07089612396049,1.90699419426754,0.000147967780483067,0.00163960240651041,0.000236077065358758,0.258543042976125,0.00021098580222398,2.5752399866581e-05,0.0195515793662207,0.0213192499058604
