0,1.14027559757233,5.3943977355957,12.6544397473335,388.537283837795,1970.17969712615,22143.8318095803,9555.56859946251,184.355405449867,137.649792343378,25.8289222717285,120.76638379693,94.2984484136105,17075.8187877238,130.50804707408,5.91619980335236,14.2353693246841,2.85269051790237,23.9142355620861,30.1455342173576,151.042872905731,36.5056082904339,48.1728469133377,690.742270797491,2.67924201488495,1.05292794108391,10.3424687385559,435.815080791712,5158.20879629254,10622.5282246768,0.862242877483368,201.433107227087,63.9884060025215,371.180018424988,203.775334835052,967.156720787287,30.8756620883942,449.861149519682,171.370857268572,611.601902902126,116.933390200138,5.1201199889183,107.372289329767,1.90259364247322,12.0913451015949,6.25998395681381,38.9566689431667,7.07588249444962,5.56400340795517,6.67113450169563,0,0.760234296321869,8.87297761440277,0.285967469215393,13.0738842785358,38.8538827896118,132.940211653709,31.3795132339001,7.12187451124191,0,9.56207850575447,0,49.5496624708176,4.39072984457016,4.47630709409714,0,0,0,2.78787940740585,3.02037248015404,2.18066936731339,5.78235012292862,227.983869284391,0,0,6.08969447016716,130.11209744215,11.1682381331921,36.3943881988525,0,0,1.2959041595459,35.7266288101673,56.6846654713154
1.14027559757233,0,4038.38182231784,2.04139888286591,1.01150393486023,4.49399524927139,10.5059327483177,16.9540382325649,53.4545460641384,0,93.9867103695869,1.26611167192459,870.933405458927,41.4327430725098,1.78890144824982,954.735505282879,1407.78131106496,56.2138501107693,381.383443892002,2.41476058959961,214.96208435297,3403.38712340593,1340.39484214783,332.074495404959,5583.6902526319,2849.19783839583,41287.4971110821,191.340792775154,42.6820333600044,51.2462893724442,10.5994088053703,3.57625526189804,1.54835736751556,542.300200819969,7.29546743631363,585.397962093353,894.686700761318,283.23062723875,235.695139378309,12.644074767828,4.09249800443649,17.9857128858566,164.426705986261,158.320485591888,34.1552937626839,74.3747472167015,0,3.24372720718384,7.45970982313156,0.614922523498535,1410.68962672353,789.115107983351,0,0,0,1.30259266495705,0.707887470722198,17.8376734554768,0,56.7866171598434,0,27.1833865046501,1.52846795320511,2.10241454839706,95.8605017364025,407.215524226427,63.7760767638683,352.621263235807,0,30.3583997786045,161.796775519848,207.114742338657,4.46129846572876,47.8169986009598,1327.4846380502,5812.01605316997,2.56029641628265,1.42235672473907,9.08042332530022,0.731719076633453,0,0,131.409457564354,44.9677466750145
5.3943977355957,4038.38182231784,0,0,2.53018060326576,2.80496817827225,4.83705842494965,10.1124168336391,5.52449557185173,0,1524.54120731354,0.814182043075562,404.070091217756,89.312299311161,2.27455866336823,15.9051206111908,27553.391100511,354.943742036819,2304.12521228194,0,914.09457179904,1063.08627673984,19569.0809685588,0.490936130285263,34.886209666729,13569.0530192256,48654.9716076553,8.50119364261627,71.2968364059925,353.778010755777,32.8144473731518,24.3939391672611,8.12842881679535,4947.12305548787,47.8250368535519,4888.60041239858,3742.28331297636,4026.2423633337,3103.82808610797,13.6909731626511,23.3778850138187,14.1498270630836,468.246002614498,568.595433324575,162.773043900728,329.376923948526,4.6021586060524,6.58073469996452,6.71729955077171,0,258.606835603714,2818.82437005639,0,4.51991641521454,0,5.15361176431179,1.33240932226181,29.6057029664516,0,69.4122768044472,0.517155766487122,6.79988142848015,19.1347015798092,33.2802650332451,168.514356523752,1336.91381496191,13.2156808376312,203.668743088841,0,133.1856136024,325.214219361544,3407.43818329275,9.41082799434662,8.09476748108864,1007.55314446986,13059.0223696232,11.2242157757282,3.88737925887108,6.67152917385101,1.82677793502808,0,0,388.690384209156,599.957809478045
12.6544397473335,2.04139888286591,0,0,15.702633947134,232.053380697966,5340.57016643882,476.873087018728,2752.12700667977,15388.6761987805,0,2689.03490957618,2.5046546459198,377.965140640736,1246.69868677855,0,0,0,0.883175313472748,21912.6074993312,0,45.2449859380722,0.714516758918762,4231.53199294209,2.52116096019745,0,0,27939.3191123903,13.0943354666233,21.2848840355873,0,3.74373626708984,0,2.58205366134644,2.43830555677414,154.32547467947,0,8.19582331180573,2.41285783052444,405.002559512854,7.57165199518204,0,96.6012685596943,0,8.35189828276634,0.421837657690048,1231.61044597626,4.42456942796707,0,2.50413650274277,0,0,993.304768055677,8.78625392913818,280.21229377389,155.93288949132,591.090940713882,338.8539275527,413.101490199566,0,368.623684346676,0,95.4696110635996,352.731681913137,1.10801860690117,0,0,0,320.999879002571,0,1.13871562480927,0,1477.45298317075,0,0,0,1538.07809194922,15.9797923862934,6.26159882545471,0,0,0,7.70187127590179,0
388.537283837795,1.01150393486023,2.53018060326576,15.702633947134,0,1036.68312174082,865.421242892742,3007.44062775373,99.9706887602806,127.841319918633,31.3504327833652,460.326360195875,174.451659977436,1158.50240141153,1548.70981034636,5.29866480827332,6.1431593298912,0,5.8136942088604,26.0182974040508,42.0136983394623,56.386190623045,21.890513420105,79.5582450032234,0,2.89256602525711,8.21606540679932,160.155559659004,1778.17965561152,415.263753861189,0,647.302881598473,6.2856787443161,8147.05670505762,208.268374115229,661.349056839943,11.6624909043312,228.418884277344,159.595148772001,35910.8105378747,10367.5378175378,8.09972333908081,98.8750851452351,24.0079599022865,26.0864693522453,83.1418835520744,48.3046950101852,14.9416517019272,5.07514464855194,4.22700294852257,1.33081591129303,6.92174863815308,2.28547632694244,1.11620700359344,8.85572984814644,25.2938171625137,28.6557224988937,19.8993246853352,3.45079255104065,1.43393492698669,5.52352586388588,0,27.8951925337315,11.2191052436829,4.50734800100327,3.0392735004425,1.44983685016632,5.82832330465317,0.734678268432617,12.0735684037209,2.99317318201065,27.6326612532139,187.486738026142,0,4.26640051603317,9.56550639867783,92.8398599922657,3.2538848221302,31.794844865799,0,1.70255541801453,0,38.0339734852314,585.489732086658
1970.17969712615,4.49399524927139,2.80496817827225,232.053380697966,1036.68312174082,0,10092.8541859388,23466.4340921044,563.282038539648,27314.9048033953,14.638679921627,18407.4920550287,110.826011627913,6253.43136408925,5280.01571258903,11.3071604073048,11.5180733203888,0,10.3653785288334,328.362615138292,72.1864968836308,220.474203318357,39.8241401612759,763.156850665808,3.16887834668159,1.84797328710556,4.51571437716484,1018.92968894541,1334.02388095856,1514.48345503211,0,53.7916442751884,20.4436574876308,554.442387312651,5356.5998955965,657.398963421583,24.1309459805489,193.944324910641,168.099738419056,6274.090069592,1040.83842378855,5.53547269105911,105.786273926497,10.6848312020302,41.3773696124554,29.321001380682,189.846348255873,15.5589932203293,23.9214588403702,25.4142484664917,0,2.13941031694412,31.6268374025822,2.72125232219696,61.0809401273727,179.046059221029,365.859839990735,188.850329488516,41.1188591718674,0.583962142467499,28.99872854352,0,95.0157760828733,38.3117913603783,6.05537703633308,1.21142077445984,0.660296380519867,0,8.6275924295187,9.21917200088501,13.0026057064533,12.280799895525,1391.53867693245,0,2.00829645991325,2.10232329368591,784.766726374626,25.6693277359009,116.196532696486,0,1.1157129406929,1.65342745184898,54.9439472854137,932.905390650034
22143.8318095803,10.5059327483177,4.83705842494965,5340.57016643882,865.421242892742,10092.8541859388,0,17132.8407004774,4121.26978445053,25132.13993752,32.0361748337746,6486.84285208583,667.927801191807,35578.1416695118,1897.66309595108,39.9584010243416,24.8148399591446,1.57416194677353,25.0355332791805,5077.0783174634,2541.70706111193,520.457267194986,76.8535331785679,22048.0719420314,10.6885324120522,2.85200899839401,8.11821481585503,47999.1938406527,8491.22838285565,13565.3535336256,0.406385183334351,361.52755343914,902.156707942486,924.961583316326,2004.46671435237,9824.69301319122,78.6043540239334,2001.58366709948,589.104073554277,5622.84891676903,1242.65110400319,5.73997747898102,1254.31469839811,12.362376511097,189.787395715714,64.5812407135963,2145.95073696971,50.8189781308174,40.7693784534931,87.1870793998241,0,0,737.092868953943,15.3627891242504,636.387040883303,1262.26465082169,4304.62634779513,757.053681999445,593.813404679298,0,394.122611016035,0,1265.78330278397,430.603636711836,32.297187179327,0.428105592727661,0,0,173.534972041845,46.0086851119995,36.5446889102459,18.7060744464397,7678.63532942533,0,0,0,6134.98783755302,250.937493979931,411.566772758961,0,10.5145816802979,13.1465820372105,205.500415235758,474.969162225723
9555.56859946251,16.9540382325649,10.1124168336391,476.873087018728,3007.44062775373,23466.4340921044,17132.8407004774,0,1392.76827293634,6778.34833741188,71.8713594675064,13395.8795586824,248.773151934147,60615.3397980928,8639.14792120457,12.6327833235264,32.7144988775253,2.40672406554222,60.8856423795223,610.093828648329,230.351814866066,557.533482164145,101.55807185173,1665.57470998168,14.5204446911812,10.469037771225,16.0185767114162,2438.24001443386,12696.9989234209,5369.88567474484,0,1777.01582753658,91.6523131132126,1137.47366303205,763.647134393454,1152.80412888527,56.3372060358524,554.990662962198,359.287848889828,12288.2392823398,1198.53055474162,12.8758035898209,257.135096251965,7.76044401526451,104.367521747947,47.6262039840221,454.272281438112,31.9633819162846,35.6481172740459,40.8965767323971,0.658279061317444,1.15300810337067,66.5136609971523,2.11648830771446,194.971167802811,553.758320122957,1352.3911806792,399.181845396757,79.6801099330187,2.50994467735291,45.6360649168491,0,346.100129425526,79.5337491929531,8.32618018984795,0,0,0,26.9322890043259,20.6015529036522,21.1543833017349,13.0944206118584,3650.44206765294,0,0,0.835097074508667,2250.45571622252,67.0234983861446,253.785730242729,0,1.8342159986496,3.17290630936623,125.663825958967,206.781953841448
184.355405449867,53.4545460641384,5.52449557185173,2752.12700667977,99.9706887602806,563.282038539648,4121.26978445053,1392.76827293634,0,960.081396967173,15.5820212364197,3436.16550889611,42.4139740765095,1892.80739435554,2114.11315366626,893.637664288282,12.9964508116245,2.46809843182564,34.3053191900253,1624.95629227161,1089.94678112864,4430.73648303747,384.425688058138,23153.967972815,116.837410628796,1.92223083972931,194.740374088287,18133.2769103646,1689.83430683613,3945.9684843421,0.63674533367157,30.255560785532,70.4273578822613,163.700530260801,116.184739232063,615.900372296572,17.4305407106876,182.178895115852,59.2848168611526,1862.76054242253,76.3571501076221,2.09760963916779,299.422969937325,14.6422884166241,148.716813117266,40.5494867563248,1023.40968942642,16.9492047131062,9.11018913984299,86.8303636610508,1.44074296951294,10.2190333008766,880.289560884237,44.6219068467617,379.003515183926,866.412265568972,1777.28995513916,3901.22650998831,479.722698926926,0,356.835274845362,0,659.44528222084,485.140324860811,1221.42103433609,6.14727181196213,0,3.40464845299721,180.759497314692,540.749475568533,732.948159992695,496.519601017237,6532.13863548636,0,2.07327836751938,245.314092665911,3520.07759967446,174.45460498333,782.103133141994,0.409747868776321,9.97077384591103,13.7890378832817,107.086900174618,85.311487942934
137.649792343378,0,0,15388.6761987805,127.841319918633,27314.9048033953,25132.13993752,6778.34833741188,960.081396967173,0,2.65788316726685,14966.4676921964,30.303356975317,4723.43695268035,715.487598925829,0.452597707509995,0,0,0,26574.3664183915,1.80298346281052,31.9519517123699,1.80584341287613,1417.80038309097,1.45119202136993,0,0,2991.68026804924,63.8513234853745,108.025023847818,0,55.3950235247612,1.76585280895233,32.8948697149754,324.829371064901,470.479564130306,0,50.616120994091,11.2413508594036,523.450601190329,45.3380129933357,0,95.6020549535751,0,2.22160097956657,0.93666535615921,746.861403375864,0.462924391031265,3.74223828315735,2.08790171146393,0,0,224.05979603529,4.37033033370972,114.798463344574,79.8159665465355,195.042019605637,148.041928499937,292.824877768755,0,186.866837888956,0,33.9482395350933,193.850068897009,1.04050707817078,0,0,0,59.573557049036,1.22108107805252,0.540793538093567,0,662.97323089838,0,0,0,603.366444200277,5.32488167285919,1.53194099664688,0,0,0,15.9257012307644,14.5400679111481
25.8289222717285,93.9867103695869,1524.54120731354,0,31.3504327833652,14.638679921627,32.0361748337746,71.8713594675064,15.5820212364197,2.65788316726685,0,3.21796143054962,10088.1192940474,621.62449875474,0,4.525430560112,2708.34522691369,24269.3591046929,18631.0805084407,0,428.259485960007,41.1936283707619,2360.8443596065,14.6190339922905,2320.44365248084,9991.96063262224,3234.86886790395,24.5130931437016,384.620167762041,505.088306635618,334.102954477072,232.396747291088,12.5747456550598,15650.02985093,4.99262246489525,2199.67655155063,13472.6273149848,2571.89373224974,1205.13428100944,7.72626504302025,27.54397341609,1121.9822717309,27.489126265049,950.873787567019,59.7841126322746,131.150275200605,2.74542272090912,27.8417011201382,543.062639296055,0,69.8829714357853,76.809185475111,0,3.89903303980827,1.07706034183502,1.91222858428955,13.9717231690884,1.67901772260666,0,5681.20509052277,0,742.570468008518,23.3447503447533,12.3873338699341,3.8308000266552,27.7067648768425,316.101399064064,143.465006381273,0,1.96079987287521,9.77738189697266,60.1011888831854,6.27687799930573,651.248044461012,3784.883090958,1174.09670728445,1.7978378534317,2.91260343790054,2.7108365893364,63.9991492033005,0,0,254.954745769501,138.711639344692
120.76638379693,1.26611167192459,0.814182043075562,2689.03490957618,460.326360195875,18407.4920550287,6486.84285208583,13395.8795586824,3436.16550889611,14966.4676921964,3.21796143054962,0,55.6943050324917,4285.66154828668,6969.96776649356,1.18587112426758,0,0,0,20346.0392937958,8.78825613856316,78.1723499596119,5.12385055422783,2677.90744996071,0.491892099380493,0.582246959209442,0.733730494976044,2005.67710140347,62.8024878799915,177.580840110779,0,101.823001265526,5.10983467102051,27.8361936807632,2934.63267815113,1241.41590872407,7.44731390476227,66.5893610715866,22.9900000691414,1467.32738566399,46.3914654552937,2.24972993135452,222.189840704203,7.23232781887054,17.8075793087482,21.2004566788673,2277.50194767118,13.2999064028263,9.39429152011871,8.87433829903603,0,0.69693911075592,504.306202769279,16.3882341980934,284.903483510017,150.646228432655,567.977603644133,208.685748010874,246.445143789053,0,691.517957866192,0,130.77492980659,511.761323809624,4.13000762462616,0,0,0,168.787743777037,7.27503091096878,4.32893744111061,3.72120833396912,1376.96336212754,0,0,0,1127.23400750756,18.9956083893776,58.510867446661,0,4.18490612506866,0,20.1047423481941,780.69166252017
94.2984484136105,870.933405458927,404.070091217756,2.5046546459198,174.451659977436,110.826011627913,667.927801191807,248.773151934147,42.4139740765095,30.303356975317,10088.1192940474,55.6943050324917,0,2241.87983414531,47.8769559264183,418.659167796373,523.024889230728,2140.79531300068,2577.58728075027,7.08437833189964,1427.45346558094,838.949664980173,1170.53594374657,173.626000761986,7527.36166751385,6632.98388925195,15708.845140785,752.837900459766,1590.38145852089,1214.22309276462,284.467698812485,200.622460484505,398.153452455997,5996.31588619947,38.7705018520355,5870.18161210418,12723.6048119366,6680.24600687623,2254.64565584064,1499.42405456305,490.498515754938,5900.80298271775,353.737378239632,3128.77726358175,145.547619998455,179.70273783803,164.503851264715,210.866248339415,2671.60519525409,8.70766052603722,156.312428951263,64.3236646354198,2.89611124992371,1.75462433695793,24.7166605591774,20.4823087751865,293.148056000471,14.5025408267975,1.77280235290527,20998.2786024213,0.618340313434601,3038.52064430714,322.596138596535,7.68907463550568,27.0404821038246,27.7285869717598,734.404982537031,185.173542320728,0.742714166641235,24.7612473070621,22.9840658307076,53.7638988792896,89.4182960987091,3634.43380534649,10210.8491369635,2141.24813884497,49.6530470252037,48.7424450814724,76.9935607612133,188.402771770954,34.1418249607086,4.17854332923889,1348.29198628664,57.7551666200161
17075.8187877238,41.4327430725098,89.312299311161,377.965140640736,1158.50240141153,6253.43136408925,35578.1416695118,60615.3397980928,1892.80739435554,4723.43695268035,621.62449875474,4285.66154828668,2241.87983414531,0,797.855502456427,66.7626395523548,134.301607400179,13.1049571335316,200.964057475328,493.022412180901,869.027564585209,1833.42902138829,389.248716294765,2749.0117482841,64.9552612602711,42.6935253441334,161.181536704302,5269.90872901678,28933.6306762993,19018.7390036881,10.3427721858025,2466.61600184441,273.287621766329,5530.44143167138,1800.33027884364,9350.17917045951,389.47909066081,5415.60215979815,2325.85214528441,10240.597669512,4278.76335561275,123.002760887146,1203.44720080495,33.0730347335339,389.605556219816,219.749551415443,855.100532472134,283.31031447649,272.013365864754,140.66435238719,0,4.34372130036354,51.594643175602,12.078981667757,232.250706672668,754.376609921455,2459.54075436294,746.776796907187,57.1209522783756,4.74923938512802,55.5710094869137,1.51435899734497,940.95966643095,105.020590543747,49.8913938701153,2.38900145888329,3.37104594707489,2.81484994292259,15.0176405310631,82.3421493768692,101.468582987785,64.5106792747974,5033.66529032588,2.96883714199066,4.83583921194077,18.8652387261391,2915.84984764457,312.344854593277,1129.10094296932,0,10.8753474354744,21.9977848827839,847.016124635935,546.56252092123
130.50804707408,1.78890144824982,2.27455866336823,1246.69868677855,1548.70981034636,5280.01571258903,1897.66309595108,8639.14792120457,2114.11315366626,715.487598925829,0,6969.96776649356,47.8769559264183,797.855502456427,0,5.74117684364319,3.94489678740501,0,2.72328045964241,1090.9713742733,28.4614457190037,149.818933159113,18.9460943043232,1021.14511197805,1.48139101266861,3.97752153873444,6.51042321324348,1304.23279458284,57.859314262867,181.017038881779,0,4.66226413846016,6.45409816503525,12.3404831588268,1703.0758690834,895.248840540648,6.28171807527542,12.8042227327824,8.47745478153229,14590.1854474247,20.8331370353699,0,165.543400883675,33.5995376706123,39.211131811142,123.078097492456,1023.58140531182,14.5395267605782,4.90045368671417,16.7092029750347,3.22053802013397,17.7866327166557,108.507649987936,2.35167619585991,127.530760347843,123.950989335775,540.427764758468,95.1904366016388,64.8279401063919,2.47177249193192,128.397923499346,0,153.014833062887,152.019293159246,13.2300314605236,6.29711598157883,1.51904141902924,10.4103854596615,31.5700939595699,8.83262366056442,2.17559683322906,33.6377183198929,880.621598869562,0,7.78871440887451,27.9770349264145,565.853761017323,33.0966772735119,91.457167416811,0,4.61211949586868,0.613718926906586,20.105557590723,574.455835789442
5.91619980335236,954.735505282879,15.9051206111908,0,5.29866480827332,11.3071604073048,39.9584010243416,12.6327833235264,893.637664288282,0.452597707509995,4.525430560112,1.18587112426758,418.659167796373,66.7626395523548,5.74117684364319,0,9.46451640129089,14.7900797426701,19.5355280935764,0,23199.8498892486,15059.2350157499,22194.2379940152,1260.73648700118,934.009412795305,21.0523518323898,7499.27939715981,8936.301207304,292.575705468655,1065.77021926641,0.47606948018074,0,351.497765719891,258.432051122189,485.319065630436,5106.549282372,1343.60226842761,814.536268889904,1573.86338979006,66.4487402439117,11.9916139245033,0,532.910178780556,99.3309990763664,223.853401958942,152.761017799377,37.0778039395809,18.4482895433903,29.0381863415241,61.0916146934032,4.90469920635223,69.710922986269,0.934285283088684,4.79616832733154,11.5462321639061,150.509347528219,91.2681661844254,842.644628256559,0,7.41670933365822,0,1.56045067310333,82.1310330927372,17.0564458966255,5414.76053860784,61.3895931839943,1.20583218336105,11.9894832372665,0,4025.04841139913,2461.51505678892,5339.7119999975,1462.73600706458,0.903674006462097,64.9390564858913,1313.35478383303,294.298022061586,164.677463173866,2874.5970313251,0,0,40.0813980698586,233.103056520224,390.799806267023
14.2353693246841,1407.78131106496,27553.391100511,0,6.1431593298912,11.5180733203888,24.8148399591446,32.7144988775253,12.9964508116245,0,2708.34522691369,0,523.024889230728,134.301607400179,3.94489678740501,9.46451640129089,0,2758.38767716289,17829.9640983045,0,2305.62840512395,458.476045995951,17808.8220943213,7.05328392982483,92.2884835004807,12104.4643562585,18390.0657356977,36.8185424804688,250.158359706402,1586.05175319314,63.116187274456,22.9276275932789,14.8090733885765,16398.0552004278,47.7187240421772,3901.84565971792,8448.44016605616,2326.83711233735,1260.47405913472,30.0726454555988,31.5780594050884,26.6367460489273,358.402480661869,644.301824972034,121.550999850035,241.719737380743,9.59695759415627,2.69279026985168,10.0770366489887,0,183.052111551166,2393.23394988477,0,4.09662282466888,0,7.02898636460304,4.58429408073425,37.0993967354298,0,364.935244113207,0,44.8865575194359,18.8730512559414,26.6255795359612,61.4152222573757,1145.7411776036,72.4338469207287,273.080975726247,0,60.845818400383,205.829685479403,1604.20805606246,21.6614392399788,49.1515444517136,2331.12863859534,7923.34989319742,13.1833225786686,6.05236095190048,17.7792834341526,26.2130908668041,0,0.394064903259277,458.938332617283,367.656169682741
2.85269051790237,56.2138501107693,354.943742036819,0,0,0,1.57416194677353,2.40672406554222,2.46809843182564,0,24269.3591046929,0,2140.79531300068,13.1049571335316,0,14.7900797426701,2758.38767716289,0,9418.06579166651,0,81.7020528614521,65.5308068990707,638.185336589813,13.9395523369312,864.313875943422,4527.29656216502,747.602426320314,3.32864117622375,17.5764664411545,96.075810700655,114.101581931114,4.52708673477173,0,677.999204874039,0,104.044308573008,230.564924955368,89.0837401151657,28.478305876255,0.427026987075806,0,7.7614463865757,4.68643242120743,126.222996026278,2.71957871317863,4.0148443877697,0,0.650625765323639,8.45029583573341,0,9.83587798476219,35.7220860421658,0,0,0,0,0,0,0,1499.63337528706,0,246.471418946981,1.2145711183548,0,1.17081040143967,12.9310548603535,93.5886180102825,51.3298999071121,0,1.99688923358917,0.843788713216782,11.2561554312706,0,170.906155258417,1732.11179113388,542.519413113594,0,1.00892460346222,0,73.6259679794312,0,0,26.9952962696552,9.1940221786499
23.9142355620861,381.383443892002,2304.12521228194,0.883175313472748,5.8136942088604,10.3653785288334,25.0355332791805,60.8856423795223,34.3053191900253,0,18631.0805084407,0,2577.58728075027,200.964057475328,2.72328045964241,19.5355280935764,17829.9640983045,9418.06579166651,0,0,1699.64054781199,157.147677928209,7192.37035699189,29.937540858984,1288.53562599421,8104.93595844507,8864.51797625422,55.6669441461563,318.501753628254,2092.32486638427,141.549507975578,26.3078508973122,27.1295139491558,10544.1753014624,12.6626214385033,898.887603640556,2483.87874349952,933.715141892433,280.930365413427,27.4140738248825,20.3114971518517,106.979186058044,121.608054339886,627.2483651191,29.9295607507229,46.1737812012434,4.28824526071548,3.27496317028999,33.3798767626286,0.424699932336807,243.477818131447,660.301410675049,0,0,0.476586282253265,2.02202618122101,1.5047259926796,11.1304927170277,0,4116.29993598163,0,658.488496690989,4.4619657099247,3.0777647793293,11.5781909823418,361.780079513788,759.103779286146,802.761117056012,0,11.1603100001812,27.7423015832901,102.61116155982,23.6472470760345,547.658216923475,8618.22821713984,5322.70058573782,3.71965631842613,1.81601822376251,11.6616886556149,258.438929706812,1.03593170642853,0,444.933980286121,59.8903881013393
30.1455342173576,2.41476058959961,0,21912.6074993312,26.0182974040508,328.362615138292,5077.0783174634,610.093828648329,1624.95629227161,26574.3664183915,0,20346.0392937958,7.08437833189964,493.022412180901,1090.9713742733,0,0,0,0,0,0,55.7431803047657,0,1961.69722911716,1.44303694367409,0,0,9742.79723381996,23.4287399947643,37.8757946789265,0,11.1801733672619,0,2.68344801664352,4.47087335586548,226.366027891636,0.843346178531647,11.6684869229794,2.95970940589905,330.786257147789,10.5836961865425,0,71.4064800441265,0,8.97682437300682,1.99282938241959,1228.59205961227,1.68635410070419,2.67510795593262,5.09650757908821,0,0,618.18039342761,16.2212089896202,248.292866826057,150.579734802246,460.563097968698,251.301524728537,369.40749168396,0,336.764048650861,0,94.2442585527897,391.598629266024,1.14566016197205,0,0,0,140.196869254112,0.502654612064362,2.22818666696548,0,1262.29709643126,0,0,0,1184.22769871354,12.315596818924,9.40923541784286,0,0.544079422950745,0.764656543731689,11.2655629813671,4.09114903211594
151.042872905731,214.96208435297,914.09457179904,0,42.0136983394623,72.1864968836308,2541.70706111193,230.351814866066,1089.94678112864,1.80298346281052,428.259485960007,8.78825613856316,1427.45346558094,869.027564585209,28.4614457190037,23199.8498892486,2305.62840512395,81.7020528614521,1699.64054781199,0,0,6254.2037473321,63521.0266743004,3389.9055262506,220.309198558331,170.13720741868,934.410560399294,10918.0901243985,1784.92551288009,37886.0922374427,8.2122169137001,31.7465851604939,1461.6081507802,13891.7651344836,2716.35313147306,21150.6771897078,6592.58724698424,19619.7397810817,12070.5726653337,413.853758335114,141.601380467415,15.7836491763592,1292.119094491,186.754461050034,611.338251799345,425.32466211915,180.286795169115,73.9969106316566,120.590411514044,207.274862378836,2.9935091137886,58.0954791009426,2.19634109735489,15.2603006660938,32.5557728111744,352.036130607128,480.321681857109,1157.46572709084,0.522219955921173,29.6455452740192,1.61586311459541,3.4019658267498,352.180206865072,45.6144802570343,3228.99073001742,42.0320803672075,1.94147962331772,7.04504543542862,1.15495097637177,4096.60802461207,2300.59177345037,3900.91523382068,3501.48492133617,2.43206736445427,44.3704442679882,1021.23165915906,933.775681704283,667.825987756252,5950.39934191108,0.564972221851349,15.6731652617455,162.655979841948,650.274748533964,1166.88736730814
36.5056082904339,3403.38712340593,1063.08627673984,45.2449859380722,56.386190623045,220.474203318357,520.457267194986,557.533482164145,4430.73648303747,31.9519517123699,41.1936283707619,78.1723499596119,838.949664980173,1833.42902138829,149.818933159113,15059.2350157499,458.476045995951,65.5308068990707,157.147677928209,55.7431803047657,6254.2037473321,0,5884.83169260621,7727.22510066628,5142.48207712173,128.754012227058,23543.6492610872,6328.19574019313,1634.5035597384,3785.26177734137,4.33616781234741,23.3269763290882,221.814129173756,359.15901529789,124.881270647049,982.467562794685,218.915430217981,457.945563584566,362.543400615454,393.990841418505,46.7677246332169,14.9844468533993,217.980891436338,71.702514976263,110.329391658306,64.4534268379211,28.9153954982758,6.37632963061333,14.7738242745399,58.6877115666866,26.4990383386612,219.528483867645,1.73100006580353,5.56958299875259,5.2145391702652,136.683922022581,105.070996820927,940.081516832113,0,61.4815478920937,0.535787045955658,10.6734142899513,82.2681729495525,13.7914009094238,1885.16839048266,59.9530313313007,8.80364167690277,22.3416363894939,0,1269.33214730024,1424.46329179406,1695.9195947051,1189.56783095002,25.2270772457123,172.295848965645,2790.86419215798,230.613518387079,133.058351546526,1177.86794060469,10.5859137177467,2.01767891645432,19.9243941307068,114.753553837538,122.307113915682
48.1728469133377,1340.39484214783,19569.0809685588,0.714516758918762,21.890513420105,39.8241401612759,76.8535331785679,101.55807185173,384.425688058138,1.80584341287613,2360.8443596065,5.12385055422783,1170.53594374657,389.248716294765,18.9460943043232,22194.2379940152,17808.8220943213,638.185336589813,7192.37035699189,0,63521.0266743004,5884.83169260621,0,33.0496560931206,777.352332174778,3078.53745236993,36178.4341955632,364.990200936794,416.599907249212,11549.1220689416,121.261336088181,39.3819206953049,185.895448327065,13049.1157494187,1713.14235267043,41069.6126915514,18117.2522741556,23462.8022255599,24354.6516929269,359.29099842906,156.247794181108,11.4718824326992,1259.46455585957,652.96427822113,376.946632266045,832.447765633464,78.6468623876572,41.0562252700329,47.6314457952976,33.724977388978,33.6057406961918,548.985570266843,0,19.3296492695808,12.8750723302364,151.108527570963,82.7285097539425,573.113761425018,0,227.331173300743,0.665371298789978,15.8919448554516,70.8225191533566,116.528665661812,9091.27688911557,278.4192058146,16.093814343214,55.988493219018,0,7547.77725090086,2766.31951214373,15390.4990528524,932.159916728735,17.3846586048603,336.10561697185,11459.0907045901,246.954975649714,68.4276553690434,2890.18576353788,2.32670059800148,2.92182594537735,14.8134504556656,321.662405639887,3174.95532101393
690.742270797491,332.074495404959,0.490936130285263,4231.53199294209,79.5582450032234,763.156850665808,22048.0719420314,1665.57470998168,23153.967972815,1417.80038309097,14.6190339922905,2677.90744996071,173.626000761986,2749.0117482841,1021.14511197805,1260.73648700118,7.05328392982483,13.9395523369312,29.937540858984,1961.69722911716,3389.9055262506,7727.22510066628,33.0496560931206,0,629.420141488314,7.08688932657242,14.4912629425526,96458.2112134993,1854.02607232332,5706.906332165,0,41.2789854705334,104.175698757172,152.12207710743,135.326409757137,759.088549882174,12.555896282196,218.874779641628,49.8239410221577,831.149094969034,80.9346929788589,2.38949102163315,623.917003214359,17.6021728515625,469.564226478338,77.268731534481,995.126101255417,45.4108560085297,15.3512085676193,243.132491409779,2.56921577453613,3.50998669862747,670.23373785615,43.9927186667919,538.984540432692,1355.4244581759,3899.57995447516,2007.070931077,400.73977085948,4.66914394497871,689.159579992294,0,1547.79454232752,301.133800387383,335.979059994221,7.73603427410126,0,0,321.061510831118,536.032537311316,845.917084366083,192.40865200758,9855.18341329694,0.701415777206421,10.8171517550945,16.83424949646,5757.07813698053,603.891914948821,2431.83852154016,0,8.89825436472893,64.5644845962524,334.171542137861,111.857297033072
2.67924201488495,5583.6902526319,34.886209666729,2.52116096019745,0,3.16887834668159,10.6885324120522,14.5204446911812,116.837410628796,1.45119202136993,2320.44365248084,0.491892099380493,7527.36166751385,64.9552612602711,1.48139101266861,934.009412795305,92.2884835004807,864.313875943422,1288.53562599421,1.44303694367409,220.309198558331,5142.48207712173,777.352332174778,629.420141488314,0,4359.8292362988,15722.6678391993,297.674145907164,47.7665127813816,63.3033128082752,61.8826429843903,2.44380307197571,0,222.797998249531,2.31227272748947,259.413321495056,2109.46439024806,85.96073153615,84.6580452620983,12.2694436609745,1.10976386070251,1190.29624980688,12.4723733663559,536.067146331072,7.00323182344437,10.4241260290146,0.487766236066818,0.478199481964111,680.029225230217,0,370.668926507235,13.8678680360317,0,0,0,2.68431216478348,0,1.86847925186157,0,6169.45332172513,0,1315.99771460891,3.26582247018814,1.03807318210602,112.993787407875,12.2574486136436,140.977709054947,63.5321014523506,0,57.3071049749851,49.3881133794785,124.285813808441,3.26559090614319,2371.96977832913,2320.39906407893,1525.40839359164,2.18977627158165,3.40937650203705,11.5139172375202,162.131863474846,0,0,181.538818746805,16.8170979917049
1.05292794108391,2849.19783839583,13569.0530192256,0,2.89256602525711,1.84797328710556,2.85200899839401,10.469037771225,1.92223083972931,0,9991.96063262224,0.582246959209442,6632.98388925195,42.6935253441334,3.97752153873444,21.0523518323898,12104.4643562585,4527.29656216502,8104.93595844507,0,170.13720741868,128.754012227058,3078.53745236993,7.08688932657242,4359.8292362988,0,50927.4252409935,9.98879113793373,37.9508076310158,66.6397877931595,3259.3066097796,22.5875826776028,3.36894348263741,1972.42480492592,16.6118924915791,1851.44480937719,2422.57315570116,671.680967390537,570.62768676877,7.63428205251694,6.66217619180679,75.6304769515991,818.505520746112,961.452701613307,183.198731347919,358.159482553601,10.8723386824131,9.35613375902176,20.4097697138786,0,1121.07209357619,5232.05558043718,0,0.6939657330513,0.40458607673645,0.356609612703323,11.97215077281,47.2680296897888,0,2124.35901117325,0,560.989802598953,29.1037056744099,9.02927106618881,76.7643377184868,2798.855142802,1014.6967266202,2443.26450173557,0,11.2436013370752,471.277228966355,595.337416440248,4.43690231442451,1218.21003109217,14635.3607078344,23745.4744236171,1.88251757621765,3.96353009343147,0.828960835933685,312.179798215628,1.62041312456131,0,1213.07885977626,106.988441258669
10.3424687385559,41287.4971110821,48654.9716076553,0,8.21606540679932,4.51571437716484,8.11821481585503,16.0185767114162,194.740374088287,0,3234.86886790395,0.733730494976044,15708.845140785,161.181536704302,6.51042321324348,7499.27939715981,18390.0657356977,747.602426320314,8864.51797625422,0,934.410560399294,23543.6492610872,36178.4341955632,14.4912629425526,15722.6678391993,50927.4252409935,0,23.3406738042831,104.525581628084,331.212356835604,1057.78619876504,43.0403651297092,7.73486870527267,8147.59758138657,130.73928886652,11992.8774957657,14307.2998428345,5374.67187988758,4929.17056247592,45.0574496686459,45.8792627453804,104.086001813412,2219.06132395566,3220.21385101974,646.838534265757,1068.28538914025,16.8673385381699,41.9141804277897,38.0106512606144,2.02319145202637,3059.8066560477,11573.2577123493,0,15.0153238177299,1.77556002140045,33.7425326406956,16.6009855568409,120.07887455821,0,4481.69305491447,0,1114.14979022741,50.6666249632835,43.8181501924992,4168.58208021522,5629.89107647538,1344.20966288447,3869.48263862729,0,2367.49438923597,2132.84399056435,19352.8434138298,70.4527477622032,1442.86214464903,25321.0543234646,76030.9559807777,59.3774585723877,22.8747518062592,150.409553438425,425.652750402689,0.524104297161102,1.60666933655739,2212.66955889761,1021.0102891922
435.815080791712,191.340792775154,8.50119364261627,27939.3191123903,160.155559659004,1018.92968894541,47999.1938406527,2438.24001443386,18133.2769103646,2991.68026804924,24.5130931437016,2005.67710140347,752.837900459766,5269.90872901678,1304.23279458284,8936.301207304,36.8185424804688,3.32864117622375,55.6669441461563,9742.79723381996,10918.0901243985,6328.19574019313,364.990200936794,96458.2112134993,297.674145907164,9.98879113793373,23.3406738042831,0,6567.67953264713,22947.8968820274,0,95.1086095273495,1026.61628767848,780.667926847935,654.569908648729,4380.46723917127,221.46615549922,956.187436401844,483.538076668978,1685.51280325651,199.431696295738,0,1961.02798688412,81.3794016540051,1118.77225273848,223.584463834763,2471.03378486633,137.253887057304,117.467759370804,831.354635357857,0,7.71261331439018,1056.58113047481,87.2307672202587,1055.07363522053,2659.40413239598,8999.73018616438,4163.08199286461,737.190645903349,8.3464842736721,430.412392526865,0,3577.46571587026,535.377393633127,963.961552917957,13.2982358634472,3.10391056537628,3.79618659615517,222.310711562634,1488.13331753016,1251.77435332537,732.510974168777,21285.3071100414,0,7.56074544787407,67.7087961435318,11394.914032042,1757.48968718946,6825.41732165217,0,44.932435631752,189.738468468189,942.750876277685,304.398736178875
5158.20879629254,42.6820333600044,71.2968364059925,13.0943354666233,1778.17965561152,1334.02388095856,8491.22838285565,12696.9989234209,1689.83430683613,63.8513234853745,384.620167762041,62.8024878799915,1590.38145852089,28933.6306762993,57.859314262867,292.575705468655,250.158359706402,17.5764664411545,318.501753628254,23.4287399947643,1784.92551288009,1634.5035597384,416.599907249212,1854.02607232332,47.7665127813816,37.9508076310158,104.525581628084,6567.67953264713,0,32943.7300778627,8.82377979159355,13517.7576925457,17742.967196703,8218.69651377201,1407.19358891249,13493.1266950667,350.922721713781,5564.4429295063,1093.8419483602,922.611372768879,1274.45242768526,58.646323800087,1129.35059604049,43.8599038720131,367.586330831051,113.582024723291,561.129059672356,151.609341204166,153.425251573324,154.890535891056,0.622379899024963,5.20931980013847,22.6229897737503,20.8991993069649,126.967032700777,488.697029173374,1720.09938672185,608.255810081959,12.7037636339664,3.6089528799057,18.3242106735706,0,770.863728418946,57.2204072475433,96.9275859594345,5.18956845998764,3.50678008794785,1.1157660484314,6.41888302564621,162.98209297657,135.773482263088,69.6277981996536,3239.44926142693,0.43429970741272,1.62922218441963,21.0231820642948,1778.78405335546,407.552279517055,1584.59901940823,0,12.0244431197643,40.4659264087677,494.871052861214,373.384218454361
10622.5282246768,51.2462893724442,353.778010755777,21.2848840355873,415.263753861189,1514.48345503211,13565.3535336256,5369.88567474484,3945.9684843421,108.025023847818,505.088306635618,177.580840110779,1214.22309276462,19018.7390036881,181.017038881779,1065.77021926641,1586.05175319314,96.075810700655,2092.32486638427,37.8757946789265,37886.0922374427,3785.26177734137,11549.1220689416,5706.906332165,63.3033128082752,66.6397877931595,331.212356835604,22947.8968820274,32943.7300778627,0,7.18498682975769,518.815102726221,5821.50892028213,16049.0201529562,4233.66372251511,12223.6917307973,827.786807566881,13339.8313589692,5309.66059827805,1779.93208131194,989.729629546404,20.3040925264359,1579.29326191545,74.4121542274952,512.293800354004,219.369507908821,349.063365519047,81.9904632270336,98.2019539475441,220.492928832769,1.8753405213356,16.6462930142879,32.7402178645134,24.1831206381321,174.14983856678,777.98478025198,2413.75731216371,1071.37794947624,45.4554856717587,17.7862434387207,14.5852359831333,1.96204203367233,1071.56390868127,79.5078814923763,582.721388727427,15.5274942815304,1.4619574546814,3.82547125220299,16.1164428591728,966.288720518351,664.698360085487,526.994038447738,5723.29316604137,1.06610310077667,19.3309755772352,148.320461720228,2901.69572812319,687.216920554638,3350.7058956027,0,15.6381091475487,128.811282724142,572.713557928801,898.750329703093
0.862242877483368,10.5994088053703,32.8144473731518,0,0,0,0.406385183334351,0,0.63674533367157,0,334.102954477072,0,284.467698812485,10.3427721858025,0,0.47606948018074,63.116187274456,114.101581931114,141.549507975578,0,8.2122169137001,4.33616781234741,121.261336088181,0,61.8826429843903,3259.3066097796,1057.78619876504,0,8.82377979159355,7.18498682975769,0,1.92230844497681,0,284.38049736619,1.0913054049015,345.187440872192,922.361182063818,104.90250235796,96.0307020545006,1.5520852804184,2.39709281921387,9.5615798830986,4.79780402779579,120.234488844872,3.2786768078804,15.066253811121,0,1.28138029575348,7.69529551267624,0,1.97432661056519,3.32486638426781,0,0.552142560482025,0,0,0,0,0,442.909053772688,0,49.2736584842205,1.29588878154755,0.685429275035858,0.903655230998993,2.29252350330353,44.0811887681484,18.427156329155,0,0.476238995790482,4.18266445398331,2.83230665326118,0,34.0886418819427,915.530273377895,170.716944426298,0,0,0,30.6838674545288,0,0,5.67949843406677,13.1678171157837
