0,0,419.660283595324,1.83135932683945,2.05039191246033,149.53940269351,7579.04029251635,477.395382910967,0.411880642175674,8.68194589018822,19.0287376046181,0,0.873255550861359,16235.1996390522,0,0,1568.74535885453,40.2176198661327,169.874470755458,2.91120851039886,148.540541231632,0.254316806793213,686.235293060541,3.00747218728065,0,392.895918756723,94.7619808316231,136.112776488066,11574.6741168797,15378.7840104103,0,168.343448743224,184.977858394384,245.706443190575,8.60179191827774,39.1543724238873,36.7440835833549,269.098972663283,25.0411592125893,5.07914084196091,0,0.957044243812561,3.90376627445221,1.76176512241364,0,0,0,0,0,0,0,7.36723694205284,0.347196072340012,0,0,0,0,0,0,0,0,0,0,0,2.99999675154686,3.27507537603378,0,0,0,0,1.14323103427887,9.52236005663872,1.60917270183563,0,2.87134373188019,22.7897554636002,6.25471556186676,0,0,0,0,0,0,0.748585641384125
0,0,187.747666180134,0,13.672678232193,0.396391332149506,0,3.07409369945526,4158.01185542345,1.07896155118942,5.71992528438568,8.6743351817131,1689.24861723185,0,303.741017907858,602.02805647254,138.674202650785,7.35433346033096,69.1865313053131,0.739446341991425,46.9331021606922,2699.21604791284,112.76790240407,5046.13289454579,4334.17951932549,718.676669836044,33323.461727649,277.506441235542,0,1.41666674613953,32.4618820548058,2.29401594400406,0,21.2387410998344,8.06823492050171,208.562834471464,171.267264634371,115.752687186003,48.7699725031853,195.564250171185,0.591750204563141,571.446780443192,205.108746349812,289.668546795845,80.9654991328716,85.7326481640339,4.43812671303749,1.54301655292511,513.025065273046,0,3789.35892626643,150.343743354082,0,0,0.927021563053131,4.64172983169556,12.9223202764988,67.3683272004128,0,383.788803696632,1.47420078516006,867.695510715246,3.81486612558365,3.19828033447266,150.01669126749,141.821234315634,15.2397149205208,64.1325594484806,2.65220409631729,8.02102380990982,215.817105948925,115.955730855465,244.286750257015,249.506192058325,444.69303765893,10244.7032914013,5.86866545677185,7.59047675132751,5.58401933312416,78.9428678452969,33.5408949553967,0.405023634433746,51.9442488849163,6.50315177440643
419.660283595324,187.747666180134,0,0,18.213278979063,400.30256305635,437.649375498295,2905.42244240642,34.8370970189571,60.040918648243,253.661956012249,17.9491992890835,15.4249438047409,3311.37416735291,19.0844346880913,59.2824165523052,18313.1419601738,601.895541042089,1616.12071764469,14.2861788272858,7471.03367671371,133.391643881798,42789.6674151719,9.78266340494156,17.6783177256584,37796.7021551728,12339.3531175256,142.875685542822,412.250140488148,3282.44985428452,4.05626356601715,161.10065703094,41.5880583822727,1928.86556950212,1140.8555971384,13671.5943364799,5114.99030473828,6764.53037655354,2997.12894800305,142.390375822783,69.5575319826603,63.5206551253796,1027.09066718817,884.548338860273,448.061559617519,456.576990485191,13.188639909029,0,6.50096470117569,8.25983947515488,393.285507827997,3709.14647886157,0,5.26595199108124,1.157396286726,162.057589441538,78.718133866787,1.92025029659271,0,52.5248896181583,0,18.0823302567005,157.094693124294,4.5935868024826,431.434558242559,1523.90418967605,66.4154892861843,353.459599018097,0,51.609977632761,187.695629119873,1330.31310722232,311.173784315586,19.9902289509773,1650.8976072669,22003.4522970319,162.627236276865,39.3718881309032,78.750487446785,14.3538240194321,0,1.73953330516815,108.763075917959,605.548268526793
1.83135932683945,0,0,0,220.70844823122,376.213241666555,59.7192530333996,181.136475145817,7019.1023466289,8035.51347759366,324.107605516911,8966.1773006022,56.1557432413101,248.366730004549,594.318201899529,0,8.99755799770355,54.7980637848377,30.5266489982605,32168.4436632693,0.583281219005585,0.357670098543167,0.528766512870789,7545.90598282218,0,9.82164061069489,2.40410706400871,10274.5960226953,519.661986529827,6.40103539824486,0,574.107329159975,3.01927572488785,600.44061473012,312.70039871335,2911.36454364657,14.1475004553795,908.551700592041,74.5869355797768,1192.47710308433,568.243853986263,148.748823821545,611.15904378891,1.21135702729225,200.234461247921,15.7404885292053,931.573182463646,122.603331029415,8.96519884467125,0,7.44704610109329,0,6704.35722905397,101.242669761181,44.4753621816635,664.854288995266,83.0591842830181,2969.34240150452,2370.63493797183,54.4881904423237,457.130086034536,2.73375058174133,61.6690594255924,331.179380476475,0,0,4.01727744936943,1.38612151145935,2453.67337739468,2.25908172130585,3.22661662101746,1.81607365608215,3334.13340801001,0.653581142425537,0.543456077575684,13.4397086203098,2125.6213722527,27.0554619431496,0.841179341077805,0,13.9941978156567,0,112.969182282686,49.0529991090298
2.05039191246033,13.672678232193,18.213278979063,220.70844823122,0,1263.46996533871,324.285952806473,189.638485342264,795.007740557194,980.795866519213,0,3078.76937794685,9.57428866624832,12.6745175421238,2314.20686203241,24.9661326408386,21.2781153917313,3.42966461181641,6.08044528961182,272.013197302818,157.574415892363,18.2884358763695,181.865411818027,189.991903632879,17.8910578489304,16.5180413126945,58.1016855239868,447.723205387592,2.87712046504021,42.708694756031,0,123.480163663626,0.859815537929535,6.29483434557915,972.481519937515,135.864950925112,71.5845083892345,20.421769618988,28.0132811069489,10220.2312814295,42.6881621479988,11.2947522997856,29.9168598651886,2.17573583126068,6.81907558441162,6.1439505815506,124.029788613319,7.6254723072052,0,0,1.23312222957611,1.57402098178864,396.574237793684,14.7697197794914,7.07681065797806,2.36920893192291,2.02251207828522,240.720344334841,93.3047778308392,5.32269775867462,72.6174003779888,0,2.14565777778625,72.4596648216248,1.79263558983803,0,0,0,114.584919601679,3.10836744308472,2.02028918266296,15.1728957295418,222.970080316067,0,0,8.04117780923843,39.8353764414787,1.47745871543884,0,0,4.34635862708092,0,4.47230207920074,351.496934175491
149.53940269351,0.396391332149506,400.30256305635,376.213241666555,1263.46996533871,0,4638.51654979587,6479.99850571156,238.06524053216,40658.6508147418,140.530137449503,9930.635445714,23.1361364126205,1368.5039074719,1493.04833686352,2.33437502384186,983.929388195276,59.4908571541309,112.717674851418,794.63923060894,262.841599285603,1.5975538790226,582.931425079703,268.597591161728,0,348.716273158789,82.2454949468374,4307.68016651273,231.614675700665,1509.81275901198,0.793631166219711,790.989229530096,4.67998519539833,229.757690548897,963.67332726717,1116.47659540176,50.785253405571,323.421708628535,71.3552851080894,3625.33238586783,406.514962911606,81.1832420527935,58.3006245791912,2.20957818627357,6.54056879878044,3.63252237439156,55.140190154314,1.62204933166504,1.47942206263542,0,0,6.4269625544548,76.5329565107822,6.84333479404449,0,39.308031052351,3.24669587612152,60.148898601532,11.398510158062,14.4099624454975,18.7395032644272,0.435890167951584,0,13.3356953263283,5.10446345806122,0,0,0,28.8134891986847,0.419845700263977,0.954644948244095,8.85396349430084,188.657156258821,0,0.445292234420776,22.3721966892481,106.989514499903,0,1.31155920028687,0,0,2.01844763755798,1.10687100887299,189.514664947987
7579.04029251635,0,437.649375498295,59.7192530333996,324.285952806473,4638.51654979587,0,17694.6991046965,1383.17349991202,21555.9705194235,881.731061056256,118.39831674099,139.539708077908,33365.0990422368,1123.73883667588,12.5708603560925,144.427232921124,217.777217328548,128.0803129673,48.8572308719158,2051.40533229709,16.5336887538433,948.19947040081,1337.59009578824,0,188.424374580383,520.072311848402,65795.9746391922,4626.68199284375,5668.28599992394,5.51203140616417,1558.49276047945,381.756514012814,3867.45508414507,2926.79368233681,6446.78018656373,156.296593397856,3531.16619414091,742.597494661808,1360.10747969151,948.607651352882,257.757606357336,1002.74915340543,9.46562466025352,279.29162722826,53.3483386039734,477.004106491804,153.368303894997,7.05868184566498,0,1.30119490623474,56.6811763048172,563.725936502218,7.50762006640434,27.7042183279991,1043.07072269917,218.668618112803,388.696846336126,197.933137953281,95.7809714376926,18.5575157105923,1.9753066599369,88.2822886407375,28.4484753906727,139.759894192219,7.80149966478348,0,0.866855263710022,65.4908211827278,4.354293435812,16.5144912004471,203.134945034981,2142.2242218256,1.36694633960724,3.15981766581535,340.134708374739,2289.50694811344,46.6851280033588,3.57769134640694,0,37.0950273573399,0,105.379130095243,477.759370476007
477.395382910967,3.07409369945526,2905.42244240642,181.136475145817,189.638485342264,6479.99850571156,17694.6991046965,0,51.3874898552895,16016.4794071913,86.9251089096069,905.161463081837,7.86105424165726,11846.0985557139,77.7573638260365,8.01400721073151,5232.61738732457,196.838106274605,588.324579402804,395.460521280766,1503.44636625051,6.65570691227913,4421.2278880775,56.458421677351,0,2337.03313453496,603.661844551563,2472.46938508749,327.66886484623,7057.70756581426,0,342.473380684853,28.9132187366486,833.645250871778,75.0875641405582,624.262437045574,248.446755290031,1918.62496784329,431.878583103418,102.546703159809,33.5572180151939,26.6823532581329,42.2420461177826,24.8751103579998,9.99419659376144,5.02804172039032,11.158801138401,0,0,0,6.44457858800888,93.3859886825085,7.58732932806015,2.39104202389717,0,19.2095504701138,0,9.76368018984795,3.24338972568512,0.342846691608429,4.23692965507507,0.397356331348419,0,1.18872690200806,67.9338683784008,13.979630202055,0,0.325940102338791,11.3623470664024,0,6.75902956724167,114.607661738992,46.0956861972809,0,5.78917130827904,415.657244458795,42.1348577737808,0,0.704958438873291,0,0,0,6.94664892554283,11.1333323121071
0.411880642175674,4158.01185542345,34.8370970189571,7019.1023466289,795.007740557194,238.06524053216,1383.17349991202,51.3874898552895,0,705.679147899151,53.1543986797333,3494.27080699801,3144.38272932172,43.025664716959,4160.16360643506,690.766674250364,7.61911737918854,8.28614312410355,5.09102356433868,1175.9810680151,175.921923100948,7407.99150541425,391.262282401323,37264.2027238011,4714.81008541584,22.0466951727867,4983.01106417179,10966.9524000883,128.627742469311,108.758794516325,90.5872591137886,328.816989034414,8.52288627624512,116.776151567698,164.984316110611,1017.44959521294,92.4225597381592,189.207469671965,82.7384181320667,1307.4237819314,118.297733068466,418.252758622169,752.225960373878,104.948833972216,153.133699625731,37.9138520658016,138.518679499626,43.1789473295212,338.742190182209,0,49.3703595101833,7.36625325679779,1094.20364299417,8.13349974155426,11.9836743474007,406.635384708643,59.6396800279617,3714.11822971702,118.932616353035,333.337963968515,38.6766012907028,468.530671089888,23.5607641935349,31.9759084582329,4521.23145738244,13.2028048038483,48.1324162483215,6.32652553915977,136.267337054014,239.729026526213,3660.09152856469,874.565026253462,6461.28273719549,93.0261382162571,32.0364655554295,1066.74197119474,2022.60107117891,35.4760797023773,24.5170631408691,27.4755730926991,24.0464834272861,3.00168871879578,82.2905960381031,135.98939037323
8.68194589018822,1.07896155118942,60.040918648243,8035.51347759366,980.795866519213,40658.6508147418,21555.9705194235,16016.4794071913,705.679147899151,0,3079.426841259,14851.7634113431,561.297210156918,3824.02728873491,997.731420695782,2.2546738088131,178.378014415503,832.791026294231,421.021547704935,3300.16944691539,35.2049208283424,0,89.6679091453552,247.052019625902,0,333.610041171312,81.0856411159039,22314.4308018386,4532.57262581587,97.3154136836529,11.6226048767567,4408.15449784696,12.4099095463753,3462.0127414465,1329.43385565281,9614.7496099174,88.5056829452515,4763.41339409351,471.985244840384,3714.63710719347,2736.99201625586,578.095373988152,824.636022627354,5.73433351516724,379.557898044586,83.9743019938469,866.703802376986,187.846093416214,30.6279810965061,0,2.36134892702103,1.3301647901535,4234.6071023643,70.2281076610088,22.7965402007103,692.353777945042,62.3580720424652,623.162867516279,1407.96224492788,74.6515491902828,324.725927203894,13.8440064787865,84.5902998745441,184.372976452112,1.49440756440163,0,0,0,849.687706917524,3.50627484917641,3.73646122217178,3.91379773616791,2154.49345088005,0,0,10.2258144021034,2166.2033020854,34.8298402428627,3.65987104177475,0,4.16053140163422,0,135.578693211079,140.513585358858
19.0287376046181,5.71992528438568,253.661956012249,324.107605516911,0,140.530137449503,881.731061056256,86.9251089096069,53.1543986797333,3079.426841259,0,1565.95356869698,5065.86311331391,157.556547790766,15.4778901040554,14.2652040719986,934.420985996723,9365.85254684091,1520.81308951974,740.0755687356,290.287452191114,7.28650736808777,455.309489518404,27.5697191059589,46.8937190175056,3730.44246134162,418.190979838371,622.169816121459,1420.39114938676,273.107651561499,175.02212652564,1650.68662360311,72.5383265316486,11066.4682803154,81.9651384353638,2127.50781577826,4399.4780613482,9672.65832623839,591.760344088078,194.965349167585,273.734161019325,1621.0145970881,68.6503538191319,316.951442420483,39.4996512532234,3.05743998289108,67.3165908455849,0,367.810819327831,0,146.33954501152,20.1919067203999,9.10895437002182,0,1.89919984340668,32.9140126407146,7.99206101894379,103.814029097557,4.11865642666817,766.06292361021,21.7241860032082,1226.23785299063,0,7.29850876331329,6.67971143126488,6.92390155792236,0,0.634075045585632,39.8152433037758,0,76.014770925045,4.73379075527191,256.647697836161,203.878363370895,25.0637876093388,203.313504993916,76.4236855506897,1.28117609024048,0,195.177039504051,67.4597435891628,0,61.2714486718178,31.9690977931023
0,8.6743351817131,17.9491992890835,8966.1773006022,3078.76937794685,9930.635445714,118.39831674099,905.161463081837,3494.27080699801,14851.7634113431,1565.95356869698,0,272.506817817688,763.969681680202,6092.76308915019,0.626710295677185,64.4527758955956,306.714084595442,149.685503929853,22213.3392117023,7.33146059513092,6.8266966342926,35.2517640292645,327.893690168858,1.07468128204346,160.239902973175,43.4512062072754,1011.40009298921,2496.27298361063,14.1090099215508,9.66992616653442,4627.22798630595,2.87211498618126,1256.60326394439,2660.96105125546,1768.30656835437,24.2601621448994,1402.95982444286,118.702382624149,6312.81588932872,1081.38598391414,168.039458662271,60.3290106356144,1.31978666782379,55.4261948168278,19.5983587801456,195.705259203911,11.2967835068703,10.159627109766,0,3.03640955686569,0,966.43350815773,40.9728464782238,7.78535771369934,24.6419039964676,8.93588554859161,572.842881560326,275.417149811983,20.7671724557877,388.67727714777,8.38604354858398,3.98357355594635,112.13592723012,1.89636194705963,0,0,0,278.12733951211,0,2.44807654619217,6.47589665651321,412.758034557104,0,0.633899629116058,2.95971867442131,134.064900279045,2.67366862297058,0.67640620470047,0,0.428068965673447,0,4.29279455542564,854.078949570656
0.873255550861359,1689.24861723185,15.4249438047409,56.1557432413101,9.57428866624832,23.1361364126205,139.539708077908,7.86105424165726,3144.38272932172,561.297210156918,5065.86311331391,272.506817817688,0,1.980209171772,194.364577680826,82.4884907603264,35.353031039238,91.9698578715324,17.111118465662,120.515401422977,16.2233829498291,990.575896471739,36.5680480003357,1792.13635334373,1936.67642897367,448.738407105207,1432.78100374341,207.598311066628,143.435263246298,13.498976111412,1140.86663410068,187.978053182364,4.7713914513588,573.11697524786,27.5409263372421,668.147645384073,9649.32070097327,5178.13744166493,233.449593096972,168.475985407829,60.5479940772057,5191.84968930483,89.5676971673965,2423.55133336782,175.260771125555,8.29622256755829,42.0682118237019,3.4182825088501,2240.37277469039,0,1510.38347989321,0.908664643764496,0,0,5.67654597759247,6.51354414224625,46.0337006747723,952.797936394811,7.4365676343441,8610.30492338538,46.6883211731911,18089.3072107136,3.22570163011551,40.3511616587639,47.4867947995663,1.37529975175858,43.0388754606247,9.49608677625656,20.9045533537865,0.734284996986389,584.761802732944,3.73568171262741,762.806363850832,2682.25893902779,1003.28239566088,5221.67993289232,3.42414146661758,7.61743456125259,0,8176.82671394944,439.784613877535,0,339.593151330948,17.0109155476093
16235.1996390522,0,3311.37416735291,248.366730004549,12.6745175421238,1368.5039074719,33365.0990422368,11846.0985557139,43.025664716959,3824.02728873491,157.556547790766,763.969681680202,1.980209171772,0,16.7527716755867,6.96858075261116,8737.30220216513,404.804977208376,1495.10456201434,410.393441826105,2126.74634701014,8.51096621155739,5764.70135208964,50.050360172987,0,3098.48745378852,703.546177059412,2064.66049264371,9864.80700308084,42286.3613536656,0.514541208744049,3558.47202083468,174.063910096884,1370.70924782753,61.7622012197971,522.168123036623,352.835269719362,1882.38690054417,352.744047135115,61.7878828048706,9.87899813055992,15.6480902731419,92.131678134203,21.7876634895802,12.837678194046,5.8944383263588,48.2527471184731,1.62133157253265,0,0,5.38108432292938,87.3692723661661,35.4210958778858,5.11838710308075,0.643622636795044,48.2208128869534,6.45348101854324,9.3791660964489,17.2105029821396,5.2590634226799,5.18593901395798,0,0,5.0248349905014,47.553219974041,8.37146961688995,0,1.24876725673676,18.2259472310543,0,5.65313854813576,70.4433996081352,118.879781603813,0,14.5416732430458,300.862150803208,113.125963389874,0,0.532236397266388,0,0,0,8.8230949640274,10.7601875960827
0,303.741017907858,19.0844346880913,594.318201899529,2314.20686203241,1493.04833686352,1123.73883667588,77.7573638260365,4160.16360643506,997.731420695782,15.4778901040554,6092.76308915019,194.364577680826,16.7527716755867,0,51.0590397119522,2.70567634701729,2.64080649614334,0.850342392921448,484.944056451321,440.506526738405,312.333051949739,266.438343048096,2339.39445066452,338.88727915287,13.7481507956982,525.79049795866,3075.34607934952,22.5701592564583,331.013680398464,4.03957685828209,694.529074728489,2.32169681787491,24.5770306885242,2400.38431295753,791.767430990934,89.095257461071,59.5935434997082,31.6474747061729,5156.66145509481,62.5758680403233,89.2525790929794,156.798867702484,4.76241838932037,21.6083115935326,7.3254177570343,415.425620943308,26.1034770607948,15.018264323473,0,4.38716036081314,1.92866212129593,1342.57954627275,71.2842366099358,17.3230290710926,59.7808544039726,10.9996666014194,792.216157019138,305.863369733095,21.0608932375908,232.838676929474,19.2128947973251,13.7110757827759,216.253528475761,14.058228045702,0,1.61431670188904,0,394.221809655428,7.02185469865799,1.10758411884308,18.2085672318935,725.648761719465,0,0.790671646595001,22.2967510223389,340.432388424873,6.35331523418427,4.85998284816742,0,6.19935125112534,0,18.1811918914318,571.886506289244
0,602.02805647254,59.2824165523052,0,24.9661326408386,2.33437502384186,12.5708603560925,8.01400721073151,690.766674250364,2.2546738088131,14.2652040719986,0.626710295677185,82.4884907603264,6.96858075261116,51.0590397119522,0,50.7726456820965,28.4397816061974,44.6015018224716,0,5797.05236449838,10871.3495601416,5128.52750390768,5033.31088334322,176.314183503389,62.1177282035351,7921.41771245003,3380.37982279062,1.82286009192467,29.2175291478634,1.46157586574554,0.366874486207962,0.373497426509857,312.637207984924,806.250555634499,7177.8553340435,1576.79288423061,2972.17059338093,1559.04375120997,209.883488833904,50.6022250950336,103.259447783232,857.078742355108,92.0257570147514,137.961540818214,106.594202697277,95.5680577754974,8.21570014953613,2.86454343795776,0,31.3468732237816,97.1490720808506,0,11.6074243783951,3.62661650776863,26.8592118620872,20.7238188683987,30.4399875998497,3.53861907124519,38.9913794100285,0,7.29319453239441,9.72782129049301,16.8254274725914,11589.1802354455,33.091905772686,1.21582216024399,11.2193244695663,3.5556093454361,1014.60525387526,1798.80632245541,5655.29370212555,1942.23188507557,0.657552659511566,52.5037396550179,2339.54449737072,548.522249400616,17.6748910844326,166.598811984062,1.91611588001251,0,0,87.0559759438038,356.867118775845
1568.74535885453,138.674202650785,18313.1419601738,8.99755799770355,21.2781153917313,983.929388195276,144.427232921124,5232.61738732457,7.61911737918854,178.378014415503,934.420985996723,64.4527758955956,35.353031039238,8737.30220216513,2.70567634701729,50.7726456820965,0,1499.12177717686,7166.73843860626,46.2930129468441,4659.48417642713,98.2520331144333,16954.5004668534,12.302916675806,12.8735793530941,21450.6923633814,12369.6714052856,118.804409831762,5103.0352563262,10446.5386684239,3.92685011029243,483.091048777103,552.601801991463,11132.707921803,480.712416887283,5157.80114603043,5208.53072807193,4418.4889253974,1406.63437363505,73.4443953037262,46.9552560150623,8.12173989415169,261.676822155714,530.407896369696,146.364054828882,98.5638417303562,2.94613975286484,0,4.61024305224419,0,164.308291763067,878.535610288382,0,4.80805957317352,0,23.2399148344994,2.24204701185226,3.02678221464157,0,19.4909465312958,0,8.22147166728973,5.08229476213455,0,41.8652924001217,410.94232109189,21.6682863235474,160.582913011312,0.448335021734238,6.597570925951,37.2003718018532,181.887198746204,46.911577552557,11.3779152333736,1570.62878745794,6901.43015354872,21.813367754221,4.61097753047943,19.7246277928352,17.0928650796413,0,1.84549930691719,41.0660802721977,235.989946633577
40.2176198661327,7.35433346033096,601.895541042089,54.7980637848377,3.42966461181641,59.4908571541309,217.777217328548,196.838106274605,8.28614312410355,832.791026294231,9365.85254684091,306.714084595442,91.9698578715324,404.804977208376,2.64080649614334,28.4397816061974,1499.12177717686,0,3381.94070699811,189.589444816113,575.021540254354,13.3665782213211,903.881206452847,5.82936576008797,2.59461462497711,2657.938824296,1028.6442745626,197.249900728464,660.933744192123,336.367120176554,22.9094898700714,260.966525822878,123.922064304352,3825.18201375008,509.075649470091,7595.38278856874,3631.93617263436,11203.169244945,2813.71322962642,47.9713916778564,22.9649211764336,7.00119650363922,18.5339270830154,118.785985261202,6.69132116436958,14.3731716275215,1.01560759544373,0,1.74939489364624,0,7.01368540525436,45.2285009026527,0,1.30175924301147,0,0,0,8.326267182827,0,81.8826675415039,0.549136936664581,44.1513623595238,0,1.37758564949036,3.96597844362259,11.6020447611809,11.1077705621719,8.79328906536102,0,0,1.39428758621216,13.0838467180729,3.65740960836411,3.37052458524704,194.877403616905,489.605761379004,0,0,1.179682970047,107.05335611105,0,0,3.50479632616043,291.677136600018
169.874470755458,69.1865313053131,1616.12071764469,30.5266489982605,6.08044528961182,112.717674851418,128.0803129673,588.324579402804,5.09102356433868,421.021547704935,1520.81308951974,149.685503929853,17.111118465662,1495.10456201434,0.850342392921448,44.6015018224716,7166.73843860626,3381.94070699811,0,104.906793445349,1487.82656127214,9.79949778318405,1626.88112789392,5.53198683261871,11.6722057163715,7465.4994622767,2528.86806672812,109.870759770274,1544.83468207717,854.130346000195,1.45279091596603,200.240378826857,448.624467134476,7163.31544017792,447.343996763229,4611.02152526379,4117.34962657094,9085.32603882253,2279.82887402177,35.898756891489,27.0990239679813,10.153940975666,92.674442589283,328.844499379396,39.7051431536674,35.1167788803577,3.00223049521446,1.98916202783585,3.7288331091404,0,66.1220331788063,109.158601135015,0,0.798476040363312,0,0,0,4.69932037591934,0.5060213804245,15.1967159509659,1.15118658542633,16.0519657731056,0,1.54027760028839,7.93327754735947,65.8861348330975,23.1800962686539,54.50694835186,0,0.558635711669922,5.69970893859863,18.1935824453831,4.29152679443359,8.80785900354385,911.762863337994,2770.4845508337,0.581826984882355,1.8994654417038,6.9979036450386,43.8198889791965,0.91598641872406,0,3.48236340284348,220.665056228638
2.91120851039886,0.739446341991425,14.2861788272858,32168.4436632693,272.013197302818,794.63923060894,48.8572308719158,395.460521280766,1175.9810680151,3300.16944691539,740.0755687356,22213.3392117023,120.515401422977,410.393441826105,484.944056451321,0,46.2930129468441,189.589444816113,104.906793445349,0,8.10134625434875,1.60138559341431,16.3003570139408,1143.93194830418,4.98749959468842,84.1722484529018,20.5912104249001,784.809238553047,887.762072443962,12.5168884694576,0.657110571861267,1151.39679346979,1.216926664114,548.670079797506,103.043447047472,2047.75724312663,18.1399516761303,846.06731313467,92.2400789260864,1236.78554552794,587.883764743805,183.416145861149,257.229936778545,2.9067656993866,118.563945353031,28.0958265662193,349.718499004841,65.7415642142296,9.5465532541275,0,0,0.848203927278519,2024.09076264501,54.6774327158928,15.6711221933365,205.341566383839,24.2361725270748,539.400404125452,985.52500346303,32.5855880379677,202.405506402254,2.68448907136917,27.8355651497841,149.206922471523,2.75548693537712,0,0,0,535.101589411497,2.8572034239769,5.4045424759388,2.10827016830444,911.082120716572,0,0,1.39270022511482,663.773573040962,14.0950756072998,1.2819986641407,0,5.05428224802017,0,47.593676507473,29.598250746727
148.540541231632,46.9331021606922,7471.03367671371,0.583281219005585,157.574415892363,262.841599285603,2051.40533229709,1503.44636625051,175.921923100948,35.2049208283424,290.287452191114,7.33146059513092,16.2233829498291,2126.74634701014,440.506526738405,5797.05236449838,4659.48417642713,575.021540254354,1487.82656127214,8.10134625434875,0,642.251471757889,69554.244548887,328.165711760521,21.2112010121346,2265.61397668719,3200.57579624653,4675.70768898726,1130.58007127047,29762.7794719338,4.82561907172203,155.422660782933,647.943945348263,15862.3822565675,4938.03087225556,27012.4200828671,2568.54449152946,29654.3096028417,7936.05110809207,653.429207503796,332.908616155386,546.634638518095,2520.65065649152,121.058433830738,280.69328430295,138.909169882536,174.176049292088,41.3299949169159,2.01859906315804,0,10.805505335331,273.38638740778,10.6874188780785,30.5179262459278,3.32792598009109,38.4752730727196,18.8514432013035,105.710420250893,6.3650389611721,242.802852123976,2.21301090717316,21.7654569745064,53.0458723008633,67.0347417593002,2964.76186788082,49.6513912081718,1.49105632305145,10.7242184579372,1.83898657560349,1700.62348270416,443.095605313778,1984.03728824854,4288.71541810036,0,80.2978536188602,1997.50496420264,2651.40569391847,146.595784574747,948.363294988871,0,1.90963146090508,27.7067238688469,309.197996556759,1520.35666170716
0.254316806793213,2699.21604791284,133.391643881798,0.357670098543167,18.2884358763695,1.5975538790226,16.5336887538433,6.65570691227913,7407.99150541425,0,7.28650736808777,6.8266966342926,990.575896471739,8.51096621155739,312.333051949739,10871.3495601416,98.2520331144333,13.3665782213211,9.79949778318405,1.60138559341431,642.251471757889,0,2306.56828552485,23683.6050575376,1488.74168711901,47.3306728601456,13941.6771953106,1688.90574765205,0.848933815956116,15.4756039977074,21.5348046422005,6.42126688361168,0,66.3193578124046,90.9402147531509,842.054172575474,221.07668274641,417.66068226099,179.137344807386,166.358950436115,6.2024966776371,160.775759220123,172.120467811823,61.0541977882385,30.5995965600014,27.1466080248356,9.97847425937653,2.87118470668793,132.557673990726,0,645.747367024422,174.661294043064,0,0,3.37328007817268,35.1139420866966,17.8416209816933,366.775846302509,0,124.566265016794,0,222.386818081141,10.4323635399342,1.0570969581604,3080.31175199151,25.5071928203106,1.39686354994774,11.9774236679077,0.681103050708771,91.5299699306488,2781.91735875607,824.765275537968,1799.08621898293,38.4785052537918,43.043673992157,8791.56890454888,120.644820868969,7.096067070961,9.72146084904671,14.0052064061165,19.8936829566956,0.461479395627975,18.0202608406544,35.7881996035576
686.235293060541,112.76790240407,42789.6674151719,0.528766512870789,181.865411818027,582.931425079703,948.19947040081,4421.2278880775,391.262282401323,89.6679091453552,455.309489518404,35.2517640292645,36.5680480003357,5764.70135208964,266.438343048096,5128.52750390768,16954.5004668534,903.881206452847,1626.88112789392,16.3003570139408,69554.244548887,2306.56828552485,0,1084.28650206327,41.0059508383274,15090.0481885374,41006.9806886315,5438.90263035893,678.964755788445,13498.2220028043,6.57140910625458,251.762226507068,89.6838124394417,13401.9978607297,5412.53026524186,38683.57900244,9204.9743373394,27455.9079528749,13179.026270926,1416.03674656153,362.860961675644,472.336119353771,1910.75743052363,305.507457464933,422.775464773178,375.915613979101,108.401269167662,9.41503298282623,0,1.64458468556404,107.915929734707,2748.51883557439,2.70193517208099,41.1877945065498,2.78112441301346,305.838910877705,111.170526057482,26.9149800539017,9.61363723874092,73.5127485692501,3.22379058599472,21.6506605148315,207.557348996401,35.5430704951286,17505.712318629,450.657960981131,13.1866280138493,141.705828487873,2.48213118314743,1326.65006676316,1840.06665349007,13565.9260968268,2171.45203092694,2.05227541923523,380.856951802969,19119.1388003081,809.059285283089,23.4031029343605,219.531821101904,0,1.79065573215485,11.3848166763783,140.774796962738,2619.19362187386
3.00747218728065,5046.13289454579,9.78266340494156,7545.90598282218,189.991903632879,268.597591161728,1337.59009578824,56.458421677351,37264.2027238011,247.052019625902,27.5697191059589,327.893690168858,1792.13635334373,50.050360172987,2339.39445066452,5033.31088334322,12.302916675806,5.82936576008797,5.53198683261871,1143.93194830418,328.165711760521,23683.6050575376,1084.28650206327,0,3311.75152683258,22.9328199028969,8424.16636872292,13113.8383336961,118.408526137471,10.8027656972408,35.8764962255955,151.504713177681,19.3892207741737,143.461434602737,376.675539791584,2166.10047486424,197.355309963226,362.462404161692,178.466351747513,741.266676604748,64.8957672119141,224.228873103857,3307.75703522563,79.3885906636715,452.317921340466,81.2544451355934,576.521284520626,202.89521420002,162.478458076715,0,43.7238609194756,51.4048343300819,1816.20042181015,4.7408230304718,49.4906991124153,1065.31158509851,329.146710753441,3470.50998711586,430.462305784225,341.648990511894,31.2165133953094,157.251634210348,137.629712939262,107.923621326685,2484.56144350767,10.4640462100506,26.7687291502953,7.17641043663025,234.53577837348,831.626767963171,671.344493925571,1094.44097101688,13117.3426290751,39.8159226775169,30.5719043016434,872.754001706839,7167.73692795634,179.940162360668,354.420268893242,5.03629204630852,71.4157038331032,22.3643905818462,333.241129547358,242.678913891315
0,4334.17951932549,17.6783177256584,0,17.8910578489304,0,0,0,4714.81008541584,0,46.8937190175056,1.07468128204346,1936.67642897367,0,338.88727915287,176.314183503389,12.8735793530941,2.59461462497711,11.6722057163715,4.98749959468842,21.2112010121346,1488.74168711901,41.0059508383274,3311.75152683258,0,140.048731267452,2541.83517310023,172.771981090307,0,0,4.42344963550568,0.834599614143372,0,3.33667546510696,0,17.0903282165527,16.548298895359,6.40888738632202,5.03364610671997,221.458106726408,0,433.782055199146,25.7696177363396,68.0537631511688,20.6184431612492,6.26407393813133,2.67028477787971,1.51271402835846,574.088242650032,0,772.966874957085,3.24262380599976,1.16922557353973,0,0.582905948162079,1.03884696960449,3.85407224297523,156.555684119463,1.30867093801498,308.709724962711,5.86448988318443,1530.67035314441,0,9.7054460644722,21.6284162402153,0.870280802249908,8.25471711158752,3.70204067230225,4.26679265499115,0,67.478723347187,16.6868894994259,172.426231086254,2630.6438999176,119.563480913639,3093.44350746274,1.22874420881271,0,0.483488261699677,371.029208362103,34.6744815707207,0,34.8914692997932,0
392.895918756723,718.676669836044,37796.7021551728,9.82164061069489,16.5180413126945,348.716273158789,188.424374580383,2337.03313453496,22.0466951727867,333.610041171312,3730.44246134162,160.239902973175,448.738407105207,3098.48745378852,13.7481507956982,62.1177282035351,21450.6923633814,2657.938824296,7465.4994622767,84.1722484529018,2265.61397668719,47.3306728601456,15090.0481885374,22.9328199028969,140.048731267452,0,16478.0110352039,150.348076313734,923.166441351175,1590.51541686058,1068.97776547074,243.520019203424,189.25559976697,1885.52642908692,1472.54110506177,20432.5603170693,24058.0455510318,12396.567248553,6432.48044753075,82.2821661531925,58.3521025180817,63.5002847313881,1192.78321486712,6019.65634560585,510.577559024096,402.382404446602,22.0795938968658,1.25730502605438,196.417019277811,0.797439754009247,956.150589108467,752.514005243778,0,5.47104078531265,0,44.7007487118244,4.48061040043831,127.720774054527,2.06450593471527,3540.70236369967,3.88541984558105,3774.824329108,19.9035603702068,10.7167400121689,35.4827813506126,695.343762397766,823.289796620607,649.496259629726,0,22.5291910469532,108.660071134567,221.252328306437,87.1628850996494,188.904589951038,13619.6072944701,35356.8245827556,9.96683320403099,42.7193862497807,76.7155368924141,6665.83891126513,47.840155929327,0,121.467341274023,771.762349307537
94.7619808316231,33323.461727649,12339.3531175256,2.40410706400871,58.1016855239868,82.2454949468374,520.072311848402,603.661844551563,4983.01106417179,81.0856411159039,418.190979838371,43.4512062072754,1432.78100374341,703.546177059412,525.79049795866,7921.41771245003,12369.6714052856,1028.6442745626,2528.86806672812,20.5912104249001,3200.57579624653,13941.6771953106,41006.9806886315,8424.16636872292,2541.83517310023,16478.0110352039,0,5279.9693530798,302.62156522274,726.591471254826,382.16665661335,62.8282319009304,59.1258772909641,3765.22483360767,3006.73841586709,38246.6913509965,11868.646712333,17317.7094326913,7822.58732068539,851.82093000412,156.08069434762,161.922289282084,4882.42082920671,5310.06605753303,1757.99266800284,1553.3269918859,87.2016422152519,20.9218059778214,154.281625658274,5.80873304605484,8039.06147253513,9838.61349385977,2.71267667412758,9.8466010093689,3.69455346465111,638.151865661144,313.332818955183,235.668602079153,1.32847648859024,2359.02197527885,1.92115807533264,3842.34016519785,535.836764186621,19.6605171561241,7222.04842326045,3817.75165221095,967.230664640665,1415.28757414222,0,272.450580865145,3531.12304824591,8008.29387003183,2195.47655948997,1223.79542633891,19087.9455054402,162091.591939107,731.258405894041,130.896821856499,292.391333460808,9347.41809019446,24.4436486661434,5.06125745177269,466.871085643768,1630.50732973218
136.112776488066,277.506441235542,142.875685542822,10274.5960226953,447.723205387592,4307.68016651273,65795.9746391922,2472.46938508749,10966.9524000883,22314.4308018386,622.169816121459,1011.40009298921,207.598311066628,2064.66049264371,3075.34607934952,3380.37982279062,118.804409831762,197.249900728464,109.870759770274,784.809238553047,4675.70768898726,1688.90574765205,5438.90263035893,13113.8383336961,172.771981090307,150.348076313734,5279.9693530798,0,3321.35488599539,26640.9026036859,4.50018206238747,1576.9395903945,861.684994518757,4793.15189248323,6032.95801395178,24798.1479828954,804.495366960764,7233.07665857673,2220.40657541156,2752.45923501253,1215.64567622542,734.400702357292,10869.5715687573,89.1669546663761,1720.13568988442,286.287492275238,2800.68842035532,934.427060574293,34.2363649010658,2.3641397356987,6.7996239066124,77.2291052341461,5988.40728995204,60.1035524010658,158.787062972784,4261.39093953371,1120.79028047621,4578.41758644581,2045.0156210959,754.666539222002,181.597438305616,33.8932095170021,534.23058205843,472.792853921652,1419.6153793931,17.5177369713783,0,2.36796632409096,1161.52758663893,1087.77443686128,344.284907013178,1149.60693690181,23746.8564143777,1.94443130493164,19.6190676689148,914.080147951841,19231.8143765032,600.641128659248,1048.41430467367,0,151.032800167799,56.9209665060043,979.870154350996,1531.1674002707
11574.6741168797,0,412.250140488148,519.661986529827,2.87712046504021,231.614675700665,4626.68199284375,327.66886484623,128.627742469311,4532.57262581587,1420.39114938676,2496.27298361063,143.435263246298,9864.80700308084,22.5701592564583,1.82286009192467,5103.0352563262,660.933744192123,1544.83468207717,887.762072443962,1130.58007127047,0.848933815956116,678.964755788445,118.408526137471,0,923.166441351175,302.62156522274,3321.35488599539,0,16435.4472393095,3.99878287315369,2030.82794448733,4147.19029065967,3775.16692514718,21.2616204917431,1321.85735455155,173.412911623716,1963.80748021603,112.630572915077,347.694539695978,116.538280844688,116.981791943312,339.415613621473,10.5230291485786,26.8550791144371,0.515228807926178,208.958252549171,8.95082104206085,0,0,2.72960543632507,6.59710162878036,121.472835928202,3.38517990708351,0,217.840288817883,19.4973268508911,48.6052157282829,39.7857578098774,21.1123869121075,25.4599999785423,2.5690997838974,3.66084843873978,18.029226988554,4.70127367973328,0.45782345533371,0,1.28828763961792,70.703139513731,2.28373447060585,1.75200822949409,16.3818956911564,554.939467847347,0,11.0070255994797,71.0319311320782,550.657294839621,2.69575428962708,5.45013511180878,0,0,0,29.4716141819954,7.98251366615295
15378.7840104103,1.41666674613953,3282.44985428452,6.40103539824486,42.708694756031,1509.81275901198,5668.28599992394,7057.70756581426,108.758794516325,97.3154136836529,273.107651561499,14.1090099215508,13.498976111412,42286.3613536656,331.013680398464,29.2175291478634,10446.5386684239,336.367120176554,854.130346000195,12.5168884694576,29762.7794719338,15.4756039977074,13498.2220028043,10.8027656972408,0,1590.51541686058,726.591471254826,26640.9026036859,16435.4472393095,0,1.36800962686539,912.650079786777,5677.51376575232,12630.2505377233,2674.72591975331,11187.4230038524,261.137158304453,8474.39748892188,988.020450234413,349.624253451824,335.87863150239,179.222426205873,685.811012625694,29.9321800470352,83.8561277091503,35.0173390209675,116.479316264391,26.4461762309074,0,0,8.45042431354523,74.7061904072762,12.1860714256763,15.7925872802734,5.88826942443848,74.1110928356647,37.6533570289612,116.149621844292,10.2014583051205,36.8520349860191,0.88191831111908,3.7367268204689,15.8776080012321,33.8422189950943,92.1867001652718,12.2703293561935,0,1.29802644252777,2.80460122227669,31.0287343859673,10.1617400050163,98.5737293660641,957.127181738615,0,16.797170072794,338.577001452446,1502.60233011842,22.6609085202217,72.6809461414814,0,4.13333967328072,3.70447468757629,60.0061631798744,463.058943867683
0,32.4618820548058,4.05626356601715,0,0,0.793631166219711,5.51203140616417,0,90.5872591137886,11.6226048767567,175.02212652564,9.66992616653442,1140.86663410068,0.514541208744049,4.03957685828209,1.46157586574554,3.92685011029243,22.9094898700714,1.45279091596603,0.657110571861267,4.82561907172203,21.5348046422005,6.57140910625458,35.8764962255955,4.42344963550568,1068.97776547074,382.16665661335,4.50018206238747,3.99878287315369,1.36800962686539,0,4.1178805232048,1.59630239009857,17.1308962404728,28.7803546190262,522.073504835367,2956.01487502456,394.146000176668,140.107516765594,5.25868639349937,0,29.2569920420647,14.5881218314171,1110.85703873634,11.0606987476349,2.24523639678955,2.73509550094604,0,131.474683403969,0,143.554915040731,0,0,0,0,0,11.0556460022926,105.237604767084,0,2944.37781065702,0,4471.2905369103,0,1.07748138904572,12.1491348743439,0.561570882797241,48.419055044651,5.52764493227005,0,0,59.0996094346046,0,62.3559104204178,142.710597813129,863.665140658617,1859.44390496612,0,0.981113910675049,0,4198.93664073944,38.8188098371029,0,30.2568370699883,14.1521745920181
