0,5.23211046444058e-05,0.0246801745586447,0.00157729131969252,3.0701044958049e-05,0.00189000895737854,1.68373068436297,0.123235445718061,0.00440628904318795,0.004017467079726,0.00229360038159076,0.00149835609321177,9.4269575406742e-05,0.867238717067835,0.0014189138363379,0.00087232636990219,0.139265330072999,0.00275843309809889,0.014668191419427,0.000570806072178805,0.0177979735601743,0.000683916413214463,0.0744266398189655,0.0220176933661216,0,0.0138342475498874,0.016419455917307,0.0472575848860576,0.448618379851135,0.831228829272378,0,0.000116409244516564,0.00410007874611163,0.0320913799042906,0.0100407276843973,0.0235855855666943,0.0025147599469327,0.0284493760281092,0.00831145475937347,0.0016126647308128,0.00138480467533742,0,0.0035598381464963,0,0.00025022727934013,0.000144530348101198,0.00190014940212609,0.000134722748718428,5.30658101069093e-05,0,0,0.000372090183572555,0.000200895371127402,4.68227730593324e-05,7.74894463686705e-05,0.000816063883724049,9.10478660096649e-05,0.00166748032386016,8.86516302922547e-05,0,3.50908506931781e-05,0,0.00010947552659105,8.22377904498934e-05,0.000949810486254575,0,0,0,0.000370499240874571,0.000457698986243105,0,0.000401908609496254,0.0130150462295531,0,0,0.0015578273211596,0.00879779242208828,0.000505480948746342,0,0,4.15662064076305e-05,0,8.40467960601089e-05,0.000622219546051747
5.23211046444058e-05,0,0.00361170853373699,0,9.82071189449546e-05,0,0.000376994983541524,0.0002558474289033,0.276331662971968,0,0.0178198392203908,0,0.188439779462583,0.00110505455569801,0.00218079927984863,0.108464339443999,0.00200032868946619,0,0.000666366082429838,0,0.00117893806613969,0.369037432067399,0.0023270235968403,0.311062962654337,0.35518533717145,0.0205904911793424,2.36818682611888,0.00741482643925648,0.000608919246002573,0.000804748475025201,0.00577422691555451,0,3.28823721158028e-05,0.00253838467564009,0.000695603774053777,0.00801067916951129,0.0158094785671208,0.00583830522536062,0.00224385746003807,0.00207735769630872,0,0.0111524602035938,0.0176638410903708,0.01744046039306,0.00816122758335587,0.00550840675031456,0.000381258545609963,0.000188165613101113,0.0370456137042419,0.000125152517365402,0.0737523096631342,0.0301439830525012,0.000281963139045238,0,0,0.00264131776075359,0.000217211987844163,0.00466587704010392,2.62888613102376e-05,0.0162695545247425,0.00487799506757196,0.110650558489266,0.000954214485376915,3.79220152601957e-05,0.00268404897391287,0.0157035376281198,0.000103321286367536,0.00195007506024091,3.17103106486201e-05,0.000675900284599835,0.0147206123023602,0.00782439922598109,0.0173075975465699,0.0310551183912341,0.0374030457145421,0.679454409870796,0.00183669944654927,0.000279689779153443,0.000733461219836688,0.0147551648549905,9.97798719428778e-05,0,0.00233329885386033,0.000104614124756527
0.0246801745586447,0.00361170853373699,0,0.000421762164575386,0,0.00100028725653992,0.0623364980033672,0.0536050346068032,0.00099652095236848,0.00465954613934494,0.00352614964899579,0.00262504329722147,0.00047980559342019,0.0842752004536929,0.00067931194599064,0.00390322914759761,3.20009791454841,0.0412263326271895,0.300551879588955,0.00103685667102324,0.178055642477042,0.00288012075465795,3.32449313090799,0.00535477230261359,9.06311652400728e-05,3.17046906950346,2.23902236620686,0.134076997474282,0.0426408668260817,0.236621511708382,0.000428915240736621,6.59377226901054e-05,0.00454625892668407,0.31608431222332,0.041478039739257,0.899266385469148,0.424911667490959,0.599247003412579,0.312330318866311,0.00419303721187191,0.00182689078931897,0,0.0727973150164123,0.0150275266101527,0.0190748526066553,0.0170769798457307,0.00142419320308179,0.000252840390589904,0.000122725601671231,0.00061162775542872,0.0105228522906661,0.165285872514995,0.000176742577412641,0.000399503392869306,0,0.0131353701791357,0.000173649325725925,0.00157167620509974,4.45887046467661e-05,0.000436664431964701,9.51631663108114e-05,0.000531101212045419,0.00132589595600808,0.000422755879187822,0.0091191830925074,0.0696398215968411,0.000143383756531847,0.00981452141160047,0.000186397203888607,0.00647145746958953,0.00534824588236862,0.065876814084857,0.00551863318295319,0.000775942214877444,0.0759531530137612,0.637823072120127,0.00798827977844652,0.000693102557164907,0.00447745055125044,0.000145609194251966,0,6.57602082006395e-05,0.00731751970446768,0.0224675211704487
0.00157729131969252,0,0.000421762164575386,0,0.00639043458463066,0.0549279052124618,0.051393203350832,0.0591567129888325,0.179545279076186,0.534441239480507,0.00452678245706443,0.45779637137375,0.000365988355975485,0.0377777644812838,0.0954589771128342,0.000262257948879528,0.000616341682285034,0.00248173487334562,0.00272362212123594,2.05087554362482,0.000180637130603433,0,0.00105149287656874,0.341957016255317,4.90919351435185e-05,0.00291460670127452,0.00152481078231509,0.888023778400176,0.0106473135034793,0.00121962385076541,0,0.00154529945848937,0.000119358384268654,0.0396947432803169,0.0360590238099774,0.20949275525118,0.00204515044919522,0.0290166551647015,0.00399721007935434,0.0845761113784733,0.0101635547122966,0.000823868157384214,0.0357693038277004,0.000277642573148203,0.00606139128695091,0.00185272141555176,0.191258284017548,0.000980183425772328,0.000695876799460733,3.89129137434125e-05,0,4.01726470222175e-05,0.145291674231222,0.00584033184051984,0.0040398188076838,0.0305735433835263,0.0131193404669772,0.027178707318954,0.0357637615318766,0.00068605297735061,0.0497274962744575,0,0.00647458719662625,0.0483769823212966,0.000836732924099478,0,0.000677115796973902,0.000561872156497043,0.0649068473432147,0.000406200236907,0,0.000431884501180273,0.133491524411037,5.37620129009128e-05,0.000685572563456487,0.000125189254178858,0.138438450835413,0.0024389984644999,0,0,0.000746726157554555,0,0.00360444768906004,0.00239654601455089
3.0701044958049e-05,9.82071189449546e-05,0,0.00639043458463066,0,0.203055938905563,0.00308442464481732,0.0180341525860991,0.0125754244661146,0.00566476841047363,0,0.0342509513987796,7.06605584935427e-05,0.00866207951849826,0.135701141709691,0.000236674580711222,9.47386936002733e-05,0,0,0.0054203573303058,0.000321367978270614,0,0,0.0189174486860378,0.000115155851126623,9.99243053096296e-05,0.0004097030698816,0.00877571533149554,0.000749025874880647,0.000264643253505922,0,0.0622249412373456,0,0.0806388940386974,0.00781464327642315,0.0246111666146398,0.000427443818016911,0.00201495977608515,0.00187388669435663,0.806832089959139,0.500691140019269,0.000314485286495662,0.0020277360122373,0.000209156277501893,0.000283416280912495,0.000342377655141747,0.0165201076067255,0.000163501257759762,0.000419719756064558,0,0,0,0.00443128333661246,0.000290092315818179,0,0.000825177897346017,0.000679223828012037,0.00074307897037186,0.000847518077734761,0,0.000730976707823359,0,0.00020337178017267,0.00334911349850763,0.000367399478987938,0,0,0,0.00255336510380837,0,0,0,0.00286804065413489,0,0.000140228247760153,6.12349068308473e-05,0.00527232558847832,0,0,0,0,0,0,0.00139142144439589
0.00189000895737854,0,0.00100028725653992,0.0549279052124618,0.203055938905563,0,0.744057606065966,0.851916426089935,0.00759081109650826,3.14201243610166,0.00990732307125592,1.40301044340186,0.00119744328781322,0.0918625479151549,0.311684451817845,0.000419216789149207,0.00149732756558114,0.00413581651253997,0.00273383851751625,0.0758057592091581,0.00127187487121271,0,0.00192627696927546,0.0119982696153139,0,0.00429114045546786,0.00179473501212428,0.249053332918203,0.00849504839868038,0.00333215318517444,0,0.018720388412753,0.000314666022502625,0.0453918304412691,0.0395996564397434,0.164319468253575,0.00242431393379319,0.034748539056357,0.0175827998525971,0.380913617371715,0.261816837592424,0.000717528122019422,0.00692909288663293,0.000322961677129138,0.00116904439251094,0.00321447172669737,0.015400645074285,0.000172507598815906,0.00265318229785901,0.000126673819634509,0,0,0.00232428209264633,0.000424261313744164,0.000101408803600359,0.00256961923555916,0.000781457608751392,0.00133264733316474,0.000571441526699823,0,0.00144561364862068,0,0.000354619006648225,0.00153747950421873,0.000707134834923911,0,0,0,0.00104518051812566,0.00011170977251091,0,0.00010612272565918,0.011704903995445,0,0,0.000173639718743366,0.0102415350478885,0.000113264909109354,0,0,0.000423701834743393,0,0.00101805414382353,0.00322481183836482
1.68373068436297,0.000376994983541524,0.0623364980033672,0.051393203350832,0.00308442464481732,0.744057606065966,0,2.08001586700049,0.191460494796877,2.4844693278926,0.0513337220793297,0.041721307221492,0.00371440879884544,2.42637841574852,0.0634267387166942,0.00448134951813609,0.0258971992540716,0.0345879538548279,0.0374604531875277,0.0169858047837517,0.119199298852631,0.00224124334371321,0.192226571211568,1.19345226916666,0.00021991841995523,0.0524898225920437,0.0309905061059075,7.09922156932912,0.352625840267697,0.618051180281115,0.000195490072553957,0.00879170815332073,0.00458704240988473,0.168016906714723,0.163592454599966,0.396621446238648,0.00985997613115336,0.159194570352004,0.033319036315089,0.0883901396810175,0.0257129009084118,0.00165674730939414,0.149411960009402,0.000592535262869287,0.0209971738330975,0.00653757943285626,0.10214602539376,0.00603748109533229,0.0018550862492695,0.00172561466282531,0.000538769824557364,0.00133349102772819,0.0923290795899473,0.000929241133015515,0.000875221185226316,0.09519799454666,0.021748688504154,0.050456016677136,0.0271009845152609,5.86473590300441e-05,0.00754882214928557,0.000248930363080889,0.0159270222703433,0.00951607019578692,0.00941390159620542,8.20948994775952e-05,0,0,0.0364119937810678,0.00239460455731622,0.00182560261169581,0.00564363508298154,0.419417110946295,0.000152304263216728,0,0.00532212695790543,0.318147311126799,0.0218409556149883,8.30158097135905e-05,0,0.000213933262624752,0.000283126788105971,0.0145203313823234,0.0195982891449316
0.123235445718061,0.0002558474289033,0.0536050346068032,0.0591567129888325,0.0180341525860991,0.851916426089935,2.08001586700049,0,0.0268708157831386,0.879834811099645,0.224002741213408,0.338291925451951,0.0191002766068567,1.77119918412108,0.0352061335195894,0.00472116391981229,0.20339832254318,0.107167918494872,0.0730298265353668,0.0702759659291914,0.0466122704537775,0.00106216078903559,0.117845582617526,0.11206386109938,0.00112023628673179,0.0949598488046925,0.0490576613804847,0.350068104996697,0.158675371546086,0.431708594002556,0.000641952755983567,0.0818632025396094,0.00575941871743561,0.188955752805064,0.0760312798456424,0.60545157155452,0.0239182958796011,0.203197618887126,0.0858068125694743,0.348495254187459,0.106086394526649,0.0111085662433027,0.0476742968170197,0.00113741966916261,0.00839840920645398,0.0199505555442766,0.0691263942186783,0.00365427302197173,0.0183741393355397,0.000299937477183444,0.000119776999238515,0.000417708917465705,0.00891751821766895,0.00088625327549394,0.000498689606062478,0.0147355054233264,0.00637810845899918,0.011118161104992,0.00168736677775722,0.00048934187770276,0.00219020490676964,0.00213353987962666,0.00325589701150416,0.00540284657645132,0.00589274062417211,8.57755395888209e-05,0,5.25482516123056e-05,0.00497849176673732,0.00197692439843076,0.000715096663098043,0.00223061236955458,0.117856717736385,0.000155953949894011,0.000887850193471217,0.00274143742003565,0.0805364961044899,0.00303325637568124,0.00028506058374207,6.09357302818536e-05,0.00175944119863252,9.9302653180033e-05,0.00356666586138404,0.00743219216725364
0.00440628904318795,0.276331662971968,0.00099652095236848,0.179545279076186,0.0125754244661146,0.00759081109650826,0.191460494796877,0.0268708157831386,0,0.0604550115669297,0.00616233007762503,0.0344470522355496,0.0856084629335848,0.0495591369179381,0.191512299549597,0.0692460569176125,0.00147422829684164,0.00121662587491896,0.00199441339085059,0.0520887176851975,0.0133052920508,0.707454671844208,0.0167253334961522,3.11065763369447,0.169371987088578,0.0126106072823769,0.649688394467442,0.506170980631227,0.0541932101106449,0.042376035575561,0.00603385746384716,0.00170945735650548,0.00410410766032965,0.0281964647593369,0.0403524830288242,0.10380169841942,0.00801709450137442,0.0218621542507718,0.00768205145958244,0.0975025376028181,0.00349792182994547,0.00305907474671455,0.0464661863939337,0.00149567027593419,0.00596833410074937,0.00406352546080452,0.0543636853037258,0.00143876657344424,0.0049549069315947,0.00101100094190095,0.00385763263329983,0.00103857594429798,0.130540319529502,0.00595523874486397,0.00286652691271697,0.050503013042733,0.00925999982731833,0.163856410468473,0.0209859306578733,0.00277534706043981,0.0297316251979345,0.0115583796119691,0.00892159383549504,0.0397262598849324,0.134146879680086,0.000756374000373423,0.000853524224103294,0.0018700062553944,0.0483807078131831,0.00511186061695663,0.0679133966815865,0.0206977396442615,0.664575626612418,0.00297628400905253,0.00742063590034787,0.0458859184178257,0.207181987278111,0.0157457387445329,0.000919823764226916,0.00188682718712244,0.00139624383780336,7.59260316936195e-05,0.00434131352276824,0.00814314437087951
0.004017467079726,0,0.00465954613934494,0.534441239480507,0.00566476841047363,3.14201243610166,2.4844693278926,0.879834811099645,0.0604550115669297,0,0.0807203856916325,1.28519708125334,0.00465544816039737,0.353847555878799,0.0727899725375704,0.000694032633013975,0.00818876290087917,0.0492227653755825,0.0408552605630834,0.416780619894295,0.00132488930015447,0.000186752062556487,0.00663793993115527,0.095299816606429,0.000130908680692631,0.0561071669727456,0.0129362681665905,0.443337734745293,0.077425519496573,0.00611737810190394,0.000157924477546072,0.0101161392303914,0.000275005275330353,0.182225828980759,0.12004572099554,0.84430905597371,0.014977516746416,0.169509280030162,0.0223858366726306,0.185590014613939,0.0481109432847666,0.00334384908795256,0.0259694641330763,0.000105096191387475,0.00413567947451085,0.00244598301907494,0.105392359199841,0.000627697020529866,0.00271618410269163,0,0,0,0.035396084964004,0.00230043235425479,0.0037222340279612,0.0164674311756575,0.00583734991469095,0.0102711762639636,0.0260438995568701,0.00022010181137535,0.0167632294634165,0.000197431460224962,0.0015432026655819,0.0229721735487328,0.0023379065497979,2.35645009625554e-05,0.00017539163896758,0.000177934356581855,0.0222945013647432,0.00021068661105423,0.000281210225069797,0.000526415110656691,0.0687889160095018,8.06767577308177e-05,0.000273274106668216,0.000297706217703855,0.0635004867338999,0.000884456419538321,3.61016227969945e-05,8.7232485869145e-05,6.14929640552402e-05,0.000116720633087581,0.0011712531805267,0.00446684056133237
0.00229360038159076,0.0178198392203908,0.00352614964899579,0.00452678245706443,0,0.00990732307125592,0.0513337220793297,0.224002741213408,0.00616233007762503,0.0807203856916325,0,0.0605428638267093,0.487753568490985,0.47679760761844,0.0020550176142686,0.000485886727025115,0.0634295108912699,1.09194004921759,0.036439085539049,0.0127734497793878,0.00567650286111934,0.00922090615118173,0.0144733493876207,0.00809416350972539,0.120723892478761,0.268407710879486,0.0192076571683856,0.0166533929637509,0.692990900601407,0.00990337035564159,0.00249123686513814,0.149634251147757,0.00181499976764566,1.04190398329108,0.00637084149511811,0.11542738345497,0.645160861094558,0.959376016144635,0.0484398634211698,0.0122795490658293,0.00538015785809358,0.273503850987596,0.00471023080185436,0.0335426460207955,0.0075298814686393,0.00672245013399182,0.00360976936010965,0.000821242107292006,0.122722081927088,0,0.0290458264134266,7.42274763984919e-05,0,5.40016813292265e-05,6.5784442743659e-05,9.13961353189706e-05,0.00135217075826094,0.0289538387590404,3.38305609050214e-05,0.0656196897596386,7.56135325026453e-05,0.4794091338936,0.000362277465263247,0.000122416103313011,0.000239652227175104,0,0.000771393175505304,0.000459849837317609,0,0,0.00841988035671126,7.64533123106479e-05,0.0108092216596686,0.0595455656610562,0.107614209034608,0.116668411396617,0.000876325793922074,0.000546755421917557,0,0.0855475834995015,0.000491501820029175,0,0.00125411226569286,0.00347914391149334
0.00149835609321177,0,0.00262504329722147,0.45779637137375,0.0342509513987796,1.40301044340186,0.041721307221492,0.338291925451951,0.0344470522355496,1.28519708125334,0.0605428638267093,0,0.00382593830550384,0.153720803466319,0.372615376497523,0.000145697487339115,0.00435695167542658,0.0370162973816846,0.0283123860818806,1.67625432284965,0.000932473665559986,0,0.00228768112744101,0.106757557650127,0.000236891305122512,0.0393322838221032,0.01158008170881,0.16620886360902,0.0301280372077412,0.00312883900851717,0.000581968951739079,0.00372090820679813,0.000359844339212561,0.0797685713207472,0.0593074084530771,0.330078533814727,0.00542640134809521,0.100078603699373,0.0189691256311075,0.261223998446663,0.0219641310081468,0.0030306243982847,0.0158358171760493,0.000301647265811736,0.00347776938376825,0.00357487970913585,0.0543692236344206,0.00117383266613814,0.00301368519632568,5.66875681704759e-05,0.000151766147458572,9.73979999237357e-05,0.0281398143717481,0.00249094328486638,0.0201724430358444,0.00300795340427006,0.010276773903683,0.00409703070841099,0.020277534120299,0.00187429552723539,0.140581702889859,0.000215376137853968,0.00561540540730087,0.0130969361320945,0.000970464714366013,0,0.0013129632039995,0.00196076518750564,0.0291268932602254,0.000102346425908136,0,0.000363048444203895,0.0173788902589084,8.63599391743125e-05,0.00299720461804117,0.000603299585783833,0.0176358928045286,0.00246598733541595,0,4.18918459357977e-05,0.00087866458923889,0,0.00292437478849333,0.00688788410315394
9.4269575406742e-05,0.188439779462583,0.00047980559342019,0.000365988355975485,7.06605584935427e-05,0.00119744328781322,0.00371440879884544,0.0191002766068567,0.0856084629335848,0.00465544816039737,0.487753568490985,0.00382593830550384,0,0.0268137485964316,0.000260899322449673,0.00768787737128217,0.000120354387285924,0.00740270314928997,0.000188002877293181,0.000833126846646396,0.000187364561066746,0.122656833299704,0.000396824800618309,0.0422099394778089,0.607496448462577,0.0908508325471776,0.591037131423548,0.00165243767698687,0.0274942276336852,0.000167768600253797,0.2129734473525,0.0143067250449553,0,0.197935855793371,0.00122942833177681,0.0195154485229227,0.331504427945465,0.188357233975234,0.00801425604941339,0.00126814802163531,0.00102230671243352,0.257257625054225,0.0216568216194933,0.14309295471458,0.044124973547716,0.0104255882607738,0.00107778514649875,0.000565387326228523,0.353228191508774,0,0.0596011843330794,0.000279352697601104,0,0,3.7803418799597e-05,9.03224032972459e-05,0.00163102578298178,0.0725136719891227,3.04994326541543e-05,0.283737210323016,0.000843204648110661,1.91313678895332,0.00257328524571118,0.000221034504257619,0.000378987092722195,0.00016198082623589,0.00655244321714415,0.00199687328452134,0,0,0.0224032769608871,0.000226166053002452,0.0186180352535614,0.190652691999433,0.82559090813237,1.10459502148785,0,0.0011926064803338,0,0.467610667545387,0.000829164039502611,0,0.00736076247445606,0.000217618285247123
0.867238717067835,0.00110505455569801,0.0842752004536929,0.0377777644812838,0.00866207951849826,0.0918625479151549,2.42637841574852,1.77119918412108,0.0495591369179381,0.353847555878799,0.47679760761844,0.153720803466319,0.0268137485964316,0,0.0192948466543124,0.00398059937143266,0.442186437582333,0.265591346685874,0.235860936669286,0.0438177126329461,0.0505320884854947,0.00186414992038386,0.185066549535368,0.194184707050704,0.00152902405464836,0.279573838899986,0.135777315021038,0.330316667380654,2.46186634048654,0.987305454459137,0.000586840317969495,0.00547978569503981,0.0190566462976685,0.320745943140247,0.0526938478821077,0.252331389637951,0.0343740833554237,0.234463383837532,0.0652391496819942,0.0494151637052617,0.0613334569538514,0.011984361499109,0.0472903504463808,0.00147970609035314,0.00768261392022598,0.0118240264557297,0.0341709660511459,0.00230218443519507,0.012915658394461,0.000490505274895036,0.000466693614216644,0.00078582647822091,0.00492082143903289,0.000429302180249631,0.000138004772215247,0.0167979741101216,0.00405718852719632,0.0201169765091602,0.000805517558955557,0.00047904543282944,0.00123733032799939,0.0025813185085771,0.00184500065187681,0.00234984368738625,0.00609010352820193,0.000125897268404102,8.5406655446029e-05,0,0.00191833664347129,0.00258634325070385,0.000795136148057461,0.00216550700015113,0.164669743992583,0.000325135057237398,0.00233514660163667,0.00919067513114363,0.105648947088425,0.00281023877433621,8.81405939913036e-05,0.00039456528149789,0.00228308855800333,0.000149854307555645,0.00376537868918886,0.0057156890689294
0.0014189138363379,0.00218079927984863,0.00067931194599064,0.0954589771128342,0.135701141709691,0.311684451817845,0.0634267387166942,0.0352061335195894,0.191512299549597,0.0727899725375704,0.0020550176142686,0.372615376497523,0.000260899322449673,0.0192948466543124,0,0.00265228694627449,0.000620910331415581,0.00119120050023536,0.00120140308452927,0.057362657510608,0.0106543123353977,0.00219520917319025,0.00872703153119535,0.298963657693976,0.000487445677631617,0.00116142329678239,0.00469721096572724,0.154537385071653,0.00775588603078361,0.0214518565458504,0,0.00240758854416636,0.000292230472722471,0.0109023095234481,0.0906781824579798,0.0400248879747699,0.00133823418092046,0.00547532430349182,0.00294452539962892,0.432876547759074,0.00464441239764777,0.000285856022707975,0.0188520756332374,0.00209856588870111,0.0034808464774938,0.00289292538478078,0.104891861427731,0.000934246872266897,0.000253597463993001,0.000326626238437843,0,0.000521188019810653,0.0406722501959508,0.00428187147078267,0.000833724554481388,0.0100167111491188,0.00432223656689446,0.00758134779410942,0.0139868679008209,0.000137745793871927,0.00692442523880645,0,0.00209073393109944,0.0257909398094167,0.00180499176972508,0,0.000289700953015322,0.000339074385940927,0.0213266259132823,0.00241837471007295,0.000127961630249357,0.00193352843485083,0.0615405628637993,0,0.000642321208351862,0.0013622328983047,0.0602729138007727,0.00164590138349841,0.000310931293040657,8.71283034805058e-05,0.000483057119245034,0,0.00145212278349328,0.0563531967731041
0.00087232636990219,0.108464339443999,0.00390322914759761,0.000262257948879528,0.000236674580711222,0.000419216789149207,0.00448134951813609,0.00472116391981229,0.0692460569176125,0.000694032633013975,0.000485886727025115,0.000145697487339115,0.00768787737128217,0.00398059937143266,0.00265228694627449,0,0.00890668270233605,0.000341930248009175,0.00259359107018346,0.000441497701291996,1.93054560938379,1.47580535283944,0.943160827133604,0.638981965688512,0.0196876403290678,0.00414042378389928,1.89213977559162,0.439030088620645,0.00325071518261914,0.0515524147082791,0.000489171796930886,0.000756001657237161,0.000655243091636848,0.0894870377310159,0.132808015297901,0.688707616203754,0.082604361878947,0.179227524549117,0.136322886951458,0.0056762722767467,0.0104646210806938,0.00497536052848985,0.144409235206059,0.00877138934682859,0.0272484062364839,0.0330699812195521,0.00747528758939741,0.00102596356656745,0.00680637031218068,0.000223517749732423,0.00341434290952784,0.0240332345937319,8.6442324147093e-05,0.000443660538906288,0,0.0087933315966446,0.00165937964900152,0.023300779705918,0.000342687844339162,0.000838329810893041,0.000325386215664827,0.0016158371411573,0.000773082797865838,0.00135347244322963,0.952508951281807,0.00381523022841378,0,0.00168035156719289,0.000393075256493598,0.0487167960538988,0.197712992882435,0.491277458853539,0.414491754634891,0.000272565811789548,0.00493201063524876,0.422610633089536,0.154449974548367,0.00360345649073342,0.00126143622860503,0.000233401897936022,0.000373741548313904,0.000165631162973666,0.00676006352643652,0.0289676306247595
0.139265330072999,0.00200032868946619,3.20009791454841,0.000616341682285034,9.47386936002733e-05,0.00149732756558114,0.0258971992540716,0.20339832254318,0.00147422829684164,0.00818876290087917,0.0634295108912699,0.00435695167542658,0.000120354387285924,0.442186437582333,0.000620910331415581,0.00890668270233605,0,0.0548891392243835,0.498638116881744,0.00131262087638702,0.252111610501253,0.00282442457191638,2.26136176707472,0.00856922877327875,8.6776484025335e-05,1.40987492977455,1.90644895822024,0.0788231123370323,0.386918013415185,1.47296227293224,8.92340629050375e-05,0,0.0619939574780877,0.755479198543385,0.0161934795452398,0.283934014882652,0.223216327915266,0.279232026749498,0.117174393846644,0.00355637388537677,0.00172395792249148,0.000164569050483405,0.0195207471516067,0.00285892637425198,0.00738295264678955,0.00410163179819875,0.000413430463974613,7.65672288154483e-05,3.9248932650739e-05,3.89731534819901e-05,0.00234354462040144,0.0529207848636771,0,0.000269452271498966,0,0.00335326868037981,0,0.000607243709085632,0,0,0,0,0.000146939889669358,0.000142767887781763,0.00640632604259518,0.0211765799098437,4.40664542026281e-05,0.00307489303089556,0,0.0014554298738984,0.00203993438778884,0.0224673517853136,0.00464877682223871,0.000310962558311736,0.022593820274586,0.215539372344653,0.00392093421196949,0.000280419276558661,0.000672037500417036,0,0,0,0.00243674564747917,0.00835794007907458
0.00275843309809889,0,0.0412263326271895,0.00248173487334562,0,0.00413581651253997,0.0345879538548279,0.107167918494872,0.00121662587491896,0.0492227653755825,1.09194004921759,0.0370162973816846,0.00740270314928997,0.265591346685874,0.00119120050023536,0.000341930248009175,0.0548891392243835,0,0.712794637956454,0.00763496573585441,0.0070772552066633,0.00101726415001378,0.026448718983733,0.00380782888431549,0.000319970122728956,0.851841164695921,0.10878019265207,0.0113073792140058,0.294894699214676,0.0135726434275338,0.00230903633665089,0.0293670554298728,0.00144670440455132,0.290312992973869,0.0144786406929294,0.284027596151941,0.448648037563395,0.939212243121496,0.182605137970963,0.00623844828974853,0.00239894438755206,0.011015665378659,0.00149307620114224,0.00172238113240201,0.00129897152503696,0.00111751745789516,0.000327176938023842,0.00011458802928307,0.00202071800953122,0,0.000393137722269583,0.0005444927604383,0,0,0,0,0.00026546564479543,0.00107381943687085,6.42109317416191e-05,0.00214871779185488,7.16458415095508e-05,0.00463648821541228,0,0,0.000170596847944212,0.000404124951166969,4.26218566729188e-05,0.000424780841610223,0,0,0.000177417599268818,0.000118955010938537,0.000300059043293082,0.000830196361951328,0.0269135200103918,0.0299715603741338,0,0,7.40222923600078e-05,0.002938416577285,0.000338915490527272,0,0.000262802339760375,0.0079969028764591
0.014668191419427,0.000666366082429838,0.300551879588955,0.00272362212123594,0,0.00273383851751625,0.0374604531875277,0.0730298265353668,0.00199441339085059,0.0408552605630834,0.036439085539049,0.0283123860818806,0.000188002877293181,0.235860936669286,0.00120140308452927,0.00259359107018346,0.498638116881744,0.712794637956454,0,0.00630155175588647,0.0549159937774497,0.00103288410337707,0.202856964307272,0.00531896679076666,0.000133775747309076,1.693570905434,0.407818650463371,0.0199500343180975,0.235226192702767,0.0934843460918402,0.000308091253108979,0.00385018205731389,0.0128757993812372,0.472957384423109,0.0132521183666325,0.271573783484404,0.309419839552625,0.495105484673597,0.147074544504746,0.00488831230238731,0.00119440251112038,4.58287945847035e-05,0.00477578323297079,0.00128092655578727,0.00156499194009239,0.00117712161961564,0.000517185901997662,0.000101770745768738,0.000150886869879079,0,0.00101248502041092,0.00892854892146065,0,0,0,0.000564347968254256,0,0.000523856021592736,0,0.000130446905064297,3.7446278923124e-05,6.85772753303289e-05,6.80476751247525e-05,0.000130859384038806,0.00091474743704151,0.00457647195132061,0,0.000875504690759817,0,0.000276324504736102,0.00022350416322825,0.00169612338044428,0.000787953212291008,0.000276088856608105,0.0217426225858025,0.0704422468648082,0.000275576074019188,0,0.000512508716752296,0,0,0,0.000186574159469974,0.00994624007726199
0.000570806072178805,0,0.00103685667102324,2.05087554362482,0.0054203573303058,0.0758057592091581,0.0169858047837517,0.0702759659291914,0.0520887176851975,0.416780619894295,0.0127734497793878,1.67625432284965,0.000833126846646396,0.0438177126329461,0.057362657510608,0.000441497701291996,0.00131262087638702,0.00763496573585441,0.00630155175588647,0,0.000519625893262851,0.000131245419224119,0.00143394054353601,0.125683555428028,4.00522586974562e-05,0.00814478317338171,0.00258130817477413,0.229772117953265,0.0115674478910769,0.000762002571938032,0,0.00175493828716915,0.000147336081150341,0.0327302470557935,0.027546008852296,0.206556099740542,0.00305550436741738,0.0272251493508631,0.0053504247819942,0.0646585937794616,0.00988571724093792,0.000654776576084035,0.014301102400695,8.55354153985379e-05,0.00230396970520169,0.00104593099497394,0.0733620260134675,0.00041491116984601,0.00098396377220991,5.78573124478579e-05,0,0,0.046476612999628,0.00233994298063069,0.000156915326995367,0.00986592074725734,0.00381550705583505,0.0070140810998189,0.00988701253804281,0,0.0321899825142824,0,0.000985176470853504,0.0144539312771218,0.000607171936170489,0,0,0,0.0198915154359678,0.000169791029599148,0,0.000305946187812733,0.0449213092180987,4.78741391621113e-05,5.76267880438924e-05,0.000124620899813426,0.0569889847727564,0.000368548061517471,0,0,4.26941789011716e-05,0,0.00119055128170287,0.00155263439567002
0.0177979735601743,0.00117893806613969,0.178055642477042,0.000180637130603433,0.000321367978270614,0.00127187487121271,0.119199298852631,0.0466122704537775,0.0133052920508,0.00132488930015447,0.00567650286111934,0.000932473665559986,0.000187364561066746,0.0505320884854947,0.0106543123353977,1.93054560938379,0.252111610501253,0.0070772552066633,0.0549159937774497,0.000519625893262851,0,0.0418648290259256,6.01487722991759,0.0520884948439808,0.00022515507220763,0.0496890000422937,0.201215940845781,2.30671931694771,0.0834836888750305,2.84404045365322,0,0.00196147122036569,0.0648473243167197,1.42698009503188,0.351514311334974,0.891477892015445,0.065211286160682,1.2108884429409,0.499467282089437,0.013124781593239,0.018655299398008,0.00411962467145661,0.0615709365325361,0.00248019880438872,0.00572846549458258,0.00920047606440796,0.0086107159073835,0.000955151162578295,0.00687256403157132,0.000280113122054046,0.000595866878065836,0.00546051828823288,0.000357889434601051,0.00138043095560105,6.13118058687687e-05,0.00225959027205864,0.00132184345490878,0.00655089489058903,0.00045526948949694,0.000113420786899025,0.00058044823476429,0,0.0013157627506796,0.00167069264216193,0.300158247492083,0.000417363730546558,2.86562664849818e-05,0.000239522961086935,0.000405020293156499,0.02563009925645,0.0305914305296023,0.125402716361114,0.211600128032303,9.60706123787403e-05,0.00187721918149779,0.0787913959479583,0.112386677683487,0.00385615970656562,0.000258452741825909,0,0.00036831990227825,0,0.00237618906797815,0.045482764134108
0.000683916413214463,0.369037432067399,0.00288012075465795,0,0,0,0.00224124334371321,0.00106216078903559,0.707454671844208,0.000186752062556487,0.00922090615118173,0,0.122656833299704,0.00186414992038386,0.00219520917319025,1.47580535283944,0.00282442457191638,0.00101726415001378,0.00103288410337707,0.000131245419224119,0.0418648290259256,0,0.0679173562216366,1.50295722755626,0.152140342259764,0.0244292411265071,1.81189088426131,0.0778760183312409,0.00198295816397462,0.0101545531039687,0.0105733634397964,0,0.000157282894225943,0.00626592921807764,0.00824943318579524,0.0597068530478549,0.0126884062606863,0.0163057505214507,0.0116344943531054,0.00181781166067762,0.000636937018753827,0.0036029941513995,0.0713166207117741,0.0108440069195628,0.0167699277083225,0.0152129058696834,0.00197869127004631,0.000336898357615751,0.0101070639229544,0.000117523524961054,0.0329021742105581,0.0189206239053153,0.00088992880867237,0,0,0.00468497933394443,0.000289092412437952,0.00896379590660945,0.00015198900306772,0.00598013293856758,0.00792944284162731,0.03454731291718,0.000549509783396542,0.000398653406391943,0.291284188696851,0.00996997607425735,0,0.00217486019525572,0.000221026972191393,0.00958067298447332,0.191514406988144,0.139555099491057,0.128035993540423,0.00797664433369298,0.0155295873387782,0.621569737278727,0.0262290314096138,0.000715609433693224,0.00168050707557549,0.00654096249638288,0,4.32307546636224e-05,0.00383696587413298,0.00580332321062566
0.0744266398189655,0.0023270235968403,3.32449313090799,0.00105149287656874,0,0.00192627696927546,0.192226571211568,0.117845582617526,0.0167253334961522,0.00663793993115527,0.0144733493876207,0.00228768112744101,0.000396824800618309,0.185066549535368,0.00872703153119535,0.943160827133604,2.26136176707472,0.026448718983733,0.202856964307272,0.00143394054353601,6.01487722991759,0.0679173562216366,0,0.171000041274737,0,0.582203911851206,3.62084703475392,1.38254233430919,0.104766103967908,2.16413399707937,0.000161785328338623,0.00146813533501424,0.0187659108585345,1.5406403575911,0.577307645730062,2.86697473988458,0.665822252210574,2.03336782414717,1.3023418594676,0.0185258023656534,0.027577840114975,0.00821629977998682,0.243547491376157,0.0201082071331444,0.061499240813876,0.0642569806812286,0.00917218585394281,0.00227888189181987,0.00783050112314183,0.000240069335731721,0.00191670352839868,0.179254187720537,0.000164366140457273,0.00102217300386553,0.000102370269455361,0.0163010719713183,0.00157445262545802,0.00429343986815306,0.000405245732216388,0.000950064909376948,0.000304882168318445,0,0.000838329007312727,0.00201077912671388,0.635231979988023,0.0287617581362323,2.65355196879089e-05,0.00532664590739262,0.000240263977276235,0.0384359472784,0.0897451172877453,0.789532090991259,0.136987387046038,0,0.0101703859449471,1.00801063993586,0.0875096721382076,0.00156314180076509,0.00271025665442143,0.000124170232783401,0.000813457275477947,0.000254422462720722,0.0170514555850922,0.11994213301166
0.0220176933661216,0.311062962654337,0.00535477230261359,0.341957016255317,0.0189174486860378,0.0119982696153139,1.19345226916666,0.11206386109938,3.11065763369447,0.095299816606429,0.00809416350972539,0.106757557650127,0.0422099394778089,0.194184707050704,0.298963657693976,0.638981965688512,0.00856922877327875,0.00380782888431549,0.00531896679076666,0.125683555428028,0.0520884948439808,1.50295722755626,0.171000041274737,0,0.0973924844123236,0.0225581255536762,0.829821957041464,1.06437256185568,0.178133954432238,0.228197421780605,0.00342579258810152,0.00182210075261258,0.0145993300580664,0.12270249754263,0.159162681963161,0.36835095689135,0.0209487785013388,0.0934839276351882,0.0413261924637692,0.172782294974279,0.0144532214134625,0.00460467068795981,0.373969499401836,0.00345787779895092,0.0541056121900315,0.0213430145331939,0.245646592734798,0.0138377885325376,0.00754482234626363,0.00566007874454656,0.00551929689231754,0.00580263459986656,0.276544213762217,0.00844072604562847,0.00454988879011444,0.209028621265745,0.0581158723872976,0.306963361126988,0.0702341322552742,0.00282089603876421,0.0654975197605927,0.00424402749156658,0.0504153429773987,0.0536839364379254,0.194481591188955,0.00149723253441309,0.000336809057054776,0.00147643485881999,0.103252992540169,0.0300375877931782,0.0573346869428029,0.0589754638586583,2.05397143306991,0.00213091810170323,0.00497473947364831,0.0802763993428869,1.02226529229403,0.0774714789341267,0.00219940988808189,0.000424027047294557,0.00521947636125662,0.0018515673183024,0.034008142693739,0.028027191338606
0,0.35518533717145,9.06311652400728e-05,4.90919351435185e-05,0.000115155851126623,0,0.00021991841995523,0.00112023628673179,0.169371987088578,0.000130908680692631,0.120723892478761,0.000236891305122512,0.607496448462577,0.00152902405464836,0.000487445677631617,0.0196876403290678,8.6776484025335e-05,0.000319970122728956,0.000133775747309076,4.00522586974562e-05,0.00022515507220763,0.152140342259764,0,0.0973924844123236,0,0.0151875997679071,0.302609255507551,0.00182233233246531,0.00167006714963805,0.000114563993836069,0.00905219766180402,0.000633469509730578,0,0.0179953845782756,4.23450316503883e-05,0.00190320129941097,0.00332009700735726,0.00337946580640066,0.000150235789918762,0.000827999243840717,0,0.0875343917223043,0.00722371683651352,0.0118339390698664,0.00644161553594321,0.00145774038798567,5.74273801886797e-05,0,0.0451509207164476,0,0.0170597254363951,0.000296632936646604,7.98789967776179e-05,0.000118145275439286,0,0.000211752278487849,0.000274402011996835,0.0137500904810195,3.06767264588773e-05,0.0167386143519565,0.00213968952624928,0.25658997933851,0.000664575420039505,0.000251502225473714,0.000376433491991848,0.000657332683505213,0.000193580751335597,0.00101170666532261,0,0.000159931135128545,0.00369206492198724,0.000109527442676824,0.00858811228218407,0.0943962321041193,0.069983657533166,0.245917161282499,0.000205730401135147,0.000343168733185232,0.000139882933707404,0.0247417374917572,0.000177978363998091,0,0.000616582813949144,0.00012488298213563
0.0138342475498874,0.0205904911793424,3.17046906950346,0.00291460670127452,9.99243053096296e-05,0.00429114045546786,0.0524898225920437,0.0949598488046925,0.0126106072823769,0.0561071669727456,0.268407710879486,0.0393322838221032,0.0908508325471776,0.279573838899986,0.00116142329678239,0.00414042378389928,1.40987492977455,0.851841164695921,1.693570905434,0.00814478317338171,0.0496890000422937,0.0244292411265071,0.582203911851206,0.0225581255536762,0.0151875997679071,0,2.28101822339987,0.0290982825819311,0.210726231701545,0.10659281507427,0.104614535769867,0.00961509202043533,0.00538501735772156,0.392573921357217,0.048541384594083,1.22375254513123,2.207808232858,1.38685913691249,0.570199072132062,0.0100315732542837,0.00402545031671895,0.0143504053848139,0.0597915310070773,0.0947958508815267,0.0592044754111411,0.0224501404598765,0.00075213004086715,0.000392555104953265,0.0422378067315717,0.00016582361686073,0.0213207842298197,0.055004822461672,0,9.84559361951109e-05,4.91769803269505e-05,0.0028521672419456,0.00242045225303411,0.00688583741767685,0,0.0560799772331373,9.45472831682444e-05,0.211949366394702,0.00289134296723036,0.000108801795260871,0.00174941621278424,0.0321822779037711,0.00236465064535284,0.0221033645170295,4.53315534789324e-05,0.00176102024114563,0.00328077633537384,0.0106485801379538,0.00313950621575235,0.0343421968639891,1.10964198712233,1.71753452668791,0.00113685549821231,0.00140486679428985,0.00289755758392105,0.102695655882116,0.000229685619637561,0,0.00666356705487136,0.0346144345295597
0.016419455917307,2.36818682611888,2.23902236620686,0.00152481078231509,0.0004097030698816,0.00179473501212428,0.0309905061059075,0.0490576613804847,0.649688394467442,0.0129362681665905,0.0192076571683856,0.01158008170881,0.591037131423548,0.135777315021038,0.00469721096572724,1.89213977559162,1.90644895822024,0.10878019265207,0.407818650463371,0.00258130817477413,0.201215940845781,1.81189088426131,3.62084703475392,0.829821957041464,0.302609255507551,2.28101822339987,0,0.290383424360852,0.0973018663610344,0.165647938849726,0.0395086983276579,0.000842403442556474,0.00725804475606293,0.645851383854275,0.199628904610768,3.54703839135942,2.05583288529922,1.75144752077094,1.02695464273548,0.0157269282822773,0.00690295876610618,0.0034739047117714,0.992789188883067,0.32488142744549,0.340455955713758,0.242226262259597,0.00685058368964966,0.00248492867331896,0.0141522238555277,0.00510421665876847,0.450168937948793,1.48487314078929,0.000594167468816704,0.00139689959292197,3.79124130751312e-05,0.119414698162383,0.00492460285531173,0.0301149685954884,0.000310306162727612,0.0213702351206913,0.00921496464625287,0.145674551900012,0.0155713647069024,0.00144411032016438,0.297301731496561,0.648009976014641,0.00612167271095746,0.145684680614886,0.000211591591210031,0.0684498607715604,0.36706742848883,1.0023741480498,0.117713853567688,0.135370617614988,2.30769306841111,14.8852626360022,0.0647372946147579,0.00824204966678743,0.0566928119637988,0.042483048790544,0.000162439989628518,0.000784541452551568,0.0994117343357924,0.114855229737826
