0,0.524426579475403,152.087456852198,5.59697258472443,0.320245891809464,55.2739706337452,3123.85427236557,839.922837734222,10.0328471362591,104.54762545228,71.0561222732067,9.28012427687645,14.8533148765564,10315.7318577468,2.58013278245926,1.28725922107697,1097.6680252552,108.126950293779,340.320523917675,4.55354684591293,360.510116130114,4.66412761807442,476.621033221483,95.8194707632065,0,228.774257212877,111.813522189856,370.955618351698,12216.9334602952,10241.0137401521,0,1.57381165027618,129.603385537863,506.225581914186,13.4842139780521,105.153776049614,29.5829824209213,127.045051455498,35.4097214639187,22.2232432365417,1.52410688996315,5.91469305753708,25.1388940215111,1.10821568965912,5.06258910894394,4.29167288541794,20.8427249193192,0,0,1.63376235961914,0,0.410515248775482,1.05128335952759,0,0.959469437599182,16.3689379990101,1.148881316185,9.31209820508957,0,0,0,0.972134441137314,2.67985448241234,0.512411892414093,2.34141790866852,2.39242154359818,0,0,0,44.7251943349838,2.42634397745132,6.88988137245178,41.7054630815983,0,0,8.1500823199749,63.0304628908634,23.4421304166317,68.1400382220745,0,0,0,3.52986645698547,3.51901197433472
0.524426579475403,0,20.6238924562931,4.12687852978706,10.733326613903,0,3.035858720541,2.67526933550835,2838.75670287013,2.1388336122036,105.745272815228,1.53534129261971,3740.82126682997,6.28843984007835,58.864996701479,431.301079899073,14.081912368536,4.51636105775833,5.46158105134964,1.13017606735229,81.8036152422428,1809.96188017726,35.6928503513336,3445.87690806389,6453.39205822349,339.712704718113,12565.4805165827,213.168933570385,7.31949412822723,1.16432079672813,43.9391233325005,0,0.350550323724747,38.1427772641182,14.6073513627052,74.8629283905029,159.058130711317,44.4930206537247,18.7435328662395,54.0890844762325,0,624.991861641407,223.641598731279,143.389284282923,120.489437907934,49.254651248455,5.88533937931061,3.61268875002861,30.2472640872002,6.06270784139633,1484.74358937144,82.8524019420147,0.929621487855911,1.37799423933029,0.443547695875168,22.6106696426868,2.07409316301346,41.2807320058346,0.680176794528961,114.983407706022,0.834009826183319,481.47479891777,5.23316234350204,0,46.9868385195732,86.789032638073,10.9428344368935,62.6088330447674,0,106.16813313961,98.3421665132046,42.6337639987469,156.154794484377,261.365760147572,1547.55826175213,10033.4748825133,63.546491920948,17.6945132613182,27.2518972754478,66.0424033403397,0.72548246383667,0,32.3861067593098,16.7113060355186
152.087456852198,20.6238924562931,0,0.727658629417419,2.0807871222496,55.3059052526951,3546.63955453038,602.874873280525,7.91838267445564,58.8556378781796,187.996252179146,16.0953667461872,32.9734517931938,1394.53531193733,69.7351202964783,219.54121568799,45958.2816401124,260.138493329287,1053.93801644444,7.21211844682693,3445.34604713321,26.3867052793503,35294.4024643898,936.060396492481,1.07188501954079,41182.5162598193,22291.0085690916,4644.40407264233,281.871724277735,1645.51940774918,11.4599803686142,1.49554646015167,16.2832337617874,4076.24236705899,1624.84648483992,6100.49010699987,1929.40437823534,3884.76087772846,3805.35144835711,79.7436481416225,18.7466749250889,4.13469943404198,625.569062590599,62.8207930326462,233.893589645624,175.634215176105,27.5396167635918,6.05933797359467,1.58929425477982,8.06508654356003,28.6874441504478,581.101237535477,0,21.5985647439957,0,70.0698833167553,8.53776663541794,7.79187786579132,3.6004718542099,0.941437095403671,0,6.90534052252769,17.5360485315323,30.09069865942,146.133633226156,310.680030614138,3.41141197085381,30.8272359669209,0,104.828536421061,35.8402711749077,287.948727339506,78.6050213873386,3.93606054782867,109.468324363232,5447.4428229332,60.796766191721,11.63750192523,76.5447398126125,2.3523057103157,0,0.454429864883423,108.469829946756,903.175825476646
5.59697258472443,4.12687852978706,0.727658629417419,0,113.032266706228,760.863492548466,387.221654653549,477.289902448654,4019.27244266868,8656.25162631273,54.9034593403339,2777.12670359015,65.0008992552757,412.627380311489,496.024415642023,0,4.21101155877113,29.2375231683254,9.2684973180294,29696.7511003017,0.678892970085144,15.7901611328125,4.84882983565331,12298.0419157445,3.73221817612648,36.4899427294731,14.8629190027714,13941.6610091627,307.207095533609,10.8184419572353,0.408681184053421,8.62756654620171,0.696367740631104,87.5592750310898,18.4860290288925,206.823525041342,8.35655120015144,161.723705470562,29.2003908157349,1400.69759440422,23.0738567113876,41.3077040016651,105.275309801102,1.22317987680435,79.6967442333698,2.28005835413933,458.219830781221,12.024641931057,1.23065721988678,2.23480522632599,12.6690561771393,0,1870.19843444228,40.753976970911,128.909645080566,276.212455898523,105.23879596591,1254.660818398,1575.9098482132,0.49168786406517,732.891679257154,19.9980958402157,31.6604175567627,148.860320955515,0,0,0,0,836.640353381634,0,57.9044374227524,1.05961313843727,1394.80546915531,7.09122961759567,0,28.6110987961292,2109.57095691562,39.8300002217293,3.97652572393417,0,0,0,25.0348123013973,8.08172690868378
0.320245891809464,10.733326613903,2.0807871222496,113.032266706228,0,3773.75381448865,222.296630740166,741.59002789855,536.81169718504,226.473922818899,50.202897131443,554.162723273039,328.605823785067,76.0962401628494,3686.60899442434,3.2007474899292,1.26913952827454,7.04056516289711,4.17281132936478,49.4254956841469,36.7965202927589,13.7647608816624,27.2220799028873,614.988454610109,5.52270007133484,8.34176024794579,37.6045992672443,292.127231746912,81.563980281353,33.2855863571167,0,2065.26782399416,2.72055900096893,1982.64129161835,1090.26095968485,643.146372169256,36.4024791717529,136.156987845898,94.1235311031342,27350.6882922649,7448.67335957289,76.7309840619564,17.191552400589,2.57532000541687,8.68517237901688,27.9931955337524,62.184707313776,1.49137055873871,0,1.86589577794075,0,2.72494006156921,32.0361354649067,2.07609468698502,8.30493760108948,16.3730245828629,1.18734574317932,16.7171058654785,45.0352017879486,0,85.5203306376934,20.926755964756,1.0080381333828,29.1679162681103,1.05526319146156,2.06241983175278,3.01518595218658,2.26955926418304,38.1611690223217,12.1301594376564,0,12.6724324822426,41.9380643367767,0,7.97648525238037,15.6880407333374,41.7004871964455,0.713694870471954,16.8051219582558,0,0.887569189071655,0,0,572.867438673973
55.2739706337452,0,55.3059052526951,760.863492548466,3773.75381448865,0,22670.3126665354,17147.2585292459,772.884221404791,19846.8704968691,225.016958653927,9811.66716662049,713.377763390541,5323.47466111183,6849.97448188066,3.50061124563217,45.499807715416,97.8620864152908,27.1984774768353,937.372828900814,64.7570670545101,2.65697032213211,104.897658854723,669.997921705246,0.761367440223694,124.968973040581,43.2440119385719,2775.27519395947,1109.61358997226,208.242557406425,2.00168541073799,313.711573660374,23.1637650430202,369.091040402651,2785.90072751045,1251.87364840508,61.5935811400414,457.855994790792,176.568643331528,7801.72151768208,1209.9248585403,249.007995545864,89.1149905622005,1.3654420375824,50.3671609163284,3.98303002119064,449.663993507624,4.41751030087471,0.484414905309677,3.25313040614128,0,0.742911875247955,592.421230882406,63.9893953204155,137.849451124668,144.621789336205,44.6517086029053,216.645933300257,797.349705845118,0,732.124592661858,40.7809545695782,17.5374126136303,244.511737167835,0.428065270185471,0,0,0,424.206258118153,6.55729582905769,0.521320998668671,2.10923272371292,539.120751440525,0,0,3.60277822613716,875.658351510763,12.5248553454876,49.8703254163265,0,1.9756994843483,0,9.94733202457428,239.600122392178
3123.85427236557,3.035858720541,3546.63955453038,387.221654653549,222.296630740166,22670.3126665354,0,23912.2820034921,280.904971063137,50487.1829317212,1260.81639322639,363.498675495386,1248.91949266195,36231.8112677932,855.019693523645,49.3808668553829,2754.10317364335,726.612554430962,626.243478417397,166.861532717943,11409.311676085,18.1896286308765,10203.6501089633,2925.46840044856,1.23491185903549,2732.411744982,1069.75607907772,60218.583762452,17406.7083236873,30426.6811048985,13.9790393710136,243.389048755169,1098.26653549075,4595.97171327472,2049.47362163663,6634.09857994318,460.87874302268,4923.88878649473,1621.01030790806,2993.82447698712,353.89436006546,423.064282894135,1022.97093972564,26.208230048418,387.494181662798,77.6090365946293,595.170795857906,95.2540682554245,12.8518102765083,104.551970809698,1.31187483668327,45.5032512545586,316.245114564896,29.5040336549282,95.9432657361031,2000.40188157558,133.484662979841,315.900742709637,520.843756079674,2.34207254648209,126.81057792902,115.558579325676,103.20573297143,107.386676579714,63.4271801710129,25.6636992692947,0,0,143.585732460022,208.440413445234,36.4379758238792,162.465903937817,2679.29242828488,0,4.1808203458786,233.013599604368,2968.80417042971,406.414188921452,1270.3339459002,1.81012418866158,6.25438299775124,9.76173144578934,140.311811223626,293.852106481791
839.922837734222,2.67526933550835,602.874873280525,477.289902448654,741.59002789855,17147.2585292459,23912.2820034921,0,270.776092499495,12864.3927223086,376.850001126528,5594.95642888546,2347.51323154569,35477.3494043946,582.826556056738,11.7111896574497,1529.57557865977,203.011940062046,420.361991763115,1031.88942977786,482.386043339968,0,1288.11672854424,1211.07450914383,0.621441662311554,741.517299294472,302.108582347631,4240.88001710176,3228.44720745087,5450.60636243224,7.5505485534668,1551.80391955376,71.7954760193825,795.507500439882,231.802369773388,3329.23945763707,204.921383857727,1177.69082340598,481.025509506464,6270.04729804397,666.435167819262,791.683795303106,203.425155341625,0.668695092201233,93.5305044353008,4.8365775346756,263.667443543673,8.02161657810211,2.75465381145477,15.5336678028107,0,1.11646956205368,157.617338567972,8.16954618692398,24.3240495622158,492.63783955574,18.8528952896595,133.330722928047,147.391610920429,0,201.188899815083,25.7984792292118,8.39564380049706,69.6527256369591,6.61159744858742,0.524321854114532,0,0,92.349711149931,48.3240453004837,8.17607727646828,11.6017364859581,916.841087639332,0.499689340591431,0,11.3120201230049,910.908193469048,31.5285339057446,164.681951373816,2.17603367567062,0,1.45384228229523,24.7865492105484,44.2549762427807
10.0328471362591,2838.75670287013,7.91838267445564,4019.27244266868,536.81169718504,772.884221404791,280.904971063137,270.776092499495,0,3086.1553375423,94.5706236958504,3422.03610110283,1424.88774713874,247.15921485424,3914.77504050732,105.990381538868,7.05761769413948,13.6606262028217,10.6048404276371,1122.90874043107,151.961310327053,9154.57821235061,76.0303097963333,45931.6668575108,2173.40769219398,345.562851697206,4762.2426455915,5165.58696013689,278.372524559498,123.931114643812,18.5883707106113,11.3104420304298,17.5653262734413,130.624685406685,116.716241061687,416.986615747213,49.7435962855816,194.100354105234,57.5601715445518,1018.37882775068,73.1562882661819,112.649922013283,891.283064782619,51.7545550465584,342.663154572248,90.1511704027653,527.668170124292,72.5366673469543,14.5097853243351,80.7476550340652,30.8086946904659,35.6314361095428,1733.39993306994,83.9164581596851,161.037981510162,1127.57842466235,204.351862162352,2963.27333727479,1051.69884961843,61.0596761107445,604.940626055002,313.107589304447,194.394813537598,219.832510262728,1770.48156902194,33.3824103176594,17.6385715901852,12.7073179483414,535.189413517714,809.941442728043,410.622583478689,1015.51266917586,6068.26605224609,27.5628219544888,71.6771413683891,597.320764631033,3458.4081491828,417.717983931303,599.080210030079,24.751812338829,17.7288061082363,13.8172092437744,162.070841223001,249.670428603888
104.54762545228,2.1388336122036,58.8556378781796,8656.25162631273,226.473922818899,19846.8704968691,50487.1829317212,12864.3927223086,3086.1553375423,0,1139.84273919463,13982.7474569082,914.932930469513,10139.1971238554,662.234067797661,3.24221095442772,60.7184597253799,502.989849567413,240.242707133293,12459.2425528765,36.4761991202831,4.40652894973755,67.337615609169,2431.46735090017,1.87351948022842,622.379965424538,170.677018165588,19886.8115404546,3884.05649572611,168.545090287924,7.03328794240952,86.3402929008007,71.8134838342667,1089.10863223672,412.180954456329,1904.20002868772,161.661451131105,1698.14349216223,393.907128632069,2896.38447341323,117.462112784386,458.010820269585,201.537407189608,0,105.258620083332,8.75873517990112,804.523714125156,10.9734571278095,2.49634701013565,2.08360463380814,0,0,2433.90018749237,80.9943009316921,246.579529285431,511.502694785595,135.356597870588,1114.72695329785,2464.61733597517,5.53171548247337,1447.74158087373,22.1307930350304,38.3791836798191,365.374162137508,0.594297409057617,0,1.10604503750801,0,1415.21640694141,3.28869587182999,1.40456089377403,1.6648017168045,1739.15857124329,0,0,1.1901815533638,3059.69638746977,33.1718080341816,27.2464000582695,0,1.69527924060822,0,27.1070986092091,28.1161239147186
71.0561222732067,105.745272815228,187.996252179146,54.9034593403339,50.202897131443,225.016958653927,1260.81639322639,376.850001126528,94.5706236958504,1139.84273919463,0,411.371792644262,6865.94691085815,3059.93615329266,29.6096831858158,27.2582804560661,1868.21176338196,9741.58125048876,1183.48885470629,106.513078182936,210.863897413015,47.2351054549217,665.836388319731,279.690307110548,675.122020274401,5524.45275458694,1285.70373272896,697.640437334776,4600.71308833361,240.558362334967,700.25281059742,210.952341854572,18.3864767551422,22506.7091252208,359.644801050425,1899.67573773861,5479.90736958385,6077.93039816618,1162.23010766506,249.280298471451,53.1169894337654,3448.05245146155,57.5641378164291,135.405729800463,108.875306606293,13.3334023356438,28.1719077825546,2.16113919019699,222.262446284294,0,59.9149396419525,10.7245766222477,3.2898026406765,4.65361988544464,0,8.10080707073212,0.997952252626419,66.3517375290394,0.993220925331116,1897.77454221249,4.65064254403114,5956.77031347156,23.1458775997162,2.53970986604691,10.5465517044067,7.00045323371887,15.5014497935772,9.24177587032318,0,12.3806942105293,56.2142714560032,15.0325309932232,69.0501251518726,319.481510043144,2546.96504536271,2878.71259790659,15.2721318602562,18.6397393941879,14.6648679971695,1621.4740255475,9.44201910495758,0,54.6097479760647,258.960816711187
9.28012427687645,1.53534129261971,16.0953667461872,2777.12670359015,554.162723273039,9811.66716662049,363.498675495386,5594.95642888546,3422.03610110283,13982.7474569082,411.371792644262,0,478.062378585339,2101.47434902191,3078.50648015738,2.2796471118927,9.424042314291,131.835276097059,45.9627423286438,17488.1864151061,6.52653601765633,5.42425113916397,16.7933890223503,1080.12974330783,1.6628201007843,183.021450787783,60.0976258218288,1381.1072435081,915.32598233223,37.3128415644169,4.58906531333923,26.6447855532169,0.796288013458252,182.760285615921,619.227550566196,424.004933565855,40.0373140871525,364.911094516516,74.5432181358337,4677.35559421778,67.7638935148716,189.10441839695,30.9367944598198,0,22.98625472188,1.98539716005325,708.080991774797,9.60927620530128,0.782406151294708,0,0,0,942.219400912523,140.962749809027,236.216594129801,59.1911688446999,78.2959997653961,355.426095455885,900.65075686574,5.08030325174332,2179.79490402341,33.9351278841496,37.7490602433681,400.969240218401,0.666649281978607,0,2.61671656370163,1.00221812725067,1224.33837512136,2.3681121468544,3.89910066127777,1.36137315630913,548.472360014915,0,0,1.9932219684124,568.526369541883,20.7513443827629,5.74747207760811,0,3.97029027342796,0,7.61231160163879,146.817484110594
14.8533148765564,3740.82126682997,32.9734517931938,65.0008992552757,328.605823785067,713.377763390541,1248.91949266195,2347.51323154569,1424.88774713874,914.932930469513,6865.94691085815,478.062378585339,0,3429.12163296342,341.631310760975,90.7530719935894,27.3893262445927,117.967340618372,21.7448135316372,113.379470020533,140.958731502295,1487.56061521173,147.477501809597,1184.76176592708,12164.1075257361,803.963558137417,2956.91379889846,1142.50316667557,3260.34412780404,221.484557896852,1836.68912059069,708.592876106501,5.88847416639328,5234.06525868177,131.811224222183,4310.45215266943,2582.07430011034,4560.08058312535,2408.6320938766,3710.44730478525,1814.56974068284,6479.60542657971,264.830396801233,369.995074242353,365.620059221983,21.0467332601547,969.370569586754,21.6731604337692,749.807389110327,11.105238109827,197.898207604885,5.23109805583954,27.1382518112659,8.49687686562538,30.3164109289646,242.304532170296,31.9484619498253,211.939176231623,56.6320768296719,5839.3148137033,51.7130326926708,21829.1678674519,74.2154441177845,57.264169126749,30.7161814272404,6.56570854783058,17.4984015226364,4.66097968816757,25.235935986042,133.20004594326,192.740271985531,27.7298802435398,504.758233517408,2015.52286660671,3569.53437528014,4932.0591276288,309.366921246052,120.276063650846,206.910514831543,3826.36942279339,22.1494216918945,2.43795251846313,180.700989425182,100.412575304508
10315.7318577468,6.28843984007835,1394.53531193733,412.627380311489,76.0962401628494,5323.47466111183,36231.8112677932,35477.3494043946,247.15921485424,10139.1971238554,3059.93615329266,2101.47434902191,3429.12163296342,0,280.222701668739,24.7660641670227,5120.46407699585,1460.31585460901,1562.71608823538,627.33979639411,1411.18299353123,14.8200122117996,3778.08254358172,1427.42129608989,1.56430876255035,2708.91787871718,1107.56286819279,5277.13405758142,22048.2828224748,25258.8761384487,27.1733154654503,424.525043606758,215.529944270849,3096.95841893554,254.252166152,4042.7532851696,435.218483150005,2076.07730773091,560.322544455528,2004.56925880909,969.573443591595,1054.79132822156,233.715263396502,2.84440523386002,107.048791080713,10.3169782161713,244.21904733777,12.7732127904892,0.703740000724792,19.6367312371731,1.7310870885849,10.099690258503,75.1295644342899,5.18321394920349,16.726993471384,549.167500704527,15.511984795332,140.409724742174,57.936815649271,5.97046214342117,79.485754430294,58.9892728626728,6.2133406996727,44.4629206955433,11.0086744725704,1.41445800662041,0.403615564107895,0,44.6950404047966,111.528437390924,17.824619948864,19.3714509904385,1061.92132475972,2.74754470586777,6.29196873307228,66.5279975235462,791.87341606617,51.4661515057087,343.817109674215,1.41608357429504,0,2.29174453020096,38.6617538332939,70.255259424448
2.58013278245926,58.864996701479,69.7351202964783,496.024415642023,3686.60899442434,6849.97448188066,855.019693523645,582.826556056738,3914.77504050732,662.234067797661,29.6096831858158,3078.50648015738,341.631310760975,280.222701668739,0,59.9696615040302,29.7832030653954,21.7345084249973,15.4026545584202,187.628603845835,396.712913841009,118.029493302107,399.214618861675,3114.26309978962,42.6753921210766,75.5394621193409,314.465290278196,1674.75840681791,235.159551173449,318.498079091311,1.10374611616135,110.167970716953,3.17228734493256,77.8225791752338,1875.13540554047,1158.59457725286,304.192656487226,180.665981352329,238.35216742754,8599.35721218586,337.298385292292,68.2608860433102,135.227747797966,50.8381759524345,66.6070494651794,97.7197341918945,521.325311660767,15.475962460041,2.97687327861786,14.4994760453701,1.5970413684845,24.8691403865814,336.612837821245,63.1209614872932,129.256441116333,203.978543937206,37.6977846026421,118.113396883011,498.943205624819,3.6482048034668,723.640472233295,80.3499568402767,23.5056431293488,283.92217412591,34.6089116930962,3.97770237922668,3.98645275831223,5.86605030298233,302.469268143177,117.849810063839,21.0786613225937,75.0612747073174,404.102451205254,0,36.6668152809143,81.9793007969856,482.6114795506,71.8416090607643,163.510429233313,0,1.51838824152946,1.21687567234039,16.7786774039268,1357.36677822471
1.28725922107697,431.301079899073,219.54121568799,0,3.2007474899292,3.50061124563217,49.3808668553829,11.7111896574497,105.990381538868,3.24221095442772,27.2582804560661,2.2796471118927,90.7530719935894,24.7660641670227,59.9696615040302,0,161.093796104193,35.1565381288528,46.595822095871,0,9615.01663190126,8247.16574597359,11803.9184328318,3350.30416795611,203.741214543581,121.785962074995,12052.8405362964,1983.22776433825,25.1519162356853,170.729185461998,0.837500929832458,2.42105484008789,11.5590435862541,589.602000713348,1634.19473528862,3663.52983936667,999.393246352673,1920.18323776126,968.041390895844,13.8634293675423,26.0698384642601,6.45726841688156,1320.12539061904,111.624305099249,472.644432544708,584.024392873049,135.529634207487,3.2219306230545,0.511184394359589,6.02053320407867,20.5969258546829,612.447340399027,0,13.1015107631683,3.01365494728088,159.887018918991,16.2754212319851,14.516201287508,4.57129594683647,3.58795237541199,1.59589967131615,9.09875094890594,26.9448695480824,15.2452708780766,8702.99662965536,186.020966768265,7.69328960776329,17.6731205284595,0,1251.03180220723,1160.75383377075,8282.32909846306,704.051584810019,0.750934243202209,47.6377916932106,5007.44253325462,381.367189079523,13.9802472889423,138.169311285019,1.49263954162598,0,0.892515420913696,173.496023774147,638.148555248976
1097.6680252552,14.081912368536,45958.2816401124,4.21101155877113,1.26913952827454,45.499807715416,2754.10317364335,1529.57557865977,7.05761769413948,60.7184597253799,1868.21176338196,9.424042314291,27.3893262445927,5120.46407699585,29.7832030653954,161.093796104193,0,1643.45663157105,12695.0749565661,7.06488654017448,4021.26918980479,16.7344755232334,27269.0638820529,230.577496260405,0.46373575925827,16892.1209803522,20916.1388791203,1010.47274419665,2210.43959210813,9303.12280905247,1.1375128030777,4.43625018000603,158.81211912632,10531.0822722316,604.639692276716,3379.83941236138,2147.42422631383,2248.33819979429,1667.18894594908,41.1545988023281,11.0705390572548,7.73100882768631,243.660049855709,17.7372942864895,107.744781792164,72.953466385603,41.0735712647438,1.68516433238983,0,5.5319364964962,24.9218980967999,187.253661632538,0,3.68579542636871,1.9802086353302,23.2303375005722,0,8.55411505699158,0,0.618515610694885,2.96958833932877,1.56306365132332,0.351781636476517,3.48301923274994,89.8131552636623,118.968865007162,2.56723108887672,22.7680452167988,0,201.100588589907,23.4541472494602,129.922592937946,62.0827741026878,2.16530448198318,60.1684961020947,2782.03283184767,74.967056542635,14.7984109520912,104.998935133219,0,0,0,45.4859752655029,304.527961283922
108.126950293779,4.51636105775833,260.138493329287,29.2375231683254,7.04056516289711,97.8620864152908,726.612554430962,203.011940062046,13.6606262028217,502.989849567413,9741.58125048876,131.835276097059,117.967340618372,1460.31585460901,21.7345084249973,35.1565381288528,1643.45663157105,0,1923.02201581001,52.7890251874924,276.391281992197,8.82926535606384,884.631519019604,113.734283268452,5.99647200107574,1985.97026619315,929.621936112642,292.78705021739,1780.50081792474,317.55158701539,22.6925984621048,36.7187467217445,34.0448253154755,8492.1124279201,559.432246029377,2500.27532556653,3013.76069504023,3814.96746885777,2651.53792917728,120.395677387714,18.652811050415,18.9832353591919,39.5038009881973,20.1827170848846,8.51503464579582,14.3523187041283,5.24208390712738,0.744260966777802,0.711460530757904,0,4.25162208080292,8.92251744866371,0,11.6764238476753,0,0.584391236305237,0,3.79942372441292,0,4.71560311317444,1.43505203723907,43.9071255624294,0,6.117207467556,10.8196930289268,10.6786443293095,5.39110720157623,8.01076254248619,0,9.38527646660805,3.98135006427765,16.2864924669266,1.49958789348602,5.9755545258522,388.690350085497,625.172059386969,0.33764636516571,0,0.966862738132477,44.0605104863644,0,1.19483435153961,0,348.768103092909
340.320523917675,5.46158105134964,1053.93801644444,9.2684973180294,4.17281132936478,27.1984774768353,626.243478417397,420.361991763115,10.6048404276371,240.242707133293,1183.48885470629,45.9627423286438,21.7448135316372,1562.71608823538,15.4026545584202,46.595822095871,12695.0749565661,1923.02201581001,0,24.2512510418892,746.934391111135,3.9706699848175,1946.37517392635,90.1495051681995,0.513903081417084,18106.2575185299,2073.76144373417,343.914845824242,1356.70041835308,1760.69104683399,0.425173819065094,6.2412893474102,79.9960955381393,6455.50055998564,343.301392197609,2096.31575626135,1229.3173737824,1877.77704584599,1548.49846181273,36.5055707395077,5.15369266271591,3.98000741004944,47.0865088999271,1.90161484479904,11.8444164693356,10.8399447500706,4.00812277197838,0,0,0,0.611590385437012,20.5596733987331,0.898896098136902,8.17638170719147,0,0.871498137712479,0,3.84973561763763,0,0,0.322080701589584,0.550380110740662,0,3.84214317798615,20.037664681673,15.258576631546,0,6.95188140869141,0,38.7052369117737,5.69315508008003,30.157574057579,15.8137307167053,0,77.788488984108,429.6148237288,7.86430805921555,0,9.68226882815361,0,0,0,4.92980352044106,230.305172026157
4.55354684591293,1.13017606735229,7.21211844682693,29696.7511003017,49.4254956841469,937.372828900814,166.861532717943,1031.88942977786,1122.90874043107,12459.2425528765,106.513078182936,17488.1864151061,113.379470020533,627.33979639411,187.628603845835,0,7.06488654017448,52.7890251874924,24.2512510418892,0,0,1.40823566913605,4.77292105555534,1846.79473569989,0.564539015293121,63.7211124002934,20.2018159031868,4414.16954529285,333.616636484861,9.54436829686165,0.820589661598206,7.73987185955048,0,75.9278434216976,9.85470369458199,156.891169726849,12.2845742702484,143.376968383789,24.4298765957355,786.410511374474,14.0175485014915,48.5787189006805,31.3709868490696,0,24.4279740154743,0,204.602264136076,2.65243726968765,1.38000935316086,0,3.32158625125885,0,903.12405782938,31.4264641702175,87.1583973169327,86.752135515213,35.3860101401806,333.601184427738,648.25698697567,1.73176157474518,421.833495914936,8.82192942500114,9.92140713334084,105.572034955025,0,0.595637738704681,0,0,351.964585751295,0.794887065887451,26.585705935955,0.619661450386047,369.506596446037,3.35296076536179,0,20.8950186669827,677.131495445967,11.3843341171741,0,0,0,0,4.35593467950821,1.75851517915726
360.510116130114,81.8036152422428,3445.34604713321,0.678892970085144,36.7965202927589,64.7570670545101,11409.311676085,482.386043339968,151.961310327053,36.4761991202831,210.863897413015,6.52653601765633,140.958731502295,1411.18299353123,396.712913841009,9615.01663190126,4021.26918980479,276.391281992197,746.934391111135,0,0,1086.87527766824,71546.8558065891,1124.55719041824,24.6873131394386,1147.4874882102,4793.34691408277,34608.1150447726,2741.53655460477,35659.7857702672,2.51426386833191,24.1038977205753,902.000729799271,11890.33932814,5881.25821849704,8165.48051801324,2045.68435055017,7810.30025523901,2964.35615220666,123.204765468836,127.991513252258,5.82020074129105,966.543460994959,82.6727009117603,329.210958451033,406.333778679371,308.390995204449,18.7933818697929,0.453339219093323,30.8783558905125,17.8015369772911,79.9495910704136,6.38853779435158,30.8677708208561,5.51468014717102,247.573375374079,16.2810784876347,63.021543353796,10.3972123861313,2.51789501309395,10.0775713026524,19.1430797874928,30.0594359338284,41.9554916918278,3040.65920948982,64.1404229402542,3.17050293087959,5.00655943155289,3.45959469676018,5698.22583979368,717.154333263636,4884.56533575058,1247.31696251035,0,9.28034719824791,1106.51338231564,892.628600776196,222.585011065006,1416.080437392,0,0,13.5612162947655,208.74579846859,1333.52949461341
4.66412761807442,1809.96188017726,26.3867052793503,15.7901611328125,13.7647608816624,2.65697032213211,18.1896286308765,0,9154.57821235061,4.40652894973755,47.2351054549217,5.42425113916397,1487.56061521173,14.8200122117996,118.029493302107,8247.16574597359,16.7344755232334,8.82926535606384,3.9706699848175,1.40823566913605,1086.87527766824,0,773.993896991014,20347.6824537516,2112.17827659845,150.786044448614,14197.1545279324,1265.89801865816,13.6388475298882,54.7973157763481,16.5719200372696,0,2.6671530008316,49.0458866357803,106.767823040485,199.288538277149,66.7052873969078,85.3994974195957,61.2823704183102,78.5548881292343,3.82936790585518,102.203448385,599.559852421284,53.2433625459671,237.644489854574,207.155826538801,31.9665570855141,8.98004946112633,2.65588808059692,6.30334976315498,330.188348352909,125.195192307234,5.80029574036598,0,4.62920492887497,104.710792660713,28.5048893094063,48.3342191874981,7.23892346024513,34.8153119683266,1.80178779363632,179.458870738745,36.4861243665218,3.99373054504395,2339.58279079199,128.902990460396,2.73298811912537,17.8483879268169,2.00913965702057,481.523276984692,932.609552353621,1178.68731024861,487.559364825487,24.3936421573162,78.3861162364483,5150.33657038212,216.465627998114,18.7461315989494,100.549370378256,21.3241782188416,0,0,86.7630721926689,134.945189088583
476.621033221483,35.6928503513336,35294.4024643898,4.84882983565331,27.2220799028873,104.897658854723,10203.6501089633,1288.11672854424,76.0303097963333,67.337615609169,665.836388319731,16.7933890223503,147.477501809597,3778.08254358172,399.214618861675,11803.9184328318,27269.0638820529,884.631519019604,1946.37517392635,4.77292105555534,71546.8558065891,773.993896991014,0,1971.0071990788,10.6369639635086,9977.47819539905,21031.2909860313,15434.5873139501,1778.198600173,15479.4635418355,4.07904180884361,25.704829454422,251.473092406988,13231.7789452076,8297.18130832911,18371.6721870601,6979.76018825173,17557.4636140168,10052.9369013011,137.060813963413,84.7042540609837,17.6012002229691,1580.94205996394,140.358133494854,674.072809249163,769.428796857595,233.59453111887,23.7339708209038,2.49653425812721,19.9278005361557,17.5491415262222,1341.74404481053,1.9046336710453,88.4731295108795,3.43051838874817,279.7687356323,31.3500969707966,28.3914779126644,10.6769781708717,5.69058591127396,0,14.8670987486839,71.2868182659149,72.0178800225258,5928.90659213066,389.160961806774,12.101784914732,29.2390442788601,2.31530004739761,1556.40218299627,555.707344770432,7971.08682146668,630.115578383207,0,57.1375955343246,9015.97717365623,507.750824034214,58.4350603818893,398.197496294975,0,0,5.74770471453667,251.256908655167,3234.07363256812
95.8194707632065,3445.87690806389,936.060396492481,12298.0419157445,614.988454610109,669.997921705246,2925.46840044856,1211.07450914383,45931.6668575108,2431.46735090017,279.690307110548,1080.12974330783,1184.76176592708,1427.42129608989,3114.26309978962,3350.30416795611,230.577496260405,113.734283268452,90.1495051681995,1846.79473569989,1124.55719041824,20347.6824537516,1971.0071990788,0,1850.29152709246,408.082494109869,16982.3404765129,16187.8235233426,1800.07682803273,1575.29012167454,17.3329358100891,66.5591079890728,138.540615737438,1095.41874438524,1231.04763221741,3672.28344115615,361.72582796216,1522.58736562729,543.3473752141,2384.19841441512,149.105689316988,191.159011930227,4106.5185970664,118.471835106611,1949.26702234149,257.181385487318,2133.44231837988,315.681411832571,51.7493903636932,312.365889549255,85.9336088001728,132.888383865356,2233.34568271041,109.413005769253,450.64225769043,6422.89345490932,875.5439247787,4346.00896504521,2484.50078138709,68.9819630384445,510.443298876286,755.375928997993,772.083405226469,354.838074952364,1628.63910585642,141.06091979146,6.3719801902771,11.3486442565918,875.063646912575,3136.59484371543,1182.05907228589,1630.6729387641,18843.1223399937,23.4320673048496,60.500969171524,1442.70486316085,13863.7474865615,1655.40736651421,3616.70951321721,6.29741758108139,54.5098543167114,54.2502646744251,790.90415212512,634.588922649622
0,6453.39205822349,1.07188501954079,3.73221817612648,5.52270007133484,0.761367440223694,1.23491185903549,0.621441662311554,2173.40769219398,1.87351948022842,675.122020274401,1.6628201007843,12164.1075257361,1.56430876255035,42.6753921210766,203.741214543581,0.46373575925827,5.99647200107574,0.513903081417084,0.564539015293121,24.6873131394386,2112.17827659845,10.6369639635086,1850.29152709246,0,244.577817112207,6185.42835620046,89.9453174471855,9.55068007111549,1.89331969618797,218.872144728899,1.37650322914124,0,55.9148117303848,3.00161081552505,10.0632476210594,47.0670303106308,32.3605285584927,0.936868607997894,26.813252478838,0,610.321571469307,40.0041823685169,71.5859676599503,46.985261619091,5.28098511695862,1.37401619553566,3.13511729240417,128.028072178364,0,149.177318036556,2.1476212143898,0,0,0,1.17111206054688,1.069056391716,31.669043302536,1.52294713258743,681.190016001463,0,2709.28259459138,4.91301420331001,0,4.06460779905319,5.77532607316971,3.52913272380829,6.30842423439026,0,6.06770539283752,36.0104573071003,3.20455902814865,31.4834322035313,642.062063872814,961.268170297146,3454.71543988585,5.50892812013626,14.0655728876591,1.91381651163101,322.802442282438,3.52239978313446,0,29.346140474081,1.43267667293549
228.774257212877,339.712704718113,41182.5162598193,36.4899427294731,8.34176024794579,124.968973040581,2732.411744982,741.517299294472,345.562851697206,622.379965424538,5524.45275458694,183.021450787783,803.963558137417,2708.91787871718,75.5394621193409,121.785962074995,16892.1209803522,1985.97026619315,18106.2575185299,63.7211124002934,1147.4874882102,150.786044448614,9977.47819539905,408.082494109869,244.577817112207,0,33518.2603887618,1431.11940777302,1711.89342863858,1602.79266124964,1609.03423649073,32.9690773487091,25.4807429909706,7578.33735096455,2441.72309830785,13955.3972608149,19025.9774483144,8322.90551283956,7922.26906833053,304.366849482059,75.1030222773552,143.786934763193,801.666520476341,486.29533007741,531.994408011436,233.856993883848,27.8020876944065,13.7056064009666,34.6961799263954,3.70455488562584,281.56972822547,555.426609545946,1.93374818563461,25.491596698761,0,30.4194118380547,0,28.6619648337364,0,274.151840060949,1.22992736101151,1940.64490488172,7.1270586848259,24.4576478600502,38.5515467226505,506.168202549219,66.4286693036556,343.026029497385,0,48.388468503952,61.5816986262798,94.5608206689358,54.7407148182392,265.867111831903,10388.2831387222,25905.7495868802,25.0841675102711,10.9032272398472,70.2853913009167,1072.52351355553,0,0.472110241651535,160.12284180522,1566.98288455606
111.813522189856,12565.4805165827,22291.0085690916,14.8629190027714,37.6045992672443,43.2440119385719,1069.75607907772,302.108582347631,4762.2426455915,170.677018165588,1285.70373272896,60.0976258218288,2956.91379889846,1107.56286819279,314.465290278196,12052.8405362964,20916.1388791203,929.621936112642,2073.76144373417,20.2018159031868,4793.34691408277,14197.1545279324,21031.2909860313,16982.3404765129,6185.42835620046,33518.2603887618,0,9406.49635201693,779.540319591761,928.802588552237,1504.9962618649,6.35379821062088,34.927102714777,8891.12005642056,6295.69001096487,29515.0428258479,15610.633277446,13274.4035002291,12301.6126667261,457.590376853943,56.032726585865,70.1493234336376,6158.44056719542,1548.94315192103,2862.32052266598,1936.96302947402,174.22144010663,62.8204990327358,37.1234930455685,31.8056509792805,3901.43568372726,4943.80317121744,2.757583796978,63.5878050327301,4.77514174580574,655.317812919617,90.7244390249252,134.62802991271,29.0863988697529,272.339349925518,0.784830629825592,2999.2286221385,241.983371168375,84.1090937852859,2636.7804890573,3320.38600316644,146.91756644845,1021.57186916471,1.60826203227043,504.183320343494,1299.08440157771,3751.75947338343,789.645821124315,1017.44316831231,19645.0820102096,131835.025314093,469.23678612709,49.4884585440159,267.615825116634,1210.88879883289,0.626228928565979,1.43997395038605,1166.78011059761,3729.68142986298
370.955618351698,213.168933570385,4644.40407264233,13941.6610091627,292.127231746912,2775.27519395947,60218.583762452,4240.88001710176,5165.58696013689,19886.8115404546,697.640437334776,1381.1072435081,1142.50316667557,5277.13405758142,1674.75840681791,1983.22776433825,1010.47274419665,292.78705021739,343.914845824242,4414.16954529285,34608.1150447726,1265.89801865816,15434.5873139501,16187.8235233426,89.9453174471855,1431.11940777302,9406.49635201693,0,6817.54956644773,11145.5278001726,6.20193216204643,189.62459179759,1099.56966766715,5609.96946012974,4511.31014680862,11210.9556471109,1072.41963878274,6269.93392664194,2143.82608395815,3647.49003103375,351.225070178509,403.468346863985,3430.69019278884,96.987813770771,1373.45336532593,239.354224681854,2184.7781791985,280.191262602806,17.2681131660938,375.904955148697,37.4763475358486,163.239239811897,2962.26144057512,118.500939130783,405.743638962507,6230.26891887188,567.970168828964,2798.51009988785,3423.27061474323,16.5183431208134,871.475177824497,374.591040760279,334.784887075424,374.712889462709,904.531680107117,144.062796056271,0,3.67264893651009,1346.71483939886,2783.16218954325,402.20825073123,1157.53241205215,12558.6181093752,1.43063473701477,14.4509770274162,1321.04508796334,12890.567494899,1531.72387084365,4265.76114311814,0,11.4681068956852,41.6001819074154,587.064529135823,821.577997654676
12216.9334602952,7.31949412822723,281.871724277735,307.207095533609,81.563980281353,1109.61358997226,17406.7083236873,3228.44720745087,278.372524559498,3884.05649572611,4600.71308833361,915.32598233223,3260.34412780404,22048.2828224748,235.159551173449,25.1519162356853,2210.43959210813,1780.50081792474,1356.70041835308,333.616636484861,2741.53655460477,13.6388475298882,1778.198600173,1800.07682803273,9.55068007111549,1711.89342863858,779.540319591761,6817.54956644773,0,20603.250441432,37.3533085584641,983.886705130339,4766.8509503305,9673.57264572382,264.008428990841,3121.32451933622,345.013261467218,2437.21599000692,489.027687579393,1181.70695105195,2055.29520133138,919.000116243958,384.088948011398,20.0908173918724,147.32797396183,23.557839423418,254.121215522289,27.7616853713989,1.18281364440918,46.7806213200092,1.32423424720764,6.35403147339821,23.9410188496113,11.7862751483917,13.7319251596928,628.580818891525,11.792653888464,154.324112445116,27.3812008202076,6.45879977941513,51.3656175434589,64.1095775365829,12.7217120826244,42.8215013742447,56.9370447397232,7.50754782557487,0.475622475147247,0.58991801738739,24.1705174148083,466.838903307915,49.2791299819946,90.4151178002357,1182.93698650599,5.14519208669662,7.79204595088959,36.5894326269627,998.990162163973,169.683247923851,797.526924133301,2.87375742197037,0,9.52037787437439,70.8920481204987,71.8429438471794
10241.0137401521,1.16432079672813,1645.51940774918,10.8184419572353,33.2855863571167,208.242557406425,30426.6811048985,5450.60636243224,123.931114643812,168.545090287924,240.558362334967,37.3128415644169,221.484557896852,25258.8761384487,318.498079091311,170.729185461998,9303.12280905247,317.55158701539,1760.69104683399,9.54436829686165,35659.7857702672,54.7973157763481,15479.4635418355,1575.29012167454,1.89331969618797,1602.79266124964,928.802588552237,11145.5278001726,20603.250441432,0,0,37.3586680591106,3519.39407727122,6973.5347019136,1100.76597601175,3464.16440865397,605.236415684223,2351.12046641111,581.029989600182,459.73525044322,74.5383471250534,37.2142335176468,1024.85286262631,54.9283548593521,355.471244588494,83.4984311163425,664.296603828669,58.1229279339314,1.67987179756165,167.174699485302,7.76927864551544,38.2869714796543,18.1231696605682,15.2359601557255,41.4630696773529,1173.46581572294,64.5388210713863,121.580652862787,78.7343434691429,1.1729000210762,23.4917235374451,69.2870312929153,95.190066754818,81.7764698863029,435.695309758186,61.0169779956341,0,3.00415122509003,20.4668644368649,2626.47951051593,185.524036735296,732.527909100056,1550.26579013467,0,5.18212360143661,209.404715925455,1775.56085655093,783.761258602142,3195.25144204497,0,3.40466976165771,37.0997886061668,207.375795096159,329.737396150827
