0,0,0.00330071314478211,0.000155667608675212,0.00059953824450627,0.00122848941173613,0.107218514163324,0.0160776580738248,0.000994563802761437,0.00270062062121838,0.000323173949309811,0.000434513410596102,0.00236403870097943,0.870153695164222,0.000634479887397289,0,0.0178856479659851,0.00051438247251451,0.00163816485886335,0.000141934577710033,0.00577572982801705,6.16882189145684e-05,0.0191684211925749,0.00258096504711524,0,0.00449719904960185,0.00450601343480222,0.00708675096034341,0.661763033225712,0.470396233303927,0,0.000351038611422628,0.00402329582958907,0.00619226209222608,0.00137096541607745,0.0085476195905896,0.000764606344009485,0.00439902396986559,0.00106572174881466,0.000288034030022398,0.000329452209519222,0,0.0022075769391641,0,0.00031255709996067,0,0.00185020232932545,0.000178288601344824,7.88702266199884e-05,0,0,0.000112298325902894,3.76745581597835e-05,0,0.000195953413529769,0.00454880688752525,0.000613975588880107,0.00077054039734006,4.15374780070782e-05,0.000219805082814098,8.00438467338684e-05,0.000485142634886652,0.000117562030678764,0.000122250409867615,4.52960355176032e-05,0,0,0,0.00015611095375225,0.000501636778743714,0,0.000254121369731426,0.00516265935125336,0,6.51567924234271e-05,0.00024527561924845,0.00927881047868595,0.000542690461525545,0.00102692065595873,0,0,0.000151604235517755,0.000484687948497906,0.000674879507575333
0,0,0.000830314222835005,0.000286186146090329,0.000440386183122396,5.17547750580311e-05,5.07942334452272e-05,0.000159954565419704,0.14018282700348,0.000173678147942871,0.00612738577855349,0.000689528628392219,0.0480747431900367,3.38085660918057e-05,0.00782667878959192,0.0243314828365836,0.0011996087603353,0.000125017012763321,0.000692292981658876,0.000158023542923927,0.00297192870242506,0.162475926913247,0.000968584268439409,0.190328720730798,0.259528347627925,0.00450370932837106,0.789170026157881,0.00422311545787736,6.67222070237994e-05,0.000426006017956436,0.00269947404891722,0,0,0.00134766369247421,0.000372104533240795,0.00192183524705887,0.00320942909012332,0.00151586601152822,0.000458831282552034,0.00737094137415365,0,0.0492432016913969,0.00400369243933603,0.0167194206421725,0.000792685468486101,0.00143029757121921,0.000369023700341433,0,0.045565806429552,0,0.0854836154370086,0.00228602395829558,7.57930158506334e-05,0,0,7.76584946087006e-05,0,0.00267446508409992,0,0.00869720114827047,0.00170106529607266,0.0408795901431435,5.57815019854903e-05,3.38680335587263e-05,0.00150483827084154,0.00167485326372445,0.000147091786410063,0.0023280620219411,2.59846539323777e-05,0.000338337623916417,0.0187885044270669,0.00112607885313064,0.00327046940678194,0.0114822454962811,0.0162426416281781,0.272267978673426,0.000760620719395429,0.000200999090620652,0.000145397024956346,0.00471049551473647,0,0,0.00113811903369062,0.000313279442214668
0.00330071314478211,0.000830314222835005,0,0.00039667969004482,0.00152799812465638,0.00334601004606604,0.076552878124637,0.0763780249159084,0.000596819954098687,0.00474994931814641,0.00249779824260995,0.00314867854159288,0.0248828603838459,0.0948439113838047,0.0182319862683679,0.00759902184922643,1.42612049745344,0.0107826461739368,0.0869826879494958,0.000430650372586474,0.234583335592491,0.000647822298682257,2.9633129987452,0.00936256103238925,0.000122974408666641,1.51515678408895,2.09335572285177,0.04016595316052,0.050232648049356,0.0937903962449255,0.000774642048276662,0.00121555262902014,0.0059809947106903,0.0950741827112562,0.0712331476120545,0.825952062370669,0.385896878452705,0.179281408396354,0.212092872790244,0.0056932645873738,0.00471277316189423,0.000307037055635378,0.0572946456436445,0.00746032750313193,0.0183649205801644,0.0349551871212986,0.00606554836605817,0.00121762853898853,0,8.30558773419257e-05,0.00793496035737814,0.144698462647095,0,0.000939737316027283,3.05249143632502e-05,0.00650095317285053,0.000105674427232519,0.000629644918743744,6.2876772929579e-05,0.000716109581725895,0.000270637119116783,0.000800726040374265,0.000443755352567807,0.00131511198277116,0.0108623777607966,0.0653681905311342,0.000806466162046568,0.0080558656913129,0.000136863425274417,0.00410061422346003,0.00658596296436809,0.0436718030477412,0.00522102497713327,0.00056941852923736,0.0970302425217211,0.854651021881341,0.0127383826581702,0.000965881943581032,0.00387722714947529,5.63798260529339e-05,0,0,0.00832126424469036,0.0604920658730435
0.000155667608675212,0.000286186146090329,0.00039667969004482,0,0.00665066040526293,0.0171547293045912,0.0183604876520351,0.0276437423797109,0.345613294241069,0.411315253715376,0.00290261823128045,0.311082200741705,0.0114406894463364,0.0111936357725505,0.065855964213996,3.17203536065668e-05,0.00064970038672477,0.0042509056436345,0.00245170145504035,1.80215772975357,3.0731582557708e-05,0.0023473652253294,0.000562305663467273,0.631472948801864,5.64092530187964e-05,0.00109345555068732,0.0015453186572472,1.28386605329644,0.02972039362587,0.000839548620596154,6.74817045147717e-05,0.00416287225977898,0.000676647659200206,0.0147948743785067,0.0112295656138576,0.135557045485854,0.00299737310907714,0.00699995186159849,0.00256947103785873,0.0591777231520623,0.00205871824637838,0.000903433404583854,0.0203447253797768,0.000195161046458781,0.00268085673924759,0.00180257010403067,0.102126737839821,0.00421731557333231,6.79068662264943e-05,0,0,0,0.210133146545715,0.00351834016401775,0.011501779988804,0.0761677480051416,0.00367451935651786,0.045134212003543,0.0820532754555022,0.00172616357798033,0.0719628984989615,0.00175015130664751,0.00215641821127624,0.0330491786236004,0.00012339232611835,3.02127317492664e-05,4.87965901166201e-05,0,0.195028132764039,0,0.000108812093942166,0,0.223623340948551,0,3.02108184283972e-05,0,0.254619300573528,0.00260036405288815,0.000118153908081949,0,9.44644415968658e-05,4.13722507065535e-05,0.00574851102531523,0.000991551001825852
0.00059953824450627,0.000440386183122396,0.00152799812465638,0.00665066040526293,0,0.0327543255566302,0.0276217253919902,0.00914967819223232,0.0175257096516123,0.0222941882212213,0.000374699680317566,0.0584130462060583,0.0091680494038456,0.00549815646627888,0.159567125383372,0.00322283730192185,0.0040810341679956,0.000494339859232008,0.000348969298093766,0.00911396535150689,0.037239127604964,0.0026914710072042,0.0375847794682636,0.0234929705632822,0.000141274604717195,0.00144113191197813,0.00800639029494531,0.033595038798824,0.00865068674092734,0.0427935753800737,0,0.101291488198986,0.000649523861287236,0.172985935068457,0.284483024658299,0.0343325669623985,0.00993749492717797,0.00237091315833427,0.00348107856958106,0.469266511067475,0.289821330112538,0.000598374409142584,0.00557642065192207,0.00283754064852312,0.00147314462873951,0.01068377432273,0.0121051246692896,0.00456258700845286,0.000130979711370468,0,0,0.00090104823651925,0.00996447528510687,0.000834125217153579,0.00185023445584617,0.00842477688747834,0.00165484102043412,0.00145257722699128,0.00569858155836642,0.000594939884564728,0.00746762256613158,0.00431950770431876,0.000732317122841924,0.00323515515714959,0.00168436401364416,0.000200030932082013,0,8.9373317454457e-05,0.008576579622083,0.00290397900689721,0.000162931270034611,0.0072083153878706,0.0106568713565851,0,0.00107857890829638,0.00660142255381659,0.0145392212454442,0.0008061088368763,0.00246968318314969,0,0.000162637527561783,0.000164310674397797,0.00110491786517009,0.0965051460795079
0.00122848941173613,5.17547750580311e-05,0.00334601004606604,0.0171547293045912,0.0327543255566302,0,0.115032056239532,1.1310241255867,0.0169376514004918,1.83951805640994,0.01012383031984,0.509324405634806,0.0584634161549199,0.0653143834524425,0.291371058147252,0.00122640366475343,0.00759135957859516,0.013305135526958,0.00571411004327268,0.052773777837779,0.0127731367865266,0.00085504336788371,0.0259566255677129,0.0194595764306572,0.000350505063037723,0.00599121391765359,0.00998328122276392,0.0907713347439439,0.0370669485893693,0.0338887094016842,0.000764028493838754,0.0443829172577176,0.00096015637178227,0.0248607015626944,0.264587678631002,0.339955942560295,0.0249580679485064,0.0103135831626225,0.0135735184336891,0.445146888996401,0.0479237736816747,0.00832847100861366,0.0151468530258325,0.00121248408500351,0.00800389441559085,0.0244050136913594,0.0295356194916755,0.0330076199627227,0.000254301885420084,0,0,0.000151054242117256,0.00808004398855653,0.00179019392660171,0.0118797345278707,0.0256657858185176,0.0135106051099684,0.00555278557646826,0.00719767374488249,0.00223251891048275,0.0155971454504787,0.0157721720442533,0.00439619490454226,0.00676289580517829,0.00085545409561187,0,3.16040659634769e-05,0,0.0103661059178637,0.00109560483492039,0,0.000555355093662888,0.0374947023782204,0,8.63949994692208e-05,0.00054797579000853,0.0375013298899313,0.00359049043053456,0.00436685615367912,0,0.00384923508564293,0.000325819147224426,0.0107623826198133,0.0164169159210023
0.107218514163324,5.07942334452272e-05,0.076552878124637,0.0183604876520351,0.0276217253919902,0.115032056239532,0,1.49273823641017,0.070067023659833,1.9780058402357,0.0278556840091584,0.0200509355829346,0.0634805495570211,2.94774473935204,0.128059048178323,0.00143730157539442,0.0301228754909912,0.0399503745285183,0.0279280482972026,0.00867859481179142,0.0466566792947441,0.000638405417375118,0.248324391023123,0.159120251708631,0.000251737660517171,0.0304572491912607,0.0552584297140502,4.99363257519933,0.641492708118713,0.941263933736377,0.00222397246746406,0.02339930899157,0.0419097716727686,0.153717841424871,0.139532089185548,0.573536582367073,0.0440128538810848,0.10432873348794,0.0334842003640125,0.0827969617445502,0.0150168500852169,0.00677155447741836,0.0480336990238675,0.000881611371080058,0.00771645939361398,0.0110951920053009,0.0640715236137074,0.00997733580767044,0.000689194026747719,0.000103842504304945,0.000154688374690116,0.00314096732675947,0.0130400659625141,0.00120638277743391,0.00562977002994932,0.140704591974576,0.00704340995018184,0.031478813260032,0.0168162689520483,0.00726375128775276,0.00491928499122664,0.00848588100498023,0.00490139456624381,0.00938760455287219,0.00371804297293246,0.00042807360429734,0,2.89504512549192e-05,0.0155808646100857,0.00489506802990392,0.000649108727467433,0.0034378737937735,0.220885271225179,0.000271559339775741,0.000440290810212419,0.00945407185420102,0.226585953887087,0.0164144056076642,0.0161249780778756,0,0.000733215079320073,0.000606529055402428,0.00940028323496551,0.0349368488792489
0.0160776580738248,0.000159954565419704,0.0763780249159084,0.0276437423797109,0.00914967819223232,1.1310241255867,1.49273823641017,0,0.0227776622698836,2.28146964573296,0.0628208725608302,0.246007714730566,0.0739268766469243,1.53371670711445,0.0605862672171143,0.00147302969541855,0.131534780020455,0.0548862036610745,0.0298413279482066,0.0898356844517199,0.0429542142076629,0.000133138868975491,0.273509905426248,0.041160706482031,0.000310382413098142,0.0617093822919077,0.0630247045479607,0.30581274125566,0.294402389222787,0.49984144063581,0.00324606554218747,0.0398188396814135,0.00827133346204946,0.0753605502784981,0.0646287139274814,0.347539727743542,0.0446065130495588,0.0670681216767211,0.0336261118955228,0.182542762192605,0.00967519219059277,0.0148072438593126,0.0205620991907649,0.00108870750633686,0.0100015070424423,0.0243640294562169,0.0373647381266798,0.0289549092925444,0.000193441309577897,0,0.000137669717321992,0.00118851559861794,0.00445765088902354,0.0021516683649502,0.00940973530592465,0.062078271065634,0.0160895342655164,0.0121317374991852,0.00485563887697473,0.003564967320951,0.0143957301993859,0.0178582643200103,0.00587890931437671,0.0049283685638579,0.00272859123177007,7.49147538522631e-05,5.19004192240537e-05,0,0.00875191871432853,0.00271002750190184,0.000390480775842667,0.00158582989765615,0.0911374837205816,0,0.000111495246961862,0.00415160522218719,0.0945858393223355,0.00377375029624045,0.00988607496963792,0,0.00421894942891993,0.000232152037788927,0.0115741396912407,0.00622164078423045
0.000994563802761437,0.14018282700348,0.000596819954098687,0.345613294241069,0.0175257096516123,0.0169376514004918,0.070067023659833,0.0227776622698836,0,0.128307339648005,0.00432428994303077,0.120762109531136,0.0233304151789937,0.0136955027124401,0.262341999901853,0.00143241873508915,0.000983614112841037,0.00213763625830069,0.00175655334644646,0.0956976047015757,0.00201195028084539,0.806962217313846,0.00206516117943428,3.01927933136465,0.0916479071595523,0.0010360485258311,0.297116550354443,0.43102312684667,0.0206717744991866,0.0133574317877284,0.000916511766227111,0.00228143408331856,0.00231500308664001,0.00939989150864958,0.00544087093729786,0.0474567936155325,0.00354152195512437,0.00434748626583211,0.00195087157051765,0.139005521349595,0.00147684254624918,0.0108703699293026,0.0206833661832463,0.00416524863156676,0.00357620135943867,0.00204473483169988,0.0156485086946432,0.00211627937991396,0.0118420505167241,0,0.00387170476462684,4.44100225245953e-05,0.0964771471827112,0.00113994587563783,0.00650680228336945,0.0619323159122549,0.00486492802934356,0.291484335554893,0.0469303055800573,0.0058379494933904,0.0309478176360113,0.0150572088484957,0.00280671809460237,0.0107380369865259,0.0132902445869246,0.000364405330063104,0.000939995939291044,0.000307206657214612,0.0433893943015089,0.0110832847869073,0.0160111577802089,0.00313309807207674,0.536569314861382,0.00279706761772275,0.00212152067247637,0.00761149266786784,0.293817022698272,0.00938356920236672,0.00671587375199728,0.00132318526062995,0.000360301565838606,0.000515338792096227,0.00473896461127282,0.00300071533523805
0.00270062062121838,0.000173678147942871,0.00474994931814641,0.411315253715376,0.0222941882212213,1.83951805640994,1.9780058402357,2.28146964573296,0.128307339648005,0,0.0801775906144443,1.12817408671042,0.119371405544823,0.412078066666468,0.163844596464717,0.000268582732871994,0.0193944141505023,0.102895806318507,0.0660182139918589,0.600188583958071,0.00371007183959432,0.000121287309585809,0.0131643750511006,0.122589203891274,0.000225795190538019,0.0395793800576898,0.0374115958546842,1.81808407146485,0.516246020308026,0.0230695274045448,0.00365861986233414,0.069317545162247,0.00504325746031948,0.202007246784393,0.575948335757023,0.773819270097544,0.0628459350600019,0.0724467583635506,0.0343198402177758,0.256068771751324,0.0250990741111244,0.017309379123139,0.0213996184278116,0.000504566695619076,0.0068049541177576,0.0183279207471104,0.0813306336009069,0.0164158811666267,0.000479821759992317,0,0,0,0.15223572385753,0.00382620201092303,0.0104501654183509,0.0866296891340253,0.00655782608123369,0.0273725225703124,0.0740438541944351,0.00277549605882637,0.111607634479876,0.0158833801885566,0.00185466076915711,0.0205933509239167,0.00030793482123591,0,0.000561052635992616,0.000305582856787145,0.10935781885333,0.000520635084680393,0.000334428154926598,0.000411187897733748,0.236244977237,9.07365608461199e-05,0.00057495187364228,0.000770072894882786,0.248620454315535,0.00242399733918175,0.00094933731941149,7.47585773320496e-05,0.000961928070549519,0.000146781405771673,0.00925803098918235,0.0372204646641824
0.000323173949309811,0.00612738577855349,0.00249779824260995,0.00290261823128045,0.000374699680317566,0.01012383031984,0.0278556840091584,0.0628208725608302,0.00432428994303077,0.0801775906144443,0,0.045845028587596,0.741859492427301,0.0424413141884285,0.00478982721299,0.000882234634217024,0.0368089957832355,1.35483309535351,0.134707656044764,0.0147652153963568,0.00698410333401069,0.00256267318378158,0.0127679161701003,0.00343165031544,0.0336265203849837,0.279710315683985,0.0768576519261958,0.0114387353730961,0.160573681767724,0.0160050777861703,0.100918292750175,0.0686862746615514,0.00117909884001784,0.90196419303385,0.0130222675632659,0.106096772226882,0.605936303404822,0.251223957425812,0.0595210972477693,0.0108568981507131,0.00493303948910661,0.380545519487271,0.00208179276426457,0.113948097718299,0.004173210723214,0.00415300760230727,0.00251239612187624,0.00120790513777003,0.0675779279708637,0,0.0109428476781832,0.000143568792329356,0.000132637987931222,0,0,0.000907826239324289,0.000591033119674474,0.0209198402242735,0.00011728889617145,0.151716074392146,0.00133996955437042,0.421268638292906,0.000196504761252403,0.00064544382724069,0.000476485996402129,0,0.00388043679522514,4.53579344017804e-05,0.000175102231302411,0,0.00849429159540016,0.000356648265971765,0.00867299107331219,0.0462282546415143,0.0922448272925862,0.0875140744249768,0.00269463107249319,0.000298914160958082,0.000336143874288127,0.162301692795616,9.45245907695591e-05,0,0.00532454556633815,0.00369059311742067
0.000434513410596102,0.000689528628392219,0.00314867854159288,0.311082200741705,0.0584130462060583,0.509324405634806,0.0200509355829346,0.246007714730566,0.120762109531136,1.12817408671042,0.045845028587596,0,0.0374676300172803,0.0838200722446888,0.464296443077315,0.00125103356253103,0.00835075766323165,0.0497286813957029,0.0279920319966979,0.931334067139976,0.00974520090796466,0.00351899427206859,0.0133759209208063,0.142976881845263,0.000772266221853496,0.0203255142430255,0.0225485693026733,0.0403202981077482,0.0938123636862703,0.0158579306850177,0.00208755472551748,0.0275761116952165,0.000542165100426972,0.0585718743117695,0.982139933410204,0.132979360504695,0.0304801597657256,0.0220592236540187,0.0134008625330932,0.4578616511858,0.00739602151132598,0.00929648981120384,0.0170183159289701,0.000441086703974605,0.00343339336893067,0.00920597754519112,0.069201891666863,0.00807743339402697,0.000681224497690499,0,0.000133160172280893,0,0.0983185332203325,0.00407833951914423,0.0173536922616392,0.0271845416808005,0.0100974211677228,0.0134203015231821,0.0447928785827054,0.00462996010814861,0.272841410411365,0.008605661867515,0.00356925608421579,0.0293656718058759,0.000200340151548236,0,0.000698552815361247,0.000240683960474655,0.0835865481058776,0.000818257799498814,0.000432799018288478,0.00109743116331592,0.0847531668606003,0,0.000709290501603335,0.00119921842924386,0.1090248114664,0.00377903084823832,0.000886108902193085,0,0.00100265594796367,0.000141742982030213,0.00560740784005932,0.528217688625464
0.00236403870097943,0.0480747431900367,0.0248828603838459,0.0114406894463364,0.0091680494038456,0.0584634161549199,0.0634805495570211,0.0739268766469243,0.0233304151789937,0.119371405544823,0.741859492427301,0.0374676300172803,0,0.0355802071912868,0.0148791493980017,0.0125421382426247,0.0139208019324877,0.0194885734378717,0.00542057815617554,0.0265454343109911,0.0857664011483542,0.0229159433341256,0.102328304380054,0.0543587712824518,0.419112500733079,0.0343794767318216,0.493445708935336,0.127902815558269,0.07234199112082,0.105662428099736,0.186015696066558,0.0698265744538307,0.00667214791438222,0.219139250178387,0.0126224883752177,0.266118644586736,0.464774369967941,0.150008689688104,0.0720208350455938,0.22785290947645,0.0410861155770508,0.694668741279423,0.0374903691063856,0.197677462631413,0.0406224334352837,0.0266008778232544,0.115303971411542,0.055591198367618,0.181229024805899,0.000203272522564382,0.0385489852586861,0.00164073285132684,0.00354085199514196,0.00246426505383745,0.0256700874296638,0.070219769086721,0.0462375291667495,0.0570520878603332,0.0194294223506003,0.344793613074002,0.0264549455729169,1.07404338131226,0.01664304621083,0.00612762168056383,0.0130855724633273,0.00086228146527663,0.00578273817465804,0.000795249572954328,0.00911607568988916,0.0252558155995418,0.0272019776261787,0.0144415323582651,0.0600608672317721,0.196626698145786,0.247452316956675,0.377202735668312,0.0947214246560864,0.0184484119334264,0.0361679085262605,0.44845153857618,0.0135247469962431,0.00117843462454275,0.0494423245800276,0.00464492444062546
0.870153695164222,3.38085660918057e-05,0.0948439113838047,0.0111936357725505,0.00549815646627888,0.0653143834524425,2.94774473935204,1.53371670711445,0.0136955027124401,0.412078066666468,0.0424413141884285,0.0838200722446888,0.0355802071912868,0,0.0177488753643708,0.000987098304229154,0.254782190532193,0.0413693171061945,0.0285471590370563,0.0394199357126835,0.0780939925433186,5.29221462023259e-05,0.419829732577478,0.0315959373992799,0.000100126632937566,0.0742413064392263,0.0863067990719955,0.177453550675726,1.40527478719651,2.72110783831923,0.00190204107235588,0.0319460894955197,0.0120451413419765,0.0779745887947365,0.0214079101651024,0.192523612316242,0.0308287828072785,0.0684556168932761,0.0246573095734656,0.0252373578999171,0.00338349129519217,0.00575672789767801,0.0134544345812218,0.000579419750554189,0.00367726158615984,0.00681671682134449,0.0213576172967126,0.0067161391332376,0.000193674000754058,9.29234593313934e-05,3.16756655208021e-05,0.00187794134624727,0.00169299990327731,0.000544812754754722,0.00260723900788821,0.0399993836949461,0.00361171619872235,0.00975418963714403,0.00148027050372809,0.00107496281820297,0.00520147487354815,0.00657368744079649,0.00205309132194966,0.00277300335849315,0.00235100853593432,0.000152101014965624,0,0,0.00269437160391428,0.00295257021724328,0.000436104802731126,0.00222610504308865,0.0557908943935602,0,0.000131830341561511,0.00642884344964839,0.0703513487696146,0.00417525591779262,0.0103057368132537,0.000100266612128615,0.000864624097173364,0.000145614420927316,0.00307039337304599,0.00432175136389903
0.000634479887397289,0.00782667878959192,0.0182319862683679,0.065855964213996,0.159567125383372,0.291371058147252,0.128059048178323,0.0605862672171143,0.262341999901853,0.163844596464717,0.00478982721299,0.464296443077315,0.0148791493980017,0.0177488753643708,0,0.00557844320932433,0.0124734262455229,0.0136468634713775,0.00753856644975505,0.0604104674394692,0.0485643601235036,0.0293101132034993,0.0668560114239421,0.253714675488172,0.00453011225878686,0.0177887898963549,0.0791565370910332,0.157758218099301,0.0377539616848296,0.0829782347060661,0.00107355896105372,0.0199170124046504,0.00144922064865149,0.0127792932031909,0.229908457079737,0.121229258996618,0.0756844615482739,0.00841146064915032,0.0243426497565932,0.308773755112419,0.00496322268254474,0.002274211694699,0.0143995738610451,0.0103511205752149,0.00202477200071633,0.0168173830387971,0.038091920168991,0.00201084925103456,0.000695499721069783,8.58568063956502e-05,0.000154863713959605,0.00303229103542432,0.0450016051536591,0.00267840921101123,0.00626379061353743,0.0291180007770698,0.00345056116534307,0.007851529644117,0.0195889602051875,0.00177638988007382,0.0357782400687444,0.00280810028714217,0.0017257402227889,0.014628932373105,0.00370045882926397,0.000467591738008708,0.000575717145181149,0.000586291124326587,0.0347840811514926,0.00528400721221827,0.00228768729765788,0.0139384251810717,0.0566748437995677,0.000193542090687007,0.00342946835250452,0.0159329241872484,0.0699205049357468,0.00228597770228654,0.00445493472099327,0,0.000376992463615835,0,0.00214191387794845,0.0417485615280223
0,0.0243314828365836,0.00759902184922643,3.17203536065668e-05,0.00322283730192185,0.00122640366475343,0.00143730157539442,0.00147302969541855,0.00143241873508915,0.000268582732871994,0.000882234634217024,0.00125103356253103,0.0125421382426247,0.000987098304229154,0.00557844320932433,0,0.0138150541968887,0.00217964587663665,0.00353849776970237,0,0.332370997727359,0.31445076698658,0.636261646785148,0.778358087727687,0.00566001280219965,0.00374512834990807,0.743012158921299,0.207751698669943,0.00153506478895388,0.00982190119012195,9.92421106078477e-05,0.000655770422178209,0.000359691134676635,0.0101740764391203,0.028362492664638,0.235343440269706,0.0825884516174515,0.0774042850853229,0.0330705735434417,0.00458476959613993,0.00220165790153935,0.00145884869059414,0.0226786971681441,0.00292730082945898,0.00764951472554534,0.0072908951255431,0.00824792864408216,0.00039142028001532,0.000772178958969858,7.0305266200155e-05,0.00308293768411443,0.0225202151303685,0,0.000203590670103877,0.000594888027206585,0.0150417180187439,0.000878902054192795,0.0073716041012378,0.000127266846325547,0.00117271102969073,0.000422166371544227,0.00169183268665299,0.00107473400366031,0.00140023645992324,1.1436732902927,0.00289518587501049,0.000242616380467266,0.000314216810375899,0.000457805206290931,0.136005783335021,0.174184361857783,0.510367373276537,0.211345052403337,0.000329847832919807,0.00561534085468299,0.311020318261642,0.152905085918079,0.00255217367417477,0.0155466315503538,7.04180930502713e-05,0,0.000134088916864097,0.00163845467925564,0.017109147333268
0.0178856479659851,0.0011996087603353,1.42612049745344,0.00064970038672477,0.0040810341679956,0.00759135957859516,0.0301228754909912,0.131534780020455,0.000983614112841037,0.0193944141505023,0.0368089957832355,0.00835075766323165,0.0139208019324877,0.254782190532193,0.0124734262455229,0.0138150541968887,0,0.113917847288221,0.786699290855039,0.00361838027713098,0.471993452630357,0.000847651139087898,1.87885081949343,0.00804579936482246,0.00041398757244885,1.03053042325949,1.7462462375958,0.0297870280973608,0.312060800526832,0.459111308595704,0.000784840459805353,0.00436785860883519,0.0334499079640655,0.737718986754414,0.0350324681031568,0.345855638025577,0.226632735966202,0.140391452126389,0.150254067854079,0.00441911759064637,0.00314290803856663,0.000565163299079537,0.00768508719396274,0.00243809474869959,0.00323144187626414,0.00928339860395152,0.00250444604188472,0.0008696041123642,0,0,0.00177709220517397,0.0251235992318608,0,0.000773402170906366,0,0.00163993820508622,2.90495190101862e-05,0.000877523206555991,0,0.000316557015400082,0,0.000687332831374258,4.93347422878444e-05,0.00071882471583575,0.00678737654573277,0.0116549517317589,3.45591377818584e-05,0.00216012906074442,0,0.00298474048075348,0.00107891813190602,0.0103502694678298,0.00316050803416669,0.000199552504153549,0.0331822444500747,0.18668700105673,0.00488408165057882,3.77834379334748e-05,0.00161436574909412,0,0,0,0.00153067926209934,0.0190169527074
0.00051438247251451,0.000125017012763321,0.0107826461739368,0.0042509056436345,0.000494339859232008,0.013305135526958,0.0399503745285183,0.0548862036610745,0.00213763625830069,0.102895806318507,1.35483309535351,0.0497286813957029,0.0194885734378717,0.0413693171061945,0.0136468634713775,0.00217964587663665,0.113917847288221,0,1.32116532861297,0.0191482045420809,0.0284969634844378,6.13756704518199e-05,0.0407851950332961,0.00366587080306381,0.000347400540862754,0.486788773476152,0.0859104545312325,0.0206474332333609,0.167408380623945,0.0344248952835008,0.0478459286428259,0.0481511342436383,0.00215198985966503,0.451674465929163,0.0428371579185905,0.356818109117984,0.334126083323782,0.318411915780865,0.174794833499442,0.0113070345079121,0.00466532490626402,0.00887483034471057,0.00155406734418988,0.00427927147538036,0.000314619571235925,0.00486707628874562,0.00158775300554789,0.000788996776727884,0.00040217163900286,0,0.000113403870878294,0.000518649927929193,0,0.000148065248619616,3.30308397884667e-05,4.89552957652509e-05,0,0.00231749514844216,0,0.00355336687697217,0.00118991126620852,0.00329646839471437,0,0.00033074236269027,0.000531735811059475,0.000133582677612453,5.45542907084524e-05,0.00012843373118639,9.51513737806679e-05,0,0,0.00083202123681381,0.000182285914940536,0.000322246381805241,0.0146760577501576,0.0154494742573364,4.62699385635555e-05,0,0,0.00563156407957651,0.000157230909987688,0,0.00026438502731964,0.0166814576406661
0.00163816485886335,0.000692292981658876,0.0869826879494958,0.00245170145504035,0.000348969298093766,0.00571411004327268,0.0279280482972026,0.0298413279482066,0.00175655334644646,0.0660182139918589,0.134707656044764,0.0279920319966979,0.00542057815617554,0.0285471590370563,0.00753856644975505,0.00353849776970237,0.786699290855039,1.32116532861297,0,0.00902293066027517,0.0534049292615188,5.73258155198395e-05,0.0743165150139476,0.00457653067286774,0.000128306661230326,2.09530071261149,0.205760638245629,0.0164742608901819,0.113487015726193,0.0445287437982132,0.00342843805648468,0.0156083029947617,0.0049474635583967,0.550562611235453,0.0261514392441781,0.31911524855236,0.197056605086414,0.15515834502,0.131934176421622,0.00402508166466169,0.00167996166683584,7.89184754822402e-05,0.00249747065571785,0.000863427255888503,0.000694207529598475,0.00484904744340562,0.00143784701727271,0.000380130823393017,5.37527592395246e-05,0,0.000249423289869428,0.00161076306360855,3.0359137153402e-05,0.000118881242694557,0,0.00012164766607441,0,0.000816067447037626,0,4.19999608375132e-05,0.000394798123030514,0.000383278572531045,0,0.000467724709264413,0.000693416996316016,0.000991864470591397,4.51494006058574e-05,0.000886608506175205,0,8.3033976407796e-05,3.07374724955857e-05,0.00165885103193603,0.00122975118095115,6.07221827532351e-05,0.0122445304276222,0.0274448817285206,0.000580464376029372,2.64130128441751e-05,8.09039776310327e-05,9.29382659807805e-05,0,6.40312416559457e-05,5.5670193066895e-05,0.0120578739924435
0.000141934577710033,0.000158023542923927,0.000430650372586474,1.80215772975357,0.00911396535150689,0.052773777837779,0.00867859481179142,0.0898356844517199,0.0956976047015757,0.600188583958071,0.0147652153963568,0.931334067139976,0.0265454343109911,0.0394199357126835,0.0604104674394692,0,0.00361838027713098,0.0191482045420809,0.00902293066027517,0,0.000974627578754201,0.000506943167390376,0.00199299897170469,0.153687458737056,0.000214777407300323,0.00946925141482451,0.00552035184958331,0.078716484021164,0.0647123215592971,0.00328228272475012,0.0011828498874031,0.0123177940764585,0.00047187050064981,0.0318106510170987,0.0124492230251162,0.169483592871022,0.0116404979628206,0.0132047630845528,0.00747589323871397,0.0857356621352034,0.00511006536684833,0.00398043909411915,0.0163886460893357,6.51485051535815e-05,0.00286885257629469,0.00504951652823902,0.0643446803196331,0.00627813987470835,0.000328929932003095,0,0,0,0.107943232748208,0.0029944358888606,0.0079178402940039,0.0534485137826633,0.00501329046986722,0.019966185375886,0.0577327860766223,0.00205410367092885,0.0965671085963747,0.00442225087626025,0.00160436232359528,0.0202492485437537,3.70416875161231e-05,0,0,0,0.0805220606612549,0.000245144802182987,0.000164763795135617,0,0.140434372486594,0,0,0.000144832554397583,0.175445495486695,0.00349618915294208,0.000864363074305279,0,5.64988518808782e-05,0,0.00400486313493215,0.00180604402211279
0.00577572982801705,0.00297192870242506,0.234583335592491,3.0731582557708e-05,0.037239127604964,0.0127731367865266,0.0466566792947441,0.0429542142076629,0.00201195028084539,0.00371007183959432,0.00698410333401069,0.00974520090796466,0.0857664011483542,0.0780939925433186,0.0485643601235036,0.332370997727359,0.471993452630357,0.0284969634844378,0.0534049292615188,0.000974627578754201,0,0.0181007381353493,6.16253944677151,0.105330301503933,0.0014446255449912,0.102027810902242,0.704270160922139,0.927882748153,0.183460272775951,1.29775565322848,0.000896547101455031,0.00824345219131165,0.0345611681288853,0.73341677911447,0.220160168049166,1.35055992222937,0.291105772764987,0.690614685544674,0.257129900028027,0.0308331880081617,0.0212698828158425,0.00536867309226282,0.0298058268157536,0.00337492797768325,0.00657866532679297,0.0131608539430725,0.0240204931054465,0.00414512708130047,0.000289261666229367,0.000210300045588761,0.000524094357450157,0.0101746566820782,0.000105244055016339,0.00118908485020652,0.00151088560549274,0.058847655419039,0.00465636158198639,0.00578910186850727,0.000610370208384395,0.00299715503367275,0.00118269794200339,0.00647984049965046,0.00419326483232819,0.00281380539413363,0.233229784120874,0.00211697855553344,6.40904409852624e-05,0.000700113489834145,0.000684923451392949,0.226678540720107,0.0195094480412371,0.126115638468302,0.202252104249864,6.88845504671335e-05,0.00277447165728912,0.0832045057908597,0.254466584350915,0.0152850971734346,0.0796868787115316,0,3.98965485858917e-05,0.00087691431832142,0.00599184633496292,0.0954674584239593
6.16882189145684e-05,0.162475926913247,0.000647822298682257,0.0023473652253294,0.0026914710072042,0.00085504336788371,0.000638405417375118,0.000133138868975491,0.806962217313846,0.000121287309585809,0.00256267318378158,0.00351899427206859,0.0229159433341256,5.29221462023259e-05,0.0293101132034993,0.31445076698658,0.000847651139087898,6.13756704518199e-05,5.73258155198395e-05,0.000506943167390376,0.0181007381353493,0,0.0124823248418373,1.314577123232,0.113401794020755,0.000651275692875907,0.719800876552608,0.0325786852367825,0.000341766242649927,0.00206097756019555,0.000847763686438652,0,0.000254607346415147,0.000696115926279649,0.000618359927294255,0.00396724437666223,0.00248095404965557,0.000748982772509679,0.000423154715390802,0.0268691423267822,6.47058985911309e-05,0.0167838564807494,0.00301089536797911,0.00815908585278369,0.00114804150662892,0.00117579870009899,0.00144152036383398,4.33494337725639e-05,0.0166330249541805,0,0.00888193036259921,0.00312244129976518,0.000906382088819147,0,0.000125051470717788,0.00506478197697282,0.000235164756919816,0.0165723147080953,0.000131721225463152,0.00449085146446005,0.0107052889841903,0.0217427068456251,8.33596090766785e-05,0.000680440204288215,0.220318120319752,0.000208273111635446,0.000111143545864224,5.17647143281996e-05,3.4991389233619e-05,0.0331215719114082,0.16340961547213,0.0351142754636439,0.181196383622313,0.00374770134609193,0.0044544396139969,0.152474174574889,0.0748992902271164,0.000461006755648554,0.00373164544588037,0.00233741403439924,0,0,0.000583011267426834,0.000402918229531199
0.0191684211925749,0.000968584268439409,2.9633129987452,0.000562305663467273,0.0375847794682636,0.0259566255677129,0.248324391023123,0.273509905426248,0.00206516117943428,0.0131643750511006,0.0127679161701003,0.0133759209208063,0.102328304380054,0.419829732577478,0.0668560114239421,0.636261646785148,1.87885081949343,0.0407851950332961,0.0743165150139476,0.00199299897170469,6.16253944677151,0.0124823248418373,0,0.100786316330428,0.000246651708249226,0.87054704678941,3.29104785020492,0.386492791935821,0.154347962176517,0.947688714470713,0.00165384866815761,0.0104989523123391,0.0248673394636013,0.479318724621465,0.365006551961805,2.32516276186517,0.737650065000991,1.26577546677124,0.695405018533355,0.0578591546165274,0.0242491337108847,0.00490394158034831,0.073971544238341,0.00738331548146941,0.0250525126956235,0.0520389840096937,0.0225496743000118,0.00520352174739532,0.000394241614795178,0.000313904211921394,0.00118690133298189,0.222862304574968,0.000211445852107108,0.00322536371033319,0.000776895528964774,0.0262597680087273,0.00219663945177704,0.00359389656661167,0.00054046014747195,0.00141014918219663,0.00133977676116079,0.00346623736452855,0.00201813776284173,0.00509206194913365,0.733061159159619,0.0226582069195829,0.000707759367713928,0.00174488851762973,0.000399836071850285,0.111808636669986,0.0390968256823793,0.764450261535133,0.103377873162844,9.80534588816761e-05,0.019419985140827,1.07006510093719,0.107698827896739,0.00300798537509114,0.0223170168819205,0,9.10852079018952e-05,0.000343981170604229,0.00773503751997199,0.249177830091909
0.00258096504711524,0.190328720730798,0.00936256103238925,0.631472948801864,0.0234929705632822,0.0194595764306572,0.159120251708631,0.041160706482031,3.01927933136465,0.122589203891274,0.00343165031544,0.142976881845263,0.0543587712824518,0.0315959373992799,0.253714675488172,0.778358087727687,0.00804579936482246,0.00366587080306381,0.00457653067286774,0.153687458737056,0.105330301503933,1.314577123232,0.100786316330428,0,0.0909419648104048,0.0042552479617048,1.11203034480839,1.02704470745343,0.0570499034432569,0.147639665404669,0.00104013061181203,0.00385604198141098,0.0115171910680697,0.0224458548805366,0.0507888568045282,0.309981263754205,0.0281741814727728,0.0395690228314396,0.01263984687882,0.176747759792512,0.00552881912156589,0.00953124082952838,0.136057637100574,0.00659491584718563,0.0220984774722231,0.0145343572906612,0.128074772812704,0.0132107609046414,0.0126896975610327,0.00101006200402491,0.0102454341045137,0.00859456266361216,0.16258544641327,0.00431666624331213,0.0162045651044817,0.442688189211249,0.0225769782977564,0.297575304661051,0.085714360143221,0.0222438534597393,0.0836070338483637,0.0199825830720103,0.0199594375521955,0.0290336033913885,0.204537293243568,0.00249212719591126,0.000881492165736255,0.000770571258160395,0.133904336988779,0.208069721566356,0.105704599789074,0.0807059568379461,1.67784021439303,0.00495739702497676,0.00493788037496627,0.138689931499716,1.41658971245783,0.0694809192751688,0.131585215906171,0.000553263881672248,0.000820299655991497,0.00538011429431781,0.0261942644393943,0.0168814621225641
0,0.259528347627925,0.000122974408666641,5.64092530187964e-05,0.000141274604717195,0.000350505063037723,0.000251737660517171,0.000310382413098142,0.0916479071595523,0.000225795190538019,0.0336265203849837,0.000772266221853496,0.419112500733079,0.000100126632937566,0.00453011225878686,0.00566001280219965,0.00041398757244885,0.000347400540862754,0.000128306661230326,0.000214777407300323,0.0014446255449912,0.113401794020755,0.000246651708249226,0.0909419648104048,0,0.0064741595523116,0.360190566709837,0.00321605030741766,0.00013214207879439,0.000664492052218765,0.0211142699435962,0.000344844546420872,0,0.0119649664872996,9.19649719253184e-05,0.0091749705671353,0.012858747669837,0.00275520093263618,0.000295603611392081,0.00479021620112106,9.24313768363001e-05,0.139874367084738,0.0026249256392026,0.0253440970174981,0.00174179303941801,0.00165913725973889,0.000376064484815449,0.000220173385719657,0.0585172894488294,0,0.0447381441694252,3.60008636868e-05,0.000115814202975333,0,0.000316753078525066,8.21668693882226e-05,0.000483694319159239,0.00999372239426299,0,0.0288846716151993,0.00149259220377639,0.14376004082097,0.000127685568190068,9.90987592455745e-05,0.000598632559757009,3.9653097820282e-05,6.32479844464362e-05,0.00117980321932473,3.76334467569738e-05,0.000591477228261977,0.00433337413601428,0.00028840650723964,0.0037018035688886,0.0898749940879931,0.0794379252123782,0.293912578475824,0.00102575094429128,0.000150440852352232,0.000392701764161289,0.0645726819531609,0.000171878567409515,0,0.000835104128464606,0
0.00449719904960185,0.00450370932837106,1.51515678408895,0.00109345555068732,0.00144113191197813,0.00599121391765359,0.0304572491912607,0.0617093822919077,0.0010360485258311,0.0395793800576898,0.279710315683985,0.0203255142430255,0.0343794767318216,0.0742413064392263,0.0177887898963549,0.00374512834990807,1.03053042325949,0.486788773476152,2.09530071261149,0.00946925141482451,0.102027810902242,0.000651275692875907,0.87054704678941,0.0042552479617048,0.0064741595523116,0,2.82153965320469,0.0182471949991813,0.0939098560479003,0.0709488614481237,0.304804268787258,0.0134522008927246,0.0049354230051709,0.200698969495078,0.0566654290133697,0.861397401216797,1.39921697661364,0.290749068057185,0.202417469170878,0.00548859367721282,0.00529676864884771,0.0132523251327829,0.0576074654343801,0.0488346521177111,0.0140445524609045,0.0280534827911259,0.00266564386820771,0.00107609843549236,0.00369707645972244,0.000195515965207666,0.0178242944555156,0.0214010954615309,0,0.000769789307553619,0,0.00167816464497149,0.000112794973554313,0.00283092281930648,0,0.0440229444603943,0.000495634518478215,0.0415794287169459,0.000563110196713954,0.00141891379151382,0.0015135983627218,0.0288369761048852,0.00572236705901608,0.0319397168054266,0,0.00232181386585861,0.00138232471345618,0.00864276810120606,0.000924365714342896,0.0187075836749291,0.568331700962059,1.03884977879051,0.000747723752841279,0.000799818069638314,0.00295442590670646,0.091374701161754,0,9.10831514228138e-05,0.00868369251439451,0.0286238106499661
