0,0,398.130190461874,4.39820018410683,5.30518740415573,146.987319350243,6097.56550487876,1179.34672304988,3.07918265461922,186.111829310656,83.0317181348801,21.2027814984322,19.2116035819054,8556.72861912847,5.27381426095963,0,1204.82825760543,36.8801888823509,236.791006922722,6.41054728627205,170.415503054857,0,1198.53603625298,14.7420299351215,1.91927087306976,286.730520188808,134.362679302692,86.3255799412727,8592.12558278441,4301.4867425561,0.79406213760376,33.2981443405151,26.730248272419,383.679223924875,12.5166682898998,189.052297532558,34.8907349407673,256.756696045399,115.246653199196,51.7242089211941,16.2915896475315,14.449199795723,1.02238729596138,0,1.81814360618591,1.24354875087738,6.01358819007874,0,0,0,0,0,0,0,0,1.13931131362915,0,6.00195550918579,0,1.77894687652588,1.44545495510101,0,0,0,0,0,0,0,0,0,1.67017471790314,0,7.03854689002037,0,0,5.42536786198616,7.50286740064621,0,1.32531917095184,0,0,0,0.617124855518341,5.380062520504
0,0,108.111639022827,1.98781284689903,3.61633563041687,1.26549279689789,51.4700534939766,2.74280482530594,737.705777794123,14.8764265179634,33.6004567742348,5.81314742565155,2186.79276359081,2.48871463537216,33.7603752911091,645.4194008708,27.0739053487778,1.8956184387207,10.1299124360085,1.98297011852264,158.986662477255,1508.57623189688,353.949329942465,3084.26848265529,2542.30195510387,389.140442311764,28832.8305190206,939.557518273592,4.23124247789383,0.45807296037674,89.7191479802132,0.515629351139069,0,39.6332321465015,8.31948873400688,164.22674998641,167.938936442137,132.198732972145,46.3691438138485,29.1785209774971,0.535465359687805,629.917195856571,286.379017502069,154.097562819719,162.121269643307,166.863951474428,1.09020376205444,1.12666082382202,152.586873233318,0,2725.26033082604,199.448985725641,1.72768437862396,0,0.725941300392151,1.7321811914444,2.06011831760406,5.36841168999672,0.663335025310516,142.279439747334,0.407038450241089,250.924047738314,0,0,54.8506020009518,220.514471948147,0.694335281848907,11.5835205316544,0,3.71785804629326,530.1086409688,31.2454071640968,60.9249538779259,107.550602018833,635.360679477453,8990.51267209649,18.583104968071,8.28597956895828,3.4892235994339,178.927832424641,8.66787511110306,0,55.7072674334049,11.6227909326553
398.130190461874,108.111639022827,0,3.47860717773438,7.75280719995499,159.090838521719,3782.55794677138,3053.55443063378,8.42498433589935,240.463398516178,415.680293530226,15.1241881251335,4.91644388437271,2491.57198259234,16.5432045757771,41.9593248963356,39242.0750017166,587.727396577597,4730.58703273535,9.86468458175659,2027.14136466384,20.8145377635956,29913.8510864973,22.6811679303646,0.696819007396698,20273.7918184996,43682.4773201942,2051.11935827136,969.958930581808,3306.76623028517,4.2545844912529,43.0762574970722,23.8225412070751,3765.69364476204,714.440440475941,14247.474725157,4196.67154175043,6571.29400250316,5847.77153417468,269.921968400478,95.8900217711926,15.5304205417633,704.838033765554,115.015045672655,383.985802233219,322.037106215954,12.088495850563,1.68460392951965,1.58567315340042,1.72110480070114,231.033326774836,843.561906754971,0,2.2965304851532,0,23.2155205309391,0,2.24250185489655,0.329207897186279,21.5223709046841,1.04465234279633,13.193460226059,14.4772517681122,7.91686400771141,96.4395755529404,435.180863887072,0.965771496295929,31.3321155905724,0,38.3053415119648,118.008950889111,176.515650004148,40.5476077497005,3.13351559638977,520.221140950918,9734.22339960933,47.5751147270203,1.60443425178528,28.551449328661,32.4668589532375,0,0.402566581964493,84.4860239923,321.72815567255
4.39820018410683,1.98781284689903,3.47860717773438,0,31.124969214201,84.8999564647675,211.721245706081,91.7368986606598,2650.94982421398,9283.66983023286,20.9457102417946,6282.28494977951,7.60984328389168,101.226227849722,334.843784689903,0,1.53187507390976,4.13108006119728,8.42300280928612,14921.4301482439,0.641851246356964,8.42806109786034,3.18247598409653,3487.21207886934,0,5.08675703406334,9.71158683300018,15061.4047683179,85.5291807949543,2.60553494095802,0,37.0851016640663,0.393505573272705,69.8364274203777,21.6591711044312,437.788127869368,5.22940164804459,144.842343240976,54.029440164566,402.294442892075,63.2124246954918,15.9220005869865,46.9519036114216,0,29.5077098608017,4.56560391187668,560.685799211264,3.52111542224884,0.43106597661972,3.26863694190979,0,0,627.07433745265,34.8483316600323,43.1366827189922,167.295507192612,45.6866498291492,628.1868673563,524.580053597689,3.07861480116844,165.100559324026,2.33147656917572,50.0142532289028,57.1821525096893,0.408427327871323,0,1.1985849738121,0,377.688805490732,0,1.27327147126198,0,1152.04874432087,0,0.513242125511169,0,1544.98521772027,19.1099109351635,0,0,1.23541557788849,0,24.1157945990562,0.893173038959503
5.30518740415573,3.61633563041687,7.75280719995499,31.124969214201,0,4278.04803708196,137.065112799406,385.868885725737,321.256276249886,939.96001842618,29.3713723123074,702.525342345238,5.47331726551056,28.724009513855,3632.96346259117,33.6018998026848,10.884000480175,4.03566387295723,4.454330265522,51.2803089618683,235.062315970659,7.78094702959061,245.009970486164,188.726769894361,1.40003615617752,6.19783675670624,19.7922114133835,347.094289004803,33.0162568092346,102.141179174185,0,1093.5066293478,6.0959986448288,513.318171292543,684.248554140329,509.491068512201,37.5437470078468,45.7777805626392,50.8027907907963,17024.7725302577,7142.75887304544,16.538519769907,49.8578931391239,13.309738278389,10.1410870552063,26.9546620249748,364.458674490452,3.3703898191452,0,1.21468484401703,0,3.17619335651398,91.8368295133114,9.43022239208221,23.1667366325855,28.6292998492718,10.36594581604,113.503141105175,32.354983240366,10.8590406775475,63.6434419453144,5.28502231836319,4.75869023799896,21.7400092482567,26.4894224405289,0.643588304519653,2.66256672143936,0,37.246163547039,27.6693260669708,7.49545526504517,32.0808302760124,203.166716903448,0,2.02749115228653,8.32183390855789,242.457300871611,3.58940434455872,10.1089981198311,0,0,0,4.64210951328278,2668.24490588903
146.987319350243,1.26549279689789,159.090838521719,84.8999564647675,4278.04803708196,0,1977.06038293242,17591.69445315,384.815382033587,19842.9807296991,211.69842299819,3051.26021578908,65.8089001774788,2028.33507570624,5690.76069238782,3.9038497209549,147.60372197628,48.7812687456608,56.3241107463837,198.645342588425,48.6431969702244,6.80277115106583,361.66442745924,91.4505255520344,2.64504325389862,60.676833152771,31.7539352178574,853.098509460688,986.736878186464,226.903999269009,0.772991955280304,631.864114522934,2.10649809241295,389.221445679665,6196.87696528435,2536.00262868404,102.878457337618,492.174547195435,213.815935224295,7154.66307908297,4928.20104512572,139.42011064291,31.7122683823109,1.23266822099686,15.103572756052,9.7606697678566,464.511730521917,4.36250007152557,1.9355034828186,0,0.531719923019409,0,140.877886205912,29.0438370108604,25.6561086177826,37.8340824842453,10.0254689157009,184.421801328659,61.1339772939682,6.41881620883942,116.006921648979,30.9784379005432,6.60087221860886,41.3093819022179,0.454491406679153,0,0,0,55.8620049357414,1.57883605360985,0,0.598410725593567,382.805786579847,0,0,2.71812206506729,396.645481407642,3.96939241886139,0,0,0,0,4.47236832976341,1138.31525823474
6097.56550487876,51.4700534939766,3782.55794677138,211.721245706081,137.065112799406,1977.06038293242,0,19902.3385839462,2283.4024078846,26751.714417547,665.764993056655,286.252978384495,188.560213238001,35472.7608270645,871.694600105286,106.069283038378,1764.14474004507,213.796490654349,441.122518509626,149.880394399166,3074.57240903378,289.243726223707,9430.52263882756,1288.64179700613,31.3172730505466,475.033597350121,784.118455544114,49765.4671220183,13088.4215198606,20325.3782879114,2.33193418383598,562.678739100695,464.392466217279,2942.08584228158,1304.78932437301,11637.4141694009,518.438121944666,6200.81567421556,2376.7832095474,1735.33091557026,1240.85255527496,465.964628070593,1513.8068921864,16.0706406831741,795.784915804863,136.459697067738,1254.61083802581,126.339372724295,14.537152916193,32.0886369645596,5.24561256170273,23.5758944749832,612.11253580451,54.7537000477314,61.4310654997826,1916.18242129683,356.580430090427,1018.29250404239,483.186503648758,153.457374364138,226.074384331703,71.384290009737,390.398769080639,136.487988561392,248.253309875727,0.823607206344604,0,0,202.269149631262,13.1283842921257,106.666937112808,29.4290483295918,7634.44659247994,0.925366640090942,0,265.931472569704,8987.05143579841,463.526783511043,29.1203698515892,0,1.0651181936264,15.3830369412899,314.394856065512,304.240227639675
1179.34672304988,2.74280482530594,3053.55443063378,91.7368986606598,385.868885725737,17591.69445315,19902.3385839462,0,344.249648332596,19272.087402761,217.027649670839,746.197679847479,60.7023318111897,34138.3823235333,449.316194623709,8.82120597362518,1985.98263666034,53.4647160172462,344.230440035462,252.970325559378,967.66741758585,5.47786420583725,7265.39808812737,210.384808510542,1.87854951620102,526.985196977854,405.635767489672,1849.14094039798,3483.42544585466,4629.45892894268,1.83333396911621,530.40730792284,78.6684572696686,799.017410814762,378.504373192787,2986.98068121076,181.220729321241,1287.17247343063,626.164816379547,2219.2902444005,848.539412558079,138.346739321947,143.363509327173,0.409295052289963,71.9495694935322,14.5027678310871,215.584249049425,11.6631293594837,1.24480807781219,2.99456152319908,2.3962881565094,6.83701741695404,47.8379969596863,1.74010246992111,2.1429095864296,272.673604041338,15.5678522884846,172.745307534933,46.5239501297474,16.4596580266953,21.552380502224,33.2696774601936,20.4958039522171,10.0144938826561,4.46887019276619,0,0,0,12.9808745980263,2.0027539730072,4.33662062883377,0,997.378219664097,0,0,60.8041234612465,1217.42540550232,26.7445646524429,0,0,0,1.89908003807068,28.242102086544,79.7980763614178
3.07918265461922,737.705777794123,8.42498433589935,2650.94982421398,321.256276249886,384.815382033587,2283.4024078846,344.249648332596,0,4793.80270922184,36.5362078547478,2049.47776386142,510.107373028994,141.043893188238,2995.52305454016,22.6509303748608,6.77557420730591,0.964302182197571,4.9186427295208,1051.39354789257,37.0878924429417,5853.84159970284,22.0946637690067,59427.5256115794,732.53948456049,9.7448707818985,1331.98154178262,11815.6039440334,161.001048207283,15.0390948355198,15.5478905141354,37.2518855631351,7.80649411678314,86.3852940797806,51.825048327446,828.499968111515,39.3077320158482,167.084767490625,59.0747256875038,2568.66532433033,59.1462716460228,124.239121168852,883.903789907694,19.0791848301888,365.87968814373,82.7072566151619,287.740139335394,62.8850246667862,22.8200917541981,60.2949163615704,18.20228266716,5.44394066929817,499.571085005999,44.9137261509895,53.0717661678791,837.046438455582,110.385880947113,4023.89673429728,194.374482035637,60.898642629385,113.756172597408,25.4808313250542,153.342782080173,88.6506873965263,156.462101429701,2.58155736327171,7.27460965514183,5.07428941130638,92.1518388390541,31.885472625494,248.882826626301,18.7760151922703,6981.64604958892,13.7224155962467,10.203130364418,82.4567306339741,4139.64782461524,473.469683945179,109.211688101292,1.19611686468124,5.03614580631256,16.6491746902466,192.722186326981,168.548109710217
186.111829310656,14.8764265179634,240.463398516178,9283.66983023286,939.96001842618,19842.9807296991,26751.714417547,19272.087402761,4793.80270922184,0,1352.64304834604,5674.34607350826,402.414125174284,8597.54293206334,2507.83664500713,4.71234199404716,181.019735008478,313.292199552059,276.697106897831,6191.49008449912,93.4665506780148,38.1783307492733,434.644208550453,2309.16903617978,12.9314801692963,246.28302192688,127.071582853794,25324.0079191327,5320.10999661684,185.090852886438,7.71882325410843,993.534771472216,28.1199890673161,2366.78052788973,2055.80298781395,10141.5092440546,254.222048163414,3690.28704494238,896.858620941639,4132.56949102879,1205.03242531419,526.732310384512,209.25640514493,2.48503994941711,96.4583003818989,13.9636740684509,1734.1951277554,11.8105348944664,7.47021791338921,4.27878820896149,0,4.27622592449188,1200.31205764413,85.8165586590767,110.954969584942,537.4893437922,94.3306387364864,1477.89025723934,1130.54968339205,50.8828765153885,405.465363830328,101.290861964226,96.4471905827522,186.326210737228,5.25627571344376,1.10644638538361,5.27372857928276,3.99951687455177,460.14468973875,0.797726631164551,4.95538035035133,0.744274228811264,3792.74158445001,2.83141815662384,4.46089297533035,6.83893895149231,4290.65681487322,45.2704751193523,0.498220413923264,0,0,1.74688798189163,51.4166678786278,1096.37605455518
83.0317181348801,33.6004567742348,415.680293530226,20.9457102417946,29.3713723123074,211.69842299819,665.764993056655,217.027649670839,36.5362078547478,1352.64304834604,0,225.327113330364,4397.1219034791,745.230449259281,44.2709805369377,8.5232375562191,875.225183367729,11847.0136370957,3941.98042240739,85.2881693840027,71.4907848536968,21.1860570311546,491.184770405293,32.52120667696,218.341840565205,5445.87598493695,572.520427286625,230.649279624224,2389.36161139607,176.239758074284,257.114125728607,659.19888150692,19.7987301051617,9335.7029556334,85.3695188462734,1853.46881297231,6420.22592559457,8810.89872834086,1256.10782828927,132.040448009968,55.2953968346119,1447.4619936049,10.7146394848824,775.631305575371,16.706449508667,1.90950506925583,15.81073564291,1.1760870218277,372.382960438728,0,142.10309946537,0,1.29704594612122,0,1.66975229978561,1.65779554843903,4.14352512359619,28.5884481370449,0,1276.48156630993,0.555172085762024,1983.03262889385,3.76470339298248,3.05971890687943,5.46078699827194,0,5.03310012817383,2.04978179931641,0,0,15.1196777820587,0,38.9317151010036,348.071356505156,465.563555896282,692.064872324467,4.20320522785187,42.0172921419144,0,781.773261904716,45.4121294021606,0,111.422888994217,10.2401534616947
21.2027814984322,5.81314742565155,15.1241881251335,6282.28494977951,702.525342345238,3051.26021578908,286.252978384495,746.197679847479,2049.47776386142,5674.34607350826,225.327113330364,0,63.7157154679298,752.740195840597,3896.56605044007,0.753741502761841,25.0189203023911,56.7089249193668,58.4163262844086,11825.459936589,4.94709879159927,23.0885360836983,24.2299011647701,1266.06644639373,5.80736592411995,54.5988806188107,35.4463123381138,3435.35259386897,692.727049171925,22.1675646007061,3.41487428545952,128.788019001484,1.88111394643784,351.537302345037,4810.29193687439,1163.15538010001,28.8750542998314,326.569108843803,84.2141183614731,2820.10450014472,81.1025740504265,74.3689508140087,43.6509692370892,0,27.9522413611412,4.05746626853943,1027.39629381895,5.09649115800858,6.16513404250145,0.643607199192047,0.589027106761932,0,576.700430482626,59.0415140986443,73.4867635667324,63.8734799325466,36.284869402647,683.623189926147,212.979619920254,7.21390849351883,354.581114649773,14.7894952297211,38.6678228974342,109.295159816742,6.09108260273933,0,0,0,193.963337659836,0,3.19641345739365,0.802148461341858,946.492296218872,0,0,1.6202227473259,1042.49243989587,4.79149919748306,0,0,0.960655927658081,0,5.92467653751373,1032.31440299749
19.2116035819054,2186.79276359081,4.91644388437271,7.60984328389168,5.47331726551056,65.8089001774788,188.560213238001,60.7023318111897,510.107373028994,402.414125174284,4397.1219034791,63.7157154679298,0,243.645522773266,18.3192234933376,154.880229234695,10.2303618788719,68.0478650331497,8.41289067268372,25.9660194516182,41.6882703900337,624.64091143012,83.1679157018661,1209.12290459871,9005.1729786098,286.289509534836,8062.69191795588,488.975420385599,581.810450196266,19.6851435899734,1528.50063034892,161.789346724749,1.68974521756172,1744.18504974246,11.9009221494198,377.826626688242,3381.60509943962,4321.58954274654,67.3179520368576,131.349758416414,22.8157263994217,7942.40439483523,73.0418631136417,3534.09630745649,93.5576665103436,33.6887956261635,10.7402590513229,0,2492.98754307628,0,1410.4115703702,13.359381377697,2.0301234126091,0,13.4414383172989,0.947737276554108,21.5389643609524,90.9272038936615,0.422908633947372,5910.21206507087,2.35297822952271,10026.0922566652,16.8536289334297,1.47926235198975,20.978259563446,3.4240670800209,9.64991593360901,6.254085958004,0,0,98.3472063541412,0,126.212270945311,3342.38002365828,4281.9877769351,6655.32577100396,10.2405108809471,161.308347314596,0.970073521137238,4899.62849038839,203.258332192898,0,611.231907069683,0.931082963943481
8556.72861912847,2.48871463537216,2491.57198259234,101.226227849722,28.724009513855,2028.33507570624,35472.7608270645,34138.3823235333,141.043893188238,8597.54293206334,745.230449259281,752.740195840597,243.645522773266,0,118.153213948011,12.8254542648792,3831.43275523186,194.807285487652,826.696697801352,251.807741552591,839.558031648397,5.37619698047638,6692.6480204463,117.833725482225,3.43853956460953,1061.39830371737,502.792254209518,1386.04182046652,18575.1000965983,10363.1657462716,5.73680707812309,529.863007068634,66.4666706621647,1484.02310155332,126.072486042976,3284.07376930118,212.304423749447,1497.52707141638,656.451429724693,866.0440300107,339.847626000643,273.968590140343,51.8612939417362,0.799158334732056,18.9118035435677,2.68945816159248,130.506812870502,4.35755187273026,5.47178322076797,0.57251763343811,0,7.98418667912483,9.9933817088604,0.911838293075562,3.98936992883682,57.490373134613,1.09012520313263,79.3736579716206,11.0759006142616,21.0752747356892,14.6443375945091,58.0090290009975,2.22636005282402,2.60063028335571,7.54802116751671,0,0,0,3.99491935968399,1.73793444037437,3.84962844848633,1.98255431652069,265.230607420206,2.52245563268661,0.446890592575073,54.5392108857632,195.087288290262,5.6795212328434,2.05482351779938,0.518753051757812,0,0,5.27957060933113,34.9398638308048
5.27381426095963,33.7603752911091,16.5432045757771,334.843784689903,3632.96346259117,5690.76069238782,871.694600105286,449.316194623709,2995.52305454016,2507.83664500713,44.2709805369377,3896.56605044007,18.3192234933376,118.153213948011,0,18.038133919239,18.6707409620285,11.0737823843956,11.5431818962097,345.849900215864,203.120448827744,106.615612357855,134.194964379072,1643.61089548469,23.0097669959068,15.1049126684666,79.33380651474,1723.1732571125,185.001965671778,248.644220203161,0.565084993839264,121.144397884607,12.6812435686588,58.5643703639507,2720.95315170288,627.918002933264,27.6385030150414,85.9268769025803,74.324370354414,4569.51626241207,93.6755240559578,22.7459776699543,131.926407158375,6.86216241121292,35.8873456418514,52.1528349220753,858.048806488514,12.7039080262184,0.508999884128571,7.87274521589279,0,4.07376164197922,299.90948677063,33.5597584545612,52.7948904335499,90.2306540310383,37.860962241888,344.983616888523,120.659663200378,20.796162456274,209.78190523386,9.94731783866882,26.2406100034714,77.8900475502014,37.2619858980179,3.41583126783371,1.4720795750618,3.44562315940857,87.1524297595024,49.1901962161064,11.5077418088913,39.8735227584839,707.743782967329,0,1.87201899290085,24.9680264294147,792.710972309113,33.7425442039967,11.4653257727623,0,1.02093732357025,1.65679156780243,20.1135150492191,4191.06106442213
0,645.4194008708,41.9593248963356,0,33.6018998026848,3.9038497209549,106.069283038378,8.82120597362518,22.6509303748608,4.71234199404716,8.5232375562191,0.753741502761841,154.880229234695,12.8254542648792,18.038133919239,0,86.4647024571896,15.1780867278576,22.464076757431,1.51549023389816,7913.82585439086,4780.91234481335,10151.35272035,6453.0331569612,259.987966656685,26.0478488504887,2950.68436598778,3940.32608407736,13.0468306839466,30.6593562066555,4.25430864095688,6.56840947270393,3.71579283475876,92.1280915737152,431.515778273344,6460.70919433236,1472.30589598417,1038.20297986269,1598.36643496156,81.2662172913551,61.5593124628067,90.2524186968803,1949.88291314244,321.266941726208,227.820051789284,239.632358044386,31.1971924304962,7.76507219672203,16.4918458759785,5.85668301582336,47.6897996068001,45.5908763706684,2.87962141633034,2.72257339954376,0,62.7902612090111,7.33931496739388,11.8429381251335,0.808735311031342,32.1751424968243,1.46895372867584,23.1791835129261,6.17598089575768,27.0973500907421,8480.88502547145,7.31953817605972,0,1.25579896569252,0,89.7153645157814,1890.56039446592,793.079543530941,975.373269766569,5.06666052341461,7.00447273254395,2005.13765028119,416.495402961969,44.2491230368614,25.1142367422581,0.703449249267578,2.96690136194229,0,33.6478496044874,215.023453146219
1204.82825760543,27.0739053487778,39242.0750017166,1.53187507390976,10.884000480175,147.60372197628,1764.14474004507,1985.98263666034,6.77557420730591,181.019735008478,875.225183367729,25.0189203023911,10.2303618788719,3831.43275523186,18.6707409620285,86.4647024571896,0,797.745064735413,11368.1361724138,4.75040459632874,2743.26075141132,16.4388025701046,25411.4828092456,27.0849327743053,0,14020.615901202,13323.4474531859,664.92351308465,4571.11701732874,7871.5624243319,0.872153699398041,53.246474802494,153.307400465012,9397.69564008713,441.69275906682,5944.90910646319,1743.7156381309,6179.5456700027,5118.56645148993,170.16207909584,84.496151059866,14.6548846662045,49.9761700928211,4.12034779787064,24.7213265299797,31.8135319650173,0,1.14869403839111,0,0,18.0023719668388,69.2677802145481,0,2.72993302345276,0,0,0,2.24652338027954,0,0.666287958621979,0,1.79324114322662,0,7.04479843378067,35.4643439650536,20.1407071948051,0,0.453174859285355,0,0.549163341522217,25.8055773377419,20.2402113974094,1.58190578222275,0,33.9147479534149,801.599360764027,6.03394681215286,0,0.640437841415405,1.01485562324524,0,0,7.06157568097115,164.030035763979
36.8801888823509,1.8956184387207,587.727396577597,4.13108006119728,4.03566387295723,48.7812687456608,213.796490654349,53.4647160172462,0.964302182197571,313.292199552059,11847.0136370957,56.7089249193668,68.0478650331497,194.807285487652,11.0737823843956,15.1780867278576,797.745064735413,0,3349.92911252379,14.8227755427361,79.7446394264698,1.85524761676788,471.976038277149,6.25813388824463,1.62730360031128,8081.48734641075,537.967230468988,75.5066111534834,527.233755677938,108.427194371819,25.6895852088928,97.2350942492485,9.41613128781319,1646.16398465633,143.28840059042,2379.93490880728,2747.36244121194,3465.77223318815,1977.6726256609,31.0906982123852,17.2695339918137,25.6628946363926,2.52920299768448,23.4919636249542,0,0.584459185600281,0,1.09663200378418,3.08200395107269,0,4.0350034236908,0.415728569030762,0.923636138439178,0,0,0,0,1.38565480709076,0,20.9123860001564,0,11.909549176693,0,0,1.26984247565269,0,1.40841031074524,0,0,0,0.509676098823547,0,0,2.17410522699356,70.0769726634026,69.5676249563694,0,0,0,17.4573408961296,0,0,0,36.2601324617863
236.791006922722,10.1299124360085,4730.58703273535,8.42300280928612,4.454330265522,56.3241107463837,441.122518509626,344.230440035462,4.9186427295208,276.697106897831,3941.98042240739,58.4163262844086,8.41289067268372,826.696697801352,11.5431818962097,22.464076757431,11368.1361724138,3349.92911252379,0,19.4690640866756,380.109554111958,0.983449995517731,3406.1883237958,7.44140940904617,0,13934.7219331712,2660.85102705657,173.48831948638,1320.79400780797,1133.40074822307,1.32986325025558,84.7499293982983,41.221614331007,4684.5798701942,217.96331179142,4749.7037397027,3319.8420342505,4438.89973893762,2771.69010922313,49.5987193882465,43.4282580316067,10.4427661001682,7.69001388549805,4.58829134702682,0,6.49123620986938,0,0,0,0,7.76121300458908,11.0978508293629,0,0,0,0,0,2.28344094753265,0,1.69656360149384,0,4.6448175907135,0,1.62889266014099,6.3660876750946,1.02321624755859,0,0,0,0,6.18737241625786,2.33494302630424,0,1.21202182769775,40.5212241113186,123.247187077999,0,0,0,3.68104493618011,0,0,1.53194236755371,52.9605896770954
6.41054728627205,1.98297011852264,9.86468458175659,14921.4301482439,51.2803089618683,198.645342588425,149.880394399166,252.970325559378,1051.39354789257,6191.49008449912,85.2881693840027,11825.459936589,25.9660194516182,251.807741552591,345.849900215864,1.51549023389816,4.75040459632874,14.8227755427361,19.4690640866756,0,1.92763188481331,1.62609308958054,16.0121415257454,991.552641063929,0,18.3051345646381,8.24948903918266,3248.68828415871,268.932988017797,5.7804234623909,0.518007934093475,43.5577772259712,2.76026278734207,122.152763903141,23.6869387030602,626.52435106039,23.294430911541,143.882175475359,34.1124462485313,493.244485646486,45.7619863450527,34.503791898489,31.0969274640083,0.49443107843399,16.7987019121647,2.55461186170578,360.082748651505,2.69741380214691,1.4040755033493,0,0,0,271.796674698591,24.4689877331257,24.7798061966896,73.5808230936527,34.7439706921577,347.607670277357,97.8411148786545,4.24378508329391,212.525436878204,6.38051551580429,20.1686306595802,38.351992726326,2.82927572727203,0,0,0,72.2895675897598,0,0,0,589.356530427933,0.519370138645172,0,0,683.996831923723,5.44498014450073,0.913818299770355,0,1.12980389595032,0,7.88419988751411,4.74659734964371
170.415503054857,158.986662477255,2027.14136466384,0.641851246356964,235.062315970659,48.6431969702244,3074.57240903378,967.66741758585,37.0878924429417,93.4665506780148,71.4907848536968,4.94709879159927,41.6882703900337,839.558031648397,203.120448827744,7913.82585439086,2743.26075141132,79.7446394264698,380.109554111958,1.92763188481331,0,599.827697604895,40868.8666172922,3922.92262282968,42.9811187386513,312.714328110218,1911.68898740411,12912.8973730206,1064.89301866293,34326.8352834433,0.524777173995972,27.3376884460449,196.599674254656,6996.00343561172,1342.9290111661,12614.9403660893,791.763835579157,15563.5400190055,6205.82203200459,387.399565190077,265.623348921537,143.815656751394,997.033388614655,74.9257557690144,87.590768635273,74.3793027102947,47.7079430222511,1.73440980911255,3.56381928920746,26.065549492836,6.20895555615425,24.1406124830246,0,3.89951765537262,0.747437417507172,48.6263287365437,2.96580791473389,23.7341764271259,1.0994775891304,47.1980586349964,1.38904583454132,14.3156750798225,9.2760945558548,14.5675455927849,1074.26351517439,1.4483228623867,0,1.8109986782074,0,22.5552208125591,374.297557145357,77.2351363003254,695.173094242811,0.768625199794769,1.82194852828979,497.912476837635,231.759291112423,87.6263409554958,48.4565801024437,0,0,0.75764012336731,20.138621032238,398.401017159224
0,1508.57623189688,20.8145377635956,8.42806109786034,7.78094702959061,6.80277115106583,289.243726223707,5.47786420583725,5853.84159970284,38.1783307492733,21.1860570311546,23.0885360836983,624.64091143012,5.37619698047638,106.615612357855,4780.91234481335,16.4388025701046,1.85524761676788,0.983449995517731,1.62609308958054,599.827697604895,0,1642.9621091485,19902.7926371098,722.710951477289,14.8081804811954,7874.76868703961,4546.13226956129,11.8081433176994,7.06560704112053,15.4763416349888,3.19074183702469,0.982856094837189,18.0088640451431,54.6459189355373,508.001163244247,100.294463992119,101.940822005272,116.457627803087,98.5710990726948,3.54709285497665,196.910899162292,1642.68066591024,182.354993581772,165.660476833582,185.627717018127,25.3326901197433,4.22915476560593,38.4058440327644,18.2954440116882,94.9266993999481,50.5771199762821,7.94817021489143,0,2.13474440574646,73.3255341053009,3.81372693181038,33.8855428993702,4.44409129023552,19.4906816929579,0.802249014377594,35.2160442471504,17.577410787344,27.7438805103302,3574.5216114521,45.6770232319832,0.561722725629807,1.25470754504204,0,88.9999295473099,4106.91007909179,273.183407276869,1602.36813157797,11.6794138550758,23.6077698022127,3231.10539272428,485.636981725693,145.422102540731,58.9546548426151,4.22732430696487,1.2707839012146,0,46.5357456952333,175.174732804298
1198.53603625298,353.949329942465,29913.8510864973,3.18247598409653,245.009970486164,361.66442745924,9430.52263882756,7265.39808812737,22.0946637690067,434.644208550453,491.184770405293,24.2299011647701,83.1679157018661,6692.6480204463,134.194964379072,10151.35272035,25411.4828092456,471.976038277149,3406.1883237958,16.0121415257454,40868.8666172922,1642.9621091485,0,2055.34520089626,95.0290901064873,4678.74941658974,21329.6102081984,10774.2207371294,2450.07798105478,20825.8121619523,2.01322773098946,76.3561201691628,128.923042833805,11766.1044644266,2887.36014768481,38548.2385936677,7492.6971308887,25804.604760319,20258.9282169342,855.433072447777,288.352219700813,122.746938854456,2880.66789376736,406.05886515975,439.242973282933,515.818636000156,58.8180639445782,11.1219915151596,6.99375513195992,8.72509962320328,47.8024379014969,586.199142754078,0.514219880104065,10.3988239169121,1.2413729429245,114.516023427248,6.32507076859474,4.74871015548706,2.29598611593246,46.6309350430965,1.83941167593002,24.4640161991119,21.0890673995018,36.1419838070869,8799.81873288751,73.7626456022263,0,5.85196390748024,0.354518383741379,150.976910531521,1882.74983286858,1379.45866978168,1058.67725497484,1.46037340164185,28.4155354499817,8422.69345214963,527.319491505623,45.5435899496078,45.0871835649014,0,2.96344876289368,0.615302443504333,72.0208074450493,895.776869088411
14.7420299351215,3084.26848265529,22.6811679303646,3487.21207886934,188.726769894361,91.4505255520344,1288.64179700613,210.384808510542,59427.5256115794,2309.16903617978,32.52120667696,1266.06644639373,1209.12290459871,117.833725482225,1643.61089548469,6453.0331569612,27.0849327743053,6.25813388824463,7.44140940904617,991.552641063929,3922.92262282968,19902.7926371098,2055.34520089626,0,1890.34314313531,38.2929707765579,4597.35509538651,21257.1820704043,192.986317843199,48.4902617037296,36.4201671183109,54.8762817978859,23.4524624943733,132.235829919577,227.408532619476,3387.60617536306,357.336372286081,467.604991018772,444.346782058477,1361.82921648026,125.176133424044,501.926564395428,5526.50971075892,164.322761714458,1513.85283717513,386.562106966972,1340.23724636436,231.3083114326,68.2773202955723,124.108873337507,90.5032790005207,8.19252529740334,1256.49108541012,86.1030140519142,136.311789304018,2706.60841432214,466.245118319988,4019.27060475945,631.719210609794,327.029679626226,324.597921639681,139.758254379034,581.437474220991,283.121740788221,2736.55292201042,4.803582072258,2.80482843518257,1.41791313886642,261.153951406479,144.780593216419,1457.00672444701,170.815396845341,17713.9929347336,37.7664202749729,7.4863553494215,601.468951225281,14581.7469201088,1243.67394033074,280.846788883209,2.0594008564949,10.423351585865,35.7187962532043,696.402102902532,542.808232605457
1.91927087306976,2542.30195510387,0.696819007396698,0,1.40003615617752,2.64504325389862,31.3172730505466,1.87854951620102,732.53948456049,12.9314801692963,218.341840565205,5.80736592411995,9005.1729786098,3.43853956460953,23.0097669959068,259.987966656685,0,1.62730360031128,0,0,42.9811187386513,722.710951477289,95.0290901064873,1890.34314313531,0,174.628330171108,6072.80463734269,577.752267032862,15.7472611665726,3.39416027069092,381.991750746965,3.97292029857635,0,64.9064171910286,0,33.7277417778969,310.964458197355,188.6225913167,5.22040337324142,24.0171746313572,1.91307389736176,3082.53757047653,42.4007604420185,290.956610411406,16.9722328782082,13.918178319931,2.87624651193619,0,396.080184400082,0,1508.84487080574,3.33053481578827,6.97235977649689,0,2.39641058444977,1.57251182198524,2.37716841697693,16.7027872502804,0,533.024778068066,1.1883470416069,1202.70498815179,2.7460649907589,1.57052850723267,5.46526420116425,2.11421394348145,3.40761977434158,4.29394507408142,0.583260774612427,0,28.7565343379974,0.796086847782135,33.7753794193268,1039.79968124628,1195.99692845345,2891.36464357376,7.69014692306519,26.3787082135677,0.540154099464417,715.564462572336,16.9897450208664,0,71.1779991686344,1.55908751487732
286.730520188808,389.140442311764,20273.7918184996,5.08675703406334,6.19783675670624,60.676833152771,475.033597350121,526.985196977854,9.7448707818985,246.28302192688,5445.87598493695,54.5988806188107,286.289509534836,1061.39830371737,15.1049126684666,26.0478488504887,14020.615901202,8081.48734641075,13934.7219331712,18.3051345646381,312.714328110218,14.8081804811954,4678.74941658974,38.2929707765579,174.628330171108,0,22525.7635984421,210.252358436584,1479.12006363273,527.284276738763,409.010410696268,81.8805956840515,37.3465642333031,2442.84684303403,645.458422034979,15825.5496432185,23618.1395663321,8145.8469864428,6077.33543542027,129.978260934353,96.0453724563122,167.05547618866,380.622186303139,1997.6358730793,264.908377766609,250.831205904484,6.45468628406525,1.04175353050232,143.181417524815,1.50603973865509,1301.51467475295,910.504133790731,0,1.93238854408264,0,11.807677179575,1.36086747050285,11.9728156626225,0,2765.99062517285,1.81511437892914,1798.24362874031,5.61054119467735,6.80115610361099,68.1706061065197,409.944675534964,46.0587930679321,54.886628061533,0,14.8506362736225,32.148455709219,33.1695392131805,21.9056454002857,393.331529170275,9747.26582282782,24499.9664269686,6.24859952926636,13.4215091466904,19.623459905386,2296.51895570755,12.6224820613861,0,81.956186324358,239.010844290257
134.362679302692,28832.8305190206,43682.4773201942,9.71158683300018,19.7922114133835,31.7539352178574,784.118455544114,405.635767489672,1331.98154178262,127.071582853794,572.520427286625,35.4463123381138,8062.69191795588,502.792254209518,79.33380651474,2950.68436598778,13323.4474531859,537.967230468988,2660.85102705657,8.24948903918266,1911.68898740411,7874.76868703961,21329.6102081984,4597.35509538651,6072.80463734269,22525.7635984421,0,3984.09254980087,608.842708110809,984.781690329313,1213.17569088936,38.7462654709816,33.3017073273659,4398.96311585605,1406.26866048574,27586.5145916641,12031.1325917244,12099.3796689659,10131.7870560288,387.579504936934,132.732632368803,152.481117218733,7498.21263554692,3095.36205950379,3220.56624409556,3110.56470191479,78.9599853157997,10.1471359729767,179.304202198982,12.0502469837666,10887.6724250317,5727.574241817,4.95544323325157,5.87372362613678,2.14577242732048,267.074390679598,8.85386911034584,26.4842967987061,3.61415904760361,2923.59841001034,0.684842884540558,2249.80075976253,89.0290124714375,21.7826422452927,5289.11994937062,3249.46511864662,70.2669390141964,213.747054666281,0.397919535636902,414.645794302225,5134.79201433063,2796.90042191744,802.637297004461,1085.81302076578,19477.1941365004,131203.331577659,790.93976277113,31.5087494850159,174.07280677557,3782.26093652844,2.66976180672646,2.51276382803917,710.571659296751,739.949447929859
86.3255799412727,939.557518273592,2051.11935827136,15061.4047683179,347.094289004803,853.098509460688,49765.4671220183,1849.14094039798,11815.6039440334,25324.0079191327,230.649279624224,3435.35259386897,488.975420385599,1386.04182046652,1723.1732571125,3940.32608407736,664.92351308465,75.5066111534834,173.48831948638,3248.68828415871,12912.8973730206,4546.13226956129,10774.2207371294,21257.1820704043,577.752267032862,210.252358436584,3984.09254980087,0,3321.86270937324,33598.3025559187,9.96712756156921,371.342473208904,491.766865611076,3714.0111875236,2637.57347592711,23099.1545518041,1693.03970625997,9684.83024212718,5192.76834565401,2104.71213415265,1173.60061889887,975.674922764301,7219.86364671588,161.116470366716,2469.1792114377,643.556139588356,2932.20540162921,417.727180242538,79.5550584197044,203.788870573044,43.2210049927235,37.8535162806511,1336.60766899586,106.292969197035,142.859095722437,4931.30789911747,530.153503924608,3328.02375847101,904.5188382864,689.997672706842,503.317281961441,273.510548055172,786.43300947547,482.85711145401,2586.08930262923,6.63320255279541,0,0.256334811449051,442.738131582737,146.729233890772,1256.81236436963,204.379481345415,22832.76067397,7.82937115430832,4.31196439266205,1065.61470445991,21842.0864383876,1963.39960750937,455.252181619406,0.55228328704834,9.66106867790222,58.1789795458317,1040.89853543043,1033.77834185958
8592.12558278441,4.23124247789383,969.958930581808,85.5291807949543,33.0162568092346,986.736878186464,13088.4215198606,3483.42544585466,161.001048207283,5320.10999661684,2389.36161139607,692.727049171925,581.810450196266,18575.1000965983,185.001965671778,13.0468306839466,4571.11701732874,527.233755677938,1320.79400780797,268.932988017797,1064.89301866293,11.8081433176994,2450.07798105478,192.986317843199,15.7472611665726,1479.12006363273,608.842708110809,3321.86270937324,0,13880.949018091,19.3573483526707,790.873123317957,6432.88202986121,7329.38624334335,253.975746631622,3225.25426092744,273.643739253283,3544.76850506663,889.387954950333,690.693431288004,1313.62354284525,437.103543460369,75.6187326610088,6.60467228293419,25.6905798316002,6.24821737408638,124.122657865286,0,9.95626354217529,0.465793073177338,0.894606530666351,1.06563505530357,10.0751137733459,1.25391846895218,1.19296157360077,68.8865371346474,7.93285125494003,72.7630990147591,10.3984428048134,27.6847696006298,3.48211726546288,70.5778746902943,2.04685732722282,7.94237184524536,5.96864733099937,0,0,0,3.51828083395958,0,1.02231240272522,0,383.213095933199,4.3282744884491,0.512461066246033,12.2008500993252,305.401774376631,12.9733937978745,0,0.849319636821747,0,3.49562120437622,3.60859560966492,101.263739168644
4301.4867425561,0.45807296037674,3306.76623028517,2.60553494095802,102.141179174185,226.903999269009,20325.3782879114,4629.45892894268,15.0390948355198,185.090852886438,176.239758074284,22.1675646007061,19.6851435899734,10363.1657462716,248.644220203161,30.6593562066555,7871.5624243319,108.427194371819,1133.40074822307,5.7804234623909,34326.8352834433,7.06560704112053,20825.8121619523,48.4902617037296,3.39416027069092,527.284276738763,984.781690329313,33598.3025559187,13880.949018091,0,0,73.5019193589687,1444.92359021306,10374.6402728111,685.176156818867,3429.78239068389,224.855069696903,8337.37169921398,2557.78250095248,311.095256835222,354.702915400267,94.4241367280483,79.5823563933372,4.69215875864029,25.2474833130836,11.1204566657543,8.75900223851204,4.94200921058655,0.610544741153717,0,1.75205308198929,22.2139775753021,1.34798765182495,2.14577925205231,0,31.0538893342018,1.28853288292885,16.2866312265396,1.16404020786285,5.06481051445007,0,4.24253690242767,1.83032917976379,1.0773640871048,34.7720467150211,2.86411067843437,0,0,0,0.674816966056824,12.1715992093086,10.9623665213585,113.475367426872,0,0,170.570831358433,79.0982652306557,7.25557100772858,1.58477485179901,0,0,1.80642884969711,7.45371893048286,179.372277677059
0.79406213760376,89.7191479802132,4.2545844912529,0,0,0.772991955280304,2.33193418383598,1.83333396911621,15.5478905141354,7.71882325410843,257.114125728607,3.41487428545952,1528.50063034892,5.73680707812309,0.565084993839264,4.25430864095688,0.872153699398041,25.6895852088928,1.32986325025558,0.518007934093475,0.524777173995972,15.4763416349888,2.01322773098946,36.4201671183109,381.991750746965,409.010410696268,1213.17569088936,9.96712756156921,19.3573483526707,0,0,7.54663944244385,0,42.8672267198563,3.34367355704308,90.7987694740295,976.518471539021,220.622123032808,57.7931017577648,6.02722990512848,6.76301449537277,87.7071838676929,12.38512763381,860.874220430851,38.281556814909,15.219739228487,0,0,129.299956291914,0,410.070775866508,1.72651186585426,1.25392329692841,0,0.563862323760986,0,1.04779934883118,9.91636824607849,0,1632.58004492521,0,1276.72584354877,1.03067994117737,0,0.913696885108948,1.09196427464485,8.51362228393555,4.62691962718964,0,0,17.0527420043945,0,6.83824327588081,296.101157784462,2773.28842207789,2753.14515581727,0,9.7117323577404,0,1535.33286651969,6.30496674776077,0,32.6839101314545,0.633907973766327
