0,4.18092840575636e-05,0.0480858467263851,0.000131533858812368,0.000279772830047274,0.0221170047724426,0.977034508325032,0.12543419347301,0,0.00556302602072895,0.00457319034598342,0.00274958156918967,0.000643636367266291,0.873142844121124,0.000773317868879756,0,0.0312344128938273,0.00161605009295196,0.00390093919008306,0.00113174282148165,0.0119929433919202,0,0.0407859074121414,0.000455810706114286,0,0.0164051861358572,0.00412050690132058,0.00449519776709587,0.781861439492046,0.955692294527927,9.29557378762487e-05,0.0111277333173887,0.00103202381725898,0.00762002145266473,0.000910854607421238,0.0123616658890862,0.000797285489119962,0.00838212407387864,0.00341203329745176,0.000842604845338712,0.000591029983346725,0.000106426867096567,0.000409653794622761,0.00010719099130162,0,0,0.000651291748949021,0,0,0,0,7.27511928862989e-05,0,0,0,2.98707663089514e-05,0,0,0,2.72836734592885e-05,9.35762297447029e-05,0,0,0,8.13747667057123e-05,0,0,0,0,0.000127332919165736,0,5.8298771447736e-05,0.000795833369814673,0,0,0.000439848776508728,0.000223316325401229,0,0,0,0,0,0.000197380413003093,0
4.18092840575636e-05,0,0.0222262479958025,0,0.000256084949179715,7.22572210868657e-05,0.00106741066374323,0.000138618625263906,0.171470282493872,0.000159581756726876,0.0024251698222124,0.000664742915310067,0.0819763895488211,0.000552184510471597,0.00449035947175928,0.0419578820137485,0.0341938413285811,0.00168728727948988,0.00596535795289733,8.74208564360019e-05,0.00787533571343278,0.423908201064766,0.00997572409220554,0.197486943208497,0.42420275688028,0.0499441180661819,1.73158512080905,0.00861183481257292,0.00041180925602119,0.000546666904750288,0.000848681929805309,0.000117425814131075,0,0.00723971464556171,0.0043562585243642,0.0366580627183971,0.0141725140640745,0.0164756278329641,0.0153028861781037,0.00446111943373253,0.000105700157997191,0.0339841397189704,0.00894580894131069,0.0160334614142601,0.00417996477936096,0.00650266626050305,0.00112108839068291,0.000171674243476009,0.00140301414972223,2.93465908777863e-05,0.182894731592891,0.011494361784715,0.00078880184273968,0,0,0.000393842597680822,0.0001242106582362,0.00137798141940706,0.000190050051078063,0.00629837387964546,5.58495552674949e-05,0.0157467736720545,0.000147528232422948,0.000189783180775726,0.00481115952341728,0.0148628210443005,0.000344975507928497,0.00655906610637012,0,0.00150477581865039,0.00821755987297227,0.00456265802206701,0.0092364679870801,0.00743275886182917,0.0222650190067767,0.324673826827564,0.0016328414532081,0.000303357876037359,0.000474850496722311,0.00225888529793532,0.00014271917526539,6.86896314822376e-05,0.00706147628705404,0.00415854679327771
0.0480858467263851,0.0222262479958025,0,0.000147849928669688,0.00254102018753969,0.0513526714713027,0.0731706808452426,0.218339007694896,0.00195012793048714,0.00520524485072444,0.0169029452950539,0.00161789563749824,0.00143441758416603,0.306972469543164,0.00420957933457551,0.00360049400200184,1.35342535727885,0.0245246066922492,0.118432822410923,0.000536543555747449,0.555230147384127,0.00854582179080113,2.32719818231517,0.00570069978381343,0.0012070247470098,3.13963580798555,2.61105032160706,0.0864646100852038,0.132673028830897,0.580867156065807,0.000733616645326607,0.0137045900823776,0.00897042856466193,0.107525580258092,0.0450437014432543,0.432057603981157,0.309047642442106,0.266058996271877,0.200943454885313,0.00399722656572061,0.00299307922512921,0.00124626742630067,0.036674289280111,0.0772198498750783,0.0117353192082197,0.0369116770850349,0.00158633620725707,0.000465862646487546,0,0.000436304080991071,0.0135064715600877,0.137519481935454,3.46578795767695e-05,0,0,0.00145222169121987,0.000522918250488221,0.000647683520977923,7.93634541501759e-05,0.00211678461825246,0.000175826117204118,0.000178404830447459,0.000833766287216255,0.00140121123111095,0.0299718072423825,0.036853854719814,0.000899369240040064,0.0161402425327554,3.81451796946645e-05,0.00502614935111251,0.0108353227203217,0.084419358469938,0.00768469633085332,7.71697451338174e-05,0.0268342739670875,0.715548091184769,0.00214494469828281,0.000182638445110366,0.00184652474663354,0,0,0.000108749650381845,0.0279929233906408,0.0330252079974687
0.000131533858812368,0,0.000147849928669688,0,0.00246380019963756,0.0079317508801406,0.0246392253622355,0.0109233300162598,0.125555596758269,0.201685055698,0.00653444899363173,0.203597369830077,0.00106576313071091,0.0115918755489728,0.0192371104110846,0.000211014575146609,0.000143322975481096,0.00139988934984826,0.00123098691451267,1.16519266012996,0.00117490955381756,0.000128390591114214,0.000917810009750109,0.197362741012683,0,0.00168852532981973,0.000429516464750904,0.618888502940755,0.0120751097622734,0.000981244738893411,0,0.00567091457012496,0.000382550453778472,0.00910291400459429,0.00654999029751088,0.0621785378309532,0.000330021330047125,0.0161986255208811,0.00136039561798786,0.0683999495160001,0.00390756780955892,0.00125470618675851,0.0110107222229416,6.75839200897694e-05,0.0058770836842274,0.000216329969743722,0.0432014451700101,0.000903331409941945,0,3.58422524804384e-05,7.91563896103022e-05,0,0.114385561246368,0.00610639476909425,0.00526722341568616,0.01100812767671,0.00500565573476701,0.0469575906078791,0.0663216449021022,0.00162286325990852,0.0505696694472209,0,0.00379549621952971,0.0115755912279073,0.000177886277743032,0,3.55169341515899e-05,5.63230280871987e-05,0.0449398265073512,0.000247172975244999,0.000176463060996661,3.62630743484855e-05,0.0946558176044066,0,0.000289926474214604,0.000218161902060843,0.161971178605863,0.00208011005837754,0.000166220287893119,4.38722712153077e-05,0.000785237212694324,0.000317343480395544,0.00453917388658707,0.000701142547820348
0.000279772830047274,0.000256084949179715,0.00254102018753969,0.00246380019963756,0,0.214115758554885,0.0244473377800864,0.013951733183073,0.00240117121813265,0.0182591087585443,0.00218990700263626,0.114926784778465,0.000677630662658405,0.00404648783694886,0.335471983223894,0.0017419177229916,0.000897241859585057,0.000336401573197037,0.000311579980629593,0.0104216207520508,0.0205892043977664,0.000575438661172476,0.063812706175753,0.00842174771034085,8.24722902747869e-05,0.00152081814888961,0.00533520642079262,0.0172343282620929,0.00148177084845613,0.0126971663614809,0,0.0680625331561324,8.39210926071706e-05,0.0471978916564937,0.557784495041309,0.0272306546745149,0.00331125985979686,0.00269531366733953,0.00491811476555525,0.786610347665439,0.366148701280563,0.00042395896600132,0.00384251800228508,0.00118716705887906,0.00195026788407849,0.00626400245838185,0.00275102488173575,0.000252846236784852,0,0,0.000114841177410495,0.000661074567749897,0.000700485771929619,0.000318822065744829,0.000192577954921723,0.00057643267644448,9.54014888876857e-05,0.000834067423461427,0.000817590624255394,0.000257962233800489,0.00256733545528586,0,6.73053728223682e-05,0.000535740800358612,0.000932758144289919,0,0.000873076683315352,0.000939856753981856,0.000230099410769734,0.00128625306175597,0.000184119647860742,0.00154538262811115,0.00451614921287637,0,0.001183025175298,0.00201929719799497,0.00282501474824642,0.000406814906044733,0.000148725110445232,4.52748102751315e-05,0,5.76004462216317e-05,0.000581959644659615,0.124847997092855
0.0221170047724426,7.22572210868657e-05,0.0513526714713027,0.0079317508801406,0.214115758554885,0,1.35370845304887,2.47795520777345,0.0088726655806692,2.11971118269284,0.0888678221548219,0.563913982874342,0.0210802140445037,0.286410366808142,0.345343250957562,0.000345344576737684,0.0222079555244205,0.0138897878815525,0.0136425588119805,0.0462727188756832,0.0778200643297475,0.000149819236405397,0.0458321018015114,0.0128501950219771,6.43850985438287e-05,0.0453192451524614,0.010489125716417,0.0876477277783299,0.110108609506478,0.225920655055328,0.00216148044676619,0.138794925045712,0.00597260739986176,0.0584645861267239,0.398328912217449,0.33645306188749,0.00467296577143576,0.0633160679550774,0.0140787541411549,0.367696271308468,0.0824906929276405,0.0109150851635971,0.013044997857179,0.000363312565572111,0.00311126179725744,0.00117749666410204,0.00873669807977985,0.000838624846162631,0,2.6033608364892e-05,0,5.10658439672888e-05,0.0013238844201182,0.000266251377422646,0.000655062900875744,0.00373093784946959,0.000346765777583966,0.00503619091995223,0.00142045251147784,0.00325387306193583,0.00521579066046761,0.000147934463533044,0.000102504670858968,0.00125717004382178,0.00207639111499413,0,0.000215089225735473,6.16741727654815e-05,0.000838056456049266,0.00104438238320587,0.000368227494533387,0.00052324081629619,0.0440321312980978,0,5.04542264179349e-05,0.000445035543603969,0.0228687183424837,0.00044008736318796,0.00179433311726759,0,0,0.000399464424347126,0.0021988123905709,0.0351460439973746
0.977034508325032,0.00106741066374323,0.0731706808452426,0.0246392253622355,0.0244473377800864,1.35370845304887,0,1.61529432969798,0.0400770663925016,1.71035088473386,0.10547592604561,0.0421940487345936,0.0250595533979616,5.22420523737507,0.107187983746496,0.0044226169450091,0.0247967405119019,0.0248568733732246,0.0246253007056199,0.0484456324442382,0.409938800504969,0.00265941933707687,0.174654083768739,0.433483381380487,0.00042159247364338,0.0785978573769631,0.0428986754878527,6.19713640829504,0.754174129756569,1.09401199296009,0.0029707950492745,0.113244682914873,0.0800765897976018,0.279665156408083,0.243115252337003,1.34861486812612,0.0159187707428607,0.455084492782495,0.109853826497495,0.0708225298350001,0.0675371636408736,0.0121631918949609,0.063738870415542,0.00191478241976182,0.0243695432933488,0.00623191744702783,0.0517594051027939,0.00806482677394034,0.000176861710143066,0.000118521816512838,0.000263917549184224,0.00132101386774298,0.0163025546507168,0.00340176818381651,0.00605309100578711,0.0306958456729603,0.0172387601672267,0.0329972332669205,0.0355903167788683,0.00930272143926241,0.0128331663194514,4.24985344642341e-05,0.0162382649532827,0.00792227749001711,0.0123434250160291,0.000244741642822748,0,0,0.0141986130813145,0.00690051350582484,0.00267655601121139,0.00374172600745259,0.295754983465468,0,3.77603018700659e-05,0.00569593952451417,0.213691373464653,0.0160318777798123,0.00844488707460097,0,0.00435389982754638,0.002723253127264,0.0225970105947568,0.0281235246003592
0.12543419347301,0.000138618625263906,0.218339007694896,0.0109233300162598,0.013951733183073,2.47795520777345,1.61529432969798,0,0.011804467915726,1.19920532095597,0.0542798096346656,0.240076734386039,0.013577112500042,1.76943964293445,0.0243129298274527,0.000246216758644527,0.109589607780465,0.00901723786936844,0.0222033341530098,0.0516236363696535,0.154327965717694,0.000314520642740938,0.15280328840159,0.0133819942189734,5.35282234302819e-05,0.100850697973881,0.0151733307410748,0.108267204847503,0.315724048191051,1.06604862711719,0.00103210929578151,0.116673050405669,0.00756670109577567,0.0420100559391529,0.0107361455355595,0.307309354635991,0.00804703229090251,0.0578301244868997,0.0218984043674353,0.0590277372154126,0.0158573449921875,0.011812613156772,0.0215099855958037,0.0010333944549723,0.00628498502094234,0.000928851074930721,0.0128259080090646,0.00197270709245723,0.000131149569412661,0,0,0.000359074693546149,0.00183929103458657,0.000261582881895495,0.000151358804366928,0.00675897117816257,0.000947892271220432,0.00790323015885313,0.00316341556039197,0.00440244396792488,0.00288074510170706,0.000112458348634094,0.000854841504903603,0.00157476073894894,0.00205629243309049,4.72309176791131e-05,0,0,0.0014647908784082,0.00132444900072524,0.0007494812429171,0.000296976549749777,0.0910332155137884,0,3.21522116559446e-05,0.00143453210254662,0.0487455390666307,0.00236441853286698,0.00207258767597569,0,0.000314088551446548,0.00090616112562972,0.00702843878579053,0.00129185638354912
0,0.171470282493872,0.00195012793048714,0.125555596758269,0.00240117121813265,0.0088726655806692,0.0400770663925016,0.011804467915726,0,0.0767454544530908,0.00669832671408712,0.0595269333081936,0.0895043814640022,0.00643167374539361,0.0399867038169687,0.0184359932908558,0.0014804417600782,0.000802550630052012,0.000681992998535296,0.0844770996390616,0.0224101271260786,0.762959310196469,0.023517286165823,2.92407945805548,0.141115340799081,0.00269825398511335,0.144572665389244,0.474382602966039,0.00732111827559799,0.00372657346064363,0.000793125647682953,0.0115588646619492,0.00112012783717306,0.00601884244110273,0.00436238936689298,0.0405758563108357,0.00149708723454833,0.00761301927927443,0.00207518843553829,0.0541391265620785,0.00341136657935972,0.0233868393370024,0.0603537917225568,0.00573598131531825,0.0184620921598998,0.0052401596780164,0.0425505575905047,0.00638944501681812,0.0017264186571229,0.000589428072857642,0.00187603486732665,0.00207325562540129,0.0373878964498372,0.00564812420720595,0.00797530175585961,0.031845199787735,0.0143485903751837,0.246897418464042,0.0404081816610846,0.0114930769851172,0.0193640197209918,0.00750574212513386,0.0152866483535014,0.0104888795303392,0.0653095595833257,0.00126502137753134,0.00559048859496933,0.000457572759706545,0.0147662713553845,0.022107665628189,0.0675285476272243,0.0176359678600723,0.639045347031526,0.00479400999546791,0.00347883232193782,0.018696718423608,0.289593331922521,0.0202310694492825,0.0217608324149332,0.00110274141590053,0.00409396110286781,0.00680395093040372,0.0211856468309477,0.0116520760639026
0.00556302602072895,0.000159581756726876,0.00520524485072444,0.201685055698,0.0182591087585443,2.11971118269284,1.71035088473386,1.19920532095597,0.0767454544530908,0,0.179761291444727,0.819629495812751,0.0396851328325921,0.625697105555169,0.0712828830635898,0.000421214659096828,0.00955870825224637,0.0407152861016057,0.0302834227878483,0.821258476645118,0.0153346580863937,0.00017536125718134,0.0111835836615814,0.123782597543347,3.84622055912495e-05,0.0551314622406104,0.0217565313776745,0.801313719714747,0.243038187455723,0.0261803952081042,0.0052237455809309,0.149139405966407,0.00275968058137487,0.186052903147702,0.151413973502521,0.707163693084055,0.00392946205803172,0.248339750556957,0.0245371301348506,0.101203653344949,0.0665879997246207,0.00853712372892849,0.0233760181792798,0.000332923615958804,0.0129862364965926,0.00100671493260429,0.0478059452535805,0.00326991983587265,0.000114765784926468,2.89568727136194e-05,0.00026266047965427,4.37308400236725e-05,0.0328699980916672,0.00249016936492441,0.00581674754825692,0.0222994300355735,0.00670918879567128,0.046906657883057,0.0373874453981852,0.00202319947060163,0.0219676578080342,0,0.00229821247939928,0.0099305211002781,0.00160270567776295,0,0,0,0.0223891752858356,0.000733601339741383,0.000528461507176086,0.000119970324632776,0.169407246883696,0,0,0.000163045600485125,0.194218265215026,0.0034440434480835,0.000608373094367907,0,0.000103698380104243,0.000632304604933951,0.00937044156445903,0.00843024917073992
0.00457319034598342,0.0024251698222124,0.0169029452950539,0.00653444899363173,0.00218990700263626,0.0888678221548219,0.10547592604561,0.0542798096346656,0.00669832671408712,0.179761291444727,0,0.154135432402427,0.639955524128707,0.0682427772328005,0.00923019562836491,0.000388954427886313,0.0964521057176088,0.287834945204581,0.131203537649328,0.0345362278672383,0.00630787148018415,0.00113448278275936,0.0339326964919682,0.00805041422373651,0.00509709893081905,0.414328110907779,0.111479735015308,0.0392175824418586,0.240815926636167,0.0348417677775063,0.0418037445820505,0.347817567545697,0.000935740597644645,0.648599890314322,0.0257981127164831,0.340496494212685,0.362070435712096,0.733893521072855,0.133785838238095,0.0156382349785342,0.00944357909751476,0.341874187441195,0.00643972786775551,0.0354632623263339,0.00281944409275214,0.000552492075803542,0.00453831036870049,0,0.00817145028827683,0,0.00285437086071069,0.00228483190659037,0,4.36517121312618e-05,5.30392772152901e-05,0.000558562463123137,0.00034316329874199,0.00532979869797137,0.000210077074816382,0.0218284261050555,0.00164376852305246,0.0683911768985144,0.000132525559613132,0.000399198164263195,0.000861212019428646,0.000684546847557956,4.40078268754363e-05,0.000418076094439101,0.000145324023291308,0.000226292430305189,0.000459618551781357,5.87330791425496e-05,0.0276344851418157,0.00552326776790708,0.00287409334623622,0.0250084663227525,0.00413657389419046,0.000329119270330161,0.000354022187576276,0.00620471109259925,0.000355165048193544,0.000184165671404642,0.00429496965657619,0.0176333210399168
0.00274958156918967,0.000664742915310067,0.00161789563749824,0.203597369830077,0.114926784778465,0.563913982874342,0.0421940487345936,0.240076734386039,0.0595269333081936,0.819629495812751,0.154135432402427,0,0.0375558441221997,0.121116010537289,0.513213399853139,0.00028681942297883,0.00628525326205674,0.0300520088663826,0.0239763250711407,0.883494318465113,0.00143522263005324,0.00141970999554241,0.00346130081252193,0.11001195783699,0.000515390596235216,0.0422435844101421,0.0122122718114583,0.170098931426524,0.07914455540939,0.00947112378100038,0.00418575712938139,0.112797089850039,0,0.0769555362745345,0.334499096106025,0.216135962454615,0.00366401678348174,0.0695296376013486,0.00472017279470559,0.459580455007237,0.0327322628708719,0.0120023722252033,0.0154381722720722,0.000478411587500918,0.00453776242090371,0.000662065137467259,0.0739552112375989,0.00168942913955591,3.86533565068424e-05,0.00010456857334432,6.67031003320277e-05,0,0.0275103879166431,0.00760343742282934,0.00636619923700616,0.00757748159769704,0.00647664017525936,0.0170637058455447,0.027596817083175,0.00459032286845344,0.0659528707237958,0.000354131076692074,0.00410476940677561,0.0149901293106426,0.000911036206239429,3.90070913992345e-05,0.000316252067727933,0,0.0245192602876604,0.000490820635944778,0.000228651423514793,0.000257715738254848,0.0635087836428313,0,0.000286283413669297,0.000776579898155776,0.113716435334929,0.00335095192135652,0.00176044861760147,3.24585892413497e-05,0.00113694531477695,0.000197747093243092,0.00426907224895946,0.0432572625950992
0.000643636367266291,0.0819763895488211,0.00143441758416603,0.00106576313071091,0.000677630662658405,0.0210802140445037,0.0250595533979616,0.013577112500042,0.0895043814640022,0.0396851328325921,0.639955524128707,0.0375558441221997,0,0.0103007341517916,0.00347238219570434,0.00582234490516515,0.00280938300564085,0.00141865532891958,0.000221860472866908,0.00735489439611654,0.00626234717121708,0.101859408752183,0.00351893048166714,0.0912958901199986,0.431198326247287,0.0164897453600035,0.280799805324982,0.013066007565741,0.0352842602053935,0.00520081268624777,0.0566434809224046,0.0963997447657115,0,0.0974608504436692,0.00495491588036882,0.0809183047745155,0.660622719540587,0.293906992592837,0.0249368869714991,0.00519791422727723,0.00287802524058777,0.587239004308172,0.002822810565267,0.453696083835465,0.0192867639198072,0.000681924996232033,0.00157071278541532,0,0.0937120382095995,0,0.054204061362797,0.000190705151047528,0.000404085996258229,9.17751308918831e-05,0.000328440744511971,0.000323712643722689,0.00206671885905096,0.00776062531890278,0.000493660357035058,0.29388320275973,0.000960650214217118,0.954606617281321,0.00101007622480076,0.000367087111838716,0.00134305701168613,0.000293651136216217,0.000962380477609792,0.000697073271512156,3.89528952874005e-05,0.00021856252569966,0.00701169003185522,0.000221752076284537,0.00589008735999672,0.224232137924229,0.0437338817815389,0.424877741568371,0.000357549738136083,0.0013297049164626,0.000148785604882753,0.126135835968411,0.00799194935301811,3.93954038817167e-05,0.043022015246739,0.00377266687673069
0.873142844121124,0.000552184510471597,0.306972469543164,0.0115918755489728,0.00404648783694886,0.286410366808142,5.22420523737507,1.76943964293445,0.00643167374539361,0.625697105555169,0.0682427772328005,0.121116010537289,0.0103007341517916,0,0.00865867407464442,0.000281868071606463,0.223177379589932,0.0165021739136428,0.0404232523841434,0.0394855782746106,0.189126185783899,0.000253783815571731,0.280477807839567,0.0123011915015979,0,0.141398255418137,0.031754138860824,0.140685991248679,2.0477973904892,2.74255499076583,0.0010856721142367,0.177879326117519,0.0166726426728377,0.0750883920213187,0.00960701788133285,0.171910144573141,0.011232607695149,0.0693134438301737,0.0245749389251111,0.0156302193456983,0.00756274816196521,0.00678295039473183,0.0128620394745584,0.00105077656548766,0.00333418718623704,0.000793641705029972,0.00850719255971479,0.00107263719310565,0,2.8063454125151e-05,0.000397348731753939,0.000499028850440551,0.00112645348321047,0.000228027891451066,0.000181149592836404,0.0040246808039417,0.000378471056562153,0.00470932988705548,0.000613823035585428,0.00190516194302974,0.00199090099395254,0,0.000361172286625552,0.00078356456917461,0.00457102177360668,4.73264822401524e-05,0,0,0.000721539124183875,0.00163500786148885,0.00187715713525208,0.0008053923931946,0.0566505946153878,0,6.90872999204904e-05,0.00429893724979415,0.0263852202159179,0.000920776671524245,0.00253521586416239,0,7.88576571897803e-05,0.000463624413321084,0.00322994273911633,0.000978127784684649
0.000773317868879756,0.00449035947175928,0.00420957933457551,0.0192371104110846,0.335471983223894,0.345343250957562,0.107187983746496,0.0243129298274527,0.0399867038169687,0.0712828830635898,0.00923019562836491,0.513213399853139,0.00347238219570434,0.00865867407464442,0,0.0028479240252979,0.00204462734222305,0.00263979517517131,0.00161239279906234,0.0522298240343611,0.0223459489155472,0.0126208614222304,0.064083518201317,0.122741203968485,0.00516470046006853,0.00503162701585982,0.0153269780409906,0.0975340600478772,0.00884025945931395,0.0316577196017334,0.000253088940258971,0.0682018722183222,0.000360015545718905,0.00830807689478359,0.296906496330283,0.0656750587891877,0.0085712999870905,0.0158659842507993,0.00999619009180948,0.454678408881051,0.0201790563545666,0.00291589078769801,0.00661680795763117,0.0013628725119315,0.00269227018124748,0.00516896482320103,0.0169502057080755,0.000440174186370337,0.000109824903158462,0,0,0.00037383880582895,0.00414974607741382,0.000967494447828575,0.00127827769243804,0.00203426696259792,0.00091062050802664,0.00568227006341523,0.00541602091328976,0.00158331114540216,0.00776607409852601,0.000170232489166212,0.00104871928605136,0.00290278897137425,0.00396638947062046,0.000137821366199422,0.000463582059805024,0.000220872533626744,0.00344939595921515,0.000943879586131316,0.0016117915813781,0.00221375640177776,0.0252760939562566,4.65269958784878e-05,0.000743194267291803,0.00256889817885653,0.0282207245968509,0.00140435987526913,0.00119895344699978,6.25822213402271e-05,0.000122158301954824,0.000417018612094199,0.0018243116699405,0.0892597495580634
0,0.0419578820137485,0.00360049400200184,0.000211014575146609,0.0017419177229916,0.000345344576737684,0.0044226169450091,0.000246216758644527,0.0184359932908558,0.000421214659096828,0.000388954427886313,0.00028681942297883,0.00582234490516515,0.000281868071606463,0.0028479240252979,0,0.00632590145740151,0.000122415321588612,0.000416885222709411,0.000104825828348064,1.10340264278315,0.598320978094833,1.56345848680703,0.0879409496978161,0.00749609585795677,0.0030318362032594,0.828043043382005,0.39298943092905,0.000400160112557978,0.00653264903675907,2.94748653247238e-05,0.000172642928146121,0.000291369324738181,0.00358235184048929,0.0301093578132676,0.254079645041639,0.0955564213053842,0.0356771062444992,0.0555317412869151,0.00274460425302413,0.00391891365486032,0.0304707018218906,0.0802420107996341,0.00655345802269406,0.0265542510913311,0.0368125670373735,0.0307775444111557,0.00256551898110856,0.000191887538562027,7.50257187924412e-05,0.000595892833436098,0.00621327988188194,8.65965581580904e-05,0.000588940122606262,0.000777826966641931,0.00916492886665435,0.00398555375668001,0.00210121465590177,0.00195936019498691,0.0213499068815659,0.0011820152921681,0.000237171016117871,0.00442546897943506,0.00296577720371007,1.14037376826278,0.00268625725688754,0.000486336454707724,0.00114411053416658,0.000433405316911334,0.105647444755311,0.227617789413976,0.347306648810826,0.0948351963129188,6.00788155862063e-05,0.0034234698015941,0.122467683017787,0.0258057001481671,0.0083934134434666,0.0339610534611464,7.15603930752069e-05,0.00182620360634107,0.00438473486315941,0.0273301784524347,0.0203201950096774
0.0312344128938273,0.0341938413285811,1.35342535727885,0.000143322975481096,0.000897241859585057,0.0222079555244205,0.0247967405119019,0.109589607780465,0.0014804417600782,0.00955870825224637,0.0964521057176088,0.00628525326205674,0.00280938300564085,0.223177379589932,0.00204462734222305,0.00632590145740151,0,0.147254398530458,0.659041147617892,0.0021999481704753,0.110102156318255,0.011484194506525,0.823120264287843,0.00707207918054971,0.00209807452429034,0.563605997365617,1.41132062866858,0.0341006958541883,0.28911229043535,0.238845298732166,0.00120294437344402,0.0123369103897102,0.0416678978063347,0.850956051544188,0.0328915706613281,0.374198282669502,0.281281668216253,0.274109236546319,0.168478520743356,0.00264215113690304,0.00217958827695537,0.00152053906986045,0.0112772937514508,0.0436461861699071,0.00413460622314769,0.0113247778966922,0.00067562544356952,0.000394985464836145,0,7.10433550200373e-05,0.0110694092066217,0.0571287682242486,0,6.92898074364841e-05,0.000132778625903392,8.82482210614022e-05,3.22730043893576e-05,0.000363049906866449,0,0.000553658737117985,5.75704452695846e-05,0.000208967553917581,7.97638031907108e-05,0.00107061526492921,0.00551530275704658,0.0222592344174268,0.000334121884407312,0.00809500612551769,0,0.00157567777516906,0.00462493504267162,0.0105489937865387,0.00257862419722059,0.000226124275906086,0.0270817340261195,0.288315843109542,0.000219645663369819,3.43254870731175e-05,0.000173902129081791,0,0,0.000145301488797325,0.00977096644378647,0.0240788416935631
0.00161605009295196,0.00168728727948988,0.0245246066922492,0.00139988934984826,0.000336401573197037,0.0138897878815525,0.0248568733732246,0.00901723786936844,0.000802550630052012,0.0407152861016057,0.287834945204581,0.0300520088663826,0.00141865532891958,0.0165021739136428,0.00263979517517131,0.000122415321588612,0.147254398530458,0,0.576808810826571,0.00932899959047408,0.00584368810462407,0.000573463050752378,0.0487043376015129,0.0017199535434895,0.000216514196859762,0.10115115167233,0.133576103192874,0.0088326997555186,0.0428434144359331,0.0144532121552143,0.00134902518960211,0.0197880048697213,0.00225648999673058,0.208729607895756,0.0250189415171501,0.312353425700679,0.197266035277844,0.321354378257377,0.147965059485085,0.00217290343675019,0.00100819140834138,0.00288803679321998,0.00131781133040282,0.00468680291401454,0.000300647732646182,0.00080080322170149,0.000372365069536639,4.71962398388565e-05,0,0,0.000555888159166538,0.0029726580133769,0,0,0,0,0,0.000703886050544155,0,0.000189942818269366,0.000314007377143126,0.00107921458910505,0,0.000364115243593973,0.000179775760193867,0.00103624216338564,3.57706237363636e-05,0.000916991188182394,0,3.59900844272792e-05,0.000125607984287357,0.000268489636741325,0.000500855461871108,0.000125130932972574,0.00413584979813347,0.0333649854340061,0,0,0,0.000436158373911894,0,0,0.000678446446210205,0.0182660437991926
0.00390093919008306,0.00596535795289733,0.118432822410923,0.00123098691451267,0.000311579980629593,0.0136425588119805,0.0246253007056199,0.0222033341530098,0.000681992998535296,0.0302834227878483,0.131203537649328,0.0239763250711407,0.000221860472866908,0.0404232523841434,0.00161239279906234,0.000416885222709411,0.659041147617892,0.576808810826571,0,0.00630316104521771,0.0256138429396392,0.0016499811086954,0.176112280393864,0.00263421656504424,0.000563312220127768,0.605482996845337,0.330421995555643,0.0129123234456825,0.0664148769708454,0.0364555146207001,8.39381046245817e-05,0.0105154281368863,0.00893959046923948,0.479821693896626,0.0258578480139766,0.351360877948209,0.170886280657425,0.234806653797016,0.12401515637402,0.00315259695251051,0.00138210287810634,0.00163691181919201,0.00242076342420792,0.0113402177735549,0.00113272193870716,0.00308585651117076,0.000378103450097787,0.000126737359077859,7.13818627838552e-05,0,0.003923792542797,0.00953421101909317,0,0,0,0,0,0.000995725823162225,0,6.2010815004459e-05,0,0.000458807462552577,0,0.000915163307279615,0.000824738278072339,0.00691576481648277,0.000173563954758746,0.00461366554658953,0,0.000182881046154967,0.000617786033640855,0.000899376893922358,0.000410144235872847,9.53340902647737e-05,0.0216024498136509,0.0937954989992078,0.000158496993260536,0,3.62908894110292e-05,5.4602478063935e-05,0,7.40051611991404e-05,0.00134598604368846,0.0202126679449475
0.00113174282148165,8.74208564360019e-05,0.000536543555747449,1.16519266012996,0.0104216207520508,0.0462727188756832,0.0484456324442382,0.0516236363696535,0.0844770996390616,0.821258476645118,0.0345362278672383,0.883494318465113,0.00735489439611654,0.0394855782746106,0.0522298240343611,0.000104825828348064,0.0021999481704753,0.00932899959047408,0.00630316104521771,0,0.000811203773311883,0.000115867002496248,0.0021314554739074,0.151669413731983,0,0.0112811881631368,0.00526913700176401,0.460042874539957,0.0310300468356353,0.00323805908632079,0.000777316477537864,0.0224959344735172,0.000193555069323238,0.0207033342370433,0.0103994844822409,0.125488608359039,0.000400894843850038,0.026390158301578,0.00244129817799137,0.125149441969061,0.00980100099489485,0.00448198717498258,0.0233615413534637,0.000260317179954451,0.0119122219293983,0.000671176977544013,0.0721776642174537,0.00301084112904224,0.000143277581769765,0.000142995451648581,7.29412497674644e-05,0.000124084669928932,0.0407001533367698,0.00832275738753064,0.00704115912625731,0.0160927470875768,0.0095014901819539,0.0358772749567951,0.0459606081510572,0.00538347401454835,0.0413629111375081,0,0.00762044224838059,0.0142057171502818,0.000668619587075248,0,0,6.85980551343501e-05,0.0261792749473615,0.000295630157321334,9.86897117887675e-05,0.000151064376165518,0.151610890992945,0,0,0.000490946061979371,0.20795636632815,0.00578159290295215,0.00130143967836614,0,0.00341128917969301,0.00029633947955485,0.00739148203255893,0.00171868587577345
0.0119929433919202,0.00787533571343278,0.555230147384127,0.00117490955381756,0.0205892043977664,0.0778200643297475,0.409938800504969,0.154327965717694,0.0224101271260786,0.0153346580863937,0.00630787148018415,0.00143522263005324,0.00626234717121708,0.189126185783899,0.0223459489155472,1.10340264278315,0.110102156318255,0.00584368810462407,0.0256138429396392,0.000811203773311883,0,0.103182117043884,2.58219172264767,0.0845759274105851,0.00692990558630542,0.0809379089234369,0.286334296447743,2.82723309578547,0.0301315667099646,4.44229500760669,0.000173931833642042,0.00779319862048698,0.0111401359781534,0.640775597821009,0.209154286627443,1.17400211811131,0.274028798488839,1.04696364942214,0.44825316036716,0.0156505059084007,0.00743680197938196,0.0281342764089394,0.0608958939800558,0.00500749931571763,0.0184256111089988,0.0169957489011229,0.0383843924972092,0.00257453772147077,0.000128501271656904,0.000559716211780244,0.000844880883714759,0.00591541042569129,0.000288854320475748,0.00116401758896634,0.00038492368033239,0.00659658455689249,0.00377765717747215,0.00311995790207242,0.00101532059433415,0.0196038170757202,0.00132887749953276,0.000574929893756056,0.00521416651623505,0.00650485271663778,0.26658013453707,0.00267380820208913,3.59597173441887e-05,0.000773461520830519,0.000511047671841681,0.0981657466236095,0.114380475483494,0.0728314563777279,0.145885198465557,0.000365168260447756,0.00343076494519971,0.0329516824984474,0.0271143829860687,0.0188960143274421,0.060057711378786,0,0.00229887172231585,0.00599380378077226,0.0242408831491506,0.0551062745148202
0,0.423908201064766,0.00854582179080113,0.000128390591114214,0.000575438661172476,0.000149819236405397,0.00265941933707687,0.000314520642740938,0.762959310196469,0.00017536125718134,0.00113448278275936,0.00141970999554241,0.101859408752183,0.000253783815571731,0.0126208614222304,0.598320978094833,0.011484194506525,0.000573463050752378,0.0016499811086954,0.000115867002496248,0.103182117043884,0,0.121128975638538,0.974919531293563,0.150903880918376,0.00544177213219065,2.2136202822889,0.0740926648186271,0.000580522188030875,0.00195461212697965,0.0011063975133262,0,0.000398934920401669,0.00261222535286676,0.00300807932630431,0.0197990195473146,0.00549583495924878,0.00862391781260517,0.00891060612144218,0.0111169563612721,0.00116810521105502,0.0290912221724603,0.065408901531416,0.0125162501510325,0.0205509371177275,0.0271030575852633,0.0163758984179795,0.00175678376572103,0.00166301165586808,0.000745166214222116,0.0121484518143865,0.0104427164142341,0.00235189939666403,0.000336254449539417,0.000318025678420925,0.0082029183949749,0.00156235787114579,0.0181471793929907,0.000638334741811633,0.0109478826332714,0.000209087705921668,0.0113146490796966,0.00540253944086747,0.00336614012671389,0.344332099442935,0.00642805553817223,0.000768883806187978,0.00404774274456218,8.4535761248553e-05,0.0642313034010693,0.207137335490386,0.0837450092284245,0.177066157127115,0.00558454663900998,0.00700700392498901,0.250032555448706,0.0211901873571372,0.0186342216132304,0.0455486345850128,0.00113517934271079,0.000827275614149073,0.00774257495603196,0.0263561704200172,0.0159578358638509
0.0407859074121414,0.00997572409220554,2.32719818231517,0.000917810009750109,0.063812706175753,0.0458321018015114,0.174654083768739,0.15280328840159,0.023517286165823,0.0111835836615814,0.0339326964919682,0.00346130081252193,0.00351893048166714,0.280477807839567,0.064083518201317,1.56345848680703,0.823120264287843,0.0487043376015129,0.176112280393864,0.0021314554739074,2.58219172264767,0.121128975638538,0,0.0485677609195891,0.00408189494922224,0.458357630018885,2.38033681947128,0.720579560348024,0.295690518715987,1.5544242806424,0.000726890005160633,0.0116451177630363,0.0633139711204122,1.66479479260433,0.749225794706854,4.60572391823264,1.33722687680253,3.04567269743971,2.53753012392352,0.0542630516293834,0.0208322271011066,0.0445611508314815,0.106751541751786,0.0181669389797953,0.0345668857215785,0.0726008448694927,0.0409456015623813,0.00372384318440376,6.90495143250674e-05,0.000249639672003213,0.00324759111625367,0.0250525290017246,0.000256555445005339,0.00181586308714568,0.000951384749477372,0.0105237219181683,0.00507293492268173,0.00208005147087254,0.00111930622167678,0.0312505021346065,0.0026185014775012,0.00030998157235829,0.0046684061519483,0.0187167139230276,1.09933902533752,0.00733878201062502,0.000326883053063789,0.00283547024130684,0.000412662609412619,0.120473319583579,0.213345099128642,0.401853739860686,0.0976215145099121,0.000262626996098608,0.00736860189779501,0.184496820374716,0.0346078136846275,0.00880685675759007,0.0390487126161588,0,0.00323593002122712,0.00505488577588901,0.0332555934982413,0.310419718418408
0.000455810706114286,0.197486943208497,0.00570069978381343,0.197362741012683,0.00842174771034085,0.0128501950219771,0.433483381380487,0.0133819942189734,2.92407945805548,0.123782597543347,0.00805041422373651,0.11001195783699,0.0912958901199986,0.0123011915015979,0.122741203968485,0.0879409496978161,0.00707207918054971,0.0017199535434895,0.00263421656504424,0.151669413731983,0.0845759274105851,0.974919531293563,0.0485677609195891,0,0.14213443413409,0.0166370869767412,0.320875275329471,2.20123900820602,0.0200831457299521,0.0143442640814211,0.00065515614442749,0.0062568195317617,0.00564403435999943,0.0186972761588721,0.0219246691592226,0.197953548848198,0.0110815330978252,0.0391538025862612,0.0198067579361353,0.123596223696391,0.00630072430800387,0.0417676726019544,0.367317133756107,0.0108191357639616,0.1297944724889,0.0226478986406948,0.194221358409945,0.0408317912291029,0.00137842462975253,0.0021065191733558,0.00192571522347986,0.00440451744865986,0.110999721990237,0.0113751918944617,0.0253696960636204,0.15126882939123,0.0741406981299229,0.381502100636541,0.113307323198495,0.0467327495624377,0.0401373034246443,0.00782652920093334,0.0936078193829342,0.0346642054886878,0.133624949127662,0.00254194704827615,0.00108242673520575,0.00143233970332048,0.0635931345558486,0.0653701652702007,0.0804761940120889,0.0342613947203158,1.96719146963845,0.0046552824767295,0.00296623870099356,0.0302355366503355,0.983000060046247,0.129231279712486,0.102293119123814,0.000425916088983077,0.0249854651838582,0.0250075317994164,0.125930080952877,0.0373478209052379
0,0.42420275688028,0.0012070247470098,0,8.24722902747869e-05,6.43850985438287e-05,0.00042159247364338,5.35282234302819e-05,0.141115340799081,3.84622055912495e-05,0.00509709893081905,0.000515390596235216,0.431198326247287,0,0.00516470046006853,0.00749609585795677,0.00209807452429034,0.000216514196859762,0.000563312220127768,0,0.00692990558630542,0.150903880918376,0.00408189494922224,0.14213443413409,0,0.0132831597067157,1.27406908472808,0.00656925717218119,0,3.72403216904402e-05,0.00841821891973006,0.000675766676440173,0,0.00159816503824725,0.00023624555888375,0.00622434640842554,0.013657396832609,0.00765479942758246,0.00238746559069642,0.00386691646505129,9.7939208530271e-05,0.0749068364153074,0.00260124059558954,0.0522331674689519,0.00620875595799187,0.00133246927340043,0.0009942863593508,0,0.022440563560491,4.0057268558079e-05,0.0765969080189532,0.00221997226080657,0.000208537393528574,0,9.87239929870605e-05,0.000150652145300883,0.000578333173337537,0.0031526777781177,0.000367504065357941,0.0630568631531514,0.000832287775964919,0.206253964474871,0.00020969710924995,4.97350142875433e-05,0.00143140284589893,0.00170354779332006,0.000555381730194223,0.00313875643193699,5.40685304208726e-05,0.000355225329054624,0.00320320022041534,0.000306129773531196,0.0041924835930199,0.222761718979671,0.0259311876731618,0.363908450862812,0.000304477537458452,0.000626483345816547,0.000132384505449298,0.0132496405208362,0.00336905354257343,3.24563510474115e-05,0.0175231390064364,0.000191453836726916
0.0164051861358572,0.0499441180661819,3.13963580798555,0.00168852532981973,0.00152081814888961,0.0453192451524614,0.0785978573769631,0.100850697973881,0.00269825398511335,0.0551314622406104,0.414328110907779,0.0422435844101421,0.0164897453600035,0.141398255418137,0.00503162701585982,0.0030318362032594,0.563605997365617,0.10115115167233,0.605482996845337,0.0112811881631368,0.0809379089234369,0.00544177213219065,0.458357630018885,0.0166370869767412,0.0132831597067157,0,4.81383721441729,0.0533738549415638,0.0994365528215025,0.17989838776903,0.0134681860933609,0.0321714706849496,0.00345215877317214,0.190443420242153,0.099911670493636,1.34486734684832,1.14936447730539,0.57140274058791,0.443826207598084,0.00652938017085756,0.006834591949254,0.00929542517547021,0.0318904389972146,0.198948196332622,0.0227727476113562,0.036054149278845,0.000799944110463535,0.000316057841747445,0.00410794878196858,0,0.0690726137984785,0.118776064556421,0,6.2316920170933e-05,0,0.000282845545600968,4.50464316780865e-05,0.00221723310370956,0,0.0339284367948271,0.000675485542282602,0.176143285438504,0.000194758158497152,0.00256167039682486,0.00295760457475443,0.0795321312144195,0.0117725937108583,0.0708998200503233,0,0.00103071538259472,0.00586466210015402,0.00895874075296601,0.00266074131205168,0.0329994071067896,0.392357485829932,2.16628093762328,0.000251977022073576,9.19854818937418e-05,0.00055126677250031,0.0471420901755398,0.000347250153698969,0.000108440260932737,0.034432620468519,0.0773776741352369
