0,0,179.926974564791,10.8638538718224,1.23164665699005,251.066131293774,1214.64856815338,2708.21183682978,10.8598755896091,268.46226939559,66.0348778665066,120.25538122654,20.0731137096882,12034.4761189222,6.25042521953583,0,615.053090810776,16.5862905085087,53.1191622018814,71.0527143776417,419.916892975569,0.828452706336975,2796.14399579167,37.6145122945309,7.82373422384262,53.8821474909782,120.286676347256,133.370985627174,11502.8219718039,9212.10524976254,1.62278506159782,7.29566702246666,36.1741142868996,136.801070272923,6.63501271605492,112.64912673831,13.3478036522865,91.444736212492,44.5152185857296,43.5189868211746,4.97758042812347,6.6730295419693,4.79430860280991,0,10.9430613517761,2.58568429946899,4.20132887363434,11.7340648174286,0,0,2.8415424823761,2.25937536358833,0.751913964748383,0,0,4.42127537727356,1.59567296504974,16.3658543229103,0.751591503620148,0,4.14443555474281,1.99331438541412,2.91581273078918,2.43237161636353,2.54368454217911,0,0,0,1.03560566902161,3.36757212877274,0.785287261009216,0,39.3338284492493,0,0.757241368293762,9.22415074706078,36.7481370568275,0,0,0,0,0,0,0
0,0,39.2125176787376,0,1.84333819150925,2.05935019254684,2.47533088922501,1.62007772922516,2817.02431771159,0.364647179841995,161.824946343899,26.9905903637409,1297.24106228352,10.7337702214718,237.168390542269,503.520570278168,36.4450633525848,0,4.00207406282425,0.638233780860901,22.1949302852154,5318.35921472311,53.3455709517002,2751.45884680748,4549.53781890869,334.456945091486,10938.5407348573,160.624666541815,11.9318127334118,1.75868108868599,26.8514710664749,0.565102875232697,0.923722326755524,68.7201890349388,6.10454618930817,139.340798795223,65.8381560146809,65.6505782008171,30.4068963527679,55.5896616876125,0,201.696525335312,54.5359156429768,51.8611162006855,57.3859037160873,17.1581694483757,4.37393605709076,0,50.532256603241,0,1149.76714462042,82.4680263400078,1.98991328477859,0.732904195785522,1.30713593959808,1.95801278948784,0,28.5324966013432,1.15712505578995,32.220840036869,2.16614079475403,256.519164502621,0,1.63075685501099,167.665309637785,17.3224605917931,1.29008531570435,15.7833617627621,0.425128966569901,11.0772854983807,144.797722190619,70.3009105920792,109.236320227385,75.071037709713,256.629972875118,3966.99287474155,19.1748992502689,2.89332294464111,0.696653842926025,16.8023325204849,0,0,10.2725433409214,6.67788058519363
179.926974564791,39.2125176787376,0,1.79809767007828,8.65074491500854,45.4468886852264,471.296821296215,525.256228536367,16.5215685367584,45.9861668944359,34.2986212074757,34.5085242390633,191.887788206339,776.743245840073,3.91507965326309,35.7599830031395,41260.1208765507,439.386885344982,1471.39734658599,22.5435992181301,2665.65165579319,145.275862008333,70563.8542838395,64.4506017267704,3.3769024014473,33314.0385371149,17718.0997413397,793.262121081352,432.060803547502,1666.18101862073,1.10886812210083,11.6055691242218,22.0336802899837,7810.21855935454,471.216976851225,10214.2747968733,1794.539067626,4640.16612440348,3772.35929080844,110.25875762105,23.0886827111244,7.21201524138451,718.503582060337,139.946725785732,306.928847670555,106.402375906706,13.2913236320019,3.27224254608154,0.618259072303772,0.716908574104309,108.170142322779,2612.55459356308,0,0.428706049919128,0,65.3465608358383,0.84658145904541,5.00709855556488,0,1.08518570661545,1.30544650554657,0,11.41741797328,0.768697589635849,270.44372305274,460.94103717804,11.1516841351986,139.499136954546,0,50.1241081953049,201.486549466848,596.592383176088,64.5158028900623,0.69764119386673,616.089771717787,11440.3088662624,92.5954498052597,0.45383009314537,12.3127472400665,0,0,0,156.495013862848,274.697205454111
10.8638538718224,0,1.79809767007828,0,56.7381264865398,442.256932616234,1236.56708934903,386.00153452158,3691.82235383987,12324.2275921404,26.8005768656731,7072.05043977499,254.405510157347,341.881413727999,988.637014389038,0,2.58164283633232,7.42593356966972,5.13234633207321,34706.934945941,2.06214070320129,0,8.07440349459648,11210.6373656094,15.3589959144592,8.46518898010254,3.48918417096138,18218.7644456327,519.082939863205,27.5613872110844,0,21.0262273848057,27.8019705414772,302.664933085442,235.378367006779,1255.89014290273,22.471628010273,276.163087695837,97.2477479875088,765.567984521389,28.0160480439663,28.048837095499,157.548562645912,0,36.9752751886845,27.2558731436729,719.23476845026,20.0535799860954,7.74901750683784,3.81537088751793,0,0,1872.10932675004,22.7326799929142,191.114372879267,152.419926345348,269.748498976231,920.764045119286,1157.02810871601,2.64507660269737,1338.26623153687,0.752671420574188,90.6583682000637,289.371531486511,1.94598853588104,0,0,0.869412481784821,1259.39978116751,1.40568101406097,0.726885378360748,1.52084028720856,1650.03972178698,0,2.53330796957016,1.02902221679688,1674.18102779984,26.0145476460457,4.78624579310417,0.424918115139008,0,0,69.4982639849186,26.9102371931076
1.23164665699005,1.84333819150925,8.65074491500854,56.7381264865398,0,1520.79561188817,75.0617669820786,71.0337977707386,307.576857924461,41.6879590451717,19.448970913887,721.567030459642,55.1236556768417,34.9600487351418,1508.25720638037,17.1363707780838,5.30630940198898,6.25512903928757,3.31816625595093,48.8648805320263,352.603487581015,12.9523276090622,313.636231690645,141.280466347933,2.12991046905518,8.81224578619003,32.1901795864105,315.046206206083,31.5383920371532,89.9044820666313,0.711111903190613,1378.91957235336,0.485230296850204,1853.25065889955,3433.00851282477,269.194374322891,61.0241699814796,18.1883535981178,41.5172792673111,10967.5847291946,4010.46954530478,9.21814185380936,39.8554824590683,4.65512126684189,4.32265454530716,7.30917924642563,129.870752483606,2.96548223495483,7.73247629404068,0.909417808055878,0,0,38.7922677695751,3.22518342733383,13.6099679172039,4.25130331516266,12.0882968008518,20.5663791298866,30.2056674063206,0,97.822778403759,0.86064213514328,5.76452705264091,39.7153860032558,1.93911492824554,0.722803294658661,2.15366405248642,0,44.9573294520378,1.83750933408737,5.5638809800148,13.1186773478985,53.1960143446922,0,4.32388603687286,11.7015173733234,64.289719581604,2.07937872409821,1.86883491277695,0,0.64748227596283,0,2.71109807491302,866.26317512989
251.066131293774,2.05935019254684,45.4468886852264,442.256932616234,1520.79561188817,0,5782.27515365183,15325.0399560034,625.609160482883,13070.367472589,304.725537568331,25506.3207234442,668.569409519434,2246.60167010128,5876.75330108404,5.3503577709198,73.7421067804098,74.5126452445984,38.002379655838,1540.54006621242,95.5961940288544,4.0914394557476,423.324227571487,189.261187672615,116.398192107677,120.775089532137,40.1867105364799,1059.52799803019,586.237774223089,919.083399876952,5.7519702911377,328.144797980785,15.8732029795647,1074.34944105148,5751.08715006709,4901.01091504097,80.1480614840984,605.082952320576,605.056931495667,14289.2593856156,5166.44585156441,161.788537681103,507.544276565313,9.91956368088722,127.023699134588,110.07160037756,751.522607058287,165.815992504358,81.5902858376503,2.71098321676254,1.96741676330566,0.431080490350723,331.765415787697,8.98453006148338,139.890849888325,333.079383909702,291.984341084957,559.199591577053,378.514916151762,5.88609653711319,754.548446238041,7.11359280347824,231.27884632349,163.183706313372,8.52201893925667,0,0,0,390.464806437492,16.4483427405357,4.51148581504822,6.00796830654144,2170.55476030707,0,2.56159430742264,1.42133337259293,1989.20323672891,49.1156067252159,15.8524055182934,1.21941065788269,20.790957570076,1.31242167949677,178.699178427458,438.32257065177
1214.64856815338,2.47533088922501,471.296821296215,1236.56708934903,75.0617669820786,5782.27515365183,0,12168.8688105196,477.382811069489,42814.8775963783,314.239887684584,678.543169170618,1246.53963088989,25877.1441443264,383.640486359596,10.1523484587669,107.504910260439,94.8429737985134,64.0654751360416,1009.53426158428,2250.2842336297,20.0748192369938,1891.72826245427,6315.90190887451,70.9908294975758,163.208788603544,103.132564932108,97294.4321170449,5941.93645438552,14691.580673933,6.75057139992714,150.322312563658,735.831780016422,3526.0496994257,1355.69559320807,6421.99210128188,143.485067218542,2883.14011949301,1009.51848626137,1019.03096014261,184.224625617266,96.1982450485229,582.448794931173,1.16799637675285,115.074028640985,79.9478696882725,485.225350081921,74.0783556103706,39.6853872835636,5.00398182868958,1.41893017292023,11.4139547944069,215.649663120508,5.70108658075333,91.2373750507832,365.640804111958,324.391533762217,467.441730946302,309.45851996541,1.07682427763939,391.149430394173,5.09500879049301,207.419448882341,67.6479351222515,29.5965021848679,0.556728959083557,0,0,266.873117864132,22.4687794446945,15.1452067792416,21.6220222711563,2171.29181230068,0.992272287607193,3.89970809221268,43.3242818415165,1907.73701572418,64.6051232218742,37.0517309308052,0,1.21695804595947,3.18794560432434,201.062824577093,158.570690214634
2708.21183682978,1.62007772922516,525.256228536367,386.00153452158,71.0337977707386,15325.0399560034,12168.8688105196,0,337.100029438734,12050.6533700377,685.512831449509,8898.59877565503,814.172842234373,19999.2038381547,367.938124358654,4.89391326904297,821.399270430207,160.326791167259,118.369133532047,2200.24699756503,1262.69112491608,6.64683845639229,5323.07112562656,223.877570927143,233.770792543888,259.932347342372,195.602289110422,1589.69827978313,3207.27860501409,14649.5547778308,8.6759397983551,88.5797660052776,59.5168381631374,686.023045405746,332.522983193398,4910.13013418019,128.618733346462,696.58591645956,942.751085460186,3677.40651670098,421.697989106178,231.37636166811,703.203828811646,8.69545537233353,290.809138476849,190.906729489565,597.865369409323,264.165628015995,124.621088027954,2.46113276481628,2.47686138749123,2.51654428243637,86.7763187289238,1.57381421327591,82.4937163591385,529.595637947321,190.934083372355,635.108295291662,102.503448873758,21.2624917924404,469.059457957745,39.199247777462,233.335271656513,80.7171518802643,32.3076450526714,0.588979661464691,0,0,150.271729588509,29.8087225556374,5.11860540509224,3.05561363697052,2535.13498160243,4.39410126209259,8.84030568599701,21.5369626283646,2461.4588932395,68.5354995727539,33.5237304568291,0.641868531703949,19.1473648250103,5.68294614553452,192.869449317455,39.5627600550652
10.8598755896091,2817.02431771159,16.5215685367584,3691.82235383987,307.576857924461,625.609160482883,477.382811069489,337.100029438734,0,2210.18420803547,76.9555080533028,6729.57793721557,663.515032529831,230.20863071084,4520.0368334651,380.120841056108,62.1992980539799,14.4449294507504,24.3117790818214,2048.785197258,95.4589752852917,6751.77565577626,104.542453914881,37762.0233471096,1488.44431617856,431.286741107702,11189.6317432821,5805.95278018713,367.605228334665,80.145186573267,34.7675528526306,33.4328975379467,90.1646814644337,414.324052631855,194.740858852863,1424.762114048,118.596765398979,375.973527222872,192.797511339188,1331.01924237609,21.9914630055428,39.4804680943489,815.91851568222,23.5636020898819,156.966875642538,101.334719061852,770.995246052742,43.1399399638176,39.5774284005165,15.3114764690399,102.156843453646,4.9965663254261,770.666226863861,45.6872344017029,242.958986312151,295.837764561176,309.551965415478,3813.11051791906,671.515546709299,91.3591180443764,1055.98492223024,90.879529863596,254.587011605501,338.5419459939,1114.13672381639,10.4587498307228,63.3420791625977,13.0211026072502,538.545143067837,559.162870675325,1321.27963581681,517.042179733515,5696.96927663684,29.0803505182266,66.7176084816456,332.066833108664,2507.25603994727,210.211551100016,176.514771223068,8.64817678928375,9.20848041772842,15.1373476684093,169.131479114294,75.9217768609524
268.46226939559,0.364647179841995,45.9861668944359,12324.2275921404,41.6879590451717,13070.367472589,42814.8775963783,12050.6533700377,2210.18420803547,0,733.167089641094,12903.1547439992,1446.08553063869,8965.50929382443,572.003779351711,0.615807294845581,30.953615963459,183.78838789463,79.7604075372219,14011.6069222689,60.6011236310005,0,133.357122033834,691.138424009085,130.731816411018,339.015700101852,64.3312079012394,9644.71195089817,2263.02604110539,339.90003105998,9.60408097505569,200.069271087646,41.5183827877045,2042.67334312201,1721.85681039095,6896.31267115474,126.980320870876,1930.18161794543,634.236618101597,1843.44817972183,219.456895589828,272.349017500877,491.88802215457,6.0568186044693,179.260018736124,130.155384272337,1052.15277212858,113.24521458149,63.9668743908405,7.58885025978088,1.12315332889557,0,1169.34076088667,16.0866946578026,260.864028036594,608.190046340227,435.736749708652,1389.49860164523,1121.06302148104,2.65630447864532,1545.5664883554,11.2205368578434,187.725776046515,293.313723951578,7.10500133037567,0,1.41268265247345,0,1220.57332971692,9.90709134936333,9.33941441774368,0.724447309970856,4788.97195026278,1.50673258304596,2.6952477991581,0.52788507938385,4342.41084653139,43.5156634747982,10.8230476975441,0,1.64182472229004,1.83349579572678,178.670196741819,185.283061653376
66.0348778665066,161.824946343899,34.2986212074757,26.8005768656731,19.448970913887,304.725537568331,314.239887684584,685.512831449509,76.9555080533028,733.167089641094,0,1394.34063589573,6243.81512287259,2921.33830595016,50.1711940467358,3.5320001244545,1719.66152662039,11472.6358567774,1090.40598410368,487.023320883512,40.9677613973618,152.392811954021,198.302858531475,70.3408679962158,1589.27256566286,7132.0860003531,105.952599257231,107.156662493944,3710.20286533237,153.268564581871,152.053897500038,856.38701581955,1.79981526732445,11826.2346110046,192.607287913561,2042.93218460679,3701.14109706879,6780.3138422966,1842.51791197062,190.084416955709,12.4409425258636,6803.40473335981,31.756246984005,1534.55318766832,49.6505006253719,31.3688951134682,35.5842691659927,16.2518587708473,2217.74765053391,0,450.788537859917,0,0.904248178005219,1.68524885177612,2.96755003929138,1.31440556049347,6.43630111217499,171.083252996206,0,2654.94470602274,10.1592250466347,9166.09629559517,12.9083601236343,3.67926144599915,0.648885846138,0,9.84748148918152,0,2.02453899383545,1.16257762908936,61.8380969762802,0,56.7838155627251,568.834711223841,540.358534485102,1383.04792699218,14.6830431222916,38.5888240933418,0,1707.25591626763,1.84068804979324,0,149.594812214375,101.687039166689
120.25538122654,26.9905903637409,34.5085242390633,7072.05043977499,721.567030459642,25506.3207234442,678.543169170618,8898.59877565503,6729.57793721557,12903.1547439992,1394.34063589573,0,635.236585915089,3882.9437148869,5724.0358401835,1.35856473445892,52.3320722579956,302.599481552839,125.060156434774,12218.4079953432,13.679359048605,62.8815026879311,52.0338043570518,2715.49757403135,203.378274947405,462.158133149147,165.992216229439,2005.25618296862,696.991034388542,238.869458317757,17.9807184636593,220.904517740011,5.27531334757805,859.819103032351,21507.2664451003,3077.08600285649,166.289899617434,1193.24856597185,622.632510274649,4222.7445961535,133.047895640135,343.746274024248,363.923862040043,21.0696065425873,197.891402959824,187.118675380945,1581.31762292981,181.861906737089,95.537937939167,5.19308903813362,2.64069426059723,0,968.259848594666,49.5784733891487,324.15176448226,184.87652784586,330.196378141642,512.008260220289,952.722910165787,15.9675205945969,2489.29862546921,41.464026093483,160.03171980381,555.623890161514,6.07983011007309,2.72639083862305,1.54811382293701,1.43329441547394,860.639494419098,7.17742562294006,2.108628064394,8.74148061871529,1329.7534712553,3.16187015175819,2.88108122348785,7.42484623193741,1449.29150494933,32.8608821332455,12.8782323002815,0,9.45560941100121,3.52519384026527,167.522303462029,2528.22217518091
20.0731137096882,1297.24106228352,191.887788206339,254.405510157347,55.1236556768417,668.569409519434,1246.53963088989,814.172842234373,663.515032529831,1446.08553063869,6243.81512287259,635.236585915089,0,1069.66195464134,190.071147888899,228.914974421263,118.006795585155,63.1251883506775,43.7637965679169,462.727078825235,685.448215693235,1540.31634163857,1163.43002149463,1095.14374998212,8453.72828391194,523.845850676298,1637.1411037147,2296.54485806823,820.25496993959,483.719091892242,454.437968105078,397.358748525381,21.0629769861698,1280.67118862271,653.896504312754,6104.25757354498,1984.30347633362,1884.15272337198,4336.25631707907,4445.83235868812,326.62254011631,4690.86136162281,573.988612443209,3007.43282455206,467.609545588493,138.955364584923,701.105221420527,283.229696631432,2421.06152936816,4.04194331169128,793.281796425581,10.6269106566906,24.1990802884102,0.646723747253418,68.2090717852116,142.305426716805,250.446016907692,218.803602397442,71.692274004221,5043.95122727752,178.623721122742,19370.4326440096,315.028908729553,47.1971848905087,91.5324418842793,8.92022055387497,26.749350965023,3.26745092868805,64.3011889755726,163.985425621271,99.9991927146912,55.0861832499504,648.275502234697,3537.25619843602,1902.38178598881,8778.42992803454,655.591428726912,199.813690692186,96.4100746512413,5847.97157731652,38.412234723568,23.5598196983337,548.922036647797,186.104376226664
12034.4761189222,10.7337702214718,776.743245840073,341.881413727999,34.9600487351418,2246.60167010128,25877.1441443264,19999.2038381547,230.20863071084,8965.50929382443,2921.33830595016,3882.9437148869,1069.66195464134,0,193.125536590815,9.2061368227005,2006.69876544178,779.512999087572,575.879969358444,1814.10915407538,1517.25787675381,27.1207535564899,7897.45715491474,360.698323577642,228.21732750535,1253.14301776886,649.329458117485,2473.40122614801,24034.7032867372,23087.6604566276,49.9378952980042,204.790147036314,120.655903816223,2101.36221405864,446.330648213625,3972.07422722876,245.612503290176,1603.56029593945,798.87884002924,1041.46380108595,222.717294812202,422.025437027216,371.354945987463,31.7018707096577,190.133393377066,140.929188758135,352.923969894648,228.271089434624,159.093313336372,2.21364921331406,17.4730731844902,8.55662164092064,29.1044126451015,1.24112367630005,33.2115831673145,197.23823967576,105.684413671494,384.315676867962,22.0454155504704,48.4300513267517,230.388777345419,151.6766936481,151.687429815531,29.4621348381042,37.1374479234219,0.494794636964798,0,5.15237730741501,54.2668147981167,30.4411198794842,5.94252234697342,10.8544027209282,1380.52693417668,11.7957707047462,21.6840132474899,160.678643107414,1172.67015734315,28.8748640418053,23.3424238264561,3.29017210006714,28.4895805418491,3.63072085380554,154.988799959421,66.6939007937908
6.25042521953583,237.168390542269,3.91507965326309,988.637014389038,1508.25720638037,5876.75330108404,383.640486359596,367.938124358654,4520.0368334651,572.003779351711,50.1711940467358,5724.0358401835,190.071147888899,193.125536590815,0,41.897626966238,19.8640460371971,12.0682508349419,4.00201889872551,545.835690766573,397.710974007845,507.089233458042,318.022003918886,2621.42394670844,101.892635762691,50.5897862315178,782.697919070721,1840.62706178427,107.604789674282,206.732450693846,4.84433600306511,58.5837334692478,8.13396900892258,77.9758877158165,1487.01580020785,412.772751808167,57.8156624734402,102.777515947819,75.8392343223095,3953.77976754308,33.4762740135193,16.8923277854919,127.857930064201,10.9580286443233,25.8680683076382,29.2389928102493,445.373164743185,13.7148605585098,19.2703931331635,1.00269311666489,3.4013774394989,7.20963042974472,144.413683593273,14.8988429903984,53.1977671384811,41.7191217839718,75.1823030412197,88.627023011446,188.259707808495,0.687632262706757,385.969463199377,5.17751890420914,44.5777115821838,127.203921079636,20.3510818481445,2.64188146591187,1.49954700469971,1.33842074871063,157.811612278223,18.1033063232899,17.2946232557297,26.82539498806,296.139565497637,0,8.98670539259911,29.351635068655,297.741720825434,23.9891533255577,15.0488974452019,1.78546643257141,0,0,29.3403822481632,2831.38874527812
0,503.520570278168,35.7599830031395,0,17.1363707780838,5.3503577709198,10.1523484587669,4.89391326904297,380.120841056108,0.615807294845581,3.5320001244545,1.35856473445892,228.914974421263,9.2061368227005,41.897626966238,0,104.858140945435,3.47049647569656,20.6497602462769,0,5182.97139087319,7410.91407313943,7301.65200054646,7697.90338870883,66.4991140961647,58.6961728334427,7918.94364720583,5444.17839050293,10.6608185172081,127.658846795559,0,2.75554415583611,9.3009660243988,315.771571099758,219.213511586189,5418.25164988637,944.87204554677,1144.83479127288,1199.93334445357,58.1506979465485,13.8831026554108,13.053159236908,558.354003310204,155.702976465225,169.693793535233,64.6674712598324,107.557894319296,11.7545380592346,39.4688481092453,2.77780282497406,63.356383472681,205.86141911149,0.604483485221863,1.63681322336197,4.55300068855286,43.4560512006283,16.7969157099724,129.932352334261,4.03113698959351,1.10713672637939,5.50708466768265,1.97783893346786,39.8152211159468,12.6835245490074,9597.74679929018,62.3399694263935,1.62437266111374,11.0122644305229,1.58024477958679,2350.99266272783,3299.54152157903,9770.22569009662,1968.38852950931,0.887955009937286,110.310318678617,3598.2794187367,938.014964580536,33.9909449517727,358.339900076389,0,0,18.4768100976944,94.3106487095356,137.063570320606
615.053090810776,36.4450633525848,41260.1208765507,2.58164283633232,5.30630940198898,73.7421067804098,107.504910260439,821.399270430207,62.1992980539799,30.953615963459,1719.66152662039,52.3320722579956,118.006795585155,2006.69876544178,19.8640460371971,104.858140945435,0,2130.72574460506,15100.1846337914,24.9577105045319,814.680003255606,309.489751130342,23882.7555561066,96.9625722169876,4.50838965177536,6351.22976702452,23241.914283812,371.896429777145,2996.6678609401,2149.70921742916,0,22.4392591118813,466.573190569878,8540.12147259712,298.384204745293,5735.11484971642,1173.49578198791,3141.74511986971,2270.04045835137,71.8236610293388,9.50981783866882,10.6168914735317,88.3875741362572,61.479322373867,44.0071080327034,20.4406000077724,0.987204432487488,3.37480974197388,0.773674607276917,0,184.567578703165,261.997638612986,0,0,0,1.2804751098156,0,5.76786652207375,0,0,0.414238661527634,0,0,0,32.1928872764111,96.8727965652943,1.88595062494278,111.098595440388,0,9.46247717738152,98.7366661727428,59.1049256324768,8.6810462474823,0,441.816111057997,3914.47711580992,6.73495578765869,0,2.87479972839355,1.56334376335144,0,0,25.7513663470745,145.629286557436
16.5862905085087,0,439.386885344982,7.42593356966972,6.25512903928757,74.5126452445984,94.8429737985134,160.326791167259,14.4449294507504,183.78838789463,11472.6358567774,302.599481552839,63.1251883506775,779.512999087572,12.0682508349419,3.47049647569656,2130.72574460506,0,2215.74564802647,122.196872353554,70.7790367901325,3.5818971991539,279.333968907595,8.6765950024128,2.0739119052887,14547.8822432458,403.443779051304,32.3020048439503,853.747160255909,80.7480155527592,6.19652819633484,123.444308876991,11.9394081830978,4450.5630030036,253.140964686871,3111.9840259254,4798.47154405713,5128.8738951385,1845.49110677838,34.6031284928322,9.87592262029648,4.59104216098785,6.47379666566849,10.2544166743755,2.78536197543144,3.56916427612305,1.77624237537384,3.30330348014832,0,0,6.23839354515076,7.0325710773468,0,0,0,0,0,7.90501290559769,0,0,0,3.39093571901321,0,0.989015221595764,0,0,1.78312313556671,1.76056998968124,0,0,3.53956490755081,0.585554838180542,0,0,45.9063509404659,116.120244562626,0,0,0,7.52447110414505,0,0,2.3916335105896,122.289572179317
53.1191622018814,4.00207406282425,1471.39734658599,5.13234633207321,3.31816625595093,38.002379655838,64.0654751360416,118.369133532047,24.3117790818214,79.7604075372219,1090.40598410368,125.060156434774,43.7637965679169,575.879969358444,4.00201889872551,20.6497602462769,15100.1846337914,2215.74564802647,0,55.0511958301067,158.104885667562,39.9824246168137,816.068409502506,18.1193481981754,2.21048200130463,8064.8020311296,1599.20842173696,36.067983597517,860.20628580451,151.646049469709,0,67.9711436033249,45.7199006080627,6622.96492752433,198.053994268179,3204.46183612943,2258.97990497947,3426.58562457561,1264.05324882269,18.1892428100109,0.836549639701843,3.9000529050827,7.65748584270477,7.52501088380814,5.79106411337852,0.760603666305542,1.74869954586029,0,1.1133553981781,0,16.2015380263329,26.8996911346912,0,0.670395493507385,0,0,0,7.549107670784,0,0,0,0,0,0,2.33877834677696,6.29971373081207,2.73856246471405,11.3429185152054,0,0.615533053874969,11.575189858675,3.86520633101463,0,0,388.818848490715,707.475623220205,0,0,0,0,0,0,2.30583000183105,137.382103383541
71.0527143776417,0.638233780860901,22.5435992181301,34706.934945941,48.8648805320263,1540.54006621242,1009.53426158428,2200.24699756503,2048.785197258,14011.6069222689,487.023320883512,12218.4079953432,462.727078825235,1814.10915407538,545.835690766573,0,24.9577105045319,122.196872353554,55.0511958301067,0,8.75340259075165,2.24454188346863,34.6072266697884,3045.93536502123,78.3272694647312,189.678601711988,49.9113095700741,3801.74502953887,641.471924155951,123.263154238462,7.25547659397125,104.405380964279,9.60446213185787,513.145180553198,245.743940025568,2492.75713115931,50.4816674292088,536.954440683126,241.112884670496,909.131092101336,73.1170004010201,116.22449234128,303.161509215832,4.0332487821579,98.2053225040436,90.1698729395866,960.634798407555,89.2160392999649,35.5698968470097,3.94553750753403,0.636384606361389,0,1048.62954059243,36.8799553513527,274.594810009003,308.604014784098,433.866964787245,788.038441896439,1356.69300106168,12.1180522441864,1686.93339312077,7.80098783969879,145.164267271757,367.31925573945,3.44215226173401,0,4.41318127512932,2.19206511974335,1044.97638419271,13.4918710589409,3.93453633785248,0,2412.10542315245,1.55558222532272,9.16408911347389,2.18011963367462,2473.40007999539,44.7489704489708,5.76940277218819,0,0,1.50285220146179,142.85300335288,37.3829906284809
419.916892975569,22.1949302852154,2665.65165579319,2.06214070320129,352.603487581015,95.5961940288544,2250.2842336297,1262.69112491608,95.4589752852917,60.6011236310005,40.9677613973618,13.679359048605,685.448215693235,1517.25787675381,397.710974007845,5182.97139087319,814.680003255606,70.7790367901325,158.104885667562,8.75340259075165,0,370.951171994209,65915.1817682087,539.621919050813,38.4750666022301,279.84290009737,1485.19932800531,6109.42368888855,1625.35821560025,33867.0652391315,1.37619587779045,14.7160637378693,369.884460061789,18409.5322632194,1740.62711474299,27175.4881670773,1836.5920702219,14143.4388090074,9662.21810430288,295.921859741211,131.678527623415,23.9685305356979,215.249977260828,18.4288212060928,61.1483710706234,30.068455696106,111.275281637907,8.86107379198074,30.5308089256287,2.14449536800385,19.3035379648209,87.9132806658745,0,3.29423290491104,6.41317546367645,18.7777061760426,14.627228230238,88.0980969667435,2.7605032324791,0,6.64469259977341,1.06387841701508,24.0682778358459,6.00787338614464,1576.58938884735,34.1059448421001,1.49405002593994,4.73625600337982,5.0771376490593,1350.19921138883,425.004943788052,1131.82950308919,1141.05523821712,0,49.2369285523891,495.916774630547,643.354414016008,39.9873542487621,287.629865854979,0,0,9.60658374428749,52.4927409887314,756.841873973608
0.828452706336975,5318.35921472311,145.275862008333,0,12.9523276090622,4.0914394557476,20.0748192369938,6.64683845639229,6751.77565577626,0,152.392811954021,62.8815026879311,1540.31634163857,27.1207535564899,507.089233458042,7410.91407313943,309.489751130342,3.5818971991539,39.9824246168137,2.24454188346863,370.951171994209,0,1004.0862686038,18328.9049589932,3379.99710014462,538.516829133034,23048.4887466431,1355.83790388703,28.8690699338913,33.5433420240879,67.5516017079353,0.862858146429062,7.60693988204002,259.769469112158,33.9872050285339,874.561155647039,206.187725633383,333.921761840582,223.89938133955,155.295330435038,0,174.417894184589,240.271096557379,91.637993991375,112.276360422373,44.6450394392014,28.4522950053215,5.96330046653748,41.4993765354156,0.722750246524811,488.372907787561,128.43289616704,2.85636138916016,1.20185327529907,3.53498107194901,32.5619259774685,8.08626008033752,279.139065086842,2.60527014732361,38.131150841713,4.61330273747444,233.746890753508,10.8995861709118,10.6265804767609,2214.51683449745,33.5776689052582,0,26.8718970119953,1.74002957344055,384.302587747574,2276.88020890951,1640.94528490305,793.668756097555,22.8437867760658,176.690963059664,6871.89747792482,295.867965012789,7.26973471045494,55.4451509416103,11.4147906899452,0,2.38684061169624,43.4306942224503,27.7462149858475
2796.14399579167,53.3455709517002,70563.8542838395,8.07440349459648,313.636231690645,423.324227571487,1891.72826245427,5323.07112562656,104.542453914881,133.357122033834,198.302858531475,52.0338043570518,1163.43002149463,7897.45715491474,318.022003918886,7301.65200054646,23882.7555561066,279.333968907595,816.068409502506,34.6072266697884,65915.1817682087,1004.0862686038,0,1959.94972251356,49.3224246501923,2320.33764538169,28865.7026939094,11743.68584916,7910.0548235178,26996.8491116762,3.20870643854141,25.932206004858,1024.90327396989,23011.6622177064,2105.99246680737,42979.6854321361,10930.0699698627,25459.9066725373,21559.3233369887,691.743654578924,149.458000093699,65.8414556384087,890.670866757631,170.748134374619,383.681463599205,140.839928328991,101.556303918362,13.0633600354195,37.1873478889465,2.79766926169395,80.197274774313,2906.82601994276,0,6.8845047056675,8.05959171056747,139.691795855761,14.0482760667801,44.908681511879,1.62618619203568,3.2185617685318,8.53127205371857,0.569460809230804,25.2595160156488,20.3026513457298,7607.71327006817,121.244940131903,4.17619180679321,27.4795337915421,0.471691012382507,1756.3681563139,1662.71061223745,11274.7398907542,1030.60403510928,1.10323119163513,209.955346852541,11816.0454632938,720.328112453222,15.1726007163525,212.631470680237,0,0.671273112297058,5.40769636631012,150.064077168703,1444.91219905019
37.6145122945309,2751.45884680748,64.4506017267704,11210.6373656094,141.280466347933,189.261187672615,6315.90190887451,223.877570927143,37762.0233471096,691.138424009085,70.3408679962158,2715.49757403135,1095.14374998212,360.698323577642,2621.42394670844,7697.90338870883,96.9625722169876,8.6765950024128,18.1193481981754,3045.93536502123,539.621919050813,18328.9049589932,1959.94972251356,0,1137.71482944489,287.414593249559,10964.3181647658,13632.1143996119,1409.33567115664,1042.08912986517,27.5035143792629,33.4205754697323,394.509698003531,1068.90518137813,978.686117976904,6806.10933595896,417.88005232811,1085.19999986887,731.042178183794,890.68931210041,83.9108937978745,70.3700893223286,4215.34956651926,62.8716290593147,797.555335849524,476.458108335733,1586.74841976166,209.722302794456,125.562436550856,67.5769966840744,94.3133983910084,119.895273566246,480.234614998102,13.4264649152756,328.396067887545,1609.28761431575,1641.67096912861,5097.4635258317,710.940100312233,30.749098688364,851.8542496562,44.2330437600613,1486.16672372818,179.485667943954,2572.5585950911,30.6707067787647,3.15959870815277,3.03902444243431,511.504312753677,1672.74201178551,1345.53680109978,1654.57296085358,16779.0834364295,24.6491453051567,88.6794154644012,1466.4819560349,10589.7032989562,797.701495230198,997.936207085848,0,8.91383668780327,134.199015766382,1042.82682004571,248.610766381025
7.82373422384262,4549.53781890869,3.3769024014473,15.3589959144592,2.12991046905518,116.398192107677,70.9908294975758,233.770792543888,1488.44431617856,130.731816411018,1589.27256566286,203.378274947405,8453.72828391194,228.21732750535,101.892635762691,66.4991140961647,4.50838965177536,2.0739119052887,2.21048200130463,78.3272694647312,38.4750666022301,3379.99710014462,49.3224246501923,1137.71482944489,0,139.364481627941,7942.39365932345,159.392161369324,145.158098876476,21.9234135448933,96.8467538356781,134.126714974642,0.900992631912231,229.574249535799,16.9330095648766,310.228317260742,65.0523693561554,451.430410832167,76.2907527089119,535.906722515821,82.3119111061096,686.441447257996,115.005177110434,136.26126819849,135.411334723234,32.3409892916679,219.426534593105,76.0881043076515,107.734353035688,5.23088723421097,765.636485815048,0.610545992851257,2.94440659880638,2.00538516044617,28.572911798954,23.3202314972878,82.7500762939453,44.5979225039482,27.092941313982,360.66394469142,50.6960570812225,2909.46692678332,108.65937384963,10.6719000339508,26.9279136657715,1.57158398628235,0,0,16.1640782654285,44.5516532957554,24.1171861290932,17.7705365419388,87.9674005806446,3260.19411462545,170.014916449785,2651.58546364307,108.26755720377,21.7419419288635,25.2797301113605,599.797982126474,23.8087795376778,1.35735034942627,107.858937799931,10.1593601703644
53.8821474909782,334.456945091486,33314.0385371149,8.46518898010254,8.81224578619003,120.775089532137,163.208788603544,259.932347342372,431.286741107702,339.015700101852,7132.0860003531,462.158133149147,523.845850676298,1253.14301776886,50.5897862315178,58.6961728334427,6351.22976702452,14547.8822432458,8064.8020311296,189.678601711988,279.84290009737,538.516829133034,2320.33764538169,287.414593249559,139.364481627941,0,38648.3000459075,94.4811044633389,1509.49704137444,188.826044857502,221.240041285753,230.570162147284,10.6774872541428,6725.90480792522,851.441387623549,15937.8784604371,14591.3939412534,10837.9471484721,5509.30423635244,112.175557225943,28.7317641079426,11.2363893389702,816.018044680357,1599.8738528192,922.887053579092,232.749352425337,6.89889234304428,7.97346663475037,23.7734063267708,6.74406719207764,1139.5288656354,85.5848237276077,0,0,0,13.3113407790661,1.78674513101578,43.9789017438889,0,593.452332109213,4.3783774971962,1279.68731564283,14.4380613267422,2.59178113937378,125.828192234039,335.558191329241,293.905877411366,1051.87584006786,0.814202904701233,8.39779332280159,354.411333829165,71.3382881879807,93.1712934076786,259.97902494669,16057.1218898594,33760.1097262502,0.527899324893951,8.45758366584778,24.3187243640423,2086.96520808339,0,0,225.149299800396,591.480863034725
120.286676347256,10938.5407348573,17718.0997413397,3.48918417096138,32.1901795864105,40.1867105364799,103.132564932108,195.602289110422,11189.6317432821,64.3312079012394,105.952599257231,165.992216229439,1637.1411037147,649.329458117485,782.697919070721,7918.94364720583,23241.914283812,403.443779051304,1599.20842173696,49.9113095700741,1485.19932800531,23048.4887466431,28865.7026939094,10964.3181647658,7942.39365932345,38648.3000459075,0,3410.40295869112,777.774445205927,603.117649972439,932.089616239071,37.4261391758919,51.8219609856606,12345.5952570438,1520.27300307155,32222.1842454076,6120.79479417205,12019.0002627969,10815.9466064572,606.93748062849,78.5953757762909,27.3511708676815,4369.23174381256,2320.54707032442,2617.30304552615,871.592092901468,89.4643840491772,25.4607043266296,22.5489195287228,8.61893117427826,7411.35367444158,7038.82520377636,1.23438468575478,3.88425827026367,2.3412894308567,236.694497808814,6.07959347963333,88.385533541441,0,324.411114633083,8.64795073866844,1341.23285552859,40.5909361541271,6.38763689994812,5974.93271934986,2948.55652540922,214.735956221819,1941.65863084793,1.70397359132767,526.311415076256,4239.22560754418,9328.64981916547,939.944143503904,2010.67865613103,14898.6608002782,125695.38577953,569.134761214256,25.4844046533108,122.353609025478,1315.84187427163,0,0.903310865163803,1010.39275927842,973.964806288481
133.370985627174,160.624666541815,793.262121081352,18218.7644456327,315.046206206083,1059.52799803019,97294.4321170449,1589.69827978313,5805.95278018713,9644.71195089817,107.156662493944,2005.25618296862,2296.54485806823,2473.40122614801,1840.62706178427,5444.17839050293,371.896429777145,32.3020048439503,36.067983597517,3801.74502953887,6109.42368888855,1355.83790388703,11743.68584916,13632.1143996119,159.392161369324,94.4811044633389,3410.40295869112,0,5071.04206156731,54540.534175843,0,112.81938830018,1426.07721236348,5819.32267037034,3468.48559185863,22271.4365922809,991.041133254766,6495.69980204105,4004.60024151206,1459.98028060794,274.177605509758,101.9091180861,3240.62685880065,42.2828573584557,603.237905830145,289.880858719349,1677.76030004025,169.874136120081,164.620986908674,51.0565626621246,15.3772730529308,125.720686882734,880.451312094927,16.6203148663044,349.059380710125,1472.18784192204,1260.239189744,2821.59893620014,1147.06962454319,7.64509505033493,1074.30963522196,2.44360423088074,1118.72657868266,233.774752080441,2069.55460438132,45.0862534344196,1.47220423817635,5.27325415611267,890.574451059103,1790.57756528258,758.200673371553,1409.56045860052,11572.1500513256,0,155.371056288481,1050.88573238254,8808.34158375859,724.645644575357,1161.66956797242,0,4.68881338834763,118.674253940582,867.17469778657,620.748944163322
11502.8219718039,11.9318127334118,432.060803547502,519.082939863205,31.5383920371532,586.237774223089,5941.93645438552,3207.27860501409,367.605228334665,2263.02604110539,3710.20286533237,696.991034388542,820.25496993959,24034.7032867372,107.604789674282,10.6608185172081,2996.6678609401,853.747160255909,860.20628580451,641.471924155951,1625.35821560025,28.8690699338913,7910.0548235178,1409.33567115664,145.158098876476,1509.49704137444,777.774445205927,5071.04206156731,0,18435.7835327387,55.4853935837746,610.829941481352,6880.40420758724,9533.7337115705,266.705778300762,1706.2280176878,195.203750252724,1851.24440316856,537.752665668726,356.651796996593,197.544627487659,396.408109068871,129.846344739199,30.39531442523,90.622757345438,76.7043961882591,113.716192483902,114.000315159559,154.106101602316,0.390948534011841,34.7607689201832,13.3172709047794,10.3121979832649,1.24949312210083,11.5276205539703,59.9830660223961,56.386942088604,169.080355376005,8.02233827114105,69.2714987695217,58.527982711792,168.856249243021,54.6304782629013,7.37889444828033,132.980418384075,2.97965344786644,0,4.40780436992645,21.5332497656345,116.955324470997,37.8519523441792,29.6425704061985,653.196272015572,24.187503606081,34.9612696170807,206.555664539337,534.390132725239,22.0821689963341,48.562638014555,7.44338923692703,15.2051362991333,6.79237908124924,75.25268471241,38.4899286329746
9212.10524976254,1.75868108868599,1666.18101862073,27.5613872110844,89.9044820666313,919.083399876952,14691.580673933,14649.5547778308,80.145186573267,339.90003105998,153.268564581871,238.869458317757,483.719091892242,23087.6604566276,206.732450693846,127.658846795559,2149.70921742916,80.7480155527592,151.646049469709,123.263154238462,33867.0652391315,33.5433420240879,26996.8491116762,1042.08912986517,21.9234135448933,188.826044857502,603.117649972439,54540.534175843,18435.7835327387,0,0.992025911808014,32.9839893579483,3219.92791667581,14239.9939859509,889.084376364946,10004.7783100605,585.501130670309,5711.4228297174,2255.22242069244,300.781161010265,80.493922740221,34.4937258660793,98.0641508698463,3.12784880399704,23.9472763240337,15.3560152947903,62.2920101583004,18.6340220570564,28.5039991736412,0,3.87787342071533,50.2844778299332,2.37046548724174,2.51703727245331,0.786975234746933,26.9270759820938,11.9144548177719,93.0431046485901,5.35243040323257,2.32501718401909,8.34694254398346,1.03838741779327,23.0982682406902,2.56315985321999,183.061511844397,3.78900089859962,0,0,4.17387723922729,197.285056948662,43.13211363554,72.6182286739349,340.435257941484,0,12.7632856965065,177.271278217435,362.260412275791,13.8102819025517,50.0319347381592,0,0,3.58154374361038,20.112210303545,205.863113224506
