0,0.311815053224564,342.853768050671,1.44334346055984,4.8854061961174,150.519275665283,8740.24050980806,3108.99785962701,31.6838731169701,98.4246217310429,50.6345957219601,28.6868055164814,2.3933345079422,21122.5119817853,4.81060302257538,0.586517214775085,440.209306150675,19.4419794380665,52.4067844152451,26.2824463844299,892.778035968542,0,1081.40066632628,34.8615643382072,1.00442397594452,90.5603949129581,107.542158544064,322.41960978508,7713.07833892107,12020.8626536131,1.93719112873077,18.0626049637794,17.9532172083855,149.630618393421,31.5543461441994,215.887540012598,76.5424276292324,106.188063919544,45.2967281937599,40.9578285217285,5.55045592784882,9.54733645915985,10.7074240744114,1.28699815273285,3.34773671627045,0.488184541463852,2.93274390697479,1.62462079524994,0,0.424574971199036,0,4.19749495387077,0.938832104206085,0.571080088615417,0,0.648260056972504,0.769362509250641,15.2250812649727,0,0,0.480656266212463,1.08883130550385,2.801598995924,0,4.54810705780983,1.55512154102325,0,0,0,9.38054835796356,0,3.11041766405106,37.6789215803146,0,0.787270367145538,23.2991341650486,48.5671210289001,3.99486142396927,5.59598225355148,0,0,0,0,2.43620377779007
0.311815053224564,0,57.252251714468,0,0,0.276506513357162,9.08058005571365,2.71989578008652,2466.63025957346,5.96571385860443,210.071972340345,0,1455.049690485,7.27509582042694,22.7397145330906,372.904836684465,22.0983789563179,1.43530738353729,5.94763094186783,0,100.699188023806,3035.70607471466,60.7879634797573,3964.76847580075,1839.02737373114,86.359454870224,11193.8036755025,199.122260451317,9.97176051139832,6.79943132400513,24.6635107696056,8.17733532190323,0.491366893053055,196.596220463514,7.56108328700066,126.186400681734,63.3849980533123,76.6373582184315,29.9269331395626,9.29120370745659,3.15273523330688,414.33217856288,66.5009539723396,25.5326353609562,10.8208037912846,17.8339331746101,0,1.21245837211609,0,0,460.492746531963,39.0801758766174,0,0,0,2.07432955503464,0.662648737430573,10.2421796917915,0,8.02665746212006,0,19.2107026576996,0,0.378115594387054,22.5714064538479,22.1407110095024,0.529816746711731,17.9712269604206,0,8.9331970512867,45.2402597665787,23.1165251433849,19.2450987398624,18.1429483294487,195.726162791252,2782.93020695448,2.93159997463226,0.342857450246811,2.0129891037941,4.09496068954468,0,0,1.55362683534622,7.60594397783279
342.853768050671,57.252251714468,0,14.892491877079,5.83886533975601,113.831481337547,377.694253474474,2584.77297322452,43.5532555580139,81.4745528399944,140.409753769636,11.5651918053627,5.22384828329086,1245.85303843021,19.3850302100182,100.102128475904,30138.4365060627,54.5941889286041,1548.64749258757,18.2410394847393,3346.18185245991,71.3550320565701,32924.966907084,193.816687345505,13.7799807190895,15841.4383897483,47246.6744607389,764.158205837011,573.233979985118,1980.37397381663,3.52020663022995,30.5387439131737,76.6740926206112,4854.49782305956,1282.2207313776,12839.9540140927,5463.94703441858,6873.16394484043,4364.08499506116,104.178030133247,48.6532719433308,22.6944355964661,979.695756822824,306.666985690594,320.822761833668,366.119968235493,6.07459712028503,0,1.46067714691162,0.87239071726799,100.651607215405,4163.3393470943,0,3.19744050502777,1.16230064630508,13.8472020924091,13.6895166933537,26.5911018252373,2.78167799115181,2.83214697241783,0,0.449782937765121,14.7507695555687,1.38855230808258,142.097574353218,505.894959628582,7.24454587697983,213.439176738262,0,32.8662108778954,105.433662980795,1057.3154425025,55.9034822583199,0.989640831947327,809.301642522216,16574.3777466416,42.0857583880424,5.37201476097107,24.549406260252,0.660348474979401,0,0,38.7908672094345,485.044064491987
1.44334346055984,0,14.892491877079,0,69.1255847513676,750.389498502016,470.359474360943,326.985983878374,5998.55859944224,8387.5333326757,66.080529987812,11206.7358504534,32.2664275169373,152.825407654047,1501.54881933331,2.16139549016953,3.48668766021729,20.0290707349777,13.213153809309,23156.839437604,14.6406301259995,9.74873501062393,21.7593413591385,9342.31226739287,3.20587468147278,17.7915784418583,28.6264807879925,6592.89143517613,433.268275439739,20.8761640191078,2.90054136514664,56.2944553941488,21.5697884857655,267.460300832987,197.794322490692,1910.20483475924,108.311019748449,414.111875087023,111.991526156664,918.590906620026,192.945195496082,79.9593957960606,433.785844147205,14.0544571876526,110.043823838234,19.0058031976223,676.155460983515,40.6984796822071,8.93574649095535,0,0,0,1796.09839829803,20.6386723220348,350.282284110785,581.617377847433,102.377349704504,1369.87800967693,2309.98819187284,15.468488663435,969.208200871944,1.36142182350159,95.157913506031,208.719691544771,21.1311975717545,0,2.02154436707497,0.920037388801575,664.412558138371,9.52181398868561,1.98495578765869,7.72466659545898,3563.08845853806,0,3.28241926431656,8.68904781341553,3472.77180165052,69.3500663638115,7.68727242946625,0,2.86779126524925,0,90.0905556082726,7.01294815540314
4.8854061961174,0,5.83886533975601,69.1255847513676,0,4427.72101792693,133.846971035004,798.053611069918,160.30980733037,414.141260057688,9.52219811081886,812.51771107316,26.5866430997849,30.583849042654,3184.25838395953,5.63654947280884,3.01297646760941,2.39280438423157,1.87230485677719,223.882598489523,101.310711950064,0,94.7441307008266,60.6722053289413,0,3.2894287109375,8.0327622294426,137.446474850178,4.50650888681412,77.6403258442879,0,578.286602109671,0.471186310052872,826.812186360359,726.235946774483,1179.69185301661,52.6278225779533,23.9638431072235,51.5329650640488,10559.9258044064,5135.56212037802,44.6370977759361,74.1023988723755,7.78383696079254,3.97759935259819,8.35114803910255,48.8434749245644,8.93416321277618,1.06894540786743,0,0,0,12.4736229777336,0,15.1267237961292,23.4724205136299,0,42.4430040419102,11.2943587601185,2.77996295690536,25.081365942955,0,0,17.2481871247292,4.38282722234726,1.12419486045837,0,0,9.14693543314934,2.56997311115265,0,3.21455258131027,108.16704750061,0,0,2.38998085260391,57.9152718484402,4.8431761264801,7.00861221551895,0,0,0,1.57533645629883,1406.03879219294
150.519275665283,0.276506513357162,113.831481337547,750.389498502016,4427.72101792693,0,4766.25754222274,23340.2575736046,817.649141430855,15957.8830103874,365.430142223835,11397.0422464609,102.896670669317,2062.54551574588,4918.73222047091,4.49813187122345,79.6541478931904,119.744573891163,82.4680024981499,1887.23896530271,271.557798296213,2.24322211742401,147.930606037378,346.661848187447,1.74114713072777,44.9764013886452,41.259136736393,3019.13869807124,859.910496026278,548.789731651545,11.8910499811172,549.323420524597,16.0943549573421,313.905393317342,7251.73341748118,2031.01712793112,124.576506465673,375.799877017736,166.700766980648,3906.08910247684,261.315193831921,150.860892951488,197.31355252862,12.5146271586418,27.0841853022575,19.7469352483749,267.52819019556,13.3242954909801,4.89573800563812,0,0,0.485252439975739,189.636279731989,20.079829365015,88.9235235750675,69.8027491867542,11.3038435876369,310.168618530035,142.043288707733,7.77742809057236,264.939496457577,1.36858773231506,13.3608553111553,67.6614368855953,2.65523228049278,0,0,0,52.0859088301659,5.54449680447578,1.27888262271881,5.30538493394852,520.727136045694,0.716978490352631,3.78889620304108,1.25011122226715,399.267269849777,6.81013813614845,3.74796774983406,1.68817007541656,0.530945956707001,0,15.8343793749809,261.761434614658
8740.24050980806,9.08058005571365,377.694253474474,470.359474360943,133.846971035004,4766.25754222274,0,16402.7401380837,1078.34145000577,25805.9277142286,1013.41885530949,562.342483729124,159.714684486389,23934.6503707767,748.813661009073,14.1718570888042,130.071344792843,366.787060528994,322.006688326597,428.448690146208,1436.07884591818,14.0713196694851,502.239420354366,3557.7133140862,8.87126049399376,237.112755656242,210.675819605589,52320.4749562442,10062.6781468689,24698.922709167,25.6224197149277,267.046519547701,637.241011202335,3080.58281725645,1645.89137846231,6594.03973993659,401.405295222998,3106.10580787063,880.98574373126,966.543513834476,845.166635841131,200.616577327251,537.199086546898,20.8117668628693,149.87219491601,54.9921874403954,266.349770635366,69.1863118112087,8.3942836523056,1.06718552112579,0,1.78379616141319,271.197803527117,13.5089472532272,81.5195956528187,357.968834578991,117.054470330477,344.497037440538,215.751677215099,24.3684310317039,85.4048897325993,8.0017037987709,213.8372592628,30.2046372294426,8.28355357050896,1.15659892559052,1.47156068682671,0,48.7470714449883,19.7158115804195,4.97214108705521,28.5163751840591,2075.4309925139,0,8.69290125370026,18.2258842885494,1599.90090629458,132.302722603083,17.239829480648,5.52049362659454,10.0364973843098,0.909608662128448,102.502422571182,76.9725902080536
3108.99785962701,2.71989578008652,2584.77297322452,326.985983878374,798.053611069918,23340.2575736046,16402.7401380837,0,1569.93669527769,13173.8618567586,682.342571973801,3234.58947405219,251.443313896656,21784.4099678397,619.378345251083,12.159286737442,2329.55503633618,210.912987947464,418.343454539776,2455.13664245605,5838.59818828106,9.6314802467823,4864.62986661494,817.071246355772,6.03759932518005,724.476863577962,762.950304612517,4553.32475925982,4183.04392650723,13338.1176576912,15.3561900258064,560.287892460823,76.0783829987049,1846.74415910244,352.337627351284,5427.87434765697,613.83061632514,1257.1164085865,635.352635085583,2780.49570724368,542.861285626888,410.978689879179,768.603538602591,49.2201467752457,136.531740218401,44.4412676692009,413.713478177786,86.6802747249603,20.8975451886654,6.20719790458679,4.57218992710114,14.2435569763184,85.5176298618317,5.96865433454514,74.0313277840614,396.808165669441,57.3761006295681,581.998710542917,78.9954423904419,26.9773913025856,87.7908709347248,5.2453016936779,93.8432250320911,40.6978734731674,27.7187134027481,0,0,0,31.8860267102718,38.5645462274551,12.7915581762791,28.4506430625916,2596.44175297022,0,7.75377458333969,57.4666751027107,1737.35501855612,71.6868199110031,40.5860028266907,1.44359362125397,2.00544095039368,0.556874513626099,90.2795940041542,30.1695411205292
31.6838731169701,2466.63025957346,43.5532555580139,5998.55859944224,160.30980733037,817.649141430855,1078.34145000577,1569.93669527769,0,3388.85968869925,428.725827366114,2348.07222178578,896.911143958569,690.695248663425,3081.18381845951,264.756398260593,21.7700016498566,87.8344673216343,76.8787823617458,2711.14760866761,294.242959707975,10198.0722334683,139.041626989841,22348.7806895077,717.305283218622,63.7323758900166,2395.47173258662,6328.83351650834,646.128284186125,875.559910476208,36.0878873169422,280.719148129225,101.999065220356,340.152235329151,222.48109203577,1506.65048635006,167.125244736671,433.384966731071,201.87428176403,2847.62380731106,235.286679714918,278.41882905364,690.546192020178,23.7525016963482,166.021351963282,90.4554134309292,359.810040563345,57.8745270371437,21.0643811225891,39.5908610224724,5.48970285058022,15.6894044280052,3112.0517141819,26.4896498322487,266.199278771877,520.752396762371,199.579715579748,6048.192938447,1786.32407477498,57.2496707737446,852.422563403845,22.1139370203018,331.974464029074,231.810828953981,260.303072273731,18.3285863995552,21.743567943573,17.9723435342312,604.269981235266,429.642321914434,751.848905295134,181.595514595509,10089.8954983354,2.8794267475605,43.7849611639977,72.0692291557789,5911.78552028537,413.773206889629,362.70667758584,3.43085780739784,18.9922939240932,18.9276993870735,133.191823214293,120.625848472118
98.4246217310429,5.96571385860443,81.4745528399944,8387.5333326757,414.141260057688,15957.8830103874,25805.9277142286,13173.8618567586,3388.85968869925,0,2571.7593331188,3331.16790369153,384.801933020353,4844.70624341071,1460.52420884371,5.04539865255356,88.6363558471203,803.000217139721,656.492950558662,4952.68689057231,61.5954072773457,3.67270505428314,108.128103911877,1654.53826576471,24.7962612211704,279.26764523983,159.344436407089,19732.3593478203,3658.81543558836,235.488728016615,35.0027850866318,883.424550503492,27.6105954349041,2424.62915232778,2304.01463285089,10309.9219693244,485.792212665081,3296.57496032119,800.305087000132,2757.51698100567,1455.27285906672,566.893547356129,662.522770136595,56.3222394585609,85.3163436949253,34.9369355738163,1005.44020366669,66.9253351688385,25.7064507305622,0.514659464359283,0.904164910316467,0,1079.31195268035,46.1717604696751,416.429667174816,643.153344929218,49.1427726149559,1000.29622098804,580.819208979607,23.5670810341835,827.873921900988,5.36198037862778,34.0610736906528,344.00466555357,20.151269108057,0,0,0,320.4145219028,19.6094441711903,1.97948396205902,18.382315069437,3737.00710564852,3.20087194442749,0,0.622228443622589,2806.17989856005,28.3236640393734,11.9531415700912,0.814520418643951,1.43588823080063,0.849857449531555,49.2447872161865,74.8319767415524
50.6345957219601,210.071972340345,140.409753769636,66.080529987812,9.52219811081886,365.430142223835,1013.41885530949,682.342571973801,428.725827366114,2571.7593331188,0,442.417829692364,6918.5662958622,1837.99434569478,38.0970732271671,76.9351508915424,273.927250772715,15945.4365571439,2910.86199867725,519.488330215216,250.567474573851,241.510418668389,453.761401593685,328.499294966459,934.389350682497,3574.51618584991,551.414458692074,432.938711732626,4034.19336476922,330.115551918745,1220.79778170586,2290.94058784842,15.1781017482281,16566.6592393219,528.877511501312,3578.46906837821,3550.0669528842,11560.9084176719,2117.58731731772,238.66506293416,251.590931177139,2472.08557915688,185.537799149752,95.7272061705589,71.6225754618645,19.8256942033768,64.8188523352146,43.625662446022,86.0889579057693,0.508907377719879,180.432478874922,3.30743205547333,1.68303066492081,0.888000965118408,7.34680289030075,1.30607780814171,12.7879867255688,119.472876727581,0,1734.72301372886,4.16422879695892,4287.87912431359,8.6886560022831,1.04949623346329,4.14091441035271,0,22.2018057405949,2.73971608281136,0,9.04985404014587,11.0185596942902,3.76413121819496,159.632572412491,419.937337845564,265.608022272587,1015.85987862945,32.0624048113823,21.3512783944607,2.3127515912056,896.172728151083,0,0,66.4854991436005,262.001881450415
28.6868055164814,0,11.5651918053627,11206.7358504534,812.51771107316,11397.0422464609,562.342483729124,3234.58947405219,2348.07222178578,3331.16790369153,442.417829692364,0,88.4775356650352,1086.91895189881,4594.18775203824,0,19.4111387133598,120.741777420044,84.9749627411366,14216.0999795198,5.32340216636658,2.20618408918381,26.6470700204372,447.714812815189,1.38108432292938,42.7860807776451,16.8246417939663,545.085797339678,391.082284092903,94.6436298489571,10.1612624824047,287.198618292809,2.25316059589386,276.448849111795,2226.72985461354,1206.16477555037,53.7760770618916,399.992780148983,125.673401236534,3092.49337905645,172.405348241329,94.522594332695,191.351890772581,8.27302461862564,17.0269181132317,11.6998851895332,521.018911212683,17.4144784808159,1.80678802728653,0,0,0.423760384321213,721.477925211191,36.1563115715981,292.650262564421,58.1608385145664,34.7448522746563,638.312835842371,1066.52449136972,8.0314354300499,1026.44171220064,0,28.4007027447224,256.131226450205,3.31865048408508,0,1.49392455816269,0,207.784940838814,0.922442436218262,0,2.73187428712845,527.788473755121,0,0.494625866413116,1.58125567436218,655.951472699642,10.4609618782997,4.21675544977188,0,4.8391001522541,0,10.6313502192497,300.6091106534
2.3933345079422,1455.049690485,5.22384828329086,32.2664275169373,26.5866430997849,102.896670669317,159.714684486389,251.443313896656,896.911143958569,384.801933020353,6918.5662958622,88.4775356650352,0,260.369870394468,46.3285429775715,121.319521337748,0.752355098724365,76.9449331760406,11.7470936775208,97.1492779254913,73.0159827172756,1415.27317196131,68.9969060122967,1309.17033095658,14118.5781261921,176.661018550396,1429.06990981102,266.138080820441,377.472791045904,90.7422871291637,1337.31870958209,407.126577705145,1.3565713763237,3702.30707284808,160.404736787081,1089.1377903223,1606.32321494818,1809.70010787249,245.210926026106,616.596940368414,1535.33921810985,9420.69390535355,221.323265105486,136.452226966619,142.071897357702,37.295426428318,65.6813312768936,189.310766875744,146.329984694719,0,366.072372198105,3.23617804050446,3.6673372387886,4.02657032012939,16.333112180233,14.9659617841244,32.2763991951942,43.1548018455505,13.0483525693417,2457.23791316152,9.79875808954239,7366.18616271019,23.7167476415634,0,6.99177342653275,0,42.1082544922829,14.1472074687481,3.79171878099442,6.42676702141762,32.4372281730175,3.48116558790207,107.71663403511,1250.94204506278,952.717950999737,2958.16127851605,81.2659192681313,26.0259166955948,10.0430201292038,1621.06408831477,20.3693410754204,0,111.183838248253,36.5238896012306
21122.5119817853,7.27509582042694,1245.85303843021,152.825407654047,30.583849042654,2062.54551574588,23934.6503707767,21784.4099678397,690.695248663425,4844.70624341071,1837.99434569478,1086.91895189881,260.369870394468,0,113.859307438135,5.182343095541,1796.78332319856,531.133892327547,530.410035014153,865.360010623932,3271.07247178257,14.9181824624538,3031.92868706584,355.91541442275,15.2164539992809,640.856941834092,477.359182983637,2420.92335781455,18239.0328016281,16153.0006493926,41.265883564949,1078.61120527983,62.4980749487877,1925.24281799793,216.118984043598,2692.36600634456,432.234277278185,1250.49383041263,438.776081979275,511.045184165239,292.700482428074,257.627695202827,288.937998950481,16.7673937082291,54.9601274132729,16.9368798434734,105.383421003819,32.1729747354984,9.45930546522141,7.11501514911652,1.057288646698,15.3289678096771,9.35951310396194,3.49645590782166,14.6377652287483,100.971194505692,20.2315271794796,233.572624593973,2.4129381775856,18.7146624326706,20.3765803277493,29.4115871787071,12.9097129702568,10.7852411270142,20.4131401777267,1.38606572151184,0.725202143192291,0,2.18927335739136,27.5384519398212,5.8278381228447,26.0850435495377,1029.55328527093,0,2.72514814138412,56.1805930137634,609.545974999666,25.2673239707947,39.2493541240692,0,3.72991120815277,2.65758612751961,28.7727453708649,20.1108026504517
4.81060302257538,22.7397145330906,19.3850302100182,1501.54881933331,3184.25838395953,4918.73222047091,748.813661009073,619.378345251083,3081.18381845951,1460.52420884371,38.0970732271671,4594.18775203824,46.3285429775715,113.859307438135,0,14.2263551354408,23.5699059069157,8.11544027924538,4.09560126066208,1201.50924640894,219.115987449884,53.8260387480259,172.599202424288,2960.87590542436,11.9086010158062,29.0177942216396,55.5007635951042,1866.31559991837,81.4123477041721,445.470578998327,9.1730409860611,210.914262384176,9.56518125534058,60.1031895875931,787.339306950569,971.909332722425,70.381533652544,72.6520586311817,53.2963138818741,11130.7751549184,435.298186540604,67.856828212738,299.776538342237,14.100744843483,16.8015827536583,25.0033433437347,523.465600579977,15.6545660197735,6.2294482588768,1.53834918141365,0,2.16297924518585,441.727376163006,28.4304658770561,228.903757423162,71.5668013393879,42.7335479557514,397.344696938992,375.439211070538,11.429258108139,502.15378767252,1.5968976020813,40.0907306671143,196.07656159997,17.4401842951775,0.83283132314682,2.91899764537811,0,160.897139638662,20.2196569740772,11.3794328570366,15.1557161808014,409.68236503005,0,6.1131933927536,7.2336146235466,576.256616979837,24.9734589159489,13.8656804561615,1.95833837985992,5.30337238311768,0,20.6326253414154,1295.42021477222
0.586517214775085,372.904836684465,100.102128475904,2.16139549016953,5.63654947280884,4.49813187122345,14.1718570888042,12.159286737442,264.756398260593,5.04539865255356,76.9351508915424,0,121.319521337748,5.182343095541,14.2263551354408,0,68.2087169289589,27.7794885635376,52.7466242313385,3.19867098331451,4808.98291698098,7976.16090077162,6662.99906152487,4129.03808882833,99.6825566887856,164.191723078489,11759.3012645692,2073.07777652144,5.05655267834663,45.6763466894627,43.0353740751743,0.772022068500519,4.65847465395927,218.540821313858,1131.14096030593,4920.34996268153,1600.50733914971,1184.00296479464,1395.09926447272,52.6805640459061,30.235820710659,139.143592208624,919.652403861284,112.201473742723,420.058993816376,348.646877646446,198.628331363201,12.790865033865,10.3699501156807,24.1601691544056,33.2302471101284,356.677641630173,6.42955982685089,8.00062710046768,17.9978477060795,30.0798946022987,23.521919220686,245.174377560616,9.36079779267311,50.6596105396748,6.61348897218704,27.735779941082,58.1152838170528,21.6786647439003,13391.8796517849,74.9387022554874,6.21318927407265,24.2273927927017,2.76511985063553,2609.70297685266,3362.51655480266,11273.5440110862,1224.92502900958,3.11835107207298,181.463179767132,3931.68853893876,1367.60856369138,139.885507464409,244.744297862053,63.2197227180004,2.72277498245239,8.38438701629639,171.919825255871,206.09281784296
440.209306150675,22.0983789563179,30138.4365060627,3.48668766021729,3.01297646760941,79.6541478931904,130.071344792843,2329.55503633618,21.7700016498566,88.6363558471203,273.927250772715,19.4111387133598,0.752355098724365,1796.78332319856,23.5699059069157,68.2087169289589,0,265.425543189049,8804.71909299493,25.0368686616421,1112.70730951428,25.7808549106121,18550.9639306068,79.7773957848549,2.67802089452744,20389.6669375896,14463.7368855774,199.987329870462,2401.54087099433,3548.77191185951,2.4274260699749,35.013075530529,366.552370280027,10669.6675641537,597.873322159052,5702.55012086034,3465.89308074117,4734.13735193014,2381.17286801338,52.4884185492992,21.6703716814518,13.4866201877594,63.2236938178539,33.5903694629669,24.4934400618076,28.1270698010921,3.77279737591743,0,0,0,27.7067264914513,322.030892878771,0,2.32518821954727,0.387421280145645,0.468167960643768,0,4.41560798883438,1.52209675312042,0,0,0,0,0,20.6048949360847,40.6168996691704,0.564884424209595,15.8961629867554,0,23.4335566163063,23.5941524505615,47.4530043900013,16.5070894360542,1.23248827457428,216.644677877426,1802.56769904494,17.4251295924187,0,2.77389228343964,0.578053057193756,0,0.663969695568085,1.01825931668282,200.588010817766
19.4419794380665,1.43530738353729,54.5941889286041,20.0290707349777,2.39280438423157,119.744573891163,366.787060528994,210.912987947464,87.8344673216343,803.000217139721,15945.4365571439,120.741777420044,76.9449331760406,531.133892327547,8.11544027924538,27.7794885635376,265.425543189049,0,9538.03779700398,192.823088765144,89.2142435610294,1.05507135391235,178.749392807484,51.2813975512981,12.7139955461025,7877.62338188291,657.29224562645,115.718230843544,1096.77857667208,117.293027609587,597.120101183653,443.950600117445,2.86908930540085,3291.09562039375,512.021846413612,3716.34199249744,2692.21977394819,7341.51138305664,2100.12971976399,118.619453310966,72.1127496659756,96.9670264422894,45.5469757318497,55.575372248888,2.78665226697922,5.74528479576111,16.0319704711437,3.682244181633,6.47682026028633,0,13.2064558267593,1.46594107151031,0,2.23787105083466,1.20921945571899,0.876719087362289,1.26682192087173,32.5820552408695,0,248.42657315731,0.889313250780106,508.99509125948,1.25180268287659,0.858711361885071,0.423265397548676,0,10.518805205822,3.03239902853966,0,3.62069398164749,1.0823048055172,5.35239714384079,7.1908370256424,44.5513675808907,257.719635695219,374.939155966043,4.73500087857246,0.379817247390747,0,259.591898411512,0,0,2.03468149900436,242.414321601391
52.4067844152451,5.94763094186783,1548.64749258757,13.213153809309,1.87230485677719,82.4680024981499,322.006688326597,418.343454539776,76.8787823617458,656.492950558662,2910.86199867725,84.9749627411366,11.7470936775208,530.410035014153,4.09560126066208,52.7466242313385,8804.71909299493,9538.03779700398,0,170.167175680399,475.738915622234,5.83463281393051,2260.00756287575,52.0520586073399,14.3818170726299,12702.9958104789,3058.45730215311,176.711323291063,1073.14985114336,323.003477752209,192.373789161444,154.880836248398,52.1917267739773,8767.78294169903,747.443785876036,9490.08944681287,4208.659542799,9039.47921338677,3779.81097909808,143.053722798824,42.1594850420952,42.4462712109089,31.2162785828114,34.7312513291836,7.6571918129921,21.4902609884739,19.7668124139309,0.386455625295639,3.54374641180038,0,8.9731251001358,28.7990624308586,0,1.07197821140289,1.5587186217308,0.435358256101608,0,15.5717804431915,0,95.1643515527248,0.916285127401352,148.966659128666,0,2.37794023752213,5.8227718770504,3.72444194555283,12.9883132874966,11.1689882576466,0,3.74776893854141,4.2144760787487,16.7394661307335,13.1247593164444,28.8719806373119,590.619112253189,791.99455088377,1.92881953716278,1.96882230043411,0.338145613670349,132.870522707701,0,0.502305090427399,2.5629671216011,460.068384945393
26.2824463844299,0,18.2410394847393,23156.839437604,223.882598489523,1887.23896530271,428.448690146208,2455.13664245605,2711.14760866761,4952.68689057231,519.488330215216,14216.0999795198,97.1492779254913,865.360010623932,1201.50924640894,3.19867098331451,25.0368686616421,192.823088765144,170.167175680399,0,17.0735299885273,0,27.1898639798164,1187.24602359533,0.503387629985809,71.0693371891975,38.1208671033382,2001.83612620831,724.20859348774,47.9530788958073,4.33420196175575,261.222501248121,1.52462273836136,361.271642655134,295.709429711103,3223.06909960508,143.167296826839,537.195629030466,189.605994671583,1532.96781617403,424.142579346895,179.217510312796,363.371730208397,27.3165971934795,53.5380039811134,14.2923477590084,736.433136463165,35.7868198156357,7.61138999462128,0,1.80353581905365,0.468320220708847,1151.88086807728,26.5938544869423,337.321459710598,336.567669093609,48.3926962316036,828.23368370533,733.814105570316,2.9451299905777,900.957434684038,0,27.7285518944263,307.071933865547,5.36309996247292,0,0,0,312.41856816411,3.63181337714195,1.53009098768234,9.69541954994202,2147.61095705628,0,1.68663722276688,0.658683001995087,2011.66198021173,35.044587880373,10.4918484687805,0,7.10137739777565,1.35315024852753,48.5475965738297,5.74076628684998
892.778035968542,100.699188023806,3346.18185245991,14.6406301259995,101.310711950064,271.557798296213,1436.07884591818,5838.59818828106,294.242959707975,61.5954072773457,250.567474573851,5.32340216636658,73.0159827172756,3271.07247178257,219.115987449884,4808.98291698098,1112.70730951428,89.2142435610294,475.738915622234,17.0735299885273,0,939.929223418236,54723.96677953,1418.92288771272,27.1360602974892,534.958409577608,3299.55968117714,15206.4417530298,3035.73372781277,42498.3962376416,15.9693161547184,32.9514143168926,1057.46868020296,15142.8136443794,5621.91561663151,15864.2461260259,3497.73471683264,18033.7166015506,8518.54572570324,198.174569636583,117.551260590553,147.536105901003,428.705032706261,80.0060682296753,122.071773350239,107.192155390978,296.369316846132,18.9371862113476,7.20540177822113,25.5605226755142,7.18433916568756,124.953659892082,8.00004327297211,12.1355273723602,17.7584516108036,47.4963208436966,40.0363095402718,196.487591028214,14.0560930073261,27.0261858999729,13.0090103745461,9.84282118082047,108.659097701311,27.3932333886623,1825.96178138256,50.1524012684822,4.67952072620392,9.21451726555824,4.47563436627388,2567.92838054895,1148.76296937466,1765.44819265604,929.28806951642,2.11196166276932,61.8190221488476,706.27922731638,1728.53467604518,214.422070205212,444.548037827015,22.4558599293232,1.62145394086838,18.3589243292809,85.3321962654591,495.335748165846
0,3035.70607471466,71.3550320565701,9.74873501062393,0,2.24322211742401,14.0713196694851,9.6314802467823,10198.0722334683,3.67270505428314,241.510418668389,2.20618408918381,1415.27317196131,14.9181824624538,53.8260387480259,7976.16090077162,25.7808549106121,1.05507135391235,5.83463281393051,0,939.929223418236,0,521.861242324114,17081.9489933848,838.235565125942,24.099719107151,10703.7939133048,1286.11954924464,22.9655959308147,39.3779625892639,32.3951554596424,2.58096185326576,4.39349150657654,187.656301110983,26.7246441841125,203.013443082571,41.2415998280048,91.884975194931,51.4389038383961,62.1498611569405,5.38497507572174,320.987694889307,285.920018911362,28.02786937356,137.057306319475,118.925892412663,13.0409377813339,1.1790109872818,0,3.18266117572784,7.48931860923767,57.2119642794132,0,1.49890649318695,2.77245217561722,8.4463646709919,8.91007855534554,112.072045683861,0.407086998224258,4.83897542953491,3.69242924451828,23.7625252306461,25.1130321919918,11.5626921653748,2933.56747683883,40.4979156255722,2.37371343374252,13.0454500615597,1.22690308094025,524.253402709961,1312.20251372457,1485.06604188681,417.458699196577,9.84421265125275,43.3266997635365,1889.33310797811,320.698060572147,40.4584244787693,54.2541262209415,5.81813985109329,2.54343223571777,0.720054686069489,38.1815297007561,48.3215433061123
1081.40066632628,60.7879634797573,32924.966907084,21.7593413591385,94.7441307008266,147.930606037378,502.239420354366,4864.62986661494,139.041626989841,108.128103911877,453.761401593685,26.6470700204372,68.9969060122967,3031.92868706584,172.599202424288,6662.99906152487,18550.9639306068,178.749392807484,2260.00756287575,27.1898639798164,54723.96677953,521.861242324114,0,1059.23307725787,12.2668463289738,5881.80549860001,30345.1407865137,4250.81891801953,2233.96322032809,18032.3948000073,56.596551656723,48.4886264204979,447.179969847202,16521.5322291553,9752.2628775835,38064.9590738416,18832.0697627068,31700.0438582897,22303.0024707913,300.697443664074,204.068649530411,213.929749965668,1347.59155660868,174.687040090561,562.906675338745,592.050702422857,200.363980382681,17.7477775812149,12.1127934455872,3.88803413510323,30.5858097374439,2319.55525934696,1.68185886740685,21.2696534991264,11.3559575676918,28.6286718845367,19.1106537282467,131.512807220221,9.6268649995327,41.2423717677593,7.16161733865738,37.4981231689453,40.7915609776974,19.3365105390549,7754.23051795363,223.276351958513,13.5216701626778,64.9209272265434,0,1645.98059496284,1313.5858284235,10650.8033687472,676.455174803734,2.54169997572899,289.16234087944,11870.5923122168,693.188101172447,58.0738293528557,145.979228526354,56.2128123939037,0.898936092853546,5.51929542422295,138.458359181881,1562.14771315455
34.8615643382072,3964.76847580075,193.816687345505,9342.31226739287,60.6722053289413,346.661848187447,3557.7133140862,817.071246355772,22348.7806895077,1654.53826576471,328.499294966459,447.714812815189,1309.17033095658,355.91541442275,2960.87590542436,4129.03808882833,79.7773957848549,51.2813975512981,52.0520586073399,1187.24602359533,1418.92288771272,17081.9489933848,1059.23307725787,0,1099.75799886882,205.210000276566,10235.2765319198,20626.6181764603,745.425616055727,2684.20677998662,42.2731847167015,78.9059115052223,268.227749079466,658.285981982946,835.102458894253,4803.75680744648,730.840184748173,1055.15486121178,602.536170303822,1466.63827469945,232.329815983772,374.626042991877,2532.48314714432,112.473573923111,757.058812618256,273.950055658817,885.47128906846,227.647900909185,51.4523257613182,107.416458964348,29.4754837453365,174.167228221893,1164.13957294822,28.5011904239655,236.574584811926,1112.7790158987,624.01153293252,2711.84911051393,746.283228963614,115.953737556934,380.987652808428,23.7946713268757,1285.82686835527,156.486743032932,1193.12425687909,66.2035915255547,3.35595139861107,11.8545619249344,249.6142129004,1438.9084752202,1652.9554155767,1027.18049046397,12200.6702461243,10.0406106114388,62.8442923724651,1258.16995751858,9623.27373483777,1186.43913817406,1138.14066424966,11.4247789084911,43.4921942651272,44.0612108111382,432.049842357635,152.604894280434
1.00442397594452,1839.02737373114,13.7799807190895,3.20587468147278,0,1.74114713072777,8.87126049399376,6.03759932518005,717.305283218622,24.7962612211704,934.389350682497,1.38108432292938,14118.5781261921,15.2164539992809,11.9086010158062,99.6825566887856,2.67802089452744,12.7139955461025,14.3818170726299,0.503387629985809,27.1360602974892,838.235565125942,12.2668463289738,1099.75799886882,0,272.815548747778,13744.6068873703,66.8783663958311,35.6846268177032,4.80830064415932,1679.55088734627,25.8091583848,0,809.237904250622,2.88246840238571,48.8262975513935,132.645716160536,193.605344265699,5.07283991575241,14.9358077347279,7.9207102060318,3554.32865771651,30.0027280151844,58.229917049408,21.5660753846169,7.97290033102036,0.591705799102783,0,17.3662782907486,0,573.521102547646,31.0114406943321,0,0,0,0.321847438812256,0,3.66221517324448,0,371.346307843924,0,1582.35659068823,2.7687406539917,0,4.47764483094215,2.39116877317429,16.6675919294357,24.4586542248726,0,0,20.9663872420788,5.51988977193832,9.63649150729179,868.221396744251,749.039451152086,3652.89322708547,1.74942418932915,1.57401025295258,0,366.667806178331,0,0,8.12555468082428,0
90.5603949129581,86.359454870224,15841.4383897483,17.7915784418583,3.2894287109375,44.9764013886452,237.112755656242,724.476863577962,63.7323758900166,279.26764523983,3574.51618584991,42.7860807776451,176.661018550396,640.856941834092,29.0177942216396,164.191723078489,20389.6669375896,7877.62338188291,12702.9958104789,71.0693371891975,534.958409577608,24.099719107151,5881.80549860001,205.210000276566,272.815548747778,0,29018.142995894,385.660285830498,789.352616131306,673.468836337328,1534.33771261573,89.803975880146,99.1621511876583,5468.71484193206,1451.53335848451,19516.1521706879,17181.055275023,9086.46853396297,4908.40810164809,488.74171730876,60.8001919984818,341.657202810049,300.934345036745,531.304226458073,182.567568808794,103.885461360216,125.200749456882,1.73978891968727,69.6814632713795,1.07204288244247,224.246101856232,574.12051871419,0,2.11087954044342,6.40762534737587,2.26496613025665,1.95859506726265,35.7031385302544,0.800246685743332,1358.93220928311,2.37603944540024,2949.82706061006,2.78550064563751,3.73049941658974,19.0419100821018,144.612715989351,187.260366797447,334.182827442884,0.373993307352066,25.4272176027298,67.0878540277481,38.4897230863571,31.2496791779995,850.15727648139,10788.9426627755,19460.2268038094,30.2327757179737,10.7665160298347,5.05906042456627,2086.20784911513,3.3178197145462,0,58.0120239257812,701.180374115705
107.542158544064,11193.8036755025,47246.6744607389,28.6264807879925,8.0327622294426,41.259136736393,210.675819605589,762.950304612517,2395.47173258662,159.344436407089,551.414458692074,16.8246417939663,1429.06990981102,477.359182983637,55.5007635951042,11759.3012645692,14463.7368855774,657.29224562645,3058.45730215311,38.1208671033382,3299.55968117714,10703.7939133048,30345.1407865137,10235.2765319198,13744.6068873703,29018.142995894,0,3866.06446373463,589.080189526081,742.713072091341,509.223480552435,49.5189769864082,59.9541750401258,7526.74224635959,4250.36242777109,34046.0237850249,11803.3597373366,15055.9264058471,12275.4641312063,397.924355179071,97.2099840939045,257.333834886551,5422.6130284965,2330.41736769676,2057.50762677193,2170.89562118053,117.435091286898,17.8808556199074,96.6912782490253,7.72025418281555,5732.08166414499,12064.04520455,0,12.0753479897976,6.84163442254066,24.7204270660877,34.4263824224472,510.924008965492,1.12595093250275,1279.02195033431,4.68996667861938,3269.89938831329,58.4843531847,26.5861043930054,5480.12382155657,2137.56883478165,432.081027656794,2075.95070591569,0.582996547222137,493.892644524574,2766.57588100433,9006.2645406425,813.661009013653,3677.82531288266,27705.2491981387,166950.508905709,367.897329002619,28.7989041805267,124.307398915291,2394.18105354905,0.53262335062027,0,369.338673710823,1649.2270309031
322.41960978508,199.122260451317,764.158205837011,6592.89143517613,137.446474850178,3019.13869807124,52320.4749562442,4553.32475925982,6328.83351650834,19732.3593478203,432.938711732626,545.085797339678,266.138080820441,2420.92335781455,1866.31559991837,2073.07777652144,199.987329870462,115.718230843544,176.711323291063,2001.83612620831,15206.4417530298,1286.11954924464,4250.81891801953,20626.6181764603,66.8783663958311,385.660285830498,3866.06446373463,0,3247.81497633457,27216.1123239398,39.9094798862934,198.762878775597,1046.29901272058,3058.98226684332,4514.48552840948,18329.2126874626,2258.63422745466,5559.00153917074,3154.70009163022,1388.39898139238,826.83354690671,503.138005554676,3169.12942606211,221.512581259012,851.610932826996,328.425328433514,1598.91497462988,293.590437173843,43.4428527057171,139.548228353262,18.6071509718895,161.061441242695,1207.28772181273,40.5646493434906,350.594978183508,1411.48018670082,682.236562073231,1888.07630804181,844.699979841709,105.484344393015,430.963484227657,8.70537161827087,1551.31223618984,183.439194411039,1166.86972025037,86.4740915894508,5.90042322874069,9.13901734352112,210.694769442081,2267.04267543554,1010.94571867585,1361.43835121393,12121.5557728708,4.101158618927,82.7867604494095,947.621575713158,11257.3799009621,1494.09540341794,1751.54225859046,24.7733541727066,29.712051898241,80.0161176025867,568.250241994858,376.523484110832
7713.07833892107,9.97176051139832,573.233979985118,433.268275439739,4.50650888681412,859.910496026278,10062.6781468689,4183.04392650723,646.128284186125,3658.81543558836,4034.19336476922,391.082284092903,377.472791045904,18239.0328016281,81.4123477041721,5.05655267834663,2401.54087099433,1096.77857667208,1073.14985114336,724.20859348774,3035.73372781277,22.9655959308147,2233.96322032809,745.425616055727,35.6846268177032,789.352616131306,589.080189526081,3247.81497633457,0,22124.9494178891,73.6975935697556,1401.26893606782,7148.26241108775,9923.32130086422,185.099566310644,1579.8745919168,420.778587386012,1752.25185778737,396.468730330467,216.282596409321,196.886944830418,175.179313153028,298.861117720604,13.2314754128456,58.2978524565697,24.851667791605,105.259458690882,15.5354990959167,5.73762798309326,6.91549474000931,4.65337896347046,20.2141898274422,5.02876922488213,0,16.2147006690502,48.9844207167625,23.7502823770046,252.897689819336,4.96586000919342,11.9787709712982,12.4605740308762,33.4230229258537,44.0002538263798,7.49388283491135,13.291949659586,1.0895337164402,0,0,2.2303751707077,56.0206019878387,7.08856484293938,15.46928820014,800.919635206461,3.29254752397537,0.958790898323059,54.5456651747227,729.570059090853,46.8586374223232,61.5976757109165,0,1.40065336227417,1.10477435588837,26.1815348267555,10.906145632267
12020.8626536131,6.79943132400513,1980.37397381663,20.8761640191078,77.6403258442879,548.789731651545,24698.922709167,13338.1176576912,875.559910476208,235.488728016615,330.115551918745,94.6436298489571,90.7422871291637,16153.0006493926,445.470578998327,45.6763466894627,3548.77191185951,117.293027609587,323.003477752209,47.9530788958073,42498.3962376416,39.3779625892639,18032.3948000073,2684.20677998662,4.80830064415932,673.468836337328,742.713072091341,27216.1123239398,22124.9494178891,0,10.5025359392166,72.1823263168335,3916.57298234105,6828.78388312459,3763.78927177191,9622.96845775843,1344.06781044602,7035.50887265801,2735.06633225083,406.086162269115,352.052591204643,181.757371604443,695.499325454235,60.8979524970055,150.814855217934,91.0537982285023,275.352858543396,46.9363431036472,14.8725143671036,32.5431680679321,1.0247266292572,33.4147813916206,28.4801329672337,11.8333116173744,41.4515663981438,120.096433520317,130.699848711491,256.461077868938,22.8382053971291,22.1868976652622,18.9286114871502,7.2129987180233,293.443852573633,21.7342137992382,179.440850228071,25.3266829550266,3.25137835741043,0.949233025312424,5.33624157309532,471.725865393877,149.727007269859,214.0674687922,1512.60094475746,0,32.1196399629116,147.651495814323,1732.696734339,287.791124463081,359.0843064785,12.5145843327045,6.35855087637901,18.6512271463871,106.253853350878,295.616786897182
