0,0,0.0208868044547803,0.00188073981934276,0.000380148400890056,0.0038049678662422,0.698566797806853,0.0403045665900992,0.000999656212596422,0.019879859232275,0.00109604076010872,0.000832396303188792,0.000413742796809387,0.731099963200278,0.000798195001264271,0.00010292689209683,0.180841571079851,0.00388281907456298,0.0161363116523417,0.00124160515860857,0.0295348298660352,0,0.0457554123829084,0.00193619407877198,0,0.0246032649521384,0.0156452631442806,0.0127613701261402,0.391621821649828,0.428795928933562,3.44013713472426e-05,0.000422089037939137,0.00113066911561213,0.0515891172233431,0.00111296553024848,0.00527215350329689,0.00191263521057305,0.0244479347140991,0.00458614600871955,0.000515909908053002,0.000782236263047991,0.000190221456392533,0.000537725479277429,5.80985439119577e-05,4.10238088309706e-05,0,0.000111694220353901,4.78850643457353e-05,0,0,0,0.000378315058678061,0.00023031171646767,0,0,0.000123195857382915,0,0.000349293571761417,2.86921437420279e-05,0,0,0,2.30677471564978e-05,0,5.64448351215094e-05,0,0,0,2.98683288293689e-05,0,0,7.87563378756523e-05,0.00129686841350796,0,0,0.00119129688271199,0.00101827994362428,0,0,0,0,9.17859482984665e-05,0,0.000270831896227527
0,0,7.18526716120186e-05,0,0.00117468692716117,7.45305057203886e-05,3.56436844473243e-05,0.000116138158402586,0.195553329653938,0.000108039164130747,0.0116947826713089,0.00160897786700931,0.118006932527133,3.97018579807222e-05,0.00936051466114104,0.0104870266625801,0,0,0.000123324767396462,0.000129249379522842,0.000976028407410582,0.244048182606524,0.000703152890117507,0.295095043143904,0.157095083102103,0.00161178523196213,0.213716051381504,0.0028010251876408,4.21792436929107e-05,0.00011265369736954,0.0106738466950245,3.09939733300805e-05,9.03403016524699e-05,0.000852158996111465,0.000235170165787554,0.00322694065398402,0.00222943002535863,0.00133091053896039,0.000491438656480491,0.00359971486163348,7.95299617344142e-05,0.0381557473321305,0.00345611789339358,0.00394199677302498,0.0010044133579295,0.000295235349637914,0.000169509234983724,0,0.00109665912101533,0,0.00957806117830423,0.00123733279460608,0.00040696615902271,0,0.000112991033265889,0.000192384400776082,6.44489946168688e-05,0.00107356252807467,0.000160453742161054,0.0106956160124426,0,0.0207266017834908,0.000138601602854014,0,0.00239632466338382,0.00158673623820159,2.86307214751541e-05,0.000281754680809569,0,0.000573744520752722,0.00843271709993893,0.0010783388905998,0.00110236922083083,0.00480272105502353,0.0100162186625163,0.087234254912018,0.0012041467816333,0.000228231584451187,7.12941637555363e-05,0.00240308003295122,7.68974101939199e-05,0,0.00166063447145181,4.88151604438365e-05
0.0208868044547803,7.18526716120186e-05,0,0,0.000439935793383127,0.00675598345489345,0.15903654093184,0.0689630920989671,0.000373636065671522,0.00187975461593259,0.00122015133374206,6.54848014585255e-05,0,0.075631514613117,0.00101522168490811,0.00867373318087099,1.32802820536759,0.0134509933132146,0.0938338003075503,0,0.264470556148639,0.00022700722402868,1.7187513715681,0.00677083081248462,0,3.3471765522864,1.59456701795838,0.0401455065885504,0.0128328505943928,0.15679813632735,0,0.000733565150607948,0.00014297130209609,0.204949446935181,0.0248113783037136,0.287401711227163,0.134955115603644,0.160854085267475,0.0802986200352908,0.00323860756724393,0.0023320102729044,0.00159570393677488,0.0142633196445601,0.0585760659163497,0.00397900085222859,0.00197243194028667,0.000536614837555325,0,0,0.000199563774995151,0.000924733225579821,0.0324061157149009,0,7.91612110327956e-05,0,0.00100805272960269,0,0,0,0.000129804985090089,0,0,0.000370199871384326,0.000397520691080093,0.00106613114031137,0.0124429004124248,4.96185460979879e-05,0.000898493725724685,0,0.00136387362412614,0.00102228060841073,0.00474179930164009,0.000491466917617142,0,0.0223179301555047,0.226360477548821,0.000488847988173041,3.5755483523351e-05,0.000278360364042249,0,0,0,0.000570181604595241,0.00745520623403788
0.00188073981934276,0,0,0,0.00446226496541082,0.0243044449667834,0.0100627991935559,0.0169775560784542,0.0796449735341699,0.247708608276151,0.00412196999093848,0.0405016448019347,0.00253893751371543,0.0296749355631461,0.0312236134751012,2.87559445910901e-05,0.000298693623414215,0.00273101755119085,0.000854619143292052,1.07659575157724,0.000146602682951936,0,2.93207864462584e-05,0.268900032547116,0,0.00169024398616289,0.000154531788562083,0.7326040828731,0.0451923910305597,0.00151648400770796,0.000191259097161049,0.00671921583418263,0.000315077017583293,0.0204974462560232,0.014043984917306,0.11553986938745,0.00129733427282684,0.0310147953147732,0.0052673468076596,0.0605451516180804,0.0223968259556148,0.00365506157829667,0.0395526905691489,7.65956102012037e-05,0.00146896774929114,0.000837692365926018,0.120581626179482,0.00346520106080101,0.000277373701869893,0.000265826037656802,0,0,0.103918938131886,0.000974633977409403,0.00506624044689183,0.0127635650718809,0.00206145913697702,0.0305561714753281,0.0464546043318951,0.000568221717621162,0.0519740290978517,0,0.00313975887904676,0.0118400629082694,0.000299616309533697,4.14829342294156e-05,0.000151196970628482,8.30477914761125e-05,0.0716011107639638,0.000712109093797215,0,0.000479752914523944,0.167196387494464,0,0.000214455320130342,0.00041157540567691,0.130565466429093,0.0046178998067038,0.000873293041646242,0,0.000114991399938124,0.000483602448882943,0.00538254382450636,0.0012833403063431
0.000380148400890056,0.00117468692716117,0.000439935793383127,0.00446226496541082,0,0.0843157463015909,0.0134011481714558,0.0115595282991977,0.037121605488484,0.023337751224235,0.000402411219837099,0.0708523590668978,0.000258611062784866,0.00093246847959819,0.274424838964776,0.00517040931691624,0.00139599277347717,0.000349767623762899,0.000110354033072078,0.0108117497374269,0.0175052296951123,0.00163958902762746,0.0332339761475538,0.0501747089238117,0.000762813136061489,0.000313230255140168,0.00560089108593579,0.0175158783828523,0.00225133277761909,0.00889123672739483,2.55328857413411e-05,0.00459830164539582,0.000271541224096018,0.0796400874673969,0.307861496528707,0.0279657342636102,0.00170846842579853,0.0020097323215112,0.00368185055349002,1.15607032367958,0.299438901417665,0.00111105815680831,0.00357137932620714,0.000857920217352316,0.000505934475240165,0.000243883100878519,0.0121957847726468,0.000313813443881488,0,0,0,0.000602524565389925,0.00548932782662267,0.000108376210559928,0.000194339180178159,0.000302730732497984,0.000244824328131858,0.00106243077105012,0.000951247361219233,0,0.00477930879813633,4.92245012981891e-05,0.000169662549745667,0.00124414042442361,0.0001224967313277,0.000122328695636761,4.98144468126118e-05,0.000259958660045308,0.00204523481644301,0.00191346375701813,7.45048040829062e-05,0.00303046710668758,0.006556064457978,0,0.000191286208046585,0.00200202846896737,0.00354449449358028,0.000363129927181041,0.000243307643957603,0,0,0,0.000197256517897701,0.13600954723136
0.0038049678662422,7.45305057203886e-05,0.00675598345489345,0.0243044449667834,0.0843157463015909,0,0.388665876673357,0.868818264705311,0.0315036611356473,1.22784417602032,0.046497637136186,0.577617944661881,0.0131336800874884,0.135028282058181,0.184419917429448,0.000395226286705774,0.0132665921674529,0.0207330608662724,0.00540309572014415,0.056269428787111,0.00451900710616639,0,0.00733852219578401,0.014710073210538,0.000424073139222685,0.0230785404188052,0.0052312580483978,0.091245052074864,0.043522131238739,0.0146476136056936,0.00338448172608361,0.0310301096228983,0.00257310905479675,0.0455590219307808,0.831595896660267,0.241552603139172,0.0124188682139879,0.0585753945086802,0.00833879966014995,0.376593953351662,0.192399508424646,0.0220825147291372,0.0103993174556103,0.000685263933407467,0.000151168212446234,0.000597277131232512,0.0197594357543098,0.00117812331188729,0.000314603279806039,7.10170560739933e-05,0,0.000170994496735153,0.00656819637167722,0.000594933466021147,0.000444508342456246,0.000839943268336418,0.000349022053462359,0.00356434176614325,0.00162735918261481,0.000585616810968226,0.0173296885642332,0.000417628030849496,0.000775582755453448,0.00167029473355492,0.000877096306963728,0,0,0.000114299261087114,0.00334217002449996,0.00154795335278129,4.3711549572283e-05,0.00166154139303698,0.0235707812354653,0,0,0.000749084805218377,0.0132751764039176,0.000563242550970337,0.000543016628690356,0,0.00010984447944597,0,0.00011712291809007,0.0693197634613607
0.698566797806853,3.56436844473243e-05,0.15903654093184,0.0100627991935559,0.0134011481714558,0.388665876673357,0,1.26280496367962,0.0595404392748455,0.943645642498878,0.052342297956612,0.0193245012203973,0.0133713375684738,1.29121073357041,0.057548306004867,0.00177486980980895,0.0923275321332335,0.0310470238465303,0.0207580618065787,0.00931628887314506,0.250653846248675,0.000294971991646844,0.138075362915867,0.259224335673737,0.000487453474378735,0.0908817746155996,0.0460845172689131,4.24989234771971,0.550855880587447,1.09346896430457,0.00198935792923556,0.0235657619157191,0.0309356529495766,0.13865782157338,0.0689348309546987,0.315125154308871,0.011342353398842,0.165987161777131,0.0265519217294069,0.0797251148905548,0.0663983001452879,0.0126486436372998,0.0908786903486392,0.00109620696377719,0.00373780526546907,0.00232641172078554,0.0505334011536277,0.0124827694148423,0.00027875259586347,0.000687099581834859,0,0.00108134054896271,0.0530147165064051,0.000633331868580136,0.000987458603180816,0.0232980824397826,0.00838383313771981,0.0347953931039312,0.0117795890843799,0.000499227227685034,0.00707259065305772,0.000289711973285186,0.007818494745426,0.00374757216956208,0.00172978239993519,4.60572277230978e-05,0,0,0.010922271693831,0.000814448039988349,0.000264554111303693,0.00196407528976522,0.197749067896719,0,3.87344815584243e-05,0.008557251805818,0.206864051558483,0.0150758173004768,0.000906842097866017,0,0.000148535487606317,0.000547983464420709,0.00974630976853685,0.0119652700939891
0.0403045665900992,0.000116138158402586,0.0689630920989671,0.0169775560784542,0.0115595282991977,0.868818264705311,1.26280496367962,0,0.0131132286036311,1.21883710458277,0.0348601979032115,0.19205698010528,0.0095637994051761,1.58784309700106,0.040893432911884,0.000190844873452628,0.181798001817286,0.0181154447823212,0.0199615523726328,0.068766232227265,0.0421603196492181,3.08865791064173e-05,0.0712063883367601,0.0188223505247637,0.000333415318748528,0.0625277538692375,0.0260024509998172,0.0985533085081583,0.225883048621455,0.177792292695977,0.00211530117283148,0.0130824642767934,0.0168466180588809,0.1064003191242,0.0283246977279713,0.138376862176953,0.00686872334111224,0.0963041882309402,0.0155847483836396,0.0639097146570035,0.0332832703875868,0.00940066378779263,0.00724362227205274,0.000332298933388409,0.00018759651669592,8.25631434527756e-05,0.00634652075200259,0.000624814335253808,2.35081219382673e-05,0,3.56063584177852e-05,0.000412659456411746,0.00387412183163954,0.000166611514377972,6.44077474498392e-05,0.00125992775617995,0.000221788841329461,0.00495354744292792,0.000959114688441712,0.000473454114664602,0.00663375900362051,0.000573427051445156,0.000197656982393703,0.000279992897928492,0.000194116343781811,0,0,0,0.00116333034746226,0.000312639010832268,3.45483406841636e-05,0.000785521934407901,0.0211034971656793,0.000183623608382958,6.8349094319558e-05,0.00101375946245798,0.0162863271703421,0.000423096859780586,7.05180965653506e-05,3.0972434687525e-05,0,0,0.000588448192174029,0.00305147020070351
0.000999656212596422,0.195553329653938,0.000373636065671522,0.0796449735341699,0.037121605488484,0.0315036611356473,0.0595404392748455,0.0131132286036311,0,0.0685159283999093,0.00816292300635299,0.0757966304753955,0.0800896246505934,0.00925412883634922,0.0820843889124179,0.0170173312201903,0.000853374602056535,0.00245954657811032,0.0009469694173562,0.0586614053698796,0.00463276170430696,0.509627922006463,0.00220173161669068,2.47257435845124,0.198208665732244,0.00436505413577227,0.897520810748054,0.227043037681773,0.0325834540503015,0.00437952696093599,0.0103419581670441,0.0173770731208018,0.00792774228834453,0.0147790338118672,0.0185547559988712,0.124301962318471,0.00623705770268194,0.0205926602306834,0.00548686807745944,0.1564440536965,0.0255143297646744,0.0119404790021444,0.0792352087056356,0.0059281713327874,0.00363914083074179,0.00166372441158775,0.0505565257429949,0.00937667588545003,0.0011239649360281,0.000870748848054348,0.00354856648345777,0.0011306326560797,0.060043409612,0.000942852897144584,0.00268016987798402,0.0144486003210762,0.00876391642373224,0.143548915391246,0.0112439653938337,0.00549109177860312,0.0238528779217337,0.0108681706267579,0.0105863104123129,0.00725170736047421,0.0165632703107481,0.000830087269296163,0.00091346300231639,0.00114249636130841,0.0112096531269556,0.0613316207766635,0.0480840364784052,0.0120124129188112,0.312051932210198,0.00287760515137982,0.00423759333198304,0.0349210666269716,0.172622746886284,0.0164397503415479,0.0075310177329087,0.00163458103614076,0.000907957951901532,0.00149551526506554,0.00750903033435426,0.0105231515081139
0.019879859232275,0.000108039164130747,0.00187975461593259,0.247708608276151,0.023337751224235,1.22784417602032,0.943645642498878,1.21883710458277,0.0685159283999093,0,0.112258304789659,0.110901639598828,0.0317218385807818,0.440074635093284,0.0988145928687964,0.000133131770309782,0.0022709177377007,0.0704301656227216,0.0209230655327045,0.161893648732147,0.00205566527069544,0,0.00171689746215584,0.0653121230779523,0.000648107272631779,0.0562166718389313,0.00651296488579955,0.849293275183209,0.164670658987496,0.00945635211189733,0.00277077391279225,0.0852663583537909,0.00194148366468133,0.154880346226415,0.0738310263762101,0.63669062064184,0.0230450279430465,0.249518158178007,0.0256992323932605,0.25066130769151,0.153521569542085,0.0358327928891257,0.0340475835844086,0.000607678646385706,0.000859385079285969,0.00097237445954198,0.106360294197055,0.00156514663990263,0.00159163706780012,8.02667642267912e-05,0,0.000104689215824458,0.0322572942108801,0.000784858311881705,0.00269755021040992,0.0113953685584007,0.000656226609589721,0.0245412808885279,0.00483097161469661,0.00015498298408364,0.0432138350600251,0.000231426035565439,0.00130662618986324,0.0117107952066175,0.000497857501421365,0,0,0,0.0249985944491246,0.000852536419401787,9.28139376222012e-05,0.000456886228976971,0.134371110469691,6.23523705893755e-05,0,0.000308991339830673,0.0838142032013512,0.00172685394819991,0.000707467310652474,0,0,0.000237755934101432,0.00256685988427378,0.0053441983030284
0.00109604076010872,0.0116947826713089,0.00122015133374206,0.00412196999093848,0.000402411219837099,0.046497637136186,0.052342297956612,0.0348601979032115,0.00816292300635299,0.112258304789659,0,0.0798231610691174,0.493627857562435,0.0422114381322912,0.00133476234525579,0.000409621469919276,0.0189676558577659,0.614583166074726,0.0472259187130415,0.0309298652954128,0.00400810920405265,0.0128716562201253,0.00648706505471761,0.0040717348378764,0.0435615621554506,0.24964336806796,0.0128686098905035,0.0130112377874146,0.060774218570499,0.0120810069423469,0.026706659850928,0.0383764256421925,0.00106893847860274,0.700048457792585,0.0063588573875475,0.0916532446748546,0.336607320764866,0.409947879296536,0.0624364729002222,0.00822854918014842,0.0031555647614589,0.179561827267857,0.00197366884873003,0.152070425870771,0.0262772555015598,4.71206501134455e-05,0.00269293033726364,0.000673449384274396,0.0530882497748796,0,0.0188593058535066,0,0,0,9.98660624551592e-05,0.000301709812267191,0.000566389537086618,0.00915118528655955,0.000527707188184246,0.186634845747676,0.00292476173731865,0.300951204609172,0.00541298177711234,0.000159526925421262,0.000378857070714754,0,0.0001808579819296,0.000104237424229061,0.000591239969700736,2.95219585103601e-05,0.0212985258966434,5.57520506825387e-05,0.00350821873471927,0.0155657706799708,0.0212100245056371,0.0300507220423198,0.000378251322578234,0.00405380836088912,0,0.0497715493665965,0.00323385856507933,0,0.0876382034005724,0.0031357188581518
0.000832396303188792,0.00160897786700931,6.54848014585255e-05,0.0405016448019347,0.0708523590668978,0.577617944661881,0.0193245012203973,0.19205698010528,0.0757966304753955,0.110901639598828,0.0798231610691174,0,0.0179821731517596,0.0993828048549885,0.253455223266519,0.000350431686203018,0.000616313265372652,0.0450025640798291,0.0121448299280299,1.18963243840127,0.000123837678460839,0.00227200316911776,0.000437102136432156,0.119317982700854,0.00187641830114902,0.0418143951191697,0.00811953605993046,0.0212026360999395,0.0205728165021888,0.00100654758602737,0.00257155493889936,0.04677463533439,3.9308136927098e-05,0.0703630891689015,0.339142419991545,0.236244536266103,0.015355772472454,0.105827990546381,0.00812473815057951,0.226522487487425,0.045709353681188,0.0274177735890158,0.0212366498785578,0.00152956351693823,0.00129619629359687,0.000625012008954835,0.0775486809161136,0.00260504535897375,0.00233197312779184,0.000129958760714233,4.97432569332123e-05,0.000202206680700064,0.0301284843880289,0.000879756386451003,0.0108895638253922,0.00185006210412868,0.00442463945732951,0.00422681111989438,0.00758279652867941,0.00324313183243169,0.119231671989757,0.000827627196386752,0.00651942007220072,0.00845950056192538,0.00113160605608523,6.69001587933065e-05,0.00140607920742694,0.0012473677681492,0.0505204122171507,0.00453537427303456,0.000365361294366393,0.00143033957835888,0.0349460309382548,0.000198234200874686,0.00211506440963645,0.00264790980382759,0.0278779243734846,0.00559182870684154,0.00084461210713941,0.000707103229513325,0.000627099512862152,6.85642750710724e-05,0.00355885113957267,0.0261255422719506
0.000413742796809387,0.118006932527133,0,0.00253893751371543,0.000258611062784866,0.0131336800874884,0.0133713375684738,0.0095637994051761,0.0800896246505934,0.0317218385807818,0.493627857562435,0.0179821731517596,0,0.00921714768789672,0.00135143115024359,0.000563249404867292,0.000911063864150205,0.00101670962232645,0.00044981416137966,0.0079942733441242,0.000759809639962948,0.13358738324315,0.000916202969028828,0.0530425982468185,0.138120586971384,0.00660325599136418,0.0367992989579211,0.00800782127788571,0.0130120426432573,0.00215172138152241,0.021966040994494,0.0105768925789629,0.000131110577236575,0.199792209852208,0.00139401695819131,0.028683358078311,0.271864586993209,0.140586919688279,0.00570747745624764,0.00456900986851119,0.00513873021479202,0.0356353619615462,0.00374774894639973,0.356923887936422,0.0140045944688663,0.000286789478479522,0.00282400327043767,0.000181362888845909,0.0495308400675394,0,0.017956356628186,6.78444673484714e-05,0.00021217132514773,0,4.15872795258701e-05,0.000312012076365205,0.000191295935666937,0.0105667036564962,0.000339735523943177,0.370434844165879,0.000728349736851587,1.2150484201474,0.00316678430511529,0.000161132074189913,0.000200377034907627,2.60007256250501e-05,0.00084064243247942,0.000578895901324529,0.000178206797844565,2.51082145534277e-05,0.0194763937215941,0.000132431084559762,0.00688239497066943,0.0886541627259042,0.0843441679953961,0.253055258065198,0.00131634712961702,0.0020182371068558,0.000246650829777622,0.283964385458513,0.000817317545162789,0,0.0388915693230346,0.000358375177569652
0.731099963200278,3.97018579807222e-05,0.075631514613117,0.0296749355631461,0.00093246847959819,0.135028282058181,1.29121073357041,1.58784309700106,0.00925412883634922,0.440074635093284,0.0422114381322912,0.0993828048549885,0.00921714768789672,0,0.00725110868714376,0.00025651181070019,0.538780358907006,0.0258195515145029,0.0504173660207798,0.059479015208324,0.0899705264998835,0,0.143482768877364,0.0188652398790291,0.000327282497839722,0.095755778223317,0.0444959112194452,0.111430308869232,1.08729109333097,0.735394783060134,0.00199891906406879,0.0284668519432847,0.0106089866646469,0.236209976660957,0.011365835918171,0.0588624951396082,0.00988537935219937,0.139925685327155,0.0224371904210823,0.0126444674773297,0.011964709782676,0.00674631473158884,0.00392376894928963,0.000373961396297961,0.000385507089468166,0.000346093458897889,0.0032468601790756,0.000189456802207196,8.29810807202577e-05,0,0,0.000449013725624475,0.000369029723210946,0.000129416411600641,0,0.00109125209903774,9.2013713254225e-05,0.00521372361660159,0.000936426948831763,0.000606759559561929,0.00349912459231652,0.000323593137852788,0.000174007863283241,6.00736698089123e-05,0.000162351347988701,0,0,0,0.000479120735368854,0.000146110937269819,0.000113391229243004,0.000346750096124273,0.018459504543926,0,0,0.00289612766602278,0.00938412694936315,0.000192347421345389,9.18796480589447e-05,0,0,0,0.00083236474364994,0.00142825103846381
0.000798195001264271,0.00936051466114104,0.00101522168490811,0.0312236134751012,0.274424838964776,0.184419917429448,0.057548306004867,0.040893432911884,0.0820843889124179,0.0988145928687964,0.00133476234525579,0.253455223266519,0.00135143115024359,0.00725110868714376,0,0.00586972221556933,0.00340851552992064,0.000265095022603393,0.000279978226513615,0.0457652072720017,0.0238869666723485,0.01388935912809,0.016136069939639,0.310693917708156,0.00441665738303642,0.00109333163688478,0.0362076524125392,0.0905364902136268,0.0116628805804372,0.0304402106879326,0.000129221541160607,0.00257384850343801,0.00286367938107556,0.00892033645804875,0.131214614141945,0.0229220604447888,0.0014705903822576,0.0113416956342171,0.00667599221389633,0.269774006415541,0.0155559526468348,0.00133662104250641,0.0126669880210844,0.00250007124651567,0.00113681274964316,0.00217154274296509,0.0382480784899352,0.00111402109703312,0.000269829882773328,0.000312337557438398,0.000179611502025813,0.001276475952387,0.0157204559565942,0.000257198845787978,0.0017389715732665,0.00241000006934495,0.000562363772449684,0.00662773167254609,0.00258911444007582,0.000192827822580671,0.0147204218484189,0,0.00138513392114705,0.00392690265229081,0.00100285839743547,0.000124636148886305,0.00015329727584042,0.000964868227376281,0.00739869176111424,0.00679165520432531,0.00124393770789982,0.00968049657419394,0.0355882398679057,0,0.0014720478227863,0.00724708054582906,0.0240795674193623,0.00123623235660164,0.00221603018642813,4.5415197162354e-05,0,0.000308081780666375,0.001280642062895,0.138609009810367
0.00010292689209683,0.0104870266625801,0.00867373318087099,2.87559445910901e-05,0.00517040931691624,0.000395226286705774,0.00177486980980895,0.000190844873452628,0.0170173312201903,0.000133131770309782,0.000409621469919276,0.000350431686203018,0.000563249404867292,0.00025651181070019,0.00586972221556933,0,0.00828221770519279,0.00150626325527915,0.00223935657630788,0.000185238530477303,0.357442550987657,0.310275594655209,0.207012734820983,0.42481090417816,0.00194984687011063,0.0100331069769324,0.623397437321437,0.10067650337829,0.000141692857018536,0.00309273801512187,0.000171579869810957,0.000386361708906639,0,0.0242091601488428,0.082812801096098,0.880798515672668,0.118588161968032,0.122042712583341,0.0840299511504501,0.0087709791464914,0.0184794556209389,0.0926167068173675,0.0800625329308308,0.00809873514540057,0.00488960426742981,0.00148589437240165,0.0885010619639919,0.00756129146812418,0.00507064734837815,0.000910382930725616,0.00163187951142997,0.0174720608997229,0.00133402241575624,0.0012336217531474,0.000178459420793363,0.00773899724971969,0.0032853349495484,0.0144339138977084,0.00146259349372045,0.000359928269857821,0.00102621494522358,4.99954056890845e-05,0.00765527670607527,0.000553785496723449,0.565194852518222,0.00176490446454604,0.000187534985878858,0.000131814892752528,0.00187595627727012,0.481323333642627,0.225056677390735,0.740169901971464,0.196779691726675,5.34571778284609e-05,0.00208270440074909,0.213289154042527,0.145160407663391,0.00348313263964712,0.0278405216465723,3.60505953009784e-05,0.001064319430057,8.27317352253798e-05,0.00307281804630759,0.0300054389678757
0.180841571079851,0,1.32802820536759,0.000298693623414215,0.00139599277347717,0.0132665921674529,0.0923275321332335,0.181798001817286,0.000853374602056535,0.0022709177377007,0.0189676558577659,0.000616313265372652,0.000911063864150205,0.538780358907006,0.00340851552992064,0.00828221770519279,0,0.026880458650358,0.301996923199912,0.000334134781776673,0.28590081790588,0.00049052138834846,1.23238582609867,0.00357693037714462,0,0.218812117477005,1.99679341589204,0.0346367561776922,0.514628306385497,0.818713963009283,0,0.00323869382274678,0.0198596160371845,0.889708409547412,0.0152466968996946,0.0828172636190814,0.109473337790298,0.173560680120372,0.0414540426466038,0.00654007332800476,0.00873795991993023,0.00412356627287073,0.00360302756389458,0.0161886584512538,0.00117935021086069,0.000351741342316189,0.000640427921960203,0,4.56579725142777e-05,6.86957445837887e-05,0.000141649513118929,0.0134562117816113,0,0.000264990292620307,0,0.000285980042580685,0,0.000142534768467462,0,0,0,3.04866611701339e-05,9.20059033538609e-05,9.46317152607563e-05,0.0051450181005965,0.00289007489421222,0,0.000419353915992981,0,0.00164751214393338,0.00155521448624016,0.00654889643391893,0.0014418417828959,3.23316239654064e-05,0.00578312965676541,0.104085289436228,0.00122222791978574,0,0.000317482059356189,2.70249023614824e-05,4.61381299877345e-05,0,0.000222016040681609,0.00200597979102805
0.00388281907456298,0,0.0134509933132146,0.00273101755119085,0.000349767623762899,0.0207330608662724,0.0310470238465303,0.0181154447823212,0.00245954657811032,0.0704301656227216,0.614583166074726,0.0450025640798291,0.00101670962232645,0.0258195515145029,0.000265095022603393,0.00150626325527915,0.026880458650358,0,0.275393559148895,0.0194762136101708,0.0111563781858488,0.000188314736157876,0.0230465636901573,0.00212220907826561,8.56996268622753e-05,0.436357941504394,0.075149865490587,0.00940042107528555,0.0292821480087637,0.0162815815294246,0.00123688728939964,0.00950632937446993,0.000580006487819344,0.438997175720108,0.0232094730851403,0.277412469419267,0.20350123443126,0.556865921559389,0.182697728972135,0.00398893267643171,0.00197472026204169,0.00126895498024841,0.00149746457887044,0.00710389795936187,0.000289463039138389,7.60449217670323e-05,0.000136878804725522,9.70050413348796e-05,0,0,6.94693474942685e-05,0.000421172923866999,7.80029157781839e-05,7.30322998351457e-05,0,0,0,0.000313545298255813,0.000212586133503654,0.000474968568799031,0.00086867758096988,0.00109112775384526,0,0.000105787227636975,0,0.000263763728819424,0.000174672868396044,3.73406857188702e-05,0,0,0.000171204381380129,0.000120422634320789,7.74942838764789e-05,5.66574811309159e-05,0.0164953311305041,0.0206141374452588,0,0,0,0.00410494137445226,0,0,4.70369255439222e-05,0.00937866156737664
0.0161363116523417,0.000123324767396462,0.0938338003075503,0.000854619143292052,0.000110354033072078,0.00540309572014415,0.0207580618065787,0.0199615523726328,0.0009469694173562,0.0209230655327045,0.0472259187130415,0.0121448299280299,0.00044981416137966,0.0504173660207798,0.000279978226513615,0.00223935657630788,0.301996923199912,0.275393559148895,0,0.0051969910145735,0.0578769859111727,0.000659275556794591,0.118092257695839,0.0016072106109135,0,1.17020707140451,0.36772295408429,0.00640807358951732,0.043802843772995,0.0411173388970353,0.000546770278954393,0.00101583103805351,0.0020276284863346,0.742688171242782,0.0192101131785872,0.262534152448027,0.19190187410241,0.366643697216173,0.128209096836999,0.00178418727041853,0.00151049868746069,0.000416124785950264,0.00257416639361561,0.0190125253274281,0.000626469394256243,0.000310891259491274,0.000204571537955138,0,0,0,0.000906598474108681,0.000717070471547945,0,0.000253157613701457,0,3.57314387045265e-05,0,0.000133920499784172,0,0.000327785380390245,8.71531157832535e-05,0.0008804584776403,0,0.000188522337440127,0.000233172760440621,0.00219903825990543,0.000499131638770407,0.00261588226893079,0,9.98030043179093e-05,0.000431856482878703,0.000352202827252931,8.02004591058493e-05,0.00030187813171213,0.048443238465617,0.0651599071486137,0,0,6.8863845023963e-05,0.00143426028355339,0,0,0.000490954200800469,0.00739939692598781
0.00124160515860857,0.000129249379522842,0,1.07659575157724,0.0108117497374269,0.056269428787111,0.00931628887314506,0.068766232227265,0.0586614053698796,0.161893648732147,0.0309298652954128,1.18963243840127,0.0079942733441242,0.059479015208324,0.0457652072720017,0.000185238530477303,0.000334134781776673,0.0194762136101708,0.0051969910145735,0,0.000319607508219555,0.000521578636916166,0.000228089517012227,0.175516560833616,0.000334285207580105,0.0147596846380289,0.00243757870906782,0.139463533092417,0.0234917788362141,0.00141223830509878,0.000637438428835908,0.019350870193013,0.000204426015954056,0.0288103634931135,0.0128493900304093,0.18663383318581,0.00609903832875707,0.0542393516484894,0.00546787104233524,0.0964176621982792,0.0385988201516741,0.014276751661956,0.0328369262748222,0.000293832035660827,0.00138938264406125,0.000700566641897536,0.113688031061361,0.00474270975396295,0.000683119794867885,0.000237964876073724,0,0,0.0707491899612439,0.000967875065677977,0.00355839622858766,0.00806870093474446,0.00228626473276306,0.0148492734219732,0.00883130556684324,2.70210783478439e-05,0.0596011864300126,4.92273121767402e-05,0.00238275007198146,0.00994411850599768,0.00123566084557528,0,0.000127987390272903,0,0.0266311585485021,0.00240279644463302,0.000104420855002797,0.00122995015920789,0.101155263012889,0,0,0.00040380053464872,0.0837287450034376,0.00220464793175319,0.00169645419573815,0,2.71707062121749e-05,0.000197306386234921,0.00352564482581036,0.00194672357650115
0.0295348298660352,0.000976028407410582,0.264470556148639,0.000146602682951936,0.0175052296951123,0.00451900710616639,0.250653846248675,0.0421603196492181,0.00463276170430696,0.00205566527069544,0.00400810920405265,0.000123837678460839,0.000759809639962948,0.0899705264998835,0.0238869666723485,0.357442550987657,0.28590081790588,0.0111563781858488,0.0578769859111727,0.000319607508219555,0,0.0189985523168438,2.82519887386816,0.0731053421196938,0.00029997242651695,0.103044166364352,0.227003588366757,0.400506332573299,0.121400933878077,2.90756506541772,0.000373833249944508,0.00140156667232483,0.0159783725838346,1.36375336894095,0.224318830253246,1.00411321089144,0.108455587759174,0.92995528484153,0.353002207930758,0.0199944950617896,0.0324879059543541,0.0239391439977557,0.0353791036441007,0.00296898915928061,0.00124574403825451,0.00155839341848632,0.028585577914363,0.00372417715882404,0.00203805946429406,0.00062191606237517,0.000142889822801506,0.0040977310481945,0.00064922208496637,0.00265947098349128,3.72962905963898e-05,0.00352248086015941,0.00141835068429325,0.00826897191421408,0.000430625900816477,0,0.000295715590904498,0,0.00506344542428583,0.00183068014051608,0.0416188541208248,0.00034567664902885,4.46532243570983e-05,0,0.000555912450054333,0.139731769624113,0.028176333980093,0.051028031705532,0.108480404638353,0,0.00038527299241811,0.0435091064673693,0.0715076964352525,0.00347378160465485,0.0177962861710255,9.61333947520137e-05,0.0005515999929447,0.000189873214058879,0.000997628020892676,0.0670709395166334
0,0.244048182606524,0.00022700722402868,0,0.00163958902762746,0,0.000294971991646844,3.08865791064173e-05,0.509627922006463,0,0.0128716562201253,0.00227200316911776,0.13358738324315,0,0.01388935912809,0.310275594655209,0.00049052138834846,0.000188314736157876,0.000659275556794591,0.000521578636916166,0.0189985523168438,0,0.0148958936176324,1.33009498918361,0.223690498861432,0.00251131856188066,0.82870713781711,0.0191399704504762,0.000334412700728041,0.00134640849305518,0.0180291221249899,0,0.000366451867634451,0.00229193608777902,0.00104795785828448,0.0169145414441204,0.00500776997575697,0.00508402687509277,0.00267140058439723,0.00457958127232608,0.000512212054489958,0.0320272221903669,0.00918863045469087,0.00833005188425742,0.00172623965697316,0.000162366670704705,0.00526357383927088,0.000773043800836416,0.00137726993612773,8.03377731892108e-05,0.00330344054577212,0.00264982420065536,0.000425279876426959,7.11039647823633e-05,0.000174009188738167,0.00137497280657237,0.000440301577046275,0.0037102831842029,0.00035530717790241,0.00833024115579307,0.0002789726156681,0.0232967726694061,0.000895713780168464,2.56170159457773e-05,0.0935944588551244,0.00142815705114055,0,0.000421603372971934,0.000286434197523156,0.0805137781302862,0.0787380380393411,0.0842992914471188,0.043736750136385,0.00481855130790506,0.0109208739254354,0.131211992095016,0.0217983615938372,0.000411243510620684,0.00407161519081222,0.00545341853510056,0.000243320727111834,0,0.00230647364313376,0.00143249055936909
0.0457554123829084,0.000703152890117507,1.7187513715681,2.93207864462584e-05,0.0332339761475538,0.00733852219578401,0.138075362915867,0.0712063883367601,0.00220173161669068,0.00171689746215584,0.00648706505471761,0.000437102136432156,0.000916202969028828,0.143482768877364,0.016136069939639,0.207012734820983,1.23238582609867,0.0230465636901573,0.118092257695839,0.000228089517012227,2.82519887386816,0.0148958936176324,0,0.057927639797537,0.000136675221704614,0.297896051980458,3.50606330508051,0.135943716152897,0.0835754401557457,1.03434831040416,0.000369306550947267,0.00152524945633283,0.00469830858123788,1.47824296279411,0.486811865310753,3.59391412472298,0.688687700238797,2.35526882870334,0.989830070681472,0.0799477536436728,0.0812462509670142,0.09436705409421,0.0397329938367655,0.0197544980233605,0.00400723125394132,0.00259080329817887,0.020699558288577,0.00438471068755941,0.00222633945296546,0.000130996171051648,0.000700151978275196,0.0874452373878894,0.000139223077437061,0.00376967707845589,0.000133197509827113,0.00438349636326832,0.000524187892062816,0.00258091221267085,0.00030291609813121,3.5872253055352e-05,0.00028943848965641,0,0.00165713365742817,0.0023568068284419,0.281124133881759,0.00270628428041292,0.000128488073253828,0.000257401832735047,0.000477382902087137,0.10418977106791,0.0492363858183925,0.38131622893838,0.0325086539839942,0,0.0035667020528641,0.674053335802467,0.0263024529196107,0.00026048175387907,0.00403393792523954,0,0.00033153523901526,0,0.000653308793868473,0.221692751516658
0.00193619407877198,0.295095043143904,0.00677083081248462,0.268900032547116,0.0501747089238117,0.014710073210538,0.259224335673737,0.0188223505247637,2.47257435845124,0.0653121230779523,0.0040717348378764,0.119317982700854,0.0530425982468185,0.0188652398790291,0.310693917708156,0.42481090417816,0.00357693037714462,0.00212220907826561,0.0016072106109135,0.175516560833616,0.0731053421196938,1.33009498918361,0.057927639797537,0,0.175971055768607,0.0102445155713279,0.783810867997132,1.40260484245643,0.091451030999333,0.0686087920040033,0.00797864186948947,0.00438751487027778,0.0322049496858088,0.0578166696602596,0.0953437844404588,0.547216196131651,0.0450434144730695,0.0889205380141816,0.0453470223977319,0.164920394367036,0.0310932438919178,0.0346675701138702,0.615347588381626,0.00740348475657517,0.0261239949442487,0.013607009824586,0.368429077137028,0.065349367854819,0.00511062315275424,0.00611640402595147,0.00699056600804345,0.00384035547127422,0.278937661728687,0.0045927626968521,0.0100757193511103,0.10772238042236,0.0553711682786085,0.399319391464935,0.0523075590893997,0.00298340408529759,0.0993948343620596,0.00419912588388696,0.077157821531102,0.0324232286482217,0.0566478931042018,0.00151394158329369,0.000467600677182508,0.00058016023297326,0.0690163462365261,0.221697838542203,0.112487946465809,0.0635361508971837,1.63850274669664,0.00230172157109368,0.00226164555394583,0.0643983687802546,1.13353388343927,0.114562833133441,0.0489857339981779,0.00032891194471097,0.00619198211335233,0.0087451969209684,0.062608301401382,0.0535906735180367
0,0.157095083102103,0,0,0.000762813136061489,0.000424073139222685,0.000487453474378735,0.000333415318748528,0.198208665732244,0.000648107272631779,0.0435615621554506,0.00187641830114902,0.138120586971384,0.000327282497839722,0.00441665738303642,0.00194984687011063,0,8.56996268622753e-05,0,0.000334285207580105,0.00029997242651695,0.223690498861432,0.000136675221704614,0.175971055768607,0,0.00202479594154696,0.0665686388332062,0.00211583423614303,0.000386033331257379,0,0.00490681751255062,0.000580148536214411,0,0.0113711087492636,0.000118436200160396,0.00112281834134112,0.00416092776975545,0.00255520198448825,0.000141382921474892,0.00174488448863404,0.000231896177855766,0.0310209304095228,0.00184807917594892,0.00370856242948409,0.00252364831686717,0.000331449410095603,0.000338020672831076,8.0314966223407e-05,0.0019334767514391,0,0.0105557625973948,4.67221071462095e-05,0.00019528535693919,0,0.000100462421952617,0.000100665445083082,6.73149652448419e-05,0.0026900863699492,3.96112357132912e-05,0.020470043844674,0.000215350668741965,0.0678557617479565,0.000555864067140737,8.4170166140461e-05,9.54929257904649e-05,0.000224140217412949,6.09284016063511e-05,0.000766704698387116,0.00041452953048383,0,0.00577388397830029,3.52149264400542e-05,0.00146409625490481,0.0301767834513651,0.0135669055348751,0.108522597370835,7.6398380222875e-05,0.000221465133242672,5.2216460606581e-05,0.0093012600691538,0.000175052241780966,0,0.00789728494143834,7.82699949458718e-05
0.0246032649521384,0.00161178523196213,3.3471765522864,0.00169024398616289,0.000313230255140168,0.0230785404188052,0.0908817746155996,0.0625277538692375,0.00436505413577227,0.0562166718389313,0.24964336806796,0.0418143951191697,0.00660325599136418,0.095755778223317,0.00109333163688478,0.0100331069769324,0.218812117477005,0.436357941504394,1.17020707140451,0.0147596846380289,0.103044166364352,0.00251131856188066,0.297896051980458,0.0102445155713279,0.00202479594154696,0,2.41166383681097,0.0280215588372447,0.0466313516648452,0.116813707406492,0.0178537067161767,0.0108780916711655,0.00109578553005103,0.73858552293678,0.0813594396473194,1.21505138920833,1.20427527131005,1.01720763721612,0.455656097525618,0.0088381201933869,0.00505410856747161,0.00395097811654734,0.0566260901076597,0.305629567773241,0.0184473092426302,0.0105710788898935,0.00136068124308302,0.000127668645024532,0.00211492993880626,0.000478144297862446,0.0136480997366726,0.0197036641988724,0,0.000552669311324203,5.86991349623561e-05,0.000887554999500129,0,0.00322483562017354,3.27470969531834e-05,0.0209547386360025,0.000656016437381963,0.178226453272763,0.000971992161015147,0.000677199111496547,0.000744798099260343,0.0399186978951979,0.00576400974854163,0.0391474409942326,0,0.00244741590988167,0.00241589777625984,0.0048906979924621,0.000674740663031183,0.00617303335640032,0.825774028785537,1.36536487000948,0.000267514709129715,0.000280339094948077,0.00320187593949012,0.205039240431449,0,0,0.0117207129021566,0.0335616627415598
