0,0,78.2343579530716,1.27087587118149,29.9919400811195,650.142623335123,8597.70042026043,3769.60292249918,28.1646952629089,80.4038363099098,768.968706279993,21.5187026560307,68.9145010709763,15272.7866227627,23.4682587385178,0,79.7669941782951,58.9737903773785,81.9702978134155,9.26722490787506,214.236526310444,0,204.106500357389,116.527911037207,21.4913315176964,35.6526911556721,65.3476635813713,636.244965106249,7818.08862066269,14738.3873819709,0,721.484350085258,53.8751811385155,2271.2929019928,129.806143045425,1230.65635219216,24.4816543459892,689.422678679228,225.794248759747,286.435197472572,433.799326628447,172.042670547962,72.2788048386574,1.30989733338356,24.5936259031296,33.6800878345966,44.6576518118382,34.9595230817795,3.68565112352371,0,0,0,0,3.01838338375092,14.537631303072,120.829434365034,61.2798753976822,51.8535322546959,4.90765184164047,2.904452085495,1.27202975749969,1.77460038661957,41.4667616784573,5.41720005869865,7.20187631249428,0.77093243598938,0.808979153633118,0,0.463605999946594,3.49697908759117,11.1047706007957,2.56142804026604,332.968565732241,0,0,1.5879108607769,251.36207434535,26.1271345317364,52.8721610307693,0,0.462048828601837,0,167.294420480728,19.3429134488106
0,0,41.8612487316132,0,0.490661829710007,0,1.46267688274384,0,61.7265187501907,0,171.917197465897,0,724.31039378047,1.09201598167419,0,918.522675275803,38.9582713544369,13.476931899786,7.36047580838203,0,339.326412290335,13225.2587246895,1188.74045589566,1437.63467425108,9067.24134239554,234.625218212605,33507.56897223,545.726040780544,1.4884677529335,3.46049121022224,293.269155919552,0,1.24606454372406,6.24226659536362,5.46994698047638,39.6099455356598,57.0502139925957,38.7328361868858,13.1824091076851,2.48238855600357,0.692465960979462,0,12.0277145504951,34.6988038420677,7.70103359222412,5.31113791465759,0,1.31422847509384,0,0,1634.43499600887,41.2179461121559,0,0,0,0.991120517253876,0,6.49858298897743,0,28.4412157535553,0,37.9934942722321,0,1.70104026794434,86.9132624268532,3.34960854053497,19.707244515419,2.39930725097656,0,11.441684961319,76.4587805569172,57.2466768026352,5.02152118086815,19.0060745477676,247.366112321615,6644.18774610758,5.9483954012394,0,4.26785784959793,32.1094183921814,0,0,12.9704295992851,5.34765243530273
78.2343579530716,41.8612487316132,0,0,3.76775074005127,19.3746534585953,124.146142363548,119.897762745619,4.97971713542938,21.5862023979425,597.257407069206,12.8771631717682,63.4948432445526,426.854642391205,0,6.90575534105301,29618.6575397849,3989.3243598938,5368.71960866451,3.30030125379562,1657.28677934408,41.3708207607269,36862.6662094593,8.36121511459351,6.93463563919067,35959.2333958447,10977.9540684223,179.488329023123,322.42289891839,813.407182067633,12.3851879239082,238.291436940432,7.64345502853394,5602.95753642917,112.212938308716,2531.89278048277,4515.94151705503,6968.91811281443,1130.84082579613,27.6862663328648,221.827219247818,10.8774691522121,24.9752184450626,587.063956201077,5.94062057137489,3.40615209937096,3.07478076219559,0.47653740644455,0,0,76.1972436904907,90.3191582560539,0,4.83195140957832,0,0.538387954235077,0,9.08512291312218,0,2.26214161515236,0,1.6017814874649,0,16.7459973096848,193.345784544945,4.67828473448753,1.54880350828171,4.51135769486427,0,11.6616798639297,21.4723336994648,117.316081345081,9.80769592523575,0,74.1047533154488,5872.04137432575,4.55716288089752,0,4.27816945314407,0,0,0,8.12348988652229,201.782130092382
1.27087587118149,0,0,0,4.298688352108,81.3038985431194,186.296496987343,83.0713604092598,1586.5890942812,11401.6466972828,7.2624714076519,1581.03292843699,0,26.2372588217258,351.021962970495,0,0,0.917310297489166,0,8698.90826019645,0,0,0,2897.89944133162,0,0,1.57013696432114,28926.392511487,8.12916052341461,0,0,3.35938316583633,0,18.3676896393299,1.74424067139626,52.4459936916828,0,3.81851065158844,2.68763220310211,231.85074031353,13.9459787011147,0.709919512271881,37.8968230783939,0,11.0705702602863,7.41899827122688,118.649147361517,7.63141027092934,0.561118602752686,1.32149088382721,0,0,572.584654718637,0,136.793834209442,72.976113140583,137.846042245626,125.732813149691,256.430516958237,0.86701887845993,737.487454146147,0,88.2941487431526,26.5014569163322,0,0,0,0,110.318181961775,0,0,0,546.680773168802,0,0,0,606.536690831184,9.89083564281464,0.889758884906769,0,1.93505299091339,0,32.7129593193531,0
29.9919400811195,0.490661829710007,3.76775074005127,4.298688352108,0,1673.71954777837,433.203773260117,87.0476883649826,41.1258729100227,78.5623530447483,13.635364562273,189.480004996061,0,49.6154519021511,2908.07495927811,11.6694044470787,14.7721811532974,5.88872215151787,14.6736496090889,37.5831714272499,566.100083619356,10.8182691335678,557.333313733339,30.2851857841015,16.6853283047676,8.86771202087402,49.7335167527199,469.276514172554,161.96425190568,575.281632244587,0,1251.38696181774,7.26017570495605,465.780432015657,2597.9342084527,341.302698284388,52.6150250434875,67.0600467324257,20.5053463578224,27039.8800425529,2435.68921035528,7.77368688583374,94.1277526319027,238.40873837471,28.9649292826653,22.3277312517166,162.819380134344,7.14287501573563,0,0,0,18.4666982293129,29.286359667778,4.00951308012009,15.1123451590538,40.3855822384357,22.7938260138035,8.91021567583084,41.929796487093,15.9845158159733,37.988605260849,1.3491622209549,12.6189688444138,17.0756222605705,75.9126385450363,1.88699322938919,61.4175631999969,25.9929150640965,11.6972430050373,103.375344187021,7.40651458501816,339.136096030474,84.3003425002098,0,70.1493510603905,289.661314308643,188.30866804719,12.6357996761799,29.6496334671974,0,0,3.1587176322937,63.9259585738182,1293.17951232195
650.142623335123,0,19.3746534585953,81.3038985431194,1673.71954777837,0,22561.67130813,11551.2997873425,1515.57477131486,41310.9776540101,151.779205828905,12429.6413550675,15.1722119450569,3985.8565582037,3240.19823002815,0,6.20652335882187,8.62138289213181,4.20863223075867,4366.74698978662,31.0260698497295,0,63.7808232605457,478.384249120951,59.0068628787994,10.6413081884384,19.5515978336334,2249.02678510547,529.122506141663,690.402217835188,0,406.994988441467,13.2370669841766,2907.22439578176,12046.188084811,2230.91773834825,20.2096342146397,291.702251881361,448.682187259197,16909.124245882,5721.29126137495,196.686534851789,406.550973206758,16.07426866889,128.205685347319,117.283067286015,1325.3686311841,109.702633559704,7.18318426609039,6.58936387300491,0,0,615.921225756407,35.9134500622749,458.679980546236,638.652180582285,687.965157419443,301.824383169413,811.307468533516,13.9542522728443,248.238157093525,5.37982976436615,344.060089051723,198.055174291134,12.7819765806198,1.84565699100494,1.58989018201828,0,186.809376686811,13.6774515509605,1.53764137625694,20.1962895691395,2645.38661068678,0.360708922147751,1.43603476881981,10.6490676999092,2337.19212260842,120.824874997139,54.7693469524384,0,14.6483752727509,1.19390496611595,589.651103794575,1204.73629188538
8597.70042026043,1.46267688274384,124.146142363548,186.296496987343,433.203773260117,22561.67130813,0,32244.3680069447,3055.46798613667,41314.2394789159,1947.6605681479,1228.3928450644,599.902738571167,38525.1259216368,1005.17857497931,15.2477631866932,153.545884728432,146.592544436455,130.781246632338,258.835786551237,615.07428497076,14.0618704557419,583.914902299643,2053.8094175756,265.689045965672,128.143249988556,186.649233043194,24056.5432297885,8240.60572046041,9218.4742397368,1.21544754505157,1558.13202521205,923.939282357693,6555.15109986067,3338.00686892867,27800.5049482286,533.740937232971,2957.39741709828,1072.63727807999,12212.243685782,6686.4098289907,1315.34996315837,1941.8359618783,43.2437364161015,493.700390964746,294.081102788448,2162.0568369925,345.004647761583,29.6331856548786,41.647270321846,1.65436154603958,2.15797400474548,817.560986280441,79.8221986293793,920.208785414696,2725.86792084575,2292.45706069469,1358.39975595474,1109.95754635334,85.8380354940891,216.584801077843,9.8551541864872,1728.61244183779,186.926057159901,51.3944644629955,6.89620921015739,3.00690585374832,2.08059513568878,215.659459412098,66.2407671809196,40.8452344536781,27.8575960993767,11103.3672556281,0,1.07532581686974,28.5512733757496,8393.33396315575,845.509344041348,834.920774638653,0,48.639577627182,27.369300276041,2228.70150473714,328.799873024225
3769.60292249918,0,119.897762745619,83.0713604092598,87.0476883649826,11551.2997873425,32244.3680069447,0,1541.69358217716,10041.3651731312,503.2628262043,4058.0763219595,23.8389984369278,39551.7923789322,743.866583317518,2.43659591674805,51.0884579122066,48.2821357250214,57.237910926342,1731.80097949505,130.921521693468,2.02994138002396,181.131164312363,1166.19956356287,86.7097132503986,47.6615442335606,102.343852639198,5758.80885073543,1630.92082497478,5657.35830402374,0,352.788067221642,42.1798810958862,1620.13037770987,136.067836016417,3083.84384784102,31.4366211295128,532.318204790354,859.496904313564,10869.4370387793,1099.32642784715,483.996590048075,615.889858603477,5.35714128613472,237.667041987181,252.570519953966,998.88876914978,215.952111512423,17.5215062499046,15.0375402569771,0,0,229.954407900572,11.7964180409908,377.746506005526,1421.19244620204,895.518650114536,765.854558467865,338.584430992603,11.3534752130508,74.2966043651104,9.7728910446167,582.148720145226,75.3702125549316,4.76286241412163,0,1.3022426366806,0,82.4174048900604,14.4656091332436,4.42982399463654,20.5597402155399,5221.15668916702,0,0,7.50802981853485,3069.97457104921,215.427358716726,109.234306871891,0,15.9994778037071,3.64722937345505,1193.76809212565,15.6305661201477
28.1646952629089,61.7265187501907,4.97971713542938,1586.5890942812,41.1258729100227,1515.57477131486,3055.46798613667,1541.69358217716,0,5601.32928147912,89.0134986639023,736.001626431942,16.5379683971405,528.000400453806,431.448688328266,90.149277985096,9.0616879761219,1.77249312400818,0.89322105050087,570.594733774662,245.059670567513,3946.31281399727,81.4533708691597,26150.8082888424,85.1566664874554,4.62590199708939,26.2973639667034,21451.9883383512,152.959844589233,328.210867375135,0.916133463382721,45.5772305428982,6.2689254283905,224.908557236195,65.8776334822178,477.950540542603,11.3743970394135,67.3201402425766,50.5739188492298,1343.47683635354,102.052137941122,31.5272946357727,233.807645559311,9.50974714756012,66.9030057191849,31.0730748772621,532.317731976509,32.7404241859913,1.74321961402893,10.1343084573746,0.897966951131821,1.91367340087891,1788.14579024911,20.9110633134842,447.360322982073,639.202972173691,259.851632714272,6653.12414067984,1263.09052038193,23.2190363407135,363.537009745836,1.0391311943531,178.075868964195,187.655324667692,270.934621214867,4.87220531702042,1.10152208805084,0,316.886767148972,409.008138626814,620.978459566832,101.135021239519,6240.10257548094,0,2.38750314712524,18.0296386480331,3892.87464770675,89.3445447385311,360.785297065973,0,4.41104835271835,5.93784162402153,212.408379077911,23.9600086808205
80.4038363099098,0,21.5862023979425,11401.6466972828,78.5623530447483,41310.9776540101,41314.2394789159,10041.3651731312,5601.32928147912,0,583.107895344496,20933.8772624731,49.0095529258251,1699.05899089575,2503.05944818258,1.03032910823822,3.36583095788956,16.2727726697922,5.46574556827545,30017.715390712,16.6633282899857,1.95989274978638,44.1701316535473,2290.67737898231,38.4650218784809,11.0144329965115,27.9500280320644,6409.05951330066,468.618434488773,86.3074890971184,0,402.233352303505,1.90349990129471,1562.49836787581,3924.95992124081,1586.28416234255,13.8690726459026,242.385914027691,293.949493169785,3377.87038758397,382.82205632329,155.220597416162,317.007823884487,10.7817851901054,92.6349574625492,85.5623422265053,1720.07509243488,76.5524521172047,7.65790274739265,2.36371657252312,0,0,2469.68065351248,38.6823110282421,1276.73795801401,528.336866080761,1167.52988696098,627.560697138309,2735.24040409923,4.35088169574738,645.208430916071,5.5744264125824,548.412414520979,317.726315587759,6.47958266735077,0,1.14095044136047,0,627.225888669491,5.92071881890297,0.949630498886108,11.9325162470341,4353.8434061408,0,1.49237728118896,2.86688220500946,5200.58241224289,133.889860838652,26.3310216963291,0,1.7211985886097,0.350135862827301,474.260252475739,353.748439729214
768.968706279993,171.917197465897,597.257407069206,7.2624714076519,13.635364562273,151.779205828905,1947.6605681479,503.2628262043,89.0134986639023,583.107895344496,0,275.168259650469,1265.21383309364,1860.10649642348,15.4080030322075,36.4507392346859,440.763936251402,8572.79351493716,2037.87889167666,115.973557323217,1769.09795486927,59.3402717709541,3009.49654820561,112.965874940157,2810.0808968544,3409.93400546908,5473.99567633867,794.307020187378,1381.77612149715,2288.62119570374,149.741582810879,710.501446694136,46.8775956630707,14089.5955742002,72.6611567139626,3922.5626578927,19279.0142456293,21439.3651199937,773.00408411026,63.5273407101631,131.213248640299,1287.89772465825,15.9251469373703,489.302403658628,6.11559230089188,6.34817141294479,29.0629577934742,1.93281632661819,253.775945156813,0,89.9696741402149,1.87882682681084,0.770724415779114,5.59662288427353,0.985585451126099,29.8093373179436,4.29048812389374,44.1070697307587,0.533767223358154,6280.37935295701,2.2320191860199,3300.92018035054,0,7.31533420085907,9.4881803393364,0,57.7087661623955,0,0,10.5501978397369,22.1806112229824,10.1087615191936,195.026970714331,990.585623711348,6532.78947070241,1693.09725013375,96.7356535494328,1.31366902589798,7.56377419829369,3993.08803069592,0,0,51.738396435976,66.7196704149246
21.5187026560307,0,12.8771631717682,1581.03292843699,189.480004996061,12429.6413550675,1228.3928450644,4058.0763219595,736.001626431942,20933.8772624731,275.168259650469,0,13.2344818413258,355.753305703402,3137.523003757,0,3.58022519946098,8.33046126365662,2.47411757707596,23914.2993802428,19.5318833887577,0,29.1671641469002,728.193067342043,15.1503690183163,9.25170522928238,19.8512499034405,2972.58110514283,114.806062877178,39.0601188540459,0,225.930082410574,0,665.030916005373,14392.777091682,578.763235390186,9.21333718299866,116.194231063128,132.909374654293,1081.4558993578,72.8449775278568,66.5734362006187,134.850783526897,16.7278395295143,18.8307332396507,17.1535454690456,643.324934661388,30.8784184157848,3.29169023036957,0.345568895339966,0,0,548.988840550184,16.449244171381,288.318474829197,65.1082353591919,208.083856165409,62.3911580145359,848.748836815357,2.76945695281029,228.32019791007,2.00903236865997,87.9179885089397,135.767621159554,5.76155546307564,0,0.670234084129333,0,354.738419026136,10.0487127006054,0.915270984172821,6.62494820356369,506.671003013849,0,0.398433536291122,0.423245906829834,789.268606752157,36.9419921040535,22.2547317147255,0,3.21051806211472,1.02513587474823,136.891921013594,796.606085389853
68.9145010709763,724.31039378047,63.4948432445526,0,0,15.1722119450569,599.902738571167,23.8389984369278,16.5379683971405,49.0095529258251,1265.21383309364,13.2344818413258,0,93.9291042089462,3.00940898060799,146.483929783106,173.643182754517,113.690866082907,60.3949308097363,4.68473029136658,409.921877264977,245.888072818518,1186.59174236655,113.967950075865,14432.7505435646,368.464732795954,10392.0788094401,300.207420855761,155.599622994661,280.276563227177,323.900776356459,19.357381939888,14.2825472950935,831.026423811913,36.6244502365589,830.495906203985,9398.45319291949,4178.90056571364,384.565134346485,71.9827646017075,51.2723641693592,7428.3494207263,15.6428096294403,1211.72476857901,11.3845109343529,12.4029179811478,6.35334521532059,1.24161636829376,1167.47778534889,0,167.207361876965,2.07765221595764,1.08065092563629,0,0,3.60727781057358,1.72784912586212,13.9842178225517,0,11723.327201575,3.53344178199768,8194.58174616098,0,2.02352273464203,16.0496559739113,0,75.8833867311478,1.21267056465149,0,2.33672177791595,31.2930169403553,4.4798064827919,44.4058790504932,2640.39979895949,8631.21819451451,3648.92381009459,18.3338819742203,0.962186336517334,2.96884262561798,6036.50965812802,0,0,13.4116780757904,26.123721241951
15272.7866227627,1.09201598167419,426.854642391205,26.2372588217258,49.6154519021511,3985.8565582037,38525.1259216368,39551.7923789322,528.000400453806,1699.05899089575,1860.10649642348,355.753305703402,93.9291042089462,0,71.7761323750019,6.61453372240067,167.038918197155,204.354139238596,191.023389130831,154.922260671854,532.03521463275,4.08110159635544,753.131558269262,1360.09870561957,143.100747108459,137.226385623217,402.385833948851,6979.13812115788,13333.7776166201,16692.345631212,0,1727.31549525261,156.12008407712,4394.26581090689,325.630689382553,4516.03471896052,93.91207036376,1438.74340572953,1041.95981940627,7789.16591536999,1215.99234449863,615.120102524757,613.810823529959,5.90978488326073,260.089444428682,196.871567517519,525.519365757704,155.369238734245,28.1549582779408,10.8239276111126,0,0,33.0140390694141,17.4403152167797,157.087078690529,868.97658970952,491.075680315495,499.340778410435,66.6460118889809,14.005030632019,9.31170517206192,9.01116347312927,346.947344064713,34.3338086307049,16.651968806982,0.704525083303452,0,0,13.4168934822083,24.1737467050552,13.9142338335514,23.4360888600349,3461.13451331854,0,0,12.4977730810642,2060.56813779473,223.122997492552,297.143456041813,0,20.2833997011185,7.48489147424698,1203.91659581661,31.6120806932449
23.4682587385178,0,0,351.021962970495,2908.07495927811,3240.19823002815,1005.17857497931,743.866583317518,431.448688328266,2503.05944818258,15.4080030322075,3137.523003757,3.00940898060799,71.7761323750019,0,13.313117980957,9.08665347099304,4.35016274452209,2.94546562433243,784.346492648125,152.511182188988,10.1803844869137,107.419764518738,731.428155481815,23.5979581475258,2.53489470481873,23.0864764750004,1787.02947351336,160.136238008738,367.251539975405,0,31.3398858904839,6.56207406520844,96.5579153299332,3037.09360164404,206.252479910851,8.5993224978447,39.0763467848301,17.7070446312428,12040.9695169926,19.7206356227398,14.5674536526203,216.97943431139,322.274279415607,33.3149427771568,34.011986464262,777.650781095028,29.9590762257576,7.78686761856079,1.28124833106995,0.988055408000946,20.2828798294067,242.39712920785,18.6189670562744,151.625335216522,93.7085706591606,143.775124907494,32.9611086249352,271.933234125376,36.4679868817329,93.089383482933,0,107.578327298164,95.1983960568905,62.4751166701317,2.59833836555481,141.098822087049,51.4814356863499,75.9833823144436,67.6091514229774,6.94624561071396,218.973882287741,347.257829248905,0.697177469730377,179.242335289717,404.870313107967,481.989721029997,39.2943658232689,48.8081202805042,0,3.48104751110077,4.8345200419426,169.108152002096,875.403249233961
0,918.522675275803,6.90575534105301,0,11.6694044470787,0,15.2477631866932,2.43659591674805,90.149277985096,1.03032910823822,36.4507392346859,0,146.483929783106,6.61453372240067,13.313117980957,0,9.02251923084259,8.08279332518578,5.57828944921494,0,16658.0398836136,7835.87024688721,16804.6212228239,1587.56637126207,2571.26540857553,58.1274270117283,8125.72678548098,2409.65877470374,15.8046237826347,79.0545922219753,121.264103651047,0,6.86502850055695,18.1817136406898,114.850336313248,872.743902117014,1133.88963651657,228.753047585487,323.35487049818,43.1958001554012,88.2317322194576,233.293794959784,364.523763597012,93.8318504691124,429.757310330868,213.067272424698,98.3948006629944,24.8047540783882,34.7418696880341,3.66251796483994,23.3981380462646,17.7869850695133,0,11.0989001393318,0.952160090208054,83.1173161566257,2.87274780869484,130.457586586475,0,18.1532655060291,0,4.78414463996887,7.28650969266891,6.81293013691902,4481.03268501163,51.9374825358391,18.5137912333012,22.4340394735336,0,2712.63605505228,1483.19920796156,4742.70007836819,749.852447897196,1.769690066576,22.7497663497925,568.078219473362,1116.13605287671,24.3029875159264,599.483923763037,2.15991085767746,0,4.87437906861305,994.356391131878,85.197797358036
79.7669941782951,38.9582713544369,29618.6575397849,0,14.7721811532974,6.20652335882187,153.545884728432,51.0884579122066,9.0616879761219,3.36583095788956,440.763936251402,3.58022519946098,173.643182754517,167.038918197155,9.08665347099304,9.02251923084259,0,5571.11446449161,6794.9356611371,1.91300463676453,8091.83450821042,22.1006202101707,24321.2492565513,27.217375099659,9.22216293215752,9697.23414185643,8605.72372150421,530.914083361626,171.901585251093,5419.01218482852,2.97840178012848,38.2789143323898,7.77504232525826,2706.03580996394,276.538502216339,5506.81164214015,5966.72878471017,1781.18134495616,2424.01825991273,103.648820012808,491.752410799265,34.3526435494423,28.9673466384411,102.042873352766,2.58476164937019,1.14825507998466,6.00301212072372,0.664571464061737,0.828166127204895,0,7.47329139709473,7.13897940516472,0,10.9359766244888,0,4.84044063091278,0,4.73705947399139,0,0.86251837015152,6.69075042009354,0,0,20.3275210857391,53.3096460402012,1.6702139377594,1.40029376745224,2.44778797030449,0,8.11628094315529,6.65911903977394,52.6732430160046,13.762624591589,0,2.9825482070446,683.757573157549,25.1117811203003,3.70722430944443,17.0734847187996,0,0,0,14.506246060133,496.892827451229
58.9737903773785,13.476931899786,3989.3243598938,0.917310297489166,5.88872215151787,8.62138289213181,146.592544436455,48.2821357250214,1.77249312400818,16.2727726697922,8572.79351493716,8.33046126365662,113.690866082907,204.354139238596,4.35016274452209,8.08279332518578,5571.11446449161,0,11396.5875070691,5.54863166809082,1531.65478384495,11.4695916175842,4713.01322627068,11.9957304298878,57.4459453523159,4088.39651575685,3779.23323330283,322.529764592648,175.798606932163,2283.20562899113,37.0364630520344,45.0229377150536,11.7316438257694,4566.06514796615,152.921634227037,5845.84494525194,5010.6728682518,4459.5996516943,650.588451653719,27.2526577711105,191.658048659563,118.29443141818,5.89024186134338,56.6140131950378,2.75508877635002,3.43573206663132,1.74049800634384,0,3.28095859289169,0,11.4817767739296,0.915196090936661,0,3.8069389462471,0,0,0.516544699668884,5.31993633508682,1.09365880489349,186.219918370247,1.01501607894897,85.5281599462032,0,17.6274052560329,10.3405934870243,0,15.6475902497768,0.745131552219391,0,5.41778591275215,16.3655663132668,6.81592929363251,6.44740810990334,18.6336867809296,779.893234282732,515.184557378292,5.5466111600399,0,5.77247017621994,130.07999753952,0,0,6.93252581357956,153.159378021955
81.9702978134155,7.36047580838203,5368.71960866451,0,14.6736496090889,4.20863223075867,130.781246632338,57.237910926342,0.89322105050087,5.46574556827545,2037.87889167666,2.47411757707596,60.3949308097363,191.023389130831,2.94546562433243,5.57828944921494,6794.9356611371,11396.5875070691,0,3.99935245513916,2472.28428927064,9.07381099462509,5821.99606221914,8.00618574023247,0.390653848648071,4179.96005710959,3093.40444368124,347.264208137989,219.648292034864,3576.76448521018,3.35683792829514,60.2695179879665,10.3236930370331,4328.02214378119,125.049251586199,3147.01680064201,1703.61708027124,1195.58961620927,774.36614459753,37.8621572554111,171.791161060333,34.4377421438694,7.28517228364944,25.628146559,0,1.8030022084713,1.9608987569809,0,1.72560846805573,0,4.1165471971035,1.03423789143562,0,9.30846846103668,0,0.449038982391357,0,8.72094815969467,0,0,0,0,0,11.9877102971077,11.1366083621979,0,2.42095130681992,0,0,9.6979872584343,10.4846287071705,12.3774738013744,10.2955251336098,0,39.5923520624638,190.658603787422,11.5867757797241,0.455498069524765,9.54615268111229,0,0,0,7.62293213605881,161.307557851076
9.26722490787506,0,3.30030125379562,8698.90826019645,37.5831714272499,4366.74698978662,258.835786551237,1731.80097949505,570.594733774662,30017.715390712,115.973557323217,23914.2993802428,4.68473029136658,154.922260671854,784.346492648125,0,1.91300463676453,5.54863166809082,3.99935245513916,0,0.936849296092987,0,7.27652198076248,575.326115369797,6.36289221048355,1.60424333810806,10.7219194173813,11299.561208427,53.9412083625793,8.75371789932251,0,82.0702666342258,0.480758965015411,312.075573861599,3.46233525872231,157.615084171295,3.95751738548279,41.9786486327648,55.0526973307133,458.421224087477,36.8805403113365,24.6183643341064,44.4749728441238,0,9.66072598099709,13.1607336699963,306.225952148438,16.6458208560944,0.581552028656006,0,0,0,330.517390906811,13.4117947816849,183.783700704575,49.4713452160358,129.345495134592,66.562844902277,382.956815928221,0.518723607063293,121.091967821121,0,49.7571881711483,65.1112997233868,1.06377440690994,0,0,0,96.9758415520191,1.36022719740868,1.62114632129669,1.85618880391121,430.398573756218,0,0,0.399738252162933,593.756078600883,14.7824304997921,6.71572294831276,0,1.10847663879395,1.60825169086456,62.360777169466,0
214.236526310444,339.326412290335,1657.28677934408,0,566.100083619356,31.0260698497295,615.07428497076,130.921521693468,245.059670567513,16.6633282899857,1769.09795486927,19.5318833887577,409.921877264977,532.03521463275,152.511182188988,16658.0398836136,8091.83450821042,1531.65478384495,2472.28428927064,0.936849296092987,0,2554.98017150164,57138.1546525061,490.117827624083,1237.98381945491,1939.98154243827,3038.01826125383,10409.0303980708,769.189955741167,43831.4684161246,31.5493519902229,50.3253371119499,165.507222384214,7904.04541647434,3339.25777593255,18041.5574983954,13336.6507832706,18779.7586321533,11163.223751545,1288.7638463676,2446.41579249501,754.638696312904,396.248628288507,122.769471853971,359.725315928459,159.410215288401,123.716573387384,50.3734925091267,46.8796221017838,11.7081447839737,8.08458435535431,32.3391858041286,0,28.2439056932926,4.90585851669312,300.186361253262,19.9071292281151,230.800038725138,1.47670698165894,15.2978379130363,3.20110255479813,9.43703591823578,26.4210189580917,78.1329115629196,3878.73303472996,62.996402323246,9.96714466810226,31.9202527403831,0,3470.56862193346,1646.94567608833,4353.62211930752,1579.7364616096,0,20.3943281173706,814.79219430685,2982.68442481756,157.237977713346,1913.90940332413,1.40455424785614,1.71732050180435,16.1668858528137,1493.35951328278,1164.21388623118
0,13225.2587246895,41.3708207607269,0,10.8182691335678,0,14.0618704557419,2.02994138002396,3946.31281399727,1.95989274978638,59.3402717709541,0,245.888072818518,4.08110159635544,10.1803844869137,7835.87024688721,22.1006202101707,11.4695916175842,9.07381099462509,0,2554.98017150164,0,6349.17769122124,21049.5272233188,6151.34058082104,45.4565322101116,13659.5085720718,5626.67499938607,6.81957659125328,65.6631471812725,180.95855525136,1.30883836746216,0.661336064338684,20.8729673326015,46.3695651888847,106.49944704771,64.5297727584839,57.560713738203,25.4603511095047,11.0080454349518,6.43728196620941,21.6691170334816,237.772201120853,101.045137375593,265.81775444746,122.179670959711,53.2322199642658,27.5495091974735,5.20904687047005,0.430860579013824,134.413147062063,45.8873479366302,0,4.7299462556839,0,65.9147242307663,8.0253279209137,389.202611356974,4.88267868757248,27.5100901126862,0,6.11198845505714,6.75483813881874,7.00549805164337,4165.03127390146,37.0253217220306,32.4608234763145,29.0732334554195,0,1993.93623554707,2014.17100349069,2461.60878762603,1164.75946605206,10.4690194129944,45.6156010329723,2456.90679109097,1094.0121768415,24.8418502211571,479.632352441549,6.52795279026031,0,1.54774165153503,270.535399883986,37.3749189674854
204.106500357389,1188.74045589566,36862.6662094593,0,557.333313733339,63.7808232605457,583.914902299643,181.131164312363,81.4533708691597,44.1701316535473,3009.49654820561,29.1671641469002,1186.59174236655,753.131558269262,107.419764518738,16804.6212228239,24321.2492565513,4713.01322627068,5821.99606221914,7.27652198076248,57138.1546525061,6349.17769122124,0,134.40281650424,2874.13489961624,11075.0578934997,24591.3900334239,2462.05895680189,656.230182617903,21650.918687284,101.435350954533,188.852235198021,54.2864679396152,13318.1045234799,3925.13931080699,31244.9754081666,39853.3666704595,47255.2593399584,29322.3017013073,2529.23714637756,4079.53883570433,1280.82592397928,1095.91820943356,1063.51207524538,1233.63893222809,631.785031288862,244.451020747423,114.435855686665,118.32442227006,4.0093976855278,128.418723583221,313.880448698997,0,82.611280143261,2.13445863127708,120.642005413771,12.9848519265652,234.305292993784,6.82387787103653,74.8433393836021,16.4506936073303,16.7308156490326,17.8181730806828,131.251874953508,13825.8314396739,203.71334862709,93.3948267102242,155.644882589579,0,5940.94296017289,3904.06807401776,16143.3476803303,1171.49601596594,2.23125272989273,163.754403680563,11830.1060497165,2133.24513453245,29.15888017416,936.866449654102,1.15324583649635,0,8.26656225323677,3489.7613812089,3279.60242569447
116.527911037207,1437.63467425108,8.36121511459351,2897.89944133162,30.2851857841015,478.384249120951,2053.8094175756,1166.19956356287,26150.8082888424,2290.67737898231,112.965874940157,728.193067342043,113.967950075865,1360.09870561957,731.428155481815,1587.56637126207,27.217375099659,11.9957304298878,8.00618574023247,575.326115369797,490.117827624083,21049.5272233188,134.40281650424,0,1678.30394512415,26.6989768743515,382.095391005278,35845.8331720233,960.708448469639,499.751152396202,53.5576484203339,66.018622636795,119.19504827261,335.893424093723,200.283859312534,1569.3921649754,150.165288746357,175.993939936161,54.9628375172615,665.000178813934,255.067367732525,109.117507725954,998.249425590038,37.6970860362053,309.964061737061,119.247794091702,533.875840008259,113.246506333351,12.67360663414,44.7268327772617,4.95683979988098,9.0679674744606,290.319188177586,26.7358610332012,231.694058060646,2485.68453541398,799.136673361063,4760.23619508743,310.167495131493,59.3581952154636,73.5862028300762,4.63674333691597,571.391124755144,52.3164117336273,1091.9318164885,24.5586111545563,2.82929530739784,5.04551541805267,63.7186689376831,1374.25061225891,1067.83373174071,659.002800643444,11873.6356773973,0.522174775600433,13.7073988616467,138.146685898304,8416.13231226802,541.733165323734,1894.43739831448,1.67361354827881,22.4809320867062,41.6097763478756,817.652064204216,59.548940628767
21.4913315176964,9067.24134239554,6.93463563919067,0,16.6853283047676,59.0068628787994,265.689045965672,86.7097132503986,85.1566664874554,38.4650218784809,2810.0808968544,15.1503690183163,14432.7505435646,143.100747108459,23.5979581475258,2571.26540857553,9.22216293215752,57.4459453523159,0.390653848648071,6.36289221048355,1237.98381945491,6151.34058082104,2874.13489961624,1678.30394512415,0,896.644641429186,9728.17175966501,1239.21268749237,122.769592612982,40.8578071296215,3431.27934342623,19.4661218523979,8.18494641780853,116.906236886978,3.99372929334641,262.151386886835,563.694193422794,318.033947587013,71.5356089472771,622.896919429302,48.8625711798668,123.113934934139,31.3236767053604,153.52444896102,19.6457754671574,10.1278746426105,108.069369405508,8.80890959501266,223.005060523748,0.876847445964813,537.1214209795,1.71422085165977,0,2.39616560935974,2.3591902256012,17.4604472219944,17.3724988102913,16.9717548489571,0.687385082244873,1936.29235839844,1.57604908943176,3488.26695871353,7.59154224395752,0.709496796131134,49.9285410940647,1.4317455291748,54.9470781683922,0,0,39.9041171371937,110.418018251657,18.2426662147045,55.6700946390629,3119.14311724901,4796.21660789847,5713.16182211041,160.703766047955,11.3975559473038,86.0595409274101,2783.03100574017,0,1.13595509529114,32.8903801739216,1.38882005214691
35.6526911556721,234.625218212605,35959.2333958447,0,8.86771202087402,10.6413081884384,128.143249988556,47.6615442335606,4.62590199708939,11.0144329965115,3409.93400546908,9.25170522928238,368.464732795954,137.226385623217,2.53489470481873,58.1274270117283,9697.23414185643,4088.39651575685,4179.96005710959,1.60424333810806,1939.98154243827,45.4565322101116,11075.0578934997,26.6989768743515,896.644641429186,0,28397.6501866877,346.583491414785,130.70431086421,1083.12033033371,1157.34830635786,65.1203912198544,4.97846651077271,1772.3688519299,246.496429771185,7583.00836390257,12266.4409403503,3152.34422630072,1224.20412194729,37.4303559064865,302.259762436152,102.658017635345,58.9491270184517,1004.51200264692,75.7561330497265,50.0292735099792,4.3830332159996,1.74212101101875,13.8228294551373,0,635.477676361799,39.1820892989635,0,11.5964585542679,0,1.28166544437408,0,11.3785158991814,3.20115256309509,1710.5152618289,23.7465751469135,813.602575004101,0,21.5322474241257,126.806153044105,7.43042534589767,523.333495885134,21.7001960873604,0,3.30023524165154,293.231968313456,37.2745318114758,20.6855913549662,385.032659381628,16034.6345046163,15944.6767477989,3.48083382844925,0,3.50415346026421,2036.59897071123,0,0,38.385804861784,280.536484003067
65.3476635813713,33507.56897223,10977.9540684223,1.57013696432114,49.7335167527199,19.5515978336334,186.649233043194,102.343852639198,26.2973639667034,27.9500280320644,5473.99567633867,19.8512499034405,10392.0788094401,402.385833948851,23.0864764750004,8125.72678548098,8605.72372150421,3779.23323330283,3093.40444368124,10.7219194173813,3038.01826125383,13659.5085720718,24591.3900334239,382.095391005278,9728.17175966501,28397.6501866877,0,1028.67614132166,284.291316300631,681.651444792747,3696.2588583529,194.168877959251,6.38135141134262,3970.3468234539,605.508561134338,10033.875756532,23357.5726337135,14674.0257774293,5311.73140802979,327.547794550657,1042.01040032506,147.591117829084,1222.27572450042,6133.46182754636,1096.11318412423,691.549850642681,147.902809232473,126.24864256382,20.8139280676842,0.990391731262207,7382.08216035366,1747.39446517825,0.417370796203613,42.5588331222534,0,73.0989181399345,0.873875498771667,326.687565624714,0,527.055248945951,8.64282330870628,369.886590987444,2.75173914432526,59.2817776799202,13386.4949738979,303.671743810177,804.538999527693,356.191289424896,0,1695.58260652423,5045.6979983449,11954.3140231371,658.784832119942,442.62941250205,15056.9419671893,135906.562030286,794.547319471836,14.1080758869648,427.893037497997,432.477621257305,1.52859151363373,6.91154634952545,1519.70842951536,977.730046540499
636.244965106249,545.726040780544,179.488329023123,28926.392511487,469.276514172554,2249.02678510547,24056.5432297885,5758.80885073543,21451.9883383512,6409.05951330066,794.307020187378,2972.58110514283,300.207420855761,6979.13812115788,1787.02947351336,2409.65877470374,530.914083361626,322.529764592648,347.264208137989,11299.561208427,10409.0303980708,5626.67499938607,2462.05895680189,35845.8331720233,1239.21268749237,346.583491414785,1028.67614132166,0,5071.03808006644,15832.6798549891,33.6208041906357,367.51289537549,834.235687226057,2521.64269539714,2982.6917232275,17365.0296081007,2721.94937381148,5243.82376521826,2632.77155458927,3732.784727633,2419.28895521164,1366.86060985923,4049.45565596223,123.965074002743,1256.47281274199,533.890739917755,3165.57158225775,543.311854869127,61.1023090779781,190.339023023844,15.2511129081249,27.2947905063629,1866.24281236529,120.843801468611,1573.16676163673,7889.58525320888,3934.37714344263,8482.30920183659,2068.97835886478,230.660207122564,561.856022179127,13.3640947639942,3046.66288158298,272.617799252272,2441.31864246726,38.0235835909843,5.34353107213974,9.21345618367195,673.761425435543,2939.81069353223,1745.42581126094,1893.5000834465,34219.7968615294,4.6257318854332,19.3282964527607,197.300575613976,29356.4606655836,2572.55576598644,6469.86497041583,0.267714947462082,97.2213370203972,136.714584499598,3832.39444184303,609.362187862396
7818.08862066269,1.4884677529335,322.42289891839,8.12916052341461,161.96425190568,529.122506141663,8240.60572046041,1630.92082497478,152.959844589233,468.618434488773,1381.77612149715,114.806062877178,155.599622994661,13333.7776166201,160.136238008738,15.8046237826347,171.901585251093,175.798606932163,219.648292034864,53.9412083625793,769.189955741167,6.81957659125328,656.230182617903,960.708448469639,122.769592612982,130.70431086421,284.291316300631,5071.03808006644,0,10570.9940927923,2.33489713072777,6234.91756886244,5192.68276113272,7064.59810099006,1182.94347608089,8660.64750263095,123.556358337402,3665.68080368638,592.00362727046,1884.29764673114,2925.6157746017,367.426470339298,250.971324324608,11.2448931336403,100.614596009254,79.9533764719963,172.54364335537,59.3456732928753,20.4821824431419,6.71246230602264,0.976243734359741,0.631772041320801,13.0809979438782,15.3991395235062,26.7508541345596,358.727289229631,96.8302359580994,224.518626540899,11.8531218469143,6.51132202148438,5.29644694924355,4.62499862909317,85.9809568822384,27.927019149065,27.8564152121544,0.425726681947708,4.0111688375473,0,3.29981163144112,56.4219592213631,28.1799939572811,20.1394738852978,1249.40483361483,0,3.3103831410408,22.3226186335087,1318.7562469542,106.728436261415,385.889738112688,0,8.28401744365692,5.08109265565872,531.922215372324,117.809456020594
14738.3873819709,3.46049121022224,813.407182067633,0,575.281632244587,690.402217835188,9218.4742397368,5657.35830402374,328.210867375135,86.3074890971184,2288.62119570374,39.0601188540459,280.276563227177,16692.345631212,367.251539975405,79.0545922219753,5419.01218482852,2283.20562899113,3576.76448521018,8.75371789932251,43831.4684161246,65.6631471812725,21650.918687284,499.751152396202,40.8578071296215,1083.12033033371,681.651444792747,15832.6798549891,10570.9940927923,0,3.49876180291176,300.953731358051,2623.91498225927,23273.092223525,3983.11233207583,11921.9581290483,2068.17227312922,14783.0845964849,2320.68621590734,1413.11973506212,5222.23785859346,563.424784421921,280.799190580845,51.5980896055698,115.627139300108,77.0496681928635,120.328803688288,60.4907040894032,10.3365977406502,12.6553396880627,5.68611979484558,6.72351098060608,0,22.5841569304466,11.3014857769012,421.579986095428,77.0503675043583,445.063624173403,3.69558209180832,11.1763319373131,3.35605823993683,2.07733917236328,79.9218423962593,56.654444783926,151.10113888979,4.10068407654762,3.41907620429993,3.68581542372704,0,204.154297351837,107.595173746347,106.866131424904,1882.83208993077,0,3.21001318097115,112.343454807997,1699.82885432243,132.944229394197,506.696831792593,0,6.73718446493149,12.017942160368,358.437442779541,543.174526393414
0,293.269155919552,12.3851879239082,0,0,0,1.21544754505157,0,0.916133463382721,0,149.741582810879,0,323.900776356459,0,0,121.264103651047,2.97840178012848,37.0364630520344,3.35683792829514,0,31.5493519902229,180.95855525136,101.435350954533,53.5576484203339,3431.27934342623,1157.34830635786,3696.2588583529,33.6208041906357,2.33489713072777,3.49876180291176,0,0,0,10.007255256176,6.63740131258965,212.395126223564,1616.17947497964,91.6219723522663,11.3810326457024,1.85878705978394,2.97727513313293,5.03166192770004,18.4925394654274,302.823319703341,40.6015537977219,20.1172378957272,0,1.02750515937805,9.71576383709908,0,541.804392457008,8.12310948967934,0,0,0,0,0,7.59204840660095,0,1782.65799695253,11.2680282890797,1110.40229383111,0,1.02869290113449,37.2742239832878,1.69587203860283,303.629436194897,10.2186384797096,0,0.269457012414932,177.420241743326,4.07102054357529,8.01668801903725,698.100268959999,12565.5275943577,10149.0722728372,1.22118163108826,0,0,3036.86613515019,0,0,18.9585784077644,1.45341408252716
