0,0.000112259606005705,0.00269815968784336,0.00018356374267053,0,0.00162843897986581,0.180307500398728,0.0301045436896029,0.000176074834432304,0.00545781697124963,0.00470991142863912,0.000992428700323463,0,1.04754234076322,0.00129585447572368,6.95892412280917e-05,0.0170655291866408,0.00266522623322866,0.00318683433038622,0.000430498048517159,0.00820130538227091,0.00019717634675678,0.0312284362712717,0.000352272381081569,0,0.00680298891011779,0.0108820903661812,0.00362538373230928,0.737173686968079,0.555578252941877,6.84787958224029e-05,0.000497844805949056,0.00294853470507202,0.0286671278022803,0.00382343280793735,0.0206737678197136,0.00315423263198709,0.0187133048580323,0.0058765457257153,0.00184160220942921,0.00202130954327957,0.000419955860099799,0.000455677847561145,0,0,0,6.21151393380582e-05,0,0,0,0.000109870421724218,0,0,0,0,0,0,0.000371920320093619,0,0,0,0,0,0,0.000163666675275296,7.87323431274444e-05,0,0,0,4.50508135971308e-05,4.44896983551085e-05,4.27603556264877e-05,0.000588754855502656,0,0,0.000549919273489424,8.2944550762412e-05,3.3236068214187e-05,2.99787991712719e-05,0,0,0,0.000155712897782725,0.000166584787290752
0.000112259606005705,0,0.00892049652359355,3.43056497051686e-05,5.51480155030846e-05,0.000132470351603955,0.000969963118919652,0.00066001482115522,0.027913064245598,0.000184140606783548,0.0147990151857567,8.73867835677621e-05,0.360783540639246,0.00347719084129286,0.000545611719869757,0.0190650023946926,0.0369688660522209,0.000139623726448756,0.00367524176889555,0,0.00433930897038537,0.346603677352066,0.0121621006390978,0.140325597219396,0.20898142272506,0.0436817692989768,2.6128523061079,0.0123429055112245,0.00157883955830829,0.00304852890278665,0.0366708311978037,9.73210683993462e-05,0,0.00700302963091698,0.00416540193839984,0.0446202548090426,0.0138796921422308,0.0101949157063611,0.00475085246486139,0.000728834583459887,0.000162068718808079,0.00292804768926852,0.0286757370654059,0.00169531714283419,0.00770459832181781,0.00375018273491401,9.49872118599413e-05,0.000137531755748892,0.000313452139276564,0,0.056403000484555,0.00397373108702085,4.05825610206663e-05,0,0,0.000203751584256005,0,0.000600570885929221,4.75163965565443e-05,0.0162288567826688,9.4583070365542e-05,0.0194285534075726,8.20646903714778e-05,0,0.00167844062007673,0.0216095956658697,0,0.00258671858848232,0,0.00118982361788203,0.0104149098262379,0.0139506434446576,0.00437924179067399,0.00487706326268758,0.00894477370232881,0.248582049821852,0.000777406104766676,0.000130746796296054,0.000689588848121345,0.00491477430161069,0,0,0.00526582541644754,0.00224619619272694
0.00269815968784336,0.00892049652359355,0,0.000264429839313224,0.000153939457270432,0.00170606443035523,0.175443793376287,0.0527828298883886,0.000807729134997942,0.0117379123390126,0.00254608833675271,0.000105555798002422,0,0.068872922279735,0.0013156187229945,0.00286679500553941,0.738492690481798,0.0027522059886783,0.0410299248722205,0.000297226958831254,0.252573932844511,0.00204073568234529,3.99085744857803,0.00448052633517682,0,3.86545713712981,2.09823274292307,0.0304208231232716,0.0177295940861545,0.116959431793106,0.000370886214310544,0.000295338032110154,0.0005501579632554,0.0611212047366902,0.0353089945392409,0.311478189276566,0.0872821530389622,0.104670341383526,0.0603570504505643,0.00462599518647333,0.00430374323619682,0.00207243738957823,0.113677044791509,0.00809635564296621,0.0337603853533771,0.0191005557603363,0.00253252572889484,0.000471681237508982,0.000169118487010932,0,0.00982602900575165,0.0364502874099668,0,0,0,0.000634234720125407,0.000117306175455898,0.0015995216574343,0,0.00101022705290204,0,0,0.00035070268140074,0,0.0118887413789071,0.0847627744543468,0.00148450705018894,0.00854880855308748,0,0.00513679680851249,0.0123856485990774,0.0732301942796215,0.00607737942472825,0,0.0169373690650433,0.505314582809822,0.00355377398439726,0.000760732387404513,0.00192900652297622,0,0,0,0.0194321339170549,0.0107657416497981
0.00018356374267053,3.43056497051686e-05,0.000264429839313224,0,0.00743954764580516,0.0344969460159385,0.017211855723058,0.0306597512105073,0.292030267738781,0.622982243530821,0.00924238011753347,0.652554191364871,0.000788005201246306,0.0252011399901736,0.0575110645154371,3.36540428252131e-05,0.00138193219433108,0.00309918734674511,0.000789854376654804,1.03618097999073,0.00111448772063585,0,0.000634085137740818,0.192776724405773,0,0.00135109103876378,0.000345591722761166,0.95368169250481,0.00938543954274925,0.00147120222586099,0.000130360352497995,0.0018743869249692,0,0.00860692266895378,0.00461067125152907,0.0649495184119548,0.0038131131706499,0.0152276856211414,0.00313192902277264,0.0426329542664554,0.00895680498701078,0.00390803915396083,0.0223894720638476,3.01166578950316e-05,0.00364294713214212,0.000557968368620145,0.0549542166667134,0.00158880967081744,0.000573422789822835,0,0,0,0.0171212621379371,0.00170233650227503,0.00484573703858652,0.0059918611489164,0.0372290925918027,0.0233768748097497,0.0194643084801828,0.000339676244137368,0.0381151031684364,2.22216144550234e-05,0.00314900917533758,0.0052966089741865,0.000427937861307782,0,0.000180244796258229,0,0.00888031548201138,0.000167556927514512,0.000195883460590089,0,0.0993523999742038,0,7.24542719655901e-05,9.03666650788932e-05,0.11065088491705,0.00184769316737366,0.000129777516711679,0,0.000103466194239521,0,0.00459954662653931,0.000302127475042391
0,5.51480155030846e-05,0.000153939457270432,0.00743954764580516,0,0.059237077955879,0.0036581967117223,0.0105735715802323,0.020788810456973,0.00270159642834611,0.00707418540173668,0.055210442622195,0.000653164532352412,0.00512149725868827,0.346421694014624,0.00130971928379384,0.000378273637173683,0.000799867663322536,0.000158282219667989,0.0106074283103421,0.00819702070667965,0.000676547228601104,0.0104436520473027,0.0325944707870283,0,0.00111188634352644,0.0019925628009399,0.00998151562483306,0.00265415932181564,0.0047604839683764,0.000117383407994851,0.0622124671812832,9.78504874735239e-05,0.0814292990176049,0.0239118565779196,0.00799613841223036,0.00117335987995464,0.00381025952105241,0.000987066081008866,1.06382805395839,0.955067794500343,0.000578139660544574,0.000558812625743696,0.000307453026517832,0.00030902686479503,0.000282354971838748,0.00273841382336813,0.000316199675924599,0,0,0,0,0.000721609862709778,0,0.000144502883534118,0.000525776575514012,0.00143134278061826,0.000739266957340747,0.00080968559501331,0,0.000525785325149256,0,9.92758370705364e-05,4.94751526425004e-05,0.000410052180093867,0,0,0,6.87630928258628e-05,9.4460230589104e-05,5.56093461630464e-05,0.000251305289597386,0.0031203725853308,0,0,0.000288672331319546,0.00367336895718839,0.000113817740293944,0.000284959656045717,3.40612268493622e-05,0,8.03979132041574e-05,0.000572589689429104,0.00781276137411445
0.00162843897986581,0.000132470351603955,0.00170606443035523,0.0344969460159385,0.059237077955879,0,0.146583218367145,2.38091121743749,0.00887449414700613,1.3939610632822,0.0474477404743086,0.530331008862969,0.00396246445762433,0.109177007979192,0.190877304812168,0,0.00697773575590508,0.0211609997527595,0.00777691475868177,0.104067080389879,0.00589342508785223,0,0.00939079234943296,0.00897266281978415,0,0.0104272770836848,0.00487955076697935,0.0701898542511682,0.0211176966173847,0.00804097756449737,0.00116950770185713,0.0147790057077534,0.00030992849533672,0.0367740206304978,0.153849519398897,0.115164432196108,0.00694042030018034,0.0600574781264941,0.0106483192393121,0.528008342396015,0.197842808818948,0.0136367173463328,0.00255669949705177,8.99611511390088e-05,0.00532083235116895,0.0020981367927033,0.0064968973353478,0.000959481738577465,0.00150892757270545,0,0,0,0.00013989616278306,0,0.000318896713192982,0.000204121298864865,0.00108611770631407,0.00222205140183123,0.000418580005942109,0.000270707374252832,0.0100430735182332,0,0.000210810843828839,0.000218541311921274,0.000637481867087594,0,0,0,0.000156492616897506,0,0.000300201629301524,5.63817069857686e-05,0.00992067334246154,0,0,0,0.0055651951453593,9.76843294435504e-05,3.40679591550976e-05,0,0,0,0.00263597551520607,0.00697915806061013
0.180307500398728,0.000969963118919652,0.175443793376287,0.017211855723058,0.0036581967117223,0.146583218367145,0,1.86239827321333,0.119326137973462,1.72803318206668,0.0821956792685749,0.0195804776896728,0.00584527114902919,3.21828978803841,0.0374879337811323,0.0485174561814822,0.0530907600275084,0.0429911987176865,0.0166800441681312,0.0171394393775958,0.827015825225985,0.0141687676134667,0.406393773733419,0.228705441953355,0.000486986215697622,0.0375051379593043,0.113201533181486,5.74514386934598,0.69028425934857,0.895162464305505,0.00150279547682964,0.0176557138870309,0.0183727290432026,0.263943077009291,0.202810552760352,0.818901270587384,0.0480322037896305,0.362882375624023,0.0768875964044634,0.118306907753769,0.11154562021231,0.0503731890541918,0.231948247183068,0.000566350181386945,0.0464581684212304,0.00899153568142909,0.147379253213064,0.0240746224021833,0.00582208049593547,0.00292296957483208,0.000896711300221253,0.00147982357406586,0.0123185391566038,0.00100548061909037,0.00653243886866888,0.0165586324271254,0.0990234044811474,0.0810788495039708,0.0234566949304913,0.00285382721697206,0.01182403533651,6.78585142429233e-05,0.0174565805133278,0.00394494236107774,0.0561793921204386,0.000314845717114931,0,0,0.00404572612360901,0.0185164724659567,0.0254685947087846,0.016012403146945,0.485114561328149,0,0,0.0141965479911922,0.308765002326414,0.0425597728440529,0.00980193280084342,0,0.000338546135674506,0.00159798553188029,0.0541983834632322,0.0147258263389202
0.0301045436896029,0.00066001482115522,0.0527828298883886,0.0306597512105073,0.0105735715802323,2.38091121743749,1.86239827321333,0,0.0213766180274522,1.27409684318149,0.102879851316407,0.172356902276517,0.00688237174279866,1.32921224035856,0.0434851592076365,0.000815256315803721,0.075954586299912,0.0488538241540458,0.0219525405223945,0.0777667680923321,0.168783981298072,0.000127510234408253,0.32634947820692,0.0232158376502595,0,0.0512275362339556,0.0708019148680194,0.190313307106279,0.1070741209129,0.283501769748945,0.00187303239450409,0.0279232090838821,0.00778835075871732,0.127348496465343,0.0426346081908243,0.27820121431131,0.021293988980883,0.160806575380093,0.0462702731815539,0.166413777684887,0.0862627843062131,0.0219191968034305,0.0566951725353258,0.000357716369169277,0.0143503007155615,0.00311821848844117,0.0501478295606605,0.00538778931754762,0.00172666795048114,0.000238367267270244,0.000605812300118458,0.000173197359559152,0.00344935709882383,0.000438377475370073,0.00160064511863108,0.00581288625922129,0.0358620215537196,0.0165597578749429,0.00864466786783236,0.000241998850149831,0.0108358390690853,3.56418895585835e-05,0.00315068803522203,0.00198477480824772,0.00817055357030619,5.8006850157094e-05,0,0,0.000515778371573344,0.00187693124992137,0.00287680814574996,0.00147553593389789,0.124306869080662,0.000113422844499421,0,0.00105746469184352,0.0832475054157811,0.00555138930992516,0.00164758083610135,6.18920094660759e-05,0.000149162591074634,0.000191009696435952,0.0142863995262206,0.00302641200285125
0.000176074834432304,0.027913064245598,0.000807729134997942,0.292030267738781,0.020788810456973,0.00887449414700613,0.119326137973462,0.0213766180274522,0,0.187602403291238,0.00578575768680153,0.136551313538614,0.0535003423800638,0.00874638247911224,0.145643812243797,0.0499924661947427,0.00469249245920533,0.00251400760779351,0.00110074008775646,0.113750361979714,0.00414637212190501,0.559778144603032,0.0162748024448954,2.92307398496409,0.0262829938296267,0.00901688686607941,0.326548151362565,1.19920043449625,0.00551366533788841,0.00369382269650386,0.014962461887076,0.000471127123864925,0.000715803740353248,0.00955117499888393,0.00824616170309863,0.0567965793597607,0.00566897001227347,0.0130894565139211,0.00457295837244239,0.0963024977590004,0.00593197353584475,0.00447832498458756,0.088359350390571,0.0028173286875718,0.0205188628246035,0.00513805427093995,0.041016007356102,0.00824116436215776,0.000701590881525421,0.00017716208054865,0.00213500934302588,0.00148237641715645,0.0489408745963434,0.00175576527587031,0.0102073460018118,0.0254195646395042,0.10476144834003,0.613433093786669,0.0719437646964932,0.00929415560219501,0.0210324105494276,0.000403592452425573,0.0245080126327089,0.00616006073052535,0.178898486510085,0.00140354736268546,0.00832272964064093,0.00188494864888425,0.00894802306504634,0.00920244506259177,0.186733715792383,0.0404361599009315,0.672072559839635,0.000330636044940627,0.00344155639034156,0.10914304248573,0.407223453402448,0.0330963120833633,0.00220452893205505,9.13671849240926e-05,0.000352572164750433,0.000513150629809785,0.0246366398841981,0.0117180184204468
0.00545781697124963,0.000184140606783548,0.0117379123390126,0.622982243530821,0.00270159642834611,1.3939610632822,1.72803318206668,1.27409684318149,0.187602403291238,0,0.122751580559317,0.442256502798141,0.00880584393959305,0.467927126473672,0.0221062293465524,0.000654230400445282,0.026444907573119,0.0604797802849068,0.0216113432023592,0.304164655849984,0.0376292315485519,0.000137226789385718,0.0215406161093356,0.0706194584951538,0.000121081751725209,0.0302450434827292,0.0124940153567723,1.47681643536692,0.154034029006902,0.0253412332583331,0.00227412458669018,0.0182841614746264,0.000956776461911744,0.15892458851581,0.114229361361117,0.695098519763345,0.0337654805725945,0.240201827438267,0.0322391843054248,0.154827337890259,0.11281984295112,0.0421507194334047,0.0614734188656105,0.000283939839286289,0.0208011067677284,0.00400662599268914,0.116696189064806,0.00483505272292735,0.00336394943597633,0,8.96856793615938e-05,0,0.013409158087257,0.00162419217290379,0.00572528937574591,0.0110564300137711,0.0776884696734747,0.0326223121051129,0.0293873710541701,0.00054296533316263,0.0586588648045402,3.78970726093859e-05,0.00560963254196659,0.00937094469716184,0.0026413958079398,0,0,0,0.00701808174133999,0.000670040202351147,0.000820923339274909,0.00049314659434416,0.218345396625146,4.23834315449595e-05,0,0.000350621768534651,0.193572627962281,0.0038198497260056,0.000363315599502817,0,6.70608990059495e-05,0,0.0166155245680832,0.00372754278206723
0.00470991142863912,0.0147990151857567,0.00254608833675271,0.00924238011753347,0.00707418540173668,0.0474477404743086,0.0821956792685749,0.102879851316407,0.00578575768680153,0.122751580559317,0,0.076536353107101,0.457489362335611,0.319711056067181,0.00720062276172967,0.000770046815854874,0.165626432277949,1.36993738571626,0.114006518004256,0.0322854581191306,0.0144195330689948,0.00642890674980184,0.0288865839164405,0.00572626598291358,0.0440692948273861,0.438760981938731,0.0321028864112378,0.0205344952786786,0.332883740070596,0.0262307640749585,0.0339173815939878,0.231182361621924,0.00234778746107908,1.04962406410478,0.0225343678919887,0.280206387950424,0.262899402843382,0.792316531854847,0.0760812137636835,0.0274020281503423,0.0412762579335585,0.163377005126502,0.00174679271390519,0.00680571129628892,0.00651304766908882,0.000565260480931771,0.00201102860139571,0,0.0017698103254816,0,0.0170757947127256,0.000184756537167531,0,0,0,0,0,0.0038206337443472,0,0.305840719562198,0.00250067505581479,0.509378039816494,0,0.0001480044360623,0.000156548646216711,0.000613000779803798,0.00167861522065432,0.000347418348488769,0,0,0.00505392195010661,0.000324016671862328,0.00500970478966094,0.0445180995742579,0.0716214590932833,0.156746553557225,0.000470874012791401,0.00121667901223274,0,0.133131111072456,0.000295603384169054,0,0.00432338365156194,0.00447503012801873
0.000992428700323463,8.73867835677621e-05,0.000105555798002422,0.652554191364871,0.055210442622195,0.530331008862969,0.0195804776896728,0.172356902276517,0.136551313538614,0.442256502798141,0.076536353107101,0,0.00623431805806183,0.129133621387942,0.491026418217132,0,0.0113769386535562,0.0393049372745421,0.0141071075094921,0.826740466858399,0.000921895289830283,0.000205640484992767,0.00156230673747521,0.0790670862261288,4.87755456037581e-05,0.0209750474328961,0.00471904971634932,0.233684443658771,0.0202615011669399,0.00329293193018095,0.00212511317721803,0.0110524056847103,3.56634423857868e-05,0.0566722114042512,0.284562756530392,0.155608706582938,0.0114466311470944,0.0867254576997502,0.0141157340829111,0.205042925523886,0.0566307538986039,0.0204759324416429,0.0165158305674246,0.000326892509722191,0.0102136216044615,0.00209603678339416,0.0299317800842345,0.00172652276653629,0.00172801043838672,0,0,0,0.00596601318152035,0.00051728000409987,0.00236286951490824,0.00234063124213039,0.018796686191342,0.00745697434203617,0.0082618053422501,0.00101985230127824,0.10063214096434,0,0.00236040939810864,0.00176433817982043,0.000861012313623398,0,0,0,0.00240897816271339,0.000332124961677057,0.000295758959486854,4.51504800685644e-05,0.0435392745228729,7.95886758814929e-05,0,0.000123176039755574,0.0504177171455873,0.00211220860854486,0.00025277158106212,0,0,0,0.00571110360440927,0.186722877833696
0,0.360783540639246,0,0.000788005201246306,0.000653164532352412,0.00396246445762433,0.00584527114902919,0.00688237174279866,0.0535003423800638,0.00880584393959305,0.457489362335611,0.00623431805806183,0,0.0177840131240493,0.0010773502576259,0.00947960953537031,0.000456434176047367,0.00113520181356849,9.8814558379251e-05,0.00217822506000124,0.00147013406642196,0.243462059052399,0.00133770142754118,0.150254848558738,0.665363424248649,0.00636602845754553,0.707013556555223,0.0162206774894696,0.0150621776696963,0.000970104712301433,0.201626420021925,0.0176073313049318,0.000165160812501436,0.0882669399651876,0.00202949439712709,0.0233747386231555,0.145925952325162,0.212748786027832,0.00601342972026625,0.00444681557326634,0.009517361636634,0.389638060293711,0.00391584471915208,0.0112017555803416,0.0138696737224753,0.00121579729278054,0.000128896272064197,0,0.00369062868278831,0,0.0655387591887499,0,0,0,0,5.84328232197761e-05,0.000113989662122512,0.00381044030590242,0,0.757408634881826,0.000419181226828614,1.46270886540236,6.35361897082507e-05,0,0.000267743988071859,0,0.00273446660637354,0,0,0,0.0186572752837075,0,0.00371014475128539,0.186059280029821,0.106895416530793,0.443548490008316,0.000195640136163113,0.00128920323639824,0,0.266539351115998,0.000555771945606244,0,0.00967203593570538,0.000558142780220729
1.04754234076322,0.00347719084129286,0.068872922279735,0.0252011399901736,0.00512149725868827,0.109177007979192,3.21828978803841,1.32921224035856,0.00874638247911224,0.467927126473672,0.319711056067181,0.129133621387942,0.0177840131240493,0,0.0208524865274589,0.00102829695362299,0.290517629082934,0.178913701126558,0.0884280049728012,0.0644674652873792,0.158982578721818,0.000802020357057913,0.681712572608776,0.0114928298211816,0,0.175002976803084,0.216275538887409,0.146085476005629,1.11993221415791,2.33997519823103,0.00788362855815271,0.0100818093723575,0.0274115955127002,0.397021838749517,0.0567391473776471,0.430944293153593,0.0510880938640122,0.340200291955982,0.09532951190331,0.0878114849994663,0.0592148914037448,0.0263523788953762,0.0103407944204307,0.000135633928210947,0.00918611054950128,0.00211017642780656,0.0153087386561978,0.00119038951188001,0.00240462388452971,0.000179857603638795,0.00182338451924298,0.000187931308299744,0.00017692261361475,4.3761158937192e-05,0.000392045426038491,0.000149205214837682,0.00119439587395214,0.00870870358281514,0.00036044319157556,0.000918136960074717,0.00693354079080843,0.000607159779379132,0.000542130314652318,0.000476382347548663,0.00831934823260464,0.000337741495217442,5.13708990711987e-05,6.72895233842969e-05,0,0.00226475614625012,0.0034199480842146,0.00175752456200508,0.0495123406686697,7.86214254376889e-05,0.000125578478411615,0.00718120753608587,0.0145113248261895,0.000755696117200989,0.00133848043090557,0.000141147816529888,8.2855133931184e-05,0,0.00386847567505149,0.00334756285499709
0.00129585447572368,0.000545611719869757,0.0013156187229945,0.0575110645154371,0.346421694014624,0.190877304812168,0.0374879337811323,0.0434851592076365,0.145643812243797,0.0221062293465524,0.00720062276172967,0.491026418217132,0.0010773502576259,0.0208524865274589,0,0.00386483952365286,0.00176883964038077,0.00303411597873007,0.00132332515557436,0.0718966722887408,0.0301070865098257,0.00710310266747508,0.0250252447642095,0.261716603821965,0.000447491985048857,0.00283904119089384,0.00842289629640635,0.0889792893854524,0.0148539577360132,0.026859349169308,0.000464325546246877,0.0571140053547026,0.00027122034287889,0.010326310363068,0.0493959857632898,0.0285262726237264,0.00451876502860135,0.00966624931577561,0.00293981906206704,0.388139737751362,0.00783597830682266,0.00299257505154695,0.0109281840422833,0.000744398368016481,0.00423778092428961,0.00280879079869815,0.0162957600228855,0.00170296117993204,0.000640722617178225,0.000177791411764366,0,0.000183555857605076,0.00478554952609759,0.000142726223326135,0.000977300006969948,0.00192577323275278,0.0100945532515227,0.00722472279814663,0.00703272797876681,0.000550627216776216,0.00740438872241118,0,0.00288810415398383,0.00107114413237134,0.00467762060449673,0.000298702238514697,0,0,0.00252478532061205,0.00417303018410688,0.00217297942453819,0.00527638055451403,0.0234698342700198,0,0.000155901860612547,0.00240622235595926,0.0265374191153719,0.00336969907310663,0.0010523943042043,0,0,0,0.00331151770268718,0.132303547249009
6.95892412280917e-05,0.0190650023946926,0.00286679500553941,3.36540428252131e-05,0.00130971928379384,0,0.0485174561814822,0.000815256315803721,0.0499924661947427,0.000654230400445282,0.000770046815854874,0,0.00947960953537031,0.00102829695362299,0.00386483952365286,0,0.00917298078638243,0.000745497708661025,0.00212178912370222,0,0.430300765599183,0.881336277127674,0.607416129780695,0.744223886066846,0.0064948771357515,0.00825703076031379,0.550557209650141,0.476247695004014,0.00151224414036973,0.00517867512106365,0.00333275058946199,0.000223555778903067,0.000751289480576384,0.0167350506823788,0.0301743147904877,0.416518507188717,0.0854272075105899,0.0824963817696113,0.0370935288165797,0.00467991011285793,0.00400494749894763,0.0391772241780454,0.122027779302744,0.00604195132249106,0.0351360776640743,0.0212702700921836,0.0151207205295006,0.00491766014344066,0.00627321578516254,0.00108615463005827,0.00466541178300702,0.00403793446476297,9.05812697258233e-05,0.000773049157282823,0.000448523097908646,0.00762770589422572,0.00290057435429095,0.059093157482933,0.000641512720579326,0.00036572379014639,0.000666220112548757,0.000256719702784109,0.00848819118169627,0.00187475335374042,1.28094598119938,0.0029624620267348,0.00027116135134516,0.000724757588870636,0.000108181248419818,0.134110254606784,0.295632179787934,0.550675945087018,0.242132259287218,0.00019794749576447,0.000662394660523904,0.192223160540699,0.115150172291455,0.00976817074584989,0.0341942845296808,0,0.000529228112916112,0.000335047883157241,0.0224710278627718,0.0154243247653337
0.0170655291866408,0.0369688660522209,0.738492690481798,0.00138193219433108,0.000378273637173683,0.00697773575590508,0.0530907600275084,0.075954586299912,0.00469249245920533,0.026444907573119,0.165626432277949,0.0113769386535562,0.000456434176047367,0.290517629082934,0.00176883964038077,0.00917298078638243,0,0.275221908452477,1.23056485345279,0.00586081134216916,0.304286779271297,0.0110867665275115,3.44883926673287,0.0194700057069035,0.000254225135476845,1.08453176757007,1.65493075280971,0.0378916474292343,0.146954485965394,0.339913176828238,0.000834002702227094,0.00768692572634817,0.0077795011995213,1.42331556936702,0.0802198259772414,0.830901996582409,0.401613461449843,0.459757462994499,0.190326947404946,0.0120347896998371,0.00883057468675782,0.00220212083589998,0.145513914367632,0.00920053974684006,0.0406763203780708,0.0261783455818706,0.00144659177909415,0.000157526316380024,0.000134821783004648,0,0.0384108855610716,0.0229156924801999,0,0,0,5.760486300053e-05,0,0.00244528664030385,0,0.00135714713045116,0.000218145067303392,0.000503910155147373,0,0,0.00567398957927212,0.159181455677349,0.00181231502356944,0.0214129517854412,0,0.00220449656029442,0.0161599617177529,0.0476290595032544,0.00194997167894411,0.00026164224662717,0.0583576678121034,0.734239925419751,0.000412699710111862,0,0.00103125925554841,0.000177030524207944,0,0,0.0263585040723315,0.0239939715550716
0.00266522623322866,0.000139623726448756,0.0027522059886783,0.00309918734674511,0.000799867663322536,0.0211609997527595,0.0429911987176865,0.0488538241540458,0.00251400760779351,0.0604797802849068,1.36993738571626,0.0393049372745421,0.00113520181356849,0.178913701126558,0.00303411597873007,0.000745497708661025,0.275221908452477,0,0.710986557423293,0.0176483485484928,0.0173627865565963,0.000134763913521874,0.038211368594761,0.00201224834637557,0.000107201239666092,0.26510323172194,0.0302851896131723,0.0107367541058745,0.151802838837831,0.0212981115378278,0.00190698486745039,0.0582262921523098,0.0018161691315946,0.316184948989267,0.0293221205997358,0.492516680446202,0.208726053725956,0.586303688854712,0.106182385735046,0.0153781026557359,0.0112012855142197,0.00115493673397064,0.000713816219605207,0.000193351494733912,0.000754790411842668,0.000603999939792377,0,0,5.9499735410589e-05,0,0.000289914519680732,3.33234488182068e-05,0,0,0,0,0,0.00120702747006876,0,0.00400466801613332,0.001460719225041,0.00652270802466778,0,0,0,0.000392787396996904,0.000188959560520148,0.00013415022487759,0,0,9.65443634677647e-05,4.085427215572e-05,0,0.000546714230603528,0.00351090829298925,0.0167701466787929,0,0,0,0.00697819200308365,0,0,0.000139611617747283,0.00685095770580868
0.00318683433038622,0.00367524176889555,0.0410299248722205,0.000789854376654804,0.000158282219667989,0.00777691475868177,0.0166800441681312,0.0219525405223945,0.00110074008775646,0.0216113432023592,0.114006518004256,0.0141071075094921,9.8814558379251e-05,0.0884280049728012,0.00132332515557436,0.00212178912370222,1.23056485345279,0.710986557423293,0,0.00521034722977348,0.0415109107113757,0.00147387077012173,0.135876333193936,0.00202218247530112,0,1.59865753825134,0.242199190507842,0.00685538240863478,0.0651778865540215,0.0511781562005254,0.00111353689465583,0.0101330893380571,0.00161573961187145,0.249134478433564,0.0256368737268768,0.429188488144126,0.196039766859125,0.329989456637903,0.0645422901223048,0.0040889124192272,0.00378841726848226,0.000555323793730035,0.00894519957145412,0.000556726447188976,0.00330516626592829,0.00232140304466434,0,0,0.000111044379938436,0,0.00577643560714476,0.000855039586778722,0,0,0,0,0,0.000579676164052597,0,9.7746375318092e-05,0.000337315293020144,0.000359597351769608,0,0,0.000460156857653511,0.0146986467214497,0.000122851337106639,0.00472810466283894,0,9.58780470903309e-05,0.0011835657483618,0.00159711761011152,0.000159596160235038,0,0.0113712919970815,0.0849497477177444,0,0,0.000174598650021457,0.000501571963947961,0,0,0.00161595261493829,0.00644190699516946
0.000430498048517159,0,0.000297226958831254,1.03618097999073,0.0106074283103421,0.104067080389879,0.0171394393775958,0.0777667680923321,0.113750361979714,0.304164655849984,0.0322854581191306,0.826740466858399,0.00217822506000124,0.0644674652873792,0.0718966722887408,0,0.00586081134216916,0.0176483485484928,0.00521034722977348,0,0.00032965305743689,4.60714264221847e-05,0.00104018209766402,0.07353613012553,6.08183744183779e-05,0.00846944641811285,0.00186956464051292,0.236791635660342,0.015492664008726,0.00239605491366346,0.000938981295957893,0.00326820262869021,4.79009080647468e-05,0.0260452239021277,0.00637135465862942,0.105176399907198,0.00870389564171342,0.0442244656351865,0.00639209489416823,0.0670894468405445,0.0232468183062883,0.0099685301385694,0.0384242206902243,4.58712619805038e-05,0.0104185296169525,0.00173465847927638,0.0612621107878533,0.00336102161762955,0.000847263348456138,0.000173525241746164,0,0,0.0128244896421227,0.000590742371526271,0.00508274930767358,0.0067877464880416,0.0555778132193638,0.0142714505074772,0.0206777814243294,0.000509301522588569,0.0366149722933348,0,0.00908006740106781,0.0031316348588074,0.000861256637266273,0,0,0,0.00436340551072777,3.33333512131691e-05,0.000708373067740738,0.000106535180769825,0.0934205882262962,0,0,0,0.114613420243413,0.00807438965061662,0.000278296548964477,5.03814721760809e-05,6.66743370972633e-05,8.28982206878901e-05,0.0107893691468566,0.000991381777175156
0.00820130538227091,0.00433930897038537,0.252573932844511,0.00111448772063585,0.00819702070667965,0.00589342508785223,0.827015825225985,0.168783981298072,0.00414637212190501,0.0376292315485519,0.0144195330689948,0.000921895289830283,0.00147013406642196,0.158982578721818,0.0301070865098257,0.430300765599183,0.304286779271297,0.0173627865565963,0.0415109107113757,0.00032965305743689,0,0.0316237972941052,5.73759313143235,0.0317218257979155,0.000537789711317021,0.111992158257982,0.351570210308755,0.223148251458097,0.063359021124531,2.62804092000609,0.00112109768974604,0.00206262019962219,0.00676085913059302,1.3442876278314,0.203388696746108,1.63249995553947,0.155898675036655,1.23498227665796,0.420044636343868,0.0329601235572547,0.0299289426346906,0.0316907656888681,0.0311446418176978,0.000861307403575948,0.0112616092200725,0.00520831029390135,0.0119489211362522,0.00369580389360893,0.00449137595374503,0.000799400535793002,0.00300688939338765,0.0026712010081116,0,0.000185029193187601,0.000711364379998345,0.00430834326479976,0.001471031655218,0.026958427844309,0.000329798451618648,0.000368096512168694,0.000243959110965174,6.78649678075791e-05,0.00441268606193912,0.000803070719587685,0.234424398584529,0.00435921545119757,0,0.000270950899467874,0,0.0648224191505596,0.0755815866305786,0.0828900701097462,0.118525072642398,0,0.00143439087810308,0.0552404607427561,0.0603370340654515,0.00758512355966057,0.0245407598528493,0,0.000589397285186899,0.000411439887834075,0.0105779303371709,0.0555329980388296
0.00019717634675678,0.346603677352066,0.00204073568234529,0,0.000676547228601104,0,0.0141687676134667,0.000127510234408253,0.559778144603032,0.000137226789385718,0.00642890674980184,0.000205640484992767,0.243462059052399,0.000802020357057913,0.00710310266747508,0.881336277127674,0.0110867665275115,0.000134763913521874,0.00147387077012173,4.60714264221847e-05,0.0316237972941052,0,0.0918482809699118,1.52103979021654,0.137419809948648,0.0137073549492967,2.11090774988959,0.197402603340681,0.00161621808983224,0.00127484295424808,0.0437677063808984,0,0.000108923958750754,0.00546314140303633,0.00284399768681773,0.0307883182184902,0.00997379274889172,0.0113290760109724,0.00318510804199841,0.00196683334574691,0.000262793952799273,0.00128692202648968,0.0195005987120436,0.000875576343691653,0.00575098952533014,0.00437008674306582,0.00357234879623731,0.000485394339565479,0.000619600341005534,0.000273444172282666,0.0107251370493345,0.00133965932850621,0.00010020611888811,0.000478259134859526,0,0.00122122908948933,0.000739180127132249,0.0408177222174882,0,0.00157985982152589,0.00145109906959503,0.00543327516329252,0.00119037612049713,0.000727844615618097,0.194659782049189,0.00176070330874099,0.00019194265227812,0.000665484344760471,0.000101776272113746,0.0153000230722481,0.160321916560284,0.0456647928974944,0.111334245621734,0.00237807334551817,0.00192575554450529,0.116471427402387,0.0305158301659058,0.00291771472674014,0.00360031946671835,0.00124324387333889,0,3.63314949894368e-05,0.00343855413631547,0.00189971107173478
0.0312284362712717,0.0121621006390978,3.99085744857803,0.000634085137740818,0.0104436520473027,0.00939079234943296,0.406393773733419,0.32634947820692,0.0162748024448954,0.0215406161093356,0.0288865839164405,0.00156230673747521,0.00133770142754118,0.681712572608776,0.0250252447642095,0.607416129780695,3.44883926673287,0.038211368594761,0.135876333193936,0.00104018209766402,5.73759313143235,0.0918482809699118,0,0.114810543253773,0.00063778746888594,0.830429073324255,5.70332083477216,0.553527260433476,0.129423570400651,1.41484047249399,0.00503141186698078,0.00271733909380942,0.00529308617828095,1.29610199889014,0.392455348155163,3.77300889117676,0.845910485460332,1.67531579999322,0.730549663869674,0.0537670024338413,0.0408363642697082,0.0771977719754206,0.226982359071426,0.0140721640411416,0.0782197906169361,0.0452858070886735,0.0201714392343651,0.00645477824247256,0.010638621905658,0.000718928980612948,0.00871879786975081,0.0610489406228339,7.93923547596124e-05,0.000105480802478742,0.000337977836944154,0.00729526883939026,0.0022718706697853,0.0197944636873123,0.00120532991327207,0.00159512983660674,0.000722219219056266,0.000250922117463693,0.00830670365613011,0.000826960323025057,1.03738184483687,0.03303919984089,0.0017100522821299,0.00523297549911705,0.00028437279977366,0.119730630435951,0.127003077477012,0.818052432477029,0.110525102197019,0.000152604438680899,0.00646047665266175,0.989257947095092,0.0787064311984194,0.0060947386845157,0.0262686188427035,0,0.000601497506317359,0.000267092437885004,0.0364139139998781,0.120612208982176
0.000352272381081569,0.140325597219396,0.00448052633517682,0.192776724405773,0.0325944707870283,0.00897266281978415,0.228705441953355,0.0232158376502595,2.92307398496409,0.0706194584951538,0.00572626598291358,0.0790670862261288,0.150254848558738,0.0114928298211816,0.261716603821965,0.744223886066846,0.0194700057069035,0.00201224834637557,0.00202218247530112,0.07353613012553,0.0317218257979155,1.52103979021654,0.114810543253773,0,0.0812461496164627,0.019471615637426,0.997579872789768,1.298930512934,0.0185586104045635,0.00391604196389907,0.0304912272333371,0.00120912253526706,0.00346618591906129,0.0244313087309373,0.0206419307293556,0.125544155659491,0.0153205633724799,0.0374032409025391,0.0129443375204748,0.162670313278497,0.00757447337797258,0.0124611738205719,0.23045276384775,0.00126722188021831,0.0430535077923118,0.00820691087719208,0.12077628485408,0.0234713085552117,0.00178450694417744,0.00337562646673048,0.00603515490158299,0.00287893837248189,0.0462928477176488,0.00305028882908101,0.0131539114743852,0.0267426157099199,0.159105537756918,0.359834940973675,0.0589461361784694,0.00791546070912424,0.0486153375855935,0.00055912382598576,0.0415296617064757,0.010127757890499,0.229495199325751,0.000668665198589972,0,0.000167942128788775,0.0103985888486253,0.0402396422925744,0.21487681481312,0.0532416732755554,1.00840174125437,0.00107884854289726,3.32897896517426e-05,0.0402782384194648,0.504270357338939,0.0800855809544123,0.0159909014025879,0.000453456602417886,0.000699975584055957,0.00133773819537935,0.0720362226779391,0.009558962490787
0,0.20898142272506,0,0,0,0,0.000486986215697622,0,0.0262829938296267,0.000121081751725209,0.0440692948273861,4.87755456037581e-05,0.665363424248649,0,0.000447491985048857,0.0064948771357515,0.000254225135476845,0.000107201239666092,0,6.08183744183779e-05,0.000537789711317021,0.137419809948648,0.00063778746888594,0.0812461496164627,0,0.00643413673796902,0.664374989770988,0.00787169345804092,0.000257031628225422,0,0.0354968425346667,9.63469675391796e-05,0,0.00155857760466662,0,0.00163492156194042,0.00199947844743923,0.00481728715785882,8.60988202520016e-05,0.000138341805672669,0.000593386249563682,0.0301631303920719,0.00285013145041559,0.00249353182194841,0.00186454024278961,0.000351274365181661,0.00012306798034299,0,0.00300496740513986,0,0.0611925836113975,0,0,0,6.9367557030183e-05,0,0,0.00194282057654777,0,0.0801645564140918,0.000269701355176842,0.296856405745604,3.83916136154294e-05,0.000140216183526742,0.000391091812647673,0,9.10733469441894e-05,0.000152922794064742,0,4.40867946600795e-05,0.00689640743332387,0.000248593821572605,0.0023682497232574,0.138326019270841,0.00525916943616152,0.216203297691739,0.000281222678329289,0.000306993571454626,7.30750968539536e-05,0.029535046337175,0.000182797785806,0,0.00150227244281596,0
0.00680298891011779,0.0436817692989768,3.86545713712981,0.00135109103876378,0.00111188634352644,0.0104272770836848,0.0375051379593043,0.0512275362339556,0.00901688686607941,0.0302450434827292,0.438760981938731,0.0209750474328961,0.00636602845754553,0.175002976803084,0.00283904119089384,0.00825703076031379,1.08453176757007,0.26510323172194,1.59865753825134,0.00846944641811285,0.111992158257982,0.0137073549492967,0.830429073324255,0.019471615637426,0.00643413673796902,0,3.40820276614322,0.0182898351406392,0.107086630653102,0.125538157628626,0.200546769009444,0.0219600090329275,0.00297943167027276,0.230294993897493,0.107723742609517,1.86913437505729,1.37062853578371,0.753127055893752,0.236541648175892,0.0171689472484376,0.0115024134143019,0.0042551324667287,0.199829199982936,0.0280784161091252,0.0694347955179655,0.0452679169546889,0.00155060032788372,0.000398670033779776,0.00184685455830029,0,0.076995697961281,0.0137747980897245,0,7.65014719680906e-05,0,0.000634615456817973,4.4974381848228e-05,0.00494485552631765,0,0.0841935742092007,0.00030668417358073,0.192695953437792,0.000167343525233763,4.93797334292114e-05,0.00182834570652095,0.225015722989324,0.0119537012221437,0.0944260218137346,0,0.00466909959835609,0.0299656019929693,0.0191258346589207,0.00516662553868339,0.0156041427145106,0.333009364619239,2.27819114604964,0.000364910870134378,0.000344113445430011,0.00460138814365476,0.147253938038673,0,0,0.0328044878518533,0.0282977789040789
0.0108820903661812,2.6128523061079,2.09823274292307,0.000345591722761166,0.0019925628009399,0.00487955076697935,0.113201533181486,0.0708019148680194,0.326548151362565,0.0124940153567723,0.0321028864112378,0.00471904971634932,0.707013556555223,0.216275538887409,0.00842289629640635,0.550557209650141,1.65493075280971,0.0302851896131723,0.242199190507842,0.00186956464051292,0.351570210308755,2.11090774988959,5.70332083477216,0.997579872789768,0.664374989770988,3.40820276614322,0,0.399156435851022,0.0938245678453565,0.260482948114991,0.28128246677904,0.00596515695034144,0.00422030786018868,0.497838214142998,0.275099681393813,3.30026726861745,1.04808858347023,1.08592129555568,0.420748496130537,0.0351012411803295,0.0226299496609335,0.0175012497492847,1.19819784590326,0.11805161002498,0.3870484597516,0.221187263331686,0.0166258936559279,0.00686181952756688,0.0122034805318899,0.000457969897663039,0.710200272432461,0.329999888022016,4.9555354482615e-05,0.000288057768656623,7.89461706064492e-05,0.00791094107842507,0.000487315562456408,0.0187350884734007,0.000126647762263817,0.101671238893851,0.00182481154128646,0.271118842307688,0.00198843446838555,0.00074881059127374,0.434906505878494,0.669703612214857,0.0353108526603483,0.19768912092314,0.000156816051038307,0.0761779066229181,0.517308004942891,1.09594949437037,0.0501639986125737,0.0497976763251719,0.625670255316591,12.2759524852172,0.0255014904648494,0.00223651847724804,0.0199017159673047,0.253653581979033,0,0.000196533626520396,0.180015004854761,0.109101933085172
