0,0.000200203655043054,0.0795471949893333,0.00140354201044129,5.30337135306895e-05,0.00165678062547841,0.234321112356521,0.0259122071453173,0.000199873912575513,0.0042927975915228,0.00937078974609026,0.00295529383285627,0.00290128078104857,0.837727449424392,0.000955381477961579,0.000473704569739259,0.105618366974601,0.00525658022233793,0.012029916269639,0.000753275312055981,0.0188614851401944,0.000136218772329104,0.220627155808358,0.00137681524459767,0,0.0369572666419797,0.0213984586422564,0.0197825424438202,1.2573639202918,0.427567263531186,0.000176234396520066,0.00385680703973168,0.00283069689926721,0.0460335290297271,0.00300982383406,0.0185823255682107,0.00364018378452965,0.0128772266887221,0.00760071946279342,0.00174013976333945,0.000564278193768096,0.000728576983424914,0.000169089487783259,0,0.000667920142449582,0.000699558557238811,0.000525108278205612,0,0,0,0,0,0,0,0,0.000126457160181472,0,9.46674691255153e-05,0,0.000177223190370208,0,0.000134461480901921,0,0,5.2536294641608e-05,0,0,0,0,6.94652699315607e-05,0,0.000167372841901052,0.00103183731710849,0,9.75102675738571e-05,0.000886655856302468,0.0027132377337024,0,0,0,0,0,0.000152197958008075,9.09786549490211e-05
0.000200203655043054,0,0.00774791201355146,0.000448703959545037,0.000261057349489546,0.000216004170648319,0.00107500601364447,0.000779803012794659,0.22067146156595,0.00111650248278205,0.0354790545021515,0.000419206917227993,0.475278272509531,0.00101679929128162,0.00284650153878237,0.0612336251323154,0.0840203117746455,0.00290448777648324,0.0152912408881378,0.000223487219351292,0.00405881963830241,0.669553716458575,0.00810465789986971,0.518542924451945,0.270872374616224,0.106823303151534,2.32053741612873,0.0166041410364867,0.00154551735065961,0.000107533149284595,0.0210981364575987,0.000446160578116679,2.9988585021624e-05,0.0196294465521745,0.00245958166956335,0.042173522130112,0.0363255512361342,0.0210793320813795,0.0170722559044281,0.000924272704301084,0,0.033564758034163,0.0521527308427792,0.0314102847260508,0.0162228515559013,0.0287299245104475,0.00134251167432733,0.000621299351391059,0.00580187099815899,4.37329444429994e-05,0.126252101159304,0.0356776502271773,4.01570190740884e-05,0,0,0.00254837751681034,0.000428514163796184,0.00494727317867142,3.48837641343445e-05,0.010322474931095,0.000242538392738879,0.0353652313218774,0.000436867269744578,0.000279005518916613,0.0153557975749591,0.0409990542227288,0.00193042166278767,0.0636050623285225,0.000178628075890106,0.00180292126695181,0.0574801618552246,0.0173611706007562,0.0171825480965316,0.00713113491904314,0.196496664697561,0.951094697348138,0.0050076325639356,0.000254666561419871,0.00097628350236921,0.00660922631491276,0.000155070325767803,0,0.00331650688908563,0.00240659230741908
0.0795471949893333,0.00774791201355146,0,0.000961106414584462,0.000481623648364716,0.00689985237707332,0.281242539966539,0.316696878818606,0.00132923422253928,0.0114546462172712,0.00730646115731295,0.00434849361405612,0.0545528629963126,0.471053113117789,0.00451658504854699,0.0133872550774798,1.23649151955736,0.0070276050152903,0.0807760846465757,0.00191761697417208,0.143731611793296,0.00559943326009117,2.91927247410455,0.00515011925349709,0.000268061843997646,3.79396942856,3.11587930437624,0.16271214336049,0.175704348133292,0.430262986268583,0.000402378508048653,0.00314960477162812,0.00341966233252944,0.248445466905618,0.0712624950415162,0.831747615814689,0.526256712587244,0.354404070645533,0.444789587941262,0.010579177594316,0.0105906136609798,0.00142212276390434,0.0436423984708445,0.00912084060468572,0.0110372142329273,0.0250189049140163,0.00396055664104229,0.000298513068225199,0,0,0.0070967872760987,0.0717686848391998,8.40580322003961e-05,0.000197016419794911,0.000114230603474941,0.00439927663795365,0.000166569322057924,0.000818400791343382,0.000213313626540453,0.00224800201552028,0.000108757016321522,0.000226218228357267,0.000540234263572481,0.000334611607697743,0.0805416434244661,0.0193945583658456,0.000420606587214786,0.0066196217704631,0.00024110336757963,0.00679761054483446,0.0149364025604717,0.216634507114696,0.0171498806939645,0.000328580823026428,0.0262486597226515,0.584664848657841,0.0256113638150949,0.000474709327611065,0.00287282595760211,0.000106018915635699,0,0.000349029916706872,0.00316326570574584,0.0458132331334045
0.00140354201044129,0.000448703959545037,0.000961106414584462,0,0.0229663577990344,0.108426931677848,0.111145306474237,0.130321059324281,0.350070123922346,1.20037663955379,0.00735221010788341,0.71571513041422,0.0673297135529883,0.0616014183564666,0.243268943792552,0,0.00186938699889092,0.00463798264096717,0.00612745259287332,2.16388991387528,0.00331411192454216,0.00275292345284364,0.00129746594329835,0.922485165318688,0.000211840650055208,0.0029759158572014,0.00548705436957989,1.10029851665861,0.0479045300799834,0.00138523155888467,0,0.0059637406190785,0.000738252749600887,0.0550476071117577,0.0304712583779622,0.385649388575621,0.00603781517123042,0.0490963754339868,0.0209794698457971,0.161130679185338,0.0258002766254902,0.00291662590912926,0.043020475534212,0.000308064502904928,0.00595157038806497,0.00519376934812575,0.122498142089147,0.00589452988574326,0.000238831903556827,0,3.8707449261412e-05,0.000167872955009114,0.200841043606969,0.00278798893224173,0.00430312127865372,0.062063024337159,0.00529997422680722,0.115765720980332,0.0652645142230881,0.00517554992968653,0.0398883831369295,0.000532453759158361,0.00188295325340522,0.0159706081373554,0.00232617663218243,0.000124858747673428,0.000593900285007512,0.000203034012083629,0.0702629283412938,0.00161901873611064,0.000443008558684838,0.00177659404810564,0.240812486198931,0,0.00012149003200247,0.000361864863672611,0.281388811597636,0.00283154193692162,0.00143102393180052,0,0.000920575554562036,5.70644148054957e-05,0.00283120984088348,0.00317933728971639
5.30337135306895e-05,0.000261057349489546,0.000481623648364716,0.0229663577990344,0,0.0961956791153779,0.00390803874141303,0.00576258934992887,0.0200805946173721,0.0105470869146122,0.000443199623714259,0.0440565468345143,0.00330264442274289,0.000944854736010629,0.278158633466703,0.000243170089024544,0.000705147951937043,3.56714928606659e-05,0.000156482488775754,0.00645753483652446,0.00209187745528459,0.000938060364776372,0.00399961723428247,0.0328181342842513,0.000115487397274304,0.000555060145461273,0.00583078440916023,0.0103396670056428,0.00120897884735301,0.00112391159014186,0.000103435409957608,0.00389208912762612,0,0.257239526714592,0.0312120865454229,0.02406369987643,0.00184452230997977,0.00335019684324097,0.0106583584037022,1.43135184729598,0.762060880424797,0.00109683822489739,0.00161617807961799,0,0.0019316703223167,0.00289782804651997,0.00918893712879339,0.00161627210373137,0.000175905639868283,0,0.00011298969111582,0,0.00582617563275109,0.000220508238972259,0.000614514704119563,0.00140382604667092,0.000212887496066254,0.00256454428103421,0.000609706232922122,0.000900369861888917,0.00233304579638078,9.58065095552448e-05,0,0.00143718572157946,0.000385723300504303,0,0,0.00012970216887821,0.000888334292791729,0.000284816319575841,0.000175971034033978,0.000369355832450349,0.00847190937955217,0,9.87956887402293e-05,0.000279069741458345,0.00862407360562892,0,0,0,0.000203283198952031,0,0.000203552558914089,0.00731203934158278
0.00165678062547841,0.000216004170648319,0.00689985237707332,0.108426931677848,0.0961956791153779,0,0.259899131862014,0.967106182801695,0.0162847135076075,1.67088160322877,0.0460824342552535,0.800096657165112,0.0505136212150792,0.0537410089893501,0.308019276547678,0.000915602049548645,0.00848293135972645,0.020991695548302,0.0217563584310801,0.0731038113599417,0.0100489291385559,0.00028589155811297,0.00914299028216131,0.0500775736924277,0.000787574897772575,0.0187173108527669,0.0162875015855393,0.227713439573692,0.0345133833270572,0.00874440524476089,0.00169500447017469,0.0203976906429521,0.00133464946333547,0.168011842650509,0.394718394327126,0.287588151591693,0.018345247629598,0.0551553198859637,0.144822738756538,0.402824619276627,0.421140041915006,0.0237301582323809,0.00487694951095934,0.00270370492887595,0.024440650536703,0.0363513055179591,0.0136419391771298,0.0293853478458975,0.00430024183469816,0.000103669014743436,0.000268645199181819,3.39512675898313e-05,0.00464714343970131,0.000160261729612309,0.00291487255064243,0.00230121570752412,0.00718392695545373,0.00516135335180275,0.000804381102871344,0.00696379344518013,0.00683129746928378,0.00438652926600815,0.00548887825002276,0.00150504234922899,0.000598878440387383,0,0,0,0.00179025836031978,0.000351204523041165,0.00027448898853955,0.000972653635845939,0.0107911007974085,0.000125887067057973,0.000170609876328966,0.000112065460455787,0.00636917275853346,0.00249363151356759,0.000366704875812954,0.000304354653691158,0.00706821547606414,0,0.00440154637034721,0.0749945729270559
0.234321112356521,0.00107500601364447,0.281242539966539,0.111145306474237,0.00390803874141303,0.259899131862014,0,2.64296548062921,0.0549910890582388,3.8802595160499,0.0591768675982331,0.0749136982332926,0.122087552334553,3.44897190730651,0.0638370576204463,0.00079699696865049,0.0536618498911366,0.026655958468114,0.0456424689304574,0.0660410869911964,0.308327397113047,0.000955917875283122,0.289259714103806,0.0936537937579164,0.00075075884701074,0.0815236524389475,0.124998081685487,3.68408670818238,0.65913250042248,1.88748184141868,0.00140417016604837,0.0279897995367215,0.0292135900129255,0.297194055046241,0.187997777953671,0.914502817203081,0.0338593098469303,0.233249831645139,0.139895243403275,0.114791614133349,0.0540605632729743,0.0114846289725605,0.042061619432483,0.00155877916617103,0.00861534446000175,0.0164329179130785,0.0667195998039612,0.00884485328716355,0.000738267704580769,0.00030069670174148,0,0.000754323190334836,0.0451868018135687,0.000714947007018775,0.00132847445020589,0.0578556171517042,0.00459889103324066,0.0326007954764881,0.0137962213173927,0.00733471374917296,0.0120852536745935,0.00117538492249126,0.00290892947260549,0.00535715983243415,0.00656130489480237,9.2016853136498e-05,0,0,0.0102827049789006,0.00442627868639588,0.00193746112794846,0.0112161312999325,0.182568834963618,0,0.000168555392418927,0.0111631956802311,0.318080017937093,0.00354105807202891,0.0103279460562897,0,0.00026961243928011,0.000306383712845063,0.00408870326233322,0.0233877987683191
0.0259122071453173,0.000779803012794659,0.316696878818606,0.130321059324281,0.00576258934992887,0.967106182801695,2.64296548062921,0,0.013543127366947,1.9538577194825,0.162808321450327,0.348329612705177,0.0946489211491354,1.52376478489659,0.0861996563368921,0.00110653526869357,0.119705217347731,0.0575727931786777,0.0456121883039693,0.149883173071815,0.116551472653152,0.000410284923328766,0.275662849628301,0.0455051885661716,0.00263494317526286,0.128823542380283,0.090988983851685,0.708537945514667,0.156800877355471,0.311270099709625,0.00506748710572449,0.0694414334407427,0.00712594696297311,0.179364351121684,0.0487353258812364,0.55531505072172,0.0414314518502809,0.119355932638942,0.202122717210223,0.282673085434469,0.0710763891685856,0.04548920158429,0.00881035773830676,0.00491943752494077,0.0492148481316998,0.0570307650478488,0.0167825288288183,0.0523796785747971,0.00658876366239465,0.000380518988150847,0.000120846353668213,0.000162354954533216,0.00351838633801235,0,0.00426630081494701,0.00525110812165016,0.0178825313390698,0.00506568736486434,0.000326881924408525,0.0161376818693362,0.00832626951183823,0.010366616243264,0.00999550900073224,0.00146740556813899,0.00121633221999316,0,4.31308768241197e-05,0.000120937781628048,0.00161037787518783,0.00131086713044799,0.000741184875344074,0.00219518966665987,0.0234140420663731,0.000521695484699214,0.000292911203731835,0.00247279600333624,0.0329416645419647,0.00449216098573074,0.00189718083287197,0.000542861250951352,0.0110397093145449,0,0.00852803705261179,0.00629482804383126
0.000199873912575513,0.22067146156595,0.00132923422253928,0.350070123922346,0.0200805946173721,0.0162847135076075,0.0549910890582388,0.013543127366947,0,0.0591587711899874,0.00479966284074374,0.124730476170958,0.139607638843185,0.00380768872574221,0.228624506648819,0.0285587056786926,0.00286177272551992,0.000491848353916115,0.000896568520198574,0.0494666982458878,0.0212703193758736,0.956841519000837,0.0108928813736803,2.68785108599568,0.116905575794524,0.00908642434431933,0.455925634338113,0.420146968775436,0.00552147721323421,0.00107970487864595,0.00781428799496593,0.000283132608198077,0.000440575547330609,0.00647028474784877,0.00496996478126263,0.0708775561535779,0.00716430902832901,0.00787077873983997,0.00602359656733228,0.10066121900852,0.00341835329565627,0.00195940650155994,0.0756671250254882,0.00359619033956307,0.00960221420681906,0.0135270672256651,0.0658699570635066,0.00825384087715891,0.000753154304462082,0.000668697522691119,0.0059977848114165,0.00204647005890607,0.044633377567421,0.00080604594697423,0.00707770632952684,0.0685206348750432,0.0158285976045468,0.737802971512493,0.0235275784078105,0.00493206515382043,0.011833976097423,0.00371060153312983,0.00937629239932444,0.0149348033789241,0.128660942218274,0.00149323459905656,0.00103241883485597,0.00241309097521679,0.00755281186216831,0.0551906517059404,0.103432653338038,0.0637900157699293,0.904501437775315,0.00201235882077389,0.00417621452713143,0.0341917096221359,0.687981755997454,0.0128634023698362,0.0141699060707072,0.000225567481569189,0.0012256983780852,0.00119194096522854,0.00795917161296038,0.00813071157548853
0.0042927975915228,0.00111650248278205,0.0114546462172712,1.20037663955379,0.0105470869146122,1.67088160322877,3.8802595160499,1.9538577194825,0.0591587711899874,0,0.119291134811779,0.978729700887924,0.144679225954065,0.490238562482591,0.0992651580416013,0.000126231121918684,0.0166505015257332,0.053490319990639,0.0883003449618041,1.04337387467061,0.0202195156035966,0.000456165119009122,0.00917716571444781,0.175075896285995,0.001868979795047,0.0431828927912688,0.0358792128266614,2.41071999502876,0.213828804655241,0.00964645918706338,0.00183828513368275,0.0436060767628136,0.000900420208170631,0.330358937424369,0.108364323876521,0.755142451735593,0.0296844205090825,0.240786434185262,0.115012611974362,0.273166381582151,0.0962396489059276,0.0308583977021561,0.00759136563514034,0.00132864464536088,0.0135683953886978,0.0159601976597278,0.0380408336886967,0.0095175696632757,0.00203244690717554,0,0.000176993402394604,0,0.0174907924333923,0.000233855162383854,0.00176535596524624,0.0108001809837688,0.00105078636308041,0.0290215925282503,0.0132793584925064,0.00630088778361461,0.0187222528942575,0.00342217808789056,0.000282777002260583,0.00434947795625133,0.000670679131074518,0,0,0,0.00474706536100843,0.00043287385398303,4.75358758257687e-05,0.0010088892269348,0.057019750678069,5.41065443031549e-05,0.000101652345383907,0.000538792644802603,0.0445356831716573,0.00073067535162018,0.00101186434921291,0,9.89892957291303e-05,0,0.00181067672080688,0.0134139784832917
0.00937078974609026,0.0354790545021515,0.00730646115731295,0.00735221010788341,0.000443199623714259,0.0460824342552535,0.0591768675982331,0.162808321450327,0.00479966284074374,0.119291134811779,0,0.0950560943553489,0.722612064647617,0.111416687910861,0.00655123922042962,0.000112974485810995,0.0406664947221444,0.954325952454404,0.437468808979115,0.0205821482629042,0.00353247190839662,0.00916513156213819,0.0125237590965761,0.00783904896418831,0.114730010524727,0.406578934912732,0.0677603617007998,0.0194014714814266,0.339053991630362,0.0040677736170197,0.0586389377718979,0.15488368781243,0.000232138893279398,1.22672090519055,0.0144557464670469,0.119938509064796,0.579492825752416,0.594215382562615,0.0810102850380249,0.00854344244448717,0.00428151288112646,0.301521619698861,0.00270021885983914,0.130423640310688,0.0070191732221475,0.00347549514087011,0.000275155929028881,0.00154574273601301,0.0381898567857669,0,0.0160098208404186,0.000317731654806036,0,0,5.35816154769659e-05,0.000163081745910108,0.000882886984596056,0.00341957140780016,7.76078293763101e-05,0.13578532079999,0.000363807227814585,0.53947603483044,0.00118618695478282,0.000100624531810588,0.000204788498323041,0.000328715410103354,0.00619345943273865,0.00228589727905031,0,0,0.00702037403864425,0.00016605813787761,0.00128381205440842,0.0202950034077991,0.103318036545111,0.159436135824032,0,0.00295668379178365,0,0.137596324416786,0.00426796466291146,0,0.0108868599258713,0.00480720525000706
0.00295529383285627,0.000419206917227993,0.00434849361405612,0.71571513041422,0.0440565468345143,0.800096657165112,0.0749136982332926,0.348329612705177,0.124730476170958,0.978729700887924,0.0950560943553489,0,0.0949725741708064,0.10841366359131,0.730786665042569,0.000106917618312818,0.0118863130921188,0.0505475974970988,0.0677389658730211,1.33780540061849,0.00439943419556999,0.000892227823739412,0.00323040939505248,0.185891585746484,0.00152577565462459,0.0424577091069728,0.0326037932570446,0.130565605320487,0.0738594630737853,0.00384811638479044,0.00356206974134253,0.028985684594448,0.000711427696377844,0.142704776740182,0.190780782792412,0.483532814650084,0.0184187946438669,0.138263959372028,0.0909782109319263,0.347480059400406,0.0513674663435906,0.0270963244702406,0.0113448643628884,0.00164584028736513,0.0148058588197782,0.0168759231220543,0.059426016019821,0.011747708289524,0.00229238707192554,0,7.11270765864193e-05,0,0.044034103672978,0.00124552844914801,0.0037951363337018,0.010845184466657,0.00206285074514932,0.0227264483136925,0.0092395683990003,0.00678544100544036,0.0613439945741805,0.00255151173736449,0.00106877927357498,0.00609234260724865,0.00212434637597815,0,0,0,0.0305163579520801,0.000996465114815007,0.000512198269886148,0.00130351001325636,0.0549977465481808,7.61413794042886e-05,0,0.000403024720600381,0.0570630907388033,0.000470686998028189,0.000750092946531227,0,0.000737967121098161,0,0.00246032305462639,0.038820310729382
0.00290128078104857,0.475278272509531,0.0545528629963126,0.0673297135529883,0.00330264442274289,0.0505136212150792,0.122087552334553,0.0946489211491354,0.139607638843185,0.144679225954065,0.722612064647617,0.0949725741708064,0,0.027742527834785,0.0172348221951499,0.0658393628418002,0.0209446942220384,0.0107849697975976,0.0176735283106398,0.0505865594519884,0.0889007256486306,0.227066804679913,0.128873900225973,0.234725861361785,0.952793507967799,0.0399554950401296,0.445394357993394,0.162452659455531,0.0577031339677779,0.050554339454935,0.0536872474728201,0.048054276130975,0.00260100402391644,0.261378370592178,0.052101603998862,0.383068487631797,0.387533066581675,0.217674826127354,0.234273911046434,0.292686503855875,0.0429709559854673,0.44632659583353,0.02957545349594,0.346397354052145,0.0517732669716853,0.0571674031325233,0.14735404738706,0.0644194976501746,0.0864700813773914,0.000305070585610699,0.0656135201447298,0.00256305796248753,0.00589309826706779,0.000382226637819099,0.00909577308289216,0.0144713854482241,0.0252991339386762,0.0147774870758257,0.00968266191074513,0.440863901662938,0.0216787768135642,2.20524250348693,0.0158047233224043,0.00177979222797323,0.0358061041339496,0.0018245620673656,0.0188056578570672,0.00557633391945744,0.00791411755669151,0.0169986801931142,0.0245254858149502,0.0643457402158549,0.04099566751463,0.163008253587968,0.228483941964498,0.63966544394001,0.079190515002992,0.0101802268295923,0.0135113367184627,0.429895686411669,0.0208000541469882,0.000224945865378678,0.0460243167208293,0.0118253782769065
0.837727449424392,0.00101679929128162,0.471053113117789,0.0616014183564666,0.000944854736010629,0.0537410089893501,3.44897190730651,1.52376478489659,0.00380768872574221,0.490238562482591,0.111416687910861,0.10841366359131,0.027742527834785,0,0.0113429759786109,0.000999150972427019,0.421357702147738,0.0461716186532651,0.0614699733737173,0.0561578378398517,0.102803104525548,0.000331770337005758,0.791324754535621,0.0233923246252358,0.00113317760793377,0.211674090900988,0.103799160341016,0.34797899647156,1.32133773375287,1.25879328588795,0.0030293095870338,0.213412688672998,0.00633252229127018,0.157611149528146,0.017856183376802,0.186380580558624,0.0261570661999628,0.0838347035451222,0.0619763454673152,0.0224404679702254,0.0112652210407491,0.00917113904336373,0.00158940255202375,0.00133245109677689,0.00526618314911665,0.00802958486861493,0.00368795217351804,0.00469557616528348,0.00164931311240596,0,0.000125466211472279,0.000366737237408763,0.000378500625872111,0,0.000452018202443719,0.00132594288824395,0.00103634421900757,0.00219461326638007,0.000220533839213919,0.00236593345651102,0.00129136544958189,0.00108195242244295,0.00105216448705736,0.000160201171621299,0.000885633121486767,0,0,0.000106442042210573,0.000136816992169726,0.000291352592889834,0.000268046514820683,0.00130387858447754,0.00760802504401468,0.000135693286078298,0.000356685532200131,0.00311938924510937,0.01411178813886,0.000653860407147896,0.000174307648009372,0.000204476903123581,0.00100674400668436,0,0.000865036774803382,0.00132425239744734
0.000955381477961579,0.00284650153878237,0.00451658504854699,0.243268943792552,0.278158633466703,0.308019276547678,0.0638370576204463,0.0861996563368921,0.228624506648819,0.0992651580416013,0.00655123922042962,0.730786665042569,0.0172348221951499,0.0113429759786109,0,0.00301881293568948,0.00657531205670455,0.00452526975246431,0.00535176324987861,0.0868691474877203,0.0316677631385301,0.0117141952738131,0.0372093273465428,0.431146052663905,0.00167100386942036,0.00416054353791015,0.0288432958671016,0.132860127537729,0.0156202741567255,0.0268959467645223,0.0004855498892986,0.00899856843110648,0.00149048685957006,0.0157795554951477,0.462372465019399,0.119644713290133,0.0101954416854754,0.0136425348833983,0.0187454778696256,0.634735671001375,0.010429772248476,0.00266929908925312,0.0125664350452348,0.000909777945538028,0.00224332809785106,0.00865490111986019,0.0578404070648983,0.00262708535140919,6.87796634595751e-05,5.73911378896951e-05,0,0.000623899427548152,0.0400480991659065,0.00193306218835885,0.00197305656331697,0.0138850371957966,0.00199343739828855,0.0250696708306556,0.0133925292614606,0.00262886600305688,0.0156854665347089,0.000203636133896569,0.00117731922204098,0.00778446443859892,0.0054880395840414,0.000253175158954239,0.000158330144926929,0.000645339800263488,0.013035019401479,0.0045909491182706,0.00182961677572617,0.00575528931972775,0.0702431883123713,0,0.000540990361032468,0.00215860605422124,0.0773706976023505,0.000474981810183245,0.000604973607601941,0,0.000640258745847756,0,0.000851373998087614,0.0869377913305426
0.000473704569739259,0.0612336251323154,0.0133872550774798,0,0.000243170089024544,0.000915602049548645,0.00079699696865049,0.00110653526869357,0.0285587056786926,0.000126231121918684,0.000112974485810995,0.000106917618312818,0.0658393628418002,0.000999150972427019,0.00301881293568948,0,0.0438125224741998,0.000508344261892193,0.00552038029191175,4.25829516518176e-05,0.071198747262976,0.306796973270028,0.999148283493251,0.123394660257902,0.0081402834129415,0.0115517112961265,1.78565809390322,0.0103068439319287,0.0020776486267738,0.0262494747445386,0.000508130014708454,0.000198875337987882,0.000232177678161648,0.0224552965282684,0.034809637563637,0.375897197185306,0.0903842729872091,0.0418002750996392,0.0636785510738542,0.00323346201225566,0.00453203709376599,0.000833512423026368,0.0208151224466492,0.00317841554940245,0.00314704662877009,0.00442471453743709,0.0305922204385291,0.000742894383094382,0,0.00112918899737887,0.00269970190012043,0.0107145090679465,0.00212899515276488,0.000425442963191772,0.000388983021597988,0.0231078223292695,0.00686135943822394,0.0809691339605349,0.00335688795156497,0.0129832508456975,0.000896000930324515,0.000173342875031143,0.00450085468586201,0.00261657768318668,0.272707000760528,0.00239769879120803,0,0.000534459963902977,0.000574964070124466,0.112313000242835,0.105072316558061,0.254598930864033,0.264574410462789,0.000301191152860611,0.00309564685840543,0.174420618273207,0.255815966303568,0.0048239038463481,0.0488355697952605,0,0.000396573622283972,0.000374892390520781,0.0016352925026349,0.00596709317459691
0.105618366974601,0.0840203117746455,1.23649151955736,0.00186938699889092,0.000705147951937043,0.00848293135972645,0.0536618498911366,0.119705217347731,0.00286177272551992,0.0166505015257332,0.0406664947221444,0.0118863130921188,0.0209446942220384,0.421357702147738,0.00657531205670455,0.0438125224741998,0,0.0226705410659395,0.901082787075568,0.00299037650725538,0.177048424281742,0.0207237312536124,1.51795376194107,0.0152031918272952,0.00144406513619715,0.730770416811769,2.47878649927884,0.0277855941277737,0.718145644211968,0.302803639679579,0.00126355268638991,0.0047111026705602,0.0891541856334991,1.05593400246533,0.0402805336077824,0.405435515006823,0.430084479187383,0.387963300947516,0.288305138186998,0.00834774761136131,0.00979715872834602,0.000926318163609807,0.045498162835334,0.0108706461160421,0.0138951954516884,0.0236019811385443,0.000702565429494041,0.000686702905561495,0.000114163596390796,0,0.0293644706423693,0.0465353313305097,0,0.000100916193918657,0,0.00186977870065303,0,0.00109460671738079,0,0.000619074783294815,0.000197168921879661,0.000586452939867381,0.000104077046982274,5.54295864698231e-05,0.00928352149777965,0.0363667364662048,0.000753836692839173,0.0300737289892367,0,0.00157981683314942,0.0100706721541281,0.0192519260284576,0.00210544257946564,0.000981490359262809,0.0902457927819192,0.456831888291676,0.00267535750515301,7.2219732062155e-05,0.000990878357561023,0.000776572731978884,0,0,0.0014449133454944,0.0229957817309839
0.00525658022233793,0.00290448777648324,0.0070276050152903,0.00463798264096717,3.56714928606659e-05,0.020991695548302,0.026655958468114,0.0575727931786777,0.000491848353916115,0.053490319990639,0.954325952454404,0.0505475974970988,0.0107849697975976,0.0461716186532651,0.00452526975246431,0.000508344261892193,0.0226705410659395,0,0.22033771971614,0.010864599289929,0.00368189904799067,0.00142293660642556,0.00806518960471639,0.00157041848378576,0.00435009506401219,0.32071830740459,0.102394171545304,0.00514419328787976,0.128589164531675,0.0033654500710993,0.0162746306382337,0.0499249957359939,0.000541492579966861,0.279835934714278,0.0195367107761225,0.149760744531598,0.458269640028921,0.333862852763843,0.109384870467692,0.00277448230151608,0.00296014016763694,0.00415302291982028,0.002789113092531,0.0232878601965323,0.00144502285362491,0.00341528688735516,3.97031205958307e-05,0.000569433153397607,0.000364296925340456,0,0.00404168209588233,0.000627437084168718,0,0,0,0,0,5.63686353342533e-05,0,0.0111776205699475,0.000254126615677732,0.0217379836563357,5.61255620719492e-05,0,0.000173021607482315,0.000563946843543443,0.0122948279677709,0.00380566413630792,0,0,0.000792882586585754,3.96847978422225e-05,0.000125983104093575,0.00350611817059044,0.107016543579555,0.126079586575963,0.000139998503492868,0,0,0.0369000064550036,0,0,3.67143001239091e-05,0.0111699465052478
0.012029916269639,0.0152912408881378,0.0807760846465757,0.00612745259287332,0.000156482488775754,0.0217563584310801,0.0456424689304574,0.0456121883039693,0.000896568520198574,0.0883003449618041,0.437468808979115,0.0677389658730211,0.0176735283106398,0.0614699733737173,0.00535176324987861,0.00552038029191175,0.901082787075568,0.22033771971614,0,0.0163037344768389,0.0175689145127843,0.00571693197441641,0.0736475086884629,0.00411765691629499,0.00140431113770169,0.388050588047617,0.46306150208635,0.0156958940189487,0.117618995809063,0.013131370873598,0.00428672202707394,0.0208535958782177,0.00303849871635796,0.903851527782239,0.0414851196446358,0.462355616315835,0.634592094340235,0.378008465587508,0.223313619041573,0.00270357972511341,0.00384147749631424,0.000798294038959085,0.0153885582816329,0.0103161055909698,0.00596437558765312,0.0119056468926903,0.000169259135836315,0.000612903623104834,0,0,0.00942006977773532,0.0100751800366816,0,0,8.31001754164874e-05,0.000260496724842524,0,0.000781693859030959,0,0.000861853758949908,0.000681131015544632,0.00174194096227789,0,0.000395496523084116,0.00112486595786058,0.0135333475584986,0.00592446368315093,0.0284733941533692,0,2.45644589802682e-05,0.00126312596752306,0.0030692737720295,0.00033753222623553,0.00120856911445295,0.119544586288181,0.215534881348645,0,0,6.28209388233304e-05,0.00423939843970373,8.75958720484969e-05,0,0.000188548102436364,0.0280257927074575
0.000753275312055981,0.000223487219351292,0.00191761697417208,2.16388991387528,0.00645753483652446,0.0731038113599417,0.0660410869911964,0.149883173071815,0.0494666982458878,1.04337387467061,0.0205821482629042,1.33780540061849,0.0505865594519884,0.0561578378398517,0.0868691474877203,4.25829516518176e-05,0.00299037650725538,0.010864599289929,0.0163037344768389,0,0.00270821017656586,0.000293911169300338,0.00129068448573438,0.0801016912997946,0.000369877979314792,0.00904498228085666,0.00932451871059136,0.422261742351371,0.0368598218614756,0.00222074423305107,0.000649953180587053,0.00899793441737955,0.000532561615660375,0.0520688431167027,0.0183867558175559,0.245895384668199,0.00646888363010638,0.0412619730039835,0.024006416620849,0.10153058124351,0.0256161106108714,0.00617027256869808,0.00801742685449091,0.000435339097899592,0.00401150815943361,0.00495018341001438,0.0365078718449456,0.00314534618175048,0.000666544568174118,0,0,0,0.0278477055037699,0.000372101659660721,0.000528399442176756,0.0122322518802911,0.00111028766282509,0.0199814127753092,0.00489555278076397,0.00294802192163026,0.0282573240414533,0.000526665206451085,0.000209068551629099,0.00337547777866205,0.000726646823269111,0,0,0,0.00547221051332788,0.000654030029394257,0.000180892732106709,0.000326371199587387,0.0470092303020841,0,0,0.000297699481190265,0.0551762001398432,0.000177889903760621,0.000454118126782707,0,0,0,0.00134158177135569,0.00230961909265682
0.0188614851401944,0.00405881963830241,0.143731611793296,0.00331411192454216,0.00209187745528459,0.0100489291385559,0.308327397113047,0.116551472653152,0.0212703193758736,0.0202195156035966,0.00353247190839662,0.00439943419556999,0.0889007256486306,0.102803104525548,0.0316677631385301,0.071198747262976,0.177048424281742,0.00368189904799067,0.0175689145127843,0.00270821017656586,0,0.00863770508914606,3.51803940078379,0.0200961633940155,0.000119838504154318,0.022340401312068,0.838770208132338,0.699190410937779,0.166759221293114,2.2972633197189,0.000337759975482211,0.00172849456695955,0.0489296094932986,1.35814445695052,0.218552142876141,1.09589638378724,0.139802521361546,0.568987891140229,0.318605338480529,0.0227970640822265,0.0201234811847931,0.00103479352049833,0.0527982884825185,0.00204868343979994,0.00556953417010791,0.00994621956512742,0.0518750514499294,0.00271631581437175,8.6129473689866e-05,0.00352713385284518,0.00127474757400286,0.00590950143610391,0.00952105566263442,0.000408829252813339,0.000770223023006666,0.0792060353069198,0.0239248537167183,0.0616596337937504,0.0111603966421958,0.0142655610201221,0.00155821835313513,0.000390098077285176,0.018129600135865,0.00552960379317328,0.0555343404290017,0.000546091616929221,0,4.40402815377474e-05,0.00273847330095328,0.0507118878092561,0.01310775262484,0.05724843521874,0.367970647937069,0,0.00119199045472797,0.0579628699835039,0.586032745020826,0.0150673134839861,0.0539235997865185,0,0.000357115051093411,0.000736641157613593,0.00645897851466862,0.027641029645695
0.000136218772329104,0.669553716458575,0.00559943326009117,0.00275292345284364,0.000938060364776372,0.00028589155811297,0.000955917875283122,0.000410284923328766,0.956841519000837,0.000456165119009122,0.00916513156213819,0.000892227823739412,0.227066804679913,0.000331770337005758,0.0117141952738131,0.306796973270028,0.0207237312536124,0.00142293660642556,0.00571693197441641,0.000293911169300338,0.00863770508914606,0,0.0275527385180513,1.57485752645329,0.162513056361149,0.0307133257701259,1.74054946164047,0.0408924168909328,0.000679149345225164,0.000234924297637564,0.0126803857028413,0,0,0.00557463143887025,0.000918459524264558,0.0217609477285957,0.0155147734782399,0.00899695382747784,0.00682127265465158,0.00690662435583814,0.000178791251624,0.00753861994239303,0.0270598765081148,0.00936093813051234,0.00714084683781844,0.0114628229912325,0.00767438898144448,0.000365313982683205,0.000841537667815303,9.03634181735694e-05,0.13029538947422,0.0129416376528775,0.000248170538808417,0.000279870801923418,0.000160471832240796,0.00411665617136429,0.00117970278260581,0.0491788907651728,0.000431756225368327,0.00544919599155934,0.000184183209619761,0.00991597802545987,0.000742713137512494,0.000876401083370465,0.388552790135399,0.00691207450277029,0.00197972323528125,0.00942406391866498,7.80335056526721e-05,0.0554501845274904,0.446058688896801,0.223260654714503,0.16950704109778,0.0067086108763086,0.0390474481870617,0.660808167605599,0.100632835334132,0.00087285755572674,0.00442818644892091,0.00275925097838064,5.26416840235591e-05,0,0.00148451784580444,0.000966431886791314
0.220627155808358,0.00810465789986971,2.91927247410455,0.00129746594329835,0.00399961723428247,0.00914299028216131,0.289259714103806,0.275662849628301,0.0108928813736803,0.00917716571444781,0.0125237590965761,0.00323040939505248,0.128873900225973,0.791324754535621,0.0372093273465428,0.999148283493251,1.51795376194107,0.00806518960471639,0.0736475086884629,0.00129068448573438,3.51803940078379,0.0275527385180513,0,0.0109519767986258,0.00102617357074066,0.574116351017653,4.1243793241996,0.206315072986499,0.729122674880646,1.53111605673239,0.000255812745142839,0.00538935816734762,0.0529936817024746,1.62901201744131,0.413001039009636,2.16997489153817,0.319908435896341,1.34515336002044,1.30905948348482,0.0481027798456144,0.0319982358503834,0.0018392769830456,0.0198540704841917,0.00306524681401584,0.00390147584333158,0.0142346938306776,0.0326890290448789,0.00146120058569425,0,0.00139908742903611,0.00122283071488601,0.0102529813279928,0.0024738425680543,0.000398758251938689,0.000254677570556054,0.0235982180862476,0.00707939315061137,0.0525048782960118,0.0035048961255062,0.0173218008200813,0.00088899424998933,0.00038118153892132,0.0056564491531483,0.0028821156091655,0.171464432411286,0.00169598882785392,0,0.000291919320820275,0.000646072493631577,0.10472300258964,0.0416445062201804,0.172898988035779,0.218290060371168,0.000107103405873067,0.0024758128214918,0.106101585177373,0.242125051017662,0.00646985248054245,0.0517758876364238,0,0.000107039954951522,0.000628779034900975,0.00133008214022087,0.0819833755915437
0.00137681524459767,0.518542924451945,0.00515011925349709,0.922485165318688,0.0328181342842513,0.0500775736924277,0.0936537937579164,0.0455051885661716,2.68785108599568,0.175075896285995,0.00783904896418831,0.185891585746484,0.234725861361785,0.0233923246252358,0.431146052663905,0.123394660257902,0.0152031918272952,0.00157041848378576,0.00411765691629499,0.0801016912997946,0.0200961633940155,1.57485752645329,0.0109519767986258,0,0.155810389618372,0.0151557686802755,0.771708151967917,1.01144607065541,0.0324143510481035,0.0305233239249343,0.00972111493695969,0.00206213144287538,0.00309238109854506,0.0284818014275709,0.0373855169142526,0.375993282079425,0.0253216428092198,0.0339122564706066,0.0278198318341965,0.154531373784722,0.0104091215193438,0.00527873376049509,0.233381143351792,0.00589960876723525,0.0288267181286757,0.0332101172077161,0.173578463169886,0.018164100064118,0.000738489696353745,0.00404079080746875,0.00475347496473958,0.00687969673132426,0.130453463159952,0.002273281719962,0.00792833683414441,0.25858135109727,0.0404256025746232,0.527690799071825,0.0568802203106082,0.018272305650718,0.0255128890558358,0.00386550514506583,0.026776387210098,0.0254605819969065,0.155530890933509,0.00167740461113238,0,0.000693599770666498,0.0241635952736158,0.0969424139373055,0.0899956056305263,0.138234017053249,1.85378444980474,0.00113722484097753,0.00413230773846673,0.0987307129165483,2.14867342118695,0.0354782895168657,0.0610230273404441,0,0.000700723703721428,0.00240684093944353,0.0234306955887403,0.0143834442722709
0,0.270872374616224,0.000268061843997646,0.000211840650055208,0.000115487397274304,0.000787574897772575,0.00075075884701074,0.00263494317526286,0.116905575794524,0.001868979795047,0.114730010524727,0.00152577565462459,0.952793507967799,0.00113317760793377,0.00167100386942036,0.0081402834129415,0.00144406513619715,0.00435009506401219,0.00140431113770169,0.000369877979314792,0.000119838504154318,0.162513056361149,0.00102617357074066,0.155810389618372,0,0.0320526855334096,0.909417881442322,0.00384658529420823,0.00283458237078399,7.20161998182714e-05,0.0446773574845179,0.00191579440987067,0,0.0440664553306291,6.77520976305306e-05,0.00306300770126617,0.0200237073655292,0.0143935640529608,0.00221801245242491,0.000837709032964092,0,0.0659516351816282,0.0053519273314275,0.0326197639394175,0.00294844636692726,0.00255961250802766,0.000739100145987233,0.000136040654518676,0.0184236246068801,0,0.0608076200244622,0.000880829656788197,0,0,0,7.32035039294064e-05,0.000138052469638834,0.00364625934123651,0.000113195238862601,0.0296446629260371,0.000126687172675323,0.192190693706845,0.000641537575984168,5.10918113285601e-05,0.000904159786697297,0.00191604974905521,0.00877947138481043,0.00615788571886551,0.00010003903983205,0.0001087107862077,0.00850151605645253,0.000343517761447441,0.00699395223051809,0.140074569398011,0.117359927698997,0.391373930304453,0.000366866087657342,0.00141029555032236,0,0.0339822481893786,0.00191555998443193,0,0.0063958996327652,0
0.0369572666419797,0.106823303151534,3.79396942856,0.0029759158572014,0.000555060145461273,0.0187173108527669,0.0815236524389475,0.128823542380283,0.00908642434431933,0.0431828927912688,0.406578934912732,0.0424577091069728,0.0399554950401296,0.211674090900988,0.00416054353791015,0.0115517112961265,0.730770416811769,0.32071830740459,0.388050588047617,0.00904498228085666,0.022340401312068,0.0307133257701259,0.574116351017653,0.0151557686802755,0.0320526855334096,0,2.99860439029008,0.0233508072707398,0.198311575512531,0.0940366568223884,0.0820525594291412,0.0279218554630852,0.00508568347104287,0.293617003191858,0.0372071715661926,0.496341655397772,1.25207561251061,0.416168131974736,0.207129207288535,0.0046098273016381,0.00537136965173325,0.00467109695872088,0.122110214096862,0.147701868391711,0.0477890257406136,0.0671454742241291,0.00142255090213942,0.00105864707212261,0.0014499207450213,4.4089918135339e-05,0.0938278800180295,0.0708285122531941,0,0,0,0.00365010151169937,8.00030674707413e-05,0.00404913252750321,3.89541973971158e-05,0.0510714819521388,0.000225574057115132,0.137147548283656,0.000115186315722477,0.000412151759015831,0.00734400783174592,0.0884997012127191,0.0796628231853561,0.176017768942243,3.55166836573631e-05,0.00165259494725678,0.0132204796399278,0.0255197781918356,0.0039979538534192,0.0338388288019804,1.18072264110017,2.17878249892536,0.00376139580616583,9.58997439837457e-05,0.00271500345230591,0.188387488662138,7.95159041623413e-05,0,0.00513787653921868,0.0280459347040454
