0,1.92969232797623,408.796721071005,0,0,16.6782993972301,2676.91712585092,2927.54313024879,31.8294436633587,1.05393925309181,11.2807296514511,5.62685030698776,6.50003772974014,11117.5207177699,2.51337575912476,0.465870380401611,172.271925568581,41.7014835178852,118.16812607646,1.32814866304398,112.499874681234,0,283.780884683132,13.6745558083057,1.85687509179115,250.469316542149,176.24698099494,199.413375854492,15501.5655402541,17167.3288808763,0.426513403654099,3.50259292125702,10.2954251766205,152.875705182552,19.6404136419296,43.8163982629776,14.0677031874657,118.024315774441,5.56957373023033,13.0430706739426,29.9449828267097,9.03542745113373,28.6986789703369,0,4.90877693891525,0.835766702890396,18.6098053753376,4.475520581007,0,0,1.55525821447372,2.94668677449226,0,0,2.38664793968201,25.8268835842609,3.48663625121117,17.796208024025,0,0,1.64317619800568,0,1.20085096359253,0,1.95777180790901,2.43381148576736,0,0,0,4.2561282813549,2.28980427980423,1.80671560764313,90.2485781908035,0,1.01636302471161,18.4773779809475,90.9021498560905,0,31.5126902759075,0,0,0,1.75981092453003,0
1.92969232797623,0,167.992138177156,1.18077456951141,0,2.81050705909729,3.16076162457466,15.4763731062412,642.502963632345,0.405403643846512,311.404257804155,3.87099385261536,2982.66615507007,40.2562159895897,1.29766392707825,706.092818528414,98.5304724574089,318.502256333828,55.1988832056522,1.66212227940559,460.239693164825,2975.96419930458,1163.93237298727,1649.45554018021,4205.32323431969,2214.49484911561,30249.4236262441,339.18696141243,16.5505043268204,179.844025403261,7.0464933514595,16.1734690666199,1.38475167751312,347.248026818037,9.18810212612152,189.562272310257,103.08891671896,156.372902333736,70.9976854920387,4.64060574769974,1.59667590260506,5.20761156082153,118.879924476147,37.862712174654,60.6901877522469,46.8064661920071,12.0578653812408,3.53975534439087,5.6103059053421,0.390113264322281,765.037940979004,79.5654118061066,4.8623149394989,1.01422619819641,1.90316075086594,30.4711985737085,13.0382547974586,48.5283506512642,2.834253937006,61.6376542150974,0.677201896905899,20.6830035746098,12.734935104847,1.34642016887665,46.1822911202908,101.195771127939,11.3036876320839,80.3583084344864,4.43367382884026,10.7424034774303,83.9774180650711,70.3658341467381,144.718270748854,41.2758993506432,229.184718966484,2723.88007768989,63.514791816473,5.52518258988857,22.060154914856,3.86359268426895,0,0.241007059812546,41.0683552324772,9.07676845788956
408.796721071005,167.992138177156,0,2.9885647892952,0,144.94550986588,510.867021635175,3291.76538699865,52.5222179591656,34.5903917551041,136.213980168104,85.3687490224838,216.595965832472,3646.31627510488,46.4907571673393,12.6663701236248,20882.3669503033,872.935725852847,2734.25149357319,37.0608290433884,1233.47447913885,207.206308871508,28062.3374112248,29.2353058755398,34.5601321458817,18104.1569327712,38518.4483915567,166.431328862906,1129.78963989019,2530.10225391388,0.951738923788071,223.613016396761,136.941607475281,9553.37805639207,769.176238596439,8960.37740391493,3735.50754278898,16816.0220806748,6949.00253456831,196.363044351339,219.806451976299,47.9401384294033,364.45428866148,108.3013715446,246.359671622515,299.217289298773,50.259731978178,12.4574963152409,0,9.34568794071674,236.136051774025,879.214365333319,1.30645489692688,8.99886482954025,2.7998468130827,24.6338526159525,13.0776499807835,21.2089449465275,0,13.6572343707085,1.06095406413078,0.76582533121109,47.4871488213539,19.1706759929657,79.2887781560421,511.464045494795,11.3072614967823,74.4625198245049,0,71.3435303270817,105.384928137064,724.560638427734,85.372666478157,4.93331164121628,389.119444206357,7297.61241707206,153.070696249604,11.6290783584118,78.5939833670855,0.897904694080353,0,0.512546792626381,144.052260458469,406.588119387627
0,1.18077456951141,2.9885647892952,0,0,286.255675166845,1824.42262485623,635.634651914239,3306.39728239179,17536.5006803274,3.58395633101463,11935.7961843312,26.1084360778332,72.6047787517309,136.094753175974,0,0.686392247676849,0.612498223781586,1.73381316661835,80248.9423132837,1.80867922306061,3.53188070654869,1.96394646167755,3142.36960598826,0.552374362945557,4.17345127463341,0.824645608663559,12506.7446387708,1.65446653962135,7.66133812069893,0.84886109828949,3.24684438109398,0,41.1941654682159,5.5229617357254,141.196313410997,13.943182528019,137.206516891718,7.1622219979763,98.6783221364021,40.0113933980465,13.6128086447716,80.2446993589401,3.38579416275024,44.6789737790823,2.00606134533882,222.470917701721,8.53659003973007,0,1.28490960597992,1.5747184753418,0,2052.76751559973,0,503.152758061886,163.892781108618,236.231603056192,542.450652420521,382.692295908928,0,366.435288727283,0,65.0667288303375,116.053518384695,0,0,0,0,618.559858113527,0,4.17295917868614,0.385781407356262,1163.39267495275,0,1.40844863653183,7.11900505423546,897.344260126352,44.7403923273087,2.87988269329071,0,0,0,77.3366712629795,0
0,0,0,0,0,418.52510535717,0,34.8986511230469,0,0,0,14.1272547245026,0,0,537.394202947617,0,0,0,0,0,0,0,0,0,0,0,0,0.528951466083527,4.57026469707489,0,0,1540.30040740967,0,1037.86155152321,12.3069453239441,1.33132708072662,0,2.9881991147995,0,6137.28170454502,3955.1657935977,0,0,0,0,0,0,0,0,0,0,0,0,0,0,0,0,0,0,0,0,0,0,0,0,0,0,0,0,0,0,0,0,0,0,0,0,0,0,0,0,0,0,0
16.6782993972301,2.81050705909729,144.94550986588,286.255675166845,418.52510535717,0,23494.8800117224,12068.6921613961,395.533190131187,14804.7156563103,77.8468087017536,21374.4770056903,215.723767518997,426.11967459321,380.931002289057,2.59810757637024,18.6842674911022,35.8578923642635,38.9986860752106,1176.12559810281,282.885446995497,2.3007875084877,264.216229170561,115.841945558786,4.02697703242302,86.0025115311146,114.808631584048,1390.37282936275,51.7748539149761,981.392021492124,6.88829225301743,638.446705579758,0,938.429109990597,11630.4559541047,1185.22769728303,123.995869278908,430.504194676876,45.7321530282497,1416.32332497835,4841.22390796244,65.0053396224976,62.1976009011269,4.51191195845604,13.8701506108046,10.1011608839035,89.702186524868,7.74537244439125,3.50805282592773,0.469217866659164,1.85590553283691,0.280232667922974,267.915182441473,3.57612085342407,126.07226318121,77.854342341423,85.2221940159798,97.1823460757732,74.8750233948231,2.01938471198082,99.1522018015385,5.29454433917999,14.9538366943598,23.6562576293945,0.480285823345184,0.99437153339386,1.03511011600494,1.42960488796234,151.052709460258,5.99388855695724,1.08866953849792,1.1258849799633,502.401110082865,1.41287887096405,0.283830851316452,6.45924198627472,254.826288789511,15.9510245323181,16.7459813654423,0,0,1.15655887126923,73.1050886362791,308.271507591009
2676.91712585092,3.16076162457466,510.867021635175,1824.42262485623,0,23494.8800117224,0,19373.8874285519,995.746071100235,50934.8822312057,66.9772756099701,1582.04309597611,537.295581102371,27057.6108067483,597.014873355627,21.1570962071419,61.3321394622326,21.5878053605556,39.5531087815762,975.386972770095,4526.7546672523,30.5947915017605,2248.13404971361,2418.94103619456,3.8829670548439,94.2082855701447,662.083244115114,51751.1169505864,858.081713438034,22066.4247615933,4.31547191739082,75.6562234908342,218.209772109985,808.992357760668,207.748849183321,5024.62223774195,300.634919375181,2390.62751582265,335.958646327257,1267.15474155545,1045.36057862639,157.409089535475,294.55777695775,4.04829293489456,72.8871863782406,15.7659142911434,166.95246720314,18.1093613803387,1.29265728592873,2.50681337714195,0.795987457036972,2.55957597494125,460.664536863565,0.623146593570709,253.014464467764,204.766191840172,385.489327311516,173.637722820044,142.95749694109,0.588418126106262,141.385751128197,0.781180858612061,86.050811290741,47.5801258981228,10.3982517421246,0.319636255502701,0,0,222.413563400507,6.55982357263565,8.24086055159569,23.7562176585197,1422.18238928914,0,0.658066034317017,59.4432626068592,819.180289417505,39.3299601078033,23.8307694494724,0,0,0,105.901733487844,23.0995498001575
2927.54313024879,15.4763731062412,3291.76538699865,635.634651914239,34.8986511230469,12068.6921613961,19373.8874285519,0,685.061162739992,9046.5929171443,316.702003836632,11971.8742056936,781.013058274984,22764.9578558207,503.804046183825,5.4359944164753,709.440076962113,232.836449623108,608.146668821573,2796.98785726726,1560.0185688585,16.8010663986206,3097.4118436873,288.891368210316,25.6589181870222,1730.18440105021,1584.41404649615,2681.08411285281,3798.77212128043,18834.8386964649,33.4056759774685,38.6885563731194,140.762072205544,1071.13577719033,803.959082186222,3320.04394000769,443.747357279062,1242.72158788145,190.734606355429,1039.2421284616,3880.83344760537,270.939745634794,182.23691251874,7.52187195420265,29.7061402946711,8.12019163370132,179.256519466639,3.44951319694519,7.37672710418701,8.08506262302399,4.32358911633492,6.15913781523705,104.614708542824,1.35346591472626,97.0766326189041,213.572791725397,107.670020312071,154.595707178116,29.7136827409267,10.0071186721325,99.9365724623203,18.4387821853161,32.9990471601486,27.7490214109421,8.34229245781898,2.81564918160439,0.57487827539444,3.81477215886116,99.2386836409569,26.1747865080833,13.6087898612022,9.96779444813728,1377.36004059017,4.42969125509262,3.81394600868225,61.6158286333084,616.821423187852,10.3110944628716,118.712173461914,0,0.600032150745392,0,165.692905262113,7.79442724585533
31.8294436633587,642.502963632345,52.5222179591656,3306.39728239179,0,395.533190131187,995.746071100235,685.061162739992,0,1600.13122162223,52.146721124649,4381.841691643,480.31615576148,208.130535572767,892.304508775473,355.243409305811,13.5052509307861,45.2813991308212,11.3889801204205,4456.58778962493,596.329657822847,10462.8086760044,403.172368943691,34759.5091387331,417.980762571096,120.173856437206,573.652126759291,14052.5977795124,448.183691620827,1428.56112915277,2.65310949087143,4.24150756001472,33.9559258818626,121.56045293808,82.6398615241051,1426.37776458263,76.9635126590729,367.371155723929,51.3105175793171,660.590769127011,180.986352771521,39.8053665459156,301.293894648552,18.4568369090557,98.6218733638525,32.5140632390976,556.903707802296,14.0021878480911,6.16343408823013,29.4427010416985,0.413403570652008,48.2457596361637,1485.75693768263,8.35373783111572,514.845139056444,400.0453594625,397.160554349422,1592.59708145261,474.737863689661,6.28498938679695,569.294793337584,1.78549200296402,152.96109738946,361.653451800346,824.562752634287,7.25941625237465,3.62464353442192,5.12017127871513,875.410222053528,1202.91627418995,440.149362534285,411.452247619629,4061.87249436975,9.41786152124405,19.4105920493603,133.027949526906,2349.5275657624,104.759022206068,1783.88292646408,0,0,0.559843599796295,214.333837717772,11.8345664441586
1.05393925309181,0.405403643846512,34.5903917551041,17536.5006803274,0,14804.7156563103,50934.8822312057,9046.5929171443,1600.13122162223,0,27.0761574059725,29154.1102732718,160.33406484127,1404.20103551447,112.497862130404,0,7.99015817046165,5.7432846724987,14.8678698539734,26850.4563211501,43.6439061909914,3.36792567372322,45.7188918590546,223.2577675879,0.545604765415192,38.4997286200523,24.1851558983326,4959.63928565383,48.8465134501457,223.001039668918,2.26344212889671,26.850878149271,0.779530107975006,321.623593837023,160.765604972839,1549.27266579866,101.204717338085,823.56686103344,44.2778707742691,246.823569417,255.726507365704,77.9366251826286,110.218136847019,1.45927901566029,30.6003335267305,3.07135224342346,224.791674673557,7.2274058163166,0,0,0.684904396533966,0,2351.37704783678,2.34209489822388,528.940240710974,191.295321106911,234.005099669099,491.913862526417,521.643765419722,0,803.756601393223,0,54.6668410301208,110.045644938946,0,0,0,0,846.266869902611,0,5.58062782883644,0.354513794183731,1382.42585623264,0,0,8.75559028983116,932.265772461891,37.393090993166,2.68767082691193,0,0,0,65.7415824830532,2.71893629431725
11.2807296514511,311.404257804155,136.213980168104,3.58395633101463,0,77.8468087017536,66.9772756099701,316.702003836632,52.146721124649,27.0761574059725,0,44.3227906525135,9212.50110843778,1065.25152343512,8.11021390557289,22.6181861460209,166.74321615696,14489.2352319658,5558.77927866578,24.9387620389462,27.7429118454456,97.7563935816288,198.794174447656,55.616110265255,2383.8282187283,12192.2414237559,11980.4707134068,49.1935749351978,332.506681263447,224.210732370615,1238.86048561335,608.78618183732,11.0298083722591,6520.0315310359,60.0465172827244,972.003973215818,11293.5894999802,1840.87163975835,893.105942040682,21.0533539354801,48.2120154500008,1886.45618289709,21.3750559985638,1292.01532104611,23.6381098031998,34.2917298972607,1.03181707859039,1.09357380867004,286.54185244441,0,187.929967731237,2.93459266424179,0,0.672593295574188,0,0.338043510913849,6.55121609568596,26.8489113152027,0,4979.61301231384,0,2745.54453441501,8.00073745846748,0.936245679855347,1.37234622240067,4.60563564300537,110.79441973567,217.508896023035,0,0,21.247674882412,6.36393386125565,8.72185602784157,767.853496402502,552.596654087305,3273.09491202235,2.39164339005947,1.38172173500061,1.11791837215424,93.5303483307362,0.784875333309174,0,244.876147449017,24.7107738852501
5.62685030698776,3.87099385261536,85.3687490224838,11935.7961843312,14.1272547245026,21374.4770056903,1582.04309597611,11971.8742056936,4381.841691643,29154.1102732718,44.3227906525135,0,479.117165446281,459.520443111658,2375.48070898652,0,31.2697249054909,28.106836527586,37.8630615770817,21160.0865758061,61.2989201545715,10.9191855490208,79.0063778162003,822.290466427803,2.316909968853,70.3752928078175,78.2266211509705,7360.27477559447,30.3682955205441,166.95616787672,2.68145796656609,45.7270225286484,3.50567936897278,167.566395998001,8846.96922180057,1552.82334330678,130.860864251852,630.617907196283,62.1493690311909,4188.3004128933,258.780382022262,100.30391740799,172.09035256505,11.9329396188259,59.0075009614229,19.5170229375362,998.090061098337,24.2453923225403,12.9213901758194,2.94428491592407,1.77689492702484,3.21145811676979,1149.503919065,5.99023300409317,523.034722059965,134.295423179865,216.571117311716,468.008250653744,325.612753748894,2.58896771073341,1163.64604917169,1.171406686306,55.9349956810474,459.687669932842,0,0,0,0.705965220928192,703.671496987343,3.33669224381447,9.41233178973198,4.08817023038864,1132.3527726531,1.71850153803825,1.25229422748089,4.39904367923737,650.546609371901,34.4517363011837,17.2202911674976,0,0,0,470.077413320541,447.067708730698
6.50003772974014,2982.66615507007,216.595965832472,26.1084360778332,0,215.723767518997,537.295581102371,781.013058274984,480.31615576148,160.33406484127,9212.50110843778,479.117165446281,0,1179.626324296,189.115926295519,210.570382118225,51.351263910532,599.491272598505,84.7452491819859,135.360003650188,389.26413872838,936.430506795645,557.129260390997,670.885603487492,8169.69519838691,668.023147583008,14307.2900365889,921.979042589664,245.925159156322,664.330119162798,100.978273183107,424.418192028999,11.3981149494648,4278.3474843204,85.9676709473133,2889.13478571177,5796.42243257165,4611.66590255499,6070.29646578431,2422.08635041118,1728.52442395687,4618.10657897592,212.452887266874,1502.6030972898,44.300269767642,37.8657383322716,849.087580412626,12.772891074419,282.076215028763,0.690794169902802,408.362467616796,4.51691038906574,11.3356168270111,1.35223484039307,27.0580371916294,50.5575286149979,31.3261671662331,125.240464806557,2.54254868626595,11636.7174896896,62.9386756122112,5621.28906902671,21.3241609632969,19.2346853017807,14.6504514217377,8.12486916780472,190.423833489418,308.247603833675,19.9407261610031,5.35162556171417,88.6242646872997,19.3984000682831,308.101807653904,2601.8182618916,1086.75303867459,7329.94432833791,122.351048201323,5.0562869310379,42.1067398786545,237.83822503686,0,0,316.835506334901,16.7283236682415
11117.5207177699,40.2562159895897,3646.31627510488,72.6047787517309,0,426.11967459321,27057.6108067483,22764.9578558207,208.130535572767,1404.20103551447,1065.25152343512,459.520443111658,1179.626324296,0,86.4328879714012,3.72535011172295,1205.11626681685,704.133878946304,1400.28503544629,322.783151701093,1099.46058619022,26.7570611536503,2715.4808049649,168.834572374821,65.0040112435818,2889.741162166,3311.60872870684,1758.34711936116,27401.6751711667,25110.1185134649,98.5165635943413,117.94533097744,661.711841762066,4495.3593018949,236.749105542898,2987.06528496742,1215.42584386468,3526.56576746702,266.013119399548,296.398008435965,1202.1559754312,524.761931836605,148.661208033562,24.0759773850441,19.7973145097494,13.2191831171513,89.0921920537949,8.0180849134922,7.20774671435356,3.76849436759949,15.488407343626,14.6112368702888,48.5235430598259,0,20.9663805067539,73.9078323841095,47.5014583468437,74.8653108775616,16.1362983584404,29.4318478703499,34.7345459461212,25.1887314915657,6.22415661811829,11.1388190090656,15.0647088885307,10.8468558341265,3.15732765197754,7.48365849256516,42.6715375632048,42.4932671487331,10.8875662386417,21.7789860963821,620.973849534988,15.7940846383572,19.9798445701599,210.193718791008,427.879883348942,7.06467866897583,77.6745359301567,0,0,0.517404794692993,59.9732543379068,21.3266577720642
2.51337575912476,1.29766392707825,46.4907571673393,136.094753175974,537.394202947617,380.931002289057,597.014873355627,503.804046183825,892.304508775473,112.497862130404,8.11021390557289,2375.48070898652,189.115926295519,86.4328879714012,0,0.569503247737885,3.18825632333755,1.55094996094704,4.09878149628639,170.758571684361,130.55823251605,7.98122388124466,127.872439056635,338.425757497549,0,18.5265769064426,47.5022073835135,1404.68901461363,16.4339122772217,171.493549913168,1.37770801782608,13.6048931479454,0,20.3822459578514,1304.37500217557,841.86569429934,57.2660825252533,90.8148907721043,57.2518491744995,25720.2139691412,43.1877683401108,17.8834390044212,196.230969458818,101.857541233301,82.2259434014559,201.511388078332,322.06199234724,15.8333368301392,3.74456802010536,4.28089925646782,2.3935033082962,9.70954328775406,97.927195161581,0,78.6344553828239,167.910692542791,116.245524317026,126.947353124619,28.7890353798866,6.50141698122025,163.755531132221,0,31.7216443121433,64.0830179452896,13.8387843966484,2.00102072954178,4.72046899795532,2.3616988658905,89.6236205101013,24.5939610004425,4.61169183254242,43.7451443374157,903.044100254774,0,19.6923041343689,76.154172539711,495.137502402067,14.0676778554916,97.7110471427441,0,0,2.08194801211357,140.845315814018,1841.36225116253
0.465870380401611,706.092818528414,12.6663701236248,0,0,2.59810757637024,21.1570962071419,5.4359944164753,355.243409305811,0,22.6181861460209,0,210.570382118225,3.72535011172295,0.569503247737885,0,1.54788243770599,39.0950106680393,1.69567710161209,0,8389.49742427468,9513.97579532862,24717.7010136545,2022.53049468994,247.118389815092,103.259228408337,7210.06180927157,5515.41032513976,2.52555975317955,76.3311922550201,0.857604146003723,0.982818752527237,1.58102536201477,30.2290083169937,71.3509116172791,992.71162673831,92.1753678023815,58.1257432699203,95.6796244382858,8.08746367692947,4.00455355644226,1.40530130267143,235.488040030003,14.9041442573071,45.7574649602175,34.5534296482801,193.076051771641,8.06946009397507,1.29983231425285,2.05363291501999,0.846173077821732,89.620228767395,2.58174723386765,0.892041563987732,2.31326827406883,27.173112899065,41.0041351020336,30.9344088435173,0,3.34198504686356,10.5761305093765,0.468074083328247,27.6484420597553,1.22562694549561,3150.91287386417,5.69966211915016,0.324242413043976,4.5913051366806,7.36498719453812,1490.74420425296,906.435366511345,2480.31274411082,376.749556571245,1.32018756866455,22.1197262704372,1031.90073420107,579.504961043596,24.1367378234863,1285.29588077962,0,0,5.74491208791733,31.9048136472702,15.8357362747192
172.271925568581,98.5304724574089,20882.3669503033,0.686392247676849,0,18.6842674911022,61.3321394622326,709.440076962113,13.5052509307861,7.99015817046165,166.74321615696,31.2697249054909,51.351263910532,1205.11626681685,3.18825632333755,1.54788243770599,0,749.481319516897,13721.0046057403,17.207638412714,1514.70207235217,25.5211120545864,4677.73960199952,7.0256969332695,6.28365817666054,12722.1485002637,11897.5292692184,49.577466070652,839.248799979687,3467.56415444613,1.83052867650986,200.767791807652,62.2631804645061,9818.77571800351,101.414200007915,1930.66069382429,8576.79816934466,1578.12463951111,950.889979124069,24.4892624616623,44.775365203619,20.6091848015785,225.993219166994,73.6982356309891,147.879133164883,110.522338181734,17.4051964730024,11.5510301887989,0,4.43249505758286,132.738997727633,326.394594877958,0,2.53052347898483,3.3190909922123,4.60032925009727,8.05834862589836,4.36449682712555,0,40.5835996568203,3.51034043729305,0,38.4605760276318,5.74802500009537,14.7945387363434,441.092228025198,26.6569426953793,319.154076874256,0,23.2637312561274,13.0606903731823,102.121091991663,36.7835359275341,9.66243425011635,835.162979573011,4170.91913330555,72.3907903581858,5.85737925767899,32.755484983325,2.6287405192852,0,0,177.856230795383,81.3438509702682
41.7014835178852,318.502256333828,872.935725852847,0.612498223781586,0,35.8578923642635,21.5878053605556,232.836449623108,45.2813991308212,5.7432846724987,14489.2352319658,28.106836527586,599.491272598505,704.133878946304,1.55094996094704,39.0950106680393,749.481319516897,0,3155.96312570572,10.7862501740456,79.3816671520472,171.990446746349,508.850516617298,71.552336782217,278.644897341728,10714.2483849972,3157.46532222629,30.0154204964638,327.528987139463,401.16237834096,63.968435883522,335.16144490242,22.5225142836571,2974.50738610327,34.6662115752697,529.159871399403,2090.69398900867,872.678312852979,484.589392483234,19.7979148030281,23.1446920931339,15.7540627717972,54.2088001817465,75.209419041872,20.881883174181,32.1172266602516,2.29128509759903,1.1379337310791,2.99632495641708,0.47038346529007,76.318612575531,11.8080680966377,0,0.464471459388733,0.925182402133942,0,6.53516086935997,13.2857803702354,0,2387.60879945755,0,581.887072086334,16.2109447717667,0,2.01579487323761,27.2372539937496,276.666054487228,558.452002674341,0,0.260905653238297,13.2249255776405,3.4581059217453,13.0856160223484,791.805844455957,1126.78438553214,6407.83568131924,2.56318612396717,3.03884324431419,0.810847893357277,130.227066755295,0,0.232351243495941,106.668571740389,26.7803712189198
118.16812607646,55.1988832056522,2734.25149357319,1.73381316661835,0,38.9986860752106,39.5531087815762,608.146668821573,11.3889801204205,14.8678698539734,5558.77927866578,37.8630615770817,84.7452491819859,1400.28503544629,4.09878149628639,1.69567710161209,13721.0046057403,3155.96312570572,0,14.9485648572445,212.962664455175,13.5477718412876,1345.50395566225,10.4939934015274,37.4258896708488,11084.1208477318,2293.00373122096,28.1680085361004,877.586222976446,1702.03447049856,3.7775659263134,499.620888352394,84.4979103803635,11262.9660941064,37.5193648636341,807.536722540855,2010.33381223679,1831.40219479799,572.08001306653,21.720674932003,47.9926206767559,26.7691830992699,134.142808526754,84.1585843861103,79.0586789399385,74.6695033311844,3.71745398640633,1.73248478770256,1.49090170860291,0.745348006486893,74.1114509999752,62.6031107008457,0,2.08792901039124,3.01762610673904,0.646250978112221,10.1219181865454,8.54664209485054,0,413.887507885695,0.556412324309349,33.4058199226856,32.5199893712997,2.15868282318115,5.21682122349739,103.085845798254,149.660640478134,659.097088783979,0,4.9291555583477,10.4197100698948,14.1386546343565,5.72647151350975,77.5172972977161,863.491423889995,4413.09011518955,13.6272864490747,2.86079415678978,5.56398931145668,23.7323980629444,0.468248575925827,0.295083463191986,187.205273255706,27.9500543475151
1.32814866304398,1.66212227940559,37.0608290433884,80248.9423132837,0,1176.12559810281,975.386972770095,2796.98785726726,4456.58778962493,26850.4563211501,24.9387620389462,21160.0865758061,135.360003650188,322.783151701093,170.758571684361,0,17.207638412714,10.7862501740456,14.9485648572445,0,34.4264881312847,1.63592821359634,32.1288427710533,756.137131214142,1.89381137490273,41.7370465695858,37.7064035534859,11333.326527074,15.3345303535461,98.020131200552,3.20245203375816,10.9600386023521,0.549203634262085,109.170235171914,19.5497923791409,1197.15123552084,74.6449843347073,371.924580067396,37.0139234364033,200.158605724573,121.034585595131,46.5154475867748,110.726423233747,3.86721321940422,59.0483714789152,12.6243053823709,502.294511109591,15.5575742423534,2.25745689868927,3.39414519071579,0.840212464332581,0,2156.75428321958,6.86288690567017,860.578335493803,248.577924728394,316.007455587387,873.782083958387,685.084078788757,1.1950603723526,1312.00085023046,1.86110350489616,80.1377971768379,302.498754709959,0,0,0,1.17751693725586,1271.84893220663,0,11.5375869572163,0,1727.04960313439,0,0.375370740890503,8.35232415795326,1193.90261727571,56.7606721818447,5.16409182548523,0,0,0.698073863983154,98.7537262439728,5.88319835066795
112.499874681234,460.239693164825,1233.47447913885,1.80867922306061,0,282.885446995497,4526.7546672523,1560.0185688585,596.329657822847,43.6439061909914,27.7429118454456,61.2989201545715,389.26413872838,1099.46058619022,130.55823251605,8389.49742427468,1514.70207235217,79.3816671520472,212.962664455175,34.4264881312847,0,2592.73300331831,32400.4673077464,678.105842202902,183.71074834466,674.791748613119,1523.20610967278,9484.82526504993,211.034160465002,28304.4035112113,0.271813243627548,20.6161646991968,47.3465595245361,11198.1681501567,2772.55650243163,14893.9789040685,657.080920055509,13609.7646977454,3320.88450543582,461.625988453627,401.426232397556,17.7652186453342,723.268455833197,29.4607185572386,70.6965705007315,46.541720688343,422.117620587349,18.1312965154648,0.731136858463287,3.24158719182014,1.92981922626495,41.3049326390028,14.1645294427872,3.30972015857697,5.92219862341881,51.7228320538998,86.5651459991932,65.802591830492,5.72113934159279,2.01817414164543,18.2574992477894,0.673632204532623,53.2741189301014,14.5526156127453,1886.43993812799,13.5356115698814,0,3.86389766633511,12.7569396197796,1851.57868474722,1139.07720270753,1507.85844969749,802.283446669579,5.79063481092453,22.0882338881493,120.103799074888,1151.88131180406,35.5891876518726,1727.0366050601,0,0,2.83224162459373,57.4794803410769,261.425315082073
0,2975.96419930458,207.206308871508,3.53188070654869,0,2.3007875084877,30.5947915017605,16.8010663986206,10462.8086760044,3.36792567372322,97.7563935816288,10.9191855490208,936.430506795645,26.7570611536503,7.98122388124466,9513.97579532862,25.5211120545864,171.990446746349,13.5477718412876,1.63592821359634,2592.73300331831,0,9479.76548230648,14696.9871403575,1004.29281947017,280.330549180508,22308.9357967079,1847.05550956726,52.0415197014809,733.200597763062,3.1735597550869,2.39644113183022,1.87469458580017,65.5247777700424,63.1252754926682,871.814010202885,149.923855483532,269.356375902891,216.634241193533,18.7309187948704,11.3309862613678,5.0286021232605,187.227579653263,26.3897938132286,64.5968187451363,42.0857319533825,67.4895633757114,10.5924434363842,1.5093514919281,4.40021950006485,126.573560059071,144.93105879426,29.156244546175,0,17.8960162103176,88.990097463131,34.0634187757969,253.087059944868,26.6846020817757,21.0527483224869,8.97029379010201,32.2009297609329,21.1475602388382,7.21880525350571,2173.52184098959,13.6204174458981,2.65747493505478,14.7020320892334,15.6884304285049,985.467413634062,1475.25187280774,1557.26246447861,755.024395734072,27.3760250806808,32.1626791507006,3226.74756106734,567.819094866514,20.6612642109394,966.863617956638,0,0,4.35164624452591,38.2220057249069,26.8637436330318
283.780884683132,1163.93237298727,28062.3374112248,1.96394646167755,0,264.216229170561,2248.13404971361,3097.4118436873,403.172368943691,45.7188918590546,198.794174447656,79.0063778162003,557.129260390997,2715.4808049649,127.872439056635,24717.7010136545,4677.73960199952,508.850516617298,1345.50395566225,32.1288427710533,32400.4673077464,9479.76548230648,0,894.424107402563,535.10415738821,5277.47320690751,24818.1673164368,5186.74473702908,555.023795604706,7644.34470710158,0.624837934970856,78.4041606932878,53.1077324748039,24239.3550027907,6008.8193615973,40816.4991009235,6243.80006298423,43286.2668262273,26056.1673886031,557.420992165804,571.963234052062,39.3121798634529,1107.70887234807,172.24085944891,159.229010492563,266.65569293499,366.547147870064,27.1663723737001,0,6.75399051606655,57.6210086643696,316.763354986906,11.3793772161007,17.4695491194725,20.7388152182102,60.0309824347496,105.48269982636,36.5794049501419,14.339141368866,5.95084568858147,16.1648404300213,1.10804563760757,66.5437863320112,41.2238000929356,5930.19347420335,54.9884554445744,8.46909588575363,40.7415972054005,7.20596730709076,2585.87411412597,1651.49276682734,5149.7696454376,532.133310824633,9.02828001976013,106.684607028961,4907.38767462969,739.705048561096,84.5828867554665,2533.33718720078,0,0,7.66496452689171,89.2934717833996,1282.74641403556
13.6745558083057,1649.45554018021,29.2353058755398,3142.36960598826,0,115.841945558786,2418.94103619456,288.891368210316,34759.5091387331,223.2577675879,55.616110265255,822.290466427803,670.885603487492,168.834572374821,338.425757497549,2022.53049468994,7.0256969332695,71.552336782217,10.4939934015274,756.137131214142,678.105842202902,14696.9871403575,894.424107402563,0,732.625571608543,197.879659771919,1152.20094537735,33648.2575742602,261.39568439126,738.873061180115,2.6295610666275,3.18500672280788,48.8436153531075,196.12620678544,268.655684143305,2140.27609434724,145.168410986662,438.607880681753,72.0436504483223,307.833147525787,154.749517440796,10.6281953752041,1262.18076318502,41.0258738547564,412.734591498971,73.406899780035,1383.25144642591,136.430665537715,3.59042081236839,98.1047600209713,6.42945551872253,21.674761235714,1119.09203064442,0.527150511741638,604.436721205711,1489.93685844541,1173.04677173495,2143.46038627625,403.396220773458,5.78632028400898,376.13314768672,6.76507994532585,429.27449901402,148.888961493969,349.350286692381,17.3712026178837,0.450713872909546,2.5497530400753,605.133552491665,951.17189437151,284.590553224087,236.740272164345,9894.53753054142,7.84842312335968,14.3569383323193,65.3688665032387,6364.58297851682,299.500669002533,3402.39285263419,0,0,3.38152441382408,383.206774353981,34.0903964936733
1.85687509179115,4205.32323431969,34.5601321458817,0.552374362945557,0,4.02697703242302,3.8829670548439,25.6589181870222,417.980762571096,0.545604765415192,2383.8282187283,2.316909968853,8169.69519838691,65.0040112435818,0,247.118389815092,6.28365817666054,278.644897341728,37.4258896708488,1.89381137490273,183.71074834466,1004.29281947017,535.10415738821,732.625571608543,0,3818.69238612056,7525.92751380801,177.388202786446,32.0862329304218,122.543760091066,8.04011571407318,52.5386359095573,5.58050066232681,1017.11207780242,0.446337223052979,79.9065989553928,151.777237057686,132.495341151953,26.1221337914467,2.89624577760696,4.30149632692337,173.736454188824,20.4356781542301,248.370592862368,13.7000032961369,4.05035954713821,8.29907417297363,0,75.9119721055031,0.18868063390255,228.827648460865,3.57350721955299,0,0,2.67746490240097,24.8517585992813,2.94571787118912,80.8896307051182,0,1310.60544967651,0.577747464179993,1092.95568281412,3.77777278423309,1.48735225200653,2.69865065813065,8.9432218670845,91.5730509161949,186.379742890596,0,0,17.6854230165482,9.57952886819839,117.316398859024,1285.20489004254,235.879571884871,2193.20705965161,60.8539152145386,0.556984484195709,14.2635535001755,32.4303449094296,0.606327593326569,0,117.942788511515,0.576025426387787
250.469316542149,2214.49484911561,18104.1569327712,4.17345127463341,0,86.0025115311146,94.2082855701447,1730.18440105021,120.173856437206,38.4997286200523,12192.2414237559,70.3752928078175,668.023147583008,2889.741162166,18.5265769064426,103.259228408337,12722.1485002637,10714.2483849972,11084.1208477318,41.7370465695858,674.791748613119,280.330549180508,5277.47320690751,197.879659771919,3818.69238612056,0,53218.896178782,145.553465515375,1167.44594848156,1402.1165009439,459.142199903727,760.873949512839,107.428346037865,12971.4211191237,321.765308707952,5950.96051311493,5671.88507094979,5595.90503402054,2600.97191244364,100.280632019043,123.027846157551,35.7692025899887,860.692432403564,318.271827593446,398.498012915254,346.762423276901,25.9091755002737,27.3261638879776,0.672230243682861,12.1759514212608,1114.28130874038,425.260912925005,0,3.67574101686478,7.7925988137722,6.21644097566605,54.6660985946655,54.3134687840939,0,1246.01953169703,7.24978089332581,147.977488458157,175.851971626282,8.61049869656563,42.6744212508202,841.870266348124,436.85492888093,2477.24559110403,0.333311170339584,22.2048415541649,56.89585891366,95.7124574631453,74.6014924198389,760.858146220446,4026.49345783889,19974.0900399536,60.5236555933952,34.7640537470579,29.2844985872507,76.1891351044178,8.55013447999954,1.86506876349449,836.136060208082,208.561269015074
176.24698099494,30249.4236262441,38518.4483915567,0.824645608663559,0,114.808631584048,662.083244115114,1584.41404649615,573.652126759291,24.1851558983326,11980.4707134068,78.2266211509705,14307.2900365889,3311.60872870684,47.5022073835135,7210.06180927157,11897.5292692184,3157.46532222629,2293.00373122096,37.7064035534859,1523.20610967278,22308.9357967079,24818.1673164368,1152.20094537735,7525.92751380801,53218.896178782,0,2374.17373861372,1258.5842371285,1483.1171925962,1677.24526035786,898.465940922499,118.73574206233,14325.7174236029,2059.22842270136,25829.2074048817,14324.7636769116,17133.4352038801,12339.165309146,238.192533433437,188.678944274783,36.299195766449,3801.8863195926,1150.05283644795,2178.27362622321,1777.74067503214,131.390143170953,87.9833867549896,10.0165037214756,73.8620061427355,8260.58073928952,5243.11704406142,1.02047169208527,17.3933155238628,19.9495068490505,139.332433134317,165.907705292106,193.951627224684,0,4877.83091455698,19.0278834849596,855.090681254864,480.784296676517,34.2657508254051,5088.36576864123,3972.34313371778,1061.95659658313,5311.58101165295,1.60303750634193,1269.4520919323,4676.17608201504,14167.7015651613,410.05995798111,2534.09324514866,10036.7437303066,107799.480794862,304.64033305645,165.090813353658,573.533055663109,255.054289638996,1.93858128786087,9.5722364038229,2378.72022932768,987.08543536067
199.413375854492,339.18696141243,166.431328862906,12506.7446387708,0.528951466083527,1390.37282936275,51751.1169505864,2681.08411285281,14052.5977795124,4959.63928565383,49.1935749351978,7360.27477559447,921.979042589664,1758.34711936116,1404.68901461363,5515.41032513976,49.577466070652,30.0154204964638,28.1680085361004,11333.326527074,9484.82526504993,1847.05550956726,5186.74473702908,33648.2575742602,177.388202786446,145.553465515375,2374.17373861372,0,2835.22137951851,35830.9125320017,3.99698552489281,76.3339272737503,676.837921708822,1603.99471779168,2178.51117953658,16186.1965017319,1171.29205748439,4045.67254689336,724.190458267927,1774.42007449269,1130.12078793347,109.583889126778,2085.72399112582,43.8557716310024,555.113246574998,138.12447360158,1854.95833176374,189.225680336356,1.38618117570877,108.651715248823,0.788804352283478,27.3083996474743,1571.48771971464,2.78041011095047,1040.662517488,1737.1191149652,1899.10433894396,1785.48340266943,545.86248922348,1.64619287848473,675.853123426437,0,519.005710273981,157.205020606518,419.353029698133,13.5256708562374,0.229687258601189,1.06155967712402,923.89687743783,1122.11368796229,337.958759337664,336.172760754824,11701.5682327896,1.72196531295776,12.9971278011799,142.164530932903,7445.98197740316,330.591163158417,2428.30809730291,0,0,5.62075260281563,590.836579978466,158.267647653818
15501.5655402541,16.5505043268204,1129.78963989019,1.65446653962135,4.57026469707489,51.7748539149761,858.081713438034,3798.77212128043,448.183691620827,48.8465134501457,332.506681263447,30.3682955205441,245.925159156322,27401.6751711667,16.4339122772217,2.52555975317955,839.248799979687,327.528987139463,877.586222976446,15.3345303535461,211.034160465002,52.0415197014809,555.023795604706,261.39568439126,32.0862329304218,1167.44594848156,1258.5842371285,2835.22137951851,0,13218.5905528665,41.2287263274193,2909.72582894564,10988.5683045983,3426.76824483275,200.964274644852,1311.47518920898,335.061525762081,1332.3644117415,108.485991358757,119.507295906544,280.103615283966,92.9779248535633,291.248081296682,10.3421422243118,52.1282653361559,22.6428436040878,282.061746418476,17.2598117142916,2.36181056499481,13.5171130895615,9.79050454497337,12.479910582304,3.72193714976311,0.852425158023834,11.2504668831825,295.075168788433,72.9738467931747,188.262862205505,2.8814395070076,8.77325507998466,20.5548665523529,4.76847749948502,20.5268432497978,12.2448301315308,18.5997599363327,8.02752366662025,0.608422696590424,5.73705068230629,5.3837958574295,100.261918872595,13.3620861768723,21.9532904326916,1240.51999872923,1.75378525257111,9.57373735308647,88.4392550587654,1037.10767951608,18.3685183227062,257.900319606066,0,0,0,52.1577205657959,15.515981554985
17167.3288808763,179.844025403261,2530.10225391388,7.66133812069893,0,981.392021492124,22066.4247615933,18834.8386964649,1428.56112915277,223.001039668918,224.210732370615,166.95616787672,664.330119162798,25110.1185134649,171.493549913168,76.3311922550201,3467.56415444613,401.16237834096,1702.03447049856,98.020131200552,28304.4035112113,733.200597763062,7644.34470710158,738.873061180115,122.543760091066,1402.1165009439,1483.1171925962,35830.9125320017,13218.5905528665,0,6.0393397808075,88.3745476156473,649.535208076239,14400.381197691,1329.25073829293,4735.62375071645,474.240656107664,9626.05499912798,1280.23469722271,669.425247639418,864.792637094855,100.110136762261,768.60967284441,22.5873656719923,150.555603891611,74.9930318146944,1192.10307589173,43.0134245157242,0.774488180875778,47.832317173481,6.46615600585938,25.7193677723408,19.5035013854504,2.825568318367,34.4883114397526,394.959029704332,196.98328961432,458.000740110874,6.14788776636124,2.06599017977715,72.8279502987862,2.5274161696434,133.973531633615,44.1714056134224,748.779584884644,16.2620279192924,0,6.78612011671066,11.6625553071499,1494.16183909774,567.399996012449,497.009886682034,3030.4766433835,6.38270765542984,26.2493768036366,144.940588802099,4105.13708651066,93.872358828783,2344.74803629518,0,0,4.32546642422676,132.358015432954,111.670458227396
0.426513403654099,7.0464933514595,0.951738923788071,0.84886109828949,0,6.88829225301743,4.31547191739082,33.4056759774685,2.65310949087143,2.26344212889671,1238.86048561335,2.68145796656609,100.978273183107,98.5165635943413,1.37770801782608,0.857604146003723,1.83052867650986,63.968435883522,3.7775659263134,3.20245203375816,0.271813243627548,3.1735597550869,0.624837934970856,2.6295610666275,8.04011571407318,459.142199903727,1677.24526035786,3.99698552489281,41.2287263274193,6.0393397808075,0,74.896182090044,0.952617317438126,222.242247670889,0,23.2738417387009,249.197234034538,87.6098871529102,32.9449283480644,2.75990343093872,1.28587558865547,0.768876135349274,1.37679502367973,3.1033216714859,0,2.08008354902267,0,0,1.07012936472893,0,5.27997031807899,0.788822263479233,0,0,0.465729415416718,0,0,1.64796817302704,0,430.955150365829,0,85.9132540524006,0.306370973587036,0,0,0,16.0135181546211,12.5413383543491,0,0,1.30399137735367,0,0,37.3496240675449,87.6931763291359,500.326716154814,0,0,0,17.8984129428864,0,0,11.3970921635628,0.894868493080139
