0,0,183.958029389381,2.32695508003235,1.03941559791565,94.6352308094501,9029.9876280427,2470.33832767606,9.86878770589828,122.483624964952,25.9223837852478,76.6265172064304,20.432519942522,12933.9930419922,8.96164256334305,0,591.622565329075,37.1974171102047,296.055200695992,10.293260127306,48.7564980685711,1.85519033670425,293.939394414425,109.608079046011,0,415.848373413086,69.3732445240021,145.090691536665,4195.80478414893,7474.45858192444,0,9.47132235765457,35.1673115491867,313.181423038244,22.3501083850861,125.505046695471,14.0189950466156,201.41374373436,55.2400561869144,19.8720031380653,12.0462721288204,1.88169711828232,21.6712589859962,0,0.38474503159523,0.485318541526794,5.83602052927017,2.65223768353462,0.801596164703369,0,0.38120111823082,1.21837747097015,1.69227904081345,0.609818279743195,0,0.35843089222908,0,6.08091089129448,0,0,2.64135366678238,0,0,0,2.58372151851654,0,0,0,0,0,0,0,38.6183539330959,0,1.28038662672043,8.76945662498474,19.563599050045,0.742356598377228,0,0,0,0.327704191207886,3.32142525911331,6.83783042430878
0,0,90.0847651362419,0,5.51912102103233,1.54957377910614,0.553195655345917,1.94182401895523,2859.8870023191,0,463.262010574341,0,2007.91839164495,4.28529328107834,5.12542390823364,844.435495316982,160.561688870192,4.93957936763763,34.2934211194515,1.93751585483551,82.3561916351318,5836.72042959929,284.557094633579,3146.80306425691,5164.23425745964,466.773011416197,39752.6877040863,120.028266310692,11.748371809721,13.0389184951782,48.1896786093712,0.606511354446411,0.625793695449829,316.008113175631,23.9481883049011,359.563197165728,385.630659788847,226.288034915924,180.619480460882,6.41224133968353,0,29.1237224638462,154.411198198795,241.494885712862,103.355156362057,119.436766535044,4.27354550361633,0,118.007782697678,0,3685.42008650303,166.264999359846,13.3379902541637,0,0.744583129882812,15.7317063510418,1.74398225545883,117.733219206333,6.15296247601509,670.190916806459,3.32383835315704,898.075261026621,4.03279516100883,0,142.292369365692,123.001829922199,7.51216557621956,63.6161792576313,4.03187707066536,5.50205036997795,195.70591366291,53.5454580783844,135.942831456661,445.012142777443,744.998930841684,10960.5179850161,60.7799791693687,6.82720094919205,4.04023343324661,120.265495598316,0,0,82.0665172934532,13.3070324659348
183.958029389381,90.0847651362419,0,0.33824497461319,2.50894051790237,75.2791538387537,3841.6238514483,1144.38529920578,14.9006630778313,46.1379292011261,25.7315281033516,17.6927793323994,94.5045287907124,1024.10571095347,32.1361150443554,45.8290896117687,19394.7300325632,105.691693156958,1993.12307706475,3.64997881650925,3225.1951110065,24.338035017252,66557.1638236046,94.3540485501289,0,34698.5349674523,24646.0982744694,1561.98628905416,621.492177784443,4306.41340312362,1.87086987495422,9.48887744545937,21.1277920007706,6213.98353976011,797.565113425255,6807.68579354882,1742.5338357687,4826.41443774104,4702.07257756591,23.1691052317619,18.2421441972256,7.02360516786575,305.908829212189,56.008745521307,184.614638358355,222.060650497675,23.9054424166679,4.9152364730835,0.732776463031769,0.557066023349762,214.20868948102,681.755871087313,0,0,0,71.6168281137943,1.20864456892014,17.4812075793743,0.294589281082153,4.533183157444,1.3653444647789,0.570925414562225,3.6654811501503,9.89374208450317,257.963042795658,326.580978363752,12.7347249984741,107.016702204943,0.803815603256226,25.2903580665588,118.106983810663,280.226125538349,151.576343417168,10.5116663575172,661.112610459328,5251.78698319197,92.862903624773,5.57117980718613,9.82756066322327,0,0,2.75192093849182,166.552741914988,218.496804893017
2.32695508003235,0,0.33824497461319,0,154.773240059614,628.770734459162,486.527234792709,183.866079747677,2737.63188093901,8428.09452137351,33.6508297622204,3007.53390291333,90.4498640298843,118.260159164667,175.99784347415,0,0,8.53421062231064,3.7036754488945,21500.9314594567,0.304344356060028,0,0,7081.57351484895,0,24.2322623133659,5.60874193906784,14678.7449453771,75.7183012962341,6.08846080303192,2.97894504666328,38.4175136983395,1.47660490870476,107.242924690247,31.559121876955,612.670869976282,22.8842040002346,200.537674635649,55.3275100588799,446.632250368595,47.3037286400795,8.1000609099865,334.462915092707,1.65517026185989,159.171215862036,14.5036522448063,483.502535939217,67.2553144991398,15.4754521548748,0.316554337739944,3.75833928585052,0,3133.01527068019,2.1776123046875,137.566772460938,317.810572326183,151.919857278466,523.558566898108,947.26106826961,0.503096699714661,1708.79328349233,1.4595810174942,114.17353400588,14.2523190975189,0.431782245635986,0,0,0,1419.26192104816,1.13154482841492,6.80718776583672,0,2114.29517069459,1.1066620349884,0.405410528182983,6.16839817166328,3462.0333532393,70.877264291048,0.463763684034348,0,6.0325271487236,2.79459863901138,156.515977799892,9.39750927686691
1.03941559791565,5.51912102103233,2.50894051790237,154.773240059614,0,3230.58815249801,224.537320226431,165.112272679806,889.193134367466,471.100309818983,8.06314471364021,1377.90301090479,49.7069576382637,57.8063241541386,7201.13798159361,9.61437618732452,4.49152478575706,0,0,169.606920361519,58.1812810003757,13.5033120512962,114.016622245312,328.192383527756,0,6.81488087773323,13.5854649841785,519.241096138954,19.1617116630077,91.4558608531952,0,776.144323438406,0.748456060886383,754.625167399645,2159.98839834332,616.967405378819,23.3634448051453,36.3875519037247,24.8108504116535,14719.013982743,2837.65813094378,0,43.4030139148235,6.82178127765656,12.8822638988495,45.117814719677,55.6703390181065,4.89921036362648,3.36497020721436,0,0,4.25158357620239,67.9202379882336,1.25520503520966,10.3889579176903,3.2996683716774,3.59166604280472,8.27338707447052,40.8126802444458,6.26808881759644,132.198809176683,1.49038743972778,0.350279718637466,2.4884882569313,7.53119421005249,1.44971251487732,2.72679376602173,0,60.0397730767727,1.33444440364838,0.505632042884827,1.18568408489227,70.8559463024139,1.57396113872528,4.51555389165878,7.66916632652283,120.993687838316,1.83939945697784,1.96696227788925,1.09487593173981,0,0,4.87833505868912,841.896740883589
94.6352308094501,1.54957377910614,75.2791538387537,628.770734459162,3230.58815249801,0,4795.58031603694,10674.3880941868,528.612525433302,23198.2753888667,360.137928515673,9736.19286608696,770.910645514727,1911.58761738241,2609.34638351202,1.43015563488007,87.9567796885967,90.2228733003139,75.3633030653,503.354346632957,23.1203401684761,0.701489746570587,91.8194583654404,212.249430090189,1.67083609104156,280.88862401247,38.8295421600342,3199.0519682169,583.513731241226,372.747085690498,12.9777961671352,1164.47928291559,7.32110053300858,791.070981383324,5862.40821143985,6895.17544421554,269.899204879999,866.476581096649,297.352202236652,9588.785723418,911.393022567034,91.2859645485878,238.154566943645,10.1117708683014,102.111225932837,7.36613747477531,254.501664072275,30.330938488245,17.652608782053,0,0,0,318.398621529341,1.73242145776749,40.3221261203289,148.532003223896,46.176489263773,132.162197828293,293.468819737434,3.13189274072647,473.863604635,3.26798784732819,52.858842253685,6.70752504467964,1.06026661396027,0,0,0,290.375936329365,0.716329455375671,5.48567932844162,1.09629940986633,1095.77027136087,2.6447526216507,0,5.34437149763107,1099.15461528301,34.0281537175179,0.391292542219162,0,2.66969048976898,4.30019864439964,64.9955720901489,281.374284058809
9029.9876280427,0.553195655345917,3841.6238514483,486.527234792709,224.537320226431,4795.58031603694,0,24498.0857850313,1343.85833007097,30767.32836622,641.946782469749,494.789872229099,506.588821709156,31059.9223465025,413.433952927589,23.5033214390278,1154.10442173481,329.747902363539,702.212255269289,112.222008377314,4788.74890115857,14.3237855732441,5380.68892610073,5608.23518559337,0,2961.41978341341,744.312643319368,89504.9251357317,5188.90072900057,13348.9930420518,27.604901432991,477.234461694956,100.243099868298,2938.33756136894,782.799588561058,5770.46203619242,511.217940688133,4469.05085879564,1690.65172082186,701.034569621086,562.303943902254,72.0148184597492,215.903849154711,7.06444293260574,78.9519040584564,10.9169093966484,101.472519397736,31.5891853272915,8.43218192458153,0.537398815155029,14.009674757719,44.797889739275,140.577723920345,3.35587871074677,37.0972872674465,146.073205441236,62.2565524578094,319.953855156898,129.961170256138,12.8439896404743,106.088920325041,6.86818569898605,58.0044097006321,14.6479994058609,62.1661061942577,2.6430341899395,0,0.338063448667526,88.8126962333918,2.87087672948837,43.3714872598648,64.296188056469,1430.97496670485,1.94568693637848,3.28549137711525,613.752326309681,1006.37170982361,86.0380842685699,2.65128326416016,0,5.99373072385788,6.32337027788162,86.864690631628,151.16959670186
2470.33832767606,1.94182401895523,1144.38529920578,183.866079747677,165.112272679806,10674.3880941868,24498.0857850313,0,284.323597162962,14668.7392627895,404.558450818062,5337.73304215074,429.284279674292,17550.9117086679,193.408778309822,1.96444219350815,1661.57893335819,164.779043197632,789.846898347139,646.677021443844,387.362971335649,0.524639189243317,1155.66578900814,531.335997506976,0,1954.86905062199,249.966199010611,1689.63902649283,2845.40858313441,6040.14948880672,11.6182400882244,961.877982467413,90.7819092869759,1142.64991483092,191.431584626436,3306.97416959703,207.254931718111,1232.31787151098,353.509615153074,1177.61753183603,168.341951221228,80.1311139762402,417.182335734367,6.23072624206543,142.860152631998,12.712379783392,261.799295246601,58.3040952682495,14.0294013023376,2.91105782985687,6.32608023285866,2.63118752837181,162.439713388681,0,23.1302704811096,216.282540351152,64.8141490221024,239.758227527142,194.525695919991,6.63223242759705,251.967055082321,7.55863416194916,74.5882458984852,21.5049688518047,10.3282241523266,0,0,0,155.96135532856,0.975764453411102,11.3866902291775,0.998508661985397,1608.14901706576,0.982305824756622,0.566212296485901,29.7725324630737,1105.41095966101,61.1928786337376,1.27234178781509,0,0.621477127075195,20.2938637733459,132.153183966875,25.6764459311962
9.86878770589828,2859.8870023191,14.9006630778313,2737.63188093901,889.193134367466,528.612525433302,1343.85833007097,284.323597162962,0,1299.10742071271,71.7639267146587,3207.04648536444,436.168911725283,199.2129586339,741.458264827728,316.56649556756,16.1283900141716,13.7413821518421,12.1721730232239,548.49166238308,142.30645596981,14063.8270793557,210.299688488245,31808.1081462204,1340.99132487178,79.9273536205292,6137.33441606164,7647.55942645669,252.580616682768,140.147089898586,16.8289806246758,73.1006298959255,27.8166822195053,249.603714793921,114.349736839533,822.105291634798,88.9991061985493,328.143907696009,142.426109701395,2278.6376619935,82.3746557831764,19.5374850928783,927.356197685003,92.6019540429115,223.971440196037,38.740600079298,176.945885151625,51.2172524929047,32.7065235972404,0.578287541866302,49.2515803873539,8.83408841490746,877.479352355003,10.8425558805466,85.7970186769962,160.973463714123,63.9518609642982,3062.09500670433,346.749575078487,175.846505105495,485.806519329548,200.175864130259,58.1034828424454,59.9049792289734,1575.62825164199,4.07167175412178,12.3443974852562,1.41729572415352,269.521759063005,405.14264318347,2477.79021078348,663.905250042677,4801.27652767301,70.4117970168591,26.3575226664543,183.380020231009,2907.90266498923,147.879747152328,14.2146267294884,9.81882905960083,12.4023380577564,34.4015016853809,146.660846084356,226.552847266197
122.483624964952,0,46.1379292011261,8428.09452137351,471.100309818983,23198.2753888667,30767.32836622,14668.7392627895,1299.10742071271,0,1201.60763439536,6638.93936318159,894.146824240685,6884.13422268629,465.428082734346,0,31.1375489234924,491.39229491353,322.265171378851,10164.8163094819,22.5195316970348,0,50.5735227167606,501.142165452242,2.1310618519783,1234.25309866667,167.769109398127,15363.9461257458,2128.68490120769,295.729745239019,53.5825005471706,1034.73043727875,14.3400238156319,2437.88702279329,3792.31446504593,7890.26289993525,493.909941285849,3770.2105101645,862.363997578621,1486.94996935129,762.156095147133,135.504661977291,522.04501837492,12.9262676537037,157.423363417387,18.950866907835,580.249911487103,109.277044683695,12.2029107809067,2.25510305166245,6.88377425074577,0.398309320211411,1297.82714630663,7.62565821409225,109.513459771872,446.086420625448,169.665735781193,370.335199117661,990.065351709723,11.7830147743225,1338.96936300397,15.7162727415562,94.9067453742027,28.6718724966049,0,0,0.708514332771301,0,1003.46860086918,0,13.4410542547703,0.288513422012329,2723.57056242228,1.46726500988007,0,10.0252097547054,3693.54263296723,54.5032705068588,0,0,3.04583346843719,3.60701057314873,153.729251980782,271.170975476503
25.9223837852478,463.262010574341,25.7315281033516,33.6508297622204,8.06314471364021,360.137928515673,641.946782469749,404.558450818062,71.7639267146587,1201.60763439536,0,1002.74976193905,7806.77560093999,1317.54312095046,17.2679078578949,1.05540531873703,292.193995058537,9075.76954370737,2506.77949890494,154.190082401037,49.804989606142,63.5175737142563,134.128561705351,59.2593850791454,402.06011390686,6637.33217778802,827.625672370195,185.667238533497,1719.26603010297,263.971907347441,438.318475484848,803.070564001799,12.9534437060356,13909.9206440151,193.032381892204,1690.16483408213,5465.78145679832,7043.22038242221,2925.72353416681,138.0627592206,78.0322746634483,3322.81082454324,37.6967426538467,897.565748006105,29.0189056694508,25.1264240443707,28.2639639377594,1.24981474876404,1534.05002716184,3.34159660339355,232.264437228441,0,2.49738156795502,0,0.427413880825043,5.34024238586426,3.32811015844345,84.6569439768791,1.14438486099243,4121.88512212038,17.1695489287376,6111.72341364622,12.6653800010681,0,5.5999898314476,0.727352142333984,2.47424137592316,0,0,0,53.5095679461956,0,148.689264386892,535.997889697552,238.870338439941,828.520546227694,12.8719907402992,60.9262764155865,1.3967456817627,1057.5155711174,7.39893871545792,0.374287575483322,166.224325031042,50.2207092642784
76.6265172064304,0,17.6927793323994,3007.53390291333,1377.90301090479,9736.19286608696,494.789872229099,5337.73304215074,3207.04648536444,6638.93936318159,1002.74976193905,0,797.595771282911,3438.09360687435,1508.42468175292,0,17.6647998392582,365.04220661521,223.024318963289,15426.8082874417,6.51963672041893,0,16.4356428682804,148.651947408915,0.661219596862793,866.717092901468,109.150211215019,3283.71433401108,969.320386976004,174.94680711627,42.5247271358967,870.622238487005,1.29699552059174,1042.19289174676,11026.2127857506,3230.12353023887,339.568141013384,1390.89063921571,287.006724566221,5637.64735460281,273.732998043299,109.017949789762,364.831115931273,11.6020278930664,141.714204907417,19.9008274674416,744.4429679811,62.4159993231297,30.1478705108166,0,0,0,1539.83057078719,2.33862233161926,129.802971720695,163.709813207388,109.694857180119,162.511448830366,695.991908222437,24.9701196849346,2565.44696724415,13.6363870203495,96.1139801293612,19.2917489409447,2.61798688769341,0,1.11190629005432,0,1129.91259941459,1.35633289813995,2.38381686806679,0,914.937375068665,2.9922002851963,4.39596262574196,4.76448264718056,2136.7670469135,90.0468990206718,0.421440243721008,0.689134538173676,16.7251987159252,7.66165274381638,114.880983799696,524.629306167364
20.432519942522,2007.91839164495,94.5045287907124,90.4498640298843,49.7069576382637,770.910645514727,506.588821709156,429.284279674292,436.168911725283,894.146824240685,7806.77560093999,797.595771282911,0,430.789952844381,98.7756769657135,65.9795909821987,21.3817358613014,19.9905983805656,14.4089097082615,159.296038419008,236.830907553434,671.019704699516,567.070421665907,418.221644580364,7580.81905645132,702.921713322401,5979.67658901215,608.997333794832,276.429315090179,324.302415132523,2704.23443588614,669.560279786587,3.17399942874908,1671.26272124052,1351.11294096708,9897.36439216137,5572.014108181,4330.60238668323,3217.81581938267,8137.67061892152,2226.39938956499,5710.59153079987,1095.46202450991,1475.8748666048,815.240930706263,210.903096497059,3678.46224048734,345.083020180464,1576.2423619926,1.65947544574738,360.190526694059,2.92148810625076,67.8522387444973,3.81379222869873,76.1791151463985,76.2625381946564,138.760492116213,146.216317564249,163.40155184269,9556.95154261589,345.668953597546,13224.9261153638,159.24418592453,16.6958928108215,38.8180640935898,0.798392832279205,12.4761317074299,4.88798773288727,132.376385763288,11.4854927659035,78.5804559290409,26.6554679274559,445.08401414752,1901.774374336,952.896746963263,3817.72149288654,334.317980915308,186.718624293804,3.81233587861061,3599.90979170799,152.447391927242,7.73072841763496,604.720749825239,440.407251417637
12933.9930419922,4.28529328107834,1024.10571095347,118.260159164667,57.8063241541386,1911.58761738241,31059.9223465025,17550.9117086679,199.2129586339,6884.13422268629,1317.54312095046,3438.09360687435,430.789952844381,0,118.216754317284,4.48811733722687,2545.32883897424,654.566914945841,1460.04071131349,459.827475950122,265.670376509428,1.44032874703407,1280.94642135501,799.990395545959,1.88408097624779,3115.88288465142,397.487008869648,1623.76402506232,19673.4200416058,15689.398478359,39.8906699419022,474.750044256449,165.389345765114,2301.51425899565,143.821650117636,2654.19647696614,327.763378947973,1345.74426648021,372.540722370148,415.128422960639,88.5961430668831,88.4153771996498,339.526540696621,4.73264756798744,128.089392453432,5.25037783384323,177.082591891289,28.3546362221241,14.8508666455746,0,2.18880107998848,0,41.0280539095402,0,4.65396171808243,116.31202223897,9.24677702784538,150.681732267141,46.227027118206,8.97631832957268,101.418249428272,10.5848373770714,18.1630483567715,7.91674271225929,17.8390907347202,1.30501610040665,0,0,45.8506343364716,3.08675855398178,9.98703554272652,0.511723399162292,1192.11982512474,1.53662705421448,4.83721736073494,24.4127382040024,616.123972564936,27.24376308918,0.438444942235947,0,0,23.6181455552578,78.5810620486736,14.1905009448528
8.96164256334305,5.12542390823364,32.1361150443554,175.99784347415,7201.13798159361,2609.34638351202,413.433952927589,193.408778309822,741.458264827728,465.428082734346,17.2679078578949,1508.42468175292,98.7756769657135,118.216754317284,0,42.9173570275307,17.2727475762367,5.11357045173645,11.7966509461403,182.46742528677,308.845097392797,15.6032190620899,398.245293259621,622.706419974566,3.39047157764435,40.7489933669567,120.942994683981,1044.18189561367,80.7643992304802,622.125726699829,0,182.896278887987,1.83566445112228,53.0026938915253,3989.71663889289,415.988038301468,155.381648659706,119.103830367327,117.893667072058,3015.96832340956,191.083187162876,12.619927585125,140.238994479179,33.9575411677361,29.064310580492,95.0375502705574,79.6062466204166,12.6973171234131,2.57368314266205,0,1.62286937236786,5.41666740179062,107.608173191547,2.61977833509445,26.6318663954735,28.2091410458088,7.54138201475143,37.5755751729012,50.2103923559189,5.97328305244446,168.530999898911,0,8.38302332162857,14.8146680593491,8.06827104091644,0,8.27018344402313,0,78.7593611478806,9.51050168275833,3.40365201234818,11.1304940581322,259.742254942656,1.00414180755615,18.2627103924751,36.4281650483608,235.14342007041,8.69837573170662,3.21428912878036,0,0,5.41005247831345,25.9580548703671,2748.12796664238
0,844.435495316982,45.8290896117687,0,9.61437618732452,1.43015563488007,23.5033214390278,1.96444219350815,316.56649556756,0,1.05540531873703,0,65.9795909821987,4.48811733722687,42.9173570275307,0,22.1631715595722,1.06177407503128,13.58412322402,0,7305.68009650707,10784.8568514287,10631.4805702865,2790.83956605196,140.418005824089,39.4585093855858,5025.71935752034,907.425040215254,13.2897934019566,203.383250534534,2.11333549022675,0,3.78614914417267,144.447190135717,332.542884945869,3208.04324758053,1027.97603014112,707.314178198576,675.624772310257,13.244155049324,6.50997275114059,1.87679332494736,727.683305829763,144.109663903713,211.720630347729,239.602157890797,43.4756450653076,3.12452971935272,3.48792397975922,0,67.9311137795448,242.411233127117,0.376949429512024,3.38182401657104,0,125.402032077312,3.11078971624374,26.4404582679272,1.37731742858887,3.56979486346245,8.24195051193237,6.79449945688248,11.649035513401,23.689156472683,8179.91815799475,23.4114483594894,2.32489717006683,15.235908716917,2.72672912478447,1200.94101271033,4241.28573530912,5042.98492786288,1208.2229912281,4.84368252754211,41.365864187479,2896.2961910069,1375.27798131108,10.1093856096268,28.6645961999893,0,0,3.52355337142944,77.4765684604645,81.3292318880558
591.622565329075,160.561688870192,19394.7300325632,0,4.49152478575706,87.9567796885967,1154.10442173481,1661.57893335819,16.1283900141716,31.1375489234924,292.193995058537,17.6647998392582,21.3817358613014,2545.32883897424,17.2727475762367,22.1631715595722,0,1115.52449843287,15939.8534547687,3.01583713293076,1949.96950003505,16.1267541348934,8074.09006536007,105.563568890095,0,24803.2523530126,13687.6713488996,601.647494673729,2940.92063012719,9023.20447936654,3.39990139007568,25.4136524498463,218.998629570007,5191.13120499253,79.1604996323586,1412.10708680749,865.036426246166,1566.73578560352,860.620014220476,15.8957372307777,13.895831912756,0,54.6167344450951,10.1839539706707,46.0857217311859,39.8037255704403,1.09227502346039,2.24874174594879,0,0,102.463112294674,140.422528922558,0,0,0,1.46581986546516,0,5.24457037448883,0,2.18088310956955,0,2.35080808401108,0,0,26.8704056739807,128.719199001789,3.66330057382584,37.7967932224274,0,5.73672756552696,22.0471216738224,19.8613309264183,18.3156206905842,8.08348441123962,329.800498604774,1685.50811454654,16.7698220908642,0.845299601554871,0,0,0,0,50.8626211285591,13.4131852388382
37.1974171102047,4.93957936763763,105.691693156958,8.53421062231064,0,90.2228733003139,329.747902363539,164.779043197632,13.7413821518421,491.39229491353,9075.76954370737,365.04220661521,19.9905983805656,654.566914945841,5.11357045173645,1.06177407503128,1115.52449843287,0,4675.25582772493,70.2647340595722,78.9527500867844,0,225.772908121347,18.1603677868843,0,4880.97801694274,240.541691213846,79.6681345701218,796.894489377737,276.217967748642,1.96303445100784,181.990395575762,20.9926162660122,6717.80593428016,149.602013349533,1416.88897514343,2768.77565062046,3900.72310853004,1960.78639611602,38.0220223963261,4.14948356151581,1.15411400794983,6.89826244115829,1.13584721088409,2.60837304592133,2.05527165532112,5.93800622224808,0,0,0,2.02866506576538,1.46583631634712,3.10178318619728,0,0,0,0,9.96102160215378,0,4.5369176864624,1.22065031528473,0,0,1.89017939567566,0,2.39457479119301,0,0.513689637184143,0,0,0,0,6.4649264216423,0,16.0165129303932,63.3974823653698,0,0,0,1.51580131053925,0,0,1.37693285942078,74.9814822077751
296.055200695992,34.2934211194515,1993.12307706475,3.7036754488945,0,75.3633030653,702.212255269289,789.846898347139,12.1721730232239,322.265171378851,2506.77949890494,223.024318963289,14.4089097082615,1460.04071131349,11.7966509461403,13.58412322402,15939.8534547687,4675.25582772493,0,41.5035420954227,626.525710523129,3.9668180346489,2119.20779174566,45.1140592098236,0,12831.6172790229,1650.67541906238,197.12347048521,2044.47371089458,2994.61794158816,0.520416617393494,61.9267776310444,149.022772222757,13954.6490234137,157.156406462193,2081.94048786163,2007.85999658704,3486.65196681023,1872.09015011787,31.6566206514835,11.1568881571293,4.98078519105911,24.2525461316109,5.16122868657112,6.64722973108292,14.0866287648678,2.80676406621933,0,0,0,21.4981729984283,16.7930633723736,0,0,0,0,0,14.3783924877644,0,0,0.382847398519516,0.608614444732666,0,0,3.38409119844437,16.2006174325943,0.847294569015503,12.5352823734283,0,1.05731081962585,7.77050405740738,3.23537760972977,11.1862979829311,1.87763524055481,182.591586738825,562.383277177811,2.95546209812164,0,0,1.35426342487335,0,0,17.4069100022316,51.2626660466194
10.293260127306,1.93751585483551,3.64997881650925,21500.9314594567,169.606920361519,503.354346632957,112.222008377314,646.677021443844,548.49166238308,10164.8163094819,154.190082401037,15426.8082874417,159.296038419008,459.827475950122,182.46742528677,0,3.01583713293076,70.2647340595722,41.5035420954227,0,0.919822216033936,0,3.5110656619072,1693.70635074377,0,131.303061693907,28.5003762841225,5233.32991984487,166.858850300312,40.6584390103817,6.89758238196373,146.649450182915,0.512238204479218,193.685795992613,48.2029047608376,1212.46945104003,73.6743652522564,324.439694851637,82.5738282501698,536.994230031967,85.7896330058575,30.0694167613983,184.927687942982,0.578018605709076,67.1425760686398,9.4839271903038,239.555449843407,43.5344720184803,11.4211595952511,0,2.0577172935009,1.33286142349243,790.439391463995,2.00101566314697,63.1319057941437,100.705987483263,86.9366702437401,97.5333422422409,354.460833609104,11.5938936769962,814.087208986282,1.9724930524826,70.7746953964233,7.39425218105316,3.48967245221138,0,0,0,440.174871951342,0.565737783908844,4.26350653171539,0,726.259142041206,1.69990682601929,0,4.15240871906281,1235.33612325788,57.1009967327118,0,0,6.38211676478386,4.99018356204033,77.2860272228718,4.03303790092468
48.7564980685711,82.3561916351318,3225.1951110065,0.304344356060028,58.1812810003757,23.1203401684761,4788.74890115857,387.362971335649,142.30645596981,22.5195316970348,49.804989606142,6.51963672041893,236.830907553434,265.670376509428,308.845097392797,7305.68009650707,1949.96950003505,78.9527500867844,626.525710523129,0.919822216033936,0,889.260606855154,45206.7173211277,776.506754040718,10.7089926600456,1356.56364828348,2413.16348209977,10187.6059229076,384.221004873514,46095.4677647948,1.16806748509407,7.92961019277573,126.46495616436,15931.5207298696,2148.21745893359,12922.1331941187,1001.85016539693,14432.0941117108,5000.52774718404,117.41071844101,90.296567350626,2.8120059967041,646.097466647625,91.9047341942787,54.9005455374718,39.1174305081367,42.7369593381882,13.8618841767311,2.019739985466,4.30513107776642,17.8059453368187,61.953711181879,0,7.32119572162628,3.71224594116211,56.9848712682724,8.90486589074135,56.0602788925171,1.37239339947701,1.05030387639999,8.91912433505058,0.737250566482544,13.6708331108093,34.6589873433113,2008.1515083909,8.52181801199913,0,0.382569283246994,0.60635769367218,1041.27275449038,1077.4931345582,955.759826362133,959.181775420904,0.815638184547424,9.88336434960365,528.227611601353,1447.54045817256,16.4513915479183,23.6233249902725,0,3.87130349874496,10.4445657730103,36.3162872195244,387.334174871445
1.85519033670425,5836.72042959929,24.338035017252,0,13.5033120512962,0.701489746570587,14.3237855732441,0.524639189243317,14063.8270793557,0,63.5175737142563,0,671.019704699516,1.44032874703407,15.6032190620899,10784.8568514287,16.1267541348934,0,3.9668180346489,0,889.260606855154,0,3605.83663779497,23293.3910806179,2447.499147892,41.5401141345501,13953.4764263034,1059.81512799859,8.34267261624336,32.8405565023422,24.5409852862358,2.08528858423233,1.63521075248718,66.2994517683983,8.78818798065186,206.215441852808,130.503234475851,93.5509566962719,53.2540485858917,21.7534894943237,0.567072927951813,8.57207822799683,373.066726833582,137.936064094305,149.691333353519,157.340362131596,12.8565374314785,2.47189009189606,32.4241342842579,0,751.008828938007,225.491999089718,30.2611692249775,2.89323568344116,3.38682454824448,79.9971768558025,6.37346729636192,189.527304500341,9.78184694051743,277.215231895447,10.9481793940067,358.444875150919,13.7888465225697,6.17994385957718,3294.66936820745,33.4732761085033,3.24828594923019,13.1548550128937,5.20452785491943,363.869584351778,3879.05742174387,1725.01468554139,812.388992398977,117.818100214005,114.704685896635,5321.97513464093,646.925069779158,13.0856994390488,4.39197909832001,36.6495929062366,0,1.76151391863823,70.2923847436905,60.8242815136909
293.939394414425,284.557094633579,66557.1638236046,0,114.016622245312,91.8194583654404,5380.68892610073,1155.66578900814,210.299688488245,50.5735227167606,134.128561705351,16.4356428682804,567.070421665907,1280.94642135501,398.245293259621,10631.4805702865,8074.09006536007,225.772908121347,2119.20779174566,3.5110656619072,45206.7173211277,3605.83663779497,0,2032.96414276958,37.1978008151054,10899.9995055497,38450.8549676836,6964.36030173302,1297.62764430046,24258.9765246809,8.74468058347702,11.732940196991,139.195397347212,18698.4336260855,5830.47576868534,47029.1806059778,10268.263840884,35923.6077733934,18097.4129636884,123.91693931818,107.409870445728,29.6181882023811,850.820617288351,152.654725462198,392.794099569321,457.379623502493,59.7258746922016,4.71719527244568,1.64795887470245,0.565013527870178,109.293926566839,962.579636901617,2.91179648041725,12.7065966129303,2.2092787027359,251.853929579258,3.39226043224335,40.4556272625923,0.620073437690735,1.54676687717438,7.204634308815,1.42340123653412,8.34516444802284,20.0021281242371,10421.7106785178,80.4594665765762,1.893883228302,27.863703161478,3.72324189543724,814.236789941788,3938.5079858005,7634.66175875068,1124.49797201157,0,128.800097674131,7717.38304823637,956.782051205635,6.33911004662514,8.91857993602753,0,0,2.76575571298599,156.192507535219,1052.96899014711
109.608079046011,3146.80306425691,94.3540485501289,7081.57351484895,328.192383527756,212.249430090189,5608.23518559337,531.335997506976,31808.1081462204,501.142165452242,59.2593850791454,148.651947408915,418.221644580364,799.990395545959,622.706419974566,2790.83956605196,105.563568890095,18.1603677868843,45.1140592098236,1693.70635074377,776.506754040718,23293.3910806179,2032.96414276958,0,1013.77749624848,161.625517964363,6577.14604774117,15914.7198749781,1766.04600587487,2457.20265057683,12.6838319897652,66.6093744635582,219.049870669842,1222.23161295056,1018.37295866013,6350.05643725395,573.560354471207,1869.76389044523,1057.72567328811,723.127977788448,164.06136354804,5.5385979115963,5518.26945227385,161.494405776262,1303.25973471999,252.067595928907,993.025745719671,330.669774204493,65.1936087012291,6.4048262834549,123.254418432713,211.141577214003,665.340224832296,8.27831256389618,115.692311197519,714.230221748352,323.970766156912,4384.43098333478,482.048787266016,111.647659510374,415.318413466215,96.7934633791447,337.962175279856,355.632466316223,3055.25096955895,16.5792364180088,4.83153626322746,2.66934615373611,357.382021740079,1291.66382265091,2634.98277524114,946.083923637867,15202.6010586619,42.3481437265873,33.9701462686062,1978.0254586935,8185.26656836271,764.81489636004,85.2901573479176,3.57876074314117,78.1756024062634,194.737198412418,1003.48246949911,596.858693897724
0,5164.23425745964,0,0,0,1.67083609104156,0,0,1340.99132487178,2.1310618519783,402.06011390686,0.661219596862793,7580.81905645132,1.88408097624779,3.39047157764435,140.418005824089,0,0,0,0,10.7089926600456,2447.499147892,37.1978008151054,1013.77749624848,0,71.8145128488541,4317.65242031217,30.8075906336308,1.57878571748734,0,113.576021492481,3.0334261059761,0,81.8075329065323,1.51737523078918,10.3970530033112,43.8251601159573,82.4487565159798,9.81623136997223,5.29194959998131,7.57159578800201,675.860167860985,29.2132347524166,176.310230076313,20.4151821732521,16.0692809224129,0.544551432132721,1.56135094165802,329.570504844189,0,162.131658017635,0,2.56142866611481,0,1.46887522935867,0.88477885723114,1.55510997772217,52.7377117872238,0,1044.84363523126,0.875551670789719,2398.25634780526,2.77089542150497,0.389218240976334,4.62608736753464,0,0.493055760860443,2.08010053634644,2.65547996759415,0,35.6886675059795,1.70929175615311,34.6929707229137,1470.10939735174,127.904924571514,2102.74271270633,15.9496347904205,14.3530522584915,0,425.2253023386,0,0.60284835100174,48.1161532402039,0.544140040874481
415.848373413086,466.773011416197,34698.5349674523,24.2322623133659,6.81488087773323,280.88862401247,2961.41978341341,1954.86905062199,79.9273536205292,1234.25309866667,6637.33217778802,866.717092901468,702.921713322401,3115.88288465142,40.7489933669567,39.4585093855858,24803.2523530126,4880.97801694274,12831.6172790229,131.303061693907,1356.56364828348,41.5401141345501,10899.9995055497,161.625517964363,71.8145128488541,0,23161.0423642397,590.516471534967,3281.54658478498,4862.26370736957,693.97962141037,407.956772536039,139.543239027262,15643.0433615148,1134.55060178041,13491.2132938206,16288.5014097393,12141.1276654899,9679.19241482019,92.5644797086716,45.1350370645523,27.7340374588966,322.409311085939,444.017226368189,280.573989063501,339.415182888508,20.7207355201244,0,14.1028817296028,0,789.348464071751,314.949816972017,0.671461522579193,0.843392610549927,1.23807752132416,15.1378429830074,0.465174078941345,65.3542645275593,0,1297.21797397733,3.68070006370544,1633.48133400083,0,5.19613921642303,82.9112621545792,367.784670591354,36.1145584881306,363.879661440849,0,14.0758138000965,108.943982869387,62.971695125103,63.281340777874,245.46409252286,3975.1428412497,13501.6948317289,10.6778367459774,6.11485961079597,14.4873197674751,1256.29136133194,0,0,266.514852553606,392.060810476542
69.3732445240021,39752.6877040863,24646.0982744694,5.60874193906784,13.5854649841785,38.8295421600342,744.312643319368,249.966199010611,6137.33441606164,167.769109398127,827.625672370195,109.150211215019,5979.67658901215,397.487008869648,120.942994683981,5025.71935752034,13687.6713488996,240.541691213846,1650.67541906238,28.5003762841225,2413.16348209977,13953.4764263034,38450.8549676836,6577.14604774117,4317.65242031217,23161.0423642397,0,3042.80477502942,640.860581040382,1118.38467559218,4530.40044209361,29.7055290937424,66.437952965498,19583.8556987643,3492.29575628042,38337.8578619063,16297.6625808775,19103.8732463419,17298.8010124266,92.9655188918114,34.058395922184,58.6025920510292,2899.18839475513,2178.85971227288,2181.73877805471,2343.23610520363,50.8653866052628,6.47798866033554,113.937869280577,9.72549480199814,10003.7438057065,6607.94820949435,16.7592859268188,2.46409624814987,0.674300193786621,980.688421174884,31.598067343235,383.251186311245,21.0010001063347,3095.18748131394,8.36734482645988,5217.04079312086,63.1093265414238,12.4468773901463,4767.83935645223,2505.36032921076,192.017082810402,1456.40160307288,3.45186969637871,239.342142134905,3722.81158545613,3805.40962475538,1322.95693546534,3033.39676082134,16700.7747473121,130972.886608452,663.830341160297,24.843469530344,67.4298999905586,3405.42658403516,0.640744805335999,2.0755709707737,1687.29498496652,1056.87526458502
145.090691536665,120.028266310692,1561.98628905416,14678.7449453771,519.241096138954,3199.0519682169,89504.9251357317,1689.63902649283,7647.55942645669,15363.9461257458,185.667238533497,3283.71433401108,608.997333794832,1623.76402506232,1044.18189561367,907.425040215254,601.647494673729,79.6681345701218,197.12347048521,5233.32991984487,10187.6059229076,1059.81512799859,6964.36030173302,15914.7198749781,30.8075906336308,590.516471534967,3042.80477502942,0,2800.57329976559,39035.1144147813,8.44766694307327,273.564922511578,362.257978200912,3326.60794827342,2121.96351116896,13895.9241375327,985.503047525883,6277.82810363173,2953.16397041082,1418.06539815664,487.901625305414,35.7935426235199,4615.13074290752,113.121953010559,1192.95309358835,201.279427051544,1438.78163909912,357.728529661894,62.2953569293022,4.80141952633858,50.8947264254093,140.840610206127,2255.74265870452,13.4096251726151,249.69081518054,1058.19535249472,441.049420177937,2439.68398821354,1723.64257666469,14.5304692983627,2075.52902135253,1.58191293478012,437.081154972315,294.70170789957,1620.14091283083,10.9852650165558,0.986483633518219,3.29605162143707,1625.71696680784,802.772778064013,942.263420879841,552.878672778606,13119.3525651693,9.14700186252594,7.3154923915863,1225.36982318759,10841.3428461552,645.962673723698,37.6824857890606,0,59.412948936224,155.086821526289,973.999182105064,567.64736571908
4195.80478414893,11.748371809721,621.492177784443,75.7183012962341,19.1617116630077,583.513731241226,5188.90072900057,2845.40858313441,252.580616682768,2128.68490120769,1719.26603010297,969.320386976004,276.429315090179,19673.4200416058,80.7643992304802,13.2897934019566,2940.92063012719,796.894489377737,2044.47371089458,166.858850300312,384.221004873514,8.34267261624336,1297.62764430046,1766.04600587487,1.57878571748734,3281.54658478498,640.860581040382,2800.57329976559,0,25194.515992403,58.9437480270863,1434.82776162028,4221.38851630688,9495.81267610192,153.380670666695,1398.51400801539,277.153938949108,2458.62728381157,451.562407970428,206.567003846169,89.4480529427528,34.8943510055542,343.082285583019,3.21208488941193,101.684980511665,14.5066213607788,81.8595243394375,17.3589914441109,10.313927590847,0.284815609455109,2.61499351263046,2.45390349626541,21.6321094930172,1.72020846605301,4.64075362682343,59.3606532514095,8.32172065973282,158.708749055862,7.82369169592857,11.9101918935776,32.4123354554176,18.6974316239357,5.31497567892075,29.1020569205284,37.8593353331089,1.24695673584938,0,0.41629895567894,18.7736507952213,15.7572628259659,19.3855496644974,1.02493676543236,980.932795792818,2.39652115106583,12.6112545728683,33.4424161612988,407.152467608452,32.5217091739178,1.23723605275154,0,1.90455996990204,13.8975688815117,74.1219909787178,30.079898327589
7474.45858192444,13.0389184951782,4306.41340312362,6.08846080303192,91.4558608531952,372.747085690498,13348.9930420518,6040.14948880672,140.147089898586,295.729745239019,263.971907347441,174.94680711627,324.302415132523,15689.398478359,622.125726699829,203.383250534534,9023.20447936654,276.217967748642,2994.61794158816,40.6584390103817,46095.4677647948,32.8405565023422,24258.9765246809,2457.20265057683,0,4862.26370736957,1118.38467559218,39035.1144147813,25194.515992403,0,13.2120143771172,161.593241989613,3140.92786791921,19527.7943634987,2010.24333447218,9168.81573039293,526.681723028421,11746.9553405643,3494.89402723312,340.446196556091,302.031632721424,17.0275016725063,731.52578240633,28.635046005249,147.446498513222,35.5358771979809,129.14162710309,31.7359341084957,3.38654893636703,0,4.26599749922752,14.125156223774,5.77333328127861,6.8059201836586,4.25893318653107,40.5753155648708,18.4028956890106,147.229104548693,11.1649633646011,0.577584385871887,16.460325717926,5.30640482902527,26.4416635632515,56.2870576679707,441.938657432795,6.72831508517265,0,2.06020703911781,9.51708546280861,317.575696110725,210.852647840977,133.275305718184,1099.44375309348,1.4373619556427,16.5486850142479,163.524312287569,870.090824157,60.9930668771267,5.31236603856087,0,7.36473506689072,19.165336638689,105.571843504906,433.949643373489
0,48.1896786093712,1.87086987495422,2.97894504666328,0,12.9777961671352,27.604901432991,11.6182400882244,16.8289806246758,53.5825005471706,438.318475484848,42.5247271358967,2704.23443588614,39.8906699419022,0,2.11333549022675,3.39990139007568,1.96303445100784,0.520416617393494,6.89758238196373,1.16806748509407,24.5409852862358,8.74468058347702,12.6838319897652,113.576021492481,693.97962141037,4530.40044209361,8.44766694307327,58.9437480270863,13.2120143771172,0,26.8327990174294,0,137.245233267546,33.9322611689568,349.493939161301,1306.23754686117,248.920065879822,281.510889053345,6.68044519424438,0,9.52331483364105,30.120969414711,210.022483676672,42.7603810429573,32.29299518466,0,0,14.9565672278404,0,21.8195053339005,1.35124313831329,0,0,0,0,0,4.23024156689644,0,1147.55812138319,0,1751.02871876955,0,0,2.50015938282013,2.32254827022552,5.19406950473785,5.022232234478,0,0,4.15220078825951,0,4.34394013881683,209.257253855467,527.799798488617,2335.33801668882,0,4.75888669490814,0,1109.28731289506,0,0,19.1546139717102,13.5731446146965
