0,0,0.071379169512486,4.0519293512702e-05,0.000118998692838997,0.00688419594980315,1.1255779639371,0.250356103023255,0.00093391155282065,0.00691755257091567,0.00953596315329611,0.00377959294402286,0.00147088372462854,0.587648178058577,0.000271236928615421,0,0.0867825996200374,0.00486656310509026,0.015520439703085,0.000737286149011701,0.0235453240627313,9.43094228309395e-05,0.121084284505084,0.00143253143431261,8.77503685563801e-05,0.0321222494670548,0.0129550557525206,0.010737033984513,0.639206981669044,1.32945767338248,0,0.00245723411204576,0.00203717681602627,0.0139830747340588,0.00112600781829208,0.0102909237103993,0.00204105125037358,0.00504937594335928,0.00148715442629025,0.0013930570938088,0.000724295779906213,0,0.000177133660815955,0.000210149572370052,0.000179488239887952,0.000106191250482798,0.000148392449561209,8.73340784847738e-05,8.72980750191212e-05,0,0,0,0,0,0,3.39683603392541e-05,0,0.000630689537372738,0,0.000175747026789486,0,0.00024322798443377,8.63648695510627e-05,0,0.00027122892399028,0,0,6.81032466199994e-05,0,0.000316665314991176,0.000161994203509092,0.000111124359699488,0.000760733339106143,0,0,0.00107473952505991,0.000962196797827777,0,0,0,0,0,0,7.09110014727712e-05
0,0,0.000397055071389079,0.00138808497009873,0.00133552783309028,6.90527388980985e-05,0.000163057554764748,0.000544738896020799,0.128530134578542,0.000745451994242668,0.0323379060059178,0.00128226285674557,0.156012109720604,0.000243607820005119,0.00763905231295601,0.0145006126251781,0.000787010575571358,0.000271798290746212,0.00080492837135315,0.000250271095490306,0.00404178736482695,0.20206897046896,0.00397377405004651,0.229590331994821,0.377222637382115,0.0135777773819424,0.839246778891403,0.00464149179626078,0.000871653501561733,0.000176088856499791,0.0111184108278461,0.000268879085738063,0,0.00561169120444373,0.000677708048728406,0.00760945851990804,0.00961784480330196,0.00388303792161733,0.00194746170851156,0.00436034464607761,4.77481242635846e-05,0.0309324898105417,0.0082828811128965,0.0264478918466029,0.00379213784210905,0.00246980314296156,0.000512462401181757,0,0.0110610255884248,5.26156153798104e-05,0.248730701571127,0.00454684271463334,0.00011798232600689,0,0,0.000381399065461159,6.10951948302984e-05,0.00304130703715667,4.69232959678769e-05,0.0136970182010618,4.07911038178205e-05,0.0717728255746969,0.00165764072174281,7.76060203769803e-05,0.00391539955791191,0.00160265816844716,0.00109660620315925,0.00206466527866423,4.27496398112178e-05,0,0.011189906982286,0.0021381133993572,0.00643999638962358,0.0553573643315726,0.0127905127375865,0.47373737299064,0.00249294511645153,0.000680279000500441,0,0.00688207159663692,0.00260228296029538,0,0.00460822747120216,0.000367109124399126
0.071379169512486,0.000397055071389079,0,0.000867388389465066,0.00161706498199269,0.0136367394185188,0.157022767314545,0.47385758828861,0.000255728155747652,0.0474549696280042,0.0166518853308827,0.00180895668840125,0.0110469459137481,0.403782526060342,0.00526659750043526,0.00330981226477101,1.58744371233538,0.0290987483170553,0.150108209955403,0.00130306224818841,0.319402100696185,0.00296525898943558,4.22413843424602,0.00368311427025676,0.00024897490381509,3.56651292355884,2.26549698445759,0.0574168670755769,0.0560012918362236,0.246214354742252,0.00143129796122968,0.00372111106104434,0.00694122526096538,0.109679188768776,0.0581154485349878,0.695291811837596,0.293998743320662,0.335819948088325,0.21379797408774,0.00428840708240807,0.0113223850053942,0.000533716078644395,0.067938316129166,0.105547482728656,0.0237179304166084,0.0300917019427909,0.00194451669540241,0.000349324557300806,0.000318390869306922,0.000373846476122737,0.00503528192231268,0.124492622813606,0,0,0.000304674884649664,0.00782144896276012,0.00226963254519806,0.000278194328227639,6.62411279472709e-05,0.0010947606463781,8.15097744518518e-05,0.00197275531532675,0.00309350534144149,0.000535218613695204,0.0341061422319377,0.0171151710473817,0.000754517432950735,0.0033446308154288,0,0.00455640556768671,0.0102307574832943,0.0807768356370584,0.00455656570727557,0.000112433500033021,0.0145136203591159,0.867031421581164,0.0113982142765495,0.000567133710861057,0.00342507622255802,0,0,0,0.00330907964331359,0.0302348560219232
4.0519293512702e-05,0.00138808497009873,0.000867388389465066,0,0.0127215432567027,0.0155034755258044,0.0187650679609391,0.0188701989851917,0.298736318429118,0.721439283490764,0.00429161444648668,0.407853153826864,0.00460740252147407,0.00526503684139743,0.0600650726396997,5.78798186919093e-05,0.000348831920948476,0.000533186829186231,0.00040305307083115,2.79659492010208,0.00173066309302852,0.00276866422871947,0.000951866762170794,0.720342353618233,0.00234147091842756,0.000763285870327502,0.00414514321352258,1.09283709991217,0.00860135689318527,0.00117143572141647,6.14494007319212e-05,0.00237900523022607,0.000662863357405513,0.00613676858259395,0.0117747333359233,0.0780936876513234,0.000623785451537818,0.0061075102824679,0.00124361735180646,0.0497729823852922,0.00460051673475742,0.00070037454252854,0.0129186692048389,0.000383159728607982,0.00414268457432374,0.000477460571868568,0.0985160504028542,0.00114555925398037,0.000239074996566176,8.5041999922395e-05,7.25858416557312e-05,2.77775014737248e-05,0.226954319710136,0.00536343694984332,0.044862550816835,0.0167691620975085,0.0224012711800741,0.0786949110830493,0.1438529762663,0.000572114711526931,0.112692196851456,0.000423532386309654,0.00654782992153853,0.0231482776675628,0.00104324457902014,0,0.000130377971290052,0,0.105423006166012,0.000183110706974566,0.000387055262453258,9.579922978431e-05,0.198442089674174,3.63233483162522e-05,8.34407824650403e-05,0.00017049885503158,0.206310856099973,0.00130593014924928,0.000117838609529734,0,0.00179759501021266,8.96697537547348e-05,0.00211902638557628,0.000823953471960724
0.000118998692838997,0.00133552783309028,0.00161706498199269,0.0127215432567027,0,0.206954294688069,0.00688420455663383,0.010776677698424,0.0828776040823269,0.0381632927176715,0.000785570052822381,0.0972077334776011,0.00932802647565488,0.000936020449377894,0.176896856865364,0.0015054374783215,0.00120582579663366,0.000640496410060525,0.000289691393622458,0.0250937545635979,0.0289974388644072,0.00344510862221956,0.053491352650297,0.0624861066151793,0.00220013142585963,0.000750556194267571,0.00673759164180472,0.032923039112651,0.00159103029806033,0.0109881416302424,0,0.00866818401173535,9.32391623198988e-05,0.0597344618179577,0.181336130902046,0.116017361238829,0.00590676423641592,0.00438894855942458,0.00385461181751162,1.26379337573584,0.296139264617824,0.000318921915468872,0.0083372115469772,0.00028986015491128,0.00159306524228975,0.000510264420333505,0.0411079787622966,0.000842831802933816,0.000269446348491907,0,0,6.90390195158124e-05,0.0162217916400818,0.00283579587493106,0.00733033511243552,0.00170402757400274,0.00238848907044247,0.00482065916963473,0.0179400908015077,0.000847379837638733,0.0219065368328415,0.00106341069309473,0.000841312145915482,0.00793955894147321,0.00127429333300039,0,0,0,0.0160911926296183,0.000625573855791092,0.000373169141099453,0.000936346978606581,0.0177173617649488,0,0,0.000408963078873753,0.0202833211712363,0.000185641080501377,0,0,0.000735977323411107,0,0.000424641896744221,0.0252224196591054
0.00688419594980315,6.90527388980985e-05,0.0136367394185188,0.0155034755258044,0.206954294688069,0,0.0902686913604274,1.58799000691171,0.0175516338548458,0.850725382185839,0.0385361592368546,0.716742439882646,0.0295307376096527,0.0366556946572008,0.415798200313082,0,0.0130371503577719,0.011045864739191,0.00667210943658009,0.118426225351497,0.00968767418661761,0.00032362506147027,0.0168402220296167,0.00730808012080118,0.00015462719756335,0.0105087812857461,0.00622762512982816,0.0471361682255124,0.0313616346732253,0.0220348735602869,0.00142613150108173,0.0301855215123017,0.00081340436235249,0.0254297405753816,0.747385132289086,0.187988436831593,0.00353974212580562,0.0151990602883949,0.00734614810071006,0.619695239060654,0.0332739623447635,0.00641057000971705,0.0132386803911839,0.00111890558452904,0.00313552637449891,0.00216997494235918,0.0397111558070916,0.00241738353681281,0.000963719716173262,0,9.31879921960834e-05,2.83644883178174e-05,0.0129929283154911,0.00179618175770983,0.00787256297241866,0.00420960233596027,0.00286065353697434,0.00537351822256789,0.015108271297223,0.00154627931361958,0.0158386084824565,0.0024741773930417,0.00130846513225064,0.00659008490029812,0.00187738957192794,0,0,0,0.0112074684855116,0.00183196235031187,0.000596700583090782,0.000261837704473585,0.0383840170565799,0.00013216724539578,2.53055294936895e-05,0.000399879110573679,0.0441227038445042,0.000226904239119887,0.000205194062594026,0,0.000551961149596721,0.000127218007974624,0.000903015375045392,0.0486623891008957
1.1255779639371,0.000163057554764748,0.157022767314545,0.0187650679609391,0.00688420455663383,0.0902686913604274,0,1.3729537999902,0.0354859381574464,4.11246791113206,0.0830823625074473,0.0223569760677089,0.0447411496980827,1.78361147027358,0.0505370289279601,0.000541371285790205,0.0214745289586096,0.032919304330513,0.0217429964480097,0.0115538593452198,0.438668386676651,0.000941187625729145,0.352293662163195,0.20778589763507,0.000293105041599572,0.0433966542487512,0.0290557191373953,8.534979515433,0.253862545063401,1.10106058696177,0.00237405080838516,0.0337423830828116,0.0249589379533205,0.141189256705238,0.11242541077198,0.599824742072336,0.0162745292702353,0.1046369293089,0.0326042865036777,0.0556341087421492,0.0612794692957708,0.00600439510038569,0.0502376970884628,0.00309341030944139,0.0176984923530612,0.00509422922096163,0.0330579646874372,0.0061297613585271,0.00159485926217169,0.000259517520507574,0.000199182001776397,0.000523557475788892,0.00575761844258756,0.000402023906511665,0.0100388297362469,0.0191347555882226,0.0198773369727185,0.0105627530779255,0.0141829431882009,0.00468224698335036,0.00633439705762699,0.00232024206521571,0.0139864058625288,0.00410657891959458,0.00475900157182455,4.41227576687932e-05,0,0,0.00622745475026682,0.00619454402394787,0.0020832844580397,0.00398931480176345,0.118998647953619,6.00722929528356e-05,0,0.00755760693980246,0.15993461652818,0.00487930020339548,0.000790781296741516,0,0.00088705488358557,0.000110284186314344,0.00420364328657806,0.0122070744156873
0.250356103023255,0.000544738896020799,0.47385758828861,0.0188701989851917,0.010776677698424,1.58799000691171,1.3729537999902,0,0.0433438856855541,0.838119689789509,0.0914404182048563,0.4470878635145,0.0787564443588704,1.74854346907369,0.028475272428906,0.000384968290638626,0.567346121616119,0.0435138784549762,0.174477055641808,0.1276190935309,0.119796207730492,0.00135279108596563,0.538702861383088,0.0356388015569246,0.000423665012787581,0.298095064186748,0.084764502551674,0.228828631739128,0.357239882375965,0.806819313880551,0.00233046560466334,0.0690115634855365,0.00576319431081206,0.101592817005015,0.0353146098968613,0.374401266624805,0.0232596011739099,0.0535625636492595,0.024552501374528,0.172023388026428,0.0188363688756328,0.00963082041465428,0.0510884769587813,0.00361874739183053,0.0146905164436489,0.00651624310321912,0.044879804930064,0.00653006144794971,0.00398464804582879,0.000127564224120379,0.000188436974630952,0.000808608754256963,0.00254539670144945,0.000211466489333213,0.00628057416138813,0.023560442395758,0.00683599694458321,0.0153788731393753,0.00409784320948705,0.00731162979040682,0.00619418215541437,0.0098324895401996,0.00181175230497107,0.00349771190105945,0.009290658761666,0,0,0,0.00320454600200489,0.011221354872034,0.00332013618915692,0.00432077018828243,0.197421618959972,0.000215714908193052,0,0.00818329074147418,0.222108392397316,0.00173080584548116,0.00126269252468988,9.49724437010287e-05,0.00130481624246642,0.000494804054383039,0.00335122458202049,0.00292035089378118
0.00093391155282065,0.128530134578542,0.000255728155747652,0.298736318429118,0.0828776040823269,0.0175516338548458,0.0354859381574464,0.0433438856855541,0,0.131776239987121,0.0277738020903688,0.215304748953057,0.0811308035163202,0.0133454857847592,0.32294201185836,0.0109503730357048,0.00156759230213285,0.00480645048171341,0.00190550818443045,0.122157859491009,0.0141151726985566,0.625546145164172,0.00962458889824079,2.43109316924986,0.181652546599122,0.00447265972722277,0.30179976188785,0.487446298026992,0.0195776243931025,0.00356767591820479,0.00582609177301422,0.0117164557071875,0.00195044389728069,0.0165991083467208,0.01533184276234,0.102805825163444,0.00651363985043034,0.0119574381761863,0.00443383049507186,0.164084604926431,0.00922548535654052,0.0117927507409629,0.063129322144358,0.00788081260847956,0.015973394471945,0.00516325602536991,0.0233901875826648,0.00646789479315371,0.00340909479020581,7.8641462007761e-05,0.0074355787069954,0.000178092600038648,0.0549838443921132,0.00109898566100269,0.022063373810021,0.0224183855816167,0.0334414577058365,0.28571640364507,0.0533592840724385,0.0141371506954661,0.0258110370924254,0.0145041629614228,0.0259684704934807,0.00795131751524537,0.0598053111813388,0.000609337318761647,0.00999138276431995,0.000954076950691939,0.0321854884640599,0.0173935205562958,0.12308844209123,0.0157631739384492,0.713119661237684,0.00597548625790685,0.00675312953118667,0.0263290080114609,0.283158925964365,0.00955576732696909,0.00269629191477627,0.00149921733194515,0.00422809317120835,0.00102146515876949,0.0100064984853111,0.00895361705630197
0.00691755257091567,0.000745451994242668,0.0474549696280042,0.721439283490764,0.0381632927176715,0.850725382185839,4.11246791113206,0.838119689789509,0.131776239987121,0,0.1692305643298,0.94529422156006,0.0875295825719458,0.151792664263147,0.153255405197352,0.000153953951590061,0.0131299915514425,0.0582633132269745,0.0303224150948079,1.07874299338707,0.0778883824334812,0.000515190521166324,0.0723176827954335,0.069646409331581,0.000401020114127845,0.042245167072972,0.0245355669209236,1.8455498976746,0.267566355483803,0.0378040098020108,0.00390257495145857,0.077254219495959,0.0121375387327245,0.149608317093171,0.500591824144534,1.20130576374806,0.0173256579341596,0.0846699073240743,0.0276736780285321,0.197457074844831,0.102716413327138,0.0125885097349135,0.0221712096863246,0.00316566534943074,0.00952152386030254,0.00243319681751639,0.133243438075036,0.00292629868216753,0.00284137533408493,0,0.000203979369402527,0.000178960901131332,0.137902308145431,0.00777575468900621,0.0552198770115726,0.0288144216083334,0.0279713058196384,0.0648316834280096,0.151879536174897,0.00356681777778179,0.0639747631056601,0.00375951189457924,0.00466653548034027,0.0280833236466746,0.00147425014779553,0,0,0,0.0935295479425161,0.000493566730158478,0.00117911659292698,0.00113578885066211,0.256765830683717,0.000272800187297762,0,0.00215140266810447,0.291514420382464,0.000536461917845607,0.000145401681221724,0,0.00113045827587306,0.000182747708376348,0.00189399325856089,0.0338501288860176
0.00953596315329611,0.0323379060059178,0.0166518853308827,0.00429161444648668,0.000785570052822381,0.0385361592368546,0.0830823625074473,0.0914404182048563,0.0277738020903688,0.1692305643298,0,0.120592528713561,0.752391457427905,0.129284675685853,0.00597543224527374,0.00230717716883719,0.0874664682909652,1.71358514927963,0.197478031245881,0.0480243426785955,0.0172136471625933,0.0155289784820666,0.0574672823136773,0.0208165124116401,0.0505219394239749,0.280678085352837,0.115648824067,0.0414253162601081,0.299143214560131,0.0578864412478912,0.0358604045806344,0.181149966886571,0.00600858190097943,1.00753823775212,0.0228532377122878,0.273321933180666,0.8769341141249,0.61116931220113,0.082808890367803,0.0143653583552059,0.00698855336544811,0.240797318758027,0.00926084838031349,0.170048529871294,0.00987693558807384,0.00316801285816357,0.00721576014222518,0.000415949743692875,0.0713271492033084,0,0.0232094806571856,0.000370439712618888,3.09264317888022e-05,0,0.00028450197779566,0.00083712213355884,0.00047701039720267,0.018276563400328,0.000385402897175998,0.110410390882256,0.00138540608971074,0.439940270258143,0.0050034782753022,0.00087171890405774,0.00294813636518508,3.08912833063305e-05,0.00580963076944396,0.000107076824713945,0.000187415113602579,0.000510840731039792,0.00875763348712776,0.000366067103115171,0.0288041468938055,0.0503877803180674,0.0878045818354611,0.280009170228699,0.0114211517925833,0.00221209121806473,0,0.170693069504251,0.0134872998871645,0.000109528123448491,0.0213162110638235,0.00907920524577321
0.00377959294402286,0.00128226285674557,0.00180895668840125,0.407853153826864,0.0972077334776011,0.716742439882646,0.0223569760677089,0.4470878635145,0.215304748953057,0.94529422156006,0.120592528713561,0,0.0631513136871749,0.0641399909323834,0.48586052521381,0.000197584962584674,0.00628638628253028,0.0366760404044809,0.0197657914532607,1.53228692184138,0.00153047089021176,0.00224450121666878,0.00339643699468836,0.140401516871143,0.00222061774476558,0.0293180780693545,0.0148099785324155,0.159913809094939,0.103604478136682,0.00986795053761052,0.00315288050589085,0.05416167000385,0.000394920289906263,0.0818336886835031,1.57501673602504,0.515443634141648,0.0115313696520285,0.0407835989018486,0.0136308983890323,0.376401325431496,0.0382446445333612,0.0110313940745102,0.0286189918650469,0.00299841061779812,0.00918808699698064,0.00330357824536324,0.149349045059399,0.00335471253423154,0.00314773379461527,3.84264309878647e-05,0.000139086785361468,9.45060045289994e-05,0.167647706731705,0.00894185937964261,0.0593972162176918,0.0242360159504762,0.0291920818273887,0.0434876374722761,0.140443644204631,0.00545895339579925,0.264302590107675,0.00408472698933557,0.0128708504366606,0.0319647713912695,0.00112775191211268,4.19991330969334e-05,0.00100857584124133,8.80912491114436e-05,0.121123405539277,0.000872140794888735,0.000743854191761612,0.000648959824133367,0.185945183523712,0.000187042117896676,0.000442691426847577,0.00203053498203233,0.210979585965276,0.00191721390041635,0.000170502297268212,5.00608512893319e-05,0.00322915893812329,0,0.00375877904016987,0.126335436501407
0.00147088372462854,0.156012109720604,0.0110469459137481,0.00460740252147407,0.00932802647565488,0.0295307376096527,0.0447411496980827,0.0787564443588704,0.0811308035163202,0.0875295825719458,0.752391457427905,0.0631513136871749,0,0.0260341736635325,0.0115080358649206,0.0216250325673357,0.00456612651828214,0.0101661273840461,0.00662963826850817,0.0275033737998892,0.0838902972623546,0.0840660327258062,0.0923954772040989,0.110893219821648,0.714398512575236,0.0159819342496461,0.131746070584701,0.110431435034318,0.0593515798225819,0.0488864475322157,0.0949003560568337,0.123190794179759,0.00269024036364853,0.178437730883621,0.0424316180220416,0.533234594462201,0.742082640919451,0.266157412889232,0.153665328484293,0.22708240660654,0.0777875370706601,0.349619902306646,0.0548683244920133,0.305065714419996,0.0400010972795771,0.0219545203946909,0.0898410990356812,0.0248326490568075,0.0492562124450223,0.000382970420462489,0.0311106454984263,0.000619691155167818,0.00319494874145448,0.000682915297769606,0.00544672344873473,0.0134327673325818,0.0139740004084821,0.0115879366551984,0.00843286226494388,0.274405661208339,0.00844238092651872,1.12534543498419,0.012047589684464,0.00199922266287819,0.0216662163884714,0.000264522572222054,0.0154794160934062,0.000419131242671609,0.00344844143835202,0.0128082539062342,0.00812631120024592,0.0186973013496968,0.0485846284995596,0.213977480133582,0.181096274391376,0.775217540257298,0.0583481368493232,0.00403143530282065,0.002346211497823,0.466331195655912,0.0263496093194092,0.000130509430530071,0.018055624247515,0.0148866962277459
0.587648178058577,0.000243607820005119,0.403782526060342,0.00526503684139743,0.000936020449377894,0.0366556946572008,1.78361147027358,1.74854346907369,0.0133454857847592,0.151792664263147,0.129284675685853,0.0641399909323834,0.0260341736635325,0,0.00650342829066008,0.000412379715574682,0.503286431348408,0.0577096326541588,0.141923741708789,0.0236222532486838,0.104435914314878,0.000785835243822933,0.554521067969413,0.0199686960790664,0.000634612063904405,0.243432398365102,0.077553020519768,0.101059579781385,1.86541961509049,1.56897681522112,0.00245801616640031,0.0427885102510798,0.0116857925903927,0.126874346300533,0.012396835568443,0.102452490519421,0.0180318176324043,0.0375767548686158,0.0122900837562919,0.0148927456228291,0.00636051558443174,0.00384483492375582,0.0156989610139944,0.00215060337035,0.00400117795856521,0.00173422395424008,0.013832369651644,0.00183118484347656,0.00141673277258232,0,7.13459276995063e-05,0.000338252314461916,0.000584261405533552,4.05812488156557e-05,0.00164213974533037,0.00634910361092821,0.00186566917253524,0.00467443576531708,0.000571837414460182,0.00277703850398064,0.000756718261264711,0.00283532248685226,0.000788716673443764,0.00060247784817949,0.00543154912298337,9.88646146124601e-05,0,0,0.000186113142736703,0.0052057159993577,0.0028282306392762,0.00261043532405242,0.0600555610459858,0.00016726165823549,0,0.00758966439042881,0.0609681771932082,0.000784308610637486,0.000231098960079551,0.000143154537601471,0.000156364577907323,4.65193226104974e-05,0.000929902851419003,0.000994770658295305
0.000271236928615421,0.00763905231295601,0.00526659750043526,0.0600650726396997,0.176896856865364,0.415798200313082,0.0505370289279601,0.028475272428906,0.32294201185836,0.153255405197352,0.00597543224527374,0.48586052521381,0.0115080358649206,0.00650342829066008,0,0.00231252521502167,0.00372932906768397,0.00202330393080339,0.00209446624281064,0.102823572381408,0.0643482099750352,0.0168511682479347,0.0512604786041196,0.300087846900704,0.00635431377930328,0.00330389592737466,0.0273933087222211,0.204106717239079,0.0098019188285001,0.0590801683088792,0.000476230954883695,0.0186514908081431,0.000581486085520983,0.00539096051387772,0.218865955268053,0.0745613607103853,0.00756290800404161,0.00685901009317264,0.00731219766280085,0.212585252242113,0.0110071730329433,0.000962117150568513,0.0171917978443699,0.0015447103401801,0.00388530760953322,0.00372647769629791,0.0730243853163041,0.00150325161097408,0.000620216533658654,0,0,0.000161318484280109,0.0505045745197949,0.00637723341999307,0.01884274590151,0.00591746268804282,0.00956452917725798,0.0129014037785715,0.0454884147622238,0.00136439609236747,0.0575264341168686,0.0013181720784694,0.0032077416689223,0.0182068923028986,0.00354364543132409,0,0.000122800604786873,6.16023807659745e-05,0.0370939260456995,0.00430078261452168,0.00177917895005882,0.002441677157778,0.059432893580368,0.000215916396751106,0.000923965399655403,0.00160916087809101,0.0599818443614456,0.00117978213166058,0.000570376622414291,0,0.00231497805272594,0.000129956610796452,0.00160816409161285,0.0913933670604038
0,0.0145006126251781,0.00330981226477101,5.78798186919093e-05,0.0015054374783215,0,0.000541371285790205,0.000384968290638626,0.0109503730357048,0.000153953951590061,0.00230717716883719,0.000197584962584674,0.0216250325673357,0.000412379715574682,0.00231252521502167,0,0.0041511706516464,0.00138900975955844,0.00307549629541129,0,0.662969535273651,0.908723577269221,1.09482816086843,0.176976574766065,0.013122746451229,0.00198242344778732,1.33779279678049,0.0635929423104517,0.00088668916391045,0.00461782741317808,0.000331672809980959,0,0.000165378192243576,0.0057646919662632,0.018055745377567,0.217027745907546,0.0512776071017328,0.0488564184362527,0.0460670030569675,0.00136833680649787,0.00341485618482411,0.000373776508760006,0.0556174059394226,0.0153251371366879,0.0199552468640308,0.0152925553335506,0.0150061836587095,0.00160327753065437,0.000802384154533446,0.000257838695359528,0.00590153666107893,0.00525213901864528,0.000138085577752889,0.000279505411479473,0.000517075241133571,0.00449479602736592,0.00122825709819093,0.00680840307862743,0.000717897685508728,0.00259435571484894,0.000286664292215109,0.00529873355251536,0.00205011971745685,0.00206768608293459,0.651776504509947,0.00424269076495737,0.000145426146131754,0.000424847518960088,0.000572609419664592,0.0560824971994899,0.222542600626523,0.432383745784046,0.0724998841670792,0.000853969594483223,0.00204129777300224,0.279092098612951,0.0611346924189101,0.00197251798190862,0.00403095458914683,0,0.000952188196195361,0.00057291778112024,0.00428386263863251,0.0100239949652072
0.0867825996200374,0.000787010575571358,1.58744371233538,0.000348831920948476,0.00120582579663366,0.0130371503577719,0.0214745289586096,0.567346121616119,0.00156759230213285,0.0131299915514425,0.0874664682909652,0.00628638628253028,0.00456612651828214,0.503286431348408,0.00372932906768397,0.0041511706516464,0,0.111004469303799,0.816812815317975,0.00173796820562661,0.110921646939342,0.000592628090030998,1.78049016230159,0.00493070257038146,0.000263168345775455,0.264966694407495,1.31755018753172,0.0251984672631667,0.379135886083666,0.449426796938258,0.00159080185151085,0.00745381570641085,0.0483310187864423,0.676811443462131,0.0199050180444805,0.248530741740348,0.109877688379977,0.212101169691687,0.0829955788993511,0.00397995091940462,0.00883803774602295,0.00093275687201381,0.00339042857932076,0.0139565413347198,0.00154843070903644,0.00142768821232766,0.000320597360335589,0,0,0,0.00261178519875854,0.014777797401657,0,0,0,0.000837417130016533,0,8.25631285998225e-05,0,0.00015471939201057,0.000182760867682695,0.000429519912827313,0.000108039565514028,0.00035565360870868,0.00153084109297261,0.00257704508847073,0.000235334588886648,0.000307736073864698,0,0.000418541539707035,0.00160610166153282,0.00609973004456431,0.000844366832301913,5.62434453174472e-05,0.00339504299293727,0.0968094346336791,0.000784681026441753,0,4.97934670710564e-05,6.78242792382836e-05,0,0,0.000259527316880077,0.00800173294912457
0.00486656310509026,0.000271798290746212,0.0290987483170553,0.000533186829186231,0.000640496410060525,0.011045864739191,0.032919304330513,0.0435138784549762,0.00480645048171341,0.0582633132269745,1.71358514927963,0.0366760404044809,0.0101661273840461,0.0577096326541588,0.00202330393080339,0.00138900975955844,0.111004469303799,0,0.750220791163494,0.0162448171351241,0.0157167569858248,0,0.0626706813780051,0.00368834642780796,0.00086439321486443,0.421907551547812,0.127316316805562,0.0153633191242671,0.0965807762986746,0.0346939851793629,0.0104448400600768,0.0292438535049792,0.00642802921234637,0.236385994218173,0.0374064015490692,0.395950677952023,0.344330007773466,0.402055062634065,0.17156919446872,0.00358307869050563,0.00508499377194584,0.000877020939756037,0.00164900985239893,0.00435068983648539,0.000700256795236171,0.000419268233281076,0.000381045935103596,0,7.52194773250819e-05,0,0.00124468059402078,0.000550564354900569,0,0,0,0,0,0.00151222568543598,5.49755473899841e-05,0.000494229252907932,0.000226734719498157,0.000830057558707148,0,0.000121404761724174,4.99131795856357e-05,9.12279048418997e-05,0.00034564714329511,0.00042200643463254,0,0,0.000733992002901137,0.000202789133686423,0.000419253549874276,0.00109964075655043,0.00786378250084385,0.0393207072526956,0,0,0,0.00140859670059175,0,0,0.00011998140555054,0.0188883992996332
0.015520439703085,0.00080492837135315,0.150108209955403,0.00040305307083115,0.000289691393622458,0.00667210943658009,0.0217429964480097,0.174477055641808,0.00190550818443045,0.0303224150948079,0.197478031245881,0.0197657914532607,0.00662963826850817,0.141923741708789,0.00209446624281064,0.00307549629541129,0.816812815317975,0.750220791163494,0,0.00791322175705686,0.0514654994149044,0.000135977362703979,0.205758556751247,0.00277799906147584,0.000475123786359578,0.647522274929155,0.300027054899019,0.0186962143686886,0.173451508369559,0.0980240982650639,0.00416009869084,0.0106400686097125,0.0235465281120017,0.463507630773851,0.0340974950014374,0.47035627937542,0.208476464147586,0.262030455908951,0.172243082507118,0.0026829351618348,0.00703221542348414,0.000567966883296967,0.00168159173483908,0.00520799682683706,0.00023410143301487,0.00089112329503,0,8.53899409037829e-05,6.14627682080865e-05,0,0.0012703442152527,0.00351307543582782,0,0,0,0,0,0.000905427047168162,0,4.59020842310787e-05,0.000409310960378051,0.000208817382185608,0,0.000328984234827161,0.000335345624424964,0.000433678464281112,0.000157669753101468,0.000523564538693428,0,4.11232883265614e-05,0.00022585686737597,0.00106105770503491,0.000781657689438611,0.000362310398712755,0.00472150334527269,0.0387067017505491,5.95644725948572e-05,0,7.46639761659503e-05,0.000347661709186286,5.67872493153811e-05,0,7.51954039725662e-05,0.0212309079371685
0.000737286149011701,0.000250271095490306,0.00130306224818841,2.79659492010208,0.0250937545635979,0.118426225351497,0.0115538593452198,0.1276190935309,0.122157859491009,1.07874299338707,0.0480243426785955,1.53228692184138,0.0275033737998892,0.0236222532486838,0.102823572381408,0,0.00173796820562661,0.0162448171351241,0.00791322175705686,0,0.00118961590781912,0.00138579605869144,0.00141146176905617,0.159085405802298,0.000249657046569884,0.00931054284281042,0.00627294491103604,0.784709690523612,0.0438637039184232,0.00383498244700864,0.00121246226282016,0.0209027749508565,0.000525448473067432,0.0292384872042842,0.0242915256640972,0.311930140568928,0.00506246512373835,0.0141725580742796,0.00523622938009813,0.117579369673068,0.017902379243022,0.00430618674512461,0.026085461472685,0.00161400327978775,0.00703349463444993,0.00139164133583352,0.136981235121659,0.00241985846777812,0.00115831681488305,0,4.16390240940452e-05,0,0.201785177361437,0.0100244123779088,0.0603590306496936,0.0278855047929085,0.0342080934126573,0.0478181588626892,0.186158217224476,0.00251954586616129,0.123432581748006,0.00155781929421365,0.00962545033716408,0.0290753366744355,0.000518511828481704,0,0,5.27492455336452e-05,0.120748880181727,0.000575595325751901,0.000639196994231344,0.000188836011389792,0.204125366917811,0,0,0.00014169665993303,0.272022744975268,0.00207895043677688,0.000267783517724871,3.13270471687615e-05,0.00300680269653514,0,0.00274965734544918,0.00127593671228051
0.0235453240627313,0.00404178736482695,0.319402100696185,0.00173066309302852,0.0289974388644072,0.00968767418661761,0.438668386676651,0.119796207730492,0.0141151726985566,0.0778883824334812,0.0172136471625933,0.00153047089021176,0.0838902972623546,0.104435914314878,0.0643482099750352,0.662969535273651,0.110921646939342,0.0157167569858248,0.0514654994149044,0.00118961590781912,0,0.0930156131264742,5.42775038047549,0.0769738600306283,0.00398503354163662,0.0435159552735558,0.386180790726398,0.724728967047594,0.0429207011534885,2.32002781207597,0.000634763695791065,0.00316366011896461,0.0262477088553005,0.808151280457154,0.343347459025394,1.78345620216328,0.161185738701787,1.27890201203901,0.535896977099692,0.0125404548030334,0.0321100312245861,0.00106494092464417,0.0863908877053201,0.00809569959804639,0.017191453695053,0.0112345834939743,0.0263831812599816,0.00514429384408981,0.00301444049424082,0.000512499807315469,0.00180241499152436,0.00357508467211187,0.000250996267442107,0.000202349865632057,0.00110184277936265,0.00394320596029535,0.0034256443923375,0.00801344842926622,0.000844120879662034,0.00745162380213872,0.00121573364903063,0.0119152555835246,0.00758739186000362,0.00522005213925004,0.255687448798962,0.00131500918095082,0,0.00024541972514391,0.000209654854319542,0.099011557612752,0.0959808860087668,0.11544407664762,0.11469204720829,0.000647422621373236,0.000130502870702595,0.0802323951276896,0.118159632929428,0.00941912458661522,0.00947496750576838,0,0.00145711102360874,0.00192070597141594,0.00431176307677477,0.0836427989987517
9.43094228309395e-05,0.20206897046896,0.00296525898943558,0.00276866422871947,0.00344510862221956,0.00032362506147027,0.000941187625729145,0.00135279108596563,0.625546145164172,0.000515190521166324,0.0155289784820666,0.00224450121666878,0.0840660327258062,0.000785835243822933,0.0168511682479347,0.908723577269221,0.000592628090030998,0,0.000135977362703979,0.00138579605869144,0.0930156131264742,0,0.20199781101681,1.2877716125424,0.18583390372807,0.000626643858568072,1.40449348171392,0.0729489412138326,0.00192458780570462,0.002786822589508,0.00510920858576566,0.000431048642580211,0.000265112163667083,0.00344054042230264,0.00130290557809651,0.0116622558847983,0.00533816437809259,0.00278433103717402,0.00213324460965783,0.00791541351263627,0.000385541625012159,0.0106848665042305,0.0259631883801297,0.0130075109631428,0.00689369259494156,0.00754652467259556,0.00225174597241074,0.000363016753599942,0.00356614871503055,8.9687398625016e-05,0.0123847816834802,0.00366458363492206,0.00047927953247726,0,0.000430528307251036,0.00171207685157031,0.000496318098250926,0.0069784363767305,0.00151781433380037,0.00469329153712526,0.00067611459798783,0.0216503388799444,0.00076787126655832,0.000615995645257235,0.325049706457943,0.00215537260283395,0.000286039795152396,0.000687761035139858,0.000644192544480562,0.0146124852042021,0.339052657176826,0.0938352642016367,0.0591940937074765,0.00671487922921225,0.00211125784483388,0.265245751904438,0.0410658115196806,0.0010220951153335,0.000864212315292654,0.00122603662756771,0.00111654063166112,0,0.00194671906764254,0.0014078251984644
0.121084284505084,0.00397377405004651,4.22413843424602,0.000951866762170794,0.053491352650297,0.0168402220296167,0.352293662163195,0.538702861383088,0.00962458889824079,0.0723176827954335,0.0574672823136773,0.00339643699468836,0.0923954772040989,0.554521067969413,0.0512604786041196,1.09482816086843,1.78049016230159,0.0626706813780051,0.205758556751247,0.00141146176905617,5.42775038047549,0.20199781101681,0,0.1067184920712,0.00510499403415263,0.500819527963924,3.14663098226268,0.750622549425492,0.137608183807752,1.48528508842082,0.00284658163892731,0.00548300196371555,0.0227836122883077,1.295690242047,0.434965910303633,4.25240229252791,1.12130121883023,2.02248707773132,1.53492256911267,0.0320117969457041,0.0678749617763431,0.00335683502130404,0.128570266083901,0.0653248607492633,0.0363609016136338,0.039241409654291,0.0404713085184459,0.00297965529288352,0.00242552610667556,0.000136080788408518,0.00364635892248228,0.024613112730659,0.000163326743121445,0.000268280498383045,0.00151720250040158,0.0131197756473664,0.00502290552778125,0.00875897568681093,0.0025388744585377,0.00659314182698831,0.00117700204604611,0.0101928772799958,0.00490261671240851,0.0080463241087094,0.961984453610231,0.0116844451492909,0.000689555612619519,0.00138133535122513,0.000646304204244316,0.0876202566682473,0.187456095516338,0.801104298285836,0.0705121772330112,0.000369516737210452,0.0032375016682224,0.685369365341161,0.0917720508702794,0.00283369685404912,0.00794581183990091,0,0.00232073077608004,0.000572782339393348,0.00888109726643382,0.225210802708275
0.00143253143431261,0.229590331994821,0.00368311427025676,0.720342353618233,0.0624861066151793,0.00730808012080118,0.20778589763507,0.0356388015569246,2.43109316924986,0.069646409331581,0.0208165124116401,0.140401516871143,0.110893219821648,0.0199686960790664,0.300087846900704,0.176976574766065,0.00493070257038146,0.00368834642780796,0.00277799906147584,0.159085405802298,0.0769738600306283,1.2877716125424,0.1067184920712,0,0.215923227147304,0.00391695645502374,0.950036363371588,0.996233045164862,0.0668542135321226,0.0445451988760033,0.00527404491445139,0.00666493524297178,0.0182590077233791,0.0272328046998754,0.0750083672175204,0.363730574378695,0.0267533215351866,0.0475509806234922,0.0241464118519951,0.150152323429689,0.0172153884411649,0.0119118156268476,0.293799112217285,0.0207187935587491,0.0939512946902574,0.0282744635874371,0.139797811167987,0.028813769647724,0.00658280775184557,0.000225847212261557,0.014687251069581,0.0070319059170945,0.09766181108472,0.00564724745689378,0.0840808482436159,0.0903633387296107,0.143956313905093,0.235164508049003,0.140797967281079,0.0226135815923273,0.06510092488288,0.0211166285011879,0.100046070429457,0.0313704279745042,0.25217188279465,0.00167012992448986,0.00189613466678291,0.000539158787575364,0.0662006279342485,0.102348964353119,0.212829650185532,0.108776820219485,1.50123905299231,0.00642944032863036,0.00196970479233667,0.185904436802195,1.02747711846119,0.0424104927680092,0.0118290028679411,0.000393098528917879,0.0171943229888691,0.00406184026673734,0.0325477868632696,0.0262648695746277
8.77503685563801e-05,0.377222637382115,0.00024897490381509,0.00234147091842756,0.00220013142585963,0.00015462719756335,0.000293105041599572,0.000423665012787581,0.181652546599122,0.000401020114127845,0.0505219394239749,0.00222061774476558,0.714398512575236,0.000634612063904405,0.00635431377930328,0.013122746451229,0.000263168345775455,0.00086439321486443,0.000475123786359578,0.000249657046569884,0.00398503354163662,0.18583390372807,0.00510499403415263,0.215923227147304,0,0.0103506252479499,0.919223835941368,0.00577838448720813,0.000378509574216307,7.31041151124239e-05,0.0581914883079585,0.000224995257456005,0,0.00836724942572386,0.000357750577630997,0.00465096045990616,0.0179066017199574,0.00505253360689386,0.00237741704568625,0.00433386500907228,0,0.0386505281065541,0.0119018487508726,0.0449272101242912,0.00713331539286182,0.00251475706819266,0.000865039795275329,8.97231740951537e-05,0.0320392898319506,0,0.114612826927626,0.00139658140139162,0.000248929837527722,0,2.82148142187297e-05,0,0.000453916042558551,0.00877766196873589,0.000161791304848343,0.0342847645151216,6.9431816136539e-05,0.222279879887986,0.00188328140476287,0.00025361904854238,0.00152836509389788,0.00221191749043882,0.00433986909748152,0.00279424798213124,0.000102365096663982,0.000436955416556001,0.00452224789672374,0.000679661700165719,0.00748425394775987,0.179750172505473,0.0555869763569467,0.632114499303914,0.00142507527716413,0.000758749381612837,0.000175949080379903,0.0396912556150901,0.00513317110767901,0,0.0102112932955419,0.00032602976486057
0.0321222494670548,0.0135777773819424,3.56651292355884,0.000763285870327502,0.000750556194267571,0.0105087812857461,0.0433966542487512,0.298095064186748,0.00447265972722277,0.042245167072972,0.280678085352837,0.0293180780693545,0.0159819342496461,0.243432398365102,0.00330389592737466,0.00198242344778732,0.264966694407495,0.421907551547812,0.647522274929155,0.00931054284281042,0.0435159552735558,0.000626643858568072,0.500819527963924,0.00391695645502374,0.0103506252479499,0,1.44431186281541,0.0204522284738378,0.0962133336763147,0.0843687550519097,0.124099988148998,0.0168536995631822,0.00869218105266523,0.229217508704331,0.0676508774377936,1.06026743426721,1.38923224465962,0.46853154097626,0.274581800070203,0.00472600561731264,0.00879836777297632,0.00127729111220196,0.0513279444322789,0.19227816791865,0.0180168860698338,0.0185114427986475,0.000315441259114295,0.000172138437690735,0.000193428331745267,8.11794733843208e-05,0.0599174313312751,0.121040711843594,0,0,0.000226031809325814,0.00231378262763366,0,0.00227738080673069,8.32830145251752e-05,0.00840714381326886,0.000536396904428899,0.0262296073149594,0.000628692214881479,0.000894140235767659,0.00290618543083563,0.0264774009393171,0.0137763367403588,0.0242955517798954,0,0.00104577779257804,0.0039062896328181,0.0127829666510766,0.00213361157835185,0.0273880779252083,0.341644691788293,1.99071520571476,0.00279377516404122,0.00022593023732394,0.00107574406586379,0.050913914946115,6.84703937453032e-05,0,0.0056940766105397,0.0329761601544359
