0,0.661905825138092,376.649901628494,9.66719943284988,1.9181147813797,55.5687908828259,6347.91014692187,2717.31884339452,25.4614471197128,16.739409506321,24.0084685981274,7.39798134565353,3.63453638553619,18524.9042271972,11.4655998945236,0.524086475372314,283.298085391521,10.3613339662552,26.2384833395481,2.81516170501709,202.19452726841,1.12882414460182,765.342083752155,41.3720317184925,3.01950263977051,63.5225308835506,78.2195531129837,276.44145783782,16173.7183487713,6806.16417512298,0,11.7278426885605,167.5973110497,335.796068906784,43.8306811153889,157.253029420972,12.9383328258991,135.065736591816,61.6982698738575,14.1861171424389,9.8172801733017,1.54879641532898,13.266249448061,0,1.3101778626442,0.378477096557617,2.36913892626762,0,0,0,0,2.24379846453667,1.73708289861679,0,0,1.393530189991,0,10.0193758010864,1.1163002550602,0,0.443770170211792,0,2.50587671995163,0.763772368431091,3.78462845087051,0,0,0,0,1.73107945919037,2.71293026208878,0.970211654901505,52.716274023056,0,0.387439459562302,20.1301246285439,14.1764847040176,2.54846557974815,0,0,0,0,1.25349098443985,6.25478368997574
0.661905825138092,0,17.6383644044399,0,0,0.462010592222214,3.20203632116318,2.20838482677937,1366.18347680569,2.63367965817451,37.5070489943027,4.3914310336113,637.046683609486,7.85105487704277,1.17765778303146,893.094684541225,6.13170194625854,54.0547552406788,73.7210640907288,0.850057303905487,105.861470997334,1457.64578655362,119.813967972994,2973.40638780594,2280.54467740655,382.765790879726,13930.1250188053,345.123363405466,11.1489703059196,9.11941987276077,21.4719550311565,1.23803496360779,0.601112425327301,92.4394451975822,3.62889575958252,111.150033682585,111.414842039347,121.246493518353,62.7793298959732,4.60084521770477,0,657.05276158452,63.7251822650433,22.4168982803822,29.5770023465157,22.2965880632401,0.339097946882248,0,13.8813226819038,0,659.15486562252,8.69449165463448,2.28722020983696,0,0,3.72525763511658,0,12.3187232911587,1.1354669034481,22.8201451897621,0,78.1432434022427,0.68639075756073,1.61770021915436,66.2225055992603,11.5681517422199,38.5656148791313,33.6305649876595,0,1.69815051555634,42.1684407293797,11.0137075483799,52.2232211828232,121.9419092834,191.703646332026,1858.16141781211,9.44999468326569,0,0,15.594755589962,0,0,3.13561952114105,5.85883605480194
376.649901628494,17.6383644044399,0,23.2017542123795,18.4610608816147,150.894700288773,1215.54735711217,2059.01105380058,47.6227713227272,76.1556435227394,272.010199069977,62.3350681066513,3.03394997119904,2769.72936080396,72.1152276098728,30.4217620193958,36651.138931334,330.524576425552,4809.36128988862,20.0445333719254,3350.3739477694,13.8621250987053,48638.8979997635,91.3202947080135,12.7439314126968,31252.815980345,55688.8768756688,1046.02249625325,1230.10449190438,5267.56871926785,0,32.6655115485191,94.030188947916,5691.42855915427,558.274746805429,8531.79982233047,2332.38237658143,3997.04579249024,3943.10899496078,136.638559937477,97.0599532723427,7.86121049523354,309.586460322142,119.791231960058,181.03706407547,173.127993017435,14.4547075927258,6.5457691848278,1.62619560956955,2.68938782811165,147.904583722353,1327.10333007574,1.05800187587738,16.0267332792282,1.36103272438049,49.3497824072838,8.64163422584534,17.8066060245037,0.627440840005875,26.6777786761522,1.04726713895798,2.06854340434074,12.7433843016624,15.0388832688332,176.80286437273,228.29049089551,80.670845925808,233.282340526581,0.756505012512207,21.0637745857239,132.359682530165,244.237306505442,144.8532576859,4.1757096350193,984.171718508005,12866.1360605359,83.6771736443043,5.07936283946037,16.0617581307888,0.410081893205643,0,3.16786482930183,81.1075491607189,466.254336357117
9.66719943284988,0,23.2017542123795,0,124.67696121335,537.376943647861,205.375708118081,421.983784794807,4325.04830142856,6581.08809888363,48.3601945638657,6313.78816355765,2.02605965733528,361.872512370348,1164.71464970708,0,3.52411383390427,19.9185108840466,19.7767234444618,22437.0461829305,14.391680419445,0,27.0665571391582,5700.92092341185,39.3653018474579,29.0450973808765,7.53780928254128,9982.31169113517,282.258615940809,46.5092751085758,0,54.1242239177227,12.3605896234512,384.209944278002,106.432007610798,1018.84042370319,3.68877160549164,115.71745890379,26.3036421835423,1064.48526063561,28.204668879509,5.35182666778564,212.530645251274,0,52.2651773095131,7.43242418766022,891.955678284168,6.40852555632591,0,0,0,0.415481507778168,425.175624161959,22.393681704998,45.2121363580227,34.2884148359299,70.8518206477165,956.070980459452,419.388693749905,3.1241517663002,370.749919652939,0,22.4965621829033,111.948337644339,5.42679584026337,0,1.13879388570786,0,114.215031981468,1.46449938416481,0,1.19267857074738,2116.05878567696,1.17785942554474,0.353260546922684,11.3578768372536,593.488964378834,6.47672316431999,0,0,0,0,22.097402215004,10.9149613678455
1.9181147813797,0,18.4610608816147,124.67696121335,0,3837.69827973843,166.95321777463,202.102346748114,378.99397289753,184.668684899807,4.82566606998444,969.566078156233,4.35148799419403,33.8362429141998,5984.56208387017,29.5231090784073,6.57964634895325,4.68447059392929,1.83535742759705,88.6405787467957,289.54848715663,3.05544769763947,407.883081197739,182.416278213263,31.7528898119926,6.53783667087555,56.1140347719193,337.150278538465,39.5107163488865,178.317630559206,0,2122.20792973042,3.97577494382858,3939.1164920032,1668.68426823616,763.618588805199,46.0380500853062,67.1302668452263,78.5008874237537,13739.1813929379,6567.28652316332,3.00314378738403,41.9449078738689,15.3471820354462,14.0983786284924,60.2707215547562,162.076401352882,0,1.02363324165344,1.28461623191833,1.47379195690155,1.88565027713776,12.3737205564976,2.73894798755646,8.62221586704254,4.59663099050522,9.14306172728539,46.0000794529915,17.6175082623959,0.769704163074493,45.542444974184,0,1.40024793148041,13.8680620789528,20.2014128863811,0.672305524349213,2.05538582801819,0,8.7680803835392,11.5716968178749,1.62608754634857,10.5135310292244,197.762263149023,0,0.672252535820007,23.5468826293945,42.2571081221104,2.15099954605103,2.80670741200447,0,0,2.35321247577667,0,573.160108178854
55.5687908828259,0.462010592222214,150.894700288773,537.376943647861,3837.69827973843,0,18081.8710948229,16192.3028833419,486.750400036573,35400.2868632674,147.21277949214,7118.9937312901,20.6927798688412,2685.42928184569,7603.67645484209,2.97077804803848,40.9765999913216,57.3692400455475,29.5304192006588,965.685534849763,118.46759301424,0,192.684049546719,167.804208680987,68.1207653284073,117.924139767885,81.2013363540173,6827.02611622214,497.682525441051,381.689688593149,0.529299914836884,668.150457292795,20.2968544661999,1051.50614190102,805.966799974442,2889.22172018886,28.2013290822506,274.292773962021,114.344669014215,13495.2922241092,1474.05770209432,25.8936063945293,110.167450726032,0,21.9725594520569,6.75490653514862,173.050065279007,4.83587956428528,1.65882897377014,0,0,2.38609677553177,20.0216134488583,2.27676427364349,4.49263629317284,14.4626931250095,12.5397853553295,171.956371903419,38.1220328509808,0,61.6818986833096,0,1.39706572890282,11.0722915530205,11.1890025138855,0,0,0,14.4424385726452,0,0,1.00460159778595,616.860523074865,2.56165525317192,4.11504569649696,27.949151456356,141.593901991844,3.54595744609833,2.15454897284508,0,0,1.83995565772057,6.92304000258446,77.0353912711143
6347.91014692187,3.20203632116318,1215.54735711217,205.375708118081,166.95321777463,18081.8710948229,0,35429.1311671287,1925.83224406838,28826.3301241994,563.653419792652,319.195357829332,35.1724753677845,34248.6688745022,625.345634102821,24.3101618885994,220.412797749043,289.005455523729,154.233590781689,135.503311112523,2011.82142272592,11.0034156143665,2269.66202947497,2186.76009568572,50.9520375728607,695.424108326435,495.934631645679,83089.8099894971,4039.34293159842,25051.9649575949,3.04832011461258,393.822554111481,290.126221179962,3032.33178299665,1173.38873115182,5019.38065260649,175.570186644793,1508.79942622781,585.779025703669,1186.75240260363,244.325876533985,54.9028656184673,405.162295371294,8.41182535886765,90.5994921326637,39.1556642353535,369.58099552989,20.5051929056644,2.55000412464142,0,2.72022211551666,65.2233821749687,174.451304018497,10.7717981934547,46.8143155574799,69.6034231483936,130.854952961206,541.437556475401,281.442673370242,0.907630831003189,72.7987522482872,0,43.8298892080784,44.5838361084461,103.273939609528,1.0295744240284,0,0,52.1743528544903,1.7382425069809,30.7858508825302,36.8641335964203,2345.49214881659,3.06022465229034,1.55188643932343,598.559613704681,786.140356272459,34.6628223061562,5.7122198343277,0,0,6.96211877465248,46.0322306752205,169.102753251791
2717.31884339452,2.20838482677937,2059.01105380058,421.983784794807,202.102346748114,16192.3028833419,35429.1311671287,0,346.445988386869,12991.3137457222,375.26167473197,3198.02624583244,32.0618940293789,39800.7293429226,237.736255288124,9.6947016119957,814.637684971094,118.507859319448,127.101487666368,1068.50826060772,932.85407410562,4.90979707241058,3045.96582971513,215.482562720776,195.180375665426,415.543699085712,364.367927849293,5516.3947134465,1957.02904984355,8778.88342107832,2.03307297825813,2413.96417972445,35.8985428214073,2470.86511775851,318.624160408974,4529.16930663586,130.098898753524,632.829222887754,346.778782308102,3287.9800042212,767.018971771002,67.1189249157906,243.267769992352,1.06269681453705,20.8886769711971,10.8402287662029,198.711462259293,1.24526309967041,1.59685575962067,0,0,12.7385159134865,20.4961238503456,2.10512501001358,3.03064113855362,20.8811895251274,8.67565894126892,223.974974900484,26.2416640818119,0.968898922204971,33.353078097105,3.23528575897217,2.41693523526192,7.54179105162621,43.1486733853817,0.572073698043823,2.37102210521698,0.601383149623871,9.47582939267159,5.03987947106361,11.1741007268429,6.15018406510353,1223.70727282763,1.09610012173653,5.5754451751709,109.219438016415,189.887867063284,10.9488989710808,9.87105819582939,0,0,3.50412318110466,11.4239227771759,31.0107780992985
25.4614471197128,1366.18347680569,47.6227713227272,4325.04830142856,378.99397289753,486.750400036573,1925.83224406838,346.445988386869,0,1429.22158768773,77.5174887180328,2425.74431684613,721.780297905207,296.751482501626,3022.09352806211,183.236215978861,24.1171608865261,20.7291988730431,23.9333827793598,788.806140005589,153.209554553032,7527.00519752502,185.306973338127,30387.6329583228,1488.31461894512,188.439356297255,5542.19913685322,16059.8588816226,503.36148673296,1683.95038729906,45.8774151206017,65.9757711291313,127.994468703866,500.253552466631,500.072947353125,1782.34957823157,66.2289130985737,345.55299654603,168.491519123316,1493.92390370369,70.2769103646278,151.634133458138,505.240070790052,9.54868611693382,78.4468832015991,34.1325579285622,308.01730248332,10.1146192550659,7.00227066874504,8.8637857735157,56.6991665959358,15.9923293590546,185.748484522104,16.5177670717239,26.4755560159683,48.4831954538822,71.1185456514359,4036.12252727151,243.508179455996,11.7200683653355,162.916666060686,13.1390635371208,60.32434502244,90.5663225054741,406.699293583632,1.94083884358406,6.80189263820648,3.27813962101936,48.8432636260986,51.2178388834,142.170336633921,51.9681922495365,4286.01762294769,28.75406229496,24.4733907580376,253.998710751534,793.288250148296,84.2183735966682,121.869221150875,0,2.87215232849121,8.67866030335426,36.5548013448715,169.630228281021
16.739409506321,2.63367965817451,76.1556435227394,6581.08809888363,184.668684899807,35400.2868632674,28826.3301241994,12991.3137457222,1429.22158768773,0,651.872794270515,7403.49623891711,35.4419625401497,4032.58377546072,833.581734031439,3.10604274272919,13.5144349932671,278.187855958939,131.451499581337,8334.76595574617,29.2744379043579,2.67270225286484,67.0270584523678,545.64257478714,44.9729393720627,411.988811790943,169.718381106853,19327.0968036801,1788.06633847952,135.679299280047,3.0000171661377,495.260427370667,17.633271753788,2296.9642765224,411.342571824789,5246.68451473117,55.8176101744175,693.269292682409,171.33406919241,1789.33931839466,159.205800443888,53.2143642902374,142.76502841711,0,32.1724807620049,13.1045581400394,534.460246950388,0,2.32777518033981,0.461433380842209,2.63958522677422,0,125.689566552639,11.065694719553,25.1834461688995,15.6513821184635,40.1361453533173,509.742762476206,182.19749084115,0,241.505155324936,0,6.71900290250778,74.1334351301193,4.39411222934723,0,0,0,62.4235494434834,0,0.825261890888214,0.638700008392334,1188.78359994292,0,0,2.4674354493618,322.06235781312,7.4125744998455,1.99524015188217,0,0,0,12.9538888633251,34.5746537446976
24.0084685981274,37.5070489943027,272.010199069977,48.3601945638657,4.82566606998444,147.21277949214,563.653419792652,375.26167473197,77.5174887180328,651.872794270515,0,561.539961487055,9499.89314055443,1236.98708546162,20.1945423483849,6.16846445202827,117.325423508883,14823.2831694484,3012.18650430441,169.115608364344,38.908510863781,67.7488308250904,174.503510355949,59.3517758250237,894.173817247152,7125.98573935032,1430.87953919172,332.036042571068,2189.33690989017,231.106316655874,388.023309528828,1057.48361498117,5.2062990963459,11286.0529748797,192.567226320505,3407.54894852638,5263.84321662784,14907.7572782934,2093.88649296761,73.7346660494804,47.0922347307205,2387.37454527617,40.668738424778,318.109522640705,22.7397339344025,23.2617718875408,19.4209443032742,1.62255492806435,781.186327815056,0,195.758967995644,4.81811910867691,0,0.714108109474182,0,1.32075333595276,1.04936420917511,30.4404820799828,0,2735.75924545527,3.34110516309738,7522.96168190241,1.47975075244904,0,3.9501621723175,0,41.2681157588959,16.6920430362225,0,0,19.5210732221603,0.548746943473816,119.811086326838,1752.21801200509,917.780465364456,1486.41463294625,8.96290445327759,0,0,627.363041996956,0,0,23.0203992724419,147.826797366142
7.39798134565353,4.3914310336113,62.3350681066513,6313.78816355765,969.566078156233,7118.9937312901,319.195357829332,3198.02624583244,2425.74431684613,7403.49623891711,561.539961487055,0,39.8238718509674,2583.82751066983,7452.07390457392,0,6.98454692959785,280.420130133629,136.840815067291,11496.3404975533,17.117050409317,0.855916798114777,68.9137471914291,1552.54164639115,95.3252700567245,414.522543638945,212.809275954962,1604.86920972168,1185.76492509246,58.6579282283783,3.40461817383766,309.890371501446,5.2595009803772,1555.47105550766,219.300464242697,2181.63230639696,50.5507684648037,388.063722908497,115.315896332264,4342.4620423317,91.7579105496407,57.0649011433125,297.675723940134,0,70.1612905263901,9.85987624526024,984.452514588833,12.7248195409775,0,0.460371226072311,7.53193566203117,0.74456524848938,373.279474377632,24.3772456645966,47.5840141475201,50.8583362698555,98.2278039157391,637.702393978834,306.329246997833,3.92421212792397,1326.07978719473,0,31.1208148896694,101.314149975777,2.84413987398148,0,0.854689002037048,0.54942524433136,1145.89259263873,0,0,0,1978.30553561449,1.10615488886833,1.00883215665817,5.10307651758194,560.855861008167,12.7253520190716,1.26730638742447,0,0.694574236869812,3.72863841056824,42.3797028660774,45.4756295681
3.63453638553619,637.046683609486,3.03394997119904,2.02605965733528,4.35148799419403,20.6927798688412,35.1724753677845,32.0618940293789,721.780297905207,35.4419625401497,9499.89314055443,39.8238718509674,0,95.0166512429714,13.4071201682091,98.0132672786713,1.35404062271118,8.14187055826187,4.03629896044731,17.8670774698257,36.1337812244892,1338.0389136672,38.9813052415848,830.987144738436,8168.71308359504,796.047668159008,1348.20695126057,155.090711712837,141.769850641489,15.047680824995,916.326012939215,99.1592224240303,1.1976832151413,1995.59820058942,9.85539984703064,399.408968597651,1850.9388743639,1742.94701179862,136.008295059204,46.2338626980782,19.526308298111,3080.35300830007,39.5136326253414,392.950279146433,36.1835408508778,14.7445122301579,11.4632196426392,0,1142.93973854184,0,836.811719834805,0,0,0,0.699677407741547,0.830324470996857,3.17004984617233,13.4475373923779,0,4516.24967852235,0,11896.6330185533,0.74286276102066,1.84767210483551,6.54133298993111,0,51.4983677864075,8.80905425548553,0,2.76397800445557,11.5593547523022,0.602591097354889,23.7728728652,5281.65817275643,883.245067507029,1748.20547547936,5.5569860637188,0.617737352848053,0,651.109200745821,0,0,23.3998036682606,3.45423918962479
18524.9042271972,7.85105487704277,2769.72936080396,361.872512370348,33.8362429141998,2685.42928184569,34248.6688745022,39800.7293429226,296.751482501626,4032.58377546072,1236.98708546162,2583.82751066983,95.0166512429714,0,163.706713408232,9.75066670775414,1680.31271836162,543.740676939487,402.714700847864,722.211579993367,1247.74248239398,2.02424490451813,4618.3058680743,243.857200846076,151.821802973747,974.335635349154,813.961070328951,3868.11173087358,19291.804452613,19539.9351982176,8.58819550275803,482.188959062099,286.016292244196,5014.69472295046,302.221712440252,4198.3441593796,156.719880908728,1011.18568331003,460.418154507875,886.414609283209,201.491610974073,84.3359252810478,293.833062171936,2.42637354135513,19.3400093317032,13.6097437143326,197.723265647888,3.48686647415161,3.42775502800941,0,11.8364944159985,3.93067762255669,6.35739150643349,1.43756753206253,7.18500548601151,20.5844267904758,7.39967477321625,178.016832619905,7.31016650795937,3.95563167333603,31.0586710870266,9.99019658565521,2.03651028871536,9.76912868022919,53.9488634467125,0,5.95218273997307,2.11852210760117,2.56949701905251,4.41265767812729,20.3662461340427,4.57450723648071,1360.26886445284,4.89303117990494,26.3892809152603,134.645300582051,204.5098913908,2.15309897065163,7.18702927231789,0,0,8.95186567306519,20.8425006866455,49.1016401350498
11.4655998945236,1.17765778303146,72.1152276098728,1164.71464970708,5984.56208387017,7603.67645484209,625.345634102821,237.736255288124,3022.09352806211,833.581734031439,20.1945423483849,7452.07390457392,13.4071201682091,163.706713408232,0,38.980984210968,42.7504120767117,17.4312391877174,12.9768708348274,606.89110404253,557.740567833185,11.4717472791672,621.425894498825,1413.72511932254,88.5426030158997,45.3401529192924,134.139549165964,2104.37572446465,179.361221849918,815.593727439642,1.24940040707588,212.589671373367,17.1085918843746,537.441148519516,2695.4956330657,988.937277168036,146.538393884897,163.333911985159,341.713365584612,6624.57447123528,198.577193081379,19.178128182888,315.963879525661,30.4221427440643,73.8876736462116,135.437922596931,1068.20600017905,10.4283769726753,0,1.64754909276962,1.28306639194489,3.92427295446396,103.273800998926,16.665126144886,29.9642594754696,39.6108632087708,66.9022302031517,349.649272412062,152.684916913509,6.79913786053658,321.647663235664,0,21.4030049145222,103.718009859324,45.7179699540138,0,1.38587999343872,2.73379480838776,64.748559564352,16.2255249619484,3.7871031165123,35.5902619957924,1146.11258989573,0,27.3167423605919,35.092649936676,331.933615744114,18.7308129668236,17.0104283094406,0,0,1.76927620172501,26.9747405350208,2300.87018617988
0.524086475372314,893.094684541225,30.4217620193958,0,29.5231090784073,2.97077804803848,24.3101618885994,9.6947016119957,183.236215978861,3.10604274272919,6.16846445202827,0,98.0132672786713,9.75066670775414,38.980984210968,0,68.8481944203377,5.96012896299362,18.141568928957,0.370213121175766,14555.9885578752,10859.007190913,9839.24319955707,5616.2634794116,381.776061683893,87.027715831995,5657.79747769237,4321.06279724836,7.07473105192184,58.0849109590054,5.04330456256866,0.378095537424088,1.87263065576553,412.847961246967,543.625422537327,4453.87750598788,653.588401913643,840.61860653758,1190.96550476551,29.5687618255615,10.0502547621727,44.1879448592663,556.145144104958,130.248362630606,153.686762362719,197.432804554701,26.6382289528847,6.8351491689682,0.736515879631042,7.50479674339294,31.5310330986977,248.465635001659,0.431404620409012,13.8576524853706,1.11878675222397,97.6391682624817,14.9135042726994,55.5279351472855,1.82333886623383,11.3094694018364,1.91091299057007,1.80647397041321,30.1016257107258,16.7055644392967,10077.7080204189,17.0149296820164,2.27290257811546,6.47653549909592,0,554.039991796017,2869.6943449378,2415.92793723941,1138.87440088391,12.3681880831718,29.4877990782261,3203.4039760232,346.902290314436,15.7975065410137,212.845569550991,0,0,0.723273068666458,40.7898576259613,251.246813863516
283.298085391521,6.13170194625854,36651.138931334,3.52411383390427,6.57964634895325,40.9765999913216,220.412797749043,814.637684971094,24.1171608865261,13.5144349932671,117.325423508883,6.98454692959785,1.35404062271118,1680.31271836162,42.7504120767117,68.8481944203377,0,190.085840255022,7041.67357501388,2.37913858890533,2170.48692390323,8.5543287396431,19711.9082949758,78.0881542861462,2.45693534612656,19122.824398756,17903.9636485279,542.009847432375,1216.70450881124,3809.42528679967,0.417479485273361,17.4554419517517,117.18241533637,5687.33073592186,273.628059387207,3296.07845920324,945.947859436274,1927.14907106757,1889.17895171046,87.752487719059,47.2161445319653,3.03081673383713,38.9199346601963,9.43400195240974,16.3889515697956,41.9645922482014,3.26964491605759,0.764542877674103,0.511116445064545,0,25.7661545574665,82.9324176907539,0,6.06862288713455,0,0.419693171977997,0,8.11827975511551,0,0.885582059621811,0,0,0,4.94982707500458,55.3685072362423,10.0503892600536,13.4412215352058,17.4578419625759,0,1.31257638335228,22.4627666771412,21.2302067279816,40.5542760193348,4.61351150274277,109.540611028671,1060.35001271963,4.17459833621979,1.4779497385025,0,0,0,0,7.00579184293747,205.415938764811
10.3613339662552,54.0547552406788,330.524576425552,19.9185108840466,4.68447059392929,57.3692400455475,289.005455523729,118.507859319448,20.7291988730431,278.187855958939,14823.2831694484,280.420130133629,8.14187055826187,543.740676939487,17.4312391877174,5.96012896299362,190.085840255022,0,1530.12204816937,72.0730472505093,20.9089701473713,8.86180698871613,190.197842091322,17.2625214755535,13.3780203461647,2605.92766606808,1371.80332547426,86.3578504025936,942.615047097206,121.307221472263,3.77245011925697,175.318719297647,4.253941655159,3688.32515013218,201.61631500721,2158.76074841619,1802.47870481014,5680.50158494711,2663.85206532478,36.9634573459625,35.0652785301208,9.40401065349579,71.8708254694939,33.6205947101116,44.8622222542763,29.5807691216469,0.441264569759369,0,4.01211759448051,0,90.4718925952911,1.42932352423668,0,3.38386106491089,0,0,1.95549070835114,10.6152141690254,0,38.5525061488152,0,119.543586075306,1.20663356781006,1.37563264369965,3.67200565338135,0.882483303546906,97.3466073572636,37.8254695236683,0,0,3.52123230695724,0.674470186233521,7.93769103288651,47.1711395382881,395.83953166008,895.239590227604,0,0,0.656368434429169,49.6271762251854,0,0,9.59760117530823,194.624829590321
26.2384833395481,73.7210640907288,4809.36128988862,19.7767234444618,1.83535742759705,29.5304192006588,154.233590781689,127.101487666368,23.9333827793598,131.451499581337,3012.18650430441,136.840815067291,4.03629896044731,402.714700847864,12.9768708348274,18.141568928957,7041.67357501388,1530.12204816937,0,31.7548341453075,157.451520383358,18.742836356163,1640.4799284637,39.1716865003109,7.22169435024261,13657.5673907995,7716.96611467004,111.404140532017,546.163903683424,363.947930961847,1.16443607211113,33.8739086389542,14.4508502781391,6119.84507223964,144.548092901707,2173.74023661017,1176.36053830385,2098.07870832086,1660.04494306445,19.8449700474739,12.2688537538052,2.09948736429214,103.37192645669,44.16948980093,75.4246260225773,52.3851182460785,3.84571921825409,0,0.806992471218109,0,144.298273205757,27.6525699794292,0,3.9685555100441,0,0,2.909612596035,11.5311944484711,0,39.1856075525284,0.881320059299469,19.5414121747017,0,0,4.82284563779831,5.24454101920128,177.824618279934,105.234465181828,0,0.448467761278152,14.6569039821625,1.41798928380013,8.16310873627663,32.5563260912895,631.935556977987,1900.34846696258,0.709170877933502,0,0.862235546112061,5.10312530398369,0,0,11.5983256101608,123.620737791061
2.81516170501709,0.850057303905487,20.0445333719254,22437.0461829305,88.6405787467957,965.685534849763,135.503311112523,1068.50826060772,788.806140005589,8334.76595574617,169.115608364344,11496.3404975533,17.8670774698257,722.211579993367,606.89110404253,0.370213121175766,2.37913858890533,72.0730472505093,31.7548341453075,0,4.57524654269218,0,14.8013654053211,1063.58733120561,14.1099568605423,116.255039542913,63.2446193397045,1798.0286321789,429.974437072873,37.4884978234768,0.83691993355751,105.798766553402,4.05725875496864,519.303145453334,83.2732674181461,1291.00259435177,16.8088021278381,162.389110326767,37.3322091698647,621.44554901123,32.491591334343,17.2105101943016,86.056965649128,0,9.95827740430832,2.40882962942123,318.645292669535,5.68354684114456,0.863558560609818,0,0.849145948886871,0,115.373601406813,3.01133498549461,17.3869313895702,6.75410789251328,18.508854329586,245.071693867445,96.7325069904327,0.765767574310303,127.639716804028,0,10.7244827151299,26.2302351593971,2.00465774536133,0,0,0,36.8467822670937,0,1.6270723938942,0,536.511496394873,0.896556913852692,0,0.357667297124863,160.515782624483,4.58084499835968,1.00498485565186,0,0,0,4.50955283641815,9.8886616230011
202.19452726841,105.861470997334,3350.3739477694,14.391680419445,289.54848715663,118.46759301424,2011.82142272592,932.85407410562,153.209554553032,29.2744379043579,38.908510863781,17.117050409317,36.1337812244892,1247.74248239398,557.740567833185,14555.9885578752,2170.48692390323,20.9089701473713,157.451520383358,4.57524654269218,0,1289.87211066484,61497.2267413735,1296.15943297744,246.996417701244,399.560333490372,2597.83599054813,11788.5449093282,769.226640075445,52996.7264145762,0,27.9352564513683,93.3857260048389,18425.2554264516,3470.89560827613,16887.70168598,890.639915049076,14132.2448479831,9265.62912783027,304.521652713418,177.420150518417,58.046569108963,1055.80656725168,43.9504179656506,158.398283243179,207.102715224028,165.679229229689,28.6319279670715,3.52971574664116,22.5969639718533,7.54277923703194,102.073482871056,7.61115643382072,78.1651096343994,6.18326449394226,66.105128929019,48.8669839799404,394.732617586851,15.7036787569523,4.97785285115242,11.9131373763084,0,74.45604211092,73.5269922614098,3202.11228621006,13.6410781741142,1.11529684066772,5.18758660554886,5.51812008023262,408.397026628256,706.915150135756,467.917070329189,2463.37275618315,4.15346476435661,17.154695302248,1381.60702103376,645.692462921143,116.472052961588,847.842941343784,0,0,17.4021788239479,66.7619939446449,1166.36068192124
1.12882414460182,1457.64578655362,13.8621250987053,0,3.05544769763947,0,11.0034156143665,4.90979707241058,7527.00519752502,2.67270225286484,67.7488308250904,0.855916798114777,1338.0389136672,2.02424490451813,11.4717472791672,10859.007190913,8.5543287396431,8.86180698871613,18.742836356163,0,1289.87211066484,0,1637.34491050243,18295.2362273932,2045.13235273957,212.282880723476,10178.2741031647,2544.49535146356,2.87886390089989,26.3339177668095,89.2116641104221,0,2.25232735276222,66.9917270839214,26.4907307624817,379.408207029104,105.916720241308,101.909290343523,116.492963969707,12.1430172324181,3.3735671043396,492.309579402208,179.041455417871,59.8784372508526,58.1365830600262,60.2641716003418,11.3850716948509,0.970150768756866,18.0950616300106,1.82119658589363,50.1881237924099,38.0556225776672,0.294936120510101,1.90016663074493,0,16.1686682403088,9.74312749505043,122.408445984125,1.55618467926979,28.9662728607655,1.69881695508957,76.2958505749702,12.3663429021835,3.92673242092133,2071.84857141972,5.6859347820282,13.8999193608761,8.46701741218567,0,90.7427371442318,934.628684848547,253.552339911461,621.822154015303,74.2079699933529,40.4462164342403,1750.21570852399,91.5075073540211,12.5146680176258,74.2552442848682,6.99757862091064,0,1.34567415714264,14.2439619600773,33.9276267886162
765.342083752155,119.813967972994,48638.8979997635,27.0665571391582,407.883081197739,192.684049546719,2269.66202947497,3045.96582971513,185.306973338127,67.0270584523678,174.503510355949,68.9137471914291,38.9813052415848,4618.3058680743,621.425894498825,9839.24319955707,19711.9082949758,190.197842091322,1640.4799284637,14.8013654053211,61497.2267413735,1637.34491050243,0,2067.86715993285,305.156743437052,3943.01544392109,23634.1937296093,8047.92093783617,2299.23235879838,27009.8165396899,2.40864038467407,48.7965692579746,193.0154260993,23720.0886973143,6447.33669036627,46756.4871729016,7099.32598921657,25818.9125601053,23610.8526189774,531.561362355947,327.068289905787,56.0678558945656,1164.54849553108,222.06004050374,271.621756225824,577.241869926453,146.726720511913,27.2911311388016,0,23.3616062700748,35.1529379487038,1139.97809553146,2.35294497013092,103.880410760641,6.56384184956551,170.787169128656,81.7297547161579,168.728863239288,15.6546112000942,15.0545664429665,4.13102769851685,0,118.978557884693,97.737500667572,11491.307947576,79.4427017569542,15.3913877308369,28.2775421142578,2.08178272843361,822.100448161364,2452.82742011547,3579.68738251925,2158.71723756194,2.44707345962524,92.2886622548103,13005.2870678306,737.753241300583,65.9109735041857,504.89472553134,0,0,6.64616739749908,104.732524245977,2853.58561611176
41.3720317184925,2973.40638780594,91.3202947080135,5700.92092341185,182.416278213263,167.804208680987,2186.76009568572,215.482562720776,30387.6329583228,545.64257478714,59.3517758250237,1552.54164639115,830.987144738436,243.857200846076,1413.72511932254,5616.2634794116,78.0881542861462,17.2625214755535,39.1716865003109,1063.58733120561,1296.15943297744,18295.2362273932,2067.86715993285,0,2044.01130121946,231.827362328768,9082.43793523312,23185.4984463006,678.377498328686,2982.64000590146,37.6377956867218,49.3790081143379,264.123345583677,1069.39340749383,966.926300168037,2930.18362113833,133.427482992411,813.12027579546,468.481046885252,1160.15949308872,92.4126214087009,250.612396299839,2568.58167853951,65.6956028938293,451.554006546736,166.910543262959,589.392402201891,64.3281473517418,10.410614669323,27.657197445631,90.7405110001564,76.8582969903946,253.710265934467,21.623366445303,36.1845317184925,227.677265435457,244.11151894927,3097.91244605184,285.114485651255,47.9609460830688,115.244643956423,17.2942799925804,221.18942412734,139.079382956028,2755.42795360088,6.94479438662529,6.28736490011215,10.0250266194344,69.8177165687084,282.345839768648,1107.58663937449,375.628692030907,10976.3683403134,43.5113950073719,44.292293548584,1704.43591034412,2347.10310024023,343.753173947334,756.344216138124,0,8.49430727958679,60.3145546913147,237.215331077576,395.827795505524
3.01950263977051,2280.54467740655,12.7439314126968,39.3653018474579,31.7528898119926,68.1207653284073,50.9520375728607,195.180375665426,1488.31461894512,44.9729393720627,894.173817247152,95.3252700567245,8168.71308359504,151.821802973747,88.5426030158997,381.776061683893,2.45693534612656,13.3780203461647,7.22169435024261,14.1099568605423,246.996417701244,2045.13235273957,305.156743437052,2044.01130121946,0,419.500549077988,5950.6163071394,661.112307876348,49.3150275051594,107.165119349957,273.086193799973,74.1014339327812,3.24497467279434,490.463669061661,33.5632742643356,614.065540581942,236.569135904312,323.010652810335,54.9174921810627,1739.17663633823,14.2801418304443,3522.53291964531,883.292997121811,92.7200517952442,232.259649306536,70.7023284137249,1920.08201313019,50.8381990790367,160.238795012236,1.55469805002213,925.040432721376,5.66789102554321,10.6267055869102,5.10385715961456,43.335353910923,39.5072149038315,312.5665602386,33.0797678828239,66.0676262080669,796.795185059309,27.640114068985,2568.7033957839,55.4000856876373,34.4809997677803,376.00713378191,2.61193034052849,51.8942660689354,19.0513248443604,9.86843943595886,96.0348558723927,13.1051370501518,39.3000328540802,608.900217682123,2560.0863801837,226.143234282732,829.824188619852,352.489154219627,29.4427891075611,111.679072529078,153.129509985447,12.8729993700981,15.1320556998253,101.997892409563,141.404688239098
63.5225308835506,382.765790879726,31252.815980345,29.0450973808765,6.53783667087555,117.924139767885,695.424108326435,415.543699085712,188.439356297255,411.988811790943,7125.98573935032,414.522543638945,796.047668159008,974.335635349154,45.3401529192924,87.027715831995,19122.824398756,2605.92766606808,13657.5673907995,116.255039542913,399.560333490372,212.282880723476,3943.01544392109,231.827362328768,419.500549077988,0,27701.317407161,318.843056023121,1429.03870457411,653.261619061232,142.230111807585,198.633786410093,15.3663926124573,10260.1496702433,629.214601099491,10167.9985635877,9571.47101992369,9981.8761651814,6770.00743284822,107.849011540413,87.5346664786339,120.019370824099,1136.36767554283,741.335260540247,836.83127745986,556.403471887112,22.1502829790115,13.0865766704082,110.413642138243,0.349188297986984,2236.18323981762,326.592404723167,0,6.047438621521,8.49321961402893,4.89725890755653,44.3774851858616,50.3618449866772,0.39021697640419,2195.27257552743,3.83093762397766,8693.72110274434,19.6112765073776,7.63347482681274,104.788538396358,129.71599432826,1767.98378652334,950.106308072805,2.18304395675659,6.05773335695267,129.216123074293,58.7144799530506,80.6744968295097,1621.09736168385,9143.45285367966,23704.144934684,10.5558166205883,4.54876232147217,11.2273441255093,1839.56946155429,5.19060635566711,1.43032264709473,184.500846028328,637.885741055012
78.2195531129837,13930.1250188053,55688.8768756688,7.53780928254128,56.1140347719193,81.2013363540173,495.934631645679,364.367927849293,5542.19913685322,169.718381106853,1430.87953919172,212.809275954962,1348.20695126057,813.961070328951,134.139549165964,5657.79747769237,17903.9636485279,1371.80332547426,7716.96611467004,63.2446193397045,2597.83599054813,10178.2741031647,23634.1937296093,9082.43793523312,5950.6163071394,27701.317407161,0,3718.14672926068,908.744100749493,1047.65897017717,300.146842509508,48.1345090568066,28.2254156470299,12883.441121459,2124.40049487352,31987.7058066279,12337.5919597149,13599.5841014385,13291.1445331872,229.42121091485,231.874701350927,118.331863313913,4477.77111536264,2034.93625837564,2887.46468561888,2225.1566285789,71.0872032642365,43.7060768306255,124.799988329411,39.9488480389118,13025.007342428,6183.78072890639,2.73230734467506,37.4985314011574,24.9789571464062,331.092776477337,169.824631720781,211.466626048088,5.52708420157433,2277.66309714317,7.83326146006584,7870.27228668332,215.848798513412,35.988945633173,6338.70278486609,1605.58553081751,3247.27494496107,3497.5068859458,2.71056613326073,249.865512788296,4294.83679416776,2442.75453925133,1103.22515884042,2576.21906894445,18007.4252091944,154249.33412984,536.026445478201,71.1937214434147,177.078092843294,1557.70564311743,4.41085758805275,5.15839624404907,824.052213221788,1743.20537313819
276.44145783782,345.123363405466,1046.02249625325,9982.31169113517,337.150278538465,6827.02611622214,83089.8099894971,5516.3947134465,16059.8588816226,19327.0968036801,332.036042571068,1604.86920972168,155.090711712837,3868.11173087358,2104.37572446465,4321.06279724836,542.009847432375,86.3578504025936,111.404140532017,1798.0286321789,11788.5449093282,2544.49535146356,8047.92093783617,23185.4984463006,661.112307876348,318.843056023121,3718.14672926068,0,2941.14685706794,47858.3828051835,4.98671200871468,345.11312931776,563.074325889349,5752.96742905676,2562.08543980122,10246.5046174526,288.083640724421,3487.7979837954,1753.98323526978,2466.62626720965,373.08344464004,140.138812631369,5273.31437528133,80.2143676877022,997.324963986874,324.101908475161,2700.99194532633,173.242285311222,18.9633211493492,44.7171973884106,24.1619894504547,137.849042654037,808.709223717451,72.4864448308945,159.609706878662,501.585819393396,618.512712925673,4562.98481498659,1188.70384639502,59.2164317369461,643.759279102087,0,338.412826240063,408.62151196599,1887.96014255285,8.99070957303047,0,9.85550260543823,287.903865486383,254.919161230326,629.77334150672,269.677872806787,18541.2487910092,1.50863647460938,24.0736908614635,2007.9375770092,5543.18032369018,553.094700828195,879.040174171329,0,1.82762202620506,112.986558228731,481.973673522472,713.06997141242
16173.7183487713,11.1489703059196,1230.10449190438,282.258615940809,39.5107163488865,497.682525441051,4039.34293159842,1957.02904984355,503.36148673296,1788.06633847952,2189.33690989017,1185.76492509246,141.769850641489,19291.804452613,179.361221849918,7.07473105192184,1216.70450881124,942.615047097206,546.163903683424,429.974437072873,769.226640075445,2.87886390089989,2299.23235879838,678.377498328686,49.3150275051594,1429.03870457411,908.744100749493,2941.14685706794,0,11473.4971872568,10.3257494568825,1023.01720109582,13504.2615447789,19936.4126181901,394.260887444019,2539.96217042208,141.061515629292,1869.17618829012,477.46294143796,363.949268609285,183.105133801699,46.4025328755379,163.67979902029,5.98852756619453,31.6163353919983,12.8625058829784,122.458242297173,3.98684030771255,3.38768345117569,0,14.1494625806808,4.18564680218697,12.8959863781929,1.27108979225159,1.39142286777496,18.5033085644245,15.1969455480576,169.139976352453,13.3096841871738,2.75579804182053,6.97840216755867,11.8776873350143,5.42028024792671,10.5099727213383,24.4330451190472,0,7.41938674449921,9.06670337915421,6.83870884776115,1.70030510425568,3.9609437584877,0.370063453912735,952.911373019218,14.0935515761375,39.5846254229546,162.582819551229,165.771005213261,5.7704910337925,2.70839664340019,0,0,8.38858035206795,12.0702980458736,74.3942717313766
6806.16417512298,9.11941987276077,5267.56871926785,46.5092751085758,178.317630559206,381.689688593149,25051.9649575949,8778.88342107832,1683.95038729906,135.679299280047,231.106316655874,58.6579282283783,15.047680824995,19539.9351982176,815.593727439642,58.0849109590054,3809.42528679967,121.307221472263,363.947930961847,37.4884978234768,52996.7264145762,26.3339177668095,27009.8165396899,2982.64000590146,107.165119349957,653.261619061232,1047.65897017717,47858.3828051835,11473.4971872568,0,1.17530596256256,188.145827770233,1303.3365214467,16936.1092957556,2978.18192771077,8458.67006219923,257.301932603121,5684.43444737792,2820.14943104982,678.154470384121,370.329868495464,24.7609491944313,1917.48315656185,17.5779546201229,357.546678543091,169.763407558203,380.686047613621,52.2315527200699,2.61979752779007,5.7484076321125,3.38808792829514,30.8292461633682,37.791797965765,39.4398246407509,13.0378788411617,72.2516460418701,110.571840941906,704.900609433651,54.7474850714207,16.5263591110706,8.94077831506729,0,74.2882521748543,97.7357398867607,570.197487056255,2.68516418337822,0,0.474981009960175,15.3268181979656,96.7140419483185,84.3185033798218,48.6133176982403,3911.30535462499,0,3.23334503173828,310.815730988979,1405.10063874722,123.60484457016,73.9233842492104,0,0.801415085792542,35.1197624802589,151.31826838851,888.09857571125
0,21.4719550311565,0,0,0,0.529299914836884,3.04832011461258,2.03307297825813,45.8774151206017,3.0000171661377,388.023309528828,3.40461817383766,916.326012939215,8.58819550275803,1.24940040707588,5.04330456256866,0.417479485273361,3.77245011925697,1.16443607211113,0.83691993355751,0,89.2116641104221,2.40864038467407,37.6377956867218,273.086193799973,142.230111807585,300.146842509508,4.98671200871468,10.3257494568825,1.17530596256256,0,5.49121743440628,0,81.2161096930504,2.71972131729126,64.6588339209557,236.518137216568,150.436464399099,32.1544245481491,0,0.575461387634277,63.1619104444981,9.26094275712967,47.7185657918453,13.9576520323753,6.48092555999756,0,0,73.7691759169102,0,212.47570386529,0,0,0,0,0,0.898020207881927,0,0,626.205706477165,0,2098.69333845377,0,0.606192946434021,0,0,14.6668933928013,0.895342946052551,0,0,0.745595097541809,0,0.441999286413193,445.241257071495,356.551022410393,550.311768710613,0,0.495293945074081,0,220.459628224373,0,0,2.18228232860565,1.04705220460892
