0,0,0.000375289907127535,0.000106321340394724,0.000130942540722049,0.00156879852440487,0.303771730562667,0.0754946911391752,0.00109161002545985,0.00188992477480057,0.000574722417879108,0.000182970137439984,7.71057587943792e-05,0.927657856237764,0.000102621372839713,0.00109214679644217,0.00153299264874892,0.000346847840873041,0.000520860548983275,4.69239419856816e-05,0.00436690767536716,0,0.00369472686037953,0.00211409897211493,0,0.000884573918840763,0.000415912537005955,0.0177499944727902,0.708858047552105,0.356322365284135,0,0.000196564380332243,0.00326316014122543,0.00568318143647945,0.000549568304050335,0.0023111692191074,4.30598906559259e-05,0.0089673529587079,0.00194731120113009,0.000322021049565285,0.000152121347068557,3.76632956840426e-05,0.000152769513558948,0,0.000219000971536016,0.000123997236861563,0.000403173296889639,0,0,0,0,0,0,0,0,0.000206044962343302,0,5.16544558635056e-05,4.88959271198809e-05,0,0,0,0,0,0.000746253028297457,0,0,0,0,0.000749365849313003,0.000179080358699432,0.000514022513333899,0.00105284028507088,0,0,4.98785855307698e-05,0.000716027993471039,0,0,0,0,8.57450452808619e-05,0,0.00033986493769294
0,0,0.00801039850240381,0,0.000258417126093167,0.000441298161951747,0.000517049227430355,0.00196620411946657,0.417250673918983,9.34046917388677e-05,0.119272570785371,0,0.390032375058432,0.000423520105989808,0.00565176781721533,0.0362393974507818,0.00977178948866761,0.00112399533555475,0.0020448995991982,3.70816699972808e-05,0.00216420970920535,0.345014228113857,0.0100379082635815,0.180592798521138,0.280211276962626,0.0299600468300648,1.81894582518208,0.00377256398390643,0.000598118392148057,0.00021578146048674,0.00559815393304426,0.000347936445099602,0,0.0110241254422148,0.00164033819627039,0.0222185992051311,0.00897841235930638,0.0141545360605125,0.00585390793855614,0.00198778326472435,0.000242436113616031,0.0442275215422188,0.0204452137571986,0.0106255618497812,0.00901694707503888,0.00911732444956082,0.000383421032034356,0.000337734327371442,0.00180664922590977,0,0.182635265541314,0.0189630232448733,6.09721193496108e-05,0,0,0.000429191946008555,0.000118893946825808,0.00330152406039557,0,0.00982436858654843,0.000126037058509719,0.0316471408936397,0.000145699305594832,0,0.0125428187088718,0.0138223385583646,0.00215044976364169,0.00873198213706577,0,0.00180098441296992,0.0176968672864755,0.00547325624569987,0.00717136392711999,0.0143656870288427,0.0382142764428112,0.51521137679407,0.00164819384189438,0.00078438089988193,0.000464923986930889,0.0105434622010059,5.22424948716402e-05,0,0.00412513307969142,0.0019259765952529
0.000375289907127535,0.00801039850240381,0,5.65117684877514e-05,0.000760282555734694,0.00182445630934108,0.0290550911802103,0.00693918637616923,0.00152660359600085,0.00517045414424675,0.0349181314838156,0.00250532203642281,0.0136121903275078,0.00684300586966565,0.00109235023482374,0.00696793903041592,1.6889445191926,0.155599056689913,0.203188775156161,0.00094931639513484,0.258250003083078,0.00384711881521588,4.40743570958256,0.00667185507434418,0.000487314854681638,6.20044694170444,1.33314175172991,0.0359448852239534,0.00526902981131971,0.0342456954998787,0.00206901472531444,0.000764628089464402,0.00142311016267005,0.220031115233895,0.0591733948867243,0.592260918654843,0.566581334626002,0.376436432754609,0.251190721965726,0.00221146496461846,0.00228681563188555,0.00040949232197974,0.0965611445573762,0.0281421309936796,0.0414715195819847,0.0441966252790371,0.00104937280412191,6.4394039921236e-05,0,0,0.0397062741599257,0.231747828071877,0,0,0,0.00317087180622725,0.000296363298765457,0.00204813213851105,0,0.0080376592040253,0.000148887600995743,0.0055823189444526,0.000217725939202827,0.000126173081409073,0.0221297136100407,0.0945025980299841,0.0046449388670973,0.0214580516840468,0,0.00674357093909423,0.0091194949126112,0.0393592890538133,0.0127067010555139,0.00698131162085671,0.112841155437458,0.909155395408341,0.0030234204185925,0.000199623377481454,0.00244570340659402,0.00766460870834168,0,0.000169239812348128,0.0141527280168325,0.0413465682308846
0.000106321340394724,0,5.65117684877514e-05,0,0.0123255373554571,0.0574397845110399,0.0309611271255932,0.0583516725476793,0.416967209769371,2.01941389471929,0.00539084720679733,0.520891769360836,0.00552289999929995,0.0139374863546055,0.101107795322073,0,5.11967647213876e-05,0.00144370125319475,0.000437330969707855,2.1205749560021,0,0,0.000315952828926542,0.573831455776267,3.25846063544512e-05,0.00245211134646975,0.000394858542847699,1.27456335497808,0.0123487111524674,0.000105596196257785,0,0.00133707800932854,0.000330977467825878,0.0140869163719667,0.003382195074381,0.0350683534262834,0.00030700699872449,0.0104907091873699,0.000123122347748843,0.124079133409968,0.0016700027014718,0.000122562064219844,0.0141740480378147,0.000101055721871441,0.00408597408064174,0.000379273146017414,0.0521054753990736,0.00226203156047346,0.000453791433551591,0,0,0.000109811183465659,0.0821776881956375,0.00242857095535194,0.0178901333012592,0.0596343988369652,0.0118721937958924,0.0519880580194247,0.164619290543233,0.00186061160278892,0.0524295912920183,0.000258498569048077,0.00407130941201268,0.0238461612883935,0,0,6.58298589356124e-05,6.26024372338056e-05,0.0264670191136577,0.000319036711423087,0.000173090544843113,0,0.0745700901487351,0,0.000596687385348469,3.818771739057e-05,0.187286999243833,0.00351984325999301,0.000725118723818948,0.000122265592650694,0.000367431364686629,0.000171977633446598,0.00414541388762018,0.000305638627807474
0.000130942540722049,0.000258417126093167,0.000760282555734694,0.0123255373554571,0,0.34435472663388,0.0121066047215221,0.00467330057262633,0.0191667249432557,0.0201717386091338,0.000513564383369976,0.0355532277853592,0.0069699497000642,0.0010632449842921,0.303488946053151,0.0094376520976425,0.00022496972491073,0.000273285381354421,0,0.00660767678946517,0.031944324133912,0.00123283747594551,0.0683106717098132,0.0472512127524099,0,0.00280373600581604,0.0127351964089676,0.0390687220099431,0.00169000474191921,0.00844194317965728,4.03714992757201e-05,0.0821868880977343,0.00135599056494077,0.032318947841345,0.327736292544388,0.0310876402168105,0.0131681665603078,0.00514521230460224,0.0139092187407734,0.636453143259818,0.0857981815223238,0.000609070592730707,0.00714635546358516,0.0121487814032411,0.00175587028774158,0.0235573494605812,0.00822274714589912,0.000194103099990964,8.88246196146905e-05,0,0.000153623840312112,0.00426262228727968,0.00196756905393445,0.000586688907622719,0.00125700783430888,0.00495124577010786,0.00123130526438476,0.00125179284040379,0.00604612546572825,0.000700215945178717,0.00224547798042182,0,0.000610651199220479,0.00184365671426701,0.00387588809725095,0.000826783224958813,0.000414772525397998,0.000362817998440539,0.0010611290359559,0.00517701109377525,0.000775916827825963,0.00994648592265946,0.00313622924124505,0.000242129709256035,0.00250178891899892,0.0160932293173139,0.00834266710850912,0.000441103239085185,0.00211461164940816,0.00026684802559272,0.000237785136190277,0.000369425397651494,0.000971051657179606,0.256874602741841
0.00156879852440487,0.000441298161951747,0.00182445630934108,0.0574397845110399,0.34435472663388,0,1.38587470296078,1.69842655786968,0.0501385028225719,3.0505800296295,0.0440327978058756,1.10551500667487,0.132730998112685,0.221600976581745,0.468653555940116,0.000725745482921309,0.00170770630353159,0.00974850402633311,0.00179785712565989,0.0912418632983825,0.0126026258037706,0.00156545818614374,0.00732626765645526,0.0210306306063954,0.000346175678538975,0.0218255085656284,0.0056052561245949,0.229326330752044,0.0972952925972456,0.0126745740513512,0.00174368556420554,0.0403558190103597,0.00473087424540585,0.166440075535932,0.289979940412254,0.499046337431358,0.0156463676153788,0.075800190749421,0.00756081576133921,0.881425187705663,0.258204440387086,0.00763950697145328,0.0158541024538061,0.000589526750442498,0.0048155762675926,0.00641535760981504,0.0577039366437716,0.00436278630248924,0.00110391075806293,0,6.06640130726158e-05,0.000250243565931845,0.0153501447811009,0.00296635073562049,0.00615532448388156,0.0381294237505649,0.00666472502353898,0.0186290464537337,0.0554080057134471,0.00953626530769983,0.0132244159845168,0.00086677510186345,0.0026099888762939,0.0174823289251406,0.00266915139236705,3.66486625816673e-05,8.69740250446737e-05,0,0.00792555026657081,0.00184597548426225,0.000207457775828076,0.00117392012487052,0.0605648946748861,0.000244503462437386,0,0.000869593105786648,0.0736011221271888,0.00237224771419945,0.00416891915816858,0,0.00124288930017064,0.0010587764055214,0.00343642251742015,0.0176143332782391
0.303771730562667,0.000517049227430355,0.0290550911802103,0.0309611271255932,0.0121066047215221,1.38587470296078,0,2.83779022774292,0.147306489854967,3.20596243133075,0.133255963907845,0.0386425675943955,0.119421613168898,4.19769484027141,0.0774164156104425,0.0057008467093076,0.0479221721958549,0.0589833442586579,0.0233829186561017,0.0170415588881957,0.837278262841609,0.00133509270535957,0.259404744456507,0.0925715644196408,0.000770348431152598,0.138167866782917,0.0564400608598054,5.29580798174379,0.876076821085439,1.67361694146621,0.00521669500672348,0.0244422160231604,0.155058201652368,0.366494897456472,0.194506387203623,0.783843215637318,0.0250502462316579,0.493378950419139,0.071440412872833,0.135297755599052,0.054388467256355,0.00245667036404236,0.0962228514704921,0.000992272101192338,0.0269394283064843,0.0112694830119944,0.0643820654378196,0.0145921557304926,0.00181046372002574,0.000545548841606498,0.00065892239530634,0.00213811192984104,0.0406792326045864,0.00243577240365074,0.0103598864331405,0.216753048695491,0.0379730668361388,0.0670733140075496,0.16957800400491,0.00871018922332393,0.00972653713457084,0.00110859031820623,0.0227843355101525,0.012282823695205,0.00768830426151256,0.000191062171626055,0,0,0.0192683621603533,0.00566306605547596,0.00315693201784904,0.00596687638264009,0.193418597557827,0.000149363701898566,0.000119835907479339,0.0180133948415054,0.409987643787584,0.0229643570497073,0.0113730161824187,0,0.000205318163729561,0.00305251236807944,0.0211847698725671,0.0143399066065934
0.0754946911391752,0.00196620411946657,0.00693918637616923,0.0583516725476793,0.00467330057262633,1.69842655786968,2.83779022774292,0,0.0805061322665984,1.4592025722239,0.120103951507831,0.61677737456127,0.16629215188412,3.17226069608122,0.0461815168414952,0.00172517494861117,0.0155488333317482,0.0229301995221746,0.00722700379819233,0.0940257965866958,0.121301776515733,0.00475158373776245,0.0622988272495504,0.0351612467216143,0.00114984121044818,0.0487273609227228,0.0195198654117153,0.358011041768788,0.587788865506581,0.540064601001693,0.00447201599369369,0.0709742253489212,0.00774720674008638,0.186102133693432,0.0218556505148831,0.549739228499591,0.023993276793517,0.127815842559937,0.0222954696427678,0.225449245623035,0.0408029434538853,0.00953942155131895,0.0376740134766913,0.000697381968734837,0.00956108669972039,0.0103204554268372,0.0564407820871611,0.00472073439293374,0.00314567856016755,0.000177997118179929,0.0003695803284336,0.000100700047903838,0.0056263585462973,0.00142011851280778,0.00321579348437421,0.0550286482869581,0.00734867146648423,0.0478756631776755,0.0173049003421187,0.0144269682596084,0.010523476817997,0.00355553659564619,0.00379889801840727,0.00888555364194766,0.00982734571081596,0,0,0,0.00368498293191554,0.00549600655891373,0.00212674706775644,0.00162647928156475,0.173221953872169,0.000622489624157461,5.82591391232908e-05,0.00168374928965554,0.0909666193633991,0.00403276628454059,0.0119289042706022,0.000502059774330711,0.00230200895922357,0.00104046229314509,0.00521061419960798,0.00203773576800908
0.00109161002545985,0.417250673918983,0.00152660359600085,0.416967209769371,0.0191667249432557,0.0501385028225719,0.147306489854967,0.0805061322665984,0,0.481707377297404,0.0363740521956642,0.113592168033788,0.0902610824962896,0.0253050941146186,0.128321022262417,0.0355769376239589,0.00333036704966874,0.00803707644866889,0.00178654228333098,0.0992623210286468,0.00736127549314952,1.2808595353045,0.00718199060197901,3.77916328883571,0.0900383961865688,0.0282942915026291,0.596875059697164,1.20998556038903,0.0547972722914735,0.00543366352170163,0.00380843982199009,0.00586087947091448,0.0141898735205773,0.0481893159339737,0.0292295034237135,0.193487079285123,0.00820217040603344,0.0483479340615783,0.00760036469507238,0.118964176795453,0.00811711288481481,0.00185489033601691,0.0938440403904778,0.00138655934549074,0.0182283364118834,0.0114816990186343,0.0837079679116002,0.0114074014347477,0.00305400002440199,0.00178726526004401,0.00801389716638602,0.00285835502319041,0.134847434688552,0.0106390995202408,0.029417974631295,0.118526184954178,0.0461706040903998,0.523579038510611,0.31596190986049,0.0186453126796286,0.0534685108774595,0.00388057616994425,0.0267947449148771,0.0481366069626288,0.0722874254271789,0.00122779169825126,0.00218487315788761,0.000588468887462354,0.0427383041466875,0.0199496772498579,0.0691753758870506,0.0264032377786811,0.5364260963645,0.00280359216714454,0.00489845065033371,0.0406877387086553,0.500508070489224,0.0462858333236655,0.0207323742807705,0.00161658346145615,0.00397011153263166,0.00631489690955545,0.0193876341343736,0.0188253858489407
0.00188992477480057,9.34046917388677e-05,0.00517045414424675,2.01941389471929,0.0201717386091338,3.0505800296295,3.20596243133075,1.4592025722239,0.481707377297404,0,0.129349462157549,0.673112079925991,0.11093153128176,0.460419430002506,0.130151467356756,6.5152976302135e-05,0.00698785311377664,0.0412686607920936,0.0110357471988858,1.26621378451766,0.00829802069023407,0.000386242475371698,0.0101908635825945,0.119687050936846,0.000215519652875135,0.0909456687977611,0.0187140960761598,0.900716591645858,0.28731275815268,0.00981360237228559,0.00244812596387606,0.0233499895331205,0.00593322556976119,0.249660394602017,0.0692781291258426,0.715898644413854,0.0133139889613488,0.24934998604939,0.00975768531408341,0.182340277628683,0.0369863849926548,0.00172688113819236,0.0483234780361502,0.000106727487764883,0.015056409411187,0.00451483643885997,0.146733688421047,0.00508582888622568,0.00105466719808852,9.18584141602635e-05,0.000127811612377041,0,0.155725269031048,0.013927655011652,0.0224155442900639,0.249164150550852,0.0234216847169106,0.114923574369138,0.459068261253063,0.00324008355806989,0.135154103797452,0.000736387765604514,0.00876485020451586,0.0571381935844524,0.00101648871671093,0,0,0,0.0686425196370236,0.000577712321349192,0.000683980943827128,0.000197956115545338,0.225077421245879,0.000123098695846582,0,4.69909067860544e-05,0.611695184318735,0.00518115018853105,0.0014647920876295,0,0.000486341782155168,0.000859858440020746,0.010566347540875,0.00431155635631641
0.000574722417879108,0.119272570785371,0.0349181314838156,0.00539084720679733,0.000513564383369976,0.0440327978058756,0.133255963907845,0.120103951507831,0.0363740521956642,0.129349462157549,0,0.0725041620307634,0.82262848925669,0.0345922528881573,0.00217185785734607,0.00261045833556941,0.144789939693926,1.14890256924144,0.191883729515146,0.0162898905942446,0.0585191326159063,0.0202286347469772,0.0836502463795927,0.0165817001739142,0.110027202702334,0.837631726140596,0.201376925141721,0.0674004025979987,0.0920432599762767,0.0552428173234093,0.0819234445851266,0.0199830441806095,0.0037602059731978,1.13872445246864,0.0274494627153433,0.523190174140188,0.229804533614275,0.834816092376984,0.156574929528078,0.0195395961209319,0.00341359768158983,0.202286947158314,0.0113498689519176,0.0197408779453683,0.0138240571535568,0.0058086034328599,0.0049396500907191,0.000851281484020579,0.0333830361047548,0,0.0229304550439604,0.00252531507805822,0,0.000146045138686967,0.00103632514640231,0.0036833886922997,0.00400221843697671,0.0199549265548841,0.00200228636094399,0.225743570045992,0.00294824713317984,0.522753088664594,0.00718059237931923,0.000779553456790513,0.00191797062054572,0.00114514216424476,0.00136377533787832,0.00118198224208357,0.00047992463295156,0.000287209941430012,0.0162752492009612,0.00144118008850222,0.0162757339448746,0.0928827797787709,0.0267279042061946,0.165171011804902,0.00180640628170574,0.0161622655107846,0.00145480984631052,0.109175862786818,0.00442468845721335,0.000102504527639222,0.0362293483958781,0.023212935538917
0.000182970137439984,0,0.00250532203642281,0.520891769360836,0.0355532277853592,1.10551500667487,0.0386425675943955,0.61677737456127,0.113592168033788,0.673112079925991,0.0725041620307634,0,0.0350039190740564,0.149302269146782,0.342029917495867,0.000410813611468148,0.0032332808535058,0.0246691581275519,0.00515536825709056,1.28485860006259,0.00231382200069117,6.94153177197396e-05,0.00659708371412432,0.101633486970008,0.000388274427877495,0.0584428071949508,0.00927630187437794,0.183628126562123,0.115493855100908,0.00346429028749802,0.00258498743687295,0.0090082109571842,0.000119386121059728,0.116619249782862,0.849567921085609,0.198045986562231,0.0076128378490645,0.0630729414537386,0.00473235715474387,0.274320562290759,0.00690575105741148,0.00170145151543064,0.00628634614298896,0.000361277828787053,0.00161357376652967,0.00268027705505802,0.0509956241649572,0.00161905037532059,0.000434866377447957,0,0,0,0.0392660764266691,0.00608877803190418,0.00882875840643424,0.0214218409211509,0.00563443115965351,0.014694301387881,0.0796590787683992,0.000888789902292734,0.155244899349767,0.000532168530273968,0.0014697438388571,0.022716570716875,0.000579440271154868,0,0,6.72802895300746e-05,0.0221103663213758,0.000188391128532189,0,0.000152406839197559,0.0239695823225756,0.000144840549113453,5.95154029293001e-05,7.21249119021356e-05,0.0626269034559106,0.00103245437635493,0.00077114730328272,0,0.000408002237312213,0,0.00114374913628636,0.0821480658351193
7.71057587943792e-05,0.390032375058432,0.0136121903275078,0.00552289999929995,0.0069699497000642,0.132730998112685,0.119421613168898,0.16629215188412,0.0902610824962896,0.11093153128176,0.82262848925669,0.0350039190740564,0,0.0209851537475054,0.020062109527822,0.023549348102398,0.0046964838665707,0.0122244378196005,0.00348744695563289,0.00998972793325933,0.0520797590922479,0.0943920055213305,0.057369201651574,0.0810506560590148,0.652868507957568,0.0900041692451357,0.940213810484352,0.232247778696645,0.0445953266526224,0.0130902483140473,0.196125414377723,0.0807753535383555,0.00333953981893902,0.234862716842452,0.165307490213148,0.860033259387109,0.230842699659658,0.776229025452123,0.325884860008556,0.511815384850828,0.0534631081152622,0.443681344716899,0.141886685781672,0.0821389211445145,0.085146233147021,0.0831726147506804,0.247542393448515,0.0486144124865411,0.0740327972768388,0.00111890316134971,0.0824738573246494,0.00610809257497446,0.00317171053998128,0.00129905355143933,0.0171734851695581,0.0502221124779317,0.0667457249022874,0.0477400352298061,0.0289013398087938,0.607728451227736,0.0165851368987917,1.34580121124913,0.0457163009046388,0.00970985801590295,0.0252345511167766,0.00228724942799441,0.00621782968650552,0.00333386306589507,0.00539056348774563,0.0387259339082396,0.0555345745824737,0.0184163055420903,0.0781962318444036,0.464781666013557,0.110351995065776,0.807943664575549,0.0762571622712198,0.0662805655793738,0.0336659197227691,0.438356561175074,0.0336755795575572,0.00499680901759309,0.082389688669611,0.0654306061171996
0.927657856237764,0.000423520105989808,0.00684300586966565,0.0139374863546055,0.0010632449842921,0.221600976581745,4.19769484027141,3.17226069608122,0.0253050941146186,0.460419430002506,0.0345922528881573,0.149302269146782,0.0209851537475054,0,0.00758161585557338,0.00222713125884142,0.0217024569778955,0.00896735937202927,0.00601733050372258,0.023849878865156,0.0999464949443625,0.00112035081076274,0.0622833015799257,0.0132224258001378,8.70835585250974e-05,0.0215252753270189,0.00880281045506605,0.173314165496372,1.90549593910682,1.51713614165243,0.000954581035204098,0.079986082921231,0.00491091751256996,0.0799747698252943,0.00454645867934698,0.0772742389972887,0.00330101473949615,0.0902085791692955,0.0191029634738607,0.0128592668490152,0.00211746106170552,0.00112612625720253,0.0154055886174271,0.000188903755420214,0.00114807140949541,0.00139610962011339,0.0124455454856697,0.000436049743464195,0.000474866657197147,0,0,0.000159172175712982,0.000985095846602136,3.91471034207582e-05,0.000612636624754947,0.0207384864280649,0.000521477568020582,0.0188327759668954,0.00382181768422254,0.000674352781299189,0.00186747866590766,0.000611469501075501,0.000316873883279103,0.00205935047562311,0.00360106974529265,0,0,0,0.000232322418481484,0.0029232561276368,0.00123769147368613,0.00196668447219687,0.0629498266608409,0.000254303758748174,5.40335816469491e-05,0.000948016216533243,0.0377992059989181,0.000834018382481235,0.00627827626040899,0.00050662241811322,9.03366868826151e-05,0.000877177263034228,0.00291621835097605,0.000443561423953736
0.000102621372839713,0.00565176781721533,0.00109235023482374,0.101107795322073,0.303488946053151,0.468653555940116,0.0774164156104425,0.0461815168414952,0.128321022262417,0.130151467356756,0.00217185785734607,0.342029917495867,0.020062109527822,0.00758161585557338,0,0.0201695470618818,0.00123629087308658,0.000925053418685603,0.000389028454198203,0.0624283154310368,0.0731553743358593,0.0131873949193687,0.103383499603381,0.335502573880968,0.00143889541614719,0.00407688697946876,0.0195602940023008,0.261009945636432,0.0106833373657657,0.0223030274558821,0,0.00592576195211929,0.00325954033870507,0.00935761186035095,0.463787302244513,0.0546100127420546,0.020488504269468,0.0212593911409047,0.0120936078989366,0.614238331970435,0.00339707821103845,0.000284254924293387,0.0151739226971203,0.0102494791695536,0.00542043678614063,0.0227801409874588,0.0677606183119781,0.00273199907168934,0.000953885914780623,0,0.000530645907562638,0.0015717774454698,0.0189400071094214,0.00522430533020366,0.00826450369725046,0.0250033293286111,0.00877435274244221,0.0115007885854745,0.0674164564786154,0.00242360281650195,0.0146223321984193,0.000248312862662405,0.00327075063470406,0.0242736526071838,0.00881219967615642,0.000239378690888295,0.000356099746318736,0.000422961924654454,0.00877402547922144,0.00799697886314957,0.00201293034850921,0.0115579806285697,0.0307478679446436,8.72574387001276e-05,0.00255022270152837,0.012817427179477,0.0560943302118064,0.00425556652485497,0.00537516335080716,5.71143123355329e-05,0.000723538476095653,0.000765700012532365,0.00248124853314772,0.205313698424164
0.00109214679644217,0.0362393974507818,0.00696793903041592,0,0.0094376520976425,0.000725745482921309,0.0057008467093076,0.00172517494861117,0.0355769376239589,6.5152976302135e-05,0.00261045833556941,0.000410813611468148,0.023549348102398,0.00222713125884142,0.0201695470618818,0,0.0205111713636846,0.00323536979058093,0.00243117010283016,0,0.50599980511194,0.634052427591844,1.16361544183494,0.645254488613411,0.00369411938571647,0.0256911710237094,1.0673687346858,0.518540020371101,0.0124290538180376,0.022333724879416,0.000470851218274856,0.000166939206017572,0.0129638482224097,0.0297986644097329,0.105871596961858,0.790236207024564,0.0959349994764268,0.139329558829843,0.101120628309945,0.0163397427466916,0.00313238925691927,0.000321192049946273,0.123164543350304,0.0284276772608381,0.0314600955900719,0.0381713925789992,0.00412313361778923,0.00118808030260502,0.00098155292981295,0.000139342639674943,0.0227061572412177,0.0257338820836459,7.68578185447991e-05,0,0,0.0114815117721843,0.00173985517465921,0.0281351916435636,0.000538681713257485,0.00243364552924461,5.86966978326202e-05,0.000262031891057807,0.00274012804992734,0.000914627320971393,1.10319561714774,0.00840264701617855,0.000570292185611102,0.0018730582673621,0.000194209917520219,0.255194736544824,0.35454178809239,0.781531532706128,0.218732578181649,0.000993995971141237,0.00537267129363932,0.62117274744333,0.128391755525092,0.0129484275231118,0.0368543253598689,0.000214832650655043,4.08269103234618e-05,0.00632506275035943,0.00838762979573972,0.0317289805019507
0.00153299264874892,0.00977178948866761,1.6889445191926,5.11967647213876e-05,0.00022496972491073,0.00170770630353159,0.0479221721958549,0.0155488333317482,0.00333036704966874,0.00698785311377664,0.144789939693926,0.0032332808535058,0.0046964838665707,0.0217024569778955,0.00123629087308658,0.0205111713636846,0,0.271261400782026,0.723491639108579,0.000925300472396538,0.427603401602965,0.00845161353430872,1.47426975871316,0.0240402807819369,0.000175911765804541,1.12940130578845,1.66972661298274,0.0549425492518366,0.0146100902857281,0.2649921628009,0.00165454219985011,0.000472595090196007,0.0058094384099435,0.76257099942216,0.0107426088045268,0.158755366455479,0.199584923049358,0.155328955014121,0.0650602490504519,0.00214797925618247,0.000503133867787599,0.000153514523277577,0.0275523882391338,0.0104869782057874,0.0147963204333188,0.0139496019607422,0.000237342981712049,0.000107541407331884,0.000167620055837363,0,0.0237192521634627,0.0729021611797559,0,0,0,0.000487112534109655,0,0.00081029390858143,0,0.0024755250959868,0,0.00224214508730629,0,0.000309838899659836,0.00692269686113603,0.0287881476575049,0.00240830789302115,0.00807502302754786,0,0.00174797337211287,0.00539619960826248,0.0134861315265637,0.00210713725098193,0.0026954674322089,0.0504036958109739,0.376215888259991,0.000665151005314637,4.89128603045136e-05,0.000846260324822563,0.00447830449101825,0,8.1578746538204e-05,0.00437248388188264,0.00792246418403523
0.000346847840873041,0.00112399533555475,0.155599056689913,0.00144370125319475,0.000273285381354421,0.00974850402633311,0.0589833442586579,0.0229301995221746,0.00803707644866889,0.0412686607920936,1.14890256924144,0.0246691581275519,0.0122244378196005,0.00896735937202927,0.000925053418685603,0.00323536979058093,0.271261400782026,0,0.72438327387484,0.00475055365101653,0.0617718813243679,0.00195230941706376,0.121251399268522,0.00590638020111764,0.000341459568690383,1.72974691168495,0.2374818029484,0.0290336972651943,0.01917885090025,0.0436568521833367,0.00187505475832207,0.0032006285114478,0.00271295652104754,0.504708190497381,0.025053067858826,0.435495418586775,0.169607728655383,0.442201707951785,0.201700118616406,0.00411135058521003,0.00121849616265115,0.00103041873240895,0.00543497141822996,0.0030882396946324,0.00218745704444806,0.00529465386772099,0.000334953317905372,0.000119789493178475,0.000513148724240703,0,0.00219988143584967,0.00657644963388783,0,0.000127943146247935,0,0,0.000139815431624159,0.00349069314289687,0,0.00834627996104089,0.000440560372037807,0.00715558707352239,0,0.000161770407002432,0.000678792267370248,0.00280626039347683,0.000593945176031953,0.00221062605592871,0,0,0.000360417213243029,0.00118841943773462,0,0.0020184381255083,0.014378153656843,0.0509072134076744,0,0.000354002750340468,0,0.00573083159297146,0.000195595681198758,0,0.00118961171064748,0.0181838121639707
0.000520860548983275,0.0020448995991982,0.203188775156161,0.000437330969707855,0,0.00179785712565989,0.0233829186561017,0.00722700379819233,0.00178654228333098,0.0110357471988858,0.191883729515146,0.00515536825709056,0.00348744695563289,0.00601733050372258,0.000389028454198203,0.00243117010283016,0.723491639108579,0.72438327387484,0,0.00146089956032265,0.076203579576012,0.000684556034627018,0.140317966443849,0.0045464619438254,0,1.96142116693163,0.27999869228637,0.013900851132424,0.00518897586974181,0.0561833772280906,0.000510301058335528,0.000375094969435912,0.00153613999140143,0.408600555190381,0.00878105726655757,0.154997934698904,0.0743925138695607,0.124736268967361,0.0544036779616295,0.000668392060142505,0.000495743592687303,4.71476106454522e-05,0.00394731140128293,0.00271695168225145,0.00165175042738977,0.00270205336176657,0.000276510241285693,0,9.13812310279905e-05,0,0.00337699979187696,0.00883621059988416,0,0,0,0,0,0.000232291958911228,0,0.00187621329532621,0,0.00192026313832301,0,0,0.000918410208057386,0.00462778554513439,0.000561341893065699,0.0031589883042099,0,0.000135450207248479,0.000527937167303753,0.00191531376800021,0.00030766957813915,0.00120348064412932,0.0171502160414758,0.0583430939001397,9.15029803586483e-05,0,0,0.00309145461287778,6.19033407289803e-05,0,0.000898611905457786,0.00623043379915617
4.69239419856816e-05,3.70816699972808e-05,0.00094931639513484,2.1205749560021,0.00660767678946517,0.0912418632983825,0.0170415588881957,0.0940257965866958,0.0992623210286468,1.26621378451766,0.0162898905942446,1.28485860006259,0.00998972793325933,0.023849878865156,0.0624283154310368,0,0.000925300472396538,0.00475055365101653,0.00146089956032265,0,0.000501765467220461,0.000291135857739169,0.00116832149989786,0.0577754924067582,7.41524168896437e-05,0.0144585380401348,0.00280716399576762,0.382899868105324,0.02396848055073,0.000771454792837179,0.000465905497882059,0.00227196855274137,0.000159161418648746,0.0198771427126264,0.0025544624821682,0.0544239345720937,0.00109181412503915,0.0136661339388248,0.000395123674237973,0.0749760901933688,0.00118917220985517,0.000511622152133131,0.00663783107317064,0,0.00140428570350009,0.000624845670285997,0.0261311343846122,0.00184386376106842,9.49094976919323e-05,0,0,0,0.0399775344616726,0.00285860116664261,0.00591064962594937,0.0249100322312347,0.00386611384857227,0.011747076276614,0.0742333793020623,0.000648660194571108,0.0266451808878597,0.000293248885538364,0.00120609088964818,0.0151999353598795,0.000146100673365336,0,0,0,0.010862764212825,0.000328184708016487,0.000120117755608356,0,0.0218675142847444,0,0,0,0.0699043067596609,0.0010321101740195,0.000286140707628107,0,0,4.32873248811811e-05,0.00166529932931558,0.000258532518437684
0.00436690767536716,0.00216420970920535,0.258250003083078,0,0.031944324133912,0.0126026258037706,0.837278262841609,0.121301776515733,0.00736127549314952,0.00829802069023407,0.0585191326159063,0.00231382200069117,0.0520797590922479,0.0999464949443625,0.0731553743358593,0.50599980511194,0.427603401602965,0.0617718813243679,0.076203579576012,0.000501765467220461,0,0.0204997758107588,9.24697843799812,0.0451965706242334,0.000110366601409649,0.225917790038105,0.368118643930774,0.887524000773893,0.0688936809631795,2.06564251262667,0.00137871247630283,0.00229929935614614,0.0513378380475745,1.57963475589181,0.346593812990889,1.12675924766346,0.117259086284978,1.9441908312439,0.591605040146984,0.0662202512094339,0.0206860057596938,0.000316754924024919,0.0422234493514661,0.0059250555438944,0.0139365189452523,0.0147673477929575,0.00402866649991646,0.00179796565400118,0.000963179410452345,0.000249784398213655,0.00321248587984768,0.0119046348986217,0,0.000142025702928239,0.000113501944657812,0.00576007301465307,0.00122623937797781,0.00880339647786589,0.000137792804081708,0.00152693964158774,0.00037664148125048,4.87305565298438e-05,0.00112810988890463,0.00161946685872325,0.207891939091427,0.002454244568967,0,0.000182272392980718,0,0.134057379701172,0.0438284861629751,0.173410604839545,0.0803483033096041,0.000341211886396864,0.00145752767136676,0.132321589086792,0.0685052467181798,0.0113535268696697,0.0327646355051923,0.000252885213894832,6.10535919546425e-05,0.00596778384834178,0.0076177785378316,0.0604953177165617
0,0.345014228113857,0.00384711881521588,0,0.00123283747594551,0.00156545818614374,0.00133509270535957,0.00475158373776245,1.2808595353045,0.000386242475371698,0.0202286347469772,6.94153177197396e-05,0.0943920055213305,0.00112035081076274,0.0131873949193687,0.634052427591844,0.00845161353430872,0.00195230941706376,0.000684556034627018,0.000291135857739169,0.0204997758107588,0,0.0552108355603688,2.13318920622216,0.0945273919748868,0.018215876561901,1.17092907112989,0.0630844100942149,0.00454005243842322,0.0024976437874783,0.00197071821710444,0.000557101993825382,0.00249615571012403,0.00794321274339247,0.00569320463944187,0.0503472685156834,0.0116808900232128,0.0163082954033788,0.00685692409351019,0.00894168927788369,0.000798264634704637,0.00326362801718443,0.0440154192260064,0.0133623250111464,0.0122811204083708,0.0147513606399402,0.000793617381334197,0.000628841294031805,0.000394631067112273,0,0.0441897464181349,0.0110996658435771,0.000382483269838089,6.3355502890563e-05,0,0.00230636058308832,0,0.016462211315182,0.000169304861750624,0.00354206269370379,0.000120683207153607,0.00774768530194933,0.000771358346920574,0.00037590134008187,0.405675518546237,0.00700537617869,0.000392238017631573,0.000677019545880461,0.000117520215166748,0.0520413775520104,0.368144839516997,0.144154587938792,0.0949709049386813,0.00265404919467878,0.0076912189900635,0.360884611369558,0.0323265045781597,0.00261269888261298,0.0065367015699358,0.00187777806865087,5.35709033543229e-05,0.000897952068679405,0.00273039628690837,0.00666198076243403
0.00369472686037953,0.0100379082635815,4.40743570958256,0.000315952828926542,0.0683106717098132,0.00732626765645526,0.259404744456507,0.0622988272495504,0.00718199060197901,0.0101908635825945,0.0836502463795927,0.00659708371412432,0.057369201651574,0.0622833015799257,0.103383499603381,1.16361544183494,1.47426975871316,0.121251399268522,0.140317966443849,0.00116832149989786,9.24697843799812,0.0552108355603688,0,0.182639167701945,0.000197923476691121,1.0786325475923,3.26829643226496,0.722316543676595,0.0495353639768988,0.723937330199981,0.00251070653117993,0.0010574120966711,0.0290552176290853,1.41958387419405,0.729522022378738,4.12812394413678,0.843445758048239,2.58101842668521,1.50610049401273,0.0747073323292975,0.0224534560359796,0.00123433709905727,0.239176827283991,0.0710988538991439,0.0887606097573291,0.102419540602274,0.00469791586368437,0.000903407756344289,0.000709652695414531,0.000351263841082522,0.026047742266267,0.160781639527861,0,0.000438363502588838,0.000102637882027602,0.0200991039493706,0.000307602601478729,0.0101104509931418,0.000527203466141626,0.00573575512617803,0.000925557933300269,0.00182641071491799,0.00226385537208835,0.00136757275352406,0.818594197677961,0.0459614242681053,0.00623713305147984,0.0068793114506865,0,0.197818071438684,0.177252331943163,1.03696514651677,0.134010517369175,0.00310304258619986,0.0278656961911991,1.67626149432873,0.0839058021295644,0.00463602668088861,0.0224666376084748,0.00191924633483171,0,0.00319862601337313,0.0133107954712466,0.289551474659996
0.00211409897211493,0.180592798521138,0.00667185507434418,0.573831455776267,0.0472512127524099,0.0210306306063954,0.0925715644196408,0.0351612467216143,3.77916328883571,0.119687050936846,0.0165817001739142,0.101633486970008,0.0810506560590148,0.0132224258001378,0.335502573880968,0.645254488613411,0.0240402807819369,0.00590638020111764,0.0045464619438254,0.0577754924067582,0.0451965706242334,2.13318920622216,0.182639167701945,0,0.0289125634117675,0.0346804872420397,0.676757644909516,1.33615823190295,0.0694703179339066,0.0326720447952856,0.000703558833350346,0.00266710849303624,0.0415959054074143,0.0627596047884952,0.0759384994537642,0.414357007115698,0.0413973656677639,0.129024373675374,0.0467570659314588,0.259647274119223,0.0091333889805014,0.000887012715494585,0.276535509917188,0.0121098501616031,0.0700838542827164,0.0394634562861648,0.0794621025182233,0.0218466182782957,0.00488730203844839,0.00295106940968561,0.0192462366849139,0.0243040669728638,0.0530612928918023,0.00214378294262139,0.0129579223223562,0.264771383257905,0.0762811722817238,0.313330795162618,0.157962532824712,0.0207396674813715,0.0107254376954557,0.00210515375270539,0.0670426470287609,0.0192372056610166,0.290998226534181,0.00502506331259043,3.5822752505359e-05,0.000350455077671725,0.0166739179238322,0.102019111628754,0.108458255574483,0.14664991163981,0.797856444497412,0.0013896418462916,0.00335294303795575,0.304909448520213,0.737349901775426,0.112398418710892,0.0942905954004467,0.00033749296944893,0.0018128608463982,0.0186391697614377,0.052968062708821,0.0301645002746735
0,0.280211276962626,0.000487314854681638,3.25846063544512e-05,0,0.000346175678538975,0.000770348431152598,0.00114984121044818,0.0900383961865688,0.000215519652875135,0.110027202702334,0.000388274427877495,0.652868507957568,8.70835585250974e-05,0.00143889541614719,0.00369411938571647,0.000175911765804541,0.000341459568690383,0,7.41524168896437e-05,0.000110366601409649,0.0945273919748868,0.000197923476691121,0.0289125634117675,0,0.00986205253057738,0.693384060037962,0.000122900876163107,0.000257204246345561,0,0.00764344749637752,0.000148951378408009,0,0.00440454470400818,0,0.00312426536367719,0.00327973220219808,0.00579216636889239,0.000346716873319477,0.000913354642857886,0,0.0534282333720353,0.00362052705963004,0.0109262024603108,0.00374961126413523,0.00201366872846058,7.51102107082844e-05,0,0.00149063502716087,0,0.0416240319934065,0.00203201018417933,0,0,0.000169958068761742,5.80802480776549e-05,0.00012875089265955,0.00602938656055451,0.000151554795503783,0.0149183788190574,0,0.0771152413540534,0.000218336423353261,8.28425355451583e-05,0.000852386134893126,0.00067815008130945,0.00143883930032643,0.0020194528861062,0,0.000375989566984677,0.00630273681934072,0.000672500677537966,0.00224263612001051,0.196371740963892,0.0329860791931282,0.288852311317867,0.000483432927293372,0.00139292337946593,0.000154092359678757,0.0229243769765161,7.88206210362375e-05,0,0.0028627601299451,0.000195064374733919
0.000884573918840763,0.0299600468300648,6.20044694170444,0.00245211134646975,0.00280373600581604,0.0218255085656284,0.138167866782917,0.0487273609227228,0.0282942915026291,0.0909456687977611,0.837631726140596,0.0584428071949508,0.0900041692451357,0.0215252753270189,0.00407688697946876,0.0256911710237094,1.12940130578845,1.72974691168495,1.96142116693163,0.0144585380401348,0.225917790038105,0.018215876561901,1.0786325475923,0.0346804872420397,0.00986205253057738,0,3.09910427393969,0.0806387466353755,0.046035588364178,0.0942855071459878,0.0797280384408353,0.00729493570548698,0.0076295889997386,0.874419408952442,0.124410539968428,1.88819349621425,0.943161970413558,1.12827396358864,0.651758767887689,0.010629317215624,0.00465152839024974,0.00706556109323246,0.0832713239203924,0.119536411292356,0.0516514957554431,0.0476278307300086,0.00304932467161099,0.001509384628668,0.0175246052579544,4.8703483003512e-05,0.0933527136104133,0.0991616396514248,0,0.000120587710040903,0.00075176551966593,0.000590769790294128,0.00246680867174311,0.00961253373519094,0.000309886250904555,0.205673772787117,0.00120262409361701,0.268889431523983,0.00520272305685801,0.000514022700129667,0.00674792124056355,0.0651867979352964,0.0285961843860583,0.0791821332077282,0.000137072994001704,0.00356666817057145,0.0140787037685249,0.0215314934349541,0.00324410651329808,0.121063671184911,0.499070273568583,1.76984992542408,0.00039439492761122,0.0140306158279826,0.00102568627644814,0.189044216545509,0.00345041499703004,8.47479027854115e-05,0.0383291101582755,0.0818194761301574
