0,0,0.00262813462847076,0.000216983803510487,0,0.0033819032318188,0.6880939816255,0.152299062536455,0.000266672935432721,0.00801991762752963,5.50545928029656e-05,0.000509493295691443,9.04801362016083e-05,0.790234028115419,6.20795844178677e-05,0,0.0140553696715256,7.87910102742436e-05,0.00011443422146008,0.000393123738076579,0.00679946209960901,0,0.0243122159410601,0.000529431120720112,0,0.000842333654902729,0.000361979984353602,0.00472723783680539,0.397252256324581,0.506136045380833,3.96213109738112e-05,0.000605960550058151,0.00145735030612151,0.00730935383098159,0.00160326062635744,0.00523602597420916,0.000185857523298812,0.00146502754128545,0.000467303844458413,0.000254741969229251,0.000462160797471857,5.96499433979988e-05,0.000188476122512859,0,0.000109994982950949,0.000158522672827005,0.000115258563637948,0.000107991472670459,0,0,0,0,9.8378877403486e-05,0,0,0.000201052350263036,0,0.000170549939282835,6.79443836496234e-05,6.45333086650014e-05,0,0,0.000125989176249325,0.0001280587445014,0,0,0,0,0.000126714363979304,9.05309369632242e-05,0,0,0.001045704447947,0,0,0,0.00132315828513109,0,0,0,0,0,0.000142688985029161,0.000175887824846577
0,0,0.00767019772577335,0.00021396253195281,0,0,0.00154480808874013,0,0.175295311430547,5.5564337755537e-05,0.00404942553772058,0.0005460991523543,0.127897770803946,6.1207297851026e-05,0.00203421327762641,0.024880422100514,0.0021777095841617,0,0.000150449897542584,0.000358982060158896,0.00494964123294157,0.223752832966888,0.00712408823648513,0.28641669947505,0.128290868778064,0.0306903304779805,2.37980105582636,0.0329791757566665,0.000142703236412788,6.22518615699828e-05,0.00199054770874582,5.18823558552146e-05,7.37010151844501e-05,0.00646455542039868,0.00158322239068651,0.00805219093947457,0.0369558745286935,0.0051074493467057,0.00448958672291461,0.000991979004581525,4.64323794363856e-05,0.000848398017047524,0.00957647692475983,0.00830957383203763,0.00724460472466974,0.00634935948142465,0.000400340245993781,0.000109259266701079,3.71982230649591e-05,9.48080153657196e-05,0.140763661013477,0.00362742605369568,0.000440431652332842,0,0,0.000308677641185796,4.4968018200624e-05,0.00480280008573942,0,0.00199788005650721,0,0.00909995171447061,0.000282977267228365,0,0.00115171609079828,0.00675494927661025,0.00168690250195143,0.0068909806622472,0,0.000802183055030303,0.00268765679273527,0.000935985579566754,0.00546109086304552,0.0198342372944991,0.0843851128885572,0.697453937481295,0.00103055117554423,4.82156311648607e-05,4.32303465160846e-05,0.00560766826603471,0,0,0.00235041657899435,0.00139243271083465
0.00262813462847076,0.00767019772577335,0,0.000117893959281063,0.00241470637753735,0.00297586665597423,0.51503776124603,0.0371458590576212,0.00540082200552591,0.00470991561310576,0.00245384217918379,0.00115460807012873,0.000374792679264271,0.0426105363991382,0.00068612386668672,0.00189507729795177,2.87275988858618,0.021602813576866,0.109997299756542,0.000779484473997901,0.515454220908525,0.00545672137271501,2.5472200932198,0.0303261164074545,0.00049669818314774,1.41277082415686,0.414787999879362,0.280395238806394,0.0257601022681994,0.122680374107351,0.000209680711797559,0.0010671608334469,0.00144717842133472,0.903236037249251,0.133056675496214,0.541041816495909,0.229415248110356,0.512025516892689,0.520182497084682,0.00218634276800217,0.0041545135359024,0.00125075744853751,0.0119760267119738,0.00488120468452923,0.00682590887508836,0.0129521193818037,0.00105071145147801,0.000267796661168182,3.55800248266876e-05,3.98841016111493e-05,0.0261245165417098,0.0149068931567731,6.00000754664898e-05,7.47546944767715e-05,0.000102284762343478,0.000927338242312756,0.000166039613670409,0.00132161306590757,9.77301977889058e-05,9.99819947779658e-05,2.67648647943735e-05,0.000370928216081822,0.000500351568664938,0,0.00517199342337306,0.00805570227270356,0.000111558642324078,0.00797231142044952,0.000395979185445947,0.00335127649896103,0.00811365400894969,0.00392618030580613,0.0121018498615633,0.000176984987622732,0.0705384890785577,0.42744534418216,0.00758146123090094,0.00016297478025282,0.000287603308589512,0.000454751706466842,0,0.000131046841206694,0.00355731352645823,0.0707054685084951
0.000216983803510487,0.00021396253195281,0.000117893959281063,0,0.000617743740342522,0.0063195153075864,0.00738087542513137,0.0114743907117784,0.155992503940388,0.770562425925781,0.000262498468734026,0.360476145169777,0.000209837080782831,0.00519141419923405,0.0265939356237259,0,0,0.000274461329647261,0.000154132182061654,2.29295827835508,0,0.000989500300136451,2.78541159408152e-05,0.274804468048443,8.34083192339661e-05,8.56514665519056e-05,0.000983626141494639,0.0730596465144313,0.00283242177285495,0.000264603230022508,0,0.000436661614908207,0.000153410566974593,0.0123583824651122,0.00155157898728531,0.0243133803701058,0.00024609243091371,0.00215300516116047,0.00018833216525048,0.0217237157232538,0.00203353160603696,0.000143836153920579,0.00722323480757856,0,0.0020472632147499,0.000528267235952818,0.0230875274103956,0.000484074152520955,0.000109113138856744,0,0,4.97889525667906e-05,0.0905098073188878,0.000460272602351243,0.00653564371022076,0.00619638225361156,0.00551091446654751,0.0350089266225899,0.0507368572102824,0.00103121247806169,0.0435126379969795,0,0.00402476037024917,0.00771496489003273,0,0,0.000220723263378901,3.0400600454092e-05,0.0647710914768296,0,6.08780617159367e-05,0,0.0789813883991292,0,5.29387478307009e-05,0.000114709637177414,0.107322300393528,0.00224266910629639,0,0,0.000171833648011637,0.000212690244360352,0.00130907713217025,0.00075967451518725
0,0,0.00241470637753735,0.000617743740342522,0,0.106077295276726,0.011808576550954,0.00396475386794423,0.00593896939961538,0.00512872713053937,0.000562256905643159,0.00821443067185129,0.000327161372245002,0.00189983882542747,0.172462438372586,0.00197350756490732,0.0010289085174381,0.000332650948177546,3.4562901443696e-05,0.00201797111330089,0.0336148314571579,0.000222612786538625,0.0391252396534257,0.00386811435819655,4.25937150464774e-05,0.000770424203665313,0.00568110036853924,0.0270238135713194,0.044284026925265,0.00963334962269801,2.79183712625921e-05,0.0429505089684399,0.000132165947107744,0.046995904070746,0.0343680961132061,0.0300547877457208,0.00514143471659728,0.0014357915375147,0.00141980722177935,0.423799654479611,0.604625205237663,0.000131276400386703,0.000499289831876314,0.00109639789529471,9.51120797168972e-05,0.00174422512212306,0.00128712334812727,8.23294028443335e-05,0,0,0.000116182591479349,0.000570100393886733,0.000125244259518671,9.51343820654871e-05,7.53794563246966e-05,0.000131189577108514,0,0.000331806857404983,0.000282479849091268,0,0.000352097035157704,0.0001159503892838,0.000150078821644199,0.000196802159209728,0.000327916699931431,0.000135925499554753,0,0,0.000229092311126017,0.000169296914788807,7.95150310714961e-05,0.000872460548673429,0.00197210143274374,0,0.000532650971135617,0.00144227123191693,0.00100480287896896,0,9.82432911417248e-05,0,0,0,0,0.057699961471162
0.0033819032318188,0,0.00297586665597423,0.0063195153075864,0.106077295276726,0,0.337364863017148,1.52189625510848,0.0381760074584975,1.24938681380235,0.0216281345082787,1.2178521844644,0.0121331988190998,0.112116215873675,0.183536549838907,0.000191053508972239,0.00535409775574991,0.0139305613963611,0.00797525780366413,0.033919591054226,0.00306831386411111,0.000159005282239473,0.00714324150172716,0.016463070503424,0.000230916510001338,0.0202301749623945,0.0071201287140049,0.208325708471325,0.112030123018085,0.0208643290643044,0.00126929256600182,0.125364951109901,0.00125695371326838,0.260803778068634,1.19235822612576,0.231693205728186,0.00767195449509571,0.0129874990795506,0.00401918983618165,0.192265684078341,0.215659920078991,0.0030047766675087,0.00707821452391416,4.5934264623034e-05,0.000803486248923091,0.00112315217061002,0.0389008787015164,0.000473824675416345,0.00101671121407973,0,0.000115493221617293,0,0.00803803154759331,0.00120245382498463,0.00319384048433853,0.00281718293119125,0.00201245063542224,0.0116321839819841,0.0120269250039114,0.000814034939770457,0.0164159473890755,0.000993238405840388,0.000474474593808389,0.0144067223886588,0.000726254905196196,0,0.00012132874738369,6.41950984689116e-05,0.0142865431353235,0.000246605546037662,0.000265202889754146,0.000550340238719809,0.0395999271623829,7.63657191267372e-05,0.00013178544866302,0.000168155920190692,0.0166764939276972,0.000451327068066394,6.18676729182243e-05,0.000137478234173369,9.74735814448717e-05,0,0.000963166212041222,0.111827985353986
0.6880939816255,0.00154480808874013,0.51503776124603,0.00738087542513137,0.011808576550954,0.337364863017148,0,2.07593373686827,0.0990583834858284,1.23469538436354,0.00639604296039999,0.0229572565206696,0.0054419565800543,1.99095266874568,0.0126309249458836,0.00850952370736806,0.166034242326968,0.00654099340880124,0.00899894904979208,0.0292894135174487,0.255173240540239,0.00702735887727177,0.498952469948877,0.106173576840746,0.000699133043895113,0.112368532595299,0.0920637826917874,3.59380005956471,0.58864164768201,0.721270544383675,0.00032962834858076,0.012557333019315,0.148165594847798,0.935908584128492,0.235765778415008,0.773003926136781,0.0995900117754109,0.284054574689908,0.0816659380157708,0.0356542100688797,0.100280135595748,0.0136083683294582,0.0795508659100166,0.00154182338180024,0.0268923970105559,0.00970847050327669,0.0400469550238673,0.00449314269349745,0.00270649406086817,8.65370117387114e-05,0.000899206864462528,0.000460890915589589,0.0272335959804332,0.000913405322464797,0.00395455166032348,0.0589613858996436,0.0199506530199785,0.0998776305545673,0.0677265387281372,0.00418297047492047,0.0100843410648018,0.000357771006054962,0.0199711329679887,0.00888658470137993,0.0135823637735856,3.41390523190499e-05,0,0,0.0456161060562161,0.00437509246320121,0.0255076191280352,0.00432931192019368,0.490129990341925,0.000112360172708845,0.000903930166183001,0.00991908654648787,0.429138271046154,0.0247011252275752,0.000404319129542541,0,0.000246267653700114,0.0011575860911537,0.0235540703885914,0.0285256004731719
0.152299062536455,0,0.0371458590576212,0.0114743907117784,0.00396475386794423,1.52189625510848,2.07593373686827,0,0.0198677740680192,1.5852458476028,0.0122259466278006,0.641004850868213,0.00530333203477215,2.82583006329151,0.0561149829555787,0.000659135070550203,0.17230012827373,0.0105716867371681,0.00923724636356538,0.093850323914355,0.0680190577255949,0.000375535767219758,0.228191865577706,0.0108503902983424,0.000130524329661763,0.0263428823201348,0.00630963472926688,0.161991718323298,0.359003249244957,0.940991511419178,0.000545714998536355,0.0134703075367782,0.0177921662881311,0.207348520288971,0.0552762643581136,0.199919311180883,0.00787261600998009,0.0330197711407851,0.00882641031969176,0.0668110356089694,0.0277144537267319,0.0019834214944254,0.00588692723058166,0.000174951788048244,0.00195178219923699,0.000671447090362287,0.0179202450598977,0.000151271722977483,0.000972203661872254,0,0,0,0.00365981108420935,0.00018884783630544,0.000529096988257223,0.0051508205611604,0.00147930121202072,0.0142478015653525,0.00740727257984453,0.000208938777712119,0.00827224037758037,0.000266534272909874,0.000638622531154025,0.00592664889994701,0.000412589236198872,0,0,0,0.00881364039417176,4.54196995416283e-05,0.000669599406965858,0.000254895457893634,0.0473132632472815,0.000190018509311986,8.04204924907206e-05,9.53158444585918e-05,0.0312454115942564,0.000804133872637727,0.000136456114315367,0,3.86313035369038e-05,0.000122391370257426,0.00173300405378291,0.00761639562189456
0.000266672935432721,0.175295311430547,0.00540082200552591,0.155992503940388,0.00593896939961538,0.0381760074584975,0.0990583834858284,0.0198677740680192,0,0.230574119989382,0.00206745888183739,0.15577686980343,0.070965871444724,0.00773820935718697,0.22691158321811,0.0397738489428917,0.0010170913924888,0.00023355182509126,0.000136527214481342,0.133354177971317,0.0100192924486597,0.633038121202673,0.0312793191758899,3.45622647190242,0.0854954646126962,0.0116708898168175,0.405996685011328,0.74216630659884,0.00548661188858686,0.00233457546724017,0.00139072258616463,0.000557967613635081,0.000799568278827206,0.0271876290721735,0.00579065902968348,0.0267347588379014,0.00895669464873816,0.00507985075419804,0.00198689983350238,0.184695064029104,0.0062505578652243,0.000596131734784323,0.0362754542808329,0.00616478739983683,0.0105276138434527,0.00450715450104563,0.0607680023187347,0.0025698237991578,0.000987335241518157,0.00018522396809029,0.0104133449476221,0.00216744550515822,0.0390130756582187,0.00279552640584329,0.00633998487729748,0.0256777138830018,0.0118544351064622,0.427664824448829,0.0330848280168949,0.00281076453776806,0.0252301394245681,0.00192120438611495,0.0112748445777542,0.0238110590625417,0.230580569127999,0.000672918734042019,0.000168912114368213,0.000131449167389309,0.0259788057604387,0.0603966032169954,0.640126527142257,0.0665742700293799,0.620900380250336,0.00191795183110353,0.00200309297141361,0.297797474855085,0.314491490895961,0.012680150198099,0.00086452564344261,9.29732400740148e-05,0.000578457132235282,0.00126981969738116,0.0116855361505667,0.00650158419655881
0.00801991762752963,5.5564337755537e-05,0.00470991561310576,0.770562425925781,0.00512872713053937,1.24938681380235,1.23469538436354,1.5852458476028,0.230574119989382,0,0.00880289299383976,0.411802395757611,0.00627389494351241,0.478063889430675,0.0355561558066883,0.000210878759826672,0.00277879981421571,0.00784261359266205,0.00548482975807172,1.67154043985531,0.00116960234141625,0.000669222720646512,0.00294146132528234,0.148858114039215,9.53346416547777e-05,0.0100847310162724,0.00445061986743696,0.539934024458298,0.183845089325926,0.00818346739864334,0.000404059743910396,0.0178294434794494,0.0033291014026432,0.540389088822183,0.0405707779268659,0.683631799020094,0.0148781527097076,0.0607312070096729,0.0103291206615651,0.0730564599411923,0.0824417347864145,0.00439113238023299,0.0302567053308808,0.000149663202007807,0.00826478826246241,0.00275605118570289,0.0829825842850755,0.00146102357303731,0.000699758728839076,0.000107527616911912,0.00015809785924117,3.45287033480644e-05,0.0651044908338275,0.00166402261745519,0.00577390867268717,0.0301318451359184,0.0111973499034659,0.105340018641861,0.0813008337127331,0.000740606738652954,0.0379063927183195,0,0.00831419897860519,0.0265754409700893,0.00380168586152302,0,0,0,0.0878025023355682,0.000227905503532845,0.00255933741729292,0.0013696176063445,0.338447737749265,0,0,0.000106281315343738,0.230567546404792,0.00536304730463167,0,0,3.65818474574447e-05,0.000198214535334241,0.00852629285938345,0.00350995007404182
5.50545928029656e-05,0.00404942553772058,0.00245384217918379,0.000262498468734026,0.000562256905643159,0.0216281345082787,0.00639604296039999,0.0122259466278006,0.00206745888183739,0.00880289299383976,0,0.0140936093820484,0.813574131278201,0.0150782500757552,0.00315365944406801,0.000168595148443651,0.0206288598860141,1.0820868057491,0.117863533439157,0.00233354972031142,0.000922662081626454,0.00260718753508387,0.00274499596332218,0.00190014477733587,0.033545545666923,0.265672505660267,0.0221290507221621,0.00232345303737205,0.0550231452396138,0.00200506400134086,0.0310371632989112,0.0264609676825082,0,0.612896919814081,0.0111169583186855,0.0742685361780476,0.179976254609926,0.243763626488318,0.0743388056359657,0.012704958018742,0.00114501144616488,0.297559576843484,0.000714650747646493,0.00291393716610112,0.00117429237902269,0.00105202936701089,0.000405759396665472,0,0.0044318367767684,0,0.00710416338487458,0,0.000145585246741462,0,3.9720099666667e-05,0,0,0.00152644008649233,0,0.0732134430770618,3.79629602350473e-05,0.220854562645508,0.000241393007771856,4.04630613495827e-05,0.000146111396242708,0,0.00166997788445279,6.0302454731977e-05,0,0,0.00195374504757248,0.000136429492574,0.00085366719291569,0.0175903842674618,0.0156095900545783,0.0290678500429131,0.000318700199948823,0.00030816090769955,0,0.0507719508201026,0.000466487359482426,0,0.00134001113408997,0.00630736767724496
0.000509493295691443,0.0005460991523543,0.00115460807012873,0.360476145169777,0.00821443067185129,1.2178521844644,0.0229572565206696,0.641004850868213,0.15577686980343,0.411802395757611,0.0140936093820484,0,0.00885538245950828,0.160509537876769,0.263866484115612,0.000147549098726178,0.00195306039769205,0.0110064127829704,0.00665476929732639,1.26659659754678,0.000731891198970778,0.00126004027209953,0.00238564440349492,0.0537321920770621,0.000281881904924906,0.0174215337240347,0.00445602442709534,0.0314844784000153,0.0999005415717834,0.00272494774558679,0.00108398301123368,0.0198954472680224,0,0.259781170704891,1.95006473471034,0.256087060742121,0.00917073405673851,0.0159979814602684,0.00386805952106688,0.186791166280526,0.0324828924181028,0.00278228560990571,0.0121144652969468,0.00144621366841203,0.001628496158324,0.00236259674629398,0.0467386458788783,0.000622394424449051,0.000315387360670281,0,4.11021747283458e-05,0,0.012203943214283,0.00121908775649328,0.00748654976128854,0.00270836235717326,0.0037272240911087,0.0196126076335423,0.0202027398231988,0.000932181167700305,0.103015743519977,0.000185224431815422,0.0017921616212382,0.0174187688140988,0.00206901772543592,0,0.000361720128464985,0.000172619823216337,0.0270469473072258,0.000418994059674901,0.00088225988147902,0.0031864959948163,0.045552691444155,4.86762343161464e-05,0.000514999154254317,0.00220391060709236,0.0230325217307971,0.00103292258749192,0.000347138137122059,4.28502399517536e-05,0.000278217448786605,0,0.00049686683540622,0.973646213644816
9.04801362016083e-05,0.127897770803946,0.000374792679264271,0.000209837080782831,0.000327161372245002,0.0121331988190998,0.0054419565800543,0.00530333203477215,0.070965871444724,0.00627389494351241,0.813574131278201,0.00885538245950828,0,0.00767020039926848,0.00233130677111079,0.00295227940124322,7.81113155036689e-05,0.00579020604860584,0.000322294994993037,0.00135163872608718,0.002101382452191,0.0857677812244945,0.00177410057454802,0.0594345363753233,0.400683264797422,0.023066599116382,0.367186950646269,0.0114756201973235,0.0222760889590766,0.000685382670642686,0.0477543769630841,0.012769728920135,0,0.411976783954164,0.00460275209226701,0.0487408183624367,0.181566288537154,0.125609221103224,0.0208588905220846,0.00569678802210862,0.00102708884695843,0.335528572371859,0.0110613473645801,0.0159401692182024,0.0110421942081937,0.00542860055821849,0.000668375094241959,5.39234344027162e-05,0.0174775194964962,0,0.0326155383163677,0,8.54620511639359e-05,0,0.000354015448610848,0.000187308610674816,0.000630546144038647,0.00995743679993825,0.000236881948472249,0.446070047918723,0.000260318159437108,1.62545906156492,0.000775986488650557,0.000413872738101912,0.000627874244736922,0.000624703039740872,0.0182591830453678,0.0016269514333052,0.000267168422470325,0,0.0134060984743046,8.35854404631614e-05,0.00720467552851091,0.126730666904684,0.140327569558415,0.321246620315634,0.000531171624829048,0.0020891783475307,0,0.398128677630158,0.00244231539188635,0,0.00622788242690622,0.00290208408612576
0.790234028115419,6.1207297851026e-05,0.0426105363991382,0.00519141419923405,0.00189983882542747,0.112116215873675,1.99095266874568,2.82583006329151,0.00773820935718697,0.478063889430675,0.0150782500757552,0.160509537876769,0.00767020039926848,0,0.0142263451319561,0.000407335041047287,0.296568732726697,0.0137013309452194,0.014754588136638,0.0487128406256488,0.0843726093263175,0.000218480952072466,0.332990446125264,0.00931277173655445,6.54036271214247e-05,0.0387092897903114,0.00862643781109149,0.0839497854696354,2.00275639519003,1.88189117826607,0.00112074441611011,0.0241971091875322,0.027021872187144,0.301690298922313,0.026326895805515,0.204627039502689,0.00774307602726066,0.041658907670552,0.0121313232795388,0.0315945037515195,0.0177621801948085,0.00293529079185351,0.00298556125003633,9.44627687394618e-05,0.000546351745392966,0.000576448616771328,0.00517822188325532,0.000168484161385006,0.00045746973226794,7.51381973378416e-05,0,0,0.000920829781712565,4.39825609305024e-05,0.00016893079400028,0.003493920533132,0.000430431328427893,0.00553039857681136,0.00216816147499051,0.000449794937647998,0.00122406973846119,0.000585620803789937,0.000254832484891587,0.000951488933964407,0.00113076131002434,0,0,0,0.00315937169950256,0.00056036630263524,0.000894582643168095,0.000104808781224668,0.020746466538185,0,0,0.000176829792101526,0.0172608911720445,0.000518243166273165,4.99646194843054e-05,0,0,0.000254463457656813,0.000824190637719903,0.00162223525292231
6.20795844178677e-05,0.00203421327762641,0.00068612386668672,0.0265939356237259,0.172462438372586,0.183536549838907,0.0126309249458836,0.0561149829555787,0.22691158321811,0.0355561558066883,0.00315365944406801,0.263866484115612,0.00233130677111079,0.0142263451319561,0,3.80383928564787e-05,0.000662025915604627,0.00260247152016159,0.00185612950527811,0.0465470634794191,0.001342839652745,0.00721660935761837,0.00169152311359202,0.149683900714338,0.0010258224266863,0.00513920278358992,0.00927579386783447,0.0539817828917349,0.0120341613311794,0.00293920738165957,0.00024535551942864,0.00361887085405342,0.000275806086809957,0.0252435372861672,0.0508643998395978,0.0133330593342184,0.00142596712871818,0.00444021010907448,0.000958024867557262,0.795355007028196,0.004208166093869,0.000341690825489903,0.00328403557109647,0.00132048659047802,0.00035615901258958,0.00217353042796097,0.0219856834248293,0.000170900310833788,0.000174248785102737,0,0.000120122182487369,0.000208696460648203,0.00521383544868942,0.000983966195705685,0.00212732124182532,0.000967311897302161,0.00111445292879796,0.0123979193672264,0.00786712248476404,0.00025511939794423,0.010995028947109,0.000270556796694624,0.000989546744494357,0.00703480989730173,0.000410778520186186,7.70292640708927e-05,0.000107975958561122,7.76423391746521e-05,0.00769181370456334,0.000250390923402572,0.00115334152140691,0.000744715312840674,0.0210051296190847,0,0.000430593447169375,0.00133476672506265,0.00844386570415218,0.000310237486256432,4.8615810713768e-05,0,0,0,0.000143109986489618,0.0309981643462522
0,0.024880422100514,0.00189507729795177,0,0.00197350756490732,0.000191053508972239,0.00850952370736806,0.000659135070550203,0.0397738489428917,0.000210878759826672,0.000168595148443651,0.000147549098726178,0.00295227940124322,0.000407335041047287,3.80383928564787e-05,0,0.000803565889904524,3.96704876089096e-05,9.11926139441728e-05,5.44457761328101e-05,0.847186392966622,0.594950765327276,0.659727067800975,0.335581594437816,0.00556004755067162,0.00202182948927457,0.551091852503503,0.665928337848101,0.000824142660674234,0.00191990167118708,4.99332908239961e-05,6.31009509946704e-05,0.000104197182203722,0.0259753226752547,0.0378870987179427,0.131362613864166,0.0881437365725036,0.0228249818898891,0.034917832266123,0.000328085478462482,0.00112109114099629,0.000208999715113234,0.00714120860477143,0.00630352859702641,0.00200682770041484,0.00309639844273396,0.00244252170602771,0.000260412506818843,0,0,0.00156774533581745,0.00364554627432519,0,0,0.000114767145625091,0.00280433186248165,0.000179935890524501,0.00124532261394165,0.000423248565766758,0.000230726822474205,0.000138001076639521,0,0.000689078085332036,4.1790460387981e-05,0.330196406147877,0.000759688089488642,0.000112233699843335,0,0.000355699066926509,0.0195548221111877,0.199295005594946,0.140083861175415,0.0301327917426017,0,0.000440793858671665,0.368728084710458,0.0215965314990375,0.000172662155007237,0.000424240138548124,0,5.56954261012316e-05,0,0.000769299798670509,0.0110948501185279
0.0140553696715256,0.0021777095841617,2.87275988858618,0,0.0010289085174381,0.00535409775574991,0.166034242326968,0.17230012827373,0.0010170913924888,0.00277879981421571,0.0206288598860141,0.00195306039769205,7.81113155036689e-05,0.296568732726697,0.000662025915604627,0.000803565889904524,0,0.117726393312856,0.99528552845063,0.000444675298983586,0.177506210225154,0.00036260575202787,1.63536770108739,0.00584939498173236,0.000267263046345448,1.1696695765138,1.05978108820047,0.0647285218210621,0.316907801292198,0.533003614495584,6.9647413107419e-05,0.00204082407343701,0.0235706817477894,1.40048137872585,0.0180784092862605,0.0480627320496955,0.0184992646297586,0.137922038775079,0.0641665740350272,0.00182982215648838,0.00376583197979212,0.000243876510574633,0.000503502615768993,0,0.000247925934771251,0.00055805084249922,7.50052149035812e-05,6.42169436237097e-05,0,0,0.000861146315124051,2.77671620358288e-05,0,0,0,0,0,6.97090667788088e-05,0,0,0,0,0,0,0.000429544840551031,0.000171526727287817,4.50415915673018e-05,0.000411705195397353,0,0,0.00125323356439488,0,0.00103346322350503,3.52429597921908e-05,0.00619961830828131,0.0139256302260403,0.000216887017761862,0,4.40423662327051e-05,8.37637068539501e-05,0,0,0,0.00404407185284566
7.87910102742436e-05,0,0.021602813576866,0.000274461329647261,0.000332650948177546,0.0139305613963611,0.00654099340880124,0.0105716867371681,0.00023355182509126,0.00784261359266205,1.0820868057491,0.0110064127829704,0.00579020604860584,0.0137013309452194,0.00260247152016159,3.96704876089096e-05,0.117726393312856,0,0.370074045200683,0.00160585474610961,0.00155837466137978,4.54682970645904e-05,0.0121989142545644,0.00022682057177918,0,0.23256497020802,0.0220344645981834,0.00125924570194596,0.0443583722092325,0.00403761451739697,0.00245562754053504,0.0168365612732923,0,0.428213734226144,0.012603479432743,0.0774185129631335,0.172211904924461,0.254991312329796,0.137539383401078,0.00807098488740717,0.00106145658761217,0.00102215262355775,0.000498960752493382,0.000288474778738868,3.17524005782962e-05,0.000982395639237643,4.91641863646388e-05,6.04018181827426e-05,6.84932774534583e-05,0,4.56112419692874e-05,0,0,8.30314435057642e-05,0,0,0,0,0,0.00039111011728195,3.83840357173562e-05,0.00194276657932096,0,0.000110791475495553,0,0,0,0,0,0,0,0,0,0,0.000490074446575713,0.00115220235558396,0,2.55757037417292e-05,0,0.000931300366443373,0,0,0,0.00904699751348971
0.00011443422146008,0.000150449897542584,0.109997299756542,0.000154132182061654,3.4562901443696e-05,0.00797525780366413,0.00899894904979208,0.00923724636356538,0.000136527214481342,0.00548482975807172,0.117863533439157,0.00665476929732639,0.000322294994993037,0.014754588136638,0.00185612950527811,9.11926139441728e-05,0.99528552845063,0.370074045200683,0,0.000852651256059443,0.00423269474762839,5.00449070683837e-05,0.0536617365695733,0.000367571625534511,0,1.47159860698385,0.0744810258101264,0.00310858851154484,0.0261358582003554,0.0142084750246332,0.000149162877424461,0.00763351205831426,0.000402598337017375,0.936363110133623,0.00701947411749148,0.0426841482941899,0.0552221881317228,0.157351886358022,0.0855377802646556,0.00445865645038997,0.000493768670384091,0,0.000130092854109246,0.000118800539736521,0,0.000626252713338196,4.62165012363196e-05,4.23488899480462e-05,0,0,0,0,0,0,0,0,0,8.50062158907651e-05,0,0,0,0.000106446945768964,0,6.19732237249732e-05,0,0,9.89352735397338e-05,0,0,0,0,5.49912344518661e-05,0,0,0.00111162577083875,0.00217634247893104,0,3.9557260300684e-05,0,0.000317391641648877,0,0,0,0.00419030877055537
0.000393123738076579,0.000358982060158896,0.000779484473997901,2.29295827835508,0.00201797111330089,0.033919591054226,0.0292894135174487,0.093850323914355,0.133354177971317,1.67154043985531,0.00233354972031142,1.26659659754678,0.00135163872608718,0.0487128406256488,0.0465470634794191,5.44457761328101e-05,0.000444675298983586,0.00160585474610961,0.000852651256059443,0,0.000181492842211568,0.000984385442412827,0.000741001346968945,0.104950248640136,2.78911878259957e-05,0.00299893722293837,0.00256235933327614,0.103430569700898,0.0295229181797347,0.00113351489243977,0,0.00388162998420798,0.000290590802234423,0.0759618871937846,0.00725516685266036,0.134120791998119,0.00425033631683741,0.00678863329483382,0.00141012127303414,0.0469810432129612,0.0136872738776629,0.000781556513273565,0.00929379087255999,7.85009099277379e-05,0.00162302272786365,0.000595781848729634,0.0343362087925627,0.000192810970616627,0.000126385214928746,0,0,0,0.0211963070624083,0.00125921418605392,0.00327095014702628,0.00730151671950288,0.00351598408505017,0.0277456244222319,0.0291034215682895,0.000148513999692571,0.0270691295618922,0,0.00234790585138982,0.0126315815850244,0.00208195784678771,0,7.64763992124077e-05,2.8715976312089e-05,0.0440822933192412,0.000195159814607906,0.000728759859096265,0.000757807057070769,0.0857892146044385,0,0,0.000128646151439416,0.0613405625480255,0.00131813493365636,0,0,0.000108792905085129,0.000118692594105149,0.00138107662881353,0.000593205126289809
0.00679946209960901,0.00494964123294157,0.515454220908525,0,0.0336148314571579,0.00306831386411111,0.255173240540239,0.0680190577255949,0.0100192924486597,0.00116960234141625,0.000922662081626454,0.000731891198970778,0.002101382452191,0.0843726093263175,0.001342839652745,0.847186392966622,0.177506210225154,0.00155837466137978,0.00423269474762839,0.000181492842211568,0,0.0804940362834912,4.31309366332401,0.0666884723360234,0.00171401490369524,0.0484106822304824,0.314790177145938,0.508972336478364,0.071151763830138,2.18220999222406,0.00016076705892241,0.000738835781083254,0.00555641164955129,1.45687865529589,0.322160786587092,0.677828957537142,0.145697485302799,0.535736957531842,0.36953729699812,0.00415954116975898,0.0156655319299044,0.0015566043460585,0.0111155021825838,0.00178694571715524,0.000990555248685819,0.00555504063640226,0.00400841127700419,0.00025009236714803,0,0,0.000223898611421549,0.000516499703467262,0,4.52501024159789e-05,0.000411976912199199,0.0017290591266702,0.000452783225939262,0.00159124717368547,0.000680618996533281,0.000210853252767312,0.000762193594198374,0,0.000648427387296045,0.000447425535175878,0.101659385480641,0,0,0.000134961023125452,0.00108123937822602,0.0213614059628411,0.0910462511370642,0.0363837299865296,0.0248091974254295,0,0.000328173710332972,0.0319482908862591,0.0190667155877986,0.000416557612998873,0.000219424854781133,0,0.000126678646258593,0.000138435258343864,0.00047452172395699,0.0570175425244413
0,0.223752832966888,0.00545672137271501,0.000989500300136451,0.000222612786538625,0.000159005282239473,0.00702735887727177,0.000375535767219758,0.633038121202673,0.000669222720646512,0.00260718753508387,0.00126004027209953,0.0857677812244945,0.000218480952072466,0.00721660935761837,0.594950765327276,0.00036260575202787,4.54682970645904e-05,5.00449070683837e-05,0.000984385442412827,0.0804940362834912,0,0.206870349751434,1.39096954858308,0.0729446381903723,0.00492095428190392,1.30550347305788,0.288620780188712,0.000743664280918124,0.000926074876530574,0.00175108101734837,0,0.000545740355374897,0.00677961252822196,0.00339386489967395,0.0152017552658826,0.0122021613297817,0.00324126662237803,0.00358988380101079,0.0043884650049727,0.000316740299424738,0.000318466926613534,0.00686662047351455,0.00521397992410477,0.00277086207220627,0.00285227344515633,0.00178630369950734,0.000135666279383219,0,4.58160691422701e-05,0.0361937587858894,0.0039805817624436,0.00105151953061956,0,0,0.00328986599806353,0.000271614773608589,0.0109795834016006,0.00084827886799114,0.000436560126594865,0.000243699585285634,0.00214227538673771,0.00109029347208819,0.00037145689756583,0.30041334448939,0.00110416116344472,4.64212151994109e-05,0.000558772895186055,0.000738737634638825,0.0205182355366206,0.318833512442168,0.0930187549417096,0.0517816527809195,8.11654222840551e-05,0.00450913253256923,0.411406462352503,0.0310818445695198,0.00071743556075213,0.000177030341246885,0.00124686166104899,0,0.0002132008862836,0.0022276443336516,0.00167898011947629
0.0243122159410601,0.00712408823648513,2.5472200932198,2.78541159408152e-05,0.0391252396534257,0.00714324150172716,0.498952469948877,0.228191865577706,0.0312793191758899,0.00294146132528234,0.00274499596332218,0.00238564440349492,0.00177410057454802,0.332990446125264,0.00169152311359202,0.659727067800975,1.63536770108739,0.0121989142545644,0.0536617365695733,0.000741001346968945,4.31309366332401,0.206870349751434,0,0.0906132223774948,0.00149202500451,0.309414000796594,1.03452408628499,0.679031836336819,0.289115945244324,1.13845586363033,0.000345656663775802,0.00110179518121759,0.0168477141261416,2.94695899813654,0.508486685314234,1.63725630041957,0.829248448402354,1.41754897750004,1.13647166792177,0.00698932626247398,0.0157580664098048,0.00493078797826575,0.0250813048754225,0.00977830557919592,0.00447995122441578,0.019423513156426,0.0031155960057002,0.000533944542187643,0.000139093190689945,0.000125961666245735,0.00558999944154435,0.0101930777655301,0,0.000109005946506572,0.000374705832037836,0.00363576214647886,0.000534861494410837,0.00137198403705697,0.000313740838188046,0.00017875774784224,0.000383697852045751,0,0.000935171944432067,0.000301941313022626,0.349720607428361,0.00093405367236541,0.000220118476545453,0.000230044308341914,0.000309626832102656,0.0172876274774666,0.171009097649487,0.160402547963298,0.0320284322401688,0.000106177449622679,0.00205007821353137,0.64206792644871,0.0281747522628567,0.000263737544463176,0.000593144541581047,0,0,0,0.0018704279733338,0.187631669157317
0.000529431120720112,0.28641669947505,0.0303261164074545,0.274804468048443,0.00386811435819655,0.016463070503424,0.106173576840746,0.0108503902983424,3.45622647190242,0.148858114039215,0.00190014477733587,0.0537321920770621,0.0594345363753233,0.00931277173655445,0.149683900714338,0.335581594437816,0.00584939498173236,0.00022682057177918,0.000367571625534511,0.104950248640136,0.0666884723360234,1.39096954858308,0.0906132223774948,0,0.0901642264338947,0.015650799848371,0.739356708628043,1.68236004806852,0.00860513844771086,0.00948866539606463,0.00156623752810878,0.000588677636316168,0.00403167732914817,0.0642267896947835,0.0385550781174892,0.124186748850935,0.0281021468037388,0.0175919142294753,0.00841036583052529,0.0846201643158173,0.00500236388703798,0.0024411856594953,0.101760200676271,0.00284581507993305,0.0358254735831702,0.0131918177137015,0.0872507634387145,0.00547396791777941,0.00231057681429545,0.000788160566564295,0.00346550459351149,0.00124611196990887,0.0726545841053471,0.00426095938876049,0.0104290964319761,0.0860605125971769,0.0372922619366774,0.368801018123391,0.0981388301608798,0.006049939761979,0.0306277016405351,0.000879948568743826,0.0342375296694648,0.0296220840204579,0.127615834549565,0.000558165981312918,0.000138960286631763,5.85743144494415e-05,0.077184963158403,0.0581518000041005,0.262810263907834,0.0326777687355488,1.13035364078987,0.000371059487305033,0.00145551010764059,0.0707481160308967,0.854985231126737,0.0384499535176786,0.00263281053661192,2.80401763971984e-05,0.00131169965236534,0.00357313785049179,0.0321928893929157,0.0188232992993804
0,0.128290868778064,0.00049669818314774,8.34083192339661e-05,4.25937150464774e-05,0.000230916510001338,0.000699133043895113,0.000130524329661763,0.0854954646126962,9.53346416547777e-05,0.033545545666923,0.000281881904924906,0.400683264797422,6.54036271214247e-05,0.0010258224266863,0.00556004755067162,0.000267263046345448,0,0,2.78911878259957e-05,0.00171401490369524,0.0729446381903723,0.00149202500451,0.0901642264338947,0,0.0146763756245541,0.628654844992369,0.0104111537266333,0.000308465366108233,8.00366325830696e-05,0.00800635707460828,0.000709249693140507,0,0.18841596295949,0.000205281257856775,0.00164392355541592,0.0467418467905853,0.00504034494997008,0.00125483737844562,0.00149593146856212,0.00016620251834979,0.0759624398822971,0.00421793276997518,0.00542313385939245,0.00158495463482761,0.00164317522714873,0.00014512896733718,0,0.00387289615677413,0,0.0115335467813797,0,0.000205411214103555,0,0.000105824228230423,9.444133723619e-05,6.67136397330523e-05,0.00178285090232354,9.06329368981899e-05,0.0489870112344723,0.000110588794956279,0.282735466884873,0,3.24264239687383e-05,0.000481623319480276,4.76480403120518e-05,0.00143830827395192,0.000732799967425094,0.00022288920155096,0.000211130817295468,0.00332842580955407,0,0.00223447820737594,0.15899847269499,0.0260409666186729,0.206129162977549,0.000750005419476059,0.000253487327140045,0,0.0707970705743138,0.000229041118484008,0,0.000598407782638371,0.000145721464366078
0.000842333654902729,0.0306903304779805,1.41277082415686,8.56514665519056e-05,0.000770424203665313,0.0202301749623945,0.112368532595299,0.0263428823201348,0.0116708898168175,0.0100847310162724,0.265672505660267,0.0174215337240347,0.023066599116382,0.0387092897903114,0.00513920278358992,0.00202182948927457,1.1696695765138,0.23256497020802,1.47159860698385,0.00299893722293837,0.0484106822304824,0.00492095428190392,0.309414000796594,0.015650799848371,0.0146763756245541,0,2.13011060639095,0.0552666091741564,0.0700969165121799,0.0405672615383799,0.00998286307968616,0.0233362465633331,0.00108576205242505,1.13326685423344,0.0863124498152968,0.511772226727106,1.00471162685887,0.590856820901119,0.527566292486821,0.0129114913758196,0.00254812230118051,0.00675914112102726,0.0130320938164371,0.0166486961315003,0.00927731420265306,0.0145814429172015,0.000627269791001808,0.00022982870228101,0.000458616896805131,0,0.0271231064901457,0.000956246002712077,0,0.000282713697184467,0.000107046222328663,0.000118552283507538,2.54557992270291e-05,0.00149990257328508,0,0.0339206549049916,5.90931423186779e-05,0.110500592200324,4.30370798146963e-05,0.000138384771086561,0.000479354871928739,0.00339107480489146,0.0165067098620376,0.00854648851776247,0,0.00022557270051232,0.00228510983994588,0.000263107466104585,0.000889122247085043,0.00966199938646347,0.271966128696599,0.707139182733708,0.00020819561573478,4.37722561404705e-05,9.41854828818086e-05,0.121220159904484,5.0645511667192e-05,8.1149032975173e-05,0.00287377647095434,0.0588446472037611
0.000361979984353602,2.37980105582636,0.414787999879362,0.000983626141494639,0.00568110036853924,0.0071201287140049,0.0920637826917874,0.00630963472926688,0.405996685011328,0.00445061986743696,0.0221290507221621,0.00445602442709534,0.367186950646269,0.00862643781109149,0.00927579386783447,0.551091852503503,1.05978108820047,0.0220344645981834,0.0744810258101264,0.00256235933327614,0.314790177145938,1.30550347305788,1.03452408628499,0.739356708628043,0.628654844992369,2.13011060639095,0,0.870360317949005,0.0193363129371956,0.0117440291215322,0.0205332388908248,0.00486986182629425,0.000551583640373075,1.25983814415515,0.35034985333285,1.76931973952377,1.72120126820309,0.919209770744448,1.12053971516615,0.00969504929866889,0.00775537966518656,0.0049368711637321,0.135199828407653,0.120118481895504,0.107542626655944,0.106855098100519,0.00317381199124959,0.00110688097665583,0.00197888843975018,0.000424451941192103,0.746547421403722,0.182077097153259,0.000438382683926761,0.000244901602192283,4.74226742522478e-05,0.00507908974206881,0.000680831282496411,0.0179186797589811,0.000251059179619896,0.0379289515047301,0.000542713950184071,0.214284885832187,0.00178761601985905,0.000894705303908231,0.18114448686782,0.120511942339392,0.0480460110946142,0.118113828103673,0.000589330530822087,0.0200405429342346,0.178040861107801,0.130292165472081,0.0708153447974064,0.0633004592055581,1.79534386976118,9.50661533339034,0.0508252670576075,0.00110466088496769,0.00194049266503794,0.299671609864538,3.67759719414711e-05,7.53154230684755e-05,0.0481585463311802,0.173391401076692
