0,0,416.192499816418,1.13943123817444,0.396082788705826,18.6818619370461,4923.60331177711,1074.38398441672,6.05912211537361,19.1442089676857,11.4445860385895,1.06537079811096,2.17825153470039,6961.5785368681,2.26372647285461,0,876.149269789457,4.64046382904053,102.74549844861,2.27677896618843,336.739154398441,2.02464964985847,1822.5173497498,15.0735150575638,0,242.749394237995,85.035885155201,174.1321208179,7646.92670175433,9410.24122002721,0,1.48448371887207,8.23943889141083,126.211741894484,1.4204204082489,26.015171200037,0.601243793964386,41.4166886806488,23.8065361380577,1.18601179122925,2.48992437124252,2.35749441385269,32.2429301738739,0,8.15921303629875,1.42476326227188,1.47093152999878,2.58749079704285,0,0,0,0,0,0,0,1.59535282850266,0.776226103305817,1.89477425813675,0.501776993274689,0,0.748426735401154,0,2.42428663372993,0,8.53190240263939,0,0,0,0,2.27566826343536,2.32650285959244,4.41273555159569,16.0204047858715,0,0,6.85341265797615,14.2813601195812,5.06706315279007,0,0,0,0,0,2.53428119421005
0,0,86.1340853571892,1.8751500248909,3.03436803817749,4.26948228478432,15.3126465976238,4.74299317598343,1612.51645728946,7.31032538414001,457.674857705832,4.08288115262985,2593.54720437527,2.09690278768539,54.4892030954361,445.587117254734,179.04583466053,41.2931169867516,94.6311390399933,0.875802040100098,107.731299579144,4530.84030669928,53.0764642655849,2968.07654374838,4249.8775818944,663.054622590542,25693.1767584383,131.921806633472,26.517595410347,16.238195091486,495.847782284021,1.91660308837891,0.852632910013199,112.866485893726,14.264092206955,448.327642261982,187.070147871971,321.277732998133,269.100282758474,10.1696708798409,0,314.664286643267,543.856639176607,99.2709280252457,150.258594274521,228.222455859184,2.4465919137001,1.52710819244385,99.5517252087593,3.36439776420593,3721.30042648315,248.05310729146,0,0,0.730208039283752,37.4233750551939,15.7458086013794,17.829782307148,1.36955574154854,70.6363073587418,7.19801178574562,411.995840966702,26.5868988633156,0,107.219079375267,178.601619929075,31.510789424181,196.90754544735,0,37.8836544454098,58.5733122229576,171.750438809395,66.5812568068504,206.900499939919,558.98345631361,6171.99540993571,27.9624707698822,10.60170596838,96.4423990249634,64.3454462587833,0,0,47.2272300422192,33.3548045754433
416.192499816418,86.1340853571892,0,3.02393823862076,0.921636283397675,289.913453966379,4791.01552528143,5649.60759794712,29.9515438973904,454.630227833986,282.132430523634,15.0109959244728,24.3379849791527,3636.67343729734,16.1843531727791,69.6350219845772,22922.4549453259,386.158402740955,2315.82918921113,2.63459733128548,3115.62295171618,104.576816886663,52174.1375763118,145.510006397963,6.22396716475487,28079.5036822855,35212.3976255953,2106.72845807672,588.16962531209,2416.19994580746,20.8542003035545,17.4354153871536,19.3513104021549,1970.35000953078,422.231638550758,6390.95950737596,703.757564753294,3943.33773130178,4411.59126383066,22.1928883492947,25.8135907649994,10.841531008482,1648.819758147,97.2527784407139,582.147188931704,810.121012181044,11.3049691915512,2.66842448711395,1.25509434938431,24.9317514300346,328.298656314611,1026.36213800311,0,0,0,357.059548169374,41.9287092685699,11.9802396893501,5.81784102320671,6.29891541600227,0.587976574897766,0.543363928794861,153.752661257982,5.70229488611221,144.730005860329,292.560355275869,44.9902254343033,179.804123073816,0,90.3886664509773,101.678875476122,1322.10371363163,81.7657258212566,8.84427529573441,277.064937070012,8781.77567368746,72.192466288805,7.92708995938301,304.020847141743,2.09709373116493,0,0.964785933494568,73.6266644895077,259.716486126184
1.13943123817444,1.8751500248909,3.02393823862076,0,96.7460193634033,191.585061043501,386.089983314276,317.806416034698,4530.33124670386,2392.65377226472,74.3297231793404,12056.2508805096,52.9548832178116,347.935817748308,930.299924969673,0,0.954978823661804,18.1607728898525,5.4306908249855,16508.3276325166,1.81864815950394,9.24329116940498,0.848518133163452,3577.52834820747,11.9923428893089,9.570636510849,5.42118045687675,5402.53518569469,184.359499901533,5.37243068218231,0,44.8002954423428,0.526170551776886,89.3194125294685,43.5000641047955,407.767766803503,9.05499613285065,97.1492325663567,45.3806965053082,546.912672191858,30.5639017820358,16.226689696312,124.420308411121,1.99169686436653,104.358216196299,16.01539888978,478.711754739285,7.14822256565094,5.84073436260223,6.46580946445465,0.483530730009079,0,2381.32309013605,49.4259829521179,168.994323223829,72.1936419904232,435.412537127733,595.433007359505,1322.61435572803,4.13884344696999,1450.52180922031,0.776002496480942,57.9489823579788,277.981656581163,3.90074622631073,0,0,0,663.312679260969,1.8093866109848,3.78527194261551,0,1745.45551890135,0.848615527153015,0.646519780158997,0,2243.75286382437,28.8952038288116,1.35152220726013,0,3.08130133152008,0.825297832489014,22.6816347241402,0
0.396082788705826,3.03436803817749,0.921636283397675,96.7460193634033,0,2521.97984310985,58.8287330269814,208.510411411524,398.11869764328,204.449247062206,6.75567787885666,791.280810832977,6.26340478658676,26.5638489425182,4865.92418849468,0.421566337347031,0,2.7381551861763,0,120.976189136505,0.577251017093658,21.8154679238796,2.02960163354874,330.155723184347,3.24889063835144,2.17922961711884,12.0089780986309,199.349553227425,13.1483340859413,3.61551129817963,0,1189.77894610167,0,4848.21946167946,17.5954422354698,195.052830964327,0,10.2617651820183,10.9692634940147,16135.6647290587,3297.8874515295,1.95674753189087,14.0429938435555,1.26823699474335,0,0,43.9114853739738,0,1.78239095211029,0,0,0,27.9653436243534,1.19072782993317,1.64063477516174,0,7.02354669570923,9.57283437252045,8.78565326333046,0,27.1360048949718,0,0,6.78491169214249,1.78770422935486,0,0,0,2.57186523079872,0,0,0,31.5587861537933,0,0,0,22.6199791431427,0,0,0,0,0,0,30.1666786372662
18.6818619370461,4.26948228478432,289.913453966379,191.585061043501,2521.97984310985,0,4588.60387012362,16452.4488729537,517.971422076225,17656.5766653121,114.847971946001,13156.5187370777,212.920797586441,2153.53428167105,7789.5030978322,0.893546521663666,118.910094559193,19.6824897527695,22.7629659771919,499.368605285883,207.835355997086,11.3495681285858,278.38787728548,273.106380581856,37.7954092919827,83.283194899559,35.9823234677315,1530.85354369879,509.420359075069,267.422405719757,0,1031.64268761873,8.7026709318161,825.144870728254,1298.83719500899,2826.27049458027,44.2720096111298,347.043548762798,321.30209094286,7068.67411991954,1960.78382903337,92.5864806771278,604.738148957491,10.7687695622444,257.16467165947,68.8119688034058,193.60527330637,29.0700488686562,13.0154122114182,9.18065458536148,0,0,56.2221729159355,5.01606619358063,22.6985519230366,16.4178589582443,165.387327194214,70.771291911602,80.321471363306,24.1702330112457,43.5894030332565,0.592103779315948,38.6958352923393,33.8471288084984,18.2066978812218,0,0,0,20.8395242393017,4.70490247011185,1.852583527565,0,1035.44805264473,0,0,3.85415944457054,530.754126042128,112.550909668207,24.8799696564674,0.782321751117706,5.66038596630096,1.71776449680328,62.8321855068207,126.049752503633
4923.60331177711,15.3126465976238,4791.01552528143,386.089983314276,58.8287330269814,4588.60387012362,0,28398.2223468423,826.322911083698,34493.1243859828,1633.84980657697,613.920457005501,538.315550029278,48263.7128536403,533.925118267536,9.15175610780716,1242.15999546647,591.558824807405,528.846351027489,127.130241423845,7068.07921358943,31.1462533473969,6220.98240834475,1038.35288575292,28.3136401772499,1324.18767377734,667.907327055931,60587.6692130566,6859.33808746934,29618.8330521882,7.03648471832275,588.615633964539,196.039581149817,2385.87672683597,1809.60400646925,5481.16830447316,240.491093605757,2937.92654329538,985.598608672619,713.376120746136,563.753175586462,224.599138468504,949.435448139906,24.2295753955841,400.398400604725,148.667981296778,234.414344251156,63.1375372409821,32.4110783934593,26.4699812233448,11.0393451452255,18.0838408768177,192.050257951021,4.37070596218109,92.8825649619102,101.665696561337,625.934352397919,240.449542820454,375.263718932867,56.6027553081512,48.4775249660015,9.17629167437553,162.195169985294,35.076131016016,51.2986215949059,0,0,0,50.268133610487,8.15522730350494,31.3491035699844,69.5656442046165,1577.7294447124,2.21979984641075,1.8705141544342,343.661052078009,1235.91172516346,137.582235574722,37.5349301695824,0,0,4.24164360761642,87.7114549577236,91.4748482704163
1074.38398441672,4.74299317598343,5649.60759794712,317.806416034698,208.510411411524,16452.4488729537,28398.2223468423,0,981.872420012951,22307.5816992223,154.416684836149,7472.44596847892,448.020598173141,28576.7674167156,521.121623724699,4.82980227470398,3919.309394449,102.692798942327,1018.79323676229,893.399736046791,2894.65172618628,16.6995759010315,8465.136033535,462.811632037163,77.5567099153996,2692.20966003835,809.017286717892,4810.20471954346,1805.60673338175,9229.95291820168,0,561.778302133083,33.3539105951786,966.056203216314,251.863123595715,5817.54467612505,85.6629865169525,681.278719544411,766.30999776721,3429.65161439776,495.378360450268,136.306329488754,1217.07869425416,19.3853153586388,551.432955503464,144.802158474922,453.685233592987,51.1593663692474,18.4917789697647,18.7814826071262,1.41814595460892,0.438749402761459,73.0700685381889,0,107.605868339539,104.684745848179,122.924516677856,385.412095248699,94.5796236395836,23.3006777763367,58.4922194778919,3.08271384239197,64.7245497703552,43.513419508934,43.615854293108,0,0,0,21.4078403413296,7.25093540549278,15.6574417948723,9.26344814896584,4571.45505532622,3.52111387252808,0,35.3013820052147,2332.10050591826,102.587964475155,31.9839679002762,0,12.0618484020233,8.17305827140808,64.0300315022469,25.8039118349552
6.05912211537361,1612.51645728946,29.9515438973904,4530.33124670386,398.11869764328,517.971422076225,826.322911083698,981.872420012951,0,2142.68409562111,367.212941050529,2939.89448425174,1251.40151593089,866.814458966255,2373.35546413064,379.806890726089,52.9348388016224,60.4665057957172,31.26755002141,1744.60935261846,171.800810486078,9712.57710710168,179.324463069439,43642.2213532031,1006.49081206322,196.931051254272,4411.3629180789,9767.52805060148,518.760922521353,318.024018168449,282.751789063215,151.89585724473,22.1736728847027,331.196520149708,230.382223814726,1569.05989557505,96.4793475866318,375.154707878828,226.060303479433,2263.6662222147,112.581884205341,153.531836181879,1403.72580394149,68.8731243014336,647.199496775866,230.430243074894,365.792233675718,38.2813814878464,89.8450256586075,37.4697400331497,72.0934408009052,6.31786626577377,562.837710529566,15.0455753207207,267.184311717749,246.429704874754,923.071391284466,2940.26622533798,586.886804312468,210.419887423515,179.418215513229,88.584731221199,604.237910598516,99.933935791254,1839.11907246709,5.71498841047287,35.9898596405983,6.84600085020065,106.092361718416,212.354623913765,957.638741284609,300.335263103247,6111.78425359726,39.918514251709,54.8483065366745,312.159412652254,2710.60128563643,561.036260455847,186.827335387468,3.77905261516571,18.8242795467377,13.1989599764347,150.734738081694,255.377602338791
19.1442089676857,7.31032538414001,454.630227833986,2392.65377226472,204.449247062206,17656.5766653121,34493.1243859828,22307.5816992223,2142.68409562111,0,1333.56763866544,16608.9874873161,669.42831030488,7694.36009126902,1299.62414067984,4.98082908987999,149.742664009333,355.847190290689,168.827104359865,5948.83474355936,388.372989922762,10.0339150428772,291.762080520391,1247.34007203579,70.203920006752,235.541669636965,109.895619004965,26867.1180610657,3303.08188351989,471.120168596506,1.42190620303154,598.194132715464,33.7334270775318,1450.34107136726,2417.86267462373,4463.91149911284,159.371613204479,1361.77792921662,679.897094130516,1123.21307772398,339.772464752197,318.839718699455,480.101959556341,20.4882154762745,385.250292062759,140.594760686159,678.56640034914,48.2111212015152,32.0504132509232,19.6781944036484,2.38794758915901,0.475662708282471,1841.66731923819,41.5732923150063,309.926692515612,237.201951682568,537.282110333443,586.617312937975,1773.20059338212,26.001271545887,397.51901859045,2.69334736466408,78.7583312094212,241.162333965302,14.2688004076481,0,3.31487971544266,0,491.999383896589,1.48246365785599,3.95737445354462,2.70221891999245,2843.399102211,4.15138375759125,0,8.47505882382393,3558.61533716321,67.3020336031914,6.59475737810135,0,2.71830320358276,2.56956195831299,39.2054134011269,129.084474742413
11.4445860385895,457.674857705832,282.132430523634,74.3297231793404,6.75567787885666,114.847971946001,1633.84980657697,154.416684836149,367.212941050529,1333.56763866544,0,251.670710891485,5102.96090185642,1191.19073107839,24.7965214550495,50.4165961742401,672.858844041824,25875.5292000771,4068.46998754144,80.5040655136108,310.166572839022,271.742094963789,731.278535038233,368.342937201262,2444.90170586109,4859.58028623462,1919.25262993574,1168.34870523214,4531.07348755002,440.818562269211,389.008583515882,1187.53058031201,20.3447614610195,8713.99842014909,94.7278454899788,2489.00275316834,6168.06375822425,7327.35093447566,1175.59040156007,76.8675455152988,43.4337375760078,3230.55832913518,116.8388440907,963.407494217157,152.052578896284,60.6019294559956,50.5207225382328,16.8360548019409,652.278461933136,0,115.261932611465,10.5944445729256,1.89439707994461,0,4.87908178567886,4.06071257591248,15.9793131947517,56.4626111388206,16.0406771302223,2470.94063073397,9.96652135252953,10769.9993973374,31.9398454725742,5.74107268452644,28.9155788421631,8.63161048293114,39.2503405809402,68.7750754356384,0.830151319503784,5.85122328996658,30.5819584429264,21.7725865840912,141.592553853989,1174.61680743098,888.22690975666,5233.7473833859,45.0388964116573,31.1232585012913,4.18424165248871,2316.14337956905,7.57196640968323,0,163.411814421415,31.5189321041107
1.06537079811096,4.08288115262985,15.0109959244728,12056.2508805096,791.280810832977,13156.5187370777,613.920457005501,7472.44596847892,2939.89448425174,16608.9874873161,251.670710891485,0,242.391069829464,2457.39572608471,5505.41382390261,0,5.54381296038628,39.9179503023624,17.4598934650421,16509.6984134614,20.4924037158489,8.70609569549561,23.4887889623642,866.140807002783,22.6530258059502,16.4137507677078,13.3047035634518,1402.48467883468,677.26560857892,37.5111026465893,0.468552082777023,491.030138492584,1.01111054420471,367.18242290616,2789.34387737513,1194.50747671723,35.9060154259205,273.860279530287,255.664901673794,4301.12564796209,143.785013407469,90.8512616455555,89.3612378835678,5.8300912976265,110.032716482878,62.1534664034843,417.107858926058,20.7110154032707,12.0031086802483,1.28847613930702,0,0,845.857504218817,36.1348197460175,112.372889310122,19.6599427461624,143.782378077507,189.364582806826,540.108308017254,12.2603847384453,890.272899031639,3.65641763806343,39.623826444149,179.25838008523,0,0,0,0,169.271336406469,0.858539223670959,4.49196803569794,0,596.155543684959,0,0,0,765.7439057827,8.97692894935608,0.629802823066711,0,6.46237552165985,0,8.12749165296555,658.061171919107
2.17825153470039,2593.54720437527,24.3379849791527,52.9548832178116,6.26340478658676,212.920797586441,538.315550029278,448.020598173141,1251.40151593089,669.42831030488,5102.96090185642,242.391069829464,0,1126.22549250722,103.143121778965,106.645232468843,34.1425330042839,357.657096356153,58.3599669337273,65.8820473253727,45.703515380621,1462.94866836071,60.1839241087437,1349.93777403235,13039.0781167746,281.83418110013,9660.57455515862,674.865281075239,1213.33794751763,121.03432443738,2446.21856436133,595.075140297413,3.29470267891884,3596.34421545267,68.0793111622334,1138.84453198314,1425.22460532188,4140.56400841475,1256.44027021527,1660.82539206743,174.102191388607,7871.05392825603,457.280600368977,1360.11964443326,602.397273957729,231.815670788288,1007.61275970936,360.331753492355,1185.24973571301,4.11609914898872,440.40548235178,5.45884555578232,45.2499442994595,10.6510373950005,69.5628220140934,54.5087528526783,306.320125460625,87.5798437893391,194.26838389039,4113.13698491454,82.0456864535809,17595.4975203872,397.524704366922,41.1157334446907,36.083559602499,15.2617024183273,51.1611569821835,61.080490142107,23.4951109588146,16.0167829394341,66.1380663216114,8.19668707251549,185.68546295166,3960.364215523,1090.47018882632,8336.47952452302,160.881049066782,173.81782361865,16.5812131166458,2526.5852457583,129.809573829174,3.77438741922379,345.52873930335,31.7574620246887
6961.5785368681,2.09690278768539,3636.67343729734,347.935817748308,26.5638489425182,2153.53428167105,48263.7128536403,28576.7674167156,866.814458966255,7694.36009126902,1191.19073107839,2457.39572608471,1126.22549250722,0,211.412666082382,14.4287338256836,7543.60627347231,293.685310453176,1311.79711434245,454.279394596815,2460.62962308526,29.5852453112602,9510.09272906184,710.037465691566,107.46113461256,2163.41388003528,849.606969684362,6500.39488469064,20672.1904671788,22097.6642020345,10.7567089498043,1017.22967135906,75.605833530426,2931.77971956134,484.456747174263,7078.47843283415,166.313004672527,1302.08485046029,1117.67221698165,705.597655445337,664.708432912827,395.190388172865,746.928982883692,51.7984887361526,421.667853534222,246.91861641407,316.894336909056,99.8620278835297,65.6009495854378,11.590784817934,4.8641012609005,0.896744549274445,15.8325783014297,1.33442735671997,56.1293229758739,44.6303176879883,85.608080714941,280.64987501502,30.4139229953289,80.8982692360878,35.1793005466461,42.5841978490353,115.919327676296,52.7598086595535,102.701240569353,0,0,0,7.309714615345,23.439407736063,17.2383427917957,14.16296261549,3058.30883097649,5.86718660593033,3.34746250510216,54.7333945333958,1091.21181598306,126.406545996666,55.763679265976,1.56520602107048,26.7716075181961,8.49355262517929,50.4952366054058,57.6429347097874
2.26372647285461,54.4892030954361,16.1843531727791,930.299924969673,4865.92418849468,7789.5030978322,533.925118267536,521.121623724699,2373.35546413064,1299.62414067984,24.7965214550495,5505.41382390261,103.143121778965,211.412666082382,0,12.492649435997,9.1522105038166,10.3470121026039,3.87731096148491,761.674044400454,128.975964426994,202.249718308449,99.0530001521111,2878.17150074244,34.4515571296215,13.3485226035118,139.980930566788,1694.99542918801,120.274946123362,82.6283571720123,5.68297603726387,494.101055264473,1.87562820315361,134.959296166897,1554.51409912109,610.375597804785,45.4005677103996,92.50280803442,193.796326756477,8143.53735849261,154.558633893728,19.7289881706238,162.340086698532,30.1641545295715,64.4273265302181,98.3253098726273,234.883511334658,1.16122782230377,3.90757167339325,0.589702308177948,0,0,365.950482666492,19.8751007318497,64.2849931716919,14.5837041139603,91.6996827125549,92.0164808034897,189.06955498457,7.91386336088181,144.132921248674,2.45679020881653,36.6956135630608,85.0801710486412,85.3033518195152,0,0,0,55.1682099699974,33.7615764737129,5.72764992713928,56.0527900457382,296.817572176456,0,3.15910470485687,33.1374007463455,303.723950594664,33.3302316665649,8.59696805477142,1.24197113513947,0.724076807498932,1.65111196041107,8.74084776639938,4187.33412393928
0,445.587117254734,69.6350219845772,0,0.421566337347031,0.893546521663666,9.15175610780716,4.82980227470398,379.806890726089,4.98082908987999,50.4165961742401,0,106.645232468843,14.4287338256836,12.492649435997,0,378.654805868864,36.9115953147411,131.063511013985,0,13722.5058685541,9464.07076513767,7617.39354050159,5246.63670021296,122.426144003868,88.2184810340405,8723.70601475239,1456.71490037441,16.5609475970268,229.145626872778,23.1095735728741,4.40477189421654,3.44447559118271,435.042989611626,770.152002543211,5205.00026127696,368.33812892437,2053.30434772372,2173.48639082909,6.40478211641312,22.0424410700798,8.41465818881989,2319.78456035256,79.8567606806755,934.977794438601,917.67052128911,31.5580487251282,3.02311253547668,3.77367436885834,4.31591731309891,44.9743222296238,43.72952029109,5.65489599108696,3.14865523576736,0,29.3045082688332,3.7970375418663,9.53170064091682,12.0224289298058,8.73095706105232,1.65085983276367,3.68494457006454,10.3577446341515,8.23582208156586,8832.84610775113,16.730728328228,2.58796286582947,13.09771874547,0.522103667259216,793.730899125338,2114.01649338007,3731.52333018184,422.595450609922,3.58690375089645,17.9564304947853,2016.49318233132,332.537775188684,95.1881161928177,135.301491439342,0,2.27446502447128,11.0679045915604,65.3171424865723,350.844883024693
876.149269789457,179.04583466053,22922.4549453259,0.954978823661804,0,118.910094559193,1242.15999546647,3919.309394449,52.9348388016224,149.742664009333,672.858844041824,5.54381296038628,34.1425330042839,7543.60627347231,9.1522105038166,378.654805868864,0,478.574865818024,7639.59971570969,2.44754931330681,3117.04324990511,145.844094514847,18586.0319148302,375.554318040609,12.6117520928383,25899.9485418499,19602.8179429471,1338.97344711423,5806.7629622817,3497.38970828056,13.5328095555305,42.2533884048462,792.936311036348,6609.2897605598,138.522684544325,1909.60676172376,289.441528111696,2025.88442844152,1299.72862124443,18.2287041842937,28.0555268228054,25.1294189095497,912.679091840982,53.6991197168827,352.398284167051,437.108799725771,13.2149236798286,1.09542107582092,0,3.21915793418884,434.764814525843,708.588042318821,0,2.51488363742828,0.916479468345642,112.383785486221,0.791268736124039,15.5068744122982,0,3.67920225858688,0.793307542800903,0.399905890226364,6.57491806149483,3.95807182788849,245.298099309206,230.200847357512,30.4231241047382,131.604488909245,0.527014553546906,65.9725001752377,90.2024363875389,500.543947696686,83.5170871317387,7.2543717622757,258.459482312202,5426.09001711011,60.4010549783707,9.66920453310013,107.336084008217,3.20186749100685,0,0.460986137390137,60.7529585957527,65.4183724522591
4.64046382904053,41.2931169867516,386.158402740955,18.1607728898525,2.7381551861763,19.6824897527695,591.558824807405,102.692798942327,60.4665057957172,355.847190290689,25875.5292000771,39.9179503023624,357.657096356153,293.685310453176,10.3470121026039,36.9115953147411,478.574865818024,0,5177.27340278029,17.5032357573509,209.765695482492,15.6252809166908,658.492068946362,80.7021258175373,50.5275971293449,8333.07293733954,2653.53718808293,459.308650553226,1069.27151182294,314.439280420542,52.1576997339725,179.991859287024,11.8073815107346,2523.64497092366,162.139093548059,5493.06593096256,5061.22987580299,5924.41786411405,3158.45444712043,15.4550862312317,28.9613900780678,129.257235229015,76.9524287879467,17.1708060503006,25.2092213332653,38.6909414827824,3.75071829557419,8.24420899152756,17.2257244288921,0,46.9241796731949,21.5506771206856,0,0,1.73227202892303,0,1.41774618625641,0.962439030408859,0,32.2926634550095,0.468876302242279,110.247394829988,0,3.29371815919876,7.24456882476807,16.201193779707,6.88412034511566,63.2233494818211,0,1.71708303689957,8.02204465866089,8.87076091766357,1.0471867620945,20.9485095739365,261.461248546839,831.207592368126,0,0,0.300465673208237,42.6576157510281,0,0,8.17427229881287,108.859023809433
102.74549844861,94.6311390399933,2315.82918921113,5.4306908249855,0,22.7629659771919,528.846351027489,1018.79323676229,31.26755002141,168.827104359865,4068.46998754144,17.4598934650421,58.3599669337273,1311.79711434245,3.87731096148491,131.063511013985,7639.59971570969,5177.27340278029,0,9.28128954768181,608.134060323238,24.7016931474209,3264.69317534566,103.109292209148,18.788910806179,20187.2507384419,6626.0052678287,470.366681873798,955.633465528488,664.5093280375,21.7679286003113,73.0487758517265,73.3312576711178,4461.12452745438,111.443569481373,3520.774412781,1255.95325678587,4024.59195753932,1960.14775580168,8.30441948771477,19.1301867067814,25.8912100195885,236.039998859167,14.8300506472588,84.9835494756699,122.75253662467,1.37396520376205,0,2.41116738319397,0,86.2508827447891,130.990205287933,0,0,0,3.93524631857872,0,2.68774217367172,0,1.3020133972168,0,7.73756247758865,2.54386094212532,1.04817700386047,58.0342023074627,56.2421847879887,7.7546754181385,97.0157144963741,0,9.18317937850952,12.5819616317749,114.275681257248,7.62698087096214,12.1782997250557,339.261104017496,1481.91481924057,1.82970383763313,0.964417278766632,5.84058833122253,7.63572582602501,0,0,12.8184806704521,79.9896221160889
2.27677896618843,0.875802040100098,2.63459733128548,16508.3276325166,120.976189136505,499.368605285883,127.130241423845,893.399736046791,1744.60935261846,5948.83474355936,80.5040655136108,16509.6984134614,65.8820473253727,454.279394596815,761.674044400454,0,2.44754931330681,17.5032357573509,9.28128954768181,0,3.63491493463516,2.8442479968071,0,1292.14287027717,10.165811508894,11.9392281770706,5.0699245929718,1952.07205429673,200.25687327981,5.52302718162537,0,57.631656229496,1.80751946568489,102.364020705223,20.5624559819698,289.61250692606,15.2320784628391,72.5595637559891,46.9209592044353,538.096940398216,26.3691914081573,22.9972652792931,118.782810091972,1.99443984031677,80.2630260586739,14.2843413352966,258.391462892294,6.23542329668999,3.37309432029724,5.39984008669853,0,0,895.577832952142,26.0317426621914,85.0787040293217,40.9745651781559,222.787399500608,249.807759284973,672.879196465015,4.94789406657219,495.463582605124,0.670955121517181,25.664682328701,124.560747265816,2.1453315615654,0,0,0,165.193904459476,0,0.352909803390503,0,880.002538144588,0,0,0,1108.90201073885,18.1924150884151,2.21728605031967,0,1.34713888168335,0,12.3702127039433,0.639756143093109
336.739154398441,107.731299579144,3115.62295171618,1.81864815950394,0.577251017093658,207.835355997086,7068.07921358943,2894.65172618628,171.800810486078,388.372989922762,310.166572839022,20.4924037158489,45.703515380621,2460.62962308526,128.975964426994,13722.5058685541,3117.04324990511,209.765695482492,608.134060323238,3.63491493463516,0,1375.42186418176,71382.2318290174,1987.42635196447,34.78712490201,520.025271058083,4276.61704435945,21499.6803220212,790.130658656359,38265.1223604679,10.8188493847847,19.7660649716854,116.553121894598,9993.30372112989,3200.92495322227,9885.8948096633,435.408260941505,7963.83994486928,5907.59162741899,34.3055393099785,59.9085374772549,11.3895089328289,1828.98450660706,79.517729729414,595.358765184879,463.675178676844,76.4398639798164,8.65102607011795,6.19304847717285,12.388226211071,23.0377317965031,18.3310812115669,5.64747294783592,1.08600223064423,0,23.3334831595421,12.1854097247124,9.95178315043449,10.87095656991,6.83384802937508,5.5402492582798,0,16.7281656861305,10.5578505396843,3433.78133070469,5.79994720220566,1.27366781234741,1.13054576516151,3.28747156262398,828.346563965082,676.477935045958,1168.17430409789,395.135428905487,1.10404288768768,3.79977670311928,917.061855703592,484.388656556606,314.797689080238,213.567594587803,0,0,29.9049371480942,70.3078586757183,558.299596637487
2.02464964985847,4530.84030669928,104.576816886663,9.24329116940498,21.8154679238796,11.3495681285858,31.1462533473969,16.6995759010315,9712.57710710168,10.0339150428772,271.742094963789,8.70609569549561,1462.94866836071,29.5852453112602,202.249718308449,9464.07076513767,145.844094514847,15.6252809166908,24.7016931474209,2.8442479968071,1375.42186418176,0,727.99182638526,20215.8758405745,1904.90151366591,195.427202105522,21660.9392315149,1352.83095175028,34.8921706676483,151.053697764874,291.273686051369,6.80859172344208,8.29462295770645,117.951205968857,154.06933259964,795.492522746325,87.6237576901913,308.52171716094,259.033138483763,52.1776064932346,6.64201718568802,140.792287409306,1166.76731956005,64.5138317346573,457.904925346375,498.55352756381,30.731791973114,7.96433126926422,65.4086797237396,10.058366984129,361.344933390617,126.931019514799,1.2638818025589,0,3.67324101924896,73.8786051273346,37.4461059868336,58.2680769860744,7.17297175526619,19.0956378281116,32.248426347971,83.9160801172256,44.4118089675903,7.01245802640915,2834.63860604167,80.8113309442997,10.4334027469158,30.4785996079445,0,326.481115400791,2145.74416834116,987.77504453063,811.613572895527,48.8759533762932,99.9313058257103,3473.16341853142,265.633945643902,76.1602201759815,122.29436853528,9.33479815721512,0,7.7335752248764,39.2117275595665,195.524411976337
1822.5173497498,53.0764642655849,52174.1375763118,0.848518133163452,2.02960163354874,278.38787728548,6220.98240834475,8465.136033535,179.324463069439,291.762080520391,731.278535038233,23.4887889623642,60.1839241087437,9510.09272906184,99.0530001521111,7617.39354050159,18586.0319148302,658.492068946362,3264.69317534566,0,71382.2318290174,727.99182638526,0,1429.19567465782,19.7983701527119,9248.10777446628,18120.0899223983,9465.51652920246,3068.90312671661,16211.2201106846,13.2015096843243,52.5706417858601,353.823304355145,11741.071530968,4801.09859454632,28244.2032619417,2188.82106372714,22631.9402896464,19570.6887482107,69.5499140024185,152.268083721399,33.3851686418056,3214.40795111656,91.3661941885948,1128.30147233605,1395.92685192823,96.2239699363708,5.2222027182579,5.14717048406601,9.88620641827583,78.4165471196175,190.449149310589,2.90643835067749,0,5.82579508423805,145.080902576447,14.5877138972282,21.2051629424095,10.1086248457432,3.95920059084892,2.59934768080711,1.23627477884293,23.6586329340935,20.8651807904243,7153.84873452783,47.9584816098213,5.54869922995567,31.6870895922184,1.30895555019379,575.813843280077,1264.21882843971,5908.26177430153,511.478694409132,5.55723375082016,36.8153924942017,6659.32745778561,484.245445996523,62.2053983211517,135.115441471338,0.43605563044548,0,13.3067008852959,63.1820818185806,1694.53508070111
15.0735150575638,2968.07654374838,145.510006397963,3577.52834820747,330.155723184347,273.106380581856,1038.35288575292,462.811632037163,43642.2213532031,1247.34007203579,368.342937201262,866.140807002783,1349.93777403235,710.037465691566,2878.17150074244,5246.63670021296,375.554318040609,80.7021258175373,103.109292209148,1292.14287027717,1987.42635196447,20215.8758405745,1429.19567465782,0,1483.42335790396,267.439000338316,8366.20893341303,21817.5579920113,790.893044888973,3174.19150269032,283.236005306244,121.494936138391,95.1349057257175,807.907198667526,1345.84851363301,4742.11036488414,321.814131289721,1628.00357209146,1137.36056137085,1049.40609812737,124.899734795094,139.616278469563,9385.07145673037,286.901506155729,3607.7784999907,1135.72610729933,2037.73156684637,274.579857259989,163.217231839895,208.055892586708,96.2844812572002,27.4699520170689,1442.63050106168,42.6482776999474,761.599238038063,762.23761922121,3488.11623004079,3074.43306711316,1924.38799738884,363.441772133112,546.072653651237,58.4869604110718,1844.32831096649,241.881486684084,5510.23643505573,15.5364072322845,6.06611943244934,7.10757991671562,338.189323931932,1417.24147951603,2054.38298398256,1121.11410930753,19512.307284832,36.0215014517307,14.5137617588043,1354.75867512822,10519.3149947822,3098.97320100665,1022.69127517939,3.68645238876343,25.9637362360954,112.090959757566,879.300924122334,495.78614127636
0,4249.8775818944,6.22396716475487,11.9923428893089,3.24889063835144,37.7954092919827,28.3136401772499,77.5567099153996,1006.49081206322,70.203920006752,2444.90170586109,22.6530258059502,13039.0781167746,107.46113461256,34.4515571296215,122.426144003868,12.6117520928383,50.5275971293449,18.788910806179,10.165811508894,34.78712490201,1904.90151366591,19.7983701527119,1483.42335790396,0,473.712810754776,12635.5637646019,166.582506209612,124.555837899446,26.9579699337482,1203.74673205614,57.2884834706783,0,640.980939596891,9.70186650753021,286.444111526012,196.58131596446,497.244938373566,59.2416353821754,399.673883140087,7.03069019317627,1185.43287819624,432.903518915176,155.662238001823,134.229671508074,46.1422193646431,1322.49824482203,29.0651743412018,762.887522637844,4.22412234544754,552.585672855377,8.15655547380447,43.002344250679,9.92770886421204,41.7226185202599,16.682677090168,137.240310668945,33.3979756832123,56.1291109025478,344.527278721333,33.617755562067,2360.95762190223,79.6761085689068,31.1589271426201,53.1871631145477,9.04505223035812,23.1202057600021,42.3314650058746,21.6651710271835,26.8783462941647,32.0112682580948,8.48831409215927,98.5162041783333,2623.37577050924,321.39042237401,3498.59355452657,119.797606617212,92.7892728149891,13.2678601443768,262.168029278517,13.1972669363022,1.06745421886444,78.8729504942894,31.2538679242134
242.749394237995,663.054622590542,28079.5036822855,9.570636510849,2.17922961711884,83.283194899559,1324.18767377734,2692.20966003835,196.931051254272,235.541669636965,4859.58028623462,16.4137507677078,281.83418110013,2163.41388003528,13.3485226035118,88.2184810340405,25899.9485418499,8333.07293733954,20187.2507384419,11.9392281770706,520.025271058083,195.427202105522,9248.10777446628,267.439000338316,473.712810754776,0,52146.876813978,652.679422855377,927.773425877094,744.229951888323,397.118383497,95.1878015398979,27.9329490363598,1839.6150329411,428.756508797407,12688.8514565527,7650.30748993158,6295.66410332918,4954.46782836318,25.650881677866,52.4004598557949,116.290536940098,1910.75311586261,256.923799365759,678.091257885098,1247.58600857854,14.436689555645,5.77817952632904,17.3789833188057,3.38287734985352,1763.92064726353,1230.64911052585,0,0,0.767059087753296,46.699292331934,5.77179598808289,30.9665212631226,0.467384487390518,339.906443238258,0.536433577537537,1554.13784688711,9.303835272789,6.90851199626923,162.085331887007,880.712565004826,265.60299295187,1707.86441645026,0,77.7112044543028,114.081228494644,378.781021416187,57.3736799657345,544.512731939554,6980.87058731914,25108.6520529687,22.8681284785271,17.4200750887394,147.958690851927,1190.4070610702,0.529489576816559,6.51271539926529,267.346089020371,279.109462469816
85.035885155201,25693.1767584383,35212.3976255953,5.42118045687675,12.0089780986309,35.9823234677315,667.907327055931,809.017286717892,4411.3629180789,109.895619004965,1919.25262993574,13.3047035634518,9660.57455515862,849.606969684362,139.980930566788,8723.70601475239,19602.8179429471,2653.53718808293,6626.0052678287,5.0699245929718,4276.61704435945,21660.9392315149,18120.0899223983,8366.20893341303,12635.5637646019,52146.876813978,0,2311.48963043094,882.501018822193,735.782943069935,5049.05868422985,103.867909938097,55.6094325780869,6506.32805356383,2167.30219426751,37266.6809721589,5763.59670680761,18666.5225871503,20187.6487010121,77.3034763336182,161.030922025442,200.623101472855,14346.99278602,968.313444972038,4853.04421077669,7290.81578853726,80.4967279136181,35.4889608025551,60.1709044575691,178.552665293217,9702.27826708555,6974.7394720614,2.76606845855713,2.34798157215118,3.93574565649033,1926.49739429355,245.388704091311,147.089259266853,47.4349416792393,373.550231695175,18.7272194027901,2198.44173932076,930.08475163579,37.3214938640594,5304.83507457376,2784.01614198089,545.631054490805,3506.99551048875,0.823246479034424,857.544003307819,4332.44747570157,12477.4796487987,581.019515991211,1456.83051651716,11290.7110475451,97806.0222585201,672.69541233778,56.494078963995,1870.71356281638,900.973137289286,0.600808262825012,13.1454010754824,709.318291082978,1426.86445075274
174.1321208179,131.921806633472,2106.72845807672,5402.53518569469,199.349553227425,1530.85354369879,60587.6692130566,4810.20471954346,9767.52805060148,26867.1180610657,1168.34870523214,1402.48467883468,674.865281075239,6500.39488469064,1694.99542918801,1456.71490037441,1338.97344711423,459.308650553226,470.366681873798,1952.07205429673,21499.6803220212,1352.83095175028,9465.51652920246,21817.5579920113,166.582506209612,652.679422855377,2311.48963043094,0,5329.98193770647,56641.3516142368,15.2562628388405,551.110452115536,540.228008329868,3991.76230284572,4432.20681619644,14781.7639548182,828.515716671944,6608.16713508964,3721.75621041656,1204.59008818865,638.887418150902,231.139016419649,9625.50471970439,232.494826465845,3736.74476280808,929.121509075165,3411.12016350031,357.617629885674,96.1683608591557,186.305340707302,31.5562562644482,23.7576675117016,3720.40352809429,98.6412116587162,1044.85161620378,968.379961103201,5038.74186301231,2298.37315765023,4168.72549462318,251.36157387495,696.675177723169,2.67893069982529,1417.43581259251,521.662350267172,2840.84157982469,1.6703325510025,0,0.415290772914886,906.080203354359,865.631611555815,694.417596191168,696.145648449659,18033.2610605955,6.23145544528961,9.71968975663185,925.766109764576,13843.7698242664,2667.85061687231,819.851055622101,0,10.426773250103,92.5780239701271,866.66832870245,492.83044859767
7646.92670175433,26.517595410347,588.16962531209,184.359499901533,13.1483340859413,509.420359075069,6859.33808746934,1805.60673338175,518.760922521353,3303.08188351989,4531.07348755002,677.26560857892,1213.33794751763,20672.1904671788,120.274946123362,16.5609475970268,5806.7629622817,1069.27151182294,955.633465528488,200.25687327981,790.130658656359,34.8921706676483,3068.90312671661,790.893044888973,124.555837899446,927.773425877094,882.501018822193,5329.98193770647,0,9071.55989551544,25.2402684390545,2140.64013388753,5376.23168328404,12940.9613715112,435.702924668789,3727.02757066488,283.77310732007,2101.9076269567,833.967825174332,293.713227778673,591.726053267717,465.596236377954,968.763340651989,56.0061728060246,380.168240666389,247.72176772356,247.642413854599,57.4314578175545,75.0925756692886,8.9309438765049,11.4289621114731,10.1760808229446,10.6697956323624,3.1362509727478,19.3300078213215,20.9852325320244,74.5377749502659,155.866825014353,27.1163388490677,47.8839930295944,16.9061423838139,107.834369063377,69.5926736593246,33.2971404194832,205.067051261663,1.47633230686188,0,1.35013726353645,5.63217961788177,55.9375981986523,48.2192684113979,10.2823729813099,1471.43236210942,16.1568786501884,4.32190808653831,108.152219235897,716.783406466246,166.083089351654,51.8766792714596,5.23774248361588,14.7678104639053,9.09495949745178,58.302215129137,60.2030076384544
9410.24122002721,16.238195091486,2416.19994580746,5.37243068218231,3.61551129817963,267.422405719757,29618.8330521882,9229.95291820168,318.024018168449,471.120168596506,440.818562269211,37.5111026465893,121.03432443738,22097.6642020345,82.6283571720123,229.145626872778,3497.38970828056,314.439280420542,664.5093280375,5.52302718162537,38265.1223604679,151.053697764874,16211.2201106846,3174.19150269032,26.9579699337482,744.229951888323,735.782943069935,56641.3516142368,9071.55989551544,0,8.34339836239815,76.5185218155384,3261.46641260386,14115.2371019423,1024.51609173417,2180.51624760032,144.819577425718,5541.91414415836,1524.68470972776,72.8601994812489,114.025856077671,35.494518250227,2831.44984334707,72.4690787196159,756.249725043774,250.999101698399,468.559556007385,58.0257491469383,16.361535847187,31.1175543963909,8.90428912639618,8.14185798168182,60.5865603685379,5.54931807518005,35.6544089913368,77.2689895629883,85.9124792516232,132.490128964186,85.1805948019028,27.8423575758934,25.4150266647339,1.62408769130707,75.9678393900394,44.1068941354752,1058.03278687596,0.546441733837128,0,0,18.7202681601048,340.316120475531,233.468264311552,136.897334694862,1680.77030682564,0.925421118736267,0,151.543327957392,1285.50160253048,581.250570774078,209.407862633467,0,2.60254138708115,32.529994904995,142.319701761007,176.01257866621
