0,0,0.00228157411815988,0.000259688057746204,0.000497989474227994,0.00967616916450274,0.306922334534304,0.167902324868155,0.000189711937506187,0.0050730672122447,0.00462356821495829,0.00248108310995385,0.00117136521625707,1.55203570298587,0.000290164221199393,3.8401426322937e-05,0.0365480534221032,0.00120321168871999,0.0140683322611621,0.00132872223368743,0.0210556375857656,0,0.0290216939417918,0.00265402943432924,0.000310970719048136,0.0105304685633543,0.011224432805268,0.0118829798916361,0.270030917031967,0.415233701810498,0.000569898585612247,0.000188835788299477,0.00306754541635626,0.0225350882533545,0.00108279576882768,0.0113013551447564,0.00163009715609416,0.0272586503127547,0.00230220612849254,0.00116203733248321,0.00105853669648691,0.00101780566494579,0.00158244932718343,0.000147254556071234,0.000145811729648047,7.78908623848917e-05,0.000396584463103795,0,0.000281385462983662,6.01843345307887e-05,0,0.000132717223020387,0,0,0,0.000336938355465344,0.000119941793011916,0.000132320923212522,0,0.00041569618761152,0.000200272822711408,5.97488192447305e-05,0.000175687129311293,0,0.000112492840452969,0,0,0,0,0.00127953787776247,0.000156798336539912,0.00017217691882942,0.0019611007587443,0,6.1091717267847e-05,5.33436902019382e-05,0.00335005342548427,8.67345483853343e-05,0.000161965988427115,0,4.16665359580457e-05,0,0.000246555455084914,0.000330270651970455
0,0,0.00379899162417868,0,7.2859712897587e-05,0,0,0,0.154481979490092,2.12600310572147e-05,0.0244993607590302,8.14733561211703e-05,0.0865607443753981,0.000108829611142319,0.0052385877165101,0.0276935633705019,0.00341315575145815,0.000112997962596613,0.000433670778277123,0,0.00767601850882086,0.429894072875752,0.00775219924812302,0.238480238789168,0.14541690828343,0.0106605914253281,0.961384724197065,0.00328814432471425,0.000196199669233641,0.000313653801725068,0.0169281641019227,0,0,0.000975433244218173,0.000194479777199828,0.00798196460197057,0.00356035885415998,0.00230448713954652,0.000868330568367299,0.00259917812137711,0,0.0371386273189855,0.00439519830319148,0.0072578713414981,0.00193560861513527,0.00199837580200099,9.4471565868008e-05,0,0.00584964494916276,0,0.0411235619757928,0.0158057784674505,0,0,0,0.000180221072873944,0,0.00113228115058499,3.40011588194132e-05,0.00421698758637829,0,0.00641045612823376,0,0,0.0021491910996655,0.00415920525123753,0,0.00139844129864515,0,0.000661707042159176,0.0115786304509709,0.00278467679408069,0.00499028817706464,0.00469244638396996,0.0153997102096744,0.439288846072979,0.000810720752985033,4.85940286447942e-05,3.3091469410345e-05,0.0013039648174912,0,0,0.000632998970530879,0.000289027572107577
0.00228157411815988,0.00379899162417868,0,2.67596444732398e-05,4.86392870696068e-05,0.00179902231030009,0.0235906645437735,0.00829282657468193,0.000357734807069385,0.000823424166762571,0.00226690248051773,0.000946353535480873,0.00345567204854159,0.0135068123709808,0.000466969221690202,0.00589326813865288,1.35059145367977,0.0013575849303934,0.111834415165251,0.000103983420599332,0.266684543862647,0.0040614002731838,3.97964116524104,0.0063391628736278,0.000901262111256995,1.14499791651497,2.8789752660425,0.036247645410182,0.007074100374346,0.0288257031568057,0.000299995717407257,0.000104319311481276,0.00153366198175958,0.048968621504413,0.035547595372598,0.660049750262344,0.691112603813495,0.226559965181118,0.0428938092449773,0.00133280446390928,0.00386926552899688,0.000577081983326322,0.0635898114368549,0.017539979564162,0.0265429173148773,0.0295954605555031,0.0010639894822017,0.000113400358755791,0.000246540300475753,0,0.0551150079353654,0.780549459621036,5.35597409487605e-05,0.000149391010886532,8.30420204375087e-05,0.00755751636465276,0.000605208003348121,0.00402067649646507,0,0.000231624139168346,0,0.00011048903879149,0.000952390932119463,0.00057242405665665,0.0146258864440035,0.0681517644904834,0.000284478586907235,0.0120547585819266,0,0.00946178814011148,0.0353173525972112,0.101705423283201,0.0123700827880197,0.000577617344851381,0.0735777353382977,1.32108897788495,0.00987338355785593,0.000386346364090026,0.0028890254473337,9.28374273958502e-05,0,8.13475716327134e-05,0.0113403630902522,0.0384466387272808
0.000259688057746204,0,2.67596444732398e-05,0,0.00198727645985244,0.0154363526085924,0.0395673479349788,0.0163203183831859,0.370510931821585,0.931743881946387,0.00538236286017615,0.197990872153824,0.00352644208092042,0.01617790251019,0.0276354869213287,0,0.000735515637349731,0.00216562963574302,0.00221292684023812,1.47521282807982,0.000130798916113195,0,0.000306757928725692,0.467893918935898,0.00122435538997376,0.00354828708749117,0.000505124148374176,0.72183959742046,0.0301552316165222,0.000528031118598085,0,0.00162498367094567,0.00298261686069691,0.00472410298631067,0.0119499825329551,0.0974748395886533,0.000532206599579135,0.0098262616090829,0.00432644972683382,0.0290371703820224,0.00404256563071892,0.00260336071956076,0.016370814122202,0.000177824413953388,0.00482551657915851,0.00207558289532203,0.0840829843356055,0.00194005221438653,0.000445815161979675,8.27933722865938e-05,0,6.50674790685475e-05,0.174754353502497,0.00364265777086369,0.0235687585500683,0.0257948191493848,0.0133948743149296,0.0774027516248376,0.106561009351116,0.00126899541717696,0.143481086178919,0,0.0070334911465895,0.0282446682524558,0.000126570691833955,0,0.000297168789184892,0.000206501991500956,0.0807331384571971,0.000557229745212507,6.5181432363081e-05,0.000173027407080281,0.170966531069699,0,0.000615629717972731,7.90161978975177e-05,0.252011731597586,0.00419450461656662,0.000730135334129931,0.000165642162214172,5.19621970166981e-05,0.000152079961917812,0.0044520857481857,0.00129397134073597
0.000497989474227994,7.2859712897587e-05,4.86392870696068e-05,0.00198727645985244,0,0.0924765818741729,0.0079431600811194,0.00262719535398159,0.010193262412101,0.00664178998412951,0.000525401097593487,0.0611485593291209,0.00177248126767486,0.00111912733188168,0.159769668090989,0.000254452723624456,0.00087198884131147,0,0.000188730350999737,0.00573082139705516,0.0131461810329395,0.00064589062558744,0.00807001175148488,0.0128215233725521,0.00141333539765153,0.000229809751635146,0.00124091916622265,0.0182984107555132,0.0015578900814314,0.00433827910499815,7.87000667526481e-05,0.0931395067467216,0.000207590566097322,0.10779283953125,0.0835839045963169,0.00865247161222539,0.00042883616217472,0.00146947413963512,0.000348938086389962,0.717078546609675,0.319037273318059,0.000335135226052612,0.00114590039120345,0.000426552536344725,9.23917323533537e-05,0.0016207995651064,0.00706607357682728,4.66916260665178e-05,0.000219371820469558,6.05986070724785e-05,0,0.000172360949353659,0.00183365017732098,0.000322583039992547,0.00100485665735507,0.000401502801335424,0.000109894350812593,0.000892826556258344,0.0013239070466238,0.000280907601882684,0.00542637999761354,0,5.17249569302022e-05,0.00190229638509482,7.47831281692383e-05,0,0,0,0.00140821440092731,0.000486034845622158,0,0.000324809428313881,0.00236785773168056,0,0.000114362549087897,0.000424938558144852,0.00233047311431431,0.00012857653930605,0,0,0,0,0,0.0987970868687136
0.00967616916450274,0,0.00179902231030009,0.0154363526085924,0.0924765818741729,0,0.893736699650454,0.940198639655743,0.0142919361305087,1.45357067659666,0.036120602006692,0.647202490801753,0.0216183400510223,0.322438513165478,0.337333449366443,9.09060301763535e-05,0.0161180684262419,0.00958193934320182,0.012615808067124,0.0703145559213972,0.0180292489555016,0,0.0221968522921823,0.0264280161856045,0.00548547330504006,0.0229769167928672,0.00878781865495577,0.110956573729112,0.106536574388358,0.0648652441327009,0.00555396235512128,0.0137723020990968,0.00780229971229056,0.04862973920676,0.145679367816839,0.234997475052463,0.00559267488843972,0.0524643364300849,0.0389205322825647,0.444411895359399,0.172634412445843,0.0332030601345854,0.0326548761587384,0.00165387090505486,0.016855266714067,0.0116232136227144,0.0366488558454618,0.00544289715156388,0.00707472931116646,0.000161071632327533,0,0.00013943755478797,0.0193582381243399,0.000893617997403005,0.00617166933291318,0.0367882327345705,0.0128212735474439,0.0166325463452888,0.0131660072280485,0.0246996061604849,0.0258390840989842,0.0007051975949277,0.00681216418024349,0.0065079050818356,0.000449812700571692,0,8.96769416658998e-05,0,0.0076151269913756,0.0017208169291813,0.000397847106194794,0.00110061082118369,0.110708280308612,0.000108537125953084,0.000145139518592575,0.000440311912936351,0.0986316464283555,0.00621539636988637,0.0022157560833486,0.000318085395190143,0.00105567766998895,0.000399150127343112,0.00944338130417032,0.0122039081933226
0.306922334534304,0,0.0235906645437735,0.0395673479349788,0.0079431600811194,0.893736699650454,0,1.05063423020194,0.022276137834604,2.48689701549737,0.118401372149442,0.0466715652830709,0.0301933021432481,2.69195548757529,0.0328312326049815,0.000269184441548252,0.0782853815302877,0.0450557468662792,0.0693833087028554,0.0458760579378164,0.265355723291403,0,0.153016809829451,0.0914609325408587,0.00271646683282641,0.104970379425001,0.05413783578088,4.57912373115766,0.588453422854958,1.40582749607643,0.0140971617134456,0.0127377047554211,0.109797421008083,0.105255399078492,0.141338919918429,0.667502676508524,0.0152958534280387,0.176273260043351,0.0386445500806575,0.076913931270442,0.0568613394874242,0.0272230036032906,0.0154844716271253,0.00144226552394676,0.00713907967815537,0.00670234571955623,0.0121163549694522,0.00266326943862379,0.00255208205539483,4.10413929249286e-05,0,0.000719271383443828,0.0102535075458228,8.00980106379123e-05,0.00313863221662824,0.0184098640222314,0.00564338585453789,0.00853095267176683,0.00868585690810445,0.00800812073025807,0.0115106075807407,0.000487080790947917,0.0054266450512759,0.0024634700218294,0.000729206258816651,5.14211663778841e-05,7.98359106659888e-05,0,0.0043580081795616,0.00285722656461592,0.000428064595792633,0.000875925106232309,0.0624505771593297,0.000323946182503045,2.20088532013982e-05,0.00206709850172999,0.0613019376372222,0.00477905529575676,0.00115735490332876,3.24194267850638e-05,0.00017689259240638,0.000338610499593955,0.0038133980561605,0.0178060736033721
0.167902324868155,0,0.00829282657468193,0.0163203183831859,0.00262719535398159,0.940198639655743,1.05063423020194,0,0.00647179086356527,0.432869758786835,0.0470122755196984,0.280622144621881,0.0305567800911958,1.60610719725912,0.0136011979840465,0.000181326065305906,0.0916660252317607,0.00874323597207063,0.0436151665541791,0.0806783595425251,0.0736155176296156,0,0.0963606520842304,0.018099349781866,0.00598791967218027,0.048167152702969,0.0375959359836527,0.0957849203030466,0.311575237314446,0.583970037588762,0.00627158541087634,0.00776811549450158,0.00847748654924801,0.0948977142386496,0.0287269881483745,0.213153872293951,0.0111572140906079,0.110972592423154,0.0572660019754732,0.137397360141875,0.0729077863146723,0.0514003080035365,0.0221271544288884,0.00327962470045586,0.0164221244738381,0.0148720872467264,0.0165872048433114,0.00515128411439938,0.00839705194935911,3.10910281365842e-05,0,8.23028111383885e-05,0.00270876416072458,9.49030758019567e-05,0.00414273309485062,0.0194522361939137,0.0103414077050767,0.00602070727093126,0.00212242242774482,0.0413463835033331,0.00868258238897292,0.00101535735957731,0.00492234275391201,0.00132444742202808,0.000809687179062223,0,0,0,0.00214164627130121,0.00323210576172199,0.000121495764875105,0.000794779780232814,0.0683751617966326,0,0.000640994900136003,0.000467567422054795,0.0592070365260859,0.00358611146889775,0.00241154650418992,0.000743440606493655,0.00206879934061192,0.000176524256118321,0.0102881813840158,0.00331654290175802
0.000189711937506187,0.154481979490092,0.000357734807069385,0.370510931821585,0.010193262412101,0.0142919361305087,0.022276137834604,0.00647179086356527,0,0.0760743747552032,0.0218741003310861,0.302689111815953,0.077653558761187,0.00332186428522127,0.234819224762771,0.0135671930601962,0.000461090430833074,0.000354726140616605,0.00104545539519705,0.188227659164079,0.012923670632935,0.905406826179534,0.00160470693945318,2.03428611373156,0.128644230689232,0.00814893755782837,0.346333975270765,0.352231986198201,0.00730122735962431,0.000219609810275808,0.0221794938540748,0.000296920687405086,0.00173548846412212,0.00463707170500883,0.00430643586557329,0.0511540964027951,0.00187788785149956,0.00461997029137328,0.00197406224043931,0.0930886218292084,0.00250559953130273,0.0123195134224157,0.0345912255709354,0.00170525622045033,0.00838673301412359,0.00405301044903611,0.0459056246254793,0.00274661216651951,0.00174986466288461,0.000350393163028523,0.000437624426426125,0.00145912068237254,0.179351644169486,0.0112618298227936,0.023394731378345,0.0354890084361635,0.0161134075191795,0.414277283525588,0.0696100437798352,0.00260345749297578,0.119808303462523,0.00233753258848814,0.0108368413045567,0.0609148315831326,0.0239053704036078,0.000297091865884119,0.000640733416372097,0.0010160973658388,0.044806870716344,0.0414067965064968,0.0631217056092075,0.0122095295714967,0.615035268721037,0.000762024651536267,0.00322896625787501,0.00958294292011833,0.397334722047887,0.0124741012667471,0.00998805233562589,0.000348646046924525,0.000587407440096617,0.00183980078575045,0.00537112386885876,0.0101639439289192
0.0050730672122447,2.12600310572147e-05,0.000823424166762571,0.931743881946387,0.00664178998412951,1.45357067659666,2.48689701549737,0.432869758786835,0.0760743747552032,0,0.0971307845687479,0.489858298124749,0.0314388490707039,0.330878675546339,0.0309335521745744,0,0.00779954428987352,0.0333423429513242,0.0335720509012869,0.546158872482327,0.00224481320600806,0,0.00267323154422888,0.0426276187671586,0.00551244988554564,0.0549299153786634,0.00706485596005606,0.927896613383943,0.219074799496353,0.00507699293179236,0.00691399242357398,0.0225680670624801,0.0116799418518812,0.0743579335797438,0.0993544932314678,0.627946841175601,0.0090244581070654,0.111608087563011,0.0347994969688384,0.144962577771621,0.0581311774026881,0.032138666374736,0.0160105262934277,0.00150545581361505,0.00581316560504813,0.00405937962644917,0.049334266731955,0.00179335385177938,0.00243452051168399,6.50762579787612e-05,6.59847088097155e-05,0,0.0742594730580347,0.0013423411066351,0.00866143459198988,0.0327069390174427,0.00826033928696196,0.0343137713589934,0.0374687488054812,0.00889721329393115,0.0650774896697235,0.000414137614728472,0.00290192380467946,0.0132534723074701,5.13493740358651e-05,0,0,0,0.0252612410432983,0.000888423176904333,0.000510591375950861,0.000186443765317234,0.13948859476396,0.000188419847888088,5.92133714505494e-05,0,0.181810943391461,0.00212688645223782,0.000736515584801055,0,0.000151465253340447,0.000189146776161432,0.00388080368519841,0.00537348577980925
0.00462356821495829,0.0244993607590302,0.00226690248051773,0.00538236286017615,0.000525401097593487,0.036120602006692,0.118401372149442,0.0470122755196984,0.0218741003310861,0.0971307845687479,0,0.103372007504496,0.778443169416475,0.101462729180628,0.00178936335233695,0.00177231990538953,0.0459639714205147,1.36560040317956,0.169313476558106,0.0349227634362064,0.0144092626083204,0.0193068776565056,0.0204339735049518,0.0185677795675272,0.173497753123957,0.957587761248809,0.0518962230750965,0.0361346998601853,0.24671379801155,0.0367485267599303,0.197307426722433,0.0613326447944666,0.00285029029507298,0.689450832369891,0.0109252769855498,0.103651223590724,0.188206631868627,0.25761424835096,0.0372684372992846,0.00716853625766178,0.00538291609789577,0.114963002251486,0.00175331075076024,0.139546254342248,0.00382185383305224,0.00227517309511651,0.00109815482553916,5.49356102088332e-05,0.0469958007300492,0,0.0292775910631699,0.000222379227803957,0,0,0.00010227628407147,0.00046863391586389,0,0.012912745505117,0,0.218465408660662,0.000250858579448604,0.313318881107836,9.46283702680351e-05,0.000306521742354906,0.00200618726973626,4.21718388560414e-05,0.000663418145012641,0.000373849336863578,0.000103315506567765,0.000472688730991074,0.0155922295416089,0.000440136053330415,0.0164995508221877,0.0728208938527127,0.0700980644502772,0.140206675584219,0.00346822914372553,0.000857056510705695,0.00051804115422855,0.120101340297607,0.00127698228030812,0,0.00143617638842904,0.00868255263023374
0.00248108310995385,8.14733561211703e-05,0.000946353535480873,0.197990872153824,0.0611485593291209,0.647202490801753,0.0466715652830709,0.280622144621881,0.302689111815953,0.489858298124749,0.103372007504496,0,0.0507047152655621,0.115172526806985,0.500941706399264,3.63986311345518e-05,0.00549389938481344,0.0318163456955768,0.0249219899543903,0.564514563336745,0.00893118158832297,0.000142893454749263,0.00681063948647721,0.110692341615829,0.0182164185871603,0.0552903578510016,0.00732563000432493,0.043853936157296,0.115713866155746,0.00775590218793236,0.0128544416690235,0.0256024219971219,0.000739394200551878,0.0985400588741668,0.599981891333932,0.433373905023357,0.0128149722782084,0.110933958695652,0.0519297003872646,0.393138300519097,0.0441398682885378,0.0482117439686048,0.0396643615026982,0.00349946021335005,0.0143593758522821,0.0110278953102593,0.228234896671235,0.00616171040899548,0.0079025676450314,0.000495102523236734,0,0.000255549557462275,0.103489574682402,0.0139230348906159,0.033838521416893,0.0329760670636333,0.0186870802690154,0.0483369596744684,0.0554990744509806,0.0159308296457735,0.195970323839935,0.000648242011704997,0.0107291502999937,0.0651187726264612,0.00067098918070389,0,0.000147375834025061,0.000162624977712572,0.0583759634143985,0.00282439441607934,0.000384075514306247,0.00144245296620939,0.113980914201007,0.000365978072302348,0.000538639953003126,0.000794937071437175,0.165502718259036,0.00856981406040187,0.00215319688928287,0.000226052710816008,0.000796744349983888,0.000635358028438246,0.00910798628687183,0.0700737637325442
0.00117136521625707,0.0865607443753981,0.00345567204854159,0.00352644208092042,0.00177248126767486,0.0216183400510223,0.0301933021432481,0.0305567800911958,0.077653558761187,0.0314388490707039,0.778443169416475,0.0507047152655621,0,0.0246039787342131,0.00816688506204362,0.0126801685584106,0.00292654718946994,0.00095852618053711,0.00140868377478987,0.0204645704821487,0.0389932770254245,0.0795054009725503,0.0397967735959408,0.0883551540277232,0.595903595965881,0.0101034894498209,0.235074911079386,0.0726095258595807,0.0497358752026952,0.0117536127553904,0.0308700356027611,0.0212690748218502,0.00187205723373116,0.129189592482686,0.00306676537916797,0.0899309788927823,0.132566380911511,0.106866868441856,0.0170283090333813,0.216194396154833,0.0263290466935324,0.230632038684499,0.0220754235625233,0.187228197995363,0.0380391577201949,0.00611312556185014,0.0831456168630414,0.00581964305431781,0.0552556662742338,0.00027478106048432,0.0307461214925513,0.00018573947036435,0.00208172199914784,0.000590661595607212,0.0093403279037366,0.00352435223813354,0.0138469422382497,0.0134438310518292,0.00404644461294251,0.363880850099934,0.0133142635144663,0.531111921296526,0.00806825894778086,0.00344481855695956,0.00698139631079721,0.000177695014377898,0.00191586992361869,0.00111419110513132,0.00223741334263376,0.022215731194815,0.0177814709991699,0.00797473783348225,0.0194723583147066,0.117917599303829,0.148703117528055,0.319689113666209,0.024868457306054,0.00611018763813172,0.00384457207313877,0.214136190140724,0.0059959047565243,0.000304193983706742,0.0149542051790276,0.00266015139935607
1.55203570298587,0.000108829611142319,0.0135068123709808,0.01617790251019,0.00111912733188168,0.322438513165478,2.69195548757529,1.60610719725912,0.00332186428522127,0.330878675546339,0.101462729180628,0.115172526806985,0.0246039787342131,0,0.00672176061840826,0.00037355968623122,0.153581670062104,0.0173312809800513,0.0807518606478612,0.0495420471599585,0.115333002436757,7.98083456273676e-05,0.153600190749666,0.0175568619343337,0.00377013268017953,0.0852218918123441,0.0595602905149398,0.109127035744101,1.92921622248262,1.4078887375189,0.0128674561754184,0.0256241941894723,0.0143585964066536,0.158946865873248,0.0190431506283944,0.123771208547162,0.013388714783808,0.154035048340476,0.0309441974330353,0.0425114779259491,0.0275047547980565,0.0304995406003994,0.0130347363150807,0.00197249489686216,0.00753578914932549,0.00628695057420928,0.00687675197628936,0.00208677763057965,0.00491223354712913,0.000202835106022739,2.52826965581328e-05,0.000331025784084732,0.000341148003126901,0.000206085525258726,0.00123536365863144,0.00772411362053675,0.00313486482762247,0.00491281058074834,0.000148771709505415,0.0182351366266362,0.00344554573377014,0.00165350652482228,0.00202733879888587,0.00040226073514215,0.00150906880554011,0,0,0,0.000411260251933953,0.00680447483466703,0.000697867882728071,0.000445300424936941,0.037440706996447,0.000377016991146791,0.000410705342236573,0.000341940354205396,0.0368877274946803,0.00184525598494665,0.00254082929388229,0.000924922909288218,0.000994755722137805,0,0.003860606590376,0.0022763948610217
0.000290164221199393,0.0052385877165101,0.000466969221690202,0.0276354869213287,0.159769668090989,0.337333449366443,0.0328312326049815,0.0136011979840465,0.234819224762771,0.0309335521745744,0.00178936335233695,0.500941706399264,0.00816688506204362,0.00672176061840826,0,0.000165061772315294,0.00142445785170877,0.000481122581147549,0.000683746331928554,0.0575282809558253,0.0143406170978886,0.0154560188833428,0.0062436719928905,0.271728329150305,0.00704028202390493,0.00110515998713839,0.0105900631662727,0.100721371605768,0.00565207011725423,0.00796089585831404,0.000430946173449987,0.0414669449181543,0.000916756099037934,0.00375169703035154,0.127008508946574,0.0442620735265672,0.00157173948601429,0.00373009510860033,0.00284865249632521,0.59138909352995,0.00557321191098419,0.0016050134351587,0.00724525111169475,0.000907207762737984,0.000815527298758238,0.00291173643054381,0.0578331583060067,0.000900520930092224,0.00140268400381279,0,0,0,0.0189964069861552,0.00457261879895189,0.00669501035262103,0.00321143283106896,0.00290181236140557,0.00920977926256345,0.00954037526209667,0.000906288429673452,0.0442652559554646,9.48115031825959e-05,0.000876200943534957,0.0133485514256863,0.000991867762619421,0,0,0,0.0109550626221913,0.00238540313962448,0.00179096331385846,0.000785069270306984,0.0168376050441025,0,0.00068269664211208,0.000767808788733948,0.0231915450974275,0.00100157342504219,0.000910932625174479,0,0.000348059174517309,0,0.00124258628003982,0.056160904568367
3.8401426322937e-05,0.0276935633705019,0.00589326813865288,0,0.000254452723624456,9.09060301763535e-05,0.000269184441548252,0.000181326065305906,0.0135671930601962,0,0.00177231990538953,3.63986311345518e-05,0.0126801685584106,0.00037355968623122,0.000165061772315294,0,0.00120697249046206,3.56285231114387e-05,0.000826814210519074,0,0.534058816619565,0.898817111752099,0.791017657887129,0.238866734824023,0.0160545721625909,0.001729826199519,0.594628669743728,0.0954476343302605,0.000866779897325054,0.000204866871204024,0.00222984385567866,0,0.000156681807495868,0.000614377877008268,0.0124928296153831,0.177037346480696,0.0674485510997482,0.0213812616287537,0.00793579890944644,0.000238493445386088,0.000727236632051793,0.00130414673852999,0.0212753739836543,0.00245129126809769,0.00515079072485637,0.00580212598988863,0.0125528542246879,0.000735741397480869,0.000956367293695972,0.000343105833616295,0.00197021370916188,0.0266565007141164,0.000191765035809016,0.00227312925636615,0.000614559485835001,0.00331461965286253,0.00179272584748704,0.0370137264666621,0.000274254814729857,0.000826306034037695,0.00156842679279612,0.0002857314733713,0.00395839456314249,0.0124472893411317,0.470614251461395,0.00236487478985845,4.80881999159574e-05,0.000776757790846553,0.000153981647640762,0.113446196539381,0.183480415305252,0.634601708258481,0.0807023479557648,0.000577378529326388,0.00179479699246866,0.614107444375761,0.0704772521861612,0.00450217959633316,0.00986589916306585,0.000193858750436264,0.000118991283929783,0.000393043830432129,0.00213253273343199,0.00667515588794225
0.0365480534221032,0.00341315575145815,1.35059145367977,0.000735515637349731,0.00087198884131147,0.0161180684262419,0.0782853815302877,0.0916660252317607,0.000461090430833074,0.00779954428987352,0.0459639714205147,0.00549389938481344,0.00292654718946994,0.153581670062104,0.00142445785170877,0.00120697249046206,0,0.0114662142051744,0.754182087917142,0.00295746310053124,0.30812725519996,0.00206919415535847,1.87377636925974,0.00155931354351766,0.00044712022893861,1.6361452755718,1.51318427698225,0.0345293025058648,0.113101850124975,0.330322695009856,0.00110247984171967,0.000574732729288504,0.0143597639791177,0.416212036162059,0.0363051826978807,0.450398771165955,0.201587979516896,0.33478705612292,0.0759317968790657,0.00219346532114156,0.00584125643548411,0.00161020535742565,0.00402743216981644,0.00131643721693724,0.00199349911121519,0.00323779571768637,0.000137067425676566,8.73149095278379e-05,0.000122907454307199,0,0.0037286244624392,0.0382096516373105,0,0.000229930088844734,0,0.000192560050960171,0,0.00057781988421042,0,0,0,3.01273917696654e-05,0,9.75472161862493e-05,0.0013141228423272,0.00336780535554505,0.000171241480141354,0.00065800159027521,0,0.00124291632105365,0.00250436583355631,0.00358525953461207,0.000732422320347643,6.10675578055322e-05,0.0108554608021006,0.107384032331541,0.00200081711340848,7.32685525385945e-05,0.000369722930688992,0,0,0,0.000772162629071459,0.0307108299386859
0.00120321168871999,0.000112997962596613,0.0013575849303934,0.00216562963574302,0,0.00958193934320182,0.0450557468662792,0.00874323597207063,0.000354726140616605,0.0333423429513242,1.36560040317956,0.0318163456955768,0.00095852618053711,0.0173312809800513,0.000481122581147549,3.56285231114387e-05,0.0114662142051744,0,0.192012354953291,0.0139596037635933,0.00437105318003719,3.37932954231084e-05,0.00508145105403957,0.00204407910229937,0.000420211907849086,0.564462016567831,0.0588938122398349,0.0154586304632955,0.0362144876439781,0.0119712382710965,0.0336998418431543,0.00470321062398282,0.00142692672610085,0.115065234723168,0.0118902265246169,0.13111638298548,0.130559272762028,0.170902994826472,0.038551830591368,0.00226910102034476,0.00178599418365403,0.000886476068434436,0.000541117536468512,0.00272259499074381,0.000173609395011949,0.000946426289107401,3.87663200622082e-05,6.61148314026118e-05,0.000280146819140893,0,0,2.69662651833772e-05,0,0,0,0,0,0.000560379077577352,0,0.000996337630818454,3.1337104646042e-05,0.00148746096202986,0,0,4.00793730770409e-05,3.55272061893046e-05,0,4.31712378822326e-05,0,3.74477869040787e-05,0,0.000116792776967186,0.000133128373441458,0.00103485003209717,0.0122333819876269,0.0206150862452043,0,0.000112431178570747,0,0.00304105849733518,0,0,0,0.0131852098596709
0.0140683322611621,0.000433670778277123,0.111834415165251,0.00221292684023812,0.000188730350999737,0.012615808067124,0.0693833087028554,0.0436151665541791,0.00104545539519705,0.0335720509012869,0.169313476558106,0.0249219899543903,0.00140868377478987,0.0807518606478612,0.000683746331928554,0.000826814210519074,0.754182087917142,0.192012354953291,0,0.0116832490854964,0.13733839555106,0.00032732255465768,0.235059572261,0.00342078134723423,0.000569193037703061,1.08302379894078,0.321264910048079,0.0329416181752579,0.0991869653330477,0.119825427791908,0.00745692784352911,0.00487754352115155,0.0121168460821066,0.354144468133117,0.0244454241986631,0.403551617195885,0.152203951756906,0.302052167411326,0.109238378040998,0.00140852565170469,0.00313323949270885,0.00125424339314497,0.000940972657133596,0.000805353283324199,0.00035044066239649,0.00141537028906148,0.000321644242970789,4.54772074149191e-05,0,0,0.000179690632796913,0.00446756695170431,0,0.000130156122828447,0,0,0,0.000619433824760198,0,6.51340459665834e-05,0,0.000544972003883171,0,6.0004282656312e-05,0.000326215678683213,0.000248287332364655,0,4.07119475788415e-05,0,0.000242312790997812,0.000264344084441158,0.000594701473852068,0.000319980464893019,7.96283471575856e-05,0.00826703843760601,0.0275350625477506,0.000325564537833863,0,0,0.000572142648833531,0,0,3.47268413255498e-05,0.0239363494913961
0.00132872223368743,0,0.000103983420599332,1.47521282807982,0.00573082139705516,0.0703145559213972,0.0458760579378164,0.0806783595425251,0.188227659164079,0.546158872482327,0.0349227634362064,0.564514563336745,0.0204645704821487,0.0495420471599585,0.0575282809558253,0,0.00295746310053124,0.0139596037635933,0.0116832490854964,0,0.000645317246081766,0,0.00104100053782531,0.133399550145145,0.00674097177834964,0.0238302507365113,0.00384147124866901,0.108744186557693,0.0721703194998256,0.00250526755950378,0.00432106676775747,0.00904227453151126,0.00290416449929692,0.0207706400202505,0.0353467459948557,0.309259964656197,0.00254500114334409,0.0339174468494036,0.0130805601929097,0.0887777611217556,0.0222209908260188,0.0115234987859654,0.0338785373061661,0.000573810606855681,0.0106647069636473,0.00691264853140188,0.119411548835629,0.00510596542855082,0.00272812166390788,8.77308704794946e-05,0,0.000168544937427306,0.180484428340945,0.00798823350590711,0.0327654678043808,0.0447316897478469,0.0264747080766405,0.0620580896948999,0.102943836998978,0.00476599357550364,0.181986962110522,0.00030331529161495,0.0112572050707095,0.0408884614498007,0.000286175249952838,4.00324878630638e-05,0,9.88954793271659e-05,0.059688910418858,0.00155703635603442,0.000277165358272057,0.000658091394377562,0.198314949518798,3.66377978981138e-05,0.000104082525334686,8.62906198058186e-05,0.306630054846334,0.00781957885675042,0.00151877835418144,0,0.000346706343220961,0.000174136540430117,0.00971455431471789,0.00449032907607178
0.0210556375857656,0.00767601850882086,0.266684543862647,0.000130798916113195,0.0131461810329395,0.0180292489555016,0.265355723291403,0.0736155176296156,0.012923670632935,0.00224481320600806,0.0144092626083204,0.00893118158832297,0.0389932770254245,0.115333002436757,0.0143406170978886,0.534058816619565,0.30812725519996,0.00437105318003719,0.13733839555106,0.000645317246081766,0,0.123836803490023,4.51295762515786,0.0182302015788972,0.0173267425155759,0.129605859062221,0.456495951308085,0.430561991412828,0.0785339554938654,1.92395161118212,0.0015502944919047,0.000434906918261316,0.0223448978868089,0.672047384829829,0.325262163543241,2.35463439564236,0.157212552229223,1.27455136680601,0.248083470810127,0.0146365609353728,0.0365798625441442,0.00863003549065528,0.0346360879075049,0.00197649839007764,0.00550599203374492,0.00775444461565131,0.0230068556188216,0.00192998113855574,0.00248632667866873,0.000583073392360613,0.000559717128439388,0.0114829756835494,0.000464663391831333,0.00213609247676829,0.000749170673491884,0.00600876811530872,0.00353995383842852,0.0329583713851483,0.000697531991846128,0.00184962518940404,0.00258793475292878,0.000236653930943986,0.00565568431489298,0.0124774784687285,0.130553752121541,0.00105673612639148,2.99712282259762e-05,0.00019424634322485,0.000386387159114769,0.175801796497192,0.0829994875664837,0.161050090305309,0.0878458137039911,8.01119862357345e-05,0.00252556584389866,0.116132336947302,0.131062967544016,0.00957553398821609,0.0211108078746896,0.000374167877381792,5.03740030142784e-05,0.000649931545223844,0.00268946229290908,0.0896380737351897
0,0.429894072875752,0.0040614002731838,0,0.00064589062558744,0,0,0,0.905406826179534,0,0.0193068776565056,0.000142893454749263,0.0795054009725503,7.98083456273676e-05,0.0154560188833428,0.898817111752099,0.00206919415535847,3.37932954231084e-05,0.00032732255465768,0,0.123836803490023,0,0.164946731126047,1.31028873751879,0.149299878689527,0.00543865036709917,0.962865342861274,0.057557489517767,3.9979477541399e-05,0.000349323275967282,0.0189189996868494,0,0,0.00085154939598408,0.000736689846374203,0.00930355730274069,0.00390285833703364,0.00359194327183956,0.000857774047968866,0.0063115638552423,4.04066822353363e-05,0.0160524315668577,0.00589048225193847,0.00333119351643666,0.00215769828063001,0.0024569345463048,0.00654320338523288,0.000125776859802193,0.00224421460305423,2.80954026994676e-05,0.00753992026127533,0.0204513300163821,0,0.00112696885413596,0.000344831267414207,0.000307169520762509,0.000622204443893981,0.0298418464814924,0,0.00136363422395477,0.000792426872081458,0.00281319627524542,0.000808384872715203,0.00956952106325184,0.140744152838963,0.00224246082368754,0,0.000318231066765332,0,0.0339173150938595,0.100147273332471,0.105296360700208,0.0480272083468705,0.00154796755692126,0.00235244956729819,0.34307065012683,0.0184558785691991,0.00092067490678566,0.00186282862312285,0.000527425739410096,0,0,0.00111559225432529,0.000904994329163194
0.0290216939417918,0.00775219924812302,3.97964116524104,0.000306757928725692,0.00807001175148488,0.0221968522921823,0.153016809829451,0.0963606520842304,0.00160470693945318,0.00267323154422888,0.0204339735049518,0.00681063948647721,0.0397967735959408,0.153600190749666,0.0062436719928905,0.791017657887129,1.87377636925974,0.00508145105403957,0.235059572261,0.00104100053782531,4.51295762515786,0.164946731126047,0,0.104057184848086,0.0139797993343279,0.317300700938901,3.67157746286236,0.298754191465108,0.0680383830102872,0.553898212473557,0.00117268256937685,0.000832742977900395,0.0158172409348213,0.52225248261596,0.393712821009913,3.4533495462649,1.49585750140609,1.59052809852701,0.463260356211009,0.0149405301058547,0.0412088501422347,0.0117184401173481,0.037348589998384,0.00792190684272853,0.0182705244794365,0.0313370413758568,0.0164887567597608,0.000433678269312581,0.000632771702744124,0.000279115757292768,0.00436963139711778,0.16730582999276,0.000362274456718272,0.00325406111163531,0.000905339007171452,0.0054690993003201,0.0012267137700523,0.0346010358511013,0.000164475729734874,0.00130057754256271,0.00220074114800414,0.000203931646134737,0.00238667851973519,0.0118705468473421,0.608077650848543,0.00859471559122099,6.42107465764493e-05,0.00207679474849426,0.00049781595826655,0.113674270295413,0.122476627088598,1.10901503436371,0.0680972424647173,0.00067569658066121,0.00905580403786427,1.32026724668809,0.052636875428637,0.00317268647820052,0.00728481818585882,0.000279687931084755,0,0.000251053075238997,0.00420894670029028,0.263321602096279
0.00265402943432924,0.238480238789168,0.0063391628736278,0.467893918935898,0.0128215233725521,0.0264280161856045,0.0914609325408587,0.018099349781866,2.03428611373156,0.0426276187671586,0.0185677795675272,0.110692341615829,0.0883551540277232,0.0175568619343337,0.271728329150305,0.238866734824023,0.00155931354351766,0.00204407910229937,0.00342078134723423,0.133399550145145,0.0182302015788972,1.31028873751879,0.104057184848086,0,0.143123217264445,0.0104713794646286,0.520292428213347,1.30946192540748,0.0495881038678787,0.00815452161433701,0.0182002564347566,0.00121439063878225,0.0145819848065428,0.0110716009227067,0.033983108552241,0.363881124850656,0.0148269139777538,0.0297300353684008,0.00960371990571113,0.117001192506414,0.00928754475948139,0.0144760483577686,0.32960730454969,0.00428221366917427,0.0766025629801433,0.0400668302840451,0.154609644103154,0.0314342308319386,0.00844582904929762,0.00381687214658245,0.00102293639775667,0.00658600320373295,0.132126302796113,0.00513662889048477,0.0343993913863168,0.24665977770954,0.0918704815482114,0.34950619604154,0.0840641457370854,0.0112151464991031,0.0958277441988474,0.00138273923179511,0.0740137323182707,0.0398366977010299,0.103573696537552,0.00126249316964265,0.000419863501782319,0.000867197234474612,0.0339438677992484,0.166393304814938,0.098680064032537,0.0870179596506593,1.53431441320527,0.00065158995407576,0.00279619681528028,0.0815513373833257,1.15406721801946,0.0981359883976994,0.0613612167539601,0.000135816654860026,0.00277701989185631,0.00554173334140969,0.0536096247141358,0.0381122911691258
0.000310970719048136,0.14541690828343,0.000901262111256995,0.00122435538997376,0.00141333539765153,0.00548547330504006,0.00271646683282641,0.00598791967218027,0.128644230689232,0.00551244988554564,0.173497753123957,0.0182164185871603,0.595903595965881,0.00377013268017953,0.00704028202390493,0.0160545721625909,0.00044712022893861,0.000420211907849086,0.000569193037703061,0.00674097177834964,0.0173267425155759,0.149299878689527,0.0139797993343279,0.143123217264445,0,0.0182485708549057,0.514942275053558,0.0380735985290561,0.00689079115650923,0.00149644843195493,0.0492560060091943,0.00260547371328283,0.00140489461104681,0.0153599926616207,0.000654165465319186,0.0215784274936715,0.00568348042946671,0.0229943641641697,0.00178603091375988,0.134174230879521,0.00289476114852723,0.0596200547948437,0.00983661575444448,0.029805003662971,0.00920541087971675,0.00237006016799628,0.025561295288143,0.00121966991469768,0.0228304042210852,0,0.0136566943373887,0.000278175614883506,0.00028256944506728,6.46856478249192e-05,0.00177731630279871,0.00172073737672632,0.00299226053259318,0.00525901659797805,0.00139380632983216,0.0331508471819863,0.00277293074778051,0.0997159469627824,0.00267213589556448,0.000771764626475441,0.00503099051385244,0.000296861231547564,0.000185204379970819,0.00126766396213671,0.000797405288540709,0.0124228175435133,0.00799545433825817,0.00540072501487397,0.0104188765594553,0.0555432822370163,0.038633903932803,0.268343227137668,0.0135052576350197,0.00238821804152039,0.0017739336371062,0.0159976992251875,0.00118681310757029,0,0.00488687223064415,0.000947905311589499
0.0105304685633543,0.0106605914253281,1.14499791651497,0.00354828708749117,0.000229809751635146,0.0229769167928672,0.104970379425001,0.048167152702969,0.00814893755782837,0.0549299153786634,0.957587761248809,0.0552903578510016,0.0101034894498209,0.0852218918123441,0.00110515998713839,0.001729826199519,1.6361452755718,0.564462016567831,1.08302379894078,0.0238302507365113,0.129605859062221,0.00543865036709917,0.317300700938901,0.0104713794646286,0.0182485708549057,0,2.43408650098174,0.047638628047965,0.116498236566054,0.115941971989512,0.0358722998011199,0.0123718540943963,0.00973408240790156,0.262007723325731,0.0678062664387523,1.42979453631853,1.84102379590595,0.714239148995988,0.256885803539363,0.00691323971623821,0.00600126172600052,0.00518458772985174,0.0333240490406373,0.0734467700398583,0.0310113314704438,0.0281787934607782,6.84871151880473e-05,8.95626022143426e-05,0.0030120655999833,0,0.0179728525461358,0.151124453737224,0,0.000355129617193839,4.62475413809716e-05,0.00058446648258073,4.09052314934671e-05,0.00416392674592623,0,0.0259134132646534,0,0.0865307064940053,0,0.000890033624232273,0.00243250815294717,0.0285197950015296,0.00495717007103575,0.0218727448131228,3.79362796473742e-05,0.00157016337585108,0.0105006279137152,0.00809608331241111,0.00568957655689139,0.0320091688139555,0.897691878606007,1.94366006298452,0.000710079673425588,0.000211647427035123,0.000470393169211793,0.0850678477726148,6.41835430465311e-05,0.000103577953670204,0.00938814506044824,0.0800269505810679
