0,5.63894494636417e-05,0.0231228039935486,0.000237374651412928,0,0.00179073745754212,0.314544166436026,0.131870735608873,0.000369088054192972,0.00375888952801241,0.00183328749970554,0.00210259146256099,0.000587912607909661,1.00702543207697,0.000120514907778918,0.000226306098436904,0.0397609121498444,0.000291650728902393,0.00783174405725944,0.000328372085809135,0.0729483359054106,0.000125777829501557,0.0822573681508681,0.00139926437656875,0,0.00442676216721731,0.0131027269158637,0.0116975349563511,0.38148750912027,0.495367614816498,3.77580694025695e-05,0.00054419639435091,0.00034405938287403,0.00616982906331754,0.000106104926796055,0.00196946210306769,0.000948837030805688,0.00453697448483029,0.00209954935197276,0.0003653619479783,0.000190741154257357,6.92275273552894e-05,0,0,0,0,0,0,0,0,0,0.000145886098733639,0,0,0,0,0,0,0,0,0,0,0,0,7.45386537558317e-05,0,0,0,0,0,0,7.51160873529911e-05,0.000185297703037477,0,0,0.000796481781743876,0,0,0,0,0,0,0,0
5.63894494636417e-05,0,0.00315567781446002,0.000436160651391131,0.00372162980266954,0.000889802628142885,0.00169711397516756,0.00107864534972355,0.0953073490620994,0.00121838429430774,0.102443479072645,0.00128278613330183,0.22155214032267,0.00125509703000226,0.0167933304579634,0.115992242834196,0.0191264417841859,0.0027410888009909,0.0224192016784051,0.000163955957853949,0.0111986728898486,0.36260838848595,0.0187992522632089,0.121317420272161,0.328785848858409,0.0950583491938242,2.02035614375373,0.0425045745163634,0.00273556441450613,0.00159813253369746,0.0101901893690747,0.00134795102697131,0,0.0271132112107978,0.00375572819797314,0.0468244807380346,0.0375542198991698,0.0297250455823033,0.0100114335619477,0.0155217507208771,0.000545736823919821,0.0187020757578849,0.0154656474013793,0.00708243659660486,0.00859855897661737,0.00830529565419061,0.000716748629515278,5.7909986453104e-05,0.00360653789066627,0.000117494631653631,0.03491296935118,0.00428352662922321,7.53463740968228e-05,7.07236078700424e-05,0.000131514078289676,0.000225538897324294,0.000109540700321174,0.00269246408524486,0.000211846285158813,0.0167800328455386,0,0.0176694257268836,0.000483154424221033,6.44278433469415e-05,0.00299284268689807,0.0150100326562755,0.00329630942740692,0.0148940274633322,0,0.00112145613430597,0.0036887895180326,0.00396852611627095,0.00308218712815035,0.0053319035782794,0.0364094492818168,0.333534065552535,0.00116552439398691,0.000496539791955578,0.000281542200441134,0.011566251249235,5.15008328199863e-05,0,0.00490593219830228,0.00162183856893847
0.0231228039935486,0.00315567781446002,0,0.000256987322896385,0.000400533930456662,0.0323067429304717,0.0433719584021256,0.184271667983341,0.00308740221105719,0.00473119374942534,0.00652062442960471,0.00197070497651569,0.00677888149805183,0.152396873726132,0.000849742298726909,0.00986707801450605,2.77438233023144,0.0161948931956603,0.15623229320623,0.000116708853657997,0.53323306098105,0.00752782666375467,2.34382839532198,0.0055806696348706,0.000324218640926814,2.27639517049249,1.41450112619599,0.154386785454814,0.0498652830971785,0.0563766608052777,0,0.00743698540791814,0.00157340325015523,0.287250847306671,0.0388407905359073,0.67112807053776,0.190529148003683,0.411016652446487,0.265743472362566,0.00497508864521689,0.00844376452957686,0.000602594705870623,0.055010026896118,0.00795041053351634,0.0356713591275734,0.0266786329552355,0.000881487954427381,0.00102921606098875,0.000235028279217625,0.000535386371485394,0.00382204673460604,0.10324074116556,0,0,0,0.00225980285565916,0.000145057435132277,0.00162666918002123,0,0.000595304664165598,0,0,0.00154907334731795,0.000699618688910723,0.01955824780406,0.047674329540159,0.00202426754550206,0.00482630256863315,0,0.00525392936441801,0.00913512038696363,0.0506221206730932,0.0038612210937502,0.000208600605141663,0.0180508613551458,0.631104694587709,0.00596238878046802,0.000467035273843896,0.000728038285158134,4.40641882923603e-05,0,0.000387763649627816,0.0212881894744556,0.0173953696092599
0.000237374651412928,0.000436160651391131,0.000256987322896385,0,0.0327505717045315,0.0524935162690461,0.036384328197482,0.0382454383847164,0.310551553147664,0.375306726970996,0.015061463339727,0.886643029374843,0.0306822087716113,0.0234286152534895,0.127900551053742,0,0.000892663887931894,0.00291846091059235,0.0014355460563428,1.51690559101872,0.000940514136919126,0.00180736074714092,0.000267820030838871,0.216427366701125,0.000614802860679066,0.00174536208512483,0.00199832025540876,0.214692847070884,0.0223523505849149,0.000499903575075281,0.000332214545555002,0.0061155982964429,0.000330597167680066,0.0182089017566,0.0038127915724742,0.0813819744811711,0.0018903521218902,0.0141788376338851,0.00137990681182066,0.137508030458502,0.00777152336782121,0.00439257536930939,0.0101343215287483,0.000100448817053684,0.00431875505531269,0.000580010091929626,0.112255315576954,0.00204017524868862,0.00286315923953174,0.00025438796174444,3.63150670366108e-05,0,0.180805430079765,0.000715702474962759,0.00387720816556135,0.00157418807362601,0.00651958549144773,0.0782747222831122,0.0817490881347037,0.00142016674012359,0.0771472307022083,0,0.00389640556479088,0.0169531382384112,0.000873574683039504,0,0,0,0.0645497304604233,0.000173797102091807,0.000149749841804015,0.000214116440772307,0.14238733506723,0,4.24280482580781e-05,0,0.104759173873315,0.00132246377329887,0.000227015308060241,0,0,0.000135295535219693,0.00720827259349093,0.000166938826924038
0,0.00372162980266954,0.000400533930456662,0.0327505717045315,0,0.188307179661498,0.00803379270762788,0.00917462265471199,0.0309965352610248,0.0150913202299533,0.0018594685123631,0.0458893273628085,0.009420799688101,0.00281897163844573,0.0462167581346663,0.00165434128949497,0.000421146897084654,0.000351846281737626,0.000226094175156534,0.0101170952468008,0.00944409879790372,0.0100238494842182,0.00546827769844404,0.0846738562406646,0.000351393921385217,0.000849436925821373,0.0106331798733074,0.0653458925373172,0.0031010672920991,0.00156399504274432,3.45454389291108e-05,0.40316270207436,0,0.0829478895588726,0.189176487435498,0.0307356202137494,0.00154171231898303,0.00293301499199481,0.00272174620610071,1.64768030196237,0.686807977277208,0.00119376430737952,0.00282129706034485,0.00373849685258785,0.000643561878460693,0.00707513052263468,0.00935717817435001,0.000276728397907877,0.000535330082662082,0.000161253146845901,0,0.000618887631367636,0.0068071280180698,0.000222191650702787,0.000366072914208806,8.47470508460287e-05,0.000157821500995839,0.00272519189542705,0.00536769128323161,0.000114919257922411,0.000693037690314871,0,0.000172784496625471,0.00163326125767218,0.00301105774402429,7.61655721887946e-05,0.000115422459036111,0.000231998528201866,0.00226431967666265,0.000607216076661802,0.00102961459739653,0.000696669624561238,0.00846529584292792,0,0.000547738694726264,0.00368862056478767,0.00557496207576939,0.000203525666184068,5.04474220023394e-05,0,0,0.000174527144747829,0.00131560114531012,0.143043355769984
0.00179073745754212,0.000889802628142885,0.0323067429304717,0.0524935162690461,0.188307179661498,0,0.743366519674741,1.42216993378423,0.0411319289697859,2.52300225454896,0.0651971842228481,0.777440833674122,0.0494588932552266,0.11791296919644,0.20899150374408,0.000521406334765059,0.01181218569963,0.0136555150916427,0.0095906095874234,0.0401762807474513,0.063895162514013,0.00379075803598702,0.0487415346092792,0.0818923014020146,0.0018475067586481,0.0206067965441378,0.0198696315730792,0.345144482350282,0.0534129883604793,0.0560584454385362,0.00369570060164312,0.249537582738015,0.00110491774582349,0.0589302405177365,0.123205346144307,0.197778364434328,0.00965980181143057,0.0399750296811672,0.00894076691898803,0.499462246863187,0.0861184922137665,0.0110387346349994,0.015382863672138,0.000338568789383519,0.00744039078674512,0.000399598946388817,0.0310502600452956,0.00344233612507217,0.000965879194993008,0,0,0,0.0247368430624881,0.000320172768885112,0.0012915634466878,0.00121793782996391,0.00222687071149006,0.0141538886970528,0.0183148588024014,0.000820376149195146,0.00183530712420527,0.000363505444037211,0.00154698635728508,0.00362392532080044,0.000847168794175814,4.37756075194359e-05,8.67970419006586e-05,7.02613082637191e-05,0.00919591892042123,0.00010963713782022,0.000791015236651112,0.000136608832432812,0.0727199230369343,0.00013696202773726,0.000226577284342844,0.00127044678643942,0.0450009895292796,0.0016872569886314,0.000266674399317491,0.000151056738775527,0,9.8217089860439e-05,0.00600879288911814,0.0206759088061671
0.314544166436026,0.00169711397516756,0.0433719584021256,0.036384328197482,0.00803379270762788,0.743366519674741,0,1.37100477051219,0.0285479990484118,2.11057791851647,0.0934133526956409,0.0604690636412479,0.0879171572371167,2.63266782242299,0.0441720619349538,0.00138094483297711,0.0242397583681745,0.0308810778363594,0.0221186133158103,0.0280200057393032,0.224386373019445,0.00515276773657903,0.0730537770950217,0.267142001806591,0.00215580884533968,0.0454949404152966,0.0379836080911648,8.28302129873,0.687612571006363,1.73087342337333,0.00722005724414804,0.0321934756243934,0.036232181269366,0.278698058261301,0.10390952569965,0.453051836121007,0.0151701551531843,0.230276584915049,0.0246708848367087,0.132515829753019,0.0973878907096552,0.0132553583931618,0.027884518855856,0.00019215672165581,0.00567370778946944,0.00145854216665314,0.0200189625121514,0.00246794607218971,0.00124584729247974,0.000157955561314917,0.00020527568079924,9.44729086505054e-05,0.0118823321107752,0,0.00138595780755819,0.00129376562699797,0.00425915181681225,0.0142448451760005,0.0111766320736436,0.000965142022716431,0.000809768634070229,0.000219995486009949,0.00453379758219878,0.00242943392345973,0.000768266793879962,0,0,0,0.00579465666130353,0,0.000980790566541192,3.94853067562938e-05,0.0620450510305807,0.000158517842123133,5.89800439966321e-05,0.00151912491182556,0.0306814102283115,0.00119841332186722,0.000281779110227215,0,8.35484772015095e-05,0.000379340781575167,0.00764991259514858,0.00602675048251273
0.131870735608873,0.00107864534972355,0.184271667983341,0.0382454383847164,0.00917462265471199,1.42216993378423,1.37100477051219,0,0.0341702556028295,0.616392013448643,0.0683963222200952,0.347921098615695,0.0584150895619466,1.79709618840201,0.0485737339308392,0.00118778484471978,0.1694398213837,0.016973498349763,0.0338582396029815,0.0381781680062155,0.382869956680257,0.00574714380284677,0.412314169679819,0.0630029366873228,0.00201884419793592,0.041976309153599,0.0729475045459214,0.361435179151364,0.168787243870215,0.683346160451336,0.0033958860843107,0.100720179234802,0.000999884537022057,0.0999520149034191,0.005687040850649,0.400670044718575,0.0183625483089337,0.0707837798693318,0.0303601124944235,0.305841585645915,0.0212860982183768,0.0121309455911413,0.00402163198615557,0.000208974077649826,0.00225567303468073,0.000117138277270603,0.015907469173182,0.000107340818375516,0.00110344562224095,0,0.000234183585696369,0.000369867049668002,0.00534022543790193,0.000102079449221563,0.000137810349391079,0.000187653601719189,0.000339237458671046,0.0101150255179545,0.00253282946076561,0.00111171580853137,0.000656293912627709,0.000926832828954652,5.39274460802793e-05,0.00172322011039243,0.000596077784739482,0.000161013837848693,6.02406641021133e-05,0.000178946130471396,0.00225923542229293,3.94776330331206e-05,0.000212627752548337,0.000210059316125536,0.0432311522190124,0.000189549039486194,0.000670787985608769,0.00421221257854377,0.0148644094880977,3.95647926443696e-05,0.000243562420946825,9.9624802949935e-05,0,0.000229117007626033,0.00127476497246189,0.000469616984494436
0.000369088054192972,0.0953073490620994,0.00308740221105719,0.310551553147664,0.0309965352610248,0.0411319289697859,0.0285479990484118,0.0341702556028295,0,0.124049971120359,0.0367197463465665,0.0754027125061772,0.0471677513550391,0.030963282623995,0.175672285840435,0.0395623315157719,0.0117142135122355,0.00848680105576997,0.0122364333601583,0.0501111098222903,0.0267013841677704,0.660591878089426,0.0235235544838842,2.51278817580082,0.0396524582851278,0.0210986089825546,0.611799295835559,0.69009458733898,0.0401997100924379,0.0142466314180001,0.00548849497582194,0.00959207101422984,0.00342793567057572,0.0453879542462929,0.0295893324717746,0.194145265888091,0.0212885764815164,0.0392357099957164,0.00932385451785651,0.171239128551335,0.0126443694291863,0.00623500948736442,0.120256219898459,0.00960244314399408,0.0472362336634967,0.0136059891895136,0.0454133391946009,0.0144948404753309,0.00221647310974919,0.0028286063332632,0.00187421733325324,0.00126304050612143,0.0875512528985643,0.00112145208402482,0.00752897853838458,0.00610960286953082,0.0264662916093949,0.479359512390718,0.0358995201867638,0.0138348319154773,0.0064579923688154,0.00580064549097132,0.0298856926668422,0.0183151271130064,0.220851860954806,0.00179990529823909,0.0047986397300114,0.00169232732382415,0.0144668907820549,0.0395684979198969,0.0818456997770776,0.0375880913638109,0.434112690141817,0.00235421686520094,0.0111376746660385,0.0413751200735276,0.157909500544401,0.0324995709668795,0.024996243557903,0.00143614609130616,0.00142623269633793,0.00435365561735813,0.0514824144396845,0.0276867366806536
0.00375888952801241,0.00121838429430774,0.00473119374942534,0.375306726970996,0.0150913202299533,2.52300225454896,2.11057791851647,0.616392013448643,0.124049971120359,0,0.134750237528804,0.661428808743798,0.116811124743914,0.347663134762273,0.0720732747410461,0.000150398717013431,0.0110342996193559,0.0400703972586957,0.0251207785585166,0.51087706235223,0.010038232729124,0.00424447084692612,0.00705348295659905,0.120622322775837,0.00403281038688403,0.0555060127306282,0.0257364362513188,1.28043000987055,0.255579735196745,0.0124452760675137,0.00769510139899859,0.042699959280434,0.0016165377593803,0.180572897418685,0.156827694071022,0.423079453525433,0.0216617556550437,0.162498634104269,0.0112242369628373,0.187019541160046,0.0700179340600643,0.0231106332364143,0.0212647490081991,0.000743746272194248,0.00912478498881683,0.000881540995051863,0.122075990432645,0.00139954930810168,0.00337927210543347,8.72359919996738e-05,0.00066613871548664,0,0.0898422082794351,0.000728247680237531,0.00289838747096382,0.00188380147577763,0.00388870868442257,0.0591419561479082,0.0460129199612656,0.00141228931853169,0.0054767549298534,0.000489609871137071,0.00205881284371498,0.0114547918460692,0.000164413885877145,0,0,0,0.0346409675985394,2.93423520779013e-05,0.00055567915482831,4.55608598151326e-05,0.181288530905187,0.000116056052466738,0,0.000132412117320496,0.12181124840675,0.00132391144509723,0.000296829997192311,0,0,0.000747438662808574,0.00950885719531935,0.0114495167265977
0.00183328749970554,0.102443479072645,0.00652062442960471,0.015061463339727,0.0018594685123631,0.0651971842228481,0.0934133526956409,0.0683963222200952,0.0367197463465665,0.134750237528804,0,0.135223684916011,1.39879681931052,0.0501728954915829,0.0129392996381359,0.0145560684347464,0.0335381810182529,0.931041961192357,0.203525268618602,0.0186137022630693,0.0149227166600831,0.0703925627182835,0.021837515485387,0.0594621707282654,0.289510505998589,0.691140461981189,0.185140309252737,0.0770807800213418,0.0983342501058535,0.0115193718528737,0.254020569189063,0.123921705827224,0.000411099695086491,1.02987701044744,0.00699627806382057,0.261327096007417,0.411096338435337,0.485575003190946,0.0741636634992059,0.0420794577691615,0.00548687251340182,0.393876183245139,0.00393980818996357,0.0438653521434754,0.00647541225044943,0.00253708038210155,0.00413778323312829,0,0.0898681188238392,0,0.013867695387798,0.000193770014070547,0.000138366588783985,0,0,4.23245421154976e-05,0.000162904432633317,0.0072761889836267,0.000259508549035728,0.206400945891111,0.000311631715645462,0.244795743883479,0.000811687681669502,0.000351166833589554,0.000800030151677782,0.000553028762948209,0.0117031940269968,0.00313479393866794,0,0.000224183216393209,0.00289555062308939,0.000227598623594356,0.00869972442490099,0.0210147227020551,0.058796968450914,0.133041880681438,0.00171194992518044,9.20486641128299e-05,0,0.132775982003598,0.000160293420180416,0,0.0100469891250475,0.00261349772136137
0.00210259146256099,0.00128278613330183,0.00197070497651569,0.886643029374843,0.0458893273628085,0.777440833674122,0.0604690636412479,0.347921098615695,0.0754027125061772,0.661428808743798,0.135223684916011,0,0.0780874280048878,0.183105511734942,0.282929854659818,9.82467129647789e-05,0.00920224576915182,0.0362353895868881,0.0222277485564869,0.617669589119219,0.00292685397495487,0.00424355691165579,0.00341526912103536,0.176319129279198,0.00421092921870116,0.0519780700179755,0.0362069270299863,0.123418397621462,0.135818609536222,0.00634440503658507,0.00725055044362762,0.0311254076952912,7.70957203100681e-05,0.108124898182309,0.0541665693930867,0.163542504579653,0.016821877242889,0.0788739543315925,0.00843060870748085,0.228338593881135,0.0213319251561,0.0160667735742756,0.00986338111393774,0.000349477821790231,0.00360584757453739,0.000844747049695873,0.060316086885104,0.00125361977965969,0.00300177572620661,0.000179447117650294,0.000512373206372201,0,0.0605640178286015,0.000179110888028437,0.00611209670291751,0.0010926459990212,0.00658988654500076,0.0195461571355481,0.0449636748730248,0.00224164572904519,0.0286030293647071,0.000360379468941969,0.00566062467308618,0.00828414386648939,0.000337021760225058,0,0.000832346242689976,5.566456405617e-05,0.0213476207718372,0.000128650989190132,0.000661644341061545,0.000113213360179674,0.0654809032043262,0.00024766197152642,0.000962559113632962,0.000661086610076969,0.043201534445471,0.00197696574023053,0.000104477708168543,6.00464382285476e-05,3.30110460849702e-05,0,0.00510803944758495,0.0166495363118537
0.000587912607909661,0.22155214032267,0.00677888149805183,0.0306822087716113,0.009420799688101,0.0494588932552266,0.0879171572371167,0.0584150895619466,0.0471677513550391,0.116811124743914,1.39879681931052,0.0780874280048878,0,0.0270943227258314,0.0206947932173997,0.0461214321856789,0.00619647174704909,0.00573989289666088,0.0035243181073749,0.0201488678877196,0.0635792034611019,0.157699453346286,0.0309715305888529,0.157311920393824,1.14152002548932,0.024475611319344,0.283081873067142,0.274256133192337,0.0267808983468373,0.0159601721280399,0.241458535760673,0.0780989053665538,0.0007515183301898,0.158352754659319,0.0495400051846044,0.536207752547571,0.282034602048879,0.657439614711225,0.211161093585427,0.389177869183231,0.240773748816706,0.840946317738195,0.0366279065076325,0.0922402888639463,0.0439430119527969,0.00883756560286519,0.105812159186295,0.0188594190794517,0.159738209476837,0.000726530117122221,0.0271621448361165,0.000756312889783377,0.00536427000581986,0.000129831300217795,0.00317856633082232,0.00111371352117424,0.011376289597031,0.00865280045903023,0.00992260678508867,0.520733503927397,0.00350193766325192,0.632804029507691,0.0121979145109921,0.004853433600884,0.0298828069271257,0.000453540346825111,0.00794922344465859,0.000863613470362899,0.00357366892103296,0.0122232629880077,0.00788261427748685,0.0086671328514484,0.0627622396186611,0.103435788460534,0.0791725143968795,0.209826497796508,0.0291009577839455,0.005628735993445,0.00702948080757814,0.266543559072773,0.00242366041536841,0.00103548407158764,0.0492345062911639,0.0105466831666725
1.00702543207697,0.00125509703000226,0.152396873726132,0.0234286152534895,0.00281897163844573,0.11791296919644,2.63266782242299,1.79709618840201,0.030963282623995,0.347663134762273,0.0501728954915829,0.183105511734942,0.0270943227258314,0,0.0147334691800935,0.00170557603268054,0.263242219625363,0.0174416218780997,0.0631897115468921,0.0289539019865306,0.453586324839259,0.00522997754723482,0.464766980961035,0.0850879617603237,0.000861209524136368,0.0522958060232721,0.0907942925967675,0.515465492103631,1.81252552764787,1.47919724529723,0.00199756724083389,0.0383369424208678,0.0219829091618675,0.0999013252807015,0.00789253374201365,0.210683992420129,0.0160767997720363,0.0647909129905771,0.0242200272371074,0.0495165901692171,0.00637119794658124,0.00481452004044532,0.00377079407355829,0.000329725269027757,0.00141078614826597,0.000443059326178515,0.00946146649962739,6.70357553530097e-05,0.00157807168347786,0,0.000321597609480822,0.000548782818275034,0.00229343908972737,0,9.84043549728873e-05,0.00037956355876472,0,0.00780217789841849,0.000674251916444528,0.000279688114473331,0.000273560698115516,0.000287698855279022,0,0.000617071147112435,0.00114941549243932,0.000174553435223615,0.000296185774998415,0.000368042464850503,0.000970350044015548,6.16379337046623e-05,0.000564700458370239,0.00055234637617693,0.0481282687587655,9.72813951758084e-05,0.00087118127176545,0.00830333009050779,0.0125512828729069,0.000216699061387575,9.12837238404218e-05,0.000116978648818875,0,0.000239733763114428,0.00174099975643195,0.000202032158430415
0.000120514907778918,0.0167933304579634,0.000849742298726909,0.127900551053742,0.0462167581346663,0.20899150374408,0.0441720619349538,0.0485737339308392,0.175672285840435,0.0720732747410461,0.0129392996381359,0.282929854659818,0.0206947932173997,0.0147334691800935,0,0.001806678285321,0.00120415868671952,0.00181886821269164,0.00184457957801222,0.0426071795851339,0.00766858657703773,0.0690916058464211,0.00358215632856849,0.41976623414374,0.00678333916196689,0.00392126780637533,0.0817002635785077,0.243344404892078,0.0171850175096378,0.0041188301453567,0.000569230666174418,0.00838778324619926,0.000152600934847927,0.0141456458566097,0.0752570319984951,0.0476587988953983,0.00445926884658943,0.0113428164858667,0.00273242132128576,0.3780252265449,0.00743760414875438,0.00325433824241949,0.00759481099437418,0.00316769776135751,0.00576400706046363,0.00540712881918494,0.0224731867055524,0.000871491161660847,0.000729077985527837,0.000457424925273443,7.96952550119874e-05,0.000221806548001099,0.0247048944400931,0.000138012258368898,0.00054463923759799,0.000367596476596463,0.00127428867628469,0.00872530202540649,0.0106516278931305,0.000541354508836699,0.00122728712653974,0,0.00170973838958856,0.00311699487848404,0.0132020780891365,0,7.30615417841792e-05,0.000148613478789353,0.00528092070066617,0.00537059611579043,0.00595108917149964,0.00291051582561803,0.0395093317458985,0,0.000451169246103787,0.0027327441664522,0.0197891452913574,0.00103676137125277,0.00277237761452815,4.6949981949985e-05,0.000133006533017135,0.000631188825379014,0.00388813303557581,0.0450977369534005
0.000226306098436904,0.115992242834196,0.00986707801450605,0,0.00165434128949497,0.000521406334765059,0.00138094483297711,0.00118778484471978,0.0395623315157719,0.000150398717013431,0.0145560684347464,9.82467129647789e-05,0.0461214321856789,0.00170557603268054,0.001806678285321,0,0.040062390575207,0.00194771437524439,0.0140717124325901,0,0.575777599511284,1.154732503366,0.581873631912652,0.0629796220166542,0.0464747716843567,0.0138368227048834,1.20598191745087,0.0745960308781972,0.00156990904423009,0.0108574753390095,0.00343846265851272,0.000644327529349888,0.000145815377119249,0.0870024195139239,0.072490294047504,0.360115950340199,0.126928999040131,0.143568560107558,0.123003246798584,0.00326127296869607,0.00207560995064852,0.00345010313135632,0.0866085368698032,0.00870670935402544,0.0452367650044575,0.038786789164574,0.00437125282719596,0.0033305784246802,0.00205660740113435,0.000830845696781303,0.000941099516290764,0.00571770628440612,0.000437583972251934,0.000231403861561346,0.000418233809175718,0.000968917255300088,0.000723944736124259,0.0178187268927542,0.000208132261774761,0.00577577317176203,8.6593735141969e-05,0.00418811726602061,0.00249996122051125,0.00376693012175889,0.762491573779133,0.00451015777972553,0.000999025302827312,0.00213821024241151,0.000126338944710624,0.110888846795904,0.106317973950878,0.341219523393941,0.072477147730787,0.0021002964048715,0.00326046199312043,0.139007744797789,0.0628008088817494,0.00572605625912443,0.0246030896149432,0.00254442265531293,0,0.00129270861150046,0.0344403161943208,0.0193486496969903
0.0397609121498444,0.0191264417841859,2.77438233023144,0.000892663887931894,0.000421146897084654,0.01181218569963,0.0242397583681745,0.1694398213837,0.0117142135122355,0.0110342996193559,0.0335381810182529,0.00920224576915182,0.00619647174704909,0.263242219625363,0.00120415868671952,0.040062390575207,0,0.0640775278674398,0.847905171002501,0.00164047473804071,0.297001152451032,0.0203189360036053,1.4023233416128,0.0177697442512943,0.000844164862236588,1.30921859818496,2.25331458668593,0.131176020874672,0.246717103004238,0.107548077526134,0.000121193868110848,0.0183852081075377,0.0224371250613474,0.663401610724649,0.0192102479268122,0.255237480588194,0.137534449319053,0.23524281023176,0.12810473436879,0.00348317741998991,0.00435869091890883,0.000774815713873869,0.0364093491669346,0.00492140141106273,0.0202375836043216,0.01597518604417,0.000952199202724954,0.00103634117393203,0.000712547463080656,0.000339452229109096,0.00751961309462536,0.0432272729526003,0.000189342092868591,0,0,0.000188489620087015,4.64516543071747e-05,0.00234359589291722,0,0.000628671623722851,0,0,0.00023900416371442,0.000503268385423207,0.0291714821869339,0.0388601715697715,0.00114900550642379,0.00825304090621212,0,0.00942580050714807,0.00779480505226845,0.0174975248810579,0.0110829807482247,4.66397590262533e-05,0.0300825937288267,0.424637630682888,0.0121977343497023,0.000352265468247038,0.00279484255169048,0,0,0.000562540223212552,0.0132924474227242,0.00659502017199279
0.000291650728902393,0.0027410888009909,0.0161948931956603,0.00291846091059235,0.000351846281737626,0.0136555150916427,0.0308810778363594,0.016973498349763,0.00848680105576997,0.0400703972586957,0.931041961192357,0.0362353895868881,0.00573989289666088,0.0174416218780997,0.00181886821269164,0.00194771437524439,0.0640775278674398,0,0.43761844993367,0.00555882736452634,0.0146838485337503,0.00366408566425209,0.0313046154875274,0.0103632617733806,0.00821043639280962,0.522218950878112,0.196498277952955,0.019470906865922,0.0423108259474411,0.00607746743466044,0.00217439879855291,0.0290371845148138,0.00128813612551546,0.332164988603844,0.0138631955418582,0.227194037443212,0.337325933417153,0.29096194417849,0.0910100017384846,0.00774592132725788,0.00257907126970157,0.00174364515054186,0.00800180819322205,0.0108385575217522,0.00770778462340806,0.00697165382726326,0.000373783209521055,0.000187288206320626,7.99892768111225e-05,0,0.00348595272094586,0.000936944926916727,0,0,0,0,7.52043093715131e-05,0.00128067139872583,0,0.00367064902407288,4.83786031208038e-05,0.00698022137501718,0.000478730818315727,0.000475691486872351,0.000650476672288227,0.00414588287842605,0.0394058575552753,0.0113317300361359,0,0.000311274315272051,0.000846283921490316,0.00113577791203247,0,0.0100127037249565,0.0965476714146105,0.187534934234466,3.60819589330673e-05,8.55771309904217e-05,0,0.0254599607579378,0,0,0.00308172203532756,0.00599424095598292
0.00783174405725944,0.0224192016784051,0.15623229320623,0.0014355460563428,0.000226094175156534,0.0095906095874234,0.0221186133158103,0.0338582396029815,0.0122364333601583,0.0251207785585166,0.203525268618602,0.0222277485564869,0.0035243181073749,0.0631897115468921,0.00184457957801222,0.0140717124325901,0.847905171002501,0.43761844993367,0,0.00278049287228776,0.074720084033725,0.00916506090013424,0.161359006354272,0.0149897729740722,0.00306979174575378,1.45071060182141,0.821677617966732,0.0447876736323224,0.0948325018254921,0.0241237619395049,8.17996563287256e-05,0.0275661788943048,0.00762188514913897,0.633562263046893,0.0151053138246791,0.27226817226621,0.301897107305891,0.22395583674043,0.115032559760244,0.00589039595004244,0.00302376907649374,0.000262734491261244,0.0258078845358673,0.00778759090115272,0.0175095022003294,0.0154376618606526,0.00044415793503803,0.00033253982276634,0.00023588274547863,0.000131026703057385,0.00799264331694624,0.0110268473834739,0,0,0,0.000921616334195319,0.000130157696122885,0.00209230084030745,0,0.00127605046415486,0,0.000690166090230793,0.000297406914830089,0.000476872062915516,0.00583214298897119,0.0374733594225969,0.0239954450152525,0.0551301296766499,0,0.00186642337747246,0.00338101459876801,0.00690727238977219,0.00176516105077899,0.00323444224122246,0.11507021056169,0.40977308004472,0.00221642180227919,0.000313789152896136,0.000712725633236361,0.00194837180130792,0,7.41784296774387e-05,0.00962518706743013,0.00629298686045809
0.000328372085809135,0.000163955957853949,0.000116708853657997,1.51690559101872,0.0101170952468008,0.0401762807474513,0.0280200057393032,0.0381781680062155,0.0501111098222903,0.51087706235223,0.0186137022630693,0.617669589119219,0.0201488678877196,0.0289539019865306,0.0426071795851339,0,0.00164047473804071,0.00555882736452634,0.00278049287228776,0,0.000584264958009571,0.00118968179284061,0.000451519580178935,0.0526189581269055,0.000695471093131578,0.00733862793020039,0.00426028673983119,0.0625476663216539,0.0260513556601467,0.00116445562399657,0.00116088612083543,0.00530309792949598,0,0.0166755336218639,0.00305121372761917,0.0465781470030906,0.00290600071197104,0.0142576638233308,0.00126596862721054,0.0517508872154282,0.00741705427223246,0.00335597341074351,0.0069441053158595,8.63489358678819e-05,0.00295204485217718,0.000426215710197222,0.0440561771082986,0.00173034218152063,0.00106430928226744,0.00011140705674119,3.56017836794257e-05,0,0.0530730923242172,0.000345921445104825,0.00162086541560271,0.000651462243828213,0.00241974111988948,0.0214676908851045,0.0305444920899554,0.000343550513242936,0.0249850411580274,3.78570444836676e-05,0.00135774799805026,0.00683320487729028,0.000264503120283759,0,0,0,0.0147464120704431,0,0,0,0.0651635019863105,0,0,8.3097303555679e-05,0.0503464456109544,0.000693654142167664,9.55294199149851e-05,0,0,0.000367820745377684,0.00371467488596424,0.00045548052296108
0.0729483359054106,0.0111986728898486,0.53323306098105,0.000940514136919126,0.00944409879790372,0.063895162514013,0.224386373019445,0.382869956680257,0.0267013841677704,0.010038232729124,0.0149227166600831,0.00292685397495487,0.0635792034611019,0.453586324839259,0.00766858657703773,0.575777599511284,0.297001152451032,0.0146838485337503,0.074720084033725,0.000584264958009571,0,0.118413913679699,4.02634178407553,0.0456263092557108,0.00514163875068775,0.0522465644663584,0.684953760206472,2.65697135050721,0.240703760380597,3.19692380177198,0.000558806778648304,0.00596271103697171,0.0369358841496836,1.65704083741875,0.278311003450744,0.793043743949771,0.0954853572581539,1.02359039719571,0.477523548424421,0.00945673352916715,0.0160283900870533,0.00659459181782327,0.0592410160879077,0.00567838832438485,0.031243474851892,0.0171643950352856,0.0109185621671171,0.0053839765701845,0.00487742240766435,0.00156188350711649,0.000799284557536927,0.00698239162447742,0.000590680650255221,0.00027895745970186,0.000278658784887207,0.00109172778363327,0.00130489864206297,0.0241940967321109,0.000786333416527784,0.00137299077030954,8.24978056591271e-05,0.000309245567672342,0.00313884235063696,0.00567573572560576,0.195292787117743,0.00176549504301335,0.000436057293000555,0.000589925140313154,0.000166887113722336,0.0636804706706473,0.0367356236433286,0.058126056074534,0.0999394409451349,0.000315101340796584,0.00119838018320328,0.0772933072556215,0.0758054977222056,0.0126409426427355,0.0322680903352527,0.000136043584858149,0.000222907061219788,0.00239346608770616,0.0296342820205686,0.0337075549530049
0.000125777829501557,0.36260838848595,0.00752782666375467,0.00180736074714092,0.0100238494842182,0.00379075803598702,0.00515276773657903,0.00574714380284677,0.660591878089426,0.00424447084692612,0.0703925627182835,0.00424355691165579,0.157699453346286,0.00522997754723482,0.0690916058464211,1.154732503366,0.0203189360036053,0.00366408566425209,0.00916506090013424,0.00118968179284061,0.118413913679699,0,0.199196134962925,1.75914739912148,0.1645897745402,0.0234536119259456,1.37063832525823,0.334271435155429,0.0120543875708654,0.0200020672369097,0.0114734123487684,0.0038917265402293,0.00352995282473771,0.0411342007412904,0.0383985946114682,0.266536293473471,0.0391827292154934,0.052088495424468,0.0206744101833797,0.0659496575680561,0.00736410960447569,0.0117919344346005,0.0478297805455132,0.00742210205765494,0.0241725434013659,0.0144344083340116,0.00607541227697618,0.00255938791647331,0.00375654770564074,0.00100550823161625,0.00207670142754221,0.00713933854148689,0.00211083323590635,0.000406399661596978,0.000851379850613682,0.00156319838504153,0.00198449408481197,0.0247620876182484,0.000713570666821754,0.0215920534497474,0.000151101946198476,0.0204927970330646,0.00315289745475685,0.00391908256829504,0.173633725467219,0.00337326453705903,0.00130070049399073,0.00131437838724221,0.000495090823222947,0.031183493741157,0.0625885590366146,0.0569058839410979,0.0962932522209072,0.00706799687290889,0.0106516653541269,0.196631471734668,0.0424419471508046,0.0070528380683485,0.0116951020554222,0.0162459125046965,0,0.002350675202739,0.0175793357196337,0.0095082339163858
0.0822573681508681,0.0187992522632089,2.34382839532198,0.000267820030838871,0.00546827769844404,0.0487415346092792,0.0730537770950217,0.412314169679819,0.0235235544838842,0.00705348295659905,0.021837515485387,0.00341526912103536,0.0309715305888529,0.464766980961035,0.00358215632856849,0.581873631912652,1.4023233416128,0.0313046154875274,0.161359006354272,0.000451519580178935,4.02634178407553,0.199196134962925,0,0.0303933834855357,0.00611991363999823,0.229942392945781,3.33909837605591,0.449138869308389,0.291949521484776,0.325715196717551,0.000979948424673607,0.0143402920060627,0.028887868662863,1.54884608153272,0.320826391880057,2.28797294686247,0.80307590346407,1.79760995733715,1.31760239396571,0.0248744292955405,0.0183195618589438,0.00218495115058408,0.108127187770829,0.0112145281527998,0.0553683369809683,0.0541992074755871,0.00769136845163156,0.00318245213584681,0.00173575168261317,0.00126404341858719,0.000821459605265722,0.0500434478306184,0.000169754980136705,0.000328566837023163,0.000255428975465298,0.0035745652433262,0.00167535866274135,0.00975620979994556,0.000384318483296675,0.00163564773398309,0,0.000348908535660768,0.00477233045219674,0.00558791569807411,0.738179462931046,0.0110567089056084,0.00143762589564768,0.00220839167078181,0.000259148385934353,0.115275079063762,0.0683478170052325,0.463010573677132,0.0593490407377408,0.000503849027349615,0.00359686315974602,0.539131683570411,0.0637512861802644,0.00421078205301377,0.0216969981339905,5.30562908785343e-05,0,0.00128722586762837,0.0398968178351766,0.0728701253680806
0.00139926437656875,0.121317420272161,0.0055806696348706,0.216427366701125,0.0846738562406646,0.0818923014020146,0.267142001806591,0.0630029366873228,2.51278817580082,0.120622322775837,0.0594621707282654,0.176319129279198,0.157311920393824,0.0850879617603237,0.41976623414374,0.0629796220166542,0.0177697442512943,0.0103632617733806,0.0149897729740722,0.0526189581269055,0.0456263092557108,1.75914739912148,0.0303933834855357,0,0.0702444865853926,0.0300206604459002,0.483219219335994,1.15665675723465,0.181883019073013,0.150937292445427,0.00816997852607079,0.0175773366303173,0.0382382834540114,0.1747378939509,0.229256050510922,0.652906279834364,0.0528189469759553,0.140913797903739,0.0387009547832715,0.321245655452694,0.0514769652941493,0.0162126426698023,0.415284857539905,0.0105062532790039,0.144971286965586,0.0231950909677274,0.188119400161,0.0540353218289253,0.0114009827258921,0.00737166023615716,0.00307321026043757,0.000391619078716332,0.167287604077678,0.000660523954025567,0.0177336326669116,0.0203076928335575,0.0819267118823866,0.23739881783169,0.0987666684897747,0.017120055036215,0.0205039568639458,0.00726113905822227,0.103346487416156,0.0472243946119585,0.0570972666814657,0.000907758931639017,0.000651383351293427,0.00049123976806283,0.040265339138477,0.0140176977964101,0.0308758838561914,0.00798312049853973,1.14041173399298,0.00291961663381019,0.00305750391978094,0.0225475142568723,0.351872492413257,0.0825507284877309,0.0293823917970853,0.003672377455169,0.00281252890758319,0.0151010910676896,0.166583731990826,0.0377499331077387
0,0.328785848858409,0.000324218640926814,0.000614802860679066,0.000351393921385217,0.0018475067586481,0.00215580884533968,0.00201884419793592,0.0396524582851278,0.00403281038688403,0.289510505998589,0.00421092921870116,1.14152002548932,0.000861209524136368,0.00678333916196689,0.0464747716843567,0.000844164862236588,0.00821043639280962,0.00306979174575378,0.000695471093131578,0.00514163875068775,0.1645897745402,0.00611991363999823,0.0702444865853926,0,0.0805721412630574,1.13879483180915,0.0251745438268368,0.00195140439479082,0.000811619844737116,0.0906338482209435,0.00229646127490237,0,0.0246878929733747,0.000618439382273394,0.0210957389209676,0.0421009148523744,0.0357509145646287,0.00387254715032746,0.00798766203399755,0.000350556608428395,0.0700204497607477,0.0132570277773972,0.0241973384040618,0.0139363737444038,0.00747520118723381,0.000504243482987738,3.46951539248943e-05,0.0366454394078239,4.20569515083432e-05,0.0435874556580867,0.000532074468081558,0.000103681878346038,0,7.51916050443649e-05,0.000105451424369091,0.00053442232952326,0.000879511977746112,0.000323184151746869,0.170004852070146,0.000431106794064832,0.295857055352985,0.00200624197680416,0,0.00058404962236147,0.00255708954960796,0.0259768604220276,0.0213990772251145,4.12869431076407e-05,0.000372096395239645,0.00576785720800429,0.000654645849241161,0.00290852226175763,0.286912284605609,0.122441147929372,0.347555394957199,0.000378928773936975,0.000338757128629589,0,0.11530628064264,0.000206266845807982,0,0.0159861131421908,0.000312509787048197
0.00442676216721731,0.0950583491938242,2.27639517049249,0.00174536208512483,0.000849436925821373,0.0206067965441378,0.0454949404152966,0.041976309153599,0.0210986089825546,0.0555060127306282,0.691140461981189,0.0519780700179755,0.024475611319344,0.0522958060232721,0.00392126780637533,0.0138368227048834,1.30921859818496,0.522218950878112,1.45071060182141,0.00733862793020039,0.0522465644663584,0.0234536119259456,0.229942392945781,0.0300206604459002,0.0805721412630574,0,3.27920828908099,0.039216673775162,0.0964000170128472,0.0112207243090189,0.0462023961871566,0.0547268821492888,0.0016984199739007,0.664907038045302,0.0487460667472405,0.961682492402087,1.02907060381408,0.717892787522331,0.321426846313707,0.0155882118170872,0.00591588545517401,0.00528017463043553,0.138420162342906,0.0857457874273666,0.104207956437373,0.0829678154036299,0.0015110910912186,0.000969930437702822,0.00118967758073584,0.001750056102997,0.0480433954362418,0.0439029854445183,7.35081632610977e-05,0,4.36996348456979e-05,0.00578457432012619,0.00062936037086615,0.00709514201899411,6.69693935953975e-05,0.046517940368855,6.66501835973382e-05,0.0923213984292921,0.00422216874419951,0.00154454207476122,0.00596545414909803,0.163348223158369,0.190922651914855,0.216728365424978,0,0.00452281731456356,0.00835234097839863,0.0213073359414583,0.00400084372232752,0.0916323139587857,0.742993235067259,2.28504786947404,0.00217216715930729,0.00370235562164814,0.00233783561214825,0.196267999523106,3.67807297599972e-05,0,0.045219936731232,0.0213416580966196
