0,0.00329092684453114,0.024760494000193,9.22418107305318e-05,0.00182980582588973,0.00918256273143515,0.544991657573789,0.3098032104929,0.0260455064089588,0.0128066870045246,0.00474701136547291,0.00177114693627197,0.0062151903806845,1.06970119290851,0.0017764221251318,0.00152938330079241,0.0303728892164031,0.00228337265675143,0.00379873949482135,0,0.0182533861944973,0.0083216992380289,0.0943061541074066,0.0111906879301359,0.0135579443172844,0.0104317824960652,0.0470618433556902,0.0773980786162136,0.83775815351667,1.03401602077466,0.00214755972783368,0.00805178955963376,0.00167227005227025,0.0897444232431865,0.00896009711771197,0.122666574132383,0.0209656114212935,0.0315349373998072,0.0153466158296558,0.00744218857167448,0.00519230070921567,0.0115801373397052,0.00901384860083772,0.000300915136736521,0.00541275233359999,0.00250818921417575,0.00376412525901027,0.00271540662866416,0.00170962198829046,0.00398403824284391,0.00100935344088139,0.00206398519238741,9.05169113686323e-05,8.03395439919233e-05,0.00104183687904623,0.00996533999495634,0.0043245470457648,0.00724732824639584,0.000679963168718701,0,0.00084446435828788,0.000114232779524159,0.00381130262591834,0.000502157597893935,0.00888738356137519,0.000221808855030039,0,3.56288579257339e-05,0.000267234108692622,0.0113834784688063,0.00524340738245343,0.0085721649233512,0.0419262843864688,0,0.00016939954654989,0.0211087246250712,0.043568776209202,0.0112240488725611,0.0222508927639191,0,0.000394029360134304,3.97598873806e-05,0.00589065198482581,0.000899324532985139
0.00329092684453114,0,0.204287927500457,0,0.00118677484077281,0.000958511303185199,0.0284969778323807,0.00473978741194656,0.0455544836956946,0.00106343867055208,0.0285393529887484,0.000624080461753106,0.59867393694146,0.0100696914809737,0.00284219390176118,0.160746939142579,0.0896043167061526,0.0032069538919193,0.00640116487574683,6.3817807174176e-05,0.10662557153704,0.287806832901552,0.134611351329628,0.195673600054419,0.590806659450291,0.301055949115547,4.63444928353407,0.0659183960230715,0.00834833061721509,0.0692976551956896,0.0117267634856336,0.000170292123858172,0.000531830112943626,0.0703368379681442,0.00997031339895175,0.0679008398793188,0.0162758045170746,0.0427556867068972,0.0334759439870598,0.0013869800176799,0.000689309339192962,0.00586549990098074,0.0107059830663026,0.00323675595278316,0.00710724842317825,0.0064406752097124,0.000325113180470038,9.56438359902893e-05,0.000229563888432169,0.000290846883451616,0.0571341072902394,0.0213664722901819,0.000825395793496478,6.43310522674084e-05,0,0.00104456036427734,0.000112785082178369,0.0021885215863638,5.80297965734482e-05,0.00269352808122486,0,0.00445344628443243,0.000132582858579111,0.00022424828221026,0.0067954302647518,0.0138802182782239,0.000200217630284795,0.00300397695624989,0,0.00139771776716473,0.0115837276970864,0.0177042432356058,0.00428227366159329,0.00694720260777752,0.0483545212531569,0.267176520600281,0.00128268625816846,0.000707880894026944,0.000882987531214678,0.0013813680506178,0,8.1305781765014e-05,0.00341389867034596,0.00266234298795324
0.024760494000193,0.204287927500457,0,0,0.00232093331683742,0.00216437133314208,0.0799684460934195,0.0203115072723091,0.0147235963882966,0.00192357748989045,0.00973144585143878,0.000483939323479369,0.00667668868626768,0.060318725954044,0.00197158630089326,0.0131040280786828,3.16934357611638,0.0799738950613092,0.202182135730934,4.49155800719262e-05,0.112893609944239,0.0342448328334711,2.50164249341435,0.00119876823339097,0.00871269411944412,2.99969901980455,5.13409251940011,0.149237770602068,0.0360707933756836,0.301521320205662,0.00728850163618707,0.000578847606099182,0.00179086820807578,0.447102608766768,0.0353992042610353,0.221721545748494,0.0747972394029426,0.362922531403458,0.191270129987366,0.00171476554014607,0.00188716636493167,0.00136541665747383,0.0333321425104117,0.00931588765846461,0.0231460714018158,0.0241404342661433,0.000842274231647801,0.000361824675330359,0.000157486255602854,0.000413786437885175,0.0486780260428162,0.0754469270096803,0,0.000278762595098466,0,0.0014604436151291,6.20058250895799e-05,0.00473667317251126,0,0.00108769617682012,0,0.00051959130382989,0.000984263899530102,0.000245660093645945,0.0780839987273208,0.0375839642567847,0.00177088119602308,0.00586261176294595,0,0.00806608812844034,0.0333950471068235,0.146471664508285,0.00499536252522157,0.000663945954231333,0.0660342465469358,0.585312187097453,0.00186764700946081,0.000730980207754603,0.00435058021957932,0.000613478506080982,0,0.000113795448039365,0.0110234600191054,0.00766948684889305
9.22418107305318e-05,0,0,0,0.000156829306543234,0.0318889716449342,0.0418077435963252,0.0169814148389942,0.257662474758682,1.05528901409641,4.67886044487476e-05,1.56438983431335,0.000304512412660932,0.00730071591075448,0.0277643197486273,6.17527115371406e-05,3.86690931000352e-05,8.84325404145956e-05,0,2.77085924620603,0,0.00174460577375225,0.000494346596745005,0.491643353145387,0.00415959668505194,3.94775369455039e-05,0.000647616893868747,1.99176024469179,0.00260646222443057,0.000542867038987863,0,0.000522858600760996,0,0.00294726709553869,0.000821439401141283,0.0183626821630106,0.000265266446600782,0.00131830336451531,0.001309013485695,0.0706073198910368,0.000764060856839337,0.00147739193766972,0.0125025389646824,0.000129972598787641,0.00694080704679957,0.00181674927338562,0.0305329701899367,0.00298341334115969,0.000953912293241336,0.00427156229917641,0,0.000387078718896917,0.189181902898762,0.000115043831674611,0.0130618433740394,0.0392689744781424,0.0328243797489265,0.0441802298196493,0.148736662278671,0,0.0652566401272893,0,0.0244107079650372,0.011642013797982,0.000217828524799588,0,0,0,0.0388017125856944,0.000208374672244102,0.000955145660654538,0.000866131624499649,0.197136280357842,0,0,0.000603020527139166,0.12903803244305,0.0173317999091784,0.00294200273483823,0,0,8.1154179010114e-05,0.011808945838295,0
0.00182980582588973,0.00118677484077281,0.00232093331683742,0.000156829306543234,0,0.048675157430132,0.0211596782621229,0.117257251822122,0.00446327374684323,0.0127548064346965,0.000361486215083921,0.00512173550686116,0.00113320117130989,0.0145106214133213,0.188141896703177,0.0370997182813097,0.00312001797871991,0.000399086062253058,0.00033123011026259,4.50998377823532e-05,0.0400896489327595,0.0051658783780024,0.142146640517759,0.00225611706869986,0.00329106717304402,0.00135149242589301,0.0352051694131407,0.0221172383409158,0.0512497279947696,0.0222356038148912,0.000647383896655396,0.363721864442462,0.00163026245380829,0.0430726591828302,0.112797942025467,0.0454562305574279,0.0260886506430876,0.0288987436523989,0.0826180615304579,1.49165539015883,0.653129429787714,0.00368986987052116,0.00334242552782364,0.00148035137789793,0.0011241377604166,0.0109505793067876,0.000409566038468492,0.000301846912493115,0.000107095456955266,0.000232898796719903,8.09720039658666e-05,0.000778081129732847,0,0.000468623257171798,0.000482671479843217,0.00067384105072909,0.000216829205877346,0.000719365422822333,0.000316828499202705,0.000170420996286419,0.00111367083709125,0.000121829527455353,0.000282442617935765,0.000506213671255374,0.00462373470608865,0.000354931107101905,0,0,5.58964985912919e-05,0.00507860819546055,0.000899671090910447,0.00774992623016221,0.00325711030680361,0,0.000759899789257801,0.00487877866277301,0.00292416090304594,0.000903900772824275,0.00110762140500369,0,0,8.65500659044682e-05,0.000662318306572017,0.14942321050826
0.00918256273143515,0.000958511303185199,0.00216437133314208,0.0318889716449342,0.048675157430132,0,0.840304533910305,2.01380231750205,0.145134615221758,2.16710543938823,0.00466835350196804,1.10091541399416,0.00711799793560712,0.323392067614032,0.0546933066925381,0.00182062325125896,0.00168820490910158,0.00308937253749851,0.00183971939646047,0.0058573832508119,0.00272950754591534,0.0064109836381251,0.0150827930457678,0.0790929431302914,0.0510232482082008,0.00324703939975307,0.0117764226007488,0.353137863674139,0.0810886677793978,0.0365597414175622,0.00281096234486059,0.165261748290717,0.00169582513746021,0.17837986951572,0.747694126492318,0.358897791368275,0.00752512955609114,0.0452117116227838,0.0326880834098899,0.552050097629676,0.151899937313497,0.0296011869152865,0.0250586738290872,0.00467342979194579,0.0111134880750212,0.00608265244575472,0.0260711404155069,0.00550246445218188,0.00775748970657777,0.00787561624220074,6.98264383253932e-05,0.000755251906270346,0.0261123284606763,0.00107362785485735,0.00794089594465099,0.0355052063750722,0.0264019931909819,0.0158713273867564,0.0432059326938608,4.02451514417231e-05,0.0190062277087385,0,0.0222612928828145,0.00798740045127079,0.00243593508888385,8.9342287643373e-05,0,7.19808414158464e-05,0.00765966345236943,0.00271963444242926,0.00050316136627762,0.00240974692265447,0.140769838520952,0,5.56012373306572e-05,0.00100270323205394,0.0856532951734051,0.0195682094295092,0.0133859061861148,0,6.77328502238989e-05,0.000296769755921664,0.0163572466154499,0.0964151766291777
0.544991657573789,0.0284969778323807,0.0799684460934195,0.0418077435963252,0.0211596782621229,0.840304533910305,0,1.25121097256156,0.225130727506691,2.10966842632164,0.018837590366867,0.0502454806234351,0.041378791870913,3.3605920521433,0.0342806143937313,0.0916701328320345,0.0158465348228055,0.00905220383926991,0.00979725925343493,0.0159581328420873,0.0980841412970139,0.245761678780177,0.543215335649619,1.01688999852403,0.0720733536549556,0.0223118590999167,0.565190620972463,6.06645257955395,0.570724643218559,2.49085670871155,0.00637161771276604,0.0392723224734157,0.0169310551325921,0.37433821464799,0.136609174823224,1.02530387953347,0.0532015106093771,0.228795951725046,0.181544232017675,0.0850267664636844,0.0621718360075562,0.0658192653123533,0.0435768741480502,0.00417576417825267,0.020313034626664,0.0110882474423474,0.0152254005807543,0.00937993786618106,0.00533913105019221,0.0172641312096189,0.00259278708881695,0.00498277335085281,0.0425294413666001,0.000441700702501184,0.00856100891596691,0.0649597402771842,0.059443887446666,0.0534049465527391,0.0676609510923248,0,0.00962587175087344,9.47108810979992e-05,0.048756417734196,0.0032059964280523,0.0550107436541725,0.00118262584583602,0,3.2170538170731e-05,0.00894510951030711,0.0657950991862604,0.0209256809939546,0.0321597905250302,0.325224045410713,0,0.00101894975575917,0.0265057033933966,0.192145928231643,0.0617958996479031,0.0929120805230366,0,0.000398815656604618,0.00217942689001717,0.0326195228660751,0.00632312545612824
0.3098032104929,0.00473978741194656,0.0203115072723091,0.0169814148389942,0.117257251822122,2.01380231750205,1.25121097256156,0,0.163570527206492,0.622742048825982,0.017576132923957,0.386961055466127,0.0122731382714717,4.07222917705895,0.0356956142100926,0.00261839050318674,0.0144561130927154,0.00791502043690601,0.00551373339803542,0.004202619945541,0.0157134687941965,0.0196525451041499,0.104099532583759,0.118453017302647,0.0765819848224841,0.0119705450797352,0.034982606792066,0.455786344407438,0.765529968329264,0.416032496014341,0.00662775558630961,0.870629065433604,0.00219661505728204,0.51276480197007,0.0573916788024217,0.391592210748751,0.0190722173730527,0.078716038690288,0.055407880795488,0.298503315290827,0.193235279596755,0.058815332116648,0.0689424930490237,0.00542109483797704,0.0375764207120243,0.0108836979715369,0.0383114741346479,0.0161175302663964,0.0097083267680095,0.0297524856918456,0.000560780138878083,0.00093853763383424,0.029791474106257,0.000739136556438946,0.0146442924749237,0.110674654720679,0.074358799945423,0.0475191849749622,0.0570340834282723,0.000324880217352175,0.0136147546915001,0.000457704966384942,0.0597720638426706,0.00885335712044619,0.00752966415965443,5.83054586099267e-05,0,0,0.0105349176027472,0.00980574036450269,0.00372102664464706,0.00496728880168151,0.40827710591656,0,0.000248518722034166,0.00249172597669493,0.267804095648024,0.068725464745374,0.049448607926354,0,0,0.00149258569777215,0.0586601600242365,0.00608526503540467
0.0260455064089588,0.0455544836956946,0.0147235963882966,0.257662474758682,0.00446327374684323,0.145134615221758,0.225130727506691,0.163570527206492,0,0.207772034185963,0.00750199123144035,0.630702535107232,0.0564326542257304,0.117083431403198,0.286518279403389,0.0600369898202322,0.00734756503185665,0.00243550161871329,0.00144122393628483,0.0751324834388584,0.0350001365904578,0.654690398121876,0.030515769998329,2.42241004989096,0.088584027591467,0.0205359873470254,0.18929404307043,0.710561481074026,0.0817436849587226,0.271625897539682,0.00173585832008203,0.00879183336580684,0.00248310197995262,0.0487313163958051,0.0191629328224594,0.156260657523271,0.00962214124256,0.0250009809840348,0.0224551499681895,0.512156917295093,0.0110859518526742,0.013217432763994,0.0543300256084643,0.0069171593383698,0.029835733868103,0.0212372111591423,0.0343304186732364,0.00774766506556876,0.00384210091438002,0.0206304377698341,0.231268342879586,0.0334658042099608,0.0747425597809125,0.00133920881530545,0.00988342250316437,0.0708498774769372,0.041324838420311,0.236733341724224,0.0496825045560011,0.00272268895651063,0.0198480718740821,0.000698639413754663,0.0451752174440527,0.00964956427356291,0.133109124495616,0.0227837299837631,0.00236060108104539,0.00648180786959956,0.0114267111693665,0.0944292207783507,0.189676959911977,0.0798885102258225,0.464283586721974,0.00152145367575127,0.0536607296058836,0.321631812371223,0.208901232279668,0.0537570858444067,0.0926600138470456,0.000356273082857144,0.00219104118340613,0.00401872503669895,0.0326433879105232,0.00874287918631208
0.0128066870045246,0.00106343867055208,0.00192357748989045,1.05528901409641,0.0127548064346965,2.16710543938823,2.10966842632164,0.622742048825982,0.207772034185963,0,0.00917727424817551,0.743753768083972,0.0168556390597506,0.576492185489726,0.0318439521162372,0.000833463684273363,0.00230069845898548,0.00537838738412261,0.00425381279512969,0.361219048188804,0.00182063813394034,0.00806583068191938,0.0109715816768493,0.178111679582585,0.0553156203941916,0.00623411961709739,0.0171501034150218,2.77153990390556,0.128880459114669,0.0313636154188329,0.00330508444269312,0.0295624274947097,0.00255343457150933,0.186587851532129,0.220137125664049,0.886912705310214,0.0231097343521502,0.0915239673701602,0.0878805161310847,0.114019905042799,0.0439175646373133,0.0485812545240664,0.0428381902802729,0.00275183913149514,0.0213759073106618,0.00863286664709232,0.0512740212870956,0.00700433582934649,0.00678173986572383,0.0154981026286355,0.000162507271108764,0.00109346470184832,0.198060559477967,0.000506307678203827,0.0272864948744937,0.112314026219352,0.0909005564912664,0.0637415282666585,0.276605051946926,0,0.0575776471006287,5.28759791340708e-05,0.0625692107603414,0.0183409611225286,0.00404368928564843,0.000107345249038724,0,0,0.0475476965726737,0.00447580452416152,0.0026511670403899,0.00426582412481686,0.474772236851368,0,0.000289179852660083,0.000339365487379307,0.276792971865297,0.057317592655421,0.0149615501823608,0,0,0.000652182592518898,0.0452839655236137,0.0125120139905372
0.00474701136547291,0.0285393529887484,0.00973144585143878,4.67886044487476e-05,0.000361486215083921,0.00466835350196804,0.018837590366867,0.017576132923957,0.00750199123144035,0.00917727424817551,0,0.00509609859367247,1.56141798680737,0.0479962507243767,0.000966423658860673,0.00956001837901853,0.0484219941266903,2.12877786979279,0.322354055856863,0.000175532762621489,0.012688651623194,0.00634320850381104,0.0420439026208446,0.00926271536110971,0.288459032357133,0.467167946470731,0.350906098919901,0.0179813817034043,0.0247738107325398,0.0206645586296988,0.361290596020339,0.00126788184583125,0.00164397265663335,1.36088762966536,0.0116678939711265,0.136451619268538,0.438676102009861,0.383811951301134,0.202437685647642,0.00640883293155402,0.00243852724681143,0.196444716262587,0.00513779356206294,0.0156876330900948,0.0110102378278696,0.00186627225373324,0.000427518007217288,0,0.0275362988061335,0,0.026511324024975,0.000848393968635696,0,0,4.51555128761977e-05,0.000148672565760756,9.67138036090584e-05,0.000637769133276245,0,0.224836589942486,0.000431292005748841,0.315041091826085,0.000308586812348235,0.00174006170584921,0.00139551145084949,0.00134037579027579,0.00430673774106995,0.00854369205811641,0,0.000116580674520242,0.0077672845282395,0.00128113374844518,0.000339007160827374,0.0393534366498922,0.347404026127382,0.299824355923675,7.83352065180301e-05,0.000124998237277186,9.05687081004918e-05,0.103038238175731,0,0,0.0155258035407229,0.00151446333599838
0.00177114693627197,0.000624080461753106,0.000483939323479369,1.56438983431335,0.00512173550686116,1.10091541399416,0.0502454806234351,0.386961055466127,0.630702535107232,0.743753768083972,0.00509609859367247,0,0.00364799856309781,0.0870655617006613,0.340017646090776,0.000516626746436888,0.00141765218124156,0.00255917150706607,0.00197313499760424,2.78454278673013,0.000911482598296022,0.0060833595805343,0.00187529623319236,0.102541568263996,0.0397381369128687,0.00268864696519691,0.0050985296035286,0.288345237775687,0.0382705847915424,0.00479095032853634,0.0027748196309641,0.0170592162408385,0.000425015787509688,0.0582954972602093,0.33253019975101,0.193438463176665,0.00486435783606323,0.0204963359003507,0.0160561143728396,0.820968412387318,0.0149197498986843,0.0180545208112341,0.0160393385621131,0.00216820841117138,0.00565018227319095,0.00392269437600969,0.0979040859750603,0.00599925366119412,0.00743962940681603,0.00359725042098491,0,0.000101906072237259,0.150014862266475,0.000693388981061849,0.0323095475603582,0.0287215123888486,0.0305333268372857,0.0270293355540548,0.143470070204542,0.000228971308816337,0.130213056361282,0.000148244633266032,0.0202717844524087,0.0350415685604451,0.000496343382067868,0.000219184107496619,0,0,0.047658496893872,0.00112614506988071,0.0003618984494468,0.00074230045311411,0.15114705302078,0,0.000180443192246944,0.000569838441130454,0.100056982238064,0.0161382730902232,0.00568210339432861,0,0.00138188145482332,0.000112564453104007,0.0122099136150128,0.102710672930019
0.0062151903806845,0.59867393694146,0.00667668868626768,0.000304512412660932,0.00113320117130989,0.00711799793560712,0.041378791870913,0.0122731382714717,0.0564326542257304,0.0168556390597506,1.56141798680737,0.00364799856309781,0,0.0313707279028373,0.00240965529954903,0.123397296032705,0.00943209807585271,0.087665303145195,0.0130835918613909,8.29928777523995e-05,0.0876383644690402,0.0822820319799136,0.0661169298987269,0.0947287291976791,1.70386974426787,0.0449542792969154,0.742524970264831,0.0860347760706064,0.0296342153528109,0.0626187819801247,0.112823238353125,0.000778704616910344,0.00488949555150057,0.63989026251552,0.00665451780125601,0.090253006136167,0.275078366443254,0.163788602557067,0.12506481092337,0.0253804081749133,0.00265574402748853,0.300917320277049,0.0103971721300923,0.0377278721596635,0.019771190931133,0.00319955158772617,0.00018063161528973,0.000319987059933686,0.0821665567976714,0.000262989311111569,0.0756680198935164,0.00194159131922322,6.32086287373066e-05,0,0.000178074251809672,0.000433021286381203,0.00106460977960058,0.00197299056910869,0.000386474663307417,0.550537932684863,0.00121610991275819,0.842636729771567,0.00103974988558076,0.0026966581125546,0.000874671189443609,0.0035407224455063,0.00867499154824626,0.0117998006166941,0.000108563915613163,0.000270787219592348,0.0237052817161442,0.00107062036840118,0.00310099262996206,0.134196309640708,0.771603931377444,0.71829173843147,0.00271832230733098,0.0011130865369969,0.000917845328158414,0.257378516724074,0.000884036751727796,0.000291074209448469,0.0301327175987959,0.00047077174753603
1.06970119290851,0.0100696914809737,0.060318725954044,0.00730071591075448,0.0145106214133213,0.323392067614032,3.3605920521433,4.07222917705895,0.117083431403198,0.576492185489726,0.0479962507243767,0.0870655617006613,0.0313707279028373,0,0.0238667900064443,0.00591829677857807,0.0554673522829184,0.0246939661755062,0.0238971908636683,0.00234185910558733,0.0422773958156065,0.0274242251320361,0.266284815312567,0.0932430336216496,0.0906841752702938,0.0404714993242062,0.120391663962037,0.369463625224197,4.22163234252463,1.61487262948303,0.0173405765485881,0.282626086969207,0.0411390839121914,0.521992453438364,0.0769732958742193,0.732259020549172,0.0530909303916143,0.17515734518809,0.10470608861716,0.0982214143283528,0.0522820722916249,0.0864752910370938,0.0554739970932933,0.0055407574862339,0.0248644577949176,0.00979162974992581,0.0244425749851562,0.0126952600337921,0.00776874644056332,0.0278370622662416,0.00146460291826903,0.00273081591772391,0.0210585322295005,0.000465163224118424,0.00918314990691582,0.0836239773134512,0.0505242569448096,0.0387220849356442,0.0429599807683922,0,0.00837673725764318,0.00164125548190918,0.0407267480896576,0.0051271531211065,0.0188190013579835,0.000344944805168456,0,0,0.005134872030337,0.0252184823896003,0.0102724435171085,0.00995953573501332,0.301837718544798,0,0.00127408111339081,0.0192046175764094,0.208679433538212,0.052628498594135,0.0630250423557121,7.45813953578353e-05,2.9491107153967e-05,0.000547655716459894,0.0428149669584069,0.00583843207110991
0.0017764221251318,0.00284219390176118,0.00197158630089326,0.0277643197486273,0.188141896703177,0.0546933066925381,0.0342806143937313,0.0356956142100926,0.286518279403389,0.0318439521162372,0.000966423658860673,0.340017646090776,0.00240965529954903,0.0238667900064443,0,0.019194335854103,0.00151096114671294,0.000321831310558257,0.000938341033556441,0.0140135199805421,0.0313174495997628,0.0279209688832364,0.0408177299896361,0.0876319964515355,0.0118724786483716,0.0014295432817072,0.0139297341553445,0.0755254991372343,0.0184066395347974,0.0208246613050117,0.000263071736958593,0.00738949342933667,0.00234270178698731,0.0136025787828828,0.106536965018705,0.0358414129209875,0.00750682992983748,0.0194240081292565,0.0190910729376356,1.78345733672024,0.0065810805482554,0.0042529081338115,0.00579313263832922,0.0040294224625843,0.00220731500055107,0.0196195855338327,0.00786152883528746,0.000515215477280849,0.00118363489333807,0.00071951537762855,0,0.000670595876088398,0.00465149964950629,0.000509966436820543,0.00251455893929617,0.00184575558529146,0.00221625484938868,0.00262348766528694,0.00437713752915483,0.000278327462772775,0.00860549899284778,0,0.00142455421935798,0.00322616151800787,0.00437700833566071,0.000290538216980838,0.000234120676794273,0.000158393224049199,0.0018369939166432,0.0106599452104477,0.000650055212945545,0.012177927232266,0.00853446645213601,0,0.00265599025375199,0.0059463254506107,0.00771993673786606,0.00212874360036751,0.00336486538647317,0,0.000270504224184233,5.7532269501096e-05,0.00152050376119401,0.201746312761315
0.00152938330079241,0.160746939142579,0.0131040280786828,6.17527115371406e-05,0.0370997182813097,0.00182062325125896,0.0916701328320345,0.00261839050318674,0.0600369898202322,0.000833463684273363,0.00956001837901853,0.000516626746436888,0.123397296032705,0.00591829677857807,0.019194335854103,0,0.0114449197777096,0.00232776790555079,0.00170426596754777,6.4655902730763e-05,1.28222740664461,1.62437199917385,1.07675596962278,0.637253424033761,0.0742856403945058,0.0145293277618336,0.342210828858789,0.547712647154252,0.00425285031638437,0.124832250348228,0.0054901668652847,0.000278535226482251,0.00086001693080298,0.0357696678385197,0.244385147640784,0.868469767898627,0.10058782188839,0.166579975022777,0.256525349906798,0.01016898925391,0.00904063322504491,0.00532926337783356,0.014138342910175,0.00411953991687493,0.0125485825485796,0.0199647151820175,0.00333627933841811,0.00101556212447876,0.0014620372695849,0.00372854976336764,0.0127949578178582,0.0273166161146044,8.97756356384218e-05,0.000748890642514023,0.000393310905652052,0.00227968208704257,0.00183238192768281,0.00418069502823534,0.000318438405842069,0.000267965760970786,0.000226691809373152,0.000482759020013738,0.00445467479607959,0.000671740444639242,0.994950388348004,0.0190001403965615,0.00111259155572113,0.00272637203373558,2.78200047926724e-05,0.52913737513193,0.170108177402632,0.577718776364627,0.0784540266837774,0,0.0208327326024962,0.0447109906639317,0.0367298048984852,0.0256445683137856,0.180814159639277,0,0.000193466652236724,0.011875051519617,0.0162920841276115,0.0221684981966661
0.0303728892164031,0.0896043167061526,3.16934357611638,3.86690931000352e-05,0.00312001797871991,0.00168820490910158,0.0158465348228055,0.0144561130927154,0.00734756503185665,0.00230069845898548,0.0484219941266903,0.00141765218124156,0.00943209807585271,0.0554673522829184,0.00151096114671294,0.0114449197777096,0,0.147918198658022,1.29832237568378,0,0.11535873701486,0.00544821458107266,1.02354878190407,0.00129047616841554,0.0100034880322547,2.21819108571287,2.00138429795971,0.0478498494609352,0.0458916020885526,0.435413498160998,0.0108899739681554,0.00054472771227344,0.00338901812866567,0.986603176104057,0.0467739577791948,0.356362647407604,0.163368634692087,0.30158456550694,0.226143335080804,0.00437435367501742,0.0032977416663842,0.00261630464055502,0.0304164676963749,0.00921575819992368,0.0164949794926625,0.0192750528721058,0.000850640546042016,0.000423362704614848,0.000885210233254141,0.000333261869034299,0.0297656942491472,0.0645443103542847,0,0,0,0.000545119398421025,0.000104217661219096,0.00570740321393176,0,0.00103967023283359,3.21404318530798e-05,0.000623231805118498,8.87797603606671e-05,0.000218127675787371,0.0143089517214679,0.0541640754514923,0.00173588288019997,0.0128140231066413,0,0.006174527818048,0.00930631345451207,0.051018054800215,0.00515169625097667,0.000466108356783217,0.143947496959845,0.603567522545319,0.00101224138570841,0.000531021015601266,0.00315887747808373,0.000396885880284726,0,0.000287900885370326,0.011354776629626,0.0083449372806227
0.00228337265675143,0.0032069538919193,0.0799738950613092,8.84325404145956e-05,0.000399086062253058,0.00308937253749851,0.00905220383926991,0.00791502043690601,0.00243550161871329,0.00537838738412261,2.12877786979279,0.00255917150706607,0.087665303145195,0.0246939661755062,0.000321831310558257,0.00232776790555079,0.147918198658022,0,0.464243598590859,0,0.00653205149506466,0.000926670135971537,0.0422286360258653,0.00135866147431534,0.0248552413861956,0.632610971099723,0.0883712500492677,0.00869510175582814,0.0158512890553088,0.0178887213222323,0.0323291424572284,0.00062901005588522,0.000612869157166663,0.57379079531526,0.01010112672149,0.0911366564950721,0.0715598244951485,0.181947279987228,0.090976369965512,0.00303834597729703,0.000956273724146942,0.0153951265347949,0.00126884418535332,0.00149954228867255,0.00103223146351392,0.000727483595923063,0.000292049351827026,0,0.00144495581836238,0,0.00323795340628026,0.000668977766642404,4.47661281741858e-05,0.000106893577559101,0,0,0,0.000581062011569417,0,0.0143540989519814,0.000120808475499541,0.0197203406900754,0,0.000307129718853664,0.000312929026426738,0.00121246625276095,0.000208849309877514,0.0025385516088458,0,0,0.00134684850650627,0.000847638932533988,0,0.00624401163931847,0.0601049279679252,0.0618741936628072,0,0,0.000117780278874492,0.0126762428906821,0,0,0.00166844658118274,0.00121390957451886
0.00379873949482135,0.00640116487574683,0.202182135730934,0,0.00033123011026259,0.00183971939646047,0.00979725925343493,0.00551373339803542,0.00144122393628483,0.00425381279512969,0.322354055856863,0.00197313499760424,0.0130835918613909,0.0238971908636683,0.000938341033556441,0.00170426596754777,1.29832237568378,0.464243598590859,0,0,0.00961500440301055,0.00101515612959054,0.0778078524666935,0.00233876946320675,0.00757676910774178,1.59745680424489,0.463093914582844,0.00902716348066293,0.0134677736370927,0.0319682132431165,0.0115365027754937,0.000699733353344178,0.000637179278458321,1.1396692616717,0.0120168989610042,0.118857967894304,0.04104881653719,0.310731127611751,0.0918138864187256,0.00182685651202203,0.00176314618235614,0.00648293750432579,0.00349553508460117,0.00143099461874655,0.00164960465763711,0.00102130633658132,0.00010763618017213,0.000258062916272933,0.000469572904647723,0,0.00493450812187632,0.00422855734228288,0,0,0,0,6.35109591295302e-05,0.000318312476991123,0,0.00320380177807722,0,0.00366931661193605,0,0.000154154586386669,0.00149176042211979,0.00498437443244286,0.00020110013805837,0.00240153205758545,0,0.000206995998376482,0.0008816846771929,0.00209248120277732,0.000143392654675564,0.00125108670296194,0.0329398420757484,0.0748604214627693,7.86741980858535e-05,0,3.18568710280895e-05,0.00254868529705855,0,0,0.00142348424321534,0.00215174795531428
0,6.3817807174176e-05,4.49155800719262e-05,2.77085924620603,4.50998377823532e-05,0.0058573832508119,0.0159581328420873,0.004202619945541,0.0751324834388584,0.361219048188804,0.000175532762621489,2.78454278673013,8.29928777523995e-05,0.00234185910558733,0.0140135199805421,6.4655902730763e-05,0,0,0,0,0,0.00082876947972148,0,0.161161074238104,0.00276262327357668,0,0.000157464281059563,0.391593935909511,0.000537523514242244,0.000169311690996087,4.500179904221e-05,0.000192288840583152,0,0.000864563922394296,0.000321522590102952,0.0067306283793394,9.55563696933297e-05,0.000767028363492224,0.000261283363159517,0.0239035190576407,0.000246607277722719,0.000819299443173417,0.00447304299404618,6.26463259165764e-05,0.00185927835668423,0.000519619199623274,0.0139330386163596,0.00069164532633917,0.000714165465661141,0.00191774387373058,0,0.000223728476576498,0.0676383560565765,0,0.00420637292136169,0.0120317167160432,0.012726747497234,0.0118394108419215,0.0428799424154349,0,0.0291174498519363,0,0.00892723973015755,0.00538477827401843,5.72146302338719e-05,3.56021611570806e-05,0,0,0.0147276151185726,0.000126083854725855,0.000317063905830681,0.000375532892093127,0.0697263608255377,0,0,0.000197809130555275,0.041256050340244,0.00613754445427446,0.00111299336254666,0,0,4.40776180560082e-05,0.00423023849144856,0
0.0182533861944973,0.10662557153704,0.112893609944239,0,0.0400896489327595,0.00272950754591534,0.0980841412970139,0.0157134687941965,0.0350001365904578,0.00182063813394034,0.012688651623194,0.000911482598296022,0.0876383644690402,0.0422773958156065,0.0313174495997628,1.28222740664461,0.11535873701486,0.00653205149506466,0.00961500440301055,0,0,0.248902043077746,4.52696991943091,0.0579816948863306,0.0525651304240761,0.044048170372302,0.403287860576847,1.92280662472168,0.0254217586652034,3.381364165661,0.00872916148247923,0.00111051529096984,0.00196881571842533,1.06376213843479,0.240010437571292,0.744611292745268,0.457575721622578,1.01453180996882,0.368971619260108,0.0143180560668383,0.0180652532276161,0.0092396253611334,0.0109335842137586,0.00192934778788413,0.00648499955125776,0.0108819759276723,0.00289518411499314,0.00143250466537834,0.00153268732993139,0.00217622905838496,0.0055034436945431,0.0135092940280506,0.000105996258136421,0.000702819858939672,0.00015185474614242,0.00174952411779332,0.000998411144028289,0.0033576083432738,0.000283647430376109,0.000364533658613061,0.000474039075721335,7.11188307143301e-05,0.00341215563928662,0.00147360863675198,0.398598932894448,0.0108957657661968,0.000150331356808877,0.000634330745176426,0,0.33261935830374,0.0681146509041212,0.233024327079809,0.0581178749469606,8.60421880096167e-05,0.00721212484335922,0.080701912257333,0.0269514019185352,0.0169355874489163,0.129928000122308,0,0.000153988106632974,0.00537200195234648,0.00777790439825032,0.0228790983054641
0.0083216992380289,0.287806832901552,0.0342448328334711,0.00174460577375225,0.0051658783780024,0.0064109836381251,0.245761678780177,0.0196525451041499,0.654690398121876,0.00806583068191938,0.00634320850381104,0.0060833595805343,0.0822820319799136,0.0274242251320361,0.0279209688832364,1.62437199917385,0.00544821458107266,0.000926670135971537,0.00101515612959054,0.00082876947972148,0.248902043077746,0,0.203849988050456,2.95010242937105,0.0577241497271208,0.00760907741726364,1.63813287338071,0.499470381589704,0.0273742687184548,0.230535339149961,0.00229685065792457,0.00147148187089745,0.00182493817473903,0.0281284443806949,0.0319090550080003,0.156479348479284,0.0269448051060863,0.0890535606157566,0.0701873083184802,0.0154764608885805,0.00436229632494265,0.00208018212136117,0.00581884703920147,0.000820077195395323,0.00424991158916632,0.00437922494313135,0.00097916358643837,0.000302080614346594,0.000304075047080648,0.00124237258047446,0.024129836185992,0.00829057636050262,0.00458661495183131,9.85338634834889e-05,0.000487046976802522,0.00413482732024059,0.00240061721592221,0.010120094372155,0.00179714168162799,6.14596494356096e-05,0.000480689281707483,0.00010142109230522,0.00297648273670526,0.000109924376806551,0.0995719630677978,0.00343633336921134,0.000322517297610176,0.000764799805552357,0.000219948051045084,0.0467607328944154,0.035042950646703,0.0567407860934319,0.0943031698712333,0.000156925276823652,0.00614718474096914,0.0416064355098734,0.013320283880816,0.0062614116645929,0.019789947198284,4.4284518013072e-05,0,0.000560582964659536,0.00263464433753328,0.00414399363416392
0.0943061541074066,0.134611351329628,2.50164249341435,0.000494346596745005,0.142146640517759,0.0150827930457678,0.543215335649619,0.104099532583759,0.030515769998329,0.0109715816768493,0.0420439026208446,0.00187529623319236,0.0661169298987269,0.266284815312567,0.0408177299896361,1.07675596962278,1.02354878190407,0.0422286360258653,0.0778078524666935,0,4.52696991943091,0.203849988050456,0,0.129880568763888,0.0406838042602951,0.334318953263034,5.03926945543294,2.07343113764188,0.131750369238814,2.23622983986031,0.0401717855079637,0.00342943698810496,0.0119906188903816,1.78962650509095,0.715910386957399,3.96073745664123,1.16785400186601,2.70538180385043,1.86839694711615,0.0323817167253717,0.0426753101494096,0.0180901290612774,0.0630637663056142,0.015637642742977,0.0530797899402974,0.0942892000539824,0.00992981186363191,0.00367169228055001,0.000393094004351261,0.00146790820041726,0.0446154294100594,0.142321741029123,0.00034173293045631,0.00235308531842676,0.000344554528301123,0.00330147332115849,0.000502973647874961,0.0103101072649085,0.000243649690016127,0.0016144996740736,0.000699272498812589,0.000902175668889436,0.00127161434446891,0.00334835392660436,0.96440973074596,0.0412652302696329,0.00296453207994249,0.00638010523378584,6.60923059454978e-05,0.23360147182786,0.141360009810373,0.938909297930974,0.0261341948800657,0.000122970504614586,0.0574358954079013,0.781253644588631,0.011835507632848,0.00567699253152404,0.0357889608652868,0.000421141806795063,4.70330804770588e-05,0.00154267892518966,0.0193597444695663,0.0909540837553468
0.0111906879301359,0.195673600054419,0.00119876823339097,0.491643353145387,0.00225611706869986,0.0790929431302914,1.01688999852403,0.118453017302647,2.42241004989096,0.178111679582585,0.00926271536110971,0.102541568263996,0.0947287291976791,0.0932430336216496,0.0876319964515355,0.637253424033761,0.00129047616841554,0.00135866147431534,0.00233876946320675,0.161161074238104,0.0579816948863306,2.95010242937105,0.129880568763888,0,0.0896054668322682,0.0123491876822461,0.167032411022729,2.57454838318861,0.0364801579581083,0.0931196611851927,0.00385393693642289,0.00662310883131462,0.00163878409588969,0.0451733362310757,0.0190043407307823,0.133273348082546,0.00689953156090489,0.0220081187142766,0.0195479568931457,0.0743223305825261,0.00899046514097916,0.010921271244113,0.176431609380056,0.00428331234091743,0.0917639221347687,0.0314765481628958,0.0900135825423557,0.0463263373495325,0.0136818775734083,0.084921685709232,0.00250490655154383,0.00716885740801868,0.171882467252646,0.00415752813440525,0.0413870336543714,0.299503023327848,0.258136479047059,0.2444036452425,0.221532734207488,0.00105280216478344,0.0413491318490191,0.000319578147039789,0.240415010261325,0.0229916198607591,0.0695942215322354,0.00368812865078472,9.06779330026389e-05,0.000790324868486175,0.0288579521775561,0.109979309661468,0.0581974356363098,0.0323544768411345,1.42662013177522,0,0.0024816977401501,0.0156559482677505,0.821868239136926,0.257224818738807,0.261827633921192,4.8219853561914e-05,0.00686268179178495,0.00564299188951578,0.141449870190352,0.00705852565829786
0.0135579443172844,0.590806659450291,0.00871269411944412,0.00415959668505194,0.00329106717304402,0.0510232482082008,0.0720733536549556,0.0765819848224841,0.088584027591467,0.0553156203941916,0.288459032357133,0.0397381369128687,1.70386974426787,0.0906841752702938,0.0118724786483716,0.0742856403945058,0.0100034880322547,0.0248552413861956,0.00757676910774178,0.00276262327357668,0.0525651304240761,0.0577241497271208,0.0406838042602951,0.0896054668322682,0,0.0442065295520045,1.65358291400653,0.112737090673668,0.0674713083117975,0.095661483528931,0.0865499577535741,0.0168170245052281,0.00221793256059244,0.377311810405907,0.00837739288834385,0.11796573001799,0.07016775429642,0.175880859193862,0.116764090143099,0.279325305857527,0.0648900381510153,0.129284295870598,0.0195733257873703,0.0145267318335131,0.0190434608191348,0.00731764575922211,0.101623977515497,0.0136129203882348,0.0442865370883215,0.00291527742825972,0.113478271305875,0.00233822089234461,0.00418392440529901,0.000412382286162669,0.00979597515477398,0.00720077854620408,0.0153120199059641,0.00204001115886435,0.00897524620703995,0.12325313159536,0.0260478669136035,0.283377404039995,0.00966742099371909,0.0187375857063433,0.00188132029823538,0.00334286396457058,0.00228171284852119,0.0109233699692682,0.00194519417828412,0.00150034830321435,0.00739140645056453,0.00265551367267565,0.013955789388941,0.10455114370584,0.302729574920992,0.402055839341669,0.0135761533518213,0.00893064156363018,0.00490089659464745,0.0668914585341202,0.00368731755033233,0.000101494999962329,0.0206210943071101,0.00166703651389273
0.0104317824960652,0.301055949115547,2.99969901980455,3.94775369455039e-05,0.00135149242589301,0.00324703939975307,0.0223118590999167,0.0119705450797352,0.0205359873470254,0.00623411961709739,0.467167946470731,0.00268864696519691,0.0449542792969154,0.0404714993242062,0.0014295432817072,0.0145293277618336,2.21819108571287,0.632610971099723,1.59745680424489,0,0.044048170372302,0.00760907741726364,0.334318953263034,0.0123491876822461,0.0442065295520045,0,6.43183473754754,0.0402857760163012,0.0327798445580298,0.0994568543694535,0.118025423768237,0.000512453711338368,0.00327564822359544,0.837262932217178,0.0568008197330947,0.441185714401043,0.169361671441305,0.543693308515227,0.319423137170877,0.00775973501108579,0.00392953348237548,0.0185287528645874,0.0734003504772503,0.0286609211799557,0.0378170716326645,0.0362049421406723,0.00191992460990445,0.000477724371994418,0.00288067005132471,0.00015724590512883,0.159788120800983,0.0821693277750787,0,0,0.000189536590123665,0.00091512250210678,0,0.00270745170476945,0,0.0260720824199105,0.000427461502466521,0.0301786636724331,0.000120583544710859,0.00101192486306848,0.00698967064026002,0.136479584079718,0.0049415020899576,0.10351289085662,0,0.00281844047742344,0.0175593800992733,0.0271634974330214,0.00318201838546787,0.0170629278872428,0.806613142664402,1.88183754954016,0.000704852668988988,0.000642863346116558,0.00221057749570068,0.0240173251093774,0,0.000345208741197673,0.029583263564019,0.0101256281440521
