0,0,276.968579560518,3.43513309955597,0,28.7094576656818,6008.38997834921,1227.2701985836,1.36560332775116,131.711824446917,4.28556281328201,16.5838122367859,0,12432.7791724205,1.66681945323944,1.67214995622635,266.91409444809,2.7350780069828,11.1806668043137,16.5549863278866,373.520523190498,0,594.024777501822,16.3315406441689,0,25.1668555438519,117.931878387928,248.252534806728,5348.30009275675,4479.66303092241,1.4666246175766,4.36755040287971,4.19102114439011,82.5744895339012,1.1720210313797,52.345915555954,17.1282752454281,70.7862101495266,42.7742749452591,21.0585129261017,1.66695663332939,5.66033607721329,3.30387711524963,0.560289740562439,0,1.0708504319191,3.87344264984131,0,2.63322561979294,0,0,1.98129165172577,0.820716321468353,0,0,1.0473290681839,0,1.12469387054443,0,0,0,0,0.504904091358185,0,2.43712413311005,0,0,0,0,0.366045653820038,0,9.81942057609558,3.06686016917229,0,0,26.8057719171047,7.46697625517845,0,0,0,0,0,0.713491559028625,0
0,0,42.1870062053204,0.582125067710876,3.12634325027466,0,2.72963401675224,1.09109532833099,3855.11429300904,2.92622017860413,1002.94743642211,0,798.686650276184,4.67781764268875,34.5606915354729,499.496914744377,26.9746344983578,22.0878430902958,13.8123015165329,1.30027723312378,31.5240900218487,5880.33109343052,37.606902718544,2862.12370234728,2261.28715193272,215.132973045111,9403.14205569029,133.826398432255,8.9527223110199,0,68.3506970107555,0.521293163299561,0,99.8687578439713,11.4922851324081,24.7385288178921,43.5797207355499,121.911252975464,23.9086824655533,37.7680231332779,0,195.688138782978,425.846293359995,92.2884560525417,227.565517008305,174.213565558195,8.65750417113304,4.04180872440338,108.236755996943,2.88243013620377,2361.35225915909,294.993450880051,0,0,0.35385262966156,38.8527376949787,6.72136399149895,65.8939971029758,1.95590269565582,409.422992318869,0.335221946239471,564.80920830369,12.5198170244694,0,168.106448054314,416.200830519199,54.1205258667469,66.3570328354836,0,30.467156291008,484.343344509602,350.915842920542,49.0659834742546,87.0760446190834,640.009263306856,9704.34755972028,37.3160291910172,6.87119203805923,25.0538566112518,315.013780653477,0,0.74593847990036,96.6742071211338,54.6241803765297
276.968579560518,42.1870062053204,0,2.83564656972885,1.95266553759575,229.52188628912,1808.26932105422,2230.0346865654,14.0789003074169,154.104305773973,88.9744001626968,8.42262262105942,5.75063419342041,2763.85850231349,23.2896514236927,81.1177193820477,30579.3521934152,79.334996342659,2081.54698181152,13.0152507424355,9555.64177584648,33.8751577138901,55413.550719887,73.2816021442413,11.3084605932236,17291.2806662917,47106.888428092,619.562304317951,1256.98725810647,852.157923907042,17.7196555435658,47.945531129837,71.6028742194176,5485.78988555074,596.022999554873,5690.0225238502,2440.29378312826,4059.60145664215,3150.79800882936,99.6527746617794,77.2189108431339,28.2430081963539,1018.43403422832,134.370065778494,664.304320037365,480.638555198908,45.1381916999817,10.4408121109009,20.6057360172272,1.41247749328613,99.7323345541954,2753.97889918089,0,9.71111971139908,0,270.332191258669,29.4770246446133,11.691160351038,0.874861896038055,17.1552499234676,1.54224717617035,2.15966546535492,54.4112393260002,9.80302238464355,233.892986178398,675.366731792688,32.8276908397675,100.164489477873,0,107.070322215557,447.290468633175,2596.23150333762,90.1746364235878,6.56779557466507,310.662599474192,12128.0332098305,123.844683349133,13.0891904830933,177.193230479956,3.06041702628136,0,1.82219237089157,234.099158942699,686.230615794659
3.43513309955597,0.582125067710876,2.83564656972885,0,50.4210325181484,613.614952594042,213.864173740149,810.963770508766,4605.56855240464,6914.04442307353,95.8710635602474,6825.69563442469,3.01436620950699,802.063662156463,873.082859873772,0,0.460110574960709,18.474450558424,21.2465791404247,26688.8214867115,11.0853182971478,1.69747579097748,2.69210463762283,7954.6821551621,0.989583313465118,23.9990862309933,9.99438148736954,8040.24844077229,727.04651543498,12.123607724905,2.63010600209236,176.745408505201,10.3095311224461,458.203388124704,162.816711783409,1005.47925469279,16.2309586405754,241.16495808959,83.8157581090927,1259.35516399145,179.883677810431,56.7275388240814,412.69746530056,1.10694491863251,114.607113718987,29.0187967121601,1280.4442153573,35.2853420972824,28.6107687056065,0,0,0.33429878950119,3245.67676728964,72.3793036341667,213.047989457846,125.772461980581,133.570339024067,794.829223781824,1133.59132504463,11.1047023832798,1261.35644942522,4.04120510816574,82.5161516666412,433.799963742495,2.34230250120163,0,0,0,1625.17014163733,1.32170248031616,1.50442117452621,1.58695176243782,2040.95884612203,0,0,4.71825450658798,2251.89187017083,51.6307398676872,0,0,0.466812342405319,1.80806773900986,92.5420430600643,18.8649486303329
0,3.12634325027466,1.95266553759575,50.4210325181484,0,892.713175654411,29.3744245171547,54.2190950512886,174.57195597887,83.5641141831875,2.02766752243042,314.992734193802,0,17.9740175902843,2903.05876457691,0,4.77017307281494,0,0,25.2599871754646,12.2793848514557,0.864028513431549,9.30474770069122,209.467671215534,0,0,2.44687235355377,59.8140973448753,21.3090879321098,3.21323597431183,0,2272.96042340994,0,2097.21650195122,89.6830757558346,219.737645059824,2.4857617020607,6.44919365644455,18.9638847708702,16943.7657809258,10184.7743820548,5.8164736032486,36.1735069453716,2.76809573173523,1.66025650501251,3.5746288895607,82.4686361253262,1.0812394618988,15.3904255628586,0,0,0,50.3525941669941,6.21395474672318,14.5349070429802,5.12558150291443,3.32891169190407,17.5668897330761,31.6242578327656,3.53731918334961,58.640196710825,0,1.47117409110069,27.9910371899605,0,0,0,0,20.7996481060982,0,0,1.88113009929657,39.6520465910435,0,1.32862269878387,2.49027836322784,43.5302137136459,2.79007875919342,0,0,0.55156022310257,0.921909332275391,0,54.953343808651
28.7094576656818,0,229.52188628912,613.614952594042,892.713175654411,0,12786.15041399,16951.0126107037,469.802886545658,25110.0237519741,89.0847195386887,10270.9479348958,7.6146023273468,1878.68935483694,3603.73189544678,7.11505749821663,56.9667323231697,17.3354221880436,22.4127083420753,1220.51154786348,334.102014452219,0.910762906074524,138.103185534477,264.613398343325,5.09709936380386,41.7628726959229,36.0763761103153,1558.98898494244,1023.13224078715,152.793730646372,0,691.972173601389,23.7975992560387,608.292759329081,8353.04969128966,1277.68229347467,39.6359767615795,304.293836236,211.42720413208,6166.39842063189,2174.33484846354,74.2105449140072,131.859081566334,4.20400810241699,25.4934319257736,17.8664133548737,350.963315576315,12.9043830931187,51.7736277580261,0,0,1.57076174020767,213.891852706671,17.913898140192,46.8373968303204,41.8559510409832,19.8259964883327,114.800358206034,145.012350857258,12.3533617258072,227.574635982513,1.15608099102974,12.8232531249523,93.2344790101051,3.98631149530411,0,0,0,100.016722887754,0,5.35527017712593,15.5197542607784,365.740452796221,0,0,7.68807923793793,270.489809632301,5.02742671966553,0.613400161266327,1.29603981971741,0,0.971483469009399,10.8558768928051,634.62681350112
6008.38997834921,2.72963401675224,1808.26932105422,213.864173740149,29.3744245171547,12786.15041399,0,18476.1249053776,1041.83374342322,28146.8441949189,465.057323306799,835.348903238773,51.6637853682041,37435.8047929853,517.92779147625,26.1256360709667,366.831645131111,156.472615987062,161.375675082207,453.89347589016,3851.53417250514,9.95299020409584,1451.05409708619,1911.19581571221,17.3793338835239,285.901879251003,261.647195577621,50889.4687338173,9931.58558742702,22863.1340692043,7.27692466974258,548.471040084958,572.711933493614,3256.87558144331,1509.01408308744,5111.98001551628,259.631477475166,2144.8248770833,974.735138088465,1668.88620370626,747.671380758286,194.036603748798,550.770678669214,14.6122894883156,140.489499270916,59.2619712054729,453.282557278872,42.0740272700787,79.6917933821678,2.20513343811035,1.05321753025055,21.634492367506,479.184469431639,4.7224212884903,43.3275516033173,223.433653056622,141.818815529346,300.555133253336,278.485884100199,31.3118043839931,166.811951458454,13.3419522047043,77.7346893250942,46.9409025907516,98.6184818744659,1.65623959898949,0.463744282722473,0,147.732687860727,12.0858111977577,23.3232545554638,225.815298050642,1987.39223349094,1.71349421143532,1.44497749209404,220.193718701601,1836.82070758939,95.1618432998657,2.26994812488556,0.538805603981018,0,4.69860887527466,95.5159818232059,188.097875028849
1227.2701985836,1.09109532833099,2230.0346865654,810.963770508766,54.2190950512886,16951.0126107037,18476.1249053776,0,562.463107377291,16863.8582537472,100.117124915123,4385.41911756992,17.0462716519833,22273.7393575907,441.361185222864,16.0062222778797,1160.49638396502,24.6892004013062,68.6850208938122,1699.03122380376,3176.52546095848,8.98256513476372,2674.68851315975,562.016965359449,3.84047466516495,175.177462309599,573.567066699266,4582.92176610231,2677.76814970374,7053.39158168435,4.58159136772156,405.657876372337,40.0235456824303,660.453188091516,241.366966128349,2522.69329604506,139.029423594475,631.910235017538,613.780837506056,2221.27866908908,239.727765500546,295.691222250462,287.287236303091,0.507952630519867,75.7518732845783,23.7047098278999,332.505745828152,31.5249960422516,186.189567178488,2.46857142448425,3.36075389385223,7.48828029632568,161.627514779568,6.19076269865036,26.8407403826714,133.840837180614,25.7061633765697,216.461023718119,84.0971486270428,54.8684583604336,105.971023470163,1.70029383897781,10.9952740073204,48.7240088880062,10.883822530508,0,0,0,46.0306469500065,2.93616285920143,8.74312031269073,46.1364084780216,1172.8832732141,0.60480797290802,2.89571130275726,114.287282288074,691.340151876211,15.4011224508286,1.77340793609619,2.84335753321648,3.18401074409485,0,41.0289158821106,28.8945997059345
1.36560332775116,3855.11429300904,14.0789003074169,4605.56855240464,174.57195597887,469.802886545658,1041.83374342322,562.463107377291,0,2427.30533519387,366.140526324511,3659.34913659096,246.384694397449,618.586785793304,2738.66436842084,398.098082751036,14.513729184866,27.2278396189213,15.8929302096367,2171.80096414685,63.40291467309,9614.70609280467,62.0781133472919,37750.2588552833,1201.83651456237,77.376204252243,3281.3219653964,6307.16641262174,433.382411420345,135.390281677246,20.9757643342018,79.5196714997292,17.250692486763,226.270971506834,119.476316452026,833.222391247749,31.8081007301807,173.09100022912,60.1886145174503,2830.16437602043,101.790416568518,109.133610516787,1016.12804436684,29.5485983490944,205.153145283461,92.469014197588,739.233201801777,41.7818243503571,65.5964946746826,10.7679462432861,49.5168252289295,13.6198644936085,1735.03118908405,75.297457754612,199.575717955828,464.021371930838,350.309983938932,4978.96151447296,808.780649513006,177.448049545288,695.854047000408,160.985102117062,235.060609251261,333.553676903248,567.210350066423,11.8868075311184,21.870349496603,10.6953501701355,382.60561171174,163.297517389059,682.196879684925,137.851730525494,9067.42251035571,34.9065845906734,111.29865399003,377.550172507763,4870.15716850758,326.736710608006,79.3901276290417,33.2524382472038,9.53611543774605,28.6479904651642,160.529057949781,122.783921718597
131.711824446917,2.92622017860413,154.104305773973,6914.04442307353,83.5641141831875,25110.0237519741,28146.8441949189,16863.8582537472,2427.30533519387,0,767.922126203775,18641.9713808298,62.165136307478,11143.8571144342,906.165041416883,4.55231991410255,37.8239168524742,159.647362053394,167.491688519716,20616.9916368425,274.663482159376,2.44273149967194,83.5564053654671,1918.00096791983,20.2398344576359,172.61286303401,49.0873773097992,14667.6995342672,6571.64424930513,198.446478247643,8.78454339504242,1047.17207023501,54.0213962197304,3485.6771607697,4035.42238306999,4811.67019110918,122.843483865261,1692.6249602139,542.267320156097,2926.56323388219,1006.92932873964,404.91186696291,362.399035692215,8.67793387174606,70.3170079886913,19.0859723091125,1151.6902140975,20.6047879457474,128.31854596734,0,0,1.53045219182968,1371.03432863951,62.6812136471272,129.099168539047,114.692691296339,42.8345692157745,612.947524487972,526.024554550648,42.243640512228,1251.4065605402,11.8387064933777,38.2719765305519,420.618816614151,4.76242032647133,0,0,0,660.641487568617,3.86579024791718,2.22108900547028,7.12882569432259,1983.27602887154,1.18043249845505,0,7.03822419047356,1317.4396366179,19.9259224534035,0,0,0.593155980110168,1.19663190841675,52.8827096819878,183.351839661598
4.28556281328201,1002.94743642211,88.9744001626968,95.8710635602474,2.02766752243042,89.0847195386887,465.057323306799,100.117124915123,366.140526324511,767.922126203775,0,216.336120724678,8457.71146121621,681.521573245525,11.5164882540703,35.7771743535995,633.729464679956,19257.1531359255,7121.0097835362,204.231497317553,97.7538136839867,421.461590141058,244.890948325396,308.057199001312,3447.86227017641,11780.1400435269,2198.48410537839,383.755031317472,2113.97356390953,110.216502487659,1251.77842772007,324.316943943501,19.5399819016457,11993.1778801978,86.5921923816204,1605.59891280532,6890.61340969801,8615.43490469456,1661.88221493363,72.496678173542,108.901165664196,2447.27244254947,118.805217713118,669.356280237436,159.224061429501,86.163498878479,15.0758623480797,0.563306093215942,1703.43473112583,0,402.713035464287,14.4050425887108,0.71450662612915,2.46737039089203,1.41132718324661,0,1.39992356300354,101.891031563282,0,6352.51118156314,1.9110244512558,10501.9740670323,11.9465625584126,5.63964200019836,29.4546526670456,18.8659255206585,564.367850780487,133.128881126642,0.427726745605469,2.18500733375549,125.203381747007,10.182375639677,75.5408020615578,1417.26025769114,4679.35607048869,4240.15820851922,5.17611217498779,54.56717056036,0.42530757188797,3646.82440507412,14.5024136304855,0,381.251031398773,124.263079613447
16.5838122367859,0,8.42262262105942,6825.69563442469,314.992734193802,10270.9479348958,835.348903238773,4385.41911756992,3659.34913659096,18641.9713808298,216.336120724678,0,19.3090869784355,2896.37485288084,4336.51467356086,1.61038494110107,5.27599838376045,65.0234941542149,41.9106770157814,18355.4222560525,52.1789866685867,0.485596746206284,40.437835007906,1374.42112267017,5.82127457857132,55.3309249281883,13.7684800624847,3178.65532371402,1918.18680931628,47.4692170321941,0.989565879106522,363.725276470184,2.81186208128929,828.665631741285,14319.2092151344,2203.4916716814,32.7263315916061,362.026488512754,226.53598973155,4396.38658300042,229.449228912592,160.126608967781,437.221405476332,9.82138216495514,51.3476573228836,47.7574537098408,1885.46351632476,8.78162354230881,67.595932841301,0.622474610805511,0,0,1424.04157695174,106.286898851395,307.865384966135,46.7022894620895,80.9046174287796,563.801967471838,622.506131291389,18.057691603899,1697.8017013073,2.97342917323112,57.5622629523277,704.596865832806,0.395166486501694,0.3693787753582,0,0,589.323181718588,2.64701187610626,2.19616061449051,7.66830602288246,1205.18631902337,0,2.42647048830986,3.83579710125923,920.970913022757,43.1251482963562,3.13137376308441,0.37351268529892,5.20030549168587,2.95556405186653,42.7700840830803,1659.2565715611
0,798.686650276184,5.75063419342041,3.01436620950699,0,7.6146023273468,51.6637853682041,17.0462716519833,246.384694397449,62.165136307478,8457.71146121621,19.3090869784355,0,69.3066798746586,1.83948045969009,22.0071448981762,12.9784378409386,126.344244033098,32.2135030031204,14.9923358857632,7.33381554484367,333.001623928547,22.7167444229126,139.122247844934,12150.101047039,511.018852442503,2740.79828831553,43.8297602236271,169.563172996044,10.9697871506214,1665.97430571914,26.382248789072,1.37671935558319,956.82871440053,7.56107294559479,135.222841411829,899.437761485577,1484.03527694941,69.5676696300507,20.7602228522301,13.2100248634815,2721.44250130653,94.5638892650604,616.886003613472,108.627157837152,54.3798097372055,2.74476218223572,3.0760412812233,2057.17797756195,0,393.710926771164,11.4704785943031,0,0,1.41904094815254,0.865683197975159,2.91660439968109,87.902004212141,0,5222.81276667118,0.947889268398285,10317.571375668,15.5415860116482,0,26.6875075995922,15.8348118662834,353.166841685772,94.1148358881474,0,0,137.917921543121,7.66842764616013,50.2703882157803,2009.27819365263,3410.35554516315,4126.30625027418,2.50688260793686,34.4635854661465,0,3284.91358166933,9.03397315740585,0,315.278655081987,2.93208402395248
12432.7791724205,4.67781764268875,2763.85850231349,802.063662156463,17.9740175902843,1878.68935483694,37435.8047929853,22273.7393575907,618.586785793304,11143.8571144342,681.521573245525,2896.37485288084,69.3066798746586,0,214.691549748182,28.5791724324226,2531.01403036714,212.996389627457,268.356003135443,1624.78477343917,4411.00871792436,6.29521015286446,4890.16447076201,801.335403174162,30.4312233924866,369.904770851135,1036.64909666777,5851.39902962744,18630.6710293293,22687.0431846976,12.416864991188,104.973449200392,47.1292056143284,1377.18573784828,289.879338443279,2919.32403987646,320.189163565636,1117.59756967425,1107.20307062566,839.497550323606,148.682989358902,792.732405692339,383.947527498007,12.3078112304211,131.843169927597,55.8651649653912,330.357088476419,66.4750448465347,364.780723839998,0.934638321399689,3.96664324402809,10.0345814228058,83.4632749855518,4.72306835651398,16.054385393858,162.88392919302,42.6400066018105,267.287567436695,29.6488402783871,138.610751986504,90.6835575401783,36.6557956635952,28.2155117988586,34.7394466400146,26.4889543950558,1.53481996059418,2.84813636541367,0.905649930238724,28.2158845067024,4.71118175983429,16.7673219144344,84.3693907260895,1355.72651451826,1.07945781946182,13.5189273059368,182.905308932066,740.580664426088,5.15268892049789,2.55482488870621,8.22877103090286,11.8886417448521,0.836410999298096,44.6208357214928,50.5142449438572
1.66681945323944,34.5606915354729,23.2896514236927,873.082859873772,2903.05876457691,3603.73189544678,517.92779147625,441.361185222864,2738.66436842084,906.165041416883,11.5164882540703,4336.51467356086,1.83948045969009,214.691549748182,0,64.0348051190376,40.2881059646606,2.62490463256836,4.80486398935318,609.400884687901,680.531610846519,53.6202893257141,437.844984650612,3544.79163640738,7.71296668052673,3.53039276599884,59.814581990242,1692.8370833993,136.239952355623,123.290236502886,0,221.022832304239,7.22953188419342,64.9960858523846,1057.29721215367,848.251464009285,28.3281570076942,67.9016429781914,53.2955646514893,5862.08934569359,171.629043489695,33.5499556064606,230.089094728231,15.3627081513405,34.0084634125233,61.7922139465809,765.764157682657,7.21696877479553,30.7945996820927,0,0.731187105178833,1.50623774528503,501.697016119957,51.9804442822933,160.589992463589,28.1638314723969,56.7454588711262,167.945480853319,307.087530195713,1.85483580827713,542.518093347549,0.467687785625458,39.966197013855,293.618180900812,8.64475107192993,0,2.57432591915131,0,189.500134587288,7.12832969427109,2.59149813652039,24.4332717657089,396.12104305625,0,8.97669506072998,22.1035032868385,460.284013986588,20.8494138717651,5.42544034123421,0,3.774334192276,0.61264705657959,20.2808197438717,1015.29911953211
1.67214995622635,499.496914744377,81.1177193820477,0,0,7.11505749821663,26.1256360709667,16.0062222778797,398.098082751036,4.55231991410255,35.7771743535995,1.61038494110107,22.0071448981762,28.5791724324226,64.0348051190376,0,182.54701140523,5.77455919981003,31.9079840779305,0.515905439853668,2844.59193685651,10509.146140933,13456.9636421204,5026.01944687963,89.1394071578979,95.6089956462383,8830.41845580935,2107.65964588523,32.2134868502617,232.73344296217,4.62026879191399,17.1609883904457,11.1210761964321,327.619192063808,988.879925817251,6225.8320889771,939.201488226652,910.531023383141,1007.16888797283,12.0344319939613,48.8516930639744,320.49155202508,1489.92304119468,185.513459146023,300.759501755238,220.421165764332,160.409463554621,42.0168000757694,525.101241737604,26.2621465325356,20.8521221876144,72.874491751194,3.24411690235138,11.7147771120071,9.4862699508667,828.926039516926,288.863110244274,264.739716738462,44.4779917001724,36.3118193149567,21.9689886569977,10.6639076173306,231.174240916967,16.2924396395683,9398.35736116767,40.6045389473438,1.9861307144165,3.61120253801346,1.53190249204636,1589.42282229662,1688.2363306284,7343.58837965131,2073.14554902911,7.71112179756165,30.4782077372074,1533.15198072791,2318.2936771214,267.309151649475,555.073263972998,1.93647623062134,1.78733694553375,55.0985617041588,125.584289640188,424.419021695852
266.91409444809,26.9746344983578,30579.3521934152,0.460110574960709,4.77017307281494,56.9667323231697,366.831645131111,1160.49638396502,14.513729184866,37.8239168524742,633.729464679956,5.27599838376045,12.9784378409386,2531.01403036714,40.2881059646606,182.54701140523,0,638.067270725965,16120.0165542662,8.67878180742264,2852.82455545664,59.0382053256035,20980.3985239863,156.659778982401,20.0465164780617,21974.4978387356,28631.441591382,616.556021213531,3690.43254730105,3295.25871762633,36.903875797987,44.9564323425293,907.362963169813,8994.32753524184,323.635594010353,2663.8837788105,1608.42683452368,3637.99801585078,2136.10190746188,57.1562635600567,85.9004711806774,19.8259303569794,262.91760879755,55.3301082849503,152.932738244534,134.58335596323,21.2220030426979,1.44445717334747,10.8132680654526,0,80.9788625538349,690.577938079834,0,2.32830265164375,0,36.1001628339291,0.395465463399887,2.75216093659401,0,7.7449127137661,1.18330228328705,8.13351052999496,1.11054170131683,2.89466518163681,65.2546975016594,243.129489779472,9.08759871125221,31.3044833242893,0,14.0240078568459,105.425883203745,363.277460217476,44.5020626485348,6.17379039525986,329.78232717514,3620.15394869447,54.7209316492081,1.47500222921371,13.083466053009,14.6106439232826,0,2.49025225639343,57.2515004873276,260.862538814545
2.7350780069828,22.0878430902958,79.334996342659,18.474450558424,0,17.3354221880436,156.472615987062,24.6892004013062,27.2278396189213,159.647362053394,19257.1531359255,65.0234941542149,126.344244033098,212.996389627457,2.62490463256836,5.77455919981003,638.067270725965,0,6625.38149225712,39.8057482540607,35.4316884577274,9.50369253754616,156.492558002472,22.6855057775974,189.491705626249,13473.6159380078,662.314767807722,102.081275641918,602.20954105258,23.82053565979,125.685223788023,88.2763412892818,3.38837546110153,3076.01367619634,110.7430768013,1566.95208400488,3979.32964995503,4513.40932399035,1891.41156297922,14.737540602684,32.5073837339878,57.0711567997932,88.4494036436081,116.635168373585,75.9437448084354,64.7902500629425,1.74450927972794,2.42422723770142,51.7892900109291,0,87.5853969752789,5.04452538490295,0,2.97712206840515,0,0,1.16138899326324,34.32244181633,0,777.910269737244,0,1094.56808483601,6.70071265101433,3.81272107362747,4.55026233196259,11.4814171493053,301.183127462864,149.453625679016,0,0.97652667760849,17.9710494577885,2.83006548881531,6.84205907583237,347.483488023281,2971.68469208479,2731.97325372696,0,13.0897591114044,0,952.206787496805,1.3346084356308,0,63.1714164018631,152.806670874357
11.1806668043137,13.8123015165329,2081.54698181152,21.2465791404247,0,22.4127083420753,161.375675082207,68.6850208938122,15.8929302096367,167.491688519716,7121.0097835362,41.9106770157814,32.2135030031204,268.356003135443,4.80486398935318,31.9079840779305,16120.0165542662,6625.38149225712,0,57.8198979496956,212.842099517584,9.8860222697258,1263.39009359479,43.828971683979,61.6711955368519,13498.457003057,6283.297965765,152.724401861429,756.923318386078,100.044694542885,68.6720335781574,62.1644271910191,42.5398198664188,11612.5808685124,239.064212679863,3184.76924321055,4397.12733209133,6479.271656394,2809.31663843989,26.6874608397484,24.8889122605324,12.436182230711,139.662033349276,70.0572658777237,73.6530976593494,94.8473767340183,5.88872066140175,4.91824209690094,9.43937623500824,0,93.5171435475349,181.520428955555,0,0,0,4.0224774479866,0,9.87828633189201,0,76.4770110845566,0,103.298055559397,0.799585998058319,13.8193258345127,9.40019580721855,137.352392822504,60.7617465555668,104.246305346489,0,4.4441225528717,13.8872542977333,47.5164605975151,3.44784396886826,79.2451434731483,1184.75849911571,3010.64533406496,1.33527171611786,5.16935086250305,2.10129618644714,132.996726006269,0,0,33.6727530658245,349.792084664106
16.5549863278866,1.30027723312378,13.0152507424355,26688.8214867115,25.2599871754646,1220.51154786348,453.89347589016,1699.03122380376,2171.80096414685,20616.9916368425,204.231497317553,18355.4222560525,14.9923358857632,1624.78477343917,609.400884687901,0.515905439853668,8.67878180742264,39.8057482540607,57.8198979496956,0,14.533366471529,1.60139095783234,10.1331056654453,1418.13893193007,5.50038313865662,46.8456698358059,9.95476880669594,6322.89231714606,1573.88067471981,33.2191480994225,4.26111677289009,268.378829568624,5.10442516207695,706.313606381416,205.446355491877,1578.72642862797,31.1285926103592,385.085795909166,142.769005149603,1279.87209933996,270.114135414362,98.9766601026058,285.419793277979,1.08605742454529,60.5382505655289,21.7511574625969,1003.32582598925,16.7750232815742,45.2069581747055,0,0.90741902589798,0,1588.93926373124,57.4673720598221,177.647165834904,58.2309554517269,64.1990717053413,475.026521086693,723.029571741819,17.1185136139393,1252.84245789051,1.04630398750305,33.7755339741707,371.2152813375,0.920668482780457,0,0,0,504.540107488632,1.03234434127808,0,2.13040375709534,1224.26804819703,2.43725490570068,0,0,1133.50696203113,35.5470929145813,0,0.343325465917587,2.83778977394104,0,59.2376561462879,17.9251407384872
373.520523190498,31.5240900218487,9555.64177584648,11.0853182971478,12.2793848514557,334.102014452219,3851.53417250514,3176.52546095848,63.40291467309,274.663482159376,97.7538136839867,52.1789866685867,7.33381554484367,4411.00871792436,680.531610846519,2844.59193685651,2852.82455545664,35.4316884577274,212.842099517584,14.533366471529,0,429.953527152538,63244.2298123538,702.066227823496,5.52763748168945,420.813357383013,3844.73940685391,5579.60784569383,2309.52664983273,30680.7091811299,1.81532728672028,87.7144999504089,1280.42719841003,17744.9898775518,6051.87756881118,16383.4615472257,1991.61533990502,16367.4805087447,9356.29546821117,178.174019366503,312.067003816366,231.210926622152,945.694360107183,69.4957737922668,162.732263445854,211.368021935225,248.808280706406,37.8643053770065,301.247922569513,22.445018440485,0.413874715566635,53.2641871273518,4.44258219003677,16.2403184175491,6.35905027389526,481.394454210997,240.236880689859,77.7412811219692,25.0937093496323,22.3003078401089,16.7710494697094,0,137.751369506121,34.5127313435078,1722.67188072205,10.6133528649807,0,0,2.33178412914276,520.502076238394,240.587117284536,1347.42221528292,1054.32209807634,0,5.09367981553078,776.998227506876,1614.44698542356,154.061782926321,234.51372885704,0.846605658531189,1.27790856361389,33.5946751534939,73.9486994445324,1468.32006335258
0,5880.33109343052,33.8751577138901,1.69747579097748,0.864028513431549,0.910762906074524,9.95299020409584,8.98256513476372,9614.70609280467,2.44273149967194,421.461590141058,0.485596746206284,333.001623928547,6.29521015286446,53.6202893257141,10509.146140933,59.0382053256035,9.50369253754616,9.8860222697258,1.60139095783234,429.953527152538,0,680.472403585911,15909.1131685376,1404.89212265611,83.6614688336849,10481.3376495838,1000.50002592802,9.86635413765907,11.2461838424206,26.0462805330753,0.728109359741211,2.0112898349762,70.1836147010326,37.1788611114025,193.201211005449,52.8153162300587,111.43119597435,64.6894935369492,53.01843303442,3.97150400280952,74.2592005431652,550.721623539925,85.5971875488758,229.993296802044,211.516144007444,25.9345974326134,7.60852348804474,49.1452123522758,6.17021262645721,70.3972641825676,79.3119842410088,0,0.670989036560059,10.3283664286137,238.121449500322,61.9952284693718,331.790747761726,20.714758515358,184.530381977558,4.72224378585815,268.214356541634,43.7195650339127,2.14931064844131,3505.31805643439,28.7807929813862,20.7907718420029,9.89505931735039,1.20033913850784,321.167670041323,2551.69324573874,2433.19579705596,800.391147047281,46.4391150772572,225.774483770132,5393.36264371872,723.844642847776,64.3431508243084,96.6030318439007,139.298548549414,2.50909706950188,3.44381994009018,61.8052788972855,101.889210253954
594.024777501822,37.606902718544,55413.550719887,2.69210463762283,9.30474770069122,138.103185534477,1451.05409708619,2674.68851315975,62.0781133472919,83.5564053654671,244.890948325396,40.437835007906,22.7167444229126,4890.16447076201,437.844984650612,13456.9636421204,20980.3985239863,156.492558002472,1263.39009359479,10.1331056654453,63244.2298123538,680.472403585911,0,862.693196058273,14.2037314474583,3192.92256334424,42764.5792542398,3095.30288916826,3796.7882989943,7549.91749095917,9.16329605877399,61.1246370077133,762.188446253538,17890.3783616424,7578.59360194206,35095.7218628526,11091.0364209712,24057.9677584469,19263.1129242182,234.898952066898,286.384229719639,368.762943744659,1334.10402286053,192.055641770363,525.528130739927,649.415899008512,163.017375916243,43.2425827980042,449.49318510294,19.4890483617783,15.4779199957848,352.713534712791,0.607300937175751,37.6476381421089,4.2931809425354,680.62387752533,145.623005092144,128.049353122711,23.4496234953403,50.6091909706593,1.8174355328083,3.73569828271866,125.653480887413,96.0764568150043,5572.0823161602,81.0408652126789,4.3323390185833,10.7501473724842,0,819.965534836054,627.515591561794,10612.7901337445,790.764161169529,1.70215475559235,51.7770389020443,6372.42995011806,1296.54058650136,87.8630915284157,316.550520807505,0,5.68061590194702,23.1219825744629,136.972926616669,4435.46723762155
16.3315406441689,2862.12370234728,73.2816021442413,7954.6821551621,209.467671215534,264.613398343325,1911.19581571221,562.016965359449,37750.2588552833,1918.00096791983,308.057199001312,1374.42112267017,139.122247844934,801.335403174162,3544.79163640738,5026.01944687963,156.659778982401,22.6855057775974,43.828971683979,1418.13893193007,702.066227823496,15909.1131685376,862.693196058273,0,622.942966729403,149.708208650351,4738.19132116437,12040.3751370311,928.790928736329,1963.8375095129,13.3475933074951,176.095598340034,176.397981882095,669.603674978018,1170.62838578224,6267.91505485773,451.905527561903,666.823931187391,470.036591738462,3359.19342669845,261.819922596216,263.326482176781,5312.34341013432,96.5736163556576,1004.61105507612,387.612568050623,2134.34420895576,278.19469666481,356.560473531485,71.4293971955776,56.2714749872684,37.6874226927757,2236.48116987944,58.2735313475132,277.109536409378,2463.20704296231,1312.55792841315,4500.11429795623,1414.9440202415,144.550197154284,811.35501408577,54.4390104413033,795.20887953043,310.747198522091,2321.4337066412,15.9592127203941,1.5824179649353,4.10425490140915,586.722115039825,791.342367708683,892.217139154673,1394.36629676819,20848.6480685174,7.07716488838196,33.2956206798553,759.358975589275,15680.6080372036,1146.9103166163,433.656032025814,6.50661569833755,27.9505411088467,127.586135804653,664.31610891223,340.612015813589
0,2261.28715193272,11.3084605932236,0.989583313465118,0,5.09709936380386,17.3793338835239,3.84047466516495,1201.83651456237,20.2398344576359,3447.86227017641,5.82127457857132,12150.101047039,30.4312233924866,7.71296668052673,89.1394071578979,20.0465164780617,189.491705626249,61.6711955368519,5.50038313865662,5.52763748168945,1404.89212265611,14.2037314474583,622.942966729403,0,1171.61504527926,10211.899957031,32.5008893609047,48.5321328639984,3.41594073176384,854.819201827049,5.61592289805412,0,406.02817723155,3.05044060945511,62.3107498288155,276.798566281796,548.710057258606,43.270405203104,15.7859145998955,7.11248999834061,2571.39916941524,122.827867269516,368.07161411643,133.841711848974,64.7823685407639,3.03222805261612,0.443936049938202,981.319869607687,0,1421.60728898644,34.1614965498447,0,0,0.475861012935638,1.28461450338364,2.59005936980247,90.671328574419,1.39585965871811,1654.96016144753,0.458701401948929,3135.74076756835,10.7439056932926,1.41248279809952,45.4737878739834,40.6893245577812,245.67922103405,110.328823506832,0,1.35668647289276,78.5213887989521,43.5946837961674,45.0010638535023,2837.53926938772,3036.91110819578,5841.99191778898,6.79492837190628,26.1505131721497,1.06290370225906,1535.25126421452,3.95222714543343,0,132.724310308695,7.44209951162338
25.1668555438519,215.132973045111,17291.2806662917,23.9990862309933,0,41.7628726959229,285.901879251003,175.177462309599,77.376204252243,172.61286303401,11780.1400435269,55.3309249281883,511.018852442503,369.904770851135,3.53039276599884,95.6089956462383,21974.4978387356,13473.6159380078,13498.457003057,46.8456698358059,420.813357383013,83.6614688336849,3192.92256334424,149.708208650351,1171.61504527926,0,35176.6404337287,199.504705905914,762.511207938194,120.964266896248,1240.35066509247,95.7046792209148,25.9909392297268,8757.2778159976,516.893689483404,7665.64234602451,10122.8082281053,9549.04230436683,4999.73561030626,39.421082675457,52.6488145887852,93.5733009278774,1849.21330860257,950.958056241274,1030.01382450759,807.870293647051,38.7021404206753,24.4571917057037,86.1742821037769,1.44633781909943,1566.73972484469,2515.50918239355,0,13.5269421041012,0,56.1267022490501,9.57929810881615,118.364702165127,0,1358.57823061943,3.67050203680992,2645.19910421968,48.1169422864914,14.4751087725163,47.0607580840588,1666.98642009497,1070.55588558316,1446.67566463351,0,37.4956087768078,175.698896884918,546.247623234987,61.8984173238277,1808.07981920242,17987.65844208,40798.8581810296,14.0806438326836,59.9609370529652,56.2237946391106,2547.60883367062,10.5738153159618,0,523.882721781731,764.372157633305
117.931878387928,9403.14205569029,47106.888428092,9.99438148736954,2.44687235355377,36.0763761103153,261.647195577621,573.567066699266,3281.3219653964,49.0873773097992,2198.48410537839,13.7684800624847,2740.79828831553,1036.64909666777,59.814581990242,8830.41845580935,28631.441591382,662.314767807722,6283.297965765,9.95476880669594,3844.73940685391,10481.3376495838,42764.5792542398,4738.19132116437,10211.899957031,35176.6404337287,0,1789.27640917897,1130.91829705238,537.844229578972,1887.62349072099,73.0400820374489,106.460440039635,17067.6602616757,2935.22831332684,25651.9255509675,11065.5965435505,19342.1625969708,14304.7247125208,153.686126977205,120.51649326086,126.819097667933,10349.0280754268,2317.04527369142,5740.51906621456,4781.7553768158,242.927934795618,76.9457411468029,183.571365684271,41.6355066597462,9363.84820303321,14326.0897176862,1.37274366617203,47.2521508932114,3.23451533913612,1791.34973111749,222.169346779585,284.567234098911,24.3330217897892,1146.96288749576,10.7836312651634,2292.31654074788,293.11653098464,88.3787027001381,8769.8852609396,7424.95413556695,955.728387624025,2101.7707593441,1.26625519990921,970.763584733009,8262.07315829396,23870.923409611,1000.88127675653,2560.88768649101,21966.1319375336,166286.277924359,1589.17228654027,142.168448239565,895.622873336077,2269.65852722526,15.393101900816,3.89914286136627,2269.34009881318,3814.24988624454
248.252534806728,133.826398432255,619.562304317951,8040.24844077229,59.8140973448753,1558.98898494244,50889.4687338173,4582.92176610231,6307.16641262174,14667.6995342672,383.755031317472,3178.65532371402,43.8297602236271,5851.39902962744,1692.8370833993,2107.65964588523,616.556021213531,102.081275641918,152.724401861429,6322.89231714606,5579.60784569383,1000.50002592802,3095.30288916826,12040.3751370311,32.5008893609047,199.504705905914,1789.27640917897,0,5987.96380101144,55137.1612802744,2.86518216133118,755.38047619164,1677.84517872334,5260.01932808757,6613.60209643841,20309.2023787498,1163.54805457592,5102.64217141271,2647.52809843421,3605.96540755033,1216.66372418404,587.671796947718,4324.30058297515,76.0442664921284,850.08887848258,303.123733699322,2382.26348954439,210.855297088623,529.93726220727,77.9690424501896,14.1082930862904,30.7555776834488,1980.46390804648,59.4196315705776,207.563373506069,2217.4263561964,980.223948538303,2268.16555964947,1210.20891651511,76.8933964371681,734.888753563166,3.62577566504478,519.295125544071,277.093715310097,1371.58224585652,3.76706904172897,0,0.491849482059479,561.97095939517,484.414249300957,335.066830515862,1047.06279569864,14412.6014597714,1.02971497178078,1.15215003490448,367.012298822403,12224.491066277,789.046034216881,394.673476487398,0,6.32682347297668,96.9518139064312,569.24213680625,747.904284745455
5348.30009275675,8.9527223110199,1256.98725810647,727.04651543498,21.3090879321098,1023.13224078715,9931.58558742702,2677.76814970374,433.382411420345,6571.64424930513,2113.97356390953,1918.18680931628,169.563172996044,18630.6710293293,136.239952355623,32.2134868502617,3690.43254730105,602.20954105258,756.923318386078,1573.88067471981,2309.52664983273,9.86635413765907,3796.7882989943,928.790928736329,48.5321328639984,762.511207938194,1130.91829705238,5987.96380101144,0,24054.6837880313,43.7746143937111,146.293000489473,6272.93252065778,10115.4601614773,334.182254970074,2449.29158174992,342.962976753712,1664.54688888788,1494.64463847876,614.830487638712,332.952814638615,1076.21562850475,400.176654964685,14.358933866024,163.122753679752,67.258218228817,254.088314920664,48.5956992506981,458.767335653305,0,3.22852212190628,7.54524675011635,27.5452297627926,2.69764852523804,7.16140589118004,113.498095214367,27.627516657114,206.25493055582,7.86987316608429,190.429202139378,45.8029983043671,63.9464869201183,33.2124660909176,25.90212854743,14.8867792785168,7.2948654294014,4.00000306963921,0.365536361932755,12.4879395365715,5.76658719778061,5.64265981316566,36.7879346609116,1003.63216528296,9.79460388422012,48.4249894320965,152.456071317196,501.400503993034,21.4341618418694,1.33323097229004,20.964061498642,13.7855615913868,1.41633152961731,39.9184283018112,43.9510814249516
4479.66303092241,0,852.157923907042,12.123607724905,3.21323597431183,152.793730646372,22863.1340692043,7053.39158168435,135.390281677246,198.446478247643,110.216502487659,47.4692170321941,10.9697871506214,22687.0431846976,123.290236502886,232.73344296217,3295.25871762633,23.82053565979,100.044694542885,33.2191480994225,30680.7091811299,11.2461838424206,7549.91749095917,1963.8375095129,3.41594073176384,120.964266896248,537.844229578972,55137.1612802744,24054.6837880313,0,1.18875479698181,71.9003446102142,3130.41755750775,6652.66226601601,568.463566750288,2619.48784276843,167.542025744915,3488.04253351688,1109.99623134732,109.453493058681,175.54164648056,76.094279140234,597.351029187441,11.0052346289158,98.7956033051014,47.1830169260502,252.995868653059,20.9090722203255,120.23468002677,3.51476794481277,0,3.86189657449722,4.76170635223389,1.31878924369812,10.4665769338608,185.800938427448,57.2342844307423,60.918958067894,10.4728394150734,18.1139630377293,10.0115926861763,2.29725986719131,27.8489617109299,11.9907960295677,112.436029285192,0.450478047132492,0,0,3.78538882732391,69.274877756834,9.88460245728493,72.4768834114075,693.814721256495,0,0,71.6954806447029,1101.67940729856,35.6430345475674,11.2957617640495,0,0,8.14161503314972,52.3121037185192,141.921191811562
