0,0,365.83751809597,1.6972014605999,4.19620037078857,40.9489822685719,9380.39303183556,1448.07298740745,3.7855384349823,32.4077259600163,25.5605707764626,22.5027706325054,5.37275171279907,11397.0469899178,0.610522627830505,2.90043449401855,205.076930940151,12.0953494310379,66.3875462412834,4.2030343413353,1658.50132864714,0,978.490980297327,13.8887583315372,0,73.7053709328175,100.730684190989,853.288566052914,1533.08879822493,14128.1347116828,0.910840064287186,5.94037389755249,0,78.491080313921,4.60438305139542,68.13401517272,17.0512983798981,45.3913535475731,24.4464778900146,0.976353287696838,1.2881044447422,6.327183842659,0.853526473045349,0,0,0,0,0,0,0,0,0.518883466720581,0,0,0,0,0,1.9061690568924,0,0,0,0,0,0,2.80396077036858,0,0,0,0,0,0,2.61060765385628,1.59859073162079,0,0,9.76183822751045,0.500938892364502,0,0,0,0,0,0,1.09288758039474
0,0,143.356953084469,5.45463436841965,28.870030850172,2.11321634054184,9.80149513483047,2.6442277431488,1006.92763233185,21.5990433990955,475.504977345467,11.3237553536892,3794.11452051997,8.14015573263168,102.357963204384,770.4157807827,165.307836622,35.6071415841579,64.7966169118881,1.0307882130146,155.586859554052,2743.489236027,191.838358521461,2525.9909106493,5215.97332143784,378.292183965445,26734.1250256896,262.513286292553,9.66830751299858,8.62976929545403,117.339454293251,5.97457754611969,0,216.834094524384,34.5108744502068,264.339176356792,177.194978773594,234.370554775,71.0346772670746,236.160193443298,3.95869308710098,1079.93700709939,141.966294974089,72.6716078519821,96.9983019530773,45.5332446098328,4.08896666765213,0.938925921916962,33.7527743577957,4.12939622998238,758.836530148983,136.879730284214,1.278972864151,0,0,7.09243196249008,0.866904079914093,16.9078910946846,3.06988877058029,119.551278471947,2.42529678344727,250.664100646973,4.39752334356308,1.47559583187103,25.8639788329601,182.978916406631,37.6440267264843,90.1068987846375,0,6.86618223786354,428.562087833881,45.0980594456196,40.8522394895554,88.4504662156105,252.14277741313,3907.05353549123,20.909423738718,6.82805898785591,6.99879652261734,74.7576978504658,1.76397699117661,0,60.0301570594311,15.1009166240692
365.83751809597,143.356953084469,0,9.6904633641243,57.3578913807869,206.156721442938,631.787470877171,2802.71112471819,48.1654381155968,177.757905632257,119.096120417118,141.750501692295,14.4505927562714,2968.96966281533,134.678123086691,121.234173774719,44022.8300787807,289.824713647366,3247.70857533813,16.7522019445896,5669.32020100951,42.9978773295879,32855.332762599,115.284098356962,2.40511685609818,15867.7948381901,30323.4459629059,1323.69203144312,771.425229132175,892.402998805046,6.24760839343071,57.4536792635918,12.7619515061378,7331.11999040842,1465.20767354965,8859.69858288765,4043.73771357536,6576.99547454715,3112.53134408593,121.721219211817,189.47549110651,63.5479020178318,903.871918767691,164.069902688265,421.935303896666,211.572527170181,31.2113654911518,21.801965624094,5.57683601975441,9.78369399905205,230.422726154327,1426.24855363369,0,0.913690447807312,0.413236528635025,39.9441221058369,3.6349173784256,30.282123118639,0,15.1076557040215,0,3.8594908118248,13.7989632487297,9.29918318986893,80.9923293292522,1094.38014143705,14.5561821460724,241.536748975515,0,63.0690056979656,728.566727131605,558.425782859325,53.5371970534325,2.82718366384506,467.921456098557,12653.6819178164,40.1437919139862,11.0006057024002,35.6098272800446,0.43281751871109,1.18069124221802,0,309.663310348988,666.740226984024
1.6972014605999,5.45463436841965,9.6904633641243,0,360.036642223597,628.541258960962,377.573224335909,397.310309320688,2813.51280155778,9837.00331121683,194.203421622515,16249.8940729648,43.7676673233509,252.182774245739,1117.07442083955,0,15.6112922728062,49.9986870586872,37.9230608344078,22172.7909386158,5.47127240896225,10.2087097167969,8.07306134700775,3619.72803890705,3.91229209303856,64.6877855658531,49.2909811139107,5752.82573461533,255.734084546566,9.2278715968132,6.58893036842346,44.347077101469,10.6528880298138,271.216831088066,69.0875196754932,713.090065032244,6.51317125558853,250.040796905756,22.0285613536835,1411.08857417107,84.1223058998585,82.0434793233871,177.882221132517,1.19597488641739,66.9224744737148,7.14304336905479,784.863663226366,21.4449169039726,10.147869259119,0,0,0,1024.01049780846,13.4013240039349,182.038531005383,30.8729976415634,133.466439068317,1071.78821325302,696.444381028414,5.1192444562912,923.403295606375,1.45002081990242,176.949702471495,130.884090662003,0,0,0,0,272.289102017879,1.1616096496582,0,0,1134.64355090261,0,2.30392336845398,0.417819112539291,2672.49789986014,27.6597076356411,1.62510478496552,0,1.74321022629738,1.06178796291351,103.121679335833,15.5028500854969
4.19620037078857,28.870030850172,57.3578913807869,360.036642223597,0,2913.37678450346,446.076993495226,417.567337155342,466.444440692663,564.47825267911,36.6132062971592,1353.28567448258,12.9828153252602,77.8148215413094,1525.03131723404,68.1678013205528,57.8041359782219,9.58500534296036,16.1982960700989,135.392041534185,1365.04649198055,120.675682008266,1410.69321671128,2001.00960442424,9.43212473392487,28.0988219976425,336.342011332512,1782.49883586168,51.0776423662901,146.159705102444,3.35377740859985,1320.35972118378,6.14938575029373,534.751748651266,1560.76848593354,1657.53619769216,151.071010649204,122.82510471344,98.4027706980705,14939.7288993597,4247.89400830865,131.918513655663,75.8586154282093,138.366119146347,31.8183421492577,60.1393649578094,161.250734686852,11.7794659137726,9.76361504197121,0.653495490550995,3.21569228172302,39.5682082772255,95.0870306193829,1.46742057800293,23.2004268169403,11.287958830595,4.90172091126442,59.5317303538322,56.9872554242611,0.647706627845764,45.1980921328068,2.8814389705658,18.7924550175667,26.5103414654732,18.415107190609,3.60422629117966,6.42566788196564,8.69909155368805,26.5551508665085,27.7583957314491,5.20838707685471,101.107582569122,228.103221952915,1.99761998653412,63.9445897936821,182.693144410849,308.104380935431,3.23473808169365,1.7403507232666,1.78858652710915,0.830768048763275,3.5915812253952,17.9063652157784,3623.00125104189
40.9489822685719,2.11321634054184,206.156721442938,628.541258960962,2913.37678450346,0,7316.75838467479,15312.5983137488,307.756505727768,19184.6386012733,418.509926140308,10774.7763164043,117.7937720716,1277.46807269752,4793.90220394731,3.16864663362503,85.2593432664871,114.652864068747,74.5373826026917,364.419624835253,295.132368534803,10.8062876164913,271.130189359188,762.108150303364,9.02012714743614,156.166556179523,117.718899965286,1809.69444361329,424.307180792093,379.005842387676,17.8232490420341,165.088899731636,6.2703466117382,663.092623233795,2011.36000907421,2930.73875370622,61.8065069019794,436.375078618526,133.438485085964,6938.09743764997,596.082144767046,342.593147307634,98.4669005274773,5.45281684398651,22.7972471415997,5.99934053421021,187.526882439852,3.31045460700989,11.8995839357376,0,0,0,30.8738846182823,2.45097208023071,14.5823600292206,2.05118983983994,12.3739066720009,115.728279769421,26.001217186451,5.41596803069115,28.7334924936295,6.1383153796196,7.95787850022316,32.0302076935768,0.37160325050354,0,0,0,13.1330314278603,0,1.67816072702408,5.6158618927002,424.108354330063,0.761480629444122,0.796483397483826,13.6478432416916,355.210425794125,8.22384601831436,0,1.24507427215576,0,7.87484788894653,34.7045322954655,146.621065050364
9380.39303183556,9.80149513483047,631.787470877171,377.573224335909,446.076993495226,7316.75838467479,0,18885.9551550746,672.724146068096,25530.6122455597,1014.72833266854,1990.30523505807,224.249004662037,19980.8976273537,1454.16776123643,3.91709706187248,128.572061032057,406.587178260088,222.284245938063,149.754531055689,1327.96110466123,49.2344590127468,648.850472837687,3722.04722300172,8.45207032561302,614.199615836143,580.688702255487,50770.9695639908,4320.69219812751,32538.122564882,47.2877680659294,145.312155008316,367.058545678854,2043.09107068181,564.734350144863,2707.90758153796,143.765214294195,1840.31794765592,254.348642349243,1043.01996073127,451.954851478338,243.370065778494,166.909762859344,8.61015939712524,68.5350284278393,12.0434669852257,197.659308820963,12.0757722258568,8.20728075504303,1.20839333534241,0.880559206008911,2.07442831993103,60.520929813385,0.420777410268784,25.672838807106,7.59625715017319,35.4998442232609,207.686137646437,68.3667349815369,12.2789850831032,37.3788129091263,10.0404405891895,75.3183343410492,27.2278552353382,16.2509245574474,0,2.16951537132263,0,11.6103183627129,3.4676162302494,6.16865915060043,26.9644085764885,423.993397653103,0.467908322811127,0,87.925672441721,816.580856978893,27.6020359992981,0.981413841247559,0,0,2.44840466976166,84.6408114731312,62.4054624736309
1448.07298740745,2.6442277431488,2802.71112471819,397.310309320688,417.567337155342,15312.5983137488,18885.9551550746,0,469.432541668415,11120.081825614,661.342388272285,6437.2294228673,206.657905817032,18909.2236800492,512.219654947519,15.8756577074528,1213.1131708324,203.004026651382,530.655294716358,510.149856209755,5774.96338623762,8.57777377963066,4916.94775256515,1062.7351564467,9.79136222600937,703.738887727261,778.915722072124,5878.35630968213,1749.15731370449,8645.78082937002,27.8809474110603,326.382050871849,10.7557075917721,1683.85772994161,182.441836953163,3802.21776142716,208.354428708553,788.912908881903,344.11782643199,1625.14555972815,630.804675996304,559.342485576868,322.389651805162,8.3721242249012,80.183633774519,5.14040106534958,408.940721064806,15.9065206050873,31.9370800554752,0,3.17261910438538,1.19737148284912,52.6457299590111,0.603852391242981,22.1709231436253,11.3021123409271,27.3128569722176,127.336114645004,52.5154366791248,16.9965673983097,44.5161817371845,12.2194383442402,8.5144399702549,37.1929884254932,6.8088381588459,0.428985029459,0,0.422141969203949,11.6879355013371,0,6.40145364403725,19.1991081237793,1024.90904390812,1.26926231384277,5.51184603571892,75.83861759305,1064.7017839849,20.3949043154716,2.61104455590248,4.5892308652401,0,14.3271377682686,132.555098176003,40.1253299415112
3.7855384349823,1006.92763233185,48.1654381155968,2813.51280155778,466.444440692663,307.756505727768,672.724146068096,469.432541668415,0,1976.14860707521,368.75897616148,671.522635936737,724.420134902,393.273405075073,1445.59195443988,401.990686178207,28.5251660346985,74.5609903335571,57.6501208841801,360.599725335836,290.902658551931,9299.18758800626,262.50539124012,42274.7161750793,606.467859864235,249.298026800156,7700.34747207165,7122.82281559706,248.650887787342,78.0051555335522,73.9623424708843,86.419101446867,38.3059656322002,417.779020100832,188.789120733738,1789.25385046005,175.301060140133,408.511806041002,72.2265872061253,2652.16172009706,150.651156425476,242.097053617239,1961.91826158762,70.0342028141022,435.252727180719,116.536353766918,560.715950548649,98.9349548518658,101.170131206512,23.5921563208103,18.7506689429283,11.0725604891777,863.655498951674,13.0381042659283,266.437535524368,99.2440286874771,339.111878395081,6963.73369672894,652.410203397274,99.94158872962,256.185593903065,36.5051155686378,649.101246893406,157.326871663332,1055.94796210527,12.724778085947,89.3174986541271,3.85118025541306,213.422854632139,574.366930484772,1825.38725081086,187.658610969782,6835.05834379792,10.8263919353485,139.478378713131,231.837775439024,5690.44271713495,446.764085531235,338.360164284706,12.4801325500011,33.7870538532734,65.3857263326645,509.427032500505,503.975492656231
32.4077259600163,21.5990433990955,177.757905632257,9837.00331121683,564.47825267911,19184.6386012733,25530.6122455597,11120.081825614,1976.14860707521,0,2471.65040910244,10581.5814381242,640.838753640652,4734.17599272728,1820.76487404108,8.23659202456474,201.738599210978,989.763421237469,405.919384479523,7820.25599035621,105.223598301411,6.60191377997398,142.45039832592,1646.71617406607,18.8086584210396,1174.98407676816,333.211616575718,8709.62320101261,2963.80254852772,90.0445634424686,87.6414234638214,364.06337761879,29.7529616653919,2914.22881397605,2274.07325068116,6379.39902347326,178.807048916817,2842.62384676933,280.90361148119,2192.39550721645,933.267947494984,773.47970315814,625.303060352802,5.63092848658562,229.831507205963,11.6872744560242,1771.82349336147,25.9477532207966,33.4570686221123,5.76353967189789,0.805428326129913,0,1559.32847782969,25.378380805254,345.433339089155,72.8708972334862,175.436898291111,1363.18583124876,1161.15107503533,18.125187933445,639.490939110518,10.3103762865067,188.158283770084,303.593118429184,0,0,0.606755077838898,0,458.494236081839,0,0.807097792625427,1.45986351370811,3077.07089024782,1.64824044704437,2.43771064281464,3.79199102520943,6724.41329169273,69.4440031051636,4.43869751691818,0,4.81065785884857,12.9830268621445,323.797573149204,97.6704975366592
25.5605707764626,475.504977345467,119.096120417118,194.203421622515,36.6132062971592,418.509926140308,1014.72833266854,661.342388272285,368.75897616148,2471.65040910244,0,2534.83512806892,18472.8128103018,1112.74430167675,110.100345879793,58.2422604560852,1308.3485223949,16450.9294545352,2706.57073765993,321.979251861572,325.47899979353,260.00472214818,371.920517325401,744.514633148909,1461.2566215694,12362.498039633,1944.09088292718,846.990315556526,767.378427922726,406.270244657993,2510.1776073277,1000.73458445072,0.867020547389984,10789.8441863954,69.8836449682713,2468.53826454282,4061.15913003683,7693.8058809638,744.209738641977,299.495311915874,32.8214373588562,2978.20976445079,80.7685762643814,717.730943262577,98.501426666975,28.662215679884,74.4129213094711,1.49863660335541,1093.69661492109,1.39052540063858,162.268634974957,1.94299018383026,1.44665458798409,3.83222305774689,2.87059956789017,0.397795706987381,57.8714719116688,84.8827798068523,3.86316058039665,3401.3808440268,19.333161175251,4112.17205306888,88.7989769876003,8.04659754037857,2.23956167697906,4.46455472707748,204.352681577206,25.9385043084621,0.830263644456863,2.22760051488876,34.0937735438347,0,78.9758429229259,486.539084285498,422.16111022234,1069.80922472477,28.6130701303482,76.7441454827785,0,1315.4918282032,139.752558887005,0,271.346380323172,41.092924952507
22.5027706325054,11.3237553536892,141.750501692295,16249.8940729648,1353.28567448258,10774.7763164043,1990.30523505807,6437.2294228673,671.522635936737,10581.5814381242,2534.83512806892,0,696.235314548016,2861.80308881402,2903.47247317433,1.17969024181366,172.754071742296,829.416644394398,352.17949873209,9929.85126882792,32.0728625059128,5.61783218383789,62.7897332012653,3755.99447146058,15.114029109478,1103.73763158917,389.587262570858,4129.69737005234,1377.50788420439,89.0961190462112,125.183043897152,256.551646173,1.05488008260727,1989.135017097,766.928225308657,2841.13031643629,140.058301568031,1461.789306283,215.31241902709,5267.91189730167,396.922782093287,637.387534409761,57.7553415894508,9.48887419700623,35.4265469908714,6.93578478693962,402.33944067359,4.4039554297924,32.4007477760315,0,1.5555961728096,0,301.755097031593,11.5922116041183,170.383447080851,13.8772433400154,79.8721195161343,179.779863297939,319.569913864136,38.6971116960049,722.375954777002,24.2855516374111,114.8972029984,73.8991474211216,1.77612948417664,2.855597615242,8.0956979393959,0,64.5210521817207,0,1.37971484661102,0.509826421737671,308.693677842617,2.14162302017212,20.1846740841866,6.65676218271255,677.38861733675,28.6895732283592,1.47394013404846,4.96016329526901,3.29673939943314,1.18901288509369,49.4518761634827,531.111276000738
5.37275171279907,3794.11452051997,14.4505927562714,43.7676673233509,12.9828153252602,117.7937720716,224.249004662037,206.657905817032,724.420134902,640.838753640652,18472.8128103018,696.235314548016,0,252.003701359034,55.7019907832146,333.890105724335,9.67231631278992,291.445684999228,18.2371631860733,82.6601966023445,101.851817250252,1616.74190074205,117.720174878836,2007.93592956662,15276.1665592492,962.608217060566,3878.40784606338,331.401776582003,144.850393027067,98.8858331441879,4757.20463043451,338.792746245861,0,2225.42363917828,18.9619791507721,1016.11601600051,3195.822781533,4909.17480823398,397.449434429407,185.463221907616,12.624891102314,3899.4899545908,173.66742759943,1604.68739253283,247.873742938042,67.9569253921509,14.874898314476,0.467093765735626,2688.56540673971,2.97320029139519,394.638762027025,0.988901138305664,1.63405731320381,0.684321224689484,6.01168811321259,4.9727917611599,105.966749310493,43.4988639950752,4.89216056466103,8160.82904815674,18.5597954690456,12049.1960904002,217.903686106205,13.0519121587276,6.7325838804245,8.659459233284,430.67175796628,56.9677221179008,0.435284614562988,1.06263959407806,89.5397233963013,7.93486940860748,64.4770158529282,2012.789909482,825.605721175671,2673.9196690619,4.24552518129349,163.578483492136,0,3139.0856243372,251.918987035751,0,549.683795154095,6.28887128829956
11397.0469899178,8.14015573263168,2968.96966281533,252.182774245739,77.8148215413094,1277.46807269752,19980.8976273537,18909.2236800492,393.273405075073,4734.17599272728,1112.74430167675,2861.80308881402,252.003701359034,0,267.75121191144,13.1004883944988,2352.94727554917,466.424052327871,1205.11763426661,349.295860260725,9074.03377872705,9.10702732205391,7787.73248550296,1184.89920935035,8.83237963914871,1341.00547558069,1255.08231288195,7593.28886112571,22848.4858899117,24870.5362889171,42.9779338240623,194.839605718851,14.3177594542503,2660.87441027164,133.266075134277,4066.54927271605,256.162448972464,902.486477792263,312.845099270344,720.130200594664,165.410044252872,374.745874881744,106.679134935141,3.35542652010918,33.0163139402866,6.18362680077553,206.159784585238,4.60339802503586,23.9089965820312,0,4.18577766418457,2.53464981913567,11.0091375112534,0,2.81401935219765,0,1.6249752342701,132.238765656948,8.34520378708839,19.3976308107376,11.9925692677498,19.4668463170528,1.47781589627266,19.0769312977791,11.5811158418655,3.6152868270874,0.523539543151855,4.92757958173752,1.325119972229,1.37761083245277,4.34475457668304,15.324289649725,638.002438575029,3.06560641527176,13.2673799693584,150.580651134253,412.679994285107,0.660301685333252,3.67572343349457,6.41549727320671,0,5.08567065000534,37.2233249247074,22.2753859162331
0.610522627830505,102.357963204384,134.678123086691,1117.07442083955,1525.03131723404,4793.90220394731,1454.16776123643,512.219654947519,1445.59195443988,1820.76487404108,110.100345879793,2903.47247317433,55.7019907832146,267.75121191144,0,47.3922342658043,78.7899889349937,35.1245323717594,45.5647023022175,399.573473572731,1052.2061162293,513.31653034687,767.377708435059,8329.51019248366,40.9480194449425,94.0217241942883,873.251896679401,6844.36285129189,205.454693377018,415.959953904152,8.97033447027206,188.240713953972,21.3423687815666,258.50862455368,1364.08959212899,864.607887685299,185.520303726196,386.763150155544,136.482585221529,4924.49681556225,362.553775846958,117.020501464605,349.280884861946,46.1740182340145,57.4266372919083,31.7908864021301,310.557303488255,12.4788715839386,8.44484561681747,9.09082072973251,1.15371286869049,9.37112390995026,173.766435295343,6.4920226931572,34.07133436203,7.22061568498611,29.6090592741966,189.99903857708,118.561455726624,4.02371343970299,96.7271282374859,5.11089998483658,43.7203435897827,41.7963849008083,41.9741033315659,2.22641110420227,3.83819174766541,0.427397847175598,43.8474977016449,34.5009743571281,41.3864889144897,42.4493569135666,792.962237685919,0,15.7235008180141,87.3928926587105,829.195427000523,29.6693450212479,22.5871465206146,0.581719875335693,1.16096115112305,4.99759125709534,91.157872825861,371.732078194618
2.90043449401855,770.4157807827,121.234173774719,0,68.1678013205528,3.16864663362503,3.91709706187248,15.8756577074528,401.990686178207,8.23659202456474,58.2422604560852,1.17969024181366,333.890105724335,13.1004883944988,47.3922342658043,0,138.583391219378,17.4772009849548,51.4696022868156,0,10045.0220126808,12539.2420983911,8031.57673925161,2794.36332252622,332.156492143869,118.156138300896,9358.83378762007,2386.09670615196,12.5733208358288,75.0923309326172,25.5557954907417,7.83701258897781,0,785.238071650267,743.131889641285,2185.90488177538,1269.04557472467,1323.18709546328,632.767929852009,31.1231883764267,55.430767416954,90.4229164421558,865.180823713541,103.872064173222,236.332011222839,109.155070632696,127.76795977354,26.3323529958725,26.6644622683525,8.14911907911301,19.0488960146904,24.479057520628,2.72795879840851,3.00040745735168,9.8295094370842,8.81431093811989,14.1289310455322,223.57468688488,0,6.85937175154686,1.91217422485352,8.43264806270599,29.8046582043171,30.2144480347633,7077.74650943279,35.2662849724293,1.86869204044342,11.9182708859444,0,1812.17298188806,3337.27218425274,4995.44957217574,1105.61174508929,5.29778364300728,9.52358308434486,3238.6145222187,1143.35888966918,79.4358560740948,484.031389325857,0,1.70914876461029,21.5151526927948,180.5255664289,206.106872856617
205.076930940151,165.307836622,44022.8300787807,15.6112922728062,57.8041359782219,85.2593432664871,128.572061032057,1213.1131708324,28.5251660346985,201.738599210978,1308.3485223949,172.754071742296,9.67231631278992,2352.94727554917,78.7899889349937,138.583391219378,0,1055.46161881089,9132.64662930369,23.1368510127068,1516.12892603874,23.6588063240051,11531.6633952558,117.491232961416,3.29457968473434,16100.7293806076,16837.288215071,606.061125993729,1776.57404929399,391.614410459995,2.334945499897,63.1189127862453,57.3907999098301,13945.781267941,541.870405912399,2718.76601102948,1791.17741370201,3240.25969052315,1331.04799735546,89.3832019269466,91.8550677597523,31.5482897758484,183.865820974112,43.1080992519855,105.523464530706,47.4583983421326,5.78639686107635,1.33703756332397,0,1.15756803750992,59.1416011154652,332.546814918518,0,0,0,1.13838160037994,0,6.99849939346313,0,3.01460880041122,1.04175245761871,0.666627287864685,0,0,41.9436661303043,227.485118955374,5.69788348674774,58.2951164543629,0,13.4846993684769,97.2105441391468,127.127111881971,14.1441805958748,2.13838171958923,161.233876794577,2930.42338931561,21.5616636276245,2.57634025812149,7.1300733089447,0.958424925804138,0.659611701965332,0,60.9122474491596,193.878883421421
12.0953494310379,35.6071415841579,289.824713647366,49.9986870586872,9.58500534296036,114.652864068747,406.587178260088,203.004026651382,74.5609903335571,989.763421237469,16450.9294545352,829.416644394398,291.445684999228,466.424052327871,35.1245323717594,17.4772009849548,1055.46161881089,0,12194.2600031197,121.04093721509,221.945579230785,15.884333729744,324.785945892334,183.387087702751,82.1071733832359,9239.23965460062,2384.07184591889,386.260902315378,409.749221116304,178.650153368711,303.74796038866,190.870855033398,0.569234371185303,4300.26945850253,258.441956162453,3108.84655076265,3892.81015208364,4323.66415128112,1362.56296408176,108.789695322514,52.0098134875298,131.064829826355,161.285805344582,172.343086600304,103.828073889017,68.952805429697,2.12734135985374,0.756129562854767,25.5340545475483,0.636150538921356,61.896795719862,10.5652818977833,1.89622020721436,0,0,2.97565683722496,3.32613116502762,27.8123681545258,0,533.967732965946,2.85117504000664,926.418484121561,15.4803909063339,1.72792756557465,1.59700828790665,21.7301201224327,444.932205140591,85.6107558608055,0,2.24829882383347,20.836507409811,2.7737765610218,2.44292962551117,144.614555567503,921.737434923649,2033.82357785106,0,4.54032570123672,0,682.910529404879,0.863845407962799,0,77.216899305582,97.816906452179
66.3875462412834,64.7966169118881,3247.70857533813,37.9230608344078,16.1982960700989,74.5373826026917,222.284245938063,530.655294716358,57.6501208841801,405.919384479523,2706.57073765993,352.17949873209,18.2371631860733,1205.11763426661,45.5647023022175,51.4696022868156,9132.64662930369,12194.2600031197,0,50.3568041324615,584.884643554688,15.7091437876225,1670.59611317515,129.051105469465,19.2759422063828,7616.77107077837,6309.57261180878,377.379949390888,917.646228015423,190.878588616848,17.0463730096817,129.054472416639,23.1393547654152,10206.4474818408,470.808825790882,3497.09231722355,3404.3521297276,3660.93205842376,1220.59901496768,94.0400657653809,78.8489781320095,38.1122084856033,201.827325582504,81.3495916724205,77.8834211230278,54.8341148495674,7.92109364271164,1.33185505867004,2.11534070968628,1.8142169713974,76.9906374812126,130.964709103107,0,0,0,2.55647039413452,0,10.9320675134659,0,17.1706308722496,1.22094821929932,41.5840251147747,2.61515688896179,1.69768679141998,16.6875395774841,122.363818287849,80.6041103303432,214.702457934618,0,7.45192518830299,22.148477345705,44.6555536091328,11.1486034989357,16.086027443409,738.209062218666,2728.6650698185,5.73144134879112,1.18016958236694,5.54049751162529,25.4602911174297,0.850010931491852,0,41.1366150081158,198.612857878208
4.2030343413353,1.0307882130146,16.7522019445896,22172.7909386158,135.392041534185,364.419624835253,149.754531055689,510.149856209755,360.599725335836,7820.25599035621,321.979251861572,9929.85126882792,82.6601966023445,349.295860260725,399.573473572731,0,23.1368510127068,121.04093721509,50.3568041324615,0,8.92796888947487,2.58112752437592,8.59505844116211,600.141044676304,1.79055869579315,166.601996153593,63.5091332793236,1872.88207805157,205.797501802444,8.17922595143318,18.6544704139233,31.4966278374195,0.53437215089798,206.261709421873,36.4596522450447,613.887122571468,23.4339288771152,210.913713514805,28.5931167006493,625.760151058435,75.3401773869991,95.5866971313953,120.42812359333,3.55789852142334,58.3817550241947,7.38176649808884,356.557057291269,8.84171628952026,11.8559826910496,0,0,0,309.401163727045,2.21932864189148,86.1659550368786,14.5109941959381,51.3083373010159,224.486395746469,273.917459309101,7.55528154969215,190.191494375467,1.88716176152229,67.9042764604092,67.6330255270004,0,0,0,0,87.936630576849,0,0,0,525.268056511879,0,0,0,1150.97372978926,23.0258942842484,0,0,0,0.806209683418274,51.7643155455589,7.5071217417717
1658.50132864714,155.586859554052,5669.32020100951,5.47127240896225,1365.04649198055,295.132368534803,1327.96110466123,5774.96338623762,290.902658551931,105.223598301411,325.47899979353,32.0728625059128,101.851817250252,9074.03377872705,1052.2061162293,10045.0220126808,1516.12892603874,221.945579230785,584.884643554688,8.92796888947487,0,1442.99053931236,57807.0223805606,1253.93311467767,47.569826900959,834.543379604816,6441.55393126607,17054.0194397867,4323.43313369155,19447.2902542949,9.15513530373573,70.1602999866009,298.513186603785,20171.3152216971,7294.24219742417,11357.0942276716,3503.85333833098,13429.8921662867,5290.47920516133,436.004206210375,770.315007030964,292.437320739031,673.132686078548,46.2463631927967,107.656874895096,61.69480869174,157.299351096153,40.7154692709446,72.1376798152924,7.58255779743195,8.86222970485687,22.1752645969391,0,6.03260433673859,9.5019403398037,1.4521467089653,17.4810790419579,235.452492833138,2.40021872520447,5.68550971150398,0,2.52417147159576,67.4751514792442,33.0768009126186,2020.05176573992,23.5801425874233,0,8.32312101125717,0,1477.7422772944,635.528248667717,891.478095412254,1546.10627222061,1.50282976031303,12.200127273798,690.1252425313,1471.77652597427,185.854475051165,728.201896250248,0,4.22970521450043,34.5489969849586,149.748125940561,883.405559509993
0,2743.489236027,42.9978773295879,10.2087097167969,120.675682008266,10.8062876164913,49.2344590127468,8.57777377963066,9299.18758800626,6.60191377997398,260.00472214818,5.61783218383789,1616.74190074205,9.10702732205391,513.31653034687,12539.2420983911,23.6588063240051,15.884333729744,15.7091437876225,2.58112752437592,1442.99053931236,0,2574.19769582152,33767.4533219337,1607.87437000871,148.474703639746,30542.0785652101,1764.42589211464,12.3001427352428,44.4003598093987,84.4249764978886,3.0960807800293,4.98375195264816,98.9352046251297,49.2253488302231,274.571722298861,161.001658946276,135.608816236258,36.146032422781,969.922945350409,14.8149372041225,280.35990896821,265.147051423788,47.1268728971481,85.9048554003239,31.3699695467949,19.4682211875916,8.78664255142212,16.0089437365532,4.08909517526627,101.495813459158,44.2348538935184,2.37001484632492,0,1.02002340555191,13.4333854317665,8.16675224900246,129.562058985233,4.19202733039856,39.0973006188869,2.41448158025742,79.2644437849522,26.0361044704914,6.28823381662369,1822.37685728073,37.514288008213,5.14710259437561,14.9188320040703,0.66873162984848,410.743550509214,3015.17272511125,853.962824732065,994.556244850159,14.9548950195312,54.2110268175602,4518.83067756891,329.021377593279,19.0151419639587,80.6244602799416,24.4844439923763,0,1.23926734924316,50.9137193858624,66.9139630794525
978.490980297327,191.838358521461,32855.332762599,8.07306134700775,1410.69321671128,271.130189359188,648.850472837687,4916.94775256515,262.50539124012,142.45039832592,371.920517325401,62.7897332012653,117.720174878836,7787.73248550296,767.377708435059,8031.57673925161,11531.6633952558,324.785945892334,1670.59611317515,8.59505844116211,57807.0223805606,2574.19769582152,0,616.641296088696,82.6793726682663,4325.79720154405,39389.0551254153,10158.5066829324,4796.08996254206,3064.60157996416,6.77768614888191,74.3209428787231,192.835167855024,25019.4442681074,9588.97369462252,23819.3054354787,12669.4811480045,22972.7888316512,11055.4843212664,688.276488184929,904.88085564971,219.834545910358,1028.57183811069,195.608230859041,365.168859064579,234.247371017933,132.10519567132,44.9589014351368,27.6660234630108,10.0636866688728,32.447208315134,213.34345471859,1.85587382316589,5.98185712099075,8.2538600564003,33.634588599205,12.3088290393353,232.769959419966,1.56762337684631,8.61380630731583,0,6.916175365448,37.3850152492523,27.0332735180855,7151.24877005816,116.788200318813,4.11806374788284,29.7341568171978,0,2805.80784615874,1986.67767313123,5931.29128548503,948.85105907917,2.75007981061935,33.730750888586,7139.89844188094,991.545543521643,66.7823890447617,546.233268767595,0,3.5468288064003,7.41742700338364,249.594994664192,1606.95358535647
13.8887583315372,2525.9909106493,115.284098356962,3619.72803890705,2001.00960442424,762.108150303364,3722.04722300172,1062.7351564467,42274.7161750793,1646.71617406607,744.514633148909,3755.99447146058,2007.93592956662,1184.89920935035,8329.51019248366,2794.36332252622,117.491232961416,183.387087702751,129.051105469465,600.141044676304,1253.93311467767,33767.4533219337,616.641296088696,0,1708.34647032619,481.255736172199,10363.4043918848,10138.8215507567,2003.40456885099,512.521630883217,131.665629535913,201.411018818617,372.137894392014,1559.69475066662,1966.55732280016,6556.64197224379,1029.03166851401,1790.88797235489,427.004497438669,7850.13582238555,576.248990893364,770.912020534277,7054.34991002083,88.2068677246571,1775.99586802721,433.308693230152,2252.12189257145,443.263585150242,192.030551463366,46.3716129362583,47.5925599932671,15.1394383013248,912.830948144197,34.0101900100708,645.123945385218,168.380162328482,879.836166292429,4310.61237940192,998.665367394686,71.0853870809078,775.405171871185,104.383873254061,1840.07524132729,503.004278063774,658.706636577845,7.78102141618729,6.37529668211937,9.52065375447273,243.868861079216,424.040657401085,739.987998694181,168.729436159134,14686.3066137433,41.1999672055244,22.1977009177208,348.286945343018,14032.3237593472,1162.9651466608,371.881389915943,0.595195591449738,47.103414952755,166.182159662247,2079.60407748818,743.294435709715
0,5215.97332143784,2.40511685609818,3.91229209303856,9.43212473392487,9.02012714743614,8.45207032561302,9.79136222600937,606.467859864235,18.8086584210396,1461.2566215694,15.114029109478,15276.1665592492,8.83237963914871,40.9480194449425,332.156492143869,3.29457968473434,82.1071733832359,19.2759422063828,1.79055869579315,47.569826900959,1607.87437000871,82.6793726682663,1708.34647032619,0,706.431434243917,3710.92140394449,134.065647542477,6.09704154729843,1.85423183441162,638.41240054369,9.90513896942139,0,172.345748215914,3.23446977138519,61.065043091774,242.536496818066,185.114595711231,20.6008433103561,98.4380876421928,0.571481227874756,804.95036393404,215.553765833378,316.373394936323,170.353732615709,58.5821096301079,10.0238632559776,0.989181846380234,604.824632048607,2.77458709478378,307.384219288826,0.748570919036865,2.32989552617073,0.817577481269836,4.71627444028854,12.9937489032745,62.7921787202358,29.0567469894886,18.4350116550922,2050.80888667703,19.5609346032143,2768.74118047953,82.5480035841465,7.95682314038277,8.55082365870476,9.87337124347687,571.001463413239,90.1227229237556,1.36810690164566,2.85947874188423,54.2784084677696,2.70484074950218,46.0951581597328,1667.2712238133,1054.18971976638,3269.09481331706,8.69746264815331,66.4174646437168,0.466140925884247,656.27579459548,149.852697849274,0,285.206400841475,7.81287664175034
73.7053709328175,378.292183965445,15867.7948381901,64.6877855658531,28.0988219976425,156.166556179523,614.199615836143,703.738887727261,249.298026800156,1174.98407676816,12362.498039633,1103.73763158917,962.608217060566,1341.00547558069,94.0217241942883,118.156138300896,16100.7293806076,9239.23965460062,7616.77107077837,166.601996153593,834.543379604816,148.474703639746,4325.79720154405,481.255736172199,706.431434243917,0,36563.2705434263,895.881024479866,850.587767988443,350.015171170235,764.051724016666,317.845541208982,9.40311631560326,8847.36837515235,1201.99351364374,10208.7351451218,11521.2666787803,9910.57605409622,3879.67530038953,206.466539680958,156.642123788595,364.074953347445,2269.91288420558,1621.32849612832,1481.61865085363,643.951539427042,46.5038929581642,31.2103372812271,160.64580348134,35.7881971299648,833.777028739452,1070.485614568,0,0,2.57659441232681,50.0308685600758,32.0480845272541,141.843461364508,0,3131.37762895226,11.8324059844017,5952.48851245642,179.004766136408,16.3715905547142,82.1438709497452,1020.91335958242,3821.09320932627,2594.68871283531,1.06183516979218,52.1531653404236,242.22388279438,325.670055121183,116.81863373518,1325.45344555378,10985.716268152,32792.5464128256,33.4600984156132,79.9390828609467,72.2277362644672,3728.38566714525,48.5762498676777,0.379470318555832,873.419957667589,511.212473005056
100.730684190989,26734.1250256896,30323.4459629059,49.2909811139107,336.342011332512,117.718899965286,580.688702255487,778.915722072124,7700.34747207165,333.211616575718,1944.09088292718,389.587262570858,3878.40784606338,1255.08231288195,873.251896679401,9358.83378762007,16837.288215071,2384.07184591889,6309.57261180878,63.5091332793236,6441.55393126607,30542.0785652101,39389.0551254153,10363.4043918848,3710.92140394449,36563.2705434263,0,9916.90080589056,794.091187626123,449.527309954166,1912.03335115314,193.075419604778,26.9808565378189,16917.2917577028,4667.13223555684,25251.1645312309,13680.1597396433,21007.0256250203,9869.23920038342,1800.73587158322,498.19895914197,334.647498935461,8584.28955978155,3019.28485566378,4506.71518304944,2255.91795143485,271.133374273777,131.501818090677,194.379984557629,134.630884379148,6744.76514616609,6632.99333298206,0,4.5555465221405,24.7131328582764,482.249051630497,113.100794166327,524.488537758589,1.96213841438293,2504.23907536268,26.3292825520039,5530.76272445917,503.000478744507,37.6286308467388,5587.42027622461,6030.6796143651,4179.80306842923,4994.33355554938,1.49396109580994,1378.28988030553,9655.05823734403,9553.59028536081,910.623182088137,2244.5856859982,15495.3076697588,143481.296484798,705.64243042469,209.950244963169,411.863620638847,2838.95764234662,33.2890735566616,4.7952966094017,2471.62815308571,1934.4417758286
853.288566052914,262.513286292553,1323.69203144312,5752.82573461533,1782.49883586168,1809.69444361329,50770.9695639908,5878.35630968213,7122.82281559706,8709.62320101261,846.990315556526,4129.69737005234,331.401776582003,7593.28886112571,6844.36285129189,2386.09670615196,606.061125993729,386.260902315378,377.379949390888,1872.88207805157,17054.0194397867,1764.42589211464,10158.5066829324,10138.8215507567,134.065647542477,895.881024479866,9916.90080589056,0,10403.594786495,41750.0860340893,29.7807716429234,485.362275779247,3779.5467197597,11449.9823096991,10246.430758208,19436.7336107492,2890.59873062372,11329.719468236,2596.85785478354,3916.71782726049,2253.54500797391,1076.78354617953,7043.82467511296,99.9697829186916,1485.83725962043,383.54734402895,2776.04391232133,480.841912090778,249.164823621511,68.186318308115,15.1459817290306,30.4763070344925,1295.78214102983,18.0190906524658,478.423401981592,139.771351724863,455.640285789967,2940.65828689933,1067.97425359488,44.7112572491169,423.943250328302,41.6122319400311,872.813216507435,473.120250791311,1138.95516145229,9.38993641734123,7.20317649841309,5.02096033096313,451.750225931406,899.166295200586,554.195673495531,397.060651391745,12334.4710601568,4.62211036682129,20.7296425700188,643.033544719219,13650.4562906623,1023.62445065379,783.530831962824,0.686787843704224,8.3643853366375,210.936000704765,1886.07570025325,1398.91218051314
1533.08879822493,9.66830751299858,771.425229132175,255.734084546566,51.0776423662901,424.307180792093,4320.69219812751,1749.15731370449,248.650887787342,2963.80254852772,767.378427922726,1377.50788420439,144.850393027067,22848.4858899117,205.454693377018,12.5733208358288,1776.57404929399,409.749221116304,917.646228015423,205.797501802444,4323.43313369155,12.3001427352428,4796.08996254206,2003.40456885099,6.09704154729843,850.587767988443,794.091187626123,10403.594786495,0,31606.2180183232,25.4689336121082,1905.21455466747,3655.14759263396,10705.2212037146,82.2076150774956,1823.13196912408,137.718284070492,679.336485505104,169.939512521029,362.565322965384,97.2189173996449,145.34700652957,60.5071333646774,4.71236273646355,15.4166500270367,1.84707552194595,96.7225094139576,1.93907558917999,7.73823410272598,0,4.27283230423927,0.91782945394516,8.58278307318687,0.431034117937088,0,3.39239460229874,3.02308547496796,76.0187761485577,5.75874042510986,6.58267080783844,11.3327623009682,5.60025060176849,2.31550008058548,10.3722632527351,3.27045005559921,1.78527283668518,0.920078277587891,4.33828800916672,2.25260025262833,0,3.69791024923325,0.461429536342621,317.857217520475,0,10.6213640570641,85.7534700334072,261.360519111156,3.28913134336472,1.3715061545372,2.38166090846062,0,2.89778846502304,23.8139615952969,15.9885744452477
14128.1347116828,8.62976929545403,892.402998805046,9.2278715968132,146.159705102444,379.005842387676,32538.122564882,8645.78082937002,78.0051555335522,90.0445634424686,406.270244657993,89.0961190462112,98.8858331441879,24870.5362889171,415.959953904152,75.0923309326172,391.614410459995,178.650153368711,190.878588616848,8.17922595143318,19447.2902542949,44.4003598093987,3064.60157996416,512.521630883217,1.85423183441162,350.015171170235,449.527309954166,41750.0860340893,31606.2180183232,0,18.745054513216,60.4925509393215,705.115653723478,5473.10638254881,861.99772721529,1281.32587921619,219.703715980053,1909.07459622622,338.303583651781,100.213640242815,183.656000912189,72.4455030560493,96.815666437149,4.74096551537514,9.52902954816818,2.02660995721817,17.8717142343521,3.55537217855453,13.8583462834358,1.57509326934814,1.28173899650574,0.917497247457504,1.91098010540009,0,0,0,0.958020061254501,8.19463276863098,0,3.53307741880417,0,2.48370537161827,0.554186403751373,4.43659448623657,65.1818627417088,0,0,0.730477929115295,0,53.6430352628231,22.8032524585724,17.0293068885803,157.405391573906,0.394877284765244,0,51.0892214477062,217.697053551674,15.7087489366531,14.0482768416405,0,0,3.08390581607819,8.50818419456482,133.003471374512
