0,1.8716584444046,87.4084979891777,6.76027452945709,0,148.194073230028,7512.01480978727,1881.29257127643,0,97.253150254488,99.6447724401951,13.0181555449963,28.0332441031933,19974.5983994901,2.789535343647,0,329.97325900197,28.6568504273891,26.8817046880722,6.02684289216995,214.683168649673,0,599.690009057522,2.18551528453827,1.40114295482635,61.2289023697376,70.4033451676369,42.1694279909134,5821.05253562331,5274.76454690099,8.74788579344749,7.55595317482948,23.9740583002567,181.714782744646,20.8889550864697,128.015155136585,21.5879009366035,184.051609039307,44.9909897744656,21.6195946633816,13.0631705522537,8.57313051819801,2.69993478059769,0,1.33594357967377,0,0.342213809490204,0,0,0,0,0,0,0,0,0,0,0,0,0,1.32461595535278,7.5160256922245,0,0,0,0,0,0,0,0,0,1.68081545829773,1.11625516414642,0,0,3.65219023823738,1.97566729784012,0,1.94008469581604,0,0,0,2.43753182888031,0
1.8716584444046,0,53.8680027425289,3.98272550106049,16.1285713911057,0,4.86720490455627,0.753611505031586,4528.70493024588,2.06637863814831,161.567614585161,6.43369883298874,1102.29181033373,2.0916885137558,147.854561120272,397.750801533461,75.7471603751183,1.56625807285309,17.5904659628868,0,10.5005440413952,5232.25996446609,45.3522402644157,5314.22802981734,3832.36963501573,225.51744607091,22255.8863538802,73.9145587086678,0,0.479553043842316,101.842485994101,0.763814151287079,0,89.7769464254379,4.48204386234283,89.9012058675289,102.796608150005,76.1196143329144,28.0244338512421,101.292597949505,0.624658823013306,825.232865989208,84.5770545303822,167.331972241402,39.7493960857391,37.2301427125931,8.1627699136734,0.544604122638702,18.8999733328819,0,3090.22337904572,108.654779821634,17.3150511980057,0.631820857524872,0,3.77528727054596,0,58.114567220211,0.428793489933014,54.7332115769386,0.868132621049881,188.071974128485,0,3.5995626449585,104.129133790731,78.3029933571815,7.16445738077164,22.9899561405182,0,9.93765404820442,305.869744032621,37.751185387373,185.877866029739,190.158617138863,578.209511905909,7280.12921741605,15.9696747660637,0.62388950586319,1.69272512197495,98.81514108181,0,0,9.53162360191345,2.7401756644249
87.4084979891777,53.8680027425289,0,11.8763433396816,0,53.0612317621708,3306.02713277936,355.302084326744,23.3698674440384,154.44193020463,154.458777278662,4.09512972831726,99.0128408968449,606.971955388784,45.9083440601826,118.728963732719,24975.1008118391,105.32446962595,1325.86760735512,4.43237090110779,7443.80114328861,46.7278233170509,67402.6669737399,281.969610542059,11.1474499106407,20372.9195154309,32064.5147905648,3530.09325319529,321.45570024848,380.073289096355,27.2719510793686,3.51180666685104,69.8891558647156,972.45813678205,1246.403462708,11888.4335798919,4454.16760089993,6017.98878343403,4818.25179453194,90.4131971001625,54.0444301664829,2.3921707868576,603.384525477886,229.858426511288,277.681912243366,252.806266158819,125.555527001619,8.33913189172745,0.816976606845856,3.06669598817825,233.4765163064,2706.01870259643,0,1.78533452749252,5.33474558591843,34.3399181067944,2.24165025353432,42.6962807774544,0.361310452222824,12.2989479899406,3.77827835083008,31.7122720479965,3.11981952190399,16.3771214485168,959.358095347881,318.325422555208,3.45401817560196,36.3372348248959,0,160.030803084373,654.411880522966,1677.67938533425,547.688667476177,10.0559100806713,186.001557767391,15543.2098570168,337.667153924704,13.3413125276566,35.2013090252876,0,0,2.53646844625473,79.3469341099262,307.647058010101
6.76027452945709,3.98272550106049,11.8763433396816,0,88.7313917279243,265.499946832657,153.687363237143,101.967816531658,5117.27532744408,10268.2176344097,71.7419209480286,9109.91706579924,106.657684475183,107.347871124744,745.467870265245,0.846617996692657,9.69275400042534,10.0286286771297,3.98606899380684,22303.3362647593,4.64752036333084,3.23938345909119,13.3051007390022,7235.20906046033,1.72048890590668,14.1931809484959,12.7480086088181,7283.0083257556,178.739035472274,13.655354231596,4.66002508997917,15.3059347569942,6.60686305165291,127.080689221621,34.6265260875225,633.711455285549,12.5036779046059,181.468631565571,27.155223608017,747.332343399525,76.342557489872,5.95415616035461,222.36409330368,0.328836709260941,87.0276062786579,10.7796865105629,1123.85945367813,26.2231903970242,2.58670341968536,0,5.06251001358032,0,1066.6009747088,71.5691903829575,224.894550323486,293.435133188963,65.6621099114418,648.211344212294,2322.21588927507,7.25457489490509,1481.65678858757,68.039822280407,55.2916595935822,440.515789210796,12.0265443325043,0,0,0,497.891782552004,14.603851467371,16.9010860919952,6.39710795879364,4228.95168411732,2.08692616224289,0.455569446086884,8.10049888491631,4482.25641149282,45.364178955555,2.97960668802261,0,7.12107065320015,0,56.8558559715748,5.6452317237854
0,16.1285713911057,0,88.7313917279243,0,4882.08226577938,296.842681199312,115.777356386185,510.002279281616,971.701535105705,4.98147216439247,1211.55062034726,149.058065354824,59.3021368384361,5380.14684349298,1.19816219806671,1.41747152805328,0.905906975269318,0,77.346271187067,20.5283324122429,13.8533524572849,21.896543264389,252.471798688173,4.06253916025162,0.740330219268799,27.7488904893398,200.116190642118,123.265949845314,15.2152205109596,0,1557.43829157948,2.3324228823185,1472.86997565627,674.005364686251,580.650275200605,2.2824872136116,40.7241460680962,7.07356691360474,22572.3439432085,4703.22810849547,16.0598092675209,52.2153595387936,3.4345086812973,7.76582276821136,15.777468085289,300.833542853594,0,2.82042169570923,0,0,0,17.3769460022449,10.532172203064,29.9870805740356,8.34889549016953,9.43662276864052,10.1768932342529,37.8254954218864,1.89638578891754,127.63491204381,68.0294166505337,9.3705849647522,56.8460605144501,14.2900348305702,1.82336497306824,0,0,32.6606428325176,14.9519425630569,0,3.5668950676918,60.2246795892715,0,0.48957371711731,5.12621623277664,93.7986404597759,6.57294940948486,0.918376684188843,0,1.53121447563171,0,3.60630464553833,566.0218539536
148.194073230028,0,53.0612317621708,265.499946832657,4882.08226577938,0,5504.29806956649,13270.7468606532,446.835643082857,31475.6967535764,556.359942734241,6953.70597884059,870.106673926115,3268.53091432154,3439.1203070581,2.26604133844376,52.0784650146961,64.0260543674231,26.7860596626997,334.974767193198,203.660542488098,1.4186424612999,229.490326195955,102.846602886915,9.17697045207024,79.0034311413765,29.0291402637959,1826.48690876365,1356.95487242937,507.707403004169,53.8338631689548,163.125218302011,68.9468793869019,1434.82011651993,1456.90339586139,5067.74656075239,70.2658888995647,656.597196131945,100.577725976706,7532.95687064528,2403.01801469922,197.201959252357,114.864756375551,0.573602199554443,78.2769471108913,9.72864925861359,699.116424500942,36.0822151303291,25.9409485161304,0,1.12833619117737,1.21399140357971,53.8654955625534,21.3865153491497,75.9646407365799,46.8969129920006,30.186471581459,92.3545990288258,155.409581005573,13.8382548093796,442.875692695379,177.241296589375,25.7387085556984,185.831306576729,26.0405490398407,1.42888164520264,0,0,120.137855142355,19.7865400612354,0.392092704772949,19.3855674266815,617.638863146305,1.57999038696289,0,5.19890850782394,439.162374675274,12.112969905138,6.08384609222412,0,9.17355382442474,0,14.0644412338734,147.61365377903
7512.01480978727,4.86720490455627,3306.02713277936,153.687363237143,296.842681199312,5504.29806956649,0,11377.9885987043,363.337363392115,30003.4963009655,1583.36421474814,277.277527362108,945.570004820824,31460.6482438743,709.993130207062,35.9702300429344,2268.90529583395,316.705175191164,347.716728597879,162.867440223694,10618.2994639575,35.0006141364574,12614.0421094298,891.579003602266,21.6584311127663,759.958798348904,1147.11341032386,43105.3538809419,9277.26061832905,34235.3844695091,118.383956044912,159.278326302767,1621.44985327125,3563.4891448766,2069.73567977548,10005.7724290192,486.676960289478,5645.16488739848,1750.13177743554,1727.98575726151,1273.88048323989,72.883941501379,519.200199186802,6.36636739969254,248.599403589964,45.433185338974,519.118068248034,98.9797475337982,20.7175448536873,1.70303022861481,0,24.6613379120827,77.7437636852264,15.9204311072826,63.7165063023567,413.331825315952,38.4734899997711,138.920662641525,617.758099317551,46.2654219865799,211.874978870153,160.607909321785,38.8166513442993,181.738858640194,188.754966706038,0,0,0,70.2484757304192,78.3804727196693,19.7036109268665,150.762577235699,3540.04647922516,2.18020096421242,0.618793368339539,200.885540932417,2852.93147861958,74.2033242881298,23.9995329380035,0,4.18329900503159,5.54342025518417,142.546827495098,236.701297879219
1881.29257127643,0.753611505031586,355.302084326744,101.967816531658,115.777356386185,13270.7468606532,11377.9885987043,0,102.040879398584,8646.30464349687,613.064348101616,1834.98246929049,572.284868985415,33528.1846378893,199.332345753908,2.70088592171669,698.343951672316,80.824571236968,88.4882728010416,392.964634671807,1023.50579354167,2.84005808830261,1765.1726654768,67.6227153241634,12.7989223301411,162.319797873497,189.024577468634,973.472352057695,5795.5768018961,5286.08403736353,41.1360915005207,504.660324364901,191.263701409101,1417.00382070243,235.663677692413,3002.50467541814,59.9408664405346,943.199037849903,253.084713250399,1155.51976805925,438.593326956034,132.238799154758,83.9327673316002,7.45224666595459,53.4894700050354,9.69142666459084,208.048961639404,24.8298248946667,16.6523753106594,0,0.777637958526611,0.493183225393295,7.8042848110199,2.84601736068726,8.2654664516449,48.6281423568726,5.63932311534882,35.7679174244404,29.5508746504784,10.331091105938,73.8894290030003,94.6307526826859,3.99043396115303,36.2134870290756,19.9525372684002,0,0,0,10.6859671771526,6.83746984601021,2.27652767300606,11.2658652663231,567.942822009325,2.92731928825378,1.22376751899719,3.55255895853043,240.047395706177,4.88917723298073,6.25901335477829,1.14621210098267,3.01364296674728,2.44563412666321,14.652959227562,7.7385071516037
0,4528.70493024588,23.3698674440384,5117.27532744408,510.002279281616,446.835643082857,363.337363392115,102.040879398584,0,1772.66359162331,87.2609707713127,3917.29370880127,273.881109714508,45.165068179369,3348.88672417402,511.63064005971,13.0999657809734,0.6792151927948,10.2851866483688,1009.78141993284,230.736058413982,8060.19501104951,203.131621032953,22853.5768935382,2495.48717620969,25.4932798147202,5768.40177226067,6117.44158059359,93.8501724302769,13.0502724647522,24.6119070649147,19.9293175041676,1.88008946180344,115.407480418682,26.3859415054321,573.54545161128,38.3441447615623,150.160002827644,18.3764459490776,2480.72760313749,115.353844404221,170.901084274054,472.608813136816,49.4974200427532,189.683695614338,60.8939435780048,653.004564791918,71.7158677279949,10.7248244285583,5.492456138134,57.2346901297569,11.5430306494236,684.449725210667,58.3932337760925,216.5283896029,393.223768591881,78.9009336233139,5754.23721408844,2204.88594841957,80.6994034349918,1922.11632588506,92.2089078128338,68.8780857622623,487.971286267042,875.197366207838,0,9.96554517745972,6.17694157361984,541.679533362389,236.431510001421,2085.65933811665,207.169010907412,15981.9619531035,13.5807309746742,19.9407079815865,209.325922369957,6825.41753232479,142.636019438505,44.1517954170704,10.2834071516991,18.2944198846817,12.0365587770939,166.105060428381,96.1171419024467
97.253150254488,2.06637863814831,154.44193020463,10268.2176344097,971.701535105705,31475.6967535764,30003.4963009655,8646.30464349687,1772.66359162331,0,2453.87883076072,6074.57057887316,1275.24683815241,5698.39462009072,1353.80065110326,1.60867610573769,143.48792527616,375.813542932272,220.929008468986,4657.18450134993,228.989995270967,2.01778876781464,373.864305824041,829.20587593317,55.5866639912128,407.585883781314,114.41121339798,8523.38613508642,3629.04162272811,635.105676025152,161.118567794561,267.159801453352,81.4019142985344,2287.17247976363,2001.43064802885,7201.85617542267,175.008570343256,2215.3157787323,266.782947719097,2792.83013507724,732.23631221056,189.956246256828,343.093529105186,16.1335693895817,174.857028901577,22.7911295890808,1765.99017834663,80.2826518714428,38.4472548663616,0,0,0,486.528275310993,94.8449289500713,285.166299909353,444.138876378536,36.2016196548939,357.331091761589,2308.42007046938,15.7336950600147,1846.59825316072,275.703894078732,35.9434024095535,715.159826159477,65.5117594301701,0,0.537759363651276,0,537.729840010405,38.8234389722347,4.28522571921349,42.0383416414261,3498.12320512533,12.7903892099857,0,12.8624727725983,4629.07487136126,34.9160370230675,9.57551282644272,0,4.35510861873627,2.76475846767426,99.6196263730526,215.310735613108
99.6447724401951,161.567614585161,154.458777278662,71.7419209480286,4.98147216439247,556.359942734241,1583.36421474814,613.064348101616,87.2609707713127,2453.87883076072,0,947.915738999844,5811.95178022981,806.388222321868,62.4116381406784,7.70666021108627,904.140331417322,17243.9773106873,2843.53950643539,246.483852624893,271.253787696362,65.2379473149776,766.080978944898,74.0089164674282,1377.29225564003,5656.79739327729,455.830688253045,463.366782143712,1363.57911615074,593.764148443937,2169.47376525402,237.539141982794,30.1766240298748,14107.556714043,158.41824015975,2219.14459787309,3043.68229591846,7553.98711134493,1277.36048701406,183.901063799858,41.8233013153076,1211.62949669361,22.9153915047646,1263.25227025151,24.4736698269844,8.17382121086121,51.3810577392578,2.16226577758789,803.133162796497,0,152.586920529604,3.06898379325867,0,1.13485109806061,0.94011402130127,0,0,79.1451725959778,2.23738178610802,1142.33151516318,16.0143214762211,5036.8260602355,0,3.80761525034904,22.3363475799561,1.73401969671249,25.8175718188286,9.05711251497269,1.4762065410614,0.29346626996994,85.23210054636,9.22612938284874,135.849872142076,687.813082575798,463.136907875538,525.640453279018,7.09520798921585,0,0,810.949337720871,1.15068113803864,0,20.118315756321,46.7699609100819
13.0181555449963,6.43369883298874,4.09512972831726,9109.91706579924,1211.55062034726,6953.70597884059,277.277527362108,1834.98246929049,3917.29370880127,6074.57057887316,947.915738999844,0,569.177452504635,1281.0220271647,4823.70571386814,0,18.8481307327747,117.113269835711,61.9134275615215,9119.9173540771,6.90953180193901,4.49375268816948,15.4390525221825,989.378132909536,20.9562256932259,140.843805342913,20.9094852209091,4504.55671411753,1156.49930411577,29.9955488741398,90.3238804042339,98.8128238618374,2.89236181974411,897.998141109943,323.312327414751,1962.82299587131,51.0308270454407,537.962140768766,41.7714127898216,3356.62471845746,205.99102139473,92.3672915697098,375.174639493227,5.37549930810928,86.4832800924778,12.5230010151863,2772.77381065488,36.2442098259926,18.7527057826519,0,0,0,455.941547781229,114.114380568266,437.77560916543,176.390600651503,117.707520961761,428.604393392801,1136.75176844001,30.7199854552746,3234.8572936058,161.643259376287,84.0765518546104,801.720436275005,19.1636790633202,0,0,0,517.440142959356,25.1424901485443,7.24206286668777,16.8530007600784,1358.09395855665,2.33598458766937,0.814377039670944,3.07639870047569,1819.95750716329,58.7712796032429,3.21020644903183,1.08846360445023,19.7806733250618,3.07482397556305,55.1864614784718,38.6931080520153
28.0332441031933,1102.29181033373,99.0128408968449,106.657684475183,149.058065354824,870.106673926115,945.570004820824,572.284868985415,273.881109714508,1275.24683815241,5811.95178022981,569.177452504635,0,344.582380026579,315.188720077276,138.496649086475,64.0578007400036,28.1750037074089,47.7758569717407,156.001177638769,704.625696331263,421.783995777369,575.146972149611,450.782165437937,16386.6348468363,211.125837862492,676.345018982887,1194.9411367178,745.353433161974,324.760276466608,1110.13074082136,380.859415471554,11.7911415398121,6547.03648683429,280.984978914261,3407.59349688888,3129.77780017257,4510.82058557868,2388.83286881447,4061.38547822833,1502.82244357467,2607.33179020882,318.051075041294,3946.59840157628,222.671648919582,29.5600484609604,1339.33729538321,50.1897074580193,1380.56393900514,0,294.069041490555,10.3461571037769,6.24918347597122,10.1975094974041,47.7217797338963,43.2554534971714,40.7473870515823,100.610665380955,33.8668696284294,5087.19196224213,64.0843489468098,17974.6111728549,28.9106619358063,81.9309253096581,69.3892551958561,5.80239135026932,81.4762474894524,20.3075992465019,9.53832477331161,38.0676961839199,126.981077045202,41.9084770679474,506.660232722759,1969.80482077599,2491.30097296834,3552.30281293392,354.939205080271,29.9076354503632,12.4302469491959,4726.85287415981,18.463740259409,0,144.783054560423,63.8113597929478
19974.5983994901,2.0916885137558,606.971955388784,107.347871124744,59.3021368384361,3268.53091432154,31460.6482438743,33528.1846378893,45.165068179369,5698.39462009072,806.388222321868,1281.0220271647,344.582380026579,0,137.940414994955,4.76904565095901,1876.1887062788,179.336256146431,239.148238778114,296.474979043007,1939.53455871344,2.88094583153725,3753.01949095726,66.4466691613197,13.9906387627125,412.87666079402,457.19515581429,1170.51263582706,21170.7598455846,16970.1190000474,68.0028499662876,483.586368948221,303.37418243289,1875.29266686738,239.294690191746,2163.96973305941,122.307504892349,1585.59347809851,369.340182840824,504.009463131428,249.95159560442,60.5165066123009,49.2037431001663,2.79493275284767,24.2122523784637,5.4945427775383,93.3543638586998,8.20652532577515,13.3653310835361,0.5880446434021,0,2.24722361564636,3.07187569141388,2.16334667801857,9.67556747794151,34.5923010110855,3.58130782842636,26.3368276953697,28.4793584048748,5.3814554810524,40.7942993938923,45.8540077209473,3.01036840677261,27.6959317624569,19.1650704443455,0,0,0,8.25707456469536,8.06271079182625,1.15493184328079,9.0840445458889,394.115344136953,1.02717244625092,0,25.1802836954594,207.339968055487,3.15783095359802,0,0,0,1.16915380954742,18.1077607572079,21.4041460156441
2.789535343647,147.854561120272,45.9083440601826,745.467870265245,5380.14684349298,3439.1203070581,709.993130207062,199.332345753908,3348.88672417402,1353.80065110326,62.4116381406784,4823.70571386814,315.188720077276,137.940414994955,0,19.5899263620377,43.6890916526318,3.87564551830292,13.0583114326,288.195684254169,425.434652000666,170.482969671488,367.7852242589,2037.32505053282,78.1501038968563,31.7069615423679,373.584921747446,1458.87716627121,156.576662421227,245.116894006729,7.52093428373337,81.0569963157177,2.30704489350319,146.176102519035,2007.86036399007,1308.83459883928,88.2280425429344,143.481615900993,90.488315731287,6162.68215334415,406.204159319401,21.6844235956669,226.623152256012,31.581426680088,38.698435485363,132.399484038353,865.184584081173,14.1001818180084,6.81021010875702,0.361773103475571,0.600223660469055,6.8879816532135,62.7645093500614,29.3479017615318,143.744691431522,52.8298765420914,44.5660384297371,81.3201895356178,225.019522041082,16.5548587441444,482.36215403676,214.243270426989,44.3320871293545,204.915840417147,50.5165641605854,0,1.34048902988434,2.03913176059723,107.829813241959,40.6493701338768,1.59546929597855,36.9203729629517,401.561319202185,0.705881536006927,7.00319468975067,41.3332262933254,414.552005946636,26.4923568069935,9.06375312805176,0,10.998523235321,2.14740991592407,25.3932771682739,4299.23282727599
0,397.750801533461,118.728963732719,0.846617996692657,1.19816219806671,2.26604133844376,35.9702300429344,2.70088592171669,511.63064005971,1.60867610573769,7.70666021108627,0,138.496649086475,4.76904565095901,19.5899263620377,0,41.6314207613468,3.93293777108192,16.5939403176308,0,6016.66063252091,16063.5144446194,8634.19044834375,3270.92791193724,45.6692640185356,33.0874462425709,11474.3405282795,1382.78529086709,13.1782866418362,16.7853913903236,1.20235735177994,0,16.1089564561844,39.5026351213455,426.676070183516,3687.41127723455,1308.99948987365,824.512139499187,604.742906868458,27.1532067060471,18.721820473671,5.46962621808052,420.228739947081,44.106569558382,145.655637383461,128.466464459896,178.02974319458,10.7234262824059,4.85446786880493,2.21992790699005,27.5977767705917,65.306013584137,0.935477316379547,8.18837523460388,5.94446796178818,72.2233693897724,6.24575024843216,421.61739641428,3.43962186574936,23.181879401207,2.77914178371429,154.726008027792,7.28611624240875,76.7180571854115,13723.1856909692,19.1571470499039,0.490328133106232,3.92685693502426,0.563872516155243,1781.41551667452,4467.42762845755,9440.68033266068,4195.38760408759,7.38845193386078,8.38310280442238,2179.68167468905,2350.14735344052,88.4427553415298,88.5923929512501,3.1279970407486,1.34685146808624,42.8477804064751,131.377357363701,129.865381002426
329.97325900197,75.7471603751183,24975.1008118391,9.69275400042534,1.41747152805328,52.0784650146961,2268.90529583395,698.343951672316,13.0999657809734,143.48792527616,904.140331417322,18.8481307327747,64.0578007400036,1876.1887062788,43.6890916526318,41.6314207613468,0,619.94731426239,7522.63555207849,6.67941537499428,1985.71324764192,29.402133077383,19684.3167905658,46.6539873182774,6.31907060742378,15480.2939232886,18012.6443267912,409.842207312584,1767.33958879113,1446.63551270962,76.1347110569477,5.33711108565331,297.588779091835,5173.96874052286,463.12957021594,5066.78197291493,1745.455053702,4650.04898968339,2150.75905777514,42.0656941235065,45.3043747246265,4.60868710279465,49.8479438126087,37.9929565489292,25.5143361985683,33.8408353924751,12.0577537417412,0.872138798236847,0,0,98.5325462818146,377.492725819349,0,1.46302616596222,0,3.74623435735703,0,6.33466559648514,0,1.57811915874481,0,10.848159879446,1.19043076038361,0.567428410053253,65.1585395634174,35.204994738102,3.89167153835297,3.88947075605392,0,15.9552542567253,96.5120542347431,111.391248941422,60.4856246113777,3.53163853287697,95.9293248355389,3224.78166398406,50.6226173341274,0.484373182058334,6.19464379549026,3.87821930646896,0,1.66174161434174,5.71004599332809,113.90970659256
28.6568504273891,1.56625807285309,105.32446962595,10.0286286771297,0.905906975269318,64.0260543674231,316.705175191164,80.824571236968,0.6792151927948,375.813542932272,17243.9773106873,117.113269835711,28.1750037074089,179.336256146431,3.87564551830292,3.93293777108192,619.94731426239,0,2928.34281764925,41.5217752158642,146.860778331757,2.08548158407211,424.740933388472,7.9142764210701,2.55930662155151,4989.08409270644,517.951886683702,82.6672085523605,215.048091560602,117.879225641489,280.082708567381,26.3137140870094,14.9049732089043,2622.25120905042,205.03540417552,2435.37659023702,2357.01575708389,4583.1694316566,1625.03029617667,30.8837469816208,10.6348310112953,4.43289804458618,11.9015145897865,43.9761468470097,0,4.03021222352982,0.452275425195694,0,1.22856938838959,0,9.95856845378876,0.369736582040787,0,1.40546119213104,0,0,0,3.99059116840363,0,12.7276563048363,0.587121784687042,59.7533701658249,0,0,1.41814735531807,0,10.9942964613438,5.90820425748825,0,0,1.07518088817596,2.84839737415314,0,8.50663983821869,315.27191644907,414.553155332804,0.562383413314819,0,0,67.0627022981644,0,0,0,67.9444640576839
26.8817046880722,17.5904659628868,1325.86760735512,3.98606899380684,0,26.7860596626997,347.716728597879,88.4882728010416,10.2851866483688,220.929008468986,2843.53950643539,61.9134275615215,47.7758569717407,239.148238778114,13.0583114326,16.5939403176308,7522.63555207849,2928.34281764925,0,29.8238658308983,562.174746528268,6.27251008152962,2286.52383138239,10.6736262738705,13.9612139463425,8612.03869134188,3405.59427061677,113.197426170111,347.553368970752,244.974565669894,343.572138473392,11.2294942438602,64.4169511646032,3787.06528554857,508.427808940411,6534.24457377195,3006.48458871245,5467.34830023348,3051.33133773506,20.9774814546108,23.2911577820778,4.85458081960678,8.76256409287453,35.8617091178894,5.89207831025124,12.8208150863647,2.7410923242569,0,0.930519759654999,0,40.6150566339493,40.0162430107594,0,1.94314187765121,0,0,0,2.31847739219666,0,5.17661303281784,0,16.0945386588573,0,0.406841725111008,6.12196424603462,3.60533490777016,14.2775747776031,8.24185422062874,0,0,7.32870155572891,9.16376259922981,2.3041298687458,14.685463398695,476.93000036478,1041.65859982371,0,0,0,46.1624821126461,0,0,0.433461129665375,168.557023704052
6.02684289216995,0,4.43237090110779,22303.3362647593,77.346271187067,334.974767193198,162.867440223694,392.964634671807,1009.78141993284,4657.18450134993,246.483852624893,9119.9173540771,156.001177638769,296.474979043007,288.195684254169,0,6.67941537499428,41.5217752158642,29.8238658308983,0,4.7324193418026,0,14.4933167397976,626.760318636894,0.667254388332367,35.6355377137661,11.7431127727032,3222.05726453662,233.740137547255,27.6809764504433,27.2776888608932,30.6302958726883,2.36210250854492,188.582794755697,16.9635291397572,875.430952847004,21.4625668823719,176.994954973459,15.9039293825626,420.732399404049,96.0774658322334,18.8070257306099,102.179881542921,3.7661504149437,28.0904418826103,8.55830815434456,605.718005269766,18.1002072691917,5.67500823736191,0,0,0,524.882997304201,34.6269868910313,113.350689232349,96.2137833833694,38.6245557069778,168.254436820745,732.090580672026,9.12830600142479,740.572046518326,59.8897697627544,27.404120773077,230.765444010496,8.82744807004929,0,0,0,178.624740600586,7.64983344078064,0.386260151863098,15.1596060097218,982.070614486933,0,0,0.94853276014328,1235.29465991259,21.6512137949467,1.32602477073669,0,5.70794627070427,0,24.5976842045784,1.47155928611755
214.683168649673,10.5005440413952,7443.80114328861,4.64752036333084,20.5283324122429,203.660542488098,10618.2994639575,1023.50579354167,230.736058413982,228.989995270967,271.253787696362,6.90953180193901,704.625696331263,1939.53455871344,425.434652000666,6016.66063252091,1985.71324764192,146.860778331757,562.174746528268,4.7324193418026,0,617.429929673672,75646.6363394558,319.152948975563,2.07966858148575,1100.18903613091,3488.93547151983,19915.3411954939,2031.30049830675,18858.8223284483,28.3417154103518,8.97878161072731,507.300560981035,9317.02197220922,6119.738904953,24850.7742952704,2717.10573515296,18572.4241416752,8885.12330648303,367.080483108759,364.337129741907,22.8180918395519,451.099908828735,31.7607084512711,198.394984394312,132.957076966763,273.219908386469,21.2150495052338,7.38205793499947,2.44842731952667,4.59906715154648,75.7443425655365,1.00245726108551,14.9226438701153,4.4881899356842,47.4510805904865,8.05215048789978,246.869879245758,3.68985676765442,26.5002122819424,6.04070642590523,423.242262989283,21.0771399438381,76.2057629525661,3605.30028629303,16.8447464704514,0.368437647819519,3.98553386330605,0.658362567424774,1792.0120883584,1016.79254171252,1585.34052664042,4167.80167004466,0,3.23349812626839,709.923369526863,3012.53642651439,148.454742521048,175.794572770596,0,1.99056553840637,76.3767326772213,207.924770325422,851.436692923307
0,5232.25996446609,46.7278233170509,3.23938345909119,13.8533524572849,1.4186424612999,35.0006141364574,2.84005808830261,8060.19501104951,2.01778876781464,65.2379473149776,4.49375268816948,421.783995777369,2.88094583153725,170.482969671488,16063.5144446194,29.402133077383,2.08548158407211,6.27251008152962,0,617.429929673672,0,1850.1101770401,15752.7201775014,2474.04618114233,26.9693986177444,21596.9853243828,839.560064762831,1.1591554582119,0,19.6876376867294,0,1.32368505001068,43.2797211706638,24.5766931772232,324.504045963287,84.1490219533443,152.921201825142,78.8861739635468,108.413577914238,6.99241626262665,318.176548838615,137.031625121832,73.0655506253242,86.785452067852,70.7473949193954,40.9486266374588,6.90522289276123,16.7589074075222,1.33248722553253,197.836905360222,87.0830679237843,15.0444756746292,0.589812695980072,1.07714021205902,19.0299476385117,0.374330073595047,163.87722080946,0.492041826248169,22.0142263770103,1.31439447402954,123.028421401978,2.07383731007576,25.5909774303436,4269.6075040102,13.369008243084,0,5.20007011294365,1.51582098007202,319.307486981153,3894.3008800447,1495.70224708319,1380.54379436374,33.5157026052475,77.7809184193611,3878.2877548039,502.159781306982,17.0935401320457,19.1125275492668,15.628337174654,0,2.08676773309708,32.479892551899,28.5302836298943
599.690009057522,45.3522402644157,67402.6669737399,13.3051007390022,21.896543264389,229.490326195955,12614.0421094298,1765.1726654768,203.131621032953,373.864305824041,766.080978944898,15.4390525221825,575.146972149611,3753.01949095726,367.7852242589,8634.19044834375,19684.3167905658,424.740933388472,2286.52383138239,14.4933167397976,75646.6363394558,1850.1101770401,0,2054.56726798415,6.46003621816635,5996.110908553,40788.9749232233,16762.870719403,2978.59802246094,8462.42532944679,52.8574137091637,18.1951762139797,679.119645267725,9684.40339544415,8841.73099145293,55218.1234533191,17031.9396507442,33633.7410064787,19634.7562274337,676.391758531332,396.892331719398,34.3854526281357,964.777023404837,122.830716907978,258.673236131668,305.132356524467,461.304019063711,16.4514675140381,9.32211953401566,2.93744814395905,44.6088610291481,1017.25109034777,1.57686996459961,15.9716429412365,6.76149863004684,135.343138128519,5.47780928015709,330.373533815145,5.53155562281609,17.7877098619938,12.475016951561,277.217219918966,8.20348536968231,72.3634193837643,15992.0150206089,84.2900876104832,0,10.0165801048279,2.69945353269577,2061.60371059179,2932.30225065351,14342.9129388034,3208.0233001709,4.40396538376808,47.0342755317688,9597.53568530083,2198.62266618013,50.4408583343029,126.261852890253,0,1.4329080581665,14.7446811199188,128.380125790834,1465.31797868013
2.18551528453827,5314.22802981734,281.969610542059,7235.20906046033,252.471798688173,102.846602886915,891.579003602266,67.6227153241634,22853.5768935382,829.20587593317,74.0089164674282,989.378132909536,450.782165437937,66.4466691613197,2037.32505053282,3270.92791193724,46.6539873182774,7.9142764210701,10.6736262738705,626.760318636894,319.152948975563,15752.7201775014,2054.56726798415,0,1833.29274654388,42.1737296581268,12115.2711824179,11657.6030040085,159.557334661484,47.6482308506966,21.5475777983665,16.8571040630341,81.0924890637398,213.752221643925,410.040836066008,3037.70014730096,244.712180107832,690.605583667755,327.409669101238,1515.56744736433,110.430540502071,100.863349050283,2945.6741181016,80.9824927449226,1262.01727792621,252.651939421892,1264.64306151867,456.914510399103,19.5169569253922,27.3526385426521,99.3863791823387,73.5678161084652,990.658046752214,61.2627464234829,258.446779370308,1457.79375323653,204.264113605022,3306.43147549033,1848.64090582728,298.367951899767,1032.70561057329,403.663059651852,216.298796772957,648.346428513527,2888.63774913549,22.2778763175011,4.49136370420456,5.81446900963783,319.226346164942,825.890311002731,1494.60005629063,1541.64984449744,31531.9877489805,18.9024478197098,9.85320952534676,1565.3638997972,14769.1818006635,662.249005734921,287.749105989933,1.30998736619949,63.9482913315296,87.2191433608532,809.96763253212,375.24551486969
1.40114295482635,3832.36963501573,11.1474499106407,1.72048890590668,4.06253916025162,9.17697045207024,21.6584311127663,12.7989223301411,2495.48717620969,55.5866639912128,1377.29225564003,20.9562256932259,16386.6348468363,13.9906387627125,78.1501038968563,45.6692640185356,6.31907060742378,2.55930662155151,13.9612139463425,0.667254388332367,2.07966858148575,2474.04618114233,6.46003621816635,1833.29274654388,0,183.484871447086,6549.2872838378,26.9301849007607,13.0664938688278,7.51515200734138,351.913304209709,3.66125756502151,1.432457447052,1021.26644140482,0.799072504043579,46.4663751125336,124.970484852791,309.978523373604,9.11890614032745,61.8293613493443,1.64155566692352,2277.20600134134,56.2604688405991,352.955699980259,34.9035678803921,15.3705862760544,3.01854336261749,0,136.853926569223,0,935.088597089052,28.2353456616402,3.38967394828796,0.741133749485016,0,0,0,45.9507679343224,0,839.085916876793,0.554877400398254,6303.59342193604,0,2.57853436470032,10.2827319800854,26.528932929039,19.9397346377373,25.2916095852852,0,0,66.9034614562988,1.9728969335556,40.3156090676785,2957.17314314842,1341.34377238154,6058.69315776229,3.66443645954132,0,0,1658.95413911343,0,0,17.7776398360729,0
61.2289023697376,225.51744607091,20372.9195154309,14.1931809484959,0.740330219268799,79.0034311413765,759.958798348904,162.319797873497,25.4932798147202,407.585883781314,5656.79739327729,140.843805342913,211.125837862492,412.87666079402,31.7069615423679,33.0874462425709,15480.2939232886,4989.08409270644,8612.03869134188,35.6355377137661,1100.18903613091,26.9693986177444,5996.110908553,42.1737296581268,183.484871447086,0,36598.1181335151,272.059686511755,524.889518156648,379.149007752538,1141.76108250022,37.8361956775188,77.0975534319878,2959.32405473292,1273.27666500211,20723.6806268245,13511.1790798306,8220.58446130157,6264.63010832667,50.4112004041672,55.6690282523632,28.4730777740479,422.4969625175,1126.60327416658,203.274420231581,214.077501386404,12.9327371716499,3.65356421470642,25.4968599081039,1.54287552833557,1252.82611525059,1258.06025454402,0.715100646018982,1.36518651247025,0,1.1494973897934,0,24.5035727620125,0,484.0601362288,0,1356.53314313293,0,3.77900892496109,77.0212518274784,422.716770559549,231.734360843897,257.313344299793,0,15.6064898967743,206.75857308507,108.993735849857,71.526182025671,274.46893003583,9759.79216039181,25238.5756699741,10.6245851516724,0,3.51179981231689,1441.00346702337,0,0,52.4355755448341,399.615272432566
70.4033451676369,22255.8863538802,32064.5147905648,12.7480086088181,27.7488904893398,29.0291402637959,1147.11341032386,189.024577468634,5768.40177226067,114.41121339798,455.830688253045,20.9094852209091,676.345018982887,457.19515581429,373.584921747446,11474.3405282795,18012.6443267912,517.951886683702,3405.59427061677,11.7431127727032,3488.93547151983,21596.9853243828,40788.9749232233,12115.2711824179,6549.2872838378,36598.1181335151,0,6468.03273850679,549.241188898683,608.710100382566,1062.05005319417,1.83956700563431,115.209668338299,2603.56609143317,3614.69239324331,42385.5589824915,12091.9454078078,18305.8317224234,12275.0459755957,450.276578694582,125.226383626461,33.6647972762585,3422.90834414959,2374.04266422987,1746.65819954872,1559.04366871715,323.363923758268,21.707779109478,34.7318539917469,3.51126837730408,12364.7306279242,12861.1601041853,11.7743410766125,10.9019352197647,2.87979954481125,156.386750787497,7.60191860795021,513.060068696737,3.92450642585754,646.921095401049,6.92142924666405,2949.24400514364,12.1530892848969,71.8213866055012,10765.4133666456,2219.38339841366,389.892567515373,722.355839520693,2.67898857593536,803.25871142745,10642.7752877474,9795.68844899535,3439.68068155646,1345.06557661295,22264.0450104475,172557.140643924,1380.55270001292,24.6512032747269,97.5050710737705,3056.84468647838,2.12565791606903,7.1196506023407,408.64085277915,897.279087990522
42.1694279909134,73.9145587086678,3530.09325319529,7283.0083257556,200.116190642118,1826.48690876365,43105.3538809419,973.472352057695,6117.44158059359,8523.38613508642,463.366782143712,4504.55671411753,1194.9411367178,1170.51263582706,1458.87716627121,1382.78529086709,409.842207312584,82.6672085523605,113.197426170111,3222.05726453662,19915.3411954939,839.560064762831,16762.870719403,11657.6030040085,26.9301849007607,272.059686511755,6468.03273850679,0,2571.36175701022,5644.4880117774,28.9669406116009,89.4025530219078,1059.97317314148,2816.77702477574,3613.78936561942,17158.8909504712,808.746530890465,6442.80757126212,2665.65435013175,2003.76834836602,1010.86161983013,58.1902214884758,3519.82301527262,56.9835924804211,1505.76353007555,301.05740198493,2894.66703224182,630.722495794296,32.2961968481541,28.5713605880737,26.0676342248917,85.5319347381592,887.673921972513,133.338498294353,425.484492987394,2176.89028963447,207.280003041029,1754.30846479535,4379.33577486873,285.442785084248,2013.00181871653,802.476955264807,218.880609184504,1026.25751391053,2616.6395098269,11.4782564342022,0,5.84699967503548,702.64647975564,1257.81638401747,660.234697908163,1466.66214880347,28203.6231258512,2.02264469861984,0.961273789405823,907.061063796282,20954.836475879,678.63870921731,366.362154901028,0,39.3695148229599,129.106233716011,1012.15652704239,573.73224619031
5821.05253562331,0,321.45570024848,178.739035472274,123.265949845314,1356.95487242937,9277.26061832905,5795.5768018961,93.8501724302769,3629.04162272811,1363.57911615074,1156.49930411577,745.353433161974,21170.7598455846,156.576662421227,13.1782866418362,1767.33958879113,215.048091560602,347.553368970752,233.740137547255,2031.30049830675,1.1591554582119,2978.59802246094,159.557334661484,13.0664938688278,524.889518156648,549.241188898683,2571.36175701022,0,12848.1877283454,128.10893894732,3563.48814272881,4314.40692776442,6820.06702752411,239.316879123449,2901.06922623515,154.145864278078,2677.00317148864,439.896816581488,845.833131194115,956.339502394199,198.113588064909,70.3104622662067,5.82066196203232,62.2851256132126,12.8771436214447,110.545988559723,27.3622871637344,27.9434455633163,0,1.75454127788544,4.13664853572845,5.89851969480515,1.17233297228813,15.1321317851543,26.6338070333004,1.89660120010376,33.1499846577644,9.92489269375801,12.302822291851,44.9127773046494,95.7386619746685,2.02836775779724,20.5012388527393,29.369028866291,0,0,0,10.3959740400314,7.509830981493,5.39485204219818,12.4584659636021,442.490336358547,7.08494400978088,0.77061003446579,15.6667098402977,208.851755946875,6.27975714206696,3.73950546979904,1.66988587379456,3.03342315554619,1.33353018760681,30.0814774036407,25.798982322216
5274.76454690099,0.479553043842316,380.073289096355,13.655354231596,15.2152205109596,507.707403004169,34235.3844695091,5286.08403736353,13.0502724647522,635.105676025152,593.764148443937,29.9955488741398,324.760276466608,16970.1190000474,245.116894006729,16.7853913903236,1446.63551270962,117.879225641489,244.974565669894,27.6809764504433,18858.8223284483,0,8462.42532944679,47.6482308506966,7.51515200734138,379.149007752538,608.710100382566,5644.4880117774,12848.1877283454,0,53.7534714639187,26.6972864568233,2700.55697435141,9136.18405130506,2233.69887679815,5623.87476372719,225.987009763718,7898.50729960203,1951.03144651651,312.33288833499,354.588755965233,29.0171138346195,79.6172592937946,1.92358249425888,15.2639738321304,32.2131242752075,46.2905991077423,5.31826812028885,6.72283512353897,0.644432127475739,3.96147853136063,7.1599742770195,1.75293844938278,13.8556757569313,0.637176096439362,15.768005669117,1.2655782699585,11.1512941122055,1.2780624628067,9.31491902470589,2.29413539171219,63.4003802537918,1.72113579511642,13.0852257609367,94.0417074561119,1.55718684196472,0,0.804693758487701,0,86.3146118223667,8.81486010551453,42.7851455509663,400.667026042938,0.562838792800903,0.734516024589539,33.3998644948006,343.122536569834,15.5402188301086,22.7335566878319,0,0,4.47948205471039,18.1170613765717,295.159738212824
8.74788579344749,101.842485994101,27.2719510793686,4.66002508997917,0,53.8338631689548,118.383956044912,41.1360915005207,24.6119070649147,161.118567794561,2169.47376525402,90.3238804042339,1110.13074082136,68.0028499662876,7.52093428373337,1.20235735177994,76.1347110569477,280.082708567381,343.572138473392,27.2776888608932,28.3417154103518,19.6876376867294,52.8574137091637,21.5475777983665,351.913304209709,1141.76108250022,1062.05005319417,28.9669406116009,128.10893894732,53.7534714639187,0,27.4686627984047,1.36972379684448,631.68008223176,81.9242404699326,1056.30848136544,2517.06423223019,1363.76236438751,508.903947889805,18.7851357161999,2.03537034988403,126.442643642426,30.8370817005634,1394.28670173883,69.9456524252892,7.59803122282028,0.653789103031158,0.728165030479431,105.344973087311,0,226.353939771652,20.6472550630569,0.349304646253586,0,0,0,0,7.10258400440216,0,1513.69897389412,1.16644835472107,5186.4907913506,0,0,2.72649705410004,9.80127796530724,116.49559044838,61.3480969965458,0,0,32.9092331826687,2.98108756542206,4.87982296943665,284.265258550644,4037.45101541281,6277.8489356339,0,0,0,3250.65773892403,0,0,24.9056922495365,17.3560266792774
