0,0,147.479230433702,7.13381099700928,0,47.3671476840973,5493.56785270572,888.996309250593,3.03406834602356,83.4119770824909,2.54534500837326,1.06769824028015,0,10822.3366929591,4.47101205587387,0.40706729888916,78.1079415678978,0,25.9771285951138,1.36330604553223,381.662544727325,0,755.108705103397,7.29199451208115,0,18.7455730438232,18.9414313137531,118.535030245781,10913.541447401,8534.61292424798,0,13.1611990630627,17.2125645577908,74.1189348697662,7.37924206256866,32.3342843055725,8.39803373813629,34.3278643488884,6.0132010281086,13.627260863781,4.09013617038727,2.1875733435154,0.349837154150009,0,0,0,0,1.30708175897598,0,0,0,2.34751179814339,0.845568716526031,0,1.32754099369049,1.83700993657112,0,0,0,0,0,0,0,0,1.34611228108406,0.290332078933716,0,0,0,0,0,0.963101387023926,3.04984205961227,0,0,15.9191275537014,4.02009135484695,0,0,0,0,0,0,1.80998903512955
0,0,126.787830412388,8.03202795982361,9.96607798337936,0.70761513710022,6.8809540271759,2.40550747513771,2237.71317112446,3.07804268598557,708.037248820066,5.2023731470108,2049.20038095117,1.1506056189537,100.831065118313,880.021822720766,282.989905655384,0.684859931468964,29.3901882767677,1.53500366210938,26.549831867218,4550.80612915754,104.897087782621,1449.10577264428,4187.64962863922,1000.14797049761,12703.7181846797,109.640669643879,9.89259818196297,2.27631038427353,16.5044274926186,2.54752844572067,0,170.479432106018,16.760971903801,221.316566824913,298.149625152349,237.236655473709,12.2782766819,45.178672015667,0,30.9576466977596,513.162289112806,228.629978626966,230.251619398594,191.473456680775,5.09141480922699,1.71516644954681,43.4817202091217,2.68799039721489,709.353353589773,871.421319693327,0.787832140922546,0,1.10325163602829,41.6744020581245,4.92046305537224,11.6094650924206,0,198.132072538137,0.35208261013031,219.385415762663,10.4650501012802,0,105.991688609123,353.582814514637,11.210288643837,116.258633464575,0,61.5471607744694,67.498994410038,283.291110873222,46.7765284478664,204.622805655003,493.467550337315,11282.0914108753,32.9302774965763,2.17292708158493,36.3366949856281,53.2306683957577,2.32884168624878,0,112.260329723358,62.9814366698265
147.479230433702,126.787830412388,0,1.66628995537758,13.1518265604973,56.0085819363594,5193.93089416623,1285.09477183223,4.78812164068222,119.283621400595,67.5718400478363,7.5150887966156,0,1318.42589852214,14.8741309642792,215.572048395872,38352.1221365631,84.5451183915138,2903.00049981475,4.31482154130936,11635.6111272573,91.2467757165432,41302.2093343884,110.382695198059,3.69016712903976,44772.8518086672,13795.7697094679,3972.06009051204,641.879933536053,3624.88340955973,0,98.0786843001842,31.2824373841286,5930.40044209361,683.071428090334,11951.0582970083,9640.53222495317,5500.90034928918,1592.80812206864,74.2440661489964,52.91649928689,42.2001911699772,787.110739648342,918.572523534298,291.157439053059,265.024162143469,18.489182472229,5.91386967897415,3.45788305997849,4.95821169018745,43.918310880661,3611.97771289945,0,0,1.12923431396484,144.531987041235,1.23114448785782,2.36343759298325,0,7.88959324359894,7.54499584436417,0,9.41544127464294,2.90269410610199,144.438465684652,421.737663447857,3.38682249188423,46.9880392849445,0,139.130303233862,31.3604072332382,1015.79015558958,66.9596637487411,38.5274530947208,453.55770483613,13968.4607826173,97.5331862866879,1.189348757267,54.6997167468071,2.0919126868248,0,3.23355481028557,103.952188521624,1143.96135511994
7.13381099700928,8.03202795982361,1.66628995537758,0,21.5124327540398,182.336329460144,227.408925741911,655.091186642647,7579.67591199279,12451.6918583512,81.0999768972397,498.083828806877,1.9666730761528,594.171680629253,519.168279081583,1.70902490615845,0.402484118938446,21.88601526618,8.23356825113297,44723.0581802428,1.66628909111023,21.8739008307457,4.27057924866676,13529.7414121032,3.63879418373108,17.7078267037868,11.3341713249683,12511.9788964689,897.34740331769,10.4475136101246,0,113.282752037048,8.08345586061478,312.1233291924,53.7244163453579,715.131141066551,6.26076146960258,255.004233270884,56.0817646384239,1222.17874926329,144.445199996233,36.7527122497559,46.3556466698647,0,13.41428399086,14.6276155114174,725.657032430172,28.153676211834,7.46995928883553,0,0,0.248569995164871,2715.92486488819,40.7399280965328,220.084356635809,311.853928178549,34.779688924551,1745.20227968693,891.145421117544,23.3079902529716,1104.15061604977,0,31.2623491585255,494.051607459784,0.724457085132599,0,0.89925342798233,0,892.365441560745,0,1.72979694604874,0,2324.96487465501,0,0.314472049474716,0.352392733097076,3545.53431737423,11.8674160540104,0.799225211143494,0,2.09446835517883,0,28.2693127691746,7.48237538337708
0,9.96607798337936,13.1518265604973,21.5124327540398,0,1865.27619251609,38.9448759555817,41.5762802362442,635.605982482433,231.894368320704,0.62265419960022,772.563646316528,0,10.6557836532593,7352.19351148605,29.7165758013725,5.44940394163132,1.47044840455055,1.91001623868942,117.254379540682,39.878926217556,31.0855580568314,162.607117503881,171.191680908203,1.82804948091507,5.46581423282623,62.5323514342308,114.724131941795,10.9404306411743,37.8995569944382,0,214.003988742828,1.63418686389923,256.676705479622,10407.7372851968,198.447101086378,71.6657885313034,25.2035936117172,14.8669373393059,8307.12282282114,4530.19706439972,7.77196896076202,30.6615452766418,26.0523748993874,21.9471145272255,81.1829617619514,75.7860851287842,4.66428202390671,3.28288573026657,0,0,7.78001037240028,50.6264257729053,2.44153141975403,15.0259375572205,21.3755978047848,4.64051896333694,27.6555472016335,25.8508567214012,9.10015189647675,93.7504146099091,0,4.0403006374836,46.6432620286942,10.3970668911934,2.15699428319931,0,4.83685970306396,16.6699200570583,26.9476976394653,1.51626759767532,73.4278710484505,54.8206963539124,0,15.6586335897446,33.0814377367496,86.9499470293522,2.93097341060638,9.04708626866341,0,0,2.11814522743225,2.15244692564011,6967.74194476008
47.3671476840973,0.70761513710022,56.0085819363594,182.336329460144,1865.27619251609,0,2293.36758586764,13385.7840737402,297.074317216873,25370.5288536251,233.932591050863,6383.15995639563,0.588076889514923,1299.73346567154,8290.23411881924,15.6960705816746,37.063961327076,72.6972201168537,59.3648757636547,947.942112892866,119.804668903351,3.19341799616814,288.147426366806,480.571741014719,0,68.6255451142788,54.7313964962959,3668.68220740557,850.603634804487,484.355182409286,0,1370.35567858815,36.559865295887,723.205922037363,2355.45129498839,1584.68629747629,41.3545918166637,451.325232207775,187.244085133076,6789.49401253462,857.584973692894,50.0265552997589,37.4858934879303,0.357130646705627,43.7652922272682,109.278363078833,167.995089620352,40.6424003839493,15.1848894953728,0,0,0.477878928184509,148.19445592165,6.44049388170242,36.3571206927299,75.9968492090702,22.9453462064266,70.7236511707306,71.4329550564289,174.53565761447,133.366183549166,1.59847366809845,7.03512716293335,94.6938457787037,1.38655909895897,0,0,0,54.2697895765305,2.18342244625092,2.52337956428528,0,311.654792785645,0,1.88888025283813,15.5619439035654,412.905996233225,4.272526293993,0,0.878217220306396,6.08120280504227,0,8.37417158484459,285.13125577569
5493.56785270572,6.8809540271759,5193.93089416623,227.408925741911,38.9448759555817,2293.36758586764,0,16333.7561629117,487.284080862999,32916.3623359799,513.51289370656,58.2084155082703,2.97478151321411,21202.809343338,408.568463623524,48.7618609666824,452.635098010302,163.326465845108,159.529734551907,83.7546803057194,1977.73662874103,75.5024082660675,6444.17466494441,1181.23593989015,1.79437434673309,913.470035254955,1033.40301981568,59312.8648088276,14279.2759402394,20711.7880369723,4.06313461065292,684.237662911415,561.759917914867,4290.17841404676,1362.90849334002,6843.61500376463,711.901396393776,3141.2537855804,765.780636787415,1856.19174012542,953.843718022108,380.66566605866,807.190022408962,50.4086263477802,228.340253591537,151.166382282972,1064.88360139728,232.981255114079,40.7388343513012,4.95209270715714,7.43590876460075,212.384158581495,970.194519758224,28.1781896054745,187.361728906631,1721.28896085918,237.720071494579,247.987084358931,808.880472630262,177.080760851502,414.643658310175,4.67885482311249,296.505415350199,210.40874543786,370.122105240822,17.583317309618,0,2.76959782838821,299.060909062624,622.876407384872,43.3132362365723,499.929199010134,3717.84730380774,5.4770475924015,19.8273199498653,1556.83431378007,5087.48587363958,127.049125850201,166.635198175907,0,15.6966803967953,1.41182234883308,230.758416116238,324.861686378717
888.996309250593,2.40550747513771,1285.09477183223,655.091186642647,41.5762802362442,13385.7840737402,16333.7561629117,0,478.266884535551,26544.914670974,716.661813735962,2889.22238177061,0,24304.3494306803,366.740761220455,34.5133619606495,589.979069590569,231.690436840057,332.773311972618,1357.48627841473,2106.39274641871,6.84759590029716,5347.0785048008,1424.74646618962,0.416593611240387,313.294663101435,315.162914380431,4801.95405119658,4940.67922574282,10223.1928498447,3.68479943275452,2112.39879244566,350.436660677195,3064.39416873455,343.452504843473,4192.14823320508,168.94396084547,1630.02176359296,492.115238130093,6448.59027642012,510.427491128445,149.322031795979,115.501157253981,8.50118282437325,84.0118786990643,204.558585762978,296.188034981489,93.0364733934402,52.0803545713425,3.91592100262642,0,27.296693906188,308.580931276083,5.63040763139725,65.142103523016,391.577661305666,69.9521893560886,114.748430401087,193.307731866837,381.253433823586,211.298434436321,3.6238833963871,28.7931940555573,99.2490994632244,10.7029812932014,0.51200395822525,0,0,83.9236730933189,19.0223398506641,4.9031680226326,20.3140587210655,1081.4389501214,0.814303815364838,2.51518017053604,169.971713170409,1382.22545525432,21.5382141768932,5.10215747356415,2.58521124720573,19.6470707654953,0,37.9867658019066,41.1491352021694
3.03406834602356,2237.71317112446,4.78812164068222,7579.67591199279,635.605982482433,297.074317216873,487.284080862999,478.266884535551,0,1655.33882629871,128.378338694572,1979.44851723313,81.5006040930748,212.889342993498,7002.37373459339,227.643075972795,18.2599763870239,38.5126363635063,16.0965026021004,1705.49484243989,95.5556119084358,9943.38740459085,28.936037749052,48307.9479038119,1303.49556735158,110.907594680786,4109.52628490329,9687.45410525799,236.573104590178,31.5220738947392,0,123.253796517849,6.89156666398048,235.228444576263,39.3336752057076,597.894546329975,141.158693939447,186.111546248198,34.7805793881416,3782.87931147218,70.5167463421822,18.6609817147255,673.579401284456,27.7697707414627,131.124145925045,60.7731021940708,450.597513467073,104.582180976868,19.0452761054039,8.11959362030029,22.6827917993069,60.0960999727249,625.309617072344,32.2027247548103,83.5236815810204,740.420958459377,109.826002597809,6412.53961080313,325.501775532961,101.482631713152,151.297407835722,16.7388237714767,116.822855114937,212.917883306742,808.076466828585,8.70140251517296,7.84228691458702,7.32602190971375,134.074603796005,483.66310185194,499.287412881851,450.440258800983,11645.7059878707,18.4559422135353,21.6681441664696,276.960541665554,4969.79424372315,102.461336582899,144.850949436426,9.2967900633812,9.08097994327545,5.61652100086212,137.251042932272,168.567123711109
83.4119770824909,3.07804268598557,119.283621400595,12451.6918583512,231.894368320704,25370.5288536251,32916.3623359799,26544.914670974,1655.33882629871,0,2066.62528282404,7041.65978237987,11.8584626913071,11563.6620717347,1991.55286088586,6.65540415048599,13.1273258030415,675.667271077633,339.247006267309,15563.4706681371,35.7152990698814,2.34658735990524,154.937510967255,3265.50170609355,0,522.480245262384,206.649251610041,22901.8578422368,9225.28266632557,278.303495168686,6.8514566719532,1722.03364527225,54.1131705641747,4452.2550650239,766.708227485418,5737.02671805024,162.338387429714,3081.19237262011,538.465602606535,6948.9758861959,1463.08977848291,199.288492769003,62.676315009594,0.594635605812073,76.6506175398827,165.395705968142,644.921235889196,90.2142539024353,43.4257591962814,0,1.29422354698181,4.34938497841358,1183.56347158551,20.3771030306816,147.418789029121,330.785979688168,31.4820415377617,644.456028938293,646.039556592703,313.235213398933,794.606200546026,1.95500701665878,12.5643756985664,382.565357327461,9.5564229786396,0.287765264511108,0,0,328.029781609774,10.1438722610474,3.00895372033119,6.57242980599403,1575.21855533123,0,0.346420288085938,22.7616881132126,2718.25859242678,7.97980985045433,3.00331714749336,0,6.06216940283775,0,31.2927452325821,55.7181357741356
2.54534500837326,708.037248820066,67.5718400478363,81.0999768972397,0.62265419960022,233.932591050863,513.51289370656,716.661813735962,128.378338694572,2066.62528282404,0,367.117654770613,5042.68972116709,669.255733966827,14.4528495371342,17.7032864689827,29.5320710539818,12059.8929976523,2459.05607420206,189.831065505743,58.4609428346157,396.877314686775,184.767193198204,276.678169429302,3814.62086549401,3047.26131257415,821.312559127808,602.668167322874,2001.95110842586,140.886233657598,1215.76522198319,1164.70054420829,5.97419491410255,9237.71318313479,223.0694629848,2583.85818839073,10276.8462567031,14130.111115098,759.722911000252,320.630834043026,99.7020111680031,15128.4816436768,36.9092570543289,3407.36950448155,1235.46503999829,21.94401922822,30.8071962296963,11.3264266252518,4137.60697209835,3.03028729557991,45.8485964536667,1.64461255073547,5.2708392739296,0,5.28701609373093,31.5618724226952,37.2527027726173,26.5791059434414,18.6547769010067,2879.92257457972,42.3128139674664,2648.52451139688,11.920868396759,6.62577527761459,21.7417452335358,1.73778212070465,53.8763716518879,11.4034005999565,7.0428768992424,5.22242283821106,26.1848739981651,15.1561004519463,127.853415340185,236.948223352432,646.775415092707,343.764665663242,54.4237967133522,8.58128434419632,4.44178155064583,780.63700518012,29.5932566523552,0,183.641034811735,270.529889732599
1.06769824028015,5.2023731470108,7.5150887966156,498.083828806877,772.563646316528,6383.15995639563,58.2084155082703,2889.22238177061,1979.44851723313,7041.65978237987,367.117654770613,0,1.69734871387482,901.964766800404,7559.05959883332,2.60263484716415,2.24326342344284,120.262312561274,39.2547527849674,30507.1464075446,6.62450364232063,18.6257856488228,14.0916142165661,461.512340813875,1.32480669021606,92.3992951214314,31.8379629850388,154.83200982213,410.431042164564,27.5958521068096,0.842294156551361,354.077491462231,1.17335081100464,723.900794267654,266.930771559477,365.958837836981,24.3473933637142,404.260270029306,80.8326017856598,5530.9384188652,106.65717369318,20.7469704449177,6.74598371982574,0,27.3878573775291,44.5732670724392,365.666503876448,17.8692922592163,13.2810491919518,0,0,0,405.446177721024,24.2351076900959,109.008723944426,24.5794952213764,50.5912442803383,192.840934157372,163.184854567051,79.6623403429985,1033.8481220603,0,23.6303343772888,251.891221165657,0,0,0,1.33118915557861,385.704553067684,0,4.20504009723663,0,311.066482901573,0,1.01843154430389,1.73970627784729,482.945233851671,3.47550025582314,0,0,1.11664834618568,0.591742873191833,10.320975124836,45.8867874741554
0,2049.20038095117,0,1.9666730761528,0,0.588076889514923,2.97478151321411,0,81.5006040930748,11.8584626913071,5042.68972116709,1.69734871387482,0,0.506349444389343,2.48901897668839,14.5677675008774,0.483449757099152,1.73190468549728,0.302219599485397,0,0,799.067020386457,0.849551558494568,45.3835874795914,4449.86054110527,176.408478617668,2353.81467291713,4.9954845905304,4.77140581607819,0.791964411735535,3204.84684482217,1.31713289022446,0,30.4194579124451,0,16.3676592707634,1347.48036205769,105.400114774704,9.226606965065,3.89822202920914,1.07027316093445,7977.51504033804,15.9815065860748,1342.28840491176,570.02552190423,3.97963312268257,0.791423559188843,3.27769899368286,1765.15529352427,0,28.3521551787853,0,0,0,3.32233142852783,10.428868830204,25.5569065213203,5.82643535733223,7.55809625983238,2333.16410800815,7.25639349222183,2937.82476171851,7.18872120976448,0.797551155090332,16.6185105144978,0,38.9056079387665,7.09789323806763,0.887612372636795,4.2530035674572,14.5076072216034,4.75828754901886,17.2118345201015,657.925910353661,489.16993060708,283.739906400442,4.56941840052605,2.2356943488121,0.510602951049805,927.714988201857,17.8939171433449,0,114.848900139332,0
10822.3366929591,1.1506056189537,1318.42589852214,594.171680629253,10.6557836532593,1299.73346567154,21202.809343338,24304.3494306803,212.889342993498,11563.6620717347,669.255733966827,901.964766800404,0.506349444389343,0,80.462192684412,23.4648052155972,798.916497677565,259.677795112133,448.308352977037,804.87162321806,3238.41748037934,6.16903272271156,6818.99745965004,927.236846327782,0,471.217448472977,418.432991892099,3465.61655455828,10514.656493336,26459.3648186624,1.87426364421844,375.478734761477,234.864917457104,2335.17029768229,189.681240737438,3000.95832246542,191.271809250116,1152.62345150113,173.917686074972,838.664841502905,211.869652628899,78.4339782297611,98.9496212899685,4.51601949334145,35.9741769731045,63.7551881074905,189.245560586452,48.5701870918274,9.97100603580475,2.6975993514061,0,28.305873721838,129.348685890436,2.81157720088959,21.3080592751503,220.782189548016,20.2088668942451,44.2606028616428,97.9894057810307,147.901024401188,89.2864019572735,6.39982879161835,18.5685011744499,56.3047248125076,10.4670085012913,0.550849914550781,0,0,40.1899856030941,23.5524296164513,0.771297752857208,26.3773230314255,660.485017418861,0,1.71235021948814,167.030839368701,781.490435481071,8.21084398031235,2.67084163427353,2.40151262283325,2.60513293743134,0,21.160437732935,34.7044626176357
4.47101205587387,100.831065118313,14.8741309642792,519.168279081583,7352.19351148605,8290.23411881924,408.568463623524,366.740761220455,7002.37373459339,1991.55286088586,14.4528495371342,7559.05959883332,2.48901897668839,80.462192684412,0,222.323633939028,14.4367648363113,4.32942247390747,10.5417890548706,1082.54375886917,377.010619312525,521.059537291527,850.555989652872,2718.06167396903,78.4981288313866,14.3882659077644,282.483852952719,1446.89680367708,71.5345189571381,427.295029878616,0,453.221935778856,5.16447582840919,84.7972880899906,1708.97113126516,637.173835664988,121.254360556602,135.542209982872,40.8959433436394,9709.97869133949,57.3615974187851,30.4061604738235,27.5790764391422,3.82341837882996,12.4971501529217,22.3876962065697,466.693545371294,10.7100531458855,1.11597889661789,0,0,8.68211764097214,474.427797943354,26.9183008670807,85.9930311739445,68.9678944051266,15.258193641901,239.604889035225,176.671380996704,12.6438308060169,508.662075281143,0,10.3082304596901,325.286221235991,6.94634434580803,1.34892964363098,1.37125134468079,1.41871613264084,136.377824187279,12.5261700749397,0.709688365459442,21.4515826702118,369.304092645645,0,5.18360102176666,18.7762403488159,533.571518748999,6.74242478609085,4.27617466449738,0,0,0,7.55110192298889,886.007425010204
0.40706729888916,880.021822720766,215.572048395872,1.70902490615845,29.7165758013725,15.6960705816746,48.7618609666824,34.5133619606495,227.643075972795,6.65540415048599,17.7032864689827,2.60263484716415,14.5677675008774,23.4648052155972,222.323633939028,0,389.891741335392,22.5591557621956,162.758160352707,0.802752494812012,17776.6649718285,12384.406806618,13328.4290549457,3341.93033364415,201.963734537363,660.698040813208,12733.6499916315,2003.88576877117,37.2150504291058,503.080476552248,0,52.4073916971684,3.54236316680908,1869.05112197995,1045.86535772681,10762.6232043505,1537.69572103024,6415.54919579625,800.61259329319,266.116423517466,175.415472239256,263.437280505896,1434.87169757485,151.119181364775,424.135233879089,334.386626511812,244.313615143299,36.9525383710861,16.0269410014153,6.01707583665848,81.8314651250839,131.470113188028,2.93944987654686,17.6918346881866,7.40472605824471,601.670722335577,28.1009673774242,254.226774662733,4.16295513510704,28.52372148633,12.0507252514362,21.1407603919506,86.8456540107727,77.2939968407154,9380.57447555661,38.9592044353485,3.42157196998596,21.7431634366512,1.46789330244064,3013.40928605199,1056.34736484289,7894.71308150887,2519.92083668709,51.6387169063091,126.621411651373,2325.57130879164,1973.36497145891,31.4189296662807,503.425568670034,3.95053628087044,0.847034156322479,15.2501036822796,181.137053877115,1189.23982098699
78.1079415678978,282.989905655384,38352.1221365631,0.402484118938446,5.44940394163132,37.063961327076,452.635098010302,589.979069590569,18.2599763870239,13.1273258030415,29.5320710539818,2.24326342344284,0.483449757099152,798.916497677565,14.4367648363113,389.891741335392,0,513.245957016945,5929.59337708354,0,2017.58570793271,84.7267049252987,17703.6741104424,171.638378411531,8.63583731651306,27500.1149388552,20310.7214476764,764.153965383768,991.67156714201,1075.88194385171,0,41.8627417385578,76.4167038798332,1008.13090705872,188.52529758215,4265.30173942447,4819.20232057571,1416.85039722919,205.919909417629,48.6613061726093,21.4028443694115,8.42194443941116,83.596566349268,134.1316614151,36.8008812367916,30.584569722414,2.07977244257927,2.54883134365082,0.460104405879974,0,4.75042855739594,363.966911017895,0,0,0,13.7505413293839,0,1.13329124450684,0,0.569184839725494,0,2.73035782575607,1.13911950588226,0.503176510334015,34.8241805434227,54.5665642619133,1.02036753296852,16.1611831784248,0,19.1214710772038,11.2994245290756,139.36186504364,11.1857347488403,0,189.209237992764,1846.00023511052,23.7034456133842,0,7.2987909913063,4.24556183815002,0,0,11.3344366848469,232.132967859507
0,0.684859931468964,84.5451183915138,21.88601526618,1.47044840455055,72.6972201168537,163.326465845108,231.690436840057,38.5126363635063,675.667271077633,12059.8929976523,120.262312561274,1.73190468549728,259.677795112133,4.32942247390747,22.5591557621956,513.245957016945,0,3397.9389090836,64.1323283612728,27.5682375133038,0.61329710483551,168.516238152981,75.4920546114445,6.13417017459869,4326.05801656842,263.882684111595,140.826943635941,897.360637694597,46.3110372722149,0,520.898801207542,2.33856689929962,2501.60991999507,243.487704724073,2678.88703000546,2464.37181845307,7644.55829551816,1202.03249785304,103.70807120204,26.7253619432449,5.14213079214096,19.1740034520626,225.052669376135,11.6410327255726,12.9951117932796,0.514868259429932,0,19.708645761013,0,0,2.04798293113708,0,0,0,0,0,4.82868677377701,0,279.224147558212,0.475629478693008,807.688854068518,0,1.31887495517731,2.98880404233932,1.97376981377602,23.3540110886097,3.73244008421898,0,0,1.38635671138763,3.18452101945877,2.25587517023087,65.531985938549,755.692268431187,598.333911210299,0,1.23747086524963,0,739.62384775281,0,0,2.31220024824142,458.803739756346
25.9771285951138,29.3901882767677,2903.00049981475,8.23356825113297,1.91001623868942,59.3648757636547,159.529734551907,332.773311972618,16.0965026021004,339.247006267309,2459.05607420206,39.2547527849674,0.302219599485397,448.308352977037,10.5417890548706,162.758160352707,5929.59337708354,3397.9389090836,0,18.9744637906551,981.318332195282,5.47647768259048,3072.18939331174,77.9072414040565,5.4978346824646,10883.1750963628,2535.04843056202,303.634681165218,1176.82973924279,469.915073692799,0,306.466726750135,69.3363737761974,3114.27185916901,340.704332232475,7769.95053586364,4220.96494364738,3249.42270001769,548.66762265563,80.6228444874287,18.376276999712,8.70727288722992,42.4898527860641,70.0628204345703,16.6972968876362,18.5840421617031,10.0060258209705,2.19566124677658,1.35621356964111,0.546037912368774,0,42.1525859236717,0,0,0,4.57570883631706,0.981073796749115,4.59983372688293,0,51.1174175441265,0.793497920036316,134.802134037018,0,2.01345443725586,14.5186924934387,10.5648429393768,15.4016869664192,7.6460257768631,0,10.8206950128078,0,32.1525704860687,7.19568514823914,12.9720318615437,658.988272994757,1015.05650639534,11.4142516553402,0.960167676210403,2.02088332176208,174.417814671993,0,0,10.3288650512695,634.909934133291
1.36330604553223,1.53500366210938,4.31482154130936,44723.0581802428,117.254379540682,947.942112892866,83.7546803057194,1357.48627841473,1705.49484243989,15563.4706681371,189.831065505743,30507.1464075446,0,804.87162321806,1082.54375886917,0.802752494812012,0,64.1323283612728,18.9744637906551,0,2.24229204654694,9.84043723344803,6.41278478503227,3251.58076223731,0,49.4461358189583,36.7545386850834,1251.64870357513,568.713437885046,17.5703227519989,0.430165022611618,167.664080530405,0,421.098443984985,13.5446563065052,548.738598197699,15.3533184528351,294.022968232632,40.1609894931316,1746.7273195982,127.69177159667,23.2087164521217,38.6812812387943,0.418541520833969,12.3058422803879,15.7492446899414,394.762488752604,31.7193369269371,4.82842019200325,0.46886357665062,0,0,1016.38931873441,18.1821418702602,113.442068129778,185.417522251606,37.7000363767147,367.509283185005,424.540304422379,42.1431471407413,708.041241049767,1.37299489974976,13.0880924761295,263.579304814339,0,0,0,0,220.283735781908,0,0.93185430765152,0,863.235205978155,1.02697312831879,0,0.936257123947144,1606.23391547799,14.1854357123375,0.561951458454132,0,2.51779651641846,0,12.4056638777256,7.11263465881348
381.662544727325,26.549831867218,11635.6111272573,1.66628909111023,39.878926217556,119.804668903351,1977.73662874103,2106.39274641871,95.5556119084358,35.7152990698814,58.4609428346157,6.62450364232063,0,3238.41748037934,377.010619312525,17776.6649718285,2017.58570793271,27.5682375133038,981.318332195282,2.24229204654694,0,663.732206404209,63061.5026192367,876.103386133909,2.28249883651733,1201.14819544554,6038.52149446309,14728.1224441826,5053.67046836019,34810.3266151547,0,93.2155076563358,772.009401857853,19338.4292214513,2063.67909583449,11772.4740346968,1662.92511203885,13608.1614756286,1570.78587821126,530.26990583539,360.501695677638,225.695246756077,686.105793088675,89.9435806870461,186.160755813122,93.5932344198227,378.824349761009,61.3944556117058,13.729591935873,9.08652368187904,23.1600893735886,305.919156998396,16.9114082455635,4.00228494405746,11.5138203799725,752.236170202494,37.5688017010689,133.281120806932,12.8411180973053,39.58642116189,36.7999575138092,7.17807394266129,133.079351842403,58.1680136024952,1516.36116860807,33.260490655899,0,6.95290479063988,1.2303666472435,2006.24932783842,222.520449489355,1326.01940666139,2491.55762566626,7.39629071950912,65.6742548048496,2164.51269434392,2374.10107702017,55.4385091662407,417.773387938738,0,4.17394107580185,8.79006069898605,117.459631741047,1025.4009450078
0,4550.80612915754,91.2467757165432,21.8739008307457,31.0855580568314,3.19341799616814,75.5024082660675,6.84759590029716,9943.38740459085,2.34658735990524,396.877314686775,18.6257856488228,799.067020386457,6.16903272271156,521.059537291527,12384.406806618,84.7267049252987,0.61329710483551,5.47647768259048,9.84043723344803,663.732206404209,0,1331.58882153034,11031.2025227249,2865.60002571344,266.439417779446,13640.4884608984,1325.01869085431,21.4013093709946,67.5333855450153,6.38672906160355,5.85346871614456,1.21641570329666,112.810069471598,47.8548802137375,215.94475415349,261.957537889481,102.110783904791,13.1071979999542,270.742034673691,2.83474934101105,24.2659855186939,1286.599948138,113.781240344048,502.944307982922,379.383443623781,144.97345918417,14.2332332730293,20.2401714026928,7.26863288879395,351.397992521524,204.309994578362,4.53144359588623,9.32657676935196,6.62839835882187,269.780891776085,13.4141145944595,321.869214713573,1.93322896957397,135.282186537981,13.5706119537354,172.735135853291,51.9943704009056,85.9670222401619,6965.83432540298,50.5847440063953,4.80801275372505,14.9503383636475,0,1623.85809108615,2860.59926658869,4144.99584671855,1951.38248726726,141.402821809053,92.4456744790077,10503.3206119239,957.801186412573,16.6501015424728,320.939925342798,22.40715944767,0.698993563652039,4.59109058976173,157.408625394106,429.491803526878
755.108705103397,104.897087782621,41302.2093343884,4.27057924866676,162.607117503881,288.147426366806,6444.17466494441,5347.0785048008,28.936037749052,154.937510967255,184.767193198204,14.0916142165661,0.849551558494568,6818.99745965004,850.555989652872,13328.4290549457,17703.6741104424,168.516238152981,3072.18939331174,6.41278478503227,63061.5026192367,1331.58882153034,0,939.470507889986,14.9513437151909,5863.57753756642,26655.3115282059,12968.1248299181,6300.28542751074,17448.1181375384,0,310.349586427212,471.477568864822,22586.8530637324,4151.50839552283,36300.7066041231,10856.6293168962,44215.6799056232,6407.62407165766,1228.00238740444,748.814166516066,909.736850976944,1813.72910931706,261.39186373353,782.38065892458,679.125772029161,184.670620143414,72.9591833353043,67.9486694037914,8.55727604031563,128.326077878475,1253.18406173587,11.1398125290871,9.62534636259079,5.57653281092644,577.030168473721,22.6392235159874,96.1312367022038,8.32774567604065,113.269109100103,25.3295235931873,14.1318385601044,74.4448774456978,65.9814498722553,9099.06646493077,153.480229109526,5.05263587832451,24.2307413518429,3.15704679489136,2161.79139885306,632.331183046103,10629.2042902559,1057.63267013431,73.1975117325783,140.577696293592,15905.8246457577,1321.76374411583,31.5294160544872,342.792535811663,5.72494632005692,4.03508573770523,7.38584351539612,210.722932487726,4640.97931808233
7.29199451208115,1449.10577264428,110.382695198059,13529.7414121032,171.191680908203,480.571741014719,1181.23593989015,1424.74646618962,48307.9479038119,3265.50170609355,276.678169429302,461.512340813875,45.3835874795914,927.236846327782,2718.06167396903,3341.93033364415,171.638378411531,75.4920546114445,77.9072414040565,3251.58076223731,876.103386133909,11031.2025227249,939.470507889986,0,616.097015619278,532.865296840668,5751.48545819521,31817.1106908321,1975.95350080729,2725.92243719101,1.00713038444519,283.692116081715,339.002042174339,2190.67837128043,873.903970837593,5710.87804713845,454.464401453733,1938.00458925962,414.533722758293,2498.55646136403,468.977832317352,186.100277483463,2824.90505206585,103.31461596489,592.636823385954,283.220978587866,2088.06419631839,611.319371461868,86.6704492270947,27.8081825971603,20.670844823122,131.153374403715,3412.47827890515,68.6795616745949,430.018025398254,4520.81901896,651.117743700743,6502.58765816689,2037.59009876847,333.68684604764,947.97674369812,10.0758249759674,634.982474893332,548.769311338663,1195.7671765089,34.5566489994526,3.82649916410446,10.0374538004398,824.43149164319,1410.12673389912,455.435966342688,869.351963341236,28191.534131825,15.6378907859325,100.287251383066,778.005112498999,21737.940154165,467.859109967947,329.424841344357,3.21067422628403,40.329081505537,30.4032667279243,737.662071704865,727.024732023478
0,4187.64962863922,3.69016712903976,3.63879418373108,1.82804948091507,0,1.79437434673309,0.416593611240387,1303.49556735158,0,3814.62086549401,1.32480669021606,4449.86054110527,0,78.4981288313866,201.963734537363,8.63583731651306,6.13417017459869,5.4978346824646,0,2.28249883651733,2865.60002571344,14.9513437151909,616.097015619278,0,439.321136802435,2620.10098311305,46.2331208884716,1.09023940563202,1.15155518054962,957.249177664518,0,0,2.73370242118835,0,6.70914739370346,110.671999067068,11.6521925628185,3.78863114118576,24.5647982358932,0,145.244346618652,47.7079129517078,135.264520049095,296.603548556566,29.7328413724899,1.30677795410156,0,491.975978672504,1.80045557022095,274.87589764595,10.8227355778217,0.968277633190155,0,0,4.86370900273323,11.913223862648,4.38147923350334,6.72238525748253,1406.76360684633,6.96059483289719,2571.88729330897,2.09639751911163,0,23.6243263781071,8.84063702821732,29.1541137099266,12.176685333252,0.516621530056,7.60892069339752,11.1710478067398,18.9060259461403,22.3138072490692,2820.05306336284,486.813577383757,3265.10070076585,1.90299832820892,2.63303363323212,4.02023315429688,433.085301280022,12.0676501989365,0,70.3648370504379,0
18.7455730438232,1000.14797049761,44772.8518086672,17.7078267037868,5.46581423282623,68.6255451142788,913.470035254955,313.294663101435,110.907594680786,522.480245262384,3047.26131257415,92.3992951214314,176.408478617668,471.217448472977,14.3882659077644,660.698040813208,27500.1149388552,4326.05801656842,10883.1750963628,49.4461358189583,1201.14819544554,266.439417779446,5863.57753756642,532.865296840668,439.321136802435,0,31015.096334517,2017.79372885823,1484.07939192653,290.568120151758,166.394919008017,557.534074008465,14.6045248806477,8897.53950685263,824.166620224714,18443.2182969153,20315.8528776169,13711.113030225,1429.66331592202,154.14842274785,61.8393161892891,76.6932062804699,1057.29470303655,3641.63314062357,884.59843736887,517.488493531942,15.1658415496349,3.7406684756279,712.866981446743,15.8878543674946,334.535246700048,1274.62925317883,0,0,0.902677476406097,119.573726832867,36.5023618638515,12.271474480629,2.81067097187042,4265.99761402607,9.81416019797325,9167.86080503464,32.4077762961388,2.50276213884354,57.2483627796173,574.987248033285,342.356192946434,458.528738737106,2.12336510419846,69.0803889930248,20.805887311697,496.611831903458,58.1157083809376,1398.86993402243,15168.2600696683,25142.1067571342,38.9366754889488,19.2148812711239,138.741723686457,6513.16132760048,24.230994284153,0,399.110295683146,1514.93836522102
18.9414313137531,12703.7181846797,13795.7697094679,11.3341713249683,62.5323514342308,54.7313964962959,1033.40301981568,315.162914380431,4109.52628490329,206.649251610041,821.312559127808,31.8379629850388,2353.81467291713,418.432991892099,282.483852952719,12733.6499916315,20310.7214476764,263.882684111595,2535.04843056202,36.7545386850834,6038.52149446309,13640.4884608984,26655.3115282059,5751.48545819521,2620.10098311305,31015.096334517,0,6172.19285982847,1096.74422502518,570.266007065773,128.544637829065,407.066004365683,24.4029801785946,15968.4010345936,2195.4804880321,34932.756531924,21850.3407059908,22544.0842660964,3748.58949810266,359.791312664747,160.200017720461,324.927766561508,6972.97121694684,7457.16259089112,3653.99010266364,2921.24179020524,94.5510401427746,46.5957859456539,752.54780381918,55.9744785130024,3208.50970032811,15215.8006099463,1.4015930891037,2.41352412104607,4.03343206644058,894.099743247032,55.4270806610584,56.5732652544975,6.05766001343727,3587.20092210174,11.9188152849674,12107.9967543483,173.028753191233,25.5876489281654,6179.87145474553,3838.35620465875,319.32450529933,1766.10194954276,2.6187909245491,1369.289779827,1424.36491054296,9421.91225942969,682.974686235189,4544.08569481969,24142.105838567,133185.513663188,879.852517604828,51.1956672370434,747.459040462971,6911.32895800471,15.4659492373466,11.8796669542789,1544.3906775564,3721.65672159195
118.535030245781,109.640669643879,3972.06009051204,12511.9788964689,114.724131941795,3668.68220740557,59312.8648088276,4801.95405119658,9687.45410525799,22901.8578422368,602.668167322874,154.83200982213,4.9954845905304,3465.61655455828,1446.89680367708,2003.88576877117,764.153965383768,140.826943635941,303.634681165218,1251.64870357513,14728.1224441826,1325.01869085431,12968.1248299181,31817.1106908321,46.2331208884716,2017.79372885823,6172.19285982847,0,11536.079667002,27121.1286737323,0.574919819831848,741.638087540865,3821.75308465958,11875.745438695,2740.27376610041,15115.2301418483,1054.20626452565,7320.29391279817,1515.00597712398,3830.90332841873,1430.59771710634,793.941914498806,4422.07518303394,167.852163404226,807.194829702377,474.116270065308,4204.50275763869,871.743841975927,124.684867024422,37.9886580109596,16.9849162101746,195.717288210988,4390.54129102826,90.5541400611401,707.184471160173,8145.71958893538,925.845255464315,3938.22802057862,3257.58524170518,524.934138506651,1918.59103944898,9.8864863216877,1059.47620752454,1063.91245761514,1216.82433655858,42.0969450771809,0,18.218142837286,1299.25342684984,1662.53032323718,274.000609993935,1065.90213267505,25951.1623821855,10.1115961074829,155.175017356873,1722.81219899654,25992.520819813,672.097608685493,461.819294780493,0,65.7236989140511,29.8893457651138,1005.88707014918,1074.57588636875
10913.541447401,9.89259818196297,641.879933536053,897.34740331769,10.9404306411743,850.603634804487,14279.2759402394,4940.67922574282,236.573104590178,9225.28266632557,2001.95110842586,410.431042164564,4.77140581607819,10514.656493336,71.5345189571381,37.2150504291058,991.67156714201,897.360637694597,1176.82973924279,568.713437885046,5053.67046836019,21.4013093709946,6300.28542751074,1975.95350080729,1.09023940563202,1484.07939192653,1096.74422502518,11536.079667002,0,41253.1930984855,1.06326031684875,716.223455429077,3744.01165771484,7551.33915808797,202.928977757692,3580.87889626622,260.837021172047,2202.23606145382,191.736146986485,727.201705425978,238.085362881422,94.0107808709145,117.306679159403,11.6885015368462,42.0523509681225,98.3680996596813,187.839614123106,39.739786118269,26.702966272831,1.24337488412857,0,21.4397701919079,80.6331172883511,2.06155875325203,12.3110366165638,263.44761890173,30.6888646781445,52.8419494926929,70.0851501822472,168.601647973061,68.7897814512253,29.2467736899853,11.8383566439152,40.3180015385151,7.33236095309258,2.22009980678558,0,0,30.2574090659618,17.895496815443,4.97342124581337,10.8704291284084,719.067967116833,3.53048104047775,19.2367640435696,128.348674058914,756.918486237526,11.5437193214893,5.58421528339386,12.2674970924854,2.56533080339432,0,23.431600779295,44.1609002649784
8534.61292424798,2.27631038427353,3624.88340955973,10.4475136101246,37.8995569944382,484.355182409286,20711.7880369723,10223.1928498447,31.5220738947392,278.303495168686,140.886233657598,27.5958521068096,0.791964411735535,26459.3648186624,427.295029878616,503.080476552248,1075.88194385171,46.3110372722149,469.915073692799,17.5703227519989,34810.3266151547,67.5333855450153,17448.1181375384,2725.92243719101,1.15155518054962,290.568120151758,570.266007065773,27121.1286737323,41253.1930984855,0,0,244.016992926598,2942.8833322823,8289.66126337647,2261.59942927957,13283.5833610296,454.766026198864,4659.07328432798,874.462150126696,995.089064449072,535.581817984581,361.791504889727,495.24469384551,26.7521588504314,109.185943156481,86.2469167411327,725.936380088329,115.544151067734,29.8363663256168,10.2065318822861,0,85.8551285713911,56.7461949586868,1.75510084629059,40.4051424562931,892.722570687532,66.5532726347446,32.7100323140621,58.7517104446888,75.6358618438244,78.2456735372543,3.03854978084564,82.3609819412231,67.5515450537205,133.012010544538,7.78168666362762,0,0,17.0359759032726,517.292816728354,28.643381357193,164.501079425216,1390.78624945879,0,1.17344644665718,425.297581613064,2199.57100087404,77.9940877556801,99.5001281499863,0.501651704311371,4.04426634311676,3.07097145915031,104.953340739012,587.501957565546
0,16.5044274926186,0,0,0,0,4.06313461065292,3.68479943275452,0,6.8514566719532,1215.76522198319,0.842294156551361,3204.84684482217,1.87426364421844,0,0,0,0,0,0.430165022611618,0,6.38672906160355,0,1.00713038444519,957.249177664518,166.394919008017,128.544637829065,0.574919819831848,1.06326031684875,0,0,1.801648914814,0,35.0888040661812,4.64656150341034,30.0581968128681,1806.41246008873,222.693221509457,7.22264325618744,2.63021528720856,0,167.130841314793,4.54704985022545,1180.28340324759,343.219773203135,0.822666466236115,0,0.657974004745483,814.036704450846,0,16.7529128789902,0,0,0,1.41354161500931,2.16117945313454,11.0185927450657,2.93190014362335,0,1574.59510695934,1.98247268795967,1656.4855748117,7.64404448866844,0,5.2895759344101,0,19.5016504824162,1.87999492883682,1.32917469739914,0.553313970565796,6.03142130374908,5.514464199543,4.3058263361454,217.052965044975,341.71466088295,114.583372473717,0.437946856021881,2.79618117213249,0,531.830272763968,3.74387496709824,0,78.5914359986782,0.992157757282257
