0,0.000336634912712094,0.0211271491974196,0.00250491748414181,0.000159700504830089,0.008480896984046,0.896014557783663,0.2073408035736,0.00522850294335128,0.0438843063413184,0.0338452576053547,0.00381447292562898,0.0002429148924501,1.36888161369722,0.00141467795915541,0.000217248524742901,0.0403201233717111,0.010932462386586,0.0444049060148929,0.00820949727542329,0.0821894977601074,0.000935724499448251,0.0329751368926773,0.0114073849253001,0.000118394958941111,0.0711897372088561,0.0245101306529121,0.066035847527071,0.48482134747862,0.6667029722945,0.00133765588562316,0.00575907803958444,0.00148787281156273,0.0559556505334988,0.00275443442432126,0.0178591112932967,0.00445335806386105,0.127098355801615,0.014288286350487,0.00318891505925423,0.00167749617193535,0.00172194636006977,0.00403177348375713,0.000110154950558901,0.00238280300496349,0.000173639775480544,0.00539207702111417,0.000152087136324712,0,0.00015149128556588,8.80396285024436e-05,0,0.000170736900419039,0,0.000187958411604434,0.000873858393537493,0.0009801284254446,0.00198487992805017,0.000739819725599482,0.00299358997567585,0,0.000135434089250433,0.00110350096676527,0.000110952421344963,0.00160795419767706,0.000137935906222319,0,0,8.63753298402191e-05,0.000757024939300931,0.000719275383355164,0.000764380544528553,0.0159478943686714,3.82639118123769e-05,0.000364885508907899,0.00170893022244978,0.00981585683790002,0.000497760178311041,0.00214451434126492,0,0,9.50825053631666e-05,0.000647279707438662,0.000170738118433658
0.000336634912712094,0,0.00619560195755646,0.000676862296026105,0,0.00138435315380704,0.000623908253631118,0.00239536212805539,0.383820023610694,0.000130397001003298,0.0141453458364074,0.00072454264149366,0.152889843604704,0.00140303621279178,0.0129553407590415,0.12857065674338,0.0017076015752394,0.00190112208422654,0.00328054831659335,0.000496054805904311,0.0307118095469385,0.621301084302952,0.0387266321162458,0.284074890172769,0.303142832296939,0.0588649808831813,2.97511330390302,0.0533442747756568,0.00210147918223656,0.00490952630343475,0.00288788361801869,0.00103176917658038,0.000896326314635699,0.00412956667940892,0.00148291888955303,0.0219668786195826,0.0203682739793347,0.0143231167637772,0.00743097982803179,0.00336518025154595,0.000936833124398271,0.00124972805791042,0.0156316621398655,0.00688738302468849,0.00569064245102229,0.00809823405610269,0.00041187455012742,0.000111056789505577,0,0,0.131918207542249,0.00474083919209604,8.0349156433624e-05,0,4.08709786977917e-05,0.000221576815660882,0.0010806940066899,0.00317522079884503,0,0.0171534597471865,0.000171046883894098,0.00482922326965285,0.000609374492213613,5.36270963503599e-05,0.0113545030820293,0.0259054798733211,0.00496765209568082,0.00944282033780101,0,0.00181361007275601,0.0105142023686661,0.016436650436184,0.00367719054776572,0.0137012022057925,0.20012209419973,0.75802629130979,0.00140191919624411,0.000590592211117759,0.000701881372406155,0.0109662309526656,0,5.3637348596108e-05,0.00348525056344146,0.000539928008806929
0.0211271491974196,0.00619560195755646,0,0.000123288844536996,0.000772506722096699,0.00582392026831928,0.061328312964517,0.0661132483782415,0.00242719079039802,0.00775807083650357,0.106411815015876,0.00249593726162394,0.000365705319925282,0.0653465236113932,0.00272372518466562,0.00219935739979223,0.843501881295854,0.235784059093487,0.324818220714341,0.000877391632262853,0.312821194461262,0.00312590938235332,3.0011482872752,0.00346831461316807,0.00103205340739052,5.4999766131942,0.589386945448056,0.0784509637592437,0.0563440138620184,0.0849366001449195,0.00315424087813358,0.0104336090613267,0.00322001070097083,0.290833720534615,0.108822879419755,0.578539491343014,0.250002359583093,1.59491257419465,0.68865439695383,0.116978781595996,0.0383211752826537,0.00145779209484946,0.0619059762269385,0.012315066307006,0.0319020146776011,0.0449395449484037,0.00230116427492955,0.00126573394318057,0,0.000346377891353989,0.00685191704190504,0.033023399919899,8.9816786556029e-05,0,0.000568994722123021,0.00246485894112135,0.00422851311820268,0.00490691215014526,5.44731258173883e-05,0.00541267085609974,0.000248776882965907,8.93258345040561e-05,0.00270830862169556,0.000106519667614925,0.00993028346286912,0.100164971248071,0.00531963677235265,0.0136352925628477,0,0.00302817966045721,0.014378541532636,0.0953956305263497,0.00743812200671011,0.000185752955772331,0.0981837565514284,0.775548154685287,0.00318561893733795,0.000624254274397597,0.00272372141853452,0.000155385729141805,0,3.71974715159029e-05,0.0207426027854717,0.0254336126831795
0.00250491748414181,0.000676862296026105,0.000123288844536996,0,0.00169280342245232,0.0769607542551327,0.0276946345464378,0.039670249646832,0.100921307378932,0.481863850765747,0.001955161591858,0.983311771247835,0,0.00564638731709397,0.0583752858646386,0,0.00038117980210582,0,0.00051238593594926,3.2872837562199,0.00184387315290957,0.00165678801046106,0.00069996286985859,0.425183991137457,0.000361366654711008,0.000446773590695321,0.000310717671355844,0.786841955221555,0.0022336162304554,0.00156716696807032,0,0.0127544268440295,0,0.0105249335133521,0.00294268294508861,0.134475310279878,0.0015514581662799,0.0145258625254502,0.0045186065241341,0.083234542750541,0.010808608801725,0.00283445947179741,0.0188124599735853,3.26611541625142e-05,0.00506313426676107,0.000357940317317766,0.151081304786874,0.000200635642261112,5.72417751697421e-05,0.000258264377437156,4.61222332699776e-05,0,0.0532634721167618,0.00146109380867334,0.00837682069111866,0.00665384690458266,0.00941794036167936,0.0331634823564487,0.101157975291105,0.0113105726523662,0.0547328498072518,0.000167889984286827,0.00562242781628997,0.0356150936873559,0.000887368250518734,0,0,0,0.0344898838642101,0.000739188447801953,0.0056406016754209,0.000440112044570884,0.207520187077601,4.87797369202494e-05,0.000256142262200409,0.000379709127914739,0.197155145820447,0.00285223129643436,0.00179119141524294,0,0,0.000244932168759847,0.00183903734593713,0
0.000159700504830089,0,0.000772506722096699,0.00169280342245232,0,0.0470725705349081,0.00853833393547235,0.00282536686812704,0.000649274040736848,0.0135833784633269,0.00783106016824789,0.0216584263906561,0.000244098055411297,0.000639053647690123,0.0414451440588568,0.000519616623689878,0.000574239024795818,0.00247538671721928,0.00295705024450821,0.00141364961606465,0.016666191048636,0.000506615969053268,0.0189661123981815,0.00248698177053172,0.000102447458666176,0.00337075168205908,0.0020499881024309,0.012627244357963,0.00112364164053281,0.000916502808992667,0.000833891879118496,0.0260932184046423,0,0.253044278924198,0.167736048002554,0.0504742850627096,0.00388954368992544,0.00659526641676884,0.0029423274641595,0.992710447256164,0.385200584788585,0.00101364739816042,0.000682878737769887,0,4.22399598769307e-05,0,0.00418084295772853,9.83146229775072e-05,0,0,0,0,0.000306010104634217,0,0.000336660760028452,0.000141201410887682,0.000293410981344441,0.000395043264423102,0.000994073138553018,0.00181369281555278,0.000594269429632535,0.000126213295145797,0.00016525304490791,0.000411822021067512,0.000348445288093507,0,0,0,0.000668251483144376,8.59008023043931e-05,0,0.00024394127027801,0.00380119612789892,0,0,0.000230656790836129,0.00382190738049008,0.000218294856589443,0.000333696284313497,0,0,0,4.360543646186e-05,0.00165846063097776
0.008480896984046,0.00138435315380704,0.00582392026831928,0.0769607542551327,0.0470725705349081,0,0.837238373264777,1.12995300171799,0.0665137939826061,2.86539548404759,0.0213827022743154,0.615777019660849,0.00152936135107134,0.0803562075551236,0.122791485680802,0.000164496371384508,0.00849352731491277,0.00319498298141957,0.0101599057134358,0.0981222503115477,0.0587420398129533,0.00350495670738024,0.0205694301123704,0.0929016851893935,0.000155557972350192,0.0142089277961268,0.00670457497918156,0.663360463384948,0.0209309500301848,0.055171433911018,0.00480061841054257,0.0709291747292601,0.00381360007244124,0.0425821228149969,0.49169851681806,0.394066611496512,0.0206997283346299,0.127736924557436,0.0283465241440454,0.519904038611919,0.108224353111227,0.00896561486606727,0.0456348925292249,0,0.017615380490465,0.00234807197817899,0.0829135573579262,0.00174970705285195,0.000695824596693617,0.000736780731799969,5.64635858789026e-05,5.09583939399124e-05,0.00268490660543531,0.000258035036991334,0.00589068846461152,0.0114877444236493,0.0258871441278423,0.015922244517641,0.0203849706358159,0.0242715064623031,0.00456033649207409,0.000400765985304188,0.0130336077506198,0.00515630391877331,0.00346254491528144,6.43566518884808e-05,0,0,0.0050298830505227,0.00166974996760254,0.00242903834172593,0.00167694680250741,0.17986560468272,0.000262668937491387,0.000362450017689118,0.000369065020211989,0.140462278834704,0.0100954299775782,0.011478454619925,0,0,0.000276031474483621,0.00888183223851062,0.0110681437402766
0.896014557783663,0.000623908253631118,0.061328312964517,0.0276946345464378,0.00853833393547235,0.837238373264777,0,2.13889437650086,0.0305865061610202,1.61739503495256,0.0682779976984916,0.0339599681323447,0.00548884328348353,2.98715545474075,0.0460340570694065,0.000731935676385242,0.0489760311474228,0.0188102445992784,0.0485621766734339,0.0297890138691543,0.881946513150384,0.00166500179541197,0.225918323462229,0.167197305503067,0.000511125099025136,0.0815379183639222,0.0345594182464265,8.04980207193334,0.386802451017917,0.656534762635633,0.0157531073561278,0.12692517041782,0.0522540615463357,0.230769218457498,0.162178129381406,0.89158891188379,0.0587884511665277,0.833026021770829,0.20565523469718,0.163403218087089,0.253880715088896,0.00521094470716742,0.0177300085511402,0.000283419744422308,0.00730252767007625,0.00101677120712514,0.0364462772325085,0.00081911104007296,4.68673045191586e-05,0.000260109012006125,0.000245476656166014,0.000432696006887883,0.00350443002440861,0,0.00193207863564801,0.00635221887281254,0.0132412391457772,0.00575148346188128,0.0184764156161329,0.0125068358390268,0.00227276570614795,0.000507988683982742,0.00739861979248947,0.00289625638003103,0.0033630344186503,0.000289126887668577,0,3.5484721278292e-05,0.00298143611020864,0.0014074736218783,0.00152473694311466,0.00413835948708847,0.0642464278124787,0.000169922066074884,0.000311836673092982,0.0114391707753007,0.0678076102516439,0.003306538591501,0.00375979733290303,0,0,0,0.00342223056926442,0.00685570619073254
0.2073408035736,0.00239536212805539,0.0661132483782415,0.039670249646832,0.00282536686812704,1.12995300171799,2.13889437650086,0,0.0525411637425012,1.60785559838489,0.194604337909401,0.25057936234782,0.00729400205096549,1.27201281004969,0.0156197644410556,0.00202581909813081,0.110135041372672,0.0510111814804562,0.138105810419199,0.0859576160906469,0.32218682654375,0.00658248815815115,0.145939895743454,0.0915601161540807,0.00155076879491396,0.220935373523887,0.0849366535694318,0.59813242609231,0.431926563739071,1.31073015920078,0.0306094080838918,0.0532762591306379,0.0139551814508788,0.214284478405499,0.0290150356508935,0.290794026506755,0.0520753791579527,0.458551330502125,0.0772006933934011,0.0573356426519703,0.0428556548263406,0.0114742557586279,0.0285473257887467,0.00145937416880702,0.0137879094931875,0.00077699951473138,0.0550482626883344,0.00111088526632502,0.000316351833358085,0.000787508427793104,0.000608851605263016,0.000287161697051453,0.000582769354061267,0,0.000750405752187959,0.00712056042578955,0.0055102329951256,0.0162054311006882,0.00391208266685807,0.0263789890468018,0.00133751163184273,0.00115482491454046,0.00392544256855487,0.00259094494003993,0.00682279761520781,0.000332124103922531,0,0,0.000686781617778355,0.00334539584580898,0.00500921732278469,0.00317263033581534,0.16173742197677,0.000885574072641239,0.00228167246918293,0.00393478414786378,0.0830411501181438,0.00403449428182351,0.0135866897419281,0.000323595428566504,0,0.000128676872934807,0.0054206787617085,0.00176556754852436
0.00522850294335128,0.383820023610694,0.00242719079039802,0.100921307378932,0.000649274040736848,0.0665137939826061,0.0305865061610202,0.0525411637425012,0,0.0648470392549283,0.0100943990888618,0.146292455535992,0.0418233429906214,0.0118907883329192,0.0700390276070333,0.0142748036460157,0.00294005064113956,0.00110244269140115,0.00285985249859204,0.0853128335622591,0.0168687566412875,1.4495475845532,0.0099716363967502,1.76031686861347,0.120654775859122,0.00563899384879841,0.0719717935740595,0.74555042197055,0.0189887652407998,0.0884325217917251,0.00137310036758413,0.013707752907605,0.0051128706956299,0.0164635263658871,0.0218931111284374,0.0923806917135104,0.00510428304744338,0.0415739460286182,0.0130144813916028,0.0845584310532677,0.0116240987590612,0.00085293542559549,0.0804617810346092,0.000859640063034656,0.0327114862603115,0.00615215574225713,0.17620804654791,0.00317478573099753,0,0.00159374966635825,0.000514850475197661,0.00163315182653141,0.0581102231523064,0.00337248463290724,0.0225631401631861,0.0338413966634079,0.0755920352056919,0.218026476329096,0.133359141084306,0.00594979862438988,0.0996922149894544,0,0.0498135415237991,0.05071238062252,0.081780315635031,0.00131927370863001,0.00284519281339324,0.00296769844464045,0.0487198668538537,0.0396495418589819,0.0385789428122503,0.0429460443736851,0.594786274508283,5.71693618343711e-05,0.0044198024261653,0.0148343286133405,0.366733699053333,0.0348557905376441,0.0351774923370659,0,0.000796739982272285,0.00127829607270119,0.0175497097876149,0.00922875723263959
0.0438843063413184,0.000130397001003298,0.00775807083650357,0.481863850765747,0.0135833784633269,2.86539548404759,1.61739503495256,1.60785559838489,0.0648470392549283,0,0.0623808181051876,1.19347726193777,0.00515242640535151,0.656969153050305,0.0848626002869732,0,0.013149043688758,0.0107729472815149,0.0247183960333966,1.91457653795221,0.0309810013163742,0.00126290672202093,0.0146253775479147,0.246320882540493,8.25645979929387e-05,0.0205381085725316,0.0113199284767173,1.33652096293298,0.0368604672234446,0.0117742104873946,0.00983114707357468,0.161287994844085,0.00277924129216663,0.134937395273299,0.337734718339575,0.757169399668098,0.0539742309575814,0.365471730366964,0.0403617773918316,0.280219609201688,0.121821006324824,0.00756027549473699,0.0277350993060515,0.000903300519383865,0.00755930299101581,0.000947232119735845,0.152210183895249,0.000330628115452165,0.000297838374813825,0.00023936464386414,2.55103447671086e-05,0.000101814604174876,0.0117258371762971,0.000175967124935138,0.00379031739421452,0.00845177368909374,0.00645336408205755,0.00799335667819873,0.0672296726420155,0.0227258789320032,0.0391450902944336,0.000416953862881339,0.0029700448240167,0.0270540223780544,0.00142661206389914,3.09304350957424e-05,0,9.50528545533058e-05,0.0259356431983265,0.000807403082534275,0.00111798803513157,0.000839909591184271,0.141947812009561,0.000290642239831472,0,0.000471947551707321,0.160488011514304,0.00151335020019197,0.00293462541970639,0,0,0.000139249655793777,0.00231023824222902,0.0230171926092431
0.0338452576053547,0.0141453458364074,0.106411815015876,0.001955161591858,0.00783106016824789,0.0213827022743154,0.0682779976984916,0.194604337909401,0.0100943990888618,0.0623808181051876,0,0.0167763356672426,0.279105019300311,0.169104779979389,0.00108185216921608,0.00471512999212017,0.184673709656234,0.947049076053075,0.988772775071097,0.00505113339787861,0.127960594206166,0.0143868351336614,0.141626495877406,0.0208069073840484,0.0803724842132632,1.42731309318439,0.371477050728124,0.0617918989330455,0.170929189649751,0.183515863138851,0.864236475941574,0.190573005974625,0.00637042561584734,1.36842450761629,0.00944367519974209,0.116832609801221,0.37873456259048,0.535339810240415,0.0831348863337659,0.00472862633885337,0.0215245327909991,0.0762951935232032,0.000582878609225321,0.129182552259336,0.000549625126333976,0.000357945082270661,0.000537497681073434,0,0.00966242170561736,0,0.0292961205609247,0.000181179470291865,0,0,0,0,0,0.0011693715410817,0,0.822678567974738,0.000217610090763441,0.319693883833338,0,0,0.000748275178101221,0.00110027845129072,0.00217747659910267,0.000338661317904413,0,3.91436994637162e-05,0.0042182447119662,0.000385123606409147,0.00150347848064294,0.0846517741042323,0.193927071641017,0.0949200228618847,7.81856486264586e-05,0,8.48092669214488e-05,0.0581803404379605,0.000125366722678387,0,0.00699869772443064,0.00123084279355401
0.00381447292562898,0.00072454264149366,0.00249593726162394,0.983311771247835,0.0216584263906561,0.615777019660849,0.0339599681323447,0.25057936234782,0.146292455535992,1.19347726193777,0.0167763356672426,0,0.00171161331935201,0.0274427134421763,0.25914007115455,9.45281169179199e-05,0.00460237186036666,0.00375492087562675,0.00922037830084766,2.58492886149865,0.00238942168394766,0.00212140982445261,0.00402543276866126,0.258558036352973,0.000278531881647175,0.00651805073620123,0.00407213834375466,0.292192525186669,0.00632504739024323,0.00305568123246068,0.00361519763382992,0.0565705265785525,0.000125595694481748,0.0355860224656421,0.450437963783827,0.225877746428569,0.0162691203702354,0.0834350076714893,0.00644719655419366,0.359326887631803,0.0143154450501299,0.00335776767611309,0.0270100205413503,0.000395090687286755,0.0071008043332881,0.00183159163502682,0.244807605142206,0.00112326432501036,0,9.87289497049063e-05,0.00139765218466283,0.000375205724355158,0.0793950624778384,0.000510389941269171,0.0222408204891092,0.00560738834964956,0.0324519238529148,0.0151552565649837,0.106959360824371,0.0109842539249427,0.151798000861125,0.000216256169127011,0.0196970749556112,0.0606274923956648,0.000342012606666851,3.43816957083613e-05,0.000323127758278623,0.000217793966135979,0.0481893295708719,0.00075593757605395,0.0150097751229597,0.000549889604882511,0.107878319579257,0.000305364649046892,0.0016869290774324,0.00489643642237754,0.152643258717138,0.00714530244245166,0.00223816890009094,6.11660040602088e-05,0.000214648479500043,0.000173704111062523,0.00290199250903624,0.0119992691061942
0.0002429148924501,0.152889843604704,0.000365705319925282,0,0.000244098055411297,0.00152936135107134,0.00548884328348353,0.00729400205096549,0.0418233429906214,0.00515242640535151,0.279105019300311,0.00171161331935201,0,0.00434320672251111,0.00172438776700372,0.0261530511659155,0.000133867413588112,0.00247440287276077,0.0031496138373723,0.000296841720029772,0.0117585070682823,0.0936550044973116,0.0107541116244778,0.0614474830714486,0.719731422034349,0.0112272223776552,0.253116364964843,0.0181252459207641,0.00468285125967636,0.00248804205848441,0.173983435632568,0.00655257652129541,5.18399376245975e-05,0.26502487702203,0.000263835327220595,0.017399202239402,0.0743637093434507,0.0545932875177427,0.00414559031929707,0.00105768968092058,0.00337066231864297,0.177665836914126,9.71233996987106e-05,0.151337436134269,0.000262022393412471,0.00040826940868631,0.000166615945977265,0,0.0204057613732015,0,0.0542171975297192,7.81213603702009e-05,0,0,0,0,0,0.000251565695566398,0,1.16665095778193,0,0.533673779137961,0,0,0.000724233494936621,0.000168619951158404,0.00346825201120199,0.000858419963593335,0,2.6522512424466e-05,0.0053493183364593,0.00134447880498503,0.000142555566661892,0.181966427168265,0.23136653552161,0.135065739725386,0,0,0,0.0875956079859564,0,0,0.00821837663188394,5.95944463761031e-05
1.36888161369722,0.00140303621279178,0.0653465236113932,0.00564638731709397,0.000639053647690123,0.0803562075551236,2.98715545474075,1.27201281004969,0.0118907883329192,0.656969153050305,0.169104779979389,0.0274427134421763,0.00434320672251111,0,0.00575715261253659,0.00269151273064918,0.112207756327678,0.0484267571306157,0.134487333185111,0.0174068477072006,0.167856246397778,0.00306766852384277,0.0921744370858579,0.0356668719620563,0.00175423644570506,0.142848095187908,0.0705308573331909,0.231416446736822,1.9463694569908,1.2193441710393,0.0290149023642262,0.019533339791056,0.0346087145759764,0.177212057544953,0.0131977189055772,0.130034414363724,0.043827064302121,0.303734778536798,0.0421214927985719,0.019580602925418,0.0191043690656892,0.00617064826539675,0.0065370504391336,0.000635782072878286,0.00218204581032325,0.000113514596047404,0.0105034678289823,0.00013342240733912,5.45808242142916e-05,0.000133516000180223,0.000411611441533977,0.000161414799380714,0,8.70948800714376e-05,0.000349215566516394,0.000956144658999666,0.0012477824925227,0.00475279003021852,0.000370840726113176,0.0115464423066512,0.000267392428072846,0.000974478640972645,0.000820224165948165,0.000623141509692371,0.00414747674745968,0.000232481147578898,0,0,0.000135673467730844,0.00232605884979079,0.00175351220524576,0.00160708162595282,0.0377512178208531,0.000237731231462187,0.00223371941298215,0.00426365118106267,0.0201892642140287,0.00107148714378315,0.004834791596595,0.00032125131584323,0,0.000304366751339945,0.00158535587927147,0.000653771518617946
0.00141467795915541,0.0129553407590415,0.00272372518466562,0.0583752858646386,0.0414451440588568,0.122791485680802,0.0460340570694065,0.0156197644410556,0.0700390276070333,0.0848626002869732,0.00108185216921608,0.25914007115455,0.00172438776700372,0.00575715261253659,0,0.00488297810808854,0.00153893468194704,0.000513499522627541,0.000930714414261408,0.041795531230895,0.0901434043222326,0.0272419685995494,0.083477576614873,0.214514715032353,0.0057347752355067,0.00168576231407908,0.0119222904353301,0.179134089383282,0.00660068233745234,0.014350908310439,8.66437364236293e-05,0.00507051412268466,0.00133189168499269,0.0080223706980603,0.056740935703516,0.144957712152478,0.0122198813414559,0.0359803013798117,0.0101278405121561,0.872820326689797,0.00473505163497666,0.00463724533508171,0.0280943223671208,0.000289536013548279,0.00816998125205532,0.00165517102008442,0.167958678087016,0.0012632344152791,8.53962553162453e-05,0.000245349977664009,0,0.000180664813035134,0.0183251050201713,0.000484645670442921,0.0100135151243775,0.00576660244818775,0.0228071292698051,0.0106030303266179,0.0591208839113693,0.0115423394729791,0.0351423994378891,0.000130063700892561,0.0161593248635121,0.0321771947847745,0.0028916301512795,0.000277030308741685,5.37104195099234e-05,0,0.0226757343412049,0.00208263406503685,0.00248695567911427,0.00248835030585275,0.0861033795864976,3.16720490764349e-05,0.000604139226262772,0.00326511184443956,0.115527795981048,0.00749492007086113,0.00526978510037059,0,0,0.000143426031146118,0.00282217067820771,0.0314357141978546
0.000217248524742901,0.12857065674338,0.00219935739979223,0,0.000519616623689878,0.000164496371384508,0.000731935676385242,0.00202581909813081,0.0142748036460157,0,0.00471512999212017,9.45281169179199e-05,0.0261530511659155,0.00269151273064918,0.00488297810808854,0,0.000592985966031936,9.75195035325496e-05,0.000761439365522656,3.94382871343613e-05,1.0221600005943,0.586209640837919,0.925052560260915,0.239328572602816,0.0823832684901468,0.00234682891081782,0.997832953695333,0.368676799652716,0.00810688413936987,0.0160238552351357,0.000429857106238377,0.000805913739591521,0.00358004087232833,0.0180268397274973,0.0326189230301297,0.140318285427939,0.0685057208650015,0.0163706642912106,0.0242123750931291,0.0134820199147115,0.00640229475164506,0.0129121698847893,0.0585000214614599,0.00641092368778725,0.0120033298224651,0.0147054735217023,0.0154831007797471,0.00150482087971163,0.000269401051248061,0.000809550544431063,0.00325797799010655,0.0128544879530116,6.5224934407869e-05,5.36963662615001e-05,0.000605125494296395,0.00307695191493182,0.00539663097850749,0.0173673183230342,0.000542718928647435,0.0225284638499171,0.000149794389444933,0.00112660195905677,0.0047343249734331,0.000660757629521283,0.418197283301096,0.00846399177058323,0.00111106980674849,0.00256701329166839,7.20676483754158e-05,0.118155490800876,0.0859177230357105,0.375054882996215,0.0772953763202262,0.000828601680459267,0.0154167690312207,0.418343281040586,0.0488852788683505,0.00657390515784863,0.0428060162072837,0.000153011522241387,0,0.00063087639072364,0.00691122679915875,0.0057571546649784
0.0403201233717111,0.0017076015752394,0.843501881295854,0.00038117980210582,0.000574239024795818,0.00849352731491277,0.0489760311474228,0.110135041372672,0.00294005064113956,0.013149043688758,0.184673709656234,0.00460237186036666,0.000133867413588112,0.112207756327678,0.00153893468194704,0.000592985966031936,0,0.305887178690783,0.949207998194617,0.00164823666608449,1.16692553017952,0.0021626786555451,1.06422552290489,0.00465110870274754,0.000381845181821847,0.760655182234919,0.26423101312597,0.0741100785177977,0.121432598502653,0.423781394590581,0.00224317378443009,0.0325461068233467,0.00928766229270474,0.710389037824509,0.0244998632156075,0.34529357373139,0.620965636927094,0.617983715987287,0.163922520938756,0.0217311231074651,0.00587509214111586,0.000895449371509299,0.00665124445818215,0.00250079493058883,0.00391378727208995,0.00672700882825121,0.00201123842197845,0.00023091362254442,0,0,0.0226291147519656,0.00245444903595959,0,0,0,0.000128895415643671,0.000507105052984661,0.00178611029663912,0,0.00733466787017026,5.72460344846666e-05,0.000756644380721152,0.000204710603574184,0.000275154618536181,0.00327916346635258,0.0368015275383871,0.00407840410736199,0.00966210219970896,0,0.0014425527941051,0.00269270191892196,0.00637675831795133,0.00743867770034894,0.00115027682553659,0.228760510592904,0.18082391601786,0.00272625634856641,0.000222357535632401,0.00292160574760227,0.00334534897839984,0,0,0.00225162642727847,0.00482219286685596
0.010932462386586,0.00190112208422654,0.235784059093487,0,0.00247538671721928,0.00319498298141957,0.0188102445992784,0.0510111814804562,0.00110244269140115,0.0107729472815149,0.947049076053075,0.00375492087562675,0.00247440287276077,0.0484267571306157,0.000513499522627541,9.75195035325496e-05,0.305887178690783,0,0.655573814129468,0.000533028919941905,0.0676602212119148,0.000249352986444786,0.114762778424837,0.0033704075393765,0.00502046584720184,1.70461259163311,0.148797316313956,0.0157019821066392,0.0555114876363336,0.0590285400720231,0.00661496522272996,0.0504272629931182,0.00199810193753982,0.182877988856856,0.0102919843019346,0.136696061715389,0.131629015008823,0.213565709276594,0.0704976402724238,0.0049337266024908,0.00327623596697099,0.000348241187202146,0.00127922255589456,0.0094812005164567,0.000306497918243614,0.00106506156868718,0,0,0.000424521579501372,0,0.00691610010553832,0.000371027710038361,0,0,0,0,0,0.000664723948413852,0,0.130883678525128,0,0.0202145675386547,0,0,0.00024621355501036,0.00622419655570311,0.00260015986575512,0.00344237268023939,0,0,0.000771014778730097,0.000613090664778742,0.000215644890183007,0.00805092578296583,0.185491050770371,0.11321487259072,0,0,0,0.0379024546708867,0,0,0.000203791675060433,0.00156592887240073
0.0444049060148929,0.00328054831659335,0.324818220714341,0.00051238593594926,0.00295705024450821,0.0101599057134358,0.0485621766734339,0.138105810419199,0.00285985249859204,0.0247183960333966,0.988772775071097,0.00922037830084766,0.0031496138373723,0.134487333185111,0.000930714414261408,0.000761439365522656,0.949207998194617,0.655573814129468,0,0.00210167480933297,0.259530879033428,0.00161793117212126,0.325347203616385,0.00558853439997574,0.00564686707785826,0.962526744583521,0.18762838236236,0.0472631559997974,0.174026239465961,0.241159198855397,0.00814045963643281,0.094705845171189,0.012438620170601,0.64458376585492,0.0276728728371899,0.413430271215343,0.192721025527824,0.594733574169118,0.165358037949876,0.0142437499025075,0.00488122533025394,0.0011547603722198,0.00171736068447981,0.0112944212131037,0.00152084262906177,0.00238443996928538,0.000553188695865092,0,0.000190390749435675,5.87119910485745e-05,0.0186205626073186,0.000388066638590661,0,0,0,0,0.000119249337661723,0.00107976214829091,0,0.0999582537922991,0,0.0203716167469765,8.17191414162218e-05,2.7209029302159e-05,0.00127532934527823,0.00924003640170672,0.00724906713909312,0.0118750083457713,0,0.000384542972115153,0.00224553326057702,0.00101935508191625,0.00356615549072957,0.0147757083345583,0.522016922368913,0.285301050102383,0.000598064120551095,3.62389986256957e-05,0.000629586326430321,0.0506823728745966,0,0,0.000603284603441072,0.00608392797837337
0.00820949727542329,0.000496054805904311,0.000877391632262853,3.2872837562199,0.00141364961606465,0.0981222503115477,0.0297890138691543,0.0859576160906469,0.0853128335622591,1.91457653795221,0.00505113339787861,2.58492886149865,0.000296841720029772,0.0174068477072006,0.041795531230895,3.94382871343613e-05,0.00164823666608449,0.000533028919941905,0.00210167480933297,0,0.00250784426865593,0.00153095510202794,0.00105107074538118,0.231546875035072,0.000228122177139324,0.00163262167881882,0.000478836241367778,0.720973308895241,0.00425270043008445,0.00207782719898845,0.000673531696076393,0.0177409776022276,0.000160693047258037,0.0171326208347073,0.00331769962062263,0.202316861961026,0.00623449635757408,0.0411950606696456,0.00423778358438815,0.0761521576751941,0.0181743718179372,0.00485941667638122,0.0251248847146736,9.60527822846175e-05,0.00972276710159539,0.000418363900369191,0.18760309758319,0.000296399999182174,0.000270758442607116,0.000178741331323514,4.16148842397303e-05,0,0.0442837726352812,0.000799395717435074,0.0110581728534147,0.00916154850611525,0.0190745471085846,0.00941755912559455,0.104576007119877,0.0166587253239271,0.0614742316937157,4.21130273105264e-05,0.00946645019502893,0.0409691025931304,0.000967595832155783,0,0,0,0.036524240990754,0.00137983558989346,0.000941312972202738,0.000558267565251726,0.151076523045802,0,0.000108929064925432,8.93676156435549e-05,0.239920925891205,0.00446002844993207,0.00399432789095649,0,5.51827775003552e-05,0.000124018622105688,0.00257353966556924,0
0.0821894977601074,0.0307118095469385,0.312821194461262,0.00184387315290957,0.016666191048636,0.0587420398129533,0.881946513150384,0.32218682654375,0.0168687566412875,0.0309810013163742,0.127960594206166,0.00238942168394766,0.0117585070682823,0.167856246397778,0.0901434043222326,1.0221600005943,1.16692553017952,0.0676602212119148,0.259530879033428,0.00250784426865593,0,0.175585337293921,3.82641164309619,0.161343104058733,0.0266202533525947,0.412447064087327,0.291572523346285,1.09874142150891,0.188561249472992,2.71296030600612,0.00518435714180267,0.0316399052858132,0.0627625918625325,0.703193918840706,0.557188926379432,1.4591849862708,0.320603731515068,2.25606669179228,0.976802891651088,0.225822098354539,0.1141008487265,0.0529522985841309,0.0475650140669541,0.00545318004958418,0.0116172741060834,0.00993788786688656,0.0562854874401051,0.00166571677497483,0.000540818394929031,0.00252380768531822,0.00352187542112774,0.00869321767570577,0.000128228165316236,0.000351594391410887,0.00149535254468506,0.00399444381406561,0.0167984633736931,0.0432458218327537,0.00121026625985583,0.108117814867021,0.000924645535618335,0.00168380074512506,0.0144886963412177,0.00185497785695027,0.331462024498066,0.00754004500546816,0.000409531189634034,0.00165649567948007,0.000112198375575125,0.146812565273772,0.0779791811152579,0.284090555878263,0.196717334500877,0.00236488433359475,0.0167200654218806,0.228241953072779,0.124326736797606,0.0213768389337712,0.143393156017424,0.000450996046355325,0.000170013245304197,0.00173931540545533,0.00908905646806954,0.0284434072548662
0.000935724499448251,0.621301084302952,0.00312590938235332,0.00165678801046106,0.000506615969053268,0.00350495670738024,0.00166500179541197,0.00658248815815115,1.4495475845532,0.00126290672202093,0.0143868351336614,0.00212140982445261,0.0936550044973116,0.00306766852384277,0.0272419685995494,0.586209640837919,0.0021626786555451,0.000249352986444786,0.00161793117212126,0.00153095510202794,0.175585337293921,0,0.108261582970972,1.0304849529262,0.294007162093074,0.00527039518371742,0.652076160861916,0.279137978917872,0.00775445466816938,0.0234723280496357,0.000814263117715847,0.00191310390076991,0.00405780042613554,0.0080283180293059,0.00805640534927211,0.0404621798786777,0.00783943575734938,0.0257869219221047,0.0132697260592265,0.00920210748127688,0.00352442860145229,0.00221295651806566,0.0712816569611675,0.00871728449381014,0.0163202966767048,0.0240909828966197,0.0162584574418405,0.00201542090982133,0.00026204934914704,0.00092206152881337,0.0102117290646405,0.0159746995850288,6.61943370488882e-05,0,0.0007503411824682,0.00424211893804734,0.00583781076358678,0.0518913054557706,0.000564432629687271,0.00749375629151908,0.000878541126709525,0.00136245837459388,0.00691215156119036,0.00257195224629599,0.256650091127702,0.0149401078775169,0.00211869994119207,0.00458278142532585,0.000409562887904051,0.077025660595275,0.134231228484588,0.201618299426882,0.104249124391906,0.00170522315136812,0.0307184864714316,0.672594316247752,0.0495242441888088,0.00859737042404746,0.0521199962788514,0.000218112592782259,3.39255878414631e-05,0.000769009251653391,0.0100007485477404,0.00589266411421307
0.0329751368926773,0.0387266321162458,3.0011482872752,0.00069996286985859,0.0189661123981815,0.0205694301123704,0.225918323462229,0.145939895743454,0.0099716363967502,0.0146253775479147,0.141626495877406,0.00402543276866126,0.0107541116244778,0.0921744370858579,0.083477576614873,0.925052560260915,1.06422552290489,0.114762778424837,0.325347203616385,0.00105107074538118,3.82641164309619,0.108261582970972,0,0.0401790284063341,0.0322948072776741,1.38375463124721,2.36824876561045,0.293467218788096,0.0754109601982121,0.588958890281114,0.00523680046742994,0.0143855388360725,0.0126873523830676,0.653464317701019,0.999329494167932,2.6729720332131,1.68575680452321,3.36678322306502,2.44237966896879,0.645755086204446,0.169492812339213,0.0327797451894282,0.180361910783223,0.0177462962710445,0.0517750461447317,0.0776421471919164,0.0230486798563592,0.00355286622391734,0.000252556586575753,0.000736824089633238,0.00739072073853073,0.0771960040757268,6.77133058932274e-05,0,0.000464915245918259,0.0133020070159793,0.010328511882846,0.0196407387257394,0.000311192278598147,0.0595985074585257,0.000404035659614688,0.0010912401775485,0.00797723545765473,0.000851777930611069,0.572616216766643,0.0486617874134154,0.00384696649443042,0.0127702389852688,0.000125787866800493,0.155291918857692,0.105958872178647,0.798496179640574,0.0764698650542082,0.00255038542935036,0.0588018665003438,1.74630881917828,0.0612176252259684,0.00761350429034371,0.0498299949983064,0.000436773120275864,0,0.000911504597580234,0.0394500297679542,0.101042535905662
0.0114073849253001,0.284074890172769,0.00346831461316807,0.425183991137457,0.00248698177053172,0.0929016851893935,0.167197305503067,0.0915601161540807,1.76031686861347,0.246320882540493,0.0208069073840484,0.258558036352973,0.0614474830714486,0.0356668719620563,0.214514715032353,0.239328572602816,0.00465110870274754,0.0033704075393765,0.00558853439997574,0.231546875035072,0.161343104058733,1.0304849529262,0.0401790284063341,0,0.135660946388623,0.00737253143377884,0.125779835137372,2.92299109519901,0.0532249916275034,0.110754834191535,0.00365631843504759,0.0243972995797679,0.0149786431774332,0.0671210008920189,0.0534587692831461,0.351991421299497,0.0310799784321987,0.108053898491299,0.0485701454830152,0.120756944048706,0.0397975136726256,0.0172594340854956,0.236464567949677,0.00377694517039437,0.0999941248359319,0.0165823874009865,0.33417388379677,0.0126549348965904,0.000677520838420806,0.00774992462271949,0.00145093903398473,0.00370163688079311,0.0714536833131363,0.00190383564145755,0.03780149510052,0.06498432153814,0.21465101537659,0.219175357197792,0.277545027576654,0.0602251795093773,0.0649607365058427,0.00110153095390623,0.167914421797344,0.0534235881264807,0.172140954371469,0.00413514452131188,0.00059650381393454,0.000992534918103378,0.0708210239358228,0.0883463075436951,0.100269849759301,0.107005240204456,1.23454896322763,0.00057478006240598,0.00745859848760621,0.0844604714653609,0.930998955764916,0.106969903219135,0.175782950125289,7.46611053796917e-05,0.00262579800740576,0.0029750936465519,0.0477339182539043,0.0133163542617471
0.000118394958941111,0.303142832296939,0.00103205340739052,0.000361366654711008,0.000102447458666176,0.000155557972350192,0.000511125099025136,0.00155076879491396,0.120654775859122,8.25645979929387e-05,0.0803724842132632,0.000278531881647175,0.719731422034349,0.00175423644570506,0.0057347752355067,0.0823832684901468,0.000381845181821847,0.00502046584720184,0.00564686707785826,0.000228122177139324,0.0266202533525947,0.294007162093074,0.0322948072776741,0.135660946388623,0,0.0413558077952582,1.20312876634173,0.0370613013049463,0.00179597877063999,0.00283569968716115,0.145439858344836,0.00195154956327902,0.000325174697852368,0.0168440362001727,0.000913440872181597,0.0579045049367983,0.021962240626653,0.0140609878277119,0.00453152519069466,0.00210492409622086,0.000729550445082569,0.050016635595309,0.00168432620260957,0.0418901070895025,0.000566670309353981,0.00118533469122545,0.00018481434474014,0,0.0199055163130543,0,0.0754780725745493,0.000407735487370148,0,0,0,8.56260989092111e-05,7.33285749693274e-05,0.000774931121660885,0,0.315207436183031,0,0.274284824931416,0,0,0.00441182675933611,0.000585409872759217,0.0025937151511411,0.00334976136712472,0,0.000513297553884471,0.00624600290680586,0.0055175044726564,0.000701050591784722,0.30188411540572,0.17934399001938,0.270486423061067,0.000425925975265071,3.71799834164381e-05,7.753210781326e-05,0.03945216336466,0.000123678370095563,0,0.00847036830128687,0
0.0711897372088561,0.0588649808831813,5.4999766131942,0.000446773590695321,0.00337075168205908,0.0142089277961268,0.0815379183639222,0.220935373523887,0.00563899384879841,0.0205381085725316,1.42731309318439,0.00651805073620123,0.0112272223776552,0.142848095187908,0.00168576231407908,0.00234682891081782,0.760655182234919,1.70461259163311,0.962526744583521,0.00163262167881882,0.412447064087327,0.00527039518371742,1.38375463124721,0.00737253143377884,0.0413558077952582,0,2.25071573720638,0.0924848106344583,0.132513609882399,0.21972529474114,0.0262138854913936,0.0717695464224875,0.00877526303581034,0.336189666027265,0.0276238481323724,0.46185915860371,0.342055219488651,0.743907044005878,0.205314865722781,0.0205642648760331,0.00945849507005369,0.00317144150871254,0.0269057856200773,0.0378187452238403,0.0151250249502078,0.0228500494846195,0.00232199243699749,4.0069303395009e-05,0.000424579481276071,4.26005021673917e-05,0.110736804553804,0.00917872853755129,0,0,0.00027972154068634,0,0.00124793878696298,0.00573979632766,0,0.268753111737869,0.00013916661907937,0.0570826171123305,0.000672181276543346,0.000266392129208246,0.00654697067751035,0.161963457112013,0.0248162297971549,0.0532528796252306,0,0.00161137531180516,0.0153658165654502,0.0113375226181787,0.0103377094101315,0.0528429677512301,1.56887020806598,1.55311159904368,0.00211247894024468,0.000170677693450761,0.00194387038711264,0.133358676652094,0,0.000105118362968081,0.00777996800940191,0.00559181436140357
