0,0,33.1038572490215,3.76787075400352,7.22543805837631,140.393651992083,4453.20319339633,2436.13150674105,2.75257194042206,73.6062403023243,67.0843611657619,35.9985767900944,16.9955937862396,22518.8250287771,4.21005606651306,0.557174682617188,530.283690363169,17.4576612114906,204.120505750179,19.2787211239338,305.500844955444,0,421.082096666098,38.5078927874565,4.51194208860397,152.788868576288,162.857747346163,172.412750869989,3917.93755859137,6024.7164798677,8.26878306269646,2.73985970020294,44.5076864957809,326.966517850757,15.7105203270912,163.973830372095,23.6514357030392,395.501711547375,33.4032115936279,16.860253483057,15.358540147543,14.7675647139549,22.9601029455662,2.13654851913452,2.11561423540115,1.13013553619385,5.75413060188293,0,4.08268314599991,0.873227655887604,0,1.92562317848206,0,0,0,4.88871219754219,1.74026167392731,1.91987317800522,0,6.0314267873764,2.90580213069916,0.866908669471741,2.54908293485641,0,1.63218319416046,0,0,0,0,18.5650945603848,2.27502131462097,2.49815252423286,28.4540392756462,0,0.886393070220947,0.773975253105164,48.606656908989,1.25845050811768,2.34999990463257,0,0.604548871517181,0,3.5773269534111,4.7919690310955
0,0,55.1203992962837,0,1.05713748931885,0,0,0,2241.41278421879,0.30846643447876,355.466576695442,1.18211472034454,1255.92874777317,1.57903259992599,76.0078134536743,401.811960101128,49.522222340107,1.6395121216774,6.29222404956818,0,111.373029232025,6237.42700594664,112.478352218866,3460.16187629104,2109.88568598032,154.676849603653,13948.9409604967,47.7084042429924,2.84670385718346,4.55087152123451,245.614430606365,0,0,14.1527740061283,2.82174956798553,115.81206792593,51.6580243110657,33.4363072812557,12.5987978875637,37.7120431065559,0,538.85245603323,63.7708922326565,105.306040644646,28.0841681957245,28.9948710203171,1.37070858478546,0,84.8737763166428,0,596.670743405819,229.329492270947,0,0,0,2.61486691236496,0,16.4285145401955,0.493330240249634,61.1851940155029,0,93.0107082128525,0,0,31.1830831170082,60.3468174934387,0,20.2902902662754,0,9.60085201263428,167.996878355742,40.4034838676453,72.4051811993122,68.0837295651436,223.4377592206,6373.73782238364,11.7629244923592,0.705061376094818,0.480131357908249,18.9195103645325,0,0,9.18432033061981,4.19356417655945
33.1038572490215,55.1203992962837,0,0.388261526823044,0.705718040466309,26.1024076640606,342.282104820013,120.32243219018,5.1904524564743,11.9472410976887,32.8909832537174,13.7308501601219,50.1391005814075,195.973291009665,6.77535843849182,85.5067147016525,19596.0264137387,19.6974962949753,1622.62995783985,1.50871816277504,3869.38429932296,58.9277437031269,57741.4829471856,91.9762988090515,13.0766088366508,16613.0248748213,41771.6809951365,525.925004899502,102.639667540789,418.238423556089,4.35270339250565,1.51359167695045,22.2522366940975,710.496425718069,515.767825990915,9576.80600249767,10027.5037297904,3287.20802274346,622.355647712946,19.3379510939121,56.1400187313557,8.37300854921341,922.638464182615,254.491394788027,385.116985142231,429.407001793385,15.4376558065414,1.64535057544708,3.57710707187653,0,799.675689011812,11325.1626065671,0.777109980583191,2.16754680871964,1.20487481355667,109.653655737638,8.78109511733055,58.3368735313416,0,3.36068522930145,0,1.60310959815979,13.8184480667114,8.30542567372322,212.210181176662,988.828837513924,4.12756195664406,174.905125409365,0,137.283150881529,512.427183270454,1475.66620212793,179.480233192444,8.38077622652054,1067.55543375015,19167.9685481489,143.255078703165,5.60558378696442,41.917501270771,1.3469985127449,0,1.18028968572617,164.539805173874,557.830679267645
3.76787075400352,0,0.388261526823044,0,28.833828240633,223.969411790371,574.09129396081,236.795064300299,5375.82404121757,13518.8755057752,78.0938784182072,2872.69281160831,51.1659184396267,234.728721290827,400.969316214323,0,10.671757042408,31.4215934276581,32.1078388988972,21404.1851561964,1.89779004454613,0,4.45081779360771,6788.77507281303,17.764439791441,51.4828724116087,7.32895660400391,10473.3283917904,437.528842389584,7.66131883859634,0,23.5772430300713,43.275439530611,68.5430421233177,173.384906828403,1414.28373920918,7.72190180420876,142.571376055479,62.7734041213989,421.306647717953,58.6544677615166,37.7727293372154,237.527718007565,2.58009326457977,70.014474093914,30.1150856018066,1219.97838613391,28.1486413478851,6.46842956542969,1.20126712322235,0,0.944078266620636,2535.54908689857,52.8521172702312,341.964265972376,374.262665450573,194.349157303572,1123.05343055725,1546.11696100235,18.4121316969395,2081.79842022061,0,102.050459384918,409.808061212301,1.83644181489944,0,4.31168687343597,2.99618250131607,1171.37474057078,8.08496809005737,0.945731639862061,2.51049244403839,2480.59074383974,0,8.93230605125427,1.14646327495575,3656.49326115847,60.858983695507,10.5936930477619,2.40333831310272,0.753930866718292,2.20656138658524,64.5962845981121,18.7745128273964
7.22543805837631,1.05713748931885,0.705718040466309,28.833828240633,0,1341.7629262507,115.249044656754,38.1185512542725,147.896270871162,96.3671816587448,7.62315928936005,887.21780410409,25.7173178792,16.2376629114151,2318.13301312923,3.69191014766693,12.6518765687943,0,2.73832988739014,83.1497394442558,190.740812152624,9.37136816978455,117.089563250542,186.030283242464,20.5063920021057,3.33435988426208,18.0047672390938,265.495638608932,22.6037674844265,62.9450391530991,1.1418764591217,1351.38144803047,3.0119768679142,1563.98985415697,1212.73712918162,125.540600597858,6.22207754850388,21.3209212720394,5.06281891465187,10404.2492656112,4628.98148649931,4.86255019903183,16.6261190772057,6.18894392251968,1.34053182601929,23.5165349245071,102.523204982281,0.677459001541138,3.18291366100311,0.879238426685333,0,2.50082266330719,26.6048309504986,4.68042778968811,14.5796847343445,5.82549184560776,1.59448114037514,12.9542155265808,19.208856523037,4.0757497549057,78.7325326800346,0,0.750488698482513,27.600833773613,1.08504474163055,0,0,0,20.4320903420448,7.05198574066162,0,4.71273094415665,34.3557650446892,0,1.6593112051487,6.16552636027336,33.8133434653282,1.86554509401321,0,0,0,0,0,1433.4685138166
140.393651992083,0,26.1024076640606,223.969411790371,1341.7629262507,0,12967.4209958613,13641.5474321693,207.364823132753,21090.1744529903,524.08170440793,9390.40230873227,313.665217936039,4678.33081838489,4894.44470125437,1.3189754486084,233.86057549715,139.026450932026,183.045514941216,1020.20925080776,261.590311259031,0,322.058978408575,383.449859559536,79.5899303853512,333.377104640007,127.504380404949,1609.89316469431,1545.76242879033,941.143995761871,80.583652973175,199.825339466333,113.205270797014,705.579508438706,2113.6937686801,3409.62969648838,81.1453415751457,761.216517150402,564.706504374743,6448.06926351786,2504.79039904475,481.750452101231,473.796731054783,23.996374219656,244.556746482849,168.643745332956,531.746254742146,78.9721836745739,102.648792922497,2.33702349662781,0,2.02312994003296,280.872905403376,12.9656987190247,89.5460984408855,533.768504470587,186.026658475399,241.325248003006,191.028474748135,358.371980965137,374.90491527319,10.2318659424782,98.8391780853271,94.4246163666248,6.52643072605133,0,1.30114233493805,0,110.48954090476,24.9677087068558,5.77245056629181,15.9690028131008,1606.29062122107,1.57478886842728,2.10586097836494,6.38858172297478,1431.06810232997,90.1805435717106,32.1488890051842,4.6151704788208,15.3170579075813,5.79135638475418,137.016082078218,177.069169700146
4453.20319339633,0,342.282104820013,574.09129396081,115.249044656754,12967.4209958613,0,15243.8815380633,323.209349662066,36082.932015568,1717.91137115657,677.16793525219,438.081215977669,39058.1701782644,476.355525255203,3.90565586090088,1135.85970064998,653.723672896624,1006.69758149981,665.625745415688,3850.10415139794,0,2220.15431757271,1327.0266482234,39.4138106405735,1523.03816395998,785.497684776783,66439.5064422041,8537.99924921989,20397.4582181871,204.538798570633,184.814140617847,1593.07476466894,1527.17357636988,2050.71726202965,9684.94213736057,221.93087849021,2557.58723367751,560.702218323946,1115.96102926135,825.013594955206,394.984505653381,224.667581140995,20.9261455237865,103.582466453314,97.2457980513573,175.798840850592,38.6419580280781,37.0287159979343,0.595478534698486,0,10.4360656142235,148.770380675793,1.16215953230858,45.5391004085541,267.112738400698,81.8811180591583,123.777455747128,126.024995148182,116.191572904587,167.009919673204,7.06716158986092,78.7363784015179,35.7430246472359,10.5802128911018,0.746080935001373,1.15835666656494,0,63.2312926054001,41.4561243355274,6.21088272333145,12.7089886963367,906.109065204859,4.70020592212677,0.319331258535385,29.9919836819172,889.443203479052,69.3403571844101,16.7923150956631,0.470380544662476,2.56657326221466,4.91297370195389,55.3294253647327,258.352211326361
2436.13150674105,0,120.32243219018,236.795064300299,38.1185512542725,13641.5474321693,15243.8815380633,0,93.9006272852421,6280.60188281536,682.111374497414,4071.60799315572,443.354996919632,23303.3601501286,197.342752486467,2.63089948892593,1330.00238287449,126.857520520687,632.821978479624,1170.57994133234,1068.10362526774,0,1398.11774933338,262.607419461012,86.8800344765186,698.86773981154,545.487647339702,1389.76433116198,4520.71317617595,8472.94883307815,90.9958026409149,112.709284514189,123.001704096794,1376.89166457951,416.806145936251,3092.6960927248,161.882456332445,1610.12558342516,830.884931385517,1993.52831026912,1057.83499702811,745.778296291828,321.047716885805,47.5847911536694,238.272191107273,215.782362401485,240.667378246784,74.7411064207554,121.834660917521,0.451106518507004,0,1.19414946436882,39.3020508885384,1.37696945667267,60.107819378376,282.236743927002,150.04574328661,87.3557569086552,30.7946906089783,599.903709620237,125.977484434843,14.7320417165756,71.4193462133408,19.216696947813,11.7479281425476,0,0,0,31.0736135542393,46.8953284919262,1.7628085911274,11.5316334366798,992.070157825947,0,9.30033501982689,6.78403785824776,859.047825664282,52.0316746234894,34.9896549880505,10.7867421507835,30.0166615247726,2.56122899055481,149.273470968008,48.1204454004765
2.75257194042206,2241.41278421879,5.1904524564743,5375.82404121757,147.896270871162,207.364823132753,323.209349662066,93.9006272852421,0,1103.7797203958,317.376099705696,4391.78244030476,1126.69244608283,48.1976545155048,3407.04342409968,196.849367618561,6.69006177783012,5.14679905772209,15.1687406897545,2731.03622174263,187.512360155582,13136.7454108,23.2830435037613,29515.9015771747,1866.52724307775,118.234715014696,5025.03529760242,5110.61082646251,105.935102581978,3.18636670708656,321.807121038437,4.30808711051941,25.1805812120438,67.2802862524986,62.4830186367035,742.205958396196,27.2466850280762,67.0321581065655,28.6421002447605,1350.64314764738,36.3542909026146,178.746511220932,501.89164763689,24.7419349849224,121.684941232204,58.8060139119625,666.054734945297,39.85119587183,25.3891686201096,5.08393093943596,6.34958839416504,21.170700699091,2602.25218138099,163.400348842144,339.439267724752,514.917775332928,233.79294937849,6010.83959805965,1009.98733025789,37.7741334438324,1738.32484489679,33.9157709181309,157.234097599983,883.826597183943,346.848240882158,4.31057077646255,9.29654109477997,14.7427786290646,650.112674474716,600.780255079269,915.846614480019,177.150731503963,8923.68105721474,11.0563821196556,46.8497767448425,139.041012048721,5765.01627278328,180.989460021257,144.918833047152,5.05858165025711,8.52282285690308,26.6940714716911,77.9308094382286,147.470882594585
73.6062403023243,0.30846643447876,11.9472410976887,13518.8755057752,96.3671816587448,21090.1744529903,36082.932015568,6280.60188281536,1103.7797203958,0,1409.29176977277,7107.46104818583,456.153128415346,4800.79097796977,448.821665376425,0,113.165291771293,483.771336913109,487.104219734669,7924.33837938309,32.5704851448536,0,38.7865003943443,618.493431925774,79.9813394844532,796.990140676498,102.505538314581,13463.0546458364,3178.60411882401,73.6631994247437,100.316626310349,327.445014595985,169.466827601194,1078.8755004555,1441.55604448915,9111.0178822577,130.93783390522,1619.34612122178,504.913502842188,2103.2937053442,843.437950640917,466.306930541992,232.300223201513,21.8429872393608,84.3444895446301,58.8984256982803,715.801652193069,26.0201627612114,35.3229898810387,0.944205641746521,0.957386553287506,0,1077.4469152391,19.4763203263283,125.670646429062,474.552122443914,119.85106703639,497.866003870964,543.642260789871,129.091611117125,944.223512619734,6.00881311297417,42.1046463549137,192.297524690628,0.745039284229279,0,0,0,366.520864158869,12.8903259336948,7.4082818031311,2.70515331625938,2023.87049019337,2.73382472991943,0.859139740467072,0,2637.9346909821,30.8594601154327,10.6862654983997,0,2.19764244556427,2.74437189102173,56.3074283599854,77.965078920126
67.0843611657619,355.466576695442,32.8909832537174,78.0938784182072,7.62315928936005,524.08170440793,1717.91137115657,682.111374497414,317.376099705696,1409.29176977277,0,1499.84703662992,11294.6019819081,1472.14490038157,25.9622637331486,25.7149766385555,666.901301339269,19813.7945404649,2456.60621485114,506.702002942562,209.067138627172,280.127705156803,296.480985015631,269.403969541192,2517.31679752469,13893.8499957025,752.973636388779,524.286253243685,3579.62438552082,533.192401811481,2862.77655255795,889.888740330935,41.3554844856262,10003.3927249312,158.517230212688,1503.89824381471,2730.73113211989,3737.78140050173,540.735897392035,104.00985839963,78.101905465126,1668.02331125736,25.4391686618328,2024.70708560944,55.4521120786667,33.0109834074974,15.9333682358265,0.797072768211365,681.872338175774,0,424.794963896275,3.2265487909317,0,0,1.48394894599915,6.79951184988022,0,187.353845089674,0,3169.76233407855,3.63976192474365,4546.01208484173,1.37298369407654,4.44739091396332,29.1082093119621,0.611880421638489,9.6256787776947,5.4242616891861,1.49902725219727,6.85834404826164,226.231064260006,6.38603013753891,239.395586907864,1056.57425531745,1017.06812876463,2034.28928166628,50.3212942183018,12.4352201223373,7.51637226343155,1742.57658034563,18.5280148386955,0,20.8377969264984,125.977052658796
35.9985767900944,1.18211472034454,13.7308501601219,2872.69281160831,887.21780410409,9390.40230873227,677.16793525219,4071.60799315572,4391.78244030476,7107.46104818583,1499.84703662992,0,735.685789316893,1671.06334879994,7268.27263981104,0.528115689754486,79.712186217308,461.630309402943,361.598596006632,8190.66510745883,129.584464520216,2.07327234745026,98.8170559704304,1606.05936324596,264.305996328592,802.219879239798,106.289165884256,636.286338806152,1678.91775965691,112.5320789814,186.507901996374,371.47113314271,10.72803196311,1429.7392385006,8705.26831656694,6287.91665068269,185.935231983662,1609.565038234,753.45936602354,5704.12947618961,640.434990555048,699.514724224806,575.498885005713,50.7744326293468,208.343320786953,160.006141901016,3311.50996959209,89.4016022384167,114.660080134869,7.18355065584183,0,3.70782434940338,1501.55284449458,202.012354463339,490.970498651266,478.456960052252,271.134929478168,701.331506252289,805.248193979263,231.143887132406,2843.37623476982,9.40548494458199,155.671585291624,944.822496056557,9.73552858829498,0,2.13830816745758,2.35956132411957,846.989604353905,40.9797555208206,5.57263553142548,20.9288651645184,1653.77398121357,5.3100557923317,7.81524473428726,11.5339156091213,2401.31509029865,124.341304123402,31.2412039935589,3.27984815835953,11.5601378083229,9.21854841709137,132.149762511253,1016.71554434299
16.9955937862396,1255.92874777317,50.1391005814075,51.1659184396267,25.7173178792,313.665217936039,438.081215977669,443.354996919632,1126.69244608283,456.153128415346,11294.6019819081,735.685789316893,0,356.984501749277,118.495119273663,183.97933536768,42.4619124233723,13.9074657261372,20.4389005899429,296.924923241138,565.76197373867,1153.56122922897,577.420080989599,1281.96422937512,8646.09543824196,146.593735352159,3410.75323271751,1053.50747093558,721.628677219152,170.535734832287,447.900089561939,308.597652435303,27.1620873212814,1874.4400164634,44.496368765831,1304.82821655273,1923.43457737565,1550.55473735929,247.067455291748,3136.81171756983,382.013889580965,3346.29062667489,320.297142446041,2716.5348213315,551.918448328972,88.6966740787029,1206.37791672349,84.4384722709656,801.716531574726,3.98685842752457,446.102192670107,2.69493454694748,30.2041592001915,8.57003811001778,135.520857781172,51.1355964541435,200.908309549093,195.059481292963,58.7107487618923,5279.62673729658,193.179557591677,7706.01887789369,117.064131438732,49.9816249012947,101.294604033232,2.57821577787399,27.79777520895,16.1660421192646,32.4631189107895,322.332896530628,257.995246767998,115.707213163376,282.528700172901,1710.89220526814,2157.56601372361,4638.43918049335,360.821879118681,88.6540471017361,55.7817359864712,3106.94875693321,86.9958918094635,4.4136169552803,216.973829418421,38.5967177152634
22518.8250287771,1.57903259992599,195.973291009665,234.728721290827,16.2376629114151,4678.33081838489,39058.1701782644,23303.3601501286,48.1976545155048,4800.79097796977,1472.14490038157,1671.06334879994,356.984501749277,0,97.5274930596352,5.42005908489227,2228.34999807179,251.463341444731,1171.64638492465,718.816383808851,1673.3917247653,1.1579567193985,2228.61871877313,254.736344784498,54.7016785740852,1236.50304348767,864.173264950514,1583.34799844027,27991.4195744246,20427.3652205169,186.696732312441,371.787030637264,208.332011640072,2306.19479602575,276.301232099533,1795.82350039482,194.259787321091,2234.92816254497,448.976119756699,616.808319091797,399.072495281696,442.524496644735,189.123836398125,28.6193593144417,109.338410824537,91.2187391519547,99.7762965261936,30.277512460947,71.2726695239544,2.94297885894775,0.366832166910172,4.80292540788651,4.9497908949852,2.99013990163803,17.9241611659527,112.070851713419,45.4844385385513,71.2810418307781,2.15856122970581,264.577580451965,49.992175668478,23.9910873472691,29.4151014685631,5.83648887276649,21.8954089283943,0,0,0,5.96706482768059,98.7276116907597,10.1255175471306,6.46096113324165,543.235396057367,5.47022187709808,5.9590135216713,4.96128728985786,535.212095677853,26.7732221484184,36.8654472231865,13.4199085235596,14.4331280589104,0,56.0143842995167,33.0287102758884
4.21005606651306,76.0078134536743,6.77535843849182,400.969316214323,2318.13301312923,4894.44470125437,476.355525255203,197.342752486467,3407.04342409968,448.821665376425,25.9622637331486,7268.27263981104,118.495119273663,97.5274930596352,0,2.39491730928421,20.6677701175213,6.9807126224041,9.9206248819828,834.69039440155,208.071145921946,224.254754066467,90.5908007621765,3942.56568178535,102.148989707232,16.0350076556206,153.653539687395,1461.38838139176,82.00711992383,115.506376922131,6.25269216299057,601.652961522341,13.3014144897461,54.4341917037964,1842.79419901967,642.208093047142,22.8047115206718,54.1207647025585,41.3317213058472,8580.59353628755,80.8629489839077,23.287490516901,105.122930973768,13.1628755927086,11.8326637148857,42.2470198869705,839.11392647028,13.0658548772335,20.3518486022949,0,0,0,275.62301838398,66.3451249599457,97.1393676102161,46.5953804254532,42.1030294001102,133.626699030399,138.423388600349,13.1495367884636,642.254267603159,1.37564080953598,12.7129908800125,193.677048385143,14.3912260234356,0,0,0,158.949396520853,34.610335201025,25.9854779243469,11.3907415270805,244.300489455462,0,9.9053947031498,11.140305429697,336.491193592548,14.5320475995541,13.2169204354286,0,5.05006659030914,0,18.028955757618,814.850831717253
0.557174682617188,401.811960101128,85.5067147016525,0,3.69191014766693,1.3189754486084,3.90565586090088,2.63089948892593,196.849367618561,0,25.7149766385555,0.528115689754486,183.97933536768,5.42005908489227,2.39491730928421,0,17.5122275054455,0.516942024230957,11.9964279830456,0,7748.7760258317,13041.1338047683,11477.0479817986,3465.76963168383,232.939294338226,25.0984261780977,8627.59725520015,1384.8705753088,12.5762988626957,2.97245818376541,32.3532915711403,0,2.27333056926727,8.91414281725883,181.261193722486,2568.67353069782,978.625760823488,310.225395321846,115.142239809036,3.46035349369049,10.5516351461411,18.9221498966217,308.689048349857,35.5663204491138,74.7339477241039,84.1843133568764,182.132103890181,10.6750326454639,13.8761419653893,4.97819748520851,28.5862610638142,386.764991492033,2.78236079216003,32.9813289046288,8.91677781939507,48.0925405621529,26.0110509097576,537.040242284536,3.97922301292419,11.9890547394753,22.7566469311714,4.14574036002159,57.4332113564014,180.600439935923,6828.24497163296,34.3124848902225,0.697722196578979,11.2701484560966,2.2341533601284,1646.01564586163,2662.15742364526,9207.57480239868,1170.92799445987,8.37731119990349,26.0411016047001,8910.21905112267,1022.56984645128,65.3231071829796,143.146485984325,2.8127389550209,1.72647053003311,5.7027587890625,30.9413832426071,96.8512948453426
530.283690363169,49.522222340107,19596.0264137387,10.671757042408,12.6518765687943,233.86057549715,1135.85970064998,1330.00238287449,6.69006177783012,113.165291771293,666.901301339269,79.712186217308,42.4619124233723,2228.34999807179,20.6677701175213,17.5122275054455,0,166.365806490183,10942.5926510394,42.9104781299829,4470.68565052748,30.0223899781704,27187.0306341797,22.6244208067656,6.48736506700516,23739.1891896427,21955.1212024987,500.993192359805,1641.01944851875,4792.72413492203,15.9961208403111,8.33892270922661,208.348952203989,6038.91134667397,526.759825974703,6534.93415232003,2924.88402806222,4857.4985254705,1101.71102684736,31.825467467308,84.75206553936,23.3628212511539,58.4348930716515,19.1004751324654,28.924114048481,46.9778853058815,1.98874121904373,1.26687109470367,1.78329110145569,0,54.0994267761707,554.392181813717,0,3.33610588312149,0,2.79389584064484,0,8.3837149143219,0,0,0,0.437124907970428,0,1.41533386707306,19.066895365715,48.8642235398293,2.48458003997803,9.54708880186081,0,18.0337443947792,36.3363909125328,52.0193137228489,10.6268754303455,0.886042535305023,157.50425195694,1558.05838119984,29.0302925407887,1.06306943297386,5.36439076066017,0,0,0,11.2034762501717,445.590139806271
17.4576612114906,1.6395121216774,19.6974962949753,31.4215934276581,0,139.026450932026,653.723672896624,126.857520520687,5.14679905772209,483.771336913109,19813.7945404649,461.630309402943,13.9074657261372,251.463341444731,6.9807126224041,0.516942024230957,166.365806490183,0,2785.94919964671,202.542940229177,63.420565366745,0.490314304828644,73.7278832942247,29.6579901874065,6.09694635868073,8189.90269491076,854.50318607688,224.292646050453,525.443911626935,173.693310976028,488.958366423845,68.239910274744,20.703591555357,1669.50662451982,172.517893850803,1902.39624074101,1894.31300681829,2479.66888260841,559.356931000948,32.922882348299,25.9133797287941,12.8620749115944,7.85119253396988,39.5027254223824,2.51893663406372,13.7319057583809,0.562469005584717,0.959274530410767,4.06471139192581,0,0,0.391259431838989,0,0,0,0,0,8.13066244125366,0,14.4560803174973,0.454676896333694,21.581896007061,0,0,0.58152037858963,0.515471994876862,0,0.626380920410156,0,0.543338119983673,0,1.69457191228867,1.93158864974976,15.0148651599884,177.496811419725,299.10878932476,0,1.63128852844238,0,44.1233820021152,0,0,0,191.307089924812
204.120505750179,6.29222404956818,1622.62995783985,32.1078388988972,2.73832988739014,183.045514941216,1006.69758149981,632.821978479624,15.1687406897545,487.104219734669,2456.60621485114,361.598596006632,20.4389005899429,1171.64638492465,9.9206248819828,11.9964279830456,10942.5926510394,2785.94919964671,0,169.514812976122,1992.67278014123,4.74919444322586,3410.53067845106,49.6328637748957,8.2585461139679,15713.8288658112,4661.30275440216,477.957133606076,1439.12534561753,1738.57330553234,108.19419491291,70.7693443596363,175.805966511369,5138.35944460332,354.683999359608,5855.21856245399,2208.36038224399,4382.54087480903,1584.96348814666,20.4366063475609,45.4608561992645,18.1980913579464,13.6527778208256,11.6850467026234,5.08462011814117,20.535916686058,4.66680657863617,0.659838736057281,0,0,2.60717064142227,64.8209047615528,0,1.88846361637115,0,0,0,8.98750066757202,0,0.945044100284576,0,7.90711784362793,0,0.870615243911743,4.73313453793526,3.60245513916016,0,0.590698540210724,0,3.51576921343803,3.8354260623455,8.6286535859108,4.64266645908356,1.15534508228302,119.948266476393,399.512237042189,4.7236869931221,0,0,8.30134266614914,0,0,0.503859326243401,347.2977232337
19.2787211239338,0,1.50871816277504,21404.1851561964,83.1497394442558,1020.20925080776,665.625745415688,1170.57994133234,2731.03622174263,7924.33837938309,506.702002942562,8190.66510745883,296.924923241138,718.816383808851,834.69039440155,0,42.9104781299829,202.542940229177,169.514812976122,0,9.36304888129234,0,15.1041041910648,1935.52321177721,97.8062319755554,345.75831322372,55.7367454469204,1577.79315596819,1047.1349299252,36.3494742512703,62.69530159235,131.196336299181,42.1371570825577,301.365753024817,512.853658497334,4487.12037944794,36.9259774982929,492.115644991398,189.788705050945,1288.09592801332,322.409209668636,167.196960985661,491.551097929478,8.32554343342781,154.736562848091,100.297127485275,1732.56824535131,74.0835677087307,39.5829131305218,1.27290636301041,0,2.44545531272888,2618.68799436092,115.903024822474,475.401329398155,649.021857380867,384.127322405577,900.414378851652,1493.63461723924,69.1508418321609,2640.48858502507,4.40086781978607,163.333247303963,593.259618520737,4.1521792113781,0.580840110778809,0,1.43489611148834,866.039439231157,22.5913805961609,4.02145272493362,9.54839178919792,2877.39492088556,0.531585812568665,1.51015609502792,1.25200945138931,4448.96244356036,113.455977678299,22.0362868905067,0,5.03043806552887,2.5265851020813,140.950590521097,65.1511653959751
305.500844955444,111.373029232025,3869.38429932296,1.89779004454613,190.740812152624,261.590311259031,3850.10415139794,1068.10362526774,187.512360155582,32.5704851448536,209.067138627172,129.584464520216,565.76197373867,1673.3917247653,208.071145921946,7748.7760258317,4470.68565052748,63.420565366745,1992.67278014123,9.36304888129234,0,1796.77523174882,65479.4879574627,264.505976766348,251.397491872311,1880.47971919179,6623.39947082102,6247.1179818958,1139.46631458402,27915.0341791064,22.4935614168644,6.31015947461128,324.207004278898,9750.8823031038,4719.29977849126,34163.9047737122,2281.03126053512,18492.7441837043,3599.49726733565,212.365059703588,530.745215862989,125.215070009232,502.542565077543,28.6774468719959,79.8876411020756,112.510930746794,333.811493605375,28.0025179088116,36.0746568739414,8.45993921160698,8.1210580766201,166.609002441168,6.74190264940262,30.993032336235,10.8698809444904,87.182529091835,51.361963480711,478.200209587812,10.1206440329552,26.8366158902645,37.5489106178284,3.43366357684135,82.0595591068268,181.038460582495,1894.23290663958,15.3324152827263,0.434859097003937,2.81836262345314,5.60617569088936,2550.7466661036,1204.25769484043,2336.7109387219,1274.5740993619,1.1623623073101,36.6439864933491,1684.98944377899,1901.62122443318,138.933514237404,306.301322728395,5.4288834631443,0.730887413024902,9.42999875545502,39.0219958722591,1300.57839164138
0,6237.42700594664,58.9277437031269,0,9.37136816978455,0,0,0,13136.7454108,0,280.127705156803,2.07327234745026,1153.56122922897,1.1579567193985,224.254754066467,13041.1338047683,30.0223899781704,0.490314304828644,4.74919444322586,0,1796.77523174882,0,2393.24815154076,19011.2655015588,2166.22455176711,78.9105661511421,13970.4235801101,835.114187806845,0.580070972442627,5.06840771436691,274.499898970127,0,0,12.3553161919117,10.6887938976288,134.987345099449,56.627424120903,52.1162895262241,12.4456310272217,91.5758586227894,0.586269378662109,232.908235967159,85.4662936627865,48.3330143690109,31.3065156638622,35.6482000052929,94.9367671608925,1.82492393255234,32.5617998838425,0.407642334699631,109.398350030184,296.73281443119,0,16.3514372706413,5.00323218107224,4.45678967237473,9.02770018577576,432.981869012117,0,19.7852668166161,11.4974945783615,40.8172792494297,11.7290326952934,138.846271395683,2042.08765655756,32.5363539159298,0,4.61728405952454,0,492.113733321428,1453.05866414309,1527.76789748669,696.837256580591,22.4597994089127,34.1322046220303,4977.68700027466,267.780373513699,13.3582733273506,27.0281873941422,7.65253525972366,0,0,16.1863716989756,13.1307604014874
421.082096666098,112.478352218866,57741.4829471856,4.45081779360771,117.089563250542,322.058978408575,2220.15431757271,1398.11774933338,23.2830435037613,38.7865003943443,296.480985015631,98.8170559704304,577.420080989599,2228.61871877313,90.5908007621765,11477.0479817986,27187.0306341797,73.7278832942247,3410.53067845106,15.1041041910648,65479.4879574627,2393.24815154076,0,1509.78842437267,202.835962176323,4603.78517852724,53271.719398424,4334.6898214221,987.183760851622,8036.63015383482,17.0147075504065,12.0824497640133,229.495803713799,7577.47534689307,5712.46531948447,50105.4028885663,21703.7232309431,23077.3196036518,6721.54569911957,216.775414794683,597.908208042383,170.025407344103,541.898850411177,114.940676778555,265.091030538082,454.675978332758,239.238973498344,6.29233273863792,9.18102285265923,4.04975149035454,63.3999364078045,2427.47683230042,5.25631922483444,47.213883459568,13.1357614099979,79.3523563742638,17.7986580431461,502.033987134695,2.38641428947449,18.8703636527061,31.9310340285301,2.9588887989521,34.628839969635,172.232357114553,8822.73145973682,124.702605873346,0.931647747755051,30.1326686441898,7.22292047739029,1649.32481780648,1777.04013523459,16090.9413778782,988.037765532732,9.8038292825222,131.392638862133,19156.0458707213,763.719923168421,46.0332011282444,105.697018295527,4.0580532848835,0,3.64258390665054,61.0685270428658,3820.59064266086
38.5078927874565,3460.16187629104,91.9762988090515,6788.77507281303,186.030283242464,383.449859559536,1327.0266482234,262.607419461012,29515.9015771747,618.493431925774,269.403969541192,1606.05936324596,1281.96422937512,254.736344784498,3942.56568178535,3465.76963168383,22.6244208067656,29.6579901874065,49.6328637748957,1935.52321177721,264.505976766348,19011.2655015588,1509.78842437267,0,2076.60602197051,151.93153193593,7549.03648942709,18999.2691040337,719.484630644321,118.315735310316,264.071496129036,17.6198590397835,211.573202729225,160.640276178718,493.068344980478,5279.63072371483,215.126933574677,431.359577149153,139.342469871044,1697.59585887194,134.755015611649,210.036147654057,4782.34437847137,62.1315734982491,1111.44331872463,581.338392466307,2243.26509797573,456.086121380329,122.542378515005,55.3798317015171,14.8420076370239,95.5577590763569,1917.04938787222,74.5284705758095,499.108283549547,3578.8405931592,1332.96888422966,5071.06174167991,1219.70505279303,162.72301030159,1390.38567242026,20.0624655485153,1073.88140916824,577.999348551035,1502.77338686585,18.3177891671658,6.091891258955,12.5823540985584,492.498992323875,2414.23680517077,1431.77060392499,1262.56258407235,22261.7029644549,9.45406097173691,40.5706303715706,1183.24616751075,16744.6133513749,1423.87649169564,890.303297132254,1.97059351205826,40.2923882007599,80.4062195420265,777.833755031228,552.979557514191
4.51194208860397,2109.88568598032,13.0766088366508,17.764439791441,20.5063920021057,79.5899303853512,39.4138106405735,86.8800344765186,1866.52724307775,79.9813394844532,2517.31679752469,264.305996328592,8646.09543824196,54.7016785740852,102.148989707232,232.939294338226,6.48736506700516,6.09694635868073,8.2585461139679,97.8062319755554,251.397491872311,2166.22455176711,202.835962176323,2076.60602197051,0,264.772500604391,7471.40994858742,552.418157547712,99.979994058609,21.7122971713543,714.666150271893,37.8033872246742,20.3839227855206,222.861488640308,9.49142962694168,313.08611792326,82.4628590047359,333.630252361298,25.913912653923,1946.76322376728,42.0007218122482,865.040397942066,142.721606612206,432.447308510542,133.563317209482,34.3877206742764,370.874416738749,17.6964572072029,331.251321732998,0,198.147961199284,4.03611075878143,4.09986180067062,0.938538193702698,25.787470459938,24.9665544629097,43.4153616726398,76.3042205572128,20.2230404913425,480.992882966995,40.2330579161644,1446.80045562983,38.7706033885479,11.1977015435696,72.9957402944565,4.30722445249557,2.68717080354691,18.3928133249283,11.5697275102139,180.245373278856,116.007793456316,78.3602989315987,151.16975581646,805.889614403248,560.547751039267,3893.45049726963,195.950733006001,34.6511772274971,25.7383906245232,232.114112466574,17.2197306156158,0,70.9046966433525,13.7533652186394
152.788868576288,154.676849603653,16613.0248748213,51.4828724116087,3.33435988426208,333.377104640007,1523.03816395998,698.86773981154,118.234715014696,796.990140676498,13893.8499957025,802.219879239798,146.593735352159,1236.50304348767,16.0350076556206,25.0984261780977,23739.1891896427,8189.90269491076,15713.8288658112,345.75831322372,1880.47971919179,78.9105661511421,4603.78517852724,151.93153193593,264.772500604391,0,35316.6927249581,691.199260145426,1690.29836127162,1682.22739702463,520.479033470154,179.505933463573,141.233927890658,3801.5272885859,983.815930813551,20745.2012402266,26711.8163931817,10363.0518254191,3727.21223561466,100.305705115199,87.0736172497272,75.2243158519268,483.505906566978,1065.65522962809,449.950182169676,408.852269470692,0.993694514036179,1.29948335886002,43.7027177214622,0,260.772043436766,2192.6977096796,0,5.15265318751335,0.671015679836273,8.48015186190605,0.593502938747406,60.4153226912022,0,375.983373373747,0,1255.49292159081,0,12.913692265749,35.2937921285629,413.799935311079,71.9246633648872,317.356432199478,0.55042576789856,22.7818433940411,152.355904072523,117.467841222882,82.5513090491295,464.428022146225,13024.8075512648,28200.9884112626,10.3027010858059,3.07083874940872,6.82503724098206,1234.2679848671,0.931253045797348,1.50283515453339,136.214647352695,1161.12850642204
162.857747346163,13948.9409604967,41771.6809951365,7.32895660400391,18.0047672390938,127.504380404949,785.497684776783,545.487647339702,5025.03529760242,102.505538314581,752.973636388779,106.289165884256,3410.75323271751,864.173264950514,153.653539687395,8627.59725520015,21955.1212024987,854.50318607688,4661.30275440216,55.7367454469204,6623.39947082102,13970.4235801101,53271.719398424,7549.03648942709,7471.40994858742,35316.6927249581,0,2617.80662178993,754.331947430968,1975.64628119767,1286.38844290376,17.754529863596,96.5181947052479,3684.43842621148,3040.67125728726,49109.7847323418,18768.780203402,16805.0880958438,4832.80746427178,167.959983855486,263.0086761415,96.8688104152679,3357.76492118835,2727.42419540882,2124.70925195515,2043.9941726625,42.28075709939,6.1426442861557,117.272406548262,1.36372983455658,5388.84047111869,26393.483443886,0.697541773319244,19.8473123908043,0.261467427015305,277.575849831104,27.4644894897938,287.715111583471,0.369800001382828,588.264680057764,4.36339965462685,2926.20327144861,45.9473553299904,35.861679315567,3011.00067690015,3132.33678266406,138.241422057152,1212.74786767364,0.969380915164948,358.174945622683,6019.40472277999,7583.53216134012,1268.84166771173,2259.13066789508,30364.1618941724,190075.636496127,308.43364110589,42.022270411253,112.656282097101,2474.0372145772,1.64716982841492,4.57471808791161,647.828800082207,2955.87661772966
172.412750869989,47.7084042429924,525.925004899502,10473.3283917904,265.495638608932,1609.89316469431,66439.5064422041,1389.76433116198,5110.61082646251,13463.0546458364,524.286253243685,636.286338806152,1053.50747093558,1583.34799844027,1461.38838139176,1384.8705753088,500.993192359805,224.292646050453,477.957133606076,1577.79315596819,6247.1179818958,835.114187806845,4334.6898214221,18999.2691040337,552.418157547712,691.199260145426,2617.80662178993,0,4324.23297554255,37374.6289853156,75.7837309837341,87.9343045055866,2364.89472304285,2008.68042044342,5012.59165421128,31146.0683149099,678.288767307997,4832.21690061688,990.172740370035,1770.82277721167,1140.84308332205,275.510489165783,3783.61444747448,46.6320326030254,800.500733941793,501.63708114624,2088.87819594145,332.074948042631,146.67936488986,43.3242361843586,2.20802080631256,90.4627509117126,2205.60472339392,70.7594102919102,413.966379225254,2623.07490321994,924.040950268507,2172.81935113668,1325.37442088127,117.663034051657,1286.66285535693,6.84635964035988,750.220296442509,474.919134199619,1311.80301308632,10.2957952618599,1.235725492239,4.00444361567497,590.860663563013,2804.84404399991,857.957560360432,1315.38004076481,12276.0992548466,3.25673031806946,65.1715076863766,1099.50093173981,12619.2725292146,937.498088002205,1017.19891518354,14.0255787670612,16.1974024474621,55.4416650235653,545.616411566734,806.206680625677
3917.93755859137,2.84670385718346,102.639667540789,437.528842389584,22.6037674844265,1545.76242879033,8537.99924921989,4520.71317617595,105.935102581978,3178.60411882401,3579.62438552082,1678.91775965691,721.628677219152,27991.4195744246,82.00711992383,12.5762988626957,1641.01944851875,525.443911626935,1439.12534561753,1047.1349299252,1139.46631458402,0.580070972442627,987.183760851622,719.484630644321,99.979994058609,1690.29836127162,754.331947430968,4324.23297554255,0,23062.436134696,365.209344238043,170.180556207895,5218.29746952653,7922.38154801726,325.578171223402,1712.78547698259,226.534556806087,4681.11559826136,564.394907683134,487.530759692192,682.612884134054,435.73632106185,413.581101030111,83.4456976652145,128.330683976412,92.2693240344524,160.500204592943,44.4786694049835,94.9268719553947,1.22746962308884,3.04757937788963,3.73529213666916,10.9092144668102,3.70312905311584,27.4334244132042,184.264900535345,57.8366057872772,104.014739096165,4.79315462708473,275.147319972515,38.645536929369,69.7561211287975,38.5659828186035,20.0235207676888,85.4679458141327,0,0,0,4.62666842341423,331.259863644838,44.7661497890949,36.2039797604084,924.397648543119,8.9339362680912,16.7363350689411,13.9743620157242,1203.86227276921,47.7132608890533,98.0612220466137,14.7291919887066,13.7652575969696,5.69955885410309,93.019271761179,72.6118867099285
6024.7164798677,4.55087152123451,418.238423556089,7.66131883859634,62.9450391530991,941.143995761871,20397.4582181871,8472.94883307815,3.18636670708656,73.6631994247437,533.192401811481,112.5320789814,170.535734832287,20427.3652205169,115.506376922131,2.97245818376541,4792.72413492203,173.693310976028,1738.57330553234,36.3494742512703,27915.0341791064,5.06840771436691,8036.63015383482,118.315735310316,21.7122971713543,1682.22739702463,1975.64628119767,37374.6289853156,23062.436134696,0,52.9038330614567,27.1208486258984,6156.77911770344,8921.03557139635,1093.66876044869,2369.03185844421,232.045262232423,8268.65247473121,792.553199678659,209.881346583366,486.574287623167,104.113402247429,46.5496622025967,3.49200654029846,14.3840371966362,22.4706130921841,16.6769444048405,1.73403018712997,7.70341324806213,1.4537912607193,0.532154381275177,10.7167939841747,0,1.94125759601593,0.659597396850586,11.4969778358936,2.70904085040092,13.5135580897331,0,16.8653273582458,7.56507366895676,3.39598077535629,4.09477806091309,4.40293955802917,16.3959656059742,1.21220657229424,0,0,0,49.2678189873695,10.1729016900063,12.3261173665524,46.8962358832359,0,2.18395239114761,40.3670902848244,94.1976656019688,3.56180608272552,15.9017245173454,0,1.81311595439911,0,8.19645810127258,264.321619212627
