0,0.58851832151413,24.4220708608627,0,4.25114113092422,180.080190241337,26365.2763917744,3071.46908801794,0.541801333427429,61.6210525035858,31.7730389237404,12.0041028261185,11.9435687065125,14944.7430546582,4.44263714551926,1.24248930811882,233.561161369085,17.2450477182865,52.7898149490356,3.55377295613289,97.3978775143623,3.54202511906624,378.213142633438,5.03770393133163,0.478895753622055,39.8341535627842,40.3181056678295,91.6404483616352,5335.18892851472,4462.70013484359,2.58473393321037,28.4439637959003,19.3154774308205,288.031793117523,15.4677380025387,55.0334271192551,10.2626584768295,270.255784362555,82.4160511791706,2.05453240871429,3.88901031017303,1.55255949497223,7.64640271663666,0.47117692232132,0.344251304864883,0,2.46881783008575,0,1.64407002925873,0,1.16347751021385,0,0,0,0,0.552383899688721,0.481803566217422,1.7970198392868,0,0,0,0.503848671913147,2.15187180042267,0,1.49656534194946,0,0,0,0,0.648779988288879,0.958884477615356,3.72285059094429,6.47094941139221,0,0.585970461368561,1.41643819212914,6.32045468688011,0.421440809965134,4.96426993608475,1.95958864688873,0,0,0.923227429389954,2.80319929122925
0.58851832151413,0,316.320031106472,0,8.35086551308632,0.919082552194595,5.56782731413841,5.18269708752632,1706.33467951417,3.46389165520668,137.772838145494,2.73147612810135,1784.63799270988,4.16897234320641,23.9495661854744,583.931633472443,436.325589537621,32.2675309181213,127.315528571606,0.578746378421783,37.5349059700966,3801.9412124157,282.467191398144,3196.06344589591,2637.56235611439,423.723087131977,17631.0677281618,94.1017853319645,2.29343843460083,7.23330426216125,36.875171482563,8.90438479185104,0,136.928126007318,38.4602829813957,516.282906591892,134.345509976149,261.873433589935,182.583584427834,14.4077479243279,3.2281129360199,119.550121128559,416.325316280127,399.9716322124,221.50410926342,158.469225287437,8.76366204023361,6.75107169151306,98.5407158732414,1.2123002409935,2310.51087474823,165.404338657856,0,0,0.438880920410156,17.7397659420967,4.14391666650772,11.9974173903465,1.26049008965492,131.269839167595,5.16379594802856,165.424782812595,4.74377226829529,0,58.1913191080093,349.953170448542,40.2883376181126,239.350749462843,0.426362067461014,9.0611487030983,142.652461498976,75.2787652313709,119.904953151941,81.6852723360062,630.694220662117,4692.34794422984,34.3450127840042,0.933960020542145,10.7882160842419,34.4395737051964,0,0,67.2225752770901,25.6654741168022
24.4220708608627,316.320031106472,0,3.75084689259529,5.77522885799408,50.3839009404182,847.299502849579,271.575954169035,7.61840078234673,122.295051068068,167.444703102112,6.6422104537487,58.5827016532421,151.544033735991,8.99245810508728,86.3010380268097,21031.5895583332,175.800193339586,382.985487043858,2.98487216234207,2004.12204501033,95.6911235749722,60451.7524142265,278.331836223602,18.2111302018166,43659.8070476353,32826.1214569211,2684.16252848506,40.3351100087166,565.789259940386,13.622335344553,9.17361849546432,2.43902325630188,536.528358340263,184.323641479015,1920.76307785511,2064.43305259943,1479.99771684408,1196.7395234108,9.16007828712463,16.6721533238888,4.42154893279076,871.840261012316,211.667951703072,868.479473948479,414.075314134359,8.36319535970688,14.145910769701,1.34535276889801,0.311906754970551,430.177811950445,993.776660501957,0,1.99212801456451,0,38.4422177374363,5.89216083288193,4.14457815885544,0,80.5777154862881,0,2.87214052677155,7.77725231647491,1.38309121131897,77.6066365242004,1579.81813916564,117.239810496569,498.002738058567,0,28.1968011260033,117.609656274319,292.184116750956,97.8344401419163,13.2126301825047,1244.67334555089,5462.52208280563,54.5041171312332,0.651725292205811,23.6956807672977,9.97239997982979,0.693097591400146,0,341.417909830809,123.33395087719
0,0,3.75084689259529,0,29.3147206306458,114.899047017097,162.038561105728,69.06513017416,2352.69429579377,5813.49510872364,14.9226488471031,6824.21720525622,117.960293978453,32.3128196001053,218.065641015768,1.11920362710953,1.430565148592,2.67621928453445,6.61564308404922,17933.8943137825,2.01296013593674,1.34124225378036,4.43055984377861,4396.10283303261,53.0439852178097,2.00302451848984,2.42125996947289,15459.0218714476,80.0596493184566,1.14059174060822,0,41.7034646570683,2.14655283093452,81.1174060404301,28.50093922019,340.89441049099,6.14899709820747,135.69297772646,14.4772027432919,124.650186449289,95.1916261315346,5.13441026210785,209.092364728451,7.13428583741188,50.6779918372631,0.847069025039673,342.393833100796,51.7865862548351,16.0626039803028,0,0.403110325336456,0,1009.60957279801,8.92406678199768,77.1611735522747,108.67314440012,73.1958141922951,376.705104917288,731.758708700538,2.89936459064484,130.838753521442,0,15.3439374864101,86.0658886730671,2.05665504932404,0,0,0,227.481239259243,0.961451917886734,0.496562361717224,0.318275451660156,1533.10581445694,0,0,0,2005.46959739923,15.2473841011524,3.86497622728348,0,4.1890786588192,0,51.9156176745892,2.76165366172791
4.25114113092422,8.35086551308632,5.77522885799408,29.3147206306458,0,6284.80389651656,328.106929391623,124.239745110273,475.988441497087,664.19057944417,8.06795501708984,1148.51675346494,153.05762180686,31.5035830140114,8627.80450573564,58.3008834123611,7.693484634161,1.16289377212524,5.86376917362213,48.2548124790192,399.84503442049,43.0001271367073,624.188017249107,511.498998165131,86.1318212151527,10.170714199543,110.936775237322,386.2738532722,31.4311935007572,184.886313855648,1.77709174156189,890.887967199087,3.47701323032379,355.556247264147,1711.40480393171,931.682759314775,237.11209332943,48.1998680531979,74.420423656702,16491.1535261273,4653.79143199325,8.72633671760559,76.7213472127914,22.8921053409576,5.58281883597374,22.8212159276009,37.7252950668335,0.642325818538666,16.2882781624794,0,0,1.60954216122627,31.2447591423988,2.6667605638504,9.11256682872772,24.4477039575577,0.458011507987976,16.949246108532,29.6583587527275,2.65280836820602,22.6883555948734,0,3.39922308921814,4.30007445812225,12.2606960535049,2.55877196788788,0.489333659410477,1.88158604502678,12.8272697329521,15.5768929123878,21.5683563947678,35.4560756981373,159.764814794064,1.58447897434235,3.85112544894218,27.5497151613235,136.223427712917,6.63475999236107,21.8132419884205,0,0.589434742927551,1.82620212435722,2.98291954398155,1977.33157631755
180.080190241337,0.919082552194595,50.3839009404182,114.899047017097,6284.80389651656,0,7955.66771683097,15003.655785352,553.110843598843,24295.2034594715,394.453139007092,6740.19762742519,829.185238003731,1651.37152940035,6027.27552387118,10.9184839427471,171.543704301119,116.868558496237,173.515758097172,287.362533450127,159.650022745132,12.870463103056,344.244505047798,185.499791413546,220.919986993074,189.143664300442,109.073810994625,2237.50511533022,1010.39670732617,698.941912025213,26.7739429175854,1164.78835102916,35.2463447153568,900.564681261778,5276.95248970389,3670.31065222621,314.376988917589,907.888126730919,184.009449332952,3779.45848760009,300.798986047506,98.2937636971474,497.554696172476,19.8430787622929,71.2289446294308,15.3836332261562,204.132325559855,30.8806472718716,58.3024901747704,4.34026020765305,0.780709862709045,1.23077976703644,67.5637483596802,4.28461188077927,26.9019095003605,140.90178412199,23.2392340600491,123.636825531721,65.8800680339336,17.9698596000671,24.4014225900173,6.72344744205475,22.7027169167995,18.7201550006866,20.7687177658081,0,0,0,28.6361357271671,8.17097294330597,71.9687679708004,13.9597511589527,1067.53128376603,3.99483048915863,1.84658148884773,12.6323865950108,658.537534862757,51.5576720535755,88.722930252552,0.325597584247589,0.454046964645386,11.2367613315582,80.0646380186081,468.68590515852
26365.2763917744,5.56782731413841,847.299502849579,162.038561105728,328.106929391623,7955.66771683097,0,31099.2331185639,301.836989253759,35183.256390959,633.43961006403,336.337011486292,1796.94392767549,37792.5656901002,583.72409671545,102.304368913174,832.200066924095,254.533343940973,450.188659101725,135.033316284418,2677.94077858329,48.3629381358624,3078.99321088195,645.726439982653,71.3060365617275,604.001399159431,662.797376871109,45674.5661428273,9846.93739455938,8002.61778044701,47.3663248717785,1037.56544050574,855.777778297663,4711.94603258371,1727.24924990535,8623.46317571402,443.040119856596,5690.22567844391,1503.20806229115,582.326371341944,1441.10589796305,96.6064688265324,662.364473372698,22.4324285984039,150.044651657343,49.6729720532894,259.080480158329,95.9023092389107,41.4032923579216,17.611707508564,5.95539575815201,14.4133813977242,106.829862236977,7.03817528486252,28.7130480110645,162.048914045095,168.565565407276,121.20679718256,230.929755479097,14.4823037385941,24.7831177413464,6.16060447692871,116.080451011658,30.469677478075,119.86021015048,11.0339889228344,0,0,55.0483313202858,84.9087927639484,153.852994263172,199.118039190769,1152.80653446913,2.48967599868774,1.91684347391129,92.3602485954762,1109.04892107844,192.08038765192,230.765303343534,0,5.17736878991127,15.7851960659027,164.760449022055,191.760275274515
3071.46908801794,5.18269708752632,271.575954169035,69.06513017416,124.239745110273,15003.655785352,31099.2331185639,0,109.984240293503,16590.4530392289,426.662308752537,1536.78092721105,496.840040713549,24136.0191949904,110.123168855906,26.7704740464687,1500.18816316128,168.456827908754,401.085684120655,525.537358999252,799.714732497931,14.0186747908592,2739.36213585734,75.8694142699242,107.779210954905,398.154025673866,254.41186606884,1309.58503854275,3098.4403000772,9393.16913688183,19.3100675046444,374.779601871967,103.287531793118,2060.47147712111,203.228756546974,2172.34647300839,193.212248802185,2889.53895068169,847.443616658449,116.963747769594,131.924047380686,72.1324201226234,183.795968353748,11.8072009086609,20.0684831142426,6.57110452651978,105.033404797316,11.1479725837708,52.2064440846443,1.25530084967613,2.05638962984085,0,11.2208076417446,1.53745818138123,8.51635646820068,69.7862535715103,5.83678483963013,61.4214263260365,11.7422673404217,3.14251303672791,1.5160216987133,4.40965163707733,8.20573589205742,2.60363221168518,22.8742264509201,1.34131506085396,0,0.379775524139404,4.25152343511581,11.8157287240028,45.6155778765678,15.044838398695,501.630230516195,3.56097543239594,7.18327477574348,16.4480485618114,216.499614685774,28.3187522292137,60.637507557869,1.07767128944397,0,15.1281986236572,28.5196493864059,10.4066403508186
0.541801333427429,1706.33467951417,7.61840078234673,2352.69429579377,475.988441497087,553.110843598843,301.836989253759,109.984240293503,0,2881.67262017727,55.7626486718655,4518.77861177921,1009.243496418,58.3897809684277,1870.48264455795,81.48025816679,19.572896450758,14.3140026926994,20.3429837524891,1051.88211795688,29.7272647023201,9046.11568528414,35.2279004454613,27401.1047789156,726.126275718212,47.2189743220806,2947.92983293533,7743.05122733116,309.767855674028,25.4125039875507,34.3091807961464,63.76658898592,59.0515534877777,219.931403636932,104.43571254611,753.072345793247,25.0140807926655,173.167143434286,41.263689994812,2450.41081187129,83.7819018363953,37.8500086963177,637.888003855944,132.126938998699,140.884308189154,36.2853457927704,752.542278647423,92.8871090710163,48.1591493487358,20.8942530155182,33.5381016433239,9.98580965399742,841.083867043257,32.4905565977097,115.291283220053,322.494369477034,203.056870251894,1071.70869803429,552.339361310005,30.7848999500275,208.198787689209,68.0692788660526,193.293766796589,191.178793877363,251.353164643049,24.6503124535084,3.47216105461121,10.6439632177353,200.350255936384,191.346144676208,1220.8790024519,188.960623830557,3848.36196604371,7.65145865082741,25.4405560195446,113.460089057684,2649.43943020701,335.968176066875,374.658928364515,12.7631930708885,23.6889130473137,27.2697694301605,142.579143404961,164.349295765162
61.6210525035858,3.46389165520668,122.295051068068,5813.49510872364,664.19057944417,24295.2034594715,35183.256390959,16590.4530392289,2881.67262017727,0,1074.4759144485,6738.23115572333,2665.10643318295,3878.24937558174,1347.63618272543,22.9696938097477,183.137126386166,342.067291676998,509.513555139303,8875.40933406353,242.628049761057,19.6464366614819,324.342566430569,1659.30148172379,302.399309784174,519.093055069447,246.203966736794,18566.5318987966,3252.58227300644,165.770254462957,39.0137753486633,2498.70274719596,80.8862198591232,3626.24710556865,6250.64610114694,10017.9984835684,535.653827697039,3499.79486235976,425.117635130882,1364.31130725145,1879.72008889914,206.329267531633,981.91745659709,45.4167687594891,215.362606585026,22.9350275099277,1130.26567342877,134.647221505642,113.7500218153,3.36561369895935,2.75297665596008,0.81029936671257,1375.64967635274,9.83167725801468,183.150588274002,344.774623215199,214.246923416853,631.925545156002,1665.69490748644,16.375367641449,1186.09672884643,8.21923324465752,65.9222596585751,166.618340730667,30.7961487174034,0.316223323345184,3.88046020269394,1.35942965745926,575.493673652411,19.4650301337242,58.7756488323212,35.3877163827419,4083.72346583009,1.98419952392578,1.75726771354675,9.2284127175808,4848.51911887527,99.4465819895267,87.925719588995,1.10152018070221,13.0597424209118,14.3804957866669,210.276876807213,251.039472103119
31.7730389237404,137.772838145494,167.444703102112,14.9226488471031,8.06795501708984,394.453139007092,633.43961006403,426.662308752537,55.7626486718655,1074.4759144485,0,277.087924659252,9613.44993087649,444.257865965366,12.1706345677376,27.4706180393696,3315.41827151179,17801.5760850608,11374.2793331742,80.1934303045273,165.523910552263,68.5338997244835,758.816860824823,72.7092073559761,731.192530184984,9002.75557678938,2864.03246560693,345.57631149888,649.182466328144,466.026667416096,915.853740423918,1193.66097337008,4.05140978097916,9778.39270114899,256.535888880491,4232.52822208405,4050.17898908257,6902.20414897799,2003.33000823855,23.0707764327526,30.6274625658989,2796.60599446297,97.1914881467819,1983.88919606805,85.2153638601303,36.5035440027714,14.2831380069256,0,692.667527079582,0,346.33955642581,22.2780649662018,0.38040155172348,0,0,1.70637619495392,1.82194346189499,152.302506059408,0,1986.2381644547,0,5585.30496779084,4.89721462130547,4.53174185752869,8.35801264643669,55.3135594725609,134.26504188776,135.455908507109,1.57043015956879,0.939167827367783,129.536372750998,23.4584991335869,74.9881603419781,644.545853823423,1938.24712648988,2872.87432605028,8.58049458265305,2.71934604644775,0.979544162750244,1219.26269501448,2.80857089161873,0,44.1998301744461,84.0574932992458
12.0041028261185,2.73147612810135,6.6422104537487,6824.21720525622,1148.51675346494,6740.19762742519,336.337011486292,1536.78092721105,4518.77861177921,6738.23115572333,277.087924659252,0,523.725369870663,571.95502859354,3421.38871949911,5.38068115711212,61.9573125839233,101.341426372528,144.619547128677,12442.2536862195,8.76439508795738,21.7053131759167,21.1208933293819,2159.10051202774,237.237253606319,328.205570459366,108.869172781706,3357.4051246345,611.78619325161,32.9885053932667,22.1633377373219,577.051291376352,0.786956757307053,681.82185319066,9374.69500610232,942.110887169838,117.158671796322,499.190316259861,32.3939770162106,2124.54770696163,179.271590143442,48.2437337040901,114.76174145937,13.9508905112743,37.3208059668541,11.9424988627434,513.704755753279,26.1037426292896,91.1823517382145,0.466899514198303,0.368713319301605,0.372805297374725,1500.59012264013,28.1083801090717,132.493124336004,56.5150237977505,104.943829238415,168.101986169815,654.433642268181,21.2341755628586,1262.33981630206,9.44121021032333,30.3706190884113,151.986814409494,0,1.22044718265533,10.4857614934444,1.94031149148941,514.465475589037,0.870381891727448,5.78218674659729,0.938371628522873,1020.13183298707,2.15193510055542,31.8581175506115,29.8063076138496,1457.11880904436,25.2010987102985,7.60981240868568,0.565919578075409,15.0359666347504,2.98330545425415,26.0386528968811,852.104495227337
11.9435687065125,1784.63799270988,58.5827016532421,117.960293978453,153.05762180686,829.185238003731,1796.94392767549,496.840040713549,1009.243496418,2665.10643318295,9613.44993087649,523.725369870663,0,180.648765742779,309.40342849493,196.088807195425,64.2786370515823,105.480220943689,83.8387332260609,231.690366089344,698.772114247084,1278.67489612103,942.060799926519,1343.8879199028,6033.06169691682,394.104768395424,6255.8057153523,1789.00273001194,285.542730301619,834.427948445082,3118.20888879895,1620.85002708435,16.4663481116295,2294.92772871256,410.962442934513,5923.73757040501,2476.56928956509,5346.66906505823,4795.86860874295,1794.34387752414,4571.11005887389,2829.56520521641,447.407331198454,3645.16338256001,157.586912721395,27.4575700163841,745.128007262945,96.6357118487358,938.391238927841,4.20160168409348,784.393486738205,15.1037291884422,19.6691125333309,1.82709145545959,12.6815346479416,131.385833382607,64.5002987086773,349.961374789476,37.5890310406685,3695.21219304204,13.9472272992134,12471.526943475,55.6933889389038,7.80327278375626,28.6904475986958,19.5923181474209,200.125152975321,101.826982021332,24.5529146790504,23.3091263771057,255.682036995888,58.6256217956543,741.507494002581,2242.79797205329,2841.0043182075,4855.35340893269,398.136131614447,74.0894243717194,95.6319062709808,2627.40254855156,61.9368398785591,11.0949981212616,115.273738712072,209.885216236115
14944.7430546582,4.16897234320641,151.544033735991,32.3128196001053,31.5035830140114,1651.37152940035,37792.5656901002,24136.0191949904,58.3897809684277,3878.24937558174,444.257865965366,571.95502859354,180.648765742779,0,29.8743295669556,7.36112999916077,1147.30854508281,193.496178507805,361.642677366734,192.645576655865,566.179448097944,3.59741109609604,1930.4769718647,67.0018725395203,47.9849725365639,370.567696779966,251.356587380171,883.96515288949,15984.7640938461,12699.0263853371,30.6189904510975,501.421763569117,91.332480430603,1920.4655598402,92.6411361098289,900.177309572697,116.507571697235,1954.12399622798,499.847598403692,37.9538703858852,37.7653486430645,24.3772722184658,117.053989738226,5.69678908586502,17.9983866512775,4.88129770755768,39.1883385181427,6.20543241500854,24.7215330600739,0,3.93967360258102,0.834736227989197,2.81344014406204,0.59617030620575,2.32991755008698,38.1588967740536,3.56640589237213,35.4460949897766,1.2699026465416,3.87219041585922,0.931160271167755,5.52437657117844,3.17221745848656,2.11731314659119,7.15256676077843,0,0,0.64478862285614,0.708716034889221,8.36722895503044,13.1459808945656,11.1758366823196,305.852334797382,1.06751549243927,12.9373736083508,17.0473483204842,121.501591473818,8.77618309855461,29.6775708198547,1.3144668340683,0,3.07744956016541,13.7277486026287,3.46526694297791
4.44263714551926,23.9495661854744,8.99245810508728,218.065641015768,8627.80450573564,6027.27552387118,583.72409671545,110.123168855906,1870.48264455795,1347.63618272543,12.1706345677376,3421.38871949911,309.40342849493,29.8743295669556,0,35.3478566408157,14.5357985794544,3.13118407130241,14.5276246666908,170.685963064432,191.139241963625,244.957745611668,181.416692525148,2517.28487592936,266.841513156891,11.9770795106888,168.567457526922,1393.5496891439,76.8759461343288,468.705357044935,1.36547744274139,59.6473340690136,9.79637253284454,45.9668401777744,2422.33855196834,250.692513853312,125.599331438541,89.6531867086887,62.7812817394733,4386.29057356715,88.9788851737976,15.3861627578735,197.262086898088,47.1791913509369,30.7273440957069,38.1522797942162,206.126597762108,28.5234660506248,92.0206370949745,4.76062518358231,1.71347045898438,3.68834871053696,232.593980163336,4.10766780376434,35.148968398571,74.9307227730751,26.2339095771313,53.2322918176651,211.197979837656,8.36742585897446,73.3403565883636,4.86730092763901,33.6797480881214,54.8524580895901,18.2187936007977,3.52566236257553,0,0,70.7341810762882,18.4299082159996,27.3764383494854,68.8412946462631,437.691604316235,0,5.1963495016098,55.7134742438793,568.34724187851,36.1358943581581,63.6182734072208,0,2.90807449817657,1.96738946437836,36.6834630072117,1563.54210937023
1.24248930811882,583.931633472443,86.3010380268097,1.11920362710953,58.3008834123611,10.9184839427471,102.304368913174,26.7704740464687,81.48025816679,22.9696938097477,27.4706180393696,5.38068115711212,196.088807195425,7.36112999916077,35.3478566408157,0,282.364863365889,15.0345076024532,43.359459489584,0.505462050437927,11506.3899461925,13118.9636505842,16147.4069857895,6289.34487265348,94.6938464343548,132.688093006611,17359.1170482635,1828.29544630647,13.4941121637821,75.0362039804459,3.37286394834518,3.50681307911873,2.27981144189835,179.518614679575,578.942715853453,4485.55843773484,821.942286998034,1244.34026512504,1138.26691749692,43.4458868205547,23.3343603909016,5.69340950250626,1271.69078654051,147.355686157942,378.892388999462,223.366699904203,25.6459404826164,19.8310262858868,2.48599296808243,7.01901543140411,54.2904806435108,176.016203522682,0,7.58800292015076,1.29501128196716,130.238300979137,58.7497117519379,5.84963092207909,0,8.26230198144913,0,7.56778582930565,52.748737424612,13.2792908549309,3764.31833156943,130.085999399424,6.2701301574707,30.5390897095203,2.22049629688263,1392.2443395257,3554.08303466439,5531.3272280395,664.515678077936,2.14639711380005,67.3671470284462,1853.21635329723,516.855969160795,95.5138608515263,385.623414486647,2.08639508485794,1.20203983783722,22.6356066167355,121.898247107863,171.241011708975
233.561161369085,436.325589537621,21031.5895583332,1.430565148592,7.693484634161,171.543704301119,832.200066924095,1500.18816316128,19.572896450758,183.137126386166,3315.41827151179,61.9573125839233,64.2786370515823,1147.30854508281,14.5357985794544,282.364863365889,0,3377.5428301692,7322.06065371633,10.8415452241898,1451.05705037713,291.720008611679,33684.696305871,409.270843833685,30.9936279058456,6606.15529567003,27427.1436184049,2063.24471762776,1165.01855385303,6013.88266646862,24.8422848284245,139.944075256586,64.4626621901989,13035.7457184494,201.300334393978,3214.03345572948,2649.41568383574,3000.37430557609,1273.28847083449,29.298735499382,27.0226027369499,3.84523889422417,637.357572674751,151.77235904336,525.907838493586,310.905964910984,5.4207946062088,12.9765315651894,0.382027983665466,0.274450808763504,358.735873609781,609.161699742079,0,2.59338843822479,0,17.9068308770657,2.26471018791199,1.57488825917244,0.442142635583878,43.349812656641,1.13273549079895,0.99857097864151,3.13582310080528,5.23734533786774,88.8216163814068,1013.29513314366,62.0195305943489,421.618870407343,0,27.07631072402,140.948855876923,280.20709335804,75.1983255147934,21.7951356470585,944.139641582966,4070.25231724977,28.8271355628967,0.971996486186981,13.7817614376545,6.75634473562241,0,1.01414036750793,232.101929694414,101.605919003487
17.2450477182865,32.2675309181213,175.800193339586,2.67621928453445,1.16289377212524,116.868558496237,254.533343940973,168.456827908754,14.3140026926994,342.067291676998,17801.5760850608,101.341426372528,105.480220943689,193.496178507805,3.13118407130241,15.0345076024532,3377.5428301692,0,8306.52207717299,22.5170293152332,89.0534257292747,15.0013678967953,595.40510982275,23.6638781130314,50.7964088916779,4116.13706475496,1866.78276732564,170.751246035099,217.860013306141,302.770427048206,129.797521203756,382.296514868736,2.14582023024559,2545.69409802556,191.319327026606,2813.65800154209,4064.86398527026,3403.53173553944,1582.57769593596,17.4943273067474,13.4000317454338,81.0788492560387,46.2859054207802,59.2770588994026,51.9066701382399,38.333310931921,0.472053319215775,0,3.24392539262772,0,44.1386549174786,23.3451239466667,0,0,0.849813759326935,0,1.16927301883698,7.5242158472538,0,29.6501882970333,0.771671056747437,77.3087759613991,1.46002072095871,4.39520913362503,5.28382903337479,48.0017707049847,55.4390221238136,70.6108593046665,0,0.317019820213318,10.9222897291183,15.3869856894016,1.12287038564682,45.6296147108078,817.455695986748,1082.83662626147,1.21308732032776,0.751297295093536,0,112.614468425512,0,0,9.25795671343803,57.3342584967613
52.7898149490356,127.315528571606,382.985487043858,6.61564308404922,5.86376917362213,173.515758097172,450.188659101725,401.085684120655,20.3429837524891,509.513555139303,11374.2793331742,144.619547128677,83.8387332260609,361.642677366734,14.5276246666908,43.359459489584,7322.06065371633,8306.52207717299,0,38.4873353540897,289.576933890581,44.2417242825031,1790.37098011374,65.1984379589558,140.380232423544,4593.19358369708,5701.9870108068,421.525868207216,446.30275067687,749.251929551363,90.1086956560612,453.843704819679,12.1867912709713,9580.03550338745,246.705885976553,5048.51015239954,3907.60197135806,4031.81681498885,1818.10489529371,24.2283396720886,9.17877155542374,14.6480486989021,199.826091974974,87.4290062785149,133.161755621433,86.7076006531715,4.6554126739502,1.3419528901577,0,0.50617241859436,206.28214353323,54.2760575115681,0,0,0,2.5560465157032,0,9.14870974421501,0,15.3829234838486,0,19.4564731121063,0.373245924711227,5.81108003854752,13.1660312116146,156.807324588299,58.4948789477348,211.549359172583,0,4.41653659939766,27.8094436228275,59.2349193394184,11.562915802002,108.406274527311,1290.98416256905,2170.20755076408,2.40677535533905,0.354007184505463,2.79468816518784,39.0926792323589,0,0,45.8459253907204,93.2755779623985
3.55377295613289,0.578746378421783,2.98487216234207,17933.8943137825,48.2548124790192,287.362533450127,135.033316284418,525.537358999252,1051.88211795688,8875.40933406353,80.1934303045273,12442.2536862195,231.690366089344,192.645576655865,170.685963064432,0.505462050437927,10.8415452241898,22.5170293152332,38.4873353540897,0,0.877562642097473,0,3.34989488124847,1197.89728116989,65.3075534701347,37.0496086776257,10.8369438648224,5231.74753046036,213.941815584898,7.89094579219818,0.528791546821594,180.675937741995,1.50181829929352,208.209451019764,37.0299026966095,974.758541733027,65.7882287502289,194.759070694447,17.9144248664379,143.516944229603,165.252932369709,14.8116974234581,135.276613146067,0.712980926036835,52.624840259552,2.32525503635406,250.536697536707,14.924169331789,24.8174067139626,0,0,0.528248429298401,736.222972124815,7.02189502120018,45.6438755095005,56.7927881777287,38.1688841879368,190.719957053661,402.564615935087,2.09148150682449,82.75305134058,0,3.38961508870125,33.873321890831,0,0,0,0,125.146916627884,0,5.75749340653419,0.69546839594841,942.035667002201,0,0,0,1074.48504120111,6.94159963726997,1.99348530173302,0,2.45879346132278,0,36.5537844002247,1.18051302433014
97.3978775143623,37.5349059700966,2004.12204501033,2.01296013593674,399.84503442049,159.650022745132,2677.94077858329,799.714732497931,29.7272647023201,242.628049761057,165.523910552263,8.76439508795738,698.772114247084,566.179448097944,191.139241963625,11506.3899461925,1451.05705037713,89.0534257292747,289.576933890581,0.877562642097473,0,979.413079589605,31864.7572979331,1723.03946965933,9.98367965221405,696.344027101994,3190.06930354238,29024.506859988,1170.67771089077,36511.877135396,5.72445183992386,40.5633642077446,238.381238549948,11138.6080704331,2858.80937615037,15743.0213532448,1459.66557997465,16365.2383288145,7024.87405776978,215.228353261948,254.742710590363,18.7294643223286,568.630978405476,49.3182677924633,151.276889532804,124.542253732681,28.812059044838,23.4553545713425,1.60449886322021,10.6866375803947,10.0135643184185,53.1605429649353,0.645696133375168,13.8887945711613,2.40235558152199,98.8059367239475,66.0956023931503,2.27999964356422,1.7639282643795,2.5940026640892,0,0,78.5255749225616,16.5878903269768,1163.63449972868,60.3651929199696,0.98959755897522,6.19539365172386,0.378620356321335,852.243350565434,924.719196915627,1970.04629221559,434.555626273155,0.530797362327576,17.5358416438103,470.159861057997,422.709758520126,155.813939929008,575.947200626135,0,0,27.8282103836536,104.580298766494,706.327387809753
3.54202511906624,3801.9412124157,95.6911235749722,1.34124225378036,43.0001271367073,12.870463103056,48.3629381358624,14.0186747908592,9046.11568528414,19.6464366614819,68.5338997244835,21.7053131759167,1278.67489612103,3.59741109609604,244.957745611668,13118.9636505842,291.720008611679,15.0013678967953,44.2417242825031,0,979.413079589605,0,2385.57276836038,22740.0777207613,1019.22450301051,178.144737809896,18765.5367912948,1025.16509994864,16.6711634099483,112.403378069401,25.2649891972542,2.96640157699585,11.4216228723526,143.64206892252,98.035408616066,1002.63640096784,204.160162597895,411.178119212389,225.851777434349,67.9674299955368,4.17847174406052,51.0293381810188,542.945878148079,199.99002417922,173.980495333672,116.824458628893,16.4606643915176,16.2553129792213,59.9474609196186,0,169.243745297194,218.929890960455,0,2.24774545431137,1.25428700447083,59.7647953033447,24.207105755806,28.9480860829353,1.2280381321907,53.7451673448086,19.5443655848503,72.407813847065,24.916297018528,2.21786868572235,1138.6290089488,207.056412339211,16.1288447082043,49.1583070456982,1.20325526595116,382.573696285486,2118.60947212577,1029.20460265875,730.255764275789,7.48272955417633,169.552399307489,2893.70044130087,259.275775700808,41.7103551030159,169.042283624411,18.4357557594776,0.475242257118225,13.9766546785831,74.7650137245655,86.1384105682373
378.213142633438,282.467191398144,60451.7524142265,4.43055984377861,624.188017249107,344.244505047798,3078.99321088195,2739.36213585734,35.2279004454613,324.342566430569,758.816860824823,21.1208933293819,942.060799926519,1930.4769718647,181.416692525148,16147.4069857895,33684.696305871,595.40510982275,1790.37098011374,3.34989488124847,31864.7572979331,2385.57276836038,0,3557.45055118203,29.8940614163876,8241.4283785522,62999.2258637398,13585.9295656681,1491.92380675673,19589.5061026812,24.9163576960564,100.822329550982,105.060058712959,17247.5578529239,5274.46875241399,31431.4970366955,6757.70191004872,25085.3347798884,15023.8538504541,460.010082662106,203.274922251701,28.5441789329052,2172.50954940915,290.265830844641,887.531631231308,603.187216609716,76.1417858600616,44.83174726367,2.0153803229332,5.81359711289406,143.940515309572,1367.69938093424,0.310942858457565,34.4227866530418,1.6088972389698,197.403057575226,28.1595849990845,10.3579652309418,2.51094260811806,31.5803828835487,0,2.35663479566574,37.9111458659172,30.9352556467056,5384.85624742508,496.166876927018,24.7318526208401,116.962170064449,1.02214199304581,2320.66448068619,3191.94232803583,10187.1205255389,815.928744792938,6.55596852302551,295.759473159909,7362.6843290031,649.01021361351,84.4832242131233,515.683815449476,4.16026842594147,0,28.1310447454453,263.819598212838,1591.62964394689
5.03770393133163,3196.06344589591,278.331836223602,4396.10283303261,511.498998165131,185.499791413546,645.726439982653,75.8694142699242,27401.1047789156,1659.30148172379,72.7092073559761,2159.10051202774,1343.8879199028,67.0018725395203,2517.28487592936,6289.34487265348,409.270843833685,23.6638781130314,65.1984379589558,1197.89728116989,1723.03946965933,22740.0777207613,3557.45055118203,0,1161.23098695278,240.748826920986,15296.6459280252,19089.5593578219,402.719460934401,76.6576891839504,34.7146215438843,49.2056256532669,124.032600164413,478.824147880077,625.639449506998,5262.37744358182,605.168055027723,1379.66747575998,910.383547365665,744.826081961393,118.293704807758,56.6682725250721,5098.78044897318,263.059763371944,1130.66608789563,251.672830939293,1300.2787360847,670.256337612867,111.191824913025,84.9732418656349,112.071254998446,150.830329507589,1027.09845477343,28.3281856179237,330.705809831619,1640.02595707774,1539.59776797891,3424.50933751464,1532.01156267524,71.2737392187119,218.568034350872,63.9672364592552,1193.75698566437,179.520566403866,1589.36889624596,151.508186221123,4.12962341308594,27.6206499040127,399.086813509464,1199.46957471967,3074.61644440889,2098.36500498652,15196.9527938962,13.8764320313931,75.4421210587025,1308.78382903337,10091.8378659189,1698.8924600482,1955.03965124488,5.33770424127579,127.218379497528,135.286086142063,1168.19248971343,379.257785260677
0.478895753622055,2637.56235611439,18.2111302018166,53.0439852178097,86.1318212151527,220.919986993074,71.3060365617275,107.779210954905,726.126275718212,302.399309784174,731.192530184984,237.237253606319,6033.06169691682,47.9849725365639,266.841513156891,94.6938464343548,30.9936279058456,50.7964088916779,140.380232423544,65.3075534701347,9.98367965221405,1019.22450301051,29.8940614163876,1161.23098695278,0,803.376143038273,16171.7427690625,531.402731567621,79.668375402689,14.1219003200531,569.341167271137,289.576678425074,6.50787407159805,352.740377813578,30.8234981298447,1020.45216414332,224.445830196142,345.496264278889,42.5704090595245,1252.08785971999,193.693454563618,657.262648165226,452.029802381992,523.196566164494,145.379019737244,22.3760852217674,1767.36312106252,227.999914824963,450.010408580303,1.28803533315659,738.934422582388,9.1556778550148,46.1002897024155,3.66880476474762,37.6781606972218,35.3290050625801,226.64466625452,71.4265332818031,62.4251322746277,1181.0831579566,33.9228276610374,2565.17482718825,120.748856276274,31.0792872309685,26.4477749168873,24.1391201615334,33.7608099281788,58.0461941361427,26.1729356646538,36.8745237290859,53.4499350190163,73.4784072637558,182.094624131918,3498.24400955439,594.963339358568,3258.56436029077,215.627312451601,50.5231592357159,12.2701439261436,317.219640254974,188.29577934742,2.10110771656036,128.89312645793,31.0523566007614
39.8341535627842,423.723087131977,43659.8070476353,2.00302451848984,10.170714199543,189.143664300442,604.001399159431,398.154025673866,47.2189743220806,519.093055069447,9002.75557678938,328.205570459366,394.104768395424,370.567696779966,11.9770795106888,132.688093006611,6606.15529567003,4116.13706475496,4593.19358369708,37.0496086776257,696.344027101994,178.144737809896,8241.4283785522,240.748826920986,803.376143038273,0,66935.0677445531,981.659118354321,364.09957164526,705.511520206928,1041.41135823727,476.324700206518,6.50741863250732,3346.53663140535,401.874826729298,9479.37112873793,12813.9194323421,6280.18963378668,2892.72270926833,30.0423356294632,12.5187647640705,169.595818132162,1420.95135647058,845.000540465117,881.396640777588,591.449629604816,11.0696302354336,14.3567980229855,10.4606380462646,0,1007.02655312419,271.733383208513,0,6.1458201110363,0.837522268295288,19.0479170680046,1.68324846029282,37.3558773100376,0.445749580860138,310.56426846981,0,986.239721089602,7.42894479632378,11.8803837299347,55.4298894703388,1179.7605497539,479.45362585783,1575.35726237297,0,15.6729664206505,127.248290807009,164.371286123991,71.5571900904179,937.134014010429,10392.3594946563,17353.5841163397,23.5260024666786,7.82124230265617,17.1035126149654,1090.58714866638,6.7652570605278,0,265.248573362827,187.327763140202
40.3181056678295,17631.0677281618,32826.1214569211,2.42125996947289,110.936775237322,109.073810994625,662.797376871109,254.41186606884,2947.92983293533,246.203966736794,2864.03246560693,108.869172781706,6255.8057153523,251.356587380171,168.567457526922,17359.1170482635,27427.1436184049,1866.78276732564,5701.9870108068,10.8369438648224,3190.06930354238,18765.5367912948,62999.2258637398,15296.6459280252,16171.7427690625,66935.0677445531,0,3524.3704803884,268.929460048676,968.439204126596,3086.93858501315,221.102396398783,10.6200510561466,7886.19209429622,2820.55516934395,39341.1609268785,12411.2352459729,18640.9659275115,15950.7394012213,202.385059863329,85.2822324037552,86.0845213234425,7266.27198207378,2230.66242007911,4526.87126387656,2825.17789793015,83.7688669860363,98.6118046939373,50.2519874572754,6.31516072154045,8814.15197879076,5951.38309565187,0,21.6023826599121,2.77665260434151,356.758242458105,36.1869880259037,124.355122536421,3.2973670065403,860.10639411211,4.87455552816391,2591.06633526087,47.2763014733791,49.967590123415,2935.93889990449,6034.33105933666,973.092426508665,4547.92737224698,0,431.364983052015,3552.99104812741,8486.1745031178,1619.93469145894,3952.89748898149,18564.7427695096,74339.2730576694,695.459047287703,35.8932913839817,216.266690194607,1567.96630433202,11.9260606467724,16.2764367461205,1438.27545645833,1285.94910898805
91.6404483616352,94.1017853319645,2684.16252848506,15459.0218714476,386.2738532722,2237.50511533022,45674.5661428273,1309.58503854275,7743.05122733116,18566.5318987966,345.57631149888,3357.4051246345,1789.00273001194,883.96515288949,1393.5496891439,1828.29544630647,2063.24471762776,170.751246035099,421.525868207216,5231.74753046036,29024.506859988,1025.16509994864,13585.9295656681,19089.5593578219,531.402731567621,981.659118354321,3524.3704803884,0,3798.07535332441,13497.2079592347,11.7418838441372,505.865364223719,978.79846149683,3621.1071459949,2958.6958746016,15322.8213464618,859.757672071457,7442.37238299847,3163.58088976145,833.711814254522,1112.21113324165,63.6937668025494,5841.77956476808,148.177322655916,1326.08449408412,233.394384235144,2573.94037777185,966.593620836735,195.352141052485,63.0217467844486,30.0012943446636,87.4160455465317,1995.42232264578,39.5630891025066,387.664213955402,1736.04001173377,1624.70961296558,2321.38852763176,2634.79692170024,64.6174750626087,324.815077185631,17.7655994296074,981.975527733564,241.051565498114,678.367900043726,53.3616742491722,0,9.10194838047028,765.099130064249,519.844673782587,1037.72464436293,1026.03644430637,14730.8890450001,4.68300074338913,16.8569590747356,595.378772288561,12443.226842463,1471.2986677289,1350.1879208982,0,67.5648727416992,133.848744988441,1337.84988057613,680.601976633072
5335.18892851472,2.29343843460083,40.3351100087166,80.0596493184566,31.4311935007572,1010.39670732617,9846.93739455938,3098.4403000772,309.767855674028,3252.58227300644,649.182466328144,611.78619325161,285.542730301619,15984.7640938461,76.8759461343288,13.4941121637821,1165.01855385303,217.860013306141,446.30275067687,213.941815584898,1170.67771089077,16.6711634099483,1491.92380675673,402.719460934401,79.668375402689,364.09957164526,268.929460048676,3798.07535332441,0,21452.1259162426,31.0992906689644,1043.74426957965,5044.1274817884,5937.82835331559,196.110740602016,1641.73978891969,144.638566970825,4007.51904881001,782.129424214363,55.2003731131554,91.7688421010971,31.9069842100143,381.724037289619,7.11883634328842,55.3623080849648,8.08815091848373,121.828961968422,47.0146701335907,27.5442821085453,6.0727986395359,2.89806538820267,0.576281249523163,11.4306710958481,5.1647697687149,8.97492921352386,102.032160460949,38.7744646370411,121.663827180862,13.4606576859951,4.25021660327911,4.66646087169647,10.6671358346939,43.866449713707,5.08266240358353,33.8344165086746,1.98634088039398,1.09041509032249,1.68437403440475,5.19882607460022,20.8761067986488,66.5446180999279,16.3319175541401,920.085946500301,1.19281232357025,15.2150159478188,28.367901712656,484.505829036236,67.2934067547321,83.2898265719414,1.15241515636444,1.90853404998779,10.1242314279079,72.1167596876621,42.5631771683693
