0,7.04610655574798e-05,0.0551801743167772,0.000470726069262028,0.000194664118680954,0.00269683196353626,0.203158905189975,0.0773579794097588,0.000206185628665924,0.00886645499480865,0.00255739917090512,0.00119562994677973,0.00062196723477602,0.801988241580021,0.0011878483423934,0.000215743292773247,0.0505977652222881,0.00211283577147102,0.00689645394525574,0.000118534068162918,0.0882234505085463,9.26676537094117e-05,0.11246808995109,0.000750864565296648,0,0.00595243116101503,0.00996150739482596,0.0100897534291392,0.861833250886501,0.605924856640084,0.000151801131583214,0.00133707859340143,0.00733055259176732,0.0232808808786321,0.00365988368906594,0.0247357441197296,0.00414412410803318,0.011119688517982,0.00558474441985559,0.00208487907897377,0.00181438850354576,0.00123424553631163,0.000559060635599613,3.06988389830589e-05,0.000412835302338124,0.000277329118503571,0.00040119426428175,0.000164698446464538,0.000534214500580788,0,0,0.000487632269841671,0,0,6.2726280029297e-05,0.000255370855949879,7.86212059478762e-05,0.00055010025396967,6.81466448864937e-05,0.000150583293268204,0,0,0.000304300870316505,0,0.000519210115272045,4.94801219701767e-05,0,0,2.03692266311646e-05,0.00120262983206177,0,0.000590665133743286,0.00162321594436169,0,3.24959930992127e-05,0.00237123571509075,0.00241075876622915,0.00026163221931839,0.00152923564405632,0,0.000412040360326767,0,0.000113870061418533,0.000344924235451698
7.04610655574798e-05,0,0.0218999015142832,0.000394662742793083,0.000636892577147481,6.37291668863298e-05,0.00100961956279707,0.000114621638483048,0.129083860450786,0.000572011257771492,0.0298950173310742,0,0.116756716151597,0.000327174296344757,0.0134989083731031,0.0274629449292626,0.00707649263402223,0.000665350444663522,0.00236727694186163,0.000141611444578171,0.00222615861628246,0.284287988398746,0.0109540884347749,0.246957344918929,0.345990596223557,0.0461964661702709,2.37308450420792,0.00850692183477689,0.00042969730478239,0.000243484157752991,0.00903929764297202,0.000186461700030327,4.89214643983841e-05,0.0108726558307672,0.000540527799367905,0.0131456712106147,0.0242321526566148,0.0104607471105008,0.00453064138536501,0.00599865891756391,0,0.0727508988944806,0.0273087932870836,0.0269684425614267,0.00808328316200353,0.0124878297760263,0.000785214395427705,0,0.0276929667491512,0.000340258498955727,0.189781122490942,0.0140269948670797,3.31857427282334e-05,0,0,0.000485465670237064,0.000140670047780514,0.00277652480464697,6.7947643303871e-05,0.0109533632308302,7.44631925497058e-05,0.0472962314536986,0.000749710569354059,0.000475146714124203,0.00383897529037571,0.0218817418607726,0.000350724998405456,0.00207030130110598,2.90465273308754e-05,0.00139564179752684,0.00937075491421939,0.00710587195213794,0.00517141216995191,0.0149723562665577,0.0742591951910016,0.605774164042545,0.00114610127247191,0.000510414811217308,0.0010494872184763,0.0152266134905419,6.97048807926177e-05,4.11152147798538e-05,0.00749841206233122,0.000301517625454903
0.0551801743167772,0.0218999015142832,0,0.000413588512228489,0.00112436528672505,0.00248878116591525,0.0293647326881662,0.0607607601044011,0.00185785930633878,0.0119747998525471,0.00265681841412163,0.00147287800554514,0.00114401103916311,0.171904112513651,0.00293613286432886,0.00658493302471306,1.85177402979364,0.0129571649796238,0.230018526018452,0.000396180208379745,0.251208036584176,0.00540789370240689,2.59457365493732,0.00738879949739459,0.000191022432403564,0.96509034039497,2.0790770812868,0.0275119272816625,0.117208959197,0.101919532810236,0,0.00504002286758852,0.00669350073022127,0.367882494292813,0.0337283405984931,0.629755934318175,0.455537314456765,0.251745767457242,0.24456404794837,0.00432143069703913,0.00218606256629133,0.00262694492759943,0.107202752566337,0.0227463497365851,0.0391753084982772,0.0501469353354692,0.00341237902943802,0.000269596375871658,0.000573266535515785,0.00305706874289703,0.0312968465823684,0.252472914861711,0,3.87959198627472e-05,0,0.00340829575882959,0.00119950330420447,0.00140568709314537,0.000267415865560055,0.00045293582955265,0.000167185788239479,0,0.00557845292003918,0.000548559011754513,0.0169786070733247,0.152596645139537,0.000245026484790802,0.00757498486215304,0,0.0237108765916586,0.0148810770553694,0.110153645792389,0.00829569681344892,0.000136504326922416,0.089687186370612,0.981992518556593,0.00838772345812654,0.00242970494971561,0.0185006603209391,0.000146392880578995,0.000117384139373302,0.000239851981381416,0.0348838497512598,0.0168618509064717
0.000470726069262028,0.000394662742793083,0.000413588512228489,0,0.0032553941585412,0.0296457038731942,0.0781614239013392,0.0435532182873659,0.354556803055364,0.488773638396372,0.0063473027675843,0.471768352122927,0.00284310343344784,0.0310248357006841,0.0365591221446476,0,0.000339898915660858,0.00293720849767828,0.00109255001052189,1.00255477536967,0.000569991612493515,0.000944817049635887,0.000178933248889446,0.390276749984802,4.51593516225815e-05,0.00270544081602717,0.00156686731807995,0.42881158118962,0.0275178952452378,0.00133548154805803,0.000442697715095043,0.00725959911365035,0.000682410615501879,0.0308987524709601,0.00780391823026372,0.0796626896542226,0.00136458677510548,0.0186061188222013,0.0043307388332963,0.0207635766822152,0.00641388059115602,0.00825515542139055,0.0173417521447935,0,0.00328212430431891,0.00183375545842552,0.0421182946067062,0.00248178423407221,0.00276728613431883,4.114555626297e-05,0,5.98724620485306e-05,0.124819123851309,0.000228119370872498,0.00591451753748274,0.0324560685089836,0.00845889693715957,0.0498318142687826,0.140758969785775,0.00265973635406828,0.0565239169216919,0,0.00748023651859187,0.010620447354013,3.86554595603943e-05,7.77126390151978e-05,0.000111880712888718,0,0.0275326918385453,0.000135050608646393,0.000220884871255875,5.09353854660988e-05,0.0975760943626,0,6.31352432584761e-05,0,0.129576493447377,0.00348034091336918,0.00136097226158524,0,0.000338422826179505,3.08765299515724e-05,0.00798679213845349,0.000656395144178868
0.000194664118680954,0.000636892577147481,0.00112436528672505,0.0032553941585412,0,0.0764351333628185,0.0103859347318053,0.0266554131353359,0.018357601532816,0.0216044840665627,0.000618769742368698,0.0181134922674437,0.000266078747079849,0.00420782889250517,0.254605812871778,0.00212263358772755,0.00112068835675907,0.000281756397186756,0.000184713821466922,0.00272663406984615,0.0234017250281754,0.00159764732304669,0.0374642678262663,0.0261172914465208,0.000298438052524567,0.000321412657836914,0.0048369569484272,0.0123277399637518,0.00176813780914879,0.00724290487101459,0,0.0180598797092857,5.92610768766403e-05,0.0999398173657982,0.114214829376148,0.0400026654113073,0.00683173299323701,0.00382434956595612,0.00613516597704649,0.7582715960589,0.57175687469876,0.00308293764759636,0.00287388974231529,0.000930926831248282,0.000907362354549408,0.00788414378080846,0.0214219964428439,0.00185146269801808,0.00162918318099403,0,0,0.000632872668010709,0.00638410740413048,0.000243405983419418,0.00208254694885254,0.00190715616411066,0.00208240332355213,0.00171374611533022,0.0158482137272043,0.000997520116338732,0.0103711823627286,0,0.00150145167321968,0.00639434805543283,0.000756289217253685,8.92462237100603e-05,0,0.000248775520048142,0.00317525040772534,0.000722521401932714,4.09155626764298e-05,0.00235682524409008,0.00468658743791628,0,0.000564402732925415,0.00169889740207243,0.00540715045163584,0.000294212657100677,0.00101874006387806,0,0.00175903557670498,0,0.00158413871619129,0.109131780533382
0.00269683196353626,6.37291668863298e-05,0.00248878116591525,0.0296457038731942,0.0764351333628185,0,0.386424691496488,1.16541321225016,0.0550247602373972,1.74638477359842,0.0167736768454242,0.268151351248824,0.0032938830120821,0.120214023528807,0.277161862785277,0,0.00194030021572495,0.00730136617823264,0.00368583403375054,0.0282427376755671,0.00822290937739561,0.00020597957387209,0.0028817605463376,0.0231943384300003,2.55928956198693e-05,0.00741904836797045,0.00268427496423197,0.0445341912831516,0.0535841364213367,0.0200074957751427,0.00055958565807724,0.0224467725680823,0.000851849444326398,0.0620974450152884,0.0648832147978923,0.134723114416835,0.00408557142221403,0.0250610316131086,0.0123098758871355,0.41476969302158,0.062338036985517,0.0229354058160897,0.00673458244411185,0.000223799338651657,0.00323060689472294,0.00493814383560133,0.048210967230403,0.0061753065718689,0.0118674550049887,0.000153379429252624,0,0,0.0194397973230329,0.000950515649136543,0.00733326419173479,0.0103133623422718,0.00958573506967018,0.0118839767981014,0.0389649220448613,0.00369756044660425,0.0271235274716892,0,0.00441420285533094,0.0169560772434368,0.000303878322572708,0,6.05101774692535e-05,0,0.0114744552822776,0.000238276882261276,8.64051701030733e-05,0.000112660571764469,0.0171587451612969,0,6.16056768665314e-05,0.000123694398047447,0.0240648742316036,0.00108017691848087,0.00329092915183068,0,0.00436376895989227,7.87830942935942e-05,0.00421667055874872,0.0133988483892646
0.203158905189975,0.00100961956279707,0.0293647326881662,0.0781614239013392,0.0103859347318053,0.386424691496488,0,1.38803934927571,0.0712564710919345,1.73251029148794,0.0750846790682485,0.0231957678627877,0.027883992853549,1.77456966149546,0.0456650435278945,0.000816469394280912,0.0145119562159395,0.0388505128564067,0.0177383557490173,0.00492011106906223,0.204487146053809,0.00356123088237476,0.0502044752852854,0.201039281826678,0.000464375685197354,0.0414046028242664,0.0244162813541923,3.48835656283034,0.977575465787341,1.22542566242173,0.00460774351899576,0.0642352250124865,0.115773680151179,0.422684147140656,0.149832800014216,0.841486221478973,0.0234904734263964,0.268679351434161,0.0584054592244005,0.0707960949707895,0.0654113771511681,0.0683101091831601,0.125278841418001,0.00157575003050852,0.0256184832460842,0.0231689658503051,0.0871573053889934,0.018829583276845,0.0349726431919885,0.00267313905464602,0.000323486210599423,0.000552716188236237,0.0468780440371327,0.000356708779515266,0.00796463184166001,0.156744937240591,0.0408244118377862,0.0374970767795177,0.0501476681406283,0.0187111261490765,0.00986395555824424,0,0.0510031477109742,0.00653355913789987,0.00521476033932209,0.000247416488895893,2.80806325535774e-05,0.000224518799746513,0.00792567512013817,0.00610377876589823,0.00265922246313858,0.00463018002617598,0.261862894298442,0.000163079615198135,7.76237171087264e-05,0.00380995481742811,0.300654845236854,0.0297836936242919,0.0426130853658843,0.000107884047288895,0.00891283189583301,0.000855552458498956,0.040700634007184,0.0154968244650464
0.0773579794097588,0.000114621638483048,0.0607607601044011,0.0435532182873659,0.0266554131353359,1.16541321225016,1.38803934927571,0,0.0485861717851038,1.41626091456819,0.0348307107797012,0.164348633319221,0.00356338123387099,1.42767043530581,0.0881678914784488,0.000468264752047062,0.0308957029002728,0.0212492964954586,0.0160211541734348,0.0267285744475022,0.174278127869644,0.000475026539259911,0.0915314823089187,0.0468495876775575,6.50936165599821e-05,0.0216318507236452,0.0119373946622801,0.218854219894742,0.200877400344047,0.482542912509125,0.00136351126291322,0.0576637152589745,0.00571687457035017,0.103372277334907,0.0120461256876526,0.356150241149081,0.0155760430392136,0.0467862870081639,0.0397719036715379,0.264542974648628,0.0405800171559463,0.0642327010085522,0.0446429757239242,0.000300900294261933,0.0180566832532382,0.0193885559542036,0.0520291339912991,0.0225509016956034,0.040115542423831,0.00154845495121765,0,0.000330942824858666,0.0174126763643861,0.000905239692126272,0.00814327782503703,0.0745793986014988,0.029431800585032,0.0230291973050623,0.0254929475591598,0.0171102025665507,0.014058482321806,0,0.0155072468781982,0.00832255145660591,0.00175809503919125,0.000123776490417481,0,0,0.00629434858680438,0.0025269797911849,0.000732662331564904,0.00095300759488392,0.113056471915256,0,0.000166806801157952,0.00186765726052809,0.131497725509761,0.006372146168179,0.0187863935381813,0,0.0257828592094431,0.000312219039336205,0.0143396233710494,0.000966771457527636
0.000206185628665924,0.129083860450786,0.00185785930633878,0.354556803055364,0.018357601532816,0.0550247602373972,0.0712564710919345,0.0485861717851038,0,0.534915534072802,0.0117707763518543,0.269947729591895,0.0338515460267086,0.0299981271670575,0.226495520877253,0.0733920092024633,0.001555602275455,0.0027117339542613,0.00145332084882116,0.156561710041823,0.0329910509540305,0.521520047332725,0.0438012821973038,2.46987270703968,0.091994520072271,0.0107480804057436,0.436922833534492,0.439616952483318,0.0185346877015157,0.0129603542296157,0.00347626030449056,0.00828419772872402,0.00229381613849258,0.0253761879365316,0.00491647769603061,0.13949388153541,0.00742196889322473,0.0163963253018046,0.00704191694269612,0.127841131655369,0.00775826666179706,0.0171976275463715,0.0907198794961695,0.00613169081291056,0.0165793475716081,0.0163172547164597,0.0363610386500473,0.0050535997865839,0.0155845451839256,0.00274086026638413,0.0026727687088666,0.00315437902190638,0.128422582786384,0.00103917106575393,0.0137662668138929,0.0773560665915528,0.0228390573460651,0.600544289090986,0.100200937832145,0.00922419165870093,0.0443351677282104,0.00560618333008718,0.0235881457155719,0.0163296063990969,0.188348474755164,0.00175729666190815,0.00571970412707376,0.00152139215631581,0.0259920527102265,0.0958831120417944,0.128680574538453,0.100261241736737,0.592441463659679,0.00245096130964422,0.00851635873873755,0.0874019972656417,0.341478452628314,0.0196107698077698,0.0331528393264446,0.00252810066462135,0.00519919010343361,0.000937341305591584,0.019447598881073,0.00794041128770542
0.00886645499480865,0.000572011257771492,0.0119747998525471,0.488773638396372,0.0216044840665627,1.74638477359842,1.73251029148794,1.41626091456819,0.534915534072802,0,0.120741944527682,0.15302258492806,0.0275755730309057,0.58139089207191,0.0834445402656397,0,0.0193349179940472,0.0645493800818784,0.0307921485423631,0.194563079076163,0.00705976996232273,0.00112724333613968,0.00629511650237919,0.128631310219768,0.00130813869183541,0.0673148567953832,0.0175621801155882,0.567954445676335,0.385472422110373,0.0335972935819087,0.00628884471110628,0.0764302592658151,0.00241262728564596,0.373009127028338,0.0932435817622488,0.496997386056494,0.0177968820691724,0.171073214814966,0.0363157110726271,0.0915751088676411,0.0532591781119866,0.103331449859084,0.0240895016891155,0.000194588788744926,0.00830062483471301,0.0121544262229628,0.133103766685378,0.0163313125045323,0.0311291778560601,0.000399985138099193,0,0.000117750736736298,0.371563960163259,0.00331239549763727,0.0301498914910927,0.0596558735372486,0.023400337368516,0.124496588174622,0.500013676865668,0.00893545944550179,0.155127470011927,0,0.012590128410706,0.0570781925313106,0.000550877551769257,0.000183279102499008,0,0,0.0943152959400575,0.000969251865384577,0.000451272755415916,0.000449774257450104,0.209913903897659,2.91593060159683e-05,0.000120922500952721,0.00101049224111223,0.276487369233469,0.00344865900511408,0.00478479425947523,0,0.00090915777145815,0,0.0131276490443959,0.0151108044726563
0.00255739917090512,0.0298950173310742,0.00265681841412163,0.0063473027675843,0.000618769742368698,0.0167736768454242,0.0750846790682485,0.0348307107797012,0.0117707763518543,0.120741944527682,0,0.0196245180206351,0.548918057558899,0.0969919433764072,0.00390988430194759,0.000398043266404152,0.0110748342401118,0.966838937632878,0.162029703439346,0.00361393450826454,0.00357847630066109,0.0187462527588272,0.00782907260216903,0.0142589871200681,0.0552481596213212,0.354713300594846,0.0118226044867187,0.0279633349055114,0.109240000128248,0.0139382980911326,0.037019563875196,0.0547238260433593,0.000543017513959408,0.694449477127564,0.00251930774643087,0.0639376813831933,0.170577505058155,0.42455061872171,0.0435153095473995,0.00605850562159824,0.00175067880754852,0.307054215456399,0.00167613418992519,0.119281780179526,0.0035499282176528,0.00150952791879415,0.00188706121680736,0.000352524297935486,0.0798454527893443,0,0.00661324977208617,4.88539966306686e-05,0,0,0.000181067346685409,0.000960676236053469,0.000116641294944763,0.00645804685846854,7.01812633266449e-05,0.0571933444150772,0.000226661428871155,0.265918140737283,0.000240440995347977,8.03050799746513e-05,0.000506367108625889,0,0.00331125207405567,0.000305484698882103,0,2.95433686509133e-05,0.00283102711309719,0.00030283421059084,0.00414397405767488,0.0152091232546234,0.0716033975465354,0.0416690738455324,0.00148007038720178,0,0.000529785697181225,0.137001887794883,0.000117604349052429,0,0.000986916632865426,0.000994634055639265
0.00119562994677973,0,0.00147287800554514,0.471768352122927,0.0181134922674437,0.268151351248824,0.0231957678627877,0.164348633319221,0.269947729591895,0.15302258492806,0.0196245180206351,0,0.00270937384056187,0.0913137117305105,0.23921724739818,0,0.00345342675967455,0.0116733574116397,0.00624307622037935,0.877625372087586,0.00122890764034367,0.000222406782378673,0.00143664606775475,0.0646047510406337,0.000300728582865715,0.0115902163536115,0.00262824313598871,0.0444771977372575,0.0462461948862491,0.00471495084198332,0.000638955082240106,0.00831184765872432,3.25647656364441e-05,0.050370733302249,0.0688537238398006,0.0473596207821808,0.00280315684107685,0.0165900792524142,0.00622653236175013,0.0909787175105626,0.00573196510586214,0.0161761806057915,0.00400704549053622,0.000116092814575196,0.00224281844282627,0.00390999642638397,0.070056045984843,0.00421247299219465,0.00862504287442162,9.85489395818709e-05,2.39229285721779e-05,0,0.0765388355865299,0.00213971849513197,0.0207392048570109,0.0057974801368804,0.0137080182568002,0.0463435933136229,0.147642871026282,0.00336164827656698,0.103862585550957,0,0.00527163757619762,0.0400820355009027,2.9383912768364e-05,3.45456816272735e-05,0.000143243319811821,7.6043747470379e-05,0.0356210713072572,4.08010113687515e-05,0.00017083626679945,6.49158622169492e-05,0.0337737340239029,0,0.000121527388372421,0.000236504239172459,0.0352588376601662,0.00122096377854824,0.000551633401021957,0,0.00187347007768822,0,0.0033740427780118,0.0344588354227066
0.00062196723477602,0.116756716151597,0.00114401103916311,0.00284310343344784,0.000266078747079849,0.0032938830120821,0.027883992853549,0.00356338123387099,0.0338515460267086,0.0275755730309057,0.548918057558899,0.00270937384056187,0,0.00669443138317396,0.00406887196422816,0.00222911876179505,0.000774455053507807,0.00707110287532998,0.000565027382011413,0.000720780807711122,0.00543091165961838,0.0600489663515368,0.0037953062930932,0.0413243518325801,0.451770568381038,0.0354841691486535,0.106344857412812,0.0151954004866276,0.00610331201256323,0.0126105013596582,0.100287793883994,0.00213602221543407,0.000255714757779121,0.155707802482022,0.000450618003433228,0.0147476272852178,0.113413707821656,0.141190909629612,0.00962095536932805,0.0129012522339664,0.000606498672120094,0.26382918107739,0.00744655788613129,0.335784625432136,0.00640262968664076,0.00375856764246941,0.00434998982585335,0.000370251332745552,0.214521410336306,0.000160192525594711,0.0218905422086935,0.000360619237129212,0.00014717002739811,0,7.83490496664048e-05,0.00248096388633442,0.00038559284253788,0.00984919926926711,0.00025678443951559,0.178308125132025,0.000130677923383713,0.791186442400427,0.000679509398972513,0.000562138215960503,0.000715827332257748,0.000247105562320232,0.00803138050056838,0.000534731931163788,3.39937305707932e-05,0.000554397214137555,0.0151411280319672,0.000258146728863716,0.0119664017818437,0.0626338234015531,0.198332149550321,0.166535706806022,0.00512968936315155,0.000321399047226906,0.00127570795771551,0.352038158489727,0.000257488765284061,0,0.00265182070325375,8.00852766380313e-05
0.801988241580021,0.000327174296344757,0.171904112513651,0.0310248357006841,0.00420782889250517,0.120214023528807,1.77456966149546,1.42767043530581,0.0299981271670575,0.58139089207191,0.0969919433764072,0.0913137117305105,0.00669443138317396,0,0.0211256942066832,0.000316210111202717,0.142479610314411,0.0656456749989941,0.0653233242771132,0.0148029548268357,0.374303910615724,0.000695312976113319,0.302307478456008,0.0323143920589242,0.000142268852698803,0.0695873799490669,0.0468316321645575,0.195487068261499,1.64159124161485,1.5322957644389,0.00269424246949196,0.0286532293434448,0.0158472667254896,0.17337807547326,0.0101998651783891,0.197561528679465,0.022148472968379,0.0603697929274106,0.0282751492873578,0.0393049972404757,0.0151790760995508,0.0358588249377995,0.0311874486501532,0.000537555704030514,0.0101491371823096,0.00708186437198356,0.0320248697891436,0.00928402843530321,0.0153114499623513,0.00045192749994278,0.000236575608201027,0.00195981879227829,0.0120134161857977,0.000398695453582764,0.00423794816032505,0.0528585793780632,0.0123296990938196,0.0140214008075766,0.0112671368862691,0.00680138219779446,0.00595511293208742,0.000420750351094723,0.00671574364315653,0.00396136871951437,0.00265326940562296,0.000348765954079628,0,0,0.00304855703236056,0.00366404560745287,0.00119003080240345,0.00220521642434979,0.0762446396547102,6.88794985084533e-05,0.000652515111926077,0.00774286798073243,0.0952049215560392,0.00447690099148178,0.019092359260849,0,0.0103272790903516,0.000128005897075653,0.00945355914599702,0.00104105048931599
0.0011878483423934,0.0134989083731031,0.00293613286432886,0.0365591221446476,0.254605812871778,0.277161862785277,0.0456650435278945,0.0881678914784488,0.226495520877253,0.0834445402656397,0.00390988430194759,0.23921724739818,0.00406887196422816,0.0211256942066832,0,0.00380327359786892,0.00437164090092802,0.00254909096340608,0.00215298695356608,0.0300488129445233,0.0576459269689637,0.0358490968092828,0.0524878838495836,0.386175388905474,0.00823021501304624,0.00293443344304132,0.0590481223721352,0.0759310253843236,0.011432738604166,0.0435861076069637,0.000554324928042412,0.00815193896150634,0.000121824141423225,0.0110060198962011,0.287327698184177,0.0313602624927335,0.00680349591136264,0.00706251800077485,0.00479922511470365,0.258287760092202,0.00877586809432557,0.00774119646287296,0.00622369955242252,0.00128415103737545,0.00309683659116411,0.0136439890339322,0.0593123252129388,0.00227399865042686,0.0053259765424161,0.000156920685556412,0,0.000447513554140091,0.0232859451644325,0.00230308270106506,0.0101712228127355,0.00657742660180953,0.0104695076294002,0.00714061597177938,0.0525259360526862,0.00218639667489338,0.0376286272115965,0.000225413826899528,0.00560174766173601,0.021701208986824,0.00196128693198538,0.000173059651837349,0.000225200500811577,0.000200648294949531,0.0151869638730325,0.00261980644410754,0.00116404786457634,0.00309948985488653,0.013741408264924,0.000130210745066643,0.00118489157250595,0.00295645282845497,0.0216776956328587,0.00226974307941198,0.00370334665951395,0,0.00244602685400247,5.17304691381455e-05,0.00294260843543673,0.0734660439403912
0.000215743292773247,0.0274629449292626,0.00658493302471306,0,0.00212263358772755,0,0.000816469394280912,0.000468264752047062,0.0733920092024633,0,0.000398043266404152,0,0.00222911876179505,0.000316210111202717,0.00380327359786892,0,0.00663117633597852,0.000124788279530525,0.000675779103933337,0,0.802231599096842,0.701189130125964,0.673510059906556,0.256938109380945,0.0080936914817805,0.00353070426551199,0.415862552184191,0.130487181344414,0.000698684582556727,0.00665781254580688,0.000296934234827041,0.000217044416390419,0.000196218594986916,0.0292602741156621,0.0139095507101726,0.217326229170424,0.0915684472960465,0.0757823760129761,0.0570306256432085,0.00240615825516129,0.00124857703706932,0.00410975726184368,0.0641212751084935,0.00606294292463923,0.0213261500015302,0.0289553776292453,0.00730974715831949,0.000409312568169594,0.000612185798968792,0.000357861830431938,0.00185713611733103,0.0148757482536449,3.11374335279465e-05,8.74431738996504e-05,0.000394404178482056,0.00480571216032743,0.00162725835145283,0.00321159670297194,0.000684232627341268,0.000512330744094372,0.000254151319570541,8.45714898962977e-05,0.00324924484318686,0.000252617499629975,0.482858961745975,0.00386549053129434,0.00013461535244751,0.000552823268806458,3.30173007116317e-05,0.189690658143731,0.131437339238797,0.617936593423486,0.0517089262005043,0.00020885024015522,0.000946377460779192,0.256554014952495,0.0528504598626037,0.0013822267016387,0.0472745475301194,0.000162698089407921,0.000105289155226708,0.000570170619415283,0.01473451555197,0.00421120873018026
0.0505977652222881,0.00707649263402223,1.85177402979364,0.000339898915660858,0.00112068835675907,0.00194030021572495,0.0145119562159395,0.0308957029002728,0.001555602275455,0.0193349179940472,0.0110748342401118,0.00345342675967455,0.000774455053507807,0.142479610314411,0.00437164090092802,0.00663117633597852,0,0.0465433540428371,0.54229215081234,0.000587586802207947,0.0988154492589069,0.00458294746662283,0.778029236919177,0.00697845859749844,0,0.90819900319215,0.775100580339444,0.0109303729850593,0.244385284794827,0.108530050327854,0.000210914381801605,0.0124427392621794,0.0242395004419126,1.02254086514832,0.0314932444116798,0.439503741160885,0.435148994945014,0.301614839628317,0.222329281423601,0.00580374855346012,0.00262748464923763,0.00192857866593361,0.0219170356897845,0.00583944399798488,0.00786286072156762,0.0108039174971366,0.00163723535916281,0.000169941785785675,0.000741370805072305,0.000267437302923202,0.00413906937500954,0.0537821640792575,0,0,0,0.000730562079490186,4.43958862438202e-05,0.00084719524385691,0,8.56119075164793e-05,6.85016819915774e-05,5.99761539459229e-05,0.0004147702643466,3.68436640663147e-05,0.00842572081431057,0.0303338453849702,0.000110882295799255,0.00144854083688307,0,0.0107599967632155,0.00257962010779381,0.0254496611594424,0.00309619264826488,7.29724933776858e-05,0.0453165315807524,0.233570856883427,0.00550608931599569,6.76660479469297e-05,0.00505376587628746,6.34324809379579e-05,0.000131735957256317,0,0.00514303374612379,0.0100194717861657
0.00211283577147102,0.000665350444663522,0.0129571649796238,0.00293720849767828,0.000281756397186756,0.00730136617823264,0.0388505128564067,0.0212492964954586,0.0027117339542613,0.0645493800818784,0.966838937632878,0.0116733574116397,0.00707110287532998,0.0656456749989941,0.00254909096340608,0.000124788279530525,0.0465433540428371,0,0.81277377132384,0.00201652299621248,0.00259062938763428,0.000204714974481583,0.0103388237040768,0.00327274852321815,0.00190392639729738,0.125177078996993,0.0184809981060376,0.0130697083663101,0.0789669176378262,0.00868538126220849,0.00248971378813791,0.0403060826264692,0.000787502940655229,0.320601214925533,0.0114882299055419,0.159716892852078,0.40582384241402,0.479411059272321,0.163420128376917,0.00293040098947763,0.00118795919747543,0.0052305403113184,0.00209344194579506,0.0085388621824579,0.00170353408135128,0.00125287576054001,0.000365722893417835,0.000113008764421463,0.00104867506655502,2.78235929589271e-05,0.000564287760363579,0.000410921136491775,0,4.85938293170929e-05,0,0,5.45615393943787e-05,0.00213522778228283,0,0.00210230319476509,0.000234045617238521,0.0193976050955758,3.75026136789322e-05,0.000124351051265716,6.26560983409884e-05,0.000603162721299648,0.00226669420770836,0.000946182763072015,0,0,0.000276100901679039,0.000190714038944721,0.000267948220842361,0.00194623769988442,0.0928165251282995,0.0685623950607064,0,0,0,0.0215908807446241,0,0,0.000491125439796925,0.00390532684268189
0.00689645394525574,0.00236727694186163,0.230018526018452,0.00109255001052189,0.000184713821466922,0.00368583403375054,0.0177383557490173,0.0160211541734348,0.00145332084882116,0.0307921485423631,0.162029703439346,0.00624307622037935,0.000565027382011413,0.0653233242771132,0.00215298695356608,0.000675779103933337,0.54229215081234,0.81277377132384,0,0.00105642965289259,0.00999153733812475,0.000262239343485832,0.0888441373543567,0.00189777196911049,0.000470000054496288,0.886518353123076,0.105038210555299,0.00644924786750794,0.0942812588948663,0.014627684004467,0.000320947596974373,0.0345714932749586,0.00283118655406809,0.60342349279234,0.0137445364386549,0.271029291234303,0.343717813135554,0.307176996364804,0.181376053572258,0.003066429448318,0.000684532731785771,0.000668293659859655,0.00338705798254681,0.00240164218132067,0.00181845349619722,0.00231799971714306,0.00036157035073185,0,0.000223635068169594,0,0.00254506689951038,0.00724678049873828,0,6.45706873054504e-05,0,2.93249558258057e-05,0,0.00119712405140018,0,0.000396641835834503,3.00873717970848e-05,0.00144318963040209,0,0.000112906936480522,0.0010754604618659,0.00542518292739773,0.000743263214818956,0.00103291034917831,4.96725605621338e-05,0.000923077662168506,0.000303787719377518,0.00281656473463726,0.00028305770906353,0.000752298974847793,0.0490996338053755,0.0806168116303827,0.00035399636872673,0,0.000451836427030564,0.00181660555113173,6.32924903526304e-05,0,0.000959247230112077,0.00591883049598885
0.000118534068162918,0.000141611444578171,0.000396180208379745,1.00255477536967,0.00272663406984615,0.0282427376755671,0.00492011106906223,0.0267285744475022,0.156561710041823,0.194563079076163,0.00361393450826454,0.877625372087586,0.000720780807711122,0.0148029548268357,0.0300488129445233,0,0.000587586802207947,0.00201652299621248,0.00105642965289259,0,3.88900403437614e-05,0.00031796275963068,0.000237666930471897,0.106175057045403,0,0.00199602831785631,0.000675008143585683,0.0609971542266183,0.0105745363470397,0.000693037163572313,0.000190228114817619,0.00162866654818439,4.62754887456894e-05,0.0105840339954772,0.000923897655754568,0.0126548981424651,0.000504282308750153,0.0037954433274436,0.00105405267784309,0.0141506725678053,0.00126293683268595,0.00423667640893364,0.00245323807653093,7.066424426651e-05,0.000816536520944594,0.000967250149503706,0.0201214100309687,0.00121886576694918,0.00126098489189815,0.000114367346360206,0,0,0.0664624421882773,0.000759163490292552,0.00513562690322972,0.00689627180129529,0.00494518146413756,0.027787455216176,0.0895558615611421,0.00059008029876709,0.0327806395683332,0,0.00268235350845194,0.0109530425874496,5.78989496927262e-05,0,0,0,0.0186420170167251,3.34803895082474e-05,5.13399255266189e-05,0,0.0312855872471781,0,4.12604505386353e-05,2.27271669573784e-05,0.0369103588046908,0.000685270047719476,0.000398737144696712,0,0.000228895429141044,0,0.00145624301435709,8.3352121273041e-05
0.0882234505085463,0.00222615861628246,0.251208036584176,0.000569991612493515,0.0234017250281754,0.00822290937739561,0.204487146053809,0.174278127869644,0.0329910509540305,0.00705976996232273,0.00357847630066109,0.00122890764034367,0.00543091165961838,0.374303910615724,0.0576459269689637,0.802231599096842,0.0988154492589069,0.00259062938763428,0.00999153733812475,3.88900403437614e-05,0,0.0783296469142411,3.24402465611913,0.0512359578158627,0.000503064604640007,0.0153655976959576,0.30712048690704,0.497679904516788,0.206130512441981,2.24599088811933,7.12052818579674e-05,0.00494663076110888,0.0326123612555709,1.38489210319949,0.157571577152949,1.68140438623994,0.487420184067621,0.890546116316225,0.59369496607865,0.0386659522670717,0.0204379896734018,0.0215327620009146,0.0502638539629025,0.0044776821700387,0.0112959197755995,0.0144331261555352,0.0303980179740486,0.00139938024364758,0.00310068437324238,0.000466377028286934,0.00111304029739666,0.00806857076360894,0.000315861187874794,0.000167531772108078,0.000912806022590163,0.00533783266054344,0.00365602290029955,0.00469412797681475,0.00193165404309797,0.0016237470452013,0.000631252093945028,2.48566141819954e-05,0.0024415690530324,0.00136736311773634,0.296678771625097,0.00722830418698596,0,0.000200300447124481,0.000176539856111527,0.574516468350043,0.080648414980329,0.363272042827204,0.114335719684709,0.000641404134621622,0.00101018803969145,0.0789055837705453,0.187885536061097,0.00430677060126257,0.188424039523609,3.11840641264916e-05,0.000953584109158515,0.00241816944514561,0.00951012425777292,0.0258724285350924
9.26676537094117e-05,0.284287988398746,0.00540789370240689,0.000944817049635887,0.00159764732304669,0.00020597957387209,0.00356123088237476,0.000475026539259911,0.521520047332725,0.00112724333613968,0.0187462527588272,0.000222406782378673,0.0600489663515368,0.000695312976113319,0.0358490968092828,0.701189130125964,0.00458294746662283,0.000204714974481583,0.000262239343485832,0.00031796275963068,0.0783296469142411,0,0.141415158506096,1.48729690719661,0.168645752667123,0.00615117695662164,1.37328954432645,0.0867568019554356,0.000676407104413034,0.00195212958980513,0.00545164669888687,0.000146907720262528,0.000150789640703201,0.00833826743524933,0.000970996295628547,0.024649464464726,0.0137828198301401,0.0124148999076047,0.00676570324182846,0.0104119679461298,8.145663040638e-05,0.0272551134885607,0.0312271694745269,0.0104094471631121,0.0106802036878466,0.0115923432863589,0.00201374297413159,0.000160969090859413,0.0105003510461655,0.000158661003912449,0.0138292986131602,0.014010038634181,0.000308499147037983,0.000188385254625321,0.000153412577854156,0.00291000275595617,0.000559635502136707,0.00773357621746875,0.000102842216571808,0.00492509846293115,3.24943043546676e-05,0.0201847586096349,0.00156421092104674,0.00105309023884106,0.159608498459105,0.0067213421892028,0.000149622464724541,0.000222073587115288,0,0.0586039528900738,0.136459754618286,0.122166536849463,0.0833640771277501,0.00654597945700552,0.0138981241985922,0.256600976744415,0.0213440619315004,0.000852649499170305,0.0112279444115353,0.00582605447557926,6.58361049728395e-05,0,0.00729517007757138,0.00143468398145199
0.11246808995109,0.0109540884347749,2.59457365493732,0.000178933248889446,0.0374642678262663,0.0028817605463376,0.0502044752852854,0.0915314823089187,0.0438012821973038,0.00629511650237919,0.00782907260216903,0.00143664606775475,0.0037953062930932,0.302307478456008,0.0524878838495836,0.673510059906556,0.778029236919177,0.0103388237040768,0.0888441373543567,0.000237666930471897,3.24402465611913,0.141415158506096,0,0.106726941745033,0.00176127597220945,0.123369500191797,2.67632058431296,0.364481961668425,0.309036350580993,0.572858567393309,0.000199721457515716,0.00546873866882229,0.0331638147624278,1.77447577837439,0.231042635865001,3.28030168504034,0.954686518952529,1.76098367663902,1.58146439920937,0.0365529368586617,0.0146011270202437,0.0196108960964113,0.181407205639708,0.0145997741326919,0.0723104091830552,0.0892071437195064,0.0304512334032369,0.00108783660333967,0.00278621155892229,0.00267101377150011,0.00258699503229761,0.126441267260217,0.000314011479506492,0.000232978794811249,0.000565550959922791,0.0142799845894933,0.00523006166407728,0.00205517255448675,0.00195840139505768,0.00182893894462824,0.000690811901530266,8.01556111707685e-05,0.0120579014468894,0.00163636388869142,0.705102014076254,0.0226559192537355,4.07195900230408e-05,0.00177377004993582,0.000172978448574543,0.289554990980681,0.13472158183829,1.3405594477006,0.0630690458665526,0,0.00600343260136986,0.889761030164727,0.0534192805581579,0.00326416391707277,0.0662815579175305,3.14173997869492e-05,0.00111889976565885,0.000494118247418403,0.0423189031490564,0.0727195349716043
0.000750864565296648,0.246957344918929,0.00738879949739459,0.390276749984802,0.0261172914465208,0.0231943384300003,0.201039281826678,0.0468495876775575,2.46987270703968,0.128631310219768,0.0142589871200681,0.0646047510406337,0.0413243518325801,0.0323143920589242,0.386175388905474,0.256938109380945,0.00697845859749844,0.00327274852321815,0.00189777196911049,0.106175057045403,0.0512359578158627,1.48729690719661,0.106726941745033,0,0.138123271651577,0.00875895834104492,0.772055889163943,1.08038867163749,0.0279533580655575,0.0208647015257349,0.00307112260734129,0.00732516635036087,0.0150666895741196,0.0695438228432262,0.0320607347921948,0.3065546460031,0.0368674438672628,0.0536215708943596,0.0223758033842683,0.104158692459393,0.0107947055596719,0.026010922108027,0.257053421145577,0.006642940424984,0.0451429600585141,0.0317715277696409,0.12831185572647,0.0184029097120414,0.0417897325053134,0.00661580972614859,0.00539588094483519,0.00727001052945902,0.141253421852882,0.00105755125699997,0.0198624607588792,0.280366601131316,0.0727287334979024,0.286163522331031,0.13358844588715,0.0258784482514186,0.0297056342986965,0.00417337245152092,0.0897165207207787,0.0193877049462461,0.146552638368435,0.00328212614963579,0.000868808048177717,0.00180641712416125,0.0205087371358681,0.20222941986436,0.0908514474829903,0.0905196947112709,1.11377034955172,0.00187644194375896,0.00242607569229984,0.0797872770775339,0.976197766942539,0.070816600976409,0.196959423056332,0.00138827056365681,0.0136320931743894,0.00503810928329659,0.0744997690417098,0.0159819864688182
0,0.345990596223557,0.000191022432403564,4.51593516225815e-05,0.000298438052524567,2.55928956198693e-05,0.000464375685197354,6.50936165599821e-05,0.091994520072271,0.00130813869183541,0.0552481596213212,0.000300728582865715,0.451770568381038,0.000142268852698803,0.00823021501304624,0.0080936914817805,0,0.00190392639729738,0.000470000054496288,0,0.000503064604640007,0.168645752667123,0.00176127597220945,0.138123271651577,0,0.0387050316891189,0.285307361930088,0.00407953330863762,0.000352035631928444,0.000254850429988861,0.031852537050499,0.000327152145086288,0,0.00794299199505901,0,0.00100998443227243,0.013674387800158,0.00822576768378356,0.00120092858782482,0.00358215323435497,0,0.107349390242181,0.00311179893866301,0.0317472441282163,0.00469222231806564,0.00209630345818806,0.000947549438309669,7.60565062522887e-05,0.0593280134894615,0,0.0900802322989396,0,0,0.000463157490866661,9.50767130413055e-05,0,2.69492221713066e-05,0.0147493811060744,0,0.0554387893162365,0,0.346057041130258,0.00021958731525135,0.0012731995774641,0.00105412894348526,0.000434347747515679,0.00100706072897244,0.000671844851051333,0,0.00017322855611515,0.0155718417988014,0.000257007172991753,0.0105773122460489,0.115196220358577,0.0711145353077505,0.154152630335021,0.000718132153553012,0.000165622357486725,6.01415316181183e-05,0.0729977245595085,0.000287439702924729,0,0.00177193251133919,0.000188699581057548
0.00595243116101503,0.0461964661702709,0.96509034039497,0.00270544081602717,0.000321412657836914,0.00741904836797045,0.0414046028242664,0.0216318507236452,0.0107480804057436,0.0673148567953832,0.354713300594846,0.0115902163536115,0.0354841691486535,0.0695873799490669,0.00293443344304132,0.00353070426551199,0.90819900319215,0.125177078996993,0.886518353123076,0.00199602831785631,0.0153655976959576,0.00615117695662164,0.123369500191797,0.00875895834104492,0.0387050316891189,0,1.76892674101523,0.0175246085373845,0.0936289370323532,0.0147476015309315,0.0387033896515946,0.0337464996928168,0.00148759111410713,0.54296843810536,0.0458916905688858,0.868838323294668,1.49956998269329,0.700371264764368,0.450939620061955,0.00567995942914581,0.00157008584523583,0.00916872203513861,0.0542618543288927,0.119549643683547,0.0373667256766663,0.0403366351653743,0.000538575345992088,0.000471601183768272,0.00417374282339573,0.00031187408809948,0.0659606577955272,0.0371400513548083,0,0.000126788062488556,3.71753178377152e-05,0.000139130589371681,0.000141052516732692,0.00408279315784407,0,0.0213441645385752,0.000285344382878781,0.223794846358173,0.000478327091683388,0.00027557924737072,0.00198628620221043,0.0563935806111989,0.0225115205045986,0.0318378270938874,0,0.000507360694340229,0.00794667517673494,0.00672172495452401,0.00440015552032614,0.0437831720840278,1.50192487897545,1.88039224792301,0.000322617534198761,0.000777500817996026,0.000975154469326973,0.217141284097201,7.08839823646545e-05,0,0.0146764868205814,0.0192331757708716
