0,5.28276654143929e-05,0.0230387069705486,9.8820138875413e-05,0.000581531795163524,0.00678984097193793,1.21163029715586,0.144864206054597,0.000497859632777157,0.0025327801418734,0.00475774817139925,0.00143024176484218,0.00212213421239252,1.20685341418499,0.000654283487484008,0.000112636270216254,0.0600005726090549,0.00224998936366199,0.00630011449277638,0.000379968447798139,0.0237992542282359,0.00018127152436831,0.14833965974901,0.00246592436687729,0.000239796309263617,0.0185474605539619,0.0292803685895334,0.023030500773786,0.3888062248024,0.892122762625632,5.37001419599354e-05,0.00248918814986204,0,0.0185433615909271,0.00231570948840685,0.0159736461902801,0.00633040983329647,0.0264479536411259,0.0100001093799757,0.000480568921764654,0.000527789649628937,0.000362440758209896,0.00037876333878521,6.86182057309359e-05,0.000260706290640816,0.000187518590974349,0,0,6.99523576369464e-05,0,0,0.000957461541778238,0,0,0,9.20833618948456e-05,0,0.000842907647985424,0,0,0,5.57798736314893e-05,3.54383737642139e-05,0,0.000262777616075277,0,0,0,0,8.56608863128427e-05,0,0.000697692896728537,0.00242297834988369,0,8.9922098006737e-05,0.00477350044062085,0.00123822838976831,4.76027058721304e-05,0,0,0,0,0,6.69741299950361e-05
5.28276654143929e-05,0,0.00264979374983695,5.0103964274025e-05,0.000100916258818683,0.000469958955355704,0.000174370912361982,0.00206704847707451,0.0747764279893473,0.000499758174772829,0.0320859733595636,0.000210297633530662,0.263514843680758,0.000970475064477229,0.000429779667187232,0.0627124094062728,0.00551008383566521,0.000160368146995229,0.00164162844157413,3.91603990192831e-05,0.00459635340924773,0.229572772493425,0.00851514675920078,0.247679869272571,0.410212895861968,0.0115587406481241,0.906087889579111,0.00804982104361436,0.00181069348969574,0.000231053993372315,0.00328460632642374,0.00154140501332049,0,0.0173937016339459,0.000446318144228598,0.0121672925140345,0.0052556868438897,0.00782559976726266,0.00299382070719229,0.0004860070367724,0.000111526945618809,0.022208919628821,0.0282410043543505,0.00846066248274205,0.00696984638497021,0.00902281242191605,0.000354511410034937,0.00033970120664438,0.00575828663051875,0.000150180503010007,0.28311800271228,0.00554345038072518,0.000356366630667222,0,0,0.00103248755045489,0.00027298478592444,0.00260881521150535,0.000215923258580071,0.00505800343554109,0.000167453339787116,0.0182068249196409,0.000947450468933138,0.000123649638112772,0.00622231566960072,0.0163431596787656,0.000816608894630868,0.0135996365259101,9.63287300030351e-05,0.0025262743669829,0.00764113858671772,0.00845988412643309,0.00402667001073553,0.0329718129053776,0.0353421193675359,0.469065936002377,0.00111089992728031,9.34981474109976e-05,0.0012596963630571,0.0014652308529701,0,6.59199140674531e-05,0.00278071928108705,0.00338139194256647
0.0230387069705486,0.00264979374983695,0,0.000153813511008507,0,0.000519871240355516,0.0281937214469386,0.0396870788222192,0.000161657486554027,0.00138434185537197,0.000663934527896324,0.000337900464653438,0.00286690099766916,0.0680716997789107,0.000778373892042652,0.00748706170119759,2.12679346616235,0.00380010217684921,0.0303750598333464,0.000389276044855294,0.192279267982668,0.00553355417764156,1.42264540829604,0.00169557985697999,0.00158947778070958,2.60789632225733,5.29883635004962,0.010941253898482,0.0160546755662645,0.0275352908532047,0.000447395176726851,0.000234143216476822,0.00083680293519373,0.0616958273160974,0.0176258126946896,0.487749453255714,0.264485607358538,0.234875626999709,0.148493995254963,0.00233930301225399,0.000481191153994524,0.00071513185520862,0.147079518324771,0.0354101172424178,0.0489583098036759,0.0545611338335779,0.00416777621800603,0.000658627290645593,5.94335671480179e-05,0.000273145952741772,0.0352363787042388,0.344743676985322,0.000534498391595444,3.39226029597044e-05,0.000266280670023912,0.00147857810503873,0.000509411499352285,0.00107789711073678,0.000207834452948025,0.000653062519824931,0.000266409487010354,0.000697993420332116,0.000584320861135224,3.36075711296707e-05,0.0192320267086034,0.0560291635669082,0.00170176540418773,0.00990650736571166,0.000308550528362525,0.00484185841068743,0.0108323303361269,0.226611923115155,0.00531700976114319,0.00224585041013175,0.0461937456636725,1.65266322326651,0.00238391611984998,0.000249131798260627,0.00260589549995846,0.000234054492898884,0,8.80586393123033e-05,0.0160191702563628,0.0149517356426902
9.8820138875413e-05,5.0103964274025e-05,0.000153813511008507,0,0.0163519553939665,0.0786280972976589,0.0192305839909862,0.0507024769643043,0.323292695066183,0.73744283998213,0.00610627482065041,0.534546414339573,0.0154077405983926,0.0180103102593765,0.0841522958028002,0,0.000182801055397287,0.00186373993063081,0.000490516474682647,2.2649458310272,0.000325336571470839,0.000287404376653344,0.0002611183067016,0.618912506750983,0.00830704671283592,0.00153761549218144,0.000409176602571532,1.15942867701688,0.0286905044940106,0.00103284606303799,4.15843421285748e-05,0.00398402274523342,0.000317010777222759,0.0116326659430114,0.0169688657503461,0.111254034551241,0.000811851130101318,0.0175446482516351,0.0026596955365797,0.11233618432436,0.00334014656080129,0.00131954533235544,0.039834836915775,0.000183440770291042,0.00852472971637183,0.00170819070611281,0.0841687501245978,0.00297590396871835,0.000710045127939552,0.000520511271518567,0.000169587853818941,0,0.125154985615019,0.000510518921313805,0.0122899822271413,0.0445326466387658,0.0360516544183622,0.0339979586050753,0.0536264825546537,0.000789957051707607,0.0486109498561458,0,0.00502728830024157,0.00447920348670735,0.000263527324912191,0,0,0,0.0571048332306415,0.000417029335764474,0.000328315885974696,0,0.217982186491549,0,3.0407829476586e-05,7.1435151092121e-05,0.203756747700502,0.00439856518523818,0.000834696092215267,0,0,8.14914429163813e-05,0.00531984170168515,0.00156922620172544
0.000581531795163524,0.000100916258818683,0,0.0163519553939665,0,0.182604014889116,0.0269146343296803,0.073538582669469,0.0346853541625743,0.0721111855486522,0.00958243607976257,0.0903001799809743,0.0205541764031514,0.00737555087276253,0.287308295193219,0,0.000297384547980121,0.000914778994679063,4.30307319837034e-05,0.0205379596648572,0.000460503572684544,0,0.000532194638349009,0.0241395434899455,0.0100061936306459,0.00145325017292044,0.000674854460806418,0.0305519492533372,0.00452119889608882,0.00233222836930221,0.000256750138253823,0.0452221372895878,0.000145037866357541,0.0398638484037576,0.0592534125638109,0.29264244551025,0.00150647970365726,0.0093814270771716,0.00463688895469802,1.49300049409828,0.405966944713841,0.00419884513816469,0.00496539293305149,0.000242413979867327,0.000991684869147416,0.000840821884606576,0.0165366150134143,0.00290537019516129,0.00058917022327719,0,0,0,0.00730763516389076,8.06148598901331e-05,0.00133425918656391,0.0022685256912581,0.0029517866702854,0.00334925972754337,0.00384023229016224,0.00341289579575954,0.00571909806094142,5.89730639920056e-05,0.000819178504851893,0.000658004576481557,0.000150059580205608,0,0,0,0.00489177433654926,0.000170857313593394,0,0.000273916598104092,0.0186134448288311,0,9.61858766840099e-05,0.000272698582291782,0.0104707249806728,5.14084044366896e-05,0.000188933675189281,0,0.000561180327793264,0,0.000389940895627893,0.0294418792066504
0.00678984097193793,0.000469958955355704,0.000519871240355516,0.0786280972976589,0.182604014889116,0,0.519112700993698,1.07843296994981,0.0464691558247033,2.49692983787033,0.0355736216575754,0.534381529515614,0.0428255002814805,0.132268960255769,0.669511931805373,0,0.00331682256616667,0.0091194325438742,0.00459097564896405,0.106518006982016,0.00210486814026425,0.000256296992124063,0.00601544726121857,0.0549323697698329,0.0151866382468485,0.008647213889577,0.001864457159113,0.387184999274669,0.0336227645284549,0.0142599362912664,0.00171788924465128,0.0268235602107212,0.000464860473411119,0.0441406314382458,0.103244082319748,0.402396385393155,0.00487178275853757,0.0332315630411432,0.0104804211497016,0.507344946905951,0.0251339335383989,0.0167475264930184,0.0426906534953992,0.000584833952847022,0.00818717049624895,0.00350989162556128,0.0225794815701046,0.00522165433734948,0.00254166510023753,0.00120884559410153,3.57452804854185e-05,9.44108027075529e-05,0.0101770146033912,0.000260554662103853,0.0031502067300671,0.00908346045061186,0.00981994259932024,0.0194145402124584,0.00605910957294691,0.00599216186147841,0.00802629300257201,0.000454462043470064,0.00674469892904444,0.000962044185990305,0.000464534977083493,0,0,0,0.0058562122669512,0.000471529445768639,0.00015746534205029,0,0.0939855591176892,3.79397953209042e-05,8.61340276903421e-05,0.000169470673534548,0.0452913340221439,0.0074055719249702,0.000924693560207427,0.000360864893728995,0.0013519057934076,0.000261141715649682,0.00308759093656085,0.0116178197024915
1.21163029715586,0.000174370912361982,0.0281937214469386,0.0192305839909862,0.0269146343296803,0.519112700993698,0,1.10298890603507,0.0795265038064757,1.8984866216541,0.0530176141659293,0.039854231033475,0.0817308429979482,2.16218127069501,0.13357385207358,0.00100044932890962,0.0267808066435944,0.0232746649051072,0.0147405201103189,0.0121535308512947,0.129784543186379,0.00130186133294263,0.105478238943733,0.245159002724005,0.00499476087410163,0.0362690892734941,0.0255302712240238,5.13227279556649,0.80148608075797,1.9065623962356,0.00325220586985595,0.0233264237158437,0.026948444388462,0.127076684228585,0.176390296937586,0.717427749692666,0.0122751690442932,0.197298702347391,0.0352233801491098,0.0749890864602223,0.0228637263612652,0.00938254001376523,0.0659692025137759,0.000876783520901547,0.0159091838936278,0.00408197827413453,0.0139399850328912,0.00535045547267517,0.00196776937622839,0.000818962093820715,0,0.000815350755289168,0.019417458145618,8.17144981128574e-05,0.00331351450729972,0.0297895268575823,0.0293439523302415,0.0325037609986576,0.0110491767973336,0.00588076088140224,0.00409416278723564,0.000231832686031178,0.0188537585094823,0.00102230316078032,0.00107677258513252,0,0.000116772969700241,0,0.0087490980629665,0.000395411292694536,0.000363634516669187,0.000893553542208922,0.149564350871615,0.000158471781233525,7.80349583666057e-05,0.00318354689801674,0.0884811357795283,0.0135980826446553,0.0024012112435722,4.97270064137399e-05,0.000258478939020127,0.000301712238978106,0.00730409164755278,0.0232286778107343
0.144864206054597,0.00206704847707451,0.0396870788222192,0.0507024769643043,0.073538582669469,1.07843296994981,1.10298890603507,0,0.109813433962912,1.06017480379908,0.19314027919643,0.394017737743875,0.0770197293467623,2.10744426332352,0.0721096626542582,0.000474844392278052,0.101215249008149,0.0574391721039157,0.0277685443890903,0.116714405426865,0.0938624685483098,0.00188847642410436,0.217951670618458,0.142767043945008,0.0275285093366691,0.0628812266172395,0.0435414483474208,0.443270133472031,0.356168853698383,0.432494352242981,0.00444019695772092,0.0653120429837536,0.00212649046803014,0.133323117359774,0.0357759666820773,0.3990375122123,0.0217940367437442,0.158414791948614,0.0433268804947965,0.154835054623471,0.023080416399694,0.0259171165837115,0.0978320203316442,0.00204104483309439,0.0200135684242009,0.00600329242722985,0.0227486318879427,0.00965997608923068,0.00381913503971046,0.00136191687378292,0.000274748998811647,0.000316368999048355,0.0102261643882181,0.000221322914237344,0.0036723972283948,0.0369970544607352,0.0181070463316829,0.0547756450150114,0.00670965071110844,0.0145258426691283,0.00690384550596288,0.00249851132694715,0.00565207327514742,0.00178602937419967,0.00225520297767077,0,0,0,0.00522904128870126,0.00154638581798606,0.000565177504826135,0.00113267052259437,0.337242787965385,0.000285311532356358,0.00144701973555321,0.00245457536948529,0.144019342318664,0.0108945090504857,0.00603067714643524,0.000473670317817352,0.00152682750882987,0.00119067981865741,0.00874042958340556,0.00505057607451152
0.000497859632777157,0.0747764279893473,0.000161657486554027,0.323292695066183,0.0346853541625743,0.0464691558247033,0.0795265038064757,0.109813433962912,0,0.102762383217183,0.0245426486557734,0.141960664950199,0.042541784443188,0.0684968073453664,0.153036653986681,0.0213367112821519,0.00262619162145689,0.00619638253610318,0.00397505326766494,0.0748609745434655,0.0246847799094042,0.670882082248273,0.0118353603547232,1.84139801664534,0.0576204731467516,0.00863586044182418,0.232172446144233,0.609715887274658,0.0484304272399009,0.0280931771810542,0.000931398220793967,0.012707688208515,0.00546012304097951,0.0274799783251903,0.0170593576200407,0.194941324077974,0.00391633479292632,0.0214497531526804,0.0076769758337964,0.260452751592259,0.00592398164605176,0.00520201058779186,0.0979830976313041,0.0018641743867512,0.0178901038701944,0.00741324767035077,0.0445645772371326,0.00337793006637822,0.00160334333540317,0.00580738704219439,0.00205527898961264,0.00041467458534903,0.113659534735292,0.00161833059186802,0.00933132446331721,0.0277007389151287,0.0347312217598647,0.202375764321338,0.0293315667978817,0.0104532674376065,0.0353579721350915,0.000651997131558949,0.03222505656032,0.00554374963799653,0.137775646247229,0.000167877123073787,0.00652514077991052,0.000556368546475947,0.0270911383253321,0.0548723167039254,0.151388414467601,0.0487385594243067,0.466293722274472,0.00113698607738562,0.00337493969750943,0.0201939034099207,0.200626934180332,0.03857251389354,0.0322698354156179,0.000625455415612757,0.00183209239579437,0.00163285818354149,0.0114409914529987,0.0183345028923324
0.0025327801418734,0.000499758174772829,0.00138434185537197,0.73744283998213,0.0721111855486522,2.49692983787033,1.8984866216541,1.06017480379908,0.102762383217183,0,0.102127732578007,0.481199579232876,0.1167555116401,0.388018548559355,0.267489880673104,0.000203013497311038,0.00758426548810201,0.0388754011507665,0.0164834602904064,0.403086624673483,0.0115858873608785,9.02711890279052e-05,0.00629188938511788,0.0799476896888775,0.021428651901171,0.0324925574801218,0.00548920853346737,1.01847769324867,0.277483604420361,0.0501106577472126,0.00212745489861858,0.0493457210281218,0.00415861767415014,0.14815136491521,0.119382137009836,0.70317174192666,0.00882634312119481,0.136449692475624,0.0182636468002011,0.183184620185926,0.0346000033682663,0.0278662582631482,0.0568737662877985,0.000370674982456371,0.0136672133045394,0.00344057708269224,0.0629805664643812,0.00780018869648061,0.00374406321340205,0.00147519368219712,7.5707801192236e-05,0,0.0651886316796564,0.000513348843756438,0.0193580870240856,0.0559591796676841,0.0460566846674618,0.0254528324282608,0.048304525026436,0.0121350907172562,0.0690387314739737,0.000313060940181399,0.00911997488798582,0.00326352950295239,0.000498806367345438,0,0.00145737026826637,0,0.0497033696538719,0.000250169236855057,0.000201180347757509,0.000116569523200142,0.250078515875868,0.000103756224066514,0.00043277053305063,2.69735892006576e-05,0.211201767099119,0.00587392386462523,0.00165700394119098,0,0.000196513078917986,6.98465028054536e-05,0.00610830878363664,0.00881624671588149
0.00475774817139925,0.0320859733595636,0.000663934527896324,0.00610627482065041,0.00958243607976257,0.0355736216575754,0.0530176141659293,0.19314027919643,0.0245426486557734,0.102127732578007,0,0.0480974274106665,0.637525094542732,0.220999647578136,0.00302759368967405,0.000821547808675119,0.0219880641329929,0.631728947972379,0.281629906881868,0.0158748458985581,0.00455971613639312,0.00801233734878005,0.0115232689154793,0.0293864333761478,0.180074659893521,0.206141252568197,0.0276457060695753,0.0378817608513113,0.382855207651158,0.0149418274552594,0.0278952745930631,0.337917544601086,0.00213027068683575,0.911719014368347,0.0146186341579778,0.124601951714112,0.48872363275987,0.9273578601606,0.101707923433422,0.00744887033624206,0.00304287412526659,0.384520661808445,0.00540081896351771,0.0771564540696437,0.00307626238120973,0.00162107064362899,0.000365613059736407,0.000399022573494387,0.0536667088414436,0,0.00530145744941913,0.00109834859199684,0,0,0,0,0.000773521229153663,0.00915327025864873,4.16701414705575e-05,0.105049830168402,0.000675715739912823,0.257928592466961,0.000231770910605353,0,0.000166093148375702,0.000858287344445643,0.00246640738288504,0.00399444463432403,0,0,0.00081029823781566,0.000655645159838954,0.0080795915402572,0.0265760504120976,0.114361430057786,0.0935083880928423,0.00155472594726551,0.000485827877746206,0.000303049410502875,0.0873306208512562,0.00048511455995897,0,0.000706024637341404,0.0048693772042288
0.00143024176484218,0.000210297633530662,0.000337900464653438,0.534546414339573,0.0903001799809743,0.534381529515614,0.039854231033475,0.394017737743875,0.141960664950199,0.481199579232876,0.0480974274106665,0,0.0382168173596996,0.126070709260905,0.490309414354024,9.6123315605092e-05,0.00268792472994753,0.0156802450917394,0.00653584081780704,0.930316933487216,0.000433319699542809,0.000271988211331165,0.000658490323449584,0.0918613194880395,0.0114682084591144,0.0153037758524568,0.00291288052416962,0.105873667741683,0.0658160842279427,0.00245618660592591,0.00115851670211599,0.0250982983497495,0.000180069000731376,0.0507798956368058,0.0994409296000323,0.215045648291067,0.00328032033779156,0.0351095074190591,0.00649187496536643,0.242677820695435,0.0107525986155758,0.0131474060760854,0.0154249326509551,0.000205229433116171,0.00424833223674659,0.000972243268381743,0.0552817077320597,0.00347274180819095,0.00163240987181384,0.000537282593044156,2.59575464751363e-05,0,0.0439705168328935,0.000735596818074963,0.00776411628309946,0.0138398830118862,0.0143046532330845,0.0124406015010886,0.0233065070660445,0.00439946740113788,0.0587299385743963,0.00025225118492176,0.00365647637508784,0.00287976545963666,0.000105578289134225,0,0.000307746157648883,0,0.0259496360253068,0.000204207659892207,0.000120833686740804,0.000358131639247817,0.0758148817404476,4.88468992439032e-05,8.07954195374966e-05,9.4645394203126e-05,0.0733537079492485,0.00201735754544115,0.000631348551775378,0,0.000216053415945912,8.64786583104017e-05,0.00158517816990699,0.0118363032815096
0.00212213421239252,0.263514843680758,0.00286690099766916,0.0154077405983926,0.0205541764031514,0.0428255002814805,0.0817308429979482,0.0770197293467623,0.042541784443188,0.1167555116401,0.637525094542732,0.0382168173596996,0,0.0544548178814508,0.0143052041039167,0.0190799053763848,0.00602524193809293,0.00771896697354237,0.0048634013034034,0.0251648069338503,0.039589799243637,0.114484387445161,0.0536169297585291,0.117291070332042,0.829868875543114,0.0660083154071388,0.152684768881904,0.144532444645565,0.0684322205139136,0.0572107538361077,0.106362557796488,0.0971893416331307,0.00487607789387862,0.298340234540796,0.05650286329526,0.48934703222676,0.534423497806158,0.481900631434137,0.306035110554109,0.255954854802961,0.299775268925052,0.591266626296541,0.0524978956309324,0.220475713002733,0.0241602049162867,0.015478819868714,0.0500668052471939,0.0249884287707073,0.134502151706185,0.000646481771540666,0.0664883394973087,0.00448728716676873,0.00344016499132924,0.000220214927509224,0.00632280511798376,0.00759322474716014,0.0194175738775899,0.0143417344526484,0.0044851252452413,0.57581407823554,0.00490763382106234,2.09157958017404,0.0129909853037492,0.000557981125806043,0.0020175490013188,0.00472281362968465,0.0142993766513648,0.0188638720083981,0.00351344228305917,0.00135354831289776,0.00785678711019224,0.0038779906724107,0.0471179808731122,0.388666305460927,0.517977813197429,0.49088315721203,0.0250931049769757,0.00445577861471755,0.00176588218165385,0.486915767438075,0.0124517350387673,0.000253536043998858,0.00746888249434868,0.0229037335813659
1.20685341418499,0.000970475064477229,0.0680716997789107,0.0180103102593765,0.00737555087276253,0.132268960255769,2.16218127069501,2.10744426332352,0.0684968073453664,0.388018548559355,0.220999647578136,0.126070709260905,0.0544548178814508,0,0.0136004721595927,0.000900090140805451,0.220126134833976,0.0998603031489221,0.0683335849382531,0.0431797023450025,0.143594585351784,0.000666208581949782,0.470667197495136,0.106246620136672,0.012741370158151,0.131390191883986,0.102073310749673,0.43561071569846,1.8080410548789,1.2956528577295,0.00557469104138697,0.0245818923440609,0.00306522072227162,0.209859603697749,0.0253289227916856,0.213305414836491,0.0268286108782703,0.203441473153864,0.0521867666819899,0.0207668984667456,0.00700047820841086,0.011965921139622,0.0897787124165264,0.00125587693187889,0.0204907835861853,0.00470743517822103,0.0154005436094246,0.00462185682062404,0.00243247417235354,0.00213881682038047,0.000266922601312816,0.00125870291601576,0.00359061722739656,0,0.00321886507940803,0.0236615807275862,0.00832118214564229,0.0317906659528589,0.00226370776779025,0.00590219491347336,0.00210812514423051,0.00264845965817271,0.00380727198673834,0.000741710762918025,0.00168592790541089,0,0,0,0.00289280875683085,0.000851026742677791,0.000602979226008493,0.00144267270443674,0.205947437113263,0.000220814629316837,0.00135162396734362,0.00860838319878918,0.0964210169369337,0.00863902826788916,0.00722914749363716,0.000641700512720525,0.000697635559113157,0.000953788254625771,0.00886297291653965,0.00396746046265232
0.000654283487484008,0.000429779667187232,0.000778373892042652,0.0841522958028002,0.287308295193219,0.669511931805373,0.13357385207358,0.0721096626542582,0.153036653986681,0.267489880673104,0.00302759368967405,0.490309414354024,0.0143052041039167,0.0136004721595927,0,0.00249378201159384,0.00205436826456283,0.00114350528117085,0.000646433437559938,0.0871272279889241,0.0219596104787873,0.00118104271417474,0.0204593206020136,0.142295083914908,0.00886166375241811,0.00317643589162609,0.00596840002714396,0.187742011296197,0.0156193106209538,0.0382584012600552,0.000139359424335632,0.0111118983101274,0.0015170848356641,0.00614902962273344,0.249791430414128,0.0568364823320853,0.00327424940808288,0.00796427516386201,0.00871125391902723,0.403397557783959,0.00571321913932663,0.00141702737348886,0.013740574856936,0.00143379392085411,0.00387429323583839,0.00319386687058162,0.0564439982422529,0.00141594646543668,0.00109242009642487,0.0006170799997161,0,0.00056509607301253,0.0294612559220089,0.000441341313009811,0.00503420696218846,0.00632525022603517,0.00808740438837776,0.0090484097276222,0.0172172470014052,0.00183230345283818,0.021239578580537,4.77513675018847e-05,0.00410711231058344,0.00278992972071837,0.00042640132876448,0.00020364635217315,0,0.000222005307915598,0.0152778607789401,0.00126149497148533,0.000372027623565852,0.00141223936257025,0.0464671778514229,0,0.000213513893979299,0.00140714783353003,0.0410405727568785,0.00250348489255995,0.00156114345290142,0,6.00951322340369e-05,0.000181618642471486,0.00108585116054781,0.102246096944524
0.000112636270216254,0.0627124094062728,0.00748706170119759,0,0,0,0.00100044932890962,0.000474844392278052,0.0213367112821519,0.000203013497311038,0.000821547808675119,9.6123315605092e-05,0.0190799053763848,0.000900090140805451,0.00249378201159384,0,0.00449572872059945,0.000177580157154402,0.00114857659156675,0,0.922154051145105,0.530918004741019,0.913272337169309,0.337252132272271,0.0350451225029613,0.00477533300281711,0.748677168709723,0.150750735559952,0.000553829250415975,0.00316928871507225,0.000304358567094174,0.000245064457135356,7.08099243442297e-05,0.00805773359939571,0.0485653564116238,0.535357855283457,0.200744652290703,0.0987231257562233,0.105645641667883,0.00383624601186973,0.000685469035710829,0.000438106058832872,0.0576951861053014,0.00665179280763542,0.0297054493233004,0.0300940825809316,0.00219764940558325,0.000376370819289583,0.000462561230767268,0.00105133329359095,0.00230785694095936,0.0148459898186815,7.65290973333836e-05,0.000345905325888026,0,0.000894262397084969,0.00131655614322133,0.00773066397007344,0,0.000420103134465596,9.33093421712636e-05,0,0.00192843813656742,0.000133252598061812,1.05006512186336,0.00234993264509102,0.000113314381708637,0.000698875428882842,0,0.13290007832504,0.227054184421663,0.622846555270126,0.108258922697236,0.000275537571120912,0.00215964970233142,0.408334853166972,0.04607628285165,0.00440606982139917,0.0142254625890576,0,6.29849751579702e-05,0.000286013198381103,0.00598859919829764,0.0211552978783732
0.0600005726090549,0.00551008383566521,2.12679346616235,0.000182801055397287,0.000297384547980121,0.00331682256616667,0.0267808066435944,0.101215249008149,0.00262619162145689,0.00758426548810201,0.0219880641329929,0.00268792472994753,0.00602524193809293,0.220126134833976,0.00205436826456283,0.00449572872059945,0,0.0945769159314989,1.24735411066448,0.00144714368048644,0.119926069435926,0.00392103840010398,1.62289923457729,0.00359456427574595,0.00258213090328781,1.88015060321687,2.2750286559704,0.0162318087445404,0.169543500626975,0.145649619370746,0.00147637741793181,0.00341242799079889,0.0119829232348209,0.875085097627971,0.0269922942955745,0.789231524457137,0.550255785915815,0.662325964586385,0.235286655765643,0.00406391312754829,0.00137552401638075,0.000688699774265036,0.0314573483809149,0.0143272761465415,0.00980974959758254,0.0112785862004049,0.00253187570204833,0.000203919438160229,0.0002780842467978,2.5701850279212e-05,0.018480160377933,0.077783879501603,0.00010045599411968,5.79009788491756e-05,6.80504621827036e-05,0.000350023322812271,0.000257934629520715,0.000706265785149694,0.000151039259492263,0.000847153460376673,0.000275367134601107,0.00254719975268289,4.13744296784162e-05,9.24928653717754e-05,0.00444570652950906,0.0146901591697113,0.000820659772182208,0.00407122289413129,0.00016929371584306,0.00221306478274226,0.00336011075139795,0.0368036065759854,0.00188676518130416,0.00469554666808061,0.043800557417873,0.50991360670511,0.0013088884250567,0.000167264820695794,0.00102962861783453,0.000850603910709084,0,5.95463799040317e-05,0.00443358904792827,0.012448756728293
0.00224998936366199,0.000160368146995229,0.00380010217684921,0.00186373993063081,0.000914778994679063,0.0091194325438742,0.0232746649051072,0.0574391721039157,0.00619638253610318,0.0388754011507665,0.631728947972379,0.0156802450917394,0.00771896697354237,0.0998603031489221,0.00114350528117085,0.000177580157154402,0.0945769159314989,0,0.690295077058506,0.00739484069438682,0.00758117625746729,0.000128383044886351,0.0255818827612013,0.00880123578440075,0.0128034423499987,0.224599582126616,0.0690042323873888,0.0150896178534647,0.189452397867565,0.00705213519047424,0.00412916312802433,0.0526415331170872,0.00127441144469166,0.457459363556457,0.0122050470257492,0.224703354457826,0.30802296303819,0.497878517116443,0.158494437510883,0.00316736757237226,0.000604616208275888,0.00140726438127583,0.00348889103303066,0.00596359155912404,0.00152457233806146,0.0017596212343398,0.000404070223934832,0,0.000314501431363142,0,0.00211905674647361,0.00140621207300432,0,0,0,3.81542233937949e-05,0,0.00430503990894975,0,0.000783970023725134,0.000114355404688427,0.0159712369737736,0,0.00013226581777643,5.18263718824089e-05,0.00139114466235343,0.000841345410695083,0.0019940570576475,7.33094683657318e-05,1.83921715487928e-05,0.00018978131455476,0.000291616358270171,0.000361686578931579,0.00950952121005568,0.0394218124428893,0.0559793409066028,6.28047995518953e-05,0,4.30809836607992e-05,0.00485838593502185,0,0,0.00065234029629592,0.0064020528335581
0.00630011449277638,0.00164162844157413,0.0303750598333464,0.000490516474682647,4.30307319837034e-05,0.00459097564896405,0.0147405201103189,0.0277685443890903,0.00397505326766494,0.0164834602904064,0.281629906881868,0.00653584081780704,0.0048634013034034,0.0683335849382531,0.000646433437559938,0.00114857659156675,1.24735411066448,0.690295077058506,0,0.00302014866776536,0.0286073212136744,0.000616547655738402,0.0804409720841416,0.00456088398336077,0.0131217147329751,1.452756285871,0.349306212491808,0.0084206836214549,0.103278160507122,0.00981603702743001,0.00638788851231258,0.0118858536239105,0.0017360420480341,0.797421158123928,0.0132294593814471,0.557751594087076,0.437390986443821,0.38121809090154,0.146659226681255,0.00322737914425012,0.000684114248488266,0.000346403372217581,0.0114816950403584,0.012936545069045,0.00288070115490045,0.00374647725427027,0.0012982864482126,7.54685535097987e-05,0.000231295281744737,0,0.0068989398328257,0.00924283139298527,0,0,2.49773852543146e-05,0.000232244365742076,0,0.00116726883741592,0,0.00128593462865369,0.000155463884519523,0.014371901079095,0,6.07434114995331e-05,0.000196574108851898,0.00576761395675583,0.00209648219962824,0.00530298764310759,5.76962522114486e-05,0.000173749736873174,0.000220717710348004,0.00461688726610914,0.000794381793453299,0.0142613518448651,0.0964828572707563,0.181639426230038,0.000371908782867654,6.65727641773045e-05,0.000278093456258503,0.00607413482690866,0,0,0.0020299070358204,0.00553118666099086
0.000379968447798139,3.91603990192831e-05,0.000389276044855294,2.2649458310272,0.0205379596648572,0.106518006982016,0.0121535308512947,0.116714405426865,0.0748609745434655,0.403086624673483,0.0158748458985581,0.930316933487216,0.0251648069338503,0.0431797023450025,0.0871272279889241,0,0.00144714368048644,0.00739484069438682,0.00302014866776536,0,0.000217763549293506,5.86703390537203e-05,0.000248469241695464,0.0690555797116901,0.00895288566954173,0.005289558266445,0.000993067616081835,0.23431686397588,0.0312619384116516,0.00140407822163198,0.000162008821581155,0.00871480775176841,0,0.0177000572609216,0.0115327217479155,0.105583905687868,0.00119043106532557,0.0144656605553076,0.00292051244868212,0.0797552306301233,0.00486672102658321,0.00348591321453077,0.0333541758305289,5.30559666650713e-05,0.00883508034414646,0.00158088668672329,0.0449547049801427,0.00356763240146146,0.0014293920471356,0.000401834985662323,0,0,0.0722699725675418,0.000412805519149769,0.00581107084153585,0.0275573599515129,0.0259556230206583,0.0139231446466855,0.0344384444422694,0.00313307255729588,0.025938595839782,0.000107677235420573,0.00783703140381375,0.00288692228491412,0.000236743961653027,0,0,0,0.0262630597364115,0.000239385076345852,0.000235736510910058,0.000108240922689575,0.106726473197944,2.69910768846899e-05,0.000102029978555318,2.63324611353636e-05,0.121841616333058,0.00475860478427849,0.000794646527169871,0,0.000594980976308244,0.000153836267337406,0.0025349116714275,0.0010211906458791
0.0237992542282359,0.00459635340924773,0.192279267982668,0.000325336571470839,0.000460503572684544,0.00210486814026425,0.129784543186379,0.0938624685483098,0.0246847799094042,0.0115858873608785,0.00455971613639312,0.000433319699542809,0.039589799243637,0.143594585351784,0.0219596104787873,0.922154051145105,0.119926069435926,0.00758117625746729,0.0286073212136744,0.000217763549293506,0,0.0587068624068763,6.11103728679414,0.0951738806793578,0.0157314679640725,0.0572630117900761,0.212924184454119,0.344418904224114,0.0479109954582428,1.49255618590818,0.000236959245661077,0.000694061035833755,0.00823352787168589,0.63847406317206,0.323465667360415,2.39303993195553,0.485288342630522,1.57635058586556,0.603837069014657,0.0130339390467499,0.00477499893458752,0.000969956799503367,0.0907954279472448,0.00588992586610744,0.0152613375104357,0.0120544779357071,0.00551227253465975,0.00220832791708701,0.00093393498418949,0.00923958395742032,0.000632557973095062,0.00379039178323227,0.000310828894722739,0.000555729898363549,0.000721213302126441,0.00217936987108531,0.00678192120471459,0.0086428676541539,0.000405854708177894,0.00136353976449611,0.00060043471150513,3.50086039515764e-05,0.0126366379446064,0.000848193961261119,0.291280451383927,0.00108315272330006,0,0.000360899547807616,0.000452785738386816,0.238810862547803,0.0918032694434388,0.128879740178733,0.25239553770866,0.000204775646917596,0.000693930923649243,0.0489971560468809,0.185755023585246,0.0386223273243041,0.0883857851524858,2.85404098857254e-05,0.000305564288565105,0.00406558244207606,0.0110604210217359,0.105428388795611
0.00018127152436831,0.229572772493425,0.00553355417764156,0.000287404376653344,0,0.000256296992124063,0.00130186133294263,0.00188847642410436,0.670882082248273,9.02711890279052e-05,0.00801233734878005,0.000271988211331165,0.114484387445161,0.000666208581949782,0.00118104271417474,0.530918004741019,0.00392103840010398,0.000128383044886351,0.000616547655738402,5.86703390537203e-05,0.0587068624068763,0,0.0747905989572682,1.4360153122268,0.231988460642751,0.00698561310970672,1.13948597029232,0.0587681029309579,0.00144801567509781,0.00114990819825795,0.00125270826493921,0.000607018333823875,0.000400855657785997,0.00533575480388427,0.00161125400109897,0.0286316187303847,0.00873428680032482,0.0136339532004131,0.0075154020556929,0.00199147999250735,0.00010116619439528,0.00551332192371546,0.0427972389290474,0.00557456913714373,0.0169060313419639,0.0157696735636564,0.00209103073353805,0.000195656358105567,0,0.000783976730642277,0.00764714824552541,0.00648662353960623,0.00283015658984543,0.000242303496459782,0.000270146457244715,0.00105678779938048,0.00118458694588375,0.024388398356786,0.000924114127245592,0.000477350510182786,0.00058814222507025,0.00101210244684092,0.00172210149735608,0.000396976742879319,0.241125420030319,0.00642447442152741,0.000361030586209354,0.00113879785115083,0.000667052905507797,0.0310520830380607,0.143993845860192,0.103962127884918,0.0589805038983839,0.00192585286599607,0.00707044362847177,0.299092601334997,0.0242569178582632,0.00398249806115692,0.00727408310555284,0.000129884079047692,0,0.000426768045523739,0.00444767439723249,0.00405269930013947
0.14833965974901,0.00851514675920078,1.42264540829604,0.0002611183067016,0.000532194638349009,0.00601544726121857,0.105478238943733,0.217951670618458,0.0118353603547232,0.00629188938511788,0.0115232689154793,0.000658490323449584,0.0536169297585291,0.470667197495136,0.0204593206020136,0.913272337169309,1.62289923457729,0.0255818827612013,0.0804409720841416,0.000248469241695464,6.11103728679414,0.0747905989572682,0,0.0851273789912485,0.0123784710805493,0.433160012243286,4.19438474577833,0.201428456414556,0.243414293009674,0.657930152869252,0.000851562500355832,0.00197743046697612,0.028258478534186,0.994455925279497,0.45071382425471,4.14137852768121,1.35714634556835,2.92251746536698,1.79996645296371,0.0326303251436793,0.00814227287178988,0.00558741630470288,0.116292465232151,0.0148642810626736,0.0584263965230078,0.058030104767968,0.00251616301418018,0.00103127306506135,0.00034487922278679,0.000902578665603055,0.00361507059458791,0.14489633945061,5.42183466920257e-05,0.000360545923593199,0,0.00082373648507899,0.000515783477269962,0.006882798534799,4.58140574166655e-05,0.000739109784304959,0.00042119998399635,0,0.000749212911595899,0.00067383746425286,0.683032908678304,0.00981613454630647,0.00122237153581254,0.00284919696033736,7.44630003826082e-05,0.116633811714346,0.113038879411583,0.712201978840591,0.0881533675916529,0.000526912446614465,0.00778788148595293,1.08174620949861,0.0397671390085153,0.00385900785791057,0.0145784486900077,0,7.6403237213856e-05,0.000353837477815399,0.0118353392625733,0.239664704205193
0.00246592436687729,0.247679869272571,0.00169557985697999,0.618912506750983,0.0241395434899455,0.0549323697698329,0.245159002724005,0.142767043945008,1.84139801664534,0.0799476896888775,0.0293864333761478,0.0918613194880395,0.117291070332042,0.106246620136672,0.142295083914908,0.337252132272271,0.00359456427574595,0.00880123578440075,0.00456088398336077,0.0690555797116901,0.0951738806793578,1.4360153122268,0.0851273789912485,0,0.189092689347257,0.0126485370924394,0.57699285402176,1.51742614361415,0.203999019278863,0.239329500483487,0.000933548247081759,0.0150521048786197,0.0388961749982922,0.0712407920054074,0.123980858317266,0.740839637675723,0.0215834582417427,0.121754355505636,0.0429821620886717,0.166292528784692,0.0133158164392332,0.00875740101052301,0.570586745805069,0.0118092382904822,0.117764353588952,0.0389447640351465,0.115730969739493,0.0214784848728595,0.00806659043740328,0.0168219511118627,0.00879955679102846,0.00210351139518414,0.17731454606413,0.00176212969414337,0.0300241756079387,0.127979885791587,0.186230241097482,0.293965334670024,0.0595690494948209,0.0262188291690799,0.0460499912168648,0.000726547854000056,0.190919597740382,0.012528956906424,0.19927097706007,0.00104565443489679,0.00217006995234385,0.000309364108536869,0.0555560149704363,0.124096140433664,0.1356937183816,0.0693801199371532,1.37976468948881,0.00301355479430529,0.000988682266179021,0.0434150160339842,0.677097514140932,0.152006984921518,0.100964304389423,4.68869332327366e-05,0.00911667134223154,0.0056533387012333,0.0585726820453838,0.0567967023590044
0.000239796309263617,0.410212895861968,0.00158947778070958,0.00830704671283592,0.0100061936306459,0.0151866382468485,0.00499476087410163,0.0275285093366691,0.0576204731467516,0.021428651901171,0.180074659893521,0.0114682084591144,0.829868875543114,0.012741370158151,0.00886166375241811,0.0350451225029613,0.00258213090328781,0.0128034423499987,0.0131217147329751,0.00895288566954173,0.0157314679640725,0.231988460642751,0.0123784710805493,0.189092689347257,0,0.19080192620945,0.831379138683491,0.0402216426639885,0.00878495627920155,0.0108709278762015,0.0807242020148214,0.0196462047436269,0.000349125783180025,0.0868219650221659,0.000813798174252659,0.0768221312784122,0.0504034671937525,0.03102882211405,0.0057674194360781,0.20244089953363,0.00232292450723483,0.115925859573779,0.108669230507228,0.0513261691057974,0.0203263182018311,0.00879514952316136,0.249915641791693,0.00655992246817215,0.0447458434752855,7.53785949755609e-05,0.140503242695795,0.0018220274216249,0.00657548048529391,0.000532679258293909,0.0055383213248269,0.00493178769629044,0.0215525199533538,0.00431619710407392,0.00783346859504869,0.0806020598316387,0.0101161548575021,0.24563635399223,0.0155852513946782,0.00129812675229851,0.001218636736792,0.0023356399611824,0.00491019090099506,0.00985248498298978,0.006516180554474,0.00219530700724088,0.00165353737869497,0.00196066437142415,0.0171108045566199,0.266662291076677,0.15735420661092,0.416515998072975,0.0176206577586756,0.00410665100420381,0.00304031619943902,0.0274169513088066,0.0034223521448091,7.68507582682729e-05,0.0047556298573836,0.00205865800575532
0.0185474605539619,0.0115587406481241,2.60789632225733,0.00153761549218144,0.00145325017292044,0.008647213889577,0.0362690892734941,0.0628812266172395,0.00863586044182418,0.0324925574801218,0.206141252568197,0.0153037758524568,0.0660083154071388,0.131390191883986,0.00317643589162609,0.00477533300281711,1.88015060321687,0.224599582126616,1.452756285871,0.005289558266445,0.0572630117900761,0.00698561310970672,0.433160012243286,0.0126485370924394,0.19080192620945,0,2.14229159741171,0.0179471329724057,0.20114920396938,0.0252103950168547,0.0531150363593736,0.0283020822683224,0.00349636379376471,0.628026097785892,0.0745057530661889,1.98625650117752,1.80443360214488,1.18070775401301,0.662943503354796,0.0122586396524639,0.0022401914538126,0.0320284992162508,0.283080446890476,0.255806248192769,0.0900408288440267,0.0975355097135423,0.00905141641699074,0.000500453038497627,0.0129172454782135,0.00104065691815997,0.259962504594077,0.186769301992457,0.000286945291689017,3.52662354143858e-05,0.000399866455279415,0.00236486218491934,0.000889051428693966,0.00497337355952372,0.000395178513472232,0.0300148454402981,0.00100828923813561,0.384705335471756,0.00127945232295304,0.000537625672438618,0.00947888435642717,0.206306243686249,0.0324901578571174,0.183626109829236,0.000950674656194778,0.00782224876103331,0.0121759237164898,0.076788675081047,0.00625522694626354,0.299689663594202,1.39192280846129,3.30005435301982,0.00434735549455747,0.0011329320534568,0.0106204793823431,0.140178432316111,0.000118797715695548,0,0.0428854140533537,0.0373719279155913
