0,0,0.0363490747336926,0.000377607989396453,9.33435890642524e-05,0.000574403190969273,0.472573095615436,0.0329583636281345,0.000629532088580364,0.00185183760061359,0.000716550533560762,0.000589262165004033,0.000732988174066893,0.699838733208261,0.000199425652361691,0.000146210062073082,0.0775497939511761,0.0033436186688487,0.0313155466428549,0.000223477113601926,0.0175699140505319,0,0.0609951027937938,0.0010266605475428,0,0.0451533759756431,0.0189393057658212,0.00710909950403842,0.645336626663757,0.658054316939353,0,3.72973957229913e-05,0.00140598858821397,0.0145805235315301,0.000445262807038057,0.00210699201113065,0.000839245619500163,0.0115093433932838,0.002785066710525,0.000115308966333336,0.000501337260240072,0,0.000665650575612241,0,0.000529754442468908,0.000233702039720222,8.34477598243836e-05,4.23273449387134e-05,4.96483453656435e-05,0,5.26188617288947e-05,0.000115038020418379,0,0,0,0.000215640627214971,0,0.000312516575124085,0,0,0,0,0,0,0.000299776271649912,0,0,0,0,0.000168802122004285,6.86291910905331e-05,0.000317842859129664,0.00114528952776729,0,8.791273007395e-05,0.00177354158865479,0.00145086122411117,0.000165032231829822,0.00027377069728826,0,0,0,0.000343447532716691,0.000128550340088565
0,0,0.0148594088653668,0.000219132648258591,0,0,0.00070814787121355,0.000120364241424268,0.0739311982309829,0.000317920044999343,0.0204907347286508,0.000516658496747106,0.294589970137591,0.000838945101980914,0.00101587100695655,0.0632979712460244,0.0067873347634832,0.000810154277593141,0.00153131297969789,0.000164342961226094,0.00385481938773815,0.779103438100485,0.00441003706274101,0.275450191338319,0.430048092235404,0.0702917076287463,1.44243811746694,0.0248856173645628,0.000450422018116861,0.000235499978861162,0.000163706403362632,0,9.07544008220676e-05,0.00465438144877276,0.000730226364425271,0.0217663127354422,0.0170950678672613,0.0092098851345,0.00495639927862775,0.000534200454311889,4.59652755133867e-05,0.0553406327187993,0.00868114123405186,0.00475883658783661,0.00354363884253098,0.00384302704059307,5.04920282085299e-05,0,0.000654991640132457,9.72510008111002e-05,0.0553805948708921,0.00920395560371687,0.000568141123074621,0,0,0.000404412741820282,7.74170987895102e-05,0.00113732616675549,0.000146245062900621,0.00146753137847162,0.000286037409595978,0.00286267674811383,7.45005686602503e-05,5.23514460465431e-05,0.00216491846170725,0.00243464306243201,0.00039131072787838,0.0038260781193562,0,0.000722778910121423,0.00939438662614813,0.00144195609423978,0.00606563220755822,0.00263010335908236,0.0359202944904394,0.273250420584341,0.00171822845970147,3.19475700834096e-05,0.000141182614845031,0.000833035620848949,0,0,0.00219410797063056,0.000917080502981107
0.0363490747336926,0.0148594088653668,0,9.47687050422193e-05,0.000694860775433609,0.00673980838941189,0.24408571051233,0.240594901227239,0.00187170510396961,0.00690855820142392,0.0025912541662556,0.000121942532147491,0.00334586508702984,0.286331087151178,0.000248823616711047,0.0153065130565818,0.61834381493306,0.00772218607040148,0.064063289877538,8.04701649960099e-05,0.220769734256609,0.0216568099554999,2.61087818294837,0.0210131043295073,0,3.36182847874725,5.28027189896322,0.205078922582848,0.0599330740742721,0.193426812146026,0,0.000534342502861967,0.00155588417262723,0.0558368774463821,0.0188890411687421,0.335182328415676,0.108052401516409,0.188478683138147,0.0995255392749218,0.00249390514017751,0.00241855946893136,0.000651812988544759,0.0970927419818952,0.0144594514818435,0.0381933741064497,0.0469759164863635,0.000388546139500451,0.000243287453739613,9.01600932504233e-05,0.000159237149134174,0.0241760165900082,0.240741758626873,0,0.00020344081157763,0,0.0104671984625378,0.000677911314199394,0.000770515655906168,0,0.000783556357650179,0,0,0.00124173477604861,8.11087163496491e-05,0.0375747626765595,0.0759056746183137,0.000884833828371488,0.0232485395272545,0,0.0122229170182628,0.0142684230873557,0.0864601871316253,0.0137216886085532,0.000338061736504349,0.0630190261254823,1.19713896291816,0.0157822980837264,0.000148722671942595,0.00254148070575644,0,0,3.29751580201328e-05,0.0222183584963084,0.0139344900827576
0.000377607989396453,0.000219132648258591,9.47687050422193e-05,0,0.00778380328804239,0.0356637749913986,0.0169895792677896,0.0396550318078629,0.166852709035459,1.01076423357487,0.00645162441839275,0.347379269084683,0.0167741808068815,0.0632776814512491,0.0401521702647919,0,0.00086791733847481,0.00202745499303671,0.00600966085109821,3.10366192042332,8.34713712080418e-05,0.00138179262143576,0.000183763650533724,0.64054871757767,0.00116264131176912,0.00250698934320717,0.00103270038853243,0.527000267930667,0.0289222040191715,0.000663206498155045,0.000248577404924217,0.00405502533175508,0.000221510495042127,0.0249007082697048,0.00861510261944661,0.256417228874977,0.00287338552534803,0.0447126334503321,0.00920771550619052,0.110958050602533,0.0176601862607299,0.00106635449645715,0.0177124036726869,0.000334675158941173,0.00984127891565723,0.00224274749071704,0.0464834674923279,0.000422362050877905,0.000653190263008457,0,0,0,0.132318038971825,0.00324162908113624,0.00403303608435361,0.01082355244016,0.00742909333231952,0.0533263808474563,0.0541503036464572,0.000309604895970923,0.0545297385616019,0,0.00386709182626765,0.0110166956149776,0,0,3.96053128510952e-05,0,0.0325516060716179,0.000369543444133222,3.68456946986765e-05,0,0.223356987033581,0,4.05378972559333e-05,0,0.185531396711185,0.00229510799071897,0.000391303149915719,0,8.4574788271129e-05,0.000261455920717371,0.00366896725699508,0.00027310953129605
9.33435890642524e-05,0,0.000694860775433609,0.00778380328804239,0,0.0323452654630786,0.0199576261264589,0.0128735904909223,0.0178703359632505,0.0199794658395973,0,0.11435168864442,0.00726951826860037,0.00317895647919556,0.20725450691225,0.00174203631689202,0.00128211309959081,8.25327973327157e-05,0.000690998525464234,0.0111196743698161,0.0237760621112206,0.000176761379036307,0.0220348778516302,0.0250375073143991,0.000227052069236898,0.000600680309742933,0.00410815442796987,0.0325974501267286,0.00187867864085862,0.0139814264512361,0,0.0934998066225149,0,0.0879149874293272,0.1655085682595,0.119767859160348,0.00252032981097413,0.00355978369647978,0.00566373571383952,1.02786399287376,0.303751688096677,0.000155977353946298,0.00262341145105568,0.000821161700355813,0.000755377730495898,0.00238932275299065,0.00204936168159497,0,0.000167899662701011,0,0,0.000122679106518137,0.00150037011066397,0.000239522281791902,5.15607054427922e-05,0.000478380852854133,0.000231432532152861,0.00213704333555752,0.000647006429478318,0.000428474289760816,0.00122052666404822,0,0.000154404622945681,0.000600085993171334,0.000802562958998165,0,0.000128412262768918,0,0.000349860723366711,0.000505166849370378,0,0.000814538461990765,0.00696786707443884,0,4.99439804089487e-05,0.000750745412820911,0.00474023740323114,0.000186963701765978,0.000333447258991456,9.75536153200147e-05,0,0,0.000361557873480856,0.104152898572842
0.000574403190969273,0,0.00673980838941189,0.0356637749913986,0.0323452654630786,0,0.869571705913178,0.697499045255702,0.0193100606467353,2.47233630719152,0.00379680419534882,0.764987198195023,0.0199830030719181,0.0649107335881434,0.130348434975986,0.000225895331936538,0.00146544593124733,0.00108275101391591,0.00142360502716176,0.0765011703483527,0.00261209238007861,0.00023902114176119,0.00720785652817883,0.0191868268212004,0.000243207498133582,0.00294431176162024,0.00165892399441483,0.306705478350593,0.0432232749609101,0.00551449261496125,0.000181689376754379,0.00654224328663263,0.000467618867882108,0.0344419596372002,0.299586219156616,0.261049054929637,0.00222376753598775,0.016940801173136,0.00853218119052885,0.300047901068751,0.172813167061496,0.00111989793938032,0.00208697161427799,9.06700892374989e-05,0.00097251568033305,0.00138685041651428,0.00158195024019081,0.000312417908610249,0.000741467462036544,0,0,0,0.00110856225898509,6.71349217033088e-05,3.8508582755059e-05,0.00121460848220912,0.000211353109091037,0.00452725093718822,3.07745586132377e-05,0.000349386387453925,0.00107368825432122,0,0.0001004866198681,0.000260640893733287,0.00023220107886597,0,0,0,0.000384873325097662,0.000192241842758775,0,0.000128863952543288,0.0216467362421364,0,0,0.000369873218258312,0.0119729299570344,5.41765065538466e-05,0.000209146925211659,0,0,0,0.000530830384917372,0.0191836256584737
0.472573095615436,0.00070814787121355,0.24408571051233,0.0169895792677896,0.0199576261264589,0.869571705913178,0,1.33965142612808,0.203754602863723,3.19745901722824,0.0481734243328332,0.0399197419572956,0.0508356629088244,1.77512001687033,0.0201608337829354,0.00106763860337992,0.062061817108478,0.0250045010502823,0.0691042990532639,0.0166921131700067,0.250035578412048,0.00252896874015717,0.410467545512946,0.286344515798261,0.00147964398003869,0.102104797782784,0.0452716434028991,6.27245420473559,0.639463336740712,1.11334888982097,0.00351632125463407,0.0146484544813112,0.0384213546606116,0.195456326850913,0.144410326826742,0.857484343517994,0.0267657077474653,0.364453914392074,0.0903395910254768,0.0820866549307619,0.0952029416188375,0.0058392838471039,0.0873438257703853,0.000969148740673112,0.0382839592923556,0.0108357552685325,0.0344555961562584,0.00583002785621133,0.000748174057990855,0.00071495486617316,0.000335304876838338,0.000395743746035385,0.0508800366839296,0.00173925404135125,0.00498766557906801,0.035086146596571,0.0391460496117921,0.0450800662901149,0.0226346852781741,0.00146286916069396,0.00598197923749498,0.000333880890354806,0.0175091256928069,0.00759778334187624,0.0111958043916975,7.29473878133029e-05,0,2.56069123259962e-05,0.00914773300674479,0.0014731455868085,0.00209373712394201,0.0121134371522074,0.344657750136287,0.000118582947701311,0.000178757071952847,0.0133513835364228,0.296637797342497,0.0133604631934342,0.00310319589649383,0.000193152008274078,0,0.00193154032589104,0.0188340032494326,0.020459976313708
0.0329583636281345,0.000120364241424268,0.240594901227239,0.0396550318078629,0.0128735904909223,0.697499045255702,1.33965142612808,0,0.0305113683335661,1.79791257228762,0.021715380044655,0.258834831036625,0.0326344172555789,0.819449595209435,0.00429420160575188,0.00116840230938272,0.119681894976922,0.0096998741841566,0.0561186499704926,0.115249052019804,0.0519675332574626,0.000287172866501194,0.241383615542724,0.0279775214711952,0.000571099057499868,0.121966343541664,0.0640631964692483,0.262491424112841,0.122248951691408,0.347029506631833,0.00199367580822829,0.040761516276336,0.00463412830631691,0.0714530643025953,0.0507926815528582,0.381095372171177,0.0110944956866301,0.0921433606414375,0.0403789985591314,0.0809420922731632,0.0192312503728104,0.00290166606575014,0.0123337269990141,0.000172620701938838,0.00530596927417697,0.00234052132370196,0.00468099344689635,0.000692174376420415,0.00125493778524287,0.00014598203469665,3.13038820050806e-05,2.36065641823947e-05,0.00267517460825092,0.000264566084892529,0.00014406379764846,0.00448050180603715,0.000919232169629105,0.00965319171117711,0.000553360457654008,0.000776380096760066,0.00195468865508131,6.8534081809169e-05,0.000777407412448136,0.000322582692524886,0.00268484351935889,0,0,0,0.000948906933661412,0.000646903067237619,0.000464888877583704,0.00181373678784931,0.0568727966420543,0,2.02805518207937e-05,0.00319840197238097,0.0307359832170619,0.000960487925847904,0.00131823492110626,0,0,0.000538776540263951,0.0031939633877514,0.00235403071613657
0.000629532088580364,0.0739311982309829,0.00187170510396961,0.166852709035459,0.0178703359632505,0.0193100606467353,0.203754602863723,0.0305113683335661,0,0.100625058063467,0.00483298877271347,0.0780161170594428,0.0794407169777022,0.0353174160000276,0.120889263519055,0.0368226055914444,0.00166580078403054,0.000953358208228462,0.00289297042784652,0.0500697529937242,0.00889296280658463,0.453522622381626,0.0117065951626069,3.923891094991,0.0921666076596418,0.0157176226901542,0.320213655905939,0.885880949699458,0.0306085645313972,0.0121352199923759,0.000172762284741211,0.00144790218494136,0.00239809415702095,0.0180626438499339,0.0132066198527229,0.116872044834264,0.00526693796724755,0.0288721997323098,0.00958031508101518,0.0791258771472753,0.00875649455301029,0.00258827871116668,0.0383138253684452,0.00565639789699545,0.0152938689243837,0.00557852216721577,0.0165299138452182,0.00269880533731425,0.000243885950790614,0.000123985956328842,0.00243377403346401,0.000410213951235742,0.0627075735408655,0.00307739609261827,0.0040663108238976,0.021079550369855,0.0143904225464726,0.0980190608471062,0.0103689801982427,0.00179931226642386,0.00625161077417829,0.001839799788678,0.00954062173059788,0.00368573058564643,0.0923727178333164,0.000144273944362995,0.000649416730101943,0.000271231350800487,0.0060823026814171,0.013828066500393,0.0545034985406454,0.0252760032659981,0.437826300728014,0.000579136188898176,0.00206870145455131,0.0140459301706542,0.175783749027675,0.00697300205313705,0.0231643527293217,0.000123881496093553,0,0.00124626036324949,0.00746156320132939,0.0210627434791683
0.00185183760061359,0.000317920044999343,0.00690855820142392,1.01076423357487,0.0199794658395973,2.47233630719152,3.19745901722824,1.79791257228762,0.100625058063467,0,0.0794177998956221,0.699052762353757,0.0520316369603517,0.660433075506146,0.0401654945708885,0.000330749508784193,0.00811859644090222,0.0233370719875249,0.0539840034423752,1.52190979650383,0.00383497163028483,0.000921419770850052,0.0120840810788549,0.151085793205689,0.000939337989560867,0.0282467741434953,0.00339586028393642,0.948154793244209,0.251281337043519,0.0055103047263464,0.00271420099670457,0.0231228708357171,0.00131739040576748,0.163706496161174,0.0372622342799937,0.852790065232051,0.0166726860142309,0.229949292150542,0.0463485729529993,0.191611884900293,0.0626428483032888,0.0129324850914785,0.0136181698046257,0.000151043425257451,0.0073717139980471,0.00222928804803631,0.0355480951391427,0.000461926548930109,0.000915625050402616,0,6.45101341365337e-05,0,0.0506656716811792,0.00201622268838211,0.00198198097335274,0.0100237534080431,0.00291873749663338,0.0336209384779019,0.021444435565191,0.000366253996341455,0.0208750326055838,0,0.00260521420221974,0.00869694016570512,0.0011072015646897,0,0,0,0.0325192269964107,7.9472272412968e-05,0.000290375811219191,0.000973822626893278,0.151495883045286,0,0,0.000793761657115182,0.115431258340511,0.00221266681068482,0.000296753326044997,0.000118970674790847,0,9.09435348901395e-05,0.00186619975234636,0.001319500362121
0.000716550533560762,0.0204907347286508,0.0025912541662556,0.00645162441839275,0,0.00379680419534882,0.0481734243328332,0.021715380044655,0.00483298877271347,0.0794177998956221,0,0.0275262209246571,0.433874889412967,0.108258758657867,0.000221042090100118,0.000801345159248678,0.021015131864267,1.02204333345164,0.431914302985696,0.0226621188642494,0.013553330917859,0.0114074333471794,0.0292816085115129,0.00817902909337984,0.0609461337020812,0.386961169757138,0.0281577257495171,0.0274089055464601,0.163813609898388,0.0106064174220584,0.119131384490225,0.00468172102581132,0.000915422312901578,0.785512522867234,0.00836766564165313,0.0967928865263857,0.53193132396192,0.528136489683614,0.0788738457101204,0.00560913192314104,0.00261278840289906,0.575346033165818,0.00129715322248299,0.130945202062261,0.00284606073748659,0.000568144903055996,0.000715728043363452,0,0.0306267053797611,0,0.00609523280970594,0.000153488038212007,0,0,0,0.000124829564922095,0.000126463470871281,0.00134179353577492,3.79652509322405e-05,0.131069551013802,4.8527733887279e-05,0.255881113227851,0.000744523797476936,6.37455474039137e-05,0.000104652834339738,0,9.33494210355163e-05,0.000143186259222391,4.01570776323616e-05,0,0.000733878523929835,8.1242214941856e-05,0.00239257483971651,0.0361248391105782,0.0290845674131516,0.168373253952964,0.000377143483685231,0,0.000160712757113349,0.0985208524341075,0,0,0.00629559800793816,0.00190325743200052
0.000589262165004033,0.000516658496747106,0.000121942532147491,0.347379269084683,0.11435168864442,0.764987198195023,0.0399197419572956,0.258834831036625,0.0780161170594428,0.699052762353757,0.0275262209246571,0,0.0418515036528459,0.256259042173666,0.410113744113996,0.000117128293868887,0.000993917379129569,0.00880325222061932,0.0159304688198886,1.10499494904419,0.00026955604730528,0.000961768138039862,0.00105210265718083,0.0917566701082944,0.0013271855615034,0.00890701776733097,0.00248005230493516,0.0613985629915576,0.0844698089386484,0.00170083698364521,0.0018778970464598,0.0117993707599698,0,0.0445656050447912,0.108276778544577,0.210215413134104,0.00734578217382206,0.0480140350934485,0.0129507255446016,0.500411843550666,0.0133293790588464,0.00441007183856966,0.00958616843617364,0.000525632231030453,0.00394949852972167,0.00107906912305784,0.0580558287303511,0.000721560478125054,0.00167122141232125,6.08088348740995e-05,8.5372373341155e-05,0,0.0535047055750395,0.0059653870992501,0.00524029633226999,0.00334753675004298,0.00739343722475935,0.0326814050970538,0.0185026664800421,0.00185990935259131,0.0413009120270489,0.000136438040723169,0.00368344318616723,0.0109605899814293,0.000138917285507083,0,0,0,0.0148656905576648,0.000420826181445658,0,0.000190536193663091,0.112829450776756,0,0,0.00013838703061983,0.0850257241867138,0.0016801645602553,0.000767204871469538,0.00010091902948747,0,4.44453765024483e-05,0.00168286390570471,0.0116016231943396
0.000732988174066893,0.294589970137591,0.00334586508702984,0.0167741808068815,0.00726951826860037,0.0199830030719181,0.0508356629088244,0.0326344172555789,0.0794407169777022,0.0520316369603517,0.433874889412967,0.0418515036528459,0,0.0490585508915123,0.00227906898299864,0.0222290625958156,0.00494529039936499,0.00407831268326034,0.0100581088847619,0.0180659148815664,0.0425795342845903,0.256158719015493,0.0453672002565578,0.165966002926063,0.5195391386082,0.025953200915214,0.231283950438224,0.138730479907538,0.0277603265943885,0.0219219940740971,0.173856129899213,0.00971197912451144,0.00101915329978357,0.158771490728882,0.0643923169230594,0.77721032884298,0.267539047740726,0.127254430567703,0.179264716067011,0.403033099484001,0.0431215400111929,0.283714149820473,0.0329382276606013,0.213319355039172,0.0285169584957046,0.00792689058600244,0.0810704729235882,0.0107115425403211,0.0331103438250261,0.000133907991189587,0.0129616093934731,0.000513343142582989,0.00438052111642616,0.000593181938189972,0.00187505378721951,0.00286204817096105,0.0146395994924427,0.00686292521777321,0.00278091332549014,0.257792152291509,0.00476442672804208,0.564929795840677,0.0111665886569034,0.000707231891726893,0.00137102306750104,0.000240391844007271,0.000113763408448828,0.000527657389801803,0.00284983324439816,0.000106624571624315,0.00267939334871375,0.00242689474186063,0.0229065278317129,0.154160616953482,0.0541092488164985,0.456522215284106,0.0197111044711554,0.00259930609583099,0.000916413725516542,0.213616260347468,0.000299507706223226,0.00019791441580807,0.0108124495751176,0.0196243412851672
0.699838733208261,0.000838945101980914,0.286331087151178,0.0632776814512491,0.00317895647919556,0.0649107335881434,1.77512001687033,0.819449595209435,0.0353174160000276,0.660433075506146,0.108258758657867,0.256259042173666,0.0490585508915123,0,0.00341425707753914,0.00202701561295169,0.380842185335465,0.0518563875333655,0.20619589348015,0.133028663061588,0.071030222349332,0.00167583042686106,0.354066054712356,0.0374045497597567,0.00112652052974855,0.261191614263199,0.128243382180801,0.285747868838894,0.963649361415936,1.2213892743671,0.00769041509069796,0.00756632245339478,0.00371130146664997,0.232908936430113,0.0254684185851521,0.449627365329137,0.0226754063627774,0.16554688082547,0.0551797584282319,0.0448240159767623,0.0206891456427624,0.0107164366307062,0.0264467363816462,0.000633240731806612,0.0127652985942635,0.00442338577671734,0.006707739551676,0.00103836000839555,0.00202011569794993,0.00026567181494422,0.000199222896860736,0.000670537466032863,0.00182525451034756,0.000178395109486359,0.000228856434346175,0.00605254961552061,0.000734006429049602,0.0141863591742125,0.000329529020297956,0.00145380275161726,0.000974138322837735,0.000515125201302176,0.000996620853308633,0.00088842634966991,0.00270451829766454,0,0,2.55377589167386e-05,0.000770208314170545,0.00173046555090514,0.000832076135576662,0.00263347906919909,0.0915546296290665,7.95989760386554e-05,0.000265064673435814,0.00677599670484969,0.0433126226079137,0.00154103562729108,0.00450720630345497,0.000191261405589724,0,0.00109783622658591,0.00583260869249467,0.00485880203377271
0.000199425652361691,0.00101587100695655,0.000248823616711047,0.0401521702647919,0.20725450691225,0.130348434975986,0.0201608337829354,0.00429420160575188,0.120889263519055,0.0401654945708885,0.000221042090100118,0.410113744113996,0.00227906898299864,0.00341425707753914,0,0.000766089041217612,0.000675419782226023,4.31880601976752e-05,0.000818409239418125,0.0337956722726788,0.00897735290676572,0.00453931795172991,0.0056143576123923,0.187237639959191,0.00159288998778693,0.000894698767513564,0.00673528384170587,0.0504552155976682,0.00188476205738355,0.00869058081503981,0,0.000552321073025411,0.000169253278531283,0.00116010251427864,0.0366019165021049,0.00879217765818747,0.00125084812664402,0.00314817945909445,0.00159252716807466,0.230171026901979,0.0129858122294675,0.00011773527787807,0.00177634964681853,0.000472216054230201,0.00101161808466215,0.00143864520630365,0.0060166063216255,0,5.13247446054518e-05,0,6.81858240251541e-05,0,0.00406234854842109,0.000435555805867767,0.000807057406352483,0.000586717468042624,0.000355548834839442,0.00593059686617347,0.000900046543413246,8.18932874837991e-05,0.00326721558381281,0,0.000171173657568919,0.000846715472443649,0.000469823681518239,0,0,0,0.00114071319206646,0.000836451095019739,0.000192918288425696,0.000970335339826331,0.013641911129644,0,0,0.000342639728197021,0.0105944663179456,0.000145435341390395,0.000653416769392383,0,0,4.41656263808728e-05,0.00054494482187072,0.0843024945003138
0.000146210062073082,0.0632979712460244,0.0153065130565818,0,0.00174203631689202,0.000225895331936538,0.00106763860337992,0.00116840230938272,0.0368226055914444,0.000330749508784193,0.000801345159248678,0.000117128293868887,0.0222290625958156,0.00202701561295169,0.000766089041217612,0,0.0201761594721705,0.000981861979030648,0.0061360217089751,4.42720103566826e-05,0.684395156389039,0.817882346878302,0.836459561721275,0.348498277371697,0.01234511935888,0.0346939732004433,0.788716936006745,0.141348523501543,0.000934581375748325,0.0014167478529494,0.000158563990701056,0.000179170280166828,7.08204102936476e-05,0.0188474752515515,0.0494654004658255,0.497406848294304,0.115671138885788,0.105345306623691,0.060486571329002,0.00168445125713328,0.00143772044286028,0.000625821519363606,0.0450799811842843,0.0127470517826718,0.0157928420695226,0.0134907108419095,0.00196202817741698,0.000805230905852277,0.00221858971750063,0.000125144225871653,0.00380768921871459,0.00625494862373156,0,0.000599614237995834,0,0.00343544146565642,0.00060801916833187,0.00225370708321538,0,0.000809743967364883,0,0.000252355021560609,0.000524415281776777,0.00150718856706711,0.85539921913786,0.00183330019395373,5.03900092112124e-05,0.00095060939002283,0,0.0799828339482565,0.157764704988159,0.455608802116805,0.1943584049695,0,0.00694877282252274,0.273395459952432,0.0810258819908024,0.000780775648101688,0.0393178501635221,0,0,0.000305010474859205,0.00516864374107678,0.021514685610045
0.0775497939511761,0.0067873347634832,0.61834381493306,0.00086791733847481,0.00128211309959081,0.00146544593124733,0.062061817108478,0.119681894976922,0.00166580078403054,0.00811859644090222,0.021015131864267,0.000993917379129569,0.00494529039936499,0.380842185335465,0.000675419782226023,0.0201761594721705,0,0.0305952868540709,0.374881346667553,0.00171195922784212,0.170810026101156,0.0116046641398558,0.866799062282439,0.01372278924238,6.51602189333439e-05,0.560773468010449,1.50123648480255,0.0549077888628189,0.407648496360364,0.534554188883918,0,0.000223140918008476,0.0269810897879544,0.617026159314349,0.0195571740941229,0.266923040589753,0.143240174313983,0.608894507452276,0.18534502735524,0.00139722493089551,0.00360571375966667,0.000251816468714243,0.021468108978794,0.00223966141717317,0.00789596029890654,0.00943148338135981,5.99280632139623e-05,0,0,0.000231574168954969,0.00464377319654324,0.0616436828385184,0,0.000118486198178029,0,0.00122782820432103,0,0.000293487077888918,0,0.000309145659733737,0,0,0.000148601861037871,0,0.00915845561016087,0.01542246843123,0.000302017460856807,0.0036847953012549,0,0.0015948525946165,0.00378826048119662,0.0142329830192309,0.00336594804257425,0,0.00920095253451403,0.285471203895367,0.00317553111857348,0.000116160051639747,0.000620628880199513,0,0,4.62300092089534e-05,0.00465112369544982,0.0110554529070072
0.0033436186688487,0.000810154277593141,0.00772218607040148,0.00202745499303671,8.25327973327157e-05,0.00108275101391591,0.0250045010502823,0.0096998741841566,0.000953358208228462,0.0233370719875249,1.02204333345164,0.00880325222061932,0.00407831268326034,0.0518563875333655,4.31880601976752e-05,0.000981861979030648,0.0305952868540709,0,0.274769803353323,0.00905943776055564,0.0153770075582313,0.00225289139923453,0.039624701446561,0.0024640468917993,0.00143853223436031,0.0889360765633221,0.0368988615047054,0.0129954357245492,0.074085668540105,0.0168990602338078,0.000177966329099107,0.000734002835817307,0.00133455749492937,0.234687788118603,0.01591499366389,0.139726652608055,0.614969572650604,0.329588245957381,0.129565455175745,0.000772677607253494,0.000815968847442772,0.000650570888915008,0.00111829638602172,0.00230863900779702,0.000935754535717765,0.000750676511410413,7.24373670763493e-05,0,4.66974939054966e-05,0,0.00426687569289598,0.000746727938366381,0,9.63460912698988e-05,0,0,0,0.000399047130258483,0,0.000526077863834667,0,0.00115401593876928,0,0,0.0002326095688532,0.000508516788114086,0.000478562224460453,0.0017389747929772,0,0,0.000986809144404269,0.000393271804715485,3.13845981073648e-05,0.00087077580089019,0.0240136770076608,0.0651900322201936,0,0,0,0.000480379639505428,0,0,0.000323059343676263,0.00479365549927194
0.0313155466428549,0.00153131297969789,0.064063289877538,0.00600966085109821,0.000690998525464234,0.00142360502716176,0.0691042990532639,0.0561186499704926,0.00289297042784652,0.0539840034423752,0.431914302985696,0.0159304688198886,0.0100581088847619,0.20619589348015,0.000818409239418125,0.0061360217089751,0.374881346667553,0.274769803353323,0,0.0159572777617918,0.128284465549619,0.00265134066693889,0.321922594478665,0.00744745785208126,0.000192444467760372,0.610931237084113,0.276401135560442,0.0515586012284103,0.262340910116726,0.172040898877976,0,0.00141141278048712,0.0160713763960888,0.909116751942729,0.0355565121789191,0.367034023024497,0.360999011708059,0.745311688647476,0.315052140935236,0.00291472549190189,0.00308716450498597,0.000305595159228265,0.00425096960102073,0.00121847642915043,0.00196689782392257,0.00285749289065646,8.6710936745596e-05,0,0,0,0.00349676199750922,0.00653434592904561,9.07518943344179e-05,0.000337588732585001,0,0.000101521932016763,0,0.000887970661665237,0,0.000147588130782867,7.57176889130831e-05,6.75790560149074e-05,0,0,0.0033588839796313,0.00319171870431171,3.13992770350367e-05,0.00365758871431104,0,0.000343714655900484,0.00107159218714926,0.00360743668642722,0.000721140506444397,3.36813822903246e-05,0.0222682132219071,0.0655687245568722,9.38145162438333e-05,0,0.000161468082891602,0,0,0,0.000883602033690962,0.0147229555652188
0.000223477113601926,0.000164342961226094,8.04701649960099e-05,3.10366192042332,0.0111196743698161,0.0765011703483527,0.0166921131700067,0.115249052019804,0.0500697529937242,1.52190979650383,0.0226621188642494,1.10499494904419,0.0180659148815664,0.133028663061588,0.0337956722726788,4.42720103566826e-05,0.00171195922784212,0.00905943776055564,0.0159572777617918,0,6.50464774937868e-05,0.000384526061808747,0.000582097988804376,0.087024502909048,0.0004535445257312,0.00900625012637926,0.00138477219625438,0.251214558250061,0.0508376764846528,0.000877032196562792,0.00196514060733098,0.00613095437619358,3.47631297101856e-05,0.0322997926966384,0.00699115427744484,0.201177440769531,0.00599488711789343,0.0405648694187822,0.00917238678776723,0.10992270395929,0.0131443462368162,0.00242106433658903,0.00496565585451744,0,0.00300243999345258,0.000249134355929929,0.0239651580262304,0.000385215321162531,0.000505706954709095,0.000122989487988782,0,0,0.0302820992512532,0.00165154144104119,0.00211454899039484,0.00377445200223571,0.00142057520334073,0.0194146743020181,0.0079917580656282,0.00029542761682722,0.036042485410113,4.71431717094898e-05,0.000565977785734123,0.00460341422740567,0.000133178639283353,0,0,0,0.0111600228900052,9.78163375254933e-05,7.68729052209378e-05,3.95154842937112e-05,0.0831086912875901,0,6.91973020412565e-05,0,0.057856105033208,0.000386507546045297,3.59455461340159e-05,0.000142581320453132,3.51776631676376e-05,6.0630725751704e-05,0.000635345987933296,0.000278343037008781
0.0175699140505319,0.00385481938773815,0.220769734256609,8.34713712080418e-05,0.0237760621112206,0.00261209238007861,0.250035578412048,0.0519675332574626,0.00889296280658463,0.00383497163028483,0.013553330917859,0.00026955604730528,0.0425795342845903,0.071030222349332,0.00897735290676572,0.684395156389039,0.170810026101156,0.0153770075582313,0.128284465549619,6.50464774937868e-05,0,0.0527226910627921,3.89079667563126,0.107438927522205,0.00256795663580049,0.0821657935545689,0.43304063370188,1.69854030470773,0.0395321752334692,1.97105592680842,0,0.00025372787929607,0.00560285927354853,0.938550874344005,0.230998123904339,0.965702595553446,0.163623621660276,1.11617190756025,0.520670865634794,0.0173716860942688,0.0153718000421405,0.000821867409378544,0.0369132587337654,0.00823480370855926,0.0116378786291968,0.011172309456215,0.00276064263537075,0.00108281517234977,0.00343583389297279,0,0.000533019736629689,0.00292522895314775,4.59622740281761e-05,0.00147925879093665,0,0.0030255924131227,0.000480857024153191,0.00322852882443568,0,0.00105120509385343,6.6949794865492e-05,5.29656660200715e-05,0.000369939880929843,0.00218007997600129,0.145226139986202,0.000827831092743434,0,0.000218051488085837,0,0.0368610889810735,0.0381000924663302,0.0799141796360397,0.125566436091028,0,0.00105529730168973,0.0507784744703613,0.0532893211495621,0.00158384575460096,0.047641441382095,0,0,0.000451676017937976,0.00349186500463837,0.0624703178079055
0,0.779103438100485,0.0216568099554999,0.00138179262143576,0.000176761379036307,0.00023902114176119,0.00252896874015717,0.000287172866501194,0.453522622381626,0.000921419770850052,0.0114074333471794,0.000961768138039862,0.256158719015493,0.00167583042686106,0.00453931795172991,0.817882346878302,0.0116046641398558,0.00225289139923453,0.00265134066693889,0.000384526061808747,0.0527226910627921,0,0.107067632684451,1.47097160360721,0.246862581899236,0.107097344665551,1.42724989797799,0.18326877590539,0.00173909310864422,0.00134669678361494,0.00068129476427798,6.92595952343166e-05,0.000149214850267464,0.0055334094170017,0.00600316492385586,0.0592032599145658,0.0245435708526928,0.0228136540065841,0.0113924171709192,0.00297421598402191,0.000265565579467678,0.0500831593884163,0.0349339563542143,0.0176211728007125,0.0186796719063759,0.0134982928005506,0.000450454966954512,0.000447669458179665,0.00161728134810237,3.86982298206031e-05,0.213316651166745,0.0197603257258754,0.00257953092077003,0.000106364670904934,0,0.00379091723660587,0.000797230147774747,0.00525395677546032,0.000324168165212721,0.00366432125488752,9.86716888108852e-05,0.00462689525120664,0.000654329556144771,0.000340508943696123,0.212799224112035,0.00945638679640217,0.000595592400812799,0.00670024088087451,9.82253090103509e-05,0.0223787154581748,0.135858181320334,0.0743276126514636,0.0998717088194763,0.00392419650664339,0.046555846447442,0.89201203463351,0.0304705215533322,0.0004681617992069,0.0110027461832112,0.00116726847246952,0,0.000386380999918833,0.00552590631147206,0.0070355703658416
0.0609951027937938,0.00441003706274101,2.61087818294837,0.000183763650533724,0.0220348778516302,0.00720785652817883,0.410467545512946,0.241383615542724,0.0117065951626069,0.0120840810788549,0.0292816085115129,0.00105210265718083,0.0453672002565578,0.354066054712356,0.0056143576123923,0.836459561721275,0.866799062282439,0.039624701446561,0.321922594478665,0.000582097988804376,3.89079667563126,0.107067632684451,0,0.0799420104554076,0.00203405397427127,0.808636822027416,3.62273428972345,0.905570654879305,0.20101089082568,1.49723884311829,0.000335981624003774,0.00145010876481879,0.0126587945770451,0.872254331816463,0.425703944239505,2.55757035640274,0.488361609280036,1.77029100642001,0.907746559469885,0.0162426881557273,0.015687533478164,0.00153363909473632,0.0421612829769574,0.010122127358071,0.0206107314073861,0.0230144798540465,0.00128930194241893,0.000378817254937988,0.00162013978801786,0.000195765842894822,0.00239855959647757,0.0141068992294889,0.000190179822419054,0.00276559260648056,4.90320869021595e-05,0.00465746410683345,0.000759486367751239,0.00119774648479394,7.68061975496293e-05,0.00113084892342108,0,8.69484635752199e-05,0.000749094235956824,0.00339749948635951,0.820234097176676,0.00456183026755404,7.55376425502327e-05,0.0015450387963161,0,0.0619415138800031,0.105336701910088,0.620098593144168,0.137668178790858,0.000145576514694786,0.00490285172047486,0.424853366141344,0.0632587291196337,0.000556913633396298,0.0235801538935273,0,0,0.000211865971563989,0.00594148093554394,0.156768657661525
0.0010266605475428,0.275450191338319,0.0210131043295073,0.64054871757767,0.0250375073143991,0.0191868268212004,0.286344515798261,0.0279775214711952,3.923891094991,0.151085793205689,0.00817902909337984,0.0917566701082944,0.165966002926063,0.0374045497597567,0.187237639959191,0.348498277371697,0.01372278924238,0.0024640468917993,0.00744745785208126,0.087024502909048,0.107438927522205,1.47097160360721,0.0799420104554076,0,0.175440962784699,0.0489515877078065,0.838475995953613,1.69778057834492,0.0548208547204231,0.0226587357201693,0.00081597187367786,0.0014419230711525,0.0150675123604699,0.0409129507249168,0.0465545198562286,0.437596631777671,0.0661754700773547,0.0823718547932346,0.0365049803872423,0.241144007392355,0.0138556051452006,0.00437243540776721,0.323693042672312,0.0205730959080791,0.143195144079863,0.0574987795868726,0.104327838039106,0.0191684562084687,0.00715640482794893,0.0014168126346302,0.00740741806637096,0.00521740327782189,0.151373128622639,0.0093535545158419,0.0140394554788073,0.0745032985087994,0.0885430575718608,0.238197999193095,0.0419785452246186,0.00726577327230325,0.0387418757670447,0.0030229102778385,0.0508042390034107,0.0289896099902893,0.232247557640703,0.00190418297844004,3.88608500193178e-05,0.000829135249317414,0.0419971576414089,0.0720571593980124,0.0896243320688017,0.107003093862956,1.32518146454302,0.0010413698973148,0.00398044552748525,0.102412281582707,0.718782673512496,0.0461706929334749,0.126227653846483,0.000276334323406398,0.000328161580535799,0.0100777062364491,0.0670901959016882,0.054759999211779
0,0.430048092235404,0,0.00116264131176912,0.000227052069236898,0.000243207498133582,0.00147964398003869,0.000571099057499868,0.0921666076596418,0.000939337989560867,0.0609461337020812,0.0013271855615034,0.5195391386082,0.00112652052974855,0.00159288998778693,0.01234511935888,6.51602189333439e-05,0.00143853223436031,0.000192444467760372,0.0004535445257312,0.00256795663580049,0.246862581899236,0.00203405397427127,0.175440962784699,0,0.0368589451038872,0.716820928534433,0.0205065534309566,0.000528469629049623,0.0011448244055591,0.00693572801679896,0.000142346079612243,0.000202638753529644,0.00384398540987086,0.000191357849114513,0.00651093653814167,0.0102206642342961,0.00182796496624221,0.000510254645801068,0.0101568830335679,0.000318238652429456,0.100203500442126,0.00346832077639882,0.00807587030342844,0.00291106846117133,0.00113877743885458,0.00400980403082587,8.29826331162213e-05,0.0123197147250574,0,0.0220856724785976,0.000317641122873688,0.000557325237368184,0,0.000131909272037959,0.000111799042127931,0.000627798904120356,0.00230927061793486,3.61795922307909e-05,0.0329843786366996,0.000112505142648733,0.104863823252123,0.000735520869587436,0.000222861487385327,0.000567505735205394,0.000225039629652875,0,0.00064083710837667,9.09857266822458e-05,0,0.00160444179086725,0.000207345545837671,0.00445152141108346,0.0664437383277554,0.0142195080696266,0.163213695001124,0.00141904808636536,0.000194162469295192,4.65694830362499e-05,0.0191261972721929,0,0,0.00271023233125954,5.03544188865781e-05
0.0451533759756431,0.0702917076287463,3.36182847874725,0.00250698934320717,0.000600680309742933,0.00294431176162024,0.102104797782784,0.121966343541664,0.0157176226901542,0.0282467741434953,0.386961169757138,0.00890701776733097,0.025953200915214,0.261191614263199,0.000894698767513564,0.0346939732004433,0.560773468010449,0.0889360765633221,0.610931237084113,0.00900625012637926,0.0821657935545689,0.107097344665551,0.808636822027416,0.0489515877078065,0.0368589451038872,0,2.678473250457,0.0773784033699256,0.165966428288717,0.182213127195932,0.0158854403835091,0.000993398630685621,0.00534141136954167,0.301373113749975,0.0483484910269698,1.01599637598781,2.30352329557389,0.671834706118418,0.358879159982043,0.00369871998314323,0.00302978403896912,0.0096453637657481,0.0993202582694117,0.113462696445038,0.080038489104775,0.0565787922467144,0.000233090524233368,0.00017056343582569,0.000642199298914692,0.000820781816727629,0.214697611994279,0.16636983787748,3.61443236545712e-05,0.000245841647904226,0,0.00480618763377183,9.82323042258829e-05,0.00820040612104794,0,0.0243799293075106,4.73704115898013e-05,0.0933917446184732,0.000501448110443875,0.000442359164845294,0.0108616584436488,0.0902416857571399,0.00887286564686019,0.16640252890915,0,0.00621814352108288,0.0205557969110672,0.0223721503685233,0.0119878710039147,0.0426723829323433,1.11288891254094,3.12259217076001,0.00477263674633851,0.000556942593003604,0.00285856331388213,0.0659603011288157,0,7.10786640211433e-05,0.0396344916163214,0.0227978981217186
0.0189393057658212,1.44243811746694,5.28027189896322,0.00103270038853243,0.00410815442796987,0.00165892399441483,0.0452716434028991,0.0640631964692483,0.320213655905939,0.00339586028393642,0.0281577257495171,0.00248005230493516,0.231283950438224,0.128243382180801,0.00673528384170587,0.788716936006745,1.50123648480255,0.0368988615047054,0.276401135560442,0.00138477219625438,0.43304063370188,1.42724989797799,3.62273428972345,0.838475995953613,0.716820928534433,2.678473250457,0,0.430415474961184,0.0671250887342593,0.0673189619629796,0.00557510391205868,0.000180919831046194,0.0049700425274028,0.423939544945303,0.217880125440449,3.0384666171946,0.880016357869057,1.43513881352335,0.894933276421809,0.0104377261120081,0.00623244284412523,0.00565987841834573,0.371705752475041,0.196560153051985,0.217861587970789,0.186880482839026,0.00179310850474191,0.000999417951776372,0.00213547321004406,0.00194860514855683,0.760354486443472,0.554729797223555,0.000870418198902216,0.00156317327721131,8.91097264259397e-05,0.0406346982904615,0.00242926437843462,0.0196421964816885,0.000116042581968561,0.0644741951243675,0.000962984470796577,0.269462941477044,0.00601655780286457,0.00217276171156088,0.544240425597272,0.197577020723031,0.010999136987245,0.215410836134105,0.000199499348498565,0.063870760517696,0.198323453134353,0.615257250268368,0.15149517596602,0.160174354899241,1.48042724263779,8.93857495028785,0.0781212102706121,0.00172560802058985,0.0125142889513237,0.135803561016967,0,0.000566508913617074,0.0948207541921299,0.120172601460294
