0,0.000108134556001392,0.0477709673408277,0,0,0.000866397516715398,0.256702125866714,0.0261491778505068,5.26552074413538e-05,0.000825483613795174,3.32979097127855e-05,0.000173220705367893,7.83329496614427e-05,0.575237908027736,9.98127999797938e-05,0,0.0124125058158371,0.000290515278841078,0.00122321122233272,0.000192472265364707,0.0208332026211022,0.000290545299586025,0.073650126570827,0.000178241732214513,0,0.00925060724695736,0.00234519920729511,0.00319871218508272,0.662794911640018,0.426130275034333,0,0,0.00137713201746111,0.00519919202699109,0.000372132773794868,0.00323917489324462,0.000772826203890472,0.0023460343307223,0.000894780884461651,2.52210185640931e-05,0.000113729886536872,0.000102087834175098,8.24722277763007e-05,0,0.000127965417459732,8.37966066725315e-05,0,0,0,0,0,0.000125047138899311,0,0,0,1.74596660238534e-05,2.75529984564066e-05,6.77517553539155e-05,0,0,0,0,0,0,0.000130453564347941,9.46389650563153e-05,0,0,0,5.01532269392997e-05,3.34265491652429e-05,0.000198308962169802,0.000166787485332149,0,0.000245197933766756,0.000932758549649406,0.000418901378170821,3.17788629421115e-05,0,0,0,0,0,5.97947620221612e-05
0.000108134556001392,0,0.0800471566756887,0.000187169495377907,0.000247122110352424,6.18341001540185e-05,0.00118745226610122,0.000508100572223469,0.194981646085153,9.04892057497053e-05,0.0029134838301868,7.40801569752036e-05,0.0998894775605983,0.000578044244768893,0.00319041996903235,0.0718643577556503,0.0120146040453984,0.000227746249236202,0.00205065161112027,0,0.00505847969045417,0.412949533282825,0.0317923497297001,0.204258184399846,0.170139947363197,0.0898055286305781,1.97886691866167,0.0253248891786557,0.00273026173386168,0.00635089308446421,0.00181852274080497,8.38538333622841e-05,0.000647810505317941,0.00944608295279878,0.00190638594917443,0.0212096783553935,0.0191780370744362,0.00853585655017663,0.00502150638753689,0.00808617546565935,0.000333742364376044,0.0432806782462715,0.0105770635111699,0.00993925977627724,0.00646721219568934,0.00360291306405523,0.000165440592907503,0,0.0181717308831692,3.66058797296703e-05,0.140629178097252,0.019832597943143,2.29308594877124e-05,0,2.4371078860575e-05,0.000470466325646711,0.000189438048873523,0.00263129007022893,3.71943613703042e-05,0.0205149716733699,0.00129698960284695,0.0278849316628104,0.000889601588858382,0,0.00451865762328684,0.0146889096948383,0.0032713488498505,0.00243245045732386,6.15635918508679e-05,0.00050903894505361,0.0068262170778468,0.0115823954112626,0.00299515056708857,0.0375447965926225,0.119333235544623,0.570637230212784,0.00218397692780242,0.000529646426600274,0.000828153709169544,0.0240641502937047,0,0,0.00584889376777433,0.00093602160143324
0.0477709673408277,0.0800471566756887,0,2.53534473579973e-05,0.000764819889023194,0.024663907689108,0.162764877228356,0.309441686383511,0.000368580140310282,0.00492603440406261,0.0136061141586688,0.00192240360266942,0.00173575064342019,0.427316591059985,0.00285174070833644,0.00432214420799565,1.26392321004939,0.0140227615543607,0.112399196121324,0.000796946171068364,0.200913211242838,0.0463349657340126,2.63591632486748,0.0029084302471636,0.000725661982846909,2.56061341578285,1.20441081344614,0.0281870092424255,0.265777839014493,0.231371891400459,0.000163039392970425,0.00277009903420072,0.0265799731268765,0.800470708319997,0.0846527029173115,1.26334141347788,0.366326812762173,0.427159478884902,0.344876817753885,0.00629020041094274,0.0096241615159381,0.00397074087959196,0.0950521658404953,0.0133206818339017,0.0351766352787969,0.0366019818746733,0.0015080738448702,0.00197498787324907,0.000278182656764108,0.00115307029288145,0.0766234875913636,0.301461533731363,2.71620482174218e-05,4.89518530225396e-05,1.86527725818634e-05,0.00191011111707616,0.00103524097722374,0.000292030274768388,0.00019697468843084,0.000125605093033519,8.13545328488228e-05,0.000127184013997829,0.003901399804918,0.000479981932126182,0.0114541188422546,0.193213996689095,0.00210028083207177,0.0362212545772421,9.18229629817753e-05,0.00463022397614775,0.0147013301620686,0.167343111540557,0.00432880955402519,0.0013418092155671,0.31203122620678,0.927762125442404,0.00520798979284114,0.0059115108704501,0.011337995392936,0.000699575240258606,2.91047475848555e-05,0.000178774078651658,0.0283911785876268,0.0457043389598445
0,0.000187169495377907,2.53534473579973e-05,0,0.0105107478122732,0.0055752800270297,0.0120281687475645,0.00565746892803618,0.341315751691687,0.478396275309404,0.00041010489384259,0.0665227147568314,0.000186588933509624,0.00255096717056481,0.0854588834779713,0,3.74905423399388e-05,0.000443290627354055,0.000238805421945619,1.38436053379061,3.33418387864113e-05,0.000636597126064892,0.000166421967372793,0.301985867072456,0.000273599999712211,0.000367116341910508,0.000250210927144539,0.581236345264567,0.00427575473592111,0.000117975573192751,2.23583928092152e-05,0.0011411624652388,0.000362712334522447,0.00585711080608405,0.00493533556922453,0.0275228048976743,0.000647941858867936,0.00530928829403657,0.00144387522326541,0.0989473536803631,0.00216610106604704,0.00211039353676126,0.00732498296231165,0.000294605334498781,0.00295680233906596,0.00107853544416887,0.0212830666205258,0.00189328994290432,0.000590114393635783,2.98043448010206e-05,0.000122579751365167,0,0.0782711051921689,0.0020188787968312,0.00487679937694841,0.00951410434261717,0.0101690127766082,0.140993188790418,0.0342531720519343,0.000328838888326049,0.0371455298585149,0,0.0086825138615547,0.00806637953013721,5.42256547690034e-05,0,0.000212023389613724,7.96574519995717e-05,0.030259057370837,0.000163092021449447,5.39072688757002e-05,0,0.0924276497922696,0,0.000131556059679508,0,0.0859545851089576,0.00237644935883915,5.16532782756746e-05,0,0.000248174731908396,2.61387619790107e-05,0.00356685809252612,0.000362197255333018
0,0.000247122110352424,0.000764819889023194,0.0105107478122732,0,0.26273165220889,0.0119600258860449,0.0169335547848241,0.0359074603928553,0.0349422036096045,4.0221697599864e-05,0.0592992955057623,0.000111552926930183,0.0015249401890316,0.136665178378131,9.4296665543586e-05,4.61893613869041e-05,0,0,0.00667959331180472,0.000651411238912945,0.000455939868156094,0.00113849639959274,0.0197166032794581,4.64702842881501e-05,0.000119908009015993,0.000301303166862771,0.00832531637507395,0.000911010755695776,0.00079394207602473,5.71176060960292e-05,0.0648511455164957,4.52193435763061e-05,0.174648817077733,0.00814433403779732,0.103848727483961,0.0022195733354167,0.0099833571320716,0.00739815015274858,1.58023777051796,0.53322005166887,0.0140385623155668,0.00421758366853935,6.97041708981754e-05,0.000277451218034989,0.00196438155039396,0.00998851035707068,0.00110784687897095,0.000280241287565363,0,0,0,0.00623858737959874,0.000638308940354459,0.00192929822415943,0.00121996774258679,0.00138742515684926,0.00696563450074391,0.00323021466811031,0,0.00532930033734191,0,0.00103217477628687,0.00203375030691373,0.000113804754048508,0,0,0,0.00279917631027827,3.18652365381062e-05,0,0.000126757795108962,0.00738333900088183,0,0,7.48654683477459e-05,0.00614362971842014,0.000204203666921932,0.000132372328980887,0,2.96500586698473e-05,0,0.000391626953971112,0.00476816382225523
0.000866397516715398,6.18341001540185e-05,0.024663907689108,0.0055752800270297,0.26273165220889,0,0.137664358769656,0.710609913954629,0.0192173230028555,1.09812621326337,0.00646559686911031,0.441356339822745,0.00220531259473448,0.0776301958962405,0.375273275740882,0.000302828877871746,0.00290239321552636,0.00272813217269566,0.00200282620927884,0.0552104647116705,0.0110543948858507,0.000203815883942193,0.0244232796881321,0.00947360392620364,0.000114513196851265,0.00615867144269939,0.000972616722226883,0.0637347713312506,0.0325612967621747,0.0194180391470217,0.000553157134916878,0.0319314959458728,0.000761636658669307,0.126244388103289,0.268337947786135,0.213055024426721,0.00824190764639892,0.0344396053739366,0.0211397742386676,0.284922662265076,0.140267084136801,0.0495923223910317,0.0100392937711458,0.000175204189289003,0.00287748299523938,0.0054401349217539,0.0164541458082713,0.00643324409716857,0.00096012959312271,0,0,0.000275873445405185,0.0128291613993002,0.00133038333758217,0.0019540133940645,0.00304738157619003,0.004132242248224,0.00840083342498771,0.00671747137887091,0.000277600720792583,0.00889038155528103,3.55383931703031e-05,0.00269614287542501,0.00439626928807662,0.000117048049443705,2.41748809562802e-05,2.39103855729908e-05,0,0.00528447698563161,3.32290323817134e-05,0,0.00022297046976995,0.0194968637056695,3.79521435751736e-05,6.40542611768246e-05,0.00046422792535143,0.0209042619192991,0.000523437445270685,0.000369462131053135,0,0.000381258497158086,0,0.000944305535506731,0.0166130183241171
0.256702125866714,0.00118745226610122,0.162764877228356,0.0120281687475645,0.0119600258860449,0.137664358769656,0,1.58437644285064,0.0926473472837406,1.66871358809016,0.0258063633381758,0.0180987046893685,0.00780308113857708,2.13984591649528,0.101542416759528,0.00378558986066501,0.0111715468205856,0.0116354455531927,0.00980418626243004,0.009558700405307,0.354640491426256,0.00321897665894997,0.325487172170747,0.192291802289026,0.000324863284423616,0.0310069456912734,0.017937616316724,3.89481916064585,0.49716817175836,0.698805994865436,0.00283076012527483,0.0249808581106787,0.0786143457755833,0.368586859043308,0.249561833152078,0.963041643831434,0.0728562537895618,0.255851530420338,0.0765902436257608,0.0767899619257136,0.063423057790929,0.0296211314495795,0.0526655257287804,0.00135359886545822,0.0193372269447857,0.00843014365947972,0.026947384907481,0.0112232681348383,0.00264214528606102,9.04285811592637e-05,0.000384898408937848,0.00288617620498901,0.0574353408154495,0.00178374621966456,0.00456598311467426,0.0456533524221248,0.0430209414247397,0.0552233310640332,0.0383357993611097,0.00203711321994524,0.0119431958906501,8.9295264334643e-05,0.032887724198389,0.00333291286562684,0.0032348625625815,0.00119263236407683,0.000310398499155346,0.000275450419763333,0.0159507414791375,0.00182293242327191,0.00157144647937255,0.00532852824074948,0.170838131630903,3.02671642128885e-05,0.000703080359981794,0.00766869225380374,0.311561805245605,0.00983230626688517,0.00285904818775401,0,0.00139758460053982,0.00020170668581678,0.0137880784177781,0.0241384374237626
0.0261491778505068,0.000508100572223469,0.309441686383511,0.00565746892803618,0.0169335547848241,0.710609913954629,1.58437644285064,0,0.0109737970307266,0.844607914653853,0.0152667785156751,0.325253415357604,0.00512508380972321,0.937329217196542,0.0296469440975526,0.000607733978639565,0.0356261213096839,0.00528744633340497,0.00663906338952887,0.0788492172130375,0.140816173916376,0.000865048196058663,0.336752547207864,0.0163387253329545,0.000154074209045097,0.0520739950261426,0.00866691425948035,0.192734863839888,0.120305638968994,0.403989373535361,0.00205921616111449,0.0955315214609119,0.00505461227363065,0.0894231263191609,0.0117675313134297,0.192230057929508,0.0134273182389222,0.0493084794797903,0.0226081925708856,0.0762375190775988,0.0118276928879269,0.0544031925364325,0.0128954682168771,9.59414914879826e-05,0.00411779339508186,0.00633824849384843,0.00891137505101497,0.00704848432591904,0.00138288365142827,0,0.000366034514975816,0.00213521682065464,0.0100445776415282,0.000157664401351637,0.00138062387854983,0.00686332586474501,0.00498609308648869,0.00840936744747549,0.00528737639382387,7.12700638694527e-05,0.00567045857449231,5.66255277056697e-05,0.0027655711488066,0.0023342082232409,0.000485708967046529,0.000601123951635169,0,0,0.00425543389133622,0.000405064769234833,0.000106283824097052,0.0022029030705904,0.0255321545814911,0,0.000719102055386848,0.00544893121523446,0.0404806047521514,0.000891066891300242,0.000359580714251915,5.52034640373468e-05,0.000154968621941137,0,0.0017962932018473,0.00106475629093984
5.26552074413538e-05,0.194981646085153,0.000368580140310282,0.341315751691687,0.0359074603928553,0.0192173230028555,0.0926473472837406,0.0109737970307266,0,0.113445242229454,0.0035352308682113,0.0450502838991908,0.0671007775341278,0.00615728952119959,0.208435840815448,0.00980073872185575,0.000406292697777959,0.00068203707168404,0.000808321441123253,0.0797514715672889,0.0108620769959501,0.543726108076651,0.00874058249165127,1.76977356611355,0.108988505412885,0.0113266807068657,0.288369371763574,0.555136692498774,0.00707703279882922,0.00149742705906004,0.000809793566978485,0.0030445173197027,0.000765541004111406,0.0089954703432283,0.00396202561191198,0.0288787358242367,0.00261645106759591,0.00767444994535723,0.00215247648481463,0.141784295172137,0.00402629758074396,0.017298276915883,0.0332741560691878,0.00341453955700209,0.0112306490443191,0.00274582565229401,0.0134215871742736,0.00507198690930127,0.00649484902906168,0.000709288417121377,0.00319396878718773,0.00095969425577569,0.0431853274502571,0.00217174911439449,0.00300721170632108,0.0289452159948454,0.0201333620392336,0.315739949497093,0.0192687030051307,0.0166593445793213,0.0356403839677761,0.0174499124262657,0.0179958217707958,0.00592100074335425,0.0113326321201764,0.000305519318420121,0.00210129466850798,0.000791929688832704,0.0146164044469657,0.00578857153851846,0.0234099359166625,0.00408211627920504,0.332320647217253,0.00688098363227716,0.00383513797216781,0.0214259186274706,0.266697587365422,0.0137873815817623,0.0325318553641682,0.0101854960042185,0.000518893553847724,0.000826010965708124,0.00789812940610942,0.00312750381779914
0.000825483613795174,9.04892057497053e-05,0.00492603440406261,0.478396275309404,0.0349422036096045,1.09812621326337,1.66871358809016,0.844607914653853,0.113445242229454,0,0.0454402250282647,0.736589684606586,0.0161816723929275,0.308955547043593,0.148206311242697,0.000587000696804114,0.00246413549142898,0.0183751845528471,0.0129206464514536,0.577025266638133,0.00329734290706362,0.000410026084311369,0.00758179914364454,0.127908212302469,0.000339147319891536,0.0273114824322772,0.00175124716907271,0.675109506487854,0.215917879660901,0.00569842508219473,0.00562403614992775,0.0403944439537479,0.00533862749514471,0.229931298685694,0.268682692038058,0.519002135253654,0.0125021747664115,0.185412404894894,0.0327258807966189,0.0981368371223044,0.0468146551608141,0.0480455080019179,0.0198010496875345,0.000398586039744312,0.00807951899120415,0.00487252980753357,0.0458174440435862,0.00664851156749533,0.00161370516158702,2.73261934581459e-05,0,5.10408960094988e-05,0.130324297355851,0.0038566295657089,0.00823360576858362,0.0192152399468006,0.0254964795332661,0.123381784661346,0.0687312812182979,0.000192301790478196,0.0417333153934315,0.000114034636973062,0.0149186712045391,0.0139172144916126,0.000299928378193227,1.50367127005785e-05,2.97734291023076e-05,0,0.0396477677044434,0.000253576710200196,0.000174591768041176,0.000235992557894087,0.155146768772519,7.52390685030042e-05,3.75532329579502e-05,0.000120393709033501,0.178908380824182,0.00367238507972337,0.000542225924353713,0,0.000340262539484096,0.000113911117110935,0.00713866519004787,0.016877140898254
3.32979097127855e-05,0.0029134838301868,0.0136061141586688,0.00041010489384259,4.0221697599864e-05,0.00646559686911031,0.0258063633381758,0.0152667785156751,0.0035352308682113,0.0454402250282647,0,0.0358309470742367,0.392473417437063,0.0143367440850973,0.000855988635928979,0.000444191659009802,0.0138932747138738,0.563849918197998,0.142780843786439,0.0126164731402498,0.00414091866256633,0.00200675424906858,0.0146471950600536,0.00430744242727553,0.00873514878391876,0.197006481609794,0.0175167557142137,0.00734314070039451,0.0217557720279148,0.00750859730176721,0.0755797860070975,0.00357028932415169,0.000606228266842436,0.668240648095261,0.00501231422319587,0.0669855685423957,0.145021005642077,0.354432155109724,0.0532822501319651,0.00403279716541844,0.000343261711469898,0.0427906425058596,0.000946182221070296,0.0127135356157422,0.00404769185496596,0.000819822828192843,0.000783888873578943,2.14855676273495e-05,0.0237458496370327,0,0.00165215920205621,0.000165115276401275,6.3952798432934e-05,0,0.000136023037054089,0.000556542264241709,0.00028982527435984,0.0020538916929655,0.000298047445253799,0.074677487770875,0.000641689333408539,0.119381908235416,0.000607790279515075,8.85283490534961e-05,0.000655074359393919,2.11346856541812e-05,0.00211572180237287,0,0.000221482108868664,0,0.0014380734296572,5.28941665939421e-05,0.00309468696279031,0.010767290409001,0.0219373553339547,0.0252416431829487,0.00272204745350383,0.000229319876816982,0,0.0908813710857726,9.6704232483867e-05,0,0.00861481090635674,0.00259140568086607
0.000173220705367893,7.40801569752036e-05,0.00192240360266942,0.0665227147568314,0.0592992955057623,0.441356339822745,0.0180987046893685,0.325253415357604,0.0450502838991908,0.736589684606586,0.0358309470742367,0,0.011911881758845,0.192880657411246,0.54617984289943,8.2028178029996e-05,0.0014369122539451,0.0140496937164051,0.00843644077182816,0.661178511012498,0.000573383206983952,4.90365374136031e-05,0.0025424444316411,0.0402032791427454,0.000135490302424657,0.019578397549246,0.0010557608816159,0.0383714565622349,0.117993017664052,0.0032226889791488,0.00373472441782386,0.025351853775059,0.000399776604373747,0.116536003043065,0.187645003405294,0.134747013844982,0.00393667501183883,0.0745639381290015,0.0127812530071454,0.170847812227226,0.00882749397922318,0.03130159666679,0.00386914895862726,4.05159960805416e-05,0.00156969482745861,0.00326663588688051,0.0124098152014955,0.00214625319072172,0.000607217564328547,2.56605058328479e-05,0,2.9291606134963e-05,0.0161479648331523,0.00119005290591668,0.00164794660270192,0.000752775992674862,0.00234636118537955,0.0115034806799321,0.00593379128127607,0.000201469389881355,0.0525032315496804,0.000190642119021231,0.00146679004342745,0.00519987953177388,8.57896508438589e-05,0,0.000112559114841372,1.62733958731085e-05,0.0065968252880026,0.000102315129692483,0,0.000127405696157288,0.015530421159079,0,2.63920533857465e-05,0.000167008988825703,0.0115842288596769,0.000227307488000721,6.81521456496892e-05,0,0.000219118427147651,0,0.000645315754288144,0.0174153662931871
7.83329496614427e-05,0.0998894775605983,0.00173575064342019,0.000186588933509624,0.000111552926930183,0.00220531259473448,0.00780308113857708,0.00512508380972321,0.0671007775341278,0.0161816723929275,0.392473417437063,0.011911881758845,0,0.00396145229250984,0.00119342405219799,0.00344853592371772,0.000546082103091738,0.000893913079791749,0.000237676311890972,0.00410354644415912,0.000449344913245124,0.0866245061211337,0.00297850938744756,0.0374746038419373,0.30975324583667,0.017762503576767,0.0709440473469557,0.00466454415370328,0.0061241197539232,0.00251223103287209,0.086524027311504,0.00113405325300157,0.000259160710068753,0.176200155601881,0.000728645128500927,0.0136470470164174,0.0954591766745139,0.136560410306855,0.00507815465616395,0.00308326502682496,0.000177418093756622,0.0747753423973959,0.00219706628607659,0.0751224508036924,0.03299454449773,0.000648467445236888,0.00114809118268065,8.09971393154918e-05,0.226884832242773,0,0.00745811656235528,0.000138021999939617,0.000232933147885895,0.000104456846637058,0.000381107997119889,0.000217341549231988,0.000837941477423913,0.00739496976480683,0.000710009639409134,0.373431347893056,0.00129209419924745,0.481611944220857,0.00207659566786742,0.000246856749251607,0.00133550814658099,0.000126039844031524,0.00574402394464049,7.21153095323441e-05,0.000600755163277614,4.91086518460482e-05,0.00589468344053519,0.000239999759674147,0.00442026651502543,0.103151998796023,0.0480206040130104,0.0786454265177397,0.00179920045347284,0.00119055327115661,0,0.296076770328422,0.000480808261942315,0,0.0544354322940673,0.000410680526156098
0.575237908027736,0.000578044244768893,0.427316591059985,0.00255096717056481,0.0015249401890316,0.0776301958962405,2.13984591649528,0.937329217196542,0.00615728952119959,0.308955547043593,0.0143367440850973,0.192880657411246,0.00396145229250984,0,0.00756984952604641,0.000200608151995623,0.084955197919768,0.00689119885546364,0.0117603167549015,0.0578356763614927,0.159519081304723,0.00229812108047904,0.535066618114043,0.0116282006263331,0.000276343245781279,0.0934408347029489,0.0202813619144488,0.103045450098095,0.750325480879457,1.31710591676408,0.0020758282003462,0.145624082123766,0.00481048926054919,0.0801777320763787,0.00484738614968263,0.103809175997908,0.0106300702242909,0.0339101718911087,0.0118556420666607,0.0285941601261506,0.00335313466108181,0.0224877339509041,0.00786090235375101,0.000221509896289784,0.00263452025235873,0.00273388790948172,0.00372621846699839,0.00263790737299629,0.000251044725195551,0,0.000176061249641001,0.00265771078243815,0.00831019168565694,0.000158638955652016,0.000609775865196938,0.00458583254764144,0.00419579512738946,0.00444001584960654,0.00490435079339943,0.000168586959612238,0.00220168386744044,2.19838570943028e-05,0.00179044474557711,0.000831175643191794,0.000638322315933893,0.000970177796171595,7.1529421795821e-05,3.33455696553796e-05,0.00261628452335934,0.000185055892325789,0.000359736955962643,0.00171737221883423,0.0180186614716897,4.8818542268753e-05,0.000839369269770886,0.00646670408122181,0.0319009943476274,0.000498397746613606,0.0003437705552192,0,0,0,0.00138434891488847,0.000663438756470383
9.98127999797938e-05,0.00319041996903235,0.00285174070833644,0.0854588834779713,0.136665178378131,0.375273275740882,0.101542416759528,0.0296469440975526,0.208435840815448,0.148206311242697,0.000855988635928979,0.54617984289943,0.00119342405219799,0.00756984952604641,0,0.0004884753389808,0.000651908860819104,0.00039779317730088,0.000199034699832279,0.0531749933518154,0.00920792347144921,0.00607944753732724,0.00897456433531591,0.18183353440157,0.00172311939102644,0.00117931036979892,0.00580768163247502,0.0892793318511856,0.00757057161730017,0.0184178965445745,3.52097161208034e-05,0.00757538932884247,0.00179309854662083,0.0162325479969861,0.0913842331703785,0.0440586170221704,0.00375499499069545,0.0111477777808595,0.00885020902816281,0.376613200468058,0.0089351655842496,0.0286609057488174,0.00887310977757258,0.000614389132591272,0.00250447889624414,0.00605078333438842,0.0286287492527432,0.0043499491075132,0.000627997643637533,0,0,0.000299229628827998,0.0202969818267761,0.00263575608443186,0.00465031305369489,0.00193188051011361,0.00517218592812201,0.0246376087157867,0.0118341244333759,0.000450458258469904,0.0195663612673137,0.000140232098823434,0.00401180138600938,0.00718549741085607,0.000547627139254823,2.37788939629763e-05,0.000353826502623,8.03587692811429e-05,0.00962564577483264,0.000266958119013098,7.75285047945827e-05,0.00128108071628295,0.0213056777443805,2.86867343337893e-05,0.000252694591142738,0.000544508886442545,0.0209221292976724,0.00130803515471738,0.000791220796116708,7.4911983204305e-05,0.000288157075666442,3.09203570205092e-05,0.00108472455297699,0.0596659598472935
0,0.0718643577556503,0.00432214420799565,0,9.4296665543586e-05,0.000302828877871746,0.00378558986066501,0.000607733978639565,0.00980073872185575,0.000587000696804114,0.000444191659009802,8.2028178029996e-05,0.00344853592371772,0.000200608151995623,0.0004884753389808,0,0.00394327890329358,0.000643446907285152,0.00124443488523242,4.19841490557194e-05,0.783646952101772,0.709366387140485,0.82836784679566,0.234125109521918,0.0107094589042951,0.00638979498188773,0.285631274865414,0.434606034334611,0.000294657262932297,0.00188807322978758,0,0.000605765764156488,0.00017175283663393,0.0118990255205967,0.0148325063829043,0.136494612248567,0.0660797439820554,0.0414431816670027,0.0277414815538781,0.00140299500861392,0.00199357309550028,0.00679951106460949,0.0341630448622922,0.00504996166506192,0.013643232842034,0.00757178250923703,0.00171834648239645,0.00139643190008861,0.00217341358871586,0.000983125433400504,0.0033025639536407,0.0225014183267426,7.08314715544643e-05,4.00322370244682e-05,7.60824950221243e-05,0.00489815173777304,0.00422307345949981,0.00915455250889686,0.000202170049347543,0.000746748933843664,0.000103023293126732,0.00066443432350557,0.00589725824363638,0.000109163918504849,0.41278954186362,0.00185684704546274,0.000204892729346573,0.000471601841686213,0.000102791478986156,0.131331603059421,0.183572158980297,0.299995832222963,0.0958604405686055,0.000524744680361098,0.00120656157392776,0.173305015843699,0.079612566636174,0.00596154057346669,0.0749569801250703,0.000424723594916338,2.09928963910282e-05,0.00065506620573166,0.0053769132745604,0.00848490200177534
0.0124125058158371,0.0120146040453984,1.26392321004939,3.74905423399388e-05,4.61893613869041e-05,0.00290239321552636,0.0111715468205856,0.0356261213096839,0.000406292697777959,0.00246413549142898,0.0138932747138738,0.0014369122539451,0.000546082103091738,0.084955197919768,0.000651908860819104,0.00394327890329358,0,0.0273471452759966,0.464340414196971,0.000521106556864634,0.0476293735674122,0.00200019090340488,0.613854304375864,0.000879773934252573,0.000383949595521843,0.572424745855894,0.83214683603283,0.00374421320655081,0.147143212313551,0.247712815456151,0.000152457557089871,0.000549412258541466,0.0376504339092653,0.509536283235061,0.0150320319673138,0.270302826506898,0.183391614275412,0.127088020676986,0.090443942730436,0.00120289571742207,0.00175880046354095,0.000802821781307826,0.00526782991813689,0.00170345678250043,0.00204189742513321,0.0032519546982182,0.000126312512567905,0.000261645873236329,0,9.85483699920328e-05,0.00821408549343969,0.0286117877105143,0,0,0,4.26330522573561e-05,1.40986874568373e-05,2.7285106796664e-05,0,0,0,0.000244190914246985,0.000300958401760537,0,0.00414060193989019,0.0178473281620944,0.000535278341416401,0.00414234092926409,6.47772084026931e-05,0.000668266489545802,0.000576350772970948,0.00620226017645261,0.000674064500309504,0.000437551251492298,0.137554905817629,0.137282618388621,0.00085682864180811,0.000245383595255292,0.00086605881488432,0.000361142920208582,6.53872647636174e-05,0,0.00211403633805599,0.0066439390619154
0.000290515278841078,0.000227746249236202,0.0140227615543607,0.000443290627354055,0,0.00272813217269566,0.0116354455531927,0.00528744633340497,0.00068203707168404,0.0183751845528471,0.563849918197998,0.0140496937164051,0.000893913079791749,0.00689119885546364,0.00039779317730088,0.000643446907285152,0.0273471452759966,0,0.162361459024622,0.00550709864026808,0.00417026605306992,8.29016382879468e-05,0.0200187475777952,0.00151065762674528,3.24697445105255e-05,0.0651946617424215,0.0104319562792061,0.00425672746173328,0.0105892148214611,0.00545701678061291,0.00167362113543264,0.0011917484989662,0.000730521658137886,0.314816460118415,0.00914622501769966,0.119294829297283,0.198880000555688,0.298515440530884,0.08777630871769,0.00183650211021676,0.000302878975791842,0.00107238633216021,0.000734513722042983,0.000194659662308788,0.000138605566643596,0.000461122699720067,0.00015123362091763,0.000126525743830001,6.26238229502079e-05,0,0.000274014696274364,0.000174419647804093,0,9.41279854373155e-05,0,0,0,0.000441664004217029,0,0.000611545271629253,0.000141766874690795,0.00121864040433346,0,0.000146335475608582,0.000333621381569785,0.000103067115000814,0.000479382611961985,2.92297195135295e-05,0,6.55960310022952e-05,8.22546451872707e-05,0.000377101316719428,0.000710285176345427,0.000400443528468377,0.00849448508711909,0.00983205007784227,0.000303321805737278,0,0.000138978224742257,0.00258706951617106,0,0,3.59131757690131e-05,0.00504823908209091
0.00122321122233272,0.00205065161112027,0.112399196121324,0.000238805421945619,0,0.00200282620927884,0.00980418626243004,0.00663906338952887,0.000808321441123253,0.0129206464514536,0.142780843786439,0.00843644077182816,0.000237676311890972,0.0117603167549015,0.000199034699832279,0.00124443488523242,0.464340414196971,0.162361459024622,0,0.00287253060452486,0.0138894710174336,0.00033126246535576,0.085631220175296,0.00129330685510407,0.00021637088010295,0.397662687290311,0.110627775391719,0.00391355313738234,0.0240075050388466,0.0183319013386056,0,0.000360647656692386,0.00531702755210116,0.580046588352832,0.0170950344682879,0.209065463828313,0.213982180459405,0.294588492550637,0.125664793489179,0.00126332435765527,0.000662622789276809,0.000988521496226575,0.00137246147789843,0.00102568897974765,0.000681913983868563,0.000512041592903405,0.000255031544444185,0,0.000181274603838694,0,0.00128425107132194,0.00304562965465299,0,3.02878374824703e-05,0,5.30325076051056e-05,0,7.3240898244405e-05,6.63382416613222e-05,0.000153611592662668,9.4557741911125e-05,0.0003633758201105,4.57185133789062e-05,0.000410542764997011,0.000679732625832105,0.00152954890694226,0.00073310962891635,0.00069034165303935,0,0.000116485519025946,0.000145928390214032,0.00078898240467453,0.000394013303522915,0.000192076739654288,0.0444331707076245,0.0484103635151968,0.000452270622683007,0,0.000133032561225212,0.000698719120338966,0,0,0.000361341023341131,0.00929828193111302
0.000192472265364707,0,0.000796946171068364,1.38436053379061,0.00667959331180472,0.0552104647116705,0.009558700405307,0.0788492172130375,0.0797514715672889,0.577025266638133,0.0126164731402498,0.661178511012498,0.00410354644415912,0.0578356763614927,0.0531749933518154,4.19841490557194e-05,0.000521106556864634,0.00550709864026808,0.00287253060452486,0,0.00034609803922762,0.000159783832160768,0.00137813382480913,0.0731343439314953,3.76200004070937e-05,0.00580918298157554,0.000866710112209101,0.49724149373032,0.045265317430877,0.00147025514523612,0.000944754673982891,0.0085996728299906,0.000438849647493061,0.0375818164477538,0.00696609193094233,0.0932036463479508,0.00226449075959931,0.0274392216245908,0.00488063704427432,0.0369608884694673,0.00815426416379727,0.0124779069629416,0.0078033954216515,8.87017849213422e-05,0.00358075511652617,0.00137112581706234,0.0202065694327479,0.0022053633114883,0.00102487021562052,2.97293408536017e-05,0,0,0.086723569105784,0.00309407379439415,0.00362714160488008,0.00764552605802075,0.0109813662605695,0.0624479161231339,0.0333037133547737,0.000622926491258812,0.0276192983336252,3.51053005167544e-05,0.00865076321970463,0.00980898014806169,4.81290526701718e-05,3.44156143856764e-05,0.000426179627846134,2.76900806850493e-05,0.023580725861007,2.45008893868357e-05,8.10780944618226e-05,6.75417774355473e-05,0.0803330735472662,6.72523662795216e-05,0.000103889150338256,8.83495499599935e-05,0.0845649388863862,0.00139282746973358,0.000230271899722356,0,0.000121839346856028,0,0.00167544696130966,0.000868047822830406
0.0208332026211022,0.00505847969045417,0.200913211242838,3.33418387864113e-05,0.000651411238912945,0.0110543948858507,0.354640491426256,0.140816173916376,0.0108620769959501,0.00329734290706362,0.00414091866256633,0.000573383206983952,0.000449344913245124,0.159519081304723,0.00920792347144921,0.783646952101772,0.0476293735674122,0.00417026605306992,0.0138894710174336,0.00034609803922762,0,0.0293918749585533,1.92345734709513,0.03957262267674,0.000662493517996739,0.0354390354307621,0.0494517274071347,1.24794333876071,0.0556240674778972,1.97224091916078,6.05440348571898e-05,0.00140368187507215,0.0179119620057255,1.11542971645587,0.226855831272467,1.21285030383059,0.359397142355357,0.775774529925878,0.323149653902529,0.0284561794630048,0.0112224137788385,0.014105297210158,0.0341342594572754,0.00306365359146295,0.00907112711962608,0.00507048101071706,0.00368375659779423,0.0021803726988526,0.00348613029531268,0.00126144882854739,0.000316936435278708,0.00368200617380233,0.000889052397474755,0.000393869357275003,0.000364447961728841,0.0119923238903895,0.0111718239346545,0.0161627947904178,0.000686196323022977,0.000161376201795107,0.000227716252854788,5.71382485051366e-05,0.0132992682816284,0.000903693772876234,0.2127173621884,0.00139250244396551,0.000249292438205522,0.00042545651982095,0.000338129128879923,0.0739012843233229,0.044386579818977,0.0622171583885826,0.138999910906219,0.000109172617910245,0.00111523959177118,0.0161374121482386,0.140726807486162,0.0136982417064148,0.0995182538616734,6.04397459435106e-05,7.71121336456181e-05,0.00140364772064783,0.00435484337739632,0.0475217527603514
0.000290545299586025,0.412949533282825,0.0463349657340126,0.000636597126064892,0.000455939868156094,0.000203815883942193,0.00321897665894997,0.000865048196058663,0.543726108076651,0.000410026084311369,0.00200675424906858,4.90365374136031e-05,0.0866245061211337,0.00229812108047904,0.00607944753732724,0.709366387140485,0.00200019090340488,8.29016382879468e-05,0.00033126246535576,0.000159783832160768,0.0293918749585533,0,0.287916067107086,0.910108142713569,0.13466943191096,0.00983457831898407,1.19238414059999,0.13986811130486,0.00721040215503301,0.0191581759421007,0.000256050472858721,0.000145194966669118,0.00166847734886611,0.00897608537177508,0.00535400837360462,0.0285742188183018,0.0131912153093525,0.0135271752002413,0.00471538250754458,0.0116550165337208,0.000760467982237615,0.0180491441475914,0.0482831813690698,0.00920674038967277,0.0212800997886932,0.0170481165511899,0.0021459187037818,0.00135426431799548,0.00648694172109417,0.000370601361719251,0.110174266469749,0.0858047662085394,0.00020291648626737,0,5.57011769006938e-05,0.00264862613680312,0.00153152770819239,0.0115629394964508,0.000514848686046168,0.0136800010965877,0.00349942951456027,0.0165310700665954,0.00255456357069947,0.00013316940631547,0.165604973706231,0.0289401852615674,0.00032495466228922,0.00379091757728502,0.000178552528055274,0.0464653227034504,0.221178084979007,0.160145940084772,0.0613950660307289,0.0078592087211537,0.0124509956642023,0.675663908513202,0.0419718093925815,0.00256390820365213,0.0188715969801535,0.0105421640142863,9.8856505335027e-05,6.63978576015117e-05,0.0117920934608589,0.0079259107298485
0.073650126570827,0.0317923497297001,2.63591632486748,0.000166421967372793,0.00113849639959274,0.0244232796881321,0.325487172170747,0.336752547207864,0.00874058249165127,0.00758179914364454,0.0146471950600536,0.0025424444316411,0.00297850938744756,0.535066618114043,0.00897456433531591,0.82836784679566,0.613854304375864,0.0200187475777952,0.085631220175296,0.00137813382480913,1.92345734709513,0.287916067107086,0,0.119536643807173,0.00361642233268754,0.346167697669792,1.14059178775317,0.684429224773879,0.28864892502985,1.38694837010512,0.00110535798168594,0.00279411823055905,0.0439928497691333,1.58420938177014,0.327975826690213,3.11912262218386,0.963225567740432,1.9505730051989,0.932314360624907,0.0475440635825509,0.0283106991733804,0.0200657508988206,0.103352225298152,0.0173866387889177,0.0497186273395349,0.0358362950109645,0.00590383023185721,0.00427716375697828,0.00408284675313827,0.00171847995719803,0.0162585487622918,0.182872253601177,0.000571767237207639,0.000433480819848037,0.000300758385278556,0.00893109578118449,0.00677331634122024,0.0129227319211225,0.000623499800915537,0.000380362084828132,0.000317168788665473,0.000214211759474876,0.00996850893464132,0.00126028336972625,0.801032532616795,0.0177583577952132,0.000378403487443519,0.003487171388045,0.000166974486814982,0.246769897198061,0.23262890601571,0.895079171973784,0.139414849019805,0.000381947996502081,0.0174403755276829,0.754527648644525,0.132523811627969,0.00947037614631814,0.105965359983815,0.00015889346361115,3.22750441513717e-05,0.00115543864752802,0.0213354865460837,0.116232684810646
0.000178241732214513,0.204258184399846,0.0029084302471636,0.301985867072456,0.0197166032794581,0.00947360392620364,0.192291802289026,0.0163387253329545,1.76977356611355,0.127908212302469,0.00430744242727553,0.0402032791427454,0.0374746038419373,0.0116282006263331,0.18183353440157,0.234125109521918,0.000879773934252573,0.00151065762674528,0.00129330685510407,0.0731343439314953,0.03957262267674,0.910108142713569,0.119536643807173,0,0.0712366844231171,0.00722310915121344,0.285869326141818,1.17927892866326,0.0164182726975197,0.000967094441683503,0.00048625055538373,0.0039011847804999,0.00342047852379613,0.0232761471373712,0.0298348363208846,0.201788738853734,0.0147733841664559,0.0282343592841327,0.0104357959768265,0.194777988398501,0.00644124514626434,0.0152386643243588,0.113236025146853,0.00479585632954813,0.0426413063720898,0.0100525929335452,0.0347410803134501,0.0184186247884324,0.00646964665672121,0.00139196305159472,0.00433307996154555,0.00689292598954251,0.0766042146986578,0.00377491521434313,0.00562875246694407,0.0907102951931424,0.0675250194766212,0.269647499671463,0.0415417148081626,0.0115657770927365,0.0375916037303617,0.00706943065385375,0.0593624395015043,0.00699051816071968,0.0445361146795859,0.00101355487173481,0.00411659531024201,0.00100729966791105,0.0186714868528744,0.0185175725774273,0.0510628555810238,0.043403527617483,0.68727204817588,0.00473070600338813,0.00232100511325697,0.0639979766784794,0.814320294565561,0.0289563549093972,0.0648464361739467,0.00376288801351161,0.00223346858900004,0.00156977628774218,0.026612597935527,0.0119193059054751
0,0.170139947363197,0.000725661982846909,0.000273599999712211,4.64702842881501e-05,0.000114513196851265,0.000324863284423616,0.000154074209045097,0.108988505412885,0.000339147319891536,0.00873514878391876,0.000135490302424657,0.30975324583667,0.000276343245781279,0.00172311939102644,0.0107094589042951,0.000383949595521843,3.24697445105255e-05,0.00021637088010295,3.76200004070937e-05,0.000662493517996739,0.13466943191096,0.00361642233268754,0.0712366844231171,0,0.047450023752496,0.672898988988195,0.0041480005519138,0.00115118139306684,0.00149524587319255,0.0256011244257694,0,2.79667432165504e-05,0.00510662800006056,0.000463885170240641,0.00237315966472023,0.0119975725489702,0.0068897320733432,0.00120113877293672,0.00308502385298715,3.11457229461074e-05,0.0299814816226654,0.00127952487245677,0.0118825784094873,0.00586113620579878,0.00102729657821413,0.000293412149977467,0,0.024415953528382,0,0.00580164334205526,0.00102858081900242,7.21710955251991e-05,0,4.17450680854678e-05,0.00012889910599466,0.000144919337151402,0.00382941550947042,0.000133885734781632,0.0260883209505328,0.000946973077582873,0.122838904842515,6.48692180959105e-05,0.000133592909482562,0.00076671656242896,0.000224843525979269,0.00409818861746121,8.42221450067194e-05,6.52026086768628e-05,4.49511611784071e-05,0.00336175374478332,0.000197192016014895,0.00199740312079811,0.245224470838384,0.0597017393972071,0.291179519506984,0.000535856536773544,7.97952147828936e-05,3.38943387377739e-05,0.0684052409624719,9.19157474353314e-05,0,0.00650560780103758,0.000111243027667424
0.00925060724695736,0.0898055286305781,2.56061341578285,0.000367116341910508,0.000119908009015993,0.00615867144269939,0.0310069456912734,0.0520739950261426,0.0113266807068657,0.0273114824322772,0.197006481609794,0.019578397549246,0.017762503576767,0.0934408347029489,0.00117931036979892,0.00638979498188773,0.572424745855894,0.0651946617424215,0.397662687290311,0.00580918298157554,0.0354390354307621,0.00983457831898407,0.346167697669792,0.00722310915121344,0.047450023752496,0,1.05015213823777,0.0092003225040445,0.122070175349587,0.0550297581159836,0.0145469377539173,0.00119037577307576,0.016163962732695,0.799320059042723,0.0587491569946757,0.823302942185826,1.07497240452897,0.52903266657389,0.302757654012504,0.00292293120578093,0.00252011512239294,0.00502601524176353,0.0264576496165297,0.0505062994425623,0.0173626581064318,0.016296851531211,0.000549055940252044,0.000161230533857554,0.00183223859757614,0.000166905589993084,0.061973380510929,0.0389211874470565,0,6.72139872186362e-05,7.39091282243846e-05,0.000194045698037225,0.00027227026246303,0.00365323562241924,3.2170518099308e-05,0.0454951969120514,0.000308424374079248,0.14219979062752,0.00129212385941211,3.83463650244772e-05,0.00550083648309212,0.0333595248497503,0.0452221177738071,0.0369856460270465,0,0.000904172699831662,0.00426463147412691,0.00789164617748652,0.00309907971747475,0.0750517433766285,1.22124506080455,1.96921570428837,0.000736310626782495,0.000769831410843608,0.00186881791455827,0.276236945713202,0.000198209074934357,0,0.0123020701355453,0.0277920552434156
