0,0.000183549272535324,0.00520108973718739,0,0.00039814157904625,0.00271618811455536,0.259521726645563,0.0561781639778152,0.0013517095832963,0.0108176131164566,0.0060491592515974,0.00230339415251541,0.000424927498683929,1.42583453628443,0.00273781673901701,0.000152435691750527,0.0473391711761355,0.0136555328681345,0.023081860593843,0.000149073395419121,0.0089400381352129,0.000110669861300469,0.0277872399911799,0.00478768559762049,7.4765498585701e-05,0.0161644440685072,0.0184626013225594,0.0155412315561061,1.25729475713807,0.723799685874894,0,0.0017250292794714,0.00453651104320478,0.0338345530719223,0.00520756119256067,0.0363945611816353,0.00267018169623184,0.0330560876262431,0.00831742090630675,0.00295005957093716,0.00165148502719259,0,0.0026720275148735,0.000156713721437931,0.00159297471219635,0.000339091850785733,0.000127395580530167,0,0.000335295845020295,0,0.00025561804169941,0.000259921899347306,0,0.000143556514881134,0.000130562609762192,0.000751038641633034,9.198597961092e-05,0.00065444028689003,6.17833420801163e-05,8.52337458543777e-05,0,0,0.000109802378115177,0,0.000901493901849747,0,0,0,0,0.00116039789839554,0.000351738550077438,9.97022826504708e-05,0.00334831218908072,0,0.000211331312873841,0.000917759847855091,0.00466517503294516,0.000485954464056015,0.00216092576872158,0,0,6.16808878011703e-05,0.000241356395044327,0.000979322039746285
0.000183549272535324,0,0.00336405519928264,0.000527749274010659,0.00210301198374939,0.000386834616768837,0.000422455208817959,0.000445550278292656,0.147900442960454,0.000176053317250729,0.0113833411338072,0.000468891520420074,0.106667172167778,0.00101101830703783,0.0114111135173736,0.0593322547277942,0.0233062149444766,0.00189832705379105,0.00335000828028202,0.000314933547115802,0.00445275492437268,0.468987561579372,0.00700927079858064,0.261314403074771,0.543622909482644,0.0351575073298574,2.42594422173165,0.0195415823655881,0.00200618522934723,0.00281428623369742,0.0214711644613094,0.000492135092245102,0.000328922742937088,0.0435616010248304,0.00210517126617622,0.0359879742852273,0.0213141079413057,0.0213652335146899,0.0131121622077971,0.00585879096564817,0.000198369976773262,0.0170960594089207,0.0353092339609394,0.0168714838192792,0.0201256152401505,0.0191241456308699,0.000835256478519917,0.000316805683753967,0.00973811219116115,0.000195040255585671,0.194905606718751,0.0207403350640211,0.000675274792682647,0,0,0.00216658551619578,0.000315069431038857,0.0031520485065279,3.27269110293389e-05,0.0207848714539433,0.000202498894628048,0.0321189438404417,0.000713500217087746,0.000106753291362763,0.0114344725600591,0.0184768441487689,0.00265742419673538,0.014094543536233,0,0.00422885368247366,0.0251533052694025,0.0137602537443309,0.006256419222785,0.0102817551093807,0.106950352248149,0.835004564752304,0.00190674447585296,0.000834953881283283,0.00452359313348293,0.0126131420820365,0.000306497408740997,0,0.0082749973158331,0.00205937278238297
0.00520108973718739,0.00336405519928264,0,0,0.00067228600792408,0.00269345234254647,0.0202773015228924,0.0352983617065444,0.000311088439742088,0.00383950474606275,0.00756091845809841,0,0,0.0426846840766654,0.00133491847794914,0.0018054512392273,3.05381780033319,0.0406733505075502,0.120931757091032,0,0.305144912597837,0.00126456827732563,3.43630220754204,0.00123963654675722,0.000308549021068096,4.20993207020839,1.40786372499219,0.0631461835541997,0.0118858708484731,0.160619462103526,0.000359620090197087,0.00102217676083946,0.000859876095964909,0.111869363536545,0.0222985047786656,0.297071171240107,0.163799001066715,0.200239999062239,0.167553515146224,0.00115649537411499,0.00216801791289425,0,0.0369186259545122,0.00535126701528882,0.0157090289426623,0.017214370309855,0.000484080033436775,0.000643723444353103,0,0.000316727032974243,0.0142196279997411,0.1644610364493,0,0.000489825760791779,0,0.00149359157774877,0,0.00017157709862423,0,0.00062896681232357,9.03785788021088e-05,0.000108679181888581,0.000131845450532913,0.000203799569646835,0.00303993783828592,0.0396257122596503,0.00159847140631342,0.0077090425526948,0,0.00332479183879137,0.0099344808302393,0.0266376781059537,0.00168693909581709,7.12785860967636e-05,0.039190058999774,0.480401859399747,0.0012002091650877,0.000802843417179108,0.00410547940789032,0.000254153048418045,0,0.000174983332809448,0.00841853977893162,0.0108755353606753
0,0.000527749274010659,0,0,0.00481766785983181,0.00510988097612858,0.100830708238164,0.0053439030726428,0.489587094918013,1.14331731974792,0.000795882323949337,0.346087849295861,7.50873909902573e-05,0.00495014005723428,0.0313568115247049,0,0.000111369118185997,0.000314028325032234,5.18588571453095e-05,1.41243874584607,4.22652230858803e-05,0.00274137156130886,0,0.337856313218692,0.000372770574072361,0.000155962382912636,0.00093715560179472,1.80110964524156,0.00408949186665631,0.000487871007144928,0,0.00355747998377895,0.000104790672637939,0.00893267757075262,0.0019783874864173,0.0533713942625384,6.43701564245224e-05,0.00403987237913561,0.00111022180959749,0.0332769610703917,0.00260319714562369,0.000274917944595337,0.014072306185976,0.000117954491618156,0.00859306633692455,0.00331923763894844,0.0426057489229188,0.00339318317559099,0.001264899005692,0.00048620329209137,0.000163511565296173,0,0.243854020684745,0.00131278904587268,0.0138627051290016,0.0391278490262175,0.0221389995211516,0.0824813875478854,0.174954813715134,0.00106181048135948,0.108755561581099,0,0.0145417449081702,0.00999105415233135,0,0,0.000201349052693367,4.01578569116593e-05,0.0579708300274487,4.65377582445145e-05,0.00142351365950918,0,0.135821287869813,0,0.000629070105789185,0.000113851129141331,0.235371727279007,0.00441621910125446,4.17423669133186e-05,8.65683681178093e-05,0.000881941556902885,6.14382525959014e-05,0.0135553022164063,0.000196937041035176
0.00039814157904625,0.00210301198374939,0.00067228600792408,0.00481766785983181,0,0.277184095839524,0.0172711449050503,0.0281036558727265,0.0335132257830191,0.0202919371711564,0.011836548154325,0.0627062152209764,0.000760305884144783,0.00898681964655733,0.227866397798478,0.0028875718388443,0.00203170004457664,0.00295954370951271,0.00137621923359775,0.0033128686991086,0.0158415884552936,0.00800728992342424,0.0197734406499052,0.0446314588775582,0.000153309548466683,0.00211407228027535,0.00876726028603792,0.0389601937133518,0.0063276588877716,0.0129361276528,0,0.159676281852004,0.000627987554986954,0.486221908632924,0.417964999791988,0.0901879547020483,0.00307648622163963,0.00806545652716255,0.00868524225449324,1.59048237071837,0.439781848861745,0.000837577720911026,0.0102960912292585,0.00960737796466255,0.00195134201001835,0.015928600174304,0.00286638849479199,0.000210641893461228,0.000973054356659889,0.000113881477684021,0,0.000167068148654938,0.00174962529555703,0.00257853048165893,0.00108547459596348,0.00210480557986594,0.000171548002736091,0.00140380344639874,0.00286182910786629,0.000315565267850876,0.002479414965065,8.9363365073204e-05,0.000715547458906174,0.00191197058127308,0.00197106339901257,0,0.000255418027376174,0.000277350654865264,0.000872940624461174,0.00213182143971348,0.000283888899084091,0.00655071430607701,0.00524888984044648,0,0.00370865310387325,0.0062739980334549,0.00709698552631474,0.000729073377745629,0.00189170942373848,0.000150043795354843,0.000140926846887588,0.000213367289989471,0.000420826117790222,0.322465783995897
0.00271618811455536,0.000386834616768837,0.00269345234254647,0.00510988097612858,0.277184095839524,0,0.469234165114632,2.20083700034651,0.0192494381085391,2.65511802502966,0.0306477978231254,0.8445730537348,0.00196877667047024,0.195923396563902,0.34382219246432,0.000110280693077087,0.00296158301581049,0.00802202644560098,0.00201302391770696,0.0330111680557251,0.00788540339816952,0.00183871490201283,0.00428989047613048,0.0238253202956558,0.000432551025655746,0.00747111597481871,0.00408245791119718,0.0442155190037756,0.0508479062427249,0.0210190180165415,0.00096922705290699,0.126081170540115,0.000543346838461876,0.107815974622759,0.183780555771571,0.418312542114702,0.00405955656827116,0.0505963484495215,0.0164025615031586,1.13611424277289,0.131248859471813,0.00508840920300579,0.0122020333691512,0.000253959958916188,0.00412844002067185,0.00113545916031217,0.0248983313524746,0.00173981105647373,0.00358126545886373,0.000367155144229889,0.00017833857874775,0,0.0119484877019921,0.00112026367959595,0.00175355730162907,0.010274891478188,0.00181011301917743,0.0114307631436567,0.0194588758916402,0.000333998480807304,0.0252916443096227,0.000124084523589135,0.00115023567249012,0.00594846441019536,0.000762405170850277,0,0,0,0.00861222506044578,0.000523401723526954,5.31904013700485e-05,9.73292128257752e-05,0.0305101223161654,7.55997236394882e-05,0,8.80991946744919e-05,0.0373287699580049,0.000238289954891682,0.001473527598454,0,0,0,0.00296163659512281,0.0144961849769697
0.259521726645563,0.000422455208817959,0.0202773015228924,0.100830708238164,0.0172711449050503,0.469234165114632,0,1.52906292398943,0.0887100704629426,3.58452998626994,0.0646509493587842,0.0658751994470722,0.00453081679719543,2.3855583275149,0.100142881464026,0.00270229488003587,0.0103048866896009,0.0171474765996723,0.0035827222532301,0.0274118644622426,0.11012157410271,0.00318347303966332,0.0352810905343566,0.321227077004574,8.95372267870903e-05,0.0217683140656186,0.0156845476164422,9.11929413635745,0.316571267233593,0.967440208194206,0.00143094150285101,0.0648163436179318,0.00691645558309507,0.313461071526657,0.0759900027836938,1.1457420623294,0.012673659024054,0.277984565629462,0.0489995558330755,0.161439885280819,0.0704052746651158,0.00386753300499487,0.146160128211279,0.00198059564687347,0.0509236741283469,0.0163706329312335,0.0531412583322902,0.0203870537703237,0.00417124407204152,0.00214329895902443,0.000134019372785568,0.0010959325861659,0.0244253532563739,0.00569589594834709,0.0172521635868159,0.116780477640421,0.0474056678193269,0.0313926989505501,0.0696451897137065,0.000809290471821785,0.0224937252051788,0.0003741214961586,0.0325692047552748,0.0107218577982273,0.00540746964964056,0,0,0,0.0126946858842946,0.00290506107399416,0.00207174925437927,0.00169927088571739,0.24377201738797,0,7.74833853120804e-05,0.00745503705105686,0.293330865494398,0.02230708413619,0.0158541697439661,0,0.000991823048269272,0.000890340654680729,0.0550381838095851,0.01239596451092
0.0561781639778152,0.000445550278292656,0.0352983617065444,0.0053439030726428,0.0281036558727265,2.20083700034651,1.52906292398943,0,0.0401788665777612,1.87847511581926,0.0745318364543266,0.423244365664118,0.00445413745378161,1.93101560026557,0.0640446862670517,0.000408213831277371,0.070752082341156,0.0236545807972083,0.0327441035507469,0.0342767750685082,0.11535928844529,0.00185642784778976,0.0877830911633377,0.0484394430801802,0.000303365999001503,0.0474799285563198,0.0462457576017065,0.304272010998619,0.353369515263212,0.387724586919541,0.00138294122294426,0.124769890174234,0.00683178323780823,0.191630875387639,0.0296936186827154,0.712010580694772,0.0212328910818858,0.145267893328524,0.0568752859510203,0.391664175741435,0.0521672344240694,0.00748489219486427,0.0746554436369004,0.000684354149262428,0.0183708012411719,0.00632864292908478,0.0275173374365201,0.00346968924227142,0.00389690719070864,0.000976221710540771,0.000135130835712433,0.0010259088414073,0.00367805644369983,0.00115930649019241,0.00235423004111195,0.0481266892132401,0.000360551890608788,0.0210857256110473,0.00866821881082249,0.000242288167891503,0.00968350505893135,0,0.00100466474514055,0.00447314656624604,0.00377472735133695,0,0,0,0.00455033202191448,0.00381601344572068,0.000544567116947651,0.00154472155226898,0.160389042635379,0,0,0.00314595176331567,0.150287350648663,0.0057018483698287,0.00938978443872929,0,0,0.000501817661715031,0.00755848176016044,0.00560217508199644
0.0013517095832963,0.147900442960454,0.000311088439742088,0.489587094918013,0.0335132257830191,0.0192494381085391,0.0887100704629426,0.0401788665777612,0,0.293376340692246,0.0151415347283335,0.27334740292009,0.0187526023336101,0.0442082264501882,0.192550471890462,0.0655376882855387,0.00328705264342976,0.00385810849767638,0.00129089526598835,0.20957402857883,0.0071103442908082,0.99401578991695,0.00870373647999573,2.47426943100744,0.145019277184741,0.00493407462783909,0.438125964000289,0.587240674882264,0.0357125427032618,0.0165325441093612,0.00694811948963356,0.0089900258511057,0.00152412637700129,0.0419291274102087,0.00806202157380437,0.093352495886487,0.00323133335915995,0.0247654378741765,0.00681614494523907,0.0934020886670451,0.00548813220482683,0.0037844437792325,0.0905175160354128,0.00516812031346178,0.0217552527805481,0.0125440262974377,0.0189328108989629,0.00653102813535834,0.00400316978144932,0.00601821500581884,0.00837737964830446,0.000552418623985291,0.0914764901475606,0.00278740693463516,0.00883207870902872,0.0690748572138663,0.0291142521301246,0.230032397715516,0.0906243718484345,0.00976775755361509,0.0233418810455575,0.00317534305128622,0.0235669793076081,0.0079730891188345,0.158884725667028,0.000613604838809967,0.00484449956414652,0.000660154547807694,0.0129360425825486,0.0207831272932721,0.0670113646926156,0.0178637278727989,0.451993593210204,0.00195934363652515,0.00678129732986784,0.0337979999352193,0.289239921798053,0.0347268710065927,0.0330321111657486,0.00105956219920492,0.0033149271658144,0.0021413484717536,0.0206727133379645,0.0102958350751849
0.0108176131164566,0.000176053317250729,0.00383950474606275,1.14331731974792,0.0202919371711564,2.65511802502966,3.58452998626994,1.87847511581926,0.293376340692246,0,0.117958423786553,1.09847121923561,0.00644465345091105,0.781767638655906,0.0751148480724034,0.00045452965833807,0.00540550938308858,0.0332222904846239,0.00460335078817177,1.46261277853877,0.0141782092403583,0.000918920397076607,0.00595220038042402,0.0492940492186275,0.000209868249109268,0.0281606907352352,0.00487704546812439,0.617134759425771,0.263968972156322,0.0386558037504158,0.00209161531425476,0.107226871921386,0.0015112139373064,0.373376625909569,0.0429800363912115,0.979582141652704,0.00861346222373486,0.269440624875825,0.0388558298038873,0.214264499439099,0.0748053777438198,0.00607608311330938,0.0282326910831212,0.000322982906192779,0.0132965171025967,0.00341424579927206,0.0981692253579855,0.00729418619447279,0.00204078454347181,0.000505564274913311,8.01088022432328e-05,7.64168494992256e-05,0.235275864939976,0.00327061482954455,0.0202958040790071,0.0925033425104284,0.0163197471875982,0.104734090424757,0.371322954824806,0,0.173825972151185,0.000195676548969269,0.0120870109253097,0.0288877651917758,0.000537108064437389,0,0,0,0.0926162888677068,0.000618306743521214,0.000646170904706955,0.000340747443573474,0.227988639379325,0,0,0.00058277913580513,0.463655821609389,0.00298974839600658,0.00115840506588793,0,0.00076190833252716,0.000270352640484809,0.0305934707587266,0.00378195801337623
0.0060491592515974,0.0113833411338072,0.00756091845809841,0.000795882323949337,0.011836548154325,0.0306477978231254,0.0646509493587842,0.0745318364543266,0.0151415347283335,0.117958423786553,0,0.0815560250424671,0.541164287180421,0.210677981314864,0.00597292848408508,0.00178799134804631,0.15732427983312,1.50648474937472,0.173492612842722,0.00892491180776596,0.0460304712694445,0.0031214239418664,0.0890947218084905,0.0119936194182873,0.0603098141753897,0.569892627845053,0.0915601621394605,0.0358388808105826,0.317891389692868,0.0521858401450152,0.0266136295427856,0.218713276116377,0.0113224947803951,1.69375248294226,0.0114621542012072,0.319212469927527,0.709040925854797,0.898618401355851,0.129677783991152,0.0227198522273912,0.00902670499444341,0.36153658308181,0.00314227881478071,0.0859404173920912,0.0190061682729463,0.00118610330700588,0.00620889867281914,0.0001214302864151,0.0404135063156634,0,0.0186141799933935,0.00122952727536821,0,0.000220650339941024,0,0.000135529495320797,0.000404476243929863,0.0048893446001873,0.000175516715568066,0.222168954876888,0.00148916245158291,0.35611276650465,0.000765917801041603,0.000499332018367767,0.000393594231692791,0.000196108488148213,0,0.000136875706935882,0.00019768242562294,0.000240368666210175,0.00259930432711887,0.000251938646128177,0.0051247352662096,0.0347509558079238,0.0119606061026487,0.0656684815705647,0.00122466876433611,0.00045010905879879,8.37079023513794e-05,0.0736039905137859,0.00201010154814148,0,0.0206746780117779,0.00407422995849609
0.00230339415251541,0.000468891520420074,0,0.346087849295861,0.0627062152209764,0.8445730537348,0.0658751994470722,0.423244365664118,0.27334740292009,1.09847121923561,0.0815560250424671,0,0.00449290245377541,0.279830107284395,0.2374649374614,0,0.00230063072919274,0.0211638139917555,0.00327335867899132,1.55004849086766,0.000397449418494702,0.00200565969329023,0.00137655571988725,0.122409255154196,0.000479128342057228,0.0169996272008872,0.00230284148071433,0.156493935582768,0.110682100697142,0.0115322193968869,0.00105306493731022,0.0498106014576888,0.000248254224625111,0.153856140424678,0.269763488816588,0.253192659731196,0.00362756274418688,0.0845532561260333,0.0152234056847577,0.494509915651411,0.0181449418429384,0.00408265716290188,0.0139942235356264,0.000300912443824769,0.00712596045212603,0.00239438219522953,0.120139497143901,0.00223833006834698,0.00250096990648699,0.000460242458335877,0,0,0.138880555356181,0.00304349725466538,0.0188000697330451,0.0317458617167873,0.013308758581923,0.0857011774043856,0.161692454468533,0.000906099762565613,0.219679728738527,0.000183833781317711,0.00685301888707923,0.0261963714200678,0.000192591380252839,0,0,0,0.0629058706969657,4.80736811757088e-05,9.82337917370796e-05,0.000112574649650574,0.0701657874695563,6.05698291540146e-05,0,0.000151961416522979,0.166946816767754,0.00155396880131149,0.000143027521007537,0,0.000957712051966668,0,0.0110547375758257,0.0919958480755506
0.000424927498683929,0.106667172167778,0,7.50873909902573e-05,0.000760305884144783,0.00196877667047024,0.00453081679719543,0.00445413745378161,0.0187526023336101,0.00644465345091105,0.541164287180421,0.00449290245377541,0,0.010472705665306,0.00110491199377585,0.00424125551995897,0.000660941655899047,0.00153003838582563,0.000742498624812126,0.000509994975319863,0.00123831236532355,0.0412423633373509,0.00078466798766613,0.0151155159202552,0.781704860706112,0.0155136452943421,0.355700747908214,0.00220024376516533,0.0124896919927569,0.00101361680261564,0.0959910668695893,0.0117268572471514,0.00028070240929699,0.761192984151509,0.00150035789391518,0.0573357924438214,0.578712713183051,0.227422478485601,0.0142953355894947,0.00452901716751051,0.00189255092582702,0.391058853451463,0.00434815460928583,0.279195657667412,0.0525067918182535,0.00351357969735145,0.000769378294464111,0.00147965252486229,0.104061981806806,0,0.0899051873575701,0.000303018894244194,0.000196741727994919,0,0.000131936609481812,0.000195699660292626,0.000908840876998901,0.00382010759858322,0.000475383456235885,0.871477941117682,0.000579545666878224,1.74772583727041,0.00214267771893454,0.000129639146088123,0.000400227080426216,0.00044561801352024,0.000212056284399032,0.000657886798972606,7.93411179542541e-05,0,0.0180924878125563,4.61901052594184e-05,0.00157386214087915,0.232134716414693,0.0743241175368504,0.471926715276381,0.000322953418275833,0.00326536374147605,0,0.30881395214311,0.00870207199305439,0,0.0560068115178237,0.000473973935030937
1.42583453628443,0.00101101830703783,0.0426846840766654,0.00495014005723428,0.00898681964655733,0.195923396563902,2.3855583275149,1.93101560026557,0.0442082264501882,0.781767638655906,0.210677981314864,0.279830107284395,0.010472705665306,0,0.0466706567273054,0.00158629806955719,0.257258092655109,0.108134896376952,0.130131129599979,0.0287200324287186,0.133263662517324,0.0029871796180501,0.189355754848961,0.0679427534495659,0.000581842441158772,0.127360435196479,0.121792932082572,0.331215015443632,4.56734634553423,2.11761388553031,0.00422746614857197,0.13219191956038,0.0362291880246634,0.409727095702984,0.0334591683793116,0.660876933814074,0.0303911607056007,0.270406698038591,0.0800177610346742,0.107826942265726,0.035179843505064,0.0086107361044035,0.0660597636224699,0.00160420398845244,0.0167345968568287,0.00554556783716154,0.0220069758935251,0.00209311291024446,0.00241555517502022,0.00146277358974839,0.000441356182585716,0.000812644703998088,0.00215088496148872,0.00180009995410824,0.000734849184123516,0.0302732595666532,0.00135614755154943,0.0179426095146132,0.00489065107600737,0.000482574707129002,0.00635370068466425,0.000498828677879334,0.00184178620271016,0.00303698813389922,0.00843124753058481,0.000104408015768051,0,5.40211777954101e-05,0.00201281666003894,0.00700273659715891,0.00164115317225934,0.00181557705851984,0.137450649633258,6.28104820604324e-05,0.000386251682181358,0.00327983041613531,0.112672683624002,0.0100412117055173,0.0173053559575181,0,0,0.000660362886617661,0.00893434533174706,0.00458085998210191
0.00273781673901701,0.0114111135173736,0.00133491847794914,0.0313568115247049,0.227866397798478,0.34382219246432,0.100142881464026,0.0640446862670517,0.192550471890462,0.0751148480724034,0.00597292848408508,0.2374649374614,0.00110491199377585,0.0466706567273054,0,0.010071914737195,0.00462499588090611,0.00225173652865791,0.000676215508687019,0.0182076955175743,0.0698711771001577,0.0537300855752335,0.0511990514173851,0.258659325002006,0.00841847780468989,0.00327882432320166,0.0354816087738719,0.198891966605034,0.0262468076322312,0.0745166928316712,0.000526711037777424,0.0350377450402666,0.000709659945756912,0.0271487672275529,0.501960939846579,0.0762363629364438,0.0128051442583037,0.0166914975924525,0.0127560574521775,0.648049743533949,0.0201762783297987,0.000955731816447258,0.016062764839704,0.00698195747462368,0.00376197066346264,0.0113715258510503,0.0100292194493179,0.000976405559801101,0.00058402862349987,0.000538488177356243,0.000307359921123505,0.000236793400228501,0.00419570295767498,0.00265069581241893,0.00171054221318865,0.00708555851134015,0.00141791103185749,0.0072400336502738,0.00620710247032356,0.000347336440209388,0.00697321852155876,0,0.00137778831052781,0.00418735162922001,0.00716890987880373,0,8.20968783388137e-05,0.000111955917932511,0.00304937117544079,0.0036566267922349,0.00112718069714928,0.00602337640504647,0.025324768315208,0,0.00215221858836651,0.00636015521235609,0.0200235637830562,0.00291823294181585,0.00674609483654308,0.000404887488275528,0.000247518316108703,0.000472960387424469,0.00187906990041161,0.187808943198162
0.000152435691750527,0.0593322547277942,0.0018054512392273,0,0.0028875718388443,0.000110280693077087,0.00270229488003587,0.000408213831277371,0.0655376882855387,0.00045452965833807,0.00178799134804631,0,0.00424125551995897,0.00158629806955719,0.010071914737195,0,0.0104224867044825,0.00173526503834295,0.00211672712693167,0,1.46867196454276,0.814011656111684,1.83087981614009,0.817491322364625,0.0255834323931856,0.00718023318990756,1.30565207061469,0.713887395366769,0.00254359513759089,0.0513785620183225,0.00170315805961991,0.000435709467006684,0.000229318185718059,0.0280519564916753,0.0686334886211185,0.588436183732195,0.0885554621720367,0.143455784527434,0.103488672218754,0.00395976786164474,0.0028704198189125,0.000434895633576393,0.0837812246939134,0.0092456269344964,0.0298166737937822,0.0217120610004358,0.00207023018868685,0.00123955504151774,0.00101931184799623,0.00305312328623057,0.0165112792906967,0.013539448056849,5.68804582872391e-05,0.00169078759669017,0.000208570382609367,0.0123551313782602,0.00149157196477318,0.0106587353010507,7.25060864882469e-05,0.000309367188254356,0,0.000398345994505406,0.005411570019835,0.00277375283156347,1.52673404773772,0.00384216348237991,0.000123749795303821,0.00095007326956129,8.73777269067764e-05,0.166855506832635,0.234537101354324,0.422387235279737,0.117390300905026,0.00112552471233273,0.00260660668755197,0.455074264498637,0.0557956635825505,0.0149699074408335,0.113746751801817,0,0.00034072027720213,0.00136430982717419,0.0113176770832372,0.0193111937421456
0.0473391711761355,0.0233062149444766,3.05381780033319,0.000111369118185997,0.00203170004457664,0.00296158301581049,0.0103048866896009,0.070752082341156,0.00328705264342976,0.00540550938308858,0.15732427983312,0.00230063072919274,0.000660941655899047,0.257258092655109,0.00462499588090611,0.0104224867044825,0,0.548282930319891,1.8438642178008,0.000106882670057774,0.560822720828745,0.00476776255880785,2.30825577593161,0.0146465746764937,0.00104951763400841,1.22380537439711,2.64325824203993,0.040767361077065,0.33885532398347,1.01673762736138,0.00200289718572236,0.0112996468912096,0.0245519680319009,1.18898130455791,0.0142403875484004,0.3074418852419,0.163430763938287,0.384793174661356,0.139262948402931,0.00243473175116587,0.00159735017023086,0.000320407558691024,0.0238494896496377,0.00431056584272862,0.00859758077529717,0.010033495120707,8.89077357158661e-05,0.000390658934364796,0,5.74234671907424e-05,0.0278463518253793,0.084499937751759,0,0.00015969229813385,0,0.00044735577615881,0,0.000705634195796013,0,0.00023940477456522,4.92478779001236e-05,0,0.000265067017128467,0.000194924943986893,0.00464782685159826,0.0231196146464839,0.000898489775901318,0.00634055266015721,0,0.00266090906944943,0.00612012444128894,0.0167607800964904,0.00137238175853491,0.000215248317718506,0.0364757383512011,0.365333056758133,0.000808840520756722,0,0.00200341335902881,0.000220981206130028,0,0,0.00566275516209126,0.0043387345337305
0.0136555328681345,0.00189832705379105,0.0406733505075502,0.000314028325032234,0.00295954370951271,0.00802202644560098,0.0171474765996723,0.0236545807972083,0.00385810849767638,0.0332222904846239,1.50648474937472,0.0211638139917555,0.00153003838582563,0.108134896376952,0.00225173652865791,0.00173526503834295,0.548282930319891,0,1.47699560852356,0.00216228042426968,0.0851524731155391,0.000344067256845474,0.204220502935501,0.00257553425141573,0.000942190093946457,0.388203339685749,0.218503008169395,0.014014618874209,0.167961046553353,0.147323554299454,0.00691022356544208,0.0404947751709666,0.0136724450552544,0.500214130350007,0.0193536445602451,0.360503522847814,0.195451908964394,0.595283826057485,0.190734442476639,0.00391074659783506,0.00459540242245388,0.000412226904619217,0.00296111137146378,0.00106299027980804,0.000594302050827027,0.000608453953917503,0.000103475869268417,0,7.14209354324341e-05,0,0.00248672837887288,0.00369738035529756,6.02677525806427e-05,0.00015653738504219,0,0,0,0.000693889588482857,0,0.00111342449201202,0.000103031507676601,0.00417001482895946,0,0.000119419754419327,0.000157880656441211,0.00178232169878197,0.000112015879963875,0.00139176207327747,0,0,4.16097478551864e-05,0.000395380121993065,0.000150666594371795,0.000203314605508804,0.0135220060458569,0.0410370217928281,0,0,0,0.00301831189983415,0,0,0.000343703353041172,0.00990006348792458
0.023081860593843,0.00335000828028202,0.120931757091032,5.18588571453095e-05,0.00137621923359775,0.00201302391770696,0.0035827222532301,0.0327441035507469,0.00129089526598835,0.00460335078817177,0.173492612842722,0.00327335867899132,0.000742498624812126,0.130131129599979,0.000676215508687019,0.00211672712693167,1.8438642178008,1.47699560852356,0,0.000337697943353176,0.126568219444471,0.000652367535634517,0.395169076239488,0.00151004495640278,0.0010226710846653,1.26487673487841,0.347929361531689,0.0112513333312811,0.176228733916257,0.261470251968407,0.00307170789581251,0.00863305214219284,0.0150502743542318,0.447887276044406,0.0119806223432479,0.30188159634626,0.0900204820072274,0.313448632069719,0.131701663606163,0.00177850695832729,0.0021279835940609,0,0.00607981256912184,0.00244863953362942,0.00308646593669558,0.00326299978019571,0,0.000171158601745606,0,0,0.00772038379911661,0.00923066525914907,0,0.000480531051761627,0,5.03491603288651e-05,8.3523997961998e-05,0.000173866344726563,0,0.000173005853742599,0,0.00103569188051033,0,0.000221412443944931,0.000529309389407158,0.00428379041292429,0.000396472228497505,0.00485669721587705,0,0.000377056906807423,0.000534757958925248,0.00207879104735183,0.000522103507876397,0.000181565177982331,0.0328016599402055,0.0902958189448629,0,5.90286352729798e-05,0.000691015371080875,0.000574467999491215,0,0,0.00115066416304064,0.00603720781846047
0.000149073395419121,0.000314933547115802,0,1.41243874584607,0.0033128686991086,0.0330111680557251,0.0274118644622426,0.0342767750685082,0.20957402857883,1.46261277853877,0.00892491180776596,1.55004849086766,0.000509994975319863,0.0287200324287186,0.0182076955175743,0,0.000106882670057774,0.00216228042426968,0.000337697943353176,0,0.000159041175035476,0.000430158541216851,0.00012664260344696,0.0356904516348796,0,0.000981845121844769,0.000647030412556171,0.888807252320199,0.0113829790339479,0.000516023692345619,0.000100224002552032,0.00685448509626245,0.000149802838522911,0.0194187853993664,0.00118942503448104,0.0548626533944478,0.000259999328099728,0.0107422498168158,0.0018196682926054,0.0571853206295757,0.00306064307870435,0.000360338351291656,0.00669109137543869,0,0.00486386043058491,0.000989743932671071,0.0418404971267567,0.00165865056038332,0.000690883398257733,0.000180748263450622,0,0,0.115460947986896,0.000961802952215194,0.00751566893714618,0.0211261390921812,0.00422222543395329,0.0483066724355335,0.126347669381213,6.03161252603531e-05,0.11164136387847,0,0.00629568799511146,0.010890782279859,0,0,0,0,0.046149447274817,4.49043702135087e-05,0.000255918960562706,0,0.058558937732141,0,0,0,0.132268110472651,0.000676444848602772,7.37431425819397e-05,0,5.54037041416169e-05,0,0.008670039466115,0.000275929369733333
0.0089400381352129,0.00445275492437268,0.305144912597837,4.22652230858803e-05,0.0158415884552936,0.00788540339816952,0.11012157410271,0.11535928844529,0.0071103442908082,0.0141782092403583,0.0460304712694445,0.000397449418494702,0.00123831236532355,0.133263662517324,0.0698711771001577,1.46867196454276,0.560822720828745,0.0851524731155391,0.126568219444471,0.000159041175035476,0,0.0138277650315843,6.81133020355577,0.0660972913703556,0.00204383646018219,0.217982387349695,0.546806296000324,1.01889470013774,0.10761961535562,4.53778408564728,0.00183919099649906,0.00593309070950746,0.0341474739370094,1.02711661282342,0.306503954017233,1.40751653890115,0.139965662342442,1.50041274967636,0.620539038970664,0.0215961759400792,0.0157781848581476,0.000426709872975826,0.0497808946110291,0.0047266709107132,0.0179575502011056,0.0108829775620723,0.00196908388323354,0.00139915282701874,0.00146045854937553,0.00269644383781672,0.00241294416821051,0.0115466899305797,0,0.00768649662982463,0.000110647779052734,0.00558828105116844,0.000479215540902615,0.00626110911855126,0.000168192481152535,0.000114391920631886,0.000413041295465469,0,0.00365876592499351,0.00576824276394368,0.221483248834655,0.00168897644197083,0,0.00039758668370676,0.000116959792021752,0.0865167629002404,0.0238022968694458,0.0629938622031641,0.0615235710934839,0,0.00138153064509916,0.0943309552913417,0.0331698020751529,0.0157658145422287,0.0821745101744099,0,0.000497724452171803,0.0020067519498682,0.00918815913129759,0.0642593528936491
0.000110669861300469,0.468987561579372,0.00126456827732563,0.00274137156130886,0.00800728992342424,0.00183871490201283,0.00318347303966332,0.00185642784778976,0.99401578991695,0.000918920397076607,0.0031214239418664,0.00200565969329023,0.0412423633373509,0.0029871796180501,0.0537300855752335,0.814011656111684,0.00476776255880785,0.000344067256845474,0.000652367535634517,0.000430158541216851,0.0138277650315843,0,0.0244703426815253,1.41515589992574,0.353441908246326,0.00690986762166023,2.28601742648514,0.0771885706068535,0.00307564969341659,0.00712049608813476,0.0109624288983135,0.000963432585345268,0.000117515186585426,0.0159076890666947,0.00194597710802364,0.0295862132667432,0.00574314135228109,0.0092614481850729,0.00330618819437313,0.0211568784539037,0.000982201362710953,0.00647446204436016,0.0294767502967572,0.0055829738876667,0.0122064941975842,0.00723626808493281,0.00172781195202112,0.000163319397674561,0.00298774551776075,0.000367874357831955,0.0264145522602854,0.0107092645342999,0.00647580775368834,0.000383696977446556,0,0.00411837153865528,0.00113723636472416,0.0197671252740641,0.00020597783178091,0.0079620109053669,9.97539906377792e-05,0.0121882292905584,0.000978125181919098,0.00110393057721806,0.253839557849342,0.00225793341072893,8.484883481884e-05,0.0008423504327631,0,0.0153633528424644,0.210607712637856,0.0532209327359862,0.0809018492525139,0.00771237166133738,0.0115758250001592,0.451521550984877,0.0177800104729371,0.00274918701088429,0.00992304472203398,0.00329114253297902,0.000244235289227486,0.000126912233510971,0.0047885234550662,0.00206967234700584
0.0277872399911799,0.00700927079858064,3.43630220754204,0,0.0197734406499052,0.00428989047613048,0.0352810905343566,0.0877830911633377,0.00870373647999573,0.00595220038042402,0.0890947218084905,0.00137655571988725,0.00078466798766613,0.189355754848961,0.0511990514173851,1.83087981614009,2.30825577593161,0.204220502935501,0.395169076239488,0.00012664260344696,6.81133020355577,0.0244703426815253,0,0.113949705970526,0.00228924541015721,1.04048466068617,5.65116542752,0.664797345830119,0.252738762256064,2.20864865817029,0.00304966756759643,0.00719232875794888,0.0389265010301642,1.54239074963364,0.539737833399792,3.74811995870605,0.926049257451587,2.79976140163179,1.52623363368003,0.0266145019140801,0.0256674210371675,0.000498665633710384,0.0902264843591852,0.0100134944601903,0.0359503765479484,0.0362624679107037,0.00244180071969795,0.000511676864665031,0.00087248060928154,0.000655488706684112,0.00777509140404225,0.086184750887598,0,0.00821336670572662,0.000412025089413643,0.011616413124002,0.00054230947204256,0.0028516558775897,0,0.000505223298668861,0.000257419187433243,0,0.00164652031616878,0.00733960414386463,0.63861050897027,0.0118380890204945,0.000657267485336781,0.00330031460437202,0,0.105779556159257,0.0769597311893807,0.312685745573248,0.0547637454417944,0.000207012699016571,0.0112300212578316,0.785114816675017,0.0321584888430047,0.00517450660976458,0.0717235387730784,0,0,0.000337408675096035,0.0124826352108078,0.116978195446644
0.00478768559762049,0.261314403074771,0.00123963654675722,0.337856313218692,0.0446314588775582,0.0238253202956558,0.321227077004574,0.0484394430801802,2.47426943100744,0.0492940492186275,0.0119936194182873,0.122409255154196,0.0151155159202552,0.0679427534495659,0.258659325002006,0.817491322364625,0.0146465746764937,0.00257553425141573,0.00151004495640278,0.0356904516348796,0.0660972913703556,1.41515589992574,0.113949705970526,0,0.15521969526562,0.00999160623915195,0.966544817390722,2.35099437816212,0.0982535317627559,0.0581875808598933,0.00500878569873762,0.0121844517346488,0.0106073432552719,0.0902811258643785,0.0651340425454516,0.409992627963363,0.0276275918116007,0.123071494639842,0.0449596707987599,0.148127690155984,0.0119951547378616,0.00460845474599075,0.432963123904474,0.0126136751187071,0.143749592545559,0.0615318530604043,0.0833120006105546,0.0417350611348843,0.0129420837189245,0.0238327886711011,0.0096961970436759,0.00900323361100244,0.0608838661741232,0.0121633067175379,0.036674113522356,0.225266416550927,0.11638329580609,0.273529084101848,0.0839292696844468,0.00472615344799947,0.0263834447100062,0.00215100246293592,0.0878387285564647,0.0254721900503784,0.253018780768042,0.001815511442698,3.4675214577198e-05,0.00074027674028492,0.0139336208771224,0.115820769782041,0.0656678995394812,0.0586553724485464,1.14598494762455,0.00146932899747848,0.00218438626417493,0.106920195278912,0.726660841688595,0.14887478165862,0.20092603817276,0,0.00852592108819484,0.00805668455792141,0.11623107741162,0.0264911417800985
7.4765498585701e-05,0.543622909482644,0.000308549021068096,0.000372770574072361,0.000153309548466683,0.000432551025655746,8.95372267870903e-05,0.000303365999001503,0.145019277184741,0.000209868249109268,0.0603098141753897,0.000479128342057228,0.781704860706112,0.000581842441158772,0.00841847780468989,0.0255834323931856,0.00104951763400841,0.000942190093946457,0.0010226710846653,0,0.00204383646018219,0.353441908246326,0.00228924541015721,0.15521969526562,0,0.0225395751917567,0.793440151178986,0.0121231488820653,0.000630371215714931,0.000890891109068871,0.0507665507000513,0.000213752660433769,0,0.315320627657143,0.00024817504399395,0.00854727594485092,0.0180095336315303,0.0346916257943788,0.00124049838534022,0.00449540763424587,8.71484451828003e-05,0.0783037926060819,0.00597661618270397,0.0456609342224908,0.0183354068099298,0.00361159678597641,0.000383586033293724,0.000466909300254822,0.0450487318238654,0,0.163756169153735,0.00156025719454479,0.0004772898096385,0,0,9.98327884283066e-05,0.000224905586016655,0.00302197304156399,0.000223845518679142,0.116209139283477,0,0.305180046483059,0.000360691541683674,7.03509111757278e-05,0.00130141879238176,0.00121997087792015,0.000919779558837891,0.0012093479170947,0,0.000527103771012783,0.00900955412303353,0.000653878411600113,0.0017957214639759,0.131263002471563,0.0728726372526884,0.57022230171825,0.000714479351915359,0.000448001211776733,0.000108035997373581,0.0685664701171403,0.0014919672829485,0,0.012141449549469,0.000146862849100113
0.0161644440685072,0.0351575073298574,4.20993207020839,0.000155962382912636,0.00211407228027535,0.00747111597481871,0.0217683140656186,0.0474799285563198,0.00493407462783909,0.0281606907352352,0.569892627845053,0.0169996272008872,0.0155136452943421,0.127360435196479,0.00327882432320166,0.00718023318990756,1.22380537439711,0.388203339685749,1.26487673487841,0.000981845121844769,0.217982387349695,0.00690986762166023,1.04048466068617,0.00999160623915195,0.0225395751917567,0,4.11612726947606,0.0456899162002266,0.15371184297688,0.238476486477438,0.119404148015851,0.036736187060699,0.0112318356712904,0.47053277765148,0.0704454140997362,1.94961684011692,1.73766495831569,1.10524051746409,0.616290988985032,0.00650022485762644,0.0140604512715568,0.00364213652540445,0.0986647798755727,0.109195672101334,0.0711207388148375,0.0553374495854029,0.000980269224225998,0.00159368011903381,0.0018086060114336,0.000142895450177192,0.135031170353996,0.194291145520573,0,0.000984328927556992,0,0.00338606852651453,0.000139719388968944,0.00114521898702192,0,0.0687834316773205,5.05906745767594e-05,0.276858656006093,0.000412528962816239,0.00101860607056904,0.00248183121012497,0.0808990929040861,0.0149418663919615,0.0788315165023527,0,0.00655310649955702,0.00916197559455157,0.0348596312686014,0.00126207060359431,0.0203645426982021,1.02159806019068,2.59651735775577,0.00151449213427019,0.00065725581329155,0.0136360817003102,0.230264400811599,0.000239611358433723,0,0.0280105804021783,0.0356160257955666
