0,0,0.0390250743919345,0.000261195362384141,0,0.006319123081393,0.399869808873525,0.213517130318137,0.000270356028703862,0.0021488459850184,0.00227271280566999,0.000532820829437998,0.000611438260907185,0.946502222235252,0.000227847164444894,0,0.124236219289667,0.00633763314746327,0.0185619233534705,0.000501296701114717,0.00982422210989872,0,0.0269662154235956,0.000602876471905562,0.000202608078568446,0.072968219305179,0.00907395142733104,0.0056255319656787,0.940331151140777,0.848575206227515,7.7266790961456e-05,6.39951467964649e-05,0.000953198645175578,0.0147625963627579,0.00126402358483084,0.00821761673079286,0.0034920537536031,0.0132518628791417,0.00418183161142821,0.00129089231133658,0.000386554833800161,0.000324296427804744,0.000353554509554189,0,8.77750983271837e-05,3.77592861861348e-05,0.00014972606747911,0,0,0,0,0,0,8.90302829613447e-05,0,0.000172825070488429,8.84362481202366e-05,0,5.42762977568507e-05,4.8385204384929e-05,8.93760946672437e-05,0,0,0,0.000200298698326278,0,0,0,7.74310930352208e-05,8.99842919858067e-05,0,7.08307946157754e-05,0.000293626140170056,0,0,0.000433686915538305,0.000194283269852721,0,0.000186180393933159,0,0,0,0.000103986333592916,0.000150323756417316
0,0,0.00332344905121502,0,0.000483560902180374,0.000890253688622262,0.00199803673777908,0.00243196795776419,0.204189545536385,0.00068170379498578,0.0524504941440779,0.000377430496322188,0.0764574620453676,0.00312067135821816,0.00873297486513787,0.0377731327142051,0.00526446531677864,0.00269807391115135,0.003757492038215,0.000428616755452457,0.00252722844890631,0.350313132926588,0.009865240759458,0.292830182459733,0.31051404692321,0.0288690666088755,1.69248722691343,0.0438438832963189,0.00162530895949803,0.00122010881241577,0.0242067112544098,0.000763475423909998,4.30777583646118e-05,0.0148631641311293,0.00194229112575431,0.0168011460226017,0.0185616479048028,0.0265641379533892,0.00808872766617138,0.0113209341956855,0,0.0499534654413927,0.0266195308766152,0.0207277254963467,0.00853691296238211,0.014202224268464,0.00106092514102996,0.000288701169998431,0.00770654309600525,0.000116730204789895,0.104224015203146,0.0050244401461282,0.000171083033299452,4.08605699429869e-05,3.50872607570529e-05,0.00296424786906465,0.000379738122506511,0.00174063329490813,0.000156139188082096,0.0265065768116608,0.000128728320844531,0.0200728186848479,0.00174358481314603,0.000269371890485537,0.00549406961380239,0.0275471587045713,0.00202375980220139,0.0176811441638218,0,0.0028202862811773,0.0069844524749571,0.00837441977616691,0.00763693836045192,0.0218922075164793,0.0774105498473171,0.663691016898752,0.00279435169197697,0.00085333533745594,0.00333704699803942,0.0131249162385621,0.00135938899554743,0,0.00955805535981743,0.0010300708575173
0.0390250743919345,0.00332344905121502,0,0.000828472721661859,0.00154880105060076,0.0174263758358935,0.209548213770597,0.165624539224561,0.000300997398334175,0.00996737745159811,0.0109647339213888,0.00120785011270646,0.00621798480855853,0.161157226079036,0.0028272487891204,0.00223923439231555,1.71586778922839,0.0484710023544157,0.128382552992359,0.00133190199444411,0.815862071600745,0.00293463796984299,4.08293844358045,0.00131079942175439,0.000685457884785881,3.26655578398389,0.460694145562757,0.115943257147822,0.0540914616669198,0.284290930934512,0.000731562697642762,0.00139430308586023,0.00218400138031629,0.347175311757052,0.0561309344812491,0.733267783516145,0.484113699217335,0.582797809402508,0.410601533527186,0.00694412996739037,0.00406109210484314,0.000797677695195702,0.0470220264100251,0.0157210804404137,0.0174819765340002,0.025979976427897,0.00264181879892502,0.000288971897079938,0.000271105533743602,7.91885084530594e-05,0.00623691596712161,0.0659330356430379,0,0.00136553966667089,0,0.00299405075114468,0.000212393880611882,0.00198791427067729,0.00023293951598559,0.000140776492555109,0,4.98803413951993e-05,0.00023414353185558,0.00131716232247235,0.011002662112625,0.0716400459609938,0.000625460518658226,0.00778020508140309,0,0.0110064384212514,0.00438000799556177,0.0658465516863902,0.00678791345478167,0.000145386067615592,0.0137939164942765,0.509854597875667,0.00588327874085258,0.000616634740529421,0.00223559428662293,3.11546402579069e-05,0,0.000106061997602212,0.00479833346097696,0.033185562348169
0.000261195362384141,0,0.000828472721661859,0,0.0198279635802029,0.074436944061399,0.0345853057573445,0.0734893644823669,0.369379113138315,0.940964765428124,0.00766503196220218,0.553747151630883,0.00748424539194413,0.0290944268112584,0.0876819896453215,0,0.000660137243202978,0.00163782082974366,0.00146759360560084,3.31170056656227,0.00172681209233107,0.000301317763656038,0.000401086548414534,0.535851798980534,0.00155259805437265,0.00176528475315867,0.000310558576049254,0.663111979806496,0.0155917445358287,0.00158669591473784,4.1445216354847e-05,0.00225587122725003,0.000449016644357827,0.0130098469349512,0.00665172219032548,0.0581120590106977,0.000772298223105717,0.021192922031025,0.00277116577756832,0.104494428009493,0.00628012854615861,0.00170566525534154,0.00597421956232309,0.000236165588755014,0.00447156860390598,0.0011230406517564,0.0411625528298675,0.000424852748040506,0.000271068048455393,0.00011576033397316,0.000608097517461472,0,0.154791088784487,0.00158318039961431,0.00771074343500033,0.0148223314025778,0.0192667638922213,0.0742122441352018,0.0626478204909352,0.000119628820734411,0.0674274245670253,0,0.00626345504023846,0.00621343811498918,0.000292415486707958,0,0,0,0.0461446215076124,6.22475395044207e-05,0.0019514364913978,0.000174952332082281,0.0930339497784065,0,0,0.0011472301609678,0.129531443456894,0.00129501085968639,3.51730955435068e-05,0,5.75661621202469e-05,0.000102474267301333,0.00417859852698932,0.00081396524680395
0,0.000483560902180374,0.00154880105060076,0.0198279635802029,0,0.215282519162882,0.019018150646792,0.0108511892635612,0.0293086313905017,0.0261497916286419,0.00250870955552282,0.0834530194491396,0.00634030768194779,0.00235832328712981,0.124296352587294,0.000982577230014718,0.00179346853720415,0.000364249869283604,0.000539887180342698,0.0220705057515377,0.0363646416337965,0.00175597072652784,0.0426039538515023,0.0547492424303482,0.00350379050819589,0.00155641076026964,0.00775620375363031,0.0396257124442476,0.00207325584754222,0.0118978575592807,0,0.0883468822351435,0.000361641523681479,0.318854963179501,0.126700978943718,0.0465617388628353,0.0038522316083914,0.00559873168848619,0.00672854538484783,1.34846590435524,0.194406491380811,0.00151794107153226,0.00287591400865387,0.00153965007151598,0.00159893924762308,0.00550962661970616,0.0288281675842366,0.000434178065420795,0.000121407116055393,0.000120069374373561,0,0.00030103583250153,0.0140625274361486,0.00129251984664028,0.00193281013745095,0.00116065624889965,0.00211057943853291,0.00370742474253737,0.0082363145107051,0,0.0193412209950057,0,0.000721651563718396,0.00328890570349531,0.00146233094622005,0,0.000107573698940277,5.01878375436366e-05,0.00767224378129811,0.000796295123536112,9.31580532303575e-05,0.00144531434065482,0.00608288579295746,0,0.000736949977245122,0.00289891990061597,0.0139749304032047,0.000435453892738313,0.000504257178961479,3.73256529780686e-05,0.000230507629971296,0,0.00277483733313035,0.0365729724823315
0.006319123081393,0.000890253688622262,0.0174263758358935,0.074436944061399,0.215282519162882,0,0.907621475032521,0.94498017190116,0.039535164723335,2.54629445567753,0.0172073034267947,1.05132994269009,0.048654473607147,0.110307577423763,0.271474785896179,0.000166644400185799,0.020859202373373,0.00465740144804211,0.00504618756887448,0.147364212527664,0.0255359179713238,0.000377508017011312,0.0117532660775881,0.0346050259340085,0.0265772371045549,0.0263188986667378,0.0041696036362432,0.259902700648134,0.0354663125206021,0.0527166123348126,0.000298314989977509,0.0438044485838036,0.00333351215862713,0.0439811053012766,0.0865263280978061,0.35217582551405,0.00620228538866823,0.0580285067781215,0.0386840447198806,0.906278582296374,0.123371443056312,0.0132986346354288,0.0152894629595844,0.000224775914081606,0.0105930729318931,0.00689893625414809,0.0902677705021728,0.00237835839130826,0.000923286808503737,0,0.000203274228224695,5.63518614039301e-05,0.047386025097769,0.00388871933493522,0.00875940245635975,0.0145102472546758,0.0196841275066732,0.015235072064142,0.0296698365506666,0.000171410989654487,0.0645935077258648,0.000394280639745015,0.00708038238208944,0.0100853969345237,0.00161492479563334,0,0,0,0.0248706150596993,0.000790452943059429,0.000616608598452741,0.000376873930802572,0.0573992232983725,5.23566969956517e-05,0,4.16480985773742e-05,0.0772597138740755,0.00131876337355544,0.00252730497509709,0,0.00126824848747864,9.31237111043217e-05,0.0156762906873776,0.00662112737964022
0.399869808873525,0.00199803673777908,0.209548213770597,0.0345853057573445,0.019018150646792,0.907621475032521,0,2.29980031541847,0.0878648503695933,2.7625776489863,0.140949689020544,0.052174746930769,0.110785044555635,2.64419385875923,0.0691668537913204,0.000775924982904373,0.111492479747389,0.0418805490237124,0.0338109289528823,0.0411701969318435,0.551981936976171,0.00301407484741266,0.174358693724393,0.152792108249538,0.0207450833699465,0.195483406951104,0.0310008147359899,4.93547134659634,0.463214485678242,0.832850105621095,0.00426520072173392,0.0210129730336525,0.069771774917591,0.238554167690121,0.177456543209337,0.848341845767299,0.0348654829657735,0.383469217315356,0.0720820398116493,0.188542500659195,0.0697868822072414,0.0198774520938155,0.0723842426697008,0.00245695870189554,0.0318433724623173,0.0150711330142034,0.0782396193843093,0.0109849798979909,0.0029468488629224,0.000960594622097653,6.89329724557578e-05,0.000901704634429407,0.034185526424531,0.00498639131038288,0.0152770113408836,0.0626349752242461,0.0909098258633013,0.0189244705800164,0.0584845309588436,0.00156883715840139,0.0569080194461006,0.00137820897102128,0.0534633260845945,0.00744903194394634,0.00774086921426722,0.000694006389479452,0,8.01690108219623e-05,0.0224100532287454,0.00341160214786743,0.00254591490841658,0.00346979255385623,0.169137153989486,0.000234276746732498,0.000255029198983848,0.0110806138734394,0.197083655893731,0.010695934072733,0.00934093846746784,4.2176633385855e-05,0.000691072491653591,0.000436141875738769,0.0418099241244666,0.023479561383105
0.213517130318137,0.00243196795776419,0.165624539224561,0.0734893644823669,0.0108511892635612,0.94498017190116,2.29980031541847,0,0.0742645020073467,1.1588741870394,0.108349042221488,0.531503946738349,0.11597817854861,2.01439354181044,0.0293029019487286,0.000252654170446685,0.35624408375037,0.0412733523780431,0.0706907602561989,0.191451436665772,0.114806679651584,0.00242128888864743,0.0987294964752636,0.0505123933781208,0.0601188630154328,0.255526669749501,0.0311489265296637,0.401944035428996,0.27475466233943,0.929458138322882,0.00320102197675352,0.0143779509794492,0.0106476182551357,0.211284385891949,0.0370099359300251,0.479489783187474,0.026208712536997,0.149599929575526,0.0976102459159715,0.280879266067102,0.11531083861243,0.0467247871524751,0.0445232773620757,0.00300211147949485,0.028509975056481,0.0144416734466628,0.0924425159769871,0.00778161663265298,0.00169268579296299,0.000731637180093849,0.000269000839962915,0.000124169403613293,0.0173501017299056,0.00178663568127925,0.00582933639609326,0.0452342941072914,0.0307517629350421,0.0209152466473901,0.0175314822848236,0.00305285506825556,0.0533347287022293,0.00212551851654495,0.0118041764022064,0.00617825160740389,0.00572714534184566,0.000112044315667856,9.18408538696647e-05,0,0.0113367458000063,0.00146363501181602,0.00148759132713427,0.00107414008738499,0.175293680778452,0.000509779258707601,0.000588453387986755,0.00210540089865705,0.141028016827183,0.00291021214182393,0.0087207798885937,0.000332265853908563,0.00435181537736019,0,0.0246631026376759,0.00428097924301826
0.000270356028703862,0.204189545536385,0.000300997398334175,0.369379113138315,0.0293086313905017,0.039535164723335,0.0878648503695933,0.0742645020073467,0,0.185296317917658,0.0286608059477449,0.147929725740412,0.0397486697254608,0.0301516517843705,0.219045465458793,0.00435679163262492,0.00386722959446313,0.00349196641566435,0.00434179682849166,0.146094286973846,0.00383891994251125,0.539789029631823,0.00305073527680403,2.48813368399649,0.104289467794097,0.0102170975919233,0.658247358873214,0.76733409623632,0.0170327023054494,0.00434517436381391,0.0159777874858247,0.0029196615388384,0.00208516555132618,0.0182869006800998,0.0100772682153331,0.0853036843296595,0.0104176150251405,0.0345953618485252,0.00890783593831204,0.0880321750591035,0.00717233978842697,0.0170417771461065,0.0562964646418494,0.00696892034975942,0.0241855263504873,0.00851203158797724,0.0350816902251654,0.00658770535616621,0.00458370785995056,0.00179487914185583,0.00376784748251879,0.000871809357523438,0.12307003801174,0.00182821355367594,0.00953202045401886,0.0434845215369016,0.0551212303429243,0.253849148714963,0.0622518675224041,0.0131512371424659,0.0471050667998543,0.00547058768559536,0.037479710329865,0.00687540734045658,0.113252300496311,0.00143872145535372,0.00301299799959598,0.00144818810782669,0.0338310963253395,0.0104709066509346,0.114114202410502,0.0134187203323484,0.420510058592734,0.00203289947228903,0.0116430276956274,0.0293350343199896,0.233324388041529,0.0150004114866709,0.0132032155628593,0.00239778888611743,0.0026524205982582,0.000546532559645444,0.0229849291027428,0.0125093890772165
0.0021488459850184,0.00068170379498578,0.00996737745159811,0.940964765428124,0.0261497916286419,2.54629445567753,2.7625776489863,1.1588741870394,0.185296317917658,0,0.101342722762732,0.441492028140752,0.0598248612514163,0.38866556974901,0.0953011334675701,0.000262625127095515,0.011522895083933,0.0288086370876015,0.0145987652797556,0.630345632757971,0.0233927522528728,0.000299963234112382,0.00828105521170755,0.137614390186351,0.0149451232457995,0.0318691836835428,0.00899726612365255,1.53210883094766,0.120260136336934,0.0237149355085705,0.00185495994320056,0.0119611685140313,0.00264322490324364,0.0907542173450056,0.0413546594644773,0.351551580372721,0.0131807935714353,0.138943671682241,0.0220080599441918,0.129675409143666,0.0290398192383504,0.015247260289046,0.0126014507279645,0.00184489301746227,0.007044614341602,0.00323149338524958,0.0664598865400202,0.000981104685908164,0.000888649380329022,7.87997508419397e-05,0.000525246809942204,0,0.118976037719729,0.0030779221971582,0.0115940520740031,0.0227685707275039,0.0322628076761088,0.0626593170445273,0.0820633978798023,0.000861091336461524,0.0898461791270308,0.000481287857622832,0.00729897172502623,0.0109316820953586,0.000556148140525245,2.78060754021138e-05,0,0,0.0530098561884537,9.97152574822158e-05,0.00097597716197218,7.29710782073378e-05,0.108181662300825,0.000157445648685524,0,0.000470581154681888,0.180153492990662,0.00150732930896804,0.000669290475875732,0,0.000353984547970105,0.000190087663848567,0.00879987813719896,0.00325694351690256
0.00227271280566999,0.0524504941440779,0.0109647339213888,0.00766503196220218,0.00250870955552282,0.0172073034267947,0.140949689020544,0.108349042221488,0.0286608059477449,0.101342722762732,0,0.0493070556236794,0.788332471345948,0.225148651191292,0.00264982214289641,0.000615289225337657,0.069090216002309,0.704826783426866,0.16298367003469,0.034921906405967,0.0174839253538524,0.0194049718099838,0.0315786786965677,0.0204180533832686,0.213954793372601,0.258145235874895,0.0777421341756215,0.0865011847848568,0.334011470668848,0.0348509669281936,0.0332535168870861,0.140787996822906,0.00134299518772245,1.09867538775997,0.0094447736008183,0.13115332909309,0.335104025560312,0.488063683119127,0.0818569079708594,0.013011678616129,0.00297581165393762,0.372125171507517,0.00293798823173263,0.140966743309841,0.00539344597104737,0.0010128910538627,0.00534681410600568,0.000442662769396555,0.0585942949810647,0,0.0373440758362148,0.000228976253076696,7.28322088318527e-05,0.000413290137861675,0.000158472976871735,0.000993367892793416,0.00212872103840766,0.0107099042721457,0.000265082110507044,0.393308701660483,0.00201032714282525,0.400662702126182,0.00383703412276005,0.000230841133619804,0.00157091302085416,0.000695308046382201,0.00721736559111759,0.00175994148010769,0.000421121269391799,0.000131987884942102,0.0108390549856299,0.000204784075142697,0.0145080165789408,0.0484303225710407,0.0954950800495548,0.0936128502229423,0.00191170298687554,0.0050822923588158,0.000260596373299026,0.143156959994549,0.0162440871040771,0,0.0651673766794206,0.00375161914918075
0.000532820829437998,0.000377430496322188,0.00120785011270646,0.553747151630883,0.0834530194491396,1.05132994269009,0.052174746930769,0.531503946738349,0.147929725740412,0.441492028140752,0.0493070556236794,0,0.0280441464565241,0.12158764492741,0.321428250869975,0,0.00264928659641847,0.0132886919809253,0.00573198760670725,1.86840343212527,0.00154173661570203,0.000173950906472003,0.00110474682976933,0.106014377226353,0.0119653680752192,0.0103452812880711,0.00423089927889164,0.162827500525813,0.0314091446149557,0.00614416222992703,0.00168847679088377,0.0134717256931649,0.000138864330002796,0.0261852683700742,0.287291235371754,0.111459872156466,0.0051679742936125,0.0374468916133324,0.0146343060636875,0.255503565244817,0.0096761765917837,0.00915694066664374,0.0140398476917406,0.0010730106999475,0.00864472121238646,0.00402314016881873,0.124734884032687,0.00271858630838342,0.0010709394495948,7.02418759667963e-05,0.000362230478825811,0,0.19609745331127,0.00467530950047499,0.0207083715733475,0.0141947981167288,0.0325620911249891,0.052841119042153,0.0907356173635128,0.00168935040292919,0.194117225449805,0.000616308910028627,0.0150869299496736,0.0152429085992651,0.000182954045167637,6.57169473128736e-05,0.000423914776442197,4.24053999366403e-05,0.10843047905346,0.000259597071262032,0.00015964682477155,0.000225777850626808,0.0672324063035971,0.000141926153160524,0.00021959851012356,0.000761130745819768,0.141939599211414,0.00215390049316024,0.000666602517944634,9.35132761750995e-05,0.00064082412200709,3.235023938739e-05,0.00851420867941203,0.0389298814514076
0.000611438260907185,0.0764574620453676,0.00621798480855853,0.00748424539194413,0.00634030768194779,0.048654473607147,0.110785044555635,0.11597817854861,0.0397486697254608,0.0598248612514163,0.788332471345948,0.0280441464565241,0,0.0735300136712324,0.00942656068902616,0.00793076395456238,0.00869406826317267,0.024291929118875,0.0036628134996716,0.0206356760646987,0.0452121708326027,0.0300895098441665,0.0459160301025822,0.04277454383488,0.899628940224765,0.027734938156029,0.194795017700357,0.175248182084959,0.052781194322304,0.0463998006842444,0.0868634702005911,0.0445986461552432,0.000775232745914475,0.286609887194319,0.0252837700073731,0.330212238839765,0.303055475974756,0.304086146304922,0.240469706562003,0.306517064626716,0.0401296020602734,0.786109165083052,0.0399329042032032,0.271913750477531,0.0646007304639139,0.052084076387031,0.103001533111689,0.0221548501476579,0.0657614045248262,0.000586127621331632,0.0352771054599398,0.000239427463464546,0.00381284492147818,0.00144106695687032,0.00874614126355112,0.0151798496996615,0.0473147005278864,0.0123802766336705,0.0174235374304366,0.883993760476851,0.0200327189038513,1.02268051701947,0.0367080000605624,0.00332429279637693,0.0228777740442639,0.000714955200409197,0.0134368104076293,0.00270944334459027,0.00870895440695787,0.0105093307524156,0.0120243930751605,0.0115555061647234,0.0360501473898863,0.117273412458763,0.227429109145443,0.257986356248566,0.033947714902253,0.0149955156124184,0.00977994736330031,0.436518760467635,0.0394851225889215,0.000254660459073186,0.109965390714481,0.0100559244927635
0.946502222235252,0.00312067135821816,0.161157226079036,0.0290944268112584,0.00235832328712981,0.110307577423763,2.64419385875923,2.01439354181044,0.0301516517843705,0.38866556974901,0.225148651191292,0.12158764492741,0.0735300136712324,0,0.00996806191279713,0.000256675921718743,0.626219685377037,0.0792272551894172,0.12813763749703,0.072029827960143,0.0973137428244106,0.00179755173524382,0.144724996898844,0.0306239058654498,0.0306500216860053,0.311210520852382,0.0628643235383105,0.281711714676783,2.47912492068058,1.66418332090605,0.00477552618356219,0.0415214849386319,0.0145466369524238,0.203460727870842,0.0206731419601899,0.224160110931006,0.0307762545755852,0.133336221817609,0.0511822373881211,0.0393655289177728,0.0202357815388692,0.0262707992027097,0.0154775605843619,0.00244344307261807,0.0122803317998969,0.00503339884260919,0.0312621619258803,0.00239472243717386,0.00194347454684109,6.63430478824496e-05,0.000760968111127389,0.000202679091680154,0.00303505824225015,5.82960463464796e-05,0.00132101967130843,0.0156579160715245,0.00689961941748115,0.00623941992233185,0.00282362014296825,0.00349507933003363,0.013559868276875,0.00371992570523474,0.00306300008036092,0.00186075218891215,0.00392639668449466,0.000231594931425298,0,0,0.00342637421174486,0.000664113521266705,0.000722603072811261,0.0011996867297746,0.0730350849345657,0.00084578863245,0.000499113980271899,0.00359755104037937,0.0588659608758445,0.00096931442228678,0.00353034553890531,0.000442936607706803,0.00114214027742527,0.000273760109832608,0.0100994616318069,0.00283016636668113
0.000227847164444894,0.00873297486513787,0.0028272487891204,0.0876819896453215,0.124296352587294,0.271474785896179,0.0691668537913204,0.0293029019487286,0.219045465458793,0.0953011334675701,0.00264982214289641,0.321428250869975,0.00942656068902616,0.00996806191279713,0,0.00213941781689388,0.00455748881457357,0.000722216963394106,0.000965964787660986,0.0757632164151714,0.0657502042701524,0.0171493349399162,0.0448620421668118,0.244148187808162,0.0078155027652347,0.00200397916642521,0.0338730548442554,0.157480835893364,0.00677411746593077,0.0372330008005951,0.000291723217784625,0.0178329790627421,0.000774346657020655,0.0074231856255972,0.282637564330309,0.0465442873923439,0.00410313744391996,0.0102988516802691,0.00639164297668997,0.331291064756968,0.0136622770943248,0.00117206376980009,0.00684970911568308,0.00257763652905512,0.00308924467932705,0.0113124809005219,0.0416592743824433,0.000949920988507357,0.000430689570543355,0.000128120718856394,0,0.000745702880999279,0.0228017798576242,0.00163088781004482,0.00490984316079834,0.00390715464940118,0.00523124146990774,0.00737659232473755,0.0165189432012574,0.000266267313023186,0.0346638194370904,0,0.00304286234441035,0.00429217056773564,0.00453358272826418,0,0.000199495015936804,0.000126480663366079,0.0155497709466136,0.0023592790958313,0.000913777597888652,0.00619033465270407,0.01579790364406,0,0.00127440595129946,0.00398173377439436,0.0315450074007171,0.000750912414552659,0.000657640947454691,4.16595581178367e-05,0.000688277007011318,0,0.00197930392461011,0.0789025882060578
0,0.0377731327142051,0.00223923439231555,0,0.000982577230014718,0.000166644400185799,0.000775924982904373,0.000252654170446685,0.00435679163262492,0.000262625127095515,0.000615289225337657,0,0.00793076395456238,0.000256675921718743,0.00213941781689388,0,0.00329794488591276,0.000500016891241934,0.000770769594767295,5.6837879127574e-05,1.62409033481699,0.36737521729534,1.04371483575328,0.144188440391511,0.0111820711886392,0.00319162641038295,0.76935600974552,0.161199083300542,0.000134580332256603,0.00453375391883559,0.000313182635181284,0.000303434434754992,0,0.00379872623844578,0.0131987973694236,0.159623231710435,0.0661911590388375,0.0181052321152702,0.0202723610192893,0.000969034940882763,0.000586508058002543,0.00114144809289744,0.0521788912448371,0.00966942416020939,0.0120737377856823,0.0162684461615691,0.0204153395866285,0.000587474701261604,0.000162836931371785,0.00161619004386075,0.00164017623518636,0.0021692730994562,0.000264637631336618,0.00102862320324067,0.00039031289246977,0.00871683075166696,0.00324218858531184,0.00958721222170869,0.00135256542312764,0.000710290330328831,0.00071299278147651,0.00012338239047575,0.00788466057642905,0.0013575727838369,0.937760743398875,0.00573041818112745,0.000152297037279082,0.00152103517939056,0.000146977748517108,0.139171084732195,0.131897964494172,0.340075595444573,0.168151707976196,0.000132936928317761,0.00328413309229358,0.295223289605793,0.0711553353548698,0.0107503411264925,0.0301535854609327,0,0.000296959621040762,0.000554841629740709,0.00864541982693907,0.00809040679677866
0.124236219289667,0.00526446531677864,1.71586778922839,0.000660137243202978,0.00179346853720415,0.020859202373373,0.111492479747389,0.35624408375037,0.00386722959446313,0.011522895083933,0.069090216002309,0.00264928659641847,0.00869406826317267,0.626219685377037,0.00455748881457357,0.00329794488591276,0,0.098725638177548,0.470924633985821,0.00310771656213551,0.422660147210266,0.0049684152169285,1.13856422619123,0.00409844013631473,0.00126675032363513,0.923051815807158,1.22817313758814,0.0592520871492905,0.64143454791431,0.775008812135198,0.000430341797212297,0.00552987666553994,0.0730013935389001,0.638043712433633,0.0200153731284606,0.213852032267801,0.199448031784412,0.412142251991003,0.124234251683832,0.00555762126908389,0.00704990563386723,0.00166395997767175,0.0127945194325096,0.00515355235929727,0.00393247466828215,0.00733948553438417,0.00178165962217704,0.000175991968325883,0,0,0.00288427475388631,0.0123727225976608,0,0.000317745201947701,0,0.000214021194662502,0,0.000182737782836759,0,0.000140996938165686,0,0.00025140055739361,0,0.000563690050954342,0.0056314973613059,0.0164528240500773,0.000355916322212085,0.00354234992303661,0,0.00281985050614828,0.00160039240813591,0.00905595449959264,0.00378869034744228,0.000189966654385864,0.0065441724254931,0.157481557296983,0.00239491418375218,0,0.00100560601596719,0.000118145994062492,0,0,0.00221416802525337,0.00626960752244375
0.00633763314746327,0.00269807391115135,0.0484710023544157,0.00163782082974366,0.000364249869283604,0.00465740144804211,0.0418805490237124,0.0412733523780431,0.00349196641566435,0.0288086370876015,0.704826783426866,0.0132886919809253,0.024291929118875,0.0792272551894172,0.000722216963394106,0.000500016891241934,0.098725638177548,0,0.519419238687138,0.0102096302893981,0.0246369813291319,0.000663504961275584,0.0792909396216307,0.00359327330386698,0.00195661854623223,0.281298793910658,0.137929165907506,0.0268604215094428,0.108587111252688,0.0277678331797803,0.00291639252928759,0.0249944451386555,0.00432119762706537,0.244992224501778,0.018807744569911,0.219999181742634,0.322191513863566,0.276002233726155,0.181401631930288,0.00225549597291908,0.00243770926508852,0.0105088178877988,0.0035989438512661,0.00457985624316567,0.000645756211053273,0.00209630118413674,0.000166389160819209,0.000117202737481051,0.000264750481807235,0,0.00190488354755435,0.0012153513878423,0,0,0,0,0.000117348807845637,0.00080455826879307,0,0.00882693810619097,0,0.00859485216402169,0,0.000117445472627735,0.000101805325750673,0.00219541479521603,0.00483494385296006,0.00954947364435373,0,0.000270096229699257,0.000465106261144674,0.000796330332426755,0.000300203692861497,0.0019525961403248,0.057438138723089,0.0727345235028611,7.65500861191391e-05,3.50312130205393e-05,0.000449486861875105,0.0130740460018068,0.000138964737839413,0,0.00155266078303949,0.00949750877057869
0.0185619233534705,0.003757492038215,0.128382552992359,0.00146759360560084,0.000539887180342698,0.00504618756887448,0.0338109289528823,0.0706907602561989,0.00434179682849166,0.0145987652797556,0.16298367003469,0.00573198760670725,0.0036628134996716,0.12813763749703,0.000965964787660986,0.000770769594767295,0.470924633985821,0.519419238687138,0,0.00367636250394828,0.0436467650926295,0.0015003407638724,0.165812221288172,0.00222961058857679,0.00110244366057984,0.997686728416222,0.528450035540232,0.0213213210292197,0.136441336790344,0.0642425968734466,0.00100947401232215,0.00843539987772287,0.0133802469028374,0.489495814725137,0.0140219633247911,0.209994245697352,0.257067128382379,0.283050579411828,0.159177431723046,0.00245995856278881,0.00263913626511558,0.000671737977338674,0.00646914079919498,0.00456717710559894,0.00269411304781184,0.00399117972944095,0.000240060689751559,0.000298856339216387,9.51318952081559e-05,0,0.00165735238930578,0.00386402281404906,0,0.000469809955436468,0,3.26254873306006e-05,0,0.000396683283858687,0,0.000339031316604459,0,0.000214109018445629,0,7.32482649661124e-05,0.000581612555546531,0.0077850473485456,0.000916250659783599,0.0090958447060317,0,0.000608674641268944,0.000547024822636163,0.00198339939649279,0.000541511082077927,0.000278864550458586,0.0216795420762357,0.0811426132610456,0.000243258752338484,0,0.000723373911665082,0.000530424492177308,0,0,0.001615925917876,0.0073219070053255
0.000501296701114717,0.000428616755452457,0.00133190199444411,3.31170056656227,0.0220705057515377,0.147364212527664,0.0411701969318435,0.191451436665772,0.146094286973846,0.630345632757971,0.034921906405967,1.86840343212527,0.0206356760646987,0.072029827960143,0.0757632164151714,5.6837879127574e-05,0.00310771656213551,0.0102096302893981,0.00367636250394828,0,0.00201174162282711,0.000216368587094522,0.000720757931691554,0.157380612387926,0.00580835085715386,0.00929883300457987,0.00403080729936175,0.317714732899998,0.0244930675250649,0.00456414021104744,0.000997185799278045,0.00390166560935323,0.000217782713547653,0.015738498700135,0.00885609976037807,0.0897401440515935,0.0033163965913536,0.0246923518282453,0.00659222806772752,0.0913765927291006,0.0074075306844169,0.00651063936491128,0.0102054398360814,0.000445781345107278,0.00520668391647832,0.00172517793768294,0.0565505833502348,0.000971254750126839,0.000512931674733272,0,0.000224162799014389,0,0.115881521204721,0.00273798356505094,0.0124637085844101,0.0135710868795869,0.0246956147818486,0.0428548968803563,0.06683271832093,0.000373528413308653,0.0845692921816064,0.000297295252824471,0.00743809446036739,0.00899826731660494,0.000380367215694934,0,0,0,0.0430550574118426,0.000130725314561123,0.000700960396286541,9.53661041282772e-05,0.0649512590298031,7.21370864282012e-05,0,0.000249083930543151,0.126877258547878,0.00145833720513049,0.000377031492641052,9.35678732213793e-05,0.000246268307309568,9.43079487746e-05,0.00511700279822272,0.00165268890148686
0.00982422210989872,0.00252722844890631,0.815862071600745,0.00172681209233107,0.0363646416337965,0.0255359179713238,0.551981936976171,0.114806679651584,0.00383891994251125,0.0233927522528728,0.0174839253538524,0.00154173661570203,0.0452121708326027,0.0973137428244106,0.0657502042701524,1.62409033481699,0.422660147210266,0.0246369813291319,0.0436467650926295,0.00201174162282711,0,0.0307801868516594,4.35230012943872,0.0844025762573742,0.0117258266139615,0.326472847649803,0.117499804088216,1.34896496519828,0.0654169983279151,2.3695409941682,0.000372074443055203,0.0069658598267486,0.0117954864095958,0.809784248798819,0.293813904332242,2.03393860246984,0.40583699918703,1.36424538460513,0.6378836865727,0.0280370564132932,0.0154855759717993,0.0022027808482306,0.0462745549140969,0.00500708708307194,0.0126239691423889,0.0158212049795806,0.0380416270146518,0.00242382966994859,0.000549574301235849,0.00284484354492487,0.000524478386624479,0.00360520077632534,0.000185467557598132,0.00597508576353114,0.00073424345458476,0.00920810839754009,0.00538713689869235,0.00271357749926489,0.000437424263095772,0.000215422732500225,0.00164600077700333,0,0.0157602802756877,0.00435058508027499,0.343964332347458,0.00411587477332514,5.6199178537792e-05,0.000396982700848622,0.000221102483570882,0.111278853361723,0.0345475982124433,0.0972438558315251,0.159011054633064,0,0.000937333089320093,0.0860781049696011,0.118101032352483,0.0193888236660575,0.0463476196644675,0,0.000641682957996958,0.00167654151298204,0.0149211017018828,0.0715286383090189
0,0.350313132926588,0.00293463796984299,0.000301317763656038,0.00175597072652784,0.000377508017011312,0.00301407484741266,0.00242128888864743,0.539789029631823,0.000299963234112382,0.0194049718099838,0.000173950906472003,0.0300895098441665,0.00179755173524382,0.0171493349399162,0.36737521729534,0.0049684152169285,0.000663504961275584,0.0015003407638724,0.000216368587094522,0.0307801868516594,0,0.0803457470126255,1.05649048087558,0.118424131199004,0.00704649176970324,1.20354098978551,0.187203021810022,0.00129662807821032,0.00363648145328065,0.0135731702053391,0.000745942057849163,0.000496450590555435,0.00457213235094584,0.00170835210700729,0.0261643226338779,0.00988473992255252,0.011450293833654,0.00507448298535822,0.0157042200007398,0.000856009579977645,0.0144666289089128,0.0289090679505036,0.0117418780497675,0.0088256884620074,0.0119898934192198,0.0040795018862486,0.000790198502028662,0.00231777779068267,0.000232061595207694,0.0226771792637104,0.00615921284913893,0.000135077617920113,0.00204592912946205,0.000156313829745215,0.00264391271973405,0.00139243180266385,0.0211628105351264,0.00025890150407128,0.00764381521608533,0.00041482731295529,0.00439514471871334,0.00229174874238806,0.00257534051979747,0.431037288387793,0.0146616299556588,0.00123421412902557,0.00289539331827702,5.44360014162898e-05,0.0420771415666021,0.19679342924768,0.0926943478820672,0.109314625251803,0.00104051297600064,0.0129926337950738,0.40425528628604,0.0235435924322038,0.00248378390997523,0.00656472921932062,0.00388296272237272,0.000298177904312342,0.000201163346200919,0.00434867216500605,0.00349879216868141
0.0269662154235956,0.009865240759458,4.08293844358045,0.000401086548414534,0.0426039538515023,0.0117532660775881,0.174358693724393,0.0987294964752636,0.00305073527680403,0.00828105521170755,0.0315786786965677,0.00110474682976933,0.0459160301025822,0.144724996898844,0.0448620421668118,1.04371483575328,1.13856422619123,0.0792909396216307,0.165812221288172,0.000720757931691554,4.35230012943872,0.0803457470126255,0,0.066293434493148,0.0150642679032303,1.13089800928883,1.49100348849129,0.50725599087341,0.134679212564303,0.898904164024829,0.000805276120958006,0.00502092336507217,0.0132065463886931,1.10266579522039,0.370044291733086,3.45429886980336,1.68417937922313,2.46599190150451,1.64865699599219,0.0302971259722939,0.0155161401355129,0.00273393086343961,0.0996635024703992,0.022426925171298,0.0229488590700622,0.042390977438928,0.0405996418041306,0.00213162753278625,0.000650051720801997,0.00225094622742593,0.00251410784303566,0.021200725578912,0.000566689047363961,0.00869605929674212,0.000975628286937691,0.0206792486817859,0.00683031087820298,0.0110962144776028,0.00262427611514469,0.0003060374269452,0.00120661873900839,5.48730879970193e-05,0.0147409886077229,0.00632202517808169,1.23732228406567,0.0241626184531068,0.000499735872471223,0.0028404768441496,0.000331498500360838,0.191816864814859,0.0809087337662173,0.745356867095445,0.190730645774215,0.000125209653434998,0.00727857262989476,0.848414856461214,0.0938987336187617,0.0138182284066168,0.0413872736359679,0,0.000782618057069995,0.00101912952367873,0.0143633467964709,0.142968036108164
0.000602876471905562,0.292830182459733,0.00131079942175439,0.535851798980534,0.0547492424303482,0.0346050259340085,0.152792108249538,0.0505123933781208,2.48813368399649,0.137614390186351,0.0204180533832686,0.106014377226353,0.04277454383488,0.0306239058654498,0.244148187808162,0.144188440391511,0.00409844013631473,0.00359327330386698,0.00222961058857679,0.157380612387926,0.0844025762573742,1.05649048087558,0.066293434493148,0,0.112362891451548,0.00766781006137119,0.492493665025604,1.47753675527786,0.0216707029111557,0.0129760338158826,0.0103940671087756,0.00282172135368141,0.00368899361591302,0.0213164324449139,0.018711773484617,0.152995854497239,0.0136601564840089,0.0370486267258513,0.0117176873498952,0.187537894784658,0.00941820231371057,0.0143313164160324,0.224279641027251,0.00850049488493625,0.0958849359244199,0.0372426819065982,0.117660034818088,0.028668098610888,0.00723715313363909,0.008657705968872,0.00204966126958901,0.000683461853634194,0.0726949897602088,0.00423290514554064,0.027310808015954,0.152056968012922,0.194480890148056,0.147782159132551,0.108336206772049,0.00959820266004305,0.0728141604479493,0.00170029651537789,0.151032401341024,0.0123904857498613,0.350975014307744,0.00283697543904146,0.000305429808990347,0.000652057790456388,0.0412739054719424,0.0779848190203055,0.11204553816634,0.0566468065750714,0.99311871019997,0.00158906755148824,0.00228722801754248,0.0603271414064616,0.65014028017403,0.0613690197853397,0.0729428974569685,0.000525617294786873,0.00434946535726284,0.00257375860140255,0.106034263304044,0.0205975604378977
0.000202608078568446,0.31051404692321,0.000685457884785881,0.00155259805437265,0.00350379050819589,0.0265772371045549,0.0207450833699465,0.0601188630154328,0.104289467794097,0.0149451232457995,0.213954793372601,0.0119653680752192,0.899628940224765,0.0306500216860053,0.0078155027652347,0.0111820711886392,0.00126675032363513,0.00195661854623223,0.00110244366057984,0.00580835085715386,0.0117258266139615,0.118424131199004,0.0150642679032303,0.112362891451548,0,0.0234699084902899,0.844971230718756,0.0837750647113503,0.0147385351734844,0.00850767277247892,0.11334524418953,0.0243730606124859,0.000226959734346896,0.0453904601992906,0.0016056847838569,0.0316662087879125,0.00982141770214294,0.0762269917341745,0.011609790756049,0.151441440760338,0.0233274672645438,0.133530488687363,0.0143572967019751,0.0217046373339308,0.0188694115641687,0.00867633465852131,0.0392219070628343,0.00431778087064475,0.0228244121329843,0.000592585991608921,0.030722872368328,0.000279250114726424,0.0014320980827481,0.000423280005945611,0.00286485048381558,0.00512420174358336,0.0145511726266778,0.00654254882256357,0.00595032383613169,0.186779664089506,0.00581095338630929,0.342068426722592,0.0117825004099874,0.000885874488189002,0.0271070719162428,0.0014989889281419,0.00200707381943283,0.00263208563230271,0.00252052834482354,0.00753427481000852,0.00540225545628256,0.0162475236843166,0.0181198140383647,0.167970770737159,0.0857794709167296,0.213417309233259,0.0128194380914783,0.00569729163998826,0.00562870892482845,0.102344861617636,0.0150463607700242,4.88220765554667e-05,0.0417774402254152,0.00115913856004294
0.072968219305179,0.0288690666088755,3.26655578398389,0.00176528475315867,0.00155641076026964,0.0263188986667378,0.195483406951104,0.255526669749501,0.0102170975919233,0.0318691836835428,0.258145235874895,0.0103452812880711,0.027734938156029,0.311210520852382,0.00200397916642521,0.00319162641038295,0.923051815807158,0.281298793910658,0.997686728416222,0.00929883300457987,0.326472847649803,0.00704649176970324,1.13089800928883,0.00766781006137119,0.0234699084902899,0,2.46318564941734,0.0726467183209592,0.150109077188651,0.317738602383751,0.0453567488247009,0.0152707863401334,0.00499346704743587,0.303011153572071,0.0557304959009628,0.790565400265265,1.6292008681321,0.659945412213199,0.488982588612748,0.00717256415044499,0.00540508935912548,0.00973875002793675,0.141390203094171,0.103248733380268,0.0427744686544553,0.078732992109719,0.00209686782693536,0.0019808606543694,0.000678749140428588,0.000178375942786154,0.0475795837113547,0.0414919593573587,0,0.00162907806257347,0,0.00601353254915432,0.000288141926632378,0.0043293318479302,0,0.0857558867969756,0.000124615837566,0.127730370688886,0.00131131474524552,0.000874150009720175,0.0134615054550156,0.156019355909262,0.0574429756368195,0.241638096926383,0,0.0110916413066558,0.0141531752181919,0.0360308448637472,0.00969693435867063,0.0473523979247988,1.09614382067065,2.13729407185984,0.00528888683834617,0.000802247319250778,0.014770629391136,0.1970340573626,0.000904374139398257,4.12971319030345e-05,0.04182473723421,0.0338679325254689
