0,0,0.0316718810440751,0,0.000316573563002405,0.00157726638815844,0.990165259516386,0.0388141980926204,3.79322516483277e-05,0.00394891450449095,0.00210936564343711,0.000246434006699517,0.000125610612803713,1.38909596707536,0.00155679236781543,7.56397325330615e-05,0.0566542495341552,0.00303992089641711,0.0060264719961365,0,0.0330440715541701,0,0.0524799742298743,0.000409269622950483,0,0.0317027765154408,0.00550561883203723,0.0351998313775434,1.32943675386993,0.844982340177722,0,0.000241571930760857,0.00119309222794759,0.0289557208089488,0.00159005240385073,0.00461991932092272,0.000662286914420003,0.0174894140938784,0.00487717293315119,0.000339933834986949,0.00104942278478223,0.000104416252229124,0.000109924435033405,3.38913203854978e-05,0,0.000182818824726981,4.52696186407864e-05,0,0,0,7.85248773544699e-05,0,6.06532943355262e-05,0,0,0.000333412855069327,4.79499425767541e-05,0.000280472470069921,9.23730780025361e-05,0,0,0,0.000158861947112847,0,0,0,0,0,0,4.0370793315804e-05,5.2445732540524e-05,0,0.00044742401265885,0,0.000128469755979902,0.000943864207903919,0.000532684075369221,0,0,0,0,0,0,0.000349640450297707
0,0,0.00326034579857057,0,0.000208679063198453,0.000448587943718758,0.00192219564995623,0.00196825907309015,0.270859173197133,0.00124826927210229,0.0780912985227383,0.000816968086381766,0.123435468891873,0.00114133148888183,0.00399331045256888,0.0326890387723499,0.000814772783844018,0.00160188053697752,0.00231382681233642,7.52881211689025e-05,0.00290665714502924,0.364165468742073,0.00406251130461493,0.235363179594921,0.222070895541529,0.0556091378458151,2.79733505625524,0.0231165643888835,0.00176897149699616,7.0591513606745e-05,0.00779208628829438,0,0,0.0162723413777973,0.000716377475342768,0.0153590135459174,0.0154315386792168,0.0185138245211035,0.00610414543793379,0.00275934361122065,9.54995564481977e-05,0.0167053085373412,0.01156372142038,0.00375340121707731,0.00757716778669365,0.00539401511175802,5.64092184404552e-05,8.37198941547396e-05,0.000125957974372995,3.28266900721162e-05,0.51714591087476,0.00181874748818158,3.27486284396589e-05,0,8.54773445662888e-05,0.000720466771440563,0.000231140690912548,0.00184182434026118,0.000484394284781644,0.0023892626237376,5.3342823811686e-05,0.00481315076676211,0.000490058593315918,0.000200186119296223,0.0087609583007559,0.00196583963577899,0.000167288821988231,0.00024443982496478,0,0.000512530998352053,0.0442312234549743,0.00281454042530279,0.00775435155596977,0.0165808662409716,0.0280462616634551,0.625855162184,0.00241521010379287,0.000157369204197371,0.000175108656557858,0.00330355516891484,4.06435320367664e-05,0,0.0060508081186418,0.000631765351051146
0.0316718810440751,0.00326034579857057,0,0.0003603981330614,0.00139059192963445,0.00809091061257572,0.217567152372597,0.0759614509164761,0.00406557510351632,0.0131779719270057,0.032959363281967,0.00396767930121299,0.000505235848289442,0.198324854116464,0.0200908855115482,0.00185691003729891,1.67366614264547,0.0489536049704698,0.0979609345388128,0.000997906270877501,0.557193920809539,0.00239163797312453,4.2261194535876,0.0181871053863091,0.00128892718047532,2.02178361361966,0.533996448722262,0.240274559903534,0.104540478616687,0.0717332247152099,0.000478733629493314,0.00145117944089221,0.0115077222578436,0.454991507086603,0.117775579816415,0.985431631862875,0.179376258701096,0.617262772142463,0.678892756922391,0.00319189768527933,0.00715919051892194,0.00365450162505652,0.0203573079477594,0.00540628071985403,0.00811635180500284,0.0109420598555798,0.00119903991694557,0.000668991547596264,5.02099016515195e-05,2.3903888292402e-05,0.0744659724100108,0.0151087239695128,0,0,0.00013857922916624,0.00225988013310005,0.00128911346150735,0.00288385579995346,0.000153901233533705,0.000351639887579241,0.000300392705657354,0.00119299483517161,0.000820076404596073,0.00860357664298332,0.0115186434541768,0.00397011586588772,0.000329862390562537,0.00117633649463758,0,0.00271916621068759,0.0155151107253742,0.0050847182403124,0.0150884851200986,0.0027164972039258,0.101018708564673,0.491191960011304,0.0107982306728797,0.000145126314262367,0.000451093417190462,0.00241689733152075,0,0,0.00605722229411475,0.0950219346182898
0,0,0.0003603981330614,0,0.0173274460347962,0.0428859483107875,0.0147163845359241,0.0151698073854893,0.100185047853449,0.634260017745588,0.00132364497996594,0.474394224243122,6.78512611538142e-05,0.00819080879053382,0.0508455044712062,0.000148771376146412,0.000398556203131572,0.000586463079984063,0.000882169578244328,3.10829460751903,0.000671305906017512,9.88713570146948e-05,0.000737457084060454,0.127393963632043,0.000432900572850585,0.00308331283785069,0.00100659968233701,1.09190700588226,0.00830906003552185,0.000762890900973502,0,0.000622895188552055,0.00036234603541736,0.013814528315371,0.00263693034046661,0.0249973075124978,0.000514895834180313,0.00614273567319467,0.000895779615358755,0.0214110239522364,0.00295398272766055,0.000188699628757214,0.00213362220061223,6.85537911951482e-05,0.00238655998344837,0.000833438348841725,0.00998562566897492,0.000385050956492904,0,0.000100973824706125,4.81838932916939e-05,0,0.156507167245855,0.000684632424623853,0.0108266385943575,0.0194223232770471,0.0147344993950489,0.0491397755398867,0.119934651975273,4.83143550921858e-05,0.0526714216369683,4.29670630141258e-05,0.00292577017842333,0.00416579770549074,0.000305517655073882,0,0.000100672286476148,0,0.0428727069507739,0.000172752081206762,0.00155044095569941,0.000459192658517676,0.115026447153327,0.000117744491460073,7.65280481257081e-05,0.0007128184348288,0.0862999339332639,0.00143965813112313,4.83480083402455e-05,4.23112289497912e-05,0.000265101906126311,0,0.00271298524394104,0.000106578049423507
0.000316573563002405,0.000208679063198453,0.00139059192963445,0.0173274460347962,0,0.502819375594763,0.056381461257725,0.36570551549819,0.0306328343676665,0.0934403140860278,0.00371420854627681,0.189557434742122,0.000363768607415807,0.0246724284205611,0.275481562938115,0.000103095911955226,0.000685943269416391,0.00122485707324473,0.00204401061664177,0.0274210168091662,0.00319522447105219,0.000213742802257335,0.00186063077461968,0.0183905026520931,0.000397872550659359,0.00637738538325365,0.0018240464474707,0.0374006853897998,0.00690868165655292,0.0046029247880889,7.45076995855093e-05,0.300000694680649,0.000323132906932593,0.802858922023428,0.00710979242916005,0.334101652677482,0.00335007332010055,0.0345561414373192,0.00555139873912814,0.852848576043962,0.441588692886549,0.00196747944526194,0.00218317982037715,0.000227946583045518,0.000484085230528128,0.000311309297224367,0.00796736790953166,0.000457571731533998,0,0,0,7.52904555979907e-05,0.00269865864555996,0.000217723642308038,0.00330119168887961,0.00173619608794656,0.000763325859097854,0.0048500921136569,0.00266030131335577,0,0.0116961537625063,3.50872974624574e-05,3.90958178766579e-05,0.000922607468524607,0,0,0,0,0.002795921112568,0.00037811438657062,0.000176262737165141,0,0.00878443792196824,0,0,0,0.00826036051195549,0,8.06665200692057e-05,0,0,7.70158871083498e-05,0.00773581611012668,0.0034116549702945
0.00157726638815844,0.000448587943718758,0.00809091061257572,0.0428859483107875,0.502819375594763,0,0.363160488544649,3.37432923903981,0.0354393751528613,1.87251980190483,0.0344325903653345,0.768150904687969,0.00177803978522821,0.157734052277337,0.253240929334924,7.28340544387043e-05,0.0032255898470641,0.0167997018356999,0.015688254145146,0.0666020334149229,0.00966757987743813,0.000429052452612036,0.00990739239312006,0.0143606262963699,0.000253232527310503,0.0629994297302565,0.0155001913151189,0.151959203127214,0.0726815482447102,0.0199775601411886,0.000128005732118085,0.306896136323122,0.000630429071581382,0.158236318273321,0.365713492695958,0.321593906160937,0.00776997105583891,0.0434064958853007,0.0106575841526884,0.155753164655286,0.0506846804968391,0.0055140940347714,0.0173199109364833,0.000134546306942594,0.00523716298976639,0.00227700582042136,0.0145772242212608,0.00142555427967643,0.000138509570985484,0,9.60086789163175e-05,0.000719496183861834,0.0075677354335222,0.000490139378859824,0.00603382167865981,0.00934450035916992,0.0085203341087636,0.0170515281073647,0.0128235313309298,0.00014172929348045,0.0281252277824183,0.000179061754618109,0.00250969767413847,0.00243534313479384,0.00123178901621517,0,0,0,0.00481070703610495,0.00147725169827756,0.00127444019670907,0.00135293553503105,0.0582689300071218,4.12207769419014e-05,0.000105709427340877,0.00112103841021141,0.070910049712203,0.00104923876422693,0,0,0.000611238728403687,0,0.00710673277405517,0.0319640888814477
0.990165259516386,0.00192219564995623,0.217567152372597,0.0147163845359241,0.056381461257725,0.363160488544649,0,1.56662505016302,0.129373696919583,1.4760252161434,0.0590727061952847,0.0308375789170295,0.00360267306922345,3.01267171225688,0.129941583655611,0.00137644302395285,0.0595246699058808,0.0352174644001511,0.0347683640455499,0.00920338078553532,0.386687286813741,0.00288985041911087,0.379767141522854,0.0406659867992376,0.00153352406789982,0.236111129484159,0.0868966192810191,3.00706157850539,0.852588608343623,1.54920440788664,0.000371622795315713,0.0201556656204722,0.0416236383104969,0.449247434334707,0.161095804647562,0.719525495665873,0.025635325845091,0.338466410310729,0.148847225016183,0.0634897229546489,0.0990060354029945,0.00681666939944682,0.043251908942187,0.00188895778483457,0.0416425947473311,0.0120009079286192,0.024548303589292,0.0123731432515049,0.00138227038262188,0.000965005310463251,0.00257900386883779,0.00267403499879445,0.0527000502495051,0.000813314305516004,0.034105725435953,0.189838332731531,0.2175500904815,0.0557866444984336,0.195476539666594,0.00181351109011299,0.0247422006728118,0.00016203395801858,0.054846842347513,0.00680883653200857,0.0067199549489113,4.90541004196286e-05,0,0,0.0267366240024722,0.00795734110767408,0.00493769199165145,0.00897459602412339,0.343441842297646,0.000146130720249396,0.00146269054770247,0.0367467336296243,0.442615531317231,0.0279898069002291,0.000423716519614482,4.04933249596149e-05,0.00726386949179407,0.000410207703542531,0.0522342048994747,0.00840532972678195
0.0388141980926204,0.00196825907309015,0.0759614509164761,0.0151698073854893,0.36570551549819,3.37432923903981,1.56662505016302,0,0.0405074656713764,1.46915196265163,0.100955218978437,0.320779929215276,0.00528395170547405,2.55292218056845,0.226526356246086,0.000724899221219092,0.0667928082254205,0.0592388122875264,0.0838930690954663,0.035613655217742,0.0790025785377112,0.00120167938713995,0.0929257735854799,0.0282533454956454,0.00104639356353324,0.284554452103108,0.0736684322337913,0.334666155396016,0.340297242788259,0.360058181108088,0.000372850019724375,0.0321500300999857,0.00288615759140587,0.345677439938483,0.0235706897783503,0.538827472962758,0.0191041234994682,0.123564803981521,0.0358612246320811,0.296718122077717,0.0386796816279149,0.0107401812899851,0.0452429776454809,0.000311001374441761,0.0111030694182919,0.0051297673453797,0.0162892685006018,0.00417153586037368,0.000214499029097855,3.56990485327214e-05,0.00132624512230218,0.000312331254568427,0.00570960989079656,0.00012884850046019,0.00546159370321306,0.0421595092020317,0.0357783121323959,0.030990091648411,0.0230737892149544,0.000340066172711978,0.00918323836505133,0.000339162620470762,0.0110310757386043,0.00244026137014484,0.00210565920603518,0,0,0,0.00294724729333175,0.00589988017373194,0.00289207144227492,0.00245982980209201,0.160357694240119,9.86216692403048e-05,0.000663668632676867,0.00620867943215971,0.207257860304458,0.00291361433779603,0.000301480073852372,0.000162668520922827,0.000569699764093411,0.000348853197982526,0.0142763307398903,0.00156488235030879
3.79322516483277e-05,0.270859173197133,0.00406557510351632,0.100185047853449,0.0306328343676665,0.0354393751528613,0.129373696919583,0.0405074656713764,0,0.253835251136087,0.142965398856049,0.323264438562247,0.120075938691072,0.0222474687795153,0.259743477305478,0.0149493481669817,0.000916226357146019,0.00205882394965043,0.00333220020380295,0.115912317388364,0.0180332563162959,0.477988868646208,0.00986554723158195,2.96630271996254,0.236216319990346,0.0224006608001806,0.424077652188022,1.0238405742219,0.0219581297706113,0.00107866740311443,0.0173779253251274,0.00183607172769438,0.000760312283700418,0.0364010456685125,0.00499326881233393,0.0399299192674527,0.00360329810953048,0.0181583679824744,0.00464129694034343,0.154172143970232,0.0055992343365859,0.010344910774842,0.029021857060943,0.00111365841462104,0.00983066776733052,0.0046181124654132,0.0137548130079545,0.00356350154139897,0.000827055889065343,0.000486163242178393,0.00309149932322678,0.00127539355585601,0.0231883286536001,0.00105741621755638,0.00990620268966727,0.0334785270983711,0.0419358421229857,0.320604496497068,0.0287393912965665,0.00458689791185577,0.0274479131175546,0.00121611575298973,0.015384935862454,0.00521891214460073,0.0253630149754324,0.000105695706715423,0.00117318681734066,0.000179948186890983,0.00992283738517082,0.0128295736222353,0.105509979889669,0.0113194469676537,0.339088435489359,0.00216621255623875,0.00820090219387515,0.0158793414486813,0.164336631402028,0.00904989398341947,0.00102058867346337,0.000576834846765933,0.00554134838344803,7.31475187171817e-05,0.0100278516185432,0.00239572042370007
0.00394891450449095,0.00124826927210229,0.0131779719270057,0.634260017745588,0.0934403140860278,1.87251980190483,1.4760252161434,1.46915196265163,0.253835251136087,0,0.0688165939659439,1.29459096612705,0.00471893359084807,0.684123124052598,0.141754790174114,0.000108102101297641,0.00389879414434122,0.0324404280103613,0.0302504308854769,1.25383050753151,0.0127545582570428,0.000124862934854511,0.0135731881808467,0.118456720290095,0.000582375950690037,0.144873580510358,0.0314086523755501,0.653350024883337,0.306093183411927,0.0216699819170913,0.000150119796126482,0.0198987280682496,0.00120678277944731,0.330100767304494,0.0873705782339227,0.436811466668746,0.00846113639382413,0.102711070149528,0.0230375914983503,0.09035016315813,0.0600508819701116,0.00720867077590408,0.00716125600550969,0.000287033887130904,0.00832681270809693,0.00174215962986266,0.0402909507259491,0.00291045242385075,0.000111858049795917,3.48528586620271e-05,0.00103930691964803,0,0.153518023675123,0.00126667912713947,0.0378925853152095,0.0859827855608541,0.0622483859533724,0.129974813716295,0.364941859086891,0.000179818992140704,0.156195085555807,0.000200117750351384,0.0113135615070907,0.0115566719695953,0.000351979733124986,0,0,0,0.0909531924857903,0.00047979721954368,0.00107709226495896,0.000698989875924108,0.317245918489433,0.000274941758915654,3.16043736342192e-05,0.000535965377983567,0.285212119525008,0.00362932675228663,9.95906298673984e-05,0,0.000343269628155672,0,0.0131400579514474,0.00224754821686461
0.00210936564343711,0.0780912985227383,0.032959363281967,0.00132364497996594,0.00371420854627681,0.0344325903653345,0.0590727061952847,0.100955218978437,0.142965398856049,0.0688165939659439,0,0.0314876251526897,0.522973518622688,0.0668831563353263,0.00435182812288467,0.00182410088132827,0.062353293754527,1.22100813921483,0.158286615830689,0.00485236806369417,0.0111726706409496,0.0651696623336153,0.0332857635786124,0.0448402964445234,0.139257030114622,1.17712246513427,0.122143005630622,0.0466252680272825,0.0568688038845388,0.00624057264394084,0.070090801674962,0.0474787553947939,0.00148189259260654,1.03940230795796,0.00942143787158091,0.141015361542667,0.66503199720113,0.50511784029591,0.148449090240361,0.00550843676896564,0.00707619312194223,0.23922899721927,0.00313975573665506,0.0136532698265936,0.0172430116451104,0.00351338796267947,0.00114333804284424,0.00101340362118995,0.0149037190807724,0,0.00687998825189969,0.00065183812567974,2.91106068190515e-05,0,0.00064330277257156,0.000951482766370607,0.00120030323995989,0.00572875231531846,5.21825607881904e-05,0.293668946054929,0.000692324060334807,0.478186023116153,0.000624936877274532,0.00059714482108258,0.000864618282840418,0.000128676896503961,0.0021361839789359,9.40395201907394e-05,8.07481437397123e-05,9.91292165234323e-05,0.00357176665291044,0.000110990593695292,0.0117755337335941,0.100999593928978,0.0889541054129912,0.14666933754129,0.0094157756706885,0.000191136960071277,0,0.21845568732023,0.00132705756278676,0,0.0431096955911539,0.00937431035305559
0.000246434006699517,0.000816968086381766,0.00396767930121299,0.474394224243122,0.189557434742122,0.768150904687969,0.0308375789170295,0.320779929215276,0.323264438562247,1.29459096612705,0.0314876251526897,0,0.00215785599032478,0.116884065072352,0.532017768979579,0.000379957170595419,0.00100936254202242,0.0169382630969108,0.017995183643931,1.77922270074057,0.0116581662832452,0.000198313384570873,0.0051291798137031,0.045788690941161,0.000148839118961379,0.0677431206589231,0.018359463045138,0.338787065084372,0.0820580076505057,0.00427901876113464,0.00013633338019929,0.00773072537846113,0.000781423721508271,0.100551076116735,0.600286390256504,0.0996253057309783,0.00360650567179452,0.0191895860338445,0.00604321727011954,0.217673138655339,0.0120570295291265,0.0033914046533362,0.00497969843339814,0.000166252217149299,0.00138761868538201,0.00127543541781459,0.0795601402615073,0.000711551564566889,0.00047644994404054,0,0.000552474743979561,0,0.101774515794646,0.00361716147040969,0.0462809367047216,0.00992651852100975,0.00977736529191944,0.0804815354292069,0.0782889859697136,0.000363870996905363,0.32829152838847,8.7519928112164e-05,0.00138732130820409,0.0200166776320331,0.000130116857164276,0,2.83883734073877e-05,0,0.0826566594725162,0.000448987806524283,0.000569833110035438,0.000123047880494773,0.0625399267824811,0.000135288108145285,0.000137912211041954,0.000786640011933705,0.059566984484872,0.000668481890206167,0,3.15336751904487e-05,0.000299457898689202,0,0.0061327820570448,0.196674907282752
0.000125610612803713,0.123435468891873,0.000505235848289442,6.78512611538142e-05,0.000363768607415807,0.00177803978522821,0.00360267306922345,0.00528395170547405,0.120075938691072,0.00471893359084807,0.522973518622688,0.00215785599032478,0,0.00284803462651484,0.00107083211250427,0.00152203514432859,0,0.00375937422489384,0.00052281287171489,0.000197036368046949,0.000300950254587394,0.0775521237287518,0.000729930268410427,0.0410162549644522,1.36858361404354,0.0835995250994131,0.206171323097173,0.0059328130593744,0.00135117197615564,0.000328888110296613,0.317193720319769,0.00167762359819494,9.12096695392135e-05,0.187701098631732,0.000389920866450194,0.00868436841860774,0.156679884658201,0.125387735737869,0.00199777775142525,0.00143594083751665,0.000742626994038904,0.419628786832328,0.0023226968515816,0.0150874928891329,0.0202030762014661,0.00233289944309825,0.000370082925034547,0.00149076615937867,0.0166116657912129,5.26444572874904e-05,0.00864578159994535,0.000110169858222449,0.000116134962998152,0,0.000212619335456649,0.000113615707274038,0.00231810489645082,0.00194716845533306,0.0001503328306526,0.441711047914899,0.000258330523561612,0.631403535355125,0.000630330621286845,0.000113324251214039,0.000699908943367731,4.53996761684478e-05,0.00167813940595523,7.96026218840599e-05,3.29509398754567e-05,0,0.00332222107655843,0,0.00162474239972395,0.243864905358083,0.0812071874877839,0.13780894375776,0.000833748783539048,0.000328588558919692,0,0.231914770468378,0.00301578933103387,0,0.0702430707506156,0.000157817089191985
1.38909596707536,0.00114133148888183,0.198324854116464,0.00819080879053382,0.0246724284205611,0.157734052277337,3.01267171225688,2.55292218056845,0.0222474687795153,0.684123124052598,0.0668831563353263,0.116884065072352,0.00284803462651484,0,0.0215417135851189,0.000190353740624088,0.329580622878736,0.06175172417471,0.112421241450266,0.0211334277847522,0.251168415854316,0.000565526635615012,0.338804031005043,0.0171867281949615,0.00107716774072435,0.374597349656164,0.0840034853357933,0.41238004504497,2.81266193574631,2.31478984674042,0.000284560617441257,0.0172764645439366,0.0115311148543991,0.392163141231189,0.016011144828561,0.222542170928919,0.0117093961529226,0.163853192475572,0.0565512012770924,0.0286157038391983,0.0200483289875934,0.00372709605417018,0.0200376414116547,6.64388280221462e-05,0.00774457135067847,0.00213457070108998,0.00706756138180999,0.00189950168368836,0.000295074597640514,0,0.00119194710543461,0.000473843219945425,0.00256490069035745,6.94841314415396e-05,0.00261603186569761,0.0240101305907747,0.0179983709629726,0.0153298399810002,0.0105203061816255,0.000161149017118037,0.00373748355120522,0,0.00480449116138551,0.0015787940489071,0.000643965836710357,0,0,0,0.00107320460486553,0.00239762196779475,0.000722738284337014,0.00142739413765336,0.077095449497692,6.08304940193474e-05,0.00159850644635334,0.0104394772597371,0.107385896040059,0.00220613498140461,0,5.53026177050501e-05,0.000148255787778082,0,0.00766716543396167,0.000931684586666885
0.00155679236781543,0.00399331045256888,0.0200908855115482,0.0508455044712062,0.275481562938115,0.253240929334924,0.129941583655611,0.226526356246086,0.259743477305478,0.141754790174114,0.00435182812288467,0.532017768979579,0.00107083211250427,0.0215417135851189,0,0.00524920125602221,0.00500928979949515,0.00369277973211133,0.00293983022789488,0.0922469566131967,0.13962494536818,0.0030159028010501,0.163487323609175,0.157161046355244,0.00239693333832958,0.0214878476963566,0.037159799561799,0.219285716423967,0.0240376290512188,0.0253233899397699,4.16905025296748e-05,0.005246769434158,0.00728884906627574,0.0332384938102824,0.425976142474762,0.0883908752491901,0.0094755626108134,0.0408053997893501,0.164285269258717,0.918704284849964,0.0118357372891961,0.000972487483546445,0.0116377910484474,0.0137979775089447,0.00609330287020108,0.0617743998624227,0.0412024708789834,0.000831699642885074,0.000424039560721901,6.25906239709378e-05,0.000146021882115179,0.0023304412818731,0.0152586851255295,0.000908508426445534,0.0169873802786825,0.00461240475178136,0.00535470760528796,0.0248023407896255,0.0151654481362089,0.000708104830552215,0.0670733915426635,9.35688973144886e-05,0.00191980617074085,0.00748069609706267,0.00211443244165808,0.000349121398494458,0.00164651665516278,0,0.0107239774383902,0.00285020193562416,0.000649717312876087,0.00830864483746458,0.0243407055910835,0.000223493838277882,0.00692956957339185,0.0194440760863053,0.0242763977689636,0.000801387561864597,0.000566257400662446,0.000396430356638164,0.000272346282972524,0,0.00480481428384051,0.213229087442137
7.56397325330615e-05,0.0326890387723499,0.00185691003729891,0.000148771376146412,0.000103095911955226,7.28340544387043e-05,0.00137644302395285,0.000724899221219092,0.0149493481669817,0.000108102101297641,0.00182410088132827,0.000379957170595419,0.00152203514432859,0.000190353740624088,0.00524920125602221,0,0.00199040510176801,0.000282543687964571,0.000339420304958945,0,0.902201725105068,0.749703626886431,1.42296425988323,0.182376328785335,0.00479918226290095,0.00489641461651328,0.909360637119444,0.124798658447348,0.00067722807899068,0.00046379988973828,0,0.000194028353866011,4.06882855321169e-05,0.00356574754320077,0.0289111999208456,0.202725288400542,0.0624375091343371,0.0181683344392168,0.034716096104312,0.000273932400586451,0.000856769039887448,0.000581929362326574,0.0348696084175224,0.00773721967144178,0.00398500006743056,0.00600217795251666,0.000285342389887524,0.000324063385223364,0,0.00052352230644036,0.00278097628982122,0.00418583821224524,0.000154087480054647,0,7.46348335303843e-05,0.00370379598925645,0.0013531769820489,0.00314354408367658,0.000652196511078888,4.42525175008476e-05,5.8183093668282e-05,0.000128871884192324,0.00201264426356666,0.00199448694100414,0.671395548801977,0.000428992080380991,0,0,0,0.0645412240321003,0.206900531940717,0.333938822755563,0.101321548703535,0.000155379343744779,0.00159696991625318,0.200355293787202,0.0299409423541986,0.00129883320089463,0.00623247850039542,0,0.00033862297540394,0,0.00243143661438683,0.00911715028068584
0.0566542495341552,0.000814772783844018,1.67366614264547,0.000398556203131572,0.000685943269416391,0.0032255898470641,0.0595246699058808,0.0667928082254205,0.000916226357146019,0.00389879414434122,0.062353293754527,0.00100936254202242,0,0.329580622878736,0.00500928979949515,0.00199040510176801,0,0.138015796483936,0.656870572091387,0.000213909786656952,0.512803014100081,0.00020732950188716,1.24539470404662,0.0042077256640766,0.000547930746945835,1.67038485153319,0.398686341669098,0.0619008447908153,0.413983737969092,0.154510876402505,4.7113576042825e-05,0.00209312399233263,0.0486393043008076,0.15523493312161,0.00766202504329509,0.0488093968017118,0.0221525289141501,0.0757578358240539,0.0400119757810464,0.000975842999806124,0.00256111979280236,0.000461564877255249,0.00109025351486014,0.00022429821549156,0.000501987296704522,0.000275999050691131,4.96025556760609e-05,0,0,0,0.00700849126425006,0.0005452456284327,0,0,0,0,0,0.00021814611727621,0,3.44338594541669e-05,3.60961627760142e-05,0.000276249039205065,0,0.000148692764801508,0.000814091145340722,8.67031515549656e-05,0,0.000100572283182323,0,5.76667534510911e-05,0.000952567792741306,0.000271962144901058,0.00122888585167186,0.000283143991211513,0.00908328081321884,0.0463196029186239,0.000416076549478248,0,0,0.000405500890556481,0,0,0.000322081186233926,0.00113181442822702
0.00303992089641711,0.00160188053697752,0.0489536049704698,0.000586463079984063,0.00122485707324473,0.0167997018356999,0.0352174644001511,0.0592388122875264,0.00205882394965043,0.0324404280103613,1.22100813921483,0.0169382630969108,0.00375937422489384,0.06175172417471,0.00369277973211133,0.000282543687964571,0.138015796483936,0,0.203949498309403,0.00336115250576285,0.0227947770572308,0.000406615665491313,0.076134065308273,0.00332153773222099,0.000609522910698444,0.43876553934971,0.0783078200154134,0.0184410272012606,0.0486984186196854,0.00601283645285758,0.000111751383395624,0.0230243741851749,0.00302496478361202,0.440891836590069,0.0119591908106398,0.211116757396683,0.163188095803353,0.372274733491523,0.222435771637108,0.00186642677995864,0.00469814915799344,0.0103796418142678,0.00123956644157884,0.000200416774201563,0.000266848502798393,0.000645116234490758,0,0,0,0,0.00171904005304711,8.7904371853331e-05,0,0,0,2.52415802519947e-05,0,0.00147861747733856,0,0.00074301527837196,0.000245462847222638,0.00133051538718841,0,0.00145048724445883,0.000164782991080183,0,0,7.49782090681613e-05,0,0,0.000203846903449249,0,0.000290849633496997,0.000327560779060841,0.00960843969742461,0.03092944653074,2.87890225728691e-05,0,0,0.0026016557784059,0,0,0.000314354640085011,0.0165020464589126
0.0060264719961365,0.00231382681233642,0.0979609345388128,0.000882169578244328,0.00204401061664177,0.015688254145146,0.0347683640455499,0.0838930690954663,0.00333220020380295,0.0302504308854769,0.158286615830689,0.017995183643931,0.00052281287171489,0.112421241450266,0.00293983022789488,0.000339420304958945,0.656870572091387,0.203949498309403,0,0.0025114963184724,0.0524705870122852,0.000255718166762731,0.151480703177277,0.00246479190597528,0.000408270127399296,0.441327748559187,0.170046004297738,0.0231718052982852,0.100020614760504,0.0142643850397873,0.000243602847091449,0.0268013770522324,0.00830776410691772,0.833228444553298,0.00694162790045434,0.121575482971859,0.0467141703244322,0.201707575218654,0.0878806949173965,0.00216233678768272,0.0029030955408339,0.0012508184957825,0.00119225421227632,0.000773723051285586,0.000961506504135943,0.00118903635831066,0,8.60022213494064e-05,7.68804310593545e-05,0,0.00436613282890593,3.98237258984179e-05,0,0,0,0,0.000130528554810405,0.00156919667846848,2.65049722885162e-05,0.00029737284431042,0.000676883581842307,0.00115401234433664,0,0.000355705691481459,0.000249271437466615,0.000226130678233791,0.00011144308099097,0,3.61159277732998e-05,0,0.000102913811695874,0,0.00100963080416132,0.000850023883290088,0.0164263479096129,0.0621697810768341,0.000251042524690959,0,0,0.00278287408206683,0,0,0.000380371508340338,0.00720864811074225
0,7.52881211689025e-05,0.000997906270877501,3.10829460751903,0.0274210168091662,0.0666020334149229,0.00920338078553532,0.035613655217742,0.115912317388364,1.25383050753151,0.00485236806369417,1.77922270074057,0.000197036368046949,0.0211334277847522,0.0922469566131967,0,0.000213909786656952,0.00336115250576285,0.0025114963184724,0,0.000317815925456506,3.25682537350714e-05,0.00118169086888542,0.0557686639540265,0.00010821352036877,0.0112718907966741,0.00307362025376524,0.585616020537301,0.0182655909086895,0.000458435282950699,0,0.00161728054135048,0.000204115779392618,0.0201055148240016,0.00282659006542959,0.0281377326805887,0.00056854251093044,0.00544989785357958,0.00107911502681075,0.0502704468423142,0.00360405175296901,0.00037222514457759,0.00170011641654394,0,0.00137119034404251,0.000779882806033933,0.0218428952686463,0.000446396245125389,9.67117340193152e-05,0,4.51013721211136e-05,0,0.065878236031908,0.00183698084608224,0.0137776289191775,0.0128662757899841,0.00805471427395039,0.033783985014739,0.0711975950463708,5.73943623061597e-05,0.0991296367379245,5.3322255198896e-05,0.00132331561346777,0.0052845930300879,0,0,0,0,0.0289091308598944,0,0.000308983106427592,5.67022225695848e-05,0.0609707674252971,0,0,0.000161459390188408,0.0555145854241913,0.000481985200799072,0,0,0.000212229766817832,0,0.00276534771106895,0
0.0330440715541701,0.00290665714502924,0.557193920809539,0.000671305906017512,0.00319522447105219,0.00966757987743813,0.386687286813741,0.0790025785377112,0.0180332563162959,0.0127545582570428,0.0111726706409496,0.0116581662832452,0.000300950254587394,0.251168415854316,0.13962494536818,0.902201725105068,0.512803014100081,0.0227947770572308,0.0524705870122852,0.000317815925456506,0,0.13524194576898,4.52771207088012,0.103157398921765,0.000908714080527415,0.366029136860374,0.278475076791818,1.84010219096797,0.306903173189682,1.08130185038406,0.000158899374395684,0.00256894520584403,0.110093529710081,1.34141637912902,0.473113953172542,1.64763852153607,0.139467365106449,1.30069033098207,0.733259567276309,0.0178713978619873,0.0280270285141939,0.00274390914258889,0.0863183010832857,0.00387194983677816,0.00460868555266941,0.00476438221114487,0.00403317994757488,0.0029422999675925,0.000160355163323343,0.00287563077800932,0.00192928314182835,0.00289273889918313,0.000400365494138396,0.00058247715694204,0.00079878923136087,0.00735304493933278,0.00523377560744037,0.00758016068747993,0.000591072137827638,5.4824616849643e-05,0.000195276506788885,0,0.00735434161978579,0.00540895451133268,0.203589721967675,0.00046144891997509,0,0,6.94048594556689e-05,0.13457462784681,0.126629324926509,0.0752369756591324,0.223681352014198,0.000190042149805069,0.00314902306762917,0.0791174738030049,0.14573796844273,0.00522913790292263,0.0291558019479582,0.000137167799321413,0.00111295012862203,0,0.0047712399034938,0.0428529047554577
0,0.364165468742073,0.00239163797312453,9.88713570146948e-05,0.000213742802257335,0.000429052452612036,0.00288985041911087,0.00120167938713995,0.477988868646208,0.000124862934854511,0.0651696623336153,0.000198313384570873,0.0775521237287518,0.000565526635615012,0.0030159028010501,0.749703626886431,0.00020732950188716,0.000406615665491313,0.000255718166762731,3.25682537350714e-05,0.13524194576898,0,0.150655864177439,1.31802846201681,0.15416765153524,0.00611487299497637,0.85006089237241,0.159020314624428,0.000434414116096204,0,0.0080039124651084,0.000177083716680729,0,0.00585304836106149,0.00096777926300073,0.0130135978036619,0.00494905716090006,0.00996311411356632,0.00261223539377824,0.00342049004733507,0.000147043247840464,0.00630017837862976,0.0168515696700895,0.00307612906248779,0.00304176386039262,0.00293199852397356,0.00125672299907488,0.000818397794781703,3.75180913890422e-05,0.000233681617139423,0.0183796512224041,0.00198516119014096,0.000199142005828989,0,0.000187529490630311,0.00183532128639247,0.00286084151402455,0.00475750539964915,0.000628754706631732,0.00100645171848105,0.000426696518181282,0.00138221868007098,0.00111088424022652,0.000323592594721794,0.292725844744367,0.000660807482926994,8.30502531872126e-05,0,0.000213915643682837,0.0216096577254905,0.433860214609314,0.0908254756657713,0.0842158578380366,0.0011410897337292,0.00234652494364844,0.416698717833552,0.0264580859951517,0.000803551777300728,0.00332992865886048,0.000970839596002115,0.000198269008232492,0,0.00234186455794587,0.000728892564146602
0.0524799742298743,0.00406251130461493,4.2261194535876,0.000737457084060454,0.00186063077461968,0.00990739239312006,0.379767141522854,0.0929257735854799,0.00986554723158195,0.0135731881808467,0.0332857635786124,0.0051291798137031,0.000729930268410427,0.338804031005043,0.163487323609175,1.42296425988323,1.24539470404662,0.076134065308273,0.151480703177277,0.00118169086888542,4.52771207088012,0.150655864177439,0,0.112117165498662,0.000655669658406847,1.13800774992349,2.29600022055237,1.25622805969075,0.354322808472664,0.397301690215643,0.000284799678263378,0.00363992782369992,0.0854329568343164,1.24745082855073,0.808781817377912,3.58979273760421,0.876125180906751,2.38230547352052,2.26567227037876,0.014042664911577,0.0283656578248488,0.00648298588618257,0.0769371231726383,0.0101978486518975,0.00783013437396896,0.0187154149215176,0.00378976972662685,0.00204768107622687,0,0.000975701980075556,0.0135555511278361,0.0229877508062565,0.000289870211077875,0.000537604662404859,0.000783606745491332,0.00782577139995539,0.00472507089366386,0.00334855585491546,0.000975076306243425,0.000274416714507217,0.000489754954839283,0.000136609937326437,0.005440991787216,0.0219489154264939,0.925505250478373,0.00198993503599944,0.000277301060643277,0.000138478496209257,0.000134693920757442,0.0906902210062727,0.191972860177894,0.520252856291927,0.154005548338104,0.000547716063282376,0.0126051853032041,0.717782770160046,0.0668895453867218,0.00172329678711892,0.0112241515172183,0.000518865756399515,4.06864219329715e-05,0,0.00403346614562301,0.240698207839741
0.000409269622950483,0.235363179594921,0.0181871053863091,0.127393963632043,0.0183905026520931,0.0143606262963699,0.0406659867992376,0.0282533454956454,2.96630271996254,0.118456720290095,0.0448402964445234,0.045788690941161,0.0410162549644522,0.0171867281949615,0.157161046355244,0.182376328785335,0.0042077256640766,0.00332153773222099,0.00246479190597528,0.0557686639540265,0.103157398921765,1.31802846201681,0.112117165498662,0,0.108261965806862,0.0228288261401581,0.703905158140966,1.57209725536739,0.0351717118480334,0.00101637271425064,0.00531815375143611,0.00152173566197386,0.00353901662677142,0.0419020052463181,0.0230418129645479,0.145623071917782,0.0201627411936911,0.034479714297171,0.0269056142066675,0.111161394652285,0.00679006594235268,0.00370154728079875,0.127943455411967,0.00557303439554322,0.0425805073393674,0.0168676830286623,0.0456764118412122,0.0173821826779338,0.00259261401441566,0.00170263936988541,0.00652192688728578,0.0071325527651943,0.0975699664455013,0.0017377073189488,0.0356796098378417,0.120433190003862,0.153836616171711,0.325575506959435,0.204938063670418,0.00520116784589643,0.0814872882092656,0.000739322519689151,0.0544142467516765,0.0189389019093431,0.187669039320515,0.000385083310644734,0,0.000186618121626014,0.0494239928557426,0.084718242650792,0.195850258231983,0.084721371150602,0.954852303186741,0.000879385390702023,0.0033839627547012,0.133408014697969,0.704950190300952,0.0326667482826922,0.0124688372212782,0.000155633956745482,0.0168204899242655,0.000375627497323727,0.0456669436605937,0.00811742689710825
0,0.222070895541529,0.00128892718047532,0.000432900572850585,0.000397872550659359,0.000253232527310503,0.00153352406789982,0.00104639356353324,0.236216319990346,0.000582375950690037,0.139257030114622,0.000148839118961379,1.36858361404354,0.00107716774072435,0.00239693333832958,0.00479918226290095,0.000547930746945835,0.000609522910698444,0.000408270127399296,0.00010821352036877,0.000908714080527415,0.15416765153524,0.000655669658406847,0.108261965806862,0,0.143805245264505,1.50312917520629,0.0117574821308418,0.000643449402820194,5.84278611465156e-05,0.23087501738929,0.000414977910945541,0,0.016939780091266,0.000335540794414157,0.0072124780978653,0.0187288327392265,0.0160463167570895,0.00290167515535985,0.00319268163931984,0,0.0657433060774445,0.00154986718901967,0.00241282742819343,0.0069058007935724,0.000892458102388244,0.000638506605429662,0.000423117875365192,0.00834730429212236,0,0.0463972065888468,0.000177494793127144,0.000311035920048141,0,0.000185377960486776,0.000725057400359255,0.000766351893000686,0.00162261648913851,0.000303357087953538,0.0698570217726883,0.000260330828550685,0.161483276749665,4.034465855636e-05,0,0.000247261126724988,0,0.0003514805621777,0,3.92982057298809e-05,3.04042971321553e-05,0.00159285165055598,0.000268153167639798,0.00168135181702816,0.23379089497211,0.0369696453248866,0.185862752898948,0.000654088135698751,8.72121852802695e-05,0,0.0499061595380663,0.0006632228035575,0,0.0213167460269343,0.000118256784018803
0.0317027765154408,0.0556091378458151,2.02178361361966,0.00308331283785069,0.00637738538325365,0.0629994297302565,0.236111129484159,0.284554452103108,0.0224006608001806,0.144873580510358,1.17712246513427,0.0677431206589231,0.0835995250994131,0.374597349656164,0.0214878476963566,0.00489641461651328,1.67038485153319,0.43876553934971,0.441327748559187,0.0112718907966741,0.366029136860374,0.00611487299497637,1.13800774992349,0.0228288261401581,0.143805245264505,0,3.15966416520798,0.150984702029721,0.232858481412507,0.0670835012598925,0.181707286617358,0.0576357675434002,0.013788638094153,1.42089030441813,0.147221712550669,2.04753008794425,1.73459068131238,1.4754585114962,1.32043583242242,0.00833995067286906,0.0229697021172267,0.0792965576940255,0.0372209480755614,0.0351325150753427,0.0341219463483543,0.0297815924744302,0.00290319401084907,0.00151873074886135,0.00249441221948599,0.000124602363759715,0.275158661292498,0.00980673028495195,0.000254766345824602,6.3797038189143e-05,0.000900405391362916,0.00402614870139284,0.0016673922047042,0.00902973575685386,0.00076023765838702,0.0966773549634804,0.00157206388738065,0.309894334865733,0.00122239571234803,0.0113982714999184,0.0050557585086067,0.00712440879255745,0.00305860441704468,0.002259710015586,0.00012418155518443,0.00148305437658331,0.00995365519178158,0.00402036697132194,0.00709942465521597,0.198832495388095,0.514696744165449,2.06042194652075,0.00671339190736376,0.00032760894175939,0.000495576532899851,0.323296486926053,0.000373538023059672,0,0.0294543286288332,0.149907153355527
0.00550561883203723,2.79733505625524,0.533996448722262,0.00100659968233701,0.0018240464474707,0.0155001913151189,0.0868966192810191,0.0736684322337913,0.424077652188022,0.0314086523755501,0.122143005630622,0.018359463045138,0.206171323097173,0.0840034853357933,0.037159799561799,0.909360637119444,0.398686341669098,0.0783078200154134,0.170046004297738,0.00307362025376524,0.278475076791818,0.85006089237241,2.29600022055237,0.703905158140966,1.50312917520629,3.15966416520798,0,0.513526577633449,0.0552074229555256,0.0166738919829478,0.164490113121153,0.0145725788059784,0.00395513698808513,0.678421128166036,0.242322808958436,2.71697039608654,1.28849987366293,1.16809300494851,1.15463214551182,0.00809695612820343,0.0153923800807276,0.0198413440099705,0.23274496247681,0.0779309364054292,0.137988833537087,0.116930628561256,0.00450443329716509,0.00300390681335108,0.0014692153312358,0.00113731782138429,2.05630918768013,0.148794661908942,0.000714013201552346,5.82244133096516e-05,0.000975446188767455,0.0231276393185882,0.00877583255570807,0.0224333191525251,0.00133130214895302,0.0893783953048729,0.00216307837688869,0.291783583273635,0.014082744823196,0.0189001933749777,0.709954437573386,0.0488891716093106,0.00671035810846448,0.00963407455379308,0.000381611420506674,0.0377827857733649,0.643612477070808,0.395839361391056,0.212895353246865,0.40737087577794,1.38813657807096,12.1625679745267,0.0631849704154877,0.00194035026586284,0.00462955079571873,0.31741030171138,0.000402972045678034,0.00018146197171427,0.0988345163021535,0.198005744991245
