0,2.78295876085758,767.038333952427,0,7.27371996641159,732.678756281734,10293.9793988764,6776.62027622759,6.3013159930706,46.8597983121872,27.1001501381397,3.89575332403183,12.2890740334988,7377.88393825293,16.3857387602329,134.796583771706,223.569154769182,15.2504767775536,60.5293623209,0,2159.19135719538,24.9194602072239,1882.89093488455,47.3593440949917,1.77137917280197,135.858614087105,964.216704919934,1209.69774699211,11319.877725631,30698.8243623674,2.94860777258873,377.145187333226,22.3004232048988,589.290978610516,13.8154924511909,702.417997211218,54.4172255396843,295.086217224598,138.828071534634,52.0850641429424,67.3443628847599,11.3562223613262,7.06937550008297,0,1.94255347549915,2.89395689964294,0.59060275554657,0.714436054229736,0,0,5.42624591290951,5.45530341565609,0,0,0,0,0,4.23214676976204,0,0.53812763094902,0.783099830150604,0,0,0,10.086599573493,0.758292034268379,0,4.58065858483315,0,15.3084510266781,22.2378090918064,25.7865612506866,16.8944215625525,1.15708509087563,12.1612962335348,113.451494842768,24.1688953638077,0,14.6655197441578,0,0,0,0.611266404390335,1.21345049142838
2.78295876085758,0,131.260346233845,6.22035065293312,3.54395389556885,27.4236324131489,46.361455053091,12.1782322824001,653.560926929116,20.5595684498549,515.427695676684,4.21633650362492,2472.17196539044,2.52720281481743,83.2704261243343,90.5556462407112,194.306361407042,45.8752932846546,190.885349422693,4.01862061023712,112.676421195269,6983.44399914145,73.9838016331196,898.231725215912,10003.867536515,940.246795028448,13302.3802618235,220.492007270455,3.75547417998314,36.5859058499336,212.151591330767,17.0389459431171,2.09378564357758,263.038216799498,47.3201797902584,439.343306332827,98.5952779948711,134.119976311922,59.113253235817,32.3237921893597,16.6016284525394,34.7585648596287,58.3572808504105,17.7298160195351,12.5356989204884,52.0603831708431,0.660974889993668,3.26448476314545,0,0,158.970098137856,29.229873508215,0.349351346492767,1.43879759311676,2.8522509932518,0,0,11.896743029356,0,172.929028332233,0,163.529892683029,0,0,21.4103226363659,13.3806254863739,4.54650491476059,3.48952630162239,2.12240201234818,2.04258948564529,233.1765499264,20.0811013877392,4.75998842716217,44.4501262307167,336.327339962125,1335.37592832744,0,0,0,53.9142511487007,0,0,0,14.3372781276703
767.038333952427,131.260346233845,0,0.479329884052277,2.79021811485291,82.5281732082367,106.534961104393,1341.29002559185,0.834049165248871,26.4787342697382,2088.90016295016,1.21129885315895,4.61605107784271,1219.75349208713,12.7105404287577,14.617657572031,15307.355814904,5105.04865211248,7575.57148359716,0.358780950307846,5711.90232945979,5.6524752676487,39748.2979919314,3.1420841217041,0.395692408084869,40942.3818503618,15136.1374223828,121.929946690798,1920.8688069582,4351.71163466573,0,239.084867909551,55.0406356751919,7164.61612999439,12.4044380187988,673.704738974571,12.6619158387184,5032.8415658623,581.535088315606,33.4547208696604,51.1114000678062,2.90237694978714,76.1751868575811,13.1976223140955,23.1559402942657,67.31950122118,1.47251218557358,1.65687066316605,0.245751857757568,0,117.634719386697,37.9959111511707,0,0.563050776720047,0.429886281490326,0,0,8.6971733123064,0,14.867534071207,0.275474697351456,9.52999064326286,0,0.270940333604813,7.89437630772591,86.369290843606,1.66331440210342,66.7867005616426,0,1.37907126545906,121.521915435791,20.084764778614,3.72435501217842,4.47533492743969,115.748111784458,1473.07690310478,3.08025997877121,0,2.72219051420689,1.68490073084831,0,0,1.61635196208954,18.9794071465731
0,6.22035065293312,0.479329884052277,0,6.31179946660995,398.940492123365,205.499055802822,65.1270460933447,955.483257472515,19453.8558864892,0.639036685228348,4844.64963570237,6.32302686572075,8.64619132876396,143.719189763069,3.28647249937057,0,0,0,44075.1534676552,9.73942476511002,58.7960290163755,13.6811729073524,1907.46892917156,2.03385639190674,2.78048804402351,14.5416729599237,11469.4697204232,16.4844055175781,0.569825530052185,0,11.5134645700455,0,7.49223214387894,0.635431170463562,42.9472422599792,1.6995045542717,3.22179184854031,9.17650580406189,30.4955501258373,9.58977970480919,2.89085245132446,5.51815631985664,0,1.26564925909042,1.43342411518097,11.7049377262592,5.1903086155653,1.87054514884949,0,0.374841779470444,0,463.155048370361,0,75.5445504933596,25.4577001929283,10.8421850800514,80.2020127177238,190.605821967125,0,181.149563521147,3.23675602674484,4.08715564012527,4.46299040317535,0,0,0,0,408.944905012846,2.96721535921097,50.854614675045,4.60369184613228,475.614739209414,0,0,1.26875612139702,279.824515849352,4.42791080474854,1.73766213655472,0,1.83107690513134,1.33898347616196,11.8102814555168,0
7.27371996641159,3.54395389556885,2.79021811485291,6.31179946660995,0,1269.21980568767,129.723902255297,16.1993011683226,69.6100001633167,35.9139445722103,18.5177801549435,14.8765658140182,10.8484932184219,5.71716564893723,1335.3210683465,235.202902913094,2.09025514125824,1.9648123383522,1.18811711668968,2.08376863598824,355.052555799484,53.750971108675,733.487017184496,60.1366191208363,1.55595636367798,32.9431075751781,1081.35268598795,249.818033605814,17.6876202821732,22.764939814806,1.13175636529922,3972.30571973324,3.5651034116745,25.0107828676701,1394.04176965356,641.787538319826,122.218423217535,9.51550808548927,11.0862822532654,16393.507057488,4680.43746814132,2.73065569996834,6.95690692961216,3.04393050074577,1.65271896123886,11.5593736469746,0.908509612083435,0,0,0,9.02532263100147,2.62740671634674,0.959856271743774,0,4.7025805413723,3.16388019919395,0,10.9257172048092,1.40522792935371,0,18.3894557654858,1.63151040673256,0,0,13.290682464838,0.652923241257668,1.03243684768677,13.6818981319666,6.40113830566406,17.9862940609455,29.4674011468887,62.4960579574108,30.6507314145565,3.59175744652748,12.8849219530821,98.6444450765848,44.5721006989479,0,21.5547870695591,0,0,0,1.03197577595711,315.870529025793
732.678756281734,27.4236324131489,82.5281732082367,398.940492123365,1269.21980568767,0,20684.9634536654,8591.59541468322,472.064020246267,20967.8567292988,214.644270971417,3386.94296705723,147.129619657993,2399.29005967081,1969.910026595,385.357300460339,17.4405160397291,13.2995020151138,26.4366302639246,1555.33600641787,464.546096131206,1441.56427890062,654.855296418071,1865.9784502387,48.9247155487537,459.866558939219,1962.38892662525,6862.68726846576,566.065376639366,234.888938456774,12.7675999999046,10367.6076046079,9.14135837554932,1337.47289864719,6741.84623497725,3965.65520274639,1178.85977116227,237.179085806012,1042.35982704163,29488.3021243215,3137.74179039896,523.3924292624,137.224428042769,4.84544116258621,14.3941389471292,13.5352465212345,224.22271065414,79.0338392555714,0.777730077505112,0.481010258197784,23.0392161756754,22.9841024279594,24.7340712845325,2.65094056725502,260.520182698965,231.494390681386,32.5306810587645,376.192988693714,93.7039701044559,9.56994973123074,375.149035692215,9.32430627942085,22.443792372942,106.244693666697,19.1470039337873,1.77865588665009,0.310928791761398,8.27392864227295,166.722913473845,359.284586772323,135.425537407398,521.228234186769,2143.66752313077,24.5173537284136,82.0806602984667,222.849556267262,2757.51791550219,37.4841630160809,451.833401590586,0.718653470277786,11.4172759801149,5.38565471768379,81.2941831797361,164.30679127574
10293.9793988764,46.361455053091,106.534961104393,205.499055802822,129.723902255297,20684.9634536654,0,29392.8898252547,764.350760340691,33629.6048132777,193.997995346785,972.854700684547,320.004877865314,9268.34266287088,434.692987382412,1218.90447407961,13.7371799647808,9.53654006123543,23.3937207311392,225.774881571531,5367.98238116503,763.849459946156,4331.88652211428,5041.44643899798,14.6860873103142,571.651093274355,4648.08996829391,47316.515770793,3840.8440938592,15359.3788883388,8.06459173560143,2949.0698339045,118.846508473158,2493.85322773457,248.97044017911,9818.06746171415,416.901201784611,1475.24047766626,1254.28470827639,2214.45529557765,2630.06384846568,135.089231014252,44.777015209198,1.90884312987328,5.13740310072899,8.05428513884544,78.6093934774399,34.4315670132637,1.16556930541992,1.52792882919312,29.0835914462805,6.97473707795143,31.1656976342201,8.70536535978317,186.901390656829,88.2641861140728,21.1383564472198,320.286635458469,95.1427058577538,4.39237755537033,324.30014705658,7.03430807590485,6.82732132077217,33.1401169598103,35.8095673322678,8.6401751935482,0.411770135164261,3.67261970043182,148.514240473509,142.612222850323,127.752005144954,175.744491010904,1161.35160320997,8.68001046776772,15.5380867272615,195.628138035536,824.103795781732,23.2474585473537,117.182205885649,0,9.40926975011826,6.03915274143219,66.5594781339169,17.6834136247635
6776.62027622759,12.1782322824001,1341.29002559185,65.1270460933447,16.1993011683226,8591.59541468322,29392.8898252547,0,118.715910360217,5490.57657407224,429.109827548265,77.0286866128445,43.1391274631023,44160.6960550547,39.2764997333288,274.196612671018,219.322211354971,37.8190688192844,100.25317209959,92.1985973715782,4005.30528678,383.523778259754,3671.68534380198,355.523367702961,22.4390250146389,1253.6243378818,3915.12157030404,3336.46905323863,7937.79876074195,5742.95958402753,17.7250643670559,2486.99886073172,472.056971251965,1515.62891630828,40.9358189105988,1735.57977548242,235.0493927598,1364.96558836102,1327.2571130842,875.355803236365,830.767123222351,98.5819056034088,47.2554785311222,4.25264675915241,6.25001265108585,7.51294396817684,56.4064786285162,13.3623217791319,0,0,59.6296695768833,8.73806039988995,5.48104891180992,0.276206403970718,39.9036156386137,46.1861180663109,2.31601995229721,113.292059481144,5.90234071016312,5.23561117053032,59.477662563324,6.60764142870903,1.71080079674721,23.7088803946972,12.7494232207537,2.07335348427296,0,15.5302250534296,15.3174933791161,117.513464108109,50.6636707782745,186.003556936979,519.437244802713,37.1735988557339,116.631680607796,405.91693456471,729.931725949049,7.67191958427429,186.239313915372,1.70078206062317,0.789200454950333,1.29964888095856,12.4974144995213,3.43291962146759
6.3013159930706,653.560926929116,0.834049165248871,955.483257472515,69.6100001633167,472.064020246267,764.350760340691,118.715910360217,0,2006.8158685267,12.4487898051739,2849.13663950562,1099.65558227897,14.9353909790516,4891.49040719867,25.9966802597046,1.04247391223907,0.991621673107147,0.348588943481445,613.332462519407,28.5593772530556,12141.3200136721,39.5702287852764,33840.4380024672,827.190899863839,18.9462845921516,228.177888050675,7962.14336758852,30.4583592712879,34.5561800301075,2.74033558368683,68.1244979053736,0,41.7383547127247,88.2968718707561,2624.22440001369,11.1694049239159,21.5485711991787,18.116177380085,920.971984967589,315.703405201435,183.11738075316,590.91520409286,0,17.025177359581,22.5878778994083,89.8737603724003,42.933802485466,181.172328621149,0,11.3394420742989,20.3339400291443,340.119945168495,6.81336355209351,143.62376371026,128.448194235563,27.0123676508665,2681.25139570236,531.243074864149,8.92014864087105,370.946399986744,267.60883590579,10.8396686911583,51.9469940364361,20.1233815103769,5.41658934950829,0,0.538260906934738,1348.61588707566,316.199172109365,2750.59691248834,435.295219883323,3172.01525038481,16.0375071465969,21.8118399083614,107.03313061595,2439.24823869765,27.5937989354134,446.867469757795,0.347456991672516,11.8427433371544,1.95447480678558,59.6311527192593,31.5174531638622
46.8597983121872,20.5595684498549,26.4787342697382,19453.8558864892,35.9139445722103,20967.8567292988,33629.6048132777,5490.57657407224,2006.8158685267,0,66.8230876922607,21477.522957474,61.7539286315441,507.047088056803,413.574552640319,167.35946726799,1.30050548911095,4.10778006911278,5.25272756814957,43468.8491511345,244.967259526253,402.650705650449,639.668823331594,7570.28026136756,24.8709809780121,162.105029806495,1076.83923640847,15929.2142417133,887.697612851858,40.7917579114437,2.94771897792816,887.112115502357,7.09271764755249,252.850825831294,41.0897072553635,2385.65440557897,133.190518319607,352.499492779374,347.754867762327,750.835499107838,301.43921482563,50.4517876058817,64.7501556575298,0.632822275161743,10.9612574875355,10.3607923090458,110.732699453831,66.0030101686716,4.21532225608826,1.34580540657043,11.576467871666,2.20452481508255,439.444070845842,0.705756187438965,543.376819103956,216.948334038258,51.5963886082172,360.04465931654,730.072365880013,2.30961191654205,2510.493357867,12.726462751627,19.0742001533508,54.3211319744587,8.36727499961853,0.669998109340668,0,0.491358205676079,1531.68028649688,79.6838651299477,277.142537772655,58.5558612048626,2674.13999225199,4.25972911715508,2.97821408510208,47.5093683600426,1865.62365299463,45.955113619566,25.6428478062153,0,20.158971041441,9.26738238334656,109.6127243191,6.38301032781601
27.1001501381397,515.427695676684,2088.90016295016,0.639036685228348,18.5177801549435,214.644270971417,193.997995346785,429.109827548265,12.4487898051739,66.8230876922607,0,17.7884968221188,13061.9743718207,158.447781354189,182.517296239734,32.4012153744698,1725.58599852026,2033.26506887376,7863.28561292589,1.05814832448959,214.09908747673,113.714737996459,635.728588446975,18.0415170490742,800.921000108123,31525.2361828536,29152.9895562083,168.360878556967,84.1597170829773,111.387531936169,3060.88988938928,403.500658005476,5.94111712276936,4496.52975250781,878.687448561192,8967.78778730333,16730.5312273502,248.069838255644,5893.17373368144,635.824205100536,159.097373068333,3366.27311915159,37.5669293999672,33.4585647583008,3.29809118807316,26.292613402009,7.71078750491142,0.714723736047745,10.4707154333591,0,131.32611502707,10.191764190793,0,3.6793839931488,0,0,0,6.15518625080585,0,909.114059999585,2.20920234918594,1180.8638599664,0,0.732055425643921,5.11022846400738,11.3729616254568,14.2624620497227,28.1256517767906,0,1.77843722701073,35.2108282595873,21.911253631115,2.16495463252068,344.534772127867,1886.62127199769,2163.93358933926,2.59162503480911,0,3.43630889058113,309.987960010767,0,0,0,70.7623244524002
3.89575332403183,4.21633650362492,1.21129885315895,4844.64963570237,14.8765658140182,3386.94296705723,972.854700684547,77.0286866128445,2849.13663950562,21477.522957474,17.7884968221188,0,78.1249834895134,10.5221823751926,1286.28630943596,30.1400819718838,1.33524692058563,0,0,31690.6846455932,14.8896892368793,403.333126530051,45.6782203912735,1587.1141808033,56.1770185828209,7.48187077045441,162.069308102131,1824.03090073168,8.91011907160282,1.17913338541985,0.790217816829681,15.7734193503857,0,4.42028638720512,31526.065813154,3370.88261981308,140.872662216425,1.46310356259346,2.1097392141819,6334.79162728786,25.5203681886196,11.8426555395126,87.0615201294422,2.64946374297142,8.04788625240326,32.6423186063766,62.7453054487705,20.5397500246763,8.12247145175934,0,1.53915770351887,6.6850410848856,256.265409260988,73.0506942868233,164.993678078055,59.1464992761612,11.663361877203,212.039740622044,180.91241762042,5.64378257095814,1332.86549717188,16.3334868848324,10.3471288383007,30.3412132114172,4.944256067276,2.18615859746933,0,0.287197858095169,777.430573582649,93.3857785761356,404.958184853196,117.153923690319,900.981827974319,0.571604549884796,12.522286772728,35.0358296781778,815.150954335928,16.9221294224262,86.6197763681412,0,7.74149136245251,5.20717483758926,38.3171751946211,830.287140011787
12.2890740334988,2472.17196539044,4.61605107784271,6.32302686572075,10.8484932184219,147.129619657993,320.004877865314,43.1391274631023,1099.65558227897,61.7539286315441,13061.9743718207,78.1249834895134,0,21.8095938265324,101.66580876708,229.23793566227,4.44655460119247,24.3391715288162,17.2496539652348,39.9152465164661,385.984124183655,492.436173021793,695.657143160701,122.737701028585,6212.6326624155,850.666975066066,7973.53571081161,504.360787123442,53.7961681783199,47.5610333383083,2291.10237374902,37.0533073842525,6.62904700636864,435.740841686726,270.530766308308,8907.20316666365,13899.5180957913,372.875903904438,1183.41190847754,272.070018649101,280.420765846968,17369.025983721,112.438474416733,21.0340451598167,3.77781683206558,10.2162759304047,4.09492444992065,0,147.522385805845,0.777589321136475,56.01319219172,6.35763427615166,0,0,1.37036281824112,2.93047958612442,0,52.3126501739025,0,3170.7785038352,0.333914309740067,5335.46371999383,0,1.69653379917145,12.6980477571487,0.736327677965164,40.6149956583977,15.7264242172241,0,37.2887856960297,66.6270974427462,72.3023012280464,98.5125749111176,828.432639747858,2395.14046314359,2182.50112012029,126.859950453043,0,70.0176222324371,935.923950463533,0,0,0,9.45965617895126
7377.88393825293,2.52720281481743,1219.75349208713,8.64619132876396,5.71716564893723,2399.29005967081,9268.34266287088,44160.6960550547,14.9353909790516,507.047088056803,158.447781354189,10.5221823751926,21.8095938265324,0,19.8574947118759,104.753010928631,253.815282940865,20.3123521506786,78.6918897628784,8.64343121647835,3036.9908823669,42.3505352437496,2617.37529778481,54.6390218138695,5.01392579078674,508.615917593241,1662.51619186997,1268.24025264382,31930.0518021584,6926.62840655446,3.66009709239006,1403.42517188191,615.616828680038,1123.34997819364,10.4288227558136,532.826180040836,83.738878428936,1216.86916604638,852.667000472546,222.281432956457,243.503747582436,25.1226872503757,8.52840359508991,0.877654165029526,1.44057522714138,2.95274920761585,4.0050750374794,0.413792759180069,0.326695293188095,0,15.4922526925802,4.65224413573742,0,0.669977068901062,1.71426704525948,8.17551872134209,0,12.5589327514172,0.690661728382111,1.25935339927673,5.56314703822136,1.23416543006897,0,2.15000239014626,8.71632139384747,1.96080052852631,0,5.54790484905243,2.95556551218033,25.1906148642302,26.9068071991205,46.8440500348806,68.7138878852129,3.48442417383194,26.0450927317142,129.403967633843,102.906597524881,1.06881475448608,23.4327953606844,0,1.4117956161499,0,1.63339179754257,0.927773952484131
16.3857387602329,83.2704261243343,12.7105404287577,143.719189763069,1335.3210683465,1969.910026595,434.692987382412,39.2764997333288,4891.49040719867,413.574552640319,182.517296239734,1286.28630943596,101.66580876708,19.8574947118759,0,265.25721424818,4.40803730487823,6.15375900268555,14.6570899188519,213.325223356485,575.440717756748,1299.17555035651,873.224041432142,1949.02906113863,57.6009416878223,216.191593125463,2142.92528617382,1188.21895863116,60.1143613159657,165.357870623469,13.4979266524315,31.1453526616096,15.437832608819,65.1555405706167,3274.22696205974,3876.43328595161,710.597191870213,31.6517559885979,208.89788377285,30891.7961149216,54.3922309577465,98.7633942365646,33.3523440659046,4.2891361862421,3.3754508793354,22.514638453722,13.4256640672684,3.57624500989914,2.42153564095497,0,29.7874832004309,12.0289449840784,51.1028175354004,1.84768515825272,19.260189846158,15.3196400702,1.93180349469185,91.4232249110937,67.2053931355476,4.31434915959835,58.9163774698973,13.4992074370384,0,5.40714871883392,19.9838412106037,3.35324065387249,0,34.0900904983282,201.183810323477,45.5815595686436,291.122917875648,100.131883099675,372.320086911321,14.4750388115644,82.7964744120836,313.348071068525,226.183215230703,4.21330019831657,50.0709048956633,1.82954466342926,0.279360324144363,0,3.16157272458076,215.678911030293
134.796583771706,90.5556462407112,14.617657572031,3.28647249937057,235.202902913094,385.357300460339,1218.90447407961,274.196612671018,25.9966802597046,167.35946726799,32.4012153744698,30.1400819718838,229.23793566227,104.753010928631,265.25721424818,0,3.41099420189857,1.96220207214355,0.532124683260918,1.86256396770477,17178.1598989218,3091.78292188048,27996.9841876775,2357.82153040171,10.218453347683,64.7910151034594,10087.4812465459,3459.91053517163,367.325297385454,656.385780856013,1.41342994570732,235.768918856978,29.708299189806,490.034380465746,787.869307398796,5364.99169462919,123.166466534138,165.969317302108,136.666506767273,1149.89854323864,885.400407508016,21.5933768749237,8.96373009681702,3.98824645578861,3.8051475584507,18.7115115225315,21.9656423032284,0.643678426742554,0.379035532474518,0,41.5511228889227,82.3474524617195,0,5.6725527048111,0.514437064528465,0.716882020235062,0.308517038822174,72.608437538147,0,1.00601935386658,4.99324828386307,14.6838763952255,0,0.763786554336548,1168.99473854899,4.46899631619453,0.418620735406876,0.801737993955612,0,1062.97325882316,2375.15354773402,3139.90908655524,198.175531536341,8.52381527423859,9.80586695671082,805.986754566431,214.020403414965,0,125.843856304884,0.309761047363281,0,0,0.807241052389145,98.1797690689564
223.569154769182,194.306361407042,15307.355814904,0,2.09025514125824,17.4405160397291,13.7371799647808,219.322211354971,1.04247391223907,1.30050548911095,1725.58599852026,1.33524692058563,4.44655460119247,253.815282940865,4.40803730487823,3.41099420189857,0,312.55229818821,3924.05024914443,0,1555.57166592777,4.14928647875786,17571.2645958513,2.25625315308571,3.62551556527615,11064.9558151662,11713.6747282147,42.3983989357948,556.36678430438,2906.39356897771,1.9854778945446,42.5155998170376,7.89965209364891,1129.58526158333,6.57343390583992,114.95814935863,1.86575894057751,195.883564293385,52.2314554452896,10.9714907556772,8.82512921094894,1.88254338502884,81.9878900051117,64.7705135196447,18.9057758748531,77.2282867580652,1.2839320898056,4.01972836256027,1.62221702933311,0,492.580443397164,63.5732349157333,0,1.10233199596405,0,0,0.211275070905685,18.1532213240862,0,21.2610174268484,0,42.0540694892406,0,0.334388613700867,2.93359380960464,165.295692205429,8.07675017416477,835.096637427807,0,0.947014451026917,177.523831024766,10.2219289243221,1.59258934855461,26.4075507670641,788.277520984411,5922.87419354916,1.59235365688801,0,0.404953330755234,4.0592825114727,0,0,2.48205168545246,13.0961024314165
15.2504767775536,45.8752932846546,5105.04865211248,0,1.9648123383522,13.2995020151138,9.53654006123543,37.8190688192844,0.991621673107147,4.10778006911278,2033.26506887376,0,24.3391715288162,20.3123521506786,6.15375900268555,1.96220207214355,312.55229818821,0,15598.2748382241,0,40.0046341121197,0.568894684314728,729.874013543129,1.00262129306793,18.6693413257599,29131.4369862527,4070.73432251811,6.30535492300987,29.8162121474743,78.4215992391109,17.0033241212368,42.7595088481903,0.436310112476349,195.064918488264,21.1088812053204,276.829578727484,9.19651889801025,44.0742050409317,54.984842300415,9.05744212865829,6.93226566910744,0,1.9933902323246,6.81788569688797,0.239979639649391,2.66794049739838,0,0.463447988033295,0.758154362440109,0,153.229075998068,1.36362168192863,0,0,0,0,0,0,0,120.188229680061,0,74.3765393793583,0,0,3.10434556007385,1.20459842681885,3.38442143797874,3.92736732959747,0,0,2.39287024736404,0,0,50.6462818533182,709.96325711906,686.330191910267,0,0,0,57.9653254449368,0,0,0,0
60.5293623209,190.885349422693,7575.57148359716,0,1.18811711668968,26.4366302639246,23.3937207311392,100.25317209959,0.348588943481445,5.25272756814957,7863.28561292589,0,17.2496539652348,78.6918897628784,14.6570899188519,0.532124683260918,3924.05024914443,15598.2748382241,0,1.07806146144867,231.530252352357,18.3749319911003,3024.54475854337,4.62598675489426,47.1440470218658,26757.9976566285,5196.848702088,12.7314823269844,168.018297463655,440.78176638484,8.95769155025482,48.9911765158176,5.04805368185043,570.616855755448,32.0505448579788,428.005334347486,3.65440839529037,97.8865355849266,88.3606467247009,29.8619204461575,6.38344648480415,0,30.2904462516308,41.2525956481695,5.87650117278099,15.7681683897972,1.14885458350182,0.975742042064667,3.49654972553253,0,957.33502098918,18.6027083992958,0,0.436192214488983,0,0,0,1.34689709544182,0,108.460451498628,0,135.35746859014,0,0,6.03244736790657,12.6723438799381,9.32218442857265,138.662452295423,0,0,20.8348886072636,2.28384579718113,0.351619333028793,413.77443946898,2936.59739361703,5159.81033325195,0,0,0,79.0188536942005,0,0,0.854041546583176,3.90925440192223
0,4.01862061023712,0.358780950307846,44075.1534676552,2.08376863598824,1555.33600641787,225.774881571531,92.1985973715782,613.332462519407,43468.8491511345,1.05814832448959,31690.6846455932,39.9152465164661,8.64343121647835,213.325223356485,1.86256396770477,0,0,1.07806146144867,0,1.32698142528534,137.93407946825,6.47636556625366,700.534102767706,29.4134958982468,1.55124536156654,13.6973004639149,7675.11417225003,14.6606540381908,1.26054686307907,0,16.7907304167747,0,3.80564218759537,1.42499935626984,174.096589595079,4.09529912471771,11.3632560670376,10.477913916111,65.4282437562943,11.4032681584358,13.9263107776642,29.2103329598904,0,2.3737325668335,3.46594145894051,39.6944230794907,20.9503260552883,8.08689880371094,0,0,1.52992871403694,1558.23254337907,0,193.948821693659,89.929310888052,17.9207905828953,162.494584619999,493.578210830688,3.26610484719276,550.468232572079,16.5521226525307,7.01243010163307,20.326027482748,0.272411316633224,0.476507812738419,0,0,961.32488116622,28.4213272631168,388.991640865803,18.2434343397617,1225.23542949557,0,1.80453062057495,1.89192774891853,1107.65958806872,26.0446985661983,4.2348592877388,0,4.00467535853386,1.69649922847748,56.7611767947674,4.11348986625671
2159.19135719538,112.676421195269,5711.90232945979,9.73942476511002,355.052555799484,464.546096131206,5367.98238116503,4005.30528678,28.5593772530556,244.967259526253,214.09908747673,14.8896892368793,385.984124183655,3036.9908823669,575.440717756748,17178.1598989218,1555.57166592777,40.0046341121197,231.530252352357,1.32698142528534,0,709.754040107131,49806.8824707717,1243.3583612144,11.603982925415,662.472392439842,5802.54259751737,17364.7304784656,2661.42151972651,38123.8730962425,7.96342355012894,562.81524798274,393.470104128122,15350.9105705619,842.866484880447,8123.77455352247,274.405579954386,5542.12381315231,1234.56042060256,1066.6057485342,2691.14918473363,114.832084566355,20.8195464611053,3.61484733223915,5.04689624905586,36.7179359793663,28.7257727980614,1.98586630821228,0,0,39.7885589301586,106.925279781222,0,13.530884295702,0.289462774991989,1.07706466317177,0.33030578494072,97.5237376242876,0.284346848726273,3.03278474509716,3.26469358801842,8.31641772389412,0,1.15759682655334,759.291842907667,3.70837014913559,0,3.90155598521233,0,1523.61516802013,1397.6087218523,2774.31469963491,380.375636383891,11.1372306346893,16.6131559312344,665.418085306883,345.626191943884,0,223.259539395571,0,0,0,2.62592220306396,120.095505803823
24.9194602072239,6983.44399914145,5.6524752676487,58.7960290163755,53.750971108675,1441.56427890062,763.849459946156,383.523778259754,12141.3200136721,402.650705650449,113.714737996459,403.333126530051,492.436173021793,42.3505352437496,1299.17555035651,3091.78292188048,4.14928647875786,0.568894684314728,18.3749319911003,137.93407946825,709.754040107131,0,1088.38283912838,18825.781094715,1125.65072739124,253.606858506799,10333.9412757009,6367.99462661147,107.983557999134,277.053101241589,49.6019157171249,182.404363885522,0.759279131889343,145.176131799817,131.814120322466,1535.70392279327,66.2763881385326,70.7560256421566,84.2174683958292,512.962587237358,364.468589812517,20.1299071013927,136.468127146363,12.1220116913319,37.5935513675213,86.6080645918846,9.02078032493591,5.54433730244637,0,0,57.3474653065205,127.491803377867,8.38221281766891,2.40901094675064,12.7046806961298,8.54005020856857,3.05154663324356,107.105945035815,19.7938587665558,50.2976711690426,31.1823791265488,29.0821373164654,2.31883081793785,1.60230529308319,749.76757659018,9.71797469258308,1.55639892816544,3.4727423787117,24.5457782447338,1167.72974424064,3271.24223560095,1557.71034300327,312.302586182952,7.36362963914871,83.6323386877775,2799.68282032013,317.529821634293,1.24330186843872,190.923313811421,4.55292198061943,2.88354194164276,0.892006456851959,8.64504966139793,34.0146607160568
1882.89093488455,73.9838016331196,39748.2979919314,13.6811729073524,733.487017184496,654.855296418071,4331.88652211428,3671.68534380198,39.5702287852764,639.668823331594,635.728588446975,45.6782203912735,695.657143160701,2617.37529778481,873.224041432142,27996.9841876775,17571.2645958513,729.874013543129,3024.54475854337,6.47636556625366,49806.8824707717,1088.38283912838,0,1300.89225330949,8.71392831206322,4193.12080107629,28611.3666598201,3288.18086972833,3200.42320433259,13850.0825185478,23.0735262036324,773.804479181767,193.567962616682,34073.2019925267,2887.15977182984,21658.0070486963,471.621256127954,15612.0508251488,2562.37625207007,2317.09030033648,2993.89140473306,167.16750523448,161.68152576685,32.755995169282,48.0437624007463,164.908548116684,86.9543070048094,10.8005616217852,5.30540433526039,0,142.757298603654,417.475365772843,0,27.4694071114063,5.1838310956955,1.79160630702972,0.980063676834106,71.2419921755791,0.649737566709518,18.920056656003,15.5916621387005,43.6428134292364,1.08060976862907,4.55376476049423,1952.91580148041,41.2177019715309,0.777524188160896,37.0931843370199,1.94602745771408,1008.85367104411,3128.52697591484,6309.71390044689,224.813947603106,22.7716663181782,88.7489552646875,6561.37751179934,208.731555894017,1.03139789402485,117.191731765866,3.16832253336906,0.356389611959457,0.364399790763855,17.7007812857628,527.828743577003
47.3593440949917,898.231725215912,3.1420841217041,1907.46892917156,60.1366191208363,1865.9784502387,5041.44643899798,355.523367702961,33840.4380024672,7570.28026136756,18.0415170490742,1587.1141808033,122.737701028585,54.6390218138695,1949.02906113863,2357.82153040171,2.25625315308571,1.00262129306793,4.62598675489426,700.534102767706,1243.3583612144,18825.781094715,1300.89225330949,0,94.1476597189903,61.3873650282621,2652.49921880662,54483.4806520641,164.735816732049,122.287319719791,7.31974458694458,147.435381665826,12.1459903120995,177.424046188593,92.1257617771626,1293.06305168569,35.4604097306728,88.9611401855946,66.2278128117323,488.62051269412,392.04904872179,30.5485062897205,369.080368608236,6.44640332460403,66.3624593317509,38.7584535479546,569.732311174273,259.257644400001,8.02344310283661,1.81708392500877,12.2104845643044,52.4815478622913,687.144815832376,10.8485187292099,1264.29308138788,607.327668726444,145.93155567348,2567.82379512489,908.999927461147,46.6798409223557,2298.48728969693,51.4410630613565,92.4290107488632,328.525485426188,200.293116316199,9.11988535523415,0,2.32841771841049,1728.29338502884,1210.41140599549,1286.32688856125,1099.55861985683,8289.64060738683,1.5007563829422,35.3960148543119,164.952919393778,7204.18385903537,136.06090760231,1266.92872855067,0,65.8663436621428,23.5747658312321,456.020907387137,96.8152438700199
1.77137917280197,10003.867536515,0.395692408084869,2.03385639190674,1.55595636367798,48.9247155487537,14.6860873103142,22.4390250146389,827.190899863839,24.8709809780121,800.921000108123,56.1770185828209,6212.6326624155,5.01392579078674,57.6009416878223,10.218453347683,3.62551556527615,18.6693413257599,47.1440470218658,29.4134958982468,11.603982925415,1125.65072739124,8.71392831206322,94.1476597189903,0,331.079392939806,2581.81590217352,33.955529153347,0.826848983764648,4.63192057609558,532.875499457121,17.7014597654343,0,153.76270788908,9.15150415897369,83.0541515052319,62.0018272101879,5.14571744203568,34.83188778162,17.4706692099571,46.3536607325077,1008.24274384975,164.140412956476,22.203982770443,3.46081507205963,2.35437750816345,0,0,45.475244820118,0,445.926432996988,0.605649769306183,0,0,0,0,0,34.7300539016724,0,968.686721622944,0,1863.23545750976,0,0,0,0,8.38599488139153,1.60102421045303,0,0,50.2497533410788,0.358613461256027,0,1336.58399790525,2509.83862626553,1785.96138828993,0.33122980594635,0,0,462.543063759804,0,0,0,1.34371963143349
135.858614087105,940.246795028448,40942.3818503618,2.78048804402351,32.9431075751781,459.866558939219,571.651093274355,1253.6243378818,18.9462845921516,162.105029806495,31525.2361828536,7.48187077045441,850.666975066066,508.615917593241,216.191593125463,64.7910151034594,11064.9558151662,29131.4369862527,26757.9976566285,1.55124536156654,662.472392439842,253.606858506799,4193.12080107629,61.3873650282621,331.079392939806,0,56385.8239678741,418.859480887651,358.331913903356,756.074700951576,1907.18663391471,973.407280445099,22.4573850780725,16331.280616492,442.907024338841,3980.35154823959,746.863234996796,2262.46170966327,1358.40689495206,372.744804635644,117.147298067808,17.7622765302658,109.701639473438,61.8163145333529,34.7892033159733,104.199379339814,6.02121639251709,3.09482276439667,6.28570830821991,0,607.138330206275,81.9829073250294,0,6.09460064768791,1.00197321176529,0,0,22.6589323580265,0,386.545562848449,0,412.803103938699,0,0,10.5612422078848,155.688010185957,13.2642911225557,229.33879481256,0,0.744870513677597,210.655525878072,17.6156942099333,10.3228850960732,271.270540937781,2221.34784464538,5082.43562990427,0.376157104969025,0,1.6255736798048,228.627962455153,0,0,2.9058510363102,59.660582870245
964.216704919934,13302.3802618235,15136.1374223828,14.5416729599237,1081.35268598795,1962.38892662525,4648.08996829391,3915.12157030404,228.177888050675,1076.83923640847,29152.9895562083,162.069308102131,7973.53571081161,1662.51619186997,2142.92528617382,10087.4812465459,11713.6747282147,4070.73432251811,5196.848702088,13.6973004639149,5802.54259751737,10333.9412757009,28611.3666598201,2652.49921880662,2581.81590217352,56385.8239678741,0,3193.3064481318,1650.70199784636,2190.78383018076,2325.39414694905,2254.15384183824,161.238029524684,35186.2109551132,8041.56359986961,62565.3016341776,3127.59028099477,16238.7474876493,8369.47180084884,5482.05565051734,2151.52693226933,268.215411812067,1335.11353421211,349.267836973071,347.36721599102,1137.51489911973,192.674752518535,51.0867300629616,21.8883728086948,0.270237773656845,3615.11501801014,712.388683885336,0,79.8692864775658,4.66835445165634,3.62078234553337,1.54794579744339,183.841549068689,1.22445771098137,2674.77256137133,35.5584435164928,2409.01096838713,0.381906121969223,14.8346690237522,1668.68432238698,331.781178563833,76.0154517292976,615.355767831206,4.19803029298782,275.821050554514,7133.88145107031,2706.8880431354,137.598092824221,1596.54293933511,14130.2767826468,34129.684733063,68.446240991354,1.09286484122276,62.2781686335802,1332.97640237212,1.41255283355713,0.691893011331558,34.5353453159332,1249.33296407759
1209.69774699211,220.492007270455,121.929946690798,11469.4697204232,249.818033605814,6862.68726846576,47316.515770793,3336.46905323863,7962.14336758852,15929.2142417133,168.360878556967,1824.03090073168,504.360787123442,1268.24025264382,1188.21895863116,3459.91053517163,42.3983989357948,6.30535492300987,12.7314823269844,7675.11417225003,17364.7304784656,6367.99462661147,3288.18086972833,54483.4806520641,33.955529153347,418.859480887651,3193.3064481318,0,3972.15931339562,6853.40641129017,10.7773160636425,1155.8288038075,1198.06116348505,8534.47869609296,460.860384374857,8234.7629057467,363.617748126388,1911.01688960195,1017.18805927038,2408.21267203987,3513.3542150408,103.332241952419,242.96255505085,1.41338559985161,31.0743001997471,31.3361941576004,433.841438680887,196.000130757689,4.36432319879532,2.5648598074913,16.1009701043367,54.0956331193447,876.231004536152,14.43836581707,988.985838636756,408.822039484978,96.5650160461664,1544.65480902791,999.752362400293,24.9599486589432,1779.80692476034,29.7887696027756,46.508925974369,189.060008794069,143.791024670005,7.3208324611187,0,2.72859504818916,2522.34941735864,1061.30599418283,661.051933959126,1195.97182863951,5896.08933335543,4.5773678869009,41.6656381040812,200.489768058062,4644.88539642096,85.6983543038368,1207.23079837859,0,42.0098185241222,11.272971779108,314.863057181239,93.6718398332596
11319.877725631,3.75547417998314,1920.8688069582,16.4844055175781,17.6876202821732,566.065376639366,3840.8440938592,7937.79876074195,30.4583592712879,887.697612851858,84.1597170829773,8.91011907160282,53.7961681783199,31930.0518021584,60.1143613159657,367.325297385454,556.36678430438,29.8162121474743,168.018297463655,14.6606540381908,2661.42151972651,107.983557999134,3200.42320433259,164.735816732049,0.826848983764648,358.331913903356,1650.70199784636,3972.15931339562,0,18264.1285931468,5.36750575900078,5614.55071187019,17143.9280800223,3033.49032826722,31.9071110785007,727.162094980478,50.3093917667866,979.808725059032,372.362882852554,147.119768440723,423.011328876019,20.0480024516582,15.9104206562042,0.677042067050934,3.31859165430069,5.70428241789341,17.069969445467,4.1141776740551,0,0,9.49526622891426,9.35997854173183,1.07071420550346,0,16.349101126194,11.4831064343452,1.3232649564743,32.0085263252258,0.305369347333908,0.949554413557053,12.6803626716137,0.784289717674255,0.812917828559875,6.31414601206779,18.8585629463196,0,0,6.34667190909386,6.62523427605629,98.9816259145737,71.9243829995394,93.584607809782,151.844551593065,3.10843870043755,19.4690029919147,216.205691248178,220.623743027449,0,58.3978312909603,1.31848216056824,0.446957796812057,0,2.97454506158829,3.02349027991295
30698.8243623674,36.5859058499336,4351.71163466573,0.569825530052185,22.764939814806,234.888938456774,15359.3788883388,5742.95958402753,34.5561800301075,40.7917579114437,111.387531936169,1.17913338541985,47.5610333383083,6926.62840655446,165.357870623469,656.385780856013,2906.39356897771,78.4215992391109,440.78176638484,1.26054686307907,38123.8730962425,277.053101241589,13850.0825185478,122.287319719791,4.63192057609558,756.074700951576,2190.78383018076,6853.40641129017,18264.1285931468,0,4.10915787518024,541.159424826503,921.401319265366,11119.1608263403,46.900368899107,1160.59295840561,78.5138432085514,1864.69871744514,474.964382648468,147.701300829649,817.469693884254,24.3792825043201,22.1613843888044,1.74728861451149,2.79182901978493,6.09273537993431,12.6012317985296,3.69161154329777,0,0,11.9327558875084,64.5830096155405,0,0,1.37406140565872,2.48577931523323,2.42578634619713,148.818096578121,0.563519686460495,2.95129358768463,0.663447201251984,2.04048255085945,0,1.26590573787689,585.450861230493,6.74788081645966,0,6.36171862483025,1.39470259845257,2701.60306552052,1327.79251164198,1851.13191130757,794.765370443463,3.50814244151115,12.4849079251289,273.354347616434,925.234753608704,0.577622681856155,617.797134160995,0,0.334010183811188,0,9.64935302734375,6.92955559492111
2.94860777258873,212.151591330767,0,0,1.13175636529922,12.7675999999046,8.06459173560143,17.7250643670559,2.74033558368683,2.94771897792816,3060.88988938928,0.790217816829681,2291.10237374902,3.66009709239006,13.4979266524315,1.41342994570732,1.9854778945446,17.0033241212368,8.95769155025482,0,7.96342355012894,49.6019157171249,23.0735262036324,7.31974458694458,532.875499457121,1907.18663391471,2325.39414694905,10.7773160636425,5.36750575900078,4.10915787518024,0,12.5496931374073,0.85894775390625,233.080430090427,40.2229641079903,303.483586609364,821.440965205431,7.97970604896545,54.6039438843727,21.8150654435158,3.8995915055275,198.304415255785,1.21715587377548,6.74473986029625,0,2.42963314056396,2.64839720726013,0,4.55061423778534,0,9.98935815691948,0,0,0,0,0,0,2.22787389159203,0,673.148153990507,0,756.068259060383,0,0,0.746472179889679,0,11.8893621563911,1.97834834456444,0,0,2.17689889669418,0,0,192.734333217144,699.009675309062,615.426573634148,0,0,0,223.264339417219,0,0,0,1.65222924947739
