0,0,79.8048785030842,0.541460990905762,2.94368734955788,15.8695013821125,5524.4731580317,814.219822436571,2.09670767188072,106.367894113064,16.6878200471401,34.9692540466785,2.05776381492615,13547.334667623,5.2343927025795,0.491128385066986,1183.17764738202,11.4554140865803,81.411550372839,10.2870801687241,473.583172619343,0,1576.15263000131,7.64856761693954,0,61.7924973070621,130.332574665546,86.9591395556927,6520.71594470739,17955.1541278064,1.04997265338898,9.58056142926216,45.3923544287682,194.288129389286,15.0459560751915,191.161081522703,35.1139160394669,133.54368686676,50.7411825358868,18.4879621267319,6.08616042137146,0.626506626605988,2.62194132804871,0,1.69977855682373,2.26640111207962,4.36839693784714,0,0,0,0,2.9751523733139,0,1.18818950653076,0,5.19714921712875,0,1.26861917972565,0,1.66737842559814,0,3.79656398296356,0,0,1.15104579925537,0,0,0,0,2.16262096166611,0,0.652856826782227,3.56312447786331,0,0,4.44046351313591,5.37580335140228,1.08602678775787,0,0,0,0,0,4.81905472278595
0,0,19.1091935038567,0.987102091312408,3.12243968248367,1.23484134674072,0,0.550462484359741,3208.45760008693,0,144.979975640774,2.28098326921463,3310.03364947438,0,31.4925046861172,251.774511903524,20.6152453124523,6.08946204185486,24.6021434664726,0,30.0685091018677,2372.27557420731,43.2529863119125,4708.80781322718,1728.48050883412,260.428781747818,9671.17959663272,70.909206867218,2.55150192975998,0.56864207983017,151.481522589922,0,0,14.0533657371998,2.35298985242844,118.041786253452,127.028108865023,60.8538719117641,36.8587941527367,33.0764947831631,0,787.196922063828,264.547445446253,261.989360839128,98.1211318969727,136.121147811413,1.64926695823669,0,170.167355179787,0.425590395927429,1438.48850145936,75.7346283197403,0,0,0,8.1914302110672,0,73.9540945887566,0,202.222040534019,0,596.425957351923,6.74116653203964,0,68.621003895998,165.294866770506,5.10865104198456,29.5511757731438,0,5.3470045030117,86.3265060186386,84.5130763053894,121.535609543324,363.922022849321,485.565347969532,5613.98769912124,12.0537251830101,3.7820405960083,12.936825722456,158.251313149929,4.2486720085144,0,27.749251127243,14.6757867336273
79.8048785030842,19.1091935038567,0,1.41137790679932,7.05097448825836,21.9513729214668,4129.77634340525,371.459195286036,2.65444612503052,57.2572755217552,112.425858467817,5.79714447259903,75.2522119879723,420.335225135088,39.3075817227364,95.1854691505432,22423.4730642736,115.957574337721,968.755619674921,4.44443905353546,4416.81558731198,46.963733881712,46428.3004495203,153.389635682106,1.31477883458138,13640.6991914809,25847.8618585169,1605.75347349048,137.819353938103,571.364273041487,1.02614602446556,2.22598031163216,13.0985685586929,1545.85703366995,698.536261767149,11138.0552393794,4347.27311998606,4330.63452094793,3599.86868411303,39.2694962918758,30.8860376179218,13.9613332152367,1199.40792259574,149.61278167367,438.497187435627,525.828982055187,7.95262649655342,3.58688414096832,0.931323528289795,3.34533533453941,110.637917935848,1539.27611792088,0,17.0116404891014,1.27309727668762,182.448910027742,13.0030704438686,3.54585626721382,1.73381567001343,12.8338749706745,0.616889715194702,7.62166810035706,85.2459206283092,12.0160436034203,247.621445566416,467.455567777157,5.54659160971642,57.664921104908,0,91.3799605369568,86.6553224623203,1784.21385905147,89.3464357554913,0.920585870742798,357.069556474686,6390.82036775351,151.654837906361,3.70764860510826,124.912288099527,0,0,1.64430499076843,69.9065933227539,379.26603898406
0.541460990905762,0.987102091312408,1.41137790679932,0,43.562845915556,322.644603610039,157.461655974388,344.580772697926,3200.75180864334,6422.9605191946,83.9288344085217,5412.40330412984,42.9620717465878,321.256341338158,617.501480162144,0,10.2892808318138,18.5985159277916,19.9625293016434,31242.4878751934,3.43261587619781,4.85798844695091,10.1266733705997,3598.82418003678,1.46753260493279,13.4660166501999,2.27209675312042,14229.287124157,483.743688642979,23.1138518154621,0,58.8343431949615,1.5746408700943,299.470347136259,27.9854041039944,1245.22902661562,12.2021727263927,178.485493391752,50.4231850504875,750.849789470434,66.0819471180439,22.7202011346817,177.573253601789,0,57.9227737486362,8.99276784062386,456.559374064207,18.4695155024529,0.950711756944656,0,0,0,1500.13815388083,37.0704768300056,110.64703592658,397.872426360846,36.5388942062855,875.758878052235,1368.16819283366,17.2719389200211,1304.51183009148,18.9909730553627,30.505684196949,244.63086271286,0,0,0,0,253.329861372709,2.34394130110741,1.31465512514114,2.40722119808197,2238.32815992832,0,0,0,2189.71871235967,14.0345459878445,0.755435883998871,0,5.69159919023514,0.505925953388214,25.6821139156818,4.9008454978466
2.94368734955788,3.12243968248367,7.05097448825836,43.562845915556,0,2575.24698370695,123.35560131073,74.1251671910286,32.6798132956028,139.946407914162,36.9922224879265,386.756951183081,27.6167944967747,31.3148330450058,3876.81215026975,10.9877171516418,24.9517820775509,6.83303046226501,5.44820117950439,40.464452534914,233.821198761463,3.87166690826416,310.02358648181,73.6753982007504,0,9.37653449177742,34.3987740278244,157.076712608337,37.0088317990303,183.773299396038,0.407105267047882,416.639254748821,1.30511808395386,2278.0535659492,1035.29977178574,461.557728290558,53.8389117121696,51.8856799602509,61.3282611966133,13179.4882795811,2425.18831777573,13.3782887458801,77.0120632052422,13.6301326155663,26.9663648307323,58.6463687121868,167.606665343046,8.5376358628273,0,0.652931213378906,0.412151396274567,1.60908317565918,22.1915826201439,5.83711358904839,16.9697362780571,52.655399531126,6.99055543541908,5.53386837244034,60.8077663779259,13.4187618494034,125.034768223763,34.6210697591305,5.65145418047905,57.6336036920547,9.54796254634857,1.52003967761993,1.40786910057068,1.62994372844696,9.10825306177139,19.707245349884,0,19.2011500597,55.4976000487804,2.51057934761047,7.37737011909485,14.0574493408203,113.34422069788,6.11454224586487,26.1270935535431,0,3.37682640552521,1.24921691417694,6.95594641566277,1072.20688173175
15.8695013821125,1.23484134674072,21.9513729214668,322.644603610039,2575.24698370695,0,2890.53414675593,10743.5750162899,173.538576692343,18210.1799923182,316.904550254345,7149.26808312535,200.988098859787,1076.2585773766,3943.30405178666,2.1356987953186,85.6106782257557,95.7850333452225,67.8773142695427,383.865822970867,29.3142952919006,0,106.962522387505,90.8168708980083,0,81.2719393372536,28.9055191278458,1077.34249839187,954.222626388073,213.024147778749,2.02642494440079,1650.18364658952,6.4866239130497,539.006422489882,8209.74972435832,2718.52945813537,34.081355035305,335.733533024788,123.26816958189,5543.02258378267,488.853317528963,104.436620950699,447.171288400888,1.07159668207169,151.731903731823,65.4444471001625,678.842887043953,42.5037005543709,7.21852472424507,0,1.58335709571838,0,79.1666803359985,41.7134625613689,81.4112072587013,447.765969276428,34.8515824973583,126.807833462954,231.766526252031,96.1691418290138,400.062589645386,173.709963619709,52.9721614122391,208.938820421696,11.3715485930443,0,0,0.534861862659454,41.2475590109825,25.6903089284897,1.88669681549072,9.10393127799034,657.060265153646,0,0,2.07391685247421,911.203053176403,43.3173012137413,24.3491087853909,0,28.8318298757076,0.922211408615112,54.6830307245255,365.996610581875
5524.4731580317,0,4129.77634340525,157.461655974388,123.35560131073,2890.53414675593,0,14416.654529959,307.549506187439,31460.8100121021,647.450145751238,341.101472765207,579.478521198034,26902.1065396369,591.87283629179,37.4458879232407,3454.09032818675,213.46556442976,351.952510982752,163.628563314676,6287.9168151021,11.6928113400936,9118.87237787247,1049.19510015845,1.21256470680237,660.129848092794,1039.77048170567,50819.7808280885,8779.15276432037,14346.269852221,2.60752981901169,389.859100073576,682.174695521593,4280.35948342085,1148.57157212496,18330.5291397274,1274.11204713583,4597.87329000235,2147.72677201033,2748.39426937699,709.164659827948,174.062463104725,1592.64358711243,10.8160519003868,379.910774171352,216.484335482121,1024.77650249004,136.905371427536,16.1835173368454,4.82388108968735,1.99399331212044,119.58947634697,58.3130910992622,61.295645326376,75.6326289176941,1711.22638133168,114.379558265209,403.420884370804,441.267129302025,99.1921959221363,191.897754520178,212.951248407364,132.858398467302,164.763758182526,277.668956816196,13.5868753194809,0,0,32.5703500211239,238.472882300615,63.019837230444,241.712344199419,2693.32668995857,1.00917506217957,2.1415137052536,518.926196187735,3401.8335313201,135.409753441811,170.330240041018,0,14.6060704290867,18.5968854129314,226.463095784187,368.618768811226
814.219822436571,0.550462484359741,371.459195286036,344.580772697926,74.1251671910286,10743.5750162899,14416.654529959,0,98.7013714313507,12009.820230931,183.231291085482,4235.50359728932,167.212742120028,19791.7988434732,323.182663619518,1.34224981069565,2497.75264087319,54.4635542929173,194.076144427061,713.81539145112,971.326384872198,0,4077.22211334109,135.325744241476,0,209.093311727047,289.835390865803,1411.97238752246,1987.25807189941,8167.47357922792,3.55083107948303,2044.06194210052,39.28427323699,651.699146568775,112.142882972956,3034.72552773356,161.053455859423,631.917633682489,258.767653793097,869.068563103676,197.470317423344,68.448676854372,151.084799706936,1.0035984814167,61.8912973105907,33.0313949882984,246.162136673927,16.1681878566742,5.60199975967407,2.03878509998322,0,1.26003450155258,28.1744242310524,9.22036758065224,14.1275323927402,181.993276685476,9.24229434132576,105.557759732008,54.8302763402462,46.3132620155811,101.451925605536,113.15836134553,16.0962904691696,55.2667694687843,10.8705176115036,0,0,0,2.67263305187225,28.1330029070377,0.52823132276535,6.61281335353851,452.962830394506,0.358090341091156,1.22289824485779,11.2203915119171,443.872227698565,6.66842001676559,17.1937143802643,0,0,3.05656945705414,25.7103929817677,16.4656426310539
2.09670767188072,3208.45760008693,2.65444612503052,3200.75180864334,32.6798132956028,173.538576692343,307.549506187439,98.7013714313507,0,2245.70660510659,77.9002422988415,3333.02759054303,1120.67023620009,55.3394867777824,924.068536549807,579.001918911934,12.6167162358761,6.8848931491375,13.1359914541245,612.876670062542,213.338013708591,10819.0461676717,138.269549429417,37587.936342001,672.253611296415,61.4466088116169,5553.41654619575,10099.9554758668,123.213294744492,16.4246119260788,86.465363919735,17.6895324587822,3.55739057064056,109.530276894569,8.13870146870613,444.527009248734,74.4994257688522,68.594067722559,35.6410852968693,402.119795709848,18.985576570034,175.084555953741,784.128211945295,65.6480704545975,201.225493520498,79.7644657790661,424.45593380928,61.7792546153069,35.2294179797173,10.8990027308464,101.321358144283,25.509884506464,522.156392663717,37.8223867416382,86.4904455542564,970.999476671219,108.941455304623,5522.30276173353,1669.38594961166,180.615395873785,606.637057244778,168.216988831758,118.179256469011,157.315723627806,1612.3918761909,4.4181507229805,17.2185330092907,10.40026435256,108.074199557304,424.948040634394,1834.5556833148,286.838810116053,9687.61039245129,65.4759999215603,68.1827686727047,489.42694953084,5438.39867976308,173.984634160995,86.8564235568047,19.7129519879818,41.2309798002243,10.2980704903603,119.489680588245,42.1718951463699
106.367894113064,0,57.2572755217552,6422.9605191946,139.946407914162,18210.1799923182,31460.8100121021,12009.820230931,2245.70660510659,0,935.599732816219,11338.6104797125,416.709788233042,6485.53772807121,794.883768349886,4.05421704053879,203.811871558428,234.541284292936,263.706188052893,7062.15571382642,77.3680742383003,1.27778908610344,272.098727077246,1492.41114318371,4.5462104678154,171.34048256278,52.6686563193798,12047.7051496804,5533.84017620981,463.794413000345,1.03388783335686,623.373591721058,25.3205842673779,2810.49357822537,331.069012582302,8261.59717205167,94.5404469072819,1523.35698905587,413.02093616128,2349.29224306345,575.60695245862,176.430446714163,325.323470264673,4.49470442533493,119.431936562061,43.5883867740631,692.326734274626,15.9799324274063,13.465110450983,0,1.02286112308502,0,1482.81703683734,65.1321427226067,117.999437361956,840.323976695538,52.4045114815235,966.679870247841,1431.1816136539,77.8712487518787,1456.18822017312,106.053722500801,33.4239446520805,291.856833130121,3.63667824864388,0,1.2871373295784,0.581846535205841,227.003411620855,3.16942775249481,3.89908209443092,3.13197305798531,3339.99095463753,1.19440022110939,0.90654718875885,1.70973494648933,3149.78024062514,18.211266875267,4.7040168941021,0,1.43330761790276,1.17665979266167,39.7957333028316,22.5026120245457
16.6878200471401,144.979975640774,112.425858467817,83.9288344085217,36.9922224879265,316.904550254345,647.450145751238,183.231291085482,77.9002422988415,935.599732816219,0,983.514620572329,7273.69457501173,665.596547305584,118.040285557508,12.4411997199059,660.369463831186,9868.85611993074,2302.34572133422,171.060352057219,110.907605618238,109.194456934929,397.568998634815,155.898370891809,318.015733629465,5648.73085901141,757.630837082863,349.714663058519,3903.09733128548,232.202670067549,1011.34912294149,903.713786512613,12.2181867659092,12742.8994424492,104.790028005838,2290.64498996735,3430.73518562317,8417.47113442421,690.7808637321,325.726670742035,42.9694455862045,3704.81602215767,36.5255566835403,1519.26265200973,73.9771666824818,25.5625007748604,50.4934951364994,1.30708515644073,541.340073734522,0,175.05696579814,4.08532112836838,3.10403352975845,0,0,0.540429174900055,0,75.0347979664803,0,1578.00777298212,12.4962223768234,5055.46761795878,0,5.99023875594139,4.28025072813034,0,14.137914031744,1.31886923313141,0,4.16314989328384,120.969243615866,4.83508992195129,85.4398148953915,848.088390052319,695.388593584299,1788.11845082045,13.5332624912262,4.16152739524841,5.5466343164444,1706.59191319346,12.9873185157776,0,40.4867691397667,47.5562485456467
34.9692540466785,2.28098326921463,5.79714447259903,5412.40330412984,386.756951183081,7149.26808312535,341.101472765207,4235.50359728932,3333.02759054303,11338.6104797125,983.514620572329,0,209.669771581888,3353.4910530448,6798.38448166847,0,99.023827880621,290.686037629843,273.321544408798,13236.1505394578,9.52631837129593,7.99071455001831,48.2776716053486,353.04482242465,0.663443624973297,223.755287140608,49.2469979822636,3289.9716232717,2885.77565017343,154.234198749065,2.83467820286751,430.586779415607,1.71300220489502,1195.24938258529,8594.87058833241,2611.9414550364,53.1930337548256,672.807192564011,168.933858335018,3371.32078778744,110.674312233925,155.321727931499,497.787505149841,3.59671854972839,114.988328784704,62.8065892159939,1397.81757450104,58.2033084928989,15.2788056731224,0,0,0,651.851250261068,129.351418793201,331.478344202042,352.332847625017,101.613757520914,326.86519035697,1424.28320980072,99.854555785656,2698.80843946338,163.496874779463,71.2823469638824,650.782968997955,2.66737884283066,0.625202655792236,3.45210778713226,0,220.050092697144,7.98857289552689,3.44264990091324,5.7130021750927,1157.42905509472,3.22458130121231,7.34362381696701,2.2968393266201,1591.83688390255,85.3718284070492,6.99414092302322,0,51.1110854744911,1.0137874186039,50.5533911287785,574.610723525286
2.05776381492615,3310.03364947438,75.2522119879723,42.9620717465878,27.6167944967747,200.988098859787,579.478521198034,167.212742120028,1120.67023620009,416.709788233042,7273.69457501173,209.669771581888,0,139.589235603809,94.0229808688164,112.695921957493,124.335614681244,214.992285817862,101.068023055792,59.5369679629803,259.559290498495,1749.5338742435,212.95265135169,1412.79600575566,7468.50736111403,484.064245074987,4880.83418881893,523.978718340397,467.984892785549,299.986620157957,1978.02450883389,342.427158623934,9.84617692232132,4227.88062307239,527.812891572714,3245.45406097174,2330.09148284793,4886.95583769679,2030.44227775931,937.850761860609,2049.28562566638,8845.26281303167,168.60063841939,3105.31950438023,269.263810276985,137.696791529655,175.376146823168,27.1546425819397,2304.7002273798,0,329.039251148701,3.61992603540421,3.73641142249107,9.58148413896561,13.4566594660282,56.8877524137497,4.27781331539154,120.789985835552,25.6285237371922,2732.88249757886,22.0148362219334,7618.01745194197,12.2898418009281,26.6942078173161,30.069447606802,1.99557721614838,9.0943169593811,2.34677627682686,2.50355234742165,35.1483240425587,221.746339261532,25.9176367521286,219.738542675972,2572.84655028582,662.920175939798,2211.93113565445,127.819251865149,35.6593644022942,17.0425091981888,1797.92421099544,50.9416194558144,0,131.988615810871,277.766203254461
13547.334667623,0,420.335225135088,321.256341338158,31.3148330450058,1076.2585773766,26902.1065396369,19791.7988434732,55.3394867777824,6485.53772807121,665.596547305584,3353.4910530448,139.589235603809,0,198.869014382362,4.34290343523026,4589.3647018671,202.680236160755,474.121691346169,695.727753698826,1659.6453525126,0,6513.1137098074,215.34872585535,0.950875043869019,410.245491474867,435.227005809546,1561.47475513816,15274.2371430099,24630.2895770669,6.36185109615326,363.871879816055,108.70229023695,1261.42589792609,82.1921608746052,2053.09696730971,199.745507419109,810.435462623835,278.263432204723,467.178915828466,78.3371730446815,52.2734780609608,137.905697375536,2.54575020074844,30.138091981411,14.5286162793636,190.785473823547,5.94744431972504,3.18811395764351,0.455603837966919,0,4.79398253560066,16.9774841368198,6.22902482748032,8.88159024715424,152.145680904388,0,77.505106896162,15.5402261018753,35.3153339326382,57.1409962773323,54.4227572977543,6.35201534628868,56.8146664202213,7.21287930011749,0,0,0,1.69364500045776,30.781983435154,7.94902360439301,7.53228387236595,406.275634616613,0,0,21.3870865702629,369.369162261486,7.67115572094917,18.2943955659866,0,0,0,11.4287127256393,13.2652828097343
5.2343927025795,31.4925046861172,39.3075817227364,617.501480162144,3876.81215026975,3943.30405178666,591.87283629179,323.182663619518,924.068536549807,794.883768349886,118.040285557508,6798.38448166847,94.0229808688164,198.869014382362,0,43.1135475039482,71.2987346053123,35.6645930111408,33.6716089248657,325.701871395111,951.632255643606,80.9996791481972,754.645198583603,1337.80940076709,4.19457292556763,55.6345652341843,178.236105024815,1486.86044681072,280.849373340607,876.343363791704,0,371.490369737148,3.4879694879055,158.278614372015,1502.02499866486,680.824896216393,156.141368210316,141.810533076525,155.233976334333,5884.5402995646,178.280670434237,65.8530037403107,344.677673608065,24.3725602030754,72.4534139335155,159.006666511297,758.621938318014,32.040873914957,1.4445059299469,2.89702543616295,2.01648676395416,8.12836509943008,130.310531616211,76.3660737276077,127.588925033808,242.856886535883,44.8703827261925,71.15067923069,428.964023351669,48.2040556073189,709.405707418919,131.559994459152,56.4272307753563,266.416227817535,42.784279435873,4.16216653585434,2.16318428516388,0,50.2247711420059,43.4374156594276,13.079305768013,58.7514244616032,346.941500484943,0,7.47958278656006,32.6481159329414,623.11303922534,65.6570781469345,25.7215131223202,0,38.8946940004826,0.646146357059479,42.3680639564991,964.333012759686
0.491128385066986,251.774511903524,95.1854691505432,0,10.9877171516418,2.1356987953186,37.4458879232407,1.34224981069565,579.001918911934,4.05421704053879,12.4411997199059,0,112.695921957493,4.34290343523026,43.1135475039482,0,234.34593296051,4.35618683695793,32.3760305643082,0,13817.4844087958,6309.58161151409,17149.1732917726,3701.19209966063,31.9985344707966,206.229745060205,16414.5991561711,1902.38679295778,6.88354551792145,40.0047910511494,4.28834497928619,1.24158537387848,23.0125986933708,218.187216371298,241.670009464025,3480.93646225333,1344.41924336553,1020.93507346511,723.635388731956,16.1614425778389,15.6972697973251,56.693834900856,864.255461096764,201.451092511415,322.212840199471,242.32070761919,179.956640452147,9.12593698501587,3.50858783721924,2.15852624177933,149.279184401035,178.545869857073,0,11.5164308547974,1.70416957139969,159.061000645161,1.69852846860886,34.3687034249306,9.8227022588253,13.2007789313793,0,199.978873699903,12.6614324748516,6.05605655908585,13955.9281526804,78.7499528229237,0.573296725749969,9.41705563664436,0,1384.51053225994,4577.64808693528,5194.71635133028,2756.22899460793,9.14989429712296,112.178692579269,5153.3065649569,1602.17900311947,21.8901385366917,108.062940984964,0,4.31142097711563,1.31518191099167,35.7212392389774,145.931849956512
1183.17764738202,20.6152453124523,22423.4730642736,10.2892808318138,24.9517820775509,85.6106782257557,3454.09032818675,2497.75264087319,12.6167162358761,203.811871558428,660.369463831186,99.023827880621,124.335614681244,4589.3647018671,71.2987346053123,234.34593296051,0,800.364308089018,10055.7376758158,25.5366880297661,2704.58003243804,66.0241104066372,26571.8347504437,214.289172738791,2.19969719648361,12095.724319011,15789.6334283054,817.706755280495,3182.24641522765,4851.35156321526,3.12174490094185,32.8021631538868,382.492873102427,14858.0831744969,796.94318690896,9315.47556132078,2865.29031768441,8947.31572920084,5232.09185141325,151.034387856722,66.9491050243378,28.0171862244606,191.71412602067,52.8101186752319,81.2689127027988,122.758683383465,9.37274685502052,1.56802242994308,0,0,50.1057776808739,256.868656158447,0.954303592443466,13.5341662168503,0,6.39833706617355,0,6.07266771793365,0,6.67429628968239,1.00325727462769,5.42537927627563,1.56740200519562,11.6780826449394,76.300027102232,125.32698071003,1.04810690879822,12.4878410696983,0,12.0507254302502,16.700150758028,233.532863199711,20.313313126564,1.07856237888336,226.118576079607,1656.52969378233,7.95266973972321,0,9.61635783314705,0,0,0.858516335487366,12.5920585691929,340.147411137819
11.4554140865803,6.08946204185486,115.957574337721,18.5985159277916,6.83303046226501,95.7850333452225,213.46556442976,54.4635542929173,6.8848931491375,234.541284292936,9868.85611993074,290.686037629843,214.992285817862,202.680236160755,35.6645930111408,4.35618683695793,800.364308089018,0,3628.3259640038,59.8526746332645,106.616733878851,2.54201352596283,306.484004586935,28.9232482612133,4.57783442735672,4161.01219800115,1019.95538887382,81.3331067860126,792.662536561489,96.4581378102303,86.4122301340103,146.554567575455,7.08607944846153,2448.9598287642,242.57841527462,4099.15682581067,1539.81916406751,4950.38880434632,1622.98435255885,94.478201597929,35.7230111956596,207.116702765226,7.4510909318924,9.76331731677055,2.11954098939896,30.3840553760529,1.13172143697739,0,0,0,4.5582622885704,3.39737078547478,0,0,0,0.584067583084106,1.06376659870148,8.22856000065804,0,7.40504914522171,0,17.8494065403938,0,0.871611475944519,0,0,0,0,0,0,0,1.15530949831009,0,5.56232464313507,67.6326068043709,146.510714828968,0,0,0,9.68819910287857,0,0,2.39648675918579,118.375994384289
81.411550372839,24.6021434664726,968.755619674921,19.9625293016434,5.44820117950439,67.8773142695427,351.952510982752,194.076144427061,13.1359914541245,263.706188052893,2302.34572133422,273.321544408798,101.068023055792,474.121691346169,33.6716089248657,32.3760305643082,10055.7376758158,3628.3259640038,0,42.0671569406986,392.641422331333,27.7915252447128,1558.96192139387,63.6788493096828,3.83687162399292,17742.3905353248,3591.55987170339,150.181219309568,699.38040047884,337.38077172637,27.052668005228,53.5426190793514,38.4439518749714,4337.35235765576,322.372073292732,5399.22096475959,1432.54803967476,5138.44375285506,2656.98183521628,64.3210799992085,26.0498135089874,31.1907023787498,20.2827390432358,9.76259636878967,9.09640043973923,26.4213481545448,5.61069881916046,0,1.26077449321747,0,21.7761770784855,25.6587760448456,1.97672322392464,5.66363304853439,0,0,0,9.43067842721939,0,4.2129225730896,0.446061104536057,15.4657255709171,0,1.82497227191925,3.81155821681023,6.88473162055016,0,3.16222727298737,0,2.20491051673889,1.79250136017799,15.6440480351448,4.9443730711937,7.50372606515884,163.018803745508,455.641554683447,0.393798857927322,0,0,8.59575378894806,0,0,3.90339717268944,164.484482675791
10.2870801687241,0,4.44443905353546,31242.4878751934,40.464452534914,383.865822970867,163.628563314676,713.81539145112,612.876670062542,7062.15571382642,171.060352057219,13236.1505394578,59.5369679629803,695.727753698826,325.701871395111,0,25.5366880297661,59.8526746332645,42.0671569406986,0,4.907929033041,0,7.21230426430702,552.626855015755,0,41.4082678258419,4.93169286847115,4489.87886402011,659.458555012941,64.2296747863293,0,82.6729950606823,0.739805281162262,314.180799663067,26.8099676668644,1099.58451652527,17.8032727539539,173.628509610891,58.4919351935387,455.727165788412,63.1836603581905,30.1172441840172,75.2309561669827,1.64252376556396,17.6369758248329,12.9949051141739,185.658074915409,3.95628243684769,4.03872045874596,0,0,0,896.947150319815,21.536807924509,47.3012489676476,100.346519351006,11.7925527989864,136.013816893101,302.010467529297,12.1054182052612,806.561061322689,26.6778954565525,4.2169868350029,83.3671625554562,2.4217121899128,0,0,0,46.4221079349518,0.838627606630325,0,0,666.851820647717,0,0,0,534.208025723696,7.60029175877571,0,0,3.03427657485008,0,9.42827796936035,2.56380251049995
473.583172619343,30.0685091018677,4416.81558731198,3.43261587619781,233.821198761463,29.3142952919006,6287.9168151021,971.326384872198,213.338013708591,77.3680742383003,110.907605618238,9.52631837129593,259.559290498495,1659.6453525126,951.632255643606,13817.4844087958,2704.58003243804,106.616733878851,392.641422331333,4.907929033041,0,599.655215740204,51609.776976496,1084.59152007103,4.39109516143799,631.357162028551,5468.10649520159,20693.197876364,1219.35112349689,46440.138132304,1.20706623792648,13.6349372267723,635.571845680475,10162.6861868799,2618.58061215281,30796.6121256649,4227.11026033759,12229.1880450249,7255.460308671,372.28450024128,81.1506237089634,130.497418135405,713.056949555874,62.389820098877,159.205418407917,272.297155112028,450.574924707413,22.3546685576439,0,5.39147061109543,28.7639865875244,174.494451165199,1.22112894058228,71.1441835165024,8.25158157944679,209.107510298491,16.5164908766747,91.9334472417831,9.59524863958359,40.4882038533688,2.63626086711884,448.02574005723,33.3863034546375,72.8012804389,5478.97713601589,24.6422284543514,0,2.20890444517136,0,3276.25385335088,1070.06783184409,1929.85018220544,2431.68032190204,10.8566344976425,16.9716075956821,1118.03142520785,2112.67329859734,118.465637177229,424.718169748783,0,9.74107336997986,5.40263968706131,29.5115094482899,1533.51074308157
0,2372.27557420731,46.963733881712,4.85798844695091,3.87166690826416,0,11.6928113400936,0,10819.0461676717,1.27778908610344,109.194456934929,7.99071455001831,1749.5338742435,0,80.9996791481972,6309.58161151409,66.0241104066372,2.54201352596283,27.7915252447128,0,599.655215740204,0,674.782342225313,18835.5407559872,698.821387767792,162.542104691267,11474.9419696927,888.417143851519,2.24806773662567,1.23146530985832,139.483215808868,0,0,26.4953711628914,10.283550620079,210.387290298939,167.051966935396,106.672909677029,56.2108356952667,64.2679095864296,0,333.667053759098,337.391489356756,168.007128357887,134.551954239607,118.68649327755,7.33459579944611,4.1024044752121,76.0805870294571,1.38535112142563,920.830386608839,117.83141875267,0,3.03038799762726,0.816923260688782,31.8136664628983,2.22221851348877,294.594093650579,3.42022162675858,86.0791754126549,0,239.644155532122,8.52685695886612,2.35260474681854,2338.66181498766,92.1633168458939,3.51851055026054,19.9346008300781,0,175.709319323301,2627.60246312618,690.58529189229,1150.18656420708,128.024567902088,254.636700689793,4794.71394175291,353.347420930862,5.65743017196655,23.9675016999245,75.0689674317837,0.963727951049805,2.92366713285446,16.9303988814354,17.2685807943344
1576.15263000131,43.2529863119125,46428.3004495203,10.1266733705997,310.02358648181,106.962522387505,9118.87237787247,4077.22211334109,138.269549429417,272.098727077246,397.568998634815,48.2776716053486,212.95265135169,6513.1137098074,754.645198583603,17149.1732917726,26571.8347504437,306.484004586935,1558.96192139387,7.21230426430702,51609.776976496,674.782342225313,0,804.956810891628,5.43301808834076,4202.79937672615,27725.5296339989,5275.03726091981,3216.65992572904,18417.9655594528,2.80037224292755,41.0834391117096,467.793867409229,18913.5979861319,5145.76225951314,53499.5167231858,20242.9859615266,28062.0148081481,17098.6956871152,327.276065766811,93.5778560638428,92.4061843156815,1548.16158896685,239.935881912708,706.373081952333,751.501070916653,185.804770588875,22.3954701423645,3.19125646352768,3.39412513375282,107.398376882076,863.40478298068,2.15395593643188,105.273526936769,2.26984018087387,323.215364575386,7.30476313829422,15.1204206049442,6.38399949669838,32.0998407900333,2.09629154205322,242.077885299921,30.0203894376755,94.0543112754822,10658.9280315042,171.018511921167,1.53297737240791,24.6589456796646,0,954.809314787388,1943.15890911222,7443.35823559761,1973.39739796519,0.73364520072937,105.06935980916,8468.89722687006,1330.03280049562,16.0883108079433,128.458218753338,0.996127188205719,10.4767381548882,3.68461316823959,99.6977707743645,2605.6235011816
7.64856761693954,4708.80781322718,153.389635682106,3598.82418003678,73.6753982007504,90.8168708980083,1049.19510015845,135.325744241476,37587.936342001,1492.41114318371,155.898370891809,353.04482242465,1412.79600575566,215.34872585535,1337.80940076709,3701.19209966063,214.289172738791,28.9232482612133,63.6788493096828,552.626855015755,1084.59152007103,18835.5407559872,804.956810891628,0,747.493726402521,453.59490147233,15032.6205400825,10702.2450992763,466.748548805714,239.926615566015,100.72746488452,33.2888121008873,156.284861445427,573.483517467976,242.598362386227,4584.50211125612,541.47661319375,854.978006660938,524.070904761553,1028.8005746901,99.532139390707,291.246912807226,5222.94769141078,128.282672286034,1439.7276841104,514.471064209938,2153.8897742331,388.0055103302,59.2280569374561,42.9897094070911,223.005394488573,179.782184571028,350.211612910032,97.6016490161419,247.321912050247,5775.37101253867,521.213698267937,7498.06190192699,2572.19105097651,463.897067189217,546.600745439529,515.046577870846,660.146004498005,424.083335280418,4941.50474116206,50.4923344552517,1.54161715507507,3.1065502166748,175.814712673426,3096.55128511786,2842.71854576468,1808.61777684093,24747.7751947045,54.0882737636566,135.516956061125,2452.16398188472,18569.109801054,979.113203138113,772.266889423132,9.50133937597275,112.619346946478,41.4975680708885,815.740911632776,190.315379291773
0,1728.48050883412,1.31477883458138,1.46753260493279,0,0,1.21256470680237,0,672.253611296415,4.5462104678154,318.015733629465,0.663443624973297,7468.50736111403,0.950875043869019,4.19457292556763,31.9985344707966,2.19969719648361,4.57783442735672,3.83687162399292,0,4.39109516143799,698.821387767792,5.43301808834076,747.493726402521,0,159.566450238228,9767.04741042852,14.4037022590637,2.58677607774734,0,399.830118000507,1.83876842260361,0,28.8997198045254,0,34.2649372518063,144.424744963646,70.063295006752,9.18077918887138,5.22537577152252,0,1302.49138903618,18.6300790905952,430.778436779976,44.9013522267342,17.0663316845894,1.4552640914917,0,566.275557845831,0,336.883866846561,0.492061525583267,0,0,0,0,0,54.9665476679802,0,607.212587058544,0,2892.03926748037,1.69750237464905,0,7.00768056511879,5.71488177776337,8.40451550483704,13.9318006038666,0,0.553627669811249,77.4488111138344,4.13799554109573,72.128264695406,2682.58743304014,644.221851676702,4186.5552071631,2.81468850374222,9.71311002969742,0,631.277354091406,4.52394783496857,0,32.3227561712265,3.58774316310883
61.7924973070621,260.428781747818,13640.6991914809,13.4660166501999,9.37653449177742,81.2719393372536,660.129848092794,209.093311727047,61.4466088116169,171.34048256278,5648.73085901141,223.755287140608,484.064245074987,410.245491474867,55.6345652341843,206.229745060205,12095.724319011,4161.01219800115,17742.3905353248,41.4082678258419,631.357162028551,162.542104691267,4202.79937672615,453.59490147233,159.566450238228,0,36640.3857633173,423.526197642088,732.525871038437,296.235679894686,601.730377227068,101.203541904688,27.688274115324,2798.44261232018,1132.76782947779,25549.9176688194,20337.2280783355,9547.59921780229,7354.74524384737,108.054187297821,97.0392588675022,859.297847926617,874.135991632938,1585.60444143414,476.172635316849,536.596129626036,4.63882422447205,2.48182708024979,28.4814174771309,0,663.64665839076,647.112831294537,0,8.56051081418991,1.33954215049744,11.8111252486706,0,45.7345495522022,0,577.270556896925,0.629417657852173,1860.06249797344,1.67430645227432,6.59073606133461,71.6903510987759,835.521154969931,119.328889787197,260.54143717885,0,23.197609692812,150.874464154243,256.610914945602,56.7012676298618,574.962632149458,11048.1859273314,24921.1696905792,10.7245510816574,2.6888867020607,41.3350482285023,2320.72199010849,1.59049034118652,1.19469487667084,159.630952209234,535.099888712168
130.332574665546,9671.17959663272,25847.8618585169,2.27209675312042,34.3987740278244,28.9055191278458,1039.77048170567,289.835390865803,5553.41654619575,52.6686563193798,757.630837082863,49.2469979822636,4880.83418881893,435.227005809546,178.236105024815,16414.5991561711,15789.6334283054,1019.95538887382,3591.55987170339,4.93169286847115,5468.10649520159,11474.9419696927,27725.5296339989,15032.6205400825,9767.04741042852,36640.3857633173,0,5466.47069638968,294.583433836699,491.333517611027,1895.92096099257,17.1114099621773,30.3930116593838,4336.97771701217,2453.45455592871,39937.1790606081,14670.247084111,15449.040255785,11686.5538182557,174.3570510149,95.705134421587,356.269646376371,10318.1536574662,3626.4049358964,3998.66210886836,4440.60110530257,66.9866749942303,15.0356666445732,171.538990050554,26.2920375168324,8820.90587565303,7757.70939660072,0,57.3156052529812,0,979.506448298693,47.5921365320683,150.962571024895,7.67980220913887,1042.38315042853,0,3775.79168206453,310.936620950699,37.6357524394989,5493.65595716238,5534.2695825398,171.708706200123,1005.84870776534,0,669.549211472273,4640.14415484667,11477.656832695,1855.09367668629,2479.82777160406,23317.0672333241,134186.20887512,1335.89461418986,32.685497879982,772.303122669458,3832.08253765106,1.15892970561981,2.56525033712387,911.055112719536,1274.87898674607
86.9591395556927,70.909206867218,1605.75347349048,14229.287124157,157.076712608337,1077.34249839187,50819.7808280885,1411.97238752246,10099.9554758668,12047.7051496804,349.714663058519,3289.9716232717,523.978718340397,1561.47475513816,1486.86044681072,1902.38679295778,817.706755280495,81.3331067860126,150.181219309568,4489.87886402011,20693.197876364,888.417143851519,5275.03726091981,10702.2450992763,14.4037022590637,423.526197642088,5466.47069638968,0,2829.36031675339,15010.7881467342,1.62568384408951,243.542154043913,479.745765894651,3085.26945738494,1155.8647172153,18264.3810200095,1253.10719770193,3910.6849463284,2182.3250105083,2311.93969875574,441.108037173748,227.005194365978,4988.16226053238,60.6135609447956,1446.5132817924,467.717761695385,3391.87289446592,425.397994756699,9.9640841782093,61.096987336874,32.29455691576,137.389261335135,1104.2927737236,177.988212972879,353.436489224434,6444.41532376409,462.754917562008,5746.30239102244,4400.14505907893,232.992131054401,1849.85717955232,690.308712899685,465.902272194624,868.385237663984,3118.96372267604,27.6778392791748,1.19879350066185,0,470.302805006504,2587.11033293605,1093.29381999373,1428.2276558876,19797.1502310038,8.42714154720306,11.2775069773197,1306.10946670175,18679.0159169137,668.227324932814,803.99417206645,0,68.9330328702927,41.5446429550648,773.429806470871,498.037115097046
6520.71594470739,2.55150192975998,137.819353938103,483.743688642979,37.0088317990303,954.222626388073,8779.15276432037,1987.25807189941,123.213294744492,5533.84017620981,3903.09733128548,2885.77565017343,467.984892785549,15274.2371430099,280.849373340607,6.88354551792145,3182.24641522765,792.662536561489,699.38040047884,659.458555012941,1219.35112349689,2.24806773662567,3216.65992572904,466.748548805714,2.58677607774734,732.525871038437,294.583433836699,2829.36031675339,0,15249.1255794764,19.5517870485783,854.084454670548,3162.75493934751,6414.11886760592,143.067477613688,4041.41143986583,142.972581267357,1473.50012803078,320.372785031796,925.370650172234,237.679696828127,166.439754188061,361.316884368658,9.39952206611633,99.8980928361416,44.2440421879292,405.145085334778,18.4904482066631,23.5999400913715,0,0,2.80102998018265,14.6836792379618,7.49650898575783,8.43525788187981,284.667825341225,8.50594264268875,143.70413723588,9.13517966866493,79.565487742424,73.466508358717,230.569780528545,11.5494220256805,116.497902274132,40.6496169567108,0,0,0,8.66890460252762,121.924462527037,5.76367154717445,30.1618858575821,873.7733091712,0.832500696182251,0,9.43618622422218,768.521296948195,26.7057402133942,55.6963781118393,1.75557065010071,5.0200197994709,0.953322470188141,27.1895903646946,55.5818014740944
17955.1541278064,0.56864207983017,571.364273041487,23.1138518154621,183.773299396038,213.024147778749,14346.269852221,8167.47357922792,16.4246119260788,463.794413000345,232.202670067549,154.234198749065,299.986620157957,24630.2895770669,876.343363791704,40.0047910511494,4851.35156321526,96.4581378102303,337.38077172637,64.2296747863293,46440.138132304,1.23146530985832,18417.9655594528,239.926615566015,0,296.235679894686,491.333517611027,15010.7881467342,15249.1255794764,0,1.14549100399017,113.537708342075,4812.85150116682,14469.2367005944,1704.19038045406,16830.6336916685,506.946458041668,7290.57579141855,2820.36224466562,1397.43676415086,316.738727718592,70.0155314207077,304.925749540329,6.41576361656189,64.4098829627037,200.593537271023,204.444409519434,18.0977745354176,5.06888461112976,1.17767465114594,0,27.4521773457527,0.841283082962036,61.2213411927223,7.55012375116348,142.498044252396,4.02459472417831,60.5022805035114,10.2054821848869,41.9884504675865,4.06543833017349,163.523418188095,12.6429969668388,42.1674548685551,181.835269808769,0.582846283912659,0,0,0,387.396385937929,25.2863215208054,120.952897518873,423.595704525709,4.42906534671783,4.05909475684166,60.4055959880352,571.053962498903,25.6078510284424,100.871755450964,0,2.43376207351685,2.06416207551956,22.9707917273045,1044.36627671123
1.04997265338898,151.481522589922,1.02614602446556,0,0.407105267047882,2.02642494440079,2.60752981901169,3.55083107948303,86.465363919735,1.03388783335686,1011.34912294149,2.83467820286751,1978.02450883389,6.36185109615326,0,4.28834497928619,3.12174490094185,86.4122301340103,27.052668005228,0,1.20706623792648,139.483215808868,2.80037224292755,100.72746488452,399.830118000507,601.730377227068,1895.92096099257,1.62568384408951,19.5517870485783,1.14549100399017,0,3.18426072597504,0.536854267120361,65.1758696138859,12.0277082920074,217.363640487194,801.819455564022,270.815739452839,66.8436022400856,4.20460519194603,4.10684156417847,275.040877431631,13.635666847229,610.481774151325,60.2183140218258,29.2382768392563,1.71339640021324,0,98.3070268034935,0,90.1735506355762,0,0,0,0,0.347503244876862,0,21.1611105203629,0,665.294493854046,0,2586.87871643901,0,0,4.13898196816444,2.84664565324783,25.9950793981552,6.36814406514168,0,1.22137504816055,53.2713115513325,0,27.8872569799423,450.384228855371,1115.4187887907,2759.93384927511,0.599096119403839,1.22515094280243,0,1753.97368699312,1.18887054920197,0,12.1338310837746,6.23506581783295
