0,8.68807537520287e-05,0.00668301409782779,0.000223249269972527,0.000187815396989736,0.00607942985440224,0.307934112503505,0.147758353197936,2.33589805097252e-05,0.00871998822780568,0.00272073646364753,0.00101707453505271,0.000350309270982879,0.717554133632602,0.000708305549091163,6.91921952915427e-05,0.0120006731170869,0.00347463549904655,0.0117636771666728,0.00114780431180715,0.00453064471377547,0.000119992991340572,0.020744863586172,0.000318106142397037,0,0.0109757066501317,0.0144309917155199,0.00131173386798448,0.656707456469402,0.376784800630154,0.000112920366856319,0.00325383380078681,0.00135243017088839,0.0187335778775409,0.000844211454579506,0.00552467291494173,0.000139092853268999,0.00597135351630946,0.00156765592415074,0.00103096873907302,0.00115842372668478,0.00106075321720319,7.96724308286192e-05,0,0.000127428859583056,0.000108037963104486,3.86913639596641e-05,3.16919624694466e-05,0,0,0,0.000180430242857513,0,0,0,7.2617464297834e-05,0,0,0,0,0,0,0,0,0,0.000144353292837644,0,0.000159854250103521,0,0,8.5444722414291e-05,0,0.000335315151747242,0,0.000669368423567744,0.00230449075321634,0.000105058928288138,0,0,0,0,0,0.000103960427410537,0.000173113955275521
8.68807537520287e-05,0,0.00566617775993597,0,0.000245362968641853,0.000246620965343055,0.000496375075145131,0.000830295753689023,0.135652653480281,0.00054910943039155,0.00667551211727167,0.00144602036208174,0.124457148507034,0.00113437842549583,0.00212428858029441,0.0174186000770804,0.0231666795530111,0.00211015121120758,0.0159699564197977,0.000244530239193976,0.00670433041840319,0.219748638057937,0.0078182464979675,0.0917644176167517,0.280999506316585,0.114750815753163,1.45911144293283,0.0036175333692317,0.00134878795168958,0.00140513141149037,0.012890408564011,0.0001790674575544,0.000104859963934398,0.0195837598454439,0.00361769893713686,0.0734107081708529,0.017928011702197,0.0215077164393093,0.0329412842291183,0.00107499441427658,0.000215501020959729,0.0126559567484211,0.0139150558603113,0.00174903148518383,0.00613592121352059,0.0048973988671303,0.000478943857030896,0,0.000399659413781482,8.65606951482889e-05,0.13521280732396,0.00843249128726796,0.000129355315189409,0,0,0.000727706239592704,0.000210895907160112,0.00118317138834807,0.000395196765264979,0.00420728020900756,0,0.00658547217433254,0.000370742998729652,0.000181519869563377,0.000960363317310466,0.00789681023511614,0.000660350443104175,0.00542974368443147,0,0.000474124352316564,0.0105423960084747,0.00353168831125448,0.00477784969249011,0.00448749422119246,0.0574109237563404,0.390117468813265,0.00114599055126968,9.4567814048022e-05,0.000345993660420367,0.00137634612929623,0,3.15165597771942e-05,0.00307264135218176,0.00427797212691616
0.00668301409782779,0.00566617775993597,0,4.72098350728631e-05,7.38037320986242e-05,0.00504008689957573,0.201929756075919,0.0642696533135639,0.000579697183234212,0.00151089778690612,0.00215824447565975,0.000207004865543822,0,0.0466046944659617,0.00148040260760813,0.00336753749983906,1.0034528873451,0.00894790650313305,0.078633544187354,0.000376758848844233,0.45336438367249,0.00690296039824407,2.43268518190411,0.0104720401428838,0,1.554986498828,1.40456987503285,0.0676731345462777,0.0126699284237657,0.214491163182228,0.000108239523955449,0.000800346246449016,0.000979771740588379,0.143796742489576,0.026347259083048,0.357592201253392,0.0300157540078401,0.179660019585587,0.19311094108563,0.00244522879675158,0.00157845059107061,0.00104686192515895,0.0859887167079343,0.0026111906534596,0.0436639304855915,0.0297853057428383,0.00116422518588465,0.000441603297267705,0.0002319176715199,0.000276540385117632,0.00457740627822473,0.206952701742698,0,0,4.25127538733214e-05,0.00183809477474544,0.000878145261108748,0.000375295505545947,0.000117669493203265,0.000302412753670773,3.20522215851366e-05,2.63533674482196e-05,0.000976522023151997,0.000310287389179787,0.00966433021258744,0.0261440227948416,0.000858324879176593,0.00697321349394318,0,0.0032670488267107,0.00837446200069015,0.069453667210759,0.00409173216569355,0.000169470573413104,0.0534469105791077,0.463387998422815,0.00248229236254552,0.0001220530079283,0.00399914811451551,3.02065498309434e-05,3.77111605589449e-05,0,0.0236738761940783,0.0221770591265384
0.000223249269972527,0,4.72098350728631e-05,0,0.00339236591876922,0.00348770185290693,0.0144769830135599,0.0058313812179108,0.126170331066052,0.630605081458112,0.000814314639395767,0.0158548501780187,0.00011176942382423,0.00755932746368261,0.0249360852184238,0,0,0.000314352736401791,0.000132132650911257,1.52598495684286,7.36697156225143e-05,3.11120414610625e-05,6.678965729748e-05,0.244777643681156,0,0.00138480901764533,0.00049235689555493,0.614797575167092,0.0052745439719648,0.000160335261405072,2.41298353401661e-05,0.00151681251896197,2.45494718278408e-05,0.00924443409645868,0.00422729537608496,0.0370277294443863,0.000305438245405349,0.00889126069408025,0.00315572660123647,0.0241400892444459,0.00703349817244755,0.004887794432765,0.00794287127524883,5.26966927440405e-05,0.00329632219543977,0.000259467051165995,0.0200108622285665,0.00263964396860983,0.000909208518552027,2.80721812602848e-05,7.9204118436694e-05,0,0.0981415283523352,0.00033471982544612,0.00560967336870561,0.0312216412163603,0.00273837549370195,0.0553289845313743,0.0670255408854435,0,0.0201019766428206,2.83789844355404e-05,0.00107225575661541,0.00276920943701781,0,0,0,3.60669911680639e-05,0.0499755625787475,0,0,0,0.105900612890108,0,0,8.99712943883599e-05,0.117386217114433,0.000726717585612627,3.63193139828205e-05,0,8.15536524403513e-05,5.42111152573168e-05,0.00164975234376242,0.000966021756480715
0.000187815396989736,0.000245362968641853,7.38037320986242e-05,0.00339236591876922,0,0.175824280005077,0.014884057422582,0.0365779923492844,0.0114829893938827,0.0396641937566759,0.0020837700337676,0.0689312958193225,0.000244224710340565,0.0016873582194606,0.18628681563886,0,0.000193917241674453,0.000478350774528739,0.000370386619294795,0.0128177338580266,0.000822051190878415,0.000315843203791201,0.00102006010099006,0.0162444526243022,8.92361400654676e-05,0.00219603770679918,0.00150575065032345,0.00684411870933552,0.00195999047570616,0.00239528228373591,0.000106285775884431,0.0128664202368833,7.18843534980117e-05,0.21464538152863,0.0925806750315809,0.114677982912523,0.00154556550356641,0.0139522690321989,0.00691504438643302,0.297463847891503,0.437262696684884,0.0123145336107858,0.00171277893574052,0.000345434881811553,0.000201984886430949,0.00270212350786691,0.00161280445236286,7.31312783096912e-05,6.93225624927161e-05,0,0,0.00039147754441542,0.00357994247700623,5.7892062142694e-05,0.000606562069497085,0.000507815330526358,3.81940948635578e-05,0.00306762858477346,0.002037833120381,3.68214251474678e-05,0.00309605864310693,4.17088304796159e-05,0,0.000208104934953874,0.000285157739352369,0,0,0.000152453570158553,0.00166746478290795,0.000346762172200072,9.20480880700885e-05,0.000244066882301188,0.00359229525671449,0,0.000299809803310525,0.00105666414880792,0.00352340876751167,0,0,0,0,0,6.70333203952193e-05,0.150514569247097
0.00607942985440224,0.000246620965343055,0.00504008689957573,0.00348770185290693,0.175824280005077,0,0.309946632631225,1.24019006760789,0.012737663149337,1.296813178479,0.013680182722726,0.632379077556921,0.00149692869387992,0.0520044805913532,0.214185574963852,0,0.00451200381330425,0.00724214320186438,0.00713443960025278,0.050493307237222,0.0025470095400686,0.000161851365881395,0.0096713104478517,0.0111240754817535,5.31590145826459e-05,0.0187706525657364,0.0100429552109531,0.0204056444758994,0.0277466661078835,0.0303139159322248,0.00092770266819044,0.0472863859326981,0.000721150633534624,0.0350493497441148,0.292074303948049,0.213907119517586,0.00356904772885416,0.0289481428955868,0.00952538273834997,0.299922263734041,0.08682138213133,0.0289567038694986,0.00554504437815339,4.97283983871937e-05,0.00087618759436513,0.00104069647426787,0.0102126856839902,0.000494107765916666,0.00150900296957412,3.12529258052528e-05,8.12322362141728e-05,5.73760787707001e-05,0.0113270587009845,0.000205365756220907,0.000884560824690335,0.00516150704276525,0.00038298802823405,0.00854886569551006,0.00774927285862038,0.000235125066937727,0.00836159910941555,3.27077937112391e-05,0.000289763808450282,0.00109982683695228,0,0,3.11277019726395e-05,0,0.00742919841890612,7.74152116060856e-05,0,0.000360133328249109,0.014432417809274,0,0.000180907766168254,0.000786179537829744,0.0140378424026318,0.000339708327568769,5.45999836959898e-05,0,0,0,0.00043046283540541,0.0406866332948103
0.307934112503505,0.000496375075145131,0.201929756075919,0.0144769830135599,0.014884057422582,0.309946632631225,0,1.59729163661767,0.0692712350224616,1.96381033682884,0.0192633556062735,0.0134319349517349,0.00225197522508433,1.85519924507294,0.055697324520664,0.000715519837754945,0.0463483743552509,0.014983803655244,0.0251954106461743,0.0163503435722108,0.545256866916285,0.00131320221640779,0.46488452125848,0.319164219166171,9.46949821519345e-05,0.0984511384686979,0.105510432734713,2.97930384409773,0.311543384685254,0.991742895665172,0.00163256040039977,0.0295672432747098,0.03321364015071,0.274391356044842,0.143301852054323,0.543574652263888,0.00963853450716558,0.268908201919825,0.131158689885096,0.131313073561908,0.0772628113075422,0.0652292829068405,0.106788936672004,0.000414618996945527,0.0284079612169372,0.00625099056731557,0.0492398767555321,0.0218309565479335,0.00838475101173928,0.000251290821427348,0.000406818405030012,0.005224707217229,0.0258134531148493,0.00030789216923148,0.00860604105706985,0.120917176249512,0.0124400389568686,0.0271884949978914,0.0353393897020081,0.00021770270704405,0.00443647296391951,0.000293819157828713,0.00808951042498962,0.00383112836627107,0.00184637047602684,0.000640581244955838,0,0.000132425845959771,0.0137993494040814,0.00158586025330085,0.0007119121971642,0.00528686192316322,0.330619714040052,0.000296294872735631,0.00199703952238389,0.0154372530466121,0.31895660630023,0.00931379576592154,0.000556890997869393,0,0.000755687892603737,0.000715105160311116,0.0175931142550726,0.0301047262268124
0.147758353197936,0.000830295753689023,0.0642696533135639,0.0058313812179108,0.0365779923492844,1.24019006760789,1.59729163661767,0,0.00444923684091844,1.28807495721701,0.0341664641298067,0.200448137300914,0.00251610448108649,1.56926592715806,0.136966053216575,0.00021099909178251,0.0642348703071095,0.0247661787790861,0.0540391903542088,0.083557454464427,0.0323871882320136,0.000116848844113797,0.127020953160616,0.0153419116748952,8.85103863031687e-05,0.0928702918676543,0.103743376410117,0.0400381778503443,0.221979842379285,0.541311269837807,0.00172717672906791,0.0883196012258419,0.00798756101923899,0.109904563388407,0.0435199232978581,0.151014019742934,0.00456123181793691,0.0727769422986527,0.0278842705904567,0.120419025567273,0.0324761253902979,0.0265066487427011,0.00537978664009396,0.000111460720686502,0.00092320246705745,0.0007344478541037,0.00222724183795253,0.000634001591611538,0.00139344969072919,0,0.000485911092085552,0.00129023448283453,0.00396108996799288,0.000111131063018626,0.00066923534112169,0.00830668678394101,0.000275949473747966,0.0022179264247443,0.00301903317548192,0.000161045822556999,0.00166985212651929,0.00010773211168282,0.000360752739055869,0.000418053297862977,3.26292784709871e-05,0.000250820610845304,3.05009766648293e-05,0.000175042720257902,0.00159839227461808,0,2.5642707044521e-05,0.000322745177261737,0.0261275910385164,0.00018226598411755,0.00183499891173289,0.00665843729986054,0.0207603040211258,0.000263609183811671,7.0302748169905e-05,3.25830980398357e-05,0,2.70227940581381e-05,0.000372610644116997,0.0115182383182796
2.33589805097252e-05,0.135652653480281,0.000579697183234212,0.126170331066052,0.0114829893938827,0.012737663149337,0.0692712350224616,0.00444923684091844,0,0.0933805327395449,0.00194255727610121,0.214142146950911,0.0424268670498445,0.00161705914715093,0.0568810296921258,0.0334349086477721,0.00441435400667868,0.000336961419604138,0.000695525162623544,0.0821492969958214,0.0253369859741048,0.600072432675852,0.0102391155763262,2.26752405150771,0.146707240494889,0.0140128382194494,0.412534783073791,0.308543481037346,0.00293507504432092,0.000651806455424073,0.00718853206533496,0.00081918959572007,0.000426034570538136,0.00757767693436893,0.00834211837413308,0.0413161614690882,0.00507818881258464,0.00766113194057934,0.00753042994545905,0.0664075963357298,0.00392217708825923,0.00224337590631426,0.0598191655104132,0.00182531426244076,0.00693740964048825,0.00494318430459087,0.00920958810412181,0.00307094213173269,0.000793154569465483,0.000170739113842618,0.00184635811386429,0.00265627988760032,0.0334188620202206,0.000221865519505149,0.00247254280436752,0.0325290893397035,0.00308169324307629,0.171186483127212,0.0212540416027497,0.00134484892361438,0.00221576105949109,0.00209259317768769,0.00156737991206508,0.00170398948956903,0.0300420105091046,0.000749365813556291,0.000285613076347592,0.00085676024235661,0.00724978033497486,0.0239569556899642,0.0398560156676281,0.0279853274693397,0.331195128037923,0.00203775960849342,0.0102749342342462,0.0206203154206238,0.142706930668525,0.00266103801927312,0.0073726072479532,0.000207396100073821,0.000187110792716419,0.000188622918260139,0.00480382776063463,0.0173548006275129
0.00871998822780568,0.00054910943039155,0.00151089778690612,0.630605081458112,0.0396641937566759,1.296813178479,1.96381033682884,1.28807495721701,0.0933805327395449,0,0.0549595878563326,0.704130619268465,0.00561323783832069,0.423083380122892,0.092881588922226,0.00035070007128638,0.00266380424234133,0.0315021057843239,0.023069492002647,1.50243368238608,0.00317126801246078,0.000292362343879074,0.00528857984193699,0.104232277835769,7.25709453472494e-05,0.0717295747087614,0.0258662499083215,0.235501737904445,0.200214198079957,0.0138646352091793,0.00444120611782075,0.0853331093226403,0.00165381863033155,0.228494294711403,0.383261778666064,0.498040408336746,0.0116687770169314,0.180450732643014,0.0472375535917058,0.219267765396932,0.127799876162203,0.0668756073921884,0.0199738374524915,8.00371651357678e-05,0.00627146809965425,0.00208812369852252,0.0337530124630696,0.00649875711255039,0.00340043687250887,0,4.28905185201168e-05,7.1764356334552e-05,0.137495932144894,0.000899121153426817,0.0107417414695196,0.0713735927417998,0.0064335963292369,0.0466690064055933,0.123270206212477,5.10868680106223e-05,0.0234053820224241,0,0.0021205714490491,0.00559313820444149,0.000152853076260251,0,0,0,0.0606479520292663,0,0.000261825055244893,0.000255158205675086,0.216556184253386,0.000125063053606018,0.000100112220022834,0.000583300524096453,0.242461573734259,0.00133266354265198,0,0,1.93345710985422e-05,0.000124642203056502,0.0032652373737769,0.0372850160777046
0.00272073646364753,0.00667551211727167,0.00215824447565975,0.000814314639395767,0.0020837700337676,0.013680182722726,0.0192633556062735,0.0341664641298067,0.00194255727610121,0.0549595878563326,0,0.029378698791934,0.347656980070036,0.0248956756840162,0.00059871628966813,0.000605072879974224,0.0383408938157393,0.691453148778831,0.217600431559013,0.0147260251797747,0.00508851024351581,0.00249311089419925,0.0160221573836205,0.00217840051644723,0.0315555693830958,0.755452827346629,0.0850867676872278,0.00479143090959535,0.0573286914309243,0.0135325746754246,0.0738227993244431,0.0735403520127127,0.000543062634992662,0.632985029710111,0.00552659185399878,0.0728174615186735,0.0825523508077636,0.215151655475609,0.07381521170556,0.00939578760961364,0.00164653858382478,0.152797588265643,0.00317614782857716,0.00890060100884883,0.00476846552261753,0.00353174875735536,0.00027164756701926,0,0.00355547171537748,0,0.00453075947009095,0.000272526304980043,0.000154056043171507,0,2.09326876676917e-05,0.000145275985154143,0,0.00583633772906085,6.32360894260286e-05,0.155539804983661,0.000128065830863866,0.204918160403008,0.000152403320404792,0.000222657123272782,0.000231663014516172,0.000571825309051255,0.0063945881660308,0.00250235621261658,3.15364845702171e-05,3.63066522926092e-05,0.0035378472487481,0.00125800940365613,0.0051883565609548,0.032208455637528,0.100871720440041,0.0533191620224809,0.000686723760158361,0,7.6529970881951e-05,0.0351973596795604,0.000195321694997844,0,0.00236449992652802,0.00287201764707441
0.00101707453505271,0.00144602036208174,0.000207004865543822,0.0158548501780187,0.0689312958193225,0.632379077556921,0.0134319349517349,0.200448137300914,0.214142146950911,0.704130619268465,0.029378698791934,0,0.00242131765559934,0.0720440866715887,0.294454662696509,0.000179489405190456,0.000884786677412244,0.0151956089248534,0.0115813741793682,1.7273388259171,0.000712322787561891,0.00130887261311792,0.000861627412733954,0.0354324825044715,0.000878801115038986,0.037431572263599,0.0137200458796791,0.012801391020654,0.0535426500053691,0.00335549445123331,0.00187534329975929,0.0360172909040091,5.61440045052528e-05,0.0650384058000815,0.308456673160979,0.0889708466198662,0.0035456602843544,0.0395822379271978,0.0106946344415579,0.329017714532484,0.0366785479624152,0.0271417930571712,0.00552027862431013,8.27685082958877e-05,0.00217587615576606,0.00148065559151057,0.0580413610236698,0.00182567927855204,0.00121810834316067,3.93579140405774e-05,0.000108257866037196,0,0.1459325060102,0.00149508813359192,0.0134341389135205,0.0120796551632307,0.00358506750880162,0.083669434399485,0.0667863820138509,0.000725327920803107,0.0856455396816199,2.67807048099101e-05,0.00235778762496416,0.00936053813047015,0,0.000162445139601243,0.000299052161372095,0.000172246131464839,0.0805871622562759,0,0,0.000168494357806754,0.0552156133860148,0,0.000853304646617233,0.000536782358664325,0.0647477157687875,0.00114380662416295,2.43045468147278e-05,8.35868710499168e-05,0.000342526060533756,0,0.00143689434783783,0.0686447656867408
0.000350309270982879,0.124457148507034,0,0.00011176942382423,0.000244224710340565,0.00149692869387992,0.00225197522508433,0.00251610448108649,0.0424268670498445,0.00561323783832069,0.347656980070036,0.00242131765559934,0,0.0017047804464278,0.000231076360338539,0.00221221353002649,0.00049850088147819,0.00413988044221215,0.00190211657132049,0.00166899174659143,0.0012549550296562,0.0782190832329028,0.000910704978267109,0.0170170152356573,0.618901459101067,0.109190658843095,0.2072773083692,0.00160933618784385,0.00301591873998173,0.000848051252151974,0.136438533713761,0.00452292225072724,0,0.042027836059285,0.000291233408154845,0.0123743710342249,0.0226161755767497,0.0428624074427964,0.00462051470932508,0.00129865299500789,3.49792591076135e-05,0.136890528955026,0.00677906151828568,0.021651351374414,0.0114917409347394,0.00614258329546073,0.000851516344159013,8.27676912411303e-05,0.0310651563228412,0,0.0228790001451818,0.000224555671407962,0,0,9.32660490881743e-05,0,0.00022539897825886,0.0300933620000602,0.000145078146244592,0.622894406641975,0.000233704318600366,0.822908596937866,0.000688158104215993,0.000540449996950626,0.000405388357156181,0.00083370234386649,0.00838095572504136,0.00649850860383936,7.39195996794698e-05,2.53197860906005e-05,0.0120185649928002,0,0.015817437793648,0.178809333789109,0.21497598088313,0.170772012444315,0.000359302013138968,0.000608571395015139,0,0.0836150935657076,0.000577420184551605,0,0.0104859854527043,0.000536542078988564
0.717554133632602,0.00113437842549583,0.0466046944659617,0.00755932746368261,0.0016873582194606,0.0520044805913532,1.85519924507294,1.56926592715806,0.00161705914715093,0.423083380122892,0.0248956756840162,0.0720440866715887,0.0017047804464278,0,0.00384904235386109,0.000782459792363683,0.0737104397247759,0.0251316671958739,0.0703255012998812,0.0505586789039635,0.0431685054253575,0.000588092553793755,0.126318960481427,0.0122848378672836,0.000251713610931105,0.08218823107467,0.115117469477905,0.0453132119293266,1.36770799856953,0.973364132436791,0.00115661772019191,0.024081190595655,0.0233023907974189,0.164673028544791,0.00536815231559812,0.0509600513802714,0.00228813036954855,0.0588112199618408,0.0181394538113487,0.0111012521311494,0.00760102109446243,0.00807205686459279,0.00187704477109673,0,0.000747463679950887,0.000764837993125649,0.000674006026371174,0.000124374703582552,0.000289243656503907,0,0.000765892027437497,0.00141771465735554,0.0008905312706644,0,0.000139802347464389,0.00243278549233878,0.000132081998833352,0.000689049128128141,0.000494140540269324,9.70620110525789e-05,0.000193922113872996,0.000179167489160717,3.08941341978907e-05,4.48997111116946e-05,0,0.0010143384614823,0,0.000504697843034208,0.000283881441333541,0,3.32976257178962e-05,0.000242181183725643,0.00870139900028777,0,0.00331623697466789,0.0101090703567597,0.00739191034028915,0,0,0,0,0,0.000349526397826385,0.000861272922627451
0.000708305549091163,0.00212428858029441,0.00148040260760813,0.0249360852184238,0.18628681563886,0.214185574963852,0.055697324520664,0.136966053216575,0.0568810296921258,0.092881588922226,0.00059871628966813,0.294454662696509,0.000231076360338539,0.00384904235386109,0,0.00135636185964961,0.00117310494939537,0.000531410191731566,0.000669266878371919,0.0367645721822455,0.011582747364839,0.00638279199557118,0.0183887253235932,0.16490637550739,0.00141987765120036,0.00223843253184505,0.0116087827827836,0.0722750992272173,0.00365678231546187,0.0174423235579467,0.000182286351998836,0.00505660579718353,0.000402223639999872,0.00380249044637154,0.309890298899869,0.0441022299820694,0.00497731305046007,0.0059869756759389,0.0270843326640211,0.478573804654346,0.0266962321079425,0.016640267224752,0.00937748983314882,0.00323798543042017,0.00168647436826127,0.0129666252289544,0.0100827016194658,0.000959420352819744,0.000908369662079646,0,0.000221036451738679,0.000675637153015939,0.0117050446118798,0.000288862644906318,0.00197423354438437,0.00481799443203448,0.000285956067427486,0.0124859593997782,0.00647949172879799,0,0.00739451772862144,0,0.000108773851181543,0.000661337501966506,0.00113648942736384,0.000106199990451956,0.000160175854199123,0.000547370585445279,0.00596015407939929,0.00106255825244658,0.000384484014730868,0.00300364092903527,0.0200957355727141,0,0.00146526634211293,0.00443870392395921,0.0142056872657111,0.000317183673397022,0.000468597170068723,0,0.000131674782995874,4.58113067257285e-05,0.000706764456209144,0.360921542503187
6.91921952915427e-05,0.0174186000770804,0.00336753749983906,0,0,0,0.000715519837754945,0.00021099909178251,0.0334349086477721,0.00035070007128638,0.000605072879974224,0.000179489405190456,0.00221221353002649,0.000782459792363683,0.00135636185964961,0,0.00408536793831815,0.00109623604966672,0.0010241263379333,0,0.329439537276138,1.00551821023203,0.424244441985576,0.0788567792235595,0.00773694517188665,0.00405731407078196,0.430839690342375,0.0539875414110126,0.000439736433488056,0.0104883488784112,0.000530575929198298,2.16316399071217e-05,0.000174426575897819,0.0303306488450085,0.0516336224782928,0.20118654647575,0.00879399935534156,0.070252640973589,0.103122987039383,0.00127344845971928,0.000552270719817054,0.000799425817427366,0.19052089033804,0.00800769624905695,0.037652983264936,0.0496638973215401,0.00662194693608455,0.00191944084742386,0.000662930827865354,0,0.00258244595815038,0.0175517932296198,6.70906081629545e-05,0.000114946602394855,0.000147797231810996,0.00550348406908727,0.000672055122926805,0.0172671486307851,0.000254204458188391,0.000390706937714407,4.85060667464793e-05,0.000312177619662088,0.000242410885998383,0.00201252975514144,0.226060424269598,0.000875490650201711,0.000241818335202143,0.00161503359042361,0.000104893064400017,0.0486337649895476,0.0940348295530571,0.39020257827383,0.0788170786197389,0.00012094792453146,0.00400183734479473,0.105427137481317,0.0381605469301906,0.000164821989110154,0.0114637676755924,0,0,3.76104944502354e-05,0.0165645997783451,0.0505428694668764
0.0120006731170869,0.0231666795530111,1.0034528873451,0,0.000193917241674453,0.00451200381330425,0.0463483743552509,0.0642348703071095,0.00441435400667868,0.00266380424234133,0.0383408938157393,0.000884786677412244,0.00049850088147819,0.0737104397247759,0.00117310494939537,0.00408536793831815,0,0.0879744402381543,1.0656265222102,0.000617335998113883,0.223180001443762,0.0224013558358971,0.58206761485067,0.00680587237791043,0.000413977676310325,0.903192343995811,1.7497778882629,0.0165450086396463,0.0489412282050314,0.20657346605173,0.000227168109174103,0.00184341392705368,0.0046308215431565,0.108285062614016,0.00301178913787214,0.0268900476325028,0.00423429373188688,0.0296004400216366,0.023806129946329,0.00106192422504419,0.00141316274782222,0.00125237695958811,0.0281504679219359,0.00165619898378244,0.0127925443771049,0.012275369445064,0.000238891981807944,0,4.9273410545522e-05,0.000134482071484319,0.0123660760780999,0.0424340197864591,2.58802927436411e-05,4.84385684528053e-05,5.20725940634549e-05,0.00052674027538727,0,0.000295906720327592,2.16697968960017e-05,0.000354807354153973,0.000106977858483428,0.000397698351209414,0.000464405941471124,0.000214191836930001,0.000856793169131636,0.0256425747968532,0.00145504594062284,0.0164263014160069,2.76661475822926e-05,0.00125284127886861,0.00353565269638482,0.00782067317186547,0.00196154970330462,0.0009655290104296,0.128263405074261,0.311425622457222,0.000308989993070215,0.000115964337143826,0.00136572685443449,0,0,0,0.00740508609618642,0.00245517614066854
0.00347463549904655,0.00211015121120758,0.00894790650313305,0.000314352736401791,0.000478350774528739,0.00724214320186438,0.014983803655244,0.0247661787790861,0.000336961419604138,0.0315021057843239,0.691453148778831,0.0151956089248534,0.00413988044221215,0.0251316671958739,0.000531410191731566,0.00109623604966672,0.0879744402381543,0,0.759648114923387,0.00925346955764038,0.0107600939567508,0.000978618817837929,0.0325464233690657,0.00139090672743038,0.00233699011111913,0.273285341356229,0.0797789668891119,0.00344457628669726,0.0417723328349582,0.0154917026089321,0.003267337778746,0.0257365777212191,0.000841780505766003,0.359569079515409,0.0122985391045929,0.12774217340509,0.108380680887539,0.217841013633651,0.156388404495507,0.00625605231547282,0.0016214022167793,0.00734559122782846,0.00349003171201934,0.00281229891811931,0.00153269095020873,0.00148776492319891,0,0,8.8233434870386e-05,0,0.0015220510965557,0.000842036196051556,0,0,0,0,3.71670481716454e-05,0,0,0.00503717435103946,0.000128364353605658,0.00702105515870064,6.02525811905741e-05,0.000133165477246475,0.000216229461609256,0.00114118819761584,0.00298547336912159,0.00441026930713369,0,0.000124303123559797,0.000172908154956055,0.000987900921442875,0,0.00395460772848944,0.0709522662002865,0.0413151399308696,0.000176521087793019,0,0,0.00299184001044185,0,0,0.000705030107722565,0.00494602941154876
0.0117636771666728,0.0159699564197977,0.078633544187354,0.000132132650911257,0.000370386619294795,0.00713443960025278,0.0251954106461743,0.0540391903542088,0.000695525162623544,0.023069492002647,0.217600431559013,0.0115813741793682,0.00190211657132049,0.0703255012998812,0.000669266878371919,0.0010241263379333,1.0656265222102,0.759648114923387,0,0.00713600821246062,0.083779915439615,0.00207357206317776,0.203570076328927,0.00168764627291291,0.00223976453492034,0.783969751989175,0.357204877393819,0.00783354331206402,0.0604874506682507,0.0979421560844504,0.00124377165380943,0.012961013812083,0.00415919440084468,0.490823153895344,0.0122807916366616,0.164404134902482,0.0557731259941811,0.243855502245661,0.162323914757181,0.00419557641890617,0.00186908570600533,0.00447218932871073,0.0165182915552216,0.00215876128317592,0.00693680466726943,0.00846266731363465,0.000364107939856559,0,0.000238573411980769,6.80441500566959e-05,0.00981128133722972,0.00340512803404922,3.2541281141901e-05,4.64182561181724e-05,0,6.55434378823163e-05,9.87100051813485e-05,0.000126266770222616,2.45286661753505e-05,0.00225010995642243,3.45786470576107e-05,0.00145095466210332,0.000231308283369655,0,0.000878385177452137,0.0107042409743892,0.00327209314554804,0.0417130842988616,0,0.000178843834452632,0.000369797880829972,0.00269449471544989,0.00012951776552555,0.0026531631161388,0.211234114235523,0.216217769410344,0.000103593289792648,7.54570840506734e-05,0.000103128341326818,0.000538710389892543,0,0,0.00321549216284865,0.00633736454329735
0.00114780431180715,0.000244530239193976,0.000376758848844233,1.52598495684286,0.0128177338580266,0.050493307237222,0.0163503435722108,0.083557454464427,0.0821492969958214,1.50243368238608,0.0147260251797747,1.7273388259171,0.00166899174659143,0.0505586789039635,0.0367645721822455,0,0.000617335998113883,0.00925346955764038,0.00713600821246062,0,0.000499678090782526,0.000422103438295784,0.000752143035847547,0.0870240220121001,0,0.0177546502502241,0.00822470640737311,0.0850234666215666,0.0369273532607338,0.00330957220229586,0.00109593943752152,0.0188029622916104,5.44437773596555e-05,0.0264727862485693,0.0079744230764941,0.105880846088181,0.00396453243236849,0.02151578388379,0.00820957695480304,0.0576867675287246,0.0168586534184828,0.024426626725203,0.0113354665949908,8.66899280435088e-05,0.00414151512774184,0.000525148385094395,0.0287471925245436,0.00407048246609702,0.00179331185992759,0,0.000122976166373652,0,0.134295736211266,0.00122141399783176,0.00724864299652479,0.0353723076214664,0.00546190815976958,0.0500239634492508,0.0837279095462863,6.88507266629218e-05,0.0263383730826269,0.00010883938925274,0.00275910338951906,0.00600926718947295,0.000119051591837597,0,0,0,0.0523098131229884,5.87312713133335e-05,0,0.000156132872300297,0.122586943427149,0,0.000128142297263989,0.000662261227564839,0.153961667072889,0.00134141000748958,0.000119480469374091,0,0.000344154241527745,0,0.00249184659678294,0.00172907575219371
0.00453064471377547,0.00670433041840319,0.45336438367249,7.36697156225143e-05,0.000822051190878415,0.0025470095400686,0.545256866916285,0.0323871882320136,0.0253369859741048,0.00317126801246078,0.00508851024351581,0.000712322787561891,0.0012549550296562,0.0431685054253575,0.011582747364839,0.329439537276138,0.223180001443762,0.0107600939567508,0.083779915439615,0.000499678090782526,0,0.127868485474884,4.57376156687066,0.0449088321066346,0.00309978739567121,0.190983863443726,0.47254476048255,0.657995025576058,0.0402368231362262,2.25035269145939,0.000331985242424619,0.00102259458889658,0.00974130952813894,0.89969742544384,0.217893499806299,0.462091634721303,0.0213876420136631,0.41010821107729,0.336229607850486,0.0064897668321927,0.00459829629117561,0.00364955987397404,0.176410372181963,0.00492302186560887,0.0196977001997099,0.0244897871936414,0.00540255462770577,0.0034356133112107,0.000183228644767749,0,0.00172594238973526,0.0226008315879319,3.38419756005049e-05,9.98986904717028e-05,0.000111206870103413,0.0065749005119632,0.000334376393050316,0.0220640792830583,0.000247496996920726,3.55024400053561e-05,9.29705428912787e-05,0,0.000252769506213662,0.00236279881497825,0.0642915312857322,0.00245420390045009,0.000146162005713621,0.0016959941001018,0,0.0549487788191742,0.0425245086611096,0.0780896252577077,0.16214975292652,0,0.00919930014762275,0.0584122365642778,0.0587791266393883,0.00064564143698713,0.0119596977855524,0,0.000197395994978827,0.000150969348541301,0.0102504937125053,0.0725794133240241
0.000119992991340572,0.219748638057937,0.00690296039824407,3.11120414610625e-05,0.000315843203791201,0.000161851365881395,0.00131320221640779,0.000116848844113797,0.600072432675852,0.000292362343879074,0.00249311089419925,0.00130887261311792,0.0782190832329028,0.000588092553793755,0.00638279199557118,1.00551821023203,0.0224013558358971,0.000978618817837929,0.00207357206317776,0.000422103438295784,0.127868485474884,0,0.343647974647138,0.765286711284346,0.208800948566365,0.0203529181334612,1.29559360686698,0.0628231357036545,0.000626436940651511,0.00158086044356573,0.0102221625479274,9.85672669558644e-05,2.83973548749358e-05,0.0312127798746872,0.0286326059792161,0.143145791391231,0.0178167471490911,0.0492928074148303,0.0745535822572778,0.00190134867631965,0.000281761496172029,0.00322858320026999,0.120789035937283,0.00367774445432025,0.0426173606034516,0.0313929177218274,0.00329745154589462,0.000773472801493251,0.000557472459052581,0,0.0144413111277409,0.0785748382482832,0.000193298132167712,0,0.00024721960239968,0.00423656186703187,0.0003605007866629,0.0155873305931783,0.000574711210259369,0.00266123985306646,8.8897468209964e-05,0.00354468036630252,0.000939051516235308,0.000813047378605155,0.133441185153819,0.00550972790583684,0.00106105143155555,0.00364860869817162,0.000179843035705727,0.0267905406799094,0.134652514808388,0.201424868865823,0.0457578385950499,0.00269359344202004,0.021280618800665,0.525574759100673,0.0197526706689987,0.00024825438009561,0.00701069750441783,0.000527399379813006,3.16617332157731e-05,0.000100654645130026,0.0177590978904549,0.0342506753653902
0.020744863586172,0.0078182464979675,2.43268518190411,6.678965729748e-05,0.00102006010099006,0.0096713104478517,0.46488452125848,0.127020953160616,0.0102391155763262,0.00528857984193699,0.0160221573836205,0.000861627412733954,0.000910704978267109,0.126318960481427,0.0183887253235932,0.424244441985576,0.58206761485067,0.0325464233690657,0.203570076328927,0.000752143035847547,4.57376156687066,0.343647974647138,0,0.0634332033155718,0.00106936353519631,0.620897444140736,3.19285383023919,0.265937922795183,0.0597076925693528,0.849432999208172,0.00020199518557454,0.00259911820683374,0.00847257072978119,0.973172680049038,0.435211516572715,1.51671932596395,0.0737809828873203,1.10340130920161,1.53323766326183,0.0114290379868353,0.00839775326845149,0.00437325710413123,0.268150562166705,0.0135053697171473,0.083293924588097,0.0937526860315013,0.00664092464566822,0.00155484500004002,0.000769523722403882,0.000139151805276251,0.00414760670695767,0.110004341960309,3.09525757674634e-05,0.000402865075838023,0.000108275260796236,0.00930842445769382,0.000831001432894465,0.00276526749696654,0.000350428355384517,0.0007174180810454,0.000571097279587635,0.000152509580059737,0.00109875898714838,0.00307540569301102,0.300980935443103,0.00590368259013103,0.000865516017364797,0.00693464125514926,0.000138116559679115,0.0617071994030315,0.0772784357145154,0.71052734234009,0.0379700352525012,0.000217921333882561,0.0231857754200557,0.416745057052958,0.0319139283608499,0.000219539297261199,0.0164071075077084,2.35063091296166e-05,9.4023127418333e-05,3.79362742096305e-05,0.0373810117454533,0.211327361969115
0.000318106142397037,0.0917644176167517,0.0104720401428838,0.244777643681156,0.0162444526243022,0.0111240754817535,0.319164219166171,0.0153419116748952,2.26752405150771,0.104232277835769,0.00217840051644723,0.0354324825044715,0.0170170152356573,0.0122848378672836,0.16490637550739,0.0788567792235595,0.00680587237791043,0.00139090672743038,0.00168764627291291,0.0870240220121001,0.0449088321066346,0.765286711284346,0.0634332033155718,0,0.0665169531368711,0.0113707441960601,0.332583178462441,1.00320783129661,0.0321132751263466,0.0304083582636767,0.00324105265220738,0.00438710275099494,0.00684672843717387,0.0447405026733689,0.088712479063868,0.342384912731056,0.0167265544086048,0.0652254176742291,0.05551712819119,0.0917402696573293,0.0156657502894219,0.0306610838793394,0.402040751017705,0.00581528159700301,0.0799704031254057,0.0325325943291501,0.0927695362232131,0.0453545604900564,0.0086468631899511,0.000651474543323113,0.00336925852909245,0.00818969270790098,0.161775366219815,0.00104615043883873,0.0182063233521429,0.286319962817903,0.0314033281071583,0.366152681160736,0.130731924807345,0.00170578553189303,0.0221552130000095,0.00142237177731079,0.0188325228772412,0.0170903180777426,0.0412900190417833,0.00114264003302575,0.00061464800493709,0.000857935103293151,0.0631377186740349,0.0275120490735419,0.0362554319096984,0.0436806609489833,1.54796410554185,0.00125625433281765,0.00509322280621927,0.029658596389473,1.00674442113885,0.0250823544922612,0.00692293949793686,4.26315210237622e-05,0.00243263528541753,0.00317386425446472,0.0555152624758952,0.0850124181891365
0,0.280999506316585,0,0,8.92361400654676e-05,5.31590145826459e-05,9.46949821519345e-05,8.85103863031687e-05,0.146707240494889,7.25709453472494e-05,0.0315555693830958,0.000878801115038986,0.618901459101067,0.000251713610931105,0.00141987765120036,0.00773694517188665,0.000413977676310325,0.00233699011111913,0.00223976453492034,0,0.00309978739567121,0.208800948566365,0.00106936353519631,0.0665169531368711,0,0.0850082176379616,0.498521074874863,0.00306445321932001,0.000279624360958255,9.4876797217533e-05,0.0471209546830472,0.000232961147924614,4.17992913794458e-05,0.00399275421972234,0.000249619299311799,0.0069773409089691,0.00736362231655703,0.00611390282136435,0.00342140755056426,0.000555466199705306,0.000171151150480401,0.0223191424338945,0.00651198100023952,0.00871566065563243,0.00577005103365748,0.0041126346985464,0.000423097414652079,0.000106665502526057,0.00512094201096256,0,0.0730728129250104,0.000214523763209784,0,0,2.33550972841859e-05,0.000191092630207267,0.000160212112997884,0.00768917180298174,0.000114132945238182,0.0759141657236568,0.000133629714998731,0.193605036925383,0.000543335809541088,0.000228116420853984,0.0002832413755243,0.000751185912028281,0.00380772848162524,0.00507029471663911,7.99742412853239e-05,0.000223728202303946,0.00383051024928204,0.00025109838287755,0.0067395163533727,0.199263938942085,0.1221377049694,0.25593898058002,0.00131879788769466,8.2859148203376e-05,0,0.0128834161828113,3.83127255428135e-05,0,0.00248851535819553,0.000430681745820409
0.0109757066501317,0.114750815753163,1.554986498828,0.00138480901764533,0.00219603770679918,0.0187706525657364,0.0984511384686979,0.0928702918676543,0.0140128382194494,0.0717295747087614,0.755452827346629,0.037431572263599,0.109190658843095,0.08218823107467,0.00223843253184505,0.00405731407078196,0.903192343995811,0.273285341356229,0.783969751989175,0.0177546502502241,0.190983863443726,0.0203529181334612,0.620897444140736,0.0113707441960601,0.0850082176379616,0,4.8831679714833,0.0289791117291488,0.0800376156803206,0.16980269293963,0.0446491981210793,0.0516614081994461,0.00224494200709786,0.529950452812741,0.051167463553815,0.689509726778766,0.453675930922886,0.52626759439497,0.471789010071964,0.0131181913854839,0.00431169287356783,0.097843724875721,0.112335312512665,0.0539339177971177,0.0592007258503299,0.0642652971019379,0.00148021129804722,0.000314102434069514,0.0049598197875825,0.000311727296653652,0.0856821439438923,0.0613472252861434,0.0001045323834643,0.000381490689431852,3.98395013568699e-05,0.00138295350755934,0.000643406625624247,0.00208941758891775,0.000167841180129627,0.119213925499736,0.000396957860331479,0.215012401446325,0.00267116506383849,0.000799525549506018,0.00227695445176343,0.089030020669281,0.0674861864591163,0.157597880080913,0.000191966667887753,0.00191513031288049,0.00249099260264314,0.0132237900750326,0.00271207471551352,0.122183135383276,1.75651178797805,1.66043405456531,0.000634083146437278,0.00199456604773123,0.00497265463314238,0.0593875522672266,0.00056865843494128,0.000127275207207471,0.0339055633194596,0.0299475621002541
