0,2.99874363861322e-05,0.0060249854046359,5.3944536940974e-05,0.000193912847415197,0.000953339688411376,0.398002097948791,0.0948790482094928,0.000146564019536367,0.00543526354546889,0.00230350871484507,0.000955718152780087,0.000479450542518604,1.11208918558725,0.000222357911813513,0.000175177011513385,0.0722278879674241,0.00915098874996894,0.0256315474842774,0.00045602309453592,0.0207208137131865,0.000104334487454858,0.00928853910354755,0.00490995094410609,0,0.0295223106918197,0.00739983560408932,0.0119197402306908,1.3195761377893,0.465077290347531,0,0.00106276041285994,0.00114049808400047,0.014671947892493,0.000580975046901664,0.00329489254802214,0.000462510596903711,0.0116754461866301,0.00320225221459136,0.000750952312781789,0.000133990654561472,0,0.000510036909356877,0.000206591054221031,0.000177552672554755,0,0.000268263948943698,0,0,0,0.000177968988430577,0.000181873298650047,3.95172345205307e-05,0,0,3.14778575816989e-05,0,0.000201322315828818,0,0,0,0,0,0,0.000328389054379043,3.41164698575109e-05,0,3.64732824401736e-05,0,0.000104798860370895,0.000195491621305078,2.72516457231581e-05,0.00101859341593105,0,9.52811722623911e-05,0.00150978996967665,0.00112565201932227,6.42846098561347e-05,0.000195840463616422,0,0,0,0,4.46669294428825e-05
2.99874363861322e-05,0,0.00325104989911426,4.0445279520768e-05,0.00084097534183638,0.000326142431278941,0.000764240323815717,0.00110487524793487,0.106661758691482,0.000317287379671812,0.0300151896576836,0.000371395406315356,0.299148271697035,0.000311479029059977,0.00874457596752931,0.0356555614365033,0.0137066562745315,0.000319775680930674,0.00428873600494167,4.09879845417559e-05,0.00250326567706073,0.111421743234192,0.00381712111059414,0.178340046162184,0.192629909347896,0.0305473598289183,1.28776813227643,0.00651104777534888,0.000903440133004321,0.000275305208581129,0.00446333755516345,5.87228780498565e-05,3.31536009150892e-05,0.00266417711724716,0.00172037215673451,0.021334489895699,0.00935718795431006,0.0142044559744273,0.00819755421855104,0.00250159991513977,0.000112743418244648,0.0385845749910086,0.0136022690919226,0.00898159254768215,0.00733564425927984,0.00610688899433207,0.00020127244794361,5.79563856704056e-05,0.00571581492217471,0.000144630404911101,0.124009867152969,0.0011090790592926,0,0,0,0.000672929481437686,0.000277051735930002,0.000830793465384576,0.000159279627256108,0.00744318264518149,0.000208803164617932,0.0192127898810912,0.000566361046797681,0,0.00384113818233041,0.01153192924027,0.000224147747087485,0.00518336243106422,2.99349501757711e-05,0.000357724351505873,0.00760086845242822,0.00266757306102913,0.00807749664502256,0.00946949151569396,0.0305021707775808,0.363769467083997,0.000988600146534604,0.000528570600980294,0.00058436502490704,0.00283607356105202,0.000206631887469739,0,0.00401512187093448,0.000895608826943547
0.0060249854046359,0.00325104989911426,0,0.000133400321270058,0.000845394931045871,0.00382520668149227,0.521690384733143,0.0773493376255691,0.00160852361150866,0.0189653985172588,0.00515551920056423,0.00186366024667614,0.00189659144883747,0.105699215389919,0.00352176274167325,0.0186772621289998,0.986360830505294,0.0105947526819716,0.0555694259161105,0.0016580917735759,0.902594715396362,0.00599038051810676,3.57306326721265,0.0288060848620671,0.000138476848913384,3.89594302940134,2.0158731843744,0.243331442072004,0.0293116270190883,0.0707093341108679,0.00131476513937509,0.00288546930542851,0.0074405144934967,0.143725281673853,0.0574208105316349,0.61902878595943,0.066704124755369,0.348366565861713,0.30955096670964,0.0018033877532585,0.00148534108105728,0.00013924036819877,0.112434476605547,0.0230927977315018,0.0461851416678599,0.047231077408883,0.000846461163978185,0.000380697037980562,4.07881995854437e-05,0.000119270841909161,0.0290909742289564,0.0536811561096753,0,0,0,0.00737766421434777,0.00110640337910683,0.000623712581945774,0.000300365516388899,0.000805717404095966,9.30262240636107e-05,0.00120765335547117,0.00140975319416312,0.000150587318813288,0.0186641216017141,0.15033644425211,0.000532505097028149,0.00910092896089792,0,0.00885690864825835,0.0317207281165923,0.0663695172919294,0.0140132430968976,0.000278882208568007,0.0762400762019974,0.709084099115509,0.0100699817887945,0.00111329667181392,0.00475999750374743,0.00107713283710049,0,0.00028375222370469,0.0208300380262481,0.0322784144998034
5.3944536940974e-05,4.0445279520768e-05,0.000133400321270058,0,0.00455887062858813,0.0032701916254742,0.0037384377234792,0.014129918358041,0.297986396731534,0.696590838279275,0.00042611149598988,0.124152180409768,0.0026992045923147,0.00546468753047049,0.0474656383112813,0,0.000134860254104242,9.76343870965275e-05,5.92696226481378e-05,1.08700094752177,0.000312293234593212,0,0.000374208203596982,0.504376351529555,0,0.00141978585219916,0.00052042650409432,0.809529428676914,0.00359407325813208,3.81397081925332e-05,4.79840840556622e-05,0.00050690742096853,0.000245684191891158,0.00128604094366819,0.0016118728955611,0.0106516438293686,7.37806244136218e-05,0.00766567932822811,0.00183715586181037,0.0208525673582324,0.00064145859735041,7.65819755007506e-05,0.0095590498083576,0.000177633768810117,0.00867830384864439,0.00265482753301357,0.0107754380663059,0.00335113870159741,0.000252240216894686,0,0.000118704171486461,2.40566252051086e-05,0.0636088805798047,0.000351787996788553,0.00172493034741038,0.0115242624359826,0.0203712959914843,0.0643844906356227,0.0171156072102671,0.000154199852280173,0.0135944125385037,0,0.00323663069978987,0.00356089992292425,2.7399675771895e-05,0,0,0,0.0207390466652452,0,0.000710628856116772,9.08104332113205e-05,0.0966148521717892,0,0,0.000203382989960137,0.105514643546989,0.00331959552953565,0.000234593885024553,0,0,0,0.00218568676875692,0.000810816673950029
0.000193912847415197,0.00084097534183638,0.000845394931045871,0.00455887062858813,0,0.595693263063405,0.0123852456387394,0.11834185506929,0.0409653101680525,0.0514947200515663,0.00142915429142095,0.112063039911094,0.0179712261307934,0.00265697013482186,0.466533663976763,0.000757730579831351,0.000925206727065393,0.0012426863718985,0.000171597497673181,0.0139025220268594,0.00263385129443833,0.00332495408758074,0.004335232540777,0.0219715994157933,0.000713741178478119,0.00215949132884722,0.00546281716265371,0.0225627828510493,0.000915812045826676,0.0010333711560347,6.91223606103837e-05,0.135060603328124,0.000101858052454296,0.61051642650951,0.0368724087567164,0.141195284585941,0.00126471844628282,0.0167671950725519,0.0168179853068692,0.992545489398147,0.935454374341084,0.00039929282286939,0.00465684032671796,0.000926959851374818,0.00228880341289417,0.001911475863382,0.00345654357256319,0.000864863086157368,0.000285251955951798,0,0,0,0.00668749113993133,0.000100772622823852,0.000114976433889341,0.00187203011588529,0.00154968366624767,0.0076816967636731,0.00366161687314704,5.99643385297537e-05,0.00291786116743226,0,4.43211625209331e-05,0.00161296397537617,0.0010786238350676,0.000177909487372363,0,0,0.00122521160017954,0.000555407114841664,0.000327559981198991,0.000465629037396401,0.0104736036542707,0,6.52192322284519e-05,0.000707153087153327,0.0138942510054101,0.000425477580534822,0.000811850048316395,0,0,0,0.000236585914636338,0.00943218797823623
0.000953339688411376,0.000326142431278941,0.00382520668149227,0.0032701916254742,0.595693263063405,0,0.153705987879452,1.34664212527462,0.0332060435715812,1.82660845797804,0.010273033285296,0.52135147175067,0.0243602106759581,0.0543105401253746,0.439863719370995,3.69883154861033e-05,0.00557285043589231,0.0113733559753276,0.0063709187349695,0.0749441581610192,0.00389672323383426,0.000368642225446254,0.00399278468222773,0.0125793323882159,2.71078054299653e-05,0.0317516005980279,0.00651199183718602,0.0777370602676489,0.021008865505384,0.00589997882003435,0.000205141039680881,0.0106628092210075,0.000488467632105213,0.121437984105989,0.222971254376129,0.180251120044096,0.00232089928444833,0.066369319935943,0.017183237018892,0.309795587328277,0.222078083886794,0.00212415843039476,0.0111200671420624,0.000248334718308189,0.00725629777859928,0.0030722349957746,0.00934984029186431,0.00501674266986339,0.00165272496225651,0.00011683052151314,0,0,0.0118653969421998,0.000826769463099326,0.00070453003029719,0.00615504781404713,0.00797860426477957,0.0118655649698973,0.00734272816954044,7.63424956033408e-05,0.00832250996454999,0.000183739542006165,0.000398703540825731,0.00302387480008436,7.04541935732424e-05,8.47640870726107e-05,0,0,0.00868053088545352,0.000388818427479735,0.000119525777107411,0.000114855033273894,0.028241081428832,0,0.000127143022572077,0.000320105507193089,0.0414388892742115,0.00121402203637173,0.00110714520742922,0,0,0,0.00150055840595961,0.0349203138967546
0.398002097948791,0.000764240323815717,0.521690384733143,0.0037384377234792,0.0123852456387394,0.153705987879452,0,1.55760393375574,0.0801298387609734,1.8807110409473,0.0154825753570826,0.0116723798906379,0.0538043209822114,3.91150135276363,0.0363601814932205,0.00381837254160398,0.289526863267003,0.0380903764197386,0.0817868279758917,0.00729733541337661,0.816484303640706,0.00566211264887002,0.31274781221338,0.21310547052066,0,0.812064557207644,0.086590922815625,5.17684362202465,0.592426719986971,1.39236425252258,0.000675629523147511,0.0172885838339931,0.0576350431732562,0.119741951468931,0.13002966501341,0.429574688445488,0.0170652558468577,0.406656523048574,0.15585273014783,0.0550694992068264,0.0175002389423567,0.00131071779851908,0.19030014572473,0.0041010087493745,0.102217668979936,0.0418597148418406,0.0825121206281733,0.0295747580821912,0.00188162057297398,0.00441246404591789,0.000905568709469908,0.00304697519248453,0.0229019818164419,0.00140985417053648,0.00494247646475293,0.106230537197686,0.084802195225959,0.0454951169390841,0.0225718265439512,0.00308233944554394,0.0193347301218176,0,0.0261290669036746,0.00974063333045527,0.0230994478050906,0.00192516038852763,0,0.000943672553354986,0.00890671067268586,0.0174643087741188,0.00603934877682798,0.0233960321465431,0.340421372912433,3.78786200389981e-05,0.00234048206909501,0.0241038479909934,0.478858957498,0.054621737646392,0.0452317211966086,0,0.00166543909866469,0.00061474944552809,0.0286660052651562,0.0273864927833413
0.0948790482094928,0.00110487524793487,0.0773493376255691,0.014129918358041,0.11834185506929,1.34664212527462,1.55760393375574,0,0.06795687241929,2.20318321156093,0.101848566301444,0.438761905465346,0.120157495535193,3.74106645044143,0.0777144768170818,0.00239159722820489,0.25219146121219,0.167670245674573,0.154758492765399,0.157635872682354,0.0758122122237645,0.00195102576928979,0.0670476826836643,0.0861028211483283,0.000420669332189092,0.505625897991708,0.0847070916666837,0.316409089450795,0.432259617546006,0.399420470945772,0.00210003645370914,0.116282630645625,0.00887058309296099,0.19624891646266,0.0420005656497753,0.716196840052569,0.0190493189333901,0.292517253503779,0.0751536599505065,0.554686091887638,0.190547970785938,0.00766308109648976,0.087884881859677,0.00215272380933682,0.0578630038503624,0.0230968253663594,0.0455088669201821,0.0279368931207193,0.0107237574142579,0.00128529862781061,0.000895747892003665,0.000503819830135623,0.0139554734263227,0.000409424770494085,0.00210405873003276,0.0572826955905407,0.0250655849866156,0.0301195299270011,0.0138009617996412,0.000500836865660513,0.0203330107932143,0.00108221490175062,0.00406341791004073,0.00607020553851833,0.00295324462154279,0.000915684350783678,0,0.000414635498728109,0.0137801290095898,0.00320917508153135,0.00107296571058936,0.00303661979703481,0.178421527289579,6.71932469796449e-05,0.00172935637251969,0.013554144338729,0.267028292463597,0.0093448988245278,0.0196897305706837,7.6447772733557e-05,0.00064593395057382,0.000209987561715567,0.00838766065890722,0.00462279536564923
0.000146564019536367,0.106661758691482,0.00160852361150866,0.297986396731534,0.0409653101680525,0.0332060435715812,0.0801298387609734,0.06795687241929,0,0.27386564160452,0.0222225308139979,0.21801750623489,0.229811675735291,0.0224301036792094,0.234679491413551,0.0119549153853911,0.00389282088681453,0.00235163152225092,0.00278869843456736,0.0901398655788784,0.0101811138139979,0.681785693822574,0.0053180408824253,3.37427626696484,0.0566187417190215,0.016358952846957,0.355991604648224,0.93770739515655,0.0388017405050407,0.039309532599966,0.00452696969710933,0.00160608772028279,0.00838942817203425,0.0121095158610081,0.0342631441252952,0.0888811649252779,0.00598896211064714,0.0448341490160165,0.0133361550186381,0.153164728785544,0.00600893568304353,0.00845886028725736,0.0672946232885655,0.0039955617893216,0.0301695734674383,0.0131567660251996,0.0195724594109476,0.00690656323650353,0.00303808435492381,0.0019350361168212,0.00192003070213655,0.000406157849417907,0.0653733057155285,0.00212304545284955,0.00514940538521403,0.0460037934293746,0.0519462437251817,0.298528720476061,0.0497851384567925,0.00724027276241741,0.0133073741643773,0.00993720988514958,0.0121482927341649,0.00927894202555688,0.0397069287781777,0.00141765060041916,0.00314995845657022,0.008099151865587,0.0108666011615797,0.0241407783322335,0.0657708120832227,0.0158777658934447,0.608010957371449,0.00373549466941833,0.0111967255844106,0.0171600171477227,0.355328848520078,0.0315010596360688,0.0348267641948391,0.00101595513448269,0.000419306999982369,0.000845636239200243,0.00851695160046832,0.0233042460770615
0.00543526354546889,0.000317287379671812,0.0189653985172588,0.696590838279275,0.0514947200515663,1.82660845797804,1.8807110409473,2.20318321156093,0.27386564160452,0,0.0292211380957467,0.858951388393017,0.0366996973368987,0.964951283583228,0.0919915837729452,0.000183998601665068,0.0169596110976956,0.045260935106179,0.0280738075825841,0.295765209369631,0.0173983370574417,0.00119585335842781,0.025664335163914,0.118754051446871,0,0.135307386393864,0.0510195593398956,1.64850634786453,0.235594922988221,0.0148654206458093,0.000694313895792264,0.0281354449568857,0.0042867816766003,0.0680133474967552,0.187802553516447,0.538198963736345,0.0157466787938877,0.34224321006814,0.0397943636526722,0.116339108260885,0.025048528036908,0.00174070253306602,0.0534581479151538,0.000531456983428252,0.0321113585948447,0.0105145808825673,0.0532528416010434,0.0156603716165835,0.00157866735908924,0.000551278507963577,0.000241381014767396,0.000118577884636626,0.0804693413497881,0.00151561786304954,0.00379656250249854,0.0421824431882403,0.0664484115793676,0.106578212584845,0.0703875975024588,0.000170994307817611,0.0359816633022426,0.000210458734006316,0.00875253496210361,0.0144519888409958,0.00135505038111655,0,0,0,0.0321610471400153,0.000775561578713892,0.00128491945819861,0.00075034834809351,0.285299175241141,0,8.0499318580583e-05,0.00121214169367202,0.382431948203795,0.00792778604071874,0.00310301444178381,0,0,0,0.00757311418621804,0.0154906497037889
0.00230350871484507,0.0300151896576836,0.00515551920056423,0.00042611149598988,0.00142915429142095,0.010273033285296,0.0154825753570826,0.101848566301444,0.0222225308139979,0.0292211380957467,0,0.0149283246865955,0.452019147585325,0.0554978236424583,0.00328235184790501,0.002441185046211,0.099747700791966,1.70001211530136,0.206980723982896,0.00507585293815209,0.00744417406105053,0.0186806026504778,0.00898692971947373,0.0150033980214494,0.0196753096845746,0.878193920162528,0.0583823985471678,0.0106612227336145,0.0392852467744558,0.00334483122595173,0.0256751756307604,0.0257929574857851,0.00234416751736735,0.887601829147277,0.00477107279061247,0.0700285608085153,0.307864912862332,0.420025107031949,0.0336878504979127,0.0109605727969083,0.00271765486100812,0.270592125165342,0.00167105596112444,0.158314508488959,0.00459569144308882,0.000300391682228458,0.00122380070380895,0.000226039091976428,0.0475896408410994,0,0.0136562814245495,3.00444279440135e-05,0,0,0.000123362944589854,0.000904014133866855,0.000291301780131734,0.00366008170971525,0,0.18467746829782,0.000566080664003679,0.523590864192419,0.000176282930680812,0.000365342674336249,0.000995294450883058,0.00044059351552948,0.000359750593464357,0.00027367759628883,0.000568030258465415,5.03935700273752e-05,0.00381706646312286,0.000139456655350685,0.00485014898526575,0.0161868746395859,0.0309950506815146,0.050616480699623,0.0014039935622464,0.000556574648445296,0.000293316619425649,0.0331475431140501,0.00235565512623734,0,0.00193836527481155,0.00203182746198387
0.000955718152780087,0.000371395406315356,0.00186366024667614,0.124152180409768,0.112063039911094,0.52135147175067,0.0116723798906379,0.438761905465346,0.21801750623489,0.858951388393017,0.0149283246865955,0,0.0122495019795758,0.0608765457382047,0.330856253861195,0,0.00453051728174754,0.020309940299345,0.00822160630140824,0.519072319144756,0.00140188184056884,0.0012990608647597,0.00380500760448177,0.0283914852798824,0.00026649001297583,0.0442735030830785,0.0146358040967818,0.0527251572410972,0.0237645786888552,0.00371953225580202,0.000382157393055045,0.00894715158397834,7.19945044189811e-05,0.0213492301064754,0.103414845833169,0.0684782659929647,0.00208173718598203,0.0889194574322229,0.00509474597803491,0.16955082563089,0.0153277986592591,0.0011479620627661,0.00855953257359782,0.000277351400305491,0.0049228648567646,0.00264075690611496,0.0161372732054184,0.00244971401948249,0.00062331585453743,0.000405166875377646,5.5160702179867e-05,2.4185023256439e-05,0.0497848018137435,0.00171765352774553,0.00581665420237689,0.00929769574137644,0.0168835390622393,0.0695854634624252,0.0331160858809481,0.000483959035075995,0.0503470167328671,0,0.00222602743280237,0.0102843696341966,0.000124268593442273,8.02507822817085e-05,0.000169645145590523,0.000228524204668084,0.0189054994540322,8.43040627963544e-05,0.000201047276333445,0.00028954603749716,0.0773791529881512,3.37194442691624e-05,0.00092146850746168,0.000635964380462041,0.0995600822741584,0.00190660223961431,0.000759573184260211,0,0.000307462796866823,0,0.000644763924881825,0.0695557051741081
0.000479450542518604,0.299148271697035,0.00189659144883747,0.0026992045923147,0.0179712261307934,0.0243602106759581,0.0538043209822114,0.120157495535193,0.229811675735291,0.0366996973368987,0.452019147585325,0.0122495019795758,0,0.0179500690123094,0.0310909352503997,0.0242038975762764,0.00216582554275101,0.0049914136735767,0.0022876814964783,0.00753799217720641,0.00890743725682755,0.194708278804018,0.00411081579832461,0.188615597092264,0.567886807114303,0.0447958553011162,0.421501165421213,0.0596226824370599,0.010770284177275,0.0110691670382075,0.262242572474781,0.0119698446705852,0.00113851446872372,0.0372988357010337,0.0221737222295812,0.202409065404201,0.187799422656866,0.258600387933791,0.0745150820048889,0.384708336062938,0.025170034802261,0.611051983478889,0.131961542677029,0.317660124020528,0.148996151101972,0.0520136930500203,0.200690711342799,0.080632573692543,0.176058340012357,0.00126289509949399,0.0295962871595547,0.000399840133356732,0.00900165230280593,0.00352230979098102,0.0151120453083185,0.024384882076509,0.0723803342035066,0.00867172247616395,0.0246640104402889,0.434655802484707,0.0334942642381333,1.23172633533807,0.00668119783327713,0.00743247233064256,0.00457507198450725,0.00123533025594081,0.00383116639436881,0.00444594073901557,0.00912378571629261,0.0118788160283756,0.0075778113940711,0.00352965250407397,0.0294144448694486,0.107575435701001,0.129520026146066,0.221103694220109,0.050538868940975,0.011765176920926,0.0243944364059342,0.152227353648068,0.00638038753461618,0.000619201438415784,0.0102593612815341,0.0177056839624054
1.11208918558725,0.000311479029059977,0.105699215389919,0.00546468753047049,0.00265697013482186,0.0543105401253746,3.91150135276363,3.74106645044143,0.0224301036792094,0.964951283583228,0.0554978236424583,0.0608765457382047,0.0179500690123094,0,0.00811785514763239,0.00167057283333904,0.433010926225247,0.128440567539751,0.221925187335785,0.0335274562041501,0.131078211383495,0.00110532504267811,0.0856500192401498,0.101676701780311,0.000173404074557358,0.532067005147094,0.085598073680197,0.257307892370263,2.2888009048695,1.14178889142335,0.00091701955296294,0.0353037385700662,0.0193294493909303,0.163832904192128,0.0103047403540651,0.0947531308721548,0.00696979570841796,0.160208070493153,0.0319087538916979,0.0245171393541128,0.00958992348142488,0.00143193453702262,0.0302494679877325,0.000558859314525739,0.0134251999868055,0.00590766263581749,0.0136929624970997,0.00330864222658709,0.00126861626619007,0.000889239332033334,0.000408837377649289,0.000182509910784128,0.00285064625778408,0.000208784960402155,5.76575875404775e-05,0.0202649560759059,0.00323444462246625,0.0104897207971916,0.00157930435428668,0.000119766388782942,0.00328453304770023,0.000156790638224388,0.000525997673188931,0.0018215294600592,0.00233275909814188,0.00118756354293226,0,0.000472334888058186,0.00219166619633773,0.0024336487707649,0.000974193779832907,0.00242458795971888,0.0632213600232382,8.75812134055495e-05,0.00153564980907902,0.0134784323784818,0.0821068153863911,0.00326565294708843,0.00744169265057925,0,0,0,0.00335587360201491,0.000771191613622019
0.000222357911813513,0.00874457596752931,0.00352176274167325,0.0474656383112813,0.466533663976763,0.439863719370995,0.0363601814932205,0.0777144768170818,0.234679491413551,0.0919915837729452,0.00328235184790501,0.330856253861195,0.0310909352503997,0.00811785514763239,0,0.00579159551170594,0.00210866763089795,0.00188044087710854,0.0011500521370106,0.0443457194007737,0.0315468335250444,0.0303290732951869,0.0361723050083551,0.213151913582156,0.00291510300238643,0.00574986879599615,0.0531847935372844,0.133949061256285,0.00642376618278889,0.0088077289363837,0.000291180266338474,0.00281035834330505,0.000583705115555638,0.0203758078358462,0.0783520243788392,0.0441477374170677,0.0118729672994028,0.0170171365675524,0.0179933699225607,0.604130623388291,0.0254738104357763,0.00128289980449469,0.0125326095751102,0.0029730865159078,0.00437368218640796,0.00772735303696043,0.00650753555660045,0.0011644537502442,0.00145391213152589,0.000179319221493888,0.000317162113598782,0.000441956235152561,0.0139608661205371,0.00043976491682564,0.000912170802195954,0.00645302945094431,0.0040973696648282,0.0148570145118174,0.00715939842915643,0.000118423011683249,0.00694976178177677,0.000135204874012595,0.00101528502606922,0.00406729947804945,0.00579320859370836,0.000216557638179767,0.000110169793974441,0.000337889467635727,0.00390398300282642,0.00400030117332166,0.00254135493189053,0.00479556971450708,0.0288556929106071,0.000567907739130825,0.00116113170939703,0.00497939094912862,0.0392606251329653,0.00201582974777266,0.00593768145510502,0,0,0,0.00165169093058824,0.122527682592385
0.000175177011513385,0.0356555614365033,0.0186772621289998,0,0.000757730579831351,3.69883154861033e-05,0.00381837254160398,0.00239159722820489,0.0119549153853911,0.000183998601665068,0.002441185046211,0,0.0242038975762764,0.00167057283333904,0.00579159551170594,0,0.0203987521756318,0.00124087667609501,0.00427899833181389,0,0.283407418839849,0.881088898275959,0.996315148605348,0.294556483199502,0.00862435198344011,0.0868428922720165,1.22741556161726,0.0523007585389387,0.00202707430511467,0.0103448946926079,0.00298286450210165,0.000409154001284623,0.00228388978947589,0.0129271779012148,0.0524743745171843,0.339972893210486,0.0337371006673283,0.0845144598353938,0.0896363602829416,0.00140460237834513,0.000515392429013014,0.000971071957064828,0.100971314230026,0.0132653012225048,0.0448898607352571,0.0459093723736602,0.00169717485365623,0.000312102183916899,8.59526086308984e-05,0.00045304571930353,0.00786959382948831,0.00963622647667209,0,0.000186712231241835,8.62019698219031e-05,0.00739843915312521,0.000801910146026868,0.00353139042990913,0.00033142828999173,0.00105144136928209,0,0.00127790530029418,0.00038524570866125,0.0012144236282495,0.472909868254853,0.00471258156142602,0.000401436724046034,0.0028040764545509,0,0.11147179165107,0.145820044868587,0.310745863691614,0.10620535250311,0.000686278987200514,0.0146171879855932,0.156324907568551,0.0584402852675418,0.00282414165962165,0.0220743736905194,0.000615740225860172,0,0.000485755800314462,0.0113700637894814,0.0172072584675625
0.0722278879674241,0.0137066562745315,0.986360830505294,0.000134860254104242,0.000925206727065393,0.00557285043589231,0.289526863267003,0.25219146121219,0.00389282088681453,0.0169596110976956,0.099747700791966,0.00453051728174754,0.00216582554275101,0.433010926225247,0.00210866763089795,0.0203987521756318,0,0.0922694187341585,0.490877196082557,0.00249729221308002,0.254754264519135,0.00965311386642871,0.697658727486162,0.0318894345980568,0.000704821480575317,1.19310202580026,2.13046412023385,0.0681597349371397,0.229941551555845,0.249870056895697,0.0013907427627712,0.00714180830965847,0.0426007824395753,0.697778930501885,0.0115084294433708,0.108000797809697,0.0295807478089529,0.222444812769502,0.0746290541728751,0.00424724696046079,0.000773412793479362,0,0.0778874902932447,0.0310650752107596,0.0452169418872511,0.0301274347649041,0.000770566212620821,6.00743778340638e-05,0,0.000279976041650999,0.0396423175132144,0.0110217984542709,0,0,0,0.00274430170409188,0.000974859607077987,0.00107272583021661,0.000116962369311243,0.000600428042715829,0.000129966371508184,0.000834193204976252,0.000894278724295315,0.000221190241090608,0.0297524854751699,0.101260078530963,0.000390751837514341,0.0235293076696869,6.70643722756058e-05,0.0260975059779318,0.0107476435436185,0.0376348161506297,0.0196583201039596,0.000563185725748426,0.113242635694702,0.582381299947928,0.0155121351554587,0.00190102828242783,0.00944079727510687,0.00121715113516722,0,0.000512027559069952,0.0210671054036501,0.0027130064066741
0.00915098874996894,0.000319775680930674,0.0105947526819716,9.76343870965275e-05,0.0012426863718985,0.0113733559753276,0.0380903764197386,0.167670245674573,0.00235163152225092,0.045260935106179,1.70001211530136,0.020309940299345,0.0049914136735767,0.128440567539751,0.00188044087710854,0.00124087667609501,0.0922694187341585,0,0.44837059524274,0.00987479965004013,0.0230797137321801,0.000226191751432979,0.0259436484754743,0.00572911006341079,0.000177786123557174,0.302966939604434,0.0543247984359097,0.0166525206449481,0.0895288485808856,0.0123898639768929,0.000824667890424409,0.0286383341432844,0.0101278029182735,0.428151713416664,0.0109241883394621,0.206146426227739,0.120206094823364,0.475857942258814,0.111851317790584,0.0079511915692063,0.00155546315651742,0.0139836525446276,0.00155590209924967,0.00550450583538317,0.000790952004726833,0.000677517137521648,4.9755712937361e-05,0.000128447662389081,0,0,0.000490839260098779,0.000139398521132201,0,0,0,0,0,0.00165141439148686,0,0.00436281507489281,0.000103025962591803,0.00720462151872096,0,0,0.00063984492987046,0.00100747059438494,3.72034229769767e-05,0.00115761333769331,6.74090814203113e-05,0,0.000595828698846272,0.000782591098329817,0.000595798367192629,8.10470230137708e-05,0.0147880330097001,0.0311221835746725,0,0,7.6999270799947e-05,0.00523854497220884,0,0,0.000537488416213721,0.00567194048336062
0.0256315474842774,0.00428873600494167,0.0555694259161105,5.92696226481378e-05,0.000171597497673181,0.0063709187349695,0.0817868279758917,0.154758492765399,0.00278869843456736,0.0280738075825841,0.206980723982896,0.00822160630140824,0.0022876814964783,0.221925187335785,0.0011500521370106,0.00427899833181389,0.490877196082557,0.44837059524274,0,0.00490082101188783,0.0630447790975547,0.0012466628895621,0.0738336192777173,0.00952044560754172,0.000831382059655381,1.20452607305332,0.477628873336183,0.0224691967494082,0.1422761076509,0.0299083825832738,0.00116031321398942,0.0129572713808579,0.0229170901293463,0.386652552213836,0.00860699092712786,0.133288790062358,0.0544145971770116,0.243822062833631,0.100171059028733,0.00340246126122446,0.00112447005990059,0.000276477946187621,0.0111375884320386,0.00916228824860924,0.0132761942103855,0.00784834414678957,0.000617593077234024,0,0,3.86577099795342e-05,0.00832788410195623,0.00067396386352188,0,0,4.15969203477859e-05,0.000151304165310163,0.00024277920910508,0.00106165154236341,0,0.00195786719608799,0,0.003837082350962,0.000445990667208498,0,0.00238947313096887,0.00588981372872268,0.000299542439456392,0.0211554259794077,3.96596296201229e-05,0.00109227103982968,0.000775588706564858,0.0025783218850646,0.00231918370034858,0.00197108725472823,0.0831500993843359,0.320584503579165,0.00116540644406601,0.000628231321448153,0.000889503171278303,0.00407155313335093,0,0,0.0033978867315902,0.00414427260477481
0.00045602309453592,4.09879845417559e-05,0.0016580917735759,1.08700094752177,0.0139025220268594,0.0749441581610192,0.00729733541337661,0.157635872682354,0.0901398655788784,0.295765209369631,0.00507585293815209,0.519072319144756,0.00753799217720641,0.0335274562041501,0.0443457194007737,0,0.00249729221308002,0.00987479965004013,0.00490082101188783,0,0.00113555832739008,0.000324021907849985,0.00299440167632386,0.106155580819042,0,0.0196539963828865,0.006838075820831,0.144485153693243,0.0158815486158701,0.00174421349815253,9.32339967616619e-05,0.00282993262655685,5.53074306837648e-05,0.00700153141987956,0.00416465182386173,0.0457791472798501,0.0017776933950529,0.0233466510913407,0.00230473727740739,0.0346345601735023,0.00324545572880584,0.000299358756220347,0.00949002022961171,0,0.00459598170935292,0.00194395357510922,0.00916327958177144,0.00221270166173264,0.000196381412204826,5.6191926167804e-05,0,2.37126778341383e-05,0.0444696319901433,0.000741263839354832,0.00132450629925008,0.00803046531790713,0.0155891042186653,0.0392462201592213,0.0281942177485272,0.000167385156626112,0.014977858092192,0,0.00233567862210031,0.00540853601748759,6.77320626015902e-05,0,0,2.80659557282209e-05,0.0219670822825453,0.000279323158029931,3.90795106262505e-05,0,0.0715862842652361,0,3.15575282319278e-05,0.000390480271707201,0.092544585027858,0.0022702041564936,0.000244583354842794,0,0.0001388492583276,0,0.00100388032212309,0.000367611697937161
0.0207208137131865,0.00250326567706073,0.902594715396362,0.000312293234593212,0.00263385129443833,0.00389672323383426,0.816484303640706,0.0758122122237645,0.0101811138139979,0.0173983370574417,0.00744417406105053,0.00140188184056884,0.00890743725682755,0.131078211383495,0.0315468335250444,0.283407418839849,0.254754264519135,0.0230797137321801,0.0630447790975547,0.00113555832739008,0,0.0766375056327207,3.17731107257255,0.0563775459415085,0.00077007519721252,0.672509363549151,0.275860453109514,1.11173463476989,0.134259079758327,1.72567654169965,0.000409448291890535,0.00659002491547512,0.0937458409226166,0.670935155939983,0.235981414479884,0.921957900822996,0.0654115281697606,0.966346522756822,0.58323060157681,0.00845568071768718,0.00261289650741147,0.000325647450294221,0.109191160962519,0.0108411251255501,0.0475595782263515,0.0410034527078668,0.00339741666713611,0.00086658959409248,0.000596549928806868,0.00126951477178135,0.00129400153796732,0.00814139264362534,6.21551018500954e-05,0,0.000129041734901288,0.0153094945923575,0.00192168081940149,0.00433424530813402,0.000855603748169947,0.00082485773096873,0.000160130049689215,0.000146134962450698,0.00110338385819841,0.00110967585677828,0.281728093541884,0.00640833751138145,0.000215121725159705,0.00271627297080486,9.64688602225631e-05,0.201600469570575,0.0700427671921995,0.257706316738426,0.114588657574861,2.67429114577711e-05,0.0086072924045248,0.100060031083587,0.0984434729683151,0.00724111191712872,0.0535126464052491,5.17946046928436e-05,0,0.00116336596564466,0.0221333980992905,0.0336870134935798
0.000104334487454858,0.111421743234192,0.00599038051810676,0,0.00332495408758074,0.000368642225446254,0.00566211264887002,0.00195102576928979,0.681785693822574,0.00119585335842781,0.0186806026504778,0.0012990608647597,0.194708278804018,0.00110532504267811,0.0303290732951869,0.881088898275959,0.00965311386642871,0.000226191751432979,0.0012466628895621,0.000324021907849985,0.0766375056327207,0,0.166754700259348,1.87474447530006,0.0563668601082009,0.0155455582109795,0.631089131922385,0.0976726683988688,0.00230482068292541,0.0267437231668629,0.00296742471750365,0.000118275480052185,0.000612091719261012,0.00544199808888254,0.0230337805976699,0.126082950117018,0.0117165380553444,0.0430905522847041,0.0358531125675141,0.00795238431969707,0.00111561367845417,0.0124161296240465,0.0518911356049781,0.00877860359280433,0.022366976036067,0.0221768329761591,0.000549784702316129,0,0.00245447157940387,0.000321332816093481,0.0237028592671693,0.00618958889658469,0,0,3.32354262967408e-05,0.00237131073004052,0.000510265493713376,0.00164411235493487,0.000227420270465362,0.00263375874110598,0.000207286100930098,0.0110063220348857,0.00031058091306155,0.000139838038459504,0.142661094349962,0.00654623210180501,0.000301440022183978,0.00183717820789877,0,0.026446544567896,0.152102540456053,0.075448866156212,0.0495878390963542,0.00392687999728628,0.0106690786319079,0.227097225373443,0.0159530502309173,0.000671512390758375,0.00574827706324678,0.00193473804128807,8.44184594464305e-05,0.000102417553497898,0.00433652110390345,0.0147810494533349
0.00928853910354755,0.00381712111059414,3.57306326721265,0.000374208203596982,0.004335232540777,0.00399278468222773,0.31274781221338,0.0670476826836643,0.0053180408824253,0.025664335163914,0.00898692971947373,0.00380500760448177,0.00411081579832461,0.0856500192401498,0.0361723050083551,0.996315148605348,0.697658727486162,0.0259436484754743,0.0738336192777173,0.00299440167632386,3.17731107257255,0.166754700259348,0,0.0899339853770834,0.000433239663128024,0.751740539982811,2.63050857141901,0.308571269182041,0.0734901902110675,0.325647939812199,0.0013209686960243,0.00833879315890977,0.0222994145803111,0.800510253575816,0.36353982171598,2.1473399043437,0.200102859316031,1.1541571175677,1.015289369542,0.00635222484668255,0.00286207357335117,0.000816837522433574,0.248006898525147,0.0246076094137602,0.116886116969385,0.130639098836638,0.00249274412352387,0.000315988681689942,0.000128356240834862,0.000179413603083194,0.00563272126125482,0.0974318099630604,0,0,2.19157602409243e-05,0.0120017877194455,0.000367915987367472,0.00214432767416929,0.00045763305761902,0.00151575009826399,0.000181418741732714,0.000539698680941686,0.00094279430876857,0.00152428694827591,0.645279718950599,0.0494764934262655,0.00157829915248954,0.00955628297215018,2.72034711521387e-05,0.13431823598116,0.223956056847709,0.667971315820615,0.0989307822646899,0.000208739034151903,0.0361231694597687,1.02888890018793,0.0715030090257521,0.00278909619363499,0.0183116399011147,0.000290715601771921,0,0.00044034982628806,0.0329786534542967,0.080439732665127
0.00490995094410609,0.178340046162184,0.0288060848620671,0.504376351529555,0.0219715994157933,0.0125793323882159,0.21310547052066,0.0861028211483283,3.37427626696484,0.118754051446871,0.0150033980214494,0.0283914852798824,0.188615597092264,0.101676701780311,0.213151913582156,0.294556483199502,0.0318894345980568,0.00572911006341079,0.00952044560754172,0.106155580819042,0.0563775459415085,1.87474447530006,0.0899339853770834,0,0.0491193860592493,0.119699948904069,1.05855259434818,1.18830956068155,0.231221118071358,0.0727663742354066,0.00503832992279871,0.00493892202197461,0.0651598587194548,0.0604800131262878,0.102486196321943,0.286451055946355,0.0247860798887232,0.145041953054058,0.0818204078523303,0.0674516174400845,0.00720177814601809,0.00592813112825671,0.219497640361758,0.00979578224255422,0.111120706344846,0.0535301015906771,0.0422306158287074,0.0222286002484103,0.00284632290889181,0.00653954554796019,0.0106704246164503,0.00487701383493358,0.0159559933850971,0.00110856644651065,0.00492136255625176,0.102320993000648,0.0733965555387328,0.213167298647459,0.0166425461603075,0.00799900132678387,0.0093463952202059,0.00583629803557073,0.02302964945735,0.00914885529162202,0.179318492454658,0.00747007673607825,0.00110034856422068,0.00435289669379954,0.00406989558335084,0.103742341594666,0.0982971503962285,0.103514753091912,0.831001016626298,0.003671479720935,0.0139535645867558,0.103072917541308,0.661479031387729,0.0714182725845366,0.103581207831902,0.00108885780378392,0.00102693715412458,0.00296903215149795,0.0360325563041898,0.0279797707198354
0,0.192629909347896,0.000138476848913384,0,0.000713741178478119,2.71078054299653e-05,0,0.000420669332189092,0.0566187417190215,0,0.0196753096845746,0.00026649001297583,0.567886807114303,0.000173404074557358,0.00291510300238643,0.00862435198344011,0.000704821480575317,0.000177786123557174,0.000831382059655381,0,0.00077007519721252,0.0563668601082009,0.000433239663128024,0.0491193860592493,0,0.0274081310141749,1.60207430995202,0.00151846415443405,0.000213948069071737,0,0.0382808381578944,8.55667876459477e-05,7.98768863204602e-05,0.000779266395627567,0.000328147883343941,0.00505050658865971,0.01042633119965,0.00502352994543149,0.00236941735230396,0.00118964764269419,0,0.0634473765797711,0.00122126697254101,0.0130579972198919,0.00260494944439038,0.000769544676218304,0.000492633206774426,0,0.00963683415228669,3.66905316034913e-05,0.0215219977909013,0,0,8.18284026285053e-05,0.000135387155584967,0,0,0.00220919952451547,0,0.0247384246993895,0,0.136114674016043,0,0.000861977334893367,0.0019002248549047,0.00038105923745023,0.000250344027124787,0.000757939950077748,0,0.000170108961323485,0.00217649236436269,0.000246505000914431,0.00556408055711828,0.0546798566598724,0.0397423913827558,0.153901420600412,9.99478612831413e-05,0.000162644516787636,0.000127250228078091,0.01758150850342,0.000174523947243119,0,0.000615939592929179,0.000149047900331068
0.0295223106918197,0.0305473598289183,3.89594302940134,0.00141978585219916,0.00215949132884722,0.0317516005980279,0.812064557207644,0.505625897991708,0.016358952846957,0.135307386393864,0.878193920162528,0.0442735030830785,0.0447958553011162,0.532067005147094,0.00574986879599615,0.0868428922720165,1.19310202580026,0.302966939604434,1.20452607305332,0.0196539963828865,0.672509363549151,0.0155455582109795,0.751740539982811,0.119699948904069,0.0274081310141749,0,2.04557862442528,0.208266688905898,0.236352388039847,0.0985027435268564,0.0720698946060025,0.0505433900789763,0.0238292226796182,0.675080418180253,0.0952021184377677,1.28453103157748,0.722003285363821,1.28582112813052,0.746819454762256,0.0173043592560989,0.00622583564057497,0.0762007275523578,0.0984395100798713,0.216320282066178,0.0692516329581362,0.051174097567716,0.00149453661722963,0.000479945904390192,0.00525810978987785,0.000577540193893791,0.0742096296986762,0.00828938368519406,0,8.59765261496901e-05,0.00035427273512283,0.00283329506535345,0.00309118329472417,0.0111246661725164,0,0.167997725755502,0.000349505039257774,0.385018941727117,0.00191252290614568,0.000707023820679939,0.0156655639098931,0.0793574671206585,0.00899885073189268,0.0892230353484536,0.000747053337154964,0.00483114201232659,0.0211270466647887,0.0161813373193631,0.0179760747052642,0.0396756485508209,0.793345562875989,1.95579168938192,0.00350884644792769,0.00215444626681216,0.00399631922965258,0.236199848549599,0.000269803493662709,0.000196249666702053,0.0227147096183863,0.0509833163982445
