0,0.452456682920456,247.18593275547,0,18.5253679156303,17.14491507411,11710.113037467,461.230106174946,1.18589270114899,45.5247904062271,40.0034599602222,7.85388600826263,4.56099343299866,7133.85008147359,55.8748251497746,1.81123208999634,809.10194721818,50.0724639892578,290.294017106295,0.680948674678802,354.730899184942,0.869109511375427,646.914872676134,25.2454234063625,0,183.592548340559,359.046777367592,146.616694152355,7529.32255679369,12526.2650068402,2.50716772675514,7.06460610032082,117.520920455456,358.674285322428,36.5829082429409,381.721484035254,77.3797633051872,284.683500677347,100.291618853807,26.8158984780312,20.4938352704048,5.10925453901291,10.4189774394035,3.00849330425262,8.58949667215347,2.56733581423759,9.15111806988716,0.619177639484406,0,0,0,25.8895399272442,0,0,0,1.00186216831207,0,1.16930210590363,0,0,0,0,0.576005697250366,0.740726172924042,11.3155811727047,8.90253895521164,0,0,0,27.4836354255676,2.53220689296722,11.2667917311192,16.2050046026707,0.500666379928589,4.10414215922356,47.872830748558,39.29041492939,3.3306288421154,8.01956826448441,0,0,0,4.12908565998077,6.99606913328171
0.452456682920456,0,111.139300972223,1.53468751907349,18.3861802220345,2.77160966396332,18.9882790446281,8.20316097140312,2892.68448147178,15.2464690208435,162.415874063969,5.0001420378685,1729.09733134508,15.2775325775146,66.2327380180359,320.194231420755,300.749621033669,2.66069078445435,52.0321752727032,2.31063875555992,53.0895518958569,5065.83566763997,180.793360173702,5916.23519599438,1067.33856728673,694.765561372042,22507.8535184562,266.576076716185,16.3131728172302,18.5123417675495,215.670175731182,8.17148047685623,5.61946842074394,264.517475306988,47.2855222821236,496.868298143148,169.368046671152,332.022881448269,281.956940710545,20.215393871069,4.58867418766022,787.827838361263,493.960432469845,202.072662949562,222.233174145222,203.189895242453,7.94944384694099,6.16971856355667,61.6050053238869,0,3797.53357297182,263.082434654236,0,0,0,15.9243429601192,3.23476427793503,78.8380355834961,2.64443370699883,178.498944669962,0.576319813728333,904.812863111496,5.96048939228058,1.43184244632721,88.8677558898926,426.981295883656,10.5775305628777,213.131772309542,1.32319366931915,23.4117449522018,261.550896167755,168.520987987518,161.683414369822,126.783416748047,947.316726624966,6109.53110045195,95.7127611935139,5.48316919803619,32.3480257093906,300.121754229069,0,1.29377233982086,107.835363537073,55.1619363427162
247.18593275547,111.139300972223,0,0,21.8328102231026,60.6417052447796,1022.34105670452,592.163904070854,4.70053118467331,21.0705215036869,108.385402321815,7.72146195173264,11.2662533819675,963.546387255192,92.1329636871815,27.0633922815323,13349.2416355014,133.714120268822,1698.36914131045,0.689251244068146,5229.57739815116,86.2984853684902,48956.8247088194,15.8049930036068,4.42849230766296,39749.4528000653,30843.393987745,177.203748464584,361.932147979736,1331.73083645105,18.5760020315647,6.68337064981461,27.6711364388466,2689.147167027,425.315002322197,7469.14833632112,4287.72534155846,3726.72551286221,3104.89688518643,36.2465530633926,56.2943594753742,13.535482943058,3124.61754286289,792.989903390408,1511.5815371573,1527.32751655579,31.629203915596,21.2979794740677,0.6367227435112,6.03215578198433,561.239672243595,8586.83946210146,0,1.77888777852058,0,308.611563920975,22.172848969698,26.9933821558952,1.52671927213669,34.2090336382389,0,21.0595467686653,29.1635645925999,5.84091848134995,160.21409907937,7998.35368105769,35.5974750816822,551.245190680027,0,147.920265585184,371.043110221624,1920.12127912045,113.381148189306,14.8261147737503,3429.56735748053,16283.3242554665,137.265569388866,10.9934172928333,199.087547272444,2.40723764896393,0,0.363100379705429,1239.72818289697,234.451426208019
0,1.53468751907349,0,0,149.225246161222,144.494946330786,208.1520858109,32.0773856043816,2569.9747864902,7589.50287011266,3.82703113555908,4642.56014144421,2.48587223887444,22.0383259654045,638.401894062757,0,0,0,0,21145.0685321093,1.77145546674728,0.971246361732483,0,4549.22708049417,3.85091683268547,1.84050154685974,0,10564.4517124891,39.062181532383,0,0.778604686260223,6.46583339571953,4.69028335809708,34.9817022979259,6.26924628019333,218.728277236223,2.0343405008316,31.7582657635212,12.0651059448719,539.256196022034,36.610306084156,8.17431491613388,86.0743739902973,3.76194456219673,45.9111184775829,5.31917208433151,324.395559459925,45.2959263324738,1.54120194911957,0,8.64883178472519,0,2496.77535310388,13.8164269030094,140.858749419451,684.683806449175,43.6962715089321,850.663171589375,2005.44683733582,22.3507998883724,1063.18815124035,7.99571841955185,40.4252958595753,120.352766722441,0,0,0,0,796.916220784187,0,18.4749450683594,0,686.740144073963,0,1.48144388198853,9.30708622932434,1912.80933016539,25.6964230537415,0,0,3.73535817861557,1.72842818498611,35.6193026304245,0
18.5253679156303,18.3861802220345,21.8328102231026,149.225246161222,0,3452.71356990933,475.826826035976,333.054469436407,217.649888217449,808.137383729219,40.8133561909199,1252.49960637093,14.9326713681221,127.145783513784,4470.43368896842,39.7739030122757,34.5278727114201,7.4979082942009,7.2924565076828,127.283522158861,1417.7480302155,19.9917737543583,903.415784031153,347.827887535095,17.2541126608849,18.6273754537106,64.6452732980251,854.27377474308,138.946545928717,627.955132633448,2.11917400360107,2374.92758151889,24.940877199173,936.847316473722,2326.86782574654,376.891885787249,133.313288241625,63.4845347702503,89.0187275111675,12206.4949552715,2894.50509241223,7.07964366674423,45.7765224575996,4.73490160703659,9.67710703611374,11.6788118779659,228.782334089279,6.59174141287804,0,0.651603102684021,1.6581072807312,0.845289349555969,120.465397328138,9.785071849823,60.154347628355,60.92183765769,4.4292171895504,25.4841256737709,122.361926347017,6.05436444282532,124.447254240513,7.35844016075134,10.8101418614388,87.2929192781448,39.0189471244812,2.55309835076332,0,1.59577465057373,63.7363591492176,21.1696240007877,4.19597434997559,23.2521270215511,87.8486796319485,0,1.71362519264221,16.7993304133415,156.228388518095,6.43209999799728,10.3465829491615,0,3.47283190488815,0.771220922470093,6.87027114629745,1383.50681057572
17.14491507411,2.77160966396332,60.6417052447796,144.494946330786,3452.71356990933,0,5796.24652639031,12985.4240546525,102.15610897541,21760.0443762541,415.95001065731,8488.70888084173,157.727498203516,1589.88812807202,5023.27716183662,0,54.5264521241188,123.628909796476,36.6745484769344,292.656191170216,195.344102472067,1.18595069646835,107.634430676699,43.7206409275532,42.4546543359756,204.273162692785,51.9909101426601,229.455533325672,283.107890129089,164.154143810272,37.3314830362797,288.327387690544,8.9774711728096,553.002088457346,2487.27483296394,1004.71959775686,46.2048578560352,321.607843756676,68.0269725322723,7158.70518386364,1480.46269875765,105.927318245173,82.1204415559769,17.1792362928391,29.1249872148037,10.92570322752,476.506251871586,8.8829460144043,3.22733643651009,0.5919588804245,1.48127698898315,2.9132864177227,254.341958850622,18.499864846468,126.030429512262,102.758309692144,12.0127183496952,42.473201751709,263.997935980558,14.1812806725502,305.387495964766,25.898033708334,7.9858586192131,158.520103007555,0.919746518135071,0,0,0,158.377687573433,0.57750391960144,0,2.58322128653526,143.179676264524,0,0,3.9913282096386,329.869046837091,3.18348529934883,16.9346150457859,0,5.7373828291893,0.441928714513779,11.0953920781612,234.771930128336
11710.113037467,18.9882790446281,1022.34105670452,208.1520858109,475.826826035976,5796.24652639031,0,16488.036708802,2728.77769425511,17908.6077048481,717.337324261665,288.303950756788,305.923648148775,24618.2208090425,1928.00540143251,11.1350877285004,588.761435627937,293.776409178972,237.019904315472,24.9542833268642,12604.3112522662,35.3708829879761,2224.15460181236,5253.23503428698,342.51507371664,738.725778281689,538.247081652284,70619.0930944383,7070.54307687283,15509.5875386894,68.7605173289776,368.250599294901,419.503614544868,3194.53108203411,526.28685477376,11838.1323609799,733.085446327925,3614.71203914285,1302.71966964006,1336.67623925209,1517.69381213188,365.760531753302,2146.80766221881,238.633063673973,771.50870102644,192.548928767443,1206.86518901587,611.208819240332,16.7126247286797,14.5133595466614,2.34494632482529,120.100656718016,492.083611369133,21.4021272361279,189.344884246588,4446.72380149364,405.614894866943,781.073503702879,695.118331491947,324.196741700172,72.9953087568283,246.235104054213,413.900622993708,183.065135836601,47.232190489769,36.8866020441055,0,7.26355218887329,127.164874702692,116.950499624014,34.9475907683372,123.145402908325,4773.6584097743,1.36036291718483,98.7107382416725,239.021961688995,8126.22781690955,484.649922728539,416.480466902256,19.8087765276432,12.1451304554939,67.056559741497,593.304904550314,97.8299255073071
461.230106174946,8.20316097140312,592.163904070854,32.0773856043816,333.054469436407,12985.4240546525,16488.036708802,0,50.992695838213,11164.779730767,856.001307308674,3650.64451441169,277.861895382404,19293.5698309243,381.669205367565,11.6378482580185,1179.6881031692,322.929781883955,457.562235325575,216.601797580719,1173.6709459722,3.17875948548317,1174.97886919975,69.7494875192642,142.403124153614,660.938805580139,630.025709956884,469.34709841013,1605.56192669272,3987.20471975207,61.9146564304829,190.888959765434,141.003206342459,1076.87350001931,116.358862817287,5717.89866261184,386.396111756563,903.723807483912,351.584228277206,1526.28451108932,454.303338229656,157.543352603912,211.617788672447,65.0075252354145,33.4871654212475,15.1768229901791,140.684973865747,14.4362607300282,5.28774833679199,2.03239130973816,3.90944421291351,35.1395621597767,5.57762411236763,1.75845763087273,7.68300837278366,125.680639922619,0.979855626821518,26.7687135338783,14.3960404396057,17.115932404995,17.0927716195583,67.9600966274738,6.55372983217239,17.9278592169285,18.3810793757439,5.39487528800964,0,2.65092366933823,7.01795327663422,42.3148324787617,9.58533442020416,12.9601035714149,546.905099630356,2.01935783028603,8.23405465483665,70.842473089695,857.603726238012,21.0416777431965,61.6541315615177,0,0,6.58463388681412,19.99071803689,21.9486017525196
1.18589270114899,2892.68448147178,4.70053118467331,2569.9747864902,217.649888217449,102.15610897541,2728.77769425511,50.992695838213,0,3330.16224575043,84.922932356596,1512.54155728221,567.561067670584,45.5654993951321,773.174770653248,163.140800744295,29.6613566875458,10.3098993301392,5.94305384159088,917.51152279973,60.5730227530003,7218.56319230795,82.4531895518303,26070.6752414405,431.650368452072,84.4115000367165,4788.91227260232,7588.95077523589,315.707253098488,30.6510896682739,129.486224919558,19.5767655670643,108.477188110352,209.97771474719,204.410829335451,480.365179777145,56.7385185658932,190.27536803484,74.2032163143158,358.691324532032,66.7986447513103,179.317240655422,671.665846318007,52.326432466507,229.295993387699,71.5932181477547,366.334265321493,138.88757404685,19.9226557314396,18.5843957066536,41.0474280118942,10.0298080444336,1681.44689121842,16.9266490936279,160.119691550732,1015.81310418248,164.232194751501,4421.50234502554,503.576245576143,153.40160498023,481.615911126137,264.734523057938,177.62430152297,143.287858426571,581.09424367547,5.86196750402451,22.008186519146,8.59311684966087,302.643420100212,153.148336231709,795.687931537628,173.922282993793,5933.13717076182,41.3973288834095,89.571048438549,212.128581404686,3869.60471609235,312.513997405767,151.120744258165,63.074278742075,21.7573665380478,31.7792385816574,209.093747228384,294.257302254438
45.5247904062271,15.2464690208435,21.0705215036869,7589.50287011266,808.137383729219,21760.0443762541,17908.6077048481,11164.779730767,3330.16224575043,0,1998.82069453597,7832.42663037777,803.368876129389,8011.63900253177,2581.60006341338,0.885477662086487,45.0718215107918,582.249032348394,152.398713380098,9503.93716078997,90.6808204352856,1.60701525211334,56.4883205592632,1251.24291330576,170.168926566839,854.769649833441,102.594661772251,5987.56108507514,4944.55651512742,190.452444791794,99.2579048573971,970.901394695044,107.299336105585,5011.49348026514,709.948561996222,11284.0521420687,250.041968017817,4399.6947003305,774.160448729992,3424.33151647449,3012.72187918425,855.774499803782,1047.15409684181,67.8929154276848,479.165686458349,88.6733037531376,2032.28445497155,475.494851708412,18.0457283854485,1.68826925754547,16.7507664561272,1.30207812786102,6412.23199003935,74.9405645132065,547.378869831562,7505.77556997538,283.801967889071,2425.31894552708,5871.55746087432,196.788432598114,1401.71288853884,105.548905730247,191.071478933096,420.528869748116,0.649669170379639,0.657843172550201,0,0.447688430547714,1599.65435475111,5.69852542877197,33.9239292740822,8.07245835661888,4621.21727150679,6.50478172302246,5.02826583385468,9.77642711997032,10418.856140703,147.049759984016,43.2173334360123,0.524427771568298,5.65545135736465,13.5393979549408,316.304516077042,93.9156323671341
40.0034599602222,162.415874063969,108.385402321815,3.82703113555908,40.8133561909199,415.95001065731,717.337324261665,856.001307308674,84.922932356596,1998.82069453597,0,1263.07442909479,8391.7363384366,1035.68448683619,48.0237763822079,9.2881253361702,1214.90211619437,6949.31389708817,652.853420436382,82.5374168753624,531.330897301435,70.9102504849434,894.823666095734,112.940991312265,528.542273640633,6758.01387327909,580.745823159814,152.226684272289,1302.56541225314,432.7594794631,1510.54597008228,2069.34674140811,44.4869401752949,10574.4661735743,113.771114587784,1958.24329143763,2838.00566056371,6540.71403825283,988.951220333576,189.737304538488,51.1431714892387,2580.84393534064,53.9557167887688,521.384829580784,68.6277819573879,21.4656707644463,44.3443640470505,2.46424901485443,206.42924785614,0.774233400821686,249.062609881163,24.5524751245975,1.11968237161636,0,1.0810264647007,16.1696693301201,1.82354882359505,64.9903527796268,2.67083704471588,653.125746965408,1.82373422384262,3252.01222795248,2.33470261096954,4.08007955551147,2.69415506720543,17.2388859987259,1.44529855251312,0.47933155298233,0,5.1159605383873,123.691840171814,14.3716540336609,108.44324529171,414.054793506861,152.819373071194,254.016570359468,113.743456542492,3.5509729385376,7.25922846794128,446.195757359266,3.53312274813652,2.53155899047852,82.9430088996887,38.292306303978
7.85388600826263,5.0001420378685,7.72146195173264,4642.56014144421,1252.49960637093,8488.70888084173,288.303950756788,3650.64451441169,1512.54155728221,7832.42663037777,1263.07442909479,0,499.225673854351,2773.0456918478,3391.87415415049,0,16.8521409034729,339.916927307844,93.8727950453758,8846.88746419549,17.7410976588726,2.13446778059006,16.374258518219,623.235756278038,62.3860229551792,469.29785913229,59.4124242663383,4043.63154047728,865.303084611893,45.6547376811504,42.9048064947128,369.78689172864,4.3606216609478,1694.18092319369,16139.1264565885,1531.14135155082,98.73395845294,1191.79395350814,133.817268252373,4541.56094497442,866.973492175341,428.173945873976,244.416952699423,31.657261967659,88.7859404981136,42.6995762884617,1417.99352431297,54.5179214179516,9.11619675159454,0,3.97837501764297,0,2622.92923972011,90.3675118684769,586.52800861001,660.906037509441,101.254113823175,481.678487151861,2527.87859490514,48.304277330637,2304.16611272097,32.2601040899754,86.5317824780941,546.821624338627,1.23149573802948,0,4.18890851736069,2.90404638648033,1217.58936497569,2.0637771487236,5.39678382873535,5.04455709457397,694.106214046478,6.57823157310486,11.1210432648659,8.98986306786537,1593.91604861617,23.0911937057972,3.06832835078239,0.722688853740692,19.0675579309464,1.35376262664795,49.8147569298744,5507.77052256465
4.56099343299866,1729.09733134508,11.2662533819675,2.48587223887444,14.9326713681221,157.727498203516,305.923648148775,277.861895382404,567.561067670584,803.368876129389,8391.7363384366,499.225673854351,0,222.361395120621,18.1221480667591,24.2311126887798,6.39409446716309,22.5941089391708,5.62644973397255,34.8032840788364,40.7722479701042,745.964103788137,34.7213206589222,876.533512532711,10312.6592473686,201.004528939724,1194.15963128209,81.0425398051739,189.538409024477,73.4357804059982,2921.46474358439,584.116265326738,8.583287358284,3889.76738363504,54.510051459074,824.452213764191,4036.65795817971,5390.15818485618,219.859689831734,114.587024480104,20.1570844948292,6011.54207375646,43.7021338939667,2288.42531424761,272.796871185303,32.5904081463814,49.073762357235,7.03902989625931,1187.68650272489,0,1249.95924139023,1.78865015506744,0,0,4.23030227422714,3.25495570898056,9.59091135859489,428.49774864316,5.92904561758041,3907.57054039836,9.33282640576363,18027.7234651446,28.7310245633125,0,22.3224110007286,0.360903203487396,7.50488257408142,1.12089306116104,6.01554095745087,2.52779704332352,597.471985697746,6.81893455982208,254.419296264648,3611.88666632771,1223.21152707934,2030.80453059077,29.3810914754868,38.857762157917,5.81086093187332,3081.31716555357,46.6276517510414,0,406.964989483356,27.0100105404854
7133.85008147359,15.2775325775146,963.546387255192,22.0383259654045,127.145783513784,1589.88812807202,24618.2208090425,19293.5698309243,45.5654993951321,8011.63900253177,1035.68448683619,2773.0456918478,222.361395120621,0,493.64513322711,9.77037993073463,2801.98105192184,510.615264117718,1133.23754024506,197.184882998466,1441.40341418982,7.38068723678589,2190.81419855356,163.787096172571,76.7102352976799,1027.64171673357,1326.2792994082,874.105643421412,17760.991217196,16181.258323878,57.6145081222057,283.997160404921,506.584104955196,2330.270308882,178.07279959321,4018.76291550696,438.273612886667,1461.95071297884,510.478965044022,371.762328594923,190.573895037174,83.9188615679741,189.140286207199,33.1598608791828,25.1159382760525,15.7651446759701,157.569046616554,10.3112438321114,4.16358530521393,1.07805559039116,5.2940981388092,52.708434253931,5.25800377130508,0.887937813997269,4.2106004357338,167.810110032558,3.95856615900993,16.0097815394402,14.8539908826351,11.208387285471,7.59816733002663,51.5812187194824,7.15971437096596,13.5541414618492,46.0177370011806,13.2126856148243,0,5.1383019387722,1.47737875580788,123.198750466108,18.4147559404373,46.679256349802,466.972321093082,1.61473640799522,11.4013933241367,164.140677422285,901.101457208395,28.6393946111202,106.21123623848,0,0.347015708684921,7.88290497660637,29.6228530406952,15.9281476736069
55.8748251497746,66.2327380180359,92.1329636871815,638.401894062757,4470.43368896842,5023.27716183662,1928.00540143251,381.669205367565,773.174770653248,2581.60006341338,48.0237763822079,3391.87415415049,18.1221480667591,493.64513322711,0,42.8550435900688,114.377596348524,30.8674283921719,74.974310874939,440.378393411636,1798.53583547473,65.9953770935535,1031.97500351071,1492.76993632317,56.7173289060593,162.498487442732,516.25716277957,2887.58042538166,466.570525944233,1779.80740424991,7.26037228107452,279.623691767454,71.0972036719322,135.63702237606,1808.46707478166,890.742094397545,443.399861395359,189.16896930337,462.931213468313,2347.79041570425,165.160320341587,18.7694217860699,217.084957838058,28.4526605904102,52.3140327036381,85.1592963039875,540.872489839792,46.4894015491009,1.37932974100113,0.4190454185009,3.39996755123138,13.5020432770252,394.980604827404,34.2834071815014,150.790199160576,366.866776734591,33.5161592662334,92.2713592946529,340.642436802387,16.1255745887756,363.782482713461,28.9974954426289,20.3650447130203,159.471071332693,38.5189155936241,11.109133630991,2.9238144159317,8.49222221970558,181.484384715557,60.2014063894749,24.6394319534302,66.0232598483562,415.090438961983,0,35.3801746368408,110.592102080584,764.670622080564,46.9451127648354,55.7466220259666,0.869513690471649,12.9722321033478,10.272900223732,36.8529703915119,996.368992954493
1.81123208999634,320.194231420755,27.0633922815323,0,39.7739030122757,0,11.1350877285004,11.6378482580185,163.140800744295,0.885477662086487,9.2881253361702,0,24.2311126887798,9.77037993073463,42.8550435900688,0,22.1596131324768,5.86360418796539,14.7650955617428,0,9448.37389653921,6384.25114235282,8403.07337602973,9227.17776912451,26.6096022725105,45.1315471529961,6349.08302253485,5222.06785720587,51.1988404989243,54.8128203451633,11.6028099358082,0,19.5898470282555,61.3460682034492,121.950679898262,1772.19752517343,713.371960252523,490.730599284172,449.969544649124,17.7806265354156,20.1933393478394,11.9979825019836,879.397814244032,224.052054196596,452.518578827381,355.970724225044,44.210419178009,13.8298888206482,2.07143586874008,7.53971442580223,66.643001884222,126.206321179867,0,7.94784957170486,1.76386535167694,73.1042635142803,12.7884576022625,64.402908205986,2.50428256392479,15.5983442366123,1.31644755601883,17.9899397492409,14.4956760406494,23.1297749578953,11745.8716457188,75.0721908211708,0.520460069179535,14.2627557814121,0.412634998559952,1552.50881028175,3170.4541079998,8372.00790852308,1781.59209495783,1.39825785160065,47.4354359209538,4291.41927775741,1263.37541458011,30.7014518976212,254.033367991447,2.75210386514664,0,10.3981098234653,62.5576503872871,60.3658400774002
809.10194721818,300.749621033669,13349.2416355014,0,34.5278727114201,54.5264521241188,588.761435627937,1179.6881031692,29.6613566875458,45.0718215107918,1214.90211619437,16.8521409034729,6.39409446716309,2801.98105192184,114.377596348524,22.1596131324768,0,944.153987675905,9014.25179953873,0.610392868518829,1739.05376523733,34.9596709609032,17533.6257194579,30.5722850263119,24.5918620526791,18276.2896650136,19871.3084452152,147.121428459883,1731.68746176362,2997.64642113447,39.3480992019176,12.8893346488476,182.4732401371,5274.4412881434,99.4846268892288,2081.63215392828,5821.34842416644,2173.62172359228,967.307391345501,25.7074065804482,42.5688425600529,12.1074261665344,773.726297974586,417.282429873943,372.4707711339,391.314300090075,4.24170228838921,0.510289072990417,0,0,541.440546363592,870.409408688545,0,0,0,2.81989449262619,0,4.32391363382339,0,11.7304633259773,0,3.20470541715622,0,3.49371391534805,49.5692755877972,1779.5302863121,18.1998623013496,812.618746906519,0,42.3266221284866,77.8406282365322,168.610508263111,14.4439894556999,6.52738910913467,2546.83795660734,5734.80705824494,24.1270705461502,0.634858727455139,34.6220694184303,9.22088396549225,0,0,260.515870496631,16.7537974715233
50.0724639892578,2.66069078445435,133.714120268822,0,7.4979082942009,123.628909796476,293.776409178972,322.929781883955,10.3098993301392,582.249032348394,6949.31389708817,339.916927307844,22.5941089391708,510.615264117718,30.8674283921719,5.86360418796539,944.153987675905,0,3427.95467236638,31.9806212186813,511.489852517843,5.49267250299454,983.555676460266,9.15031161904335,7.4952038526535,5297.30897474289,635.639542907476,62.396032512188,590.897371411324,353.486954599619,83.2544333636761,470.833433896303,36.2381745576859,3691.52396261692,198.902354001999,2656.79004535079,4161.779096663,5721.65970174968,2122.747826159,60.8508735597134,14.4497981667519,18.6605750322342,7.85821869969368,156.560709029436,13.1132997274399,20.7207809686661,4.18818002939224,0,0,0,15.738797545433,13.1059086918831,0,0,0,0,0,9.32273662090302,0,168.273675978184,0,324.646285802126,0,0,2.60275813937187,11.0651265382767,1.43781471252441,7.21060246229172,0,0.363676369190216,2.9272985458374,6.71219030022621,0.355469822883606,29.8071801066399,591.137381404638,471.839963614941,0,0,0,487.031556963921,0,0,3.05466464161873,39.5231847763062
290.294017106295,52.0321752727032,1698.36914131045,0,7.2924565076828,36.6745484769344,237.019904315472,457.562235325575,5.94305384159088,152.398713380098,652.853420436382,93.8727950453758,5.62644973397255,1133.23754024506,74.974310874939,14.7650955617428,9014.25179953873,3427.95467236638,0,5.41532009840012,1406.41338005662,18.9591990411282,4395.85744896531,11.1985765695572,13.1247543692589,24481.2318472117,4188.77273394167,84.6932414770126,1071.06504881382,1074.57705628872,34.2475500702858,86.4467942118645,95.91745865345,4796.76342201233,315.564215451479,4239.26375380158,4933.5721783638,4443.61590823531,3011.17199769616,29.6218432188034,31.9170081913471,19.0384536683559,228.699886828661,222.616028696299,142.30959290266,117.87651565671,10.2168135941029,0.956205487251282,0,0,99.241119325161,200.011205360293,0,0.76613062620163,0,2.36792182922363,0,2.24489936232567,0,62.3265361785889,0,72.0420523881912,1.51555180549622,3.55569326877594,15.2351249158382,356.342650711536,9.76088181138039,354.895134627819,0,3.25464531779289,24.6560373902321,36.3544924557209,6.09665229916573,35.0626405477524,1646.67329502106,2242.77964821458,8.7486871778965,1.09131991863251,1.99312603473663,183.831297814846,0,0.844008266925812,59.3193287551403,80.6635850667953
0.680948674678802,2.31063875555992,0.689251244068146,21145.0685321093,127.283522158861,292.656191170216,24.9542833268642,216.601797580719,917.51152279973,9503.93716078997,82.5374168753624,8846.88746419549,34.8032840788364,197.184882998466,440.378393411636,0,0.610392868518829,31.9806212186813,5.41532009840012,0,2.00360503792763,0,0.34579461812973,711.343242496252,8.96496975421906,31.8881092965603,4.61396026611328,9382.03520455956,114.726753354073,3.12615239620209,2.07826340198517,41.7841032743454,3.68090498447418,117.660299569368,10.1431164741516,340.338754683733,5.66361737251282,117.930105566978,21.0097622275352,478.145964592695,90.0764921307564,35.7398643493652,121.758996665478,9.40088447928429,44.3772300183773,10.4510338902473,376.794008284807,41.6391759812832,2.05148488283157,0,2.19356632232666,0.58161062002182,2423.14139908552,31.8385840654373,155.476194113493,766.563988357782,40.1082056164742,430.773392915726,1394.10203421116,22.8796020746231,717.031113654375,20.8037716448307,36.0026760697365,147.183615803719,0,0,0,0.391640812158585,499.829866528511,0,3.78601521253586,0,618.922284185886,0.908084571361542,1.68910530209541,1.42520773410797,1531.37138217688,15.5907510519028,6.17197912931442,0,3.06598830223083,1.25475686788559,47.766448199749,2.087646484375
354.730899184942,53.0895518958569,5229.57739815116,1.77145546674728,1417.7480302155,195.344102472067,12604.3112522662,1173.6709459722,60.5730227530003,90.6808204352856,531.330897301435,17.7410976588726,40.7722479701042,1441.40341418982,1798.53583547473,9448.37389653921,1739.05376523733,511.489852517843,1406.41338005662,2.00360503792763,0,299.686866432428,54287.1659227908,1281.85339531302,2.50330156087875,2050.11195987463,2811.96087837219,9656.8079046309,1188.17242133617,44171.2486268878,69.0812400281429,30.6951369047165,442.184796631336,13623.590118438,2627.54759854078,25672.6508235633,5185.37932467461,21611.3472061753,11381.8643938303,364.927329570055,372.816496551037,72.6591743528843,493.436826199293,86.8419404923916,211.252188920975,187.660474330187,194.846752256155,35.7121290564537,1.21073526144028,13.2336993813515,42.5064612329006,482.932067036629,0,12.4955542683601,2.616112023592,96.7252066731453,38.7857647240162,54.1403196752071,5.73486238718033,22.257265239954,3.5019907951355,6.50523847341537,49.7446774840355,52.4522961378098,5016.88484248519,279.374907493591,0.364125609397888,16.8694991469383,1.55381047725677,3716.57745185494,1109.31412816048,4999.62559401989,2170.2895449698,0.531569480895996,113.246927678585,2203.09230181575,2248.89116981626,197.290152817965,1308.34265637398,1.76899266242981,1.86468908190727,54.0684492588043,128.136660665274,520.745076417923
0.869109511375427,5065.83566763997,86.2984853684902,0.971246361732483,19.9917737543583,1.18595069646835,35.3708829879761,3.17875948548317,7218.56319230795,1.60701525211334,70.9102504849434,2.13446778059006,745.964103788137,7.38068723678589,65.9953770935535,6384.25114235282,34.9596709609032,5.49267250299454,18.9591990411282,0,299.686866432428,0,911.09698793292,17718.5442984104,477.702794253826,87.8796847760677,11632.0821746588,1119.43085539341,10.9992594718933,17.2602614164352,138.305250763893,4.4257920384407,4.65161168575287,84.864856749773,34.4277798235416,283.981587052345,114.310908704996,187.816952943802,101.894078612328,39.3601794242859,4.79905015230179,250.470419675112,718.121575593948,157.460444748402,297.96362811327,250.624110221863,22.4216904938221,10.877583861351,17.7244012951851,5.44349271059036,386.226209849119,218.806412965059,0.593932151794434,5.37758356332779,1.54033660888672,70.1179089546204,15.4046398997307,356.166985690594,3.38474094867706,102.189932525158,2.47366368770599,358.390072315931,18.9568708837032,6.86126902699471,4034.4972127378,295.340716063976,8.75260457396507,33.7923131287098,0,320.756485283375,4171.93921634555,1567.92606067657,2317.29067906737,56.4164739251137,144.726390302181,5076.35171729326,1054.85639926791,50.1300937831402,106.085178762674,97.5138137340546,1.44564819335938,6.85705459117889,71.9090830385685,62.3661436140537
646.914872676134,180.793360173702,48956.8247088194,0,903.415784031153,107.634430676699,2224.15460181236,1174.97886919975,82.4531895518303,56.4883205592632,894.823666095734,16.374258518219,34.7213206589222,2190.81419855356,1031.97500351071,8403.07337602973,17533.6257194579,983.555676460266,4395.85744896531,0.34579461812973,54287.1659227908,911.09698793292,0,1708.77784997225,21.3149532675743,9779.73089963198,40498.1995812654,7015.39812782407,1169.90892115235,9779.89505663514,102.883571118116,14.858632683754,223.162583947182,9413.69331398606,3339.37958306074,40509.7989419103,20225.3186073899,29746.6040532291,20510.5871667862,337.576865971088,615.288990795612,145.102280884981,3533.837870121,801.871975541115,1914.1192381084,1416.51069784164,149.642058610916,32.6406225562096,1.52630823850632,9.24213632941246,200.351864755154,6305.57244879007,1.5119294822216,15.6355786025524,4.24527931213379,863.201394408941,81.2948950231075,46.6452125012875,4.90325450897217,36.7221283614635,5.09879231452942,23.6171771585941,106.044703483582,44.8774963021278,13241.6214721203,2798.91139507294,17.4013496041298,188.13695679605,1.62995898723602,3103.46904325485,2312.84101879597,22526.5247955024,1514.99999013543,7.96853446960449,917.408927068114,22247.7545666695,1543.63017576933,47.5525633096695,599.765003055334,9.49069598317146,1.17898261547089,10.3637209832668,677.359918609262,869.487581878901
25.2454234063625,5916.23519599438,15.8049930036068,4549.22708049417,347.827887535095,43.7206409275532,5253.23503428698,69.7494875192642,26070.6752414405,1251.24291330576,112.940991312265,623.235756278038,876.533512532711,163.787096172571,1492.76993632317,9227.17776912451,30.5722850263119,9.15031161904335,11.1985765695572,711.343242496252,1281.85339531302,17718.5442984104,1708.77784997225,0,702.381337821484,136.235908836126,11053.2495195717,16598.7668620348,766.007372975349,283.766968846321,181.05915170908,15.627915173769,249.904162287712,396.869098186493,93.3369594216347,1522.92947554588,184.307491064072,420.947109699249,224.121070206165,720.377810716629,116.348443537951,299.879077970982,2898.87034621835,177.814619779587,945.941424548626,261.881886363029,841.655368238688,597.663931488991,32.7399366497993,65.039401113987,103.464764922857,101.055727124214,1125.96818652749,19.7924011945724,134.983086466789,2640.18897920847,505.838950186968,3604.24530896544,636.485935717821,298.228074908257,200.129648298025,303.868562161922,755.751824140549,213.34568053484,1853.62443053722,59.5745516419411,2.2641995549202,19.4219078123569,178.55856692791,1619.92960909009,1313.60217416286,1060.85651868582,16088.7661647499,63.1710454523563,79.3623349070549,1434.90409442782,13832.3476542532,1644.58474826813,1852.8655449152,42.800628811121,78.9321404397488,222.875967025757,756.316813915968,108.40721604228
0,1067.33856728673,4.42849230766296,3.85091683268547,17.2541126608849,42.4546543359756,342.51507371664,142.403124153614,431.650368452072,170.168926566839,528.542273640633,62.3860229551792,10312.6592473686,76.7102352976799,56.7173289060593,26.6096022725105,24.5918620526791,7.4952038526535,13.1247543692589,8.96496975421906,2.50330156087875,477.702794253826,21.3149532675743,702.381337821484,0,282.218096166849,9976.7127520442,337.049309432507,55.4757598042488,44.1343888640404,588.638692736626,88.2939328253269,2.3689258992672,429.155795782804,10.8848222494125,428.324539452791,305.183979392052,419.5115211308,79.6154783964157,1284.32082515955,134.199101984501,1837.9847137928,173.359953433275,278.321805894375,99.6282651424408,41.771500647068,419.890899121761,48.2288326621056,184.486128181219,0.672063648700714,1143.65902012587,14.4117822647095,19.740313410759,4.9216176867485,19.5553395748138,78.611909776926,25.732382029295,231.195045351982,42.1975350677967,499.111210107803,9.7611979842186,3739.25171342492,27.6056783497334,29.2634310126305,48.2920570373535,23.8660815656185,10.0047783851624,33.9633314907551,15.00973123312,9.45415502786636,271.902756035328,18.2004109025002,330.59772798419,5029.00798279047,815.906884431839,2780.71513843536,171.903851807117,30.1612479686737,31.8225746750832,862.587618231773,10.2346150279045,6.54613029956818,80.8226297795773,10.7185137271881
183.592548340559,694.765561372042,39749.4528000653,1.84050154685974,18.6273754537106,204.273162692785,738.725778281689,660.938805580139,84.4115000367165,854.769649833441,6758.01387327909,469.29785913229,201.004528939724,1027.64171673357,162.498487442732,45.1315471529961,18276.2896650136,5297.30897474289,24481.2318472117,31.8881092965603,2050.11195987463,87.8796847760677,9779.73089963198,136.235908836126,282.218096166849,0,49295.5036476851,236.192267030478,1138.05081510544,1038.15943324566,1231.44285228848,836.607556045055,84.9948832988739,5987.03084489703,760.039175897837,11033.5343947411,15824.0477598906,9923.84401105344,6561.70641079545,167.0907792449,76.5367490947247,119.013414978981,4035.7851921618,3317.22624644637,1994.39033120871,1789.87474137545,233.929380118847,36.9480585455894,30.032441675663,1.76077967882156,1988.00542366505,2165.49819609523,0,2.18045353889465,1.46067953109741,91.3713030815125,3.68298697471619,125.522260278463,2.97429490089417,1180.51258224249,4.46596157550812,3097.40329810977,12.3276196420193,29.7474276721478,78.0628623366356,4858.74343693256,134.464342027903,5625.13849171996,1.47160220146179,139.652685016394,231.902922123671,552.687501206994,96.7047414779663,834.600005894899,24778.2015520036,34611.4138344377,181.229819178581,13.8101345896721,202.85947984457,4358.84298214316,2.56637370586395,2.87431597709656,979.34941214323,296.831704199314
359.046777367592,22507.8535184562,30843.393987745,0,64.6452732980251,51.9909101426601,538.247081652284,630.025709956884,4788.91227260232,102.594661772251,580.745823159814,59.4124242663383,1194.15963128209,1326.2792994082,516.25716277957,6349.08302253485,19871.3084452152,635.639542907476,4188.77273394167,4.61396026611328,2811.96087837219,11632.0821746588,40498.1995812654,11053.2495195717,9976.7127520442,49295.5036476851,0,2245.05441054702,835.842356443405,1725.24943983555,1489.97269335389,74.22918638587,105.444809824228,10044.4632929116,2262.92903879285,28621.8804493845,8958.86718222499,17342.6326284707,16339.42436409,214.503827661276,283.907102137804,220.467602342367,12562.3076052368,4937.05158102512,5855.83203996718,5376.47759220004,244.443768411875,40.6252338886261,45.7942759990692,25.2021294236183,12575.4701430798,13266.9926020205,0,5.75591695308685,3.6723228096962,1156.0220823884,104.51539593935,383.26640611887,7.31724101305008,903.099431753159,3.1191890835762,2863.58728602529,162.674585044384,30.1040246784687,7663.39748579264,14424.2935783565,231.298217594624,5780.85197468102,0.532266497612,864.851012825966,5533.22233128548,12741.7543896735,1313.04674559832,2190.44928303361,33342.535463661,117304.851757407,1109.73679167032,37.3398448526859,780.875251203775,5001.92557048798,2.3227436542511,1.8728141784668,2920.92772683501,919.444026857615
146.616694152355,266.576076716185,177.203748464584,10564.4517124891,854.27377474308,229.455533325672,70619.0930944383,469.34709841013,7588.95077523589,5987.56108507514,152.226684272289,4043.63154047728,81.0425398051739,874.105643421412,2887.58042538166,5222.06785720587,147.121428459883,62.396032512188,84.6932414770126,9382.03520455956,9656.8079046309,1119.43085539341,7015.39812782407,16598.7668620348,337.049309432507,236.192267030478,2245.05441054702,0,3106.66439542174,12191.448974967,26.3206397742033,84.184082865715,1111.52228534222,2422.67345437407,1092.54302722216,12187.0248627663,931.495696485043,3840.18682563305,2291.4582913816,1372.12021175027,603.142457872629,120.683833509684,4698.39166638255,243.137549549341,1354.44212633371,418.570288985968,2225.23500940204,939.55018684268,17.6665624082088,164.357465803623,27.3816838264465,196.443064540625,3601.61833021045,38.6590341031551,277.645118057728,4464.66522979736,839.74271094799,3166.10024935007,2556.14692860842,404.496337413788,765.228108972311,224.63946890831,1206.72598913312,402.710843861103,2311.0870681107,79.2186226546764,0.351065814495087,25.8909847140312,1042.67234838009,3517.85096350312,789.792485892773,1974.45313045382,16174.3428581357,7.70893901586533,162.83019682765,1276.45408087969,22443.5218669772,3080.40257281065,4909.00121295452,32.6804701387882,61.5722057819366,432.525844991207,1216.62678840756,290.486463397741
7529.32255679369,16.3131728172302,361.932147979736,39.062181532383,138.946545928717,283.107890129089,7070.54307687283,1605.56192669272,315.707253098488,4944.55651512742,1302.56541225314,865.303084611893,189.538409024477,17760.991217196,466.570525944233,51.1988404989243,1731.68746176362,590.897371411324,1071.06504881382,114.726753354073,1188.17242133617,10.9992594718933,1169.90892115235,766.007372975349,55.4757598042488,1138.05081510544,835.842356443405,3106.66439542174,0,24007.442776829,96.5660502612591,1635.01209515333,4567.21508941054,6907.9439432919,180.010996848345,2988.62297558784,314.600399702787,2089.73785734177,509.063682198524,166.797058999538,207.991093337536,51.0338113903999,231.650105267763,35.5949068367481,55.7677888870239,19.9551840722561,208.244264364243,33.8512406349182,5.01228815317154,2.98278376460075,8.19899865984917,27.3867262303829,21.827679336071,1.86613941192627,4.69808608293533,322.786415964365,14.8304781615734,55.3142790794373,26.2027734518051,15.5786573886871,6.96243011951447,24.892658919096,24.1530806422234,9.53792101144791,239.895905196667,9.39127346873283,0,0.85636705160141,9.12730547785759,429.447134613991,76.570896923542,184.61846268177,684.88096678257,1.38857740163803,22.1536009311676,135.484670087695,1322.43812915683,67.0737371444702,224.151682525873,0,0.626249611377716,18.2758382260799,59.3764017820358,26.7857218980789
12526.2650068402,18.5123417675495,1331.73083645105,0,627.955132633448,164.154143810272,15509.5875386894,3987.20471975207,30.6510896682739,190.452444791794,432.7594794631,45.6547376811504,73.4357804059982,16181.258323878,1779.80740424991,54.8128203451633,2997.64642113447,353.486954599619,1074.57705628872,3.12615239620209,44171.2486268878,17.2602614164352,9779.89505663514,283.766968846321,44.1343888640404,1038.15943324566,1725.24943983555,12191.448974967,24007.442776829,0,41.5329366624355,59.2531609535217,5450.92318597436,14695.5437429547,1145.53678193688,11008.8747183383,1270.03525123,9343.23774039745,3323.6946401298,425.010145992041,520.283334165812,83.8845933973789,195.435543954372,31.3406855463982,71.149738073349,54.7366958558559,189.34679749608,44.1291709840298,1.12340623140335,6.00470128655434,19.2622911334038,138.059476613998,1.2679191827774,7.71791452169418,4.8533807694912,57.423954218626,13.5073913633823,16.8959962129593,6.48468559980392,22.5343337953091,2.88131064176559,13.2958189845085,31.9847462177277,42.819953918457,496.234711706638,84.9646627306938,0,3.29673612117767,2.31938028335571,573.68945902586,103.267929941416,530.95205655694,431.761206805706,1.22999811172485,35.4591688811779,387.353597134352,1054.72852817178,112.300946265459,337.690391480923,4.7352366745472,3.31197416782379,18.8171491026878,60.9101020097733,166.660488724709
