0,7.79170264524937e-05,0.0203586406807935,0.00101494229088741,0,0.00432847013104958,0.60300848066043,0.188515371829639,0.00155576158332009,0.0220102923411544,0.00966741442904947,0.00411421679862039,0.00119830167953546,0.711113798428491,0.000292589495427507,0.000225955305938655,0.047086957179111,0.00204889702393518,0.0132132583623802,0.000972619660191072,0.0337007725752191,0.000287520647464549,0.0986339442610388,0.00409185251599597,0.000385780983134311,0.0247044327498764,0.00657607639406483,0.0234428673282408,0.256791681256582,0.397340856149265,0.000323915636024684,0.00272822631686633,0.00108355359538947,0.0101605884520262,0.00122776978547737,0.0111306430056215,0.00292785030290465,0.00973600770087387,0.00341428285465652,0.00241902610488607,0.00127252219628023,0.00142628453301999,0.00085448651505879,0,0.000135792802039665,6.80896901587665e-05,0.000346452359979683,0,3.84537786661505e-05,0,0,0,0,0,0,0,8.79826928760049e-05,0.000208275882611525,0,9.1263557724023e-05,0,0.000355909265118707,4.2553062178874e-05,0,0.000401575107172001,0,0,0,0,3.38817314131558e-05,0.000122985642766571,0.000222057677750426,0.00118371604632665,0,4.50420689386726e-05,0.000367416005629957,0.000263229457941181,6.80401883023739e-05,7.03828302684188e-05,0,0,0,0.000156330807411164,3.31254832429648e-05
7.79170264524937e-05,0,0.000346909583846551,8.7751218508011e-05,0,0.000114012832296324,0.000373003031254595,0.00103409646866219,0.101733473644257,0.000217590024651932,0.0285322332001232,0.000407201681037391,0.170854088518179,0.00132285126985854,0.000678757965514147,0.0413100113073995,0.000416086031058812,0.000885046953311059,0.00248696371858304,0,0.00839557591239291,0.352056732309785,0.00569843595607513,0.279834457138428,0.210755773386321,0.008958582025308,0.396681251615665,0.013959683033392,0.00287052719940579,0.000118217258024847,0.0256101139840482,0.00282178636117423,7.8287142981416e-05,0.0203285154932076,0.000458891775143516,0.0057829402167136,0.00710136949821562,0.00585836492513497,0.000785066831314697,0.000918274353305516,0,0.0435087956929424,0.00927972583899773,0.0158737540079073,0.00232197986170421,0.00254016022553104,0.000230546961198413,8.68102696026565e-05,0.0161596731023338,0,0.018841537092474,0.00393792675646466,0,0,0,5.27687456954241e-05,6.35684758712411e-05,0.00138031200123523,0,0.00899250606398795,0,0.0322862747710538,8.52803610354423e-05,7.92086202911852e-05,0.00288485012888753,0.00366606519477219,0.00273584044340023,0.0123814540603985,0,0.000415451358251023,0.00394259886791734,0.00128782055809305,0.00361255862741652,0.00492434690672658,0.0200466072152444,0.161233786866551,0.000896417711679354,0.000287393749866021,0.000344482518762517,0.000614145235672295,0.000168375841832507,0,0.00196806697637735,0.00084937766121758
0.0203586406807935,0.000346909583846551,0,0.00103010378828498,0.000589957142197055,0.00664343950988501,0.0565326875738279,0.185702884450163,0.00404303372537666,0.00450873559536832,0.0492772521447948,0.00170850691312197,0.000501644072448564,0.11260968319482,0.00324063437536168,0.00416607938906161,0.906051701297238,0.030062286545801,0.154716891298215,0.00144876698072736,0.173370866184644,0.00304223755308237,3.14910089124674,0.00789822964132443,0.000206683299708509,2.42824593960853,2.02699754677009,0.0785623692018229,0.0617284607915807,0.0709216034349832,0.00149482910385361,0.00223072117297917,0.00293503925999837,0.257566504321279,0.03944334336249,0.761033643323872,0.352611167118731,0.41312355724691,0.339433969313106,0.00426602517944469,0.00867433897102335,0.00229939049183518,0.0482463076610196,0.016825719169781,0.0158110396904295,0.0213570984266672,0.00270938897605451,0.000745169179931477,0.000279402695045006,0.000135127601730323,0.00481955172536377,0.137841683244304,5.77479429120183e-05,0,2.05028112875462e-05,0.00435801561073183,0.00122606353465993,0.00233591350228597,2.87887694741964e-05,0.000340640361519814,0.000107008760752916,0.00561688759145535,0.00131869529210005,0.000357490024252832,0.0448832788467371,0.0443885492016861,0.00116891644118406,0.0188838903958838,0,0.00799797577414675,0.00585230701692421,0.105715259087289,0.0185392181093708,0,0.0295629805895476,0.688806872411912,0.0163099987794591,0.00116907354945819,0.00321820425014184,0.000110263478658343,0,8.03928893352268e-05,0.00829797925670787,0.0236971481226905
0.00101494229088741,8.7751218508011e-05,0.00103010378828498,0,0.00520441154801427,0.0316702567155146,0.0308131333635822,0.0326029343664876,0.394839277194047,0.515548491639401,0.0122660491608302,0.244887151092355,0.000654409903530407,0.020115205798304,0.0895757336607414,3.25304884865641e-05,0.00117823380648861,0.002446174804966,0.000930192971967814,1.45845475121347,6.14350094459295e-05,0.000263521281054407,0.00128608390518433,0.280538892006617,0.000258749501434493,0.00205199013419779,0.000817304984046025,0.593507998453516,0.0348446685232175,0.00201049971289623,3.4153282065171e-05,0.00596976886724773,0.000126602065911662,0.0328594846623099,0.0284268843037866,0.161089531929088,0.001492881528461,0.0295106685066731,0.00469956581500802,0.132367878631276,0.0213453741587309,0.00263359104885002,0.0302099882021028,0.00082002641785188,0.0176637594603662,0.00301296892868682,0.117019617763511,0.00513768148126883,0.000217565596050149,0.00012360924646731,0,0,0.128236739453964,0.00230094411394558,0.00443041108452481,0.00136046349496422,0.0129395815265365,0.0381614896009416,0.0154164644392554,0.000852379708218077,0.0147523618636663,0.000877206760452318,0.00277974612801875,0.0255655677587411,0.000402210426832795,0,0.000327108227439201,0,0.0335987081608269,0.000143082481186974,0.000242771748149442,9.22903686652779e-05,0.140744033695242,0,0.00032412137268362,0.000130521374676489,0.159009017819314,0.00931546668755486,0.000204244692478663,0,0.000755461016088293,0.000207309358810455,0.0116893966320698,0.00222595664955386
0,0,0.000589957142197055,0.00520441154801427,0,0.0642532476533529,0.0036460579234913,0.00326145989149304,0.00531652291189619,0.00279008204258753,0.00718890688120104,0.0215050317751549,0.000855583489749565,0.00010019577046752,0.34012985014434,0.00200597758553388,0.0003654638582627,0.000307750847613179,0.000360479006582755,0.00308405979017433,0.0131066201097884,0.000342619520500517,0.0234594990851178,0.0105357993642039,0.000184025253411841,0.000212518191044318,0.00163926077299878,0.00912054404236438,0.0002678461248505,0.00364435754055469,0,0.0239568548785665,4.25926214205265e-05,0.0624836813125618,0.0966005850247358,0.00720646545522526,0.00410650009968127,0.00163449486345988,0.00184070710016749,0.886159573734708,0.421490765110504,0.00107602736385805,0.000575939709949046,0.000453070322508931,0.000175987242343033,0.000844111908119378,0.00302323372902822,8.04201517692268e-05,0.000150183743494606,0,0,0.000245610896001291,0.0015389451081066,0,0.000279753570997274,0,0.000148640581041312,0.000302410504002714,0.000155607641151845,0,0.00032823162629528,0.000223400859216428,4.97539926537395e-05,0.000241189004452694,0.000313756877772832,0,7.36157179849863e-05,0.000113723235765553,0.000643726813712597,0.000163137210356766,0,0.00037625691089133,0.00104962620803507,0,9.11615221627954e-05,0.000808136421335007,0.0024047203478115,8.48001848877668e-05,0,0,3.56197176311373e-05,0,3.63623422849596e-05,0.0733503008107744
0.00432847013104958,0.000114012832296324,0.00664343950988501,0.0316702567155146,0.0642532476533529,0,1.16039337837465,1.02459067153255,0.0265777887082302,2.18346021032281,0.0300949614277197,0.677116376169336,0.00204196067834152,0.0457178316447424,0.177564775608016,0.00017983056128093,0.00261485184928032,0.00546989064410036,0.00249757349839351,0.0447048313583911,0.00282748816140398,8.62439035922168e-05,0.011599434877021,0.0264605140558465,0.000956619720287952,0.00541556931037928,0.003047309228277,0.307505023469104,0.0316399869760835,0.00689877479354397,0.00123234496578711,0.0571639671557615,4.07482366837978e-05,0.0310424740759355,0.266493965364001,0.0674584676165071,0.00379344332147757,0.0197257339269227,0.012361645258581,0.401201409517426,0.0319010408055444,0.00739254557362147,0.0264313230626123,0.000470466426419663,0.0105919283374507,0.00300219598790624,0.0156636902917932,0.00374140188718114,0.000398918521480072,0.000126841608340788,3.10145136611402e-05,0.000111987700548416,0.00708947075598209,0,0.000922934088744059,0.000124440305167794,0.00523070443736543,0.00953901159917555,0.000486235430998957,0.000652935140282035,0.00025167044774673,0.00186010529993847,0.00158063071400242,0.00141304426165584,0.00072165671562016,0.000159321703897941,0,0,0.0006099684376077,0.000644447029530144,0.000225775971443224,0.000487855676768786,0.0345822046565121,3.07521399611235e-05,0,0.000464074198613333,0.0284462075566162,0.00652789443243,0.000800692111316585,0,0.000276101152902603,0.000326358639214754,0.00943550327686347,0.039552696230529
0.60300848066043,0.000373003031254595,0.0565326875738279,0.0308131333635822,0.0036460579234913,1.16039337837465,0,2.59802898554193,0.111010146504281,2.29845958016771,0.120992505620237,0.0595862840065052,0.00783056754520452,2.29171721414607,0.0311038598233447,0.00145760493554696,0.0195639357308904,0.0258617899190445,0.0153211115406335,0.0150850826894257,0.0352716802084709,0.00234222430802023,0.140419857351054,0.688667889095428,0.00238088408516677,0.0290792711987431,0.0219274131556814,8.93166365219764,0.308917256706901,0.497793427315126,0.00485547534729812,0.0319043967097415,0.00734932296137683,0.150221245948316,0.0915709803597411,0.441917387666022,0.0156755785171649,0.136785309523349,0.0362574916150498,0.0640284159530873,0.0572673322749389,0.0156305422919051,0.0345876513106342,0.00116529411495526,0.0130136184602377,0.00409597539644233,0.0196483391396647,0.00396278800610118,0.00156230993151959,0.000137373246548009,3.9494261527741e-05,0.000780506407614185,0.0108635944681287,0.000278403623976874,0.000629132621802449,0.00047537906158188,0.00204672927210037,0.0236405151805464,0.0010198119917314,0.000416790563991237,0.000812609889510014,0.00454376929497864,0.0012173094353118,0.00166342160404002,0.00479233678885614,5.65556872135162e-05,0,0,0.00131141321237547,0.00144864095220004,0.000528339770807612,0.00330178228548147,0.0602629789355654,0.000359227574835115,5.64877456460952e-05,0.00313141579972714,0.0415971169458564,0.00847618306848603,0.00173348758634457,0,0.000234660145450222,0.000473275224984563,0.00927844968162401,0.00571878620026068
0.188515371829639,0.00103409646866219,0.185702884450163,0.0326029343664876,0.00326145989149304,1.02459067153255,2.59802898554193,0,0.0281069219011067,0.929237689884539,0.0754232953863655,0.469423037355327,0.00920407036246629,1.68016152927828,0.0377155366350591,0.00242034130005875,0.157053469411161,0.0113099282082135,0.0488336956988934,0.0668723358133746,0.125856231133189,0.00119663218052961,0.508832768561293,0.0493892913009597,0.00366042250898652,0.116800097716505,0.0328518461929812,0.494022154275376,0.206852311369444,0.53558758452829,0.00233436474257401,0.0582218336132376,0.000928773600458481,0.126773033110442,0.0222099408195997,0.413416941515665,0.0217166954689781,0.091371758628265,0.0731297700405452,0.334039921075055,0.142122687242377,0.0384999291177148,0.00967890630074236,0.000404585475254363,0.00268886348750869,0.000884619843311851,0.0115448050934242,0.000655253065422678,0.00175667938977957,0,0,0.000305104090126616,0.00181474647104314,0,0.000138910992157424,0.000133056704032159,0.000111070861218703,0.00876693928788712,9.56639205084621e-05,0.000679506832079458,0.000103730786941802,0.0062752067423261,0.000574562289277339,0.000578673878398436,0.00320206903435364,2.65709679381073e-05,0,0,0.000146243632025116,0.00060081748513974,0.000210901260946191,0.00255058707795167,0.0269390556917831,0.000815829716956367,3.02933209635436e-05,0.00353777140583355,0.0137304098445719,0.000951306700716538,0.000797727025144816,0,0,0.000272852195069182,0.00297690604194052,0.00168594922364897
0.00155576158332009,0.101733473644257,0.00404303372537666,0.394839277194047,0.00531652291189619,0.0265777887082302,0.111010146504281,0.0281069219011067,0,0.0790363661145453,0.0225603592883792,0.131100605774749,0.0611792460005851,0.0217501331710056,0.091466074408101,0.0249592314975693,0.00183018073799261,0.0057141409046054,0.00350840387673332,0.137170618220182,0.00870277283821537,0.607874419699967,0.0117673986536872,2.69725579243945,0.0764634639808037,0.0116769007741061,0.50359302703739,0.770632773148786,0.102592914944432,0.0314845226348742,0.0167765134774573,0.00784830814234452,0.0122890014922419,0.0606798738321061,0.0888493509512535,0.318049881446409,0.0154785044300761,0.0564217996465997,0.0168205759975276,0.0921778622348224,0.0334757369578436,0.00856439825001313,0.0564917085426319,0.00483117365411403,0.0204925514706131,0.00684464040914231,0.0750902491055372,0.00569364405580645,0.00139283375532101,0.000339753490845859,0.000786565585328974,0.00135611635014069,0.165360207266586,0.00419063193140133,0.00642687217743682,0.00545860813276341,0.0160037200350763,0.204575891162491,0.0154663799207423,0.00843157777493858,0.0190297335664933,0.00320338475976977,0.00976994514745255,0.0376114706616508,0.084242739437916,0.00128838606603318,0.00290892457204979,0.00149929575366989,0.0256176831102945,0.0229134596625254,0.0515615852011597,0.0107220640117213,0.372498600026755,0.00067508892725755,0.00321147555316379,0.0115576948738676,0.244984441126515,0.0321745673206703,0.00646855486149321,0.000374025675054377,0.00268936305384529,0.000918583496238007,0.0188141802861409,0.0175137480987973
0.0220102923411544,0.000217590024651932,0.00450873559536832,0.515548491639401,0.00279008204258753,2.18346021032281,2.29845958016771,0.929237689884539,0.0790363661145453,0,0.1462211628874,0.526240145511586,0.00805622262114106,0.227358587751735,0.029955712787094,0.000129362214089942,0.0059853110112371,0.0366660582263354,0.0134069486271842,0.645777560599717,0.00101683299161946,0.000210571735543478,0.00636813269467382,0.0513299222007083,0.00229128101010976,0.0213986082865617,0.0119027647153579,1.23011211584728,0.147319181164387,0.00920117190655446,0.00454000913625525,0.0426936544101993,0.000210027437341368,0.153558103904048,0.0834194616376323,0.373026160663118,0.00931471335682373,0.129358845371895,0.0317766229752183,0.0803345445010033,0.0789272486019927,0.02338576984223,0.0160119147759882,0.000357194295819587,0.00739202216393106,0.00127629175417384,0.0222929920437701,0.000835115384105946,0.00152522168815121,9.0855802710843e-05,0,0,0.0444342004136406,0.000123461213936895,0.00117566546342765,0.0011577790625399,0.00282061807644,0.0241782218251155,0.0042120998099706,0.000135394897233653,0.00155877611414356,0.00333813131887584,0.000222849469833237,0.00343757610400443,0.000559788542853731,0,0,0,0.00408583807674725,0.000127408814820099,0.000187757498447871,0.000127592569477737,0.0683395831226587,0.000147437278237563,0,0.000324008034796232,0.0680063442358472,0.00258940866295744,0.000163808142135769,0,0,0.00014774898438009,0.00474587928893103,0.00441130164961645
0.00966741442904947,0.0285322332001232,0.0492772521447948,0.0122660491608302,0.00718890688120104,0.0300949614277197,0.120992505620237,0.0754232953863655,0.0225603592883792,0.1462211628874,0,0.189914407754592,0.294006804727658,0.165161378925146,0.00211831766915807,0.0047578043299196,0.122758190748385,0.86214666692441,0.240995512641952,0.0292132471755044,0.0642463322930789,0.0262455464480865,0.167519472939998,0.0310831123300069,0.133198226319297,0.242990366582367,0.220014124614592,0.0843748343287335,0.429970727270265,0.0406396053648856,0.0537968863134385,0.205439436002428,0.00273334972710035,0.959631707733813,0.021591012328167,0.434244147029053,0.72999689420066,0.586564753051562,0.151753464042583,0.0114262080930816,0.00861431284922765,0.199737154971671,0.00435591015700199,0.121091779955199,0.00239569334030011,0.00126763933175755,0.00112439641782403,0,0.0810487731109325,0,0.012312130473929,0.00261617170223469,0.000477217481629836,0,3.33113720754862e-05,0,0.000388153646560442,0.00564186952318107,9.33419954400476e-05,0.192886863894489,0.000128351024428761,0.599918675048819,0.000758811006200732,0.000489234685970664,0.00263720070204036,0.00148157133885597,0.00501864739090927,0.00401008796606104,0.000162018856514097,6.12153082426786e-05,0.00333221218703701,0.00222991364300673,0.00553326521148192,0.0408499962852123,0.0284705199822797,0.13889155987906,0.000204285767644536,0.00376507233763851,0,0.100417612047963,0.00146380615690141,0,0.0133338400991605,0.0137242179101785
0.00411421679862039,0.000407201681037391,0.00170850691312197,0.244887151092355,0.0215050317751549,0.677116376169336,0.0595862840065052,0.469423037355327,0.131100605774749,0.526240145511586,0.189914407754592,0,0.0146107321615262,0.120327705631499,0.396619057792638,0,0.00401163025724295,0.0413215126464681,0.0119519668081866,1.3266084480043,0.000700857322229415,8.72950397267815e-05,0.00213311476609511,0.129096432198443,0.00309988090382367,0.0227204325804654,0.00894790519280289,0.263010589974809,0.121875322327793,0.00694257267592871,0.00575339427939386,0.0604787222036862,0,0.14533785029551,0.339686369298834,0.278430519830035,0.0114673551850494,0.123906433195454,0.0414778964628231,0.352882158821544,0.0693568722072523,0.0341654709627811,0.0293466341001962,0.00126563214027974,0.0149734942533947,0.0028172475740467,0.0780166690536324,0.004296175314875,0.00250102333268761,2.95970937117219e-05,0,0,0.0553700550235727,0.00145966857265016,0.00697872110568476,0.00103035399718817,0.0134110848407232,0.0141811576699656,0.0350860492942844,0.0029688752892665,0.0448367926630616,0.00394931793030588,0.00696740523301404,0.0170424140070775,0.000299510226341629,3.02302967990756e-05,0.000508550618800342,3.17636068450212e-05,0.0158042725387003,0.00025755784198485,0.000131172707249451,0.000439610420347309,0.0642734595039979,0.000335090479338866,0.000505790532227111,0.00037633862778756,0.073735213939393,0.0103106489722233,0.000182116073365509,0.000105427975216627,0.00166724708831647,9.52760705263857e-05,0.0106761990753533,0.0686644624156495
0.00119830167953546,0.170854088518179,0.000501644072448564,0.000654409903530407,0.000855583489749565,0.00204196067834152,0.00783056754520452,0.00920407036246629,0.0611792460005851,0.00805622262114106,0.294006804727658,0.0146107321615262,0,0.015305422882238,0.000507212829976237,0.0109767902062688,0.00037046893179971,0.00173802263976613,0.00150681104590489,0.00160276779940934,0.00268384308971595,0.178191112335311,0.00273353468745679,0.129061880087497,0.791432858454428,0.0164711447166424,0.197725567326825,0.00950332580793009,0.0402253857247668,0.00223232537283413,0.105177024188233,0.0237630920496163,0,0.138170538170675,0.000889348490597323,0.0639233793481412,0.166207571584622,0.0646933497501904,0.00371939822290732,0.00250928850357086,0.00129971780640417,0.224946088193461,0.0130312989770544,0.203867950868053,0.00672743711960635,0.004219512818024,8.97160741166356e-05,0,0.125596979238186,0,0.021186799182823,0.000182042706153488,4.92753698333501e-05,0,0,9.27632358140231e-05,0.000364398084328651,0.00477437740578791,0.000106311358604819,0.35668459715551,6.87603997195601e-05,1.40309368055791,0.0010502003120796,0.000362914199132788,0.0004675170583359,0.000629077076050794,0.0213064202834847,0.0107265997075955,8.75652878720637e-05,0.000202597943337035,0.00552869548321896,0.000154025293487548,0.00743057219168429,0.17493276055491,0.0834843838074306,0.442410500442579,9.83622414203523e-05,0.00434433308552753,0.000247963137353951,0.164918013442944,0.00225564188248808,0,0.0241056211141045,0.000475043201860106
0.711113798428491,0.00132285126985854,0.11260968319482,0.020115205798304,0.00010019577046752,0.0457178316447424,2.29171721414607,1.68016152927828,0.0217501331710056,0.227358587751735,0.165161378925146,0.120327705631499,0.015305422882238,0,0.0034431735760851,0.00117853621466922,0.186118474790503,0.0203941394325122,0.0561268983645345,0.0217140152577502,0.131500508918713,0.0017143443148635,0.412868561748095,0.0453881144435128,0.00637726899394103,0.101725403507256,0.0279975217775954,0.299775634825129,1.79149168072793,0.896399541499214,0.0042828241918272,0.0446731134382898,0.00277799243911402,0.103438584276573,0.00771026215766947,0.131269753362822,0.0151512589619908,0.0570936458733365,0.0278059706446809,0.0287704681567086,0.0217375722009063,0.0233574641971451,0.00382689230382943,0.00124221695914022,0.00123894744282215,0.000119449154371673,0.00354554430397787,0.000154826255921817,0.00198127183143933,0,6.19852305333853e-05,3.40193130871832e-05,0.000855992622075602,0,5.88597644194007e-05,8.13249825149062e-05,2.47478501440823e-05,0.00544000121023305,0.000195450679659856,0.000386210075495965,0.000109759408552695,0.00619788705162184,8.90651199746845e-05,0.000296455165996992,0.00155268376211034,0,0,9.07097459423307e-05,8.93624127361176e-05,0.000409444916657657,0,0.000891738757665971,0.0146779213552945,0.000628462592097366,0,0.00181341634984735,0.00541429432130125,0.000640521888087362,0.000649791377468741,0.000207899246948397,9.9325423147559e-05,7.08082791315079e-05,0.00096123221785562,0.000409655154885471
0.000292589495427507,0.000678757965514147,0.00324063437536168,0.0895757336607414,0.34012985014434,0.177564775608016,0.0311038598233447,0.0377155366350591,0.091466074408101,0.029955712787094,0.00211831766915807,0.396619057792638,0.000507212829976237,0.0034431735760851,0,0.00376232574697119,0.00363091045444327,0.000816740345177116,0.00103328581663392,0.036778642213146,0.0428083283746717,0.00312271576100897,0.0354376281843538,0.196036312506101,0.000555933820381379,0.00117174911830567,0.00499874430476575,0.116180041863692,0.00786647836208957,0.0333470924205632,0,0.0323628601955892,0.000295959892212152,0.0115402822466029,0.0919570701007761,0.0336368283767595,0.00408693302947233,0.00501748261546261,0.00424921925849606,0.443985574590253,0.0370987714356958,0.000540970015783596,0.010890511502425,0.000944459623037875,0.00710073783085411,0.00321722720947897,0.0609165368830829,0.00158154666885965,0.00026056057984196,0.000123677551064479,0,4.19699087928057e-05,0.0294256289839729,0.00088927619267292,0.00218464954727424,0.000761070344940552,0.00364269901824832,0.00494251117938432,0.00370851905302188,0.000458345272360754,0.0056855625537738,0.000337024180394554,0.00157784515154159,0.0130989032436355,0.00141085432980351,0.000148844691767013,0,5.31657902309417e-05,0.00489178114714975,0.000497471267711198,0.000154732563444257,0.000345416020057583,0.0305691254419355,0,0.000389793814962816,0.00101488541842704,0.0383807494656273,0.00287294970791643,0.000886109607389459,0,0.000327320883665156,0.000111254145037758,0.00508742234262128,0.0750779348548549
0.000225955305938655,0.0413100113073995,0.00416607938906161,3.25304884865641e-05,0.00200597758553388,0.00017983056128093,0.00145760493554696,0.00242034130005875,0.0249592314975693,0.000129362214089942,0.0047578043299196,0,0.0109767902062688,0.00117853621466922,0.00376232574697119,0,0.0104714058977294,0.0017353345276908,0.00404201053373199,0,0.537712037589408,0.890685077865565,0.770882639017459,0.291530543253663,0.0173409892646038,0.00455827080429398,0.935835666899633,0.304990599689727,0.00063153917900598,0.00733765476943556,0.00245940251110049,0.00147560932110288,0.000182492964249551,0.0362322733531581,0.0334092253447992,0.386655685002702,0.100797216095332,0.0793526499455878,0.0809692097841754,0.000876832100551093,0.00636086968831218,0.00428351354131543,0.0406119311869458,0.00987193554337933,0.0108338977348521,0.0104380786403523,0.00756401696791669,0.003349634385086,0.00240032504764191,0.000301789360103542,0.00178396680022602,0.00361698378623285,0.00110103784512325,0.000191738711485398,0.000509876913882601,0.00210266424885024,0.00222985714677719,0.0336000816057728,9.37762076212404e-05,0.00105297872615467,0.000817013222537845,0.0292994313023983,0.00149590015161981,0.006313066357904,1.08753829940027,0.0117781290341802,0.000285760980669969,0.000786730196217891,0.000514168526155561,0.144398800163349,0.129576144677924,0.343064467605575,0.112261854317342,3.79076015100718e-05,0.000817460437784565,0.090464629616056,0.0722872345814068,0.00869924083378791,0.0300903618826135,0,0.00113064908159389,0.000781179394361581,0.016325610160922,0.00831917707194697
0.047086957179111,0.000416086031058812,0.906051701297238,0.00117823380648861,0.0003654638582627,0.00261485184928032,0.0195639357308904,0.157053469411161,0.00183018073799261,0.0059853110112371,0.122758190748385,0.00401163025724295,0.00037046893179971,0.186118474790503,0.00363091045444327,0.0104714058977294,0,0.0412723266721602,0.440768846064838,0.00164296361702556,0.133600561298336,0.00385586593685213,1.18490311238289,0.00622262915709518,0.000147831139112198,1.2110000934851,1.5939727172545,0.0357477470398116,0.288345665534839,0.254218713927097,0.000869288635007448,0.00200339694566528,0.0258571298711804,0.98182381341233,0.0231099384072293,0.340869995216975,0.303594045383328,0.336321452509843,0.155181078757709,0.00163250035382128,0.0109949350755366,0.000934065148470422,0.010075633218233,0.00548409354934682,0.00409238031504607,0.00311019079686014,0.00033405047831676,0.000132294781596994,0.000195204228664613,0.000128192277020324,0.00183510798015178,0.0323152744080073,5.24691691468477e-05,0,0,0.000617394340917796,0.000144039795033342,0.00067641109040122,0,0.000487587653005779,8.05493397554399e-05,0.00252318208106968,0,0,0.0149374133207696,0.010809259020251,0.000831629035619722,0.0065945829179681,0,0.00272949799907338,0.00234210674578668,0.0235490062411147,0.00310072319004417,0,0.0122316872026652,0.176374188141217,0.0026225178912684,6.95117876914859e-05,0.000538739875636428,0,0,0,0.00236592064579892,0.00998757316701798
0.00204889702393518,0.000885046953311059,0.030062286545801,0.002446174804966,0.000307750847613179,0.00546989064410036,0.0258617899190445,0.0113099282082135,0.0057141409046054,0.0366660582263354,0.86214666692441,0.0413215126464681,0.00173802263976613,0.0203941394325122,0.000816740345177116,0.0017353345276908,0.0412723266721602,0,0.605068617479202,0.00649327015116915,0.0212574989248605,0.00286542550275106,0.0731245592501509,0.00711128778556227,0.000754602589345158,0.633271797448504,0.285424467725668,0.0207880350875973,0.0329720063532157,0.0102827881705908,0.0174346617007216,0.00990059891577799,0.00105043103178575,0.18673027031283,0.0135872418687792,0.361314633361367,0.583358653811656,0.332057470387015,0.137457449405949,0.00182812347921208,0.00269286939096946,0.000806819510021693,0.0105680001446728,0.0509700927951565,0.00302113659418007,0.00317109979820273,0.000200774381106591,0,0.00435168456993942,0,0.00302968529129666,0.00259835419559242,0,0,0,0,0,0.000698643819845617,0,0.0210126215293654,0,0.0378710453143016,0.000223664335206771,0.000407128529443037,0.000801610723991618,0.00254423618933285,0.015865804782914,0.0147349175670064,0,6.72488230545401e-05,0.000507038335877448,0.00109950846019895,0.000358708418093204,0.00488873634844599,0.0608615869732536,0.116439040957979,0,0.000344982628543639,0,0.0242255804088792,0.000153174747790217,0,0.000731961994878566,0.0119141489234283
0.0132132583623802,0.00248696371858304,0.154716891298215,0.000930192971967814,0.000360479006582755,0.00249757349839351,0.0153211115406335,0.0488336956988934,0.00350840387673332,0.0134069486271842,0.240995512641952,0.0119519668081866,0.00150681104590489,0.0561268983645345,0.00103328581663392,0.00404201053373199,0.440768846064838,0.605068617479202,0,0.00298357097109316,0.0651320212171958,0.00510209519757741,0.273426194732756,0.00599191520441278,6.83944481319309e-05,0.786942399813957,0.960844107817735,0.0178801436872099,0.0839534144412956,0.0317884244804838,0.00459858508401751,0.00106214439342842,0.00835945555033677,0.458615851199735,0.0178097594818289,0.529786642042594,0.387146101024877,0.321668775572183,0.178129918712046,0.0016741856032879,0.00522125356952113,0.000344020087068898,0.0265051685498256,0.0451923002390642,0.00733885753979568,0.0104855003758909,0.000226523333085215,0.000134634008883226,0.000608629225266945,3.30099803781688e-05,0.00653520957206365,0.015505593320455,0,0,0,0,0,0.000901218432470837,0,0.00888350172870919,0,0.0126008000225394,0,0.000387284205714762,0.00439669579675076,0.01255912560016,0.0177780354958305,0.0459653674938825,0,0.000723378728529221,0.00194411857274331,0.00555169241668548,0.000732375817988992,0.00349878788315792,0.0943577380179143,0.225686940927685,0.000133481981281185,4.70813808485627e-05,0.000115018807530212,0.0120580751869584,0,3.20189817715287e-05,0.00225676015932444,0.0189924224514619
0.000972619660191072,0,0.00144876698072736,1.45845475121347,0.00308405979017433,0.0447048313583911,0.0150850826894257,0.0668723358133746,0.137170618220182,0.645777560599717,0.0292132471755044,1.3266084480043,0.00160276779940934,0.0217140152577502,0.036778642213146,0,0.00164296361702556,0.00649327015116915,0.00298357097109316,0,0.000209762150602644,0.000151731361312992,0.000995527963794884,0.0709862094784771,0.000303824491670877,0.00336962110888315,0.00258710321503923,0.580672224799438,0.0274971909091563,0.00259334823978311,0.000807144610861836,0.00993237702841164,0,0.0324562689224975,0.0234395153205631,0.13399224983596,0.00210580721739845,0.0242753772522443,0.00881395423869214,0.0586952188934406,0.0199134456286178,0.00518049953756245,0.0273054481119361,0.000339852149130339,0.0135638060763506,0.003383630253052,0.0652381323659946,0.00583072217237025,0.000579816390220714,0.00011655966639474,0,4.95522185195088e-05,0.0704288786030152,0.000763474598555324,0.00248358058275451,0.00151488856561121,0.00865319101847019,0.0261748625935509,0.00783377976222729,0.00100945425577447,0.00572998031275386,0.00135723208796899,0.0020310176372222,0.0118212566074369,0.000329696334719717,0.000212304989173651,0,0,0.00928028929857004,0.000223702503934479,0.000141339452155763,0.000120271704974968,0.101077512325397,8.2567232910186e-05,0,3.9663389386797e-05,0.119413651041379,0.00776680556567676,0.000275398072089172,0,0.000482536340479749,0.000231641473887438,0.0112716230825286,0.00195031736509872
0.0337007725752191,0.00839557591239291,0.173370866184644,6.14350094459295e-05,0.0131066201097884,0.00282748816140398,0.0352716802084709,0.125856231133189,0.00870277283821537,0.00101683299161946,0.0642463322930789,0.000700857322229415,0.00268384308971595,0.131500508918713,0.0428083283746717,0.537712037589408,0.133600561298336,0.0212574989248605,0.0651320212171958,0.000209762150602644,0,0.116281388431861,3.94477930421836,0.0454120909632508,0.00280949487795782,0.0524462392682759,0.126599861249603,0.675191989092875,0.0978959040293834,2.22060189966888,0.00106235457665173,0.00382386943432265,0.0120410855685568,1.27938634397188,0.322515648732971,1.56640309185796,0.145407850213,1.40989173761682,0.562883365083225,0.00447053489244027,0.0437283184373697,0.00569440235014431,0.041079135060618,0.0070323492308014,0.0107116930988845,0.00792778785345,0.00850485983778249,0.00433723934123595,0.0062375548545703,0.000378869572183907,0.000289966783711356,0.0033683868143398,0.00112672075869041,0.000462321191764497,0.000471525914438617,0.00164083725278223,0.00326638858357102,0.0248829983549014,0.000184830959434819,0.000917881390104445,0.00096669842057952,0.0319538314034305,0.00180842199558873,0.00656854522092848,0.277581484402462,0.0060088777671973,7.12207689326763e-05,0.000561262747256309,6.11589352232337e-05,0.0996782712138305,0.032454831122278,0.0712764131027962,0.099108025040234,0.000156821962458498,0.000366925561240858,0.0134449044478456,0.0669621750227815,0.0113752065541987,0.032175471858792,0,0.00150173378005214,0.00107081100040705,0.0220989167562158,0.0300899378330651
0.000287520647464549,0.352056732309785,0.00304223755308237,0.000263521281054407,0.000342619520500517,8.62439035922168e-05,0.00234222430802023,0.00119663218052961,0.607874419699967,0.000210571735543478,0.0262455464480865,8.72950397267815e-05,0.178191112335311,0.0017143443148635,0.00312271576100897,0.890685077865565,0.00385586593685213,0.00286542550275106,0.00510209519757741,0.000151731361312992,0.116281388431861,0,0.0986749169315139,1.96344974031439,0.181518979161871,0.0176992174185421,1.34014832129389,0.158246659044394,0.00404750532779878,0.00285172434201969,0.0347835770070189,0.00202170996591203,0.000539442294195593,0.0217691722111455,0.00322346945759532,0.0475592783487162,0.0173949135757911,0.0129699905637823,0.00661768492324465,0.00193457292553239,0.000559213162704635,0.0284973715678128,0.0190273125233028,0.0122243576078471,0.00477894558952432,0.00504030592610175,0.00204818701035365,7.72076223209027e-05,0.00817558643271937,6.97142306805253e-05,0.0105296658731996,0.00351798952762233,0.00120505658506114,0.000367730015361249,7.72624552141427e-05,0.000513625218034583,0.000241306164053249,0.0274953188725537,4.20096000452757e-05,0.00544046425357679,0.000295287842741561,0.0203649090934539,0.000345435289236581,0.00374517443511976,0.318290026104484,0.00401618787791376,0.00114722804734484,0.0051055858474161,0.00016799725680964,0.0285156968386634,0.0801306597052159,0.0553542515003647,0.0759439569525883,0.00262575151824554,0.00933099498360948,0.127877619569154,0.026727956309002,0.00246248434103874,0.00429201914790101,0.00111188491217805,0.000239980080188298,0.000161983926451778,0.00342149358253423,0.00186817912334189
0.0986339442610388,0.00569843595607513,3.14910089124674,0.00128608390518433,0.0234594990851178,0.011599434877021,0.140419857351054,0.508832768561293,0.0117673986536872,0.00636813269467382,0.167519472939998,0.00213311476609511,0.00273353468745679,0.412868561748095,0.0354376281843538,0.770882639017459,1.18490311238289,0.0731245592501509,0.273426194732756,0.000995527963794884,3.94477930421836,0.0986749169315139,0,0.0822174818418958,0.00287353078873267,0.9899127439995,2.44404595563003,0.943626883208229,0.370317870485704,1.19227048283355,0.00281488423278447,0.00784917489346978,0.0268727609725119,1.45559326125902,0.446984978833192,4.03351141517008,1.2108110405535,2.31553635950804,1.72812329365061,0.0153604303795863,0.0630057151598352,0.00778344065802702,0.046335113967881,0.0117419590096545,0.0147734602131547,0.0187960780739687,0.00722293891793085,0.00335443017527345,0.00443534465440251,6.69591781198025e-05,0.00190066645309185,0.0243876695193502,0.000955501201431765,0.000330500408208918,0.000569257278362184,0.00388172381315648,0.00333766816112273,0.0173587304799944,5.13024487408161e-05,0.000686445835490906,0.000842377994435121,0.0493376309840936,0.0020073300649618,0.00395456104354888,0.914097128511552,0.0144680316492394,0.000397890881070846,0.00351491791532135,0.000336132227304125,0.121707856022891,0.0602379417661133,0.448820801687124,0.0727806223144958,4.83247027316451e-05,0.00524828523541079,0.24453184764908,0.0581726032414916,0.00527572243853189,0.0213323483015368,9.9823026923329e-05,0.00140097476783019,0.000513965744338757,0.0196538419929918,0.0836905602472049
0.00409185251599597,0.279834457138428,0.00789822964132443,0.280538892006617,0.0105357993642039,0.0264605140558465,0.688667889095428,0.0493892913009597,2.69725579243945,0.0513299222007083,0.0310831123300069,0.129096432198443,0.129061880087497,0.0453881144435128,0.196036312506101,0.291530543253663,0.00622262915709518,0.00711128778556227,0.00599191520441278,0.0709862094784771,0.0454120909632508,1.96344974031439,0.0822174818418958,0,0.15057891219821,0.0137385467031407,0.647311866750889,1.44400962803725,0.201363029387935,0.036163072780969,0.028219759971338,0.00881304704275261,0.0359631173223684,0.140926977648047,0.166074195434213,0.573102445187507,0.0495524821077084,0.134146850238975,0.0422078539856466,0.130736387753176,0.0411214957654343,0.0167302869216568,0.331541423687954,0.0169321246234964,0.121219057469859,0.0402082174385245,0.177457075103979,0.0337868627962179,0.00592723251983854,0.00197597901832371,0.00198463963421141,0.00459035335367451,0.114225287317992,0.000897703054805838,0.00709122234151445,0.00851404598653454,0.0427856895579507,0.295507495536445,0.01242972055076,0.0110136898523828,0.00943312754198567,0.0245798673006538,0.0248273698830679,0.0294244189992217,0.218890952748913,0.00373636022904623,0.000423745028069597,0.00128217888879068,0.0147472078203221,0.0674560478538214,0.0762862252715097,0.055476548268882,0.811588910034409,0.000668302387539625,0.00152088582365203,0.0224682583662379,0.450368376663598,0.116537857877658,0.0382388517375241,0,0.00688935554009029,0.00494645468133164,0.0954997624650541,0.0235974482882621
0.000385780983134311,0.210755773386321,0.000206683299708509,0.000258749501434493,0.000184025253411841,0.000956619720287952,0.00238088408516677,0.00366042250898652,0.0764634639808037,0.00229128101010976,0.133198226319297,0.00309988090382367,0.791432858454428,0.00637726899394103,0.000555933820381379,0.0173409892646038,0.000147831139112198,0.000754602589345158,6.83944481319309e-05,0.000303824491670877,0.00280949487795782,0.181518979161871,0.00287353078873267,0.15057891219821,0,0.00503213144665013,0.138612617743355,0.00965269515688974,0.014446086395352,0.00117308097764389,0.0295454489215281,0.011855530983025,0,0.20964952299726,0.000158249833264303,0.00774736975162352,0.00790348821743453,0.030035988972266,0.000592032169633627,0.00241908726549783,0.0025140835566979,0.100640705693804,0.0086655977119274,0.0225660705207818,0.00346284864874422,0.00197252442503965,0.00028397556296525,0,0.0206643867769288,0,0.00525873703347557,0.000261674909554875,0,0,0,0,0.000122441384167707,0.00180363483670857,0.000120407849931264,0.0258044784831017,3.77915552007436e-05,0.0969036658730692,9.39691458314184e-05,0.000279951204392195,0.00048566938401466,0.000140261189998377,0.0124959456519264,0.0093569777861508,0,0.000122372311707616,0.00143154864038333,0.000217218933443141,0.00315673017209446,0.0154712371553647,0.0378987978340611,0.125076910598551,0.000375135817824197,0.00126968205834725,5.60590757190585e-05,0.00553535422766479,0.000301957295464879,0,0.00595875865242391,0.000136224065979266
0.0247044327498764,0.008958582025308,2.42824593960853,0.00205199013419779,0.000212518191044318,0.00541556931037928,0.0290792711987431,0.116800097716505,0.0116769007741061,0.0213986082865617,0.242990366582367,0.0227204325804654,0.0164711447166424,0.101725403507256,0.00117174911830567,0.00455827080429398,1.2110000934851,0.633271797448504,0.786942399813957,0.00336962110888315,0.0524462392682759,0.0176992174185421,0.9899127439995,0.0137385467031407,0.00503213144665013,0,4.9923547371644,0.0333578882410186,0.0830997899227723,0.0589071495417391,0.0929655605257704,0.00841986238032937,0.00333914903867213,0.174110529105369,0.025484507528321,0.87041894178719,1.25258511195416,0.321122424887885,0.22394517991318,0.00326956672860174,0.00686521828398088,0.00252362918630739,0.148229499045305,0.292104189255856,0.0401756409420677,0.046628478118187,0.000557111541688871,0.000415339558289659,0.0224966648829887,0,0.032904791830972,0.103842280906492,0,0,0,0.000792637253467281,0.000155081344824886,0.0020408508039937,5.35306241269827e-05,0.117113199567603,4.4851968961072e-05,0.261310416873795,0.000431953405698967,0.000610875745756387,0.00852333493651061,0.0765720126521429,0.10571370486893,0.193732261431758,0,0.00263164080243854,0.00862800941378245,0.0148991878372109,0.00543034352324111,0.0326019617745893,0.522745442643772,1.32448596280204,0.00255673230471768,0.00151254051120164,0.000913164808607697,0.147250325512262,0.00027283718983959,2.81036795350134e-05,0.0156678114098951,0.0222654390429601
