0,0.000200992650721997,0.0397149066150538,0.000272688749709741,0.00020614166678884,0.00524736818288981,0.569928476973172,0.0771692175516658,0.000419967180548179,0.00577812326115487,0.00164234303434296,0.000744328045249465,0.000248573161245691,0.574840663935687,0.000972300272729829,0.000136945421944216,0.0639987093491244,0.00206613456073374,0.00850322085717974,0.000260659645112694,0.00962617879736289,0,0.0502910029825816,0.00116144462686095,0,0.0197989279191301,0.0132402225145187,0.00665837096966079,1.10122728246644,1.12395449137552,0,0.00280205117192324,0.00337157632379477,0.0303820391496431,0.0015043677922725,0.0101169670659349,0.00233731001940542,0.0294544825959817,0.0110171699700249,0.000683975722461185,0.00103760575582001,0.000864511039103888,0.000627606242623657,0.000182444422931305,0.000138675014531207,8.94282665721956e-05,0,0,0,0,0.000118803462499061,0.000728614858901504,0.000166957241893047,0,0,0.000578304182523588,0.000549954989581535,0.000369570488783925,0.000293363999107918,0,0.000372239372996533,0,0.000224671786060595,0,0.000499340314377102,0.000139654039662832,0,0,0.000453353640099117,4.35441735657096e-05,0.000191602421733403,0.00023360334733513,0.00252791714911219,0,0.00010983841138739,0.00344647076447785,0.00124874305771155,0,7.40125259784102e-05,0,0,0,0.000221127111012673,0.000158562415334565
0.000200992650721997,0,0.0302065333690171,0.00017841985216496,0.000671224151616717,0.000365222426439306,0.000692388060890037,0.000436582565303111,0.298911788839113,0.000597595674697214,0.0355697882978817,0,0.352354571396353,0.000914393114431287,0.0057255149881172,0.0161965494613483,0.0169123328431284,0.000424030789513541,0.00281123838771308,0.000103703717792291,0.0049567897762128,0.546493113336939,0.00846591843334491,0.249299861043564,0.315995315913536,0.0186983276246209,0.535762068668212,0.00319346513860528,0.000571791122125035,0.000911222791728538,0.00796436135577808,0.00129890674176697,0,0.0208881687671932,0.00140786414281858,0.0129203704572729,0.0154199206431815,0.013310705885359,0.00548606812108415,0.00225786728440695,0.000105135256231487,0.150840124398835,0.0401576970503149,0.0384190344349503,0.0147404035392258,0.0277017878281191,0.000603761539656472,0.000181614083092606,0.0144678253245358,0.000134084649444741,0.179867533708683,0.0661044297406486,9.45907307219178e-05,0.000111179945155215,0,0.00290816314420942,0.000723747951901829,0.00445522146802863,0.000401517014533535,0.0161305688469134,0.000120450172613334,0.0491769991306799,0.00136463266008266,0.000617626365117275,0.0265310556263604,0.0463134292819785,0.00145672857528814,0.00247368909031413,4.6352076894641e-05,0.00235150110827644,0.018099644179718,0.0221704521892491,0.0135048462175483,0.0164741062902137,0.051616399544244,0.859027451295531,0.0019074697778876,0.000805961125866994,0.00228774162149206,0.00557406682473465,0.000282617900342798,2.89841984960526e-05,0.00848372851524569,0.00379858649437527
0.0397149066150538,0.0302065333690171,0,0.00158956823293157,0.000575854101555687,0.00666196159839349,0.142081617294753,0.0802141295174179,0.00149964967862022,0.0133413203508985,0.00963093955729371,0.000749038310858971,0.000925711666960186,0.145037563384829,0.00406851930320872,0.00848203079637687,1.30316979797869,0.0206065407044756,0.0953470456553548,0.000405764210384035,0.470397341093043,0.00719306356907555,4.48398161528838,0.0139577395996536,0.000710896275642517,2.17807205206308,3.4516962879778,0.0595139455131665,0.0799288774183462,0.394274212275058,0.000172171337284985,0.00538522743084104,0.0049655299918218,0.153620304261789,0.0269706985290149,0.321057661266104,0.305779131478378,0.158571815192145,0.145614261781692,0.00519383659384428,0.00453632940454897,0.00257197084646084,0.110571841486814,0.0283992747725022,0.0275541891661284,0.0541908230086037,0.00171196035334385,0.00124598718025854,0.000429192833190453,0.000937707131383449,0.0181806495913431,0.298407631287555,3.66500215119779e-05,9.64019091280464e-05,0,0.0177022244002296,0.00211491564797559,0.00126498330085392,0.000537896256919971,0.000619138890378031,3.19741806456328e-05,0.000481390445233685,0.00428131300723025,0.00048520021781756,0.0343978881706453,0.088762362113371,0.00354892503909467,0.00637617972472228,0,0.0110652287108188,0.0118066133359972,0.084039961355556,0.0158245048142428,0.000203259532391426,0.104240747849383,1.18674287302592,0.0120286275459798,0.00101492479239444,0.00748294440196527,8.41459676717159e-05,0,0.000512134982510057,0.0182085899132365,0.0204870165915139
0.000272688749709741,0.00017841985216496,0.00158956823293157,0,0.0102731709882057,0.0072164494939252,0.115898543551573,0.0105332178728901,0.25253693092496,0.436515969727226,0.00236443653614221,0.0377693240283335,0.00162027087796164,0.00920429123527757,0.0445500972849224,0.000147684325691369,0.000563801997800654,0.0002492171141792,0.000262915000189513,1.98351100083851,0.00200127370062617,0.00023298287040866,0.00180241212120508,0.321356646796408,6.07263932522416e-05,0.00168297821023164,0.00101060639334949,0.661535044503957,0.0148143098922963,0.00163472285729149,0,0.00594965123275887,0.00068846391030589,0.0141024146813124,0.0132957674001963,0.113222344300677,0.00233641028041204,0.0220046976170423,0.00743483347321371,0.0677263581623591,0.0192382628176182,0.00905554002208043,0.0125303279249083,0.000137172385650045,0.00247371672172005,0.000715333675539637,0.0485193344590488,0.000900492642742061,0.00164851559398103,0,0.000831556205462626,0,0.11154197469671,0.00187451010763451,0.00593104257433409,0.0289132765462328,0.00376197324661656,0.187586337745618,0.0601719900808066,0,0.0775568124695231,9.73761469770672e-05,0.00152665128439539,0.00969989683499084,2.83479972959072e-05,0,5.51144812531412e-05,4.30025200224877e-05,0.0668297302566885,0,0.00128243226473249,3.65423452375501e-05,0.189864837377102,3.71305866982818e-05,0,0.000424699700679466,0.0852378884185004,0.00244295009670161,0.000211724575560114,0,0.000298995483059254,0.000112916645846799,0.00294387979125224,0.00152607474570303
0.00020614166678884,0.000671224151616717,0.000575854101555687,0.0102731709882057,0,0.157378442310135,0.0128431979418872,0.022821163344643,0.0362698175007384,0.0567811201977093,0.03932613937907,0.131009559083686,0.00816659871876914,0.00307967873183212,0.317759098185293,0.00186741255244635,0.000689182460753459,0.00449752170684758,0.000805181362564979,0.029471217716829,0.00742621611553147,0.00209561603997203,0.010456599860133,0.0817730461046782,0.000454497319094396,0.010941402879133,0.00542885693689702,0.023010588114205,0.00302810250108425,0.00681461369288064,0.001731087233936,0.0516040353744959,0,0.225943534907548,0.384326408206745,0.0968985424337767,0.00372089718267134,0.0103187192925659,0.0058302378075026,0.712676948805029,0.436208156412565,0.00961418604134825,0.00265565938434682,0.00106746250586643,0.000464735728653472,0.00278083014177108,0.00818165766821737,0.000192365267464614,0.00293424087256331,0,8.80194571548227e-05,0.000244319907298117,0.00442744780840262,0,0.00121240121692996,0.00200756892792119,0.000214200096307504,0.0049000776603646,0.00242217147441553,5.57332574962914e-05,0.0065059707736218,0.000116979726284885,0.000391574742330003,0.00103604093219816,0.00104351186724131,0,6.71350190103173e-05,0,0.00246382102333996,0.000947291005718475,0.000373720668167877,0.00130459479457977,0.00987440035172829,0.000124424124560821,0.000624759923583388,0.00163456308701985,0.00511213574603111,0.000198440183450437,0.000562326969788283,0,0,0,0.0041366625173582,0.168545865814518
0.00524736818288981,0.000365222426439306,0.00666196159839349,0.0072164494939252,0.157378442310135,0,0.28007163428645,1.29835289225251,0.0378553613813616,1.80356291512414,0.0305142751069903,0.547658661045531,0.00639380866505745,0.133570212970246,0.2751235885148,0.000448580810954345,0.00691540689553536,0.00646110753456996,0.00217469213207652,0.0935010761521001,0.00853861519889437,0.000210485141516715,0.00956374626404056,0.0882911961081336,0.000109391216238707,0.0244840316346926,0.00518097796216603,0.109293200648896,0.0538375922717284,0.0545061545932099,0.00225860568633896,0.0453577668129561,0.000326895122446475,0.0581794268808115,0.241820030905175,0.46967346896542,0.0147476288547249,0.0581526886671909,0.0232616390019185,0.714403049466343,0.091360377583586,0.0650227389939672,0.020551688433825,0.000535571970141477,0.00764188533678895,0.00193168400128616,0.0210715423034894,0.00146685123972306,0.0194522244471174,3.49547291706115e-05,0.000228177993718958,6.37517092118949e-05,0.021132612441485,0.000347753845977307,0.0048383169110476,0.0478776703610586,0.0258657769767155,0.0179197485478575,0.0197637484296251,0.00059561701421926,0.0187608324792665,0.000191521963439119,0.0106530776171143,0.0014952263821798,0.0025608593074949,0,0,0,0.0184486719291131,0.00172027243367219,0.00047530585837324,0.000416369307468298,0.171210424503533,0,0.00011053690833565,0.00110775094907081,0.121946236098153,0.00329139538653014,0.00111777077384312,3.66115541224182e-05,0.00033327831077407,0.000454311780181855,0.0200585683710383,0.0480501045173397
0.569928476973172,0.000692388060890037,0.142081617294753,0.115898543551573,0.0128431979418872,0.28007163428645,0,1.20916321082474,0.0737947579800429,3.99399081842578,0.0502923936670369,0.0755872792394797,0.0180268124494437,2.56867208854139,0.0928317778317235,0.0072871861279885,0.0549749761524643,0.0201478692390471,0.0135391987638832,0.0321162848108947,0.321750376703835,0.00161776708687757,0.194083257806776,0.2319297803235,0.00038952044372651,0.0817260881217673,0.0614549674356841,6.89106792766364,0.504106921266579,0.831614381756412,0.00347592422707257,0.079951327633811,0.0376618981207993,0.305501629860647,0.134487427687433,0.925418904373444,0.0417405704799357,0.381105701057622,0.131525537159488,0.170927911554613,0.143625023344768,0.0671909521544799,0.045229853001325,0.000934312475866198,0.0141013206087127,0.00543465507606861,0.0390471255625898,0.00250518397658792,0.0138101541250056,0.000181318920576256,0.00146436227089279,0.0103981123084165,0.159063475401525,0.00141170260386292,0.0141275191090724,0.118535632509984,0.0645428701623144,0.0755159333755503,0.133033375503794,0.00161625536732729,0.0732760086196302,0.000459829163316112,0.0386061431275241,0.00771562122454473,0.0146908102112682,0.0019530543321719,0,0.000127344026342782,0.0890788063700392,0.00284249931962697,0.00279535780150865,0.00877318946492726,0.360619438265802,7.31364203757405e-05,0.000243799639142937,0.0497458791057836,0.248343022037593,0.0134815256116228,0.00108012294216567,0,0.00163704577224808,0.000530954586740726,0.027938775039619,0.0131679505298634
0.0771692175516658,0.000436582565303111,0.0802141295174179,0.0105332178728901,0.022821163344643,1.29835289225251,1.20916321082474,0,0.0601216518018767,0.715076862137839,0.0511765141133427,0.246922028990691,0.00883685099564102,1.18314993317969,0.0275140590297623,0.00136203973346096,0.0923961036168855,0.0130220240154175,0.0130070753707861,0.04264992584856,0.0524813200557433,0.00152397525684304,0.0983251143021723,0.197159387365206,0.000308520225762781,0.0628785958064913,0.0302449486739756,0.266388206337055,0.226160257023259,0.513130838174622,0.00322539318234334,0.0829998281188848,0.00186299878593995,0.104827360389054,0.0354448301376174,0.286201138591704,0.0192083083370062,0.119268328602474,0.0544701457621955,0.176085888782607,0.0274629273280367,0.0654478787488046,0.0533908672374861,0.00198104632289159,0.0214034611716425,0.00706139206476373,0.0424029091437622,0.00353486664110675,0.0239464582867963,0.000225108871069765,0.000827812996778233,0.00186500437781881,0.0642424725692147,0.000259611328880847,0.0179819368311085,0.190193544335678,0.120892926218466,0.0394850361219665,0.0715281961189443,0.000711717372126433,0.0457212609857442,0.000341480645350087,0.0504158807127396,0.00215782536565567,0.0046931504587559,0.000282524402693394,0,2.63239962248117e-05,0.0513356070267715,0.00568460265017664,0.00160271864690061,0.00216954138009121,0.528225912088549,0,0.000298084135257906,0.00973819419380278,0.406124713740775,0.0109227714940354,0.00410255018314617,0,0.000382188417396211,0.00135141235836481,0.044952150129803,0.00873210709388987
0.000419967180548179,0.298911788839113,0.00149964967862022,0.25253693092496,0.0362698175007384,0.0378553613813616,0.0737947579800429,0.0601216518018767,0,0.155093699258774,0.0138542204553306,0.138434058934914,0.203745092146382,0.0275339215404546,0.172095741429884,0.0408888306353068,0.00716493586429675,0.00148307974721092,0.00242539506092252,0.114364752911355,0.0212108960574448,0.668010114726098,0.0166301777987847,2.34098673276028,0.255549417063545,0.0112258295477976,0.508213775172155,0.279214970268304,0.0159827105253452,0.00812426522736311,0.00836580503891394,0.00941607916129135,0.00202940927223982,0.0199053329797567,0.00971229328953394,0.0566059943224883,0.0106685926527144,0.0197670021280926,0.00716764606289917,0.10829284238296,0.00634997334108465,0.0292932445782657,0.0613298435010783,0.0169619865171558,0.0203073768937009,0.00776207729916397,0.020645011960506,0.00308462457966554,0.0050123162456511,0.000865850371849243,0.00434309216573948,0.00277044193113927,0.0170685385224588,0.000930521511806274,0.00520432223671742,0.0263933221655515,0.0340779626927395,0.384106454447423,0.0141788403101416,0.00724772230008518,0.0248219711167649,0.0120096761810741,0.0303988016951834,0.0028069295749784,0.179345696132867,0.000919928094000279,0.00581158526017293,0.00162871750254205,0.00841438276060553,0.0717291675604541,0.266854123241951,0.0300363612507464,0.651954975107255,0.00591296624623141,0.0092125776315294,0.0304849015694646,0.13689065281208,0.0341904753487805,0.013031789677296,0.00158267161206821,0.00222074090243676,0.00608683271612508,0.0219066923041503,0.00797452198021635
0.00577812326115487,0.000597595674697214,0.0133413203508985,0.436515969727226,0.0567811201977093,1.80356291512414,3.99399081842578,0.715076862137839,0.155093699258774,0,0.108717876119925,0.321863744507611,0.0344019193468281,0.401916122483166,0.132864830173684,0.00093498735116879,0.00634094868853947,0.038938546605859,0.0102666285463887,0.342932135456654,0.0268216377468223,0.000446047269657239,0.0197554765079735,0.122582413925648,0.000678637660409707,0.101074585130788,0.0170428632617521,1.01050755756756,0.320570613779689,0.0347336384880476,0.00642183820940177,0.190737166611286,0.00368963400510379,0.281058304344297,0.148039841857698,1.13085763353256,0.021387784338575,0.293771304745784,0.0556595240538551,0.361442091546772,0.223316218714423,0.082242023431491,0.0253425778700086,0.000904122751287684,0.0103286811367217,0.00304074451879521,0.0854023095469305,0.00138476524586327,0.0115227673449808,0.00026208307007097,0.000987230501122016,0.0006803758503737,0.20192005820043,0.00226276032649311,0.0132355112740701,0.0678953969443259,0.0149963735735749,0.19941279481432,0.116780249123875,0.000593548527594704,0.103632033856477,0.000206919358263946,0.00268589054781269,0.0156626182066473,0.000794459310616353,3.64203094643206e-05,0,0,0.104326057483777,0.000285032915287777,0.0020830017946076,0.000297718354450622,0.345214193798522,0.000217665849313754,0.00202955080479696,0.00529857740899613,0.183931334505955,0.00231140044728925,0.000262892315798882,5.24833785191417e-05,0,0.000793416596773617,0.0127337759865022,0.0108439955279057
0.00164234303434296,0.0355697882978817,0.00963093955729371,0.00236443653614221,0.03932613937907,0.0305142751069903,0.0502923936670369,0.0511765141133427,0.0138542204553306,0.108717876119925,0,0.0359105959283451,0.654691416573439,0.0609696951925185,0.00200671627953347,0.00171395163270411,0.0782506879494538,0.99687206393424,0.189633020646923,0.00803137376115861,0.0199460843635244,0.00881757642338718,0.0464825469765909,0.024732830561649,0.0194523885325207,0.801867419854904,0.0670357982726143,0.0278335741449981,0.105218013438542,0.0364969808536345,0.133361098713379,0.319879873638654,0.00114059113222663,1.06082834808895,0.00466238840726014,0.190920988274114,0.380459804715231,0.608846196564787,0.155855141968528,0.0182237441056486,0.0044068990156147,0.270091758764983,0.00276982746298066,0.194539885600523,0.0101160717736176,0.00102602025943321,0.00227285490146513,0.000953940536557379,0.0466593338439077,0,0.036301612994534,0.0018599543960182,0.000203913964259035,0,0.000210556302428985,0.00133604037043334,0.00114227177379194,0.0110429723192256,0.000483785237550628,0.138719671271129,0.000794621676544155,0.37104041320069,0.000502936467981583,3.03405803567827e-05,0.00155604384420499,0.000757207219021124,0.000161428672772646,8.46748895801427e-05,0.000307538656653208,0,0.0172559900929913,0.000365579774300295,0.0141736116955181,0.0486658797826241,0.0661702371437759,0.0666750692746613,0.00373315432916986,0.000305310639356047,0.00048548043358258,0.161645724292393,0.00149362284217333,0,0.0118091667452218,0.00305595311663048
0.000744328045249465,0,0.000749038310858971,0.0377693240283335,0.131009559083686,0.547658661045531,0.0755872792394797,0.246922028990691,0.138434058934914,0.321863744507611,0.0359105959283451,0,0.00847199278087027,0.0981728425547042,0.41645719746211,0.00017698908420108,0.000968612643973646,0.0104161771827458,0.00339744553756824,1.13269638055556,0.00143356962823838,0.000172456072545457,0.00239187870346151,0.0689571242363036,0,0.031008543878003,0.00376069319114133,0.0414000450712919,0.0595825957024229,0.00547165555109691,0.00308091351248649,0.0708103612174397,0.000358403247741252,0.0704879252772611,0.454933154690927,0.242121648435534,0.00534980619296062,0.0583210044144498,0.010224362760501,0.551131704160026,0.0374676863082323,0.0233022104068808,0.0178054579847895,0.000449159386238474,0.00542503745350534,0.00140368539007565,0.0589835386122269,0.00150735648011751,0.00515037872525902,0.000127778036497718,0.000249999980523577,9.67901065388086e-05,0.0835482683586927,0.00165048883999068,0.0166261275204517,0.0270319621526242,0.010315375814932,0.093015277375969,0.075930193062878,0.000543269737345886,0.187513158176275,0.0002112153594975,0.00413678438165369,0.0120844646626091,0.000103807856457493,5.26182163974702e-05,0.00142970605157794,0.000217822246406871,0.0722427455140355,0.00017937461672017,0.00094271864344549,0,0.135493781717111,7.59237487251192e-05,0.00158981938204548,0.000877496066318128,0.0655829632309126,0.00314662915623196,9.48857640427111e-05,0.000209416689570207,0.000323759217439857,0.00012694921177054,0.00704456661743072,0.245367787704025
0.000248573161245691,0.352354571396353,0.000925711666960186,0.00162027087796164,0.00816659871876914,0.00639380866505745,0.0180268124494437,0.00883685099564102,0.203745092146382,0.0344019193468281,0.654691416573439,0.00847199278087027,0,0.00795662604669404,0.0065283663534601,0.00358813040541559,0.00128360096303444,0.000425362213141853,0.000163986484042206,0.00220895102572732,0.0059751861800447,0.207780670959005,0.00689644032783618,0.108780770398164,0.308606132071582,0.0160069530496176,0.195291836214116,0.0100531787098162,0.0123062043202901,0.00941655858250975,0.0831125568086873,0.0517972922533789,0.000101811162628925,0.34775824909575,0.00601756707682378,0.0695139068939057,0.505653501834629,0.194481539548477,0.0531692500947764,0.00643145680445523,0.001514798684418,0.358772170777077,0.00565526588170616,0.501398024318782,0.0230295580503847,0.00237216388443092,0.00141028734876181,7.08944217704058e-05,0.0934051116403997,0,0.120113874039322,0.000653370150273904,0.000135866293746758,0,0.000132916303494299,0.000363401537225384,4.63678011683166e-05,0.0321522023546782,0.00029881241765436,0.48367729687632,0.000955366625293127,1.80437902920727,0.000262388394405055,4.21317560688078e-05,0.003233098907994,0.00024418252309283,0.000395342432397759,0,0.000185543760897541,0.000469997229418438,0.0568108353658693,0.000633096233951023,0.0182085331963874,0.279320078074004,0.326870826585578,0.70969000976516,0.00197058189392874,0.000677916763301039,9.8888016864002e-05,0.788362547044209,0.00165505395791648,0,0.0235085557304972,0.000978199167992072
0.574840663935687,0.000914393114431287,0.145037563384829,0.00920429123527757,0.00307967873183212,0.133570212970246,2.56867208854139,1.18314993317969,0.0275339215404546,0.401916122483166,0.0609696951925185,0.0981728425547042,0.00795662604669404,0,0.00891139321165418,0.00118923622117916,0.246598676067436,0.021469037171435,0.0311996462988404,0.0244258998241142,0.0682191146030789,0.000554748344376647,0.183042354963108,0.0901104057868741,0,0.0964749422248627,0.0528053459046227,0.171494634903535,2.1492238874697,1.5578145672637,0.0037261582394734,0.0466099837089667,0.0118106814550619,0.170026387741064,0.00678315786124892,0.157767586555195,0.0133339314244964,0.181522105278582,0.0590680439338143,0.0313805558715189,0.0143921963577874,0.027261815086861,0.019240141746174,0.000693593234620982,0.00657255156013975,0.00225106113566797,0.0163896926786791,0.00160805478981083,0.00850410412491421,3.52357060149073e-05,0.000883183818457643,0.00278319929464267,0.0161671220422286,3.2640792130661e-05,0.00461316200642671,0.0665029962833825,0.0389702100829374,0.0146374686641875,0.0203217168510876,0.000451889819213981,0.0132359480513589,0.000441934596917713,0.0159993797306198,0.000805680423856888,0.0032869496640902,0.000290992703939104,0,0,0.0149851566603644,0.00342118853779371,0.000725858293188524,0.00134605102701919,0.195596801074486,0.000196827202772332,0.000764163572862565,0.0147181924435945,0.136982956403269,0.0040755186744723,0.00278115724847591,0.000180589141860363,0.00010912047403146,0.000231286156916178,0.0129977992801987,0.000956736821682312
0.000972300272729829,0.0057255149881172,0.00406851930320872,0.0445500972849224,0.317759098185293,0.2751235885148,0.0928317778317235,0.0275140590297623,0.172095741429884,0.132864830173684,0.00200671627953347,0.41645719746211,0.0065283663534601,0.00891139321165418,0,0.00756923062791644,0.00280788693284077,0.00068495689223904,0.000557572794132793,0.100384201806737,0.0540370554984109,0.0103902081595328,0.0478790270341966,0.366103451973181,0.00437454856113362,0.00448266819477657,0.0221178294909404,0.13187114772401,0.00946217998571558,0.102733405949571,0.000508310284315944,0.0254538691488469,0.00108785009313754,0.0091975880694908,0.234513932666589,0.105736259723205,0.0273114379019426,0.027257656763459,0.0293573736958849,0.355176054733269,0.055323589531778,0.0262723655674996,0.00658460010279546,0.00228828738580298,0.00368974808477978,0.00580883370724752,0.0119080475365307,0.000743938901187629,0.00452809201569509,6.41082114292443e-05,0.00055315348396253,0.000240393259716225,0.00862979786360036,0.000171125348922158,0.00160375343283423,0.00477458925100121,0.00298341041795606,0.00935233726624368,0.00505838622757263,0.000289739788926685,0.0190296971039406,0,0.00243123020405038,0.00151251408886333,0.00578064663593622,0.000211151851660168,9.74336507445575e-05,0.000115925161686146,0.00568778386289026,0.00519219408610909,0.000771415178482741,0.00396170230842419,0.0311874212609611,0,0.00198085719704061,0.0048859643848025,0.0179014080453799,0.00171075209066461,0.00187883950944281,0,0.000798185235284352,0.000121486818962955,0.00643061586588291,0.111520190625277
0.000136945421944216,0.0161965494613483,0.00848203079637687,0.000147684325691369,0.00186741255244635,0.000448580810954345,0.0072871861279885,0.00136203973346096,0.0408888306353068,0.00093498735116879,0.00171395163270411,0.00017698908420108,0.00358813040541559,0.00118923622117916,0.00756923062791644,0,0.0112968218246311,0.00240114329564437,0.00350695383551786,4.79932128079236e-05,0.854784410505661,0.606705638119425,0.682126985330729,0.27024982165627,0.0041929188853119,0.0111097597998412,0.485695498856895,0.111369885875452,0.00217230624015888,0.0268058427655934,0.000133748898382702,0.00109722424550095,0.000598701372548026,0.0395928423154454,0.0697473231966128,0.451253638772037,0.118143057176261,0.179839915530037,0.160017939924721,0.00878145095462484,0.00908486219615107,0.005513639368858,0.0706955296444572,0.00900176111750543,0.0235883462293954,0.022625600428441,0.00462423098367846,0.00146209923455291,0.00230048332884308,0.000453189632213244,0.00384464578125376,0.0121480096471863,0.000175788244393787,0.00126977757881,0.000330396641480657,0.00617751418898694,0.00230178348479782,0.00614311888127203,0.000447703638901085,0.00054782991765244,0.000110157778103912,0.000170694686106628,0.00404600108625059,0.000776013116777801,1.23939244007339,0.00662625768063645,0.000835930116314495,0.000671754760114401,6.10728957335531e-05,0.278945576862662,0.181615635800034,0.389211717579474,0.207516781521301,0,0.00754295872568884,0.13672688347758,0.10007568194742,0.0150855154370894,0.0293108256692649,5.66653306138396e-05,0.000115807786348974,0.0042015310281917,0.011175612609334,0.0238513071034033
0.0639987093491244,0.0169123328431284,1.30316979797869,0.000563801997800654,0.000689182460753459,0.00691540689553536,0.0549749761524643,0.0923961036168855,0.00716493586429675,0.00634094868853947,0.0782506879494538,0.000968612643973646,0.00128360096303444,0.246598676067436,0.00280788693284077,0.0112968218246311,0,0.190531423323693,1.12442519072876,0.000256322710028964,0.325322306907335,0.0116924390583256,1.52596379428368,0.0116414260191947,0.000452096668346238,0.905501012216167,1.90415100876511,0.0256167945779754,0.339953132932679,0.783022161979117,0.00033934398575412,0.00717204453500075,0.0157845135630995,0.612407439169269,0.00905810054645669,0.101704200822365,0.0380428238137169,0.0857317283706708,0.0423001385185578,0.00338173525459678,0.00480852434065539,0.00302609547161119,0.0306117047080414,0.00940393911999381,0.00993200759546301,0.0173721284109019,0.000687192186769521,0.000275649519569594,0.00036236996943562,0.000142100355167526,0.025551559652102,0.0810792561122724,0,6.26897616743803e-05,0,0.00266440612550592,9.44274980093808e-05,0.000474987222198862,2.5483884504056e-05,0.000508137002538156,3.24717996453345e-05,9.32164494041506e-05,0.000840105667356643,0.000285994113781678,0.00983444168135525,0.0314425163289774,0.000919271799367649,0.00188046187441631,0,0.00299753476675182,0.00568827282578771,0.0137863593760874,0.0072494246206648,0.000380200102486706,0.0979237830403112,0.43844427963388,0.00375689131592944,5.25685583237469e-05,0.00116898301372941,6.05956520475447e-05,0,0.000211393912453973,0.0058662477425517,0.00286391893979184
0.00206613456073374,0.000424030789513541,0.0206065407044756,0.0002492171141792,0.00449752170684758,0.00646110753456996,0.0201478692390471,0.0130220240154175,0.00148307974721092,0.038938546605859,0.99687206393424,0.0104161771827458,0.000425362213141853,0.021469037171435,0.00068495689223904,0.00240114329564437,0.190531423323693,0,0.683009765211059,0.00305754115786824,0.0260446195050616,0.000406074589787877,0.0583599302697088,0.00807912187355364,0,0.29612980039106,0.105515413551452,0.0100978596609855,0.0360695993491868,0.0264628246696362,0.000561619964725405,0.0497302340148898,0.000650712473188532,0.285839064231097,0.00771032816013091,0.175545045434113,0.138953070501231,0.262828988292707,0.120297111269608,0.00308634451782098,0.00205394210597364,0.000956726373285342,0.00218544473759965,0.00113027912113377,0.000566056753879896,0.00126835833274071,0.000111871625276137,0,0.000268065552508968,0,0.00145423570710109,0.00350773503171605,8.89405228109956e-05,0,0,0,0,0.000976909561441739,0,0.000104764854921317,3.91738261621773e-05,0.000427878186192345,0,8.49946368363023e-05,0.000560473333024418,0.00111277091052221,4.25006587105274e-05,0,0,4.09428891660452e-05,0.000401234665867335,0.000585910627261955,0.000180159646502859,0.000274853238028479,0.01307666226071,0.031783299358258,0,0,0,0.000510294277046847,0,0,0.00016490305369303,0.00449387378340928
0.00850322085717974,0.00281123838771308,0.0953470456553548,0.000262915000189513,0.000805181362564979,0.00217469213207652,0.0135391987638832,0.0130070753707861,0.00242539506092252,0.0102666285463887,0.189633020646923,0.00339744553756824,0.000163986484042206,0.0311996462988404,0.000557572794132793,0.00350695383551786,1.12442519072876,0.683009765211059,0,0.000488138625101167,0.0553650459380441,0.00218216534096146,0.155789563528114,0.0043688033240187,0.000152598969274497,0.871748723722026,0.328924810231447,0.00728036885903566,0.0491989152869508,0.0637900539103076,0.000153094678528979,0.0102849614404226,0.0021778020523333,0.401491266615596,0.00649946817336526,0.128925341450842,0.0407550336761772,0.097436318301579,0.0688359530632251,0.00148611002897794,0.0014179954985909,0.000557565601463837,0.005391231047323,0.00309743092942578,0.0017240630218905,0.00319567519537114,0.000122399005360913,0,0,0,0.00639055748942672,0.0193929939763225,0,0,0,0.000292154576017684,0,0.000563238127319813,0,0,0,0.000361266028644371,0,0,0.00139773366792504,0.00492872881855629,5.70577773838907e-05,0.000425137215557486,0,0.000101543986219025,0.000323754284518626,0.00165660578211638,0.000951299466973485,0.000197100862450135,0.0563314611018521,0.126920534134307,7.94882940495606e-05,8.9006539391124e-05,0.000103316535153896,0.000549589720858454,0,0.000145819547572553,0.00076054168115431,0.00434400641221931
0.000260659645112694,0.000103703717792291,0.000405764210384035,1.98351100083851,0.029471217716829,0.0935010761521001,0.0321162848108947,0.04264992584856,0.114364752911355,0.342932135456654,0.00803137376115861,1.13269638055556,0.00220895102572732,0.0244258998241142,0.100384201806737,4.79932128079236e-05,0.000256322710028964,0.00305754115786824,0.000488138625101167,0,0.00112833985590438,0.000120697222704613,0.000689409281169671,0.044244706647678,0,0.0074546024298803,0.00114510766087831,0.0621001323033743,0.0180688213193976,0.00228753264415664,0.000641352619249669,0.0161320856967018,2.87311443349332e-05,0.0173337477068622,0.0059957526021535,0.0967146805664665,0.00145052808357085,0.017067318972786,0.00610587727095991,0.152826258780981,0.0178299702646848,0.00965737528418443,0.00609826395536698,0,0.00178571336538333,0.000562468192276091,0.0376978478742094,0.000542402915031171,0.00192325402414039,0,0.00079704211770249,0,0.123184135352373,0.00135680221374021,0.005326343831322,0.0157066618126485,0.00273398708652832,0.0883261360408893,0.041985795181297,0,0.0800911200019806,9.14751470017615e-05,0.00119813523691862,0.00805651488750352,9.49043212225791e-05,0,5.695238904531e-05,0,0.0679922925590028,0,0.00097129962496014,3.07783113437325e-05,0.106813330389822,3.46948018059105e-05,0,0.000145223286591306,0.0480885837647025,0.00065280856068188,0,0,0.000293599163208041,4.92370183591366e-05,0.00200935198397828,0.000582877345809018
0.00962617879736289,0.0049567897762128,0.470397341093043,0.00200127370062617,0.00742621611553147,0.00853861519889437,0.321750376703835,0.0524813200557433,0.0212108960574448,0.0268216377468223,0.0199460843635244,0.00143356962823838,0.0059751861800447,0.0682191146030789,0.0540370554984109,0.854784410505661,0.325322306907335,0.0260446195050616,0.0553650459380441,0.00112833985590438,0,0.116097260260494,4.3767400652673,0.0852259401433413,0.00199452109522364,0.144747735505673,0.411654523523751,0.244131299291116,0.103168571944328,2.74909705248043,0.000478285248836234,0.00949829599031627,0.0119681485575194,0.973588019796712,0.300822517962488,1.20215068639414,0.271208451270366,1.18894200296488,0.470229582378296,0.038463367429601,0.0350469921074828,0.0344697877737749,0.0816410484685012,0.00744151498112724,0.0293363112849894,0.0161992166824617,0.0117149221387905,0.00267843738303102,0.00422998190038537,0.00058569998447837,0.00363661532241576,0.0222258106410413,0.000969003540397023,0.00215177939417242,0.000993372335707847,0.0161633840741858,0.00747619289824848,0.00940070007230229,0.000443655723672268,0.0004893172385748,0.000864746057565385,0,0.0094653736223437,0.00502286456951001,0.373742913660064,0.00541719206980761,0.000246637304429961,0.000769067768048724,0.000573111387955326,0.277487335076202,0.0899233199407731,0.124324885883728,0.37596043480488,5.43216057766854e-05,0.00871822434548191,0.0889811982277762,0.245178459943883,0.0426309593677742,0.0806485238740986,0,0.000983851736658154,0.0104973088583623,0.0212290964038853,0.0658347470825998
0,0.546493113336939,0.00719306356907555,0.00023298287040866,0.00209561603997203,0.000210485141516715,0.00161776708687757,0.00152397525684304,0.668010114726098,0.000446047269657239,0.00881757642338718,0.000172456072545457,0.207780670959005,0.000554748344376647,0.0103902081595328,0.606705638119425,0.0116924390583256,0.000406074589787877,0.00218216534096146,0.000120697222704613,0.116097260260494,0,0.10829547914446,1.01519240138394,0.256150422016348,0.00783790149214261,1.31741088332417,0.0385427213790643,0.00125016513198902,0.02427450147384,0.00863890071704107,0.00114162533090772,0.00062910846277706,0.0142123835285332,0.00650896030006341,0.0549325564970185,0.0157840969473644,0.01793956767938,0.0121322807365646,0.00490463852423309,0.000840338780770937,0.030077413000088,0.0436018593650404,0.0200898164139336,0.0152186226657765,0.0135186799444643,0.00301948841322409,0.0005593657747576,0.00398801025386293,0.000252278710600001,0.042978415923032,0.0259594418357065,0.000855161445641186,0,0.000485971696160924,0.00537300253155331,0.00187332269007098,0.011466263043708,0.000341801794965282,0.00572837762338169,0.000278246406622332,0.0167345587972659,0.00304862022586446,0.00114279415605622,0.638357737584131,0.00960403401428699,0.00107058339600043,0.000863206210968042,0.00021239562902326,0.099630700733719,0.433452654556869,0.12132490819814,0.153051299476731,0.00454216188389938,0.0163751356680602,0.979629070176602,0.0481748234567633,0.0075217261313599,0.0139055662293946,0.00504465142686844,0.000150121280390775,0.00315732083313085,0.00844121968197991,0.0061618652269244
0.0502910029825816,0.00846591843334491,4.48398161528838,0.00180241212120508,0.010456599860133,0.00956374626404056,0.194083257806776,0.0983251143021723,0.0166301777987847,0.0197554765079735,0.0464825469765909,0.00239187870346151,0.00689644032783618,0.183042354963108,0.0478790270341966,0.682126985330729,1.52596379428368,0.0583599302697088,0.155789563528114,0.000689409281169671,4.3767400652673,0.10829547914446,0,0.101193113885951,0.00179429370031723,0.493283855012374,4.16774963479518,0.287610419951048,0.242354323245012,2.18603899328499,0.00110482493046652,0.0189584645069297,0.0180179506608164,1.14727038520556,0.436793001014408,2.46662029780811,1.01518157236513,1.6820982474839,1.3563811299812,0.0528889756279936,0.059617611879349,0.0359113158576616,0.111816404560901,0.0182876334386647,0.0296527698494779,0.042660766013435,0.00550978173049513,0.0016700405367122,0.0131024273874965,0.000434412765872514,0.00826569523142147,0.119297310228804,0.000227862394814652,0.00177880319308065,0.000359991385288435,0.0127109434367562,0.00127361526937903,0.00255184442448276,0.000145882207417235,0.000635207211819458,0.000192589962026676,6.71392895106971e-05,0.00198834141573592,0.00165053974538878,1.22577111131165,0.0183318920143262,0.00112042932710926,0.00232732728315374,9.86564796354893e-05,0.367144487617321,0.129962889491483,0.566024538749539,0.206913867788722,0,0.0259555114978297,0.895630928041317,0.104113519636286,0.0123447947627444,0.0453961742205427,0,0.000217442110798806,0.00403797512944769,0.0152568736057996,0.15518922864454
0.00116144462686095,0.249299861043564,0.0139577395996536,0.321356646796408,0.0817730461046782,0.0882911961081336,0.2319297803235,0.197159387365206,2.34098673276028,0.122582413925648,0.024732830561649,0.0689571242363036,0.108780770398164,0.0901104057868741,0.366103451973181,0.27024982165627,0.0116414260191947,0.00807912187355364,0.0043688033240187,0.044244706647678,0.0852259401433413,1.01519240138394,0.101193113885951,0,0.163241695849367,0.0318833176318735,0.602191508495325,1.4859322356467,0.0911007806470905,0.0307739368644202,0.00389923243053918,0.041688121124479,0.0338472836280901,0.113010115232913,0.0982608408872106,0.477026397473587,0.0479598924941483,0.136974109305351,0.0692596391472501,0.327739808155018,0.0341272757978851,0.0437395258062418,0.309180401415817,0.0139426805891311,0.116743292434395,0.0341585398751235,0.161392880473384,0.0214975136548859,0.0224483447315925,0.00582181285254044,0.00835499471586346,0.0139715288832982,0.259646585455467,0.00439033815138442,0.0533991456729427,0.40947178807099,0.443529454066706,0.475351858225464,0.220268329138757,0.0142719610279878,0.158283643177197,0.00511848485257102,0.315939571284482,0.0154444380556641,0.187048292615484,0.00486673153096824,0.00442700885123239,0.00278908696750912,0.145885357914292,0.119137819270914,0.0922779036291772,0.0552397644717735,2.44114495931995,0.00314282984848812,0.00856100604077928,0.0927706437043439,1.27203480810091,0.166980320713013,0.0676800357370191,0,0.0213048799871771,0.014177429125875,0.136177599957236,0.0283313779460232
0,0.315995315913536,0.000710896275642517,6.07263932522416e-05,0.000454497319094396,0.000109391216238707,0.00038952044372651,0.000308520225762781,0.255549417063545,0.000678637660409707,0.0194523885325207,0,0.308606132071582,0,0.00437454856113362,0.0041929188853119,0.000452096668346238,0,0.000152598969274497,0,0.00199452109522364,0.256150422016348,0.00179429370031723,0.163241695849367,0,0.00504689313889454,0.132054905337553,0.00159702516317644,0.000292717375349915,0.000253175482793617,0.0029503230555134,0.000162784558992243,0,0.0109310232752743,0,0.00198856715090947,0.0477137750655888,0.00362212558039938,0.000422759928063882,0.00187398312835745,5.16678116050244e-05,0.203009948141061,0.00243168786638811,0.0184831221613824,0.00358779399428171,0.00114003782054623,0.000214377376100499,0,0.0168056632134931,0,0.0210207647549709,0.0032909419054304,0,0,0,0,0.000114640382351586,0.00385813851411712,0,0.0188066611520774,5.43429206944227e-05,0.0691854808111671,0,0.000190081329632777,0.00679577805195795,0.00113593364887429,2.75252729479849e-05,0.0001418129584786,0,0.00028091531432504,0.00660931603951834,0.00177261960718912,0.00417814081874761,0.0536562683947408,0.0111164150646137,0.114091462702304,0.000359653816092572,5.25149914972007e-05,0,0.00656149093126993,0.000440412208163506,0,0.00318961609292138,0
0.0197989279191301,0.0186983276246209,2.17807205206308,0.00168297821023164,0.010941402879133,0.0244840316346926,0.0817260881217673,0.0628785958064913,0.0112258295477976,0.101074585130788,0.801867419854904,0.031008543878003,0.0160069530496176,0.0964749422248627,0.00448266819477657,0.0111097597998412,0.905501012216167,0.29612980039106,0.871748723722026,0.0074546024298803,0.144747735505673,0.00783790149214261,0.493283855012374,0.0318833176318735,0.00504689313889454,0,1.98942800371767,0.0411857472326737,0.101010944630761,0.151897468910098,0.0419788077594478,0.142978012758826,0.00329030165688584,0.594648710653339,0.049349563847292,1.04310131103151,0.992054233163188,0.943378569772245,0.5305665273531,0.0143028593807951,0.00701141942335155,0.00632080798927794,0.0707527506639497,0.135719706610802,0.0301201022408537,0.0390958308026442,0.00165314737916276,0.00010215218252064,0.00140079476870471,0.000109421046318093,0.0449561138753016,0.154789883033811,3.19501056410164e-05,5.5288632164669e-05,0.000178821194636297,0.0020947056012376,2.60576678075611e-05,0.00405778298102368,0,0.0215879246462806,0.00339330086191498,0.121952056801916,0.000433535791136104,0.000737872164455009,0.00824767736783148,0.0443515821844924,0.00239569355460524,0.007365310760595,0,0.00210695234162133,0.013712896128539,0.0128168748288902,0.00685441769738104,0.0207139634948734,1.23172948318102,2.39172891132677,0.00139618313802971,0.000413308549644106,0.00157642233375994,0.196600562717814,8.95527312218785e-05,0.000124401320370674,0.00853635639312168,0.0308313369771414
