0,0,0.000256093233807564,0,0.00176365291827965,0.0168980645782728,0.270287499018328,0.0442446434693027,0,0.000663582569938663,0.0136270892326126,0,0.00259589170482159,0.60136017548496,0.000404047361967087,0.000209337593547821,0.000234206553800583,0.00247440421582747,0.000744560669081208,0,0.0018817209598074,0,0.000726867784014701,2.46168811483383e-05,0.00011249759379673,0.00254098880665398,0.000935279671272756,0.00169601313875771,0.445228072425044,0.0827617252756104,0.00031110915441227,0.00291434573475409,0.00119273346849632,0.017013804082273,0.000668262995913506,0.011483811801321,0.00197578938648892,0.00351780122471952,0.00177138154478645,0.0065161485246191,0.000628563974575997,0.000713450554962159,0,0,0,0,0,0,0,0,0,0,0,0,0,0,0,0,0,0,0,0,0,0,0,0,0,0,0,2.0580753862381e-05,0,0,0,0,0,0,0,0,0,0,0,0,6.57175712471006e-05,0
0,0,0.000664999905037878,0,0,3.23700560131073e-05,0.000112957896048546,0.000184504154382705,0.0651971569803087,0,0.017845203245224,0,0.0598775102990368,0.00022204042395401,8.10907134017947e-05,0.0183073487530546,0.00135936050276184,0.000534877925760269,0.000208378933233261,0,0.00897693506110668,0.131233187380105,0.00286281291987991,0.114310149505377,0.177328769185714,0.0228017367180634,2.33311668418601,0.0383091105177613,4.94907272987366e-05,0.000375463493791581,0.00736360516917514,0.000147767455404281,0,0.00169520840257358,0.000119447869714737,0.00498786868174839,0.00581145630914211,0.00223927491699314,0.00268460905270958,7.43752874622346e-05,0.000153533496368408,0.00763200459639361,0.00287050095934868,0.00209025023884106,0.000114184349003792,0.000929339502685547,0.000194961768859864,0.000169249235218048,0.000316503935331345,0,0.144348776766678,0.000950293691210745,0,0,0,0,0,0.000101847258190155,0,0.0168107570452223,0,0.0221807661486254,5.8286300994873e-05,7.70099172992707e-05,0.00154113158564759,0.000520389159047127,1.77074492368698e-05,0.000883486246639251,0,0,0.000551467728097916,0.00134428392847538,0.00035103744059658,0.0136631782014112,0.0167510886181827,0.413475410433508,0.000126823211734772,0,2.23611837015152e-05,0.00497626571846867,0.000222751310697556,0,0.000445265154533386,0.000176825526603699
0.000256093233807564,0.000664999905037878,0,0,0.000393926835968971,0.000408641734960556,0.000309120364201069,0.00140503303653431,0,0,0.026558036097755,0,0.0235718608327331,0.00251310366379452,0.00180008108199978,0.00525512933908224,0.716782491028561,0.0177192543679304,0.0423231092001071,0,0.0989806676541727,0.000421734210021973,1.70947941074197,0.000199657501067162,0.000208671043484688,3.18508241382279,0.899510655153946,0.00604912464116191,0.00194016063603401,0.00430779601499748,4.60950878763199e-05,0.00286230793045664,1.82385751533509e-05,0.0663405501372299,0.0330912332472095,0.263487231548281,0.0221139172377291,0.11826999872294,0.125494606741838,0.00662251873079683,0.0102258997276554,0.00198030686471844,0.00119687328694153,0.00023243771201706,4.52666336746216e-05,0.00208587222982693,0.000161193293775559,0.000182924735092163,0,0,0.0010676306136589,0.000172703849784851,0,0,0,0,0,0,0,0.000511493247018814,0,0,0,0,0.000327986373393059,0.000210361308846473,0,0.000132889566713333,0,0.000120035600372314,2.75274269771576e-05,0.000384382768976211,0,0,0.000494483233011246,0.0150093074416494,0,0,0,0,0,0,0.00010008742428875,0.0365014891374464
0,0,0,0,0.00177502984892178,0.00062361716142082,0,9.53506557855609e-05,0.0458452726521291,0.389726462358748,0,0.00513583326170826,0.00106336886628342,0,0.0122551708052044,0,0,0,0,0.472732399184092,0,0,0,0.0183350238110561,0.000109073254314422,0,0,0.514532395865141,0,0,0,0.000199251569503784,0,0,0,0.0151261759944334,2.25642307691574e-05,0,0,0.0266967599305687,0.000245608050281525,0,0,0,0,0,0,0,0,0,0,0,0.0483949985188294,0,0,0,0,0,0.0395865958294945,2.12072238321304e-05,0,0,0,0,0.000182424714600563,0,0,0,0.0516762233816815,8.75564586095807e-05,0,0,0.000578055027957917,0,0,0,0.0104351693696423,0,0,0,0,0,6.44613763732912e-05,0
0.00176365291827965,0,0.000393926835968971,0.00177502984892178,0,0.499435009011263,0.00451137148503971,0.161398460537885,0.0122386233799438,0.0379907651321869,0.00285400455369759,0.0429014721506195,0.00785128624326036,0.0148337314042654,0.156911085571833,0.000421962198766708,0.000106858773216247,0.000489166995300293,0.000188194931739807,0.00125643597668838,0.00636979081587695,0,0.000948444432271957,0.00754321530257037,0.00119306337147188,0.000383328521624565,0.000689878516468049,0.0130866474616384,0.00949299332028295,0.0130813063853874,0,0.0327478078445892,0.00117845609246063,0.0453168344583235,0.016512168182682,0.100927270639918,0.00455696523611641,0.00303818872286511,0.00532912673688698,0.829395031194275,0.319797387636377,0.00120138564677811,0.000153266965845108,0.000423268049743652,0,0.0022159535521431,2.65476917495727e-05,0,0,0,0,0.000118454324615478,0,0,2.29319474458694e-05,0,0,1.47597146472931e-05,0,0.000113495437437058,0,0,4.41256445960998e-05,0,0.000468874914954186,0,0.000428459428733826,0.000539176730790138,0,0.000584570635542869,1.85456612491608e-05,0.000409892876120567,3.54922652206421e-05,0,0.000597435282683375,0.000487743431774139,0.000225439505355835,0,0,2.70451705255509e-05,0,0,0,0.00484456019441986
0.0168980645782728,3.23700560131073e-05,0.000408641734960556,0.00062361716142082,0.499435009011263,0,0.0361285788337068,0.946720207408726,0.00365588288976001,1.14438005185422,0.0219348012582521,0.377196693577661,0.00926765743616293,0.127649182175985,0.259483726341502,0.000253474850672722,0.000427446322563171,0.00295500934853268,0.000975973967439652,0.00028315077028656,0.00421865373910618,0,0.000953248042302134,0.00201195651916122,0.000471573170715809,0.00275634777520466,0.000951142026383397,0.00542887639618778,0.0306999675660782,0.0676651880837015,0.000326246388997078,0.0776289604546363,0.00157790741550922,0.048662895516695,0.149643225791774,0.0587917468483913,0.00547203529382801,0.0075259613502903,0.00476886498389626,0.357972796493551,0.01929874115728,0.00176132259683132,0,0,0,0,0.000150939738507271,0,0,0,0,0,0,0,0,0,0,0,0,3.33620942630768e-05,0,8.78830550823212e-05,0,0,0.000200279495939255,0,8.8304465938568e-05,0,0,0.000105969835272789,0,0,0,0,0,0,0.000103658882606507,0,0,0,0,0,0,0.00532466985078049
0.270287499018328,0.000112957896048546,0.000309120364201069,0,0.00451137148503971,0.0361285788337068,0,0.438636962501032,0.0770061494068908,1.40948354101781,0.0142407567765598,3.64068213500976e-05,0.00346334095129395,1.29979527685914,0.00177898946602249,0.000457667212926865,0.000249580644291401,0.00247158902716255,0.000664892661769868,0,0.00239864658031368,0.000475785005893707,0.000748616309366225,0.0615711842587998,0.00137008189540243,0.0027238717931056,0.00118423833292866,1.96366037133149,0.0535584286764135,0.484892750398244,0.000137410431857586,0.00655938881222393,0.000496449468555451,0.0171033190673718,0.000679688684143068,0.0283867725638366,0.0025845131939106,0.00387384863765717,0.00190259131978941,0.0145001024361763,0.000709442487936971,0.00117810008970165,5.21650963525772e-05,0,0,0,0.00012006192828083,0,0,0,0,0,0.00221053286635208,0,0,0,0,0.000337778650978088,0.000112123690647125,4.52719583415985e-05,0,0,0,0.000414746275108337,0.000684333432576654,0,0,0,0.000148725591293335,0.000399033600651741,3.06181933794022e-05,0,0.00158838362611484,0,0,0,0.00180269485193825,0,0,0,0,0,1.85736813039779e-05,2.44996126127243e-05
0.0442446434693027,0.000184504154382705,0.00140503303653431,9.53506557855609e-05,0.161398460537885,0.946720207408726,0.438636962501032,0,0.00017240544118309,0.110484573565211,0.0752319873930304,0.00134323857538032,0.0246733106019573,2.01478876835893,0.0627399070907739,0.00167627169907523,0.00128946121321965,0.00869066095409773,0.00186935332645225,7.38924628829955e-05,0.0210719351987772,0.000190455876937866,0.00430222107293987,0.000336334485395909,0.000829629697975158,0.00911189302320096,0.00358235277693271,0.0213283485655131,0.105527186375719,0.220328521037058,0.00134316359039926,0.120719941687881,0.00395318062194729,0.066277927728819,0.0112067313611584,0.146082090138079,0.019640514895752,0.0210422352919407,0.0151260406734238,0.16783221408189,0.00690105691304395,0.00815240614586737,0,0.000163196142960548,0,0,6.27421295099257e-05,0,2.45514538221359e-05,0,0,0,0,0,0,0,0,0,0,0.00025916981275177,0,0.000175211280215263,0,0,9.3583556842804e-05,0,8.18270977134707e-05,0,0,7.13945420351027e-05,0,0,1.67800254535675e-05,3.29523641109467e-05,0.000104558531066895,6.27245420265198e-05,0,0,0,7.76783622865676e-05,0,0,0,0.00148263589902878
0,0.0651971569803087,0,0.0458452726521291,0.0122386233799438,0.00365588288976001,0.0770061494068908,0.00017240544118309,0,0.0277325414647494,0.00155823115929508,0.0455845836993027,0.0157206677982402,0.000139522168384552,0.0882425643600085,0.000479433991782188,0,0,0,0.00100940829782009,0.000158241972115517,0.338128721628027,0.000103013391723633,3.436508604019,0.0413463846364246,0.00320246758773422,0.192820145907137,0.556663584383088,8.81632259130476e-05,0.00118470270821857,0.00145422553003979,0.000189959158578873,0,0.000750001465716363,2.46361607780456e-05,0.00730388208738325,0.000771494784639361,0.000607945311741827,0.000232711229636192,0.0700424089042083,0.000364053220175743,0.00087333124316025,0.00090278868361187,8.7982106823921e-05,2.22395414571762e-05,0,0.00688955753778648,3.5322798866272e-05,0.000186564447389603,0,0.00090209718138313,0,0.00238577242533875,0,5.79517140254974e-05,0,3.64524743385315e-05,0.0024459854586525,0.000133692521598816,0.00163786278633499,0,0.00113100652188206,0.000294718761377334,0.00094589066535187,0.036498553618475,0,0,0,0.000625013982742309,0.0214578179802818,0.0012004089951725,0.000490543311584473,0.00981739828875448,0,0,0.00332682940310955,0.00517713157806301,0.000122034331068992,0,1.95978685855866e-05,8.93743114528659e-05,0,0.000157550454154014,0
0.000663582569938663,0,0,0.389726462358748,0.0379907651321869,1.14438005185422,1.40948354101781,0.110484573565211,0.0277325414647494,0,8.08318377428055e-05,0.93896944182553,0.00385351746138954,0.24369143616544,0.0839391656721126,7.80951249847409e-05,0,3.11145428924561e-05,4.10984822673797e-05,3.31363262580906,0,0,3.9804259552002e-05,0.0318889373113775,0.00215247573056317,5.67151466503143e-05,0.00010113399055481,0.109006696868735,0,0.000124203494811058,0,0.000486477645157814,0,0.000104527215871811,0.0211656374488449,0.0240306380376949,0.000499868579515457,0.000403694094961167,0.000283414855238915,0.0770509573570406,0.00054871181787014,0.000271814452903747,0.000228884393577576,1.61768994112015e-05,0,0,0.000273640918561936,0,2.29259060640335e-05,0,0,0,0.000247521902709961,1.83794131193161e-05,0,0,0,0,0,0.000120210734018326,0.0131764425983391,4.58975035743713e-05,0,0.000153529147132873,0.000840769127667901,0,0,0,0.000233068400115967,0.000659253220619199,1.5618447429657e-05,1.6286091794014e-05,0.000608087438046453,0,0,0,0.000832925991977692,0,0,0,0,0,2.21399565496445e-05,0.00467065029358005
0.0136270892326126,0.017845203245224,0.026558036097755,0,0.00285400455369759,0.0219348012582521,0.0142407567765598,0.0752319873930304,0.00155823115929508,8.08318377428055e-05,0,4.43048512802124e-05,0.65911763890366,0.182287407421095,0.00319664137243938,0.0113679359833989,0.0202290830468788,0.499330297402139,0.0728859584104915,0,0.0914276551706387,0.00771735777563382,0.0776355443127048,0.00450145180352211,0.127748873242972,0.441764774465279,0.0928712503736527,0.0123157582774558,0.147678080315805,0.0486976049212675,0.221891848178847,0.185315929691787,0.00227779726734066,1.42294105909137,0.0306394024964104,0.437221857952182,1.01422320246708,0.814421848885804,0.26539322960521,0.025607708352974,0.0468461574429617,0.343631479815039,0.00426402273364734,0.0212636420647917,0.000582496656778335,0.00163744324592972,0.000788469767023088,0.00130733265555668,0.0110272690563211,6.1819855585098e-05,0.00518318148181343,0,0,8.47424944782255e-05,9.43009115009309e-05,0,3.32095004253387e-05,0.000280636038105011,0,0.213050347009093,3.79089438171387e-05,0.246632969297539,0.00120532865707111,3.7222785484314e-05,0.000465136636882782,0.000120330047813416,0.000401901351611137,0.00020692889845562,0,0.000587368061915875,0.000680871871994016,0.000144084916771889,0.00019818359793663,0.0100398587827835,0.0387624770027647,0.186383888576584,0.000341092813905716,0.00129043143187237,0.0001461746073246,0.0909704741657094,0.00255603106603145,1.74813903779984e-05,0.00657663625026512,0.0158600882656603
0,0,0,0.00513583326170826,0.0429014721506195,0.377196693577661,3.64068213500976e-05,0.00134323857538032,0.0455845836993027,0.93896944182553,4.43048512802124e-05,0,0.0024802869370966,0.000159418286496162,0.378236812640451,6.84840294198992e-05,0,7.61139782752989e-05,0,2.65379821537347,0.000406478318922043,0,0,0.00369999178944969,0.00217986039668083,2.329476948452e-05,0,0.0243512824015532,0,7.3734023448944e-05,0,0.000356348341403961,0,0.000167001246826172,0.542151416987486,0.0223252107338905,0.000614970272844316,0.000479330590805054,0.0002195009214077,0.141346407837235,0.000208033515129089,5.63121256484985e-05,0.000414799133703232,6.29768955802919e-05,0,9.93129404640198e-05,0.000209543437551498,0,7.10386441612241e-05,0,0,0,0,0,0,0,0,0,0.00153239691173744,0.000178684781092644,0.00155605445955848,8.93598023471834e-05,0,0,0.000518376969843865,0,0,0,9.89536110992429e-05,0.000262113745256424,0,8.31868176784517e-05,0.000394467719696045,0,3.68543870544434e-05,0,0.000672661941741943,0,0,0,0,0,0,0.0647740218234847
0.00259589170482159,0.0598775102990368,0.0235718608327331,0.00106336886628342,0.00785128624326036,0.00926765743616293,0.00346334095129395,0.0246733106019573,0.0157206677982402,0.00385351746138954,0.65911763890366,0.0024802869370966,0,0.032009404477232,0.00601230583987424,0.0353792189169416,0.00912234310692788,0.027787353733449,0.00714861570209596,7.98944026765821e-05,0.190400487905121,0.028547849463119,0.0700730348398563,0.0568346867245216,1.08978553526899,0.110286696208171,0.271013755686678,0.101180511080256,0.0373452981805973,0.0414587721052351,0.415864536338828,0.0771224108270215,0.0022626482157011,0.183870933630249,0.028521757010293,0.354159993148991,0.503516552809957,0.42665037415891,0.302250905251594,0.204899607519825,0.125225273544413,0.574492207908929,0.0133498507568236,0.0664758487101948,0.00234350232055092,0.00397247981272602,0.0157466062220507,0.00347678837152291,0.03637036840028,6.04672922801972e-05,0.0195899448692951,0,0,0.000482477916498184,0.000696849286934851,0.000178338761647224,0.000286513584168434,0.000755959299576761,4.74886123094559e-05,0.676711185261188,3.72782592144012e-05,0.755124082077813,0.00625267649282739,0.000399876128685951,0.00714153866204452,0.000277459627773285,0.00130385407649231,0.000296976413183212,0,0.00484439704302264,0.00225723225585795,0.000982637059209824,0.0140589486403899,0.04949127727775,0.0493296639794526,0.274137401517682,0.00980120655421973,0.00349229290848827,0.000519046425224304,0.172756566832057,0.00676171806109145,0.000171314982250214,0.0204172095533266,0.00879935496486283
0.60136017548496,0.00022204042395401,0.00251310366379452,0,0.0148337314042654,0.127649182175985,1.29979527685914,2.01478876835893,0.000139522168384552,0.24369143616544,0.182287407421095,0.000159418286496162,0.032009404477232,0,0.00606006345624733,0.0034362717498436,0.00240296260660314,0.0244998381829934,0.00688767592966034,0,0.0249217338557625,0.000186486239813805,0.00706311838625335,0.000580411911558152,0.00154261565039634,0.0251161278588438,0.00950294201651575,0.0234282998048058,0.73412623973102,0.468852207442502,0.00338720407135678,0.0682398363867562,0.00695362955269434,0.170908701244641,0.0121313105224142,0.144087141307972,0.0279928091133528,0.0349443834923072,0.021862667898571,0.0602243874240172,0.00632410413834858,0.0101705769114961,0.000130090569685936,0.000193393233146668,0,2.75818081541062e-05,0.000115313410024166,0,2.72462317686081e-05,0,0,0,0,0,0,0,0,0,0,0.000317067161333084,0,0.000136989413446426,0,3.66992130432129e-05,5.98939903163909e-05,0,0,0,0,0.000119232265278339,1.60130409135818e-05,0,2.09964659614563e-05,0,0,5.25803539495468e-05,2.5823814986229e-05,0,0,0,0,0,0,0.00140748808384895
0.000404047361967087,8.10907134017947e-05,0.00180008108199978,0.0122551708052044,0.156911085571833,0.259483726341502,0.00177898946602249,0.0627399070907739,0.0882425643600085,0.0839391656721126,0.00319664137243938,0.378236812640451,0.00601230583987424,0.00606006345624733,0,0.00378581296950817,0.000826009433123586,0.00226037761058521,0.000524523488505364,0.0115899377563191,0.0480560586062308,0.000171857752161026,0.00784324379004191,0.0591385047321225,0.00213741934928083,0.00518351722601509,0.00490235766266728,0.0662580891699028,0.00951362363235569,0.00790509006793213,6.5704859172821e-05,0.0151168044267225,0.00103805067440128,0.0081137884130087,0.0437486464584675,0.0638827185426867,0.00844494612903499,0.00462210347625447,0.00873940644827845,0.294465266046098,0.00263491243246079,0.000742171831360817,0.00026889964349556,0.000395579928302765,0.000239669232089996,0.00364644481615448,0.000561045907221794,0,0,0,0.00015383121972084,0,0.000473132524612427,4.98893850803375e-05,0,0,0,2.12403587837219e-05,0,0.000740860653968813,4.25217311382294e-05,6.70278658561704e-05,5.53980205249786e-05,0.000259187055862427,0.000858141454147339,0,0.000416041616598129,0.000165874256412506,0,0.0015863911937685,3.66286008968353e-05,0.00072500310346985,3.00112250461579e-05,0,0.000661681819407465,0.000794689853842734,0.000277894170244217,0,0,0,0,0,0,0.0125823544282379
0.000209337593547821,0.0183073487530546,0.00525512933908224,0,0.000421962198766708,0.000253474850672722,0.000457667212926865,0.00167627169907523,0.000479433991782188,7.80951249847409e-05,0.0113679359833989,6.84840294198992e-05,0.0353792189169416,0.0034362717498436,0.00378581296950817,0,0.0103157608248482,0.00556736312661552,0.00278554027763843,0,1.7959456848182,0.830255911086542,0.310254369352162,0.280909886304503,0.0323730514144793,0.0136276239814353,0.671630677736686,0.650885759173373,0.00258638330575562,0.00660474840993406,0.000303770523925781,0.00263210288923645,9.98529081945421e-05,0.0132194576967573,0.0447480516631451,0.702240681197913,0.111026551863587,0.222447030190802,0.0663941859342213,0.0125281779275722,0.00716743831420328,0.00294852025939751,0.0105594487208548,0.00138222248135662,0.000594473503978729,0.00244058043745136,0.0228705968916778,0.000495119278990745,0.000958221003313066,0,0.00232297501613617,0.000242190877947807,6.63668310012816e-05,0.000113578464483261,0.000266136982163429,0.000196164580713272,8.24537232627869e-05,0.00722450646564672,6.12145566730498e-05,0.00482375478541088,0.000134423151214599,0.00149228103505325,0.00114196886793995,0.000821629422552108,1.29356782529175,0.000863355715570447,6.1006613219261e-05,0.00012397592648077,0.000161158403746605,0.338412163416012,0.109497830159013,0.672759949904752,0.0287374935022774,0.000259287301546097,0.00069982095280838,0.244232917557538,0.0201859323949556,0.000133221785027504,0,5.70600263442993e-05,0.000215436655197144,0,0.00109494792081642,0.0278684354022589
0.000234206553800583,0.00135936050276184,0.716782491028561,0,0.000106858773216247,0.000427446322563171,0.000249580644291401,0.00128946121321965,0,0,0.0202290830468788,0,0.00912234310692788,0.00240296260660314,0.000826009433123586,0.0103157608248482,0,0.122201470633046,0.771245759959524,0,0.230314435195662,0.000228201383545876,1.55975216753953,2.5741156785965e-05,0.000116029475469589,1.58123633603719,0.606191044680108,0.00206032969046116,0.00180249321819735,0.0257223889999223,2.89859679365158e-05,0.000913415084438322,6.2116266125679e-05,0.24121833724732,0.0111253472002201,0.0974560922001231,0.0151333356612196,0.139279471257686,0.125734724136603,0.00158409526064873,0.0047318786688652,0.000892005402643203,0.00082420695643616,0.00018983880991745,0,0.000260438983660698,0.000112288856712341,0.00012923202394867,0,0,0.000899402459375382,0,0,0,4.74834152526855e-05,0,0,0,0,0.000158788302875519,0,0,0,5.86750331497194e-05,0,0,0,0,0,6.42518578948976e-05,0,0.000243250981384277,0,0,0.000214202159302711,0.00633063754843137,0,0,0,0,0,0,0,0.0140616959281884
0.00247440421582747,0.000534877925760269,0.0177192543679304,0,0.000489166995300293,0.00295500934853268,0.00247158902716255,0.00869066095409773,0,3.11145428924561e-05,0.499330297402139,7.61139782752989e-05,0.027787353733449,0.0244998381829934,0.00226037761058521,0.00556736312661552,0.122201470633046,0,0.359488986127656,0,0.0523783928342743,0.000157804606487274,0.0525264845760569,0.000184644293114662,0.000795221932465551,0.493150016882057,0.0709513189803817,0.00392002323368454,0.0189193476100015,0.011404703784306,0.000806954269769669,0.0123729963812213,0.000396952110365867,0.227541754755308,0.0241707130904102,0.407579471917125,0.288284515848785,0.311046600663394,0.411873206986493,0.00515650291618252,0.0106326370655794,0.00314582371225834,0.00122671750693703,0.000272503698354721,6.52787110061647e-05,0.00166268052245235,0.000159537514635086,0.000252906819185257,6.71219949903485e-05,0,0.00130786609768581,0,0,0,0,0,0,0,0,0.00085987483952236,0,0.00121609555673504,0,0,1.56734421844482e-05,0,2.62913228445053e-05,0,0,0.000145146058570862,0,0,5.00298157424927e-05,0,0.00120349799950504,0.00609220108862401,2.29544697732925e-05,0,0,0.000317666882105828,0,0,0,0.0238726889012862
0.000744560669081208,0.000208378933233261,0.0423231092001071,0,0.000188194931739807,0.000975973967439652,0.000664892661769868,0.00186935332645225,0,4.10984822673797e-05,0.0728859584104915,0,0.00714861570209596,0.00688767592966034,0.000524523488505364,0.00278554027763843,0.771245759959524,0.359488986127656,0,0,0.0313425577098799,3.0023727350235e-05,0.0702092868210141,3.61703998432159e-05,6.84828529586792e-05,1.90463580284529,0.0990852981416628,0.00106831965458393,0.00438413112427998,0.00450588611398458,0.000218165290054321,0.00187526781654453,6.9562973716736e-05,0.16048986197221,0.00699960801707839,0.0930229642891963,0.0383407510332155,0.110319164611448,0.112883340132332,0.00118631289030933,0.00147115363577556,0.000482935510966301,0.000145472964454651,0,0,0.000343682367622376,3.59094282302856e-05,5.80189313907623e-05,0,0,0.000401410931602478,0,0,0,0,0,0,0,0,0.000263080299922943,0,0.00019685818938446,0,0,0,0,0,0,0,4.05015671710968e-05,0,0,0,0,0,0.00125318772530651,0,0,0,0,0,0,0,0.00760670422449015
0,0,0,0.472732399184092,0.00125643597668838,0.00028315077028656,0,7.38924628829955e-05,0.00100940829782009,3.31363262580906,0,2.65379821537347,7.98944026765821e-05,0,0.0115899377563191,0,0,0,0,0,0,0,0,0.00135907209495449,0,0,0,0.235377922460626,0,0,0,0,0,0,0,0.000581453553468704,0,0,0,0.00487269447260857,0,0,0,0,0,0,0,0,0,0,0,0,0,0,0,0,0,0,0,0,0.00488764605706787,0,0,0,2.47518595333099e-05,0,0,0,0,0,0,0,0,0,0,0,0,0,0,0,0,0,0,0
0.0018817209598074,0.00897693506110668,0.0989806676541727,0,0.00636979081587695,0.00421865373910618,0.00239864658031368,0.0210719351987772,0.000158241972115517,0,0.0914276551706387,0.000406478318922043,0.190400487905121,0.0249217338557625,0.0480560586062308,1.7959456848182,0.230314435195662,0.0523783928342743,0.0313425577098799,0,0,0.121905746801445,3.53865340533665,0.244439552134415,0.0332689971746964,0.102739066554773,0.154855119438967,2.30310808251814,0.0294145764873905,2.94841027583229,0.000481418047305107,0.0415407015708075,0.00236605155974293,0.737333397894116,0.405224225860007,3.32970645822176,0.244017337314637,2.03082599701015,0.725193148600996,0.082037394612376,0.100385178800797,0.0176528953858309,0.00690361068520835,0.00190899623600864,0.000504589996335983,0.00975544837039946,0.0196741545352221,0.00119481641493702,0.000718402920035359,8.36896141290663e-05,0.000564123893374443,0.000147404073978424,0,0.000276532754636764,0.000225401201316833,9.16563735179904e-05,0.000155586466647148,0.00359021211999321,0.000123141984166145,0.00649468297752285,0.000329386622709275,0.00129964189257145,0.00110385234951496,0.000583222650472641,0.331457007286889,0.000267646955280304,0.000426859233452797,0.000279001784883499,0.00011335643321228,0.199145960280097,0.0198223637264671,0.0678027705236293,0.0264928867179451,0,0.000920062939899444,0.00314562492877007,0.0142617264408817,0.000278799798903465,9.90369353199008e-05,2.57260900411606e-05,0.000301816199832916,0,0.00102455909754467,0.237786675314801
0,0.131233187380105,0.000421734210021973,0,0,0,0.000475785005893707,0.000190455876937866,0.338128721628027,0,0.00771735777563382,0,0.028547849463119,0.000186486239813805,0.000171857752161026,0.830255911086542,0.000228201383545876,0.000157804606487274,3.0023727350235e-05,0,0.121905746801445,0,0.11432698934156,0.819013216396696,0.0624255683938592,0.006947447488472,0.892657239513474,0.187689484508797,0.00016970881201458,0.00314444536819554,0.00434044942335606,0.000417019687648773,0,0.000672729342656135,0.000297522403066635,0.00957895487331674,0.00253033986951542,0.00385274602272892,0.0006220157634573,0.000365169769277573,0.000289678743824959,0.00354920903072548,0.00249178122892285,8.50830179443358e-05,2.24158410758972e-05,0.000688805307638167,0.00298435969430351,0.000141384752975464,0.000103670129785538,0,0.00593871997711944,0.000309730722945213,7.96209025382994e-05,4.98906437015533e-05,0,0.000119153691478729,1.43849531879425e-05,0.00157544381656265,2.83987197504044e-05,0.0020433896190834,0,0.00159711433886432,0.000153920913963318,0.000326428296472549,0.139504706234472,0.000695912156035423,6.18786803941725e-05,0.000165967927548408,2.93519977111816e-05,0.0574418346420365,0.0117330862956162,0.0418013007944298,0.00924073310725878,0.000515951230922699,0.00126890246250343,0.153420802130779,0.00413333989877129,0,0,0.000234701503097534,6.49458861064908e-05,0,0.000195168604027748,0.000234615009598732
0.000726867784014701,0.00286281291987991,1.70947941074197,0,0.000948444432271957,0.000953248042302134,0.000748616309366225,0.00430222107293987,0.000103013391723633,3.9804259552002e-05,0.0776355443127048,0,0.0700730348398563,0.00706311838625335,0.00784324379004191,0.310254369352162,1.55975216753953,0.0525264845760569,0.0702092868210141,0,3.53865340533665,0.11432698934156,0,0.000582925142134667,0.00260695138075733,0.782937115025529,0.234656398237766,0.0253611164708276,0.00556713925548506,0.112533155199587,0.000440812907844544,0.00853999069688131,0.000451935415200234,0.290448592805031,0.126707761122798,1.3152394022979,0.133101992491361,0.724946234455009,0.28350059917197,0.0231093225983734,0.0239785231140046,0.00509653603771305,0.00612953072755338,0.00149939255782986,0.000224985083662033,0.00570199828208542,0.00246595014015484,0.000902819229649543,0.000117241786417008,0,0.00208588967746353,0.000628653144392968,5.5711504611969e-05,0,3.7010452589035e-05,0,0,0.00322777241201019,8.35203837661742e-05,0.00175972486110592,5.40454851894379e-05,0.00014765155561924,8.85283921337127e-05,0.000164162779787063,0.502536831935898,0.000218778028816223,0.000291315828944206,0.000514609497004509,4.25777992172241e-05,0.095154011855461,0.033923811392993,0.303657667079536,0.00373738533661938,3.01579593029022e-05,0.00064274930694294,0.155412998074845,0.00235188064208507,2.41954930171967e-05,0.00010117697246933,3.17529365501404e-05,0,0,0.000137606337123871,0.0964390075889886
2.46168811483383e-05,0.114310149505377,0.000199657501067162,0.0183350238110561,0.00754321530257037,0.00201195651916122,0.0615711842587998,0.000336334485395909,3.436508604019,0.0318889373113775,0.00450145180352211,0.00369999178944969,0.0568346867245216,0.000580411911558152,0.0591385047321225,0.280909886304503,2.5741156785965e-05,0.000184644293114662,3.61703998432159e-05,0.00135907209495449,0.244439552134415,0.819013216396696,0.000582925142134667,0,0.130294394467864,0.00503455158943463,0.259681894115773,2.18370716859853,0.000222536186110496,0.0738246809561919,0.00201430717433453,0.00125052867035151,8.43278731842044e-05,0.00301018449695778,0.00204243165800285,0.213847248707047,0.00361060304056263,0.00529008161996555,0.00236200763075352,0.120853902161196,0.002430692917202,0.00343272263729668,0.00299989190695095,0.000716393151929857,0.000168932144831657,0.00016723617022419,0.0229921538644294,0.000227455246667862,0.000847951441769601,0.000144986465400696,0.00116459771492386,2.6838178030014e-05,0.0205912839209976,0,0.000788322574768067,0.00346301300704765,0.00013256148961258,0.0273005823890305,0.000496516497127533,0.00654495376154135,0.000596081441528318,0.00365359464821434,0.00217902268462086,0.00628650118982218,0.097850882333124,0,4.67612428722382e-05,1.88727943840027e-05,0.00422931145512772,0.0572057947700844,0.00477896566213703,0.00275546744570589,0.083251246897927,0.00018170803994751,0.000239732836163521,0.00354053750813484,0.0428279379088154,0.000367417283938408,0,4.07544416542053e-05,0.000208844885295868,0,0.0011693627796793,0.000855083076264382
0.00011249759379673,0.177328769185714,0.000208671043484688,0.000109073254314422,0.00119306337147188,0.000471573170715809,0.00137008189540243,0.000829629697975158,0.0413463846364246,0.00215247573056317,0.127748873242972,0.00217986039668083,1.08978553526899,0.00154261565039634,0.00213741934928083,0.0323730514144793,0.000116029475469589,0.000795221932465551,6.84828529586792e-05,0,0.0332689971746964,0.0624255683938592,0.00260695138075733,0.130294394467864,0,0.0180776012844515,0.335583116609553,0.110083177406675,0.000781013095347404,0.00386636651735973,0.0197815717569237,0.0024380536277504,0,0.00475547066349793,0.00053127364190197,0.0245599179676523,0.0108442686308956,0.00628875666701031,0.000971776336326599,0.0826901238127511,0.00269509307026291,0.0679780280739067,0.0509110553476396,0.00969452305537035,0.00171203954378128,0.00188956413832569,0.12090823920599,0.00222545841832924,0.0121119939923802,0.000433341695597649,0.0827328467965476,0,0.000136597132678986,0.00164743650959015,0.0031269666890974,0.000959785290305613,0.00289012109591531,0.00490947628179503,0.000811720392116545,0.137845910469127,0,0.223269227935023,0.0171818222338586,0.00213109027722645,0.0602713500270555,2.17920089664459e-05,0.000674781748303411,0.000125415564522743,4.71588902606964e-05,0.0304198020023317,0.0041692385579238,0.000321063357112884,0.133390627965809,0.0606463179221365,0.010214318256207,0.130840118004313,0.09372133025228,0.00564634711437607,0.000241838261229515,0.0238910748242741,0.00473809502527142,0,0.0127868397774081,0.00048936322134018
0.00254098880665398,0.0228017367180634,3.18508241382279,0,0.000383328521624565,0.00275634777520466,0.0027238717931056,0.00911189302320096,0.00320246758773422,5.67151466503143e-05,0.441764774465279,2.329476948452e-05,0.110286696208171,0.0251161278588438,0.00518351722601509,0.0136276239814353,1.58123633603719,0.493150016882057,1.90463580284529,0,0.102739066554773,0.006947447488472,0.782937115025529,0.00503455158943463,0.0180776012844515,0,1.80716631780714,0.00943315159683468,0.0180088712627592,0.0166568480182371,0.208713268394486,0.0157018774251909,0.000688265722738268,0.492058461500434,0.054483578832161,0.71434677709724,0.779122094141595,0.503709769645592,0.604379700780706,0.00966254697227095,0.019937226816679,0.00571350489791107,0.00366628339167738,0.00721536311130951,0.000238507747588634,0.00389221492178392,0.000268465050330162,0.000665155084293365,0.000894050162166595,0,0.0278691801389208,0,0,0,0,0,0,0.000287534418622971,0,0.0901221639058897,7.9919171293259e-05,0.205162018306681,0.000325712389228821,0,0.000238215919652939,0.000176915613291264,7.38134214706421e-05,0.000182258324001789,0,6.41056812772753e-05,0.000954278964955332,0.000223144757437706,4.87858994178772e-05,0.0120515113204479,0.122473543446798,0.652856973669273,0,9.56669927473069e-05,0,0.101000602684224,0.000277252234966278,0,0.00132866498633766,0.0602183076183984
0.000935279671272756,2.33311668418601,0.899510655153946,0,0.000689878516468049,0.000951142026383397,0.00118423833292866,0.00358235277693271,0.192820145907137,0.00010113399055481,0.0928712503736527,0,0.271013755686678,0.00950294201651575,0.00490235766266728,0.671630677736686,0.606191044680108,0.0709513189803817,0.0990852981416628,0,0.154855119438967,0.892657239513474,0.234656398237766,0.259681894115773,0.335583116609553,1.80716631780714,0,0.124408200365624,0.00655179008941127,0.0119774963998389,0.0274669610046816,0.00569693901112461,0.000327260953070641,0.226909530600981,0.0735300321217116,1.01223237943665,0.379501902880012,0.310063211000265,0.411305033865684,0.0123452563093157,0.0219587083749275,0.00466638965623856,0.033183369858141,0.0181898130077863,0.00232052253850651,0.0174832377988257,0.00172398079997062,0.00174636133497334,0.001347017856534,0,0.710766100039854,0.0192872815422163,0,0,0,0,0,0.00104926014898682,0,0.0883820693761827,0.000170547544956207,0.297386758930475,8.43535088510513e-05,8.72050393295286e-05,0.349777552375729,0.0133611706570658,0.00151711333446693,0.0108060094023056,0,0.000799004952773093,0.0407908686467085,0.16854930143684,0.000952991002132413,0.0500457719042158,0.384772648258537,6.94816749763129,7.95944382791516e-05,2.51901201810837e-05,0,0.128796473942714,6.76365280838012e-05,0,0.0022787863915329,0.084006973379674
0.00169601313875771,0.0383091105177613,0.00604912464116191,0.514532395865141,0.0130866474616384,0.00542887639618778,1.96366037133149,0.0213283485655131,0.556663584383088,0.109006696868735,0.0123157582774558,0.0243512824015532,0.101180511080256,0.0234282998048058,0.0662580891699028,0.650885759173373,0.00206032969046116,0.00392002323368454,0.00106831965458393,0.235377922460626,2.30310808251814,0.187689484508797,0.0253611164708276,2.18370716859853,0.110083177406675,0.00943315159683468,0.124408200365624,0,0.0081758413704872,3.84730195114913,0.000888186798316955,0.050388647684432,7.35091462955473e-05,0.285613726180827,0.181657801466354,0.744619149667871,0.0262677534998102,0.199136232679035,0.112449140255473,0.0829960903536275,0.052519170218605,0.00828917552785205,0.00347830244040298,0.000367965597026825,0.000619231202116011,0.00132853763309956,0.0264573309168263,0.000353126535052299,0.00110554426856518,5.14626528596878e-05,0.00050683559684372,0,0.00972688205299757,0.000669458437840462,0.000286059221909523,0.000291203512733459,6.06362167282103e-05,0.00347678888895607,0.000644907569626806,0.00712467335801123,0.000540008763321877,0.00268880563147545,0.00134865443208647,0.00241045065378285,0.113431320972718,0,4.17159653320312e-05,0.000148751999613762,0.00217917824321079,0.0631036455079322,0.00351318801873207,0.00448071594906807,0.0307158968946962,7.87119350366592e-05,9.80412086105346e-05,0.00180406253443051,0.0195325765873862,0.000174230031146049,0,2.16157757749558e-05,0.00019279712042141,0,0.00142307067980289,0.0467102975406675
0.445228072425044,4.94907272987366e-05,0.00194016063603401,0,0.00949299332028295,0.0306999675660782,0.0535584286764135,0.105527186375719,8.81632259130476e-05,0,0.147678080315805,0,0.0373452981805973,0.73412623973102,0.00951362363235569,0.00258638330575562,0.00180249321819735,0.0189193476100015,0.00438413112427998,0,0.0294145764873905,0.00016970881201458,0.00556713925548506,0.000222536186110496,0.000781013095347404,0.0180088712627592,0.00655179008941127,0.0081758413704872,0,0.986119615684176,0.0022624191378994,0.27552562540654,0.676375741317601,0.472173874298661,0.0215165355950346,0.0989553799392789,0.0264208537429204,0.054262283662302,0.0441461745436192,0.0414316653636589,0.0316799176385565,0.00804318555945109,0.000164463765066147,0.000164828424342155,0,3.14661142559051e-05,3.95667350034714e-05,0,6.17856735305788e-05,0,0,0,0,0,0,0,0,0,0,0.000383746324433327,2.38822082118988e-05,2.97186690330506e-05,0,0,3.77369252586365e-05,0,0,0,0,5.19973378772736e-05,0,0,1.94979200763703e-05,0.000187083852396011,0,0.000133015325697899,2.39449714565277e-05,0,0,2.66048139238358e-05,0,0,0,0.00466236638786602
0.0827617252756104,0.000375463493791581,0.00430779601499748,0,0.0130813063853874,0.0676651880837015,0.484892750398244,0.220328521037058,0.00118470270821857,0.000124203494811058,0.0486976049212675,7.3734023448944e-05,0.0414587721052351,0.468852207442502,0.00790509006793213,0.00660474840993406,0.0257223889999223,0.011404703784306,0.00450588611398458,0,2.94841027583229,0.00314444536819554,0.112533155199587,0.0738246809561919,0.00386636651735973,0.0166568480182371,0.0119774963998389,3.84730195114913,0.986119615684176,0,0.000671089274429796,0.0389989008127485,0.022328966140573,0.578100862617834,0.04589400116716,0.136203993665604,0.0182506341587992,0.550442827278593,0.124649718048164,0.041586256540618,0.0336854771122513,0.00686233534568309,0.000416678388032913,0.000410194569374084,0,0.000660004446172715,0.000899873764074327,5.66357696056366e-05,2.06181174316406e-05,0,2.36055038337707e-05,0,0,0,0,0,0,1.80712222337723e-05,0,0.00015990378739357,2.9864854391098e-05,8.11376529808045e-05,4.12088773326874e-05,2.4347398109436e-05,0.00329800368125296,7.01458132324217e-05,4.85415555896759e-05,6.97862671051024e-05,0,0.00190091972659779,6.52528078823092e-05,0.00025092489457798,0.00276973148123073,0,0.00011973370958519,0.000166397790395737,0.00023719645919323,0,0,2.50707854089737e-05,0,0,0,0.0244540340315294
0.00031110915441227,0.00736360516917514,4.60950878763199e-05,0,0,0.000326246388997078,0.000137410431857586,0.00134316359039926,0.00145422553003979,0,0.221891848178847,0,0.415864536338828,0.00338720407135678,6.5704859172821e-05,0.000303770523925781,2.89859679365158e-05,0.000806954269769669,0.000218165290054321,0,0.000481418047305107,0.00434044942335606,0.000440812907844544,0.00201430717433453,0.0197815717569237,0.208713268394486,0.0274669610046816,0.000888186798316955,0.0022624191378994,0.000671089274429796,0,0.003717839963027,3.94006127357483e-05,0.015182039124444,0.000340779639229775,0.00527114842399979,0.0697682424570979,0.0265973833178559,0.00173242192670345,0.000540624535011292,0.000955532327931406,0.00335694020432281,0.000185510547906876,0.00403282802982473,0.000124878573781013,0.000341991600560188,2.4384067688942e-05,0.000205114216638565,0.00153479056106186,0,0.00383482071490001,0,0,0,0,0,0,1.95359496660233e-05,0,0.0750700865251323,0,0.144008911893347,0.000302055136834145,0,0,0,2.03968133640289e-05,0,0,0,0.000320568890287399,0,0,0.00683060696797946,0.0227968608089848,0.107043415966677,0,0.000205951253937721,0,0.0493490438609619,0.000237424175236702,0,0.00071407405231333,0.000146174142333984
0.00291434573475409,0.000147767455404281,0.00286230793045664,0.000199251569503784,0.0327478078445892,0.0776289604546363,0.00655938881222393,0.120719941687881,0.000189959158578873,0.000486477645157814,0.185315929691787,0.000356348341403961,0.0771224108270215,0.0682398363867562,0.0151168044267225,0.00263210288923645,0.000913415084438322,0.0123729963812213,0.00187526781654453,0,0.0415407015708075,0.000417019687648773,0.00853999069688131,0.00125052867035151,0.0024380536277504,0.0157018774251909,0.00569693901112461,0.050388647684432,0.27552562540654,0.0389989008127485,0.003717839963027,0,0.00862313819138717,0.814973793582399,0.0282729269036836,0.261406766571085,0.054607083726644,0.0540233309510336,0.0465165264257298,0.101690774718152,0.347948935712032,0.0239094838551979,0.000220780180515289,0.000474581124212265,0,0.000321549534519196,0.000467737185180187,0,9.62070234088897e-05,0,6.67949859695437e-05,4.78946137962341e-05,0,0,0,0,0,0,0,0.00058060789811039,3.75955226612091e-05,0.000425975448863983,3.99966712703705e-05,0,0.000294995366114616,0,0,0.000119079859359741,0,0.000173017407291412,2.12832707748413e-05,2.59889600744247e-05,0.000194504427864075,3.42904113178253e-05,6.3055755191803e-05,0.000257123403036117,7.88875791234969e-05,2.15578599700928e-05,0,0,2.77371255083084e-05,0,0,0.00415876299847984
