0,0.558730244636536,472.787419378757,0.360312759876251,0,52.160858720541,3226.27301523089,1320.57483941317,2.31836026906967,12.5638343691826,4.44297114014626,2.65997624397278,1.34011161327362,8726.66391977668,1.48500525951385,2.62578392028809,593.623587429523,16.5771135985851,294.915808707476,0,308.687353104353,0.846771597862244,354.251665204763,27.9279968142509,0,478.959419488907,135.68006721139,93.2688791155815,5028.98033592105,4770.27272373438,0,0,6.79970037937164,111.749463498592,3.86416441202164,19.6440570056438,22.5370815396309,59.2428676784039,17.0690707862377,0.916467905044556,0,0.562171995639801,6.09958961606026,0,6.21434253454208,2.53413981199265,1.41337502002716,2.61968445777893,0,0,0,0,0,0,1.49111080169678,0,0,0.520896434783936,0,0,0,0,0,0,0.947239398956299,1.73702672123909,0,0,1.34279477596283,0,2.21507102251053,1.60387870669365,17.3096273541451,0,0.418474018573761,19.8209903240204,8.72559815645218,4.9328655898571,0.556310653686523,0,0,0.669940769672394,2.53376814723015,3.05539011955261
0.558730244636536,0,76.1845502257347,0.892126083374023,0,0.445537835359573,1.72898477315903,7.67601972818375,2690.27884951234,0.444140523672104,305.166579842567,0.392177075147629,1539.10159984231,4.94999438524246,2.04501980543137,458.499547570944,51.2328954041004,8.19282025098801,2.01962327957153,0,16.1058756113052,4844.37660893798,78.6048502326012,903.552114158869,3094.62238585949,261.328441590071,17688.2835408449,7.0561588704586,15.4943747520447,1.13098311424255,38.584857583046,0,0,71.6492986679077,17.8379328250885,189.782233774662,172.649349570274,193.970447212458,58.3413455486298,4.02546560764313,0,63.4235044717789,555.303606659174,130.704889535904,295.73829638958,161.228447198868,7.66789960861206,4.20317053794861,6.43091955780983,1.75751325488091,1519.42213016748,115.26264539361,5.81733217835426,1.33025288581848,2.13983952999115,46.9265595972538,16.5545714497566,138.289626002312,6.37154713273048,48.9654990136623,1.30277237296104,38.7335024476051,46.2594775259495,5.38197320699692,45.3183871507645,132.761914283037,36.9387529492378,68.9924684464931,6.99772906303406,24.0034753382206,176.390703558922,87.385452747345,91.5666534900665,81.4274146556854,600.670213401318,9128.05132573843,23.7588364779949,24.0651585459709,15.072408080101,15.9358621835709,1.62875536084175,0,199.191738903522,55.6056876778603
472.787419378757,76.1845502257347,0,0.319045871496201,1.36532235145569,2305.25637692213,4401.27479448915,6396.40206022561,12.8426827192307,53.3481897711754,132.821960955858,14.7516303360462,186.647010713816,4028.63358554244,101.171334862709,762.539404153824,21076.3585278094,99.9916054308414,1294.5261169076,2.7625325024128,6826.52490699291,72.5576160252094,46719.2247314751,235.019947856665,3.92521870136261,30258.5502980351,9397.89129728079,1713.35218110681,2039.1378313005,1676.36992686987,22.743058681488,22.1013522744179,107.534904301167,3928.03767392039,1497.12794521451,11659.0663235784,3311.56294840574,7433.25854259729,5512.87452015281,82.2844606339931,50.5307254195213,55.41258212924,1806.27733308077,267.458289504051,1003.7676512599,523.251618087292,27.8139368891716,23.3068201541901,7.38852590322495,14.9770636856556,111.437271207571,453.239959090948,0,2.20559486746788,3.66299358010292,315.503300726414,123.120622873306,87.8484945297241,2.42387783527374,14.1628602445126,3.46478727459908,2.33629179000854,186.840080797672,18.5282472372055,335.749135077,416.718233644962,15.7520161271095,67.8304480314255,1.53184902667999,156.990162730217,329.434901684523,1433.7806507647,259.751958280802,10.545809596777,416.189240187407,6812.81294578314,176.349886834621,46.1412467956543,55.5945331156254,3.23173961043358,0.318991422653198,2.5898305773735,617.004314661026,1228.1801429987
0.360312759876251,0.892126083374023,0.319045871496201,0,26.0154924988747,231.642143785954,51.1817216277122,140.023269057274,5279.37692341208,7431.11790159345,24.2198772877455,4835.07426181436,253.449645251036,67.7112303972244,321.70307123661,0.446581363677979,0,5.96439582109451,3.82438167929649,15580.5768237412,1.05693823099136,4.19705128669739,0.432804822921753,7187.75421574712,38.3829424381256,11.8516880571842,1.94471925497055,3887.96436309814,132.863777905703,0,0,23.6374148726463,0.324230015277863,83.7540369033813,48.0363327562809,651.928046584129,2.80591544508934,67.5346187502146,14.862879127264,1009.45589056611,33.9202488660812,1.04449963569641,76.0058320462704,3.21458005905151,61.1761657893658,7.27951884269714,285.902175217867,20.2894403040409,63.7101288735867,0,1.09643197059631,0,1737.90971454978,16.7802005410194,15.4189636111259,36.912169367075,35.6473655104637,1317.95896348357,530.047752678394,3.0023538172245,617.251367330551,4.8475843667984,29.693504601717,58.0330739915371,0,0,0,0,969.704468637705,0,6.29059708118439,0.673627495765686,1177.7914711237,1.25091481208801,1.18918120861053,8.00508141517639,553.23874604702,29.9876911342144,0,0,0.245620131492615,0,12.3130477666855,5.09215587377548
0,0,1.36532235145569,26.0154924988747,0,2264.76254656911,44.0610755980015,58.2404265403748,335.506231307983,140.697099238634,1.40706050395966,358.047808229923,41.115881383419,2.18720635771751,1206.99979832768,1.68238258361816,0,0.448035627603531,1.84357368946075,73.6159136593342,9.44040217995644,0,66.9903602600098,41.0975454449654,5.63392174243927,1.60958564281464,11.2975764274597,31.7219414114952,6.25385585427284,1.70128899812698,0,2164.67993119359,0,868.812383770943,499.24385112524,307.99198526144,27.0730983018875,26.5871471166611,21.737817466259,7284.99500367045,704.04861548543,6.21924996376038,3.04466652870178,4.72055280208588,7.96776124835014,14.9119244813919,7.71562999486923,0,3.668328166008,0,0,0,15.8737367093563,0,0,0,3.43087822198868,28.593507617712,4.31512975692749,0,7.9223966896534,0,0,1.74361509084702,2.68684178590775,0,0,0,18.1086280345917,1.06195390224457,1.05736136436462,5.37980806827545,17.1881481707096,0,0,3.68215608596802,8.94929850101471,0.40409716963768,0,0,0,0,0,227.920195639133
52.160858720541,0.445537835359573,2305.25637692213,231.642143785954,2264.76254656911,0,25806.0072276592,26331.3675733358,557.633655935526,44575.659397006,282.020585417747,12391.2801428288,929.552556365728,1384.97598388791,5181.23894494772,36.5707204043865,315.372010141611,98.3274836242199,134.666973173618,1706.80633127689,1633.16885018349,4.33274355530739,1649.76677373052,1538.31301403046,25.883861720562,709.034250915051,261.76399192214,5190.75684706867,1092.30991324782,826.410753756762,6.09417459368706,357.315612614155,12.5157970488071,1539.61832092702,4543.72619864345,6347.02394261956,289.061367541552,1049.91218978167,372.82201474905,7840.71759325266,2024.38392734528,336.496703892946,347.876352131367,5.42038255929947,313.112049311399,116.542901456356,269.358053773642,131.414986521006,52.1671902239323,0,1.02509677410126,6.74358481168747,806.439582526684,7.99302440881729,22.4390246272087,83.4464890360832,59.5095722973347,343.775070279837,415.288086652756,2.91658022999763,361.371476635337,4.11521658301353,63.939219981432,30.0000505745411,21.939881503582,1.22831207513809,0,0,579.867453366518,4.92241513729095,18.8460303246975,60.8848143368959,1425.39625844359,0,0.802144855260849,80.5951131880283,605.225701421499,91.7763876318932,0.861565709114075,0.730914562940598,1.98915839195251,1.572210252285,51.914359152317,329.141173869371
3226.27301523089,1.72898477315903,4401.27479448915,51.1817216277122,44.0610755980015,25806.0072276592,0,28854.8083301783,1317.49682462215,38910.7024824321,349.042875617743,894.844063967466,251.17972895503,27751.1358858943,1032.89677113295,175.873749732971,1213.95114251971,126.148925215006,348.541772633791,75.7325623631477,8745.76076883078,16.8708040118217,8851.03577178717,6714.57165539265,3.4628164768219,1286.73891475797,605.194881349802,80197.6657893658,4959.39562934637,16797.083309114,6.75766226649284,189.664597958326,88.0009157657623,1732.31856629252,810.166733026505,3707.72576546669,286.854035139084,2237.30669265985,734.665238678455,803.411372303963,410.814483433962,31.0090394318104,226.87121322751,12.4658893942833,234.235677063465,78.1035851538181,171.815486311913,82.461537361145,14.0968828201294,0.80664986371994,0.73130589723587,6.77461451292038,720.072914034128,7.02131995558739,28.3784522116184,54.8237636089325,90.5457999408245,607.66999283433,407.220424056053,0.446029782295227,251.718495041132,1.09855949878693,81.2870431542397,28.4088278412819,114.802515715361,5.3960594534874,0,0,412.529559314251,24.9966902434826,36.0705364644527,177.726595729589,1150.33844482899,0,1.41082894802094,218.137198477983,556.525925427675,111.065800011158,5.70994240045547,0,4.0503194630146,2.94920635223389,59.8407644331455,175.517651051283
1320.57483941317,7.67601972818375,6396.40206022561,140.023269057274,58.2404265403748,26331.3675733358,28854.8083301783,0,256.777078658342,13267.3561045974,409.613096863031,4122.04820854962,367.96657165885,23954.4889858961,396.712448105216,53.4328614771366,3057.03387258947,191.204354405403,1401.66415604949,1250.21485163271,3693.72172679007,11.968284279108,4260.60795545578,1152.78596125543,20.6779009699821,3993.84741266072,1025.64339148998,4968.63924556971,2284.90045416355,9830.08221948147,9.96244388818741,534.953226298094,25.8182652294636,1813.22769922018,105.737790703773,3196.88600543141,386.050652325153,1085.36236089468,379.835416346788,1695.75657629967,117.913982331753,173.306075870991,178.973162442446,7.72593846917152,190.74009141326,53.5579482913017,161.862990736961,63.8855147361755,29.8963331580162,0,1.87417790293694,11.990274310112,121.427598327398,0.926393300294876,13.3207755684853,46.2938661575317,17.281364262104,105.70659545064,49.4770291149616,0.590407848358154,168.627630904317,1.99724546074867,12.9351966381073,6.40565496683121,23.8701316714287,15.345785588026,0,0,204.153162479401,2.21198984980583,38.6477347612381,60.6848850399256,913.346862792969,0,2.32842242717743,209.220987662673,285.174651503563,28.4989591240883,2.2963998913765,0,0,3.68613588809967,33.766260355711,18.6667106747627
2.31836026906967,2690.27884951234,12.8426827192307,5279.37692341208,335.506231307983,557.633655935526,1317.49682462215,256.777078658342,0,6122.32719543576,681.052604347467,2748.79463598132,3747.95767366886,155.093513250351,3844.07526254654,682.308063656092,18.234904140234,16.4733851999044,20.9909070134163,1962.11216086149,131.778677761555,9614.87944084406,249.368881493807,38518.6502915323,4040.55798536539,154.856348723173,6871.26565539837,7773.26248219609,355.662460565567,95.4009986817837,142.935305267572,32.6054496765137,14.2252827584743,233.405990362167,167.802530616522,820.775622934103,177.963181972504,312.247256010771,86.964400947094,4333.19039344788,63.0030061304569,100.714339494705,658.827313512564,59.289398342371,351.739381879568,153.779798179865,253.759785801172,132.733193010092,32.3877639472485,3.555311024189,38.9317511320114,10.4832970798016,2889.44100943208,86.5809591412544,82.4731551110744,132.76188325882,182.087499529123,4135.95925778151,816.31415772438,121.543914675713,696.164017707109,75.208826482296,187.333284825087,279.61556327343,1004.86423018575,11.6380049586296,21.0150915980339,21.5956050157547,875.321335792542,138.966109603643,404.552945256233,230.499771207571,7273.98289418221,45.2456718683243,242.384280711412,1202.5403586328,1722.75021725893,229.612590700388,30.7889915108681,26.9363849759102,5.68783718347549,8.43350318074226,125.79752317071,250.937931925058
12.5638343691826,0.444140523672104,53.3481897711754,7431.11790159345,140.697099238634,44575.659397006,38910.7024824321,13267.3561045974,6122.32719543576,0,895.559638544917,16438.4030634016,1085.59446685016,5379.41184325516,2796.4084212482,11.9351699650288,23.75411683321,299.174832612276,259.972474515438,23789.7184704393,94.9494121968746,3.60395932197571,97.7722573280334,5134.22725144029,133.142701655626,733.854151248932,120.48689365387,7261.282736063,5152.38719789684,43.8738447725773,10.2182556688786,672.40551610291,13.1895397901535,3600.94485843182,1161.35307976604,10050.2570379078,166.349068462849,2532.25852555037,449.889213770628,2805.54049122334,892.932313084602,88.7258462607861,489.676144748926,10.1262405514717,318.795075893402,70.1108547151089,937.955246388912,189.872133135796,149.531446397305,0.896741092205048,2.81209707260132,0,5920.30037388206,75.7143655717373,62.7309738397598,126.346041530371,94.5887245237827,3341.47695544362,2113.8227365315,4.72741657495499,2150.9706402123,12.7712244987488,107.744008123875,175.577504783869,5.97638592123985,0,0,0,3293.08353045583,1.48300713300705,18.9141691029072,5.62308049201965,4157.07705014944,1.67867887020111,1.92652308940887,14.268968552351,2196.29174602032,133.715726912022,2.67555689811707,0.753808915615082,2.67370280623436,3.05036866664886,83.8352018594742,127.143982082605
4.44297114014626,305.166579842567,132.821960955858,24.2198772877455,1.40706050395966,282.020585417747,349.042875617743,409.613096863031,681.052604347467,895.559638544917,0,442.170133367181,7149.19574642181,189.503586411476,52.1852870583534,15.1018958389759,635.554776519537,22814.2211422324,5221.97297921777,175.930464088917,91.3726520240307,402.594694584608,200.572570294142,130.000466048717,2061.95509922504,26554.5115874559,1817.13059476018,184.464846223593,1259.53139129281,57.3117015361786,2455.9692992866,223.9671433568,19.8725467026234,16317.6569046974,201.472914278507,2974.36870881915,5748.50906988978,9248.64144030213,1699.33679848909,125.852346390486,20.6135073900223,2703.45479607582,182.790622740984,212.963236838579,131.511200517416,52.207562983036,23.7995862364769,4.02535617351532,96.9508610665798,0.584875106811523,104.080591261387,2.34906223416328,7.37767443060875,2.75400000810623,4.98746833205223,2.52077335119247,15.8997562229633,287.810322731733,2.1293486058712,3159.63526079059,35.0293383598328,3200.38368588686,8.83440920710564,2.82990118861198,11.5179225206375,4.53875705599785,271.382120072842,6.87815123796463,23.6614512503147,1.18360194563866,185.065163880587,5.17395013570786,155.120145320892,423.127890139818,1809.31369653344,3118.74090185761,29.548883587122,7.23699745535851,2.31513127684593,2119.35993614793,20.7696572542191,1.2621603012085,126.437963932753,188.789214164019
2.65997624397278,0.392177075147629,14.7516303360462,4835.07426181436,358.047808229923,12391.2801428288,894.844063967466,4122.04820854962,2748.79463598132,16438.4030634016,442.170133367181,0,779.450951606035,866.085782796144,5956.86976200342,10.6442613601685,9.09567603468895,141.166907951236,97.2271639257669,14764.1648066342,35.3331290781498,0,20.8257956206799,1687.49070906639,123.126187086105,348.196392029524,44.4048314839602,382.264197647572,1836.60064873099,12.9304025173187,5.69250631332397,503.531178772449,0.448671996593475,2170.41853447258,4414.13869065046,2933.35517162085,78.2282813489437,639.836255908012,89.7689238190651,5210.72911992669,145.051264613867,56.3282968699932,120.248337626457,0.313907533884048,73.8339030444622,22.1423090398312,167.869155228138,22.5592123866081,130.288688391447,0,0,0,630.016965776682,23.8782712519169,48.930783867836,16.1456019282341,59.8116760849953,416.434988617897,174.649838447571,5.70214825868607,2437.42018732429,11.6926799416542,66.528376609087,83.1311305761337,2.67420589923859,0,4.27568104863167,0.644251883029938,1116.2972035706,0,4.22031193971634,2.09376811981201,351.288439571857,3.48151585459709,0.647596180438995,2.49858576059341,150.039001882076,27.118194103241,0,1.26408553123474,2.53549468517303,0,11.9607906937599,549.576295107603
1.34011161327362,1539.10159984231,186.647010713816,253.449645251036,41.115881383419,929.552556365728,251.17972895503,367.96657165885,3747.95767366886,1085.59446685016,7149.19574642181,779.450951606035,0,59.1712926924229,224.458227902651,194.361698240042,110.75493490696,814.091028988361,243.775916606188,343.362391918898,129.960406571627,2338.81584584713,479.296871870756,897.643064111471,13098.6603566408,4050.58197927475,8227.4591358006,759.479657709599,219.480958938599,35.0735525488853,4252.66835838556,337.475274085999,7.35855710506439,4661.26285636425,705.737895607948,5530.00260290504,6103.19409707189,4620.90607330203,2851.85709121823,6212.30300801992,1317.47435301542,11842.8600962758,1090.79047647119,221.700510531664,1655.02883005142,1716.79691153765,2007.09427732229,876.456393927336,667.570472031832,1.31217414140701,97.4706975221634,10.8589877188206,89.7662326395512,42.6849626004696,346.780244529247,60.8564011156559,368.143670201302,247.713102400303,153.978724628687,6054.92316362262,244.876588881016,4583.68293336034,91.207960665226,43.5958780646324,70.9919844865799,11.832177311182,173.191697210073,9.34841385483742,169.654990315437,17.3202377557755,153.355914860964,53.0136761069298,529.339626908302,861.422309666872,1456.80520886183,3781.33442392945,207.517016142607,87.9501712918282,8.6385925412178,1940.75907927752,126.740970551968,1.73624405264854,483.784116774797,313.771039366722
8726.66391977668,4.94999438524246,4028.63358554244,67.7112303972244,2.18720635771751,1384.97598388791,27751.1358858943,23954.4889858961,155.093513250351,5379.41184325516,189.503586411476,866.085782796144,59.1712926924229,0,61.2769739925861,49.2549304366112,3170.02208504081,163.889100849628,1829.97501939535,376.97510612011,2855.04484015703,10.7434818446636,3188.77932989597,1084.80724030733,0.410826236009598,3204.03913544118,980.189401656389,3887.40714076161,13493.9588468671,14202.0366099775,1.26487329602242,835.796122074127,71.7016575932503,1394.8596970886,69.5539049804211,642.405322432518,209.212922126055,598.248901635408,181.250057935715,89.0734781622887,25.5670984089375,11.0208601057529,208.831927716732,8.60690388083458,149.523248463869,45.6055371463299,96.2618522942066,55.2050724029541,5.6005824804306,1.84625893831253,6.57254379987717,18.841142475605,48.3863144814968,0,4.58593571186066,40.3080243468285,18.6110592484474,64.1257259845734,37.7916375994682,1.47780561447144,60.523542881012,0,12.4557229578495,21.150076687336,21.0588333904743,8.21296468377113,0,0,68.9808299541473,9.78694134950638,46.4896763861179,35.4020461142063,600.779510498047,0,4.88798904418945,185.525900989771,240.296480178833,44.2423231005669,7.5711418390274,1.342554718256,0,0,37.6402750313282,13.7872639298439
1.48500525951385,2.04501980543137,101.171334862709,321.70307123661,1206.99979832768,5181.23894494772,1032.89677113295,396.712448105216,3844.07526254654,2796.4084212482,52.1852870583534,5956.86976200342,224.458227902651,61.2769739925861,0,310.848464220762,8.87588757276535,17.0926238000393,23.4058697223663,741.544314205647,765.559716016054,8.31121784448624,963.197779893875,1068.4063000381,31.2321091294289,65.4890629947186,109.033516943455,1404.14766642451,242.61092659831,47.674776673317,0,139.410197943449,3.74451047182083,191.521305412054,5116.86048254371,992.364388048649,303.028447598219,233.20647123456,165.088784456253,10290.2334806621,107.17514488101,20.6162130832672,254.166816115379,21.6281372010708,162.830230355263,95.7071359753609,165.670377016068,72.0653208494186,40.0678650736809,2.11624145507812,1.06717026233673,1.03486895561218,371.252464234829,6.41964036226273,14.378312587738,37.2822649776936,36.0806132555008,305.225574076176,137.666727125645,0.557684779167175,215.239298373461,3.57822018861771,40.3943788409233,41.7794237434864,59.713423460722,2.37632083892822,0,0,231.288366943598,32.5694276094437,35.3900944292545,56.971806794405,754.862925827503,0,1.74850243330002,23.1855384111404,346.896073251963,77.3696917593479,12.960461139679,0,0.462505638599396,2.88891005516052,47.1800148189068,768.850171118975
2.62578392028809,458.499547570944,762.539404153824,0.446581363677979,1.68238258361816,36.5707204043865,175.873749732971,53.4328614771366,682.308063656092,11.9351699650288,15.1018958389759,10.6442613601685,194.361698240042,49.2549304366112,310.848464220762,0,179.76034617424,10.1176404953003,86.0777346789837,0.424945473670959,7043.32659292221,7190.46550577879,8249.73471018672,5102.25701275468,95.2580923140049,481.987202763557,16272.2153038085,1619.52068072557,164.573497205973,535.142213702202,9.49884074926376,4.4543816447258,45.4844691157341,921.408277451992,1770.66223418713,6593.18042054772,913.004069656134,2263.25295549631,1335.79688134789,123.697347730398,94.6920839548111,26.6183694601059,2307.46348714828,336.344554483891,1525.15700531006,988.775258660316,113.835905790329,135.691413104534,22.6826125979424,9.23363241553307,48.1498854756355,101.070766568184,0,0.710186958312988,20.3467292785645,163.141764163971,86.7866753935814,20.0892820060253,6.76016154885292,13.2994811236858,13.7339160442352,0.694107532501221,155.608093321323,170.744701564312,7911.79880234599,57.5871434211731,8.37954500317574,22.0189186036587,1.46377584338188,1435.09631222486,1816.30127948523,5526.10082116723,2329.32244077325,2.22999668121338,133.084605872631,3260.9712639153,1098.84211668372,221.630716621876,267.98928296566,0,0.560337960720062,22.7855407595634,597.564458981156,889.90134832263
593.623587429523,51.2328954041004,21076.3585278094,0,0,315.372010141611,1213.95114251971,3057.03387258947,18.234904140234,23.75411683321,635.554776519537,9.09567603468895,110.75493490696,3170.02208504081,8.87588757276535,179.76034617424,0,1105.23043915629,14988.4659781456,4.5346223115921,5337.76140403748,52.0098420679569,29716.3881675005,106.603033483028,2.70372498035431,16105.7951392531,6171.27736374736,229.707483649254,2722.80123221874,7555.29914227128,7.19983616471291,3.69584047794342,54.4964216649532,6348.49092316628,95.4822689592838,1671.69587239623,2145.63902142644,1712.07466411591,589.499024480581,10.405361354351,8.785255163908,53.0648543834686,353.695920586586,51.5351226627827,212.162554234266,87.104190081358,2.63798642158508,4.31251728534698,2.9732825756073,3.31805410981178,22.958597689867,88.2283077836037,0,1.11917555332184,0,49.5910711586475,17.092188000679,19.7637576162815,0,2.4575207233429,1.5911191701889,1.89188486337662,33.5790735185146,5.64088302850723,81.6218711733818,94.9494977593422,2.41317674517632,16.5025774240494,0,31.5589316785336,85.2908109128475,271.277860164642,34.0733899772167,0.539345562458038,119.941544294357,1617.04958459735,36.5246144235134,8.27980905771255,9.38558927178383,5.72050082683563,0,0.611962139606476,139.698974281549,84.7093432247639
16.5771135985851,8.19282025098801,99.9916054308414,5.96439582109451,0.448035627603531,98.3274836242199,126.148925215006,191.204354405403,16.4733851999044,299.174832612276,22814.2211422324,141.166907951236,814.091028988361,163.889100849628,17.0926238000393,10.1176404953003,1105.23043915629,0,6315.68502619863,61.105580881238,62.2647531628609,10.8408928513527,151.843614459038,30.3262211382389,104.63370513916,6430.79609537125,277.534428358078,75.472624450922,549.626952528954,124.346368044615,60.867162913084,52.5542120933533,16.4267518818378,3878.61610117555,162.907032072544,2277.13273769617,3570.72075146437,5234.72548541427,1548.89641034603,42.2584435343742,8.06939691305161,462.374963998795,42.5233792662621,47.6153322458267,32.2368538975716,18.429919809103,1.1410023868084,0,3.94193568825722,0,6.03777301311493,2.16447326540947,0,0,0.799669682979584,0.795890867710114,0.881957978010178,24.1549324691296,0,203.751898288727,1.51845383644104,203.179369539022,0,1.94683933258057,5.06500017642975,2.06723338365555,70.0099430084229,11.7886363863945,0.825375020503998,0.905763983726501,9.76922568678856,5.20323500037193,8.62482380867004,20.6575778126717,574.591617196798,927.112415522337,1.04381263256073,0.29854953289032,0.587239384651184,178.714598357677,2.10689553618431,0,20.4426558613777,151.145324319601
294.915808707476,2.01962327957153,1294.5261169076,3.82438167929649,1.84357368946075,134.666973173618,348.541772633791,1401.66415604949,20.9909070134163,259.972474515438,5221.97297921777,97.2271639257669,243.775916606188,1829.97501939535,23.4058697223663,86.0777346789837,14988.4659781456,6315.68502619863,0,42.5213351845741,896.019824683666,13.2013756334782,2044.38935336471,77.2381595671177,4.76870232820511,5113.27516534925,900.458924204111,201.400192260742,2826.70770007372,2513.21031844616,4.85894420742989,36.834707736969,103.059880167246,12310.6868147552,212.7850664258,3402.54685947299,3761.28214600682,5960.82344043255,1686.34543922544,23.7308351695538,8.62699747085571,230.654407709837,57.6500187218189,11.8007294535637,40.7772485911846,22.2559300363064,2.1882871389389,0,3.47122824192047,0.400713175535202,2.85700097680092,6.86549878120422,0,0,0,3.8485095500946,0,2.16219615936279,0,10.7989139556885,3.48072296380997,8.61095133423805,0.407042145729065,3.08263975381851,27.0966773033142,9.98045152425766,11.1631864309311,10.4578714072704,0,7.80130606889725,12.9211314022541,31.691365301609,14.3998196721077,0.468118220567703,209.224303811789,495.865230798721,9.25853610038757,0.989216715097427,2.53112861514091,3.92054426670074,0.553812205791473,0,19.0241347849369,192.251466691494
0,0,2.7625325024128,15580.5768237412,73.6159136593342,1706.80633127689,75.7325623631477,1250.21485163271,1962.11216086149,23789.7184704393,175.930464088917,14764.1648066342,343.362391918898,376.97510612011,741.544314205647,0.424945473670959,4.5346223115921,61.105580881238,42.5213351845741,0,7.54042264819145,0,2.25135645270348,1580.28915801644,46.559950619936,165.449195086956,21.8575639724731,151.619977146387,681.330497920513,5.65634047985077,2.52095291018486,136.277105614543,0.45070344209671,606.822071611881,75.514751791954,1494.82911923528,32.2205327451229,245.29975348711,34.7655782401562,1192.16671127081,88.7736859619617,28.9533498585224,132.647850900888,3.35331124067307,79.5738781392574,15.2184065580368,242.53139591217,32.8065330386162,61.3146241307259,0,1.05242455005646,0,1477.40277650952,23.7052478194237,19.7190605998039,26.6883646249771,31.2115794122219,705.847736746073,424.002337932587,6.54960367083549,648.230006724596,3.49864906072617,37.5812131166458,65.0603432357311,0,0,0,0,1157.66921955347,0,3.93526065349579,0.298303872346878,902.630970269442,0.383209198713303,0,2.35159024596214,462.706445336342,36.3378510773182,0,0,1.94138526916504,0.718035459518433,16.112307369709,8.14728659391403
308.687353104353,16.1058756113052,6826.52490699291,1.05693823099136,9.44040217995644,1633.16885018349,8745.76076883078,3693.72172679007,131.778677761555,94.9494121968746,91.3726520240307,35.3331290781498,129.960406571627,2855.04484015703,765.559716016054,7043.32659292221,5337.76140403748,62.2647531628609,896.019824683666,7.54042264819145,0,263.525770694017,50147.6796709001,460.789709627628,11.5630766153336,1865.82244262099,1830.27049565315,8057.3537145853,3070.41479894519,18873.615531981,4.57671102881432,16.328356385231,367.088019132614,14092.1532043815,4637.94901409745,10618.612867415,2221.23387622833,14132.0335920453,5650.19042810798,335.054221391678,268.102632939816,29.5161129236221,966.178384512663,98.4069880545139,639.463648915291,376.708139777184,62.1336086690426,85.5323638916016,10.4481241703033,6.58344784379005,5.15983843803406,18.8293511271477,0,3.67262187600136,8.22785204648972,30.0520471036434,49.4253479540348,9.34330996870995,3.42209932208061,3.97425189614296,11.7855271100998,1.51484540104866,90.1354486942291,100.002264022827,2295.5777580142,19.4583459198475,0.383148729801178,7.70230492949486,0,600.773908048868,419.538989573717,1725.15288898349,879.735134571791,0.646858930587769,9.93844416737556,481.395103991032,555.509235978127,127.133397400379,124.129133313894,0,0.924593508243561,12.924837231636,293.764693200588,1381.24395647645
0.846771597862244,4844.37660893798,72.5576160252094,4.19705128669739,0,4.33274355530739,16.8708040118217,11.968284279108,9614.87944084406,3.60395932197571,402.594694584608,0,2338.81584584713,10.7434818446636,8.31121784448624,7190.46550577879,52.0098420679569,10.8408928513527,13.2013756334782,0,263.525770694017,0,1587.94886699319,12437.7336448431,3131.09745281935,168.542324900627,22116.1311061382,127.890889883041,13.4524757266045,39.6130284667015,97.8849103152752,0.472971320152283,0.858695685863495,94.7490987479687,92.350201010704,507.667253613472,184.783720850945,276.415533602238,110.901694536209,19.5416251122952,5.33906537294388,57.6343540847301,748.154554665089,109.111847102642,408.193003684282,280.747802168131,18.8560132086277,8.22100350260735,6.67091143131256,0,256.831611394882,53.052511960268,22.5904153883457,2.19858753681183,1.59760981798172,63.6950208544731,25.9206141233444,115.702626407146,7.1417293548584,67.9061969518661,10.1555790007114,64.3080169558525,50.770770996809,17.4520129263401,1022.18446743488,85.3773678541183,13.573071449995,26.1037829518318,16.8671275675297,121.838302969933,1212.2009536624,851.29161053896,922.989050000906,34.475521594286,226.119368880987,3319.25701931119,215.824026793242,27.4514961540699,24.4488604068756,20.0455552637577,0,3.97901976108551,173.833278924227,183.107469528913
354.251665204763,78.6048502326012,46719.2247314751,0.432804822921753,66.9903602600098,1649.76677373052,8851.03577178717,4260.60795545578,249.368881493807,97.7722573280334,200.572570294142,20.8257956206799,479.296871870756,3188.77932989597,963.197779893875,8249.73471018672,29716.3881675005,151.843614459038,2044.38935336471,2.25135645270348,50147.6796709001,1587.94886699319,0,2383.80006965995,7.59784191846848,9414.49658918381,24268.9660413414,9990.93849675357,2701.56229716539,5450.28602921963,6.45727154612541,15.7107456326485,385.835198134184,17914.2336833477,8349.88228240609,26947.5735181868,11438.3206246495,19972.9638832211,14399.5958507359,380.28327986598,227.17250713706,126.9380671978,3562.9447363019,653.465249031782,2676.2963822484,2078.79109033942,133.576377689838,62.6349634826183,7.85431712865829,2.84505945444107,20.7060259580612,342.922903895378,2.02270346879959,3.24602943658829,7.37541192770004,470.984311357141,137.430122867227,31.6902344822884,11.2335112094879,13.8501264452934,6.40120947360992,2.43837463855743,132.344069898129,122.202233850956,9481.70404407382,149.421309351921,14.5863336026669,43.4150716662407,8.6791764497757,1309.56506773829,1435.27894365788,13103.4701520056,1439.79014080763,3.85269093513489,153.899052679539,9550.32612758875,1413.79216191173,79.6705356091261,81.595923602581,0.346021056175232,2.38377776741982,6.05185690522194,1127.15469537675,3909.81486907601
27.9279968142509,903.552114158869,235.019947856665,7187.75421574712,41.0975454449654,1538.31301403046,6714.57165539265,1152.78596125543,38518.6502915323,5134.22725144029,130.000466048717,1687.49070906639,897.643064111471,1084.80724030733,1068.4063000381,5102.25701275468,106.603033483028,30.3262211382389,77.2381595671177,1580.28915801644,460.789709627628,12437.7336448431,2383.80006965995,0,454.476148605347,305.399651616812,7724.24478319287,21447.9088683128,3528.01662549376,1973.00270503759,19.536667317152,90.9003788530827,321.132275730371,1373.60647201538,1727.42364373803,6114.3363366425,364.499359279871,2140.36788502336,680.735254257917,1522.96701708436,372.087590068579,74.7550978064537,4162.49439391494,238.435664176941,2831.19900119305,830.283644407988,1155.07451179624,1098.61419400573,91.5168458223343,20.1546520292759,36.0536575317383,25.8671095967293,1405.71070858836,30.0380201935768,298.619666546583,602.542583912611,939.497507303953,2561.64871892333,1104.41755059361,76.6580903232098,694.592245966196,11.5878158211708,905.63122728467,529.542315989733,2757.99610564113,23.9620653092861,13.4724346995354,22.5545234084129,1031.61911347508,655.247693538666,1953.94033139944,1213.8684348464,19890.8300769627,15.3934898376465,128.027552694082,1134.84080016613,6155.10728082061,1636.75862807035,218.234993726015,2.89800047874451,57.964127600193,52.563618928194,849.240542173386,859.837490260601
0,3094.62238585949,3.92521870136261,38.3829424381256,5.63392174243927,25.883861720562,3.4628164768219,20.6779009699821,4040.55798536539,133.142701655626,2061.95509922504,123.126187086105,13098.6603566408,0.410826236009598,31.2321091294289,95.2580923140049,2.70372498035431,104.63370513916,4.76870232820511,46.559950619936,11.5630766153336,3131.09745281935,7.59784191846848,454.476148605347,0,1430.84124961495,13443.4648945332,36.1024965643883,27.6916587352753,1.60156166553497,1623.62378758192,7.22414964437485,4.62087774276733,100.115105777979,6.18803727626801,77.1485762000084,213.707075029612,261.172759711742,19.9104982614517,606.306078910828,0,414.454092383385,252.781515926123,157.89369353652,204.38018360734,66.6633442938328,559.772583752871,40.9084681868553,244.054111927748,0,309.169957458973,4.16443610191345,27.6401223242283,4.21256411075592,40.578842818737,10.2761971056461,58.7407393753529,376.662388086319,31.5710771381855,2992.56626561284,49.5874584019184,4437.94593632221,27.6200171709061,14.453018784523,83.1631503403187,1.90557795763016,93.1506795883179,17.6975186765194,34.6962548494339,5.00246873497963,284.857192844152,59.4058973491192,126.518478035927,3863.30649298429,787.657928317785,3978.49619814754,50.7070541083813,33.7492324411869,1.7842743396759,1226.67778775096,45.3902088403702,0.98711746931076,262.711334437132,13.9499388933182
478.959419488907,261.328441590071,30258.5502980351,11.8516880571842,1.60958564281464,709.034250915051,1286.73891475797,3993.84741266072,154.856348723173,733.854151248932,26554.5115874559,348.196392029524,4050.58197927475,3204.03913544118,65.4890629947186,481.987202763557,16105.7951392531,6430.79609537125,5113.27516534925,165.449195086956,1865.82244262099,168.542324900627,9414.49658918381,305.399651616812,1430.84124961495,0,25604.5437236726,555.173474520445,3207.00841197371,1874.72465336323,3998.35587546229,104.310952395201,135.561733394861,11461.2405613065,1484.59968090057,22646.3282104433,19834.8610761166,20810.9956593513,9685.1939046979,107.50469788909,74.7761213481426,2256.58251258731,1407.32581683993,610.401936799288,957.554649531841,541.815065443516,15.6153811514378,9.79291918873787,36.1962274610996,8.18346002697945,244.324782937765,185.692030519247,0,0.936886787414551,6.7760024368763,78.7431399822235,35.6555712521076,259.45936435461,0.918357610702515,2598.70891389251,6.6633503139019,2613.50062200427,65.8562013506889,11.9702659547329,124.767848819494,261.737184822559,997.405760467052,468.113800525665,2.72831401228905,47.4510491788387,271.832543313503,268.759906589985,107.949320226908,628.935978889465,9170.79739487171,21863.0654700994,33.1089740395546,74.0831291377544,36.9512135088444,2575.97443041205,34.9585560560226,5.60744968056679,474.902717202902,1503.51136311889
135.68006721139,17688.2835408449,9397.89129728079,1.94471925497055,11.2975764274597,261.76399192214,605.194881349802,1025.64339148998,6871.26565539837,120.48689365387,1817.13059476018,44.4048314839602,8227.4591358006,980.189401656389,109.033516943455,16272.2153038085,6171.27736374736,277.534428358078,900.458924204111,21.8575639724731,1830.27049565315,22116.1311061382,24268.9660413414,7724.24478319287,13443.4648945332,25604.5437236726,0,1281.74840393662,1341.65509083867,686.018003880978,2283.26946872473,21.9917630553246,102.711320787668,4622.53865927458,2508.90427795053,28215.9971828163,14787.1357638836,12506.4379568398,8226.15898633003,102.367157965899,55.7879245579243,1376.19590863585,10896.5079149306,2232.1586214304,6504.51965212822,3621.63193878531,120.915298998356,44.8701139092445,56.9108375310898,63.7585074603558,3446.00256928802,1933.27957847714,20.0277881622314,15.3961468935013,37.2513347864151,1237.0482839644,446.116881549358,794.911871612072,22.3231871575117,1589.10748291016,20.1200496256351,1465.16988158226,808.596988037229,78.3262290656567,2650.50294989347,2226.36295321584,1533.24284484982,1829.22956618667,18.8152820169926,675.700928837061,3129.3411616385,7382.21176528931,1329.56332549453,1886.51758503914,20447.5823100209,111716.596819758,937.179761111736,341.01567029953,232.262136489153,1241.26548746228,73.0159201323986,11.069516479969,3671.94829559326,2629.26327195764
93.2688791155815,7.0561588704586,1713.35218110681,3887.96436309814,31.7219414114952,5190.75684706867,80197.6657893658,4968.63924556971,7773.26248219609,7261.282736063,184.464846223593,382.264197647572,759.479657709599,3887.40714076161,1404.14766642451,1619.52068072557,229.707483649254,75.472624450922,201.400192260742,151.619977146387,8057.3537145853,127.890889883041,9990.93849675357,21447.9088683128,36.1024965643883,555.173474520445,1281.74840393662,0,7671.27267190814,7847.03745242953,1.02810454368591,131.38739451766,1107.38602274656,7368.17815333605,3745.13450673223,9882.29731696844,417.507625699043,7166.46847933531,2223.97453528643,1379.0874826014,800.339310288429,66.0664369165897,2229.60095533729,94.5927410721779,1616.00767719746,440.883070170879,1029.39066711068,632.37113699317,89.7351199686527,8.79617848992348,12.1080419421196,10.2345810234547,2973.27266031504,33.4207726120949,182.783137232065,386.903406828642,516.482149943709,2773.36896583438,1859.07978054881,26.7915640771389,1242.84598737955,4.58618724346161,581.38191139698,332.449842631817,540.780540853739,8.50532147288322,0,6.3519269824028,1973.95496484637,185.110689759254,224.333827853203,366.804383069277,8141.49630308151,2.9946408867836,6.06123438477516,303.143554538488,3705.51216751337,965.655069559813,99.9046039581299,0,27.829682469368,36.9833273887634,473.432021453977,775.543418496847
5028.98033592105,15.4943747520447,2039.1378313005,132.863777905703,6.25385585427284,1092.30991324782,4959.39562934637,2284.90045416355,355.662460565567,5152.38719789684,1259.53139129281,1836.60064873099,219.480958938599,13493.9588468671,242.61092659831,164.573497205973,2722.80123221874,549.626952528954,2826.70770007372,681.330497920513,3070.41479894519,13.4524757266045,2701.56229716539,3528.01662549376,27.6916587352753,3207.00841197371,1341.65509083867,7671.27267190814,0,12583.9190370142,19.0059227347374,2511.11879014969,6473.82879042625,10258.6676361561,298.060060590506,2175.39269167185,274.728566944599,2252.65523186326,294.915842264891,407.20073762536,172.635246545076,36.062020778656,680.913205713034,20.0758771300316,524.615635633469,161.229198276997,264.518592000008,176.148306459188,33.8614871799946,3.61701160669327,2.44801220297813,7.45195332169533,120.593528717756,4.31945210695267,11.1605397462845,124.108331769705,66.4434169828892,120.433594346046,76.3558860719204,2.75062212347984,170.93652266264,5.81939029693604,85.3298121094704,72.095393717289,101.984259307384,7.94566234946251,0.723868280649185,1.30546933412552,194.866556733847,30.8878843486309,108.308873921633,37.5471203923225,2043.17598474026,0.640200257301331,11.220979809761,203.760831713676,805.453909009695,209.023219406605,29.2730627059937,1.5334310233593,0.745858669281006,11.4361661076546,120.61343601346,71.7594527304173
4770.27272373438,1.13098311424255,1676.36992686987,0,1.70128899812698,826.410753756762,16797.083309114,9830.08221948147,95.4009986817837,43.8738447725773,57.3117015361786,12.9304025173187,35.0735525488853,14202.0366099775,47.674776673317,535.142213702202,7555.29914227128,124.346368044615,2513.21031844616,5.65634047985077,18873.615531981,39.6130284667015,5450.28602921963,1973.00270503759,1.60156166553497,1874.72465336323,686.018003880978,7847.03745242953,12583.9190370142,0,0.489025950431824,15.2179431915283,1349.85601133108,8198.75413662195,213.523150295019,410.229320824146,229.861551314592,1763.73672902584,348.425366431475,55.6056855618954,52.1606230437756,7.75699800252914,548.666202127934,33.7302024960518,481.683503746986,185.851234048605,67.6901527941227,106.202140212059,10.6682633757591,5.05748975276947,3.25218850374222,7.23471280932426,1.3709254860878,5.93450400233269,15.5216224789619,16.1856165230274,44.8904462754726,5.32291674613953,6.62567704916,1.60758206248283,9.09873312711716,1.2463892698288,85.0857427418232,87.8350527584553,351.418854624033,6.43286964297295,0.595826864242554,1.68847811222076,3.06684350967407,145.791131228209,142.56435328722,194.022436887026,774.882604211569,0,9.40969771146774,113.038599491119,575.940846800804,170.757141619921,58.0661163926125,0,1.7420925796032,22.5000385046005,191.953456133604,118.124105215073
