0,0,232.307006567717,6.84170779585838,0.575671851634979,14.1880683898926,2749.76592963934,218.252070784569,16.6142286062241,52.331637352705,12.1192331314087,7.78241038322449,0,8022.46188414097,2.18757396936417,2.71493881940842,2439.36557114124,33.6061073541641,224.945150852203,3.90554791688919,256.460976719856,1.91825723648071,1659.18411964178,80.8498804867268,0,351.052156507969,189.519010782242,253.088361948729,9905.32296329737,8649.83665984869,0,0.829182088375092,34.4196846485138,211.777524232864,9.75480329990387,60.3636148571968,31.0328644812107,61.2311431467533,28.3465013504028,5.01820719242096,1.15999627113342,0,33.0488797128201,0.867656111717224,4.67928123474121,6.67775547504425,5.22772324085236,0.456853836774826,1.36088180541992,2.58074593544006,0.595082521438599,2.45585557818413,1.60460805892944,0,0,8.33626884222031,0.561013579368591,7.29605787992477,1.07271432876587,0,0,0,9.62054723501205,0,10.6396615207195,3.04706615209579,0,0,0,12.6151400506496,2.67048346996307,1.58396112918854,78.2335213422775,0,0.50389701128006,8.16093143820763,27.513086348772,5.93619498610497,4.04623839259148,0,0,0,3.61009439826012,0
0,0,4.86040055751801,3.42987123131752,0,0,1.23335349559784,2.77276688814163,835.168348163366,3.36288672685623,19.1603218913078,0.531333804130554,2213.11286699772,8.81488823890686,7.53557115793228,759.974121451378,34.497505068779,0.654904305934906,12.66330742836,0,73.4588489234447,1947.5489782691,91.9616604745388,3164.20156669617,3698.65157803893,209.584070146084,17023.9714312851,215.363220274448,5.24615180492401,6.17745319008827,242.632090121508,0.485150367021561,1.29740744829178,21.2240719199181,16.4367725849152,108.200058162212,77.6591132283211,63.2655889391899,36.4857278168201,6.78839510679245,1.63364243507385,1150.57222640514,765.189435094595,419.157491534948,167.667705655098,243.574391365051,0.836941778659821,0,108.161930382252,3.91857266426086,4613.34720289707,110.231865346432,2.37151405215263,0,0.493515461683273,59.5800865292549,17.2691462039948,10.4778566360474,14.8796892166138,42.5983744263649,0.363035380840302,531.16440397501,26.4080680906773,12.4391960501671,29.7303161621094,612.960233300924,20.9641321897507,142.464181661606,0.387504637241364,45.6258033514023,37.9024246931076,66.6003294885159,31.4030486345291,561.861051470041,1205.70393997431,9465.94919654727,48.2946465909481,14.9330241084099,38.252317070961,250.903173923492,0,6.85035440325737,102.137818276882,35.0177227258682
232.307006567717,4.86040055751801,0,7.40455812215805,3.5112695991993,43.2908073961735,4729.16648048162,722.59083583951,9.34823641180992,131.761543959379,33.3984016776085,16.9427382051945,0,2262.48253378272,15.5630694329739,124.304178029299,22100.6991704106,82.4286257922649,957.845793455839,6.79328113794327,2059.53965774179,21.5597782433033,39947.3169689775,154.870688915253,0,22830.0063518882,16066.1618864238,2159.4907951057,629.906168788671,985.106393992901,2.49878722429276,3.52168065309525,127.901449859142,3301.18260449171,653.91583532095,8217.11010032892,2328.99769923091,3905.82958289981,5006.21144667268,43.963033914566,34.2740311920643,5.92671418190002,647.538968652487,109.180854976177,210.488326281309,246.233835875988,25.9586719870567,1.64834651350975,1.14362370967865,7.53815308213234,245.573843330145,864.471742898226,0.835854291915894,16.9872192144394,0.820965647697449,126.85984057188,20.4540736973286,3.88828876614571,3.64759254455566,1.96102640032768,0,0,81.1980664730072,16.76725512743,140.169409751892,330.249566942453,3.65044191479683,15.3360870182514,0,238.133751392365,9.18736928701401,227.501987636089,136.397172212601,0,352.032891660929,3580.3063583076,121.249117523432,51.3112531006336,87.6927478909492,0,0,10.176022708416,53.3517894744873,349.584837317467
6.84170779585838,3.42987123131752,7.40455812215805,0,91.9419531226158,303.975343108177,756.376919448376,594.355438381433,6972.44937178493,8496.6497746408,46.6049080491066,8356.59547045827,0,470.111870139837,747.812984108925,0,7.55191972851753,27.5589544475079,21.0352300405502,33815.6831606925,3.15825334191322,1.45235735177994,14.6697375178337,4603.80724170804,0,53.1023777425289,34.6536158621311,8459.92506355047,228.199275523424,4.07961484789848,1.36450949311256,29.8225368857384,1.27295362949371,141.691252857447,164.055395126343,582.450908482075,13.4753723144531,206.539699584246,45.397256731987,531.781598865986,54.6264831721783,35.4472393095493,147.747699290514,3.90452572703362,81.7721985578537,29.2096393704414,291.140310317278,69.9397776722908,17.043760985136,1.55905592441559,2.13693356513977,0,3286.05068710446,6.15882182121277,360.87807738781,260.009367227554,350.937131643295,1568.83197209239,5415.24901098013,17.455723285675,1113.54702492058,0.529670774936676,142.529680103064,24.7069797217846,1.92535123229027,0,0.804981738328934,0,1099.98756726086,3.31070244312286,6.21432673931122,0,1072.04430022836,0.453521519899368,0,2.85717841982841,3757.56740376353,56.5295397341251,0.879957377910614,0,2.99004650115967,3.0332904458046,35.2090598940849,8.62429547309875
0.575671851634979,0,3.5112695991993,91.9419531226158,0,1141.17126262188,58.2722252607346,152.567212969065,159.018946141005,136.734768271446,5.56126457452774,630.269146382809,0,17.0181286036968,3160.68006795645,30.1767947077751,0,0.547623693943024,1.43398571014404,63.9534528553486,115.572232961655,9.0147989988327,99.8394984602928,120.438522309065,1.81297600269318,10.3707989156246,25.8466923832893,149.799568921328,6.96759134531021,16.0047540664673,0,530.888754308224,0.762585997581482,2098.04636883736,914.985807657242,227.383753478527,41.728267788887,19.7977378070354,58.510801076889,9090.04583328962,5185.70551872253,17.386933863163,30.5101585388184,15.8760406970978,13.4933001101017,46.7497882246971,12.3146805763245,3.2638264298439,13.4639785289764,0,0,13.1950951814651,20.2632018923759,1.57745766639709,11.4571416676044,10.3775086700916,3.20617854595184,8.0880161523819,40.3217026591301,5.33521437644958,22.0197427272797,0,2.1625519990921,2.37760615348816,17.6855382919312,1.62436199188232,0,0,3.83589619398117,21.1786506175995,13.2324371337891,28.8160957098007,48.6322729587555,0,8.09141099452972,32.3986087441444,48.5542782843113,9.61033320426941,6.72397863864899,1.09093832969666,0,0.805806577205658,5.99502456188202,886.182999104261
14.1880683898926,0,43.2908073961735,303.975343108177,1141.17126262188,0,2343.83796945214,24325.2735343575,553.051650702953,40414.065746069,302.406407266855,9387.09941989183,5.15588939189911,2226.78258034587,2828.65386223793,1.56573331356049,55.3015149533749,191.980944603682,142.964714348316,532.916306108236,15.9798496961594,2.99170076847076,99.0683179795742,222.053668409586,0,239.443336039782,193.151086747646,427.203106462955,604.446474224329,57.3049906492233,9.92565688490868,205.583582520485,6.38037258386612,478.738058328629,5792.70518499613,2306.88370347023,53.8760991096497,684.516368418932,111.116955012083,6263.07807099819,2158.89964967966,97.0857944190502,35.3465386331081,5.75427135825157,48.5507159233093,23.2740839123726,46.7001060247421,48.6695155799389,43.0227202773094,0,0,0.794840276241302,89.5682477355003,2.14712226390839,35.0093649625778,36.6904068291187,43.014933347702,98.8514134287834,258.115787923336,32.3445820510387,106.471960067749,0,13.2001721858978,4.44197368621826,2.02613711357117,0,0,0,22.0578710436821,2.7891421020031,0,1.65831577777863,175.829674273729,0,3.0412825345993,1.65602168440819,303.967049598694,6.65129446983337,1.7410660982132,0,1.13635727763176,0,9.26624128222466,366.566713839769
2749.76592963934,1.23335349559784,4729.16648048162,756.376919448376,58.2722252607346,2343.83796945214,0,17255.2965566814,1980.09937730432,17888.438254416,391.685483366251,148.394658446312,6.91238489747047,46475.3272499144,461.221968263388,43.0910117030144,2269.15269771218,282.771159023046,430.423381388187,79.9570159316063,8630.92021617293,55.6375219523907,16502.7475657165,6811.19738861918,5.04868078231812,2425.83469536901,2983.6172606349,85819.9953126013,9051.94479128718,19288.8604022563,9.12246516346931,190.269454866648,1100.99790507555,3324.79512020946,1933.43461304903,5927.08331388235,542.990964919329,2994.41170471907,1109.42431345582,836.345523178577,445.881527215242,107.632700234652,2092.10662645102,40.1295254826546,1007.58954554796,423.29168087244,1057.88836911321,373.013749241829,50.4408693313599,44.6161778271198,18.50647097826,49.0572060644627,194.45150488615,20.963212788105,126.655091315508,959.461532860994,856.463185220957,835.683163881302,1301.8696962595,95.247726559639,145.524610042572,1.0339686870575,1053.978374511,94.6740291714668,228.14399215579,13.1756566464901,0,3.26536256074905,123.213824927807,324.364428192377,137.14227694273,24.9797740280628,6585.73431685567,2.22664242982864,35.0240470767021,334.367071598768,5149.50477910042,791.45444893837,98.1544365286827,1.43824172019958,45.9211653769016,94.5227203965187,458.226857990026,204.12603867054
218.252070784569,2.77276688814163,722.59083583951,594.355438381433,152.567212969065,24325.2735343575,17255.2965566814,0,1124.73412016034,28596.9936407804,661.100787252188,8813.03372964263,10.0618151724339,16880.3840845078,865.657543748617,4.4332517683506,1555.6222306788,402.474207282066,362.081213921309,1265.47934535146,515.64724740386,5.38241791725159,3123.47543981671,1703.34877645969,2.2006179690361,1090.27044588327,636.565116882324,3277.46414062381,1236.10650610924,2828.63599810004,15.5765943527222,140.854816317558,49.3120299577713,616.623046904802,237.351971536875,3895.706186831,166.384531646967,739.241432934999,248.830786556005,5158.52667474747,806.472602158785,143.104170888662,840.912910044193,25.6245003640652,421.730093449354,181.082590311766,612.041018217802,231.012715131044,73.398065418005,15.7478834986687,5.11881622672081,5.35334324836731,234.339384734631,6.89784455299377,89.9119373261929,604.442763149738,586.187944054604,706.321688681841,1211.38188898563,45.64882132411,170.510976105928,2.23388862609863,318.947986274958,27.1536878347397,20.4686106741428,0.346798956394196,0,0.476996421813965,91.2157855033875,29.7386268973351,24.4544206261635,0.726966261863708,3313.2046443224,0,6.5572509765625,29.9126422405243,3242.82910913229,204.482772439718,15.7717880010605,0,2.32477968931198,26.192301928997,186.976360976696,37.3791083097458
16.6142286062241,835.168348163366,9.34823641180992,6972.44937178493,159.018946141005,553.051650702953,1980.09937730432,1124.73412016034,0,2982.29376655817,119.94656124711,3073.54169617593,248.112997025251,624.03818744421,1140.69031080604,474.237246870995,36.3603754639626,56.7577010989189,55.156626611948,1551.78453281522,208.888683974743,6310.86055126786,191.508843302727,32791.573889792,805.66995754838,100.641080468893,2479.89083737135,8341.70461550355,441.19040569663,305.548749446869,42.5679462850094,30.0911589860916,77.9322694838047,245.233772963285,318.014379769564,998.81633529067,63.0588380396366,385.602751880884,166.207086861134,1824.51091907918,47.6862322390079,87.642451107502,1234.5571385324,54.492363601923,486.537596523762,243.208572596312,634.75393563509,131.447108536959,30.1489840149879,78.213379919529,35.9116859138012,29.5421323478222,3349.57428318262,36.6755145192146,510.743615418673,712.340147852898,643.835541367531,5389.21656310558,5325.75275297463,136.493352621794,996.079226464033,65.4206363260746,1048.4525770396,136.661577761173,1665.07734957337,35.716550141573,120.78598216176,43.6309202611446,397.372902110219,766.621567666531,844.900124102831,899.203080832958,8900.32229402661,17.1679739058018,206.763258218765,1309.3973543644,8282.7162360847,934.981137901545,517.288058400154,32.8626247346401,27.538492590189,127.865894645452,248.343175381422,323.993627727032
52.331637352705,3.36288672685623,131.761543959379,8496.6497746408,136.734768271446,40414.065746069,17888.438254416,28596.9936407804,2982.29376655817,0,1169.35010221601,6858.76211756468,26.5034453868866,13950.9923772514,819.664115339518,6.03983092308044,211.572907686234,886.712129712105,652.156033247709,5750.54693681002,49.0124828219414,7.9382581114769,197.59374204278,2032.62577822804,1.36513239145279,1131.96639099717,915.055242091417,17103.1720036864,5223.06380277872,110.684468060732,23.4653114974499,470.463230758905,21.2699104547501,2970.34296226501,4019.27903714776,8201.28461492062,338.41089078784,3472.53386071324,448.523648142815,1864.11933141947,610.72849458456,312.029856204987,421.447570919991,43.2647297084332,228.083889752626,177.110251039267,756.436296522617,244.51121173799,169.034459382296,1.73462873697281,1.61568289995193,2.7813972234726,2713.28371623158,16.7778722047806,661.854189813137,653.670913517475,931.297743827105,2675.9585904479,8867.13373820484,110.035213977098,1856.04886542261,7.64692607522011,193.219304740429,50.8421719372272,8.53731787204742,0,5.19425556063652,1.59869611263275,989.268106997013,11.4397903978825,23.281798183918,0.431208223104477,2117.70871177316,0.891365230083466,9.14909511804581,12.1963197886944,6489.02038663626,81.5128698348999,4.82097452878952,0,2.78562316298485,4.22997304797173,108.360504984856,396.222932964563
12.1192331314087,19.1603218913078,33.3984016776085,46.6049080491066,5.56126457452774,302.406407266855,391.685483366251,661.100787252188,119.94656124711,1169.35010221601,0,743.726450353861,1665.69803500175,4177.72820523381,47.2711573839188,24.7819884121418,331.210471957922,11258.9639671445,1231.37747198343,139.935921877623,48.365966707468,5.817388266325,188.60543435812,174.30592674017,150.834115564823,5654.67360064387,454.853205710649,294.623353600502,4279.62165790796,66.8577469289303,114.946966826916,1188.01969987154,23.2264402806759,16984.7111581564,76.5800348818302,2006.16066089272,7893.74287632108,9705.07074251771,695.173130482435,571.715878456831,62.981588691473,4945.90916782618,23.683574795723,3436.39534789324,18.0651557743549,9.3572441637516,11.6589004397392,7.75533294677734,683.857751846313,0.690748751163483,76.660476565361,11.9889284670353,0.371924608945847,1.07176089286804,0.824853837490082,5.97403657436371,1.29110717773438,48.9640077054501,1.9933405816555,478.545502245426,5.99148136377335,5235.89458611608,0.559673607349396,0.844553232192993,1.27306696772575,0.888036251068115,4.57025039196014,8.22284865379333,0.782332241535187,2.86983314156532,13.8584464490414,2.17877188324928,157.211650103331,380.124785482883,992.168311417103,591.011726289988,24.8513046503067,5.73857915401459,0.481953412294388,2137.81338977814,3.35607850551605,0.77275425195694,14.2828289568424,45.6936818361282
7.78241038322449,0.531333804130554,16.9427382051945,8356.59547045827,630.269146382809,9387.09941989183,148.394658446312,8813.03372964263,3073.54169617593,6858.76211756468,743.726450353861,0,17.8054134249687,2697.33321899176,3584.42601746321,0.69742077589035,69.2014724910259,442.902283728123,305.506327092648,16671.9661168158,3.61928075551987,4.76301574707031,25.9689748287201,200.702589154243,2.29455554485321,502.424099951982,356.777006030083,983.642874449492,520.813566505909,26.4760890901089,16.1126665472984,189.560937702656,0.442140877246857,425.002085447311,935.112293332815,940.63257008791,89.6465364694595,769.476104855537,144.924718022346,3190.28630012274,187.88351637125,172.101084589958,97.7724600732327,18.0712268054485,82.4113003909588,68.2402759790421,286.486398220062,88.1370820552111,104.306671470404,0,2.62483313679695,0,2277.27281090617,12.0561298429966,307.630737364292,72.1712880432606,172.394146621227,609.491092503071,2136.03965505958,75.7465881705284,2411.67768874764,3.66170936822891,77.5985457599163,35.7884406745434,0,0.43063223361969,13.09022757411,2.31193435192108,589.333760902286,1.18550330400467,8.60824704170227,0,529.249516934156,1.59915989637375,11.8212511539459,10.5137422680855,1393.12088322639,24.2434925436974,0,1.8426097035408,3.25359889864922,0,16.8770723044872,72.3901866674423
0,2213.11286699772,0,0,0,5.15588939189911,6.91238489747047,10.0618151724339,248.112997025251,26.5034453868866,1665.69803500175,17.8054134249687,0,46.149081081152,5.63223248720169,58.7391105592251,0.7154780626297,11.4870042800903,3.06896308064461,5.64127594232559,6.77706265449524,816.052123874426,12.0106273293495,756.498654276133,7332.89502823353,222.990952134132,802.813919186592,43.769052028656,30.5201265215874,2.19259923696518,959.293832749128,24.2400499582291,0,761.220450818539,4.82322442531586,83.055005043745,2724.22370660305,705.825873583555,31.0354271531105,50.8306698203087,8.63825863599777,5208.32927829027,29.0465394258499,6390.97637274861,50.1918893456459,2.8297039270401,12.2414439320564,2.1224610209465,1641.92575868964,0,310.276087939739,1.75554579496384,0,0,0,1.39691245555878,3.09007057547569,12.5654789805412,5.12904903292656,1641.58259096742,4.16689595580101,16442.7081197798,5.70710819959641,1.09784364700317,6.64541345834732,1.80169159173965,2.19356435537338,11.5785341858864,0,0.442201942205429,49.8792171478271,2.69702237844467,27.7390968799591,3176.48428431153,1781.99082970619,2380.31140893698,4.14168435335159,44.7927623391151,0,5597.02804532647,10.8481269478798,0,101.420024812222,1.39062738418579
8022.46188414097,8.81488823890686,2262.48253378272,470.111870139837,17.0181286036968,2226.78258034587,46475.3272499144,16880.3840845078,624.03818744421,13950.9923772514,4177.72820523381,2697.33321899176,46.149081081152,0,152.213023155928,14.1423163414001,10266.7282261848,2562.66468843818,2780.90193256736,677.000652164221,1916.35884490609,24.0730432868004,11864.2993050218,1596.66922956705,5.12824809551239,4858.21354621649,3071.38856366277,5498.21756207943,14822.3663571775,22603.0944173634,38.1655392944813,727.037293285131,136.717332571745,3483.71964913607,294.254091024399,5967.12812578678,559.311826735735,1612.39836382866,525.028113782406,1824.5527433157,696.723120093346,206.06587895751,614.829430609941,35.7534401118755,356.723487347364,165.867755711079,401.164327919483,112.543904483318,79.5712671279907,26.6416427791119,26.6179665029049,14.4120751321316,62.0456486940384,5.38960701227188,25.5231071710587,388.130175411701,140.42347830534,428.176924169064,239.474327176809,75.1749648451805,42.8671608865261,6.69316190481186,146.75078997016,30.3309993445873,84.6311000585556,4.01781162619591,0.793993771076202,2.49236881732941,20.5088765621185,141.135817199945,46.6659136414528,2.48641645908356,3173.47204035521,6.6723889708519,27.9004647135735,140.974166184664,2147.23095557094,162.478171974421,40.6735771000385,2.25221294164658,4.7019727230072,27.3014472424984,142.796637535095,36.2521792650223
2.18757396936417,7.53557115793228,15.5630694329739,747.812984108925,3160.68006795645,2828.65386223793,461.221968263388,865.657543748617,1140.69031080604,819.664115339518,47.2711573839188,3584.42601746321,5.63223248720169,152.213023155928,0,67.8538739681244,15.2318339347839,22.6607092618942,12.0726819038391,481.878063201904,314.933626383543,62.2428214550018,285.265976577997,992.184490323067,3.26229906082153,55.8649055361748,127.560137152672,1098.26420935988,43.5167290568352,77.9501543045044,4.74555903673172,178.50499022007,5.29048550128937,38.1786809265614,4888.67903357744,533.734917849302,100.28795593977,222.400125414133,100.536384761333,7489.54393869638,129.351806819439,102.735407531261,160.872003257275,64.7641588449478,90.859658062458,145.279944449663,107.749264091253,38.6438317000866,64.1168320178986,7.84047532081604,0.704927802085876,29.3917746841908,167.811944633722,8.90660208463669,60.458165794611,40.2513880431652,23.0514684617519,94.0197323262691,272.82234621048,37.3342813551426,158.200500041246,3.63673365116119,26.5232039391994,18.8424134850502,70.6405391693115,5.30405259132385,1.94828200340271,1.20930171012878,43.116410523653,87.8810448646545,27.1016930937767,81.8525145053864,323.682358235121,0.97887396812439,23.1327590346336,114.947778135538,315.654461860657,42.4709016680717,14.9062724113464,5.58796620368958,2.24501371383667,6.41145032644272,21.065888851881,2395.09190613031
2.71493881940842,759.974121451378,124.304178029299,0,30.1767947077751,1.56573331356049,43.0910117030144,4.4332517683506,474.237246870995,6.03983092308044,24.7819884121418,0.69742077589035,58.7391105592251,14.1423163414001,67.8538739681244,0,192.27745911479,29.7491203844547,107.422279685736,1.65426596999168,6843.0720744133,13537.4144718051,7364.31437283754,1153.48638728261,305.93690559268,155.503421515226,13454.5012852848,4122.98683696985,37.7899183034897,346.492787748575,15.1411252617836,0,15.1631244719028,1043.31120985746,1210.26388165355,7524.25777426362,831.099727272987,3887.04000690579,2714.50601136684,111.576099634171,34.2872655391693,19.4339552223682,1591.19339573383,114.109877049923,494.406172573566,440.043085157871,53.9999346733093,7.82740390300751,1.63722747564316,23.1684533059597,190.525065839291,1499.58947610855,0.4766965508461,37.4401735663414,1.87410736083984,27.9860557019711,16.3743934631348,20.5927868783474,2.44196435809135,2.10943809151649,0,11.8766721487045,80.9363069832325,92.0762092769146,3989.34705835581,335.585911244154,4.91586121916771,48.0537289083004,0,1282.76487204432,1562.10327538848,4768.88408717513,260.250544548035,2.87743973731995,105.72302903235,15655.2368426323,112.010379254818,209.285755217075,271.428947925568,4.46812921762466,1.99674379825592,52.9655581116676,112.393116056919,507.853022187948
2439.36557114124,34.497505068779,22100.6991704106,7.55191972851753,0,55.3015149533749,2269.15269771218,1555.6222306788,36.3603754639626,211.572907686234,331.210471957922,69.2014724910259,0.7154780626297,10266.7282261848,15.2318339347839,192.27745911479,0,946.357727736235,9997.97730755806,18.6371775567532,1098.52392306924,20.4895049631596,26217.700514555,153.290275365114,1.486856341362,15874.9821301997,21636.9867890775,927.097729116678,9074.46372124553,5131.79051539302,1.21496295928955,23.4724649488926,1085.12596860528,5119.16258466244,168.895175665617,2482.2133282721,1719.38716387749,2411.98696061969,1829.06944724917,43.2240055203438,20.5277675390244,6.49929258227348,197.122366458178,83.8108249902725,53.3714625537395,66.1363353133202,4.41356402635574,0,0.532942891120911,1.89717400074005,154.778303533792,110.416028052568,0,3.51169300079346,1.12377512454987,16.5877494513988,0,15.9837895035744,1.20861887931824,1.03886878490448,0,0,1.49125909805298,4.29251837730408,47.2105291485786,112.957383841276,3.33294534683228,14.9665665328503,0,52.6016564965248,17.7339884638786,38.6518107950687,109.779036462307,4.8013858795166,213.830804437399,1405.10715967417,45.5463915169239,5.76145124435425,13.058728903532,0,0,2.67104381322861,41.7453227341175,96.2076725363731
33.6061073541641,0.654904305934906,82.4286257922649,27.5589544475079,0.547623693943024,191.980944603682,282.771159023046,402.474207282066,56.7577010989189,886.712129712105,11258.9639671445,442.902283728123,11.4870042800903,2562.66468843818,22.6607092618942,29.7491203844547,946.357727736235,0,3830.50897014141,103.552749603987,75.002952337265,3.25581401586533,338.992650300264,99.9160265922546,1.01129281520844,1977.18929812312,792.167112052441,169.43327793479,2449.01242041588,85.5220158994198,11.7693875432014,399.390034258366,33.1382158398628,4995.03630444407,246.469793558121,4897.74919897318,6540.82179957628,8306.45732867718,2198.52530473471,308.812347888947,52.6102311015129,29.3172219991684,24.6732926368713,131.299928098917,12.2461661696434,21.8068201541901,7.27811020612717,1.06307756900787,2.15124523639679,0,20.2062727808952,3.94991797208786,0.917602092027664,9.18556052446365,1.20395946502686,0,1.41693115234375,22.3942169845104,0,3.1070955991745,4.69540324807167,49.351779282093,0,5.37449997663498,2.40671372413635,11.8795563578606,4.86899995803833,15.1503944098949,0,0.987882196903229,6.77585810422897,3.18090283870697,28.9554205834866,15.6902180314064,406.547126591206,435.166072756052,1.05199527740479,0.752946376800537,0.836240828037262,101.313251942396,0,0,4.80346482992172,194.753184854984
224.945150852203,12.66330742836,957.845793455839,21.0352300405502,1.43398571014404,142.964714348316,430.423381388187,362.081213921309,55.156626611948,652.156033247709,1231.37747198343,305.506327092648,3.06896308064461,2780.90193256736,12.0726819038391,107.422279685736,9997.97730755806,3830.50897014141,0,70.6991292238235,372.272891372442,9.39204967021942,1714.68747067451,116.287104099989,1.1363080739975,11782.7661957443,3789.21472936869,281.938013494015,2687.57635676861,406.900813311338,1.76683396100998,140.409047216177,293.095633327961,6704.30152770877,267.18487650156,5185.24013650417,2922.24926948547,4359.43296003342,2205.56741172075,172.898345172405,46.6428451240063,4.88856428861618,62.6088684201241,56.9197103381157,17.9392147362232,32.8004311919212,1.49558687210083,1.20131921768188,0.884222030639648,0,65.2643385827541,17.7192003130913,0,3.98838251829147,0.700580298900604,1.73887470364571,0,18.90920317173,0,0,0,5.26087069511414,0,5.3095446228981,6.06234183907509,57.7913481295109,2.613864839077,17.5306867063046,0,7.19477930665016,7.34302258491516,6.65438088774681,20.8528502583504,10.9557911455631,228.173004329205,540.591016530991,2.95547837018967,1.68604516983032,2.06410226225853,8.70851451158524,0,1.45061108469963,17.3780327141285,182.338699698448
3.90554791688919,0,6.79328113794327,33815.6831606925,63.9534528553486,532.916306108236,79.9570159316063,1265.47934535146,1551.78453281522,5750.54693681002,139.935921877623,16671.9661168158,5.64127594232559,677.000652164221,481.878063201904,1.65426596999168,18.6371775567532,103.552749603987,70.6991292238235,0,4.24335879087448,0.465386539697647,6.25973400473595,440.574864923954,2.01442676782608,128.32824754715,105.675775974989,1659.09438377619,282.450650960207,8.29777738451958,2.54658931493759,37.6827688515186,0,102.106003731489,61.6235502362251,513.541207641363,32.854221791029,171.07933473587,27.4296715557575,413.852991461754,42.7657148241997,69.8369278013706,81.9719685316086,12.1567701995373,52.7102559506893,39.0299603641033,189.488044977188,65.9400555193424,38.3108401596546,0,0,0,2033.04291710258,6.38577806949615,244.85291069746,110.232510864735,162.410291939974,668.504747956991,2532.98795598745,25.2111170589924,667.788547843695,1.84312534332275,57.2715265154839,18.2900295257568,1.11505711078644,0,0.51701295375824,0,324.071729168296,3.13229179382324,1.88647377490997,0.473822802305222,508.041795223951,0.468326896429062,0.415047645568848,1.36718636751175,1817.85631632805,18.7990735471249,1.11067476868629,0,3.66169285774231,0.472917377948761,14.8442547917366,1.4482059776783
256.460976719856,73.4588489234447,2059.53965774179,3.15825334191322,115.572232961655,15.9798496961594,8630.92021617293,515.64724740386,208.888683974743,49.0124828219414,48.365966707468,3.61928075551987,6.77706265449524,1916.35884490609,314.933626383543,6843.0720744133,1098.52392306924,75.002952337265,372.272891372442,4.24335879087448,0,1483.0673289299,57714.1127734482,335.161615818739,22.3932252824306,639.915056139231,2896.2916238308,10953.7642981708,1273.19130030274,40780.3000159562,2.52456146478653,6.61915707588196,395.414957553148,13289.4660840034,4193.54021599889,11506.0020383298,802.704033911228,11076.2324427366,5733.93541002274,277.181538164616,87.4134052395821,17.4213902056217,1018.82645440102,39.9229876697063,451.087312459946,282.731903135777,61.5335107445717,9.30440923571587,1.46164804697037,53.9792714118958,15.8345032036304,178.093829125166,0,39.5918617546558,0.734212517738342,45.2829188406467,32.7907912433147,23.376540094614,2.37278085947037,3.51199655234814,4.71253132820129,3.1448563337326,212.613334149122,77.1662563085556,2414.56370002031,58.3459349572659,4.01040601730347,9.3949887752533,0,1966.02947238088,589.390780955553,3425.84157079458,431.079457879066,0,18.5198691785336,1996.80177563429,172.478586047888,492.484256744385,563.297823250294,0,2.70089602470398,122.001888036728,147.617674380541,669.307145774364
1.91825723648071,1947.5489782691,21.5597782433033,1.45235735177994,9.0147989988327,2.99170076847076,55.6375219523907,5.38241791725159,6310.86055126786,7.9382581114769,5.817388266325,4.76301574707031,816.052123874426,24.0730432868004,62.2428214550018,13537.4144718051,20.4895049631596,3.25581401586533,9.39204967021942,0.465386539697647,1483.0673289299,0,1448.78683799505,26726.8553685248,2419.47564062476,31.5039018988609,11174.2929643393,2209.40054023266,34.8506012558937,298.050186544657,119.22782048583,0,20.6135751605034,209.6006526649,265.003100693226,888.60907843709,91.0012836456299,446.312926858664,262.629146873951,34.9284099638462,5.40203857421875,169.316418945789,846.190819680691,117.23552107811,264.735000282526,242.563836187124,40.0204268395901,3.11449202895164,25.9951224923134,16.9248063564301,433.573303729296,475.509909749031,42.568076133728,10.5962356328964,2.22460582852364,69.9600006043911,34.8407237529755,86.3171144127846,117.319809615612,24.9277735948563,11.0247232019901,170.88740503788,122.238296359777,27.9714904427528,1706.18666529655,216.582074165344,17.3695350289345,21.8204033076763,9.70660123229027,795.57165324688,941.077819526196,1396.82816308737,446.480793863535,73.6186838746071,194.959472596645,6636.00447449088,269.435365557671,216.184561342001,256.515098184347,118.626900434494,1.02450627088547,46.2004887461662,85.3204358816147,210.967445373535
1659.18411964178,91.9616604745388,39947.3169689775,14.6697375178337,99.8394984602928,99.0683179795742,16502.7475657165,3123.47543981671,191.508843302727,197.59374204278,188.60543435812,25.9689748287201,12.0106273293495,11864.2993050218,285.265976577997,7364.31437283754,26217.700514555,338.992650300264,1714.68747067451,6.25973400473595,57714.1127734482,1448.78683799505,0,668.756620407104,24.0697710514069,10186.8788752556,27124.7431683242,10756.5714105666,3419.43903720379,15717.7672399282,2.26388931274414,16.4864450395107,623.542366892099,14495.7786389291,5791.9793214798,33654.4372887611,7119.54301834106,22934.7589194775,16476.7288842201,597.544812589884,196.136676132679,22.9696292877197,1735.79871863127,140.50640463829,565.527707070112,620.434618353844,106.921957939863,13.5294649600983,4.01802930235863,16.6577409505844,199.085478186607,2873.64879095554,0,75.7618346214294,8.05851876735687,109.143183588982,15.5826240479946,35.8077945411205,14.2715178132057,5.5023130774498,13.3075979053974,0.958583474159241,78.7435117065907,97.2976448535919,2650.80237072706,555.03677162528,8.08606034517288,41.6641340255737,1.08343431353569,1117.75391551852,585.672333419323,4043.72292852402,351.426915973425,2.20519614219666,264.727563738823,15951.5300409794,205.245571017265,128.550498425961,219.788770645857,0.440161824226379,3.82513853907585,37.0442673265934,128.868680119514,1885.75915887952
80.8498804867268,3164.20156669617,154.870688915253,4603.80724170804,120.438522309065,222.053668409586,6811.19738861918,1703.34877645969,32791.573889792,2032.62577822804,174.30592674017,200.702589154243,756.498654276133,1596.66922956705,992.184490323067,1153.48638728261,153.290275365114,99.9160265922546,116.287104099989,440.574864923954,335.161615818739,26726.8553685248,668.756620407104,0,2686.69549059868,247.372167676687,10237.7458796203,20871.6816293001,1716.90534964204,3025.68042758107,107.191816836596,69.4127212166786,720.934652030468,1317.88078743219,1620.9981174767,4022.42157813907,285.053406149149,1689.62875580788,828.10390111804,689.695502489805,194.253974497318,239.863529115915,5019.73600208759,202.0048430264,2286.83074018359,1033.05057585239,1916.32338967919,603.183882772923,111.430343389511,227.649647980928,121.311637967825,105.61873036623,1110.7446334362,67.8633459508419,253.593734234571,2207.01143077016,2139.29141297936,3967.05984595418,4033.49486997724,308.772947192192,353.977235779166,125.786196529865,3567.88898640871,313.154536366463,3503.89134326577,32.7767878472805,115.518105119467,65.9318861067295,242.696944713593,3292.83182922006,1857.60556235909,1157.45963564515,20068.4009237885,46.8409599363804,126.162200212479,1286.69630375504,12410.8168626726,2959.99405708909,1414.97549185157,48.9525296092033,144.44716489315,360.32105883956,1005.14845943451,708.583724975586
0,3698.65157803893,0,0,1.81297600269318,0,5.04868078231812,2.2006179690361,805.66995754838,1.36513239145279,150.834115564823,2.29455554485321,7332.89502823353,5.12824809551239,3.26229906082153,305.93690559268,1.486856341362,1.01129281520844,1.1363080739975,2.01442676782608,22.3932252824306,2419.47564062476,24.0697710514069,2686.69549059868,0,255.536078512669,7891.37213179469,100.852568209171,4.4955717921257,0.520661115646362,658.677890241146,0,1.2580269575119,41.6209399700165,1.54962348937988,21.9905881285667,138.269216120243,21.7566244006157,2.11160218715668,11.2191385626793,0,2122.9003316164,145.912016242743,393.651099234819,35.9788908660412,40.5926368832588,8.62587934732437,0,229.337420165539,0.940192341804504,720.22468996048,12.0144205093384,3.37369251251221,0,0,5.00384718179703,0.398113459348679,20.0585097968578,0.754922807216644,114.987801998854,0,2214.22854092717,5.00034418702126,0,18.249459117651,70.6299044191837,0.635149002075195,143.479249835014,0,4.50716790556908,44.8705302476883,10.2938305139542,40.346938341856,3152.52805912495,821.683863192797,3253.16383257508,4.89835348725319,1.92197167873383,4.71198037266731,475.054518520832,0,0,38.0750849246979,4.97127443552017
351.052156507969,209.584070146084,22830.0063518882,53.1023777425289,10.3707989156246,239.443336039782,2425.83469536901,1090.27044588327,100.641080468893,1131.96639099717,5654.67360064387,502.424099951982,222.990952134132,4858.21354621649,55.8649055361748,155.503421515226,15874.9821301997,1977.18929812312,11782.7661957443,128.32824754715,639.915056139231,31.5039018988609,10186.8788752556,247.372167676687,255.536078512669,0,27634.5358091593,899.376335680485,2936.35998997092,648.116446107626,282.145747840405,304.56565374136,249.249891728163,6019.54997724295,889.472161114216,16624.4465873241,15962.3910706341,11301.1745768785,6743.54096731544,559.737989902496,88.4040742516518,74.1448375582695,1910.00773462653,2925.39161577821,382.029180049896,632.189805984497,94.7559477090836,5.14319729804993,32.1348968148232,18.079343855381,2751.74790051579,347.301911652088,3.01727384328842,16.9052801728249,2.05970126390457,110.97006726265,18.1074222028255,88.8260180354118,11.7920345366001,175.247262597084,10.556548088789,2665.77273455262,58.4294548928738,25.7049044966698,58.0098931193352,1257.98941332102,133.023876667023,1329.33416211605,2.12142127752304,118.35208684206,172.745036005974,128.245390534401,83.6047312617302,916.655025303364,14118.6217755079,22604.6532127559,62.1302987933159,44.1626783311367,111.599116116762,3806.83789464831,0,13.6239610016346,405.955832660198,617.152139425278
189.519010782242,17023.9714312851,16066.1618864238,34.6536158621311,25.8466923832893,193.151086747646,2983.6172606349,636.565116882324,2479.89083737135,915.055242091417,454.853205710649,356.777006030083,802.813919186592,3071.38856366277,127.560137152672,13454.5012852848,21636.9867890775,792.167112052441,3789.21472936869,105.675775974989,2896.2916238308,11174.2929643393,27124.7431683242,10237.7458796203,7891.37213179469,27634.5358091593,0,8684.39340886474,2171.89371702075,1038.39693328738,595.441576749086,103.721113473177,405.404076159,12214.3631149232,2594.59898874164,38367.6476597488,14157.3350124657,18986.0269731581,16250.4256839156,456.288557708263,169.838351547718,145.303742408752,14373.2595437467,4826.18698981404,3721.99458524585,4636.45441964269,261.605499655008,35.5014155805111,85.9973945021629,127.513185799122,23146.4075345695,9326.15058529377,12.4232483804226,81.2331302165985,6.17265123128891,1270.56149145961,122.813038975,139.760670691729,50.0089440345764,134.101264029741,18.1384878158569,2191.83245146275,454.174423068762,188.03524762392,1845.0665205121,9704.92482465506,328.407388329506,3625.72662463784,4.35879531502724,2149.8847361505,809.070938229561,2970.26481834054,641.948471933603,3772.13291034102,28498.3402115107,132110.750699013,736.114985108376,222.347407698631,873.578333511949,1990.46683344245,2.04669666290283,89.096469193697,2225.07013562322,1902.57349348068
253.088361948729,215.363220274448,2159.4907951057,8459.92506355047,149.799568921328,427.203106462955,85819.9953126013,3277.46414062381,8341.70461550355,17103.1720036864,294.623353600502,983.642874449492,43.769052028656,5498.21756207943,1098.26420935988,4122.98683696985,927.097729116678,169.43327793479,281.938013494015,1659.09438377619,10953.7642981708,2209.40054023266,10756.5714105666,20871.6816293001,100.852568209171,899.376335680485,8684.39340886474,0,6114.54915848374,42697.8557647765,12.5544765293598,168.501896798611,2668.81385713816,6564.03880679607,4977.23761698604,11285.7187481821,759.070673942566,7455.95615118742,3325.67889764905,1096.47502422333,517.067013353109,175.911667466164,4871.4351541996,138.069959074259,2056.34108951688,1093.7789478898,2031.07814159989,598.372009396553,97.2950221896172,256.297911942005,59.2170720398426,286.427275449038,1853.15807902813,95.6731506288052,440.033458679914,2163.68398159742,1966.40327939391,3290.30911147594,7093.47239480913,134.46591296792,892.3991548419,3.56142091751099,3146.92076247931,303.149104148149,3299.84695068002,73.2482045888901,15.6584927737713,17.6278140544891,539.016784608364,4110.70662081242,840.489396035671,1440.14748570323,14171.7815025151,2.38005101680756,48.0764892995358,2010.09294578433,13046.3524159491,2741.95953130722,1642.44487041235,2.15995809435844,89.573349237442,322.62335652113,902.07267677784,724.693609952927
9905.32296329737,5.24615180492401,629.906168788671,228.199275523424,6.96759134531021,604.446474224329,9051.94479128718,1236.10650610924,441.19040569663,5223.06380277872,4279.62165790796,520.813566505909,30.5201265215874,14822.3663571775,43.5167290568352,37.7899183034897,9074.46372124553,2449.01242041588,2687.57635676861,282.450650960207,1273.19130030274,34.8506012558937,3419.43903720379,1716.90534964204,4.4955717921257,2936.35998997092,2171.89371702075,6114.54915848374,0,13681.7750135958,38.1194543540478,1283.29290115833,3218.19738817215,13223.6240858138,106.665489017963,1411.57044199109,326.882521778345,1377.23862707615,250.639169365168,395.757638692856,461.153625100851,68.3364333510399,522.389771014452,19.0065517425537,228.345132797956,101.000719040632,251.49538487196,53.8132232427597,40.9571460485458,8.80166304111481,25.9897055625916,9.06933304667473,14.7945357561111,7.63500380516052,12.0575760900974,180.120466142893,81.5596479475498,262.331251561642,65.9888923764229,22.8995953202248,12.2611068189144,4.61035585403442,138.113878846169,28.5680111944675,200.841041743755,4.75589579343796,0,1.0446503162384,4.92953804135323,247.50888556242,94.4946253597736,14.9184018969536,2161.86258530617,1.85414326190948,18.5328437387943,94.0002171099186,1257.87311887741,165.033455878496,75.7000787556171,2.5238960981369,5.91019839048386,41.7239536345005,94.3231059014797,23.5108506679535
8649.83665984869,6.17745319008827,985.106393992901,4.07961484789848,16.0047540664673,57.3049906492233,19288.8604022563,2828.63599810004,305.548749446869,110.684468060732,66.8577469289303,26.4760890901089,2.19259923696518,22603.0944173634,77.9501543045044,346.492787748575,5131.79051539302,85.5220158994198,406.900813311338,8.29777738451958,40780.3000159562,298.050186544657,15717.7672399282,3025.68042758107,0.520661115646362,648.116446107626,1038.39693328738,42697.8557647765,13681.7750135958,0,0,13.8968904614449,4034.76501041651,11586.1422569752,514.732184767723,1405.06925901771,151.607434511185,2532.9891975522,692.216985374689,54.5091133117676,44.8541789650917,12.1437239646912,844.430268794298,19.3001146018505,361.735925614834,194.438690721989,169.683208197355,44.8287382423878,1.98236089944839,44.6917731165886,5.74660581350327,26.6244955956936,2.81973457336426,13.2285202145576,1.82149982452393,118.187984198332,65.5339756309986,221.757560223341,16.7353430986404,4.81135126948357,7.61148995161057,0,302.264812290668,56.5884043574333,864.073636502028,1.9481118619442,1.06613028049469,1.96438828110695,2.37409493327141,1006.27811601758,260.12208339572,460.667927920818,2064.49929657578,1.00208461284637,9.01346001029015,155.791374176741,825.553785085678,379.196897476912,219.267493575811,0,5.80434775352478,86.9920433163643,146.027187407017,93.7235022187233
