0,0.000125069804334575,0.0102352559843976,0.000320151642520956,0.00063401722837562,0.0150711157336316,0.523494101582112,0.252893495280576,0.000383280026903885,0.0191774639176682,0.00195419241652918,0.00665548612674626,0.00172089849723301,0.729046248687534,0.00074011734032414,0.00012099085593198,0.0940744554335591,0.00225464648339973,0.00729031054458912,0.00255302320674591,0.0233404539907119,0,0.0566205933952276,0.00109962507275264,0.000294459582789865,0.0179821655201577,0.00721091059218438,0.00407053878642685,0.965868901962161,0.588780488557858,8.64518481971383e-05,0.00149417598073125,0.0027469843366721,0.0229746368318486,0.00290179764715025,0.021391247746431,0.00411050655330591,0.014509962239327,0.00345210923257937,0.00589824077977456,0.000848260095952839,0,0.000488867868853921,4.06633582377971e-05,2.80780455942005e-05,0.000203462881448877,0.00024680373972179,0,0,0,0.000152065508589012,0.000163388096520528,0.000128106156446195,0,0,0.000314071147653729,0,0,0,4.76439137120784e-05,0.000122127346682561,0,0.000143003139867937,0,0.000171220259599161,0,0,0,0.000150958510218,0.000216082989129198,9.19086220731019e-05,0.000181952768448329,0.00145144779246113,0,0.000207791046083852,0.00120083560475562,0.00210903601986962,0.000353806222859919,0.000473905940321973,0,0,0,0.000125850543256593,9.2727961569965e-05
0.000125069804334575,0,0.00526887250407535,0.000225063557170141,0.000472098757552192,0.000271333998304075,0.000538030116554886,0.000294560941209969,0.222318694768207,0.000172868144144168,0.0081997312783023,6.3313341324085e-05,0.0986274980110702,0.000531631403844803,0.00265983402619577,0.0222745834829169,0.0186060173167873,0.000194270938373548,0.00158760119952939,4.82339214000225e-05,0.00352374829515613,0.242529001711495,0.00417351048209707,0.162353085385298,0.112895120335497,0.0340411457676248,1.52500699358896,0.0145345763949887,0.000261415809708768,0.000390526370766321,0.00079863743006245,0.000288300294461375,4.21469945459664e-05,0.00545548406464713,0.00294928849991238,0.0384007102567713,0.0155308619762229,0.0153882496536535,0.0132322245408985,0.0047560741480528,0,0.0175879855883236,0.0171223942490349,0.00593364888890638,0.00358435837171884,0.00781849657994086,0.000695375665416056,6.8143242037642e-05,0.00672288376456291,0.000158279850657445,0.241491044535911,0.0094461444414935,0.0012282737531172,0,0,0.000912767298840401,0.000184522510528514,0.00307512029889251,0.000115716066393772,0.00411941717862832,0.000329987840051052,0.0102576383250047,0.000315463427248863,0.000112482321733767,0.00571015536609152,0.00779101964278282,8.60240788853642e-05,0.00151178420994343,0.000332414957745177,0.00142812628225745,0.00786741287608085,0.00716139765084025,0.00721556048380538,0.00725129667618872,0.0167539990057634,0.477695603412322,0.00254868771228538,0.000187141856575746,0.00212471333980856,0.00171035679101231,0,0,0.00415904223505676,0.00432004638802685
0.0102352559843976,0.00526887250407535,0,0.000352785202823451,0.000410320216362893,0.00397024254631561,0.140604277409502,0.0279771714239548,0.000674931252368561,0.00758874428393967,0.002518556984525,0.000733729079322218,0.000988199459603855,0.0270781278940182,0.000626139124079251,0.0230125749964254,1.47360361342215,0.00252913541126787,0.0231023011521218,0.000418985251423293,0.221123718865714,0.00431559461155215,3.80002722992503,0.0114514496895641,0.000210924845067582,1.68596681025725,2.93981745999747,0.335409694549363,0.00960852781537304,0.0530346839411227,0.000471003184449411,0.000427131093391412,0.001097317997178,0.0608437570372798,0.0217257696266187,0.365713379173335,0.377166853714228,0.147953573026934,0.0904153152997775,0.00125761805636479,0.000470608221948362,9.37060043382288e-05,0.232297923643289,0.0312736196099755,0.0541644941744607,0.0903349561743622,0.000837337610919513,0.000250721451433349,0.00163920297457011,0.000751914002247589,0.0470877311808504,0.350355256251519,3.27284932261705e-05,0.000295524763510883,0,0.0184603923255776,0.00176456717481448,0.000839512074632495,0.000437060728889618,0.00191492779583495,0,0.00397792889173117,0.00451380005230318,0.00141407267877578,0.0217831755915263,0.0987086313309208,0.00215642360387045,0.00609542055768934,0,0.0118129938976289,0.0151005621135702,0.124803289075659,0.0101687754033832,0.00238886884705979,0.0715245463063121,1.30832804877632,0.00926988849438118,0.0012512696940178,0.0169489161110963,0,0,0.000313577386113813,0.0607833070853862,0.0298790661766078
0.000320151642520956,0.000225063557170141,0.000352785202823451,0,0.00463933730393084,0.0172423046393528,0.0349759632716474,0.0163345530754529,0.214670847558734,0.311516962561459,0.000715122972678054,0.130340706157538,0.00668863828086074,0.00544889761061411,0.0211764891884143,0,0.000582942491157838,0.000657736931136295,0.000894284211246049,3.20308846215192,0.000408109008329591,0.000165984107414734,0.000381295303557179,0.314215033836374,0.00216144710024814,0.00109491001534782,0.000386209380437424,1.05576440992898,0.0164548935402565,0.00111639504944109,0,0.00470976604096168,0.00369986632125924,0.0140878129523078,0.00692787895599627,0.0701126213032032,0.00048350664665314,0.0144979281282672,0.00180972286587583,0.0447218729624674,0.00277968383078913,0,0.00891158803484698,8.05666646232249e-05,0.00596180367050491,0.000768652307945395,0.120439427246953,0.000359041795235241,0.000392394292866826,2.49404280915498e-05,0.000135293253770006,0,0.245720613744537,0.0107152572047189,0.00427769415620184,0.0158566849890563,0.0116264966005568,0.0221034274371762,0.137801946479528,0.000845257102335979,0.134143353471359,0,0.0033644237236833,0.0174923523482787,0.000171316549016526,0,4.72206271035373e-05,0,0.111348627642646,2.69671443290621e-05,6.40006054990589e-05,2.34643790614873e-05,0.234348827065471,0,0,8.55403255429176e-05,0.177228191175116,0.00245851910815491,0.000499609152724475,0,0.000462351026343471,4.86106069334507e-05,0.00461806162852089,0.000915912730785171
0.00063401722837562,0.000472098757552192,0.000410320216362893,0.00463933730393084,0,0.339284754626925,0.00914724484067111,0.0454870873528994,0.0146246376414056,0.0124810414226438,9.32987598360928e-05,0.0564128029657318,0.00185478914301732,0.00286262620697158,0.0690992035939173,0.000620384021110827,0.00139000361074057,3.9248212961936e-05,0.000633159692872205,0.00848187921618278,0.0127166394405842,0.00121280277382539,0.00970534125685196,0.0271165676691925,0.00110523743018086,0.000774781658220151,0.00355834111696443,0.0145121022844465,0.00233971421692547,0.00838678830534434,0,0.0685047896683113,0.000211789476742136,0.143638153567492,0.420653205054472,0.0357273163691626,0.00198271387546367,0.00109427406860561,0.0021283443683695,0.986889160204676,0.0846105541283571,0,0.00212572354251097,0.00156043087321476,0.000110961305046034,0.00605666512838032,0.00271422041451342,0.000187219053398502,0,0,0,0.000270294404905033,0.000628528259950038,0.000463962584117251,0.000441352594878435,0.000698202567978752,8.77850283693906e-05,3.86507542942941e-05,0.000693413394527915,0,0.00148625239819904,0,0.000203182273313066,0.000517670842416811,0.000203939770111132,0,0,0.000132863260828489,0.000898581081333602,0.000524072878211916,0.000173351058061493,0.00132295216655612,0.00208377767898404,0,0.000827608063649339,0.0035047601786867,0.00172025879254894,0,0.000282232228710979,0,5.60451875527263e-05,0,0.000509346559869573,0.0920706104390478
0.0150711157336316,0.000271333998304075,0.00397024254631561,0.0172423046393528,0.339284754626925,0,0.489727206996824,1.1117854392161,0.0105033100090828,2.30580512537728,0.0106734050560839,0.823171640314218,0.0258947391909181,0.136570897054743,0.286313582765351,4.48724910922885e-05,0.0189344248157272,0.00771761088598922,0.00920492171272935,0.0940051977811134,0.00964324382498164,0.000203846050892338,0.0112983643919512,0.0183762835833314,0.0108287804244222,0.0155238054592654,0.00468678032460523,0.128274378303053,0.0719787283697176,0.0372136349305037,0.00044964818120189,0.0631089548478371,0.00581745434153879,0.0439827512387524,0.28064029683503,0.226927399231856,0.00580853325369088,0.0360124488744132,0.00762003919915276,0.438243932655247,0.0906850867211965,0.000787781328844756,0.0169873488052438,0.00024689406229769,0.0074804070867313,0.00235307476246805,0.0214083968728416,0.00109783903570747,0.000321764643327099,0.000228778956609786,8.21600060064556e-05,2.7286327078116e-05,0.0334807751930168,0.00147763164497734,0.000859915682532461,0.027128933020002,0.0103241310116975,0.00527548111849891,0.0333548613813368,0.00468373862224019,0.0227723746225567,0,0.00364845897265391,0.0016892697828891,0.000286220411026978,0,0,0,0.0158285418728707,0.000657703040428698,0.000306739889882422,0.000194972018447578,0.13304195341904,0,0,0.000326927423698091,0.0914094998453624,0.00273061873356532,0.00317520667839614,8.39623274663123e-05,0.000185097704959202,0.000279947763527983,0.0102713691349111,0.0347325052381566
0.523494101582112,0.000538030116554886,0.140604277409502,0.0349759632716474,0.00914724484067111,0.489727206996824,0,1.37867235043226,0.0141706684414997,0.77883858632533,0.0264099955567773,0.0332618442854083,0.0620434993860055,1.53951237284513,0.0361116940352801,0.00260026765361904,0.259305137980345,0.019036291077213,0.0457865343735656,0.0356994635880598,0.34186948864509,0.000269952516571796,0.248114556732569,0.315577514917057,0.0114233436140939,0.143406574911751,0.0541244201272746,5.80984276122876,0.646815354828263,1.37064704844386,0.00118348793699577,0.0394739709897891,0.154114310088522,0.268615384600248,0.153182561265296,0.883120013300795,0.0359851567427536,0.25712571702932,0.0689002450936386,0.0764749741193823,0.0257762635295776,0.000990298686595008,0.0558370970525472,0.00115086441301581,0.0263558514853964,0.00830543718496311,0.0251254734752277,0.00281430826084755,0.000168374617086947,0.00113674310600375,0.000997069043960849,0.00247629236012504,0.0156320425593548,0.000960123990698625,0.00038955077487902,0.0510018830721947,0.0233251342637118,0.00832492713486711,0.0210088195391511,0.008904372591781,0.0107801119858574,0,0.0135838867919467,0.00143029237768081,0.00912850086710439,0.000841046710343804,0,0,0.007534758827128,0.00900805021152739,0.00108427647645139,0.00573846540672229,0.194309154255869,0,0.000282046659508717,0.0114226989312727,0.160778973641482,0.0215918485322025,0.0178581789852901,0,0.00248196452226632,0.0026936568095889,0.0188227609486324,0.0153524720352077
0.252893495280576,0.000294560941209969,0.0279771714239548,0.0163345530754529,0.0454870873528994,1.1117854392161,1.37867235043226,0,0.0163316320501848,1.03411858049298,0.030708498988214,0.487388771475323,0.097370391290086,2.79917379487899,0.0402541654569943,0.000349295491914615,0.18219535587465,0.0196969231185301,0.0248273734354885,0.156418624177345,0.0601232015821311,8.63226849015773e-05,0.109181316091326,0.0458808893043651,0.0398500833473011,0.0633800997050552,0.0196205527920186,0.153735208516513,0.64329353485271,0.415277025232622,0.00202632651709126,0.0585867309588979,0.0123554145613025,0.115042200023566,0.0272052450151212,0.577948897062041,0.0202676113831877,0.0705008520517882,0.0293548708526648,0.16428029204952,0.027994133180077,0.00164056657308573,0.057226146152548,0.000762247985365867,0.0171322227381327,0.00599468824704418,0.0329056118340392,0.00312046864450992,0.000943928721660827,0.000647034821159291,0.00015764207362231,0.000226884789493394,0.0120764868323519,0.000809972602880407,0.000551739505976501,0.0638852871081536,0.00951547484700142,0.0100284670929195,0.0139396607635927,0.0195068616634926,0.0202534150493101,0.000108101468028071,0.00563924474279009,0.00174587666267614,0.00289304015849915,3.2743715378654e-05,0,0,0.013195298965328,0.00327557842349908,0.000636509609209571,0.000146237276115436,0.234081563939347,0,2.87412563451678e-05,0.000734178186907151,0.223242191232259,0.00697599189416875,0.0144420982078256,0.000182264082668591,0.000688068911069852,0.00123426332829169,0.0245284499781176,0.00271916923450719
0.000383280026903885,0.222318694768207,0.000674931252368561,0.214670847558734,0.0146246376414056,0.0105033100090828,0.0141706684414997,0.0163316320501848,0,0.044047918353104,0.00736946129157887,0.200587460025385,0.150720997618471,0.0051033832940206,0.0568001279897536,0.0417715727584066,0.000794952831899793,0.000679961989869666,0.00110211102809016,0.0833408191088073,0.0126448988941063,0.587065817483013,0.00863876855263406,3.19758556900058,0.174225449260314,0.00600246796336037,0.489131422207781,0.51108163196481,0.00939166347073385,0.00143673487463222,0.0013502977509902,0.00619484110864715,0.00424019273067018,0.00773271997786059,0.00728115849367835,0.0612336109441476,0.00228410021479862,0.00816251840299305,0.00275600241706408,0.0727815240219334,0.0015786299690112,0.010872508889409,0.0296559789204081,0.00220720528220092,0.014128862714372,0.00606623134256012,0.027739878101522,0.00134680015208136,0.00235844177626949,0.000924289745672466,0.00251035211669187,0.000552756934658062,0.122310717685715,0.00174741136978186,0.00108623660767086,0.023636639014005,0.00923975293776292,0.114354749558955,0.0399122121104978,0.00869522744263733,0.026340972893606,0.0179188303602708,0.00760505139123083,0.00589011998426171,0.0550468570886238,0.000820109857634616,0.000463617173660045,0.000363971617826939,0.0179355208100827,0.0241922237815165,0.043559178453312,0.0145476221496199,0.495506524364168,0.00194087842662891,0.00513056696676199,0.0140677192166775,0.172237853030884,0.0172714677457646,0.0113419826910446,0.0043168992274721,0.00174538411916804,0.00389586187369172,0.00817868657677253,0.00548703267446889
0.0191774639176682,0.000172868144144168,0.00758874428393967,0.311516962561459,0.0124810414226438,2.30580512537728,0.77883858632533,1.03411858049298,0.044047918353104,0,0.0348055395788935,0.524674323456581,0.0692669063593668,0.431173631747699,0.0433370514907988,0.000481407871826548,0.0249995569440699,0.0268266995817275,0.0384971362927388,0.350640870898329,0.00938534690485853,3.05885130106926e-05,0.0129365615210411,0.0476005455097484,0.00757026247711769,0.0506179875130215,0.0181737593111412,0.709200872902871,0.247653745136179,0.0337703563139171,0.00234528793483645,0.0617682926717727,0.0183942459850413,0.189431592857405,0.129070105307753,0.58242812442684,0.0147125545958177,0.170728421528357,0.020518054658222,0.106712382780867,0.0289249633347183,0.00163868004733411,0.0130265024116358,0.00062446518923037,0.00523576974839857,0.00170684249446664,0.0630051889197023,0.000795760696368695,0.000219015187621593,6.6310493580553e-05,0.000296398007946813,0.000131684729590833,0.164564470500523,0.0034722611838564,0.00182084112734782,0.0375884643002735,0.0116682348664623,0.0147753667440934,0.107178414666902,0.00509113325166526,0.077023913190649,8.09138923925517e-05,0.00418951129657441,0.00870087673909792,0.000620315592819056,0,0,0,0.0655027187960097,0.000746495997696879,0.000183324337175679,0.000191135224721691,0.298996943698869,0.000117000596687842,0,0.000721708846901971,0.238813009732906,0.00134518769430539,0.000954938268925566,0.000245457708556679,0.000211111666917127,7.85802191569358e-05,0.00930063150272034,0.0127236579021605
0.00195419241652918,0.0081997312783023,0.002518556984525,0.000715122972678054,9.32987598360928e-05,0.0106734050560839,0.0264099955567773,0.030708498988214,0.00736946129157887,0.0348055395788935,0,0.0245040320640399,0.955486227204304,0.027045330628509,0.000819763239962924,0.000916153360217782,0.0637358310239531,1.56758745266924,0.239612548554107,0.0118994187068178,0.00295150861493854,0.00800422752081839,0.0117079064612254,0.00609769571347465,0.0768461887428422,0.704187665454104,0.0491308420789921,0.0119035371190186,0.0762563066614545,0.00923882754295945,0.0694761611508449,0.0518050792297137,0.00138890983115177,0.606038692990768,0.00396910104497589,0.0586915269179083,0.286383323273301,0.322251555967149,0.0531468903862227,0.00172767334379248,0.000357638146622014,0.203962772083778,0.00114382267902704,0.0451954205028774,0.0071862866014025,0.000634020404344898,0.000862436463195241,0,0.0534350694573116,5.89859793352962e-05,0.00272243756434764,7.74152463657859e-05,0,0.000133206178971929,0,0.00117314010985337,0.000175816830417132,0.00332107727717561,7.91005523962258e-05,0.148817142984479,0.000513800921687111,0.356767896560449,0.000498333023172032,0,0.000299822083599532,0.000175660909364051,0.000810996900569094,5.64676606977463e-05,0.000374221284153187,0.000187748046995437,0.00223142119121901,6.18253175052226e-05,0.00585997763219416,0.0226928695797516,0.0298861567573502,0.0642698615199429,0.00431520920941094,0.000697849875292259,0.000239900876504165,0.0674745006953112,0.000559508240535164,0.00029470581776498,0.00265724435642279,0.00141977100372121
0.00665548612674626,6.3313341324085e-05,0.000733729079322218,0.130340706157538,0.0564128029657318,0.823171640314218,0.0332618442854083,0.487388771475323,0.200587460025385,0.524674323456581,0.0245040320640399,0,0.034192825750755,0.10881864356068,0.340448136456506,0.000134708827826434,0.0100641902352711,0.0183642950565172,0.0230136263525935,0.985123791882953,0.0014135129985656,0.000381391502108938,0.00390242223415154,0.0690933467820471,0.0170215939492816,0.0296285117902451,0.0126069495963293,0.0181043894375083,0.0826118301290183,0.0140503864151798,0.00123393967798367,0.0277581133618297,0.000604681330196598,0.0770616764497515,0.102660718208709,0.146552267523986,0.00743394706965459,0.0537682137391901,0.0078405385012087,0.353159488375549,0.00577596916879809,0.000919877794294831,0.0166961092139554,0.000414517171062705,0.00347617281622622,0.00176909687936372,0.22943023921197,0.00116629091359346,0.00020603565021913,0,3.51120473525852e-05,0,0.143637892599307,0.0169185527349324,0.00711116810005733,0.00994014410338334,0.00533692379228311,0.00708964864088016,0.0729344497746865,0.00712383323164546,0.215990766810927,6.22893378668845e-05,0.00221720287219167,0.0291528452530842,3.96733861135364e-05,0,0,3.77240679011941e-05,0.0567251648512871,4.16133624761879e-05,0,0.000423392951588649,0.0999883025023303,0,0.000108581911266297,0.000310572161962673,0.0689428941769083,0.00146379697568308,0.000673587854142559,3.62502840208828e-05,0.00145344558314738,6.7511868864268e-05,0.00499669834939675,0.103429139101427
0.00172089849723301,0.0986274980110702,0.000988199459603855,0.00668863828086074,0.00185478914301732,0.0258947391909181,0.0620434993860055,0.097370391290086,0.150720997618471,0.0692669063593668,0.955486227204304,0.034192825750755,0,0.0266630797281517,0.00485340466458993,0.00307094141346751,0.00517615629013016,0.004840269329452,0.00225892668613896,0.0183204699191795,0.0110142071623949,0.124900224872003,0.00925060775820822,0.0560570829098421,0.458038003957659,0.0324164251913314,0.478925370652011,0.0635213015943794,0.0492174871637179,0.0399784659536999,0.169100763232404,0.103616632428331,0.00336898012324952,0.414467664516569,0.0278709399863256,0.251742537247861,0.308851608317723,0.360556163370952,0.136543053702028,0.159204152157233,0.06985340814718,0.176762650631865,0.0199651787069278,0.114571186365774,0.0253137216530093,0.0103290726716978,0.0394062218491927,0.00732059153810035,0.0645992289534339,9.05724130473135e-05,0.00982556017268145,0.000166659424925977,0.00148301258285117,0.000776159100759896,0.00109454810845617,0.00881662816735666,0.00537512298129417,0.0133389084189333,0.00373308302240603,0.515562502379888,0.00362630741986892,1.33492114181996,0.00360792154981919,0.000802266714869145,0.00140704636165151,0.000131892768559396,0.00215622188871538,0.000366203259804273,0.00157832951323087,0.00104137223390604,0.00511646283983987,0.000744113544775077,0.0274354624781215,0.149119520206758,0.0858191158041059,0.238270554971913,0.0246951511125202,0.00353141655831608,0.00292804021831919,0.167325012649805,0.00693081715161867,0.00054163536957224,0.0296096292682638,0.0092167164361865
0.729046248687534,0.000531631403844803,0.0270781278940182,0.00544889761061411,0.00286262620697158,0.136570897054743,1.53951237284513,2.79917379487899,0.0051033832940206,0.431173631747699,0.027045330628509,0.10881864356068,0.0266630797281517,0,0.00570430192490266,0.000368283764153644,0.258854952307448,0.0188898457383308,0.035636070176829,0.0442100887077144,0.0706301811273206,0.000152617716184831,0.153249189965901,0.0174523336771891,0.00537446450853552,0.0736697899314926,0.0267044770663033,0.067242349627358,1.75581123013878,0.796361180034571,0.000740152308438206,0.0139813609200305,0.0152476574747096,0.139043229080696,0.0151671659386349,0.161037244445448,0.0164171650394118,0.0743091012799827,0.0219687323646717,0.0242628415968928,0.00540591378494211,0.000666430872276759,0.0134761117802431,0.000409644795005244,0.00508998876041441,0.00208401937933272,0.0078948824682691,8.20521355512502e-05,6.09482999831736e-05,0.000364694843147248,0.000107878663398522,0.000584955289813354,0.00220910575149613,0.000247180591842163,8.34077811628702e-05,0.0141477211894196,0.00167798285321756,0.00274471292152091,0.00136272566709635,0.00408725963511095,0.0035777372264955,0.000357058640401971,0.000573121734290373,0.000138005263264227,0.0020656869231151,0,0,0,0.00256250071662298,0.00201957861002052,0.000138983929110932,0.000884546194003313,0.0527458545275834,0,0.000305092457501978,0.0034592900515225,0.0478213781782418,0.00240474288454547,0.00447229486316755,0,0.000163739008673834,0.000833410299905711,0.00426527590862887,0.00116033400676782
0.00074011734032414,0.00265983402619577,0.000626139124079251,0.0211764891884143,0.0690992035939173,0.286313582765351,0.0361116940352801,0.0402541654569943,0.0568001279897536,0.0433370514907988,0.000819763239962924,0.340448136456506,0.00485340466458993,0.00570430192490266,0,0.00127266601515448,0.00243370848590856,0.00056326058766101,0.00118434453355459,0.0475369905373066,0.0158571983580959,0.00325483484409747,0.0125064151974645,0.111107507730479,0.00264101848082002,0.00176646928185408,0.00814963190548084,0.0547991541298836,0.00854832615961511,0.0361646030959588,6.32975653240979e-05,0.0248486410216961,0.00372979849036263,0.00519387733331921,0.173160584143671,0.0546086948500785,0.00339564880435117,0.00632446391374159,0.00538432071813362,0.164719844479915,0.00246637899389726,0.000465453623808849,0.0021300290902639,0.000404064379001021,0.000955744906708785,0.00117238136689842,0.00961162138685491,0.000160945548981106,0.000162857928161115,0,0.000161736945140636,0.000260006211561811,0.00411747524216474,0.000411313888015401,0.000435264131962943,0.00179852895878677,0.000285943348813272,0.000653187275096125,0.00278287593303995,0.000585183085560837,0.00611401413353374,0.000115855491012418,0.000229226300969267,0.000911115697459411,0.000146811802034879,7.44970498305918e-05,0,0,0.00261847115423392,0.000544987631107628,0.00034340520039556,0.000612332848123431,0.0122872404455117,2.76097848375887e-05,0.000382418681535417,0.0014817164823366,0.00649115720125009,0.000391148618436685,0.000948886652013337,0,0.00010703428177332,0.0001097656348243,0.000733907489612802,0.0233095298482774
0.00012099085593198,0.0222745834829169,0.0230125749964254,0,0.000620384021110827,4.48724910922885e-05,0.00260026765361904,0.000349295491914615,0.0417715727584066,0.000481407871826548,0.000916153360217782,0.000134708827826434,0.00307094141346751,0.000368283764153644,0.00127266601515448,0,0.0101951521808889,0.00043393747247966,0.00399763328662896,3.16578800399899e-05,0.820456810985481,1.17827220505198,0.820272473654733,0.414062108135133,0.00630111063735472,0.0244505341920703,0.542265032892889,0.245959131393391,0.000537905981156194,0.00179765849656916,0,8.96579415878294e-05,0.000168303525567531,0.0358633482391558,0.0457040853305566,0.360279261892012,0.120977281086395,0.115109974675763,0.0783362819220368,0.00322843933529619,0.000380423813692832,0.000350916203316474,0.09115187328936,0.0109443661094886,0.0313440636124282,0.036422941969082,0.00376792566189048,0.000649678201159328,0,0.000714806855561471,0.00492204654245821,0.0332686702027654,8.92079361641707e-05,0.000807100592034695,0.000159133007304033,0.00624016161910057,0.00251676180250562,0.00603562063670688,0.000411845901812005,0.000581365607266641,0.00020818678310602,0.000347500868069673,0.00390213753706346,0.000775673540922662,0.942680401295633,0.00607874698724546,0.000790884547225108,0.00125892178526334,8.03115140013813e-05,0.173274080352491,0.199366546732514,0.681780404930765,0.161024417722361,0.000193630314216089,0.00500222795854637,0.416242391865905,0.0813807062225602,0.0207654902038105,0.04328265406231,8.85464129173158e-05,0.000130394148080093,0.0143524498763573,0.026941330699804,0.027121287962187
0.0940744554335591,0.0186060173167873,1.47360361342215,0.000582942491157838,0.00139000361074057,0.0189344248157272,0.259305137980345,0.18219535587465,0.000794952831899793,0.0249995569440699,0.0637358310239531,0.0100641902352711,0.00517615629013016,0.258854952307448,0.00243370848590856,0.0101951521808889,0,0.0631229855661668,0.653150431260657,0.00553570278755698,0.232862038086397,0.00364242281371205,1.19418248584882,0.00668875570085844,0.00142458781978749,1.66204197065648,1.33392716580445,0.144605640160269,0.249271755475686,0.23330904221476,0.000104593010679317,0.00807184896278624,0.0405878063594341,0.982765285232967,0.0643705507754351,0.779625564343801,0.559051338037724,0.54892540453659,0.266900539597817,0.00980340573166824,0.00261399532866214,0.000304359747543168,0.0348648985485609,0.00862868175641627,0.00873709020956752,0.0174290944219935,0.00068952113600339,2.93242890161127e-05,0.000628877813446188,6.48050625077277e-05,0.0380164421204881,0.0376767670202892,0,0.00061771499537521,0,0.00234370792257225,0.000271997183093441,0.000266378761467746,0,0.000472790865729356,0,0.000850898052141577,0.000292973387100458,0.000470448387183818,0.00468775819429616,0.0240420977819813,0.000392642613423947,0.00203770718761626,0.00018710850024445,0.00222745900079328,0.00222262003082685,0.0104484177048687,0.00528369164812468,0.00135290378522614,0.0298252291855426,0.367126587631495,0.00382402852097799,0.000537577471701717,0.00170066618181781,0,0,0.000178891151371288,0.0111796404684672,0.0301245897346038
0.00225464648339973,0.000194270938373548,0.00252913541126787,0.000657736931136295,3.9248212961936e-05,0.00771761088598922,0.019036291077213,0.0196969231185301,0.000679961989869666,0.0268266995817275,1.56758745266924,0.0183642950565172,0.004840269329452,0.0188898457383308,0.00056326058766101,0.00043393747247966,0.0631229855661668,0,0.141051209416537,0.0104424981697687,0.00270285854018809,0,0.00884863231025978,0.00263542679748064,0.000800457022477856,0.330679841703437,0.0393153542505702,0.00853843450702203,0.0449757282345191,0.009307955861196,0.001335853126844,0.0258098244318036,0.000744735000616583,0.298660386275499,0.0134804589985303,0.123406189966616,0.15724932803652,0.360925970866945,0.161638961730921,0.00134419156928152,9.36104526630458e-05,0.00286920190424762,0.00077429266928802,0.000412752541521632,8.84642704094294e-05,0.000857568253974862,0.000225099987787774,0,0.000154271574061703,0,0.000663573045119464,0.000299035808365944,0,0,4.61745130155266e-05,0,0,0.00044504195483154,0,0.000478952012475836,0,0.00275266746975358,3.82095974498927e-05,4.5884154134798e-05,3.49915292704016e-05,0.000119895730666828,0.000212211677290338,0,0.000155154554098284,0,0,0.000133896128009215,0.000427580501698232,0.000102118281571078,0.0030502532555952,0.0126863563809622,0,0,0,0.0013179381439996,0,0,0.000240088373355356,0.00489451052967542
0.00729031054458912,0.00158760119952939,0.0231023011521218,0.000894284211246049,0.000633159692872205,0.00920492171272935,0.0457865343735656,0.0248273734354885,0.00110211102809016,0.0384971362927388,0.239612548554107,0.0230136263525935,0.00225892668613896,0.035636070176829,0.00118434453355459,0.00399763328662896,0.653150431260657,0.141051209416537,0,0.0116258340929324,0.0230014571308678,0.000203203944760114,0.0607051200655048,0.00380059440016333,0.00112613722919397,0.63571430831913,0.120104908886726,0.0196362268862285,0.0624037002867099,0.0219487690633737,0.000368479166312564,0.0174163695657407,0.00315483055517853,0.927081469235006,0.0328035067950485,0.378287043079888,0.289057329272738,0.579417726202032,0.271468139161286,0.00266608436618848,0.000918437120110597,0.000113509743468529,0.0025836689477807,0.00112639581323765,0.001045124150502,0.00386856453673101,0.000448617075083149,9.04760349278096e-05,0.000241166924301266,0,0.00348376702608069,0.00145865472012173,0,0.000250124771613759,0.000159056933320552,2.93057719036758e-05,0,0.000351337659632093,0,0.000459621784836098,0.000651372524519438,0.000102450114110577,3.60143298400551e-05,0.000179711477409017,0.000301054932998416,0.0018782374994436,3.06793310204923e-05,4.98379719439685e-05,0.000354976325230879,5.01761391142905e-05,0.000143056123170143,0.00138298291646654,0.000593342520590931,0.00021324648077386,0.00812719557339599,0.0436424215448908,0.000149327628358662,0,2.88842355397851e-05,0,0,0,0.000852971717772357,0.0156205733900564
0.00255302320674591,4.82339214000225e-05,0.000418985251423293,3.20308846215192,0.00848187921618278,0.0940051977811134,0.0356994635880598,0.156418624177345,0.0833408191088073,0.350640870898329,0.0118994187068178,0.985123791882953,0.0183204699191795,0.0442100887077144,0.0475369905373066,3.16578800399899e-05,0.00553570278755698,0.0104424981697687,0.0116258340929324,0,0.000992666531788913,9.52476951148096e-05,0.00272527606741938,0.0618282307019859,0.0067282585971334,0.013904022900776,0.00586134729923418,0.281895860244801,0.0589388228268585,0.00765720277770717,0.000905444790128878,0.015123818721933,0.00226448867373289,0.0390426855598306,0.0124340536970694,0.135652526208111,0.00313952515249218,0.034986283449684,0.00390292210964866,0.0714092660010765,0.00575759998773135,0.000280899489885956,0.0107378244200554,0.000188624090957421,0.00543946078040349,0.000872489840341178,0.100541959447836,0.00085804953880168,0.000127054001958847,0,0.000375973415346491,2.75265649232298e-05,0.182317063562857,0.00612937037769016,0.00375322854602316,0.0224620681299915,0.0137221237051745,0.0130463735730458,0.120668699731448,0.00366908161426078,0.119578255330109,0,0.00524763124942236,0.0127628377690424,0,0,0,6.73503401052117e-05,0.0869388198219479,0.000127035982443777,0.000468201607429206,0,0.209370580189442,0,7.29061747995257e-05,0.000230087652828136,0.16009885203103,0.00222715688996083,0.00035902562764776,0,0.000777855159220386,2.99493340490639e-05,0.00696684645697599,0.00086037001272628
0.0233404539907119,0.00352374829515613,0.221123718865714,0.000408109008329591,0.0127166394405842,0.00964324382498164,0.34186948864509,0.0601232015821311,0.0126448988941063,0.00938534690485853,0.00295150861493854,0.0014135129985656,0.0110142071623949,0.0706301811273206,0.0158571983580959,0.820456810985481,0.232862038086397,0.00270285854018809,0.0230014571308678,0.000992666531788913,0,0.102390820806454,2.37369581687995,0.0175686405517535,0.00347362872637201,0.0992201982070188,0.293207619793437,2.36281986370594,0.0669094013772074,2.03053968078298,0,0.0032866674284094,0.0437978005024206,1.36230093846361,0.438947249513815,2.30742187035049,0.21509903107921,0.680176124548758,0.445788268567976,0.0383949922788934,0.00740622600906504,4.01112025651813e-05,0.0593952526522326,0.00519874644470525,0.0203498720617954,0.0187127484276295,0.00780259817100154,0.00129860750530116,0,0.0025091733777614,0.0010498614505091,0.0112885770325209,0.000260572620153779,0.00106509940928109,0.000318737319362483,0.0132463803508793,0.00599248715754515,0.00403835888347999,0.00115224284642335,0.00106752445437401,0.000248853535823244,0,0.011114310233045,0.000670084054737848,0.161398118428803,0.00437716668228632,0.000176849756011462,0.000778777713391873,2.84678525538385e-05,0.155755228449965,0.0454506473306757,0.127460554426364,0.170900618597548,0,0.00218738082571244,0.0716998385111717,0.110432820662118,0.0471789887292213,0.0707048695357907,0,0.00164644601265526,0.0215091628080879,0.0252787586901548,0.0824769302367838
0,0.242529001711495,0.00431559461155215,0.000165984107414734,0.00121280277382539,0.000203846050892338,0.000269952516571796,8.63226849015773e-05,0.587065817483013,3.05885130106926e-05,0.00800422752081839,0.000381391502108938,0.124900224872003,0.000152617716184831,0.00325483484409747,1.17827220505198,0.00364242281371205,0,0.000203203944760114,9.52476951148096e-05,0.102390820806454,0,0.148672815731528,1.07822165925684,0.13795312796529,0.00575021410458653,0.805139611855709,0.135844363012667,0.000142422629799295,0.000168865196167183,0.000604749040217387,0.000151492315365124,7.09238117951095e-05,0.00185694766847031,0.00257183696942502,0.0156403199098165,0.00562691901154837,0.0058306297938418,0.00257167631903349,0.00492106537348041,0,0.0121922955448849,0.0382269507231951,0.00435692086467476,0.00993801335468069,0.0139236527036651,0.00269324488983499,7.30445328290345e-05,0.00286461731903578,0.000224217122414935,0.0127914424240931,0.00522010850734498,0.0023059057059229,5.65648566077053e-05,0,0.00268951351535641,0.000461725799579307,0.00801734879342202,0.00126150727521845,0.00613123204088118,0.000462014239464975,0.0163828257283175,0.000663761876829678,0.000700903630330909,0.287976037939138,0.00149797669215766,0.000302792835070503,0.000490448579917908,0.00036377298561207,0.0288862788930823,0.147744373375735,0.117413339513234,0.0777551174263176,0.00231044370736735,0.00308443112446912,0.267532252666972,0.0245136166503798,0.00511349297106336,0.00818481279867426,0.00255954013560949,0,0.00270442583775784,0.00796926287262311,0.00769425028626717
0.0566205933952276,0.00417351048209707,3.80002722992503,0.000381295303557179,0.00970534125685196,0.0112983643919512,0.248114556732569,0.109181316091326,0.00863876855263406,0.0129365615210411,0.0117079064612254,0.00390242223415154,0.00925060775820822,0.153249189965901,0.0125064151974645,0.820272473654733,1.19418248584882,0.00884863231025978,0.0607051200655048,0.00272527606741938,2.37369581687995,0.148672815731528,0,0.0699339014226821,0.00102621307941266,0.403777144683437,3.60742872946956,1.0419165604942,0.179837997227222,0.414074643897896,9.85981977516797e-05,0.00475906115581339,0.0292502738071199,1.61384221864454,0.683616424969385,3.91795481565335,1.4636304104382,2.03630309866182,1.50805957910124,0.0423198419489543,0.00519611961306286,5.13252342225134e-05,0.238815367260526,0.0269761521957273,0.0757301378706828,0.121786353420976,0.00820555325619329,0.00124826984608169,0.000310790786774343,0.00186080923821812,0.0148639216983777,0.250190809770137,0.000266599484842223,0.00550723344437451,0.000508781745752645,0.0178369017716552,0.00265503942677017,0.00282782876663574,0.000659252238435113,0.000870084069574085,0.000878421387008861,5.19016207234144e-05,0.00344715155967942,0.0020214755874803,0.994913404204802,0.0251998022181577,0.000906614109324853,0.00383166799272162,9.68757558134255e-05,0.19586395799734,0.122850723880404,1.18518804739162,0.100602500414615,0.000189854588667882,0.0126937404705931,1.31369361625476,0.0772639270931502,0.013700829866379,0.0560822188049967,0,3.52717176936507e-05,0.0090350713819497,0.0660281865672847,0.265556884944748
0.00109962507275264,0.162353085385298,0.0114514496895641,0.314215033836374,0.0271165676691925,0.0183762835833314,0.315577514917057,0.0458808893043651,3.19758556900058,0.0476005455097484,0.00609769571347465,0.0690933467820471,0.0560570829098421,0.0174523336771891,0.111107507730479,0.414062108135133,0.00668875570085844,0.00263542679748064,0.00380059440016333,0.0618282307019859,0.0175686405517535,1.07822165925684,0.0699339014226821,0,0.0864951831491469,0.0295790431112685,0.538666332012657,1.4709614902146,0.0522503122208282,0.0207638486560598,0.000698946543109247,0.0124171827795099,0.0164123395716418,0.0340911002811989,0.0300785599315564,0.252597414110181,0.0245754990228318,0.050984290913214,0.022523200655664,0.160201973512162,0.00394896841778443,0.00304472977987398,0.19380102403382,0.00519654975353425,0.120833328046135,0.0312654483494358,0.107607684609016,0.0100071950283357,0.0013049999179959,0.00402700200676298,0.00648101074310807,0.0113175620856141,0.338504202461853,0.00858769419185949,0.00598018411025294,0.20351402947137,0.0848656302620377,0.263022124136838,0.213369199493378,0.0249749913409303,0.102559636491684,0.00420133139317036,0.0548342072346646,0.0157142570414556,0.14356364590153,0.00172602470419755,0.00074393443784818,0.000256703348464122,0.0859203966920491,0.081287335209423,0.0645638728388999,0.0704196946395714,2.10227997237424,0.00121850592762874,0.00503875747906511,0.136587841681616,1.0413742735663,0.0949035231579775,0.0562454030358761,0.000567086895063263,0.0168865624771593,0.0141111950915054,0.0730325153701787,0.0325634997334297
0.000294459582789865,0.112895120335497,0.000210924845067582,0.00216144710024814,0.00110523743018086,0.0108287804244222,0.0114233436140939,0.0398500833473011,0.174225449260314,0.00757026247711769,0.0768461887428422,0.0170215939492816,0.458038003957659,0.00537446450853552,0.00264101848082002,0.00630111063735472,0.00142458781978749,0.000800457022477856,0.00112613722919397,0.0067282585971334,0.00347362872637201,0.13795312796529,0.00102621307941266,0.0864951831491469,0,0.0143339047946215,1.00094281946269,0.0377547709719359,0.00991710544050358,0.0138033296623414,0.0492255427783026,0.0166362245889204,0.000900084279708679,0.00892034630667303,0.000917644901833674,0.0637900599443388,0.0233413366483919,0.013553661434148,0.0119694131646653,0.249711470023303,0.00597434580035096,0.029427413309751,0.0307381743927493,0.0249823511240116,0.0210876255463584,0.00703678380362654,0.147782570991906,0.00264624930222221,0.0230405047168985,0.000157838321696752,0.00546221412960708,0.000110694843819702,0.00226258207317273,0.00246666252271326,0.00163062952338676,0.0110480482314095,0.0137034276340082,0.00512452859892051,0.00516813223187231,0.106802842676333,0.00511810470345674,0.194086203577166,0.00706504160302421,0.00271602460088168,0.00117969677078493,0.000280504730750787,0.00195491417069205,8.04384445991935e-05,0.00207295678386177,0.000693180735307041,0.00140720784065083,0.000756974829245107,0.0136826011051256,0.133027596729002,0.0297135796557423,0.153783008753683,0.0222276723959908,0.00427680229297053,0.00273429596728695,0.0117324996528937,0.00965023966967584,6.21113537792623e-05,0.00720062750245937,0.00280838534641245
0.0179821655201577,0.0340411457676248,1.68596681025725,0.00109491001534782,0.000774781658220151,0.0155238054592654,0.143406574911751,0.0633800997050552,0.00600246796336037,0.0506179875130215,0.704187665454104,0.0296285117902451,0.0324164251913314,0.0736697899314926,0.00176646928185408,0.0244505341920703,1.66204197065648,0.330679841703437,0.63571430831913,0.013904022900776,0.0992201982070188,0.00575021410458653,0.403777144683437,0.0295790431112685,0.0143339047946215,0,4.73250488541622,0.114592777357817,0.0781367801968765,0.0485834416371964,0.106008095410559,0.0341012978382636,0.00305893300439338,0.490091763250451,0.0839056045662906,1.10053642075451,2.60035981053138,0.903263621782491,0.624453897268475,0.00575057663022968,0.00108559731188202,0.0106967185917488,0.0960795690698648,0.0775592217503307,0.0444044816591257,0.0601383991814297,0.0014647582234585,0.000197349729050136,0.00267256248029399,0.000343848040417141,0.102588619221213,0.0562414642281997,0,0.000869526920620063,0.000268791427203572,0.00366372770890476,0.000656246596734879,0.0113660679785904,8.14174825621905e-05,0.047216951548666,0.000421879379390213,0.270988164973483,0.0021240108469907,0.000749831721691963,0.0120732246921899,0.0776508339644703,0.0280980866569861,0.0219013044902429,0.000268657841781849,0.00239853756197017,0.00775545924289518,0.0173359294531085,0.00822351624852967,0.0419328384031198,1.0181126854178,3.18409310007205,0.00269955233237071,0.00200129269862787,0.00227737999144919,0.137774479457539,0.000745924786208593,0,0.0461230838397045,0.0453640231212411
