0,8.49503189325333,64.6156044900417,9.5420528948307,2.6300812959671,137.229492485523,10535.8737427294,1851.41439887881,11.8715578317642,274.314943283796,415.753077507019,45.8552496135235,134.517398864031,11653.2060627639,20.475615888834,3.6187587082386,1501.34533151984,236.473865658045,543.523152112961,7.8478832244873,400.049134850502,4.20969694852829,996.758586674929,216.666845232248,4.03430306911469,348.242807984352,359.892825186253,431.907779276371,12482.1766292155,13760.2777622342,24.284225165844,60.1394695043564,249.871023118496,2073.06104326248,139.677737861872,775.059757292271,154.735959231853,947.903584331274,322.255993038416,51.0045333206654,33.3996441960335,82.730153799057,57.8204975426197,11.1326576173306,27.3211826682091,13.8035837113857,20.1235258579254,5.34227919578552,11.133052200079,0.671918928623199,14.8136505186558,20.9307660162449,0,0,1.38442578911781,65.1631721556187,3.15613347291946,11.8183608055115,5.13439917564392,4.1878690123558,0,6.74247673153877,12.7126358449459,4.03099322319031,7.67013382911682,9.15197864174843,0,7.62543630599976,0,4.17343604564667,0,10.8989080190659,148.064644187689,3.35384836792946,18.2977341711521,100.808240115643,114.517190366983,10.1897552907467,3.70943740010262,1.80106541514397,1.62410545349121,0,22.6613785028458,48.3580540418625
8.49503189325333,0,160.553737968206,1.5307981967926,12.9554106593132,4.67527633905411,22.5624831616879,12.9627061784267,1412.6347591877,5.56095039844513,133.603417813778,7.0201530456543,2080.72790801525,26.0995598137379,105.176439881325,1518.91808331013,353.499776870012,28.8916630446911,92.2572256922722,5.92440411448479,136.764324009418,3250.88544949889,269.101071357727,4483.30362462997,7390.10554665327,537.959494709969,19398.2854287028,437.602614402771,55.3519209325314,51.6753784120083,362.589764326811,2.98101633787155,5.77742752432823,198.658329218626,17.643566429615,343.702737271786,247.546346127987,143.336827456951,76.3086675405502,119.154857635498,2.69846904277802,76.1549979448318,133.684987783432,99.3642179965973,69.9334456920624,44.9931838512421,13.6187978386879,1.13393127918243,26.0151658058167,0,1642.07640039921,166.937965422869,1.33796381950378,2.39288133382797,2.0130757689476,35.4018788337708,1.54539978504181,162.916479259729,6.45206534862518,109.416084170341,8.3578981757164,206.198606282473,2.30960205197334,3.96054938435555,99.1724509596825,118.547610133886,8.13449332118034,78.8883742690086,0,13.0954480469227,276.166827201843,101.804538786411,199.249851614237,166.641942083836,270.336612790823,2447.37556686997,28.4096421599388,2.74475130438805,20.4668681323528,64.0949098169804,0.733086109161377,0.382465243339539,33.8495198488235,20.8217613101006
64.6156044900417,160.553737968206,0,0,2.40848231315613,5.06756913661957,1833.69138815999,15.4895508289337,3.2365950345993,15.9332311153412,91.4057706296444,6.27981308102608,39.4981045126915,105.407745748758,6.48095369338989,114.278171926737,36818.8272180259,154.740514308214,1553.36030235887,1.98128992319107,3099.48700597882,48.2577329874039,38358.7444324791,48.0610530674458,7.69758182764053,24555.3028303981,44308.3823850602,1113.73033127189,145.031354218721,1424.50922238827,2.82249414920807,3.73221963644028,20.5713728070259,2220.10582104325,360.192355126143,5814.66842764616,4181.23216441274,1692.20716190338,1904.93034034967,41.3615945577621,41.623545229435,0,2325.440202564,437.790713280439,1031.21483591199,559.233531326056,40.1562031507492,21.8401450514793,1.37545919418335,1.33166244626045,662.351457804441,6027.63436734676,0,6.41386067867279,0.54583215713501,519.006443291903,4.00902369618416,15.6960408389568,1.0542348921299,91.3437914699316,0,4.10822361707687,23.2089900374413,1.86716786026955,796.325073421001,2383.03019562364,213.61516648531,469.316065818071,0,477.40019890666,245.573613494635,5596.1728566587,246.920471787453,10.9946781992912,974.243593841791,18452.9648066163,467.754661411047,12.3256236612797,135.447318404913,3.03341317176819,0.40842616558075,0.788804173469543,329.516882538795,434.852071195841
9.5420528948307,1.5307981967926,0,0,99.0176147520542,180.477635443211,385.933854013681,84.6284774243832,3409.63844928145,14239.3262798488,17.3980124592781,3347.24422889948,12.9999525547028,98.2230169773102,995.427861958742,5.36214476823807,0,7.03391084074974,1.17860740423203,20191.906342119,0,11.1452212929726,0.996841907501221,4531.59906825423,0,0.923499584197998,3.83023524284363,1120.687294662,102.337970197201,3.58308160305023,0,32.9080329537392,9.79876074194908,42.8842576146126,23.4277980327606,531.567123174667,7.58838519454002,73.5141254663467,20.6995856761932,899.79816570878,13.5700091421604,9.6942186653614,62.3817520737648,0,25.7755562663078,14.9137393534184,734.996880501509,32.8493879437447,3.54680639505386,0,1.39443424344063,0,1658.08892828226,38.5511008501053,409.725132405758,256.287667363882,278.716739684343,849.787514179945,1643.80262327194,28.257022112608,1434.20040631294,0.483640938997269,314.361002624035,126.373482853174,0,0,1.51389527320862,0,1452.56374961138,0,15.5386973023415,0.622098028659821,538.498405754566,2.34639376401901,0,3.1384391784668,1509.24791002274,56.5695400834084,0.632468819618225,0,26.130354732275,0,100.726713061333,5.06299638748169
2.6300812959671,12.9554106593132,2.40848231315613,99.0176147520542,0,1415.53495025635,133.225760728121,175.326620519161,244.898375928402,365.121429115534,9.59344905614853,1080.5139195323,10.7955471277237,35.1265890300274,5459.46247965097,5.74252444505692,2.06381845474243,2.05482846498489,1.47676908969879,186.798485547304,41.8370403647423,39.4982271790504,36.0039493441582,395.128857046366,4.28498035669327,7.20484358072281,12.5981622636318,163.472083628178,33.1383748352528,26.6137965619564,1.08921456336975,1280.00775432587,1.41866850852966,93.619819611311,2772.26836612821,874.345912903547,20.440205425024,43.7956110239029,27.0794668793678,13889.4845693111,1617.82666003704,33.6135775446892,27.9055563211441,17.0114008784294,18.0242671966553,55.0705268383026,44.5375818610191,11.9441091418266,7.89192688465118,0,0,2.77843725681305,3.99544382095337,3.35675632953644,19.8706432580948,30.27588352561,8.71430826187134,21.438478410244,9.04342892765999,0,43.6658358871937,2.45338296890259,13.2974983751774,8.08160173892975,10.7497055828571,0,0,0.72137850522995,7.15086561441422,4.0344010591507,2.02540570497513,17.281574845314,53.7116287350655,0,6.34550338983536,20.3025889992714,55.2797463834286,0.815939962863922,1.24822390079498,0,0.601318717002869,0,17.9631229043007,926.146777659655
137.229492485523,4.67527633905411,5.06756913661957,180.477635443211,1415.53495025635,0,7857.27304795384,15727.9574291408,266.323643267155,18729.061534375,388.758964151144,9091.35158970952,247.424946308136,3092.73529139161,4754.50747165084,0.468504726886749,11.5322955548763,150.794272094965,63.8493022322655,676.423681557178,13.669497013092,9.27730584144592,19.9054138660431,351.536139547825,5.67882829904556,71.994294077158,27.8960002660751,438.317797213793,656.774529635906,84.929843723774,23.4287429749966,712.09399998188,6.47770538926125,586.517502486706,3106.65677401423,3655.78333681822,200.038223296404,604.589976638556,201.371259689331,6411.64226132631,698.187129765749,254.841462761164,352.556475788355,22.424084931612,119.576118379831,82.0306564867496,453.473936647177,119.196589499712,58.9190662503242,4.5039393901825,2.77169787883759,0,69.5828444957733,11.3869331479073,304.15529191494,828.310155451298,268.267813056707,142.095146209002,250.342201888561,38.4030134677887,254.695204466581,5.7997612953186,454.160020053387,35.8393470048904,5.23486942052841,0.379656463861465,0.962361991405487,0,74.5938096642494,7.10220831632614,1.86635667085648,8.70333072543144,1112.20632094145,1.20055443048477,2.29544299840927,8.35012984275818,1084.88568428159,120.472480773926,8.13929226994514,1.42009598016739,23.4547066986561,4.58630341291428,332.503927618265,605.725018948317
10535.8737427294,22.5624831616879,1833.69138815999,385.933854013681,133.225760728121,7857.27304795384,0,10335.483736217,711.858288735151,32315.4447603226,1097.77223470807,772.833912283182,1036.803509444,52232.9061905444,790.130942285061,105.562884062529,3144.56577056646,576.519396811724,637.801849037409,150.713193267584,7735.06692397594,70.6754787564278,5606.79381412268,3412.66389456391,14.7988485693932,1199.71158081293,1496.64290040731,60338.979685843,12079.126834482,6656.30283400416,80.763352483511,686.988602697849,1365.81075116992,6502.25494223833,2382.0268420577,17518.0006095171,1459.84367132187,8797.70940378308,2950.55525076389,2432.29520124197,849.626869231462,512.434782475233,1484.14509773254,64.0640906989574,405.261536061764,278.345851927996,850.72169137001,437.76407533884,134.946283966303,9.28495463728905,45.5791619718075,126.136271297932,780.755723685026,20.9011666476727,1015.25482150912,2880.3102144897,1213.22172257304,747.007053107023,1694.03690284491,383.94585262239,740.261566668749,19.7385186851025,1912.61769342422,63.0331239998341,239.366266906261,52.4306707084179,24.6693472862244,15.9811797440052,375.344407975674,55.0772549211979,47.4567936658859,254.854813069105,4896.2474578619,6.61249306797981,42.8592870533466,401.170053422451,5448.6894697547,583.21086192131,37.1888734698296,0,204.625900030136,14.0290096104145,1096.89408528805,516.907795548439
1851.41439887881,12.9627061784267,15.4895508289337,84.6284774243832,175.326620519161,15727.9574291408,10335.483736217,0,215.567758649588,15101.0250926018,615.815143704414,4223.48137497902,319.816531717777,25345.3009877801,895.252505213022,4.87673819065094,122.548882007599,203.418212622404,111.983539968729,567.261530488729,56.0717887878418,49.6279212534428,93.7258721888065,970.767561614513,6.43686074018478,141.526419907808,84.4030670821667,1493.57059848309,2368.62298765779,1032.61352032423,24.2986472845078,776.592854440212,52.7187578976154,1125.89701414108,107.722829550505,4843.69175255299,312.489382773638,753.502033263445,247.322041928768,1572.81662553549,663.098713070154,360.257518559694,1272.21864977479,42.4297643899918,327.523856014013,185.730694979429,807.743262469769,424.402012586594,119.173479199409,3.24717974662781,5.45149114727974,2.12365785241127,62.0820716619492,7.58451282978058,504.991811007261,2616.15860563517,576.120799809694,446.462580829859,252.794416368008,113.134798109531,216.581544458866,13.6780096292496,1260.27976277471,64.1266455352306,33.4277193248272,0.385846465826035,2.40652137994766,5.02065742015839,51.7388002574444,30.8918454647064,15.8847075402737,14.3473539352417,3923.37578827143,1.04265534877777,3.25639787316322,21.7754876315594,3812.21654289961,388.875433981419,23.9099136590958,3.0776387155056,78.2225604653358,9.40058767795563,812.846091508865,74.2974048554897
11.8715578317642,1412.6347591877,3.2365950345993,3409.63844928145,244.898375928402,266.323643267155,711.858288735151,215.567758649588,0,2567.58449187875,43.1159247756004,2791.78650712967,346.69725060463,265.111673921347,1548.07480108738,27.027352720499,21.1862587928772,19.5379371345043,11.745511084795,1613.20032066107,6.81568229198456,8461.15843057632,12.6909914016724,31335.2704285085,713.163669019938,86.7561313509941,986.706799834967,4829.96727991104,187.55204936862,50.3923770189285,105.773376733065,38.3983677625656,21.3199661374092,108.513487398624,53.6171123981476,391.05551597476,46.4028488993645,150.720991224051,48.4548602700233,1609.50127783418,23.59484192729,24.9971783161163,447.817828148603,20.5676030516624,99.364107042551,50.3019324243069,519.036823749542,87.777046173811,19.5099336206913,5.53638392686844,17.4363233745098,3.61460161209106,1812.02143472433,51.2240881323814,351.66471362114,575.919381082058,305.858327507973,5238.20264455676,1542.73222151399,208.360993772745,804.304526031017,33.8146069645882,419.850298583508,131.388461887836,59.6324161589146,2.46337521076202,73.7549189031124,3.76344418525696,521.175757974386,27.4126586914062,192.819410383701,5.10004726052284,4601.50599044561,16.8882514834404,44.0448697507381,82.1143913567066,4032.92756012082,203.125347554684,18.2962922751904,17.1726429760456,46.3726143240929,14.5467499792576,231.483689755201,74.5645459592342
274.314943283796,5.56095039844513,15.9332311153412,14239.3262798488,365.121429115534,18729.061534375,32315.4447603226,15101.0250926018,2567.58449187875,0,1412.54207485914,15430.4182549417,996.17143574357,16346.8464350402,1582.91143843532,10.0825280547142,30.4756378531456,708.946794092655,282.738174319267,14801.6004791558,17.1214631795883,18.7830934822559,37.3749825060368,1732.02608036995,10.0930196344852,401.567950993776,126.217952370644,2987.15344658494,4802.99799272418,187.53241404891,93.7611924409866,997.038939088583,77.9025276303291,2584.64283916354,879.153440207243,10370.4640109241,530.846527576447,4168.35657894611,700.994251132011,4494.03971761465,712.197354018688,633.95434615016,760.095216095448,28.1620893478394,337.761693239212,257.379950135946,2847.03538963199,470.895945101976,93.8838374018669,10.3387925326824,12.1205195784569,0,2797.83832108974,92.0963717103004,2979.28735753894,2380.10101562738,2309.71236804128,1124.9356675446,6120.4248868227,121.754015922546,4486.03767454624,20.8892506361008,2733.8144107461,324.182141900063,5.62461543083191,0,0,0,2051.33202332258,4.23391619324684,21.592964053154,4.78920930624008,3320.74759444594,3.59694930911064,0.64728718996048,13.4066104590893,5860.34599730372,605.322310358286,6.26098284125328,0,55.1446534395218,6.74797263741493,1226.34526765347,161.798995107412
415.753077507019,133.603417813778,91.4057706296444,17.3980124592781,9.59344905614853,388.758964151144,1097.77223470807,615.815143704414,43.1159247756004,1412.54207485914,0,797.246489673853,12149.4724758863,1836.74906739593,111.616147071123,17.6501663029194,951.14197024703,11039.7722861171,1591.98354288936,127.977371007204,153.397484332323,48.1057122945786,242.37293818593,219.150706738234,652.018743276596,2155.69096210599,661.960285156965,328.744888395071,4704.33737128973,417.642839759588,779.047310143709,2155.68217301369,42.6272587776184,19132.8976688385,66.5956543087959,1490.11329975724,2968.11733591557,3731.08617529273,671.034744203091,237.033010005951,40.4055598378181,4200.23510870337,113.210653424263,2797.46643283963,102.111570864916,48.5202704071999,40.8888458013535,4.69732189178467,1637.6518317759,1.85552734136581,478.968067586422,31.0096838474274,0.424573570489883,0,2.49522280693054,83.909662604332,2.61135995388031,109.887583166361,1.2524162530899,2453.63151103258,22.8674388825893,6927.09160530567,1.22800064086914,3.58673089742661,30.7688588202,18.6669539511204,203.126872777939,25.5668020248413,0,9.8489573597908,234.281030505896,35.0079751312733,366.69697830081,340.298700928688,938.92120167613,1330.86524790525,142.7412301898,4.75240051746368,12.6146004498005,2071.36053133011,1.62049663066864,2.39494305849075,24.1674355268478,20.3438481688499
45.8552496135235,7.0201530456543,6.27981308102608,3347.24422889948,1080.5139195323,9091.35158970952,772.833912283182,4223.48137497902,2791.78650712967,15430.4182549417,797.246489673853,0,419.033155530691,1940.76675546169,6641.87678569555,1.05414599180222,11.8828249871731,309.233258366585,105.993394494057,10540.3557786942,5.52059149742126,53.2649375200272,11.8056337535381,502.209592282772,7.70518982410431,154.737704157829,51.5615555644035,855.598501324654,874.237076729536,22.5048885345459,48.8801331222057,743.960851460695,4.84264886379242,919.949711591005,4788.64477208257,2728.63062208891,221.202446162701,1009.81623196602,209.238146007061,7274.74105271697,143.667857587337,270.586928337812,127.611035197973,21.1100565195084,77.9650526344776,77.5540816187859,1151.40501460433,61.9434317052364,59.9581305384636,0,1.36546587944031,1.03474926948547,652.844053059816,43.8263358473778,532.917819797993,280.359669685364,322.782137721777,197.437624335289,607.535230219364,55.2525752782822,1513.95778229833,18.1001212596893,426.59126740694,148.563768029213,6.04323381185532,0,5.6781699359417,0.597586929798126,752.659004181623,3.78324323892593,0.502679467201233,6.8263250887394,374.948781847954,0.855071306228638,8.82658591866493,8.79783475399017,515.571716934443,85.6107272803783,2.81607085466385,1.25411033630371,28.5268719792366,0,214.123755156994,2921.34253692627
134.517398864031,2080.72790801525,39.4981045126915,12.9999525547028,10.7955471277237,247.424946308136,1036.803509444,319.816531717777,346.69725060463,996.17143574357,12149.4724758863,419.033155530691,0,710.020091921091,89.7012382745743,222.794034093618,50.5491625070572,820.144961684942,72.4355639219284,77.6166350543499,162.684386789799,522.090944677591,268.135215133429,1265.35587891936,5709.27030164003,1124.93156167865,4949.53439471126,569.86695432663,1276.56976392865,230.455818921328,823.249088436365,741.942808449268,24.772297680378,3359.56082898378,219.57886493206,1259.47845759988,3426.67241823673,6399.83002868295,566.152912527323,763.020742863417,99.2812438607216,6467.72085687518,471.646615177393,6576.3483556211,502.528702259064,208.966882169247,118.35299167037,9.80259430408478,2248.22593310475,1.08435416221619,2026.9671626091,45.3139332234859,4.75334089994431,0,12.1521062850952,85.8737353980541,14.6429159939289,170.131588101387,9.01398304104805,8149.74986356497,35.8884610831738,26364.8712023497,37.8982015550137,1.99662092328072,64.3202478885651,46.757922232151,684.851084291935,154.061520785093,4.97740972042084,19.5803411304951,543.246469318867,68.0310544669628,301.584397047758,2888.0308739841,3902.35051462054,9863.81660881639,111.011851727962,17.167993247509,22.8026994764805,9681.75599777699,14.7315738201141,0,111.388027489185,66.5355021953583
11653.2060627639,26.0995598137379,105.407745748758,98.2230169773102,35.1265890300274,3092.73529139161,52232.9061905444,25345.3009877801,265.111673921347,16346.8464350402,1836.74906739593,1940.76675546169,710.020091921091,0,270.10908177495,5.69954627752304,1348.87997037172,827.326445609331,737.241180598736,390.886474788189,577.269507855177,59.5924210548401,968.837911963463,1471.59851559997,8.49857658147812,659.072049736977,474.639327049255,2661.81267365813,23446.1322449446,10231.4770561457,98.2205351293087,1496.03729563951,330.382253646851,2806.86639633775,310.335638135672,5260.19570252299,550.810600668192,2086.9244941473,625.038020521402,731.393740952015,188.455282211304,446.108395427465,1213.46248248219,61.8209906816483,288.715540587902,148.308847874403,691.82591983676,380.546571940184,128.435918450356,14.5212636590004,38.4649327397346,20.0815623700619,112.377661257982,8.15489214658737,722.686882466078,2303.49400269985,842.317612320185,466.220502704382,461.179298818111,180.179575741291,292.555959254503,38.5883534550667,1383.04847714305,41.126689106226,33.0950501859188,14.9121876358986,2.98798757791519,9.02541196346283,89.043223798275,27.3505534529686,15.086513698101,20.7595010697842,3873.21043664217,2.55078276991844,42.1852473020554,147.467304110527,3577.36999598145,441.242765665054,32.4603989124298,11.7347745299339,102.091117501259,16.0860118865967,819.986012220383,112.772648513317
20.475615888834,105.176439881325,6.48095369338989,995.427861958742,5459.46247965097,4754.50747165084,790.130942285061,895.252505213022,1548.07480108738,1582.91143843532,111.616147071123,6641.87678569555,89.7012382745743,270.10908177495,0,22.2273747324944,13.1419249773026,41.371509552002,16.4275481700897,1064.2295935154,77.360926926136,536.140692293644,75.0332135856152,3340.39882776141,51.0944401621819,160.763859689236,204.132079869509,1127.35192748904,147.401717245579,133.918567717075,15.5062230229378,1347.38438984752,6.50186395645142,147.099018961191,1969.14289337397,650.97380053997,163.244258582592,424.383906692266,224.615349888802,6217.33847081661,273.577072262764,66.3878328800201,132.42210060358,27.8265561461449,86.9382050931454,123.770425140858,165.998705416918,36.3434164822102,33.6708593666553,0,4.84394800662994,2.17024502158165,19.3888829350471,6.39904260635376,65.3839928805828,170.667999565601,81.3142891228199,107.762193262577,63.2890105545521,40.6393527090549,92.8695240914822,20.541143655777,112.199552088976,18.6639719307423,23.1061757206917,0,19.6876499056816,5.13116455078125,41.3160790205002,4.76742991805077,1.74196416139603,17.061917334795,341.115490883589,1.84521824121475,70.4274859726429,135.361446887255,292.969465553761,32.2046497762203,7.09767806529999,23.1036612391472,6.06003722548485,0,91.7206132411957,639.824246317148
3.6187587082386,1518.91808331013,114.278171926737,5.36214476823807,5.74252444505692,0.468504726886749,105.562884062529,4.87673819065094,27.027352720499,10.0825280547142,17.6501663029194,1.05414599180222,222.794034093618,5.69954627752304,22.2273747324944,0,290.562753111124,15.521477073431,69.9689309298992,0,4966.42506706715,9914.22471666336,5998.39635241032,1847.08001667261,419.419499635696,203.433560997248,9548.113322258,2379.56684571505,25.1310839951038,111.524674594402,41.0158439278603,2.47203373908997,12.5728879570961,618.071420371532,746.047050207853,8089.64714598656,1989.87952366471,2643.07036310434,1716.16666209698,94.8377336263657,42.3505586981773,9.98598924279213,1591.9211897552,201.652718037367,490.364421784878,356.002989768982,215.613313019276,31.6504139602184,7.05800607800484,11.0369636118412,93.7466259300709,126.745916098356,2.19969701766968,47.2173562049866,3.09180128574371,227.168206304312,10.4400005340576,529.821121424437,2.65040767192841,25.4657918512821,10.7730592787266,7.215626090765,44.073449999094,52.8377340137959,16797.6648000479,94.1144518852234,36.098902285099,26.8487792313099,0,2320.96743693948,3283.69833377004,8626.2762875855,3326.96357423067,18.0721253752708,93.4186636209488,2287.50582426786,1644.55346778035,99.283435434103,237.522471964359,4.20960521697998,3.52050352096558,14.6868531107903,119.972268253565,532.848915278912
1501.34533151984,353.499776870012,36818.8272180259,0,2.06381845474243,11.5322955548763,3144.56577056646,122.548882007599,21.1862587928772,30.4756378531456,951.14197024703,11.8828249871731,50.5491625070572,1348.87997037172,13.1419249773026,290.562753111124,0,582.405158698559,8647.60536694527,3.82845109701157,6222.19857430458,134.576731026173,28022.6782652736,150.778294473886,17.3013418316841,13653.9868988097,37914.9517428279,1028.23433604836,1916.02287271619,18463.8134331107,14.6980023980141,6.73026216030121,156.03491589427,8746.43789625168,367.8141053617,5818.62452590466,5171.85519564152,2070.57944357395,2085.22430750728,47.9341731071472,34.2500673234463,3.40500432252884,1533.27103298903,414.427158027887,821.308872938156,419.350202471018,12.1438478529453,11.9794974625111,2.94518619775772,8.71331462264061,947.243494033813,3455.2167981267,0,4.57643553614616,0,389.651706755161,6.76546972990036,21.8940327167511,0,35.675389200449,0.896332442760468,1.83583229780197,18.0061482191086,0,327.498544067144,1459.94141420722,127.979015916586,921.476933628321,0,197.63953974843,150.457216084003,1318.9444039166,166.718527644873,8.0112669467926,1492.4063282758,10125.103543967,219.475735992193,11.9104877412319,198.23031526804,5.0321239233017,0.997433662414551,1.33415910601616,293.573465585709,298.616640686989
236.473865658045,28.8916630446911,154.740514308214,7.03391084074974,2.05482846498489,150.794272094965,576.519396811724,203.418212622404,19.5379371345043,708.946794092655,11039.7722861171,309.233258366585,820.144961684942,827.326445609331,41.371509552002,15.521477073431,582.405158698559,0,2926.69178235531,63.8304469883442,108.23146250844,13.792108476162,271.716644614935,86.1784857809544,37.7734738588333,1557.62924793363,1205.47837531567,153.190461874008,1806.38012567163,293.925979197025,195.812584370375,423.59687641263,28.2656951248646,9302.5798908174,253.88197734952,2430.75266012549,6161.58515289426,5278.62838730216,2826.17170587182,86.4995760023594,19.9646160006523,348.570467591286,292.752855420113,491.690475821495,250.734004884958,161.185086935759,19.0998176038265,1.07921540737152,110.450831145048,0,87.3721449673176,66.9349539279938,0,1.8335200548172,0,22.0646367371082,2.47220158576965,22.8824107646942,0,425.994771629572,7.80762764811516,1298.90409633517,2.197241127491,2.70307493209839,8.42629510164261,42.8566431701183,316.86551707983,111.573249578476,0,7.32996860146523,17.2435797452927,50.5627989768982,28.8114478886127,51.7106765806675,2270.14444297552,3366.98100212216,12.1020614802837,4.05717074871063,17.4498191475868,1600.01774555445,0,0,32.5712873637676,127.128785729408
543.523152112961,92.2572256922722,1553.36030235887,1.17860740423203,1.47676908969879,63.8493022322655,637.801849037409,111.983539968729,11.745511084795,282.738174319267,1591.98354288936,105.993394494057,72.4355639219284,737.241180598736,16.4275481700897,69.9689309298992,8647.60536694527,2926.69178235531,0,23.5670895278454,949.368038147688,24.8116724491119,2166.2493404448,67.3729984462261,11.1759712100029,4003.64693015814,5106.79805833101,264.228152483702,1524.9915458262,2591.76136547327,50.2154747843742,114.666654616594,132.869182884693,12615.5994876325,486.299858987331,6002.37459796667,6259.05350089073,5188.05533844233,4040.62061074376,29.0931156873703,16.8553553521633,7.7323967218399,647.289649367332,255.253577142954,505.065608620644,255.152211427689,13.3894820213318,6.44716030359268,0.59833562374115,12.0746992528439,303.958291590214,409.383620530367,0,3.60454523563385,0,226.849767178297,0,11.3652853667736,0,17.0749809145927,3.23321205377579,44.6438397169113,5.87587702274323,1.84798800945282,68.8449055552483,381.222211420536,83.0779238343239,777.635321676731,0,67.2504971921444,29.1478785276413,395.334991753101,35.0418264567852,21.9808378219604,1707.18020507693,3925.78475515544,39.6403409838676,8.46768945455551,119.929411709309,137.148659408092,0,0.842984616756439,141.96964147687,269.792968600988
7.8478832244873,5.92440411448479,1.98128992319107,20191.906342119,186.798485547304,676.423681557178,150.713193267584,567.261530488729,1613.20032066107,14801.6004791558,127.977371007204,10540.3557786942,77.6166350543499,390.886474788189,1064.2295935154,0,3.82845109701157,63.8304469883442,23.5670895278454,0,0.542332291603088,8.64055901765823,3.84908872842789,3968.98068749905,3.51963222026825,32.9195038378239,9.77196472883224,1416.76107603312,264.263754934072,12.4207829535007,12.7213631570339,129.393069446087,1.94901943206787,132.292223215103,30.22518196702,756.861094892025,60.7065401077271,183.640605717897,42.0855225324631,1251.28543433547,40.0741941332817,55.0283677279949,118.205031871796,6.3168218433857,49.5306607186794,26.836655497551,734.386562466621,69.2258814275265,17.8101696670055,2.63937342166901,0,0,727.256185054779,35.1971546411514,507.918791860342,300.031051009893,274.767549395561,202.790889650583,934.478186279535,38.8148639500141,748.085230082273,1.55531916022301,407.445949524641,118.030843824148,0.437968641519547,0,4.07964688539505,0,393.420594394207,0,4.72188699245453,0.476293563842773,414.264077216387,0.46701580286026,0,2.06862214207649,732.516826272011,83.2876533567905,0.401309341192245,0,32.0388190746307,1.47077435255051,170.835470169783,5.91850179433823
400.049134850502,136.764324009418,3099.48700597882,0,41.8370403647423,13.669497013092,7735.06692397594,56.0717887878418,6.81568229198456,17.1214631795883,153.397484332323,5.52059149742126,162.684386789799,577.269507855177,77.360926926136,4966.42506706715,6222.19857430458,108.23146250844,949.368038147688,0.542332291603088,0,547.981599837542,42552.5897865891,295.932905822992,54.2978593707085,1153.0608176589,3723.88430961967,6156.90100377798,495.461814254522,40402.1772435606,3.37519359588623,9.26281687617302,48.7789371609688,16916.4319874048,2218.26909339428,21565.7785059512,5888.17464089394,15433.9863849878,6401.30573272705,292.162298560143,172.070463895798,13.7963010072708,798.421814382076,92.0048444271088,177.667376041412,107.314143121243,92.9541784822941,20.458099514246,6.6199577152729,7.26357764005661,81.0024638772011,191.019271433353,1.46668827533722,7.43752416968346,3.408735871315,193.304505974054,3.74465468525887,139.523165583611,2.05677098035812,8.81126596033573,3.20332419872284,3.73572516441345,37.2347227334976,25.0859592556953,5166.31655925512,104.286633193493,11.1058651506901,43.2028086781502,0,1467.04014736414,542.321509987116,3066.95475521684,2074.99445453286,4.3601576089859,61.2452681958675,935.854716509581,1597.41287079453,72.9708715975285,206.573300361633,0,2.61900985240936,5.12125080823898,69.5515505224466,997.152353107929
4.20969694852829,3250.88544949889,48.2577329874039,11.1452212929726,39.4982271790504,9.27730584144592,70.6754787564278,49.6279212534428,8461.15843057632,18.7830934822559,48.1057122945786,53.2649375200272,522.090944677591,59.5924210548401,536.140692293644,9914.22471666336,134.576731026173,13.792108476162,24.8116724491119,8.64055901765823,547.981599837542,0,1431.97818496823,19308.8681822717,938.837091863155,176.893929362297,11870.576793015,1870.60706874728,65.5938984453678,52.5009757876396,137.247582435608,5.59112012386322,10.2388755679131,141.088638663292,61.2767000198364,682.309536039829,218.347797244787,294.551864206791,166.9683637321,701.05061429739,10.1100054383278,16.5961146354675,499.920392334461,65.865801513195,133.011628657579,104.518954843283,98.8689134120941,10.0355407297611,14.4195937216282,4.49463328719139,148.483504146338,80.2320635616779,22.5789660215378,30.8125803470612,6.99724364280701,71.4121792316437,8.13684165477753,507.573548465967,42.6283046603203,41.228837788105,25.5843161940575,45.3013614118099,16.4615040421486,21.8429972529411,2985.28935983777,64.4622247517109,16.7477259635925,18.8533401787281,14.0066645145416,352.822187632322,2879.54324761033,865.984817773104,1816.98274600506,48.3972006142139,46.5355020463467,2902.14006748796,574.054299741983,35.7515288293362,49.7290750741959,9.62532484531403,3.06176629662514,4.55866158008575,61.131456643343,85.6957448124886
996.758586674929,269.101071357727,38358.7444324791,0.996841907501221,36.0039493441582,19.9054138660431,5606.79381412268,93.7258721888065,12.6909914016724,37.3749825060368,242.37293818593,11.8056337535381,268.135215133429,968.837911963463,75.0332135856152,5998.39635241032,28022.6782652736,271.716644614935,2166.2493404448,3.84908872842789,42552.5897865891,1431.97818496823,0,834.600452780724,47.4059225022793,6657.76450741291,35500.2094840109,7115.0540356636,1237.29727140069,17914.6219899952,4.33610394597054,21.8847255110741,131.817002505064,19701.9093459845,4091.15506398678,46830.9782093465,18510.6811407804,23366.6105728149,17019.5544434488,754.973563671112,432.696882545948,11.4184721708298,3364.86416441202,475.096330434084,1536.61805394292,1164.00124254823,227.312607973814,40.0086227953434,5.32369899749756,4.75165677070618,265.885877847672,1139.94623750448,1.54289090633392,49.8938888609409,4.79410165548325,572.159079551697,3.18160736560822,268.492379814386,0.399930119514465,102.788591116667,3.08385926485062,3.02434408664703,28.4655655324459,45.1311837732792,19572.7202951312,728.811850547791,165.291722387075,204.078916400671,0.492461651563644,3016.43402767181,1817.22963052988,24094.6355276406,2458.4087458849,9.10866126418114,449.243184477091,14062.1897781342,1739.33040812612,26.3092425465584,301.505714952946,0.548393458127975,0.866672217845917,3.43746793270111,360.322110772133,2719.16926828027
216.666845232248,4483.30362462997,48.0610530674458,4531.59906825423,395.128857046366,351.536139547825,3412.66389456391,970.767561614513,31335.2704285085,1732.02608036995,219.150706738234,502.209592282772,1265.35587891936,1471.59851559997,3340.39882776141,1847.08001667261,150.778294473886,86.1784857809544,67.3729984462261,3968.98068749905,295.932905822992,19308.8681822717,834.600452780724,0,2127.04287397861,295.912716686726,5938.46403089166,10852.8680996299,1974.67429617047,1092.28085660934,259.912858068943,148.37767881155,426.177626430988,1590.75073939562,904.833833068609,6402.77097192407,663.58072206378,2030.07656595111,806.201637148857,2115.37082728744,189.849184185266,105.655397593975,3418.87944960594,95.8573544621468,578.92218914628,341.471745550632,1252.27997949719,649.564667791128,90.0430591404438,29.5183657705784,102.950954735279,36.2688396275043,1866.46267846227,55.8562401235104,1659.66777047515,3572.37520563602,1897.02643665671,4888.25305843353,3130.0564365387,826.200127482414,1360.60334539413,71.3501322865486,2564.97338214517,161.915067076683,2364.50009968877,22.3238268196583,171.534583956003,14.9098282456398,870.66340893507,635.781511694193,1111.48622322083,705.640075623989,16906.9282822311,56.4311384856701,63.058533012867,632.140100568533,11596.4452429116,1274.37574452162,272.071463018656,14.0946146547794,288.271900504827,62.5302736461163,1469.72549399734,507.332477092743
4.03430306911469,7390.10554665327,7.69758182764053,0,4.28498035669327,5.67882829904556,14.7988485693932,6.43686074018478,713.163669019938,10.0930196344852,652.018743276596,7.70518982410431,5709.27030164003,8.49857658147812,51.0944401621819,419.419499635696,17.3013418316841,37.7734738588333,11.1759712100029,3.51963222026825,54.2978593707085,938.837091863155,47.4059225022793,2127.04287397861,0,202.595988422632,1502.5411734879,245.330973654985,16.9050612151623,9.77711674571037,279.879562139511,10.5844595730305,0,85.9202487170696,1.21705234050751,24.2307201325893,39.7194542884827,170.913802295923,11.9496883749962,93.0483360886574,0.734560549259186,305.397667646408,105.098038524389,476.384864896536,123.896099239588,55.9259307086468,2.27550202608109,2.43317890167236,864.372317910194,0,1357.82921335101,28.1181952357292,2.80854088068008,0.422380208969116,1.6265823841095,28.6637641787529,0.433431684970856,42.9187157154083,4.4160168170929,1017.32826155424,3.33398205041885,2480.94895470142,5.00077804923058,1.54683369398117,29.9210278987885,40.851295799017,12.2400366067886,83.3887455463409,2.51906549930573,14.0322436690331,124.464296072721,40.6066913604736,38.603405892849,1057.69741588831,359.516835808754,2687.09556880593,12.5447264313698,1.21963903307915,14.3753027021885,281.006920695305,5.20634931325912,0,35.5450371205807,4.62496489286423
348.242807984352,537.959494709969,24555.3028303981,0.923499584197998,7.20484358072281,71.994294077158,1199.71158081293,141.526419907808,86.7561313509941,401.567950993776,2155.69096210599,154.737704157829,1124.93156167865,659.072049736977,160.763859689236,203.433560997248,13653.9868988097,1557.62924793363,4003.64693015814,32.9195038378239,1153.0608176589,176.893929362297,6657.76450741291,295.912716686726,202.595988422632,0,41696.5599368215,494.953448027372,1203.67012101412,2267.37708964944,936.580544918776,160.902610749006,57.3261144459248,5908.17429286242,490.581537663937,8375.68340092897,13271.1672043204,4435.26318064332,3161.0803552866,84.7152907848358,31.3385662734509,127.188881754875,4050.53139930964,2231.99518093467,3333.74802064896,1738.63834667206,34.8598600625992,42.0961812734604,105.430023252964,31.6443696916103,1957.85561391711,2293.03173333406,0,2.82143747806549,0.358252942562103,1230.26843681931,10.8801554143429,59.8222407102585,1.35899591445923,1196.88839769363,5.78160983324051,3412.72011584044,63.6418017446995,2.23872464895248,236.927426457405,2038.20331907272,1225.56120070815,3726.84462350607,0,450.001307636499,234.087303489447,1741.88830643892,155.302609443665,323.707273870707,14660.1664637327,32943.089917779,225.9218557477,79.7961608171463,790.368736237288,4808.04107528925,1.19201052188873,4.1591175198555,834.529183000326,461.653515607119
359.892825186253,19398.2854287028,44308.3823850602,3.83023524284363,12.5981622636318,27.8960002660751,1496.64290040731,84.4030670821667,986.706799834967,126.217952370644,661.960285156965,51.5615555644035,4949.53439471126,474.639327049255,204.132079869509,9548.113322258,37914.9517428279,1205.47837531567,5106.79805833101,9.77196472883224,3723.88430961967,11870.576793015,35500.2094840109,5938.46403089166,1502.5411734879,41696.5599368215,0,3950.41846355796,838.617684721947,2682.85862767696,1676.48140344024,46.3278580009937,84.307875931263,9684.86675393581,2180.3592171967,33211.5603834093,15608.4603371918,10659.0380855501,10057.7449732721,438.850017994642,246.002044260502,62.3004607856274,10598.9360858202,2925.83118724823,6057.34833416343,3517.66895550489,273.716493308544,128.630922615528,77.3170916140079,41.1171302199364,13956.7642228305,13549.8801210225,3.22613257169724,58.825116455555,9.87559926509857,2443.13995620608,15.2333272397518,560.726497977972,2.53803509473801,715.185052797198,7.74094194173813,1386.63027021289,84.202365219593,49.1432220041752,8052.68093064427,7259.99432432652,1182.82030338049,4903.88744790852,1.68923473358154,1586.56084835529,3553.57773959637,17230.7476308942,1486.53961715102,529.420609414577,14780.0026458204,119001.688870579,1391.58304259181,108.84552025795,1126.68197104335,1721.75281774998,0.757255852222443,7.25047618150711,1715.11895534396,2114.19863849878
431.907779276371,437.602614402771,1113.73033127189,1120.687294662,163.472083628178,438.317797213793,60338.979685843,1493.57059848309,4829.96727991104,2987.15344658494,328.744888395071,855.598501324654,569.86695432663,2661.81267365813,1127.35192748904,2379.56684571505,1028.23433604836,153.190461874008,264.228152483702,1416.76107603312,6156.90100377798,1870.60706874728,7115.0540356636,10852.8680996299,245.330973654985,494.953448027372,3950.41846355796,0,4151.970389992,20795.4302965105,38.6477790176868,260.161920726299,1183.86578458548,8314.40369638801,2482.27838349342,19407.0856685042,1634.94027549028,9851.83633136749,3453.88895779848,1858.89732611179,441.488823324442,144.656291425228,3293.49930131435,104.059065043926,656.9266898036,418.319012105465,1819.7664720118,693.134828418493,119.116127371788,40.2047147750854,56.1401239931583,106.204574942589,2768.63972592354,69.2338244915009,2188.84616911411,4134.78717023134,2020.36373150349,2760.00275611877,4830.48663318157,537.957586854696,2572.1760558188,12.9851409494877,3014.92483127117,249.271200358868,2910.96806707978,61.9505621790886,44.0654781758785,8.21313312649727,1488.66660803556,846.285238832235,619.990812897682,1334.89247962832,12293.3837220967,13.2627830207348,27.0941268205643,726.062025010586,11876.0918976665,1218.97621721029,277.154740154743,0,315.376129209995,44.8934841156006,1681.97053131461,850.14787247777
12482.1766292155,55.3519209325314,145.031354218721,102.337970197201,33.1383748352528,656.774529635906,12079.126834482,2368.62298765779,187.55204936862,4802.99799272418,4704.33737128973,874.237076729536,1276.56976392865,23446.1322449446,147.401717245579,25.1310839951038,1916.02287271619,1806.38012567163,1524.9915458262,264.263754934072,495.461814254522,65.5938984453678,1237.29727140069,1974.67429617047,16.9050612151623,1203.67012101412,838.617684721947,4151.970389992,0,22425.5783090889,209.341280370951,3325.8832000196,4618.10452389717,12331.2723280191,337.794983357191,3786.07446202636,638.979120463133,4116.57902914286,764.220252245665,461.55997389555,224.312439739704,457.949481964111,586.394056856632,83.3430877923965,111.722197026014,56.3463561832905,151.514004856348,62.318197876215,58.4921472370625,1.68014287948608,46.8198307752609,47.169335603714,13.3127891719341,6.29106348752975,57.6247496902943,643.267591267824,63.0362395942211,241.349655658007,61.9619077444077,30.879036873579,55.5928627252579,67.3754869699478,117.23015743494,17.580975741148,116.905714958906,39.9844712913036,1.94097918272018,21.1880447864532,13.308123588562,83.3361529707909,30.1843531727791,29.1215332150459,2162.36725610495,6.54136615991592,56.8744561076164,277.583807051182,1762.44423082471,71.0472661852837,53.9700283706188,15.3987464308739,2.91965994238853,5.83967077732086,155.954233855009,107.208562225103
