0,0,0.0115868279807481,4.910398965559e-05,0,0.000389177306343853,0.709516713997123,0.029726987173261,0.000120869558323193,0.0116380926019525,0.000816759935028982,0.000239611744715857,0.000540081755381238,1.02593502971076,0.000134782212900937,8.53235290178297e-05,0.0445950566218795,0.00467109394793903,0.0333304050358775,9.61840146386504e-05,0.0177016917202113,0,0.0835408176013946,0,0,0.0379383554992603,0.0264627994916625,0.00302595481918933,0.545862792937863,0.463572449511295,0.000194408689507079,0.000129620985642362,0.0001295846548082,0.0451337302537699,0.000705665278904402,0.00600314903650794,0.00474770875692216,0.0237259991471893,0.00604965446999204,0.000505369295956456,0.000257512344093502,0,0.000273270634466171,0.000161456050133491,0,0.000108777954212379,0,0,0,0,0,0.000219305387081527,0,0,0,0,0,0.000178114919948113,0,0,0,0,0,0,4.59227583132506e-05,0,0,0,0,0.00015898148817265,0.00018215901584524,0.000282453251129114,0.000344056108620942,0,0.000101907292226696,0.00298133394882667,3.74526481249094e-05,0,0,0,0,0,0,0.000234959374239183
0,0,0.00160918306984165,0,0,0,2.84595419722914e-05,0,0.183287485721037,6.72650161015749e-05,0.000393286963115632,5.61797567069411e-05,0.0100897507637334,8.19945539176467e-05,0.00200881242575903,0.0328811679462724,0.00137300980088318,0,4.79307718306303e-05,4.3988734798479e-05,0.00707601946383873,0.0846478329127528,0.00357262980190583,0.398773098613218,0.122080617175814,0.00605204039238442,0.143157356883041,0.0486223907055128,0,0,0.00172065209781688,0,0,0.000880271528651715,7.03152505045414e-05,0.00262522022674284,0.00143307176386078,0.000384656309465098,0.000765578996655682,0.000598608264220429,7.81343609988691e-05,0,0.0077367950496154,0.00581048685027798,0.00280699727961901,0.00252847329256268,0.000122212620179081,0,0.000400100749660731,8.58062938375476e-05,0.0381935305678614,0.00905416546285284,0,0,0,0.000220578403820181,0.000130480984026194,0.00140533813205837,0,0.0014262253216883,0,0.00515881786300024,5.90974273601294e-05,0,0.00301578385718551,0.0054956660999423,0.000153007277986145,0.00286658208976637,0,0.000354203550638699,0.00394101684913375,0.00448694880266085,0.00506712790858237,0.00658836205018417,0.0271008711588862,0.59240958755108,0.00302646771000656,4.45262332311868e-05,0.000133059974011981,0.00203641342694921,0,0,0.000366039267642474,0.000934237903783247
0.0115868279807481,0.00160918306984165,0,0,0.00080362336867156,0.00213535817266566,0.380553447749459,0.0492931468869434,0.000257397418661714,0.00373956027422279,0.00105910270605865,0.000401757668379903,0.00576248279718686,0.114822129949788,0.000598530917722129,0.00254699104362634,0.893809464347011,0.00517083516508361,0.0184625997541679,3.7814538982296e-05,0.290394259642356,0.00509109382716864,2.16110143184066,0.00160021151123241,0.000326609746078396,3.24816685189882,3.8190125681176,0.430558494019891,0.0163110103038308,0.0675033673528916,9.90877823568341e-05,0,0.000614816940150273,0.20730452658502,0.0282600509331746,0.309863203544372,0.20816164014327,0.172760482351456,0.11761011255874,0.0039191195036272,0.00296482959148,0.000115360590533352,0.0826093288302806,0.0451742376862885,0.0374883673201958,0.0339311359894272,0.00130432946911843,0,0.000120778331177378,0.00114231056407715,0.00282666361414717,0.393244810263624,0,0.00036895837138114,0,0.0145520582700596,0.00188918337787326,0.000458234477184189,0,0.00152871606469042,0,0.00109983827218983,0.00368864066556109,0.000211562161026287,0.00323763522648312,0.0882067511266534,0.0030591677229326,0.00981293636518782,0,0.0040041874976803,0.0108233675346353,0.112758378794829,0.00322150924381994,0.00117838409141936,0.102954056602809,1.38186437381416,0.0062650061547702,0.00132943065885263,0.000732190449677109,0.000740227271040308,0,0.000160856073185718,0.00656904937351534,0.0363662692020792
4.910398965559e-05,0,0,0,0.00178721612561765,0.00106622817420821,0.000532413780800426,0.003721813433996,0.122913673131438,0.22029955082857,0.00147232418458785,0.991991206686929,0.001798651987257,0.00294537605342961,0.0582563534249843,0,6.04118765389443e-05,0.000382429004895949,0.000327225304209018,2.11209169475485,0,0,0,0.0268098212358394,5.45599711714983e-05,0.000978421796741507,0.000379345225594818,0.357409469873825,0.0022347490113691,9.51674667104725e-05,4.28384998311281e-05,0.000149503383994019,3.18898694240809e-05,0.00331889925226338,0.00056689485375371,0.00781603387153884,0.000120075555420029,0.00323986279181588,0.000718859716953123,0.0152107519370087,0.000850754166780993,0.00012101304739958,0.00313361587160139,0,0.000199385465515101,0.000216952358792663,0.00175677070383229,0.00041037268067137,0,0,0,0,0.024354667596194,5.86306738717794e-05,6.02641639835835e-05,7.45519370428324e-05,0,0.00780729686199559,0.0100969824183907,9.47750887982723e-05,0.00823450804740597,0.000139126639384889,3.47230860990524e-05,0.000257922810530949,0,0,0,0,0.0113613549503719,0,0,0,0.0265450707937758,0,0,0,0.0203713579831174,0.000257287171373654,0,0,0,0,0.000117042123554254,0.00034495400687809
0,0,0.00080362336867156,0.00178721612561765,0,0.186715127383427,0.00505395062521315,0.00413177669351311,0.00482129571036902,0.00538562407518894,0.00373221512721917,0.0377226744990172,0.00353720856693194,0.00084911515828717,0.324809330776409,0.000955461984395289,0,0.000307402888173771,7.2477707398653e-05,0.000730843627921998,0.00703732767372816,0.000173717319975329,0.0218412833274848,0.00289097360799444,0.000156176095197677,0.000723313080220842,0.0030608888541334,0.00876041581626914,0.000372450990133095,0.00312807570578587,0,0.0273344762160881,0,0.19217995356859,0.193766331782074,0.00913394191470509,0.0033925618383007,0.00407815102721038,0.00461736380012138,1.00766976109742,0.511752804560026,0.000603231259787941,0.00106473179672248,0.000763326681067512,0.000230665604986667,0.00290212118097672,4.67754374860287e-05,0,0,0,0,0.000349100393430066,0,0,0,9.66663091923714e-05,0,4.89600927181721e-05,2.75578258684516e-05,0.000194642864143324,0.000109588157890558,0,0,0,0.000370773865577316,0,6.12141280414104e-05,0,0,0.000520433750083208,0,0.0010898471367828,0.000778187873303852,8.17053425585747e-05,9.93693624800209e-05,0.00230969007680838,0.000584127726677609,0.000101544585647249,3.60948274944782e-05,0,0,0,0,0.0968338632596869
0.000389177306343853,0,0.00213535817266566,0.00106622817420821,0.186715127383427,0,0.195619119807965,2.22898047125391,0.0149647283405348,1.63198928771258,0.0550076044400956,0.292602392889885,0.0838115795606706,0.113937118057428,0.18843580868454,0,0.00194957119506893,0.0254386752595701,0.00958513046778437,0.0101270072039579,0.00120429630278255,0,0.00624580768141856,0.000353106963883674,0.000269188386847114,0.046232912342196,0.0131896234141874,0.0313645068160888,0.0272801803427342,0.00637719692292632,0.00168690396227844,0.0100011547940574,6.68389818537712e-05,0.0987704472769728,0.0489829327107542,0.0962866346735988,0.00540751179695819,0.0551793582992421,0.0159790565797786,0.40461758836731,0.207334548192392,0.0108525581663896,0.00802144128703969,0.000577240335703444,0.00137280590825687,0.00419518437395187,0.00247575123011403,0.000741738235686922,0,4.18529292824984e-05,0,4.43120861316442e-05,3.93716677027702e-05,0,0.000627639344305825,0.000269197092339921,0.000317444631779766,0.00126808567205426,0.000437043413256848,0.00354757109435249,0.000494546502935314,0.000956531086220134,0.000277573742176151,0.000139677425617933,0.000226135844667638,0,0,0,0.000257219430782675,4.9359529077816e-05,0,0.000259984893494177,0.0102809956574,0.000417245341844726,5.61616258354664e-05,0.000194015767780173,0.0105198912427219,0.000797671996473992,0.000583634850024593,0,0,0.000362609165294313,0.00467839882145186,0.00240394295416195
0.709516713997123,2.84595419722914e-05,0.380553447749459,0.000532413780800426,0.00505395062521315,0.195619119807965,0,1.42684829925457,0.0353387742727093,1.46116462117996,0.0363065517056009,0.0089031213247557,0.102387739147663,3.63758427049751,0.0299111875224182,0.000633768367841363,0.113712329368828,0.0335772926157381,0.0452364069836305,0.00294076960409318,0.178767587218722,0.000505619158755493,0.808859280475505,0.0113690006753534,5.14712863942623e-05,0.354320174804992,0.135182082270812,4.13492029414144,1.04618285885044,0.976976935547301,0.00099796137118175,0.0175152632396192,0.0274989531123428,0.301898532068597,0.149845951949237,0.748486362929131,0.0563926268872059,0.455456396678815,0.0990933052810493,0.0553569798388399,0.0649465838110949,0.0064355024535509,0.184938577438882,0.00403363726605746,0.0263016130956173,0.0189609322906345,0.0559434043936767,0.012396207088734,0.00203805159074724,0.00241821494990846,0,0.0193509491465919,0.0114730914750066,0.000465156277811051,0.00223709470930317,0.00524909727573485,0.0113229517966032,0.0292828141552969,0.0548359454877593,0.00503227942416092,0.0150572878502114,0.00352827091873567,0.014139579863066,0.00372862399331283,0.0185577495758741,0.00287760983852701,0,0.000332990881220508,0.0150618969606739,0.00753045235974006,0.00298645754366178,0.0265416600235948,0.298491466874824,0.00013121481294055,0.0033403264744134,0.087990000240066,0.325811673874415,0.0284468438453977,0.00874469031302006,0,0.000126025806556952,0.00147865482296844,0.0189897580405506,0.0448833160778819
0.029726987173261,0,0.0492931468869434,0.003721813433996,0.00413177669351311,2.22898047125391,1.42684829925457,0,0.00527299073546895,1.07958291738341,0.0896396250979736,0.183208841426771,0.112466977750239,2.64218807916941,0.0288973896585259,4.83593067345858e-05,0.0763779076354343,0.0353277086731078,0.0674843372035642,0.0340199535591388,0.0269322737964279,9.33031540006163e-05,0.203175907814594,0.00117108233369736,0.000111286723009777,0.149019127218654,0.0713346884824891,0.0910196083083904,0.0802291601646547,0.205731175160871,0.00213174714049004,0.00322787008397549,0.000886232640481529,0.219722492034486,0.00919227318069203,0.226731877670569,0.0154611405647493,0.115361755983987,0.0370828434574921,0.433237759927334,0.106518290553093,0.0121919488941198,0.0340300522227603,0.00109414724682565,0.00532828425918995,0.00807113732598359,0.0141591493116552,0.00212881348079297,0.000326525731163693,0.000202223890776015,0.000134299860399747,0.000418611810020494,0.0014643613298254,0,0.000661268939381933,0.00123560717001379,0.00148435846082207,0.00317812321618651,0.00630026028484545,0.0059007755301501,0.00252234265987052,0.00271762325150876,0.000935674056018946,0.00125049578031786,0.000906632184331873,0,0,0,0.00121447316874194,0.000866132531261002,0.000404625408373761,0.000691209881648028,0.0510203395579052,0.000286066398387337,0.000142658486344445,0.0051109100093935,0.0680726844598719,0.00321380716046752,0.000961781073399602,0,0,0.00067826856037159,0.0081811924580086,0.00260653982159188
0.000120869558323193,0.183287485721037,0.000257397418661714,0.122913673131438,0.00482129571036902,0.0149647283405348,0.0353387742727093,0.00527299073546895,0,0.529177317797746,0.00258164171321944,0.318944763124808,0.0525496012827065,0.0077430129779405,0.168586108718822,0.000559744104906535,0.00202201251368595,0,0.000551837393440687,0.100204681834801,0.000663933551210308,0.508563362950635,0.000488252115153933,1.91222404617473,0.339107066550061,0.0195850751091917,0.426414822997738,1.19423827971333,0.00453249335790426,0.00046358124332273,0.0131431172496737,0.000123464120576835,6.47792435342789e-05,0.00866036533924132,0.00115012699115793,0.0235968760439697,0.00251451336176543,0.00686905228523631,0.00105637052302422,0.0206361342385495,0.00142253639474218,0.000353650397474432,0.0193232131300283,0.00226045724095601,0.00351087326104062,0.00239582844530189,0.0459879547384424,0.000803127964617409,0.000590334337416315,0.00037592198110671,0.00228556603295235,0.000461518371382427,0.126619286980571,0.00173257514834232,0.00498693985808824,0.000934488388403197,0.00272494273446996,0.407631572289194,0.215669314061783,0.00621548636751004,0.131354166742927,0.0078253994261319,0.00211326059859581,0.0393193489925928,0.0162778357211944,0,0.00127361487911195,0.000143609829997778,0.0707383603709292,0.00315888021689137,0.0226753677994183,0.00530087557896234,0.527055078952066,0.0153780238380404,0.00685119162949463,0.0299570378642255,0.253624263543066,0.00447155212009448,0.00178070696222956,0.00140319876723056,0,0.000314637656393147,0.00229938227631458,0.00132617656525457
0.0116380926019525,6.72650161015749e-05,0.00373956027422279,0.22029955082857,0.00538562407518894,1.63198928771258,1.46116462117996,1.07958291738341,0.529177317797746,0,0.108424129428684,0.371591701253613,0.179744112370295,0.610500348293874,0.0486151628932185,0.000354702527377176,0.00290186795499575,0.0697262311467461,0.0381525441248505,0.78898854604109,0.0019940931892199,0,0.0131143847818098,0.0162518204992905,9.64626706434132e-05,0.14897594094486,0.0388007599600601,0.518815810169073,0.397846944361268,0.0147274415307292,0.0021925630557549,0.0335513705332465,0.00128058075324629,0.326118351529959,0.0993095774234797,0.883172242877061,0.0147075359845926,0.284495911772377,0.0281512224710569,0.106983779039285,0.0726553689309194,0.0164074643024127,0.122850198702202,0.00147255226359613,0.0134849280788664,0.00906978840353969,0.0672193224029194,0.00740679040204737,0.000190376455011058,0.000195148404547012,0,0,0.118146096991245,0.00145541269724067,0.00978272757634865,0.00482612330061872,0.0105113605439975,0.124011007607169,0.308676245534332,0.00539606575662306,0.111961248861265,0.00375853184980302,0.00475299075562063,0.0209569554470463,0.000517652904547501,0,0.00112930257423791,0.00011027579152857,0.112976903787748,0.000547516442367828,0.000233958590251255,0.000206391272141671,0.592787928812262,0.000144439323496807,0.00122430328373453,0.000547424027298903,0.495064504072946,0.00825558237838631,0.00108960165124641,4.35002866693258e-05,0.000171214241173613,0.00016597535093441,0.00939212678151974,0.014469468655814
0.000816759935028982,0.000393286963115632,0.00105910270605865,0.00147232418458785,0.00373221512721917,0.0550076044400956,0.0363065517056009,0.0896396250979736,0.00258164171321944,0.108424129428684,0,0.0462378545881989,0.822335421687718,0.101064141643715,0.000575452743213475,0.000549079804898691,0.00307369057995761,1.29157206041287,0.177072820491447,0.00717898044832108,0.00184381845086801,0.000304938328837538,0.0105745752192479,0.00161424773210103,0.199884608224043,0.468694622322212,0.0465677735091732,0.0134591316175721,0.0838090183516432,0.00806385759721464,0.012725261215057,0.0821204801281054,0.000291548995621395,0.760194442025545,0.0138315176040178,0.190213145421986,0.279101405261785,0.203446054877678,0.0903962730658171,0.0232912257301848,0.00257520976706222,0.233385390753018,0.00293767966675912,0.148031233954948,0.00219339770212115,0.00235942558466474,0.000742019383432841,5.35413170757055e-05,0.0336625168695982,0,0.00541400981660228,0.000129643491547728,0,0,0,0,0,0.00334964343113891,0.000143206609222674,0.171303366185849,4.92587985471249e-05,0.247321413739626,0.00034569250279243,0,0.000197403035805178,6.7694825849843e-05,0.00228705113519791,0.000419634302021718,0,0.000170036273884964,0.00131849322790829,0.000367872357810414,0.00285311371397409,0.0986191087100159,0.065481521529557,0.108501486738643,0.000820044152395794,0.000265213966094923,0.000162542462650251,0.0452423815058418,6.27078488585711e-05,0,0.00790451848400982,0.0113203662474097
0.000239611744715857,5.61797567069411e-05,0.000401757668379903,0.991991206686929,0.0377226744990172,0.292602392889885,0.0089031213247557,0.183208841426771,0.318944763124808,0.371591701253613,0.0462378545881989,0,0.0506524378229569,0.0990859482704158,0.491264372660253,0,0.000576084981300103,0.0230127476642687,0.00990472035943249,0.51497077717622,0.00046088805893476,0,0.0014281227491478,0.0428524213717273,0.000314948214708209,0.0468296124542177,0.0135468594405587,0.890029414047916,0.0448740943377626,0.00094111535899527,0.00123170913516917,0.0037844877334989,0.000172722034310686,0.0838921522486326,0.350604596338105,0.105515298549303,0.00545190845073423,0.066174116128376,0.00731881262934057,0.14668075960261,0.0195762690931282,0.00686731625484979,0.0120243134484991,0.000401297407236802,0.00200470425779145,0.00329029777911011,0.00554658208242971,0.00128186113377098,0.000216531807266903,3.95945827000856e-05,0,6.74116856024981e-05,0.01222314572519,0.000145569412803769,0.000371992355976617,0.00133221919357169,0.000658678963893318,0.0212776450590703,0.0271993551843373,0.00137825824131099,0.0231106356598861,0.000744947128030598,0.000607900747055388,0.00208503967538486,0.000225703097428453,0,0,4.71399448945046e-05,0.0265745692937455,0.000225935921442926,6.16810107971907e-05,0.000170778612162232,0.0824600159619623,9.52765862516405e-05,0,0.000245244287711573,0.0634322615053841,0.000459582954899657,0.000148087372961211,0,0,0,0.00239913415672211,0.0834054269266994
0.000540081755381238,0.0100897507637334,0.00576248279718686,0.001798651987257,0.00353720856693194,0.0838115795606706,0.102387739147663,0.112466977750239,0.0525496012827065,0.179744112370295,0.822335421687718,0.0506524378229569,0,0.0785231151081625,0.0162889566227398,0.00359378155961937,0.00436585987527969,0.0126717286101604,0.0107602227529472,0.0122229367621602,0.043820042872438,0.00577566495705846,0.0393263494123336,0.0379016788502058,0.654306422046384,0.107809189900663,0.17128157442063,0.202615156954882,0.0304636801434894,0.0655039916857922,0.074372610144889,0.0434071365434464,0.00123610668833823,0.18202636673661,0.0538962660090923,0.595953997998813,0.222147098579054,0.368937647714809,0.236578643427019,0.441712780461596,0.149706668343532,0.391796143146529,0.114858451042089,0.165091668780446,0.0544630488593039,0.0963571019225428,0.224914584880798,0.0184502994678496,0.0230207433317853,0.000862421441636839,0.0149716185553337,0.0019703180894195,0.000947690624843967,0.000957047208723114,0.0135261505530614,0.00681459884157113,0.0202777392984631,0.00713049533986057,0.0187238802304823,0.312208161903811,0.0099017063756287,0.427640619685808,0.0190496466737341,0.0027291397425934,0.00278989705067985,0.000970080702134862,0.00741800781287325,0.00188862026443062,0.00660323615133355,0.00322821213005358,0.00196745301278045,0.00388737136702546,0.0381408453733754,0.395295359946603,0.161325580886056,0.290230820480516,0.0936440350047249,0.0199798017192211,0.00480363329737545,0.101621749695714,0.00309675218817644,0.00206402667065652,0.111447523228289,0.0387801688039893
1.02593502971076,8.19945539176467e-05,0.114822129949788,0.00294537605342961,0.00084911515828717,0.113937118057428,3.63758427049751,2.64218807916941,0.0077430129779405,0.610500348293874,0.101064141643715,0.0990859482704158,0.0785231151081625,0,0.0035091480690595,0.00057641142836535,0.251555189852925,0.0646703930922406,0.179371122185652,0.023442178703541,0.0957650295711538,0.000157356614403701,0.589694094892043,0.00113621976358351,0.00022659380128448,0.340214686723784,0.183781993490547,0.074673466486871,1.12614092393142,0.916080402063369,0.00237565241375354,0.00225893476036435,0.00179501814829493,0.459997812355582,0.0103354157768131,0.211434792695003,0.0300624636710364,0.145699406690288,0.0505232960227637,0.0618095995578858,0.0201683540547781,0.00328344393526286,0.0395178772768626,0.00145279763718434,0.00334228883869789,0.00277313016232596,0.0130686066804373,0.00213859855722985,0,0.000468658172615504,0,0.00360436015086342,0.000979986870951447,0.000246273604141617,0.000187933086618399,0.00137705831861792,0.000929204918730533,0.00275440123508492,0.00209949529551612,0.00312164231762818,0.00260118723396148,0.00227185288705205,0.00120385637674349,0.00124470696860014,0.00103212507030614,0.000531543795393229,0,0.000134419611072683,0.00203711348140427,0.00115106375210787,0.00129957680494582,0.00231882098427045,0.0405036889872561,0.000372940548179149,0.000302051426061511,0.0199009037643677,0.0841640505287978,0.00334115429189333,0.00130717366015249,0,0,0.000484052644263076,0.00294903620945749,0.00402482201628771
0.000134782212900937,0.00200881242575903,0.000598530917722129,0.0582563534249843,0.324809330776409,0.18843580868454,0.0299111875224182,0.0288973896585259,0.168586108718822,0.0486151628932185,0.000575452743213475,0.491264372660253,0.0162889566227398,0.0035091480690595,0,0.00168976341578426,0.000560496147156072,0.000282086040248346,0.000310902469536972,0.0212834131144505,0.0332521117338869,0.00200367710770524,0.0464228473779063,0.105828764208111,0.0020675484793315,0.000981544536800382,0.00935558242207889,0.187542249852563,0.0026688577018157,0.0350456591353073,0.000122652316657019,0.00544273664127421,0.000329480396818185,0.00360944051242935,0.229834368635053,0.0179703550405865,0.00548576828001871,0.00400398744295942,0.00415095309779415,0.867452152554513,0.00323715697710847,0.000796792957889176,0.00305659679878871,0.00115553484507228,0.000907487386448286,0.00409991693448529,0.00120209003760205,0.000292196340167379,0.000226192425913381,0,0,0.000743233320498347,0.000695022408316255,0.000230886514110065,8.53935473900792e-05,0.000237209786475873,0.000254283174593257,0.00492075447910709,0.000858432099411442,0.00137986924111867,0.0011003246520401,0.000539188588757789,0.000194873261050356,0.000302207839652181,0.000747567860252631,0,7.23367479521513e-05,0.000190937163633752,0.000614697543848395,0.000517581054143739,0.000279315683204484,0.00138206360700933,0.0159449007860262,4.68586946261406e-05,0.000525602325526571,0.0022706020352202,0.0106084905889523,0.000447579393052626,0.000131358879262876,0,0,0.000151168934657288,0.00133224317045126,0.0881469513447699
8.53235290178297e-05,0.0328811679462724,0.00254699104362634,0,0.000955461984395289,0,0.000633768367841363,4.83593067345858e-05,0.000559744104906535,0.000354702527377176,0.000549079804898691,0,0.00359378155961937,0.00057641142836535,0.00168976341578426,0,0.00406933933006621,3.39898032281518e-05,0.000897394662442278,0,0.88412805942865,0.628757089050146,0.467994571114434,0.269690818545175,0.00810651576006553,0.00777726331744568,0.606065976428684,0.171473261716476,0,0.00324189416262066,0.000309154760506749,0,0,0.00766880607795663,0.0221930435097309,0.177480837830389,0.0382947954299333,0.0473022801280915,0.0610378176212407,0.00213333658383934,0.000602890421691703,0.000112557457509661,0.0476834771675729,0.00815261498179367,0.0205283207954384,0.0207945987461509,0.0021347451887399,0.000154509650806141,0,0.000868861645308355,0.000137390274686051,0.0193638274945711,0,0.000183759531618571,0,0.00280002727561314,0.000992117533884956,0.000530855693717968,0.00018391709747237,0.000402441828512913,0,0.000405202478241384,0.000819398755776258,5.9603424657321e-05,0.865662058171436,0.00114341869129345,0.000336158698838204,0.00115619901778607,5.40401021417856e-05,0.07421892874394,0.163708636329648,0.642404845056495,0.0321664496747351,0.00038776638800205,0.010976538759383,0.328304535883251,0.0418794428570911,0.00192304623156986,0.0115558310327852,0,0,0.000164525277933717,0.00276998641073779,0.0243249250415446
0.0445950566218795,0.00137300980088318,0.893809464347011,6.04118765389443e-05,0,0.00194957119506893,0.113712329368828,0.0763779076354343,0.00202201251368595,0.00290186795499575,0.00307369057995761,0.000576084981300103,0.00436585987527969,0.251555189852925,0.000560496147156072,0.00406933933006621,0,0.0321108213684284,0.61467253471713,2.68288623127222e-05,0.0746376327216383,0.0014875219892127,1.02322136524533,0.0113020425156152,2.97893026553512e-05,1.21082923336506,1.5778998172493,0.0462290621897906,0.0610845145399066,0.195154518040626,0.000747823348413635,9.14823776697875e-05,0.000723140508201384,0.256402327306078,0.0153914896708302,0.182365139366644,0.14912914052375,0.0900378881550998,0.0788402431929786,0.00232986610167048,0.0015047706327631,0,0.0134135087663834,0.00918933501446494,0.00455254976358961,0.00490292200812271,0.000378173097628021,0,0.000109170115935945,0.000183581909254336,0.00311815507238958,0.0440588046882571,0,0.000109412505740261,0,0.000680866173782337,0,0,0,0.000291452880829465,0,0.000585879393965697,7.31217043639422e-05,0,0.00241974698960371,0.0201385608696424,0.000305539556113386,0.00298893564264697,0,0.00117971732895055,0.00167805335563774,0.00763968589249429,0.00103506015863119,0.00104197890364345,0.0568777156010079,0.309925470856515,0.000808206471864331,0.000533971266120708,0.000306104058066535,0.000618827181353152,0,0,0.000240686959998656,0.016135125659374
0.00467109394793903,0,0.00517083516508361,0.000382429004895949,0.000307402888173771,0.0254386752595701,0.0335772926157381,0.0353277086731078,0,0.0697262311467461,1.29157206041287,0.0230127476642687,0.0126717286101604,0.0646703930922406,0.000282086040248346,3.39898032281518e-05,0.0321108213684284,0,0.366736798498648,0.0049578775220297,0.0063136260557293,0,0.0208641656362989,0.00027781812893939,0.000132664186114121,0.147874490915088,0.0331376671212208,0.00886066675142136,0.0433752055402346,0.0128861833438996,0.000175591697714758,0.0134716312387254,3.45757747184753e-05,0.311120420337338,0.0189037345729726,0.233832736626686,0.0821148061281539,0.145263700042672,0.108340702963839,0.0100041566690689,0.00146961957340479,0.000328241386328697,0.00128649410298936,0.000782572613396074,0.000434421773934054,0.00142390633085108,0,0,0,0,0,8.28557313095927e-05,0,0,0,0,0,0.000329676580202412,0,0.000619230558140671,0,0.00244812166750801,0,0,6.35037127669811e-05,0,0.000243050548099327,0.000110388686570203,0,0,4.75233610077858e-05,2.56993101342201e-05,0.000423436703484154,0.000413693687994599,0.00799676250537898,0.0209738286132867,0,0,0,0.00132583887638038,0,0,0.000242663855725312,0.0160295200170513
0.0333304050358775,4.79307718306303e-05,0.0184625997541679,0.000327225304209018,7.2477707398653e-05,0.00958513046778437,0.0452364069836305,0.0674843372035642,0.000551837393440687,0.0381525441248505,0.177072820491447,0.00990472035943249,0.0107602227529472,0.179371122185652,0.000310902469536972,0.000897394662442278,0.61467253471713,0.366736798498648,0,0.00259350339514672,0.0285122578633347,0.000229423790731192,0.112126742795773,0.00364706928519929,0.000317579266037178,0.75723399030738,0.37343618325426,0.0241412113753476,0.0708282698069058,0.0856910808704194,0.00082090099041383,0.00171272415974748,0.000795547952065416,0.414831760797881,0.0177412614679636,0.362957594805381,0.218060927430496,0.164664687543964,0.101148193183447,0.00386684826134174,0.00212951674018881,8.05833369235041e-05,0.00186124595373823,0.00163455987668162,0.00040429513231808,0.000870807414329288,0,0,0,0,0.000657756232917058,0.00299716879672056,0,0,0,0,0,0.000254200835697651,0,0.000196796192082357,0,0.000672545946950686,0,0.000393272420529723,0.000342227687681734,0.00187430518251234,0.000106473517104816,0.000508114577347589,0,0.000115753309444118,0.000211693857792783,0.00117936780764899,0.000440862779955137,0.000351220704684401,0.0148706442864452,0.0566981194189484,0.000119518062881851,0,7.80002527261737e-05,0.000342990884819007,0,0,8.56275749289034e-05,0.0185956228200998
9.61840146386504e-05,4.3988734798479e-05,3.7814538982296e-05,2.11209169475485,0.000730843627921998,0.0101270072039579,0.00294076960409318,0.0340199535591388,0.100204681834801,0.78898854604109,0.00717898044832108,0.51497077717622,0.0122229367621602,0.023442178703541,0.0212834131144505,0,2.68288623127222e-05,0.0049578775220297,0.00259350339514672,0,0,0,0.000350814978795648,0.0222478133376604,9.74460681619645e-05,0.00977142152372551,0.00376210371840475,0.702276728952121,0.0157732189310672,0.000128198945844054,0.00029101442353586,0.00149354992561774,4.69741616438865e-05,0.0167211355309806,0.00171101377557339,0.0416960127479174,0.00144494727071685,0.0158884435400645,0.00186195238464361,0.0109511212277306,0.00325254509013572,0.00096469257710487,0.0106778492872177,0,0.00116330102278265,0.00040855676747042,0.00582385205728838,0.000803436748848426,2.56123688723445e-05,0,0,0,0.0156660354950652,0.000127508555243778,0.000319762764548695,0.000323606203962755,0.000163079796155548,0.0128626047016195,0.029593687212036,0.000443481715805638,0.0108157785736568,0.000455175568490899,0.00051307447504096,0.00135431177301548,0,0,0,0,0.0101034553668395,0,0,0,0.0501919550731348,0,0,0,0.0462982472573808,0.000696934422936642,0.000130563568084168,0,0,0,0.000532269295473326,0.000428557630506956
0.0177016917202113,0.00707601946383873,0.290394259642356,0,0.00703732767372816,0.00120429630278255,0.178767587218722,0.0269322737964279,0.000663933551210308,0.0019940931892199,0.00184381845086801,0.00046088805893476,0.043820042872438,0.0957650295711538,0.0332521117338869,0.88412805942865,0.0746376327216383,0.0063136260557293,0.0285122578633347,0,0,0.017660026723485,4.34595642767047,0.00703277287787387,0.00218274082384681,0.142236752661349,0.331341380463791,0.768854927766251,0.0511798779858864,2.17000215105785,0.000199979320089924,6.76687762338877e-05,0.00439069362184433,0.931195801966523,0.377539815316862,1.4461875992126,0.228548209548667,1.72628962854514,0.559640397752557,0.0357462542112827,0.0107241047375503,0.000122195400865865,0.0603737289691728,0.0105892004025877,0.0128769995549148,0.018870977080615,0.00664729811613129,0.000991969023437524,6.12060733432531e-05,0.00499715583858905,0.000349290438840103,0.012061652548559,3.32049604825496e-05,0.000326581819855952,0.000108236270189428,0.00289166549631391,0.0064433082584149,0.0049017008409961,0.000392396067587208,0.00205767119398496,0.000240724683800816,0.00110276933985205,0.0103116935674504,0.000154707496836972,0.367370534924062,0.0019648899917798,0.000281670795373475,0.00151814392121665,0.000250577376018739,0.217586609666789,0.0453861616523653,0.278050087664429,0.0978733112140253,0,0.00496090490841436,0.111625350488087,0.10610361927347,0.0153547144865626,0.0733218290185125,0,0,0.00142729614633596,0.00530282541099234,0.155847949808017
0,0.0846478329127528,0.00509109382716864,0,0.000173717319975329,0,0.000505619158755493,9.33031540006163e-05,0.508563362950635,0,0.000304938328837538,0,0.00577566495705846,0.000157356614403701,0.00200367710770524,0.628757089050146,0.0014875219892127,0,0.000229423790731192,0,0.017660026723485,0,0.0246889077579785,1.14115593247264,0.0632475197820001,0.00520562302085149,0.330882949598177,0.116459903903997,0,0.000181181060931254,0.00215706371873687,0,0,0.00203590249520217,0.00142449792547462,0.0085847180167391,0.00280967227073054,0.00242300455336364,0.0016588893654875,0.000374284033497309,4.41298992898702e-05,9.58680159477714e-05,0.0209493610612933,0.00530011632448169,0.0111393286287511,0.00808433116004137,0.000573123373093104,0,0,6.42985001897216e-05,0.0055985152480387,0.0368086078884623,0,0,3.95491206820965e-05,0.0033951654916207,0.00141143486993882,0.00562227342940697,3.51637966576934e-05,0.00106417358987031,1.81756470381021e-05,0.00142556509274551,0.00145513784125261,0.000141084969634056,0.225536319705664,0.00550934250937617,0.000779596191810186,0.0011610205915284,0,0.00553804093755966,0.214081956502646,0.116214760763592,0.0193520351690776,0.00277409846675766,0.0059967463471362,0.924876910202019,0.0183642954327324,0.000657592462226605,0.000804157729025958,0.000881036823041602,0,0.00024674971837492,0.00257038756146961,0.00238699367169266
0.0835408176013946,0.00357262980190583,2.16110143184066,0,0.0218412833274848,0.00624580768141856,0.808859280475505,0.203175907814594,0.000488252115153933,0.0131143847818098,0.0105745752192479,0.0014281227491478,0.0393263494123336,0.589694094892043,0.0464228473779063,0.467994571114434,1.02322136524533,0.0208641656362989,0.112126742795773,0.000350814978795648,4.34595642767047,0.0246889077579785,0,0.0546952488464008,0.000949597330584718,0.882294345687999,2.96125643121358,1.28000219446081,0.0971977606194997,0.861703476648859,0.000458748181494725,0.000444190981679487,0.00193081146206199,0.994465254339463,0.437104167513777,2.34674819432389,0.954205227139123,1.92625872817478,1.60231729827018,0.0572936507037803,0.0211543374657503,0.000650102466609835,0.162368626005294,0.0319140369976296,0.0672955011750301,0.0933650850057087,0.00572296641905336,0.00106646869186354,0,0.00140252682732721,0.0012920351647619,0.197435128201005,0,0.000791265714359185,3.82486635882378e-05,0.0188685159067483,0.00195192160457796,0.00053806428082521,8.89231633720875e-05,0.00227016522497195,0,0.000340623744092751,0.00486845013321571,0.00153853180425327,0.932126243109807,0.0225309166791541,0.00297755307707763,0.00725116819995856,7.39204634170413e-05,0.10463304907407,0.0997488438108472,1.2239879058594,0.0347334277854429,0.000255740820882368,0.0362486633733495,1.47815898793778,0.0639757478662272,0.00211341713031017,0.012049692523091,9.32450092875894e-05,0,0.000352387138198018,0.0143949339202544,0.360933231623651
0,0.398773098613218,0.00160021151123241,0.0268098212358394,0.00289097360799444,0.000353106963883674,0.0113690006753534,0.00117108233369736,1.91222404617473,0.0162518204992905,0.00161424773210103,0.0428524213717273,0.0379016788502058,0.00113621976358351,0.105828764208111,0.269690818545175,0.0113020425156152,0.00027781812893939,0.00364706928519929,0.0222478133376604,0.00703277287787387,1.14115593247264,0.0546952488464008,0,0.293432230216877,0.0161560600204723,1.10652940575633,0.446308331947435,0.00102613209851226,0.00267307594322894,0.00974014609805772,0,0,0.00991472113194932,0.00698496745310441,0.0582910461755834,0.0147001247306709,0.0154746340719129,0.0100240579516091,0.0149644120253616,0.00093010885912567,0.000214550280200243,0.25437083607085,0.0129909216084513,0.0446423757269749,0.0238542991355888,0.0706138627505609,0.0184761804834159,0.00581193719518603,0.0117833010867184,0.00448899573236101,0.00719908870138972,0.0138806683104769,0.000199798530673647,0.0036367841889695,0.00920942705784352,0.0311055290741179,0.35144748364122,0.0386444072744088,0.0108437865154039,0.0108543053962388,0.00766892641924805,0.0384462100306556,0.00180333869383767,0.299996539665748,0.00138151740085507,0.00033848113977856,0.00233912439215575,0.0109793202267396,0.0965743529515046,0.122271979286066,0.163051848200575,1.11513707899866,0.0140528110706874,0.011421391010831,0.171522496988351,0.83903075379702,0.0860570247542995,0.0763480108558253,0.000294353764546704,0.000590793914333534,0.00732213404675359,0.0312678075704467,0.0214747180015772
0,0.122080617175814,0.000326609746078396,5.45599711714983e-05,0.000156176095197677,0.000269188386847114,5.14712863942623e-05,0.000111286723009777,0.339107066550061,9.64626706434132e-05,0.199884608224043,0.000314948214708209,0.654306422046384,0.00022659380128448,0.0020675484793315,0.00810651576006553,2.97893026553512e-05,0.000132664186114121,0.000317579266037178,9.74460681619645e-05,0.00218274082384681,0.0632475197820001,0.000949597330584718,0.293432230216877,0,0.0228779879149269,0.262378099825433,0.0242960361556326,0.00018479928305049,0,0.0172651100011831,0.000162308377163959,0,0.024873867328185,5.31588459519148e-05,0.00206838253062182,0.00604822626101706,0.00264016940552424,0.000253514510335183,8.626304470129e-05,3.94352895659685e-05,0.0542513127578065,0.00625684004368922,0.0219180771807739,0.00460488645976978,0.00279429106459582,0,0,0.00252761708082306,0,0.0966262385912743,0.00103017448050155,0,0,0,0.000242526649491787,0.000104129747038459,0.00176963528037261,0,0.0385829406491874,0,0.0806922623874557,0.000122150536152553,0,0.000553309722726881,0.00105756127441597,0.000915749425106312,0.00121812099310272,0,0.000174899831682777,0.000569129321521497,0.000336792375582182,0.00165446555542885,0.432042045531008,0.0868467254635399,0.830939344121876,0.000190491202142942,0.000243365051299763,5.18628418981552e-05,0.0278199516802115,9.26926194697856e-05,0,0.00188490923275392,0.000247131199934244
0.0379383554992603,0.00605204039238442,3.24816685189882,0.000978421796741507,0.000723313080220842,0.046232912342196,0.354320174804992,0.149019127218654,0.0195850751091917,0.14897594094486,0.468694622322212,0.0468296124542177,0.107809189900663,0.340214686723784,0.000981544536800382,0.00777726331744568,1.21082923336506,0.147874490915088,0.75723399030738,0.00977142152372551,0.142236752661349,0.00520562302085149,0.882294345687999,0.0161560600204723,0.0228779879149269,0,1.52969893783676,0.185154756635801,0.12473997869607,0.103148252071261,0.0381268503576146,0.0263181619165025,0.00114618742357945,0.740455929010665,0.10252003902027,1.43617767510329,0.969749117398002,0.487907976394391,0.441377547768881,0.0201434552710949,0.00964261437016441,0.00178146129117536,0.0589294926358914,0.0821328622273352,0.0344779891516952,0.0282670796513387,0.000542191415445066,0.000317334290884256,0.000876796356545351,0.000443271743152594,0.0180901022411324,0.0374257696317041,0,0.000169917704448891,0.000195232510840416,0.00157566529109275,0,0.00288056632284052,0,0.0695129736077114,5.03547723962307e-05,0.172852169034071,0.000930299751460258,0.000353594045789814,0.00234212184867279,0.0430436598555124,0.0237108891597246,0.038661530341337,0,0.0013983740654393,0.00332891352431169,0.0100606562311697,0.00178821421059078,0.0770592436361498,0.794914281833844,2.27589245648518,0.000895511358563912,0.000990562832271924,0.00142340152816324,0.0983805305787577,0,3.51197877839207e-05,0.0060465413001805,0.103803270417776
0.0264627994916625,0.143157356883041,3.8190125681176,0.000379345225594818,0.0030608888541334,0.0131896234141874,0.135182082270812,0.0713346884824891,0.426414822997738,0.0388007599600601,0.0465677735091732,0.0135468594405587,0.17128157442063,0.183781993490547,0.00935558242207889,0.606065976428684,1.5778998172493,0.0331376671212208,0.37343618325426,0.00376210371840475,0.331341380463791,0.330882949598177,2.96125643121358,1.10652940575633,0.262378099825433,1.52969893783676,0,0.501022612184577,0.051137073336292,0.0961642045074783,0.191445966065383,0.00236465052070771,0.000475250838306069,1.4420806931938,0.299736977681795,3.10121613529971,0.83733084039844,1.34129570836139,1.20319870121802,0.0312860571406249,0.0279193009482924,0.00129307917087528,0.284245754653689,0.181665577817205,0.152557720648739,0.146928487490973,0.00480735771045993,0.00168818305012882,0.00203258713775714,0.00397603849173559,0.216454668882481,0.498555876423881,0,0.00147753240947233,0.000109460628884316,0.0402759410440076,0.00713781117658874,0.00817361903140934,0,0.0589811384188296,6.47248843510866e-05,0.155589595342334,0.0136986280668839,0.000823329506424499,0.163459542134693,0.178743650409824,0.0348400304273381,0.0971481306261829,0,0.0211306144428943,0.125827428791232,0.486111962028814,0.0326740048873955,0.19484462224566,1.49130756981763,11.0518918308705,0.0292111051567313,0.00378232790875713,0.00512095690363797,0.119204422430075,0,0.000192466375046778,0.0293083544152306,0.37379267384885
0.00302595481918933,0.0486223907055128,0.430558494019891,0.357409469873825,0.00876041581626914,0.0313645068160888,4.13492029414144,0.0910196083083904,1.19423827971333,0.518815810169073,0.0134591316175721,0.890029414047916,0.202615156954882,0.074673466486871,0.187542249852563,0.171473261716476,0.0462290621897906,0.00886066675142136,0.0241412113753476,0.702276728952121,0.768854927766251,0.116459903903997,1.28000219446081,0.446308331947435,0.0242960361556326,0.185154756635801,0.501022612184577,0,0.16938560896685,2.3761474194456,0.00141346474525316,0.00965429885764723,0.0197456965731351,0.252501805610172,0.277039531660533,1.38927030007903,0.239407354690752,0.713717721489922,0.187865119290121,0.0862940157422769,0.0479214862636029,0.00345754012024642,0.840090452138422,0.0347562454816221,0.132204970263121,0.0821579985488366,0.266623031914098,0.064296839459842,0.0111434687369177,0.042919511281722,0.00125699899294665,0.0329904311860193,0.0762129792905093,0.000798632972779634,0.00848378643284757,0.0272239222677945,0.0851311336886082,0.381176043800749,0.22883087018933,0.0302156165286653,0.0677255488578337,0.0172725848524518,0.120262945839746,0.0132549269909352,0.31235147495139,0.00492479340876449,0.000163320730586898,0.00329118064779973,0.0813757658441482,0.208283925710397,0.0572327296495197,0.244466964191628,2.22292274795104,0.00126005339956737,0.00769903943763699,0.27191715409335,2.0099099817189,0.27274210066735,0.233994374549408,0,0.000740676758411718,0.0260633742579325,0.103603257675369,0.118077370954529
