0,0,0.00253206229255067,0.000754585066830584,0.000607014374560624,0.0115723894240779,0.788765573483359,0.185907100952311,0.000666536424385917,0.0154356354062564,0.00692370181855128,0.00597390909113295,0.00106766121678348,1.83320402451339,0.00160811153442544,0,0.0305966976872732,0.00844919880941729,0.0157971495428638,0.000696900466580984,0.00948143628195842,0,0.0278889090389016,0.0058895578246053,0.000352740614703756,0.0230188098000951,0.00695955804021834,0.0298172368216841,0.823404583155377,0.858889325801692,0.000116866569326735,0.000425408466259998,0.00423792157880992,0.0703591292863956,0.00695164237633338,0.0516858583959512,0.00174884436274468,0.0629228146296413,0.0210302961016461,0.00312045971365102,0.00103323931973814,0.0015942478575788,0.000417713925361383,0,0.000283271477450698,0.000219896176379317,3.9088403978327e-05,0,0,0,0.000112700167827606,0,0,0,0,0.000107031374047884,0,0.000224664752282155,5.33901592306912e-05,0,0.000323701445167381,0,0,7.26207231897831e-05,0.000176156044461712,0,0,0,0,0,5.1496361652267e-05,0,0.0013006346147438,0,0,4.30791459119677e-05,0.00101609125412968,5.86329428588271e-05,9.04516636355909e-05,0,0,0,0.000112639777128833,0.000937704499134042
0,0,0.00401347195831141,0.000219106196111655,0,0,0.000343152094123292,0.000221996567692226,0.115376304647788,0,0.0525988918222004,0.000234028000519657,0.105297783843908,0.000299140776386261,0.00036652382004677,0.0625110508920768,0.0054915948003274,0,0.00146442428354799,0,0.00179036929494418,0.355587822400489,0.00414444685783515,0.28967528189601,0.183277962182776,0.00556629863841799,1.75745677419698,0.0124583825026174,0.000672521648881811,0.000261829220565176,0.00134676012203042,0,0,0.00407572692268988,0.000588835468288345,0.00795436175773556,0.00561489537763569,0.00992464519414488,0.00500242215373285,0.000379978718928808,0,0.0428036982298254,0.00399878656057009,0.00285711757262579,0.00215192883773993,0.00169342227788603,0.000117232461934685,0,0.000371724777119601,0,0.116267523410443,0.00496679507020432,0.000117156405138386,0,0,0,0,0.001018101629118,0,0.00123042725101654,0,0.0125179720972045,0,0,0.00315999037400794,0.000672218587158531,0.000205478288569706,0.000226963938099992,0,0.00027724169484812,0.00301775965136271,0.000855620121081021,0.00241009611971465,0.00356133885705015,0.0109511241245339,0.370245875832269,0.000860655135106841,0,0,0.00302713725455307,0,0,0.000362399931893009,0.000107616235618806
0.00253206229255067,0.00401347195831141,0,0.000706218948593602,0.000116073534924483,0.000969636470030975,0.0460274793270429,0.00461967790292592,0.00223917567880317,0.00309090788655183,0.007037773529544,0.000817849615200198,0.000287366457986438,0.00912457710172382,0.000386806098925179,0.00883142112839414,1.48444999899173,0.0246983720458044,0.196096561759136,0.000157046064187876,0.300248993453656,0.00114519447643821,4.43684366828589,0.0212501817758607,0.00171919294328222,2.45542368709955,2.36476089505501,0.431691753472196,0.00760111837758721,0.0173819171923779,0.000157537881314397,0,0.00185287775769652,0.160587038640003,0.0407540840480831,0.574626017167521,0.450272943653792,0.351921371958331,0.221373156134719,0.00261310044740338,0.00342446196470177,0.00159619225129318,0.0454088604949546,0.0188247117877892,0.0114933787775444,0.0197687786944395,0.000482731619826701,0.000384969356951368,0.000411596842376733,0,0.0179758513718688,0.199742924385461,0,0.000140925907378102,0,0.000708840486090409,0,0.000373116146144766,0,0.000116277079727334,7.23066207959771e-05,0.000900330879864155,0,0.000107125409655213,0.0248792843065494,0.0225118302064817,0.000617648314484846,0.00644678661594674,0,0.00268403934920618,0.00568814907412134,0.0795377358214245,0.00464652258050512,0.000170006419594967,0.0335070619580512,1.00777572418242,0.00430039241639313,0,0.000227955668151027,0.000331053829338789,0,0,0.00103859728378276,0.0216739163370297
0.000754585066830584,0.000219106196111655,0.000706218948593602,0,0.00321047354862272,0.0424601469688962,0.0328834603834246,0.0324059500173982,0.31792326152191,1.21408288373749,0.00738294463295945,1.10872185019185,0.000818662943728456,0.0336918101910287,0.0242325266190562,8.91748610782147e-05,0.000765540367270848,0.000908387624475619,0.00088010069817423,1.49199525774065,0.000487858942078787,0.000336918896791738,0.00153058667234009,0.707019458526165,0.00712269671269051,0.00230840435108464,0.000324550533605405,0.460979328373686,0.0572865232780063,0.00174973493174151,4.7690446890837e-05,0.0037398591242673,0.00373534068302793,0.0472007000773455,0.00729003067346801,0.157179261149815,0.00208323486794163,0.0452326720152714,0.0163170272697452,0.113130981209377,0.00849399201162399,0.00673927887432092,0.0458712583786779,0.000500876589824944,0.0271259581459173,0.00417018307186477,0.0882576370385154,0.00464332413675559,0.000669000236903149,0,0.000298529845409274,0,0.215041543067352,0.00229622756330316,0.0101371913849151,0.0516718157712716,0.00537919760056989,0.054897678349662,0.168204443943417,0.000355059891732356,0.102880119443403,0.0047766583864674,0.00434178903851919,0.0218381788555879,0.000692691793673897,0,0.000208224236525178,0,0.0348277240993874,0.000564874471289575,0.000793635900270802,7.34346006297946e-05,0.230225893270296,0.000169163624131024,2.7489256066221e-05,0.000417448129803344,0.211977815334512,0.0103242137098583,0.000139950694107739,0,4.57398070289552e-05,0.000232291248935181,0.0240602361464381,0.000927195843764923
0.000607014374560624,0,0.000116073534924483,0.00321047354862272,0,0.263367544996761,0.00791671062065,0.0065024435309767,0.0194382503869698,0.00954768145496757,9.36103594103336e-05,0.0603203941501037,0.000120790533934331,0.00347494473088459,0.350672711058151,0.000618079368901312,0.000807755944921005,0,8.60699456479073e-05,0.00181492667285625,0.00766200525486343,0,0.00699278572901558,0.00817364653487194,0.000482654499026101,0.000734147846553529,0.000843174748957622,0.0160931908279003,0.00431128357480406,0.00707163477957103,6.36286017329693e-05,0.096443986585437,0.000223615076921201,0.042415756112501,0.150235566971444,0.0204933392483099,0.0012993267999731,0.00304556147234952,0.0032646716669321,1.46641770172093,0.429159317867624,0.000848555832332814,0.00173270786345323,0.000676329592795694,0.000166266088081407,0.00596298272432548,0.00266786173876574,0.000190610423196268,0,0,0,0.000119581856268346,0.00167246494161016,0.000388043720629871,0.000398812713657224,0.000810839783180576,0.000106463068279797,0.000796958613999203,0.000799551033158311,0,0.00165948421923569,0.000453825346768606,3.60836896570325e-05,0.000417503122436297,0.000526519832251531,0,0.000180715557827914,0.000225706373468757,0.000218783456812537,0.000497098250725055,0,0.00178645879038118,0.00175772636626023,0,0.000966145471925809,0.00167900132293444,0.00269343620593156,0.000206638479897976,0.000501497859073532,0,0,0,0.000290393349903452,0.286465664334944
0.0115723894240779,0,0.000969636470030975,0.0424601469688962,0.263367544996761,0,0.344006207419175,1.81718829142165,0.0635397222202335,2.80414440415914,0.0167251914105262,0.743435578717033,0.00144515346952896,0.162922484558891,0.366401600893254,0.000166367889099085,0.00305613364019042,0.00370149064016598,0.00136945094243502,0.0269021036394126,0.00146567299795276,0.000317443882397527,0.00334640332625925,0.082775409466686,0.0110933187933023,0.00757708599994796,0.00122479325459991,0.197179602555821,0.147859219707522,0.0156202351156802,6.22078932445168e-05,0.0701534309050246,0.00375716816930368,0.0987199988878242,0.78923768682936,0.351759414187549,0.00412810296095267,0.0896844190091895,0.0325377685318513,1.00671059932816,0.135816994143379,0.0140124073426164,0.015049279742755,0.000949366826528804,0.00980792532733757,0.00347536145116001,0.0280630646121998,0.000890448366310984,0.00108274109216758,0,0,0.000140182738096642,0.0231520087001353,0.000690677669956491,0.00132586159995796,0.0162279989707067,0.00044856210512138,0.00968461884727677,0.0132986205867022,6.28841056979835e-05,0.0281406910437714,0.00295321218956506,0.000758806169597185,0.0053968519345124,0.000455468580439776,0,0,0,0.00391481391047686,0,0.000244693366292125,4.39264055113078e-05,0.0700002987273205,0,5.32428479655624e-05,7.57041608218193e-05,0.0359600430077734,0.00170433261699059,5.77203133327722e-05,0,0.000145705123323929,0.000379034658351552,0.00463658238959422,0.0587620551368789
0.788765573483359,0.000343152094123292,0.0460274793270429,0.0328834603834246,0.00791671062065,0.344006207419175,0,1.67045864013108,0.0517307120929159,1.53057293540203,0.0397704008170232,0.0332894427274586,0.00619849314298146,2.1640020895992,0.0209986293175614,0.000193727097304892,0.0901475085529397,0.0245834972951269,0.0426837540293645,0.00702486970424306,0.0256401157706084,0.000401051979643717,0.170001906728694,0.109749699028744,0.00408680535366188,0.0958959556091755,0.0338560461328928,3.45804431629862,0.845115153147575,3.20474441647554,0.000718618623163169,0.021521368734734,0.0861662730632639,0.427362265262507,0.0937605543534415,0.741344082675174,0.0222575065086627,0.500325475114483,0.187936314820938,0.073937768928791,0.0562928243559555,0.0360927007692751,0.0346196910298351,0.00133993119935789,0.0206792780188507,0.00350479023357622,0.0248817252806956,0.002618952138059,0.00146191242174126,0,0.000279710294083959,0.000535153490920144,0.0200226392512185,0.000303450259148097,0.00147199616738378,0.0246977402431734,0.00204881274456774,0.00707219427153334,0.0190743707841007,6.78160699969232e-05,0.00808592221602619,0.00266730799346724,0.000788551926438361,0.00106486666282234,0.00389504557689262,9.74806607399821e-05,0,0,0.0017694893942477,0.000281073515122532,0.000383734279491675,0.00016680555126841,0.0992400779053282,0.000360690069180012,0,0.00173727159641594,0.0689216943147716,0.00262828736838379,0.000659225088928041,0,9.21808683338284e-05,0,0.0137324285448363,0.0107422010453024
0.185907100952311,0.000221996567692226,0.00461967790292592,0.0324059500173982,0.0065024435309767,1.81718829142165,1.67045864013108,0,0.0555542028890184,1.29873414561648,0.0446487922419598,0.501789789649499,0.00633353215911183,1.93167714743822,0.0348636234405441,4.79386122358322e-05,0.0280604179106111,0.0168270334925264,0.0145728022673568,0.0383661724570257,0.00771336099885219,0.000342354246987659,0.0323281623228377,0.10847917340474,0.0134765214889524,0.0347691481757126,0.00871643961568139,0.172392092912502,0.328784989423044,0.180257421068087,0.00110289921293063,0.0591314745496715,0.00659199877229109,0.161130490469548,0.0169812343936098,0.536543779905503,0.00803118646076702,0.188540474217019,0.0912768592405305,0.327050509401897,0.0396410277486561,0.0258944450251833,0.0110230080494606,0.00126152614036653,0.0109909701359938,0.00534670207160131,0.0107519722286258,0.00111755471449249,0.00160132213079766,0,0,7.26733822974146e-05,0.00631462224286395,4.187524455868e-05,0.00053032342389355,0.0103180719830773,0.000589845921172973,0.00837357692812596,0.0020649711456983,0.000255310818051928,0.0097229260925977,0.00630335981459106,0.00140956957833143,0.00110589397920196,0.00251727019260805,0,0,0,0.000419814303666904,0.000254032363556337,0.00019235765353213,5.58936807005405e-05,0.0666415313485231,7.27057030539214e-05,0,0.000147919651860839,0.0211880053969147,0.00122617682699699,0.000240223445209676,3.91038801679969e-05,0.000431492489668531,0,0.00588090158251048,0.00176482493727898
0.000666536424385917,0.115376304647788,0.00223917567880317,0.31792326152191,0.0194382503869698,0.0635397222202335,0.0517307120929159,0.0555542028890184,0,0.216389863542581,0.0305859383119081,0.240768695815232,0.0506324798291693,0.0498580504265893,0.154158835290985,0.0733386979602715,0.00167734501944028,0.0038397195385834,0.00121780460120864,0.0859101813935288,0.00835200177476216,0.434033046997419,0.0176640158639359,2.70053544096444,0.118984413106736,0.00926569102568555,0.263809179177381,0.370284284347906,0.0512564636831107,0.00196308684431971,0.0014029941852505,0.00182729216921438,0.000768659668871751,0.0437254652062764,0.00245201944478056,0.108786171329978,0.0028101459659988,0.0333047608409496,0.0136498515692135,0.326179561885253,0.00526304721799994,0.0186142755851825,0.108892201129983,0.00710917309057726,0.0478078245178179,0.0151359766444814,0.0784821676196439,0.00642613366034325,0.00125441724408357,0.000907586616544817,0.0241629678400913,0.00545998350575792,0.270489825251925,0.00359634266559094,0.0216269630630147,0.0449577693920942,0.0200169897942211,0.355358791669158,0.120534617437685,0.0080085227841787,0.0931209852793067,0.00793813030971817,0.021293867235127,0.0191295316077766,0.379571722937275,0.00118578999177732,0.00408031900655443,0.00127649043730808,0.0257729251566249,0.0202660082989667,0.181180643852161,0.0472804866873859,0.72994175837043,0.00157914556526305,0.00373597140604576,0.31702260949225,0.358128344013693,0.0308578885416796,0.00868177711318467,0.00101376809309517,0.000722959974024427,0.000956243993601646,0.0401185438951656,0.00869982686130184
0.0154356354062564,0,0.00309090788655183,1.21408288373749,0.00954768145496757,2.80414440415914,1.53057293540203,1.29873414561648,0.216389863542581,0,0.0942818917849592,0.679909123092935,0.00929998394407778,0.670612963172503,0.0439650128786823,0.000127129907968724,0.00280534619057625,0.021586095232815,0.00751911193589799,0.753526785865295,0.00101104876085604,0.000206674273626951,0.0051046786719112,0.212619780551531,0.0200080870985535,0.0258329868439361,0.00334705415089376,2.1246292493865,0.614691542668899,0.0165783081664911,0.000306172127827793,0.033237023889688,0.00952687761887183,0.417997062233184,0.0262897176196372,0.782810778683148,0.00727274960211923,0.340726773587502,0.0973423370307167,0.207098124377909,0.0741857146804687,0.0441348793387875,0.0333484982933453,0.00198412245645218,0.0166012930943333,0.00776039030625022,0.125769623212605,0.0011065986180001,0.00302618728081745,0.000276562152503448,0.000144652128477681,0,0.161385089892765,0.00233350368179769,0.00335331787656382,0.0511696228780548,0.00121010886623186,0.0558450071448952,0.0545444576739085,6.26032189689457e-05,0.121311947940339,0.00917112073668522,0.00101044757501379,0.0317122807887922,0.00110882997289351,0,7.4291865511614e-05,0,0.0306411940140702,8.83535590214074e-05,0.00122004639843275,0,0.248020277694386,0.000244431184186339,0,0,0.125729978645255,0.00110414471711217,0.000563688155924213,0,0,0.000337595754411626,0.0120952499062091,0.00381141822350994
0.00692370181855128,0.0525988918222004,0.007037773529544,0.00738294463295945,9.36103594103336e-05,0.0167251914105262,0.0397704008170232,0.0446487922419598,0.0305859383119081,0.0942818917849592,0,0.0568892637218618,1.36288193260985,0.100937065593982,0.00141955190797494,0.00410334167403089,0.0113779602530317,1.46387374389674,0.152539347867447,0.00675798320620759,0.0133934162338943,0.0335860253539489,0.0355389095546983,0.0625934834622848,0.304083218723781,1.04406852058039,0.115455585613848,0.031367797773575,0.114826404736268,0.0117106467254267,0.229114314271899,0.00855137127645897,0.000669025296935943,1.60216623911804,0.00232134257572261,0.118956051437385,0.324541229353475,0.83617146038754,0.0506179559987899,0.0115248593400648,0.00306775599848481,0.328965733571109,0.00287868451832807,0.0714697236177528,0.0101928989325017,0.00172639532626077,0.00355441345598292,0,0.00925265200159875,0,0.010432417939227,0.000357841451313377,0,0,4.71507547738135e-05,0,0.000164298603652689,0.00312597150826339,0,0.0851686832075653,0.00101129341420641,0.553158784269123,0.000290017139835721,0,0.00104896908582631,0,0.00107942351115428,0.000145060003729588,0,6.20412321897149e-05,0.00195564079655226,0.000291405202382979,0.00920381843167359,0.0537785278368391,0.0240192912318584,0.0978283199667217,0.000742245861004114,0.00072148516000685,0,0.0752367284547716,0.000209703499069286,0,0.00460562561635878,0.00111957222793508
0.00597390909113295,0.000234028000519657,0.000817849615200198,1.10872185019185,0.0603203941501037,0.743435578717033,0.0332894427274586,0.501789789649499,0.240768695815232,0.679909123092935,0.0568892637218618,0,0.00638920075737727,0.222439704257323,0.355209359531284,7.86397096607208e-05,0.00113436680188281,0.0201703551813761,0.00491203289954257,1.07114074361637,0,0.000224088681103719,0.000758550928233379,0.206404695918648,0.0128243959960252,0.034253625009995,0.00544481676703999,0.0368133868126253,0.19479776787183,0.00417578643848527,0.000676738992513418,0.0118300286659534,0.000561241513158507,0.13018984519015,0.454433741731669,0.242905450385578,0.00308123852505794,0.0719906425443816,0.0294406371436746,0.700365207050179,0.0149811110815046,0.0147559546083506,0.015107789859455,0.00109167580942179,0.00988791383024264,0.00425384095878891,0.0949400469278133,0.0019972737316918,0.00177502308289474,0.000162166992008257,0.000136050665694654,8.08348519872725e-05,0.163347566552732,0.00273444251798181,0.00830161217009023,0.0187248812670512,0.00537906932951861,0.0272902220666719,0.0666976059541796,0.00133828777057591,0.236257270172754,0.00926415283967602,0.00337907204859264,0.0262279894960769,0.000325873658071214,0,0.000675927401772133,5.12110420055628e-05,0.0556264343791442,0.000106173294903606,0.00022803363963477,0.000132842848821684,0.0947368129651043,0.000248480337094372,0.00046762749867228,0.000297868692909077,0.0803946409709348,0.00797438220570765,0.000362325810595971,8.8345288924423e-05,0.000535195559412858,0,0.0127687703455518,0.0512046544131429
0.00106766121678348,0.105297783843908,0.000287366457986438,0.000818662943728456,0.000120790533934331,0.00144515346952896,0.00619849314298146,0.00633353215911183,0.0506324798291693,0.00929998394407778,1.36288193260985,0.00638920075737727,0,0.0102710484691696,0.000447035245944863,0.0109154924311872,0.000182822603720278,0.00257876802297382,0.000355347175494575,0.000830018104268437,0.00119000662780705,0.0818062373083598,0.00171226341367019,0.0881142860468152,0.810283546858106,0.0204150012371983,0.233755646332459,0.00881884724068058,0.0117665552917816,0.000734327543612102,0.174079534392306,0.00124587567251563,0,0.123063489837543,0.000941160533381556,0.0420402134850412,0.364415830931505,0.454210918169887,0.017478305677419,0.0104319832167272,0.00252942777368112,0.47754106081783,0.00508933556082294,0.193407677579519,0.0352404782012273,0.00629383966604235,0.00395779015234469,0.000348095723447358,0.0208011598361772,0,0.0430813816997788,0.000113878366583157,0,0,0,0.00012544120827522,0.000580025338393262,0.00461386654557751,0.000410521438403267,0.238773778873874,0.000780677267041817,1.54057152205566,0.00100004820251165,0.000496647102496349,0.00198348892644012,8.40598256043792e-05,0.00540473036344984,0.00135971863559144,0,0.000173646989649212,0.0111057901828023,0.000769407154004389,0.00263921736685386,0.192561567057995,0.132278866542714,0.616756808336971,0.00123059753072655,0.00245390538329544,0.000235980950493562,0.349122867869512,0.00089346969106614,0,0.0156053336132026,7.83575846283913e-05
1.83320402451339,0.000299140776386261,0.00912457710172382,0.0336918101910287,0.00347494473088459,0.162922484558891,2.1640020895992,1.93167714743822,0.0498580504265893,0.670612963172503,0.100937065593982,0.222439704257323,0.0102710484691696,0,0.0118421473471332,7.25739174065352e-05,0.0654787469845446,0.0555088472681873,0.0491022916537547,0.0309671292230991,0.0219359759548486,0.000960203655683548,0.063209166428154,0.113330470506511,0.00742347555361215,0.117871507222137,0.0303678608206473,0.206964548346879,0.946292823521749,0.73228087880345,0.0029157873602105,0.0146985907494654,0.0107464111516236,0.291789711145737,0.0221828238752152,0.415494655280523,0.00924281195196293,0.253694323074144,0.102010537907966,0.0619827824455034,0.0129857834735098,0.0174723487804117,0.0151444235456815,0.00151797657726263,0.00950019755238317,0.00442875620774337,0.00937674016581543,0.000793227915756839,0.000976168845079899,0,0.000218086749919296,5.2063312050575e-05,0.00362132668061067,0.000119835042464924,0.000512296118722803,0.00885829141491788,0.000335896677424359,0.00832238133629529,0.001728144999384,0,0.00568616916503607,0.0038861884669153,0.000643944449720555,0.000836921809013292,0.000790333210114747,0,0,0,0.000260880565778649,8.21933383367896e-05,3.73256194084704e-05,0.000268415552859002,0.0802395915563399,0.000227899720775831,7.98451510886907e-05,0.000778195449698782,0.0285635226242945,0.000578907964783228,0.000214970978523365,0.000158926217016792,0.000274333414696414,5.0886023812151e-05,0.00393822749937633,0.00151886728934072
0.00160811153442544,0.00036652382004677,0.000386806098925179,0.0242325266190562,0.350672711058151,0.366401600893254,0.0209986293175614,0.0348636234405441,0.154158835290985,0.0439650128786823,0.00141955190797494,0.355209359531284,0.000447035245944863,0.0118421473471332,0,0.000956114965520412,0.000827341220337737,0.000319647404083118,0.000168907100238809,0.00765791346894207,0.0119545349682506,0.000388494853249711,0.0116835266450331,0.0710308508482696,0.00173476293702802,0.00137021192663442,0.00147584240504652,0.047745590924577,0.0125560630582873,0.0156850242495349,0.000162151403955054,0.0297334984554519,0.000559942265053228,0.00763936144315734,0.128218629777027,0.0339964466094535,0.00285624814323516,0.012892074752235,0.00616670508061707,0.5992685085192,0.00564104973494891,0.0035784730932042,0.00208032716271645,0.000519575380564535,0.00208918468372722,0.00529102866320397,0.0147170657663131,0.00019714264996097,8.04483973011315e-05,0.000110767665466881,0,0.000598490201674235,0.0122203049667725,0.000616090838519588,0.000959908835440996,0.00165914272588525,0.000368038725434158,0.00569622345154733,0.00674642107732036,0.000111387914936287,0.0145404516640984,0.000778664600151813,0.000169771766324126,0.00371208139296216,0.000878761140175031,0.000121346646577359,9.91228590231063e-05,0.000308726898404467,0.00133482073988298,0.000800920073702061,0,0.0017317267370245,0.0108693618145987,0,0.000532530520009231,0.00163018164750058,0.00958795969931327,0.000565415391303981,0.00031493502269584,5.09532772085785e-05,8.93046331820133e-05,0,0.00133102818370853,0.0661104997426191
0,0.0625110508920768,0.00883142112839414,8.91748610782147e-05,0.000618079368901312,0.000166367889099085,0.000193727097304892,4.79386122358322e-05,0.0733386979602715,0.000127129907968724,0.00410334167403089,7.86397096607208e-05,0.0109154924311872,7.25739174065352e-05,0.000956114965520412,0,0.00648251415292759,0.000289724790996802,0.0022791252108574,0,0.391752128372391,0.917841314368869,0.995378503245792,0.297847671186233,0.0430022644290883,0.0102636830932196,1.89259242815621,0.138047285677651,0.000193716535306227,0.000378101935013258,0.000535427127331379,0,0,0.00491284290338258,0.0305815807356317,0.267135085121595,0.162824440933216,0.023247726519073,0.0384279938955841,0.000763621608515775,0.000365636039833832,0.0067293950027965,0.023742518723884,0.00913201857869532,0.0069851891779701,0.00577104772764044,0.0102028404033395,0.000668395263309646,0.000564048710300326,0.000260826585120445,0.0140013525928941,0.00576744181446949,0.000355066184706437,0.000299710931804854,0.000118212334451258,0.0038268721081118,0.00213130823671216,0.00924431970849009,0.000386698928457934,0.000146923353615308,0.00078095636655581,0.00760694937218855,0.00196806807279813,0.00139472360439119,1.02120744634269,0.00155604268122777,0,0.00048421362172662,0,0.0680106022307037,0.146349264330884,0.257288427953989,0.169414776534112,0.00127790220711983,0.00231062419444009,0.250310570291137,0.104048631163022,0.00252432296201387,0.00486432562369377,0,0,0.000417330363518226,0.00248899695007834,0.00638004904047855
0.0305966976872732,0.0054915948003274,1.48444999899173,0.000765540367270848,0.000807755944921005,0.00305613364019042,0.0901475085529397,0.0280604179106111,0.00167734501944028,0.00280534619057625,0.0113779602530317,0.00113436680188281,0.000182822603720278,0.0654787469845446,0.000827341220337737,0.00648251415292759,0,0.0359634306960039,0.614217873346685,0.000122273922421759,0.287855714944317,0.00252235647915399,1.32250541382498,0.0179126205724668,0.000494422116019875,2.05056004439427,2.10013897211469,0.274710667459742,0.0602159732416643,0.269997515970085,0,0.000287308398211509,0.0140809127313105,0.542671248068993,0.00718208286913544,0.10187582327787,0.0700986835393713,0.15913310247316,0.0495626396538509,0.00181757320014596,0.00174814781974453,0.00090337937965331,0.00581944558650444,0.00312582521157448,0.00300218912951698,0.00282424229558007,4.34505432463169e-05,0,0,0,0.0105729540021937,0.0222163597506464,0,0,0,0,0,0,0,0,0,0,3.72289667147726e-05,0,0.00223931130423134,0.00348728322130475,0,0.00102867566481975,0,0.000129776547121966,0.000908543114786018,0.00608224915664945,0.000792335125098229,0,0.00826199141016144,0.213062657650465,0.000528266016793435,0,0,0,0,0,0.000382426808116007,0.00209106708683418
0.00844919880941729,0,0.0246983720458044,0.000908387624475619,0,0.00370149064016598,0.0245834972951269,0.0168270334925264,0.0038397195385834,0.021586095232815,1.46387374389674,0.0201703551813761,0.00257876802297382,0.0555088472681873,0.000319647404083118,0.000289724790996802,0.0359634306960039,0,0.24016128001188,0.00247972672807489,0.0403158348475546,0.000138690364105916,0.105165594020571,0.009460657492888,0.000365068761649359,0.614491466667047,0.0747884556963841,0.0265595336857148,0.052209883429487,0.02202592286421,0.00260123388061127,0.00105982790787187,0.00168941266743605,0.506672300407403,0.00740796245157787,0.122300547597072,0.133280226548061,0.586068787896929,0.157899177967485,0.0035799211796419,0.0018036184481734,0.00198882457240923,0.000237144383262801,0.000165111926977992,0,0.000233316819005585,0,0,5.75109204084933e-05,0,0.000374882903170771,0.000689171333836001,0,0.00013419100990699,0,0,0,0.000449586296408706,0,0,8.28795742830783e-05,0.000278991927289021,0,6.60947087533593e-05,5.11446002701163e-05,0,0.000231837171442807,0.000136981430120388,0,0,0,7.93064501345962e-05,0,0.000128519227029615,0.00323782113602852,0.00860940492214821,0,0,0,4.39209424085497e-05,0,0,0,0.00393712034436993
0.0157971495428638,0.00146442428354799,0.196096561759136,0.00088010069817423,8.60699456479073e-05,0.00136945094243502,0.0426837540293645,0.0145728022673568,0.00121780460120864,0.00751911193589799,0.152539347867447,0.00491203289954257,0.000355347175494575,0.0491022916537547,0.000168907100238809,0.0022791252108574,0.614217873346685,0.24016128001188,0,0.000553041778336045,0.095119401200102,0.000694217229842219,0.28088180159223,0.00579420387432613,3.36136674129993e-05,1.89733776796116,0.757898337109798,0.0824297848555016,0.0427755443925116,0.0692308382846509,0,0.000290232578593719,0.00717555749986544,0.645333986046443,0.00364744788209312,0.0687021729956916,0.0887541645276776,0.16657845958736,0.0599198129026113,0.00149655739548256,0.00140024403330739,0.000543898375759432,0.00127240700733245,0.000424170953817361,0.000338596503785166,0.000499443227749914,6.40236152800978e-05,0,0,0,0.00212943556052959,0.00414484767267711,0,0,0,0,0,0.000407925783006144,0,0,0,0.000242546673882603,0,0,0.000263271172718924,0.000430680089867741,0.00047275753686688,0.000999884699650532,0,0,0.000142869242291153,0.0011236222159174,5.50973424218595e-05,9.16726306813033e-05,0.0153270512545116,0.06003258186391,0,0,0,4.41170730005145e-05,0,0,0,0.0014384689158505
0.000696900466580984,0,0.000157046064187876,1.49199525774065,0.00181492667285625,0.0269021036394126,0.00702486970424306,0.0383661724570257,0.0859101813935288,0.753526785865295,0.00675798320620759,1.07114074361637,0.000830018104268437,0.0309671292230991,0.00765791346894207,0,0.000122273922421759,0.00247972672807489,0.000553041778336045,0,0,0.000119355475695967,0.00025127892854861,0.218844057978644,0.00379393776451936,0.00332834543811897,0.000697532797311917,0.0942707240283545,0.0367672346089765,0.000499157614136252,0,0.00297617541588202,0,0.0276096832283791,0.00111109064123543,0.0692615110753991,0.000317326547957673,0.0217566925728219,0.00594153303501873,0.0634544537559853,0.00595444843949604,0.00412625173135064,0.0123388864716934,7.67638830888927e-05,0.00918670719258065,0.00121093505386341,0.0471298607522971,0.00145078769227414,0.000514810514368618,0.00015009347247777,0,0,0.0711222205811207,0.00161231702572553,0.00505357393668235,0.0147286764960031,0.00288248347673865,0.0222685138230441,0.0500097270151945,0.000284186794303015,0.0487763393504172,0.00286148599706343,0.00180779177220416,0.0114427739812548,0.000331232852614689,0,0,0,0.00970360225526415,5.21687395278931e-05,0.000524730333109188,0.000269808295464289,0.0671380653908071,0.000451600844166946,0,0.000276548177366299,0.0673400362737531,0.00400612474067433,0,0,5.89577165133536e-05,0.000113340235352635,0.00984352378680907,0.000254049502090132
0.00948143628195842,0.00179036929494418,0.300248993453656,0.000487858942078787,0.00766200525486343,0.00146567299795276,0.0256401157706084,0.00771336099885219,0.00835200177476216,0.00101104876085604,0.0133934162338943,0,0.00119000662780705,0.0219359759548486,0.0119545349682506,0.391752128372391,0.287855714944317,0.0403158348475546,0.095119401200102,0,0,0.0283978220531972,3.86180085605307,0.0434086568128035,0.00929856171892794,0.241976795396494,0.35814075364932,2.53402431538809,0.0415545466857853,1.51850275405885,0.000140284138486785,0.00136868072819343,0.0169917512514375,0.758466529911326,0.267028378029523,1.18969693704302,0.175480613955151,1.09202041705038,0.607208291893574,0.00902729967100796,0.00786621233145092,0.0115204566411611,0.0180131432319037,0.00237272322885845,0.00401271615105224,0.00681197022762493,0.0075962002232316,0.00117161238163292,0.000657675703557819,0.000229755791727495,0.00185898393788896,0.00799488630476837,0.000400107926870895,0.000580243906728697,0.000145302716377735,0.00359529118220311,0.00304071538282298,0.00598507740835565,0.000309734390807697,0.000182804814817106,0.000432893171983158,0.00331445333752913,0.00284698903474361,0.00152710921492533,0.172600445416176,0.00037579371426405,5.74430894840598e-05,2.60762947777748e-05,6.35578259360015e-05,0.0290005427645808,0.0249909372548108,0.0412247202413372,0.092682982844528,8.44413895128131e-05,0.0014764830683099,0.0764746215638068,0.0737995513832215,0.00311942503580787,0.00609606361354171,0,0,0.000602715178040838,0.00226427793357693,0.0511415449830723
0,0.355587822400489,0.00114519447643821,0.000336918896791738,0,0.000317443882397527,0.000401051979643717,0.000342354246987659,0.434033046997419,0.000206674273626951,0.0335860253539489,0.000224088681103719,0.0818062373083598,0.000960203655683548,0.000388494853249711,0.917841314368869,0.00252235647915399,0.000138690364105916,0.000694217229842219,0.000119355475695967,0.0283978220531972,0,0.0534804732475506,1.64631641993127,0.155182046789043,0.00193495091557708,0.955295402803658,0.0924497520355718,0.000753321282066637,0.000193282489190632,0.0016245272581018,5.285550877707e-05,0,0.0040691239669548,0.000281483284250063,0.0103058017268106,0.00412647752659057,0.00792294864112084,0.00249696892554534,0.00228182206372942,0.000221263918785792,0.0242597040178037,0.011103637046533,0.00214847018900753,0.00251898869482784,0.00213253848843108,0.000968976680704997,0,0.000236143750955748,0,0.011467431659132,0.00333234405992797,0.000659140106462425,0,0,0.00120646580136068,0.000982048061968988,0.00621518604367994,0.000153220032200909,0.000788529761850029,0.000251181620282581,0.00734558656011912,0.000664909689285076,0.000564992692833256,0.172884566200589,0.000718128666093063,0,0.000201135610954923,0.000248526076271844,0.0140788787921389,0.0655719093747318,0.0273716005546161,0.0848708900537585,0.0017715031355479,0.000873149513863457,0.141089491988042,0.0319418382360704,0.000269217983797997,0.00189725590457341,0.00163204010140564,0,0,0.000847636194426364,0.000538905102440161
0.0278889090389016,0.00414444685783515,4.43684366828589,0.00153058667234009,0.00699278572901558,0.00334640332625925,0.170001906728694,0.0323281623228377,0.0176640158639359,0.0051046786719112,0.0355389095546983,0.000758550928233379,0.00171226341367019,0.063209166428154,0.0116835266450331,0.995378503245792,1.32250541382498,0.105165594020571,0.28088180159223,0.00025127892854861,3.86180085605307,0.0534804732475506,0,0.0333396790868952,0.0238578343027289,1.22541039487185,4.65723425068328,0.974525084029402,0.067108465800581,1.08007769199394,0.00107453947647688,0.000969091234165397,0.0171988181946803,0.877459054188188,0.534330677618229,3.6664802657223,1.46738457412631,1.59303137841996,1.20757599988244,0.0138690287388345,0.0121305208994969,0.0157916626938192,0.0319811603099611,0.00953269763393742,0.00815864007318301,0.0176526969836013,0.00930216656289156,0.000494092253875351,0.00112398349610573,4.7278586175394e-05,0.00881029232873593,0.0683749991633892,0,0.000513102686011028,0.000455184218136793,0.00138571248174268,0.000852916722891602,0.00330680950723149,0.000403972255208194,0.000609500856352824,0.000693125670693454,0.0118432622805574,0.000247607341078088,0.000960810419093569,0.877468366801264,0.00536433015923728,0.000249548477742648,0.00135470361912319,0.000143892278522468,0.0523034747252702,0.0739848030203062,0.38552651006833,0.10958506718883,0.00117403871466375,0.0084451149710097,0.60908136005897,0.0642952776537819,0.00149866484720542,0.00173451408749444,0.000431271241811267,0.000203956918510723,9.83800435425873e-05,0.00246294232300669,0.130607781484606
0.0058895578246053,0.28967528189601,0.0212501817758607,0.707019458526165,0.00817364653487194,0.082775409466686,0.109749699028744,0.10847917340474,2.70053544096444,0.212619780551531,0.0625934834622848,0.206404695918648,0.0881142860468152,0.113330470506511,0.0710308508482696,0.297847671186233,0.0179126205724668,0.009460657492888,0.00579420387432613,0.218844057978644,0.0434086568128035,1.64631641993127,0.0333396790868952,0,0.256698326281562,0.0302611190560826,1.10248622470102,1.05815775506623,0.173806009246265,0.00633333518303968,0.00316334335332562,0.0069909791303616,0.0127659852661718,0.14026458237133,0.0436944354251763,0.630538504750192,0.0859773279030503,0.138932355702544,0.0712912225208234,0.255732841486066,0.0216764567864727,0.0490461373570379,0.421563431738981,0.0117084358571687,0.195251384470841,0.0513999952225522,0.187395974985444,0.0309191893049216,0.00486848692629698,0.00289587716025355,0.00927215669364833,0.00842622777086337,0.175836575170388,0.00466691071610463,0.0189731504344121,0.159272137379548,0.0376414524195769,0.197978328976542,0.133735882174733,0.00755872618953154,0.0808193299647719,0.033383949012308,0.0498261286456797,0.0236137177152171,0.466916151701637,0.00131093631737454,0.000176693486300695,0.000731979707563466,0.0192882742151126,0.0728891319788006,0.113930303806795,0.0658862459483397,1.51630403171944,0.0033920529114469,0.00155743089466073,0.122623295465458,0.88436686051873,0.0584625364100364,0.0433573664881695,0.00036917908049646,0.00153793579686019,0.00532152520645273,0.101527218676807,0.0183142958999397
0.000352740614703756,0.183277962182776,0.00171919294328222,0.00712269671269051,0.000482654499026101,0.0110933187933023,0.00408680535366188,0.0134765214889524,0.118984413106736,0.0200080870985535,0.304083218723781,0.0128243959960252,0.810283546858106,0.00742347555361215,0.00173476293702802,0.0430022644290883,0.000494422116019875,0.000365068761649359,3.36136674129993e-05,0.00379393776451936,0.00929856171892794,0.155182046789043,0.0238578343027289,0.256698326281562,0,0.00683030648686551,0.752315093976589,0.0574703241439286,0.0107243016990056,0.00165561693561995,0.00917152863795189,0.00674349764356219,0,0.0254623532877733,0.00128182746206027,0.105674395668216,0.0324238074070658,0.0975465608009857,0.0373532259859691,0.228456304843003,0.0155922772268549,0.544870571823178,0.0276939361356438,0.00825828377661862,0.00758313679468433,0.00157060678247901,0.0963239893226389,0.00309889458638152,0.00120158922511928,0,0.0925868313540873,0.000692551090161628,0.0018857736462485,0.000487166381940686,0.00076018443758164,0.00341432258646284,0.00409277230017684,0.00132838631826651,0.00216738024313373,0.0217568978398029,0.00575346540779818,0.219624789619167,0.0046893034306006,0.00468500656760613,0.0220614621556772,0.00023079236604774,0.000732105478594864,0,0,0.00251535988345191,0.00261265575604184,0.00921478373219336,0.0159027347217481,0.095408680420438,0.0169771893146155,0.268206692818774,0.0197888315177991,0.00324771634219042,0.00226884880239244,0.0274861937864055,0.000685251807349026,4.33402536075443e-05,0.00500506441720093,0.000899087795056704
0.0230188098000951,0.00556629863841799,2.45542368709955,0.00230840435108464,0.000734147846553529,0.00757708599994796,0.0958959556091755,0.0347691481757126,0.00926569102568555,0.0258329868439361,1.04406852058039,0.034253625009995,0.0204150012371983,0.117871507222137,0.00137021192663442,0.0102636830932196,2.05056004439427,0.614491466667047,1.89733776796116,0.00332834543811897,0.241976795396494,0.00193495091557708,1.22541039487185,0.0302611190560826,0.00683030648686551,0,3.03027797834956,0.208412729626646,0.0989375638971221,0.0865526302642384,0.0187006918941467,0.0019819009975792,0.00854578205147018,1.08650975903134,0.0630603483326239,1.05572230945252,1.56642554343473,1.65273381672192,0.822342049271252,0.0110651434703859,0.0126984289771169,0.0211533156881662,0.0236885711226553,0.0447716008538573,0.0187652197512099,0.0143108474500592,0.000824326310826105,0,0.000521975045849478,0,0.0303512373924055,0.0554274630960147,0,0.000277621562593221,0,0,0,0.00184606367645316,0,0.0227878312254906,0.000265383536031305,0.100645363833569,0,0.000425826073639247,0.00242884657579747,0.0119748525361713,0.00963519856873165,0.0104208584404335,0,4.87914962295354e-05,0.00323409917354761,0.00733196285916629,0.000455032411518538,0.0435457151634107,0.279861586743913,1.30784368905807,0.0001965945446657,0,4.28262640882582e-05,0.0470443852598676,0,0,0.00378969045186691,0.0369613967981909
0.00695955804021834,1.75745677419698,2.36476089505501,0.000324550533605405,0.000843174748957622,0.00122479325459991,0.0338560461328928,0.00871643961568139,0.263809179177381,0.00334705415089376,0.115455585613848,0.00544481676703999,0.233755646332459,0.0303678608206473,0.00147584240504652,1.89259242815621,2.10013897211469,0.0747884556963841,0.757898337109798,0.000697532797311917,0.35814075364932,0.955295402803658,4.65723425068328,1.10248622470102,0.752315093976589,3.03027797834956,0,0.755557513068017,0.027245200446936,0.0527576086176767,0.0710633572019861,0.000513761026314044,0.00261425250911446,0.757942307527106,0.23052473179662,3.35367892789758,2.02434299344252,1.78795858471448,1.17350816568395,0.0189527737453136,0.0191429695684386,0.0240859651231572,0.234841670520454,0.234346226112226,0.136015220979901,0.121414212988762,0.00472625525411246,0.00112533219049392,0.00474737765933889,0,0.84531443279684,1.02151983370985,9.57378373070123e-05,0.00104623083564277,8.2314848148036e-05,0.0027629074139607,0.000128043427200085,0.00506672217079477,2.84649714217424e-05,0.0654244704368914,0.000430567627995253,0.398040005189245,0.000136518346312896,0.0012494572280527,0.904973247861667,0.11988232533053,0.0355303340936829,0.0977838827402911,0.000112539344488322,0.034613733120853,0.258096780102922,0.815060231813463,0.108646440869151,0.207317944742031,1.75969263575994,15.0744030107422,0.0528697473164191,0.00025600408579191,0.00123982560619295,0.171380212465791,0.000451821236138111,0,0.0163377870316092,0.10885022085077
