0,0,0.0162498177789871,0,0.000272621079275728,0.0112377975653572,0.512906553817254,0.128136445243454,0,0.00172913646295154,0.00142458131842065,0.00178865449031371,5.11918450027704e-05,0.744553856685173,0.000330043458411217,0,0.0564870925757043,0.000412769730396688,0.0139553788250918,0.000673995938123703,0.0132209245184461,0,0.0887648749865238,0.000289700932393074,0,0.0175598911348662,0.000100985986526251,0.0210741353812401,0.466847419196307,0.518334445585192,0,0.00212024641398698,0.000305390545593917,0.00778401416151795,0.000465309040249824,0.00186032106919253,0.00105926272158438,0.00608626656094128,0.00164105620256198,0.000154030311853409,0.000307413241045833,6.54711988917589e-05,0,0,0,0,0,0,0,0,0,0,0,0,0,0,0,0,0,0,7.62659846937658e-05,0,0,0,0,0,0,0,0,0,0,8.13806080064774e-05,8.03285756676198e-05,0,0,6.01625928833484e-05,0.000276263800585985,0,0,0,0,0,0,0
0,0,0.0084933558042498,0,0.000968495078106758,0.00130470403165656,0.00288150834982062,0.000879143704130652,0.349978902747307,0.00117414041350913,0.129936530528766,0.00147062365041339,0.0485038201488526,0.000215769947904229,0.00952745248050856,0.0249716608738933,0.000234238307817936,0.000191893789812088,0.000681010229398907,0.000415437432845533,0.00620124400453007,0.563373085375853,0.00838707510071705,0.301078542205031,0.40375199995879,0.030859773191073,1.01973049119724,0.0176520798997076,0.000395127998854637,0.000514940246624589,0.000719481545156181,0.00450884527604693,0.000118342356449127,0.0155427611426099,0.000885868865944144,0.0119617453261545,0.0184353400082496,0.0280416244616366,0.00243752201127004,0.0133024332811802,0.00131656424487102,0.120901747329501,0.0102996400144684,0.0250666812641889,0.00675283551975644,0.00632753060343552,0.000991793917050598,0,0.00637317806378257,0,0.241160825494715,0.0124341125845166,0.00057047928584373,0,0.00018875895356822,0.000629520386080027,0,0.00917517870745278,0.000733389410315511,0.0088968852439659,0.000410218527278542,0.0307832467466149,0.00013769924968791,0.000199794444187522,0.0307938331077819,0.00405543178018463,0.000502077391717076,0.00168075050449258,0.00060914702334094,0.00102729438294953,0.022198310489581,0.0072627393410995,0.0184862919636353,0.0181793801538049,0.0470744350257162,0.910864239367842,0.00784634747317504,0.000316464990984261,0.000951579239786741,0.0020519320872308,4.57815771827698e-05,0,0.00242828301441938,0.000981802708903791
0.0162498177789871,0.0084933558042498,0,9.64424142804148e-05,0.00144034927389723,0.0177737687319407,0.0724267335344659,0.172439354154445,0.000222271425757527,0.00968974175238926,0.0275070397090648,0.00568733980969643,0.00020930627742213,0.118577777372128,0.00498246456400424,0.00231033903301012,2.53761868267668,0.0303402188628431,0.414608360365782,0.00294693547325974,0.37820114002795,0.00196084648286534,3.28958085738339,0.00125846505718601,0.00149244508857762,3.84905202766885,0.971659777490299,0.0385220782933378,0.0444086219706878,0.0520185409158449,0.000153808048483491,0.0109625900523243,0.00733113572333586,0.463057409874884,0.154707571962687,1.02792853569475,0.621865047091357,1.03243170650378,0.665264217177198,0.0110699700173589,0.00569469040495831,0.00311315652816117,0.0180722352287106,0.0131051630488954,0.0124334975410469,0.0136819742247102,0.000349962035563112,0,0.000178945332319737,0.000147428173158288,0.00808026031283186,0.084125873222576,0,0,0,0.000586517459447086,0.000154852169227243,0.00130049997393143,0,3.62096507937312e-05,0,0.000623785517751753,0.00027674753561759,0.00100856009946275,0.0135546276906128,0.0174915973738863,0.000113247171182513,0.0054609608498596,0,0.00171892779958654,0.00315972177506548,0.0296351228268238,0.00790003883147943,0.00186282258880472,0.126360534086138,0.603978730542644,0.005220551694556,0,0.0022447632743026,0.000159598761308491,0,0,0.00605682543056196,0.0362441353518094
0,0,9.64424142804148e-05,0,0.0071939934565,0.0083789709948653,0.0042479054352799,0.0069877193547259,0.154976135447095,0.526197766024086,0.00285403854634863,0.0924154227941584,0.000506270607060075,0.00352793174519766,0.0825090407134981,9.90939263710977e-05,0.000104717116633534,0.000647537924946189,0.000145699478699982,1.18677393049619,0.000215932909279227,0,0.000301865167226434,0.39658249562979,0,0.000392309300772011,4.18719947098494e-05,0.256568890211704,0.00381392577619708,0.000454113999857724,9.22548900406363e-05,0.00327545617690748,0,0.00216149990991455,0.00233463207971179,0.0259987920769156,0.00104375879264647,0.00976051275618624,0.000707370829422533,0.0710653130630663,0.00331651528800303,0.00270028684284675,0.0116072674373402,0,0.00587441692424488,0.00030843347401762,0.134831552078584,0.00266481760152221,0.000580354145460963,3.31334455890655e-05,0.000267735555650473,0,0.0914753409291588,0.00736351330780449,0.00844883759078724,0.0114999664134148,0.0050665277054221,0.026482359699605,0.0731159816335902,0.000360273068849325,0.0549123090843696,0.00162225513166225,0.00560729408448148,0.0252767732460549,0.000195165549103856,0,7.94041079649923e-05,7.28471637105346e-05,0.0643408547083919,0.000370144759457469,0.00130581029339028,0.0009328324660331,0.0850569357249102,0.000247537441299558,3.95734096976519e-05,0.00086108679087293,0.177651119637984,0.00296706475236219,0.000851199534966348,0,0.00017781536858356,0,0.00191260877502263,0.000208989907595396
0.000272621079275728,0.000968495078106758,0.00144034927389723,0.0071939934565,0,0.268932496416703,0.0396077681138696,0.013561024293935,0.00891387897215832,0.0349962950423253,0.00151503917486834,0.130961619440933,0.000260143973638773,0.00363463591904399,0.324905180148175,0.00155176208055973,0.00229842019312751,6.25432377467752e-05,0.00118991725969535,0.0143134112034467,0.0198700951975937,0.000947265339835522,0.0315884906733469,0.0353350390993343,0.000302375928441763,0.00109920871933001,0.00592480841305411,0.0332166304144808,0.00117364469962317,0.00705747572049129,4.11799443193674e-05,0.0305293230766733,0.00027002774582088,0.0283874965893675,0.0796676072002199,0.138517440516041,0.00487035629316354,0.0107299984140818,0.0047572168529914,1.24560509292401,0.49841715178363,0.00745610163661048,0.00192598129838371,0.000289107221818447,0.000436403787122011,0.00103781839331627,0.0109962715266756,3.91344778980017e-05,0.000870824849831581,0,0,0.000119722112409353,0.0024392239002825,0.000674143834685146,0.000405939847038686,0.000817818373400566,0.00108410654425132,0.00137641662891841,0.00140668385440165,0,0.00213380987342399,0.0031118357332542,8.6765711708784e-05,0.0014786752151872,0.000280414122844576,0.000105892040959358,0,0.000134069916894674,0.00199554437207883,0.000250029466997624,9.43546973185542e-05,0.000827635161472619,0.00926679679495173,0,7.60614459195138e-05,0.000294421855500698,0.00824035406243256,0,0.00121882038412327,0,8.75863583025931e-05,0,0.000267701732488633,0.0437548449334291
0.0112377975653572,0.00130470403165656,0.0177737687319407,0.0083789709948653,0.268932496416703,0,1.32921512149427,0.764815638108269,0.0261362346587225,1.47899117539546,0.0531463283197305,1.05353382495869,0.00417672836777133,0.142103199744641,0.183097486745304,0.00252342186883122,0.0467085283995737,0.0106947443670514,0.0173910256413209,0.0588174041344214,0.0484626771508081,0.00176121969018627,0.0782527789148724,0.0383244963212579,0.000556944972548246,0.0263376286154447,0.00949443224940837,0.622662686891172,0.0485551199040787,0.0927302067132421,0.000838221673440694,0.0663742224562585,0.00308998787866729,0.0271390018347032,0.897285875418871,0.414790225764043,0.0177897185568489,0.0805709596619668,0.0139233196582854,0.532397888639781,0.0250089257074581,0.0321589555937447,0.0156443965705603,0.000169654934141636,0.00376817555034905,0.00117217404336911,0.025680675920734,0.00162078435957545,0.00323179581201988,0,0.000118731440828562,2.74570137884021e-05,0.011016120383442,0.000672152075318515,0.00308306274582368,0.0114054071926206,0.00558215006049073,0.0237026704119767,0.0208756650321,0.000181975252507508,0.0226425028814736,0.0113419356821748,0.00166199304790002,0.00419442282288253,0.000331262134732187,0,9.94422551081182e-05,0,0.0166634901458921,0.00121492082883221,0.000675227646721363,0.00195521338562483,0.107434868969493,2.43634817533493e-05,0.000259183707061052,0.00067971055976218,0.122865458146365,0.00168394146716571,0.00401561997576803,0,0,0,0.0027174999101786,0.0346065901381281
0.512906553817254,0.00288150834982062,0.0724267335344659,0.0042479054352799,0.0396077681138696,1.32921512149427,0,1.83661454870879,0.0233959673830216,1.42196332154717,0.160799638376312,0.0696748590636074,0.0123342897423444,1.9575569089234,0.11019830964383,0.00774490954224218,0.0540110333879261,0.0581163521004058,0.0538725479464224,0.0244148404434024,0.217910792632519,0.00570845477738607,0.231549452832253,0.173662997086333,0.000521749323798775,0.100424431589623,0.0544839713935672,5.78069523863813,0.834987104284575,1.14804290892996,0.00246248127984536,0.092596515166198,0.0828664874087067,0.210846944895845,0.215353851435512,0.680895999203289,0.0381133106192847,0.654397082832113,0.0957632233856908,0.200829175122373,0.111920301905804,0.0385287509807318,0.0160539128629088,0.000137621086625099,0.00992577321668139,0.00102945770809722,0.0165398438233009,0.00250809301125407,0.00206517964891416,0,0.000555864268326461,0.000175251889379859,0.00955922362591367,0.000316857143838704,0.00291178793881035,0.0114500313121815,0.00688182338200975,0.019092320476593,0.0224167826340516,7.92592689509395e-05,0.0144012896438533,0.00702069601304388,0.00646658403845859,0.00297891074000413,0.00629096293766457,0.000126745698716045,0,0,0.0160374235863253,0.00269678524516058,0.00229046120057302,0.0124557762650373,0.0859472279549368,0,8.02953382260802e-05,0.00926720760999146,0.135461178337979,0.00534060888268781,0.0092376673726775,0,0.000143359108663797,0,0.00518534666116858,0.00941678114110863
0.128136445243454,0.000879143704130652,0.172439354154445,0.0069877193547259,0.013561024293935,0.764815638108269,1.83661454870879,0,0.0248880912171275,0.764301023480604,0.0531055793748532,0.359079162247569,0.0032275969274289,1.50790963728754,0.00780106922424212,0.00139359020165491,0.602724096851323,0.0154809778988085,0.257475467531408,0.0493007525340472,0.142125540973512,0.00207354970128697,0.735184104639919,0.0336648278394001,0.000321637773263097,0.242981383491201,0.0118150070113067,0.57380421833459,0.221091843333655,1.22409885599583,0.000677126812013447,0.0225980141703928,0.00507050495170289,0.0856454509309661,0.00786912044565781,0.157347122818702,0.0179984697768652,0.122023741340017,0.0275270348166935,0.0279758646162838,0.00527881392338761,0.019992291590343,0.0241111390976714,0.000290824400753379,0.00744967888568508,0.00100276865885842,0.0227401298341978,0.00121024066573805,0.00281940732215876,2.70770780103802e-05,3.82281281852722e-05,2.81747724919319e-05,0.004045330430395,0.000435198062213361,0.00196950299617565,0.0165418606396946,0.00568766650612176,0.0411122396159826,0.0104244903856716,0.000395100762860656,0.0141549466020795,0.00898451308131925,0.0015821175946362,0.00191721499529987,0.000767544234090683,0,0,0,0.010244631438959,0.00116124605646574,0.00100214473779231,0.00384715944333774,0.156856680192522,0.000108429403157115,5.11109631487131e-05,0.000553222809643924,0.16441246762696,0.00335881195397162,0.00393941901039869,0,0,0,0.00305248200917846,0.000484885759999812
0,0.349978902747307,0.000222271425757527,0.154976135447095,0.00891387897215832,0.0261362346587225,0.0233959673830216,0.0248880912171275,0,0.0905171521067836,0.0589863881117527,0.0230919189346324,0.0220863903267488,0.00459777115482193,0.114067861150222,0.0159579667985017,0.000229446119159699,0.00309181521017265,0.00122098097736657,0.0560378662412849,0.0118879766845376,0.720980617868843,0.00498320904728925,2.51130708791019,0.19930111989177,0.00551380642149323,0.481234870841816,0.545169782593169,0.00173076040526801,0.00153771154224014,0.00045710237324357,0.00590253625874746,3.94597056515217e-05,0.00906377910353778,0.00232382541340399,0.0382131321829256,0.00815572399621618,0.0268805343859838,0.00366744110665119,0.0262986904237841,0.00369724914053184,0.0204810342005045,0.0346580780538152,0.00691236168015945,0.0193788568692922,0.00258088956479669,0.0175882381506515,0.00176913698076666,0.00418933127651256,0.000184906863476753,0.0117978562466935,0.00140569550603235,0.0686025917886987,0.00157314241888499,0.00934876669877537,0.0248314388001101,0.0151550385519468,0.41241584363516,0.0483242518833234,0.0100849585774759,0.0266917154419807,0.00963015065860509,0.0139440908627967,0.00517591883945769,0.00772475995962634,0.000342071207301379,0.00343052898128962,0.000852097780757902,0.0268859525719554,0.00489636047145659,0.0446711188723808,0.0101708703548823,0.400038961110266,0.00650771574390304,0.00856905186560683,0.0435151474632592,0.294776827451143,0.0100359897224127,0.0144456215130249,0.000850539799726483,0.000662734543052316,0,0.00696335177511597,0.00297582853772294
0.00172913646295154,0.00117414041350913,0.00968974175238926,0.526197766024086,0.0349962950423253,1.47899117539546,1.42196332154717,0.764301023480604,0.0905171521067836,0,0.158822263773554,0.365318521273979,0.0117858379108531,0.162239418013176,0.0549134137768975,0.00147299032759607,0.00489638806587643,0.0454539824919898,0.022383363745979,0.432615526444506,0.0101920549905049,0.0007559583106333,0.0175370420351358,0.0580009604017633,0.000614771308550655,0.03875176286404,0.0102393949858238,1.43178509294284,0.139043442005309,0.0167408244057354,0.00224307350183249,0.0970236983901697,0.00142771969302708,0.057108750060142,0.289286280415522,0.566599885369618,0.0287526982126145,0.249603215638161,0.0172455552721433,0.165244500810277,0.0754884329628212,0.0325073333520575,0.0154058191571485,0.000109258153672099,0.00780246349426401,0.000485386343232155,0.102581917237046,0.00171580119402421,0.00188698255897987,0,0.000307391831657529,0,0.0706641582012003,0.00573314245969689,0.00677612742403417,0.0313518617983888,0.0145167201661355,0.0375611453363858,0.110255937693841,0.000185044162434697,0.0814248906554737,0.00516258624561113,0.00276330847857672,0.0255146681663706,0.000411950095700264,0,0,0,0.0993512070007795,0.0011222218076315,0.00200291898405856,0.00112398498965078,0.165663167640412,0.000110537856366038,0,0.000368788441051364,0.345132345126685,0.00209795514290619,0.00227927814559186,0,0.0002922583620677,0,0.00440429851004338,0.0121887266337549
0.00142458131842065,0.129936530528766,0.0275070397090648,0.00285403854634863,0.00151503917486834,0.0531463283197305,0.160799638376312,0.0531055793748532,0.0589863881117527,0.158822263773554,0,0.161698430900613,0.404010840296067,0.0379703748902353,0.0058820297036491,0.000782949836325881,0.0205718608749721,0.379822566894283,0.199006249870633,0.029517244749876,0.0163183870864001,0.0549755608579107,0.0411666744959416,0.0341249358975612,0.0735420568201883,0.311503088599114,0.091564890783638,0.122832437150332,0.0775398139375166,0.024017417013246,0.0295043853415391,0.284837189183707,0.00263573274425787,0.937209915485175,0.0214838132777534,0.247322378370695,0.56570653096982,0.812495254547868,0.0868533853415973,0.0227555833343662,0.012896337267559,0.275978565552332,0.00486109790197724,0.166452294386865,0.000874056469798563,0.000642835334009766,0.00700910485744321,0.000196425940512061,0.0485685162693157,0,0.00968148180887636,0.000244451276664257,0.000519495052461266,0,0,0.000393993231337786,0.00016156677059114,0.0234347183408831,0.000227157771139622,0.0941229089476225,0.00406915955820674,0.191440028116435,0.000273883800451994,0.00027133439164865,0.000279988142457247,0,0.000234523610427976,5.04897849146127e-05,0.000746862201124189,0.0002151169091084,0.00158216353434038,0.000308476347432315,0.0280327841239439,0.0181454926698221,0.0313594988436606,0.103966738126151,0.0104156147692583,0.000586650977449357,0.000781450147577526,0.055642111051821,0,0,0.000366927362877488,0.0036491561340152
0.00178865449031371,0.00147062365041339,0.00568733980969643,0.0924154227941584,0.130961619440933,1.05353382495869,0.0696748590636074,0.359079162247569,0.0230919189346324,0.365318521273979,0.161698430900613,0,0.0124391145878028,0.0708641542446329,0.534852307406473,0.000538984784004509,0.00211310864500451,0.0400548149830502,0.015766334963352,0.35123631097493,0.00386259085660559,0.000118163475720883,0.00918075864839048,0.0542805511636911,0.000964821165004967,0.0285290261504051,0.00821563090907511,0.0791603394699137,0.0365842269796666,0.00948918040581657,0.00348323722555351,0.107962372931865,9.4098042550683e-05,0.0262313713057555,0.676707603684894,0.252164317514623,0.0241248187439092,0.0979676038154373,0.00609709098899865,0.246296559008489,0.0203559487456504,0.0332957910485701,0.0221774009370605,0.000691581193552733,0.0103268655004527,0.00206298066913593,0.148214172525504,0.00302345521690273,0.00239161119096899,0.000192416942945719,0.000243715498319387,4.74144342496395e-05,0.0542273544418096,0.00659138511955011,0.0131971554728612,0.0140587137401644,0.0140714695721711,0.0121136345330778,0.0560292740588591,0.00382290817291796,0.0773930091324864,0.00881025553738518,0.0150421149016239,0.0257848424471718,0.000499417976773382,4.12886172903776e-05,0.000338838315359712,0.000456004536702991,0.0418072910143617,0.00181714444589311,0.000483454377603233,0.00184450573593729,0.0641063847460095,0.000339822321093798,0.00125989713457906,0.00123096120107221,0.150307756912065,0.00865437066240348,0.00504373608277446,0.000124703514950991,0.00107852495324337,0,0.00390929521426683,0.121699853878459
5.11918450027704e-05,0.0485038201488526,0.00020930627742213,0.000506270607060075,0.000260143973638773,0.00417672836777133,0.0123342897423444,0.0032275969274289,0.0220863903267488,0.0117858379108531,0.404010840296067,0.0124391145878028,0,0.00151655001415765,0.0010470283270753,0.000465958647773743,5.22909928574562e-05,0.000392065376678586,9.80875277631281e-05,0.00234283464449042,0.000591201991402745,0.0248047417147014,0.000619134092106223,0.00901738668783265,0.247860254434251,0.0039895845641585,0.114211380584519,0.00799778468105354,0.00421790519771969,0.00155308478342873,0.0342734423621233,0.0202134117260259,0,0.0406666609836815,0.00178022330229175,0.022929694205632,0.25326141711416,0.0783883577620016,0.00325031760579789,0.00401403786655706,0.00162805141320115,0.389630426663505,0.00124111117438889,0.397786931418325,0.00285893851846981,0.000380796358501196,0.000705139134542882,4.28696555948257e-05,0.192585147666993,0,0.0417469881086836,8.42199702138903e-05,0,0,4.03813190604448e-05,0.000202624817336738,0.000394135771181106,0.0214325040832514,0.000447983459982157,0.464290842181823,0.000499214071800947,0.981788117931403,0.00204694914826614,9.88770087916848e-05,0.000279337656352878,4.80541063836813e-05,0.000820096613374413,0.000300510026817501,0.000199107827008486,0,0.00821407565120605,5.97609898252487e-05,0.00355416413585562,0.124353193881996,0.0628335036544798,0.400820298207269,0.00017303382561034,0.00425229572146332,0,0.167810719239868,0.00135099085597885,0,0.00270037730385035,6.67745795474053e-05
0.744553856685173,0.000215769947904229,0.118577777372128,0.00352793174519766,0.00363463591904399,0.142103199744641,1.9575569089234,1.50790963728754,0.00459777115482193,0.162239418013176,0.0379703748902353,0.0708641542446329,0.00151655001415765,0,0.00187915196593159,0.000705693953726649,0.584307443612186,0.018304629730547,0.227396855994439,0.0152629669741063,0.101563774646373,0.000154773562503159,0.628447447272422,0.00787163737430348,0,0.16478713813244,0.00868345901322711,0.28471696489919,1.49679647378666,1.79452999365513,0.000640928497530162,0.0339734861240152,0.00517683678337264,0.105540927388942,0.00415302322907937,0.0530406463501982,0.0103483928873563,0.0775423258787972,0.0149326449226422,0.0103216909391577,0.00300266913116193,0.00282081314485788,0.0042810102701807,0.000168990443202615,0.002432000557127,0.000193341535223186,0.00448956653712887,0.000235382258904576,0.000805435822252753,0,0,0.00015049686671865,0.000911306558728935,0.000187466749679804,0.0007455507471447,0.00242496309274602,0.00112410367013395,0.00769115603420571,0.00115223581180429,0,0.00284440550398016,0.00183449451932275,5.71879729969501e-05,0.000536026959866285,0,0,0,0,0.00203056989749277,0.000144615806537271,0.000335393296506167,0.000411575872880697,0.0346388495753813,3.30290977690816e-05,0,0.000324398978964269,0.0320091676059475,0,0.0013915132549529,6.07069193687439e-05,0,0,0.00078592368690801,7.21307250632048e-05
0.000330043458411217,0.00952745248050856,0.00498246456400424,0.0825090407134981,0.324905180148175,0.183097486745304,0.11019830964383,0.00780106922424212,0.114067861150222,0.0549134137768975,0.0058820297036491,0.534852307406473,0.0010470283270753,0.00187915196593159,0,0.00335233291707373,0.00327063999775767,0.00153732321186632,0.00356519644653821,0.0487588487211323,0.0675268750889211,0.0161796848212947,0.0441984816974943,0.326899130080319,0.00481918255740857,0.00485691363853854,0.0248338918404398,0.21384130012729,0.00190165420341128,0.0521876723733954,0,0.0235141612178496,0.000144557662869811,0.00441000221717745,0.151793580622784,0.0559459950045978,0.0110844655020389,0.0190278051929017,0.00795085914622762,0.563026192040406,0.0134807423726377,0.00916642008866963,0.0111774534866015,0.000673636764819026,0.00611515741584021,0.00312324835562486,0.0796735699312289,0.00147858460556799,0.000466400822890282,0,0.000133202377708435,0.000237786111842155,0.0243609813090147,0.0038207625964067,0.00562072554266954,0.00340562212375361,0.00442686326879412,0.00555783115686041,0.0175281348073105,0.00107207921061063,0.0223539897330267,0.00444653824312454,0.00556716233690721,0.0125686448030138,0.00107134037690389,5.83148376607895e-05,0.000228436186560214,0,0.0140613143426704,0.0012036513997764,0.000344459512424707,0.00426323183851415,0.0302005142773165,0,0.000436051587822855,0.00154282703757673,0.0563623409551954,0.00341689670408833,0.0043233878682704,0,0.000375667806847155,0,0.00201987026501334,0.174697017267084
0,0.0249716608738933,0.00231033903301012,9.90939263710977e-05,0.00155176208055973,0.00252342186883122,0.00774490954224218,0.00139359020165491,0.0159579667985017,0.00147299032759607,0.000782949836325881,0.000538984784004509,0.000465958647773743,0.000705693953726649,0.00335233291707373,0,0.00168461495809054,0.000571421244291007,0.00104003750395155,0.000314358165990353,0.430341895208663,0.564610777882245,0.665610014704269,0.196586204238567,0.00442235094516343,0.00275072936144441,1.00291556314411,0.165174030969434,0.000749079701028646,0.00145555896799052,0,0.000899048855611623,0.00016291667230022,0.00670267510634792,0.0402335052079528,0.229712042973183,0.118429390296159,0.0487245630959605,0.0629117644189336,0.00647748264099836,0.00224522850669217,0.0112757037550018,0.0385125286549175,0.00880862881289728,0.0210604306342647,0.011950365259342,0.00423301608648061,0.00139830945502257,0.00259296705620194,0.000222659294985891,0.00899304647753362,0.012128055111125,8.43886576604844e-05,0.000149676547953367,0.000746455888262927,0.00705829636052853,0.00152851172089839,0.0261181161486701,0.0015782122717486,0.000140859901335478,0.000891576286282662,0.00553875305555713,0.00172815209660607,0.00120804575540459,0.794311383337762,0.00408494784560853,0,0.000609209852770806,0.000379831196350813,0.126939117107387,0.285654094497838,0.811073191380888,0.267171779120455,0.00209930373767221,0.00616222678215391,0.33877307673549,0.124395468410797,0.0026215631058346,0.0407269206837454,0,0.000257268357967377,0,0.00963617710855247,0.00720222365285236
0.0564870925757043,0.000234238307817936,2.53761868267668,0.000104717116633534,0.00229842019312751,0.0467085283995737,0.0540110333879261,0.602724096851323,0.000229446119159699,0.00489638806587643,0.0205718608749721,0.00211310864500451,5.22909928574562e-05,0.584307443612186,0.00327063999775767,0.00168461495809054,0,0.0207547222501723,0.825838183424761,0.00113741997964483,0.184895490432028,0.000340909579700589,1.58730949954638,0.00177550067447579,0,0.394613918666152,0.52721858436212,0.0350540670440277,0.472837711855828,0.274586187898791,3.76285910049677e-05,0.0127175469161752,0.13072850143028,0.487202311781165,0.0163553493331421,0.168184962061347,0.216379903837903,0.162257429292703,0.0478936078794977,0.0041661580636456,0.00502473949712705,0.00118540296253693,0.000656018243536651,0.000307055840200722,0.000126034927131176,0.000303116597988248,0.000214409769863605,7.80857302470208e-05,0,0,0.000283856685169697,0.00261835961355519,0,0,0,0,0,0.000108208582232713,0,0,5.30570057345629e-05,0.000220613308409929,0,6.66635986635685e-05,0.00343571455106652,0.000189458246783614,0,0.00011946917303145,0,0.000748156468146799,0.000820240886337878,0.00437763633181614,0.00284534874751526,7.60880481116771e-05,0.00506915886810339,0.0233433495866482,0.00163180612947816,9.05991811399463e-05,0.000341907017662168,0,0,0,9.16866014754773e-05,0.00219068202297509
0.000412769730396688,0.000191893789812088,0.0303402188628431,0.000647537924946189,6.25432377467752e-05,0.0106947443670514,0.0581163521004058,0.0154809778988085,0.00309181521017265,0.0454539824919898,0.379822566894283,0.0400548149830502,0.000392065376678586,0.018304629730547,0.00153732321186632,0.000571421244291007,0.0207547222501723,0,0.349889441970395,0.00977805663091313,0.0151646418340416,0.000154876612122178,0.0426618503174661,0.0028859400101496,0,0.280794213209047,0.060961030491037,0.0320200977412204,0.0229414817064793,0.013174081012874,0.00356572965745103,0.037793996680387,0.00324898640998453,0.252296875691793,0.0366522558093012,0.268277018979866,0.337259751588031,0.567125332430911,0.207860076122731,0.00462312350509918,0.00207895244653505,0.00410392946916199,0.000545666377406835,0.00756270692316735,0.00011155186496687,0.00025432019602859,0.000309902005942821,0,0.000401615541810036,0,0.00040079535854721,9.70243492543694e-05,0,0,0,0,0,0.00496605868044138,0,0.000894747074388263,6.04153792746067e-05,0.00176536346461642,0,0.000146664406999349,4.6758401286602e-05,8.5729616207361e-05,0.000144968230945348,0,0,0.000130629155440926,0,8.56079699687955e-05,0.00109489642355305,0.000110106180504441,0.0100278887495088,0.0153204437487364,0,0,0,0.00327371192152178,0,0,3.07920658410191e-05,0.0107301577890127
0.0139553788250918,0.000681010229398907,0.414608360365782,0.000145699478699982,0.00118991725969535,0.0173910256413209,0.0538725479464224,0.257475467531408,0.00122098097736657,0.022383363745979,0.199006249870633,0.015766334963352,9.80875277631281e-05,0.227396855994439,0.00356519644653821,0.00104003750395155,0.825838183424761,0.349889441970395,0,0.00420427784013182,0.138171133980545,0.000165592059049726,0.349223270903619,0.00102232966032332,4.65804690755605e-05,0.794560329012391,0.135617620757493,0.0376503489886423,0.20165370042595,0.062031333806438,0.000227039691675424,0.021250003330358,0.0589500588778546,0.898248366831107,0.0326421947278794,0.354375267748,0.311875524969578,0.492084693963337,0.170237555031217,0.00440098353858078,0.00719415620150817,0.00236920030400097,0.00123052960388947,0.00115504100553715,3.7571929122448e-05,0.000378977154957771,0.000533096157540739,0,0.000144015084803224,0,0.000511444562965035,0.000623822151496828,0,0,0,0,0,0.00199156884143401,0,0.000127594927586317,0.000312319076926589,0.00050826591134584,3.46407858552337e-05,6.62627299413681e-05,0.00191287852107632,6.57561889719367e-05,0,0,0,0.00183495599261189,0.000419750089233875,0.00214701387106723,0.00490864682897264,0,0.00625432224044001,0.013728791077823,0.00228360206616837,0,0.000845004699174641,8.85160625195504e-05,0,0,6.06715138878822e-05,0.0069043662592991
0.000673995938123703,0.000415437432845533,0.00294693547325974,1.18677393049619,0.0143134112034467,0.0588174041344214,0.0244148404434024,0.0493007525340472,0.0560378662412849,0.432615526444506,0.029517244749876,0.35123631097493,0.00234283464449042,0.0152629669741063,0.0487588487211323,0.000314358165990353,0.00113741997964483,0.00977805663091313,0.00420427784013182,0,0.00135900515102023,0.000113058199892223,0.00245199653677952,0.0439971686947484,0.00032246761872536,0.00610518139926732,0.00196220778645057,0.291877324444887,0.0192577548829043,0.00355873535278833,0.000583416601537228,0.0155724093950523,0,0.00634667236029654,0.0104125055560922,0.104526089521813,0.00693232445078224,0.0282313164064491,0.0030814237059108,0.0586842648473129,0.00948971037559802,0.0103636899215256,0.0172282060554389,0.000103622073192,0.0105828575105047,0.000883719438540458,0.109654954822517,0.00206642060664731,0.000693179486565292,0,0.000491819895014763,0,0.10159762847548,0.00562511244784808,0.0097292648163673,0.0233262900960534,0.0140661451648277,0.0227882334033495,0.100070553432501,0.00105202833934963,0.0731793698668483,0.00407929682051867,0.00862127954384822,0.0240672448883248,0.000505550627864659,0,0,0,0.0749427468719929,0.000841083832843839,0.000674198420320332,0.00293829329042709,0.113253273789213,5.7577997151494e-05,0,0.000666140215926111,0.262023719254085,0.0051545733121509,0.00244475515212745,0,0.000768001515545729,8.4175429244757e-05,0.00462553964942098,0.000587737862331629
0.0132209245184461,0.00620124400453007,0.37820114002795,0.000215932909279227,0.0198700951975937,0.0484626771508081,0.217910792632519,0.142125540973512,0.0118879766845376,0.0101920549905049,0.0163183870864001,0.00386259085660559,0.000591201991402745,0.101563774646373,0.0675268750889211,0.430341895208663,0.184895490432028,0.0151646418340416,0.138171133980545,0.00135900515102023,0,0.129883449792618,5.09550306598725,0.0486735972100479,0.00175529394260567,0.253790177798446,0.302610754019418,0.254154331738547,0.0694347218092837,1.09126511518644,0.000191008943465173,0.0376693470342195,0.0211306656427919,1.00680557686569,0.520532992721559,1.54687171387995,0.137542004947418,1.64336471187251,0.626214659045296,0.0752694022400663,0.0258110932268245,0.036406059274096,0.0496533829670557,0.00370330064750624,0.0194839149363354,0.00640696140757019,0.0136031209473486,0.00187725050146878,0.00587580666149098,0.000612938364620924,0.00139826740992129,0.00867745891085844,0,0.000101137657486796,0.000380784744629264,0.0131466358686638,0.00141717977423471,0.0318612959179468,0.000799377988187794,3.78416795471907e-05,0.00133383123125339,0.0168112647463819,0.0016497587145856,0.00427565078737051,0.171906529685888,0.00279290956523621,0,0.000621207214142084,0.000153350867562533,0.169497529508244,0.10184389331048,0.187472734473673,0.340226833262902,0.000120918546657562,0.00259079334763205,0.109516940809363,0.199320031967595,0.010135584227645,0.154124828832404,0,0.000386580543167472,0.000648269507085919,0.0155059714036096,0.0364534779701165
0,0.563373085375853,0.00196084648286534,0,0.000947265339835522,0.00176121969018627,0.00570845477738607,0.00207354970128697,0.720980617868843,0.0007559583106333,0.0549755608579107,0.000118163475720883,0.0248047417147014,0.000154773562503159,0.0161796848212947,0.564610777882245,0.000340909579700589,0.000154876612122178,0.000165592059049726,0.000113058199892223,0.129883449792618,0,0.131696768886114,1.25822566839918,0.256610046091224,0.00356565518136638,0.879979346873233,0.124330050368208,0.000797155647348761,0.000679759023746014,0.000459904192528129,0.00221369624993432,0,0.00467201641540599,0.00151021951855063,0.0226824538119458,0.00949212781593528,0.0128776016028214,0.00345801411620903,0.0182901940942429,0.000625331869612575,0.024717803462468,0.0170314085540749,0.0107880731588719,0.0110702976513739,0.00655810342553032,0.00143821005288834,0.000271350603862048,0.00259750606726021,9.01582321020963e-05,0.019470956484444,0.00526925672196322,0.00467788193870074,5.22998879381418e-05,0.000544745616352081,0.00374953550226498,0.000884908603737475,0.0256276782563337,0.00208190826436269,0.00193724335785425,0.000972293351867315,0.0064441036933679,0.00113471462062591,0.00100906122689045,0.354630461565527,0.00210902064076328,0,0.000992304018237828,0.00114735733867788,0.0398243028944682,0.415346414841595,0.161699725543546,0.147020866880426,0.00141924445359325,0.00927751961583561,0.449348317160864,0.0578814364070602,0.00105609200123,0.0103138393235588,0.000341562098341822,8.47000160818101e-05,9.12127362680436e-05,0.00388537371311843,0.00251572608324409
0.0887648749865238,0.00838707510071705,3.28958085738339,0.000301865167226434,0.0315884906733469,0.0782527789148724,0.231549452832253,0.735184104639919,0.00498320904728925,0.0175370420351358,0.0411666744959416,0.00918075864839048,0.000619134092106223,0.628447447272422,0.0441984816974943,0.665610014704269,1.58730949954638,0.0426618503174661,0.349223270903619,0.00245199653677952,5.09550306598725,0.131696768886114,0,0.0468910331945928,0.000677815699951411,0.695091931050141,1.48553055094437,0.527573297793544,0.379412620287654,0.932353242986367,0.000156954391508639,0.103985558759672,0.0788915571949317,1.5129112853989,0.808735155820384,3.57738240013603,1.49710153124754,2.94290689674442,2.09349322078056,0.122791075433837,0.0419795364079948,0.028792413746906,0.0496486526899074,0.0154896979802556,0.0334387332380271,0.023346371324236,0.00728466443645829,0.000555157397901058,0.0049833395143007,0.000311982528161287,0.00546027345026314,0.0485737610274403,0.000128197533241629,7.92558333079813e-05,0.000289415240759849,0.00700928356332958,0.00127102743320823,0.00822711088490936,0.000499234480219483,0.000361388232220292,0.00151642402746939,0.00699826830628693,0.00166548655477816,0.00345570435880065,0.910453612530137,0.0104897241077643,0.000160993367900968,0.00201885277487356,0.000144706973464966,0.245860466337196,0.181631136082935,1.21832017548746,0.258690475842376,9.69613274984358e-05,0.0139469856302106,0.605146197516939,0.122840019618711,0.00124089598337305,0.0353259721698423,0,4.55318330402374e-05,0.000216807538303733,0.011691086497307,0.092698683432429
0.000289700932393074,0.301078542205031,0.00125846505718601,0.39658249562979,0.0353350390993343,0.0383244963212579,0.173662997086333,0.0336648278394001,2.51130708791019,0.0580009604017633,0.0341249358975612,0.0542805511636911,0.00901738668783265,0.00787163737430348,0.326899130080319,0.196586204238567,0.00177550067447579,0.0028859400101496,0.00102232966032332,0.0439971686947484,0.0486735972100479,1.25822566839918,0.0468910331945928,0,0.107749794855813,0.00491836553293508,0.468801253619316,0.95008725682274,0.00606217490367448,0.00192715057094574,0.000202683234194636,0.0121441917687887,0.00103775826082242,0.0107474982832928,0.0209074035454536,0.164130862528212,0.0255531790903704,0.0534336020960417,0.0180393550241018,0.243317805772608,0.00759172473512695,0.0360576925417492,0.157391825588698,0.00387891060431588,0.104114057123668,0.0159799859413082,0.128368485989899,0.0165175013082504,0.00698940584672523,8.88377453539372e-05,0.0102658996227743,0.00470743826146769,0.133087007091352,0.00683473792150092,0.0294349242072171,0.0832621944576437,0.0638817584864212,0.403732857657734,0.186329861872948,0.014428416949565,0.121870186158789,0.0269085950588498,0.0753785877447517,0.0373108659438472,0.126007845601254,0.00195867746879995,0.000842672153312625,0.000658892558821559,0.127984270257477,0.0523149381371004,0.101411414393568,0.166914673197397,1.19002957931287,0.00239816388438022,0.00436544040252084,0.146793746219475,1.15341135843171,0.0580533228962079,0.0898884614000665,0.00014185354959929,0.00495097045555925,0.000644636091734767,0.0391893862213621,0.00962091686548594
0,0.40375199995879,0.00149244508857762,0,0.000302375928441763,0.000556944972548246,0.000521749323798775,0.000321637773263097,0.19930111989177,0.000614771308550655,0.0735420568201883,0.000964821165004967,0.247860254434251,0,0.00481918255740857,0.00442235094516343,0,0,4.65804690755605e-05,0.00032246761872536,0.00175529394260567,0.256610046091224,0.000677815699951411,0.107749794855813,0,0.00879927553720776,0.233071454765937,0.00463408503541738,0.000279499214621782,3.85336381456852e-05,0.000286508044273734,0.00271777839395529,0,0.0121960085030445,7.99058079998491e-05,0.00272435121603804,0.00642131892452198,0.0192639852072268,0.000378052910178542,0.00612552709764981,0.000783522946155909,0.195560393502623,0.00151358478328026,0.00759119413810029,0.00133332202175975,0.00137702562504446,0.000294594310789823,0,0.00705681595028305,0,0.0367528121896566,0.00125157068777132,0.00046924900587058,0,0,6.69380435928107e-05,0,0.00369296404359496,0,0.00987539851487825,0.000160765745627403,0.0587203087523747,0.000242593048413038,0,0.000854371105489371,8.22251926392911e-05,0.000271013115321636,0.000133958341548442,0,0,0.00228949514891458,0.000373595976455688,0.00283030914178914,0.103522081526879,0.02716087261871,0.345766092262781,0.00149832782942659,0.000289067576421976,0,0.0028359812593664,0,0,0.000793773728929997,0
0.0175598911348662,0.030859773191073,3.84905202766885,0.000392309300772011,0.00109920871933001,0.0263376286154447,0.100424431589623,0.242981383491201,0.00551380642149323,0.03875176286404,0.311503088599114,0.0285290261504051,0.0039895845641585,0.16478713813244,0.00485691363853854,0.00275072936144441,0.394613918666152,0.280794213209047,0.794560329012391,0.00610518139926732,0.253790177798446,0.00356565518136638,0.695091931050141,0.00491836553293508,0.00879927553720776,0,1.89523842782455,0.0512396978377375,0.0924947526205508,0.061113449973715,0.0256282774700566,0.0321841375966702,0.0145738274408623,0.470547360755372,0.107580514520401,0.972505859195787,1.28147761931833,0.955178178808318,0.520221747374849,0.0115256519926471,0.00801625416432634,0.0194336766417966,0.0212447486783685,0.16294618010655,0.0146966601892137,0.0146471660545025,0.000639230994863391,0.000172980234388352,0.00303197697520447,0,0.0467300349070785,0.0193594120480716,0,0,0,6.17349371752739e-05,0,0.00552082423146129,0,0.0145678232351733,0.000943126273023012,0.0438672281912089,3.41683936906457e-05,0.00029815301620531,0.00369525423619687,0.00743340682828334,0.0051521071827209,0.00584208473309952,4.62069019130468e-05,0.000702160877945363,0.00485591179456156,0.00468655145806146,0.00484252327316839,0.0128369128986214,0.61473292668182,1.65701359108625,0.000749817855037573,0.000540838695846796,0.000653382648613692,0.0499221652420373,0,0,0.00423043580934322,0.0271499847317919
0.000100985986526251,1.01973049119724,0.971659777490299,4.18719947098494e-05,0.00592480841305411,0.00949443224940837,0.0544839713935672,0.0118150070113067,0.481234870841816,0.0102393949858238,0.091564890783638,0.00821563090907511,0.114211380584519,0.00868345901322711,0.0248338918404398,1.00291556314411,0.52721858436212,0.060961030491037,0.135617620757493,0.00196220778645057,0.302610754019418,0.879979346873233,1.48553055094437,0.468801253619316,0.233071454765937,1.89523842782455,0,0.380685211644333,0.0128542864358314,0.0168287685976168,0.0619142020508005,0.0241187545281156,0.0035163667415713,0.420559730903797,0.358798738526998,2.59213649345741,2.13296329286839,1.78106698309039,1.23620580388257,0.050473549849382,0.0138949446699848,0.0333951224604824,0.273432950874625,0.587106973796904,0.223367208568221,0.19552683224955,0.00600796745803398,0.00079869697031999,0.014286428260305,0.00213589377883285,0.605238096275924,0.740195054253006,0.00125458211405915,3.25336417748928e-05,0.00010448107572341,0.0143843478196588,0.00296228942501783,0.0339649626773966,0.00241613374386549,0.0955266804870421,0.00346380752815557,0.411356243967045,0.00573111680504614,0.00275738569675154,1.12041286869428,0.167067117359006,0.0175415027061038,0.0586872355441846,0.00062991404038912,0.0460097384960381,0.310592212540435,1.26771327727809,0.290725035588242,0.209452188098894,2.43082227886839,16.3209470327849,0.143932253256756,0.002108967486646,0.0159515812801547,0.19533344438997,0.000327906156291962,2.91459841713905e-05,0.081632006684284,0.0722874218710981
