0,0.000160146432574129,0.0061091032296017,0.000537434212014246,0.00047317099978984,0.00260103535242481,0.709135400979753,0.0994981343565239,0.000343406423444486,0.00898059851673796,0.00587528543174705,0.00133812193683286,0.000454092221369291,1.11354540754804,0.000139238599146259,0.00024612153184523,0.0567024489177805,0.00460463626541495,0.00662732808251835,0.00136229503521697,0.0188749438271241,0.000559780185054803,0.0381296426825153,0.00192512011813245,0,0.00701482913235738,0.00503372611222476,0.0157815690292481,0.5493424548804,0.402176977477382,0,0.00420910311437655,0.0020517017356403,0.021559837237343,0.00213735967527251,0.00658212334287023,0.00194041083471363,0.0122870792831804,0.00118064378550797,0.00126070236830013,0.00115232588852058,0.00043355163516044,0.000259443998986673,0,3.91795432884335e-05,0,0.00054967927509768,0,0.000387399684170056,3.59217687747478e-05,5.04321709121704e-05,0,0,0,0,0.000173033186200243,6.28458374167443e-05,0.000129798374621844,0,0,0,0,0.000259922758457566,0,0.000125700975762153,0,0,0,0,0,7.54038762425899e-05,0.000131068658843369,0.00317420893561275,0,0,0.000464333631641668,0.00226807669916998,0,0,0,0,0,3.32771125943124e-05,0.000211130091756523
0.000160146432574129,0,0.00160850449735208,0.000199756541917372,0.000343008932993138,0.000133445434078384,0.000491877794313413,0.000644667080743581,0.083925551276049,0.000566223958704102,0.125199467842593,0.00013652898099978,0.491074665104962,0.00135819581572839,0.00255903120230041,0.00638831457494206,0.0030284329398924,0.00166832630060527,0.000558986355357563,0.000132608299784708,0.00127491799844838,0.199197864635322,0.00266644597924169,0.0757887215362444,0.43595598243302,0.0115833440305106,1.57272502690055,0.00445983901747356,0.00286195109658786,0.000234870357174635,0.00805885106070291,0.00302150446310351,0,0.0110294395169623,0.000464890092409467,0.00468323812702265,0.0264267591915567,0.00926114687564521,0.00181581908090831,0.00138234736070637,2.51217297154844e-05,0.0723546408628899,0.00724533844053374,0.0203467136453756,0.00262265131160011,0.00132337737595566,0.000135591892151302,0,0.0166300008500958,4.39889855440736e-05,0.184069931447065,0.0258538559692238,0,0,0,0.000456220678544557,8.01276373696685e-05,0.00269071914882256,0,0.00651269616275216,0.000302678027035367,0.0373799217595798,0.000318989396288395,0,0.00258842642220357,0.00302429403170822,0.00026531698519234,0.00189184244514959,0,0.00023623757086702,0.00966080193303391,0.00571253814712081,0.00414591263546026,0.00583192883835269,0.0220596768193058,0.697307495965143,0.000660352374262739,0.000219747047166634,0.00033987099795317,0.00291435121519208,0.000150473852188969,0,0.00389458909269172,0.00112486297458281
0.0061091032296017,0.00160850449735208,0,0.0011904946784898,0.00631842552561642,0.00224558841786374,0.131708642764531,0.0301427387856028,0.00210539046139694,0.00834059052168898,0.030612166463353,0.00239287544681627,0.00434901261780571,0.0420207144190771,0.00326711268917138,0.00954461170961239,2.75886787084847,0.0715834481781374,0.253179153103757,0.00206024282813227,0.678204674433533,0.0114484164878711,3.81231959335324,0.016426113511682,0.000157858221552706,1.77212313555244,1.66917248944681,0.165166828896126,0.0298774306233606,0.126070698397473,4.09584219663084e-05,0.00470012299691278,0.00666673829035907,0.368357659533006,0.121979904827584,0.643280139132361,0.482373623949412,0.608998960868017,0.220702809122929,0.0104091393783304,0.00705115266549713,0.0020720873782161,0.0188579601792416,0.00507207466267241,0.00892576603793224,0.00684827977998133,0.00151949500306832,0.000579978957063854,0.000630600780200011,0.00022266831215412,0.00768780067470926,0.12367071674448,0,0.00137092894174707,3.55714650686324e-05,0.00717588422990871,0.00021061114912954,0.000714563719403875,0,0.00103786555922405,0,0,0.00110245912937898,0.00117075016606813,0.0202306114460646,0.0104634946875459,0.000856381830194499,0.00363187127585012,0,0.00576569173730323,0.00766705218180929,0.082055012156651,0.00784364215165846,0.000181793613759958,0.0113480875022264,0.595832343852777,0.0083866402359992,0.000391375055251384,0.00109812343352554,0,0,5.5219420766592e-05,0.00386073997298456,0.0579629164300248
0.000537434212014246,0.000199756541917372,0.0011904946784898,0,0.0134646590567599,0.0673606017600257,0.0630946609368302,0.186055418981516,0.251176476910496,2.07908935679569,0.0239696838944586,1.8693302044229,0.012718922194732,0.0833022177440038,0.0570118714873726,4.76978195982456e-05,0.00165704249407781,0.00777800983411333,0.00263463134132342,2.68710383226406,0.00159984245475206,4.85104185086727e-05,0.00230637347072904,0.810270745681784,0,0.00622948106683384,0.00279652451517905,1.54317705316503,0.0695889354160506,0.00254272147871333,6.56488350613117e-05,0.0426064837519445,0.00146473881824882,0.0171247557883065,0.029500433035177,0.227639741102577,0.00453663549732095,0.0436005810654672,0.00476731962771003,0.0982618361873002,0.0267623784530482,0.00880212148279072,0.0060493884605633,0.000284165608735263,0.00104273640079449,0,0.0909813668662824,0.00112152205970679,0.00265070742598817,0,0,0,0.0274415357405463,0.00290034736120527,0.00199460749818166,0.00228640400667555,0.00209262581669143,0.0192987689527417,0.0107649885146638,9.45434124471427e-05,0.0303674750963602,6.3393349717462e-05,0.00147066799798778,0.00561549261750714,0.000183792294073439,0,0,0,0.0090224314111045,3.48778840667963e-05,7.58872456066966e-05,0,0.147696063286485,0.000171131676248634,0,4.16874671961426e-05,0.118478326293029,0.000948056187610856,0,0,0.000285780724633444,0,0.00153845000408106,0.00304332109970394
0.00047317099978984,0.000343008932993138,0.00631842552561642,0.0134646590567599,0,0.169970077851516,0.012967668396411,0.0180476709242072,0.0233821021762418,0.0241752422988771,0.0300801624747974,0.0415701249786638,0.00278077203588948,0.00525355358656025,0.393547961549523,0.00582470826219699,0.00355804434822702,0.00605348869432982,0.00233608621794686,0.00972361756525376,0.0545281604909923,0.00322277342527814,0.095879419672802,0.0501885841876695,0.00049222744888165,0.00911016127205982,0.0305404896477391,0.0496502981419386,0.00618172532689413,0.0143039628579744,0.000517811803441775,0.140965896613249,0.000622806974726546,0.556400972768229,0.423695878312733,0.0723806148852828,0.0220288822736708,0.0315620403359155,0.00944510141108144,1.15844549118515,1.26236721615991,0.00611654751743445,0.00315327154866155,0.00114172659788591,0.00054935106236499,0.00196131010002864,0.015045283855621,0.000520567520520401,0.00253359577924087,0,0,0.000114578444497752,0.00272522010692314,0.00052245442740544,0.000426427405265784,0.000381584636055732,0.000763470264160073,0.000866680445742407,0.00121011830673149,9.04413681945089e-05,0.00488193572981181,8.73859776285889e-05,0.00109019058068996,0.00148962217489971,0.000780835559472608,0.000127247780041409,8.99920532120708e-05,9.9028721903086e-05,0.00109681997734415,0.00101303484613369,0.00023557106094327,0.00282421409994974,0.0128625421170246,0,0.000264116861111278,0.00316940596191464,0.0119864010724498,0.000239811888845754,0.000222011103159034,0,0.000173449164402652,0,0.000732382802664542,0.122880366182843
0.00260103535242481,0.000133445434078384,0.00224558841786374,0.0673606017600257,0.169970077851516,0,0.195432684870665,1.71398617760195,0.0126285134507873,2.22175663761892,0.0106952795326356,0.920250594210543,0.00400059150282265,0.0757375998414422,0.333014943661817,0.000168297474343395,0.00689792014214505,0.00427938879708868,0.00174124631921985,0.0598099741125194,0.00539972572627799,0.000525691688147891,0.00620551746248584,0.0340932988333685,9.43203625864508e-05,0.00398095247277052,0.002437374553305,0.111377152923821,0.035929229062815,0.0126735699993577,0.00012224551847893,0.115694230486096,0.0015568631879637,0.0114469179023648,0.122546758353674,0.116399245453237,0.00260668798928479,0.0250637149574074,0.00218742655398638,0.564869547996128,0.320547451896999,0.00632036817975246,0.00254226163806162,8.10441642687082e-05,0.000274815611840254,0.00011755236825993,0.0130273629483544,0.000109173397953105,0.00269384464627935,4.43121699939013e-05,0,0.00010228838804512,0.00127278607497826,9.41335123052595e-05,0,0.000464056713479847,0.000231822520443636,0.00365939004607376,0.000443418077023017,5.15339911757708e-05,0.00393254500093655,0,0.000431915701207644,0.000449402098769927,0.000293521161337662,0,0,0,0.000183503422646153,0.000254942131443441,6.1727436244601e-05,0.00017638718272593,0.0140852677285969,0,0,0,0.0103574597267003,0.00013868626395396,0,0,0,0,0.000417091387656414,0.0126679303934335
0.709135400979753,0.000491877794313413,0.131708642764531,0.0630946609368302,0.012967668396411,0.195432684870665,0,2.13257143945373,0.0225639006049642,1.98143138618611,0.0671397292802052,0.0304952179961756,0.0230006302873213,2.75404720655584,0.0146290435612582,0.00218609014898627,0.211521976314009,0.0395969719539317,0.038667555964623,0.0194603240449403,0.523732256858274,0.000787625214576226,0.385741295123126,0.149735987391564,0.000264537700240689,0.0746250812163419,0.0805746398567357,4.48889617459545,0.513311474485902,1.35183773965923,0.000560172025978053,0.0669844917347668,0.0433787947871552,0.105748781145826,0.0935230858986133,0.294541032964788,0.0255979440080401,0.207678726346881,0.030487665951455,0.0678431225766763,0.0573662802121108,0.0130672140450636,0.0101646901524447,0.000658829349729669,0.00315584209916035,0.000504999254389388,0.0336863478972945,0.00058461423258388,0.00427126811265801,0.000254061284306461,0.000166132812517238,0.000642142073859752,0.00339485111348538,0.000570273940070331,0.000689660386549055,0.00344591684043119,0.00364269741735205,0.0090121875868506,0.00260775036681519,0,0.00317580609879148,9.26450391500476e-05,0.00349213734139582,0.00115294586590836,0.00161369337084044,0,0,0,0.00111650946518785,0.000294714687540758,0.0011228356282392,0.0018698631513324,0.080511321675156,0,3.54537758641363e-05,0.00834123907635758,0.0629545203301735,0.00176575368304022,0.000146333655871809,0,0.000162477823942942,5.90589293185234e-05,0.00351691629588316,0.0140766978382187
0.0994981343565239,0.000644667080743581,0.0301427387856028,0.186055418981516,0.0180476709242072,1.71398617760195,2.13257143945373,0,0.0455057516171435,1.8585815004156,0.0632957171491366,0.566963060611233,0.0132940209053333,1.53355758846395,0.0581871021602907,0.00205559109595274,0.157447623115965,0.0246111056408074,0.0319362948233702,0.191320696596584,0.0773151675153219,0.00135680076264238,0.14167389057554,0.158489687656519,0.000157737892689884,0.0395480058431681,0.0209456926931778,0.530846108891847,0.269314345369215,0.455103514109393,0.000462155933808351,0.227893139731216,0.0116088788984503,0.0654065097968143,0.0584736828966454,0.307398482199588,0.0155798138120886,0.0830386426353624,0.0102187388175479,0.188942101351385,0.0607223395914763,0.0222001755852512,0.0128736723872297,0.00077971090781269,0.00317830618740214,0.000221471479404956,0.0512864211155711,0.00161162984266718,0.0109656476295515,5.39321245684028e-05,0.000183360262387013,0.000113629214742392,0.00149215453276287,4.01109166807473e-05,0.000140553088135886,0.00563207820187129,0.00102606011969738,0.0211774818311989,0.000621211393821395,0,0.00475096436050798,0.000658255887127983,0.00145091036841671,0.000967195351068266,0.00169652435051186,5.9051677231288e-05,0,0,0.000401190113793773,0.000340723163845843,0.00051293781253835,0.000865519779608715,0.127957546134895,0,0,0.000856446667911491,0.0802718447490626,0.0015599262515422,0.000291714856584423,0,0,0.000127602462892509,0.00430148083804112,0.00601299442623214
0.000343406423444486,0.083925551276049,0.00210539046139694,0.251176476910496,0.0233821021762418,0.0126285134507873,0.0225639006049642,0.0455057516171435,0,0.0788382486983494,0.042258043155218,0.110586795203916,0.135831825233683,0.0224376473700806,0.133100199147642,0.0480151969062554,0.00332374719754889,0.00202949355225723,0.00111486135736414,0.0547996441846018,0.0151181398530123,0.883014011714944,0.018491418002564,4.05939601164527,0.117806832324148,0.0063380856044714,0.662813779634055,0.626196339816072,0.0141189387208132,0.0037186498151019,0.00509967355578153,0.0157724314906164,0.000664537160773617,0.0085305840425934,0.00960156431330021,0.0607024358196689,0.0134758118135068,0.0174120081921883,0.00233257902234617,0.0781852366332169,0.00549327660437333,0.0105035150799209,0.0185844406573893,0.00839500417217134,0.00857930085651905,0.000781588805373973,0.0385595337632513,0.00134765968925212,0.00656065853139281,0.000813611664409524,0.00330421723280312,0.0018460846679217,0.0280486787266617,0.00180622237104839,0.00239760646256629,0.00835366732057178,0.011577603902036,0.264516917926692,0.0150939459923588,0.00280755962329254,0.0270990962612213,0.00988904369229823,0.0104642706000234,0.00524366475197656,0.11266196822861,0.000169221588041389,0.00095782820526907,8.92955561611711e-05,0.00765849783524041,0.0138696910575875,0.0857867240154273,0.016136169145697,0.694412084148832,0.00171540160712089,0.000978748055354782,0.0282952974600864,0.269536589724603,0.00854577036208247,0.00206852865476062,0.000322949862555468,0.000491054028202921,0.000112152737959456,0.00687825135571399,0.00407736517663067
0.00898059851673796,0.000566223958704102,0.00834059052168898,2.07908935679569,0.0241752422988771,2.22175663761892,1.98143138618611,1.8585815004156,0.0788382486983494,0,0.105605782513143,1.94104197118979,0.0418351981314406,0.645589624177047,0.0424665342631434,0.000400601236703169,0.0103609504022492,0.0430202746462363,0.0158200016734794,0.669903800431621,0.00804176726048137,0.000623768365674347,0.00998230378198101,0.307403761868701,0.000215350066104663,0.0335859163351865,0.0149939309891274,4.55848503208453,0.272225542252296,0.0123010712650439,0.000427198307210303,0.160657213230498,0.00630056164169936,0.0613538482493202,0.0672260301706204,0.426818040073106,0.0165275681556574,0.145886749282184,0.0145856735413597,0.198295389045798,0.062315773587201,0.0223485682633665,0.00595667042636597,0.000711314365932745,0.000407502366023237,0,0.0484171271437298,0.000382408620235979,0.00591686523841179,0,0,4.27654062857628e-05,0.00547643845719628,0.000808506598171246,0.000513997114270913,0.00167020327010224,0.000847809728690368,0.00756444275704787,0.00235475617136014,0,0.0291504607849478,9.35756492982149e-05,0.000904824865148556,0.00282369207898922,0.000259461616994405,0,0,0,0.0021150239489748,0,0.000231511038225484,0.000130069110759652,0.0795635932818882,4.78752218804717e-05,0,9.18478166931148e-05,0.0575973626595878,0.000297322421468663,0,0,0,0,0.000374878235420716,0.00628030469070796
0.00587528543174705,0.125199467842593,0.030612166463353,0.0239696838944586,0.0300801624747974,0.0106952795326356,0.0671397292802052,0.0632957171491366,0.042258043155218,0.105605782513143,0,0.0457044987420529,0.805594392549455,0.128599714113413,0.00251310793294894,0.00455267437066395,0.056887705157233,0.619089907408164,0.102708979858072,0.0264150278247476,0.0327648656140827,0.0613006617635687,0.0869651369371884,0.0477289415325125,0.0639107661021152,0.303969669848112,0.0733445875609254,0.0856048330969139,0.268445982079165,0.0479995558073616,0.0406318332624834,0.233877822690983,0.00849771802952464,0.596169357208863,0.0218992708811862,0.254546865673816,1.13712662285392,0.969770797646419,0.0775228037669824,0.0154210584464882,0.00642396096218606,0.417448198505729,0.00275219902771587,0.275143073576204,0.00235935617790067,7.06619012194931e-05,0.00456564262405783,0.000300136718169427,0.143779859269181,0,0.0101935703296195,0.0011418504792572,0,8.37718264196515e-05,0,9.38004716095984e-05,0.000312651127829897,0.00379770203639831,0.000106727233428859,0.0927695520082433,0.000659474684065831,0.506081281262512,0.000554301141863406,0.000189941194305772,0.000449336294953197,0,0.000271020774624276,0,3.21316682367266e-05,7.44382151846826e-05,0.00155732304129388,0.000426020180281955,0.00519690423168946,0.0217965965046015,0.0225863109542253,0.0428470378589548,0.00142388078697683,0.000368101357683385,0,0.0609116327636093,0.000424697184036147,0,0.0312296233501848,0.0139337372117981
0.00133812193683286,0.00013652898099978,0.00239287544681627,1.8693302044229,0.0415701249786638,0.920250594210543,0.0304952179961756,0.566963060611233,0.110586795203916,1.94104197118979,0.0457044987420529,0,0.0113040280750797,0.175602936831864,0.489795525534678,0.000347367138209653,0.00218767345712841,0.0186450139340931,0.00640002143933192,2.52638814203607,0.00174880609780967,0.00132292979031711,0.00277366074564558,0.312462506890752,0.000321659290239549,0.0161584828900561,0.00545788924596408,0.152450550416832,0.0838176042973324,0.00349809457606246,0.000122488945183337,0.0829368808819746,0.00028205184084019,0.0205840692015607,0.260147852945361,0.130717385383583,0.00658262757846715,0.0368348223576056,0.00309340943293183,0.192940225288419,0.0126059319852315,0.0110168938421844,0.00814708543618164,0.000604070761071467,0.00156081524840239,0.000305775819490361,0.0675560158332488,0.00104105749949267,0.00365544757563296,3.97026545977294e-05,0,0,0.0587248242674898,0.00215302215514521,0.002004304697628,0.00186773687485469,0.00446348313298839,0.00605740336594813,0.00624017068906141,5.34184181512594e-05,0.0381474573891666,3.41116934432864e-05,0.00333312938255416,0.00280679238289137,0.000311362147930336,0,0,0,0.0107593357839831,0.000251055732822573,0.000419612375463927,0.000560152835839522,0.0765720927981616,0.00014487586462413,0.000105748092617196,0.000377809546831149,0.0655353038283536,0.000586269049856132,6.78469832734942e-05,0,0.000660866045180154,0.000108018454882658,0.0028310314372339,0.0708279639149768
0.000454092221369291,0.491074665104962,0.00434901261780571,0.012718922194732,0.00278077203588948,0.00400059150282265,0.0230006302873213,0.0132940209053333,0.135831825233683,0.0418351981314406,0.805594392549455,0.0113040280750797,0,0.015317618295134,0.00260020126350064,0.00515137853393159,0.00297215152955672,0.00372179579590158,0.00247235984179803,0.0126878079157279,0.0139924110400702,0.210535599207417,0.0170658056047968,0.0982370411032578,0.655189449969788,0.0133335464238968,0.0791188939537634,0.0639776279780871,0.023705466127907,0.01176232462556,0.050885106430697,0.0284014557850214,0.000938318444939761,0.157899174923568,0.00744862038687643,0.127572032290082,0.441463003581083,0.183696729123362,0.0192570523199835,0.0293820924132128,0.0118718263807804,0.670296546957997,0.00546688649220745,0.480958020355021,0.00694246871243296,0.000294456092309832,0.0083833188130094,0.000784284119665873,0.243426095619371,0.000194739334969521,0.0201654126258375,0.000140970407720863,0.000486736338318521,0.000137653328376317,0.000128736658907795,0.000482822156089318,0.00130396340657024,0.0022358439682798,0.000102809696475387,0.18277148242113,0.000771613810415399,1.29484682750018,0.00218077313669499,0.00020532095688256,0.00154336995445342,0.000187329628942966,0.00116575127444409,8.33683263715386e-05,0.000116887957891506,6.91570043688178e-05,0.0030520808654473,0.000241588589361763,0.00972391321459336,0.117389282348473,0.0417484973619495,0.130738488229694,0.00874756834373529,0.0016310167054748,0,0.116616984336591,0.00155497055801541,0,0.0470198798119453,0.00206087136602582
1.11354540754804,0.00135819581572839,0.0420207144190771,0.0833022177440038,0.00525355358656025,0.0757375998414422,2.75404720655584,1.53355758846395,0.0224376473700806,0.645589624177047,0.128599714113413,0.175602936831864,0.015317618295134,0,0.00746277697083469,0.00853138525116266,0.345037805380034,0.0644729171415575,0.0730984948726088,0.0979168944767018,0.143261911950601,0.00570331827194209,0.286712253702206,0.105921989684199,0.00055358391043582,0.0785835932170646,0.0346454273563953,0.399658712169346,1.7298697053992,1.36860276670064,0.000859977364331936,0.160363025404559,0.017926322549776,0.179599172559934,0.0199820398219039,0.153336713818073,0.0219891820013584,0.110893817827094,0.0103088645297705,0.0290618835328132,0.0150933553402818,0.0147078551755429,0.00767539979571375,0.000919350623453917,0.00222254125166545,0.000248712167582846,0.0233528499720631,0.00121767722572076,0.00669333145843185,0.000140755756081474,0,2.7646272567159e-05,0.000341790982977366,5.31320519904732e-05,9.18219627485514e-05,0.00347395570702297,0.000359469991919511,0.0106862359846046,0.000232492864337981,4.81764117132783e-05,0.00171498158955661,0.00046000676000626,0.00156287782822577,0.000222059633822531,0.00245068665706164,0,0,0,2.90547699071944e-05,0.000602177674698109,0.00049707998273536,0.000473286815115851,0.0681727240536441,4.16584334902525e-05,0.000264011475098133,0.00174100081578137,0.0408431115224963,0.00128006736327547,0,0,0,5.20629320474982e-05,0.00258350068030422,0.00238289147549798
0.000139238599146259,0.00255903120230041,0.00326711268917138,0.0570118714873726,0.393547961549523,0.333014943661817,0.0146290435612582,0.0581871021602907,0.133100199147642,0.0424665342631434,0.00251310793294894,0.489795525534678,0.00260020126350064,0.00746277697083469,0,0.00409470047720896,0.00210763141467368,0.000489052804587519,0.00083111799760462,0.0256312826289841,0.0278326249443829,0.0221806827532206,0.0358258108933993,0.307679320652127,0.00248056635949895,0.00165906361021921,0.0332575116098256,0.10705327670219,0.00539181302460928,0.0154600754745589,8.65000083880366e-05,0.00915189726738381,0.000367626670538401,0.00221414751854328,0.22157153556505,0.0541046524438714,0.00691799922175068,0.0055064535251668,0.00254056027811063,0.546027401269494,0.0109596892411437,0.00316491663338238,0.00738592654407964,0.000708990769289863,0.00146937144903913,0.00161560782804989,0.0544809857472036,0.000716066083095407,0.00236453668359606,0,0,0,0.0112635766779746,0.00158794390451096,0.000775197477500999,0.00162697090800505,0.00333932412054208,0.00445596959279394,0.00708110982834034,8.61659939855575e-05,0.0141888459612135,0,0.00200094435425813,0.00299809101832162,0.00111186442977839,0,7.749481527704e-05,7.29479898643374e-05,0.00321943093066424,0.000433374696910369,0.000691151735182214,0.00315509839761436,0.0414149648429175,0,0.000262584888111127,0.00219050703778841,0.0432208488356326,0.0011281441763811,0,0,0.000583043379774785,0,0.00171586234794426,0.122602643404478
0.00024612153184523,0.00638831457494206,0.00954461170961239,4.76978195982456e-05,0.00582470826219699,0.000168297474343395,0.00218609014898627,0.00205559109595274,0.0480151969062554,0.000400601236703169,0.00455267437066395,0.000347367138209653,0.00515137853393159,0.00853138525116266,0.00409470047720896,0,0.00974883282153761,0.00357155965242517,0.00592232523346356,0,0.96441126106047,0.643444979691397,1.28876885238941,0.395828466196231,0.0063434804068089,0.00963470120197001,1.12904864291961,0.284079984730835,0.0143192340065985,0.0074585254879425,4.26172709933519e-05,0.000746023245938617,0.00222585905368302,0.0126953109987168,0.0682334454098551,0.345277027338208,0.172556499223742,0.114233858083643,0.0402111999452783,0.00567422626282051,0.00507663233325193,0.0173914272909672,0.0336747313518191,0.00485729137000645,0.0117465523779934,0.00418278782295824,0.0139400678021726,0.00211659135070322,0.0257236134093301,0.00165454294557015,0.00256853138586495,0.00336832815626697,0.000151808499952555,0.000450444345419013,0.00019380651623115,0.00924429362586974,0.00634624335315351,0.00978954229152052,0.00107488400587327,0.000714357141416848,0.00038567302812736,0.000433362023507571,0.0117288101643218,0.00151581159696197,1.39869090261714,0.00159121603866451,0.000190750321849966,0.00061466185634042,0,0.144514279140044,0.175157677447356,0.46118873301061,0.260773850219762,0.000172612811102986,0.000906227558283108,0.277983643222283,0.253437245209719,0.0231632927529552,0.0156429294195435,0,0.000327032787669027,0.00127104199364065,0.0149613185835778,0.0238051107092295
0.0567024489177805,0.0030284329398924,2.75886787084847,0.00165704249407781,0.00355804434822702,0.00689792014214505,0.211521976314009,0.157447623115965,0.00332374719754889,0.0103609504022492,0.056887705157233,0.00218767345712841,0.00297215152955672,0.345037805380034,0.00210763141467368,0.00974883282153761,0,0.0982035038410515,0.717036081854903,0.0022166208555734,0.299382425277128,0.00803933384289508,1.18021149687959,0.00788703969652445,5.37041402455569e-05,1.28956673121855,1.37420048213725,0.110413902672709,0.289007310732015,0.428629759972562,6.51936829093576e-05,0.0117258665852197,0.0304613736385033,0.40368483871,0.0592699428951021,0.330351029398909,0.302587678755066,0.266331152844929,0.122698582032296,0.0077701990115918,0.00449453203670823,0.00158921429016028,0.00484927721011591,0.00177356794396395,0.00242219538193972,0.00209015514974797,0.000170129894217765,0,0.00019369004669587,0,0.00507212036350047,0.0418716155854492,0,0.000457649598370814,0,0.00123723442129341,0,0.000227528125987709,0,0.000190256137747377,0,3.06715771138311e-05,9.58809077960313e-05,0.000152555642436445,0.00260804646497276,0.00479596880308518,0.000375800660345948,0.00156303740837683,0,0.000659577260529095,0.00164163264801747,0.0157521188785877,0.00175190332734041,0,0.00682864249195155,0.196954806881478,0.00179295538490998,8.05570217906833e-05,0.000246470090993297,9.9825084759468e-05,0,0,0.00159534293526225,0.0292721417360426
0.00460463626541495,0.00166832630060527,0.0715834481781374,0.00777800983411333,0.00605348869432982,0.00427938879708868,0.0395969719539317,0.0246111056408074,0.00202949355225723,0.0430202746462363,0.619089907408164,0.0186450139340931,0.00372179579590158,0.0644729171415575,0.000489052804587519,0.00357155965242517,0.0982035038410515,0,0.305113522215337,0.011903454820091,0.0444102959070144,0.00173068865962303,0.10506673137728,0.0134560241841302,0.000709703243753934,0.389977590151591,0.148242813281263,0.0412623692962513,0.112517032486088,0.0400566636031405,0.000112069777631456,0.0392160630298363,0.0103860199600434,0.190652624563101,0.0420243162594876,0.352753862388864,0.79817615753328,0.753739516510005,0.128087604636307,0.00845733647813388,0.00358222659032671,0.00220004761497172,0.00366715431323807,0.0299501083347801,0.00193660098111283,0.000442638419324225,0.000627257945802998,0.000119404551339865,0.000429830036418456,0,0.00320248017074374,0.00306741529994318,0,0.000150395230434835,0,0,0,0.00154081348720374,0,0.00418407682314336,0.000302164749150651,0.0224296020566433,0,0,0.000286811697583282,0.000355733445256459,0.00175837241229558,0.000357063082487047,0,8.88822201527834e-05,0.00016702291747607,0.000721948540121293,0.000455603688205289,0.00163978012008304,0.0815583159513294,0.113859396541491,6.76403393584013e-05,0,0,0.0260269739972375,0,0,0.000229082238139486,0.0230517832117412
0.00662732808251835,0.000558986355357563,0.253179153103757,0.00263463134132342,0.00233608621794686,0.00174124631921985,0.038667555964623,0.0319362948233702,0.00111486135736414,0.0158200016734794,0.102708979858072,0.00640002143933192,0.00247235984179803,0.0730984948726088,0.00083111799760462,0.00592232523346356,0.717036081854903,0.305113522215337,0,0.00636757591039528,0.0800758726606908,0.0009488712867164,0.202738746447467,0.00606977614437345,0.000118385252729058,0.760413774345084,0.277871766700098,0.0311173630125506,0.089229141102522,0.0684687474462545,0,0.00851796254039716,0.0121791716001267,0.244253942909151,0.0275304469817265,0.227009155693759,0.249849838369803,0.267709161215914,0.0803122070570652,0.00418100043955988,0.00355591519373567,0.000473931680348468,0.00236889144787468,0.00221695688585328,0.000342397029257715,0.000129839605019903,0.00015525666711312,6.43600935170651e-05,0.000300600955715984,0,0.00128981513715534,0.00596020636406764,0,0.000244862521322953,0,3.92355618587851e-05,0,0.000516043922072411,0,7.92641597423256e-05,0.000162331131460893,0.00198466745524072,0,0.000158646406793237,0.000293082775199973,0.0011298224031881,0.000307881303270399,0.000364797933055538,0,3.90954317549765e-05,0.000269042785580671,0.00212426514174002,8.38226366728067e-05,0.000384832308361185,0.0103723986232299,0.0472784225184875,0,0,6.80971549261689e-05,0.000783155213110018,0,0,0.000128359093946481,0.0150049978162476
0.00136229503521697,0.000132608299784708,0.00206024282813227,2.68710383226406,0.00972361756525376,0.0598099741125194,0.0194603240449403,0.191320696596584,0.0547996441846018,0.669903800431621,0.0264150278247476,2.52638814203607,0.0126878079157279,0.0979168944767018,0.0256312826289841,0,0.0022166208555734,0.011903454820091,0.00636757591039528,0,0.00128864456406191,0.000178198657760942,0.00237357207936827,0.283948841038245,3.6731243709135e-05,0.0112446790673432,0.00505255152148144,0.2038959116893,0.0688058622149187,0.00268402298478761,0.000263621102342194,0.0456969397900996,0.00105240486067553,0.014576874102135,0.0168211087556317,0.148759000482773,0.00625811769559094,0.0319589172175764,0.00296096939678515,0.06533888140565,0.0174370837342223,0.00639992436786215,0.00283235370573528,0.000238047486449707,0.000575620924274588,0.00013662513454802,0.0249392041328384,0.000415364457758677,0.00164483771304256,0,0,0,0.0188906672853864,0.000292705494236481,0.00058709155572629,0.000606186281131673,0.000785556394407845,0.0049683361563922,0.00312243068095327,0,0.00981124705580042,0,0.000611251060250372,0.00126663174835898,5.61011883607984e-05,0,0,0,0.00210437146453382,9.08890045469646e-05,0,3.97430076453745e-05,0.0403617982493699,0,0,0.000161611917119944,0.0364626354554359,0.000317152904088115,0,0,0.000299605916097689,0,0.000877482340930298,0.00135331170993825
0.0188749438271241,0.00127491799844838,0.678204674433533,0.00159984245475206,0.0545281604909923,0.00539972572627799,0.523732256858274,0.0773151675153219,0.0151181398530123,0.00804176726048137,0.0327648656140827,0.00174880609780967,0.0139924110400702,0.143261911950601,0.0278326249443829,0.96441126106047,0.299382425277128,0.0444102959070144,0.0800758726606908,0.00128864456406191,0,0.0792109677997587,7.06394325239699,0.0828350846215835,0.000973317758360941,0.113648311126142,0.365350494114854,1.26003498371634,0.220020856432193,3.51373055213259,0.000144022359884584,0.00891899265184669,0.0786562888190789,1.07219234413441,0.518506969174278,1.54575969319755,0.224766459626355,1.54145310711069,0.35395114779252,0.038428275459791,0.0486284182800012,0.0332751425496007,0.0264098048030569,0.00237163662914126,0.00696173911077669,0.00327310320736847,0.0165761766852708,0.00212805888860722,0.0175947132208865,0.00127613236045596,0.000299102578136736,0.00366312754615808,0.000152449183824385,0.0020475972697991,0.000252486503706062,0.00494754075313773,0.0051801294008125,0.00438810770217049,0.000804455569563049,0.000365531588178587,0.000523377308755744,0,0.010609363193021,0.0042616132441013,0.268534736202354,0.000577775420500142,3.5025195258385e-05,8.38444512554944e-05,0.000144034840574575,0.0708390934726515,0.0340234635002023,0.0644089247136492,0.166029384139115,0,0.000415901596531814,0.080613580167359,0.156713566430138,0.0190064249065901,0.0105298909795172,0,0.000452824338450778,0.00151061495917602,0.0103124098926499,0.142544129475955
0.000559780185054803,0.199197864635322,0.0114484164878711,4.85104185086727e-05,0.00322277342527814,0.000525691688147891,0.000787625214576226,0.00135680076264238,0.883014011714944,0.000623768365674347,0.0613006617635687,0.00132292979031711,0.210535599207417,0.00570331827194209,0.0221806827532206,0.643444979691397,0.00803933384289508,0.00173068865962303,0.0009488712867164,0.000178198657760942,0.0792109677997587,0,0.148324341651676,1.488429832752,0.210833863784053,0.00784996694036321,2.394648166583,0.120050032677863,0.0081466650534773,0.00203623433437854,0.00673137468332841,0.00203016449964694,0.000693292434692156,0.0106556276578628,0.00730466095025924,0.0475481426667659,0.02892776744295,0.0235506321002666,0.00699450733984544,0.00938736570875701,0.00131057836751371,0.0190580646590619,0.0177273247333965,0.012948502423052,0.00787258862203915,0.00162899300292466,0.00276695584614191,0.000586096371573388,0.00965091330637719,0.00024174529276703,0.0125320969738132,0.0130889117448977,0.000488942215328568,7.78131920494557e-05,8.61482263718307e-05,0.00383788361528709,0.00178982480338505,0.0138005846555448,0.00059993723363173,0.00335924162060128,0.00216924340833941,0.0182142386134605,0.00356561933084309,0.000573435378465748,0.503577003192055,0.003013269989367,0.00019631604523369,0.0013544366379889,0.000133975396835131,0.0446400982165596,0.153923055997368,0.126556899881679,0.104491618961249,0.00259149457492161,0.00585544815600113,0.495261180348618,0.0731339738304584,0.00728322740643486,0.00483977637994918,0.000635537172017694,6.35374228267432e-05,0.000439969166903866,0.00632051204747046,0.00506132552261562
0.0381296426825153,0.00266644597924169,3.81231959335324,0.00230637347072904,0.095879419672802,0.00620551746248584,0.385741295123126,0.14167389057554,0.018491418002564,0.00998230378198101,0.0869651369371884,0.00277366074564558,0.0170658056047968,0.286712253702206,0.0358258108933993,1.28876885238941,1.18021149687959,0.10506673137728,0.202738746447467,0.00237357207936827,7.06394325239699,0.148324341651676,0,0.179834520830925,0.000650785719993722,0.376597672634349,3.48978804120044,1.00728873157449,0.286171953477995,1.16418441673631,0.000100446560742903,0.011097287121481,0.0444877501258171,1.07509544136918,0.723339113841513,3.0138382155636,1.40557129186028,2.82567000070506,0.892846898644062,0.0577846631533971,0.0398334270645946,0.0225841397503065,0.0418817357616157,0.00745129583907066,0.0132263822040338,0.0112914645236533,0.0111136957346311,0.00222622258357341,0.0161918579058281,0.000370231691272831,0.00298059911069445,0.0364314383707812,0.00018920867010262,0.00233353019190808,0.000269209553158749,0.0121827760801955,0.00313633976080983,0.00337514936809284,0.000576667309177649,0.000564390841513652,0.000581914716645634,0.000198449890760487,0.00705149195414486,0.00825918845930811,0.913213849299717,0.00519742612079385,0.00044624246832493,0.00116519921817821,0.000117770493801248,0.110466775008691,0.0717048351407727,0.54716853568628,0.11255474255111,0,0.00328102622804731,0.7487155199248,0.132166177503532,0.00790442176545834,0.00869138589649775,0,0.000275219507456762,0.000752395949133008,0.00991492428447915,0.288328695233755
0.00192512011813245,0.0757887215362444,0.016426113511682,0.810270745681784,0.0501885841876695,0.0340932988333685,0.149735987391564,0.158489687656519,4.05939601164527,0.307403761868701,0.0477289415325125,0.312462506890752,0.0982370411032578,0.105921989684199,0.307679320652127,0.395828466196231,0.00788703969652445,0.0134560241841302,0.00606977614437345,0.283948841038245,0.0828350846215835,1.488429832752,0.179834520830925,0,0.0787348211747554,0.0161996586920695,0.537637108192654,2.6197807447196,0.123631550371591,0.046092290069362,0.00219596461378732,0.0502866141044476,0.0236801885569225,0.0430150924390897,0.152016506466375,0.722717747004526,0.0389173776901423,0.155441714905778,0.030352724386423,0.235194249359713,0.0513952916374543,0.0605158817862416,0.180507603934974,0.00802214959872964,0.0687634395585042,0.00502831893062505,0.502182288152205,0.024653931099954,0.060217547645354,0.00365481297996443,0.00223526666156474,0.00230010478173689,0.149131229748796,0.0103820950797177,0.0130494590996682,0.0919379975161297,0.0926228571882845,0.544005484388626,0.090196816237482,0.00537590896401802,0.132631950750561,0.005726553257057,0.0996830533561704,0.0250111780482094,0.247519915629798,0.000206843783631432,0.000670066342259037,0.000155362707335532,0.041241645975194,0.0473582512227929,0.117403979418321,0.0555662471678776,3.02859886307142,0.000888237706117912,0.000894792926091013,0.0701228311648111,1.89318463094564,0.0830586169489323,0.0112152217710947,7.12804459396959e-05,0.00605861136589736,0.00391130885081251,0.0759058190490286,0.0441843287496973
0,0.43595598243302,0.000157858221552706,0,0.00049222744888165,9.43203625864508e-05,0.000264537700240689,0.000157737892689884,0.117806832324148,0.000215350066104663,0.0639107661021152,0.000321659290239549,0.655189449969788,0.00055358391043582,0.00248056635949895,0.0063434804068089,5.37041402455569e-05,0.000709703243753934,0.000118385252729058,3.6731243709135e-05,0.000973317758360941,0.210833863784053,0.000650785719993722,0.0787348211747554,0,0.0109607314142576,0.540705275212011,0.00309159983177531,0.000738358329833746,4.24013337566793e-05,0.00749949002346906,0.000552254384775805,0,0.00356057956888965,0,0.00030688141286788,0.0196094233527431,0.00276182428696397,0.000329807233389723,0.00088680286290851,0,0.0982633889174982,0.00154763697608358,0.0490598085700243,0.0017138464172988,0.00037617981265223,5.37023906161189e-05,0.000173568063133585,0.0425845007027633,0,0.106945198399837,0.000507484463542741,0,0,6.01075050619245e-05,0,0.000136670135524302,0.000732529449504083,0.000102062112780595,0.0223937938413548,0.000456413543493903,0.186091954350406,0.000211714239776254,0.000132830822220874,9.0346076782513e-05,0,0.00100314603690695,9.92973128430605e-05,0,0,0.00209662158743773,0,0.000524566473563719,0.0841134915205944,0.0437040162671451,0.252824507966046,0.00014426415613721,4.54856134938836e-05,0,0.00969788453022688,0.000166059028868854,0,0.0105018292511008,0.000155467233748126
0.00701482913235738,0.0115833440305106,1.77212313555244,0.00622948106683384,0.00911016127205982,0.00398095247277052,0.0746250812163419,0.0395480058431681,0.0063380856044714,0.0335859163351865,0.303969669848112,0.0161584828900561,0.0133335464238968,0.0785835932170646,0.00165906361021921,0.00963470120197001,1.28956673121855,0.389977590151591,0.760413774345084,0.0112446790673432,0.113648311126142,0.00784996694036321,0.376597672634349,0.0161996586920695,0.0109607314142576,0,1.91816993657929,0.0676553206542842,0.110695223169712,0.0837721916586002,0.0172860278437117,0.0339787005952368,0.011781289013715,0.346927149397454,0.111929027570545,0.918484937915931,2.10626960433653,0.912016665988209,0.277694064625206,0.0111016112469589,0.00738644171866409,0.00476007861131824,0.0249075648280754,0.225038579997438,0.0133900128917774,0.0130869802148549,0.00030073870480234,8.84576434091803e-05,0.00232154917072809,0.000144767235457289,0.0503908808314621,0.117241238744251,0,0.000669265060154671,4.00752217045188e-05,0.00288489206535066,5.41594141108632e-05,0.00212929083565849,0,0.0469111233963298,0.000160074147521395,0.343686210724731,0.000399877643217236,0.00111197727580576,0.00203229427284783,0.0189362537104999,0.013665957787992,0.012164117238197,0,0.000788892983388471,0.00521121197855978,0.0124698088574046,0.0040208200895316,0.0313873744487734,0.7200224602807,2.04852929530113,0.000598677591721439,0.000822204297434754,0.000925135867011118,0.189016447485348,0.000100140238663745,0,0.00550664961932351,0.0599422190041271
0.00503372611222476,1.57272502690055,1.66917248944681,0.00279652451517905,0.0305404896477391,0.002437374553305,0.0805746398567357,0.0209456926931778,0.662813779634055,0.0149939309891274,0.0733445875609254,0.00545788924596408,0.0791188939537634,0.0346454273563953,0.0332575116098256,1.12904864291961,1.37420048213725,0.148242813281263,0.277871766700098,0.00505255152148144,0.365350494114854,2.394648166583,3.48978804120044,0.537637108192654,0.540705275212011,1.91816993657929,0,0.266223559004825,0.0496808831047882,0.0885373658678724,0.0205221941295556,0.00565818516567313,0.00959529373521539,0.570985556029272,0.344476417849718,2.10401521391585,2.0726815412187,1.46964355689149,0.573671150500792,0.0380568232473078,0.0163983007377848,0.00841820258495961,0.211414205918545,0.274781248425848,0.0931781840313886,0.0850394582714114,0.00380259233942662,0.00332557628298455,0.00955245917545999,0.000943781916429161,0.774636581293254,1.32345418203566,2.69233510403573e-05,0.00199901213704204,0,0.0665278515229757,0.00195466040260158,0.00887651021135496,0,0.0478433008574765,0.00173456883057737,0.443938140913972,0.00805941422584786,0.00530714263668852,0.782844310054709,0.147746613739954,0.0243001772272826,0.0609702272271687,3.96298598703325e-05,0.0898073753722172,0.265304237711753,1.03561044807523,0.064797961087409,0.136713014659038,1.3102414228889,13.8373685080476,0.0785367058385004,0.0024935921985226,0.0179632545241599,0.186944687688477,7.05899610212564e-05,8.89081805965308e-05,0.0490762221227079,0.175379775902667
