0,0,29.0498839318752,0.477821052074432,2.74282932281494,91.0608818233013,4578.75110393763,1483.33807367086,0.622365593910217,9.38696330785751,4.56981354951859,6.53548392653465,0,12628.8672210872,7.63736951351166,0,108.199313759804,2.83454602956772,4.41253224015236,3.19362616539001,126.710091233253,0,341.204475194216,5.65410548448563,0,35.0673850476742,34.5860562324524,53.3557670116425,12312.018017143,6198.59609991312,0,13.4610139131546,25.4539628922939,70.8386959731579,14.9182329773903,94.0337750911713,10.1708013117313,74.2392424345016,33.3213349580765,5.80072385072708,5.42138582468033,0,0,0,0,0,0,0,0,0,0,0,0,0,0,1.07475936412811,0,0,0,0,0,0,0,1.20839941501617,0,0,0,0,0,0,0,0,0,0,0,3.39402931928635,0.527189135551453,0,0,0,0,0,0,2.17934989929199
0,0,40.2905656695366,0,1.80297446250916,0,3.63333880901337,2.16449010372162,2363.70480507612,2.30842733383179,25.146876335144,0.565270364284515,378.901694685221,0.457047343254089,10.1180627346039,655.471205979586,10.9444223046303,0,1.7505190372467,0,108.180151730776,4429.55898877978,133.011701911688,4795.33479765058,3621.12369790673,94.6245240271091,8297.44381076097,845.396120786667,0,0,39.2650518417358,0.950377464294434,0,5.68224900960922,2.16411846876144,70.028152346611,216.876893877983,36.9951060712337,19.7167026996613,24.3850824534893,0,193.931982278824,161.27125275135,155.961062967777,36.2538405656815,60.7140764594078,2.73744505643845,0,0,0,1235.31362998486,25.9736857414246,0,0,0,1.08693248033524,0,131.407622009516,0,2.66180774569511,0.583649635314941,12.8994544446468,0,1.0713574886322,78.7602386176586,21.5523540377617,2.32920229434967,37.8106305301189,0,6.19526669383049,182.621787786484,23.8583805859089,232.942521363497,14.7312686145306,345.076687246561,8529.55294376612,36.0872701406479,0.304950565099716,1.57774871587753,2.52763071656227,0,0,47.8624977767467,2.80551999807358
29.0498839318752,40.2905656695366,0,0,17.3971174359322,35.8510517776012,128.104451358318,586.52478158474,0.929776847362518,9.93653398752213,29.7487034201622,11.6241899430752,1.74661034345627,584.89838796854,15.24250254035,20.7384787499905,8982.74337422848,44.1736925542355,256.959784895182,2.35265597701073,1951.74354091287,7.15687274932861,19611.4558530748,2.52555200457573,0,24415.6996323168,16166.0986420512,116.385677695274,539.498694390059,1303.39802074432,0.595244228839874,11.2445704936981,22.917937040329,724.373075127602,256.529604315758,5592.78127479553,5013.04492852092,2397.04602244496,1576.26108846068,21.6377939581871,27.0744246840477,5.02346333861351,93.4513192772865,99.4437775611877,28.8011448383331,29.0254294872284,1.52856314182281,0,0,0,81.8349401950836,134.827567219734,0,0,0,1.13951635360718,0,17.4219799637794,0,0,0,1.96849244832993,0,0.984445631504059,29.2947278320789,31.3155910372734,0,10.5539471805096,0,5.04780435562134,32.9807187616825,88.2240560352802,34.2831299901009,2.30503910779953,34.5740495622158,5157.30214804411,12.9458585679531,1.56668782234192,1.07513120770454,0,0,0,19.2435365021229,46.6068912744522
0.477821052074432,0,0,0,134.514541238546,555.857308387756,206.07988896966,327.992686629295,1445.51361170411,7589.08857256174,28.8373537957668,8075.80553817749,3.33123427629471,122.156581819057,363.365187108517,0,10.3480495214462,15.3878860771656,7.11779004335403,33226.8847342432,0.380984306335449,0,1.69695466756821,1655.59917315841,0.536085724830627,11.5188513696194,5.1394148170948,7103.84140968323,165.902765423059,4.22831481695175,0,72.4563249945641,2.47233888506889,160.027469336987,37.9181925952435,809.589252114296,13.1458023190498,238.737243980169,15.0059496164322,366.204404056072,79.8998926579952,22.0692192614079,37.1140978336334,0,14.9240462481976,1.95048189163208,148.479023098946,3.25838112831116,0,0,0,0,424.513015270233,45.6971497833729,26.2430088818073,231.623320877552,14.7185386717319,352.877674967051,189.356612026691,1.92241236567497,721.958047613502,7.13989123702049,3.74707326292992,76.6783927083015,0.713935971260071,0,0,0,145.879885241389,0,0,0,962.62959510088,0,0,0,737.858295530081,6.09989368915558,0.489416003227234,0,0.881453812122345,0,51.6461204886436,4.06867775321007
2.74282932281494,1.80297446250916,17.3971174359322,134.514541238546,0,6370.5136167407,853.940378636122,216.635845720768,389.196144282818,929.739582926035,83.7437473833561,1695.68610662222,37.3629080951214,61.9382048547268,5601.90698343515,80.7266874015331,51.2085193991661,33.137994915247,18.5309101939201,195.333961099386,1284.94703701138,8.5419095158577,1236.53113099933,430.275550425053,2.30548888444901,51.8603050708771,153.668297886848,1251.66871851683,87.2242947220802,707.896531105042,7.28949654102325,420.244006603956,9.1036325097084,3130.66845020652,2272.74845075607,3374.67885038257,161.971528977156,338.677008509636,511.840858995914,22066.559938699,10174.9909448028,137.516659080982,46.2585294544697,10.1327633857727,32.1235237419605,45.8134331703186,65.1152491867542,3.94750556349754,1.24228179454803,0,0,2.11915123462677,42.8993244767189,14.8384773731232,13.3807919621468,51.025407075882,1.82752370834351,38.2806167602539,18.4725689291954,4.39343774318695,76.9418150037527,22.0440621972084,2.0237135887146,35.5714749097824,5.24463108181953,2.53809571266174,0,0,17.3285535275936,20.0789570510387,1.70668840408325,57.0240651965141,176.803663879633,0,8.18380302190781,19.8351056873798,176.406909406185,0.775696754455566,24.4580524265766,0,0.578574657440186,0,40.6267747879028,2835.91537588835
91.0608818233013,0,35.8510517776012,555.857308387756,6370.5136167407,0,8567.29679003358,18576.4886875004,157.005178242922,40671.218485862,1132.18677338958,10796.5113052726,180.630867958069,1485.96529635787,4674.03878974915,1.84919583797455,130.64367069304,496.922476917505,236.086059600115,719.331192880869,89.0755210518837,0.556243658065796,202.77781316638,133.672436386347,3.55926728248596,465.300263106823,190.394169062376,1675.70110572875,841.415139272809,539.286788076162,54.7266079187393,570.563155025244,10.4470407962799,636.190647542477,5727.97125461698,6246.12122172117,331.723054721951,1168.48398008943,83.9177042543888,5822.7103548944,917.474534064531,426.209069699049,21.6267291009426,0.97413957118988,54.1781882047653,3.01964858174324,64.0309817194939,9.67001700401306,2.84574428200722,0,0,0,28.9116060137749,10.9471186101437,5.23795104026794,15.3940097689629,4.21973368525505,32.7026531398296,5.21097546815872,11.9039500355721,86.3605793863535,52.6673081815243,0,11.2623724639416,6.05336192250252,0,0,0,7.95932728052139,3.51087781786919,0,0.60391104221344,112.672919034958,0,0,1.513796210289,53.0851304233074,0,0,0.460539758205414,0.638640582561493,0,151.726833850145,122.899881273508
4578.75110393763,3.63333880901337,128.104451358318,206.07988896966,853.940378636122,8567.29679003358,0,26036.7120450437,1659.79813221097,10411.8374199271,380.848254114389,301.758034527302,57.5393694639206,38316.854155302,1019.89141756296,2.49820387363434,165.414271831512,243.93851312995,160.016904830933,99.9851675331593,813.976557523012,27.981817394495,406.780949473381,2207.0823071003,2.17530274391174,313.594232559204,241.704454898834,50737.2629847825,8924.30619618297,10059.8525485098,9.42600104212761,627.580340474844,590.432622909546,5084.9818906486,1540.09059789777,11912.561160475,238.927785158157,3262.2661164701,1105.29971039295,1810.97944417596,993.939839214087,242.953872859478,281.214800775051,1.16932851076126,82.3491150438786,22.8253707885742,118.574244230986,16.6251973509789,3.70379656553268,0,0.599090874195099,1.32157823443413,471.837727189064,25.5537158846855,9.67430678009987,1324.75992375612,22.4938565790653,547.023575007915,219.365833252668,19.9102773070335,137.186264663935,45.6501273214817,20.2949774563313,62.8639222383499,18.1065567731857,0,0,0,113.814885035157,15.1012983620167,7.59847605228424,6.62607160210609,3357.57661053538,0,0,13.3360999822617,4553.5488165617,5.36480903625488,2.74318605661392,0,0.968848466873169,0,232.225975960493,73.2840386331081
1483.33807367086,2.16449010372162,586.52478158474,327.992686629295,216.635845720768,18576.4886875004,26036.7120450437,0,117.662741601467,13229.8824007511,846.733448952436,4507.39940717816,127.483789414167,33394.0361970067,108.536290585995,2.54476562142372,748.752368181944,371.820156365633,210.835207745433,507.900057464838,1216.87707431614,0.477524250745773,2809.63359557092,126.249223232269,5.10595086216927,711.376808226109,518.491349250078,1689.82076779008,5099.97037148476,8405.2993657589,28.7096148431301,344.694875270128,67.7643581926823,572.426418378949,75.7300651073456,3669.14147779346,293.735836490989,841.274295330048,240.716667979956,1338.9076026082,161.467711627483,213.837511092424,16.3530066311359,2.49230715632439,28.6994034647942,2.99968639016151,39.4635990858078,4.69438281655312,3.455735206604,0,0,0.509807050228119,21.1491914093494,6.74771252274513,6.79061990976334,29.8001348972321,2.83732667565346,21.7458696067333,5.18461430072784,4.18723550438881,47.3733639717102,37.1471973657608,1.07802557945251,10.4761170148849,1.0984448492527,0,0.304849565029144,0,9.55969433486462,5.33518278598785,0,2.81606608629227,121.163753867149,0,0.3065465092659,3.59058299660683,104.602855250239,0,0,0,0.847426533699036,0,83.9886208772659,6.1874090731144
0.622365593910217,2363.70480507612,0.929776847362518,1445.51361170411,389.196144282818,157.005178242922,1659.79813221097,117.662741601467,0,2445.30717244744,14.1689105629921,1318.90233689547,28.5723755955696,41.6237310171127,3131.53827777505,300.122714996338,0,6.56429272890091,5.64825254678726,327.060755997896,141.097225427628,10935.719891727,114.501703023911,64810.226819098,1015.01717910171,14.9351341426373,1111.47518643737,16695.9438586831,63.0240983068943,9.85065379738808,7.07680612802505,28.0411945879459,7.07818415760994,106.074915200472,32.3152839541435,1090.24324420094,27.9125881791115,107.677710831165,30.4732859730721,1612.25572645664,63.0456829667091,47.2592821717262,272.980013281107,7.41884338855743,65.084659576416,19.5959315896034,394.462984293699,14.1378645896912,1.23699986934662,0,17.6341951191425,0,951.614655047655,173.402707874775,38.5557512044907,838.190195888281,31.7728365957737,3339.37317183614,400.90729907155,4.16642981767654,563.837863847613,9.57429403066635,20.761582583189,284.726017326117,691.227271765471,0,0,0,198.266066476703,397.639088481665,214.51838940382,160.512164920568,8747.88261112571,1.52555549144745,1.4607567191124,164.358232021332,6072.62108913064,16.0273160636425,1.07336121797562,0.542391717433929,1.06279397010803,0.555253088474274,58.9610903859138,22.2974157333374
9.38696330785751,2.30842733383179,9.93653398752213,7589.08857256174,929.739582926035,40671.218485862,10411.8374199271,13229.8824007511,2445.30717244744,0,646.732964456081,13765.5621552467,50.4634903669357,3273.3002974093,861.057486474514,0.690453827381134,247.439157366753,395.62461784482,265.880578666925,6473.43280407786,6.86871147155762,0.791695117950439,44.2884050607681,1225.85697332025,2.59972178936005,372.301642298698,160.102212846279,8143.1340739429,3734.40044283867,90.2352935671806,11.8174161016941,973.276651471853,10.7009913027287,2575.88543784618,808.150827527046,9108.30681940913,231.406428009272,2992.471770823,325.970689803362,2298.54902732372,825.577402025461,298.238213658333,83.3392597436905,1.13611435890198,53.9728156924248,18.3547644615173,231.551333367825,9.81996315717697,2.70949932932854,0,0,0,633.477391660213,85.8473846316338,98.8584959506989,689.246473073959,51.387368902564,635.525017678738,226.66121327877,19.1998733580112,1451.56984852254,74.3391624689102,41.3471908271313,121.601981580257,2.95494890213013,0,13.2722571790218,3.4233226776123,205.158512949944,2.6624171435833,0,1.3131685256958,2249.29249018431,0,3.10661235451698,1.43005838990211,1544.81669089198,27.9654274880886,0.480714499950409,0,3.22727382183075,0,173.222205191851,28.4495108425617
4.56981354951859,25.146876335144,29.7487034201622,28.8373537957668,83.7437473833561,1132.18677338958,380.848254114389,846.733448952436,14.1689105629921,646.732964456081,0,474.773142725229,11173.0861863196,502.163745164871,13.8852425515652,4.19806003570557,835.084464848042,12352.75161165,662.123942345381,83.4137091338634,36.6174826025963,13.709784001112,157.463978528976,20.9303778707981,562.249951899052,3698.72253337502,527.43360170722,78.1405912935734,1169.65317049623,61.0214098393917,245.685184627771,2758.36327371001,3.73292446136475,20000.9720542133,136.754128813744,2406.19198223948,6840.84688794613,15897.586319387,394.226690560579,258.339160680771,821.309273779392,4162.35810720921,13.2222012281418,1934.70816609263,85.2711828947067,8.49440443515778,7.49063569307327,7.0179363489151,87.68353754282,0,10.2532556653023,0,3.34469878673553,2.52157288789749,1.57428014278412,0,6.90840032696724,3.69523441791534,0,667.17057967186,6.64486056566238,2359.10239946842,0,1.03390753269196,0,0,3.24657988548279,0,0.746722102165222,0,0,0,6.8241967856884,107.872142910957,152.166674613953,1005.46660748124,6.25144165754318,0,0,335.015138298273,2.25033342838287,0,83.7383285164833,36.5297352075577
6.53548392653465,0.565270364284515,11.6241899430752,8075.80553817749,1695.68610662222,10796.5113052726,301.758034527302,4507.39940717816,1318.90233689547,13765.5621552467,474.773142725229,0,39.247522175312,846.581055700779,4674.70330706239,0,163.938274919987,305.862493276596,184.106080412865,15888.279643327,3.83221071958542,1.83371758460999,20.2439269721508,1074.84625425935,0,303.318400859833,138.696977943182,2776.5765375793,961.352710276842,19.7566360533237,16.3744952082634,499.037903249264,0,387.601643502712,5321.54468423128,1788.46892151237,105.557929456234,1132.33242610097,47.8522482216358,1886.61254125834,210.451261281967,167.101462304592,90.4833918213844,0,41.610634803772,9.3270229101181,339.860130369663,15.4444801807404,0,0,0,0,437.546506673098,114.16964673996,67.4752672314644,212.207264065742,24.3319064676762,184.765418171883,220.666608095169,12.1755208969116,1520.14110808074,54.017582654953,15.7374292016029,134.491477608681,8.21425300836563,0,3.73177009820938,1.85857182741165,179.024226337671,7.7378303706646,0.447809547185898,1.19732922315598,948.949229151011,0,0.943608731031418,2.32922446727753,944.169167160988,12.5598576366901,0.433489114046097,0.453437954187393,0,0,149.940362006426,455.183616667986
0,378.901694685221,1.74661034345627,3.33123427629471,37.3629080951214,180.630867958069,57.5393694639206,127.483789414167,28.5723755955696,50.4634903669357,11173.0861863196,39.247522175312,0,41.4801079928875,8.1350953578949,7.90386119484901,2.88760524988174,252.507830023766,2.34808969497681,11.9583286345005,12.2278220653534,188.332106530666,14.9748824834824,66.5787745416164,5222.05205410719,67.8026755750179,2534.42824470997,61.1812287867069,71.1807197332382,18.6173980534077,496.8676430583,277.095650672913,1.0366997718811,3402.74077197909,72.9818288683891,1215.97104310989,11651.1018069386,11420.4648288786,166.297960042953,130.388185232878,955.84127664566,14091.2755762041,64.8022519350052,7284.81248852611,268.957887321711,59.122211933136,12.2181720137596,9.8251086473465,302.753987312317,0,75.19740447402,0,0.508299589157104,2.3785834312439,2.99304777383804,3.74356192350388,7.84072384238243,0,2.13532388210297,3613.79549962282,2.63762912154198,13659.1986515224,3.39202344417572,0,0,0,6.77238428592682,0.5522580742836,1.74080365896225,0.481137216091156,7.9977650642395,0,8.75572538375854,827.831885993481,822.818859666586,6211.77869457006,7.33747693896294,0,1.47527670860291,1987.34201669693,7.6164116859436,0,172.282145440578,24.7744454741478
12628.8672210872,0.457047343254089,584.89838796854,122.156581819057,61.9382048547268,1485.96529635787,38316.854155302,33394.0361970067,41.6237310171127,3273.3002974093,502.163745164871,846.581055700779,41.4801079928875,0,40.7610601186752,0,847.251742988825,232.393558055162,166.908692747355,204.585810244083,1262.15248557925,0.404698222875595,3095.90362918377,67.1964209675789,0,621.187025219202,458.547091215849,1020.2363576889,20487.5257290602,22845.6946293414,18.6350387334824,375.877606540918,76.9946256279945,619.315795332193,69.3078466355801,1388.60802471638,162.60827767849,629.004381418228,238.190516918898,209.540121376514,56.2184661924839,37.7229083776474,11.9530627727509,0.93715637922287,7.04303413629532,0.666828572750092,11.2575331926346,0,0,0,0,0,9.43865394592285,1.792131960392,0.345820307731628,8.76632037758827,0,14.558935046196,2.32852730154991,3.48530378937721,11.6552315056324,11.6562196016312,0,3.88809010386467,4.34211021661758,0,0,0,1.08912509679794,0,0,2.01111817359924,50.3282347917557,0,0,11.1758641898632,48.7075787484646,0,0,0,0,0,15.2544150650501,4.75968670845032
7.63736951351166,10.1180627346039,15.24250254035,363.365187108517,5601.90698343515,4674.03878974915,1019.89141756296,108.536290585995,3131.53827777505,861.057486474514,13.8852425515652,4674.70330706239,8.1350953578949,40.7610601186752,0,21.2792203426361,40.6245043575764,9.423110216856,6.33514404296875,404.245694279671,376.559949457645,54.8171025514603,353.902361541986,2800.2233762145,0.917891800403595,24.0181934833527,72.8697344958782,1586.84533429146,91.5803418159485,522.346202045679,0,57.8012097477913,13.9311057329178,54.607822239399,2565.84289780259,892.33519127965,62.2738246619701,121.366972416639,159.322409808636,4761.43559277058,216.991212308407,87.622787386179,70.8255017995834,0.681466281414032,40.1599830687046,31.2422749400139,268.607606142759,4.51426091790199,0.54648745059967,0,0,1.04076707363129,300.702330499887,49.7996278107166,16.10826420784,133.657419592142,5.29766136407852,179.338499337435,117.663604050875,5.36489751935005,349.909021437168,35.2639971375465,3.54000633955002,93.3093836307526,10.6903654038906,3.28606021404266,0,3.10348737239838,129.36062400043,11.8981776237488,1.62770646810532,17.0430334210396,779.671015709639,0,5.97449505329132,11.4170602560043,751.226785093546,5.67869412899017,0.716958522796631,0,0,0,83.6143697500229,724.567709833384
0,655.471205979586,20.7384787499905,0,80.7266874015331,1.84919583797455,2.49820387363434,2.54476562142372,300.122714996338,0.690453827381134,4.19806003570557,0,7.90386119484901,0,21.2792203426361,0,25.817810356617,1.47051465511322,0.546524345874786,0,8011.64999964833,5183.78630748391,10007.5607097745,2450.29074034095,97.3009848892689,16.3465597033501,22770.4298889339,2682.87031617761,3.22586715221405,4.70050063729286,1.44183868169785,2.22895562648773,0.518101871013641,28.3406760692596,276.181754380465,6565.88083064556,2927.85561463237,609.640034914017,946.740699023008,21.1579955816269,30.3449738025665,28.4765885472298,173.161306023598,37.9821927249432,44.8283632397652,23.6543446183205,76.4135030806065,3.01201146841049,0,0,28.8601313829422,48.0759094357491,10.5156482160091,3.84665232896805,2.12857937812805,24.6626682579517,0.642164647579193,115.684495419264,1.7595891058445,8.08284264802933,24.7330293059349,28.4021267294884,0.963194251060486,11.9802694916725,14912.3628304005,2.63527429103851,0,0.522425413131714,6.29502826929092,1242.77309709787,2223.01891332865,3350.53207820654,1690.14963725209,0,6.46502432227135,5693.76391869783,1511.83816367388,0,0,0,0,0,72.2154435813427,37.3399983644485
108.199313759804,10.9444223046303,8982.74337422848,10.3480495214462,51.2085193991661,130.64367069304,165.414271831512,748.752368181944,0,247.439157366753,835.084464848042,163.938274919987,2.88760524988174,847.251742988825,40.6245043575764,25.817810356617,0,1066.93871077895,18060.7867130935,33.3061010241508,1277.01177698374,6.65798544883728,12877.6402863264,5.96460005640984,0,20491.0011242926,20420.8119743466,96.5844156742096,2101.35620166361,2040.98117375374,2.81292426586151,157.761021703482,256.01396137476,15209.7569343746,317.727057784796,5002.55818399787,3082.63235518336,6733.43535348773,2302.97884479165,103.421598911285,54.0513170957565,6.07214331626892,10.8185221850872,52.4175814390182,2.83793586492538,10.3127270936966,0,0.797973990440369,0,0,13.6477860808372,31.9709750115871,0,0,0,0,0,1.4776211977005,0,0,0,0,0,1.02174401283264,10.6238116621971,5.28932911157608,0,3.12028232216835,0,2.65932115912437,7.543860912323,18.6634141802788,12.3088575303555,0,52.415686070919,1007.05841520429,0.416208386421204,0,0,0,0,0,2.9553450345993,50.9217365980148
2.83454602956772,0,44.1736925542355,15.3878860771656,33.137994915247,496.922476917505,243.93851312995,371.820156365633,6.56429272890091,395.62461784482,12352.75161165,305.862493276596,252.507830023766,232.393558055162,9.423110216856,1.47051465511322,1066.93871077895,0,12527.5358616412,54.391598880291,33.8780607283115,0,166.661676824093,10.5841885507107,0,3518.44708234072,633.198557585478,29.260183930397,497.068425536156,45.6781697571278,51.1033850312233,959.54811629653,0.833616971969604,4055.38368430734,121.456800997257,2505.72981649637,1188.54741850495,7295.92664182186,906.05125439167,105.653872340918,39.1943112015724,10.752850830555,4.90699809789658,8.10837590694427,0,4.55109125375748,0,0,0,0,0,0,0,0,0,0,0,1.01488935947418,0,1.2108348608017,4.30278226733208,8.66483950614929,0,0,0,0,0,0,0,0,0,0,0.734455168247223,0,1.36394858360291,20.4221833646297,0,0,0,2.14416646957397,0,0,3.83136221766472,36.6346178650856
4.41253224015236,1.7505190372467,256.959784895182,7.11779004335403,18.5309101939201,236.086059600115,160.016904830933,210.835207745433,5.64825254678726,265.880578666925,662.123942345381,184.106080412865,2.34808969497681,166.908692747355,6.33514404296875,0.546524345874786,18060.7867130935,12527.5358616412,0,47.8785822689533,77.8880394101143,3.53888255357742,596.116164714098,10.681051671505,0,17603.75069502,3321.57634788752,27.7638071477413,370.249931156635,112.426865458488,6.10796785354614,351.479488700628,13.2994719743729,4666.26560816169,127.023524999619,2837.55872547626,1091.12821918726,5127.67588719726,1493.77728649974,85.7698644995689,50.0596958696842,6.17667835950851,1.26570874452591,29.6604337394238,0,1.16687858104706,0,0,0,0,2.14014875888824,2.70543566346169,0.695059537887573,1.74504369497299,0,0,0,0.530200898647308,0,0,1.3414503633976,2.85673767328262,0,0,0,0,0,0,0,0,0,0,1.8941587805748,0,11.2038306295872,91.2630805671215,0,0,0,0,0,0,1.87051403522491,34.2965801954269
3.19362616539001,0,2.35265597701073,33226.8847342432,195.333961099386,719.331192880869,99.9851675331593,507.900057464838,327.060755997896,6473.43280407786,83.4137091338634,15888.279643327,11.9583286345005,204.585810244083,404.245694279671,0,33.3061010241508,54.391598880291,47.8785822689533,0,0.751233011484146,0,9.64070948958397,377.581984996796,0,58.617623180151,39.9696270227432,3407.02311676741,290.465786159039,12.0844365656376,0.669465363025665,90.7817929685116,0,154.80912026763,33.5228519439697,771.676456183195,24.5312217175961,231.278976947069,30.6676245033741,303.757476687431,72.6221080422401,45.8305751681328,31.1795700192451,0,12.6309690177441,0.40784677863121,75.0210176110268,1.38698977231979,0,0,0,0,757.794120401144,30.9221100509167,5.99429959058762,72.9543174803257,0.997712850570679,62.1975987553596,41.3478952348232,2.59551420807838,331.568612292409,12.80560952425,0.90149313211441,44.1671156287193,0,0,1.46320214867592,0,48.3926681578159,0.503725051879883,0,2.37538427114487,274.566006541252,0,0.345431417226791,0.646708488464355,344.700789734721,1.06446897983551,0.337763220071793,0,2.23072123527527,0,32.9020809531212,2.47969847917557
126.710091233253,108.180151730776,1951.74354091287,0.380984306335449,1284.94703701138,89.0755210518837,813.976557523012,1216.87707431614,141.097225427628,6.86871147155762,36.6174826025963,3.83221071958542,12.2278220653534,1262.15248557925,376.559949457645,8011.64999964833,1277.01177698374,33.8780607283115,77.8880394101143,0.751233011484146,0,427.035493224859,49572.0734378397,738.124638289213,24.9113339781761,494.285775154829,2355.5944044292,9066.22042137384,1553.21542653441,48943.5104471445,5.15887200832367,56.5148493349552,168.921434044838,8991.1840274632,2172.9382430315,20744.0114660561,683.901274710894,16974.5801591277,10399.9309405982,378.351432859898,98.0886414349079,37.2540045082569,72.9069112837315,3.04865610599518,17.8127748668194,20.9767393171787,69.6951002180576,3.83226346969604,0.947027593851089,0,1.76488366723061,10.7630385458469,13.230981528759,27.1200706958771,2.13615661859512,10.6233817338943,1.83473840355873,101.824498206377,5.91802871227264,4.69625663757324,29.8890174478292,20.3752133250237,1.07647693157196,24.5570036172867,1189.49017074704,0,0,0,3.38797247409821,602.118349462748,261.117246627808,321.716012954712,1018.75722002983,0,0,459.53678599,1364.44013816118,0,0.778827488422394,0,0,0,52.1629993319511,302.124510616064
0,4429.55898877978,7.15687274932861,0,8.5419095158577,0.556243658065796,27.981817394495,0.477524250745773,10935.719891727,0.791695117950439,13.709784001112,1.83371758460999,188.332106530666,0.404698222875595,54.8171025514603,5183.78630748391,6.65798544883728,0,3.53888255357742,0,427.035493224859,0,769.968866020441,17284.6869056523,2557.19040378928,92.5724026858807,7072.10867640376,3201.94745218754,0.669866591691971,2.34586402773857,21.9998965859413,0.627862751483917,0.693061769008636,13.6273575723171,9.47958123683929,154.256628811359,153.469046384096,39.3242217898369,20.8003878891468,70.9603848457336,2.87288701534271,95.861906260252,58.0257595181465,56.8221634924412,12.7648877799511,12.1214469671249,3.92114332318306,2.083083152771,0,0,165.925735652447,27.3174492716789,6.22927784919739,0,2.20319181680679,8.52500376105309,0,376.008230000734,0,0,1.14852094650269,8.79421734809875,0,5.48822045326233,2995.35049426556,2.81925565004349,0,1.04926574230194,0.746177673339844,235.878495484591,1655.37927165627,598.819625616074,1087.28502839804,35.269733697176,7.3619504570961,2805.95285090804,437.06034091115,0.400193780660629,0,1.181884765625,0,0,9.41360229253769,1.8554100394249
341.204475194216,133.011701911688,19611.4558530748,1.69695466756821,1236.53113099933,202.77781316638,406.780949473381,2809.63359557092,114.501703023911,44.2884050607681,157.463978528976,20.2439269721508,14.9748824834824,3095.90362918377,353.902361541986,10007.5607097745,12877.6402863264,166.661676824093,596.116164714098,9.64070948958397,49572.0734378397,769.968866020441,0,470.618358165026,24.0827038884163,5274.16863039136,36207.4636365473,6736.94297653437,5357.53738617897,17301.8147672415,5.60170164704323,81.577937155962,614.160133898258,16090.0068698376,4301.5805002749,60780.5215432942,11716.1193565428,35023.5475701094,22965.9324305654,467.350087553263,230.397025913,71.4318733513355,167.344791144133,51.7362666130066,33.4642060101032,60.4452151060104,53.8731969296932,2.06335717439651,1.81304171681404,0,14.1439400017262,179.562985181808,6.77342087030411,22.2500987648964,0.418404340744019,10.9296080768108,1.39841669797897,52.3248513638973,3.77997007966042,4.37016689777374,18.3343022465706,29.3533908426762,0,11.7800025343895,5357.30175000429,8.27116039395332,0,3.48282384872437,2.97140604257584,812.487507045269,770.600705176592,1706.48760476708,862.0061660707,0,4.89975938200951,5294.96130609512,867.301183581352,1.82838600873947,0.862825334072113,0,0,0,77.3187145590782,639.991038560867
5.65410548448563,4795.33479765058,2.52555200457573,1655.59917315841,430.275550425053,133.672436386347,2207.0823071003,126.249223232269,64810.226819098,1225.85697332025,20.9303778707981,1074.84625425935,66.5787745416164,67.1964209675789,2800.2233762145,2450.29074034095,5.96460005640984,10.5841885507107,10.681051671505,377.581984996796,738.124638289213,17284.6869056523,470.618358165026,0,1646.51007127762,42.4142710268497,3399.58308896422,14747.6045598984,226.699161171913,30.7945039570332,4.7091438472271,49.2077227830887,38.425569742918,294.146263599396,269.594296753407,3821.54286584258,190.717660158873,357.167754948139,217.274636656046,2638.33179995418,149.227405965328,130.163794189692,740.771931946278,14.6769511699677,186.600198209286,38.8872030973434,360.110852152109,35.1410055756569,1.13907411694527,1.83440685272217,62.1931502223015,6.09759736061096,1565.72864121199,90.4324945509434,44.7466740310192,2338.69721525908,50.9852569401264,3439.80937018991,577.054416716099,16.0428893268108,426.904788330197,59.0477985143661,42.349910646677,228.933230191469,1690.30314049125,0,0,0,334.982580527663,767.059111773968,668.525028377771,444.815064013004,14148.2927471995,13.8577350378036,1.60354351997375,724.126000851393,16715.8863663673,25.4208745658398,7.46359726786613,0.37844505906105,3.7029450237751,2.78033140301704,246.075302034616,33.7300275862217
0,3621.12369790673,0,0.536085724830627,2.30548888444901,3.55926728248596,2.17530274391174,5.10595086216927,1015.01717910171,2.59972178936005,562.249951899052,0,5222.05205410719,0,0.917891800403595,97.3009848892689,0,0,0,0,24.9113339781761,2557.19040378928,24.0827038884163,1646.51007127762,0,35.0013098716736,7174.35748440027,268.810773730278,1.7915815114975,0,178.897324055433,5.26031368970871,0,72.579148709774,0,34.9361525774002,421.109042465687,663.793075412512,2.38537287712097,8.63458526134491,26.3990262746811,2000.78678280115,120.13137832284,968.457651883364,86.5907644331455,34.7302122414112,1.55984365940094,1.8106644153595,37.6188209652901,0,143.470786690712,0.621724128723145,0,0,0,0,0.985440015792847,37.0412866175175,0,481.879417479038,0,3128.56945285201,2.48271542787552,0,3.66412988305092,2.4953428208828,0.56629478931427,3.2641487121582,0,0.926079630851746,37.9902849793434,1.08213424682617,42.7932174801826,1096.54665121436,349.351050555706,6110.57720455527,0,0.894519209861755,0,290.436069846153,0.504442155361176,0,30.3904670774937,0
35.0673850476742,94.6245240271091,24415.6996323168,11.5188513696194,51.8603050708771,465.300263106823,313.594232559204,711.376808226109,14.9351341426373,372.301642298698,3698.72253337502,303.318400859833,67.8026755750179,621.187025219202,24.0181934833527,16.3465597033501,20491.0011242926,3518.44708234072,17603.75069502,58.617623180151,494.285775154829,92.5724026858807,5274.16863039136,42.4142710268497,35.0013098716736,0,36473.901411593,72.2052699625492,1042.90567274392,814.882543504238,1180.50246697664,730.644423127174,44.3749772906303,5192.69940054417,762.961541384459,18314.4208383262,15434.1460945308,14729.8055380285,6024.56786951423,200.049975931644,191.58860129118,33.0676734447479,50.495541125536,1107.86192789674,52.8800847232342,56.2196153402328,0,1.06508100032806,0,0,105.322494447231,35.4248385429382,0,3.62802857160568,0,0,0,9.80664551258087,0,121.842413783073,2.46579095721245,226.773790568113,0,4.11027944087982,4.49891030788422,22.9630902707577,4.25469261407852,27.8972160220146,0,0.858824491500854,12.4993579387665,7.02963519096375,6.35927414894104,22.5465232133865,945.389728546143,5951.48323300481,3.30430668592453,0.482378035783768,0,181.949602723122,0,0,25.7537499964237,200.822418630123
34.5860562324524,8297.44381076097,16166.0986420512,5.1394148170948,153.668297886848,190.394169062376,241.704454898834,518.491349250078,1111.47518643737,160.102212846279,527.43360170722,138.696977943182,2534.42824470997,458.547091215849,72.8697344958782,22770.4298889339,20420.8119743466,633.198557585478,3321.57634788752,39.9696270227432,2355.5944044292,7072.10867640376,36207.4636365473,3399.58308896422,7174.35748440027,36473.901411593,0,3462.98205661774,807.343545496464,857.008757025003,1150.59230720997,268.883858263493,54.7808874249458,5386.59929776192,2521.58483573794,62086.9121959209,37937.4614217877,22595.2501654476,16436.6809486151,274.792015522718,256.481479763985,278.034145116806,2334.29673647881,10183.3530122936,1160.94414123893,1218.34090182185,27.1087859272957,4.04056262969971,35.2176447510719,1.9558909535408,6056.18350538611,2033.26866006851,2.18708205223083,19.9553787112236,0,59.0979262590408,2.90764915943146,497.146848738194,0,1086.05876120925,0.668409556150436,3266.75019258261,6.78354868292809,22.5558880567551,7162.87722980976,643.582579135895,47.3827504515648,709.611414670944,0.316923648118973,271.130854487419,2240.50699013472,4867.72421061993,1028.6185965836,664.462565600872,12666.1493879557,163099.547557086,562.24395442009,7.96146741509438,48.8652266860008,1726.28355869651,0,0,619.788915038109,559.957271784544
53.3557670116425,845.396120786667,116.385677695274,7103.84140968323,1251.66871851683,1675.70110572875,50737.2629847825,1689.82076779008,16695.9438586831,8143.1340739429,78.1405912935734,2776.5765375793,61.1812287867069,1020.2363576889,1586.84533429146,2682.87031617761,96.5844156742096,29.260183930397,27.7638071477413,3407.02311676741,9066.22042137384,3201.94745218754,6736.94297653437,14747.6045598984,268.810773730278,72.2052699625492,3462.98205661774,0,1925.6474506706,38067.6305035055,0.642128437757492,258.091635465622,335.734784841537,4657.18460859358,2631.65582433343,29275.0545055866,641.827991634607,4623.15280100703,3455.90286371112,1712.6637135148,773.181145817041,503.817430734634,1401.72084081173,19.2869760394096,329.347864061594,93.7305314540863,772.097253769636,73.689955919981,12.4937258958817,0,31.207353413105,12.3295220732689,1652.5553638339,171.926354944706,67.9386704564095,3603.81311503053,55.049926251173,3674.56794020534,692.475534886122,64.3439498245716,847.091831579804,239.259866774082,42.3950275480747,385.639841854572,2716.20662176609,0.468414276838303,1.20718255639076,0,629.084430515766,1615.6398601234,675.695247858763,672.334846973419,19192.0451083481,6.11287987232208,0.420275390148163,1093.93322896957,26273.4732135832,26.130011767149,27.5940818488598,0.998999506235123,3.26865416765213,2.48592847585678,803.656450629234,197.386240750551
12312.018017143,0,539.498694390059,165.902765423059,87.2242947220802,841.415139272809,8924.30619618297,5099.97037148476,63.0240983068943,3734.40044283867,1169.65317049623,961.352710276842,71.1807197332382,20487.5257290602,91.5803418159485,3.22586715221405,2101.35620166361,497.068425536156,370.249931156635,290.465786159039,1553.21542653441,0.669866591691971,5357.53738617897,226.699161171913,1.7915815114975,1042.90567274392,807.343545496464,1925.6474506706,0,12017.1024272889,31.1750325858593,3354.09147614241,5430.22514134645,3548.61851221323,145.851925879717,1615.92476055026,165.024654433131,1575.25692498684,446.076744616032,246.197500646114,104.99132502079,38.923738270998,1.36812746524811,1.14140748977661,7.31377673149109,0.789565205574036,6.80215394496918,1.28021514415741,0,0,0,0.738869369029999,8.79711797833443,2.00273424386978,1.71850156784058,13.8083689808846,0,11.148436665535,1.24431937932968,0.528468549251556,9.7691775560379,9.73578473925591,0,0.465675055980682,1.17070415616035,0,0,0,0.238178953528404,0.430585861206055,0,0.632346451282501,69.9975886046886,0,0,16.4942711889744,54.8465829491615,0,0,0,0,0,19.4483508765697,15.6124837398529
6198.59609991312,0,1303.39802074432,4.22831481695175,707.896531105042,539.286788076162,10059.8525485098,8405.2993657589,9.85065379738808,90.2352935671806,61.0214098393917,19.7566360533237,18.6173980534077,22845.6946293414,522.346202045679,4.70050063729286,2040.98117375374,45.6781697571278,112.426865458488,12.0844365656376,48943.5104471445,2.34586402773857,17301.8147672415,30.7945039570332,0,814.882543504238,857.008757025003,38067.6305035055,12017.1024272889,0,1.79653006792068,140.330569058657,1921.0905738771,10737.8740334809,1507.2835766077,9013.32992702723,288.196508675814,6297.3763448298,3353.49095731974,463.55263748765,306.255797207355,70.1821831762791,22.4082674086094,0.378085225820541,5.20567291975021,10.8133468031883,5.48324286937714,0,0.685449182987213,0,0,3.39381673932076,4.00243550539017,11.0172461271286,0,5.34939566254616,0,1.8981836438179,0,2.30816200375557,3.79251909255981,3.30720570683479,0,6.93409770727158,9.73629891872406,0,0,0,2.39546322822571,3.34168976545334,4.1866140961647,3.8453516960144,104.960007786751,0,0,96.712610155344,204.690829247236,0,0,0,1.59637761116028,0,19.8138408064842,150.94245839119
0,39.2650518417358,0.595244228839874,0,7.28949654102325,54.7266079187393,9.42600104212761,28.7096148431301,7.07680612802505,11.8174161016941,245.685184627771,16.3744952082634,496.8676430583,18.6350387334824,0,1.44183868169785,2.81292426586151,51.1033850312233,6.10796785354614,0.669465363025665,5.15887200832367,21.9998965859413,5.60170164704323,4.7091438472271,178.897324055433,1180.50246697664,1150.59230720997,0.642128437757492,31.1750325858593,1.79653006792068,0,79.0372413694859,0,236.622934043407,67.6441178917885,1169.0280161798,3755.76333129406,1565.30302935839,314.688639491796,20.5802522301674,17.3069348931313,48.7826455831528,1.84182393550873,1128.01732638478,84.6507025957108,16.2162621617317,0,0,13.9864900708199,0,30.7389970421791,0,0,1.40135562419891,0,0,0,0,0,620.950748682022,0,1670.82593652606,0.481576204299927,0,0,0,0.758515000343323,0,0,0,0,0,1.0132040977478,89.2427867054939,470.258264034986,3145.39439892769,0,0,0,775.910879403353,0,0,14.709682226181,16.86268851161
13.4610139131546,0.950377464294434,11.2445704936981,72.4563249945641,420.244006603956,570.563155025244,627.580340474844,344.694875270128,28.0411945879459,973.276651471853,2758.36327371001,499.037903249264,277.095650672913,375.877606540918,57.8012097477913,2.22895562648773,157.761021703482,959.54811629653,351.479488700628,90.7817929685116,56.5148493349552,0.627862751483917,81.577937155962,49.2077227830887,5.26031368970871,730.644423127174,268.883858263493,258.091635465622,3354.09147614241,140.330569058657,79.0372413694859,0,6.78744584321976,7726.27553763986,96.522005289793,1896.31425723433,181.387968122959,1040.49341231585,61.9894414246082,927.887811124325,3414.53192031384,198.123828887939,5.88597971200943,6.12736234068871,27.0422945618629,5.19023844599724,14.0959260463715,4.28543585538864,2.24891749024391,0,0.480983704328537,0,2.70556056499481,5.94578477740288,1.00652429461479,2.70027542114258,3.53649431467056,2.49816516041756,2.53907287120819,4.60696738958359,14.2641516625881,19.3739332556725,0.966668784618378,6.19204330444336,1.10236775875092,0,0,0,2.16513562202454,0.455988794565201,0,0.63516902923584,31.5319637954235,0.820425868034363,0.6241455078125,2.28223812580109,8.45962190628052,0,0.706486880779266,0.518771052360535,2.2114143371582,0,58.1245302259922,8.92672270536423
25.4539628922939,0,22.917937040329,2.47233888506889,9.1036325097084,10.4470407962799,590.432622909546,67.7643581926823,7.07818415760994,10.7009913027287,3.73292446136475,0,1.0366997718811,76.9946256279945,13.9311057329178,0.518101871013641,256.01396137476,0.833616971969604,13.2994719743729,0,168.921434044838,0.693061769008636,614.160133898258,38.425569742918,0,44.3749772906303,54.7808874249458,335.734784841537,5430.22514134645,1921.0905738771,0,6.78744584321976,0,1875.99431475997,22.1880256533623,71.8973715007305,18.5260116159916,355.117483317852,128.618572920561,13.4452053010464,31.0287625193596,0.797951996326447,0,0,0.786458492279053,1.23723101615906,0,0,0,0,0,0,0.535844266414642,0,0,1.32856738567352,0,1.28384697437286,0,0,0,0,0,0,0,0,0,0,0,0,0,0,1.85853397846222,0,0,1.13404977321625,8.78742855787277,0,0,0,0,0,2.12966978549957,4.8770763874054
70.8386959731579,5.68224900960922,724.373075127602,160.027469336987,3130.66845020652,636.190647542477,5084.9818906486,572.426418378949,106.074915200472,2575.88543784618,20000.9720542133,387.601643502712,3402.74077197909,619.315795332193,54.607822239399,28.3406760692596,15209.7569343746,4055.38368430734,4666.26560816169,154.80912026763,8991.1840274632,13.6273575723171,16090.0068698376,294.146263599396,72.579148709774,5192.69940054417,5386.59929776192,4657.18460859358,3548.61851221323,10737.8740334809,236.622934043407,7726.27553763986,1875.99431475997,0,117.350230187178,1743.54456606507,877.940383851528,5842.2055785507,785.332395046949,186.08083063364,269.329557597637,783.02477183938,27.7353783249855,84.1225208342075,25.2172617018223,3.19943177700043,24.560369849205,1.45800638198853,5.84173735976219,0,0.766593515872955,5.29397287964821,31.9490180909634,1.82599112391472,2.49558454751968,55.5399971604347,3.87053376436234,21.6650496721268,8.28394323587418,13.5028408765793,10.9846629202366,52.7468737959862,1.94716522097588,5.74383187294006,5.77127256989479,0,0,0,10.5857399404049,7.26069417595863,4.99618223309517,6.47123056650162,163.857083827257,4.52350676059723,12.654263317585,184.756476521492,237.526138842106,0,0,1.2764173746109,2.22063207626343,0,54.113499045372,16.5345194637775
