0,0,0.00147138499785181,0.000563189355778703,0,0.00128675497697511,0.329451733228779,0.110798239013414,7.95341599002303e-05,0.0106297241542698,0.000170867520561158,0.00147517789535303,0.000578670179955348,0.526507714519743,0.000809950822417586,6.59442981062175e-05,0.00789683733994636,0.000195323557228339,0.00155026189815123,0.000982965109869288,0.00733805294635977,0,0.0186671560443249,0.00180694146614575,0,0.000784878790087245,0.00103288463919833,0.00698746019881909,0.602062958871059,0.454960673865674,0,0.00037751930056296,0.00482457414588124,0.0190890391931596,0.00125660122405034,0.00598584869460855,0.000370334407508239,0.00519144899089079,0.00177451955957196,0.00161194118500065,0.000976811867275869,3.15425201638162e-05,0.000597359712685539,0,0.000103444351505661,0,0,6.27417227017046e-05,0,0,0,0,0,0,0,0.00026346435327237,0,0,0,0,0,0,9.84594139796971e-05,0,6.8230885882282e-05,0,0,0,0,3.35993983598113e-05,0,0,0.000385574108933505,0,0,7.98027040875077e-05,0.000426015967060816,0,0,0,0,0,0,0.000952344370619449
0,0,0.00381799335867382,0.000192758166935998,0.000447660534919524,0.000192122649929386,0.000856645744170338,0.000583083812134798,0.202224329031278,0.000560651723317769,0.00540693962355653,0.000505271972959822,0.192698248216656,0.000631829230972874,0.0091420953265392,0.0826858157443963,0.00466665852170306,0.000289522927853978,0.00175900000482796,0.000378806491964555,0.00261873574288345,0.334315731136985,0.00631269672418778,0.227715434394162,0.148918046905671,0.0257241799575072,1.95473779201311,0.0304998363772223,0.00102116427289835,0.000326111999675652,0.00680640282135171,0.000154104093140209,9.52136724423109e-05,0.00801247853424518,0.00222764241365732,0.0198733000142946,0.00666771625107672,0.00945546760349556,0.00439217174131203,0.00436478561306985,0.000740415542144865,0.0137092336717178,0.00659053443213641,0.00161923834572119,0.00444223722467563,0.00393973312609403,0.000506363085662165,0.000149645392632669,0.000436429750665567,0,0.0855938482879923,0.00257873155265209,0.00164207654021232,0,0.000140869381770819,0.000434155378901637,6.18872937172324e-05,0.00200330923838102,0.000434860257540813,0.0031597655907785,0.000364426421516153,0.0100437072871584,0.000126216066268015,0.00022785117869153,0.00337889182830149,0.00310419503307359,0.000115773017988062,0.00269377758006531,7.31189362999352e-05,0.000500812374241597,0.00522253666964776,0.00112676989098134,0.0067777085134026,0.00348421265984297,0.0175638811392562,0.391636601658145,0.00144813989311175,8.48617474630983e-05,0.000317025970875177,0.00121162127780959,0,0,0.00216780999536901,0.00243539729521993
0.00147138499785181,0.00381799335867382,0,0,0.000180905600669342,0.0006415032964614,0.239492016167127,0.00469510558762371,0.000204100060545468,0.00136953216990869,0.000635228708725437,0.000691723148949242,0.0113904761227145,0.00620839192152448,0.00188456693527327,0.00485466672684346,1.37979991101033,0.00414476328553931,0.0330872289732364,0.000150096908232367,0.0824744339158261,0.000825944323752486,2.75489689441036,0.00976694773895107,0.000205359612027484,0.8006509426195,1.48877198017475,0.170737220351707,0.0150346943383912,0.0825036982685052,0.000161199399215943,7.3067115785718e-05,0.000956860244491372,0.264270881539262,0.0849429739282273,0.522844647675335,0.379187620006886,0.219470068821396,0.128007223176052,0.00950355862209468,0.00646106676862155,0.000387858981786078,0.0470009765864184,0.0049792778276006,0.0317264439292598,0.0259352088274258,0.00124436509234262,0.000661228717542691,0.000119934930957627,0.000175015485255122,0.00817159460833584,0.187956474369225,0,0.000261613399413228,0.000219795612564093,0.00161105889067693,0.000178947532584846,0.000107717004489279,0.000164000021870276,0.000303374408249396,0.000148642512657293,0,0.000303446745421609,0.000940847374404801,0.0142675404877228,0.0369769127386752,0.0005640349465781,0.0136219451878676,2.36466794787943e-05,0.00123879778136433,0.00708958434534541,0.0264556974656546,0.00159141995098517,0.000172566075117171,0.106198427739519,0.857641419731318,0.00114889010648246,0.000803428574759807,0.00198328553158794,6.14830000704765e-05,4.17629855932772e-05,0.000124621265450272,0.012461513353238,0.0933998388616464
0.000563189355778703,0.000192758166935998,0,0,0.00327752868817825,0.0113169586929893,0.119580844392468,0.0231191582341041,0.262330758086462,0.744545868718934,0.000393459842147309,0.182302722762481,0.00708459962456917,0.0183077604661836,0.045842062601267,5.72077530266524e-05,0.000139672805608708,0.00183580621737557,0.00121870575507116,1.1984927251844,0.000218786162472325,0.000218024098330778,0.000130146539128041,0.496242260580455,0,0.00345950209662401,0.00069341666797662,0.434618417946212,0.0304946582324968,0.00174543239022141,0.000110025371273494,0.00323767650536659,0.000567079103974286,0.018009662412808,0.00615850122163728,0.0548959581034407,0.000554450428186622,0.00705791126904453,0.00218209616985473,0.0381698737605678,0.00501481716336742,0.000152166439407858,0.0499571677155588,0.000486597891881037,0.0194427808679573,0.00235682874648758,0.0515333198171378,0.00435397020097245,0.000184040357699034,7.15553959884764e-05,0.000331918416766274,0,0.114093178548178,0.00165444592442318,0.00223952088411209,0.0247850520670078,0.00259008673041613,0.0836656366105362,0.108186180117934,0.00548003845242187,0.0729483146758204,0.000236857727984238,0.00228024687853188,0.00802595628616714,0.000142458110129443,6.61115733735916e-05,5.85964006198761e-05,0,0.0277120608979627,7.25860771451947e-05,0.00109806784420158,8.04844702744839e-05,0.207102598910796,0.000137925903735399,0,0.000502622299986738,0.252130051011896,0.00722758562421661,0.000239946043359846,2.19678924938738e-05,0.000671497630861298,0.000322120347917095,0.015071766111757,0.00239282528363179
0,0.000447660534919524,0.000180905600669342,0.00327752868817825,0,0.0847418671981443,0.00358778735247001,0.00433659376383197,0.00570742604862535,0.00973504033716882,0.000211845823749965,0.047950968555388,0.00205096766796272,0.0006139271533091,0.272437023139999,0.000210168566150808,0.000412991846215457,0.000406571689392376,0.000410423398885587,0.00359160312833377,0.00291935370379791,0.000730217072473241,0.0033470315981863,0.0143778658544296,0.000305268151963961,0.00122599098068716,0.00247904178597368,0.00617772364300013,0.00573148176423397,0.000993798645708186,8.02870165152429e-05,0.0300513322143885,0.000114535505613816,0.0119771072913735,0.168763601498779,0.0171036294141062,0.00112100008377918,0.00120090735138177,0.00120447703485742,0.660336525557977,0.101326041871744,0,0.0022204120482531,0.00139912290772882,0.000772682906194664,0.00946001928094716,0.00313090270359595,6.606519934541e-05,0,0,0,4.2144215339762e-05,0.00160850558114492,0.000163396148583388,0.000360644085793489,0.00024060165566307,0,0.000989087697121537,0.00122040000757946,0.000226377960573983,0.00504213417967267,0,0,0.00045149105669772,0.000323765542169142,0.000105856938473463,0.000103132585697591,0.000124146020095277,0.000499497372988671,0.000235943352973432,0,0.000855552170925591,0.00182852085650778,0,0.000687358084304774,0.00239788589974308,0.00264217877996605,0,3.75264552448332e-05,0,0,0,8.70313580362322e-05,0.0697220128054034
0.00128675497697511,0.000192122649929386,0.0006415032964614,0.0113169586929893,0.0847418671981443,0,0.230041833264235,0.376603757697926,0.0123902245905715,2.69193016438118,0.00545974225486329,0.260348084321317,0.0458967775543371,0.0392751621852259,0.182129689409727,0.000462171898453921,0.00223160311356115,0.0104527398796239,0.00779099542482693,0.0231961833083437,0.00229943343215722,0.000226077550715306,0.00295508919802787,0.0143507725602112,5.84597269397499e-05,0.0189132322837179,0.005196691550154,0.0480349196663388,0.0329538653000611,0.00794463934451808,0.00100044166802335,0.0205546474668934,0.000860775111741498,0.0243451490431255,0.78474987139866,0.169088239423742,0.0075145270390698,0.0146479310730708,0.00897237965194155,0.425743938244372,0.0454735269751022,0.00199847971037778,0.0140492972155806,0.000959112903139058,0.00577678994579071,0.00556054494273016,0.0246055789251115,0.00124362310268971,0.000808416867570864,5.07077421523512e-05,9.69935410754083e-05,0.000145291234832245,0.0160124644473458,0.00201479695597523,0.00065435365342087,0.00368720981476934,0.000944531794758654,0.0037558018316335,0.0113479190911304,0.0118274686786709,0.0253927793175857,7.81938388163328e-05,0.000608203480843473,0.00696337858075633,0.000757910125202569,0,0,0.000165539189113378,0.00507742231296085,0.000587051730670062,9.85327152545006e-05,0.000689498601868448,0.0184924616815282,0,0.000224750744407645,0.00148710077521686,0.0239536362772528,0.000886255871550111,0.000349964388475615,1.69748606677472e-05,0.000504390762384516,0,0.00202756882353949,0.0710960215568014
0.329451733228779,0.000856645744170338,0.239492016167127,0.119580844392468,0.00358778735247001,0.230041833264235,0,1.18551555408039,0.0368185752450519,1.4171716509678,0.0100271626988874,0.0279741925129221,0.0419418403621997,1.80688433444759,0.0413726522092477,0.000899638475563219,0.0985293831963036,0.0241853252292999,0.0333868200851285,0.0213817857710138,0.533392942315106,0.000391958593960753,0.718175481898005,0.357110089847966,0.00048782368590042,0.07228056076109,0.0300995553219784,3.65442358935471,0.828327612608414,1.033566158986,0.00197667757070151,0.0278010668577493,0.0975164801468337,0.40844931925231,0.104664238792732,0.520628791731429,0.0236334498671115,0.169227911046764,0.0652342790107502,0.118514084167262,0.0652132635822553,0.00218976698275284,0.0498651542204025,0.0016160247420928,0.0152488047073415,0.0082049484189008,0.0241286620381769,0.00302724529755587,0.000850424629448175,0.000208741000718498,0.000190417993436298,0.001787922728795,0.00898921165029221,0.000796817773585524,0.00186299443408318,0.0221448970129402,0.00259457876875892,0.0196099000478161,0.0136680689187177,0.00939112785647482,0.00736191055969408,3.88269394709885e-05,0.00183681772919033,0.00229512756271818,0.00386722229750279,0.000344960676959106,0.000134138352148363,0.000259541992052481,0.00234568717987115,0.00234349405455841,0.000691869626651033,0.0024388749225042,0.134234052137734,0.000181572014042771,0.00122899259792355,0.0106325422989685,0.102654088325722,0.00497174801470629,0.00207369253878358,7.55461096544059e-05,0.000559071392708865,4.02568804798246e-05,0.00794798231302727,0.0635520929711727
0.110798239013414,0.000583083812134798,0.00469510558762371,0.0231191582341041,0.00433659376383197,0.376603757697926,1.18551555408039,0,0.00533586312125372,1.23705790781797,0.0114558340903861,0.192026029870557,0.0651851586721825,1.16653175515725,0.0287705809452675,0.000796676007154848,0.0219550309595667,0.0247064987549111,0.0296812848822984,0.0647044376930592,0.0161451009270685,0.00013968358760494,0.034743715708635,0.0233001811466379,0.00011077937406083,0.0407490292599939,0.0149196334714277,0.0865720878334104,0.205638889516877,0.388527154244447,0.00147277103404485,0.00759781673055988,0.00995833054765039,0.0980769287826347,0.0266387728832428,0.236195227917094,0.0132334541986858,0.033334354355657,0.0163683921502046,0.0960012158628332,0.0388592688306496,0.00414606166295855,0.0156134475837611,0.00171761312328466,0.0119674232710056,0.0145381237346384,0.0116186889387151,0.00233413540147462,0.00164916995449683,8.27974633639335e-05,4.25489615598559e-05,8.04466483217952e-05,0.004074978137966,0.000547936798496238,0.00117998073823712,0.00581142834502707,0.00184146043977476,0.00310909928596355,0.00411269473296877,0.0214421352638779,0.00716689545460465,0.00011973633276006,0.000661022791471841,0.0018749928780885,0.00102242438966353,3.95703596718013e-05,0,2.16914880960912e-05,0.00095145828230927,0.000721554563883405,0.000277092297118691,0.000455719215306407,0.0207426615086692,0,0.000803202614082254,0.00222946122787347,0.0217553545311641,0.000550079738454375,0.000592778193137608,0.000537596701113728,0.00137418260371783,0.000132745575907177,0.00133412064536095,0.0105927612412649
7.95341599002303e-05,0.202224329031278,0.000204100060545468,0.262330758086462,0.00570742604862535,0.0123902245905715,0.0368185752450519,0.00533586312125372,0,0.0667881479530863,0.00789954079285077,0.146019769176357,0.128585999929225,0.0025103025696975,0.0685545907033281,0.0637798050035037,0.00027826867567834,0.00056660026924454,0.00083713998588781,0.0439060297369181,0.0211505074555762,0.397454884968529,0.0100514918780341,1.7909627800453,0.135535231665661,0.0055215466877777,0.300045426208826,0.360943608159318,0.00576343876007765,0.000585162809202446,0.0172091826758698,0.00139982071165834,0.000462898797126895,0.00539113552329665,0.0025551886667935,0.0252296802357138,0.000983800385117767,0.00276457425679335,0.00122587770036682,0.0417285263073089,0.00166144663573525,0.00392357429677091,0.0549935238584773,0.00163498184970569,0.0116750893928084,0.00306441360256046,0.0235223263639139,0.00203130061670407,0.000752268613004785,0.00114632272729503,0.00391514443688684,0.000658141553541397,0.100128287399399,0.00132017079528939,0.000719105276859269,0.0271131590806423,0.00457702804538981,0.303767659058149,0.0631985771547465,0.00725662674206251,0.0211398788678335,0.0101301722852088,0.00502301856561759,0.00598347135113919,0.0980885799433618,0.000394835866238994,0.000337981356239754,0.00072783136593413,0.0189244232120401,0.0578226643483702,0.0513644447498309,0.0358501114467338,0.472668693219883,0.00183631477802385,0.00359304451372588,0.0165150963259345,0.238118714470535,0.0092450264512094,0.0169082705440195,0.00154435802866912,0.000466378721957809,0.000740634176683131,0.00641879256242788,0.00262619963092816
0.0106297241542698,0.000560651723317769,0.00136953216990869,0.744545868718934,0.00973504033716882,2.69193016438118,1.4171716509678,1.23705790781797,0.0667881479530863,0,0.0186682887452225,0.290357536262524,0.0611589791347567,0.361337971349986,0.0636576185600706,0.000147730268729371,0.00927661940815745,0.0422841310628094,0.0402731592272103,0.520744187738486,0.00227824404210085,0.000102035945011333,0.0048381437337769,0.0882137243388207,0.000250268672451901,0.0857436157046276,0.0185504046997656,0.540597798636404,0.316432306049254,0.0314538960978972,0.00397689184209265,0.0271000665934789,0.0030886607688291,0.196420451293243,0.401459842884354,0.360382237454759,0.0140039720460507,0.0712302473943238,0.0227130858579516,0.199175634911635,0.0456486460927158,0.00470030323982059,0.0676055747755212,0.00127421841460074,0.0228792141605654,0.0110169246487849,0.0598114415695733,0.00492071060842405,0.00169476634377208,0,0.000370977311344048,0,0.105051818233319,0.00235995265389514,0.00246034922221592,0.0251399918976392,0.00431713295076371,0.032775245458317,0.0658600633236852,0.0198474983123634,0.0611453230238558,0.000123817316599977,0.00275009962626123,0.00992234355963021,0.000985859058001138,2.46713523342997e-05,0,4.78649920296252e-05,0.0180956827254748,0.000609792696455383,0.000127338108283127,0.000766647060431561,0.153448659050308,3.48525721991539e-05,0.000178276794621742,0.000597069696407663,0.17653850513756,0.00693965511466784,0.000842228058114945,0.000242904849932849,0.000813323581003221,0.00019374212899904,0.0137738082540151,0.0534708487727648
0.000170867520561158,0.00540693962355653,0.000635228708725437,0.000393459842147309,0.000211845823749965,0.00545974225486329,0.0100271626988874,0.0114558340903861,0.00789954079285077,0.0186682887452225,0,0.00903796765171682,0.433793881775791,0.0110358176453095,0.00119544563564706,0.000569505880243337,0.0037749497067114,0.608023594701526,0.078090884260155,0.00317397391744806,0.00106346257992276,0.00567910273116773,0.00274728625525754,0.00522948540611985,0.0413285874373906,0.296934384424341,0.0169930606288354,0.00620022892731812,0.037313313124461,0.00161140789234654,0.117425294171862,0.00365558693769504,6.3598121507296e-05,0.821346449745641,0.00796965193714936,0.0544609185436261,0.0778861344170055,0.131066027492758,0.0161473583507412,0.0118197066072203,0.0026355955822974,0.24571516949462,0.00488481472463065,0.00322838153333967,0.00435792577517976,0.00609297481865392,0.00172042992760333,0.000309491528207642,0.0060590550798686,0,0.0238713441527698,0,0.000173668921780354,0,0.000180284264293993,0.000273616518275714,0.000135264193351919,0.0101712015748591,0.000223885637466788,0.172345024629716,0.000152387997465849,0.573570519535867,0,0.000832629834207508,0.00163970021806749,2.83183044709504e-05,0.00538409376479661,0.00119522372732158,0,0.000383829279187167,0.018825614694085,0.000327271802953541,0.0136775476077759,0.05460478909006,0.114932830499897,0.118209445397421,0.0012957808880835,0.000331291410219216,2.10454491928667e-05,0.194388445608894,0.000536438040540168,0,0.00106102684062081,0.00571067653091181
0.00147517789535303,0.000505271972959822,0.000691723148949242,0.182302722762481,0.047950968555388,0.260348084321317,0.0279741925129221,0.192026029870557,0.146019769176357,0.290357536262524,0.00903796765171682,0,0.0479976967126702,0.0742691300395831,0.364504660206548,0,0.00417224045385035,0.0176690552139223,0.0181425301887185,0.744144440811639,0.000686747269826033,0.000151121598427847,0.0015367313980264,0.0160723749249979,0.000204590885867679,0.0367425475418778,0.00956651043592915,0.0316684550554594,0.0704054497648283,0.00600800411372616,0.00201460910856195,0.00874247419951824,0.000239085512438297,0.0439542847986133,0.139311906757071,0.134562307694671,0.00657880547387896,0.0215622822609914,0.00825385767795729,0.302541561648166,0.0131063156579048,0.0017765659505513,0.0420193894539409,0.000923342954379489,0.0109185209620157,0.00537207078299317,0.1090784155757,0.00341383099633401,0.00102355447395888,3.31917355559826e-05,9.54565604031088e-05,0,0.231478640136603,0.00760267146221627,0.00201646423095099,0.00987886689382104,0.00194148302819246,0.0331672393373922,0.0848824444342889,0.0126949901052226,0.145192581035416,0.00019468646575203,0.00146713713062795,0.0286868819852919,0.000387102469904411,2.48891979037195e-05,0.000417673322047207,0.000166152507484454,0.0765671724711123,0.000500688481856779,0.000151322341580278,6.76416405980021e-05,0.0809175465867637,0,0.000756208482397071,0.000713813732167691,0.136128379342446,0.00484710093003378,0.000263173081580329,0.000271647427169338,0.000700266086275946,1.65692214389592e-05,0.00545098805248755,0.0470200358091419
0.000578670179955348,0.192698248216656,0.0113904761227145,0.00708459962456917,0.00205096766796272,0.0458967775543371,0.0419418403621997,0.0651851586721825,0.128585999929225,0.0611589791347567,0.433793881775791,0.0479976967126702,0,0.0181539195418385,0.0109900794115737,0.0121309181308626,0.008979148302373,0.03331936202631,0.0218092799136909,0.0121709453711223,0.0253020310180731,0.125589882159423,0.0420769709337071,0.100777376783909,0.539253589555649,0.171084165984116,0.100560818964238,0.11016502265383,0.0430413118305306,0.0136953162075169,0.0597206228264134,0.0396804945033987,0.00199444269551156,0.149662335494148,0.0528742149651717,0.260354065561766,0.213284455148336,0.365966444561566,0.107079741817134,0.31822621535921,0.104174797526489,0.253648198247016,0.0580173664270354,0.009735755486275,0.0482704786076804,0.0324101587739165,0.284721932040331,0.0138828071438737,0.0137748489264653,0.000498941547037518,0.0224037550695748,0.00144397889569284,0.00815969342251424,0.00349973511729873,0.01035664243896,0.0114136577683493,0.0139751510955968,0.0108585125915367,0.0191300913577044,0.259466966499269,0.0457793139945954,0.600028512585278,0.00304298914140387,0.00898389576721222,0.0399874168924115,0.000453991831308556,0.00555805181331414,0.00197665367448246,0.0052206969503582,0.00941683202278275,0.0155660903772829,0.0242844176737339,0.0422106331492257,0.0570243292801855,0.110883614778415,0.146417018690771,0.0332667644731494,0.0056726579931966,0.00278272225517948,0.186586034177672,0.00869842287134343,0.00024280247125457,0.00643286850012506,0.0328468102699117
0.526507714519743,0.000631829230972874,0.00620839192152448,0.0183077604661836,0.0006139271533091,0.0392751621852259,1.80688433444759,1.16653175515725,0.0025103025696975,0.361337971349986,0.0110358176453095,0.0742691300395831,0.0181539195418385,0,0.00827464501295763,0.000359154803923434,0.0498536843560461,0.0217929961151705,0.0363589547296589,0.0385567717904372,0.0310826936651304,9.76014042904614e-05,0.0844842764717048,0.0224554227371174,0.000283620371007952,0.0383318809615764,0.0204151842651642,0.0883435273834546,0.853866980761417,0.961481242864716,0.000851959950684903,0.00326717941621515,0.0204678067167944,0.168871497430998,0.0114386385646691,0.0859992126244289,0.00663135633048793,0.0369933795502239,0.0111920949921516,0.0233901892563869,0.0132413937274369,0.00153989986916879,0.00973355711215195,0.000410951382039457,0.00423505412357484,0.00383053421442591,0.00572803102084638,0.000293462677600438,0.00069460054260731,0.000159893381803879,3.53734962493479e-05,0.000155109990271172,0.00182604059335295,0.000144460112507689,0.000283479041544634,0.00400013646651541,0.000784914097743613,0.00217945490156736,0.00166653335717836,0.00473934657523912,0.00214220709451302,0,0.000227321829147658,0.000866297779221077,0.00067616051477224,3.4492746917367e-05,3.56156004432917e-05,0.000118333681403315,0.000753316698294054,0.000653225403694835,0.000154023750101704,0.000356523303243774,0.0183701180096091,0,0.000935537544709962,0.00275445548684717,0.0165049069649515,0.000166326385814172,0.000343950602628252,2.43950779863268e-05,0.000250731826642579,6.19596066134809e-05,0.00187851970234883,0.00623100701990189
0.000809950822417586,0.0091420953265392,0.00188456693527327,0.045842062601267,0.272437023139999,0.182129689409727,0.0413726522092477,0.0287705809452675,0.0685545907033281,0.0636576185600706,0.00119544563564706,0.364504660206548,0.0109900794115737,0.00827464501295763,0,0.00909200314481663,0.00114078360417951,0.00219667927406621,0.00165382858317799,0.0357491159088709,0.0546838747012302,0.00727723112992639,0.0453751775052317,0.16985877002119,0.00513966298148931,0.00572163604860247,0.0248051949375746,0.0900650460585877,0.0177831781408495,0.0186189439406829,0.000744417760883971,0.0225732952445551,0.00243570459771853,0.0120917186524404,0.44819752973798,0.0430174005603788,0.0105018809862793,0.00720864516644735,0.00254766696033734,0.323346213039044,0.00471192116848639,0.000451257320775539,0.0101093765385868,0.00126230898188724,0.00262464095621359,0.00825012317802263,0.0214266732969237,0.000703675865707437,7.50169057663203e-05,0.000142623882021016,0.000102643331377083,8.19574248244168e-05,0.00834058179591881,0.000957707239828716,0.00061865873993357,0.00280074596929737,0.000450794046939036,0.00752365289259004,0.00622045134328464,0.00209184655587492,0.0226518117924375,0.000118196771899533,0.000215085260472572,0.00238419312519957,0.000858160127387687,0,0,8.38537521952034e-05,0.00372846107170097,0.000939007086364063,0.000273848277440787,0.00106888152661002,0.026850696487183,6.5790097179723e-05,0.000770050257608683,0.0024207672499631,0.0204375779442033,0.000425342836181212,0.000620553714786335,0.000194934909440702,0.000197153618152034,5.91116336903933e-05,0.000948776566797046,0.0740894751175306
6.59442981062175e-05,0.0826858157443963,0.00485466672684346,5.72077530266524e-05,0.000210168566150808,0.000462171898453921,0.000899638475563219,0.000796676007154848,0.0637798050035037,0.000147730268729371,0.000569505880243337,0,0.0121309181308626,0.000359154803923434,0.00909200314481663,0,0.0053960955085991,0.000959017198617015,0.0026151516342829,0.000164058327535009,0.44373384374844,0.60589692190594,0.472283402649012,0.195330852946373,0.00991987826607551,0.00514665144037529,0.850901636731866,0.239215309920268,0.000541488084468919,0.00186628431452602,0.000808505235549632,0.000366916877108079,0.000137318682099408,0.0271558528119165,0.0656999843503989,0.485762074995904,0.112489510686441,0.0636844129720821,0.0208247220907368,0.00379144469571892,0.0026310860513882,0.000333700886395568,0.016369420271981,0.00150698764360005,0.00643885218551045,0.0049571703223009,0.0207345131320615,0.000624487612291349,0.000144518680006039,0.000532833084088102,0.00336297204613479,0.0130479415852378,0.00026630920673402,0.00020480431321156,0.00033503830476771,0.00217621011546257,0.000608913578815016,0.00285270836092091,0.000474405252297708,0.000694137055489119,0.00305946997405609,0.000456035579675752,0.00068065162022439,0.00138654061117133,0.605851475070479,0.00182033839991391,0,0.000225986727396127,0.000261821361197102,0.0957886363899583,0.187272375818673,0.287206268830321,0.0492236323823062,0.000102926014579683,0.00149461484168019,0.230300094529228,0.0187960289813895,0.00190971406703379,0.0120774251275394,4.33423902475357e-05,0,5.66803906438738e-05,0.00182725859825572,0.0366006903294956
0.00789683733994636,0.00466665852170306,1.37979991101033,0.000139672805608708,0.000412991846215457,0.00223160311356115,0.0985293831963036,0.0219550309595667,0.00027826867567834,0.00927661940815745,0.0037749497067114,0.00417224045385035,0.008979148302373,0.0498536843560461,0.00114078360417951,0.0053960955085991,0,0.0271146135646513,0.492131208241332,0.00139531933227121,0.106237741240412,0.000810305941630258,1.63745057161963,0.00272576688895174,0.000119150362996989,0.437005559248581,0.94866600340971,0.025788332283678,0.161102697423408,0.297340727527784,0,0.000914387715805742,0.0126150023159797,1.2607547755749,0.0356532917271335,0.20715685889241,0.191308845167555,0.23433605508684,0.12044009851793,0.00816453311000864,0.00505735443431638,0.000296002565992072,0.00824562751042316,0.00122643652960158,0.00493204939817805,0.00472951403452035,0.000581442722254747,0.000341271876527655,3.29658997262478e-05,0,0.00334889887242957,0.026723605140611,0.000151580065623379,0,0,0.000117267673516259,0,7.14938945664167e-05,4.26434297417045e-05,0.000236558452159902,0,0,0,0.000439146943765908,0.0021001901112372,0.00670284976554499,0.000163185476561477,0.00406373846870903,0,3.65727323635698e-05,0.00105300486549225,0.0029833791360343,0.000978573579221518,0.000230503532424694,0.0265570300440725,0.154113703248935,3.25807892934382e-05,4.31438163259327e-05,0.000353296054789344,0,2.38553417976439e-05,1.89287151384055e-05,0.00187082940105322,0.0408402711332146
0.000195323557228339,0.000289522927853978,0.00414476328553931,0.00183580621737557,0.000406571689392376,0.0104527398796239,0.0241853252292999,0.0247064987549111,0.00056660026924454,0.0422841310628094,0.608023594701526,0.0176690552139223,0.03331936202631,0.0217929961151705,0.00219667927406621,0.000959017198617015,0.0271146135646513,0,0.303163863310425,0.00587782125428723,0.00299377678479265,0.000212321358682537,0.0133906960486713,0.00361511327805423,0.000472811202300867,0.069429570196895,0.0217776780717398,0.00891381262870674,0.083534402203015,0.00474393694164211,0.00322220828561751,0.00858109253115882,0.000209268770590681,0.5623202381572,0.0357746595191517,0.183991573516682,0.119103687424915,0.223339506297191,0.16879331024553,0.013267086810033,0.00896242264835278,0.00427397864201912,0.0031399492978261,0.000748113722724951,0.0019911335486229,0.00448075369710265,0.00058968692303032,0.000377982680173308,0.000339569784616816,0,0.000396147735892499,0.000147298255399153,0.000149932594632661,0.000192333930584407,8.43152452163101e-05,0.000214775197450012,0.00039298366910367,0.000494714101101789,2.57724199160844e-05,0.00268384076540904,0.00028786685450184,0.00130969866960596,0,0.000362119956927156,0.000394670227865225,6.50078458396969e-05,0.000506492036117587,0.000767596332141336,0,0,8.74670110271277e-05,0.000311666332103181,0.0019459669618311,0.000309655999601117,0.00795587914555888,0.0140323512433106,0.000430781283403957,6.46285893823265e-05,0,0.00160127255232059,8.9657587363601e-05,0,0,0.0318911756911239
0.00155026189815123,0.00175900000482796,0.0330872289732364,0.00121870575507116,0.000410423398885587,0.00779099542482693,0.0333868200851285,0.0296812848822984,0.00083713998588781,0.0402731592272103,0.078090884260155,0.0181425301887185,0.0218092799136909,0.0363589547296589,0.00165382858317799,0.0026151516342829,0.492131208241332,0.303163863310425,0,0.00683994981657414,0.0249488327503368,0.000184943997531539,0.0896108581780583,0.00368519607496226,0.000691487403324001,0.337611566560613,0.163817655520665,0.0121449261513471,0.127903885676939,0.0216737033372278,0.000745141139542095,0.00756407208737049,0.00182284592844487,1.53760953401612,0.0445758760958663,0.296353711153057,0.136396531545724,0.304900083596359,0.212478250107241,0.0160739203537059,0.00846113425365938,0.00151748346262483,0.00503324594276094,0.000925626604763845,0.00136609666315682,0.00261654164133013,0.00073658455738935,0.000217183837839586,0.000101860386438071,0,0.00122344465396294,0.00127845257804265,0.000177031538214821,3.72577792737484e-05,9.61846850122901e-05,0.000246935119548932,5.04554559252977e-05,0.000291337504180318,0,0.00093368190732367,0.000620651539987273,0,2.3138186456421e-05,0.000859878830994231,0.000192577843337706,0.000537279216582021,0.000120146104104805,0.00222839957058605,0,0.000163259438489315,0.000183691995874482,0.000202179823083648,0.0026045756855013,0.000123750581973571,0.0138469964808537,0.0392826626640851,0.000908078338878653,2.68874548474431e-05,2.65984928400248e-05,0.000115460860296566,0,0,0.00032064749047102,0.0538745275769658
0.000982965109869288,0.000378806491964555,0.000150096908232367,1.1984927251844,0.00359160312833377,0.0231961833083437,0.0213817857710138,0.0647044376930592,0.0439060297369181,0.520744187738486,0.00317397391744806,0.744144440811639,0.0121709453711223,0.0385567717904372,0.0357491159088709,0.000164058327535009,0.00139531933227121,0.00587782125428723,0.00683994981657414,0,0.000298745408382905,5.07012708738148e-05,0.000340459880195129,0.0422094795814027,0,0.0116585633999262,0.00288171852344408,0.0615772807482431,0.0370379843409113,0.00367901483697978,0.000479137846374702,0.00352038353656022,0.000413761427236011,0.0198513654093501,0.00272728176809236,0.0525229482232206,0.00198308791830093,0.00813597520350211,0.0031612821276207,0.0415410202383562,0.00555183967202886,0.000856083812814114,0.0233442522996057,0.000385790308939332,0.00766105014905056,0.00153732684061762,0.0284572137211797,0.00150076861314284,0.000487441034276015,0,0.000813998683437945,6.03807464344263e-05,0.0763619988199091,0.00154110253859799,0.00118776247495301,0.00950908573727773,0.00108048462092751,0.0229767941066372,0.0350018512241324,0.00590182114731548,0.03540363817641,9.44492327242376e-05,0.000807720617303069,0.00752185494876742,0.000254438931151262,0,7.888912324754e-05,3.12632841481745e-05,0.00949556686880793,0.000147329895650882,0.00109603320278906,3.22000346622586e-05,0.0665754696770358,0,2.59027332935125e-05,0.000585767409034271,0.07659199628344,0.00366168126425662,0.000299487458725721,4.47187125867844e-05,0.000315221533232009,0.000245803368882018,0.00453225597770105,0.00249656038489625
0.00733805294635977,0.00261873574288345,0.0824744339158261,0.000218786162472325,0.00291935370379791,0.00229943343215722,0.533392942315106,0.0161451009270685,0.0211505074555762,0.00227824404210085,0.00106346257992276,0.000686747269826033,0.0253020310180731,0.0310826936651304,0.0546838747012302,0.44373384374844,0.106237741240412,0.00299377678479265,0.0249488327503368,0.000298745408382905,0,0.0271197144840657,2.65582831482052,0.0360639796698742,0.000248840142917001,0.0240125688028771,0.223939391370838,1.49523081851907,0.18266092740342,1.78265321946922,2.85293909182548e-05,0.00310669465284212,0.0200074487548218,1.30907830345941,0.253233762360658,1.17373219888157,0.0556790880825234,0.839815655611529,0.221503682970463,0.0310652201882898,0.030750938752187,0.000602035152472113,0.0135274049983064,0.00123518133024307,0.00199618803331916,0.00771688986130984,0.0070297574203611,0.000472888977289129,3.06495496177078e-05,0.000681228191721203,0.00055120412310006,0.00160801839895139,0.000431710343639287,0.000803259081709672,0.00028154118493458,0.0039852310381853,0.000702917125639029,0.00342349098523112,0.000785817711566158,0.00120024525392803,0.00344314996473158,0,0.00138268232462573,0.0026678682107635,0.158391335408005,0.000376608291241232,0,3.49901753019214e-05,0.000147623405933649,0.0675877514213422,0.0499073229007125,0.065661313233142,0.0577034640965321,0,0.000737013198094501,0.0338637319694804,0.0230249391132474,0.00220555471927865,0.0131940657630919,0,5.73843572003842e-05,0.000205052552288532,0.000831832202309978,0.186864109658289
0,0.334315731136985,0.000825944323752486,0.000218024098330778,0.000730217072473241,0.000226077550715306,0.000391958593960753,0.00013968358760494,0.397454884968529,0.000102035945011333,0.00567910273116773,0.000151121598427847,0.125589882159423,9.76014042904614e-05,0.00727723112992639,0.60589692190594,0.000810305941630258,0.000212321358682537,0.000184943997531539,5.07012708738148e-05,0.0271197144840657,0,0.037307602687598,0.850992544895543,0.12943511016432,0.00257303613047315,0.687674572432983,0.101479798029623,0.000111728500114817,0.000250419946390676,0.0127039976064799,0.000114791081234059,9.53749688864293e-05,0.00178442381842585,0.00117248196909942,0.0205288632818045,0.00333419825867794,0.00103228621759947,0.00108362899470714,0.00252261576718853,0.000238311105702799,0.00469438927500525,0.00473105757143707,0.000471310424027625,0.00125826406866258,0.000970464356276551,0.0014131893968738,0,0.000524625149869489,5.00373683287144e-05,0.0100898525525229,0.00302125345371241,0.00160394818843771,0.000121443134208012,0,0.00162899299874186,0.000335064332069648,0.00598497625979438,0.000458568167938063,0.00366980951088777,0.000281145188465691,0.0107970309960042,0.000488899253315497,0.000360773660487998,0.117523148963468,0.000486032126656419,0,9.00517249872089e-05,0.000100173501684993,0.0150253577365532,0.130825507555193,0.038110203748482,0.0418719408332177,0.00156845843459438,0.00157257023156924,0.187581212346678,0.00883421615413964,0.000626612867209353,0.00213953356867082,0.00190534825677041,0,0,0.000331927183857453,0.000834303360244126
0.0186671560443249,0.00631269672418778,2.75489689441036,0.000130146539128041,0.0033470315981863,0.00295508919802787,0.718175481898005,0.034743715708635,0.0100514918780341,0.0048381437337769,0.00274728625525754,0.0015367313980264,0.0420769709337071,0.0844842764717048,0.0453751775052317,0.472283402649012,1.63745057161963,0.0133906960486713,0.0896108581780583,0.000340459880195129,2.65582831482052,0.037307602687598,0,0.0129653742649533,0.000307198659892762,0.291318438746416,1.61280076629849,0.412714396985364,0.309649886056662,1.56340240232446,0.000424237671163419,0.00166295955199074,0.0202859180852187,2.13337340848526,0.570055568575214,2.60391245182144,0.933563316568471,1.25314628427965,0.61458491449816,0.0435346246206557,0.0403425979030163,0.000610916000820647,0.0391404850107055,0.00437893748424998,0.0116822437571037,0.0257276659478612,0.0174241611290345,0.00175650777882462,0.000220579355141938,0.000439504572072908,0.00262698110890532,0.0984331223679946,0.000373146228318197,0.00175345118866662,0.000686340579794781,0.00170660679113046,0.000494041995014686,0.000269295438210917,0.000343298884883332,0.00124597126991772,0.00300067517291436,3.24385321414769e-05,0.000275216661539644,0.00611712903398849,0.386954406458473,0.00871933874584183,0.000136272637725156,0.00163840510229748,0.000273509669351971,0.028919023656333,0.0993724261465269,0.271663378664584,0.0147535003309609,0.000156699811048198,0.0102119979851819,0.66255398116483,0.0080836205677802,0.000506611328207132,0.00494765710241715,9.53754075877875e-05,5.5010695007658e-05,3.26184898663044e-05,0.00431973199447883,0.500902378874681
0.00180694146614575,0.227715434394162,0.00976694773895107,0.496242260580455,0.0143778658544296,0.0143507725602112,0.357110089847966,0.0233001811466379,1.7909627800453,0.0882137243388207,0.00522948540611985,0.0160723749249979,0.100777376783909,0.0224554227371174,0.16985877002119,0.195330852946373,0.00272576688895174,0.00361511327805423,0.00368519607496226,0.0422094795814027,0.0360639796698742,0.850992544895543,0.0129653742649533,0,0.0829428286959453,0.0145284288733183,0.349480727611299,1.0086697530525,0.102343059223815,0.0115159432633397,0.00965735936798447,0.00745018441708129,0.0203797999938545,0.072701526269797,0.0374553603205414,0.277187115665131,0.00594408269532763,0.0355683511538796,0.011472876531871,0.100964570780136,0.0181221728608133,0.00218900681560451,0.253866586297542,0.00411910038490306,0.0722805105185135,0.0124880012569217,0.122412621683871,0.0158760645064628,0.00155287271744313,0.00259580974396272,0.00345008567194671,0.00106363297118357,0.0883975698975102,0.00255852789680417,0.00740101020147829,0.13125486133212,0.0178120874350062,0.279263992572345,0.0815867120569277,0.0226373722822901,0.0299411544871618,0.0048903000730168,0.0190468699059505,0.00899012347459276,0.194833367901718,0.00067567713350114,0.0012084963681515,0.00195554413327532,0.016461185786426,0.112380296279772,0.0730440127023061,0.0700259405565193,1.17330632983438,0.00101397654302377,0.00290496344264641,0.0218050724607459,0.717986010656776,0.0414188207674002,0.0419295630185743,0.00110438026776221,0.00140916783712698,0.0023514426347763,0.0400319063306516,0.0229210928089915
0,0.148918046905671,0.000205359612027484,0,0.000305268151963961,5.84597269397499e-05,0.00048782368590042,0.00011077937406083,0.135535231665661,0.000250268672451901,0.0413285874373906,0.000204590885867679,0.539253589555649,0.000283620371007952,0.00513966298148931,0.00991987826607551,0.000119150362996989,0.000472811202300867,0.000691487403324001,0,0.000248840142917001,0.12943511016432,0.000307198659892762,0.0829428286959453,0,0.0310212115944825,0.660208838363057,0.0100307653560588,0.000151430756303731,5.98532661398199e-05,0.0858259811191148,0.000144178441959608,0,0.00235736815495074,0.000210510930078131,0.00200596166494208,0.00386039400796257,0.00145124989212565,0.000249067303520799,0.00381396243880868,0.000167052757351917,0.0417927300655785,0.00143716351576375,0.00156658786748992,0.00198330848624637,0.00170047150581478,0.000637302212489114,0.000116999550690365,0.00569606575556879,0,0.0161008149595588,0,0.000860485606992874,0,9.24549414327144e-05,0,9.92303839322209e-05,0.00273642289986425,0.000172424090202811,0.0214794835664893,0.000315997412131354,0.155792790309053,4.25618070130706e-05,0.000341603774046284,0.000354545807451689,0.000132466780326891,0.000118895115102267,0.00105258388211991,0.00010788394682914,8.67770360961558e-05,0.00490906165334163,0.000159257731279462,0.00552448442801552,0.102991642527292,0.0265195420766354,0.170755681905387,0.000934032075973576,0.000386578526964632,0,0.0287320704863437,5.90261059994695e-05,0,0.000666716672127033,2.61512862240255e-05
0.000784878790087245,0.0257241799575072,0.8006509426195,0.00345950209662401,0.00122599098068716,0.0189132322837179,0.07228056076109,0.0407490292599939,0.0055215466877777,0.0857436157046276,0.296934384424341,0.0367425475418778,0.171084165984116,0.0383318809615764,0.00572163604860247,0.00514665144037529,0.437005559248581,0.069429570196895,0.337611566560613,0.0116585633999262,0.0240125688028771,0.00257303613047315,0.291318438746416,0.0145284288733183,0.0310212115944825,0,2.4805533438381,0.0428638179791139,0.108948352202558,0.0279652054745689,0.0251383764605176,0.0107710463660104,0.00109130649389947,0.679109327697087,0.129790495061815,1.00588698602897,1.21179008492674,0.653224175965677,0.39176621936446,0.0423733211869987,0.0305674982466347,0.0492278786213064,0.0725433932127406,0.0314682326103293,0.0487310163591801,0.0506819381754152,0.00374234168672179,0.00195926153599494,0.00278729412676552,0.000134877123501975,0.0431852826661758,0.0162244960429141,0.000197607224952674,0.000399026494206566,0.00093436048642331,0.00204430409777761,0.000989088369045553,0.00503589042241162,0.000322444230899444,0.0271818752950749,0.000971004921316018,0.109774817193729,0.00145656838660581,0.00225176477199048,0.00419763971231015,0.0320308820565195,0.0283683520161102,0.118438863154388,9.5377887204161e-05,0.00103956492858699,0.00651675610688678,0.005401145458892,0.0084287606597229,0.0297733806781764,0.87760289159366,2.27556558340174,0.00194542567198069,0.00238806361215131,0.0028111067099197,0.0935597059040289,0.00100377328751914,0.000159743833192581,0.0231205182221873,0.136938683255299
