0,0,0.014230766279581,0.00085924284404479,9.74132742299913e-05,0.019857297349674,0.0960688630875303,0.214197619777357,0.000858928194145804,0.0212331909648091,0.00522282395672995,0.00951122658643138,0.00158762070221529,0.951829581750183,0.000494358006421006,0,0.0486457175530968,0.00131184123026992,0.00420129546495498,0.005619694180285,0.0332120249075344,6.55238986043334e-05,0.221152341300755,0.00297500324494781,0.000618794004858738,0.0042616414211417,0.00951370177698954,0.0105485646581259,0.909780045111717,0.728602907203694,0.000128349153813389,0.000577028166574231,0.00286107942976803,0.010819856569919,0.000524775762236944,0.00890963346707374,0.00105570315168628,0.0072325379320448,0.00352079321686067,0.00344199935376166,0.000393686293463099,0.000527782585230482,0.000379190976582581,0,0.00086550751412854,0.000204506684045171,0.0003322910831406,0.000928069481133581,0,0,0.000224742993861842,0.000178698290319392,5.94703041084826e-05,0,0,0.000349687070011783,0.000126204806584418,0.00129440651352219,5.94448000451744e-05,0,0.000327791282452163,0.000157655022039735,0.000230617168922305,0.000192380892644263,0.000201184843441576,0,0,0,8.19080200136903e-05,0.000266347678051681,6.21098615190148e-05,0,0.00311098722632518,0,5.98916585769534e-05,0.000729555608471456,0.0029064799812849,0,0,0,0,0,0,0
0,0,0.00310139252699495,0,0.00014579311990903,0.000162877919493895,0.000195778623157496,0.000128135025752103,0.222803805634013,2.88406382833451e-05,0.012799042473737,0.00213473707398996,0.102601260374022,0.000848954280979625,0.0187580986279301,0.0398243985923838,0.0028825093061763,0,0.000316531641569489,5.04791223724723e-05,0.00175543920662523,0.420639135174959,0.00421920256315478,0.217618107965813,0.359831590219344,0.0264528352554813,0.86514996994726,0.0127041100636586,0.000943709739529733,0.000139097428798243,0.00212373386444253,4.46950600976169e-05,7.30589538955152e-05,0.00543521031913248,0.000482820156750143,0.0110207285242319,0.00520726485169754,0.00519242896600121,0.00240493920564348,0.00439669196323048,0,0.015952561412168,0.00431334918644276,0.004101794216433,0.00453876015812241,0.00135707222219399,0.000345942913233817,0,0.00399669218603788,0,0.0909372680256038,0.00652255289248126,0.00015738602252838,5.79667853626489e-05,0.000103383865021097,0.000154862951744893,0,0.00225668936794378,9.15192192000331e-05,0.00254840745811204,0.000171324191124606,0.0202885881069248,0,0.000128979658100844,0.0132609679033407,0.00137006632088004,0.000102035298781157,0.0012483360702042,3.362425771105e-05,0.000876123556909376,0.0114523269637282,0.00556023259045767,0.00863970811579231,0.00593751100743285,0.0202973521516415,0.313757003749771,0.00151657921401234,0.00022883840900526,5.50996760793209e-05,0.00132892840347694,0,0,0.000812474970665821,0.000528166263456076
0.014230766279581,0.00310139252699495,0,0.000142214961112064,0.000684203851743364,0.00359448077520306,0.0372757610602781,0.0415435131017755,0.00130672224655244,0.00363713331339803,0.00271274311867955,0.00272934474826357,0.0151767697560369,0.0614340991256585,0.000309651088427919,0.00282832499968601,3.26334135435606,0.0347519435970168,0.116375611796444,0.00178301609500042,0.210831454194829,0.0114901439503769,5.58102930663201,0.00509752054671355,0.00026708562704503,2.63487060457364,1.40135817293207,0.0627406083543542,0.0341725098680987,0.131781422506649,8.77024866263866e-05,0.000917906512616038,0.00174268563812736,0.617725025274613,0.0372694460114194,0.807866400806823,0.141933504482769,0.366999555094708,0.298363063792692,0.00872057463188832,0.00182612778411998,0.000570411988270059,0.056827813461958,0.0110686524411725,0.0242755857270748,0.0084155660749756,0.00105123603956993,0.000258807880230427,4.88992847207427e-05,5.67016612522006e-05,0.00855538207957901,0.206631906658632,0,3.39071760295987e-05,0,0.00516838365497204,6.69577361006737e-05,0.000396020938246882,0,8.58293993890585e-05,0.000103250244472039,0,0.000903025280600864,6.07977528897196e-05,0.021389907899315,0.0364567024183818,0.000882007886452714,0.0110332517900953,0,0.00396441095297224,0.015935954021777,0.0471856251109248,0.00510267743060052,5.5177767541188e-05,0.048727710615726,0.904835764819539,0.00732355005645262,3.58942843440443e-05,0.000973838573436616,0,0,0,0.012377487986939,0.021726323904056
0.00085924284404479,0,0.000142214961112064,0,0.00448752622626076,0.0349789410887899,0.0978024405740845,0.0305295947682274,0.291993244427668,0.974746576294809,0.00211970854540213,0.55934190617764,0.0201214151688139,0.0270400505864335,0.0781931798783563,0,0.000204187037046912,0.000587331195298961,0.000405927022861701,2.74503742805087,0.000163098626283526,0,0.000638619913754275,0.886670609457042,0.00121477216896682,0.000669527880295372,0.00027596620553126,1.44095669565754,0.0410552559713666,0.00217988248116037,0,0.00166300427369631,0.00219891067386946,0.0239383446211005,0.0186165222654635,0.0993307375934484,0.00177732375542571,0.0218422633157304,0.00769150915905325,0.0605502264749672,0.00221584247028858,0.0022184358186735,0.0124608151619342,0,0.00292444476769592,0.00215571879309206,0.0568856443827911,0.00158607574290226,0.000612884517749068,0.000301764932698479,0,0,0.148068683660382,0.00179797085273157,0.0151155988683297,0.0120551815725136,0.0213349213061782,0.0728249777801701,0.0915115514717558,0.00020920413415288,0.105846018958091,5.95302127289116e-05,0.00717034259184262,0.022886944231178,0.00015391193068105,0,0,6.87634850680769e-05,0.0996083215521226,0.000111177982196009,5.74907456567704e-05,0.000120286147911871,0.130504776671604,0,0.000200364140598446,8.13873222686772e-05,0.132414158432642,0.00205754000096628,0.000378553273643616,3.36075810707629e-05,0,0,0.00549674974526878,0.00212838178905355
9.74132742299913e-05,0.00014579311990903,0.000684203851743364,0.00448752622626076,0,0.120282614455898,0.00593677776796986,0.00561819802990348,0.0243268380892757,0.00329717988800482,0.00153825606262406,0.057070107416411,0.0043598346624272,0.00276505667855496,0.119290928141316,0.00135534812394313,0.000419686092591172,0.000494730040462429,0.000262440073699045,0.00386481624455097,0.0278880797794089,0.00102442420002319,0.0248060854732533,0.0111741405163441,0.000168458665827465,0.000696977262496763,0.00254598246483042,0.0249176030366309,0.00249443134916332,0.0071107163051658,5.62431915359616e-05,0.109061368924615,3.83777861154467e-05,0.146577115788617,0.271523165995485,0.0212910945345087,0.00482651754975819,0.00143855144394697,0.00328368050008224,0.867447114642986,0.317195656230291,0.000729080353687304,0.00315224583310438,0.000368182385724932,0.000341886961031979,0.000578096874040371,0.0102717245683581,0.000234545624378824,0.000611576241800636,7.19275823329747e-05,0,0,0.00306815416320446,0.000255085885116345,0.0010764382215107,0.000336243656672514,0.000956086361743291,0.00162663400150308,0.00238902362593397,0,0.00773698940723227,6.80698216885388e-05,0.00045592739719477,0.00314116533823091,0.000153368283993303,5.71678859008134e-05,0.000170337381872851,0,0.00355576060528763,0.000145332104500705,0.000440057918083233,0.00103758111693225,0.00420737384694896,0,0.000341984362039745,0.000925495241939157,0.00508479607217627,0.000164462014108503,0.000147809704037863,0,5.12106034222246e-05,0,0.000214425897831213,0.0685144004210557
0.019857297349674,0.000162877919493895,0.00359448077520306,0.0349789410887899,0.120282614455898,0,0.457331128225115,1.21208652769623,0.0494806171599961,1.03376019710526,0.0241013217448007,2.01734336802658,0.0528784248807701,0.177687994631483,0.464803584414009,0.000423169961781812,0.00583240333526549,0.00589334668642125,0.00300568041150157,0.121844240862866,0.00756088461851075,0.000323599720290044,0.0334815174746613,0.0149690269292837,0.00920615417036118,0.00955233130376683,0.00317844329108021,0.083800082467404,0.0463666594150751,0.0726920523547279,0.000454934259069634,0.0259535955474164,0.00125544178273943,0.0849723385566996,0.454864409764391,0.387630265191329,0.00633906246409416,0.0478571603566438,0.0478551023201621,1.13016467440117,0.408624018647347,0.01279616284342,0.0401426411676761,0.000784557138692364,0.0100465457095829,0.00870577200990194,0.0594393508851933,0.0131147018975554,0.00645313072844285,0.000214416813481861,0.000155606729901695,3.40949750347703e-05,0.026239957088939,0.000710603553169837,0.0110642331102824,0.0263438813242478,0.0230935963066573,0.0442281581770531,0.0299374638967835,0.000465542558703703,0.0596786702550145,0.000562627570653421,0.0182922833855328,0.0129065093813666,0.000674022669741795,0,0,0,0.0308826034242735,0.00130093067920018,0.000356821984935212,0.000475181628504145,0.171673300046731,0,0.000202601360803241,0.000112415956971783,0.157329863479039,0.0038846466555501,0.00125379687201231,9.64455058121919e-05,0.00164439633703669,0.000103801924232591,0.0141336575502667,0.0346677649257327
0.0960688630875303,0.000195778623157496,0.0372757610602781,0.0978024405740845,0.00593677776796986,0.457331128225115,0,0.962458955074735,0.0377571135548269,3.38631001736499,0.0248538297727603,0.0536672684817256,0.0985911878323801,2.04667249694865,0.0303428549831045,0.000802968529065946,0.00850276761182762,0.00750131099937464,0.00506706015291229,0.0798459828637977,0.177979255577817,0.00158775559561039,0.149620382561207,0.499536682186512,0.00561479958753932,0.0129084931873526,0.00815695051235379,7.6952014955581,0.469959043856614,1.16198502950464,0.000533915518105897,0.0118892773130536,0.0581983335618809,0.278881970222008,0.107224540288453,0.507927557075376,0.0113485065879422,0.228033030016929,0.0798447351635356,0.0805970947965033,0.0145706756668582,0.00760850197755327,0.0460669818438168,9.23790526304987e-05,0.00910142356586992,0.00632322891459788,0.0383773948661443,0.00585899789409987,0.00313879268249288,0.000395774430396533,0.00011222588334359,0.000902751371203751,0.0170561415905609,0.000450909769736284,0.00721613734377904,0.0289192259147426,0.0256567427491679,0.0369708546398318,0.0244756623152522,8.51680780846269e-05,0.0309367516337929,0.000402973925756794,0.0164051983090572,0.0053504037198956,0.00234084359115535,4.40327511589408e-05,0,0,0.0211075019507981,0.00177709845696183,0.0011978631800631,0.00171012682326807,0.171731594889304,7.84807005441993e-05,0.000308435322458476,0.00342659976698104,0.150886545273955,0.00510974194535215,0.00293049179760615,0,9.62515240752218e-05,0.00025214067494266,0.015902440815169,0.0125416571733868
0.214197619777357,0.000128135025752103,0.0415435131017755,0.0305295947682274,0.00561819802990348,1.21208652769623,0.962458955074735,0,0.0266618818183654,0.953109071277685,0.0542185123137214,0.70380708450423,0.0643944770207168,1.58177503004695,0.0291009253379622,0.00038706889888382,0.0649660289569389,0.0126805505343217,0.00936203967240331,0.174021715506714,0.0998686401827501,0.000525711082509133,0.421011809160943,0.0177069024520125,0.0184893761468019,0.0205585432227682,0.0154705566900926,0.125732257374779,0.253669758699914,1.15866112153272,0.000686196562937522,0.00700594199491282,0.00470729981231505,0.0542588661049267,0.0262998745344339,0.388351521559566,0.010172699995965,0.0550943036460279,0.0745639745761085,0.290853068478262,0.0333528951845869,0.018299996059418,0.0556177269079878,0.000687740086763066,0.0230006472994971,0.0150991759581157,0.0472863080107852,0.0208933614344783,0.00985651863219814,0.000194655666521573,0.000195899673173318,0.000199038268732029,0.00686330392327617,0.000124475956374997,0.00652458476490535,0.0418867252369657,0.015101339428678,0.0502319217803786,0.00810719252797838,0.00168169087459852,0.0370988037428482,0.00310034298529025,0.0184549299723298,0.00638407290479868,0.00255527303174138,4.65835204865992e-05,0,0,0.0118852766094414,0.00235762850349822,0.000404840226839015,0.000241674288213909,0.200508642451401,0.000347537817611301,0.000699196573286307,0.00170339929450635,0.194681460638209,0.00542060287865829,0.00265145553691848,5.07666017226756e-05,0.00151440146400323,0.000449475008248002,0.0152544111984712,0.00312909386199921
0.000858928194145804,0.222803805634013,0.00130672224655244,0.291993244427668,0.0243268380892757,0.0494806171599961,0.0377571135548269,0.0266618818183654,0,0.174807668363521,0.00608655734740102,0.53225510525246,0.0524786646013461,0.0182076379993187,0.357498301228738,0.0300644795487256,0.00491946066175557,0.00114247691562581,0.00192286479996151,0.16204231394301,0.00755003172736676,0.53401076498909,0.00826846131079038,2.98667017436726,0.117723889010763,0.0341112877990163,0.885009234876494,0.459203836695282,0.0290745959589225,0.00633883508193418,0.00274983181346497,0.00264427138878153,0.00713129596991684,0.0327696765383534,0.0154024245343048,0.112687142648073,0.00938004350925951,0.0297364606177587,0.0152487214870879,0.105272840816085,0.00173934659288809,0.00312258523447143,0.0645325456504866,0.00186369006013273,0.0124148084316321,0.00801475546656809,0.0609794789012789,0.00341201981762427,0.00313025400931081,0.00121101376574166,0.00807977884675143,0.000395187924153969,0.0609534561484938,0.00361349017457605,0.019216087849502,0.0233983708908961,0.0244830530934444,0.301586155772202,0.0531114404687772,0.00722576622845401,0.0835198538705419,0.00718783468801855,0.0201357704632011,0.0267759257383549,0.0881191903464135,0.000827202395736545,0.00500984539092026,0.00102986374530237,0.0425945586010071,0.0442252538511657,0.10450251682806,0.0408938483752652,0.450584124330833,0.00230002017515253,0.00527682241826947,0.0262637967575471,0.198303643985905,0.0166260309784474,0.0139608886340978,0.000684000733800351,0.000728316212350934,0.00119724158805506,0.0133769300329598,0.00600479758330876
0.0212331909648091,2.88406382833451e-05,0.00363713331339803,0.974746576294809,0.00329717988800482,1.03376019710526,3.38631001736499,0.953109071277685,0.174807668363521,0,0.0579875781371844,1.02053502469691,0.114373652180722,0.709099164516232,0.0452408657161076,4.87053689831972e-05,0.0024481802984203,0.0145361727965233,0.0063084021768932,1.1082046135354,0.00479305801011073,0,0.0105474681601878,0.0546634511178842,0.0103398277503986,0.0268133958508857,0.00508807746220404,0.762818593149243,0.178987029340503,0.0268833392665928,0.000759605012071007,0.015823858781937,0.00328376777960685,0.161558915786872,0.13618492666176,0.545442472155704,0.0100431148402872,0.152661731508378,0.0501629791752297,0.145801819085741,0.0173572628403011,0.0215406012572776,0.038904358259447,0.000479045291382825,0.0141780154758756,0.0102942366373293,0.0832167618379164,0.00895677918715775,0.00505926163263292,0.000600216585861563,8.88323307736755e-05,0,0.0924853825259724,0.00127232724520546,0.0206322316190675,0.0481029063261366,0.0344632474342817,0.109898084451464,0.0886670043886763,0.000210092168194568,0.122241790140356,0.000887453579106865,0.0148475883064934,0.0231987397234058,0.000561948054721939,0,0.000111731755081165,0,0.0965374637366377,0.00078357067829471,0.000738672031186741,5.7297914195484e-05,0.378768890592989,0.000119170342785013,0.000213172269406233,4.17514339101195e-05,0.343449524432776,0.00344173650398239,0.000856015406189388,0,0.000129855036752892,0.000145014666126043,0.0141313653336843,0.0146543893839826
0.00522282395672995,0.012799042473737,0.00271274311867955,0.00211970854540213,0.00153825606262406,0.0241013217448007,0.0248538297727603,0.0542185123137214,0.00608655734740102,0.0579875781371844,0,0.110281050140201,0.493835201316727,0.231054197160379,0.00396813506242502,0.000279352600643343,0.136011297497307,0.907392567920652,0.0862422810541299,0.0385195997929866,0.003240218087664,0.0120530370437862,0.0156841498566856,0.0055633928974699,0.12569858683615,0.564090232731327,0.00837999238519299,0.00847522403430477,0.293446994004581,0.0121223019830529,0.0120262316556833,0.0677332762164983,0.000142350809141699,0.935359365230115,0.0152336763549306,0.161579388051702,0.292730281535255,0.536267904383538,0.145728242441789,0.0150341376974192,0.000983977782161351,0.538094206830421,0.00251166191083422,0.121370727263744,0.00392695243041185,0.00248102551542492,0.00281442745844978,0.00128539038871798,0.175405875401263,0,0.0356537219575628,0,7.1518706469971e-05,0.000133289533659792,0.00023470917095263,0.000103958833149993,0.000509059283934033,0.0135312995376506,0,0.20998462119428,0.000803512411465927,0.724963971601584,0.00102094672806247,0.00029099977836082,5.13216144541621e-05,0,0.000778856021194196,0,0.000160124635646534,9.19504735821727e-05,0.00489089258223826,0,0.0044911398621055,0.0449902180966449,0.0427379831736422,0.109387888336873,0.00116130977832398,0.00305206341630818,0,0.135030114203848,0.000145583515165442,0,0.0118317379281781,0.00804262113306785
0.00951122658643138,0.00213473707398996,0.00272934474826357,0.55934190617764,0.057070107416411,2.01734336802658,0.0536672684817256,0.70380708450423,0.53225510525246,1.02053502469691,0.110281050140201,0,0.0502420685295376,0.307109396003463,0.452724870268209,0.000107451466121351,0.00413904302582216,0.023933167935029,0.0098912453867235,0.966377103326885,0.00108192649793636,0.00497341752244358,0.00411545245082751,0.21477386257553,0.0160855741843127,0.036552964851219,0.0131286397667972,0.158599521497736,0.0551263451927551,0.0188926393103222,0.0014221291866559,0.0174717580266412,0.000417234555755308,0.0680047265151244,1.70105056694923,0.243372578429325,0.0131521841115521,0.094376296254989,0.0492451882393915,0.333984893324513,0.01052301085718,0.0271875459304984,0.0287834297040849,0.00166643521370566,0.0156516070537581,0.0147995715613622,0.125069415301002,0.0143838037414592,0.0075562770336908,0.000410731278895161,0.00020885752638973,0,0.0765815111190645,0.00392125565944721,0.0256377789412545,0.014622235852732,0.0261158589203409,0.0404957061165171,0.0753526651385414,0.0012629015421158,0.196883357955748,0.00327946860538315,0.012657212779551,0.0439453491582655,0.00048086531508289,0.00021563543156929,0.000122443263672352,0.000113361978579223,0.0680696128286459,0.000567676229627013,0.000166775400006244,0.000691380310947368,0.105172728573177,0.000250078317855844,0.000227870188019979,0.00058724519569177,0.114627218780302,0.00259902960359444,0.00101856386127063,0,0.000747862113973967,0.000278814278694877,0.0132496572731885,0.199961895457191
0.00158762070221529,0.102601260374022,0.0151767697560369,0.0201214151688139,0.0043598346624272,0.0528784248807701,0.0985911878323801,0.0643944770207168,0.0524786646013461,0.114373652180722,0.493835201316727,0.0502420685295376,0,0.0846015963502974,0.015033088221714,0.0181053202654291,0.00933338167574152,0.00499269108451295,0.00346136182177003,0.0365979638457376,0.0542134017307878,0.121826546061244,0.0920178909170511,0.0866169999592108,0.668621432058335,0.0414319636371047,0.129484600460893,0.181638096259847,0.0648755240569651,0.038258262044032,0.03594236232957,0.0314278584024946,0.00166591086949244,0.101290717583429,0.0517179169294539,0.482797329581062,0.156942332119831,0.149021218781664,0.342962751004786,0.351629328330125,0.0258331972806252,0.371009137727335,0.045397849936497,0.237863576216189,0.0369841274187305,0.0109902438002143,0.0554517440620702,0.0224011748430036,0.191486356374634,0.000319684976213956,0.0627421645147124,0.000840502554967907,0.00191395123826291,5.11506099453926e-05,0.00539478508472878,0.0112552065793429,0.0198082513246615,0.0173055926404582,0.00567027816631445,0.398935686072711,0.0141276894886678,1.53204432163674,0.0249162349463469,0.00373291502764163,0.00723947474026723,0.000705517192025024,0.0021156569915905,0.000258428902106702,0.00508570320833709,0.012969918884695,0.00790912615027109,0.00435687089698675,0.0512733411951964,0.279768313521082,0.150462989979248,0.694302702025115,0.0518519717217261,0.0158036444428573,0.00762525598330851,0.46252718319596,0.00303809662753297,0.00186339090359864,0.0434152868303439,0.0147193487140817
0.951829581750183,0.000848954280979625,0.0614340991256585,0.0270400505864335,0.00276505667855496,0.177687994631483,2.04667249694865,1.58177503004695,0.0182076379993187,0.709099164516232,0.231054197160379,0.307109396003463,0.0846015963502974,0,0.0152746656274871,0.000728130852967346,0.158713618086445,0.0616531641725343,0.0455474409485011,0.143481339803215,0.120002808262425,0.00214503192821454,0.624624891550801,0.0285283157385705,0.0180501420453204,0.0991134622470729,0.0513567005684823,0.195626002438376,1.90095034888429,1.82604693206954,0.00394968302112022,0.0161972418303814,0.00954290467904233,0.166200730098105,0.0353011389954472,0.314158897572554,0.0194259595489763,0.126828630570413,0.0631848453277086,0.0823713508091099,0.0176151340095572,0.0333787936628129,0.0293711682525458,0.00250736118798118,0.0150380113356396,0.0111463573043395,0.0279134273345105,0.0180543941784543,0.012582992429069,0.000175081722214514,0.00138197855700038,0.000676759463161531,0.0023019232944851,9.81628296935559e-05,0.00262676721471092,0.0155999471286112,0.00835878107766444,0.0303962570832732,0.00174361380217625,0.00383042477653031,0.0182218861389261,0.0119963978863462,0.011997247030227,0.00233021622240185,0.00293727131741449,3.91342479473561e-05,0,0.000407511310760337,0.00429206548933117,0.00240764600939618,0.000470005383214587,0.000858495334563381,0.109188498225209,0.000932949917002716,0.00171502980736915,0.0127083791727873,0.0927487108175687,0.00228376785930806,0.00184619665103968,0.0002602259627213,0.00225329505525787,0.000287160610697102,0.0122583586675105,0.00527494733219242
0.000494358006421006,0.0187580986279301,0.000309651088427919,0.0781931798783563,0.119290928141316,0.464803584414009,0.0303428549831045,0.0291009253379622,0.357498301228738,0.0452408657161076,0.00396813506242502,0.452724870268209,0.015033088221714,0.0152746656274871,0,0.003313762922251,0.00157108514276939,0.000954500888212141,0.000316527278536108,0.0431711818705407,0.0314557165851311,0.0401066509437401,0.0251529645317521,0.207333400650669,0.00805888215847918,0.00400124231364458,0.0619050655453496,0.145578691507935,0.00851066726443934,0.0163508623170326,0.000383147738720825,0.0046334987891764,0.000643331063456804,0.00616726111363059,0.117610904968459,0.0326469812087364,0.00457275059478309,0.00812886901359331,0.00599826913709667,0.312711953996541,0.00264770211664987,0.00133604629997735,0.0101125266188448,0.000866691305733954,0.00204595467178089,0.00231256749544896,0.0352254098085515,0.0010847343798076,0.00152413200664885,7.93049037139478e-05,0.000269021404307103,0.000570223368986326,0.0114219526213908,0.00117837779991229,0.00420751247874003,0.00329964460822572,0.00594631119390584,0.00700967964131899,0.0148898179840187,5.43861421587766e-05,0.0305270581864188,0.000409499807419819,0.00352573590668692,0.0100607998056385,0.00160960573042526,0.000208951424713755,0.000118602021741009,0.000105858240014946,0.012481620257148,0.00143182489339101,0.00136786461307985,0.00212167145785614,0.0234222409003826,0,0.00071077560424091,0.00232147658568655,0.0235489584093531,0.00189734771590968,0.00119024589184616,0.000141215932538295,0,0,0.0023205865787335,0.223939915502663
0,0.0398243985923838,0.00282832499968601,0,0.00135534812394313,0.000423169961781812,0.000802968529065946,0.00038706889888382,0.0300644795487256,4.87053689831972e-05,0.000279352600643343,0.000107451466121351,0.0181053202654291,0.000728130852967346,0.003313762922251,0,0.00829342959784225,0.000274488160206145,0.00163322877242251,0,0.409931054949803,0.586143274781337,0.577501529862021,0.60884180502942,0.00525954128218245,0.00464239183212537,0.626324299050439,0.430590412843819,0.000843184392081171,0.0100967807448697,0,0.000217941222818974,0.000735631074705147,0.0249749735242649,0.0173380131370237,0.428539817667648,0.0747317253391806,0.0905471588278755,0.0949050080861873,0.00459924918691862,0.00109804096691149,0.0010323991650496,0.0441612789944103,0.0123148442442899,0.0134214045489093,0.00511467317013554,0.00850695822171233,0.000929688748727177,0.00312166618777162,0.000219701703252566,0.00501097674598294,0.0162819707742241,4.78097473648191e-05,0.000129458667780823,0.000360105475158954,0.00343702165595497,0.00132849997764157,0.0102765966175861,0.000318830283667231,8.75655472491261e-05,0.000435565789827889,0.000156431039141947,0.00314906148698035,0.00100316405527764,0.759104030074779,0.00493058662787537,0.000128474720075542,0.000870980917112474,0.0001249845620826,0.185944476581203,0.260967008070576,0.772745713258553,0.155683588737097,7.02300488504588e-05,0.00872465269389731,0.284594755958781,0.0741893857771073,0.00268840841903111,0.0283417835428517,0,0,0.00146136601656584,0.00745920839666972,0.0108406181974403
0.0486457175530968,0.0028825093061763,3.26334135435606,0.000204187037046912,0.000419686092591172,0.00583240333526549,0.00850276761182762,0.0649660289569389,0.00491946066175557,0.0024481802984203,0.136011297497307,0.00413904302582216,0.00933338167574152,0.158713618086445,0.00157108514276939,0.00829342959784225,0,0.168523147519729,1.19430229303737,0.00197395274345339,0.0644345893494921,0.0244781324474259,1.88893251416803,0.00766895406552876,0.000356577103499252,0.502330829610527,1.83824716034383,0.029413995234291,0.237012154790688,0.170024586453985,0,0.001774763637751,0.0369021601312337,0.675454433498504,0.0235997736832942,0.453601130182286,0.0928140110394096,0.248486590846223,0.179541812927881,0.00568066981576636,0.00075214956151421,0.000839710118735422,0.00699074117482744,0.00486251641726165,0.00348060578781177,0.00161668589175473,7.80798742538572e-05,0.000266920114631224,6.11913946712852e-05,0,0.0145978004780329,0.0207218910334144,0,0,0,0.000101275209338024,0,0.000456191522177205,0,0,3.27629227936775e-05,0,0,0,0.00254619662117718,0.0076618535386626,0.000149163418232912,0.00878699900071162,0,0.000748405298665741,0.00780927052726796,0.00467472086763129,0.000686600441701245,0,0.034944075674188,0.309603432595927,0.000532680449661922,0,0.00022737337263813,0.000123647828596616,0,0,0.00203672449198618,0.0115180969694721
0.00131184123026992,0,0.0347519435970168,0.000587331195298961,0.000494730040462429,0.00589334668642125,0.00750131099937464,0.0126805505343217,0.00114247691562581,0.0145361727965233,0.907392567920652,0.023933167935029,0.00499269108451295,0.0616531641725343,0.000954500888212141,0.000274488160206145,0.168523147519729,0,0.175247533219145,0.00966478280850006,0.00559804849990148,0.00028329905508576,0.0220930543354426,0.000686248384271333,0.000164029633021903,1.15061964759457,0.0319091350283478,0.00255482693691723,0.0675244850242443,0.00638651397129728,0.000490095188451696,0.00976344493326808,0.000944310478076753,0.35200348397726,0.0200213998649175,0.246132729380089,0.379520231515412,0.405652381226905,0.145963398068205,0.00273682717844223,0.000781105484292227,0.000363114247492635,0.000512024878501386,0.00081104129816804,0.000220299570824626,0.000282291984010697,0.00014048638432883,0.000261264548521543,0,0,0.000493406398433709,0.000556219408392405,0,0,0,0,0,0.000625222490228242,0,0,0,0.000268195548794621,0,7.822309300493e-05,0,0,0.000141030596725929,0.00013924682556687,0,0,0.000279950913711518,4.63126447058916e-05,0,0,0.00363082051794823,0.00918417077092276,0,0,0,0.00059512471612193,0,0,0.000189158838456202,0.00967211461384932
0.00420129546495498,0.000316531641569489,0.116375611796444,0.000405927022861701,0.000262440073699045,0.00300568041150157,0.00506706015291229,0.00936203967240331,0.00192286479996151,0.0063084021768932,0.0862422810541299,0.0098912453867235,0.00346136182177003,0.0455474409485011,0.000316527278536108,0.00163322877242251,1.19430229303737,0.175247533219145,0,0.00435410367547522,0.0125048158067302,0.00316228592955057,0.0645444010375313,0.00143309367575527,0.000174831221398986,0.637860515765899,0.126484432571177,0.00285268535189645,0.0680353495362217,0.0119939741800533,0,0.00537596689275981,0.00361607380690283,0.523822879751262,0.0156644667092594,0.253446975096965,0.178667012746646,0.271015167560372,0.0999763731505593,0.0014386217734051,6.61643004483342e-05,0.00030846259436351,0.000605645104522621,0.000595167408321065,0.000458026263748923,6.01575891150713e-05,0.000138307969611227,0,8.80573938171625e-05,0,0.00128141042542492,0.00212754768125588,0,5.30228533329367e-05,0,0,0,0.000597073268986881,0,0,0,0,0,0,0.000184978423125449,0.000498256328426015,0.000216598108602917,0.000897132976912774,0,4.86836787437737e-05,0.000915503758783337,0.000305706512611976,0,0,0.0307524214829428,0.0559555912441701,0,0,0,0,0,0,0.000182372475921821,0.0108658115826007
0.005619694180285,5.04791223724723e-05,0.00178301609500042,2.74503742805087,0.00386481624455097,0.121844240862866,0.0798459828637977,0.174021715506714,0.16204231394301,1.1082046135354,0.0385195997929866,0.966377103326885,0.0365979638457376,0.143481339803215,0.0431711818705407,0,0.00197395274345339,0.00966478280850006,0.00435410367547522,0,0.00069232324236747,0.000177525082193113,0.00273715131104424,0.240908815296723,0.00619505256377757,0.0150020409987444,0.00394758030538534,0.300687237701785,0.0507352332781501,0.00974911706871301,0.000573849429222715,0.00825761995068866,0.00075963515848669,0.0405856273057955,0.0194363551301082,0.197156897741939,0.00399269099214424,0.0424687469270657,0.0190700761630704,0.0719049054233696,0.00578296248401744,0.00919241592580728,0.0239776197707477,0.000318997309353554,0.00776724554695757,0.00713170657355049,0.0759784314121705,0.00705626605870889,0.00281329072443401,0.000312060057992131,5.03328676478743e-05,0,0.0829381027615824,0.00291690574065365,0.0217182252537511,0.0244080778769024,0.0343153625922563,0.062327457642629,0.10730342717067,0.000958439776291966,0.133422767235369,0.000616994950118673,0.0114813177106311,0.029051977843019,0.00027224636246984,0,0.000349046892094401,0.000173374595244229,0.0826491676809314,0.00106709771660665,0.000311189954579795,0,0.190778000917431,0.000123033953807002,0.000724805219753966,0.00017242980405463,0.195625911786987,0.00353928109585295,0.000456313027117631,0,0,0.000118863436032796,0.0112985154558856,0.00295669175648875
0.0332120249075344,0.00175543920662523,0.210831454194829,0.000163098626283526,0.0278880797794089,0.00756088461851075,0.177979255577817,0.0998686401827501,0.00755003172736676,0.00479305801011073,0.003240218087664,0.00108192649793636,0.0542134017307878,0.120002808262425,0.0314557165851311,0.409931054949803,0.0644345893494921,0.00559804849990148,0.0125048158067302,0.00069232324236747,0,0.0293392330002488,5.21335696489299,0.042679722859375,0.00304306612019692,0.0221333066702112,0.117467236730663,0.483205927459204,0.128552669452433,2.67861053718686,0.000108845946746614,0.00116392144154918,0.029254864726761,1.45604488480932,0.137669505696541,2.14936099256166,0.145259556358783,1.11863144793813,0.764203188083713,0.0234050221384659,0.0104147049389384,0.00189571662027636,0.0170245296765157,0.00145757048395017,0.00483634084988064,0.00237817129107085,0.00880097344777718,0.000700839162247961,0.00241473968646493,0.000169612213196624,0.00152675349435982,0.00695322840309728,0,0.000260547139491933,0.000507230232455551,0.00148516445910494,0.00115689527246316,0.00696784587548398,0.000218333445612914,0,0.000525541362632019,8.4144165370715e-05,0.00190360582376494,0.000475174121069613,0.124695450283776,0.0026975039788569,0.000118167255246639,0.000374599486193716,0.000401560463225633,0.106789821007244,0.0336144485135902,0.0895185458753799,0.0902482267955446,0,0.0038942422293727,0.0392229999474018,0.0508841229779127,0.00316267582350767,0.0227491925872154,0,0,0.000759802960844812,0.00415175062100664,0.0598600618121332
6.55238986043334e-05,0.420639135174959,0.0114901439503769,0,0.00102442420002319,0.000323599720290044,0.00158775559561039,0.000525711082509133,0.53401076498909,0,0.0120530370437862,0.00497341752244358,0.121826546061244,0.00214503192821454,0.0401066509437401,0.586143274781337,0.0244781324474259,0.00028329905508576,0.00316228592955057,0.000177525082193113,0.0293392330002488,0,0.0794150907477849,1.44966791812619,0.267330392644928,0.042592319198107,1.82294876710062,0.107235795910443,0.00228330959230434,0.00265300665303496,0.00534278452712385,6.82450902315527e-05,0.000601647328456321,0.0205456608740719,0.0026881126213963,0.06917070346632,0.016307778977023,0.0264105065953191,0.0177086274789696,0.012282602745235,0,0.0137950426450581,0.0190034975418066,0.00724782305696643,0.00888015067089028,0.00353106099482137,0.00225034607133139,0.000471648764169336,0.00328226453900144,5.71636902231157e-05,0.038626341185443,0.0101580017803539,0.000225915049355316,9.50568590646265e-05,0.000279588369444484,0.00257538459321734,0.000639557673648047,0.022077639021942,0.000206055765965104,0.00301586516925768,0.000364874878782055,0.0184874857087874,0.000862068979471139,0.000840476440409925,0.175150344022389,0.00265572163128779,0,0.00212534939128303,0.000137622245019603,0.0303952218398723,0.18008278179505,0.129785480379024,0.0627727698903922,0.00180675849931392,0.0139748239812186,0.543511428134282,0.023400759501995,0.000574977130745831,0.00438526233375875,0.000902817483770077,0,0.000188779758976218,0.00343501612437262,0.00219450086103915
0.221152341300755,0.00421920256315478,5.58102930663201,0.000638619913754275,0.0248060854732533,0.0334815174746613,0.149620382561207,0.421011809160943,0.00826846131079038,0.0105474681601878,0.0156841498566856,0.00411545245082751,0.0920178909170511,0.624624891550801,0.0251529645317521,0.577501529862021,1.88893251416803,0.0220930543354426,0.0645444010375313,0.00273715131104424,5.21335696489299,0.0794150907477849,0,0.15501614745807,0.00390100427819054,0.183519913014764,2.28304327089641,0.928830426813178,0.625621265096188,2.13523209025578,0.000253782688766473,0.00205102744411563,0.0810615472544991,1.82003608695661,0.166566945585482,3.39934498222997,0.864480001049384,2.01367239255365,1.70516784543678,0.0547113199535908,0.0118209171976108,0.00520752582520746,0.0704448511265079,0.0135047943691439,0.030346095950842,0.0111392975274037,0.0080322810338807,0.0010332059655854,0.00294121800049777,0.000221272977478972,0.00634295483672249,0.229906392886711,0,0.000544508557730183,0.000637448421613031,0.0110484895486443,0.00111110484584616,0.00355191294726938,0.000128618155681867,0.00025456216554054,0.000674754516145504,4.50397373776018e-05,0.00199782311475809,0.00160577526997133,0.601708497184905,0.00958949268041846,0.000330302944763708,0.00217340853868727,3.7306938382256e-05,0.138914494582363,0.131506941472023,0.891740599965542,0.0815124312844597,8.72566510856865e-05,0.0166057672977265,0.934553486178287,0.056972119037339,0.00120002981859768,0.0168174270158942,0,5.30922658704877e-05,0.000427704980234563,0.0118688529850193,0.114280851156058
0.00297500324494781,0.217618107965813,0.00509752054671355,0.886670609457042,0.0111741405163441,0.0149690269292837,0.499536682186512,0.0177069024520125,2.98667017436726,0.0546634511178842,0.0055633928974699,0.21477386257553,0.0866169999592108,0.0285283157385705,0.207333400650669,0.60884180502942,0.00766895406552876,0.000686248384271333,0.00143309367575527,0.240908815296723,0.042679722859375,1.44966791812619,0.15501614745807,0,0.0899840275189723,0.0227321662678348,0.86718875585584,1.07818982888266,0.111467035969554,0.082420809250383,0.00217530520893322,0.00264329681299452,0.0312025215835255,0.0845417417150409,0.0774061445744175,0.538308118988733,0.0330509273107296,0.0858305298696287,0.0578195148526948,0.0704463100037144,0.00663667202117211,0.00556570406767268,0.333400006380185,0.00497263659839641,0.063080166867477,0.037683977058679,0.125498947340947,0.0165873354003888,0.00993097167543665,0.00534479306403714,0.0074594258742018,0.00948274498737417,0.0379826681459684,0.00106192462043249,0.0259734689617549,0.1272816150627,0.129842876123223,0.403168075438728,0.0562296033198851,0.00243200463855022,0.0673747711283832,0.00349847547376639,0.117543749896437,0.0141958625004564,0.203468547147086,0.00242580447347538,0.000249898665065348,0.00024036221729857,0.0404558479538825,0.132300343921938,0.106421062118904,0.130863319162535,1.32708958924574,0.00194954773556092,0.00701382345996887,0.115986844218517,0.837559754350714,0.0630917268905973,0.0789286706972132,0,0.000705012279928067,0.0106140551350931,0.0824791545683733,0.0196630978735314
0.000618794004858738,0.359831590219344,0.00026708562704503,0.00121477216896682,0.000168458665827465,0.00920615417036118,0.00561479958753932,0.0184893761468019,0.117723889010763,0.0103398277503986,0.12569858683615,0.0160855741843127,0.668621432058335,0.0180501420453204,0.00805888215847918,0.00525954128218245,0.000356577103499252,0.000164029633021903,0.000174831221398986,0.00619505256377757,0.00304306612019692,0.267330392644928,0.00390100427819054,0.0899840275189723,0,0.0110226016444689,0.628179005063844,0.0126066288878064,0.0114808298405284,0.00173396443175135,0.00765979376969607,0.0106083367281029,7.1261219143939e-05,0.0181574635868605,0.00133926389920426,0.0245365470459549,0.00514511549188011,0.0357044889104967,0.00603398058417799,0.0423858809065491,0.00651020544201331,0.0542919583023847,0.00909597796750074,0.0107771625982282,0.0107099397447966,0.00255791029095767,0.0173548615313844,0.00601795273709034,0.00852091467686333,0.000413720810039491,0.0605556443724352,4.82892426119923e-05,0.000232878712272134,0.000158609722571492,0.00225988588271169,0.00184444141756034,0.00654486075923309,0.00352733442689002,0.00214283220511133,0.0285255966471393,0.00400964747706234,0.230115267226454,0.00859407633057755,0.000844060850295233,0.00212977985486183,0.000124299563484645,0,0,0.00127844766176144,0.00352367490730256,0.00190747407360363,0.00140550549912137,0.00695750884998428,0.257854946894545,0.0134468027703548,0.209718932331911,0.00856308680760486,0.00171961149684348,0.00199942188599471,0.0474391620225489,0.00188308161031606,0.000107355418101788,0.00853076832257836,0.000803523098658444
0.0042616414211417,0.0264528352554813,2.63487060457364,0.000669527880295372,0.000696977262496763,0.00955233130376683,0.0129084931873526,0.0205585432227682,0.0341112877990163,0.0268133958508857,0.564090232731327,0.036552964851219,0.0414319636371047,0.0991134622470729,0.00400124231364458,0.00464239183212537,0.502330829610527,1.15061964759457,0.637860515765899,0.0150020409987444,0.0221333066702112,0.042592319198107,0.183519913014764,0.0227321662678348,0.0110226016444689,0,3.05676748240091,0.00747269006610395,0.119388989046683,0.0149346106572651,0.0174982952213686,0.0182362322075368,0.000844502754155937,0.531964590477941,0.067342117085783,1.26055708940505,1.15406107046222,0.85719383207224,0.435741339731164,0.00887217795455856,0.00227244981364899,0.000888707381958897,0.0645404175880543,0.126537062779791,0.0729928905529722,0.0184085885070895,0.000545646503306824,0.000630636625729013,0.00188028387585632,0.000533401087949085,0.0901275030879485,0.00676906631978158,0,0,0,0.00105281923376382,0.000141317067227787,0.00347837489883749,0,0.0469372725059487,0.000346294195170492,0.101212901200091,0.00114193370264856,0.000204988894697237,0.00995199079735539,0.0265399349127932,0.023245574265632,0.0831948587550632,6.43968547183395e-05,0.000664197429707691,0.0280310657740829,0.00564228075553495,0.00736909462107078,0.0205622350431811,1.26998827880057,2.67015122245761,4.17525606145799e-05,0.000668926361540866,0.0019234141155284,0.165062043541211,0,0,0.0178074859048829,0.0467813452710562
