0,0,0.00256816079897421,4.22418656728506e-05,0.000242480374849319,0.00805025546976532,0.404785407093827,0.131134799070487,5.50203548027515e-05,0.000829856368623805,0.000403995280807901,0.000577770763622081,0,1.11645753245366,0.000675183179315901,0,0.00956538197279823,0.00025058860865314,0.000390090795197117,0.000282333159876537,0.011201830957494,0,0.0301642498704397,0.000499852326177049,0,0.00310013918861665,0.0030575872184412,0.00471692725381766,1.08844641520913,0.547988127932039,0,0.00119002362719522,0.00225026268028582,0.00626250908524622,0.00131884937001278,0.00831307469369002,0.000899151724123868,0.0065631350752706,0.00294577928123574,0.000512814152168298,0.00047927869810803,0,0,0,0,0,0,0,0,0,0,0,0,0,0,9.50143165376184e-05,0,0,0,0,0,0,0,0.000106828791964388,0,0,0,0,0,0,0,0,0,0,0,0.000300049840777374,4.66062609662533e-05,0,0,0,0,0,0,0.000192665863716888
0,0,0.00356189551612852,0,0.000159392317953015,0,0.000321206044078589,0.000191352180517531,0.208963796033715,0.000204076980132866,0.00222311463178367,4.99728396086454e-05,0.0334968800989859,4.04053617898464e-05,0.000894489359665205,0.0579470630588665,0.000967543842725303,0,0.000154754985591602,0,0.0095636879497896,0.391596048314874,0.0117589261098432,0.423932531853259,0.320126164738184,0.00836529997152139,0.733537179579086,0.0747374131373695,0,0,0.00347123476107902,8.40183098064423e-05,0,0.000502340360144305,0.000191319326054549,0.00619085281383261,0.0191730451786619,0.00327055975124863,0.0017430590455041,0.00215576809131721,0,0.0171445956797559,0.0142572173537336,0.0137877689638789,0.00320502802597719,0.00536744007220924,0.000242004377703452,0,0,0,0.109208148521538,0.00229620888270779,0,0,0,9.6090483310533e-05,0,0.0116171171052757,0,0.000235317646119725,5.15976627399444e-05,0.00114037885006989,0,9.47135730540274e-05,0.00696281464704183,0.00190534016917913,0.000205913594672441,0.00334265635414127,0,0.000547693791121423,0.0161447156736217,0.00210920490737339,0.0205933301896442,0.0013023207481213,0.0305065735513697,0.754056833904233,0.00319030233423801,2.69592156977534e-05,0.000139481190776896,0.000223455699023831,0,0,0.00423129368845285,0.000248022556533694
0.00256816079897421,0.00356189551612852,0,0,0.00153799564634707,0.00316941940260919,0.0113250996432224,0.0518518406209553,8.21971081464529e-05,0.000878441274473691,0.00262994007560012,0.00102763883675555,0.00015440943673532,0.0517080589680364,0.00134751648558015,0.00183338936158866,0.794121224547344,0.0039051841249957,0.0227165811756155,0.000207987022178829,0.17254427808311,0.000632704766778946,1.73375467698225,0.000223271930074918,0,2.15847480913489,1.42916718367026,0.0102890991137862,0.047694489977292,0.115227162703506,5.26226850994348e-05,0.000994078503409479,0.00202606480763769,0.0640383465812707,0.0226785509754554,0.494430947154554,0.443179239514878,0.211911333023451,0.139349676777584,0.00191289350243232,0.00239351992907817,0.000444100281142795,0.00826158257097237,0.00879134704405231,0.00254617096966181,0.00256599889890432,0.000135132930265474,0,0,0,0.00723463425493441,0.011919458045574,0,0,0,0.000100739171143913,0,0.00154019362309391,0,0,0,0.000174024968593097,0,8.70301129422426e-05,0.0025898062729405,0.00276846108876836,0,0.000933023811282387,0,0.000446252153619576,0.00291566703827029,0.00779946531861015,0.00303080696340087,0.000203777443332839,0.0030565257663576,0.455932327858269,0.00114448121587161,0.000138503350271702,9.50471894433614e-05,0,0,0,0.00170122869317748,0.0041202915444962
4.22418656728506e-05,0,0,0,0.0118917849211019,0.0491406765194813,0.0182185338003406,0.0289962590600002,0.127790919945424,0.670914893075035,0.00254937202978552,0.713943203763689,0.000294498432442689,0.0107992770470301,0.0321233720393659,0,0.000914821387553356,0.00136036914622904,0.000629249652340722,2.93742939030772,3.36809937984466e-05,0,0.000150019616777301,0.146363576022904,4.73927657207965e-05,0.00101832635910148,0.000454350994788229,0.628016520591328,0.0146666671577786,0.000373805017055583,0,0.00640551590240944,0.000218567613602292,0.0141472604322302,0.00335216540002102,0.0715718997510148,0.00116215728317606,0.0211056138015156,0.00132660397703061,0.0323743735814579,0.0070635659904086,0.00195103374264862,0.00328107924180193,0,0.00131936329338116,0.000172432741726112,0.0131263177328669,0.000288057835324574,0,0,0,0,0.037529158017568,0.00403986566602904,0.00232001844879795,0.0204767060068442,0.00130119535498219,0.0311962214309971,0.016740109157542,0.000169951249669969,0.0638248455908812,0.000631203512787044,0.000331260761223972,0.00677876864305594,6.31156523264408e-05,0,0,0,0.012896540430742,0,0,0,0.0851014618808123,0,0,0,0.0652305101879959,0.000539262321568537,4.32669196485043e-05,0,7.79251005514383e-05,0,0.00456578561102264,0.000359692270508087
0.000242480374849319,0.000159392317953015,0.00153799564634707,0.0118917849211019,0,0.563186530390685,0.0754927699614021,0.0191517352681136,0.0344069629745514,0.0821938137764927,0.00740338273617507,0.149907469393159,0.00330307536273083,0.00547565938782309,0.495237707251981,0.00713665894507001,0.00452709939918716,0.00292957106808139,0.00163822882187555,0.0172685378977834,0.113595999796398,0.000755149219131303,0.109315781942222,0.0380385960904369,0.000203817205927492,0.0045847206418519,0.0135850766083464,0.110654023394224,0.00771108121976445,0.0625817344116475,0.000644429399608469,0.0371517554526241,0.000804808452747273,0.276767370474197,0.200922781338781,0.298339158703841,0.0143191254135313,0.0299408086726961,0.0452493935077056,1.95079864469267,0.89952210947348,0.012157187749386,0.00408949454812828,0.000895788973671913,0.00283988654111277,0.00405014572210865,0.00575652662740484,0.000348980018842113,0.000109824170503378,0,0,0.000187343988727427,0.00379252336022923,0.00131179855986643,0.00118293158957198,0.00451091131762476,0.00016156259894085,0.0033842055808136,0.00163307115069931,0.000388402742373991,0.00680205654376976,0.00194880972735665,0.000178906804553032,0.0031447033536943,0.000463652659714472,0.000224380859097004,0,0,0.00153193424031762,0.00177508421388849,0.000150880129700661,0.00504122388851087,0.0156303632660117,0,0.000723490742912364,0.00175352648531395,0.0155952881074357,6.85756267169952e-05,0.00216221901638199,0,5.11490083059311e-05,0,0.0035916181504795,0.250709665988485
0.00805025546976532,0,0.00316941940260919,0.0491406765194813,0.563186530390685,0,0.757393586182277,1.64225819771621,0.0138800741836012,3.59554720448633,0.10009119813886,0.954467741244885,0.0159687080080067,0.131367059217577,0.413209334015532,0.000163478527895308,0.0115495798363523,0.0439305309563874,0.0208712353161601,0.0635926179728718,0.00787473925369599,4.91748318400383e-05,0.0179266131285365,0.0118173384732223,0.000314657735961628,0.0411349628200113,0.0168318345947932,0.148140691392171,0.0743854736704405,0.0476757563572307,0.00483811671837773,0.0504407498326377,0.000923572731003284,0.0562425614341222,0.506382444358665,0.552189595830504,0.029326042997305,0.103300059956602,0.00741876142815009,0.51475787346651,0.0811095196788817,0.0376790980485584,0.00191191531151465,8.61190036189556e-05,0.00478963356387992,0.000266952636798728,0.0056606717451082,0.000854879787243175,0.000251578592399705,0,0,0,0.00255593631196897,0.000967782210153476,0.000463062109305095,0.00136091051242712,0.00037304640039171,0.00289108459135726,0.000460677328457665,0.00105237108368476,0.00763472429276646,0.00465606391324929,0,0.00099565229014925,0.00053514867143122,0,0,0,0.00070364592009995,0.000310379855664289,0,5.33888764690876e-05,0.00996087194186927,0,0,0.000133827456729841,0.00469300157209858,0,0,4.07141094321013e-05,5.64591484294653e-05,0,0.0134134410918888,0.0108649885839607
0.404785407093827,0.000321206044078589,0.0113250996432224,0.0182185338003406,0.0754927699614021,0.757393586182277,0,2.3017807356845,0.146734785837737,0.920460569476139,0.0336689660746334,0.026676979393993,0.00508677946533179,3.3874091549703,0.090163704747937,0.000220854213089419,0.0146234817841192,0.0215654330409559,0.0141463264749596,0.00883920873280246,0.0719597603631334,0.00247373816312381,0.0359615511943841,0.195117552775663,0.000192308074136066,0.0277233608482429,0.0213679306762224,4.48543788162229,0.788955074134795,0.889343276521519,0.0008333075073295,0.0554813655157467,0.052197314114843,0.449538841039168,0.136152017325272,1.05313235190402,0.0211224586324639,0.288401288479762,0.0977142419572308,0.160099999958265,0.0878694502736892,0.0214783857209167,0.0248608507054785,0.000103374720859551,0.0072800899852771,0.00201788146963806,0.0104825797760892,0.00146975389685276,0.00032743487613523,0,5.29627485513926e-05,0.000116834388130796,0.0417129086396946,0.0022590813635288,0.000855259025756085,0.117115666011645,0.00198857388964358,0.0483597285532897,0.0193930803618688,0.00176017204738376,0.0121279791648681,0.00403570863588105,0.00179418154102246,0.00555749761826577,0.00160071377284484,0,0,0,0.0100618276745101,0.00133503330195376,0.000671744795097399,0.000585779185198509,0.296827231769702,0,0,0.00117898058615184,0.4025573938379,0.00047427701581192,0.000242511911972165,0,8.56512424836159e-05,0,0.0205299838499826,0.00647869009216765
0.131134799070487,0.000191352180517531,0.0518518406209553,0.0289962590600002,0.0191517352681136,1.64225819771621,2.3017807356845,0,0.010401998203826,1.16959039961488,0.0748556399013299,0.398477546071467,0.0112702298999173,2.95220644880362,0.00959517247651301,0.000224970513715088,0.0661936028595984,0.0328708352875351,0.0186389287077766,0.0449010061601905,0.107578261130333,4.22156268920302e-05,0.248386219943166,0.0111610878296934,0.000451392607160247,0.0628894090065908,0.045837331428723,0.149388942940636,0.450863900685185,0.743072171489789,0.00253807924212989,0.0304728193872307,0.00599072163889572,0.0506054720020747,0.00669493155182791,0.324371186172626,0.0259677753721532,0.074373022333512,0.0212806051761016,0.118366394390098,0.01427458533997,0.018904347935628,0.0014456908218269,0.000220332912616289,0.00253717650318582,0.000265187875259506,0.00348878736990066,0.000415007851773942,0.000305504962086868,0,0,4.50695942368269e-05,0.00186969849638182,0.000596532875115788,0.00060032611124661,0.00263448688561678,0.000250834432226479,0.00192244795175718,0.000458346864178705,0.000370173392212594,0.00418805171659183,0.00328400541255956,9.5303066956615e-05,0.000926143219924303,9.71082365871548e-05,0,2.69502867663145e-05,0,0.000845126689612574,0.000471657901231813,0,0.000248954885571885,0.0107115058933761,0,2.71003054609537e-05,0.000317426207931626,0.00924743633896843,0,0,0,7.491691219697e-05,0,0.00742503082637887,0.000546999136590493
5.50203548027515e-05,0.208963796033715,8.21971081464529e-05,0.127790919945424,0.0344069629745514,0.0138800741836012,0.146734785837737,0.010401998203826,0,0.21617786964165,0.00125260537210343,0.116597824873711,0.00252594657900145,0.00367975426531405,0.276844267754359,0.0265324086437943,0,0.000580317611557031,0.000499334896049237,0.0289138715461452,0.0124737284333745,0.966774504172104,0.0101225459561695,5.72956106398772,0.0897327967219225,0.00132034352090668,0.098260186152033,1.47600825601565,0.00557165801564065,0.000870849019088853,0.00062562646110928,0.00247898741578627,0.000625748286090338,0.00937757409328077,0.00285683914102285,0.0963831720522329,0.00246761794049199,0.00951926956157131,0.00269399694110663,0.142531789948545,0.00557356621180851,0.00417796629224789,0.0241328526701189,0.000655864333534097,0.00575382234678497,0.00173238225136521,0.0348725790190813,0.00124986074662457,0.000109357220849562,0,0.00155895454634682,0,0.084127683902419,0.0153297010702111,0.00340852889638324,0.0741003719055427,0.00280888397381669,0.295217953130808,0.0354422899558802,0.000368334061317658,0.049846199121021,0.000846417378639865,0.00183543186058334,0.0251712605069188,0.0611080852058808,0,0,0,0.0175277512600862,0.0351533631450393,0.0189645411189226,0.0141901100422358,0.773358311813091,0.00013486703833251,0.000129138489904476,0.0145301223734923,0.536851281908812,0.00141689808206953,9.48907131473783e-05,4.795024825809e-05,9.39565134861944e-05,4.90872603371859e-05,0.00521246698778479,0.00197120749738884
0.000829856368623805,0.000204076980132866,0.000878441274473691,0.670914893075035,0.0821938137764927,3.59554720448633,0.920460569476139,1.16959039961488,0.21617786964165,0,0.0571745570693327,1.21694727544702,0.00446123495858702,0.289376767452529,0.0761219593032767,6.10397087003946e-05,0.0218749081948393,0.0349752734654949,0.0235052257331652,0.572285121731064,0.000607229811385346,6.99899652414321e-05,0.00391532530707822,0.108372130897771,0.000229828924732733,0.0329134011477449,0.0141538681471179,0.719895396433737,0.330140418029241,0.00797726917486532,0.00104472103395349,0.0860427170286995,0.000946023276315991,0.227721667309879,0.071444735537694,0.805221686031228,0.0204575315494453,0.264550065393961,0.0288175040262042,0.203203686470359,0.0729853353415413,0.0263658089261077,0.00736762392549291,0.000100438417121601,0.00477147756585195,0.00162265662317333,0.0204703419366492,0.000868135806902861,0.000239533830109155,0,0,0,0.0560026955051995,0.00758935520783651,0.00873960510622073,0.060932972301398,0.00454291062530495,0.0561837162928924,0.0200380298921523,0.00169736864418965,0.128326322772605,0.0065719685258965,0.00365530667451071,0.0107502475019989,0.000261232848682595,0,0.00117333655036286,0.000302639525978851,0.0181370793690424,0.00023537152006191,0,0.000116090926147842,0.198849152453242,0,0.000274640686523545,0.000126424597970974,0.136569828521644,0.00247228921016997,4.24976615110159e-05,0,0.000285307787673712,0,0.0153137436944266,0.00251508469593884
0.000403995280807901,0.00222311463178367,0.00262994007560012,0.00254937202978552,0.00740338273617507,0.10009119813886,0.0336689660746334,0.0748556399013299,0.00125260537210343,0.0571745570693327,0,0.0419724146372524,0.987758918918822,0.0443938863240495,0.00122752764481963,0.000371130337068558,0.0738258091317841,1.09204747677824,0.0585351995478319,0.00737420563872102,0.00323717587297905,0.00121201619657511,0.0139206345146498,0.00185035424174348,0.0497058194476261,0.326986305307525,0.0466278730456471,0.00690803460142661,0.103403422468353,0.00539460994113339,0.021719847884055,0.243853656884988,0.000330009933591843,1.76818993464714,0.0120897761086048,0.212719883428278,0.604766437298255,1.40542929808267,0.0348516894243461,0.0228385251678157,0.0726080106103219,0.367974100939452,0.00116891134401412,0.171038262365052,0.00753841597804313,0.000750949522971011,0.000662211146573281,0.000620422066513109,0.00775168067318051,0,0.000906441117742183,0,0.000295688765181112,0.000222920155469155,0.000139174550878859,0,0.000610738512585604,0.000326677937762689,0,0.0589813485300067,0.000587440227279496,0.208556919445486,0,9.14028022091393e-05,0,0,0.000287014544092083,0,6.60141167863369e-05,0,0,0,0.00060329448167814,0.00953645836847174,0.0134523253025814,0.0888884765277005,0.000552659950023436,0,0,0.0296170803042865,0.000198941176802873,0,0.00740290368016541,0.00322941854697118
0.000577770763622081,4.99728396086454e-05,0.00102763883675555,0.713943203763689,0.149907469393159,0.954467741244885,0.026676979393993,0.398477546071467,0.116597824873711,1.21694727544702,0.0419724146372524,0,0.00346968504741289,0.0748421675454385,0.413268080801512,0,0.0144929959819564,0.0270398348906161,0.0162759348601154,1.40460653952425,0.000338787355107093,0.000162110169810963,0.00178966841275839,0.0950219980770487,0,0.0268149238916937,0.0122615340744626,0.245463804120006,0.0849885786225663,0.00174658936162129,0.00144759052378557,0.0441175456443318,0,0.034266000814186,0.470452222118403,0.158109952700085,0.00933186986516426,0.100104074595941,0.00423038757448336,0.166786359032452,0.0186049858438846,0.0147726381953299,0.00799920235064785,0,0.00367859649195442,0.000824557325773573,0.0300454027973561,0.00136537235927439,0,0,0,0,0.0386813864317366,0.0100931904539755,0.00596516449465106,0.0187602256211847,0.00215106705765621,0.016334223746569,0.019508075621975,0.00107637935999565,0.134388378688099,0.00477543519812765,0.00139127057605354,0.011889745976291,0.000726182680055165,0,0.00032990788188622,0.000164307414116692,0.0158266725342271,0.000684064441484678,3.95886925808787e-05,0.000105850129438949,0.083892046392941,0,8.34199185885787e-05,0.000205915554874564,0.0834694640567006,0.00111035672634312,3.8322691825068e-05,4.00862730275273e-05,0,0,0.0132555076912505,0.0402405986682566
0,0.0334968800989859,0.00015440943673532,0.000294498432442689,0.00330307536273083,0.0159687080080067,0.00508677946533179,0.0112702298999173,0.00252594657900145,0.00446123495858702,0.987758918918822,0.00346968504741289,0,0.00366705724313282,0.00071918473213377,0.000698742429702866,0.000255279319636845,0.022323005214817,0.000207583339102364,0.00105717843459874,0.00108100305525198,0.0166495375442648,0.00132385748092876,0.00588590987910651,0.461656556253757,0.00599410909474457,0.224056635859234,0.00540873876713458,0.00629274576416087,0.00164587479839112,0.0439256833580976,0.024496696416869,9.1649650673103e-05,0.300819978494966,0.00645197317747571,0.107498163260338,1.03001798546277,1.00962847728998,0.0147016044171893,0.0115269935931496,0.0845013392301149,1.24574203556944,0.00572885604276452,0.644015305010649,0.0237772758202533,0.00522671097039128,0.00108014994051082,0.000868590694990397,0.0267650267991428,0,0.00664784158200663,0,4.49363268393516e-05,0.000210279143955803,0.000264600987055707,0.000330950340559745,0.000693160759430587,0,0.000188773734862089,0.319478313903255,0.000233180130015743,1.20754418862757,0.000299872510987043,0,0,0,0.000598713987274218,4.88224855086565e-05,0.000153896095631289,4.25350318159819e-05,0.000707044020057106,0,0.00077405165369625,0.0731846434476309,0.0727414658525965,0.549153537849205,0.000648671116284407,0,0.000130422132479382,0.175691368454495,0.000673330398378181,0,0.0152306375241034,0.00219018980703113
1.11645753245366,4.04053617898464e-05,0.0517080589680364,0.0107992770470301,0.00547565938782309,0.131367059217577,3.3874091549703,2.95220644880362,0.00367975426531405,0.289376767452529,0.0443938863240495,0.0748421675454385,0.00366705724313282,0,0.00360348967200351,0,0.0749014597892757,0.0205447989785782,0.0147555963640685,0.0180864494717902,0.111580842918131,3.57774273329616e-05,0.273693979518717,0.00594051303492301,0,0.0549161632019086,0.0405379473083554,0.0901941992487587,1.81120380958271,2.01967820284585,0.00164743432624126,0.0332295349817712,0.00680672527756798,0.0547507367495016,0.00612717404338779,0.122760170146657,0.0143754173098224,0.0556072581401547,0.0210572802863186,0.018524436338315,0.00497000474743978,0.00333490125970759,0.0010567129050376,8.28494971364737e-05,0.000622640841426015,5.89511133396864e-05,0.0009952244734015,0,0,0,0,0,0.000834426089820099,0.000158433784384847,3.05723134690761e-05,0.000774988306244767,0,0.00128708556454597,0.00020585392179898,0.00030811897856065,0.00103038307230173,0.00103047042512613,0,0.000343727383250177,0.00038386512212212,0,0,0,9.62843220074412e-05,0,0,0.000177793304360676,0.00444927766241212,0,0,0.000988004508877694,0.00430600324077376,0,0,0,0,0,0.00134856961470877,0.000420781055397892
0.000675183179315901,0.000894489359665205,0.00134751648558015,0.0321233720393659,0.495237707251981,0.413209334015532,0.090163704747937,0.00959517247651301,0.276844267754359,0.0761219593032767,0.00122752764481963,0.413268080801512,0.00071918473213377,0.00360348967200351,0,0.00188119373023481,0.00359141743263241,0.000833051943343198,0.000560059676147461,0.0357374214519332,0.033289857643793,0.00484611691448236,0.0312868090525916,0.247554307618918,8.11464081930399e-05,0.00212333319853449,0.00644206345205501,0.140285379147103,0.00809617843430729,0.0461781204610887,0,0.00510992750799544,0.00123158218853974,0.00482761544663852,0.226833854548818,0.0788870710521157,0.0055053299240064,0.0107294714698875,0.0140849295036144,0.420935665866002,0.0191831515223672,0.00774631004343263,0.00626134265169253,6.02451629016638e-05,0.00355035133518544,0.00276197956452692,0.0237463091425718,0.000399084139299309,4.83123323677539e-05,0,0,9.20092212977889e-05,0.0265836496683086,0.00440254605653196,0.00142405431894694,0.0118160109105272,0.000468340812423634,0.0158544559016258,0.0104020744488384,0.000474284838177645,0.0309337770219571,0.00311752071974423,0.000312954968449187,0.00824903472175341,0.000945083891604029,0.000290504810434484,0,0.000274364421854353,0.0114361518368828,0.00105186077246304,0.000143897715854144,0.00150669277819369,0.0689269720780138,0,0.00052817643008523,0.00100932749534411,0.066412354181552,0.000502026090212202,6.33828615995407e-05,0,0,0,0.00739194508062473,0.0640555533013623
0,0.0579470630588665,0.00183338936158866,0,0.00713665894507001,0.000163478527895308,0.000220854213089419,0.000224970513715088,0.0265324086437943,6.10397087003946e-05,0.000371130337068558,0,0.000698742429702866,0,0.00188119373023481,0,0.0022824286881388,0.000130001142188215,4.83155941019296e-05,0,0.708271520548911,0.458273665270377,0.884720406059757,0.21661844295799,0.0086019130293328,0.00144512087988661,2.01302440841718,0.237179686875745,0.000285183430764914,0.000415548698940003,0.000127466037023235,0.000197051267950773,4.58028995273351e-05,0.00250546313603811,0.0244159032323559,0.580458008009387,0.258837661182698,0.0538953492145807,0.0836968008452688,0.00187047683099284,0.00268265347801065,0.00251747850583556,0.0153083598912774,0.00335782334428715,0.00396306041788409,0.00209116706685155,0.00675535102254163,0.000266277476267123,0,0,0.00255138568693528,0.00425016038884929,0.000929637983665928,0.000340064068472886,0.000188177485639286,0.00218030811987787,5.67706941021681e-05,0.0102271109544391,0.000155556826820004,0.000714565320867562,0.00218652840239704,0.00251089569394577,8.51513804038525e-05,0.00105911812046521,1.31833041849412,0.000232971950754118,0,4.61851231329918e-05,0.000556513233152318,0.109867604203557,0.196526431636602,0.296204458480265,0.149418016711198,0,0.000571541768215263,0.503358337985265,0.133654355227222,0,0,0,0,0,0.00638422073289732,0.00330105002340874
0.00956538197279823,0.000967543842725303,0.794121224547344,0.000914821387553356,0.00452709939918716,0.0115495798363523,0.0146234817841192,0.0661936028595984,0,0.0218749081948393,0.0738258091317841,0.0144929959819564,0.000255279319636845,0.0749014597892757,0.00359141743263241,0.0022824286881388,0,0.0943229301141552,1.59666746152837,0.00294443252226026,0.112894481546603,0.00058860053520155,1.13845036504074,0.000527301660906923,0,1.81151105259331,1.80530596675451,0.00853856458456164,0.185770815279312,0.180433348861934,0.00024867713230834,0.0139468946759007,0.0226329654581279,1.34462160373477,0.0280887240888764,0.442252156767969,0.272520729886456,0.595270699112153,0.203595305369575,0.00914300713607193,0.00477841749811377,0.000536809044303417,0.000956413617477071,0.00463398677063269,0.000250888287725901,0.000911698701263667,0,7.05450502196789e-05,0,0,0.00120653525803363,0.00282640044009436,0,0,0,0,0,0.000130629397506952,0,0,0,0,0,9.03274838032721e-05,0.000939200194758867,0.000467604197974706,0,0.000275849182747757,0,0.000235097818936622,0.000666916532726097,0.00164994286329038,0.00108816701174258,0,0.00463381921023681,0.0890292006078183,3.67949856432438e-05,0,0,0,0,0,0.000261267868852758,0.00450174630829482
0.00025058860865314,0,0.0039051841249957,0.00136036914622904,0.00292957106808139,0.0439305309563874,0.0215654330409559,0.0328708352875351,0.000580317611557031,0.0349752734654949,1.09204747677824,0.0270398348906161,0.022323005214817,0.0205447989785782,0.000833051943343198,0.000130001142188215,0.0943229301141552,0,1.10749931335556,0.0048085001773319,0.00299499673429852,0,0.0147337588719693,0.00093569730566329,0,0.311049018003748,0.0559780451230557,0.00258675241240353,0.043943433573209,0.00403818773301283,0.0045178049743623,0.084829043130818,7.36960751303672e-05,0.358517005687927,0.0107374127835227,0.221519545573325,0.105073772242414,0.64499785395559,0.0800996423547465,0.00934035171507332,0.00346498092063725,0.000950607928245381,0.000433804148244167,0.00071682259372859,0,0.000402340132506681,0,0,0,0,0,0,0,0,0,0,0,8.97214968021868e-05,0,0.000107044098036146,0.000380388326899946,0.000766016869509029,0,0,0,0,0,0,0,0,0,0,6.49296560399294e-05,0,0.000120580147323132,0.00180542720478676,0,0,0,0.000189555465575981,0,0,0.000338712343125093,0.00323869071928647
0.000390090795197117,0.000154754985591602,0.0227165811756155,0.000629249652340722,0.00163822882187555,0.0208712353161601,0.0141463264749596,0.0186389287077766,0.000499334896049237,0.0235052257331652,0.0585351995478319,0.0162759348601154,0.000207583339102364,0.0147555963640685,0.000560059676147461,4.83155941019296e-05,1.59666746152837,1.10749931335556,0,0.00423271564120327,0.00688570770165904,0.000312855619925523,0.0526997687647828,0.000944260509229734,0,1.55626310094338,0.293644621350266,0.0024544649236575,0.0327320192138886,0.00993911952623072,0.000539976119686317,0.0310726144944768,0.00117574247978883,0.412522144342656,0.0112295401322963,0.250854946637474,0.0964614084428936,0.453313212342851,0.132057679768467,0.00758250202505729,0.00442553742529861,0.000546050485708022,0.000111895234701562,0.00262213657682051,0,0.000103158134333182,0,0,0,0,0.000189200279059267,0.000239174580915463,6.14468774588585e-05,0.000154270936862826,0,0,0,4.6872516485095e-05,0,0,0.000118591187666238,0.000252550465354085,0,0,0,0,0,0,0,0,0,0,0.000167453485828471,0,0.000990476887574782,0.00806813089015249,0,0,0,0,0,0,0.000165363167386865,0.00303199603149275
0.000282333159876537,0,0.000207987022178829,2.93742939030772,0.0172685378977834,0.0635926179728718,0.00883920873280246,0.0449010061601905,0.0289138715461452,0.572285121731064,0.00737420563872102,1.40460653952425,0.00105717843459874,0.0180864494717902,0.0357374214519332,0,0.00294443252226026,0.0048085001773319,0.00423271564120327,0,6.64129046268582e-05,0,0.000852288850568569,0.0333802109000388,0,0.00518210270076589,0.00353352287087102,0.301198560042446,0.0256786859185471,0.00106832703147251,5.91842193113565e-05,0.00802558256373986,0,0.0136859312390839,0.00296359443067703,0.0682202114441666,0.00216868756218843,0.020446264212801,0.00271117747774569,0.0268537404780477,0.00642017198589584,0.00405166116385381,0.00275643612346537,0,0.00111664334220747,3.60557760342478e-05,0.00663224806610635,0.000122617108219885,0,0,0,0,0.0669929407728872,0.0027336753234733,0.000529927254165817,0.00644954102771169,8.8203004097271e-05,0.00549859115748732,0.00365536894781359,0.000229456952668011,0.0293123894834329,0.00113208247111323,7.96966806432008e-05,0.00390460269058006,0,0,0.000129354678594124,0,0.00427816350702535,4.45319139564514e-05,0,0.000209996321567416,0.0242730627214807,0,3.05379335262179e-05,5.7172393264389e-05,0.030473342256656,9.41045930561542e-05,2.98600250230909e-05,0,0.000197207356948757,0,0.00290871504707687,0.000219218239991212
0.011201830957494,0.0095636879497896,0.17254427808311,3.36809937984466e-05,0.113595999796398,0.00787473925369599,0.0719597603631334,0.107578261130333,0.0124737284333745,0.000607229811385346,0.00323717587297905,0.000338787355107093,0.00108100305525198,0.111580842918131,0.033289857643793,0.708271520548911,0.112894481546603,0.00299499673429852,0.00688570770165904,6.64129046268582e-05,0,0.0377521581856423,4.38242906668691,0.0652540562728855,0.00220229146260745,0.0436974328097177,0.208246794442444,0.801501029595639,0.13731232042586,4.3268608297819,0.000456071111670256,0.00499620655842658,0.0149335331610207,0.79486742218469,0.192099039962848,1.83387848245898,0.0604604289710715,1.50064115388372,0.919407974789772,0.0334482340922659,0.00867154596378132,0.00329344771935335,0.00644535007342054,0.000269517052781725,0.00157474192465614,0.00185445283468305,0.00616140927379743,0.000338792018491172,8.37221638399243e-05,0,0.000156024893578256,0.000951508575253304,0.00116968756824625,0.00239755527388315,0.000188847353098225,0.000939162186861272,0.00016220041551429,0.0090018151288344,0.000523184511914205,0.00041517350729599,0.00264234456527883,0.00180127480904139,9.51661584310054e-05,0.00217096681618695,0.105157116442926,0,0,0,0.000299514384167147,0.0532303931079241,0.0230841224115807,0.0284413684684639,0.0900634357881811,0,0,0.0406254414728031,0.120623603302167,0,6.88523998794794e-05,0,0,0,0.004611480388541,0.0267093777859153
0,0.391596048314874,0.000632704766778946,0,0.000755149219131303,4.91748318400383e-05,0.00247373816312381,4.22156268920302e-05,0.966774504172104,6.99899652414321e-05,0.00121201619657511,0.000162110169810963,0.0166495375442648,3.57774273329616e-05,0.00484611691448236,0.458273665270377,0.00058860053520155,0,0.000312855619925523,0,0.0377521581856423,0,0.0680692515943103,1.52805620283157,0.226068929085072,0.00818388177392582,0.62521118195921,0.28306880490013,5.9219690011847e-05,0.000207386578545034,0.00194490525765946,5.5506332117486e-05,6.12702643015623e-05,0.00120472927165221,0.000838044275159025,0.013637088121394,0.0135674617393953,0.00347646569217489,0.0018388624514176,0.00627326701436405,0.000253978151168775,0.00847469099531883,0.00512977887535365,0.00502337472798196,0.00112848245716413,0.00107159894341807,0.000346649459714663,0.000184155382737351,0,0,0.0146686978455017,0.00241500456635263,0.000550700554113865,0,0.000194773613203168,0.000753654662496651,0,0.0332410827748609,0,0,0.00010153522397976,0.00077745454350214,0,0.000485187226814747,0.264804559515646,0.000249236859593225,0,9.27605478013515e-05,6.59659864471436e-05,0.0208528855690144,0.146344135586627,0.0529387687665141,0.0961216503925344,0.00311802786144558,0.000650834702549672,0.248060822975095,0.0386384068503184,3.5379211218059e-05,0,0.000104484759082031,0,0,0.000832211393392253,0.000164027895617366
0.0301642498704397,0.0117589261098432,1.73375467698225,0.000150019616777301,0.109315781942222,0.0179266131285365,0.0359615511943841,0.248386219943166,0.0101225459561695,0.00391532530707822,0.0139206345146498,0.00178966841275839,0.00132385748092876,0.273693979518717,0.0312868090525916,0.884720406059757,1.13845036504074,0.0147337588719693,0.0526997687647828,0.000852288850568569,4.38242906668691,0.0680692515943103,0,0.0416051100772508,0.00212903625379622,0.466263932603474,3.20092806428169,0.595580791229116,0.473634164132629,1.52957039486094,0.000495219554447186,0.00721191384986025,0.0542949494693023,1.42244027532937,0.380282084442903,5.37331416313923,1.03576587493904,3.09626372764504,2.03030784971062,0.0413161779601637,0.0203682951552439,0.00631494904999948,0.0147941497300553,0.00457375499717617,0.00295840982516438,0.00534367133048987,0.00476267074920891,0.000182411503673958,0.000160282315583289,0,0.00125039784464061,0.0158743016175948,0.000598805626723409,0.00196702443133042,3.69891194243432e-05,0.000966234187952074,0.00012362730786817,0.00462578894979561,0.000334169010886395,0.000386345478631067,0.00162084765696852,0.00259499238812496,0,0.00104141348005321,0.473613332669479,0.000731213588859522,0,0.000307899738911248,0.000262687745475126,0.0718281205578384,0.0681251094612777,0.150862377996955,0.0762058275127135,0,0.000433164208118427,0.4681021132576,0.0766739345947461,0.000161638830779815,7.6278246223712e-05,0,0,0,0.00683537642433822,0.0565785357621812
0.000499852326177049,0.423932531853259,0.000223271930074918,0.146363576022904,0.0380385960904369,0.0118173384732223,0.195117552775663,0.0111610878296934,5.72956106398772,0.108372130897771,0.00185035424174348,0.0950219980770487,0.00588590987910651,0.00594051303492301,0.247554307618918,0.21661844295799,0.000527301660906923,0.00093569730566329,0.000944260509229734,0.0333802109000388,0.0652540562728855,1.52805620283157,0.0416051100772508,0,0.145560052153312,0.00374964211298285,0.3005408228965,1.30376493063873,0.0200413846832352,0.00272239428122231,0.000416312803642881,0.00435021857418351,0.00339702017823661,0.0260040592627573,0.0238335377233443,0.337844261363386,0.0168604328898772,0.0315754868097412,0.0192082077085051,0.233242250441309,0.013192478669846,0.0115071562580986,0.0654880907980971,0.00129751880357123,0.0164964278427316,0.00343783096726126,0.0318356719066776,0.00310664762611706,0.00010070007512337,0.000162171104696274,0.00549819788403261,0.000539059314184284,0.138418553672074,0.00799470276727506,0.00395583866704706,0.206752995054422,0.00450736183684326,0.304097035333513,0.0510146111206701,0.00141827483951457,0.0377406031932887,0.00522013243722224,0.00374395232070161,0.0202388880017229,0.149431587195757,0,0,0,0.0296142020280642,0.0678120141882,0.0591010888387425,0.0393239646970824,1.25078264997472,0.00122509583756403,0.000141761585591983,0.0640165039304676,1.47777127739597,0.00224733750016798,0.000659820809185159,3.34565111353039e-05,0.000327359595415842,0.000245795753750002,0.0217543362914306,0.00298190983476545
0,0.320126164738184,0,4.73927657207965e-05,0.000203817205927492,0.000314657735961628,0.000192308074136066,0.000451392607160247,0.0897327967219225,0.000229828924732733,0.0497058194476261,0,0.461656556253757,0,8.11464081930399e-05,0.0086019130293328,0,0,0,0,0.00220229146260745,0.226068929085072,0.00212903625379622,0.145560052153312,0,0.00309429779946728,0.634250508279903,0.02376427021378,0.000158385121840239,0,0.0158154537125854,0.000465039083801436,0,0.00641637415751731,0,0.00308853755583558,0.0372282291209876,0.0586827595904582,0.000210879366276455,0.000763342236946249,0.00233381119761844,0.176879955690892,0.0106202385269063,0.0856166924062792,0.00765507384786511,0.00307033135924441,0.000137898290678072,0.00016007214977274,0.00332569939120066,0,0.0126835635915497,5.49636459445954e-05,0,0,0,0,8.71180216841698e-05,0.00327464235167896,0,0.0426006462781179,0,0.276581808193272,0.000219484953944421,0,0.000323928135137093,0.000220601281148708,5.00634041082859e-05,0.000288567719728088,0,8.18702549813748e-05,0.00335853874165585,9.56662945175169e-05,0.00378314294997904,0.0969404260099357,0.0308844494945873,0.54020679988415,0,7.90801496516704e-05,0,0.0256760588419631,4.45953096331358e-05,0,0.00268667532007925,0
0.00310013918861665,0.00836529997152139,2.15847480913489,0.00101832635910148,0.0045847206418519,0.0411349628200113,0.0277233608482429,0.0628894090065908,0.00132034352090668,0.0329134011477449,0.326986305307525,0.0268149238916937,0.00599410909474457,0.0549161632019086,0.00212333319853449,0.00144512087988661,1.81151105259331,0.311049018003748,1.55626310094338,0.00518210270076589,0.0436974328097177,0.00818388177392582,0.466263932603474,0.00374964211298285,0.00309429779946728,0,3.22448254907216,0.00638332133209315,0.0921982845800608,0.0720398542350009,0.104362556693563,0.0645927663554424,0.00392297874237363,0.459061629044987,0.0674497676584014,1.6190900370964,1.36445877231621,1.30219140455052,0.532603127417979,0.0176854581322322,0.016937428614867,0.00292335428441763,0.00446406841231124,0.0979407553080969,0.00467487446597446,0.00497010633807635,0,9.41586988502022e-05,0,0,0.00931105618610635,0.00313173993635616,0,0.000320736591478515,0,0,0,0.000866958457868814,0,0.0107715029589753,0.000217988742730558,0.0200479823099321,0,0.000363370076026869,0.000397727065550566,0.00203005658800439,0.000376136951486134,0.00246625896186941,0,7.59245509360313e-05,0.00110500823844824,0.000621456304984189,0.000562192902991962,0.00199322989398408,0.0835773680300675,0.526142065510437,0.000292117893430495,4.26447267290712e-05,0,0.0160852910186581,0,0,0.00227676541918384,0.0177537460834798
0.0030575872184412,0.733537179579086,1.42916718367026,0.000454350994788229,0.0135850766083464,0.0168318345947932,0.0213679306762224,0.045837331428723,0.098260186152033,0.0141538681471179,0.0466278730456471,0.0122615340744626,0.224056635859234,0.0405379473083554,0.00644206345205501,2.01302440841718,1.80530596675451,0.0559780451230557,0.293644621350266,0.00353352287087102,0.208246794442444,0.62521118195921,3.20092806428169,0.3005408228965,0.634250508279903,3.22448254907216,0,0.306145621311703,0.071373367608324,0.0757640305665468,0.101718343037359,0.0237707312665557,0.00484291530897982,0.476203388238502,0.22292121172038,5.48880589006283,3.35386886448543,1.99753760992643,1.45308806659851,0.024293043090689,0.022674296514831,0.0245796642058803,0.206363969847757,0.900261359722418,0.102633498995056,0.107707671093741,0.00239655764165976,0.000357206747391129,0.00311342292774746,0.000172910930925965,0.53539811403036,0.179751522547089,0.000193349426243877,0.00176415924604146,0,0.00522456399051575,0.00025705130546937,0.0439503665920698,0,0.096013241996456,5.90908804933905e-05,0.288797704125304,0.000599700978023994,0.00199405779483505,0.633235594076778,0.0568960466250246,0.00418888153022068,0.0627333390362677,2.80176984966874e-05,0.0239693774171312,0.198072468564258,0.430332132384697,0.0909352327546925,0.0587419460044582,1.1197534698721,14.4188481216937,0.0497052892392989,0.000703835119124902,0.00431994013822124,0.152612443263277,0,0,0.054792562991727,0.049503134603567
0.00471692725381766,0.0747374131373695,0.0102890991137862,0.628016520591328,0.110654023394224,0.148140691392171,4.48543788162229,0.149388942940636,1.47600825601565,0.719895396433737,0.00690803460142661,0.245463804120006,0.00540873876713458,0.0901941992487587,0.140285379147103,0.237179686875745,0.00853856458456164,0.00258675241240353,0.0024544649236575,0.301198560042446,0.801501029595639,0.28306880490013,0.595580791229116,1.30376493063873,0.02376427021378,0.00638332133209315,0.306145621311703,0,0.170237248006025,3.3653764881885,5.67674929656386e-05,0.0228166426516654,0.029680700800873,0.411719336759637,0.232652059481362,2.58806704857728,0.0567409319660558,0.408710748003587,0.305519783846954,0.151408378126019,0.0683532338321847,0.0445400807275815,0.123919411276129,0.00170506897415921,0.029116063791938,0.00828626637930479,0.0682574121389554,0.0065145752910971,0.0011045103365706,0,0.00275889231995623,0.00108999386479175,0.146094487450809,0.0151991837941577,0.00600613174943297,0.318595819196897,0.0048666997402202,0.324850913667441,0.0612184381567146,0.00568833975303122,0.0748873227891789,0.0211518163741361,0.00374794088939305,0.0340925673471218,0.240126789638556,4.14102578267455e-05,0.000106721215334236,0,0.0556143348966324,0.142830964962181,0.0597349735260035,0.0594378966136545,1.69667658621254,0.000540410367688608,3.71545299211264e-05,0.0967093858937007,2.32271165414147,0.00231002891627716,0.00243946032466482,8.83167511486173e-05,0.00028896602542212,0.000219769004093814,0.0710474092491676,0.0174499700908006
1.08844641520913,0,0.047694489977292,0.0146666671577786,0.00771108121976445,0.0743854736704405,0.788955074134795,0.450863900685185,0.00557165801564065,0.330140418029241,0.103403422468353,0.0849885786225663,0.00629274576416087,1.81120380958271,0.00809617843430729,0.000285183430764914,0.185770815279312,0.043943433573209,0.0327320192138886,0.0256786859185471,0.13731232042586,5.9219690011847e-05,0.473634164132629,0.0200413846832352,0.000158385121840239,0.0921982845800608,0.071373367608324,0.170237248006025,0,1.06237434350496,0.00275603499075941,0.296519127766665,0.480060139665761,0.313716329295913,0.0128940686777816,0.142856151641398,0.0145890375800918,0.139260903504847,0.0394355038231292,0.0217651392841198,0.00928177908672794,0.00344106086659523,0.000120949582190752,0.000100906357415199,0.000646575894702816,6.98016699118138e-05,0.000601345779935789,0.000113177675862265,0,0,0,6.53198943429709e-05,0.000777710974298251,0.000177052121376157,0.00015192447480526,0.0012207316214289,0,0.000985579773103955,0.000110004303593516,4.67193677902937e-05,0.000863646095677042,0.000860693997030867,0,4.11680964589834e-05,0.000103496335066187,0,0,0,2.10562580224693e-05,3.80660291770935e-05,0,5.59027144949198e-05,0.00618815082011522,0,0,0.00145817934331552,0.00484872313493721,0,0,0,0,0,0.00171933534891332,0.00138022474751844
