0,4.04449030370712e-05,0.00139529556444036,3.9757161743468e-05,0.000429489294046908,0.0217479876576465,0.368445874751209,0.422949326570528,0,0.00472899278471651,0.0135330679042134,0.0033165688123714,0.00085105760531736,1.41417318671851,0.000316847404869693,0,0.0221035353420107,0.00532041448168425,0.00478063559771829,0.000353237000924906,0.00649700532874625,0,0.0456867443986153,0.000244595160877451,0.00035183336450499,0.00616625232652986,0.0071306292663916,0.00363384759356766,0.437175730672266,0.703951361602289,0.000171561789295268,0.00670778091413763,0.00152943868024975,0.0186732697525815,0.00113422792954712,0.00772597860306951,0.000810963040774333,0.0101199197065739,0.00237412901542625,0.00219417584942785,0.00022630436863994,0.00108199634023944,0,5.38526645030737e-05,0,0,0,0,0,0,0.000123246920531214,0,0,0,0,0,0,0.000241327197266782,0,0,0,0.000194029013150287,0,0,0,0,0,0,0,0,0,0,8.63933208377958e-05,0,0,0.000142029039252842,0,0,0,0,0,0,0,0
4.04449030370712e-05,0,0.00569104223027601,8.85982612071037e-05,0.000755009921411952,0.000559729644350952,0.000475353014903244,0.00121255690299615,0.206589901888185,0.000344342472795519,0.0965447247367191,0.00314021574986683,0.0884482294464431,0,0.00451350394746627,0.0271604819499152,0.00991022340129555,0.0057274665532695,0.00573604619834155,0.000434095858280742,0.00146058226657671,0.270684759287424,0.00895459467771774,0.303908294679038,0.357553439206326,0.0342715521637086,1.92616188881907,0.00389493542421005,0.000495321165071959,0.000238483361007846,0.000659389054485548,0.000924908194246114,0,0.0176323992010316,0.000484840299765289,0.0371109698331642,0.0777942184314726,0.0340146304936869,0.0158976532661731,0.00421791053680661,0.000128699523503721,0.165048672262654,0.0490526170537586,0.0328515317920302,0.0383788406715577,0.0151889487129409,0,0,0.000511154687799006,5.61192031537473e-05,0.26797711727732,0.0526452477215446,0,0.000199895957220006,6.36455392201007e-05,0.000396115617766679,0.000134670678857798,0.00295960097987958,0,0.0016326359114177,0.00142598310913615,0.0075462746167723,0.000425763758635849,0.000209870125556755,0.00342206941429486,0.0139834580812504,0.00219453940615189,0.00511572922623358,3.23329040953577e-05,0.000188570931204825,0.0110810944166506,0.00785061087554113,0.0117820250966992,0.0202335209773311,0.125969790454716,0.925291530311814,0.000690822387672716,0.000318990918694907,0.00110349060043228,0.00258477101968989,9.54585696648802e-05,0,0.00947907678994908,0.00376674251180762
0.00139529556444036,0.00569104223027601,0,0.000326590869111722,0.00218759879943985,0.00813610826749992,0.0700155635198908,0.0346483896162645,0.00126625710081151,0.00945537275027382,0.0139517011507242,0.00408036317001181,0.000835358176159918,0.0133857595670546,0.00308326624963433,0.0135022245605728,2.10796092222374,0.0524046944970714,0.212353425332555,0.000275140955845263,0.288326087253241,0.0103334130592172,3.3601986126869,0.0200754012637167,0,1.79383722152182,3.96289309743541,0.0900470232432428,0.011959497720017,0.0317222407744386,0.000191666384726227,0.000715222650246844,0.00206682741073895,0.27864192875789,0.0515382658547293,0.983714883653442,0.180986131015223,0.604443350182246,0.40287191118594,0.00799224673616055,0.00903336345646941,0.00747861097384927,0.0838597302755933,0.0172048974390481,0.0497663987064191,0.0284963783896911,0.000155787067194032,0.000162798645718527,0.000114321745608724,6.81667721896231e-05,0.0160048649724016,0.23513634495,0,0.00115371892986648,0,0.00224574285150408,0.000116203614930778,0.000483203937182779,0,0.00198262081780981,0,0.000131702743030476,0.000331988402589139,0.000527041133305252,0.0126951147778804,0.0227460900720493,0.00141536851035415,0.00373371825993595,0,0.00129736929361075,0.0177609229098886,0.107745529864981,0.00441417512326954,0.00015868208115989,0.0149708032829169,0.686434186036227,0.00183056681199727,9.42862301102668e-05,0.00134094314724704,5.47690047248424e-05,0.000245804548593467,0,0.012151711655794,0.0369701248282202
3.9757161743468e-05,8.85982612071037e-05,0.000326590869111722,0,0.00866916657620811,0.017074584141953,0.00610737521392202,0.0113665852216541,0.0824119877549968,1.09260850722721,0.00492625125077929,0.415590103971282,0.000484976997093529,0.00443233859170989,0.0456017357676985,0,0.000439501685006401,0.00109632579071223,0.000570690113687978,2.65615730140343,0.000435950241329483,0.000484438858353135,0.00182843685156673,0.216044767412428,0.00494973682679538,0.000968845538127506,0.000341119991862249,1.30302156731259,0.00679319017486955,0.00223565647778997,0,0.00187660408998624,0.00019868422612122,0.00516510845335778,0.00465263862923283,0.0435348703116139,0.00114228721345633,0.0110765241166807,0.00279066649938329,0.0410538287507463,0.00363856009199848,0.00421444546866742,0.0122605295320847,0.000427822143403539,0.0108971149007903,0.00108972833722837,0.052257924872034,0.00190936793552507,0.00322550059248543,0,0,0,0.0615218604043507,0.00595417752928952,0.0049959447534632,0.0112495183527081,0.00380520506813895,0.0165379898320725,0.0347936731765315,0.000400552308909347,0.0487090658438219,5.22294204321444e-05,0.00129210610299899,0.0148794902626302,0.00011331236256516,0,0.000190112057160395,0,0.0401982666983927,3.57835130642742e-05,0.000304489947007134,0,0.0930670461845067,0.000134857434830737,3.85336167823732e-05,4.0205991562745e-05,0.0799603551576082,0.00104819994097516,3.02668465495676e-05,0,5.98524778218508e-05,0.00039233263346833,0.00229581258710792,0.000374523567047465
0.000429489294046908,0.000755009921411952,0.00218759879943985,0.00866916657620811,0,0.292460298359441,0.0311695957523517,0.0551879953676952,0.0179222900617398,0.0619170037204747,0.00630516425674535,0.16005295483671,0.000938437437672087,0.00254315673264125,0.363763438201277,0.00225409704985788,0.00282554031735023,0.000342584124121046,0.000430703775711995,0.0174291151333598,0.0185760047034868,0.00129846727092679,0.0413670349986044,0.0283450505139923,0.00870922711738167,0.00139594003348145,0.0120599446618797,0.0415876725247955,0.00363254821829131,0.0252905026556484,0.000308040507068092,0.133554349852043,0.000459725784648753,0.238156906251601,0.099861171623937,0.193364742242261,0.00676314427385974,0.0378404250657528,0.0441201400277304,1.72168211353473,0.716212607179077,0.0109637732131154,0.00213944965437287,0.00057756364868562,0.00386788802549194,0.003759332006991,0.0105521764885827,0.00122318596648834,0.00390017377385648,0,9.53640892359255e-05,4.95535321449578e-05,0.00183534614115632,0.00127257662245097,0.000435957911337626,0.000527688433241361,0.000251344707104948,0.00303016675555536,0.00194589633407508,0.000245017169212851,0.00254900890453566,0.000247300028444233,7.9690038415289e-05,0.00196580755056832,0.000722910843151718,7.79014999904513e-05,0.000190441598824846,0.000261934838865661,0.000704659035274848,0.00106241595621014,0,0.00214425859436149,0.0155949087016764,0,0.000382221939540613,0.00111560511376458,0.00333221890861261,0.000315428902095964,0.00012709784631015,4.5369297561419e-05,0,0,5.64798846634686e-05,0.0728698786774647
0.0217479876576465,0.000559729644350952,0.00813610826749992,0.017074584141953,0.292460298359441,0,0.772776628014884,1.42720243757051,0.0165246684683039,1.5990471226569,0.126182575792757,0.699150510436392,0.0152442618755205,0.269502835502258,0.576069096891989,0.000510336885991722,0.0203930256717118,0.0225401968443301,0.00836349050357538,0.035164215719892,0.0243063214514492,0.000451324527512589,0.0674285142141669,0.024469102392994,0.0196680007178177,0.0245356656182697,0.0189635452909281,0.231665486990617,0.0658732480016586,0.135818980310503,0.00203548518417434,0.109478641096462,0.00490126718951018,0.131959236282485,0.446069500027608,0.409900993319958,0.0195029788860298,0.123623357938415,0.0699832140209891,0.765149107469875,0.116121273260581,0.0378244870325862,0.00955230177877701,0.000562938832265413,0.0102073556803967,0.00323908108009727,0.00979300834247395,0.00220632203443698,0.00684227709407776,0,0.000488242248917282,0,0.00180973494800069,0.00069943612813308,0,0.00350979958791358,0.000358881514758456,0.00813517654848248,0.00270807314821399,0.00127624876419031,0.00260308182485945,0.00328609298926192,0.000120758314508605,0.00185575144854976,8.93895877750099e-05,0,0,0,0.00134310529179627,0,4.0605859639895e-05,9.3308568602732e-05,0.054695554112019,0.000247015080301309,0.000271997352178841,0.00104082222412763,0.0172309861643069,0.000169718128746175,0,0.000104216757790351,0.00019702100881536,0,0.00192744836622468,0.00641268086587975
0.368445874751209,0.000475353014903244,0.0700155635198908,0.00610737521392202,0.0311695957523517,0.772776628014884,0,2.0471059660027,0.0415472238795479,3.12592308540405,0.0948116212528062,0.0297544274156373,0.00653740325332968,1.30861555153967,0.0372690275080743,0.00547900342307389,0.0672868543878882,0.0365069669711481,0.0249828019501617,0.00908157666507858,0.247408927228169,0.000792383777009874,0.515191622903706,0.15658086298104,0.00537666518295884,0.0423898962380747,0.0556295013900879,5.36614006976298,0.223755875697877,3.17729922470687,0.00138956299924573,0.0459155194627424,0.0386865380392474,0.147069121069553,0.121951830371243,0.475167820938959,0.00963403180945215,0.294445518714471,0.0799291552430726,0.145607010067034,0.0540645813962027,0.0195627541624082,0.0583255126956828,0.00176602706450378,0.035834446945819,0.00386383426691548,0.031512588359113,0.0107330640299863,0.00668569558134537,7.33106247873604e-05,7.0310690428412e-05,0.000498966141852883,0.0173416635092857,0.00182579033589289,0.0021444216727506,0.0218175753230818,0.011473159034717,0.0129890452509998,0.0265450608500947,0.00112776546432866,0.00411600364254862,0.000690030997395823,0.00401521523713079,0.00396848768333848,0.00149342933544334,4.82068847996354e-05,0,0.000167758695116413,0.00694756801864243,0.000275872944415895,0.000556907001025316,0.00285763488335214,0.171064251375965,0,0,0.00343520129091394,0.106578516013347,0.00467758600520477,0.000197762775330645,0,0.000658846143110979,0.000417901233010661,0.0174449621900918,0.00705645083655138
0.422949326570528,0.00121255690299615,0.0346483896162645,0.0113665852216541,0.0551879953676952,1.42720243757051,2.0471059660027,0,0.015986384097474,0.954531300467696,0.220870923400497,0.41644362949936,0.0248017885197981,3.52657558623371,0.0442032968710473,0.000972025286949669,0.273514450677445,0.0350322339522695,0.0508642362449336,0.0421925640690229,0.145523283565648,0.000510823702987484,0.621098673832233,0.0194149875554201,0.017835545455083,0.055286386077046,0.0465527359779111,0.252022936436151,0.54621936114356,1.49178368555572,0.00396190921790296,0.0897002718422088,0.0121462589087838,0.169003534992277,0.0515971244003221,0.309054725368995,0.022436991253435,0.18142945518133,0.0619958932886973,0.192060432400107,0.0261488548902133,0.0370215055562959,0.013985225166366,0.00224831214634475,0.0138520727142376,0.00211608103697863,0.00817136705395071,0.00279702753712316,0.0106985443315034,0,0.000135737272572434,0,0.000463259982579661,0.000176407265003428,0,0.00649316094283341,0.000886049506508261,0.00874781769553909,0.00047662105366745,0.00305481939989981,0.00110226264016134,0.00656660064757003,0,0.000766060212111953,0.000112543519730046,0,0,0,0.000365635850239864,0,0.000136509511373595,0.000205585108894378,0.107784658338123,0.000212042574342269,0.000364716532315403,0.00201342837084898,0.0267601981826994,0.000310814130482524,0,0.000596606941017887,0.000140379896093381,0.000114328869935537,0.00148643626853475,0.00316563944193137
0,0.206589901888185,0.00126625710081151,0.0824119877549968,0.0179222900617398,0.0165246684683039,0.0415472238795479,0.015986384097474,0,0.131613049512051,0.0273358546779047,0.154873946242818,0.0164129861971409,0.00141893982569536,0.117321579022166,0.0533227931450733,0.00837309170841754,0.00256450175037517,0.0027942169874254,0.072887519784834,0.0119242188873946,0.711910123988577,0.0334950509598065,3.8157560684045,0.0689141048012873,0.00690698918269319,0.61553403372673,0.488294508053802,0.00253206423335183,0.00172412009282513,0.000107504828511572,0.00296184084108409,0.000497640914577252,0.0127306062517144,0.00370831649761301,0.0889728704655098,0.0212674489804298,0.0285831619031497,0.0128431700447523,0.125287976276936,0.00432697858444276,0.0327397577522252,0.112563152815258,0.00425186804225134,0.0249589870263782,0.00460424188056962,0.0857373754230698,0.00470861835125256,0.00156599814939613,0.000236751601140946,0.0105497364758981,0.0056642237241014,0.179049698221948,0.0140339618689582,0.00910848740247788,0.0185057712643611,0.0242214318358465,0.188665819362993,0.187427758109583,0.00194516870541518,0.058355337509885,0.00135307619158495,0.00703361441080201,0.0288774229677469,0.130777271441032,0.00233588672599545,0.000322920984886512,0.000576265733176077,0.0600670870623455,0.0167042006813201,0.116699215121828,0.075409083336614,0.738471287493092,0.00331494728844314,0.00472291286981033,0.0663127033730007,0.353298696478817,0.00842081526913592,0.00349174659362808,0.000307344057032848,0.000778284936453298,0.000984647635703812,0.0116439037950227,0.0172359559694899
0.00472899278471651,0.000344342472795519,0.00945537275027382,1.09260850722721,0.0619170037204747,1.5990471226569,3.12592308540405,0.954531300467696,0.131613049512051,0,0.166523332844414,0.830915110412265,0.0122993604316241,0.414252861277495,0.0781812095649033,0.00077802153579804,0.00755660405412476,0.0509287310969804,0.0217730255253107,0.34297162997601,0.0146930963534082,0.000108147840555805,0.0303579360205559,0.0928037159886195,0.0188181467026985,0.0462302917329206,0.0233862097614742,1.07020456228834,0.0909987305484316,0.0456122885410627,0.00155963595935457,0.0754485089207753,0.00299592373689668,0.136308342273966,0.135935947859907,0.568924980770808,0.0112240041163221,0.206263054831384,0.0470990805384259,0.262256682478934,0.0791603734300898,0.0357412226697471,0.046184593317498,0.00151321838025757,0.0416057724255158,0.00492088620888567,0.139670051872224,0.00547838594448399,0.0162087353372688,0,5.47959453168273e-05,5.40808590176642e-05,0.066940923968571,0.0137527321980566,0.00678814648388051,0.0532803077096348,0.00727064107688289,0.032574980659899,0.0697850653547792,0.00133255551829436,0.103544708427635,0.00191145224708086,0.00262467897506765,0.0280252996994201,0.000175730639543223,4.52231796128482e-05,0.000217129803499603,5.8530616042751e-05,0.0349362674862438,0,0.000358220016027927,4.39962109861464e-05,0.327260989114221,4.68107051012516e-05,0.00019960509245108,0.000184076433850545,0.248109257661524,0.00338638343969095,7.157021157794e-05,0,0.000168094064768272,0.000736168403754017,0.00980648940251551,0.00611807657880553
0.0135330679042134,0.0965447247367191,0.0139517011507242,0.00492625125077929,0.00630516425674535,0.126182575792757,0.0948116212528062,0.220870923400497,0.0273358546779047,0.166523332844414,0,0.196108820896122,2.13382986960399,0.0685858578475064,0.00231147726993739,0.000997067370486957,0.0275749454791819,1.1837581044315,0.0735832979561723,0.0144386827234204,0.0142164221692148,0.0379959874922858,0.0388752849900757,0.021772590193487,0.497867387389686,0.6363877124037,0.33128232131442,0.0459088884623215,0.0962988509613851,0.0801889231786047,0.109497827955613,0.263116842123634,0.0028363576132019,1.74289483882137,0.011000932455293,0.192132205389084,0.674696805012751,1.55519017216669,0.186807256145965,0.0143820174372924,0.00206558990796961,0.745078670355091,0.00469104273395281,0.118758786671623,0.046554013672742,0.0025871047602429,0.000844016936715031,0.00111976811663544,0.0873993719788543,0,0.0108529176879476,0.000389690087141428,0,0.000275227242744392,4.43016318738133e-05,0.000117887163713625,0.000635240747108517,0.00592114027801439,0.000261892727224704,0.254334570795833,0.00040597176381849,0.730894268758044,0.000988760937254294,0.000367101076631278,0.000182719919921977,3.46501855698615e-05,0.00456380337059099,0.00163296134246745,0,0,0.00148194024216476,4.47913046942025e-05,0.00463004184068625,0.0486750911757299,0.144753634133199,0.505885315950109,6.92247956604183e-05,0.000469363054317933,0,0.141258694306602,0.00162656114862966,0,0.0120324065654575,0.00968126123495101
0.0033165688123714,0.00314021574986683,0.00408036317001181,0.415590103971282,0.16005295483671,0.699150510436392,0.0297544274156373,0.41644362949936,0.154873946242818,0.830915110412265,0.196108820896122,0,0.0168670325803603,0.0997715343577774,0.727812366232533,0.000319728447177523,0.00400413163770998,0.0575037566127914,0.0202842097150007,0.938040388357551,0.000984230552350168,0.00519025430775642,0.00492149409788792,0.112140130806153,0.015728528558949,0.0583179231409108,0.0365894936439367,0.254989333921323,0.0352136164764992,0.0140723618492137,0.00306743540545472,0.0594583100786875,4.05207555119753e-05,0.0995641607520073,0.887458048769536,0.225743114536459,0.012528617210488,0.10776107247308,0.0247788246372937,0.592510733979362,0.0351624276592846,0.0231397700010326,0.00890185548012461,0.000829026206338233,0.00736945381118894,0.00219584080903603,0.074446490658365,0.00222280414512967,0.00663166291956198,0,0.000155423604648495,0,0.0219899449201831,0.00752560781168336,0.00374792087135388,0.00409088522179414,0.00282812908221158,0.0137772631665441,0.0221113833752261,0.00100464510862667,0.0775442857149749,0.00206122141314348,0.000674298115479857,0.01537521125423,0.000123434557350159,0,0.000316285134272691,3.11448838198692e-05,0.011742412751025,0.000264452795341968,0.0003238632879058,3.18014935780704e-05,0.0441087934930069,0.000220359815943217,0.000171319528944147,0.000458076500221536,0.0308931448233784,0.00104331678555563,0,0,0.000463552193547198,7.86010966957033e-05,0.00182120754619134,0.0497539540725015
0.00085105760531736,0.0884482294464431,0.000835358176159918,0.000484976997093529,0.000938437437672087,0.0152442618755205,0.00653740325332968,0.0248017885197981,0.0164129861971409,0.0122993604316241,2.13382986960399,0.0168670325803603,0,0.00568097072845563,0.000780988759746671,0.000340804297207805,0.000141917188429856,0.00333776711938617,0.000494377158529735,0.000948823099591284,0.00072315590946826,0.02438197302837,0.00126337413061431,0.0118384327215207,0.952281443227431,0.0248969218190707,0.354791108761208,0.00422637557217951,0.00757496103169076,0.004863754938601,0.0190131131465155,0.0274490059425993,9.57002233956397e-05,0.188033914540365,0.00227248591515726,0.0660127548519423,0.311816411317373,0.491803089639436,0.0315002646476243,0.00830069065684946,0.00165585192085648,0.828352081707867,0.00597074966632194,0.125380306167458,0.0427942333179041,0.00707313222895802,0.000769701635039338,0.000649301899643856,0.0606860303855771,0,0.0196576023916598,8.97325692659378e-05,4.87789859704554e-05,0,5.07159940365016e-05,7.01762921636462e-05,0.000709818274978125,0.00173888881399907,0.000563450828161147,0.273082381490706,0.000412675090560293,0.924375042858574,0.000995844878109138,7.62288565243482e-05,0.000207295085827351,0.000667935980837411,0.00959392596010845,0.00154159227766112,3.30942902089387e-05,0,0.00286239466493177,4.360858888444e-05,0.000933446223499331,0.0910572294900276,0.225026187917313,0.926303550533529,0.000145041011840534,0.000780971142826557,0,0.251381613813008,0.00156369120816734,0,0.0140779396237276,0.00144580604159199
1.41417318671851,0,0.0133857595670546,0.00443233859170989,0.00254315673264125,0.269502835502258,1.30861555153967,3.52657558623371,0.00141893982569536,0.414252861277495,0.0685858578475064,0.0997715343577774,0.00568097072845563,0,0.00468811300135853,0.000135965613894692,0.147883366787945,0.0211164678838315,0.0249247969720479,0.011315602951748,0.0571394217610221,0.00020278616254226,0.28713026409205,0.00518958556559097,0.00339803208243471,0.0288258492540673,0.0278267104578598,0.0753971450561917,2.16828540029468,1.17707960428728,0.00107450543191023,0.213807831054311,0.0107017401377604,0.11248426862629,0.00783963899121546,0.0572675456156517,0.00528466932974052,0.0713657815600842,0.0128345344188697,0.0187918600446943,0.00529573903783204,0.00565773031016464,0.00434823190001358,0.000408540518517747,0.00273678493315939,0.00121633314522161,0.00161358173592833,0.000292179534077156,0.00210643800026107,0,4.62956123947173e-05,0,3.70039529047012e-05,0,0,0.00129315222119892,0,0.00264238156161019,3.80227177892119e-05,5.28634024198413e-05,0.000223062741770849,0.000717771951545164,0,7.2408261763531e-05,6.65995310889542e-05,0,0,0,0,0,8.52448970832228e-05,0,0.0258728789837632,0.000173900562858319,0.000173474964659953,0.000776758039761663,0.00825671266109392,0,0,0.00030021150899024,0,0,0.000897609200425187,0.000118636051785767
0.000316847404869693,0.00451350394746627,0.00308326624963433,0.0456017357676985,0.363763438201277,0.576069096891989,0.0372690275080743,0.0442032968710473,0.117321579022166,0.0781812095649033,0.00231147726993739,0.727812366232533,0.000780988759746671,0.00468811300135853,0,0.00502080006994771,0.00297530058354424,0.000685271999713754,0.000942211563651169,0.0634217097683608,0.0528824153562258,0.0104389549473347,0.0616105834409955,0.204042568743316,0.0111821770357142,0.000938602660007142,0.0245150750949989,0.152772495800388,0.00264154391029826,0.0628339941423233,6.4648468266201e-05,0.00418799143607228,0.00134292020333683,0.0106599709963221,0.246822739158072,0.0578525963002681,0.0068073138480816,0.0133963891679183,0.013357606352045,0.661360159662821,0.0422188429517606,0.00867997994149223,0.0105803299861279,0.0021688169521739,0.00419864096399935,0.00624252393455499,0.0500091131087269,0.000901495365584264,0.00369906203032212,5.68231542298197e-05,0,0.000569319467443934,0.0135386891947358,0.00301890492331619,0.000899976316177955,0.00281996103321035,0.00190307562870325,0.00832048046063163,0.0096262571994602,0,0.0153943431048253,4.77187409949541e-05,0.000461516159554413,0.010528929319909,0.0012405836750546,0.00018667386867415,0.00011391091681571,0.00014217363095566,0.00721007260698627,0.000925345210203082,0.000257573980808204,0.0025284383914269,0.0281862754010904,0.000100261216313481,0.000643557046924428,0.00160759345393635,0.0187958678829402,0.000182344978678805,0.000552300007448304,4.97354683944702e-05,0.000296258759629011,7.7248360987109e-05,0.00103542463248114,0.117414163848357
0,0.0271604819499152,0.0135022245605728,0,0.00225409704985788,0.000510336885991722,0.00547900342307389,0.000972025286949669,0.0533227931450733,0.00077802153579804,0.000997067370486957,0.000319728447177523,0.000340804297207805,0.000135965613894692,0.00502080006994771,0,0.010460684892003,0.00037427114095785,0.001502089572385,0,0.865744270015771,1.24092672826799,1.46521051426705,0.381031386791308,0.00250586515304618,0.00242312050965052,0.782382604446942,0.340703540318947,0.000423932601668108,0.00327651937595141,0,9.77951549626981e-05,0.000122574197939003,0.00922674557963708,0.0572468101211941,0.663431666512565,0.100231558607954,0.0797810662021273,0.10516288016623,0.00478134803316957,0.00127817876703765,0.00270802131125754,0.213165778882929,0.0107937424837556,0.0189602434618355,0.0132910124190372,0.00700682756245444,0.00158672651121708,0.000572589480822039,0,0.00933704208059634,0.024843220252897,4.57770960225761e-05,0.000564290576329762,0.000116314828663886,0.00177766736137015,0.000773527733702713,0.0247910613084553,0.000471272180006957,0.000208638193168914,0.000128164179648924,8.04497819449663e-05,0.000332722548955489,0.00107153590889812,0.473351361354944,0.00286439920175496,0,0.000141198833582622,0,0.0429495274908188,0.264209154594358,0.635810115158218,0.166655676643899,0.000472708457588291,0.00152092137303731,0.421704237049609,0.0768946069960576,0.000150896662799672,0.00713073344166653,0,0.000222733047758817,0.000151671040006858,0.00426508295384122,0.0158568808795489
0.0221035353420107,0.00991022340129555,2.10796092222374,0.000439501685006401,0.00282554031735023,0.0203930256717118,0.0672868543878882,0.273514450677445,0.00837309170841754,0.00755660405412476,0.0275749454791819,0.00400413163770998,0.000141917188429856,0.147883366787945,0.00297530058354424,0.010460684892003,0,0.108018418652708,1.09119933547127,0.00100180203410563,0.145411796302157,0.00841078280984526,1.6573811665622,0.0124880471275996,0.000715045810716358,2.03893278575495,2.08984279584952,0.0579831425755917,0.195102936932988,0.169735716717479,0,0.00647397471246205,0.0371436888164958,0.373141483394752,0.0217805293804142,0.19618988170266,0.0349064318248938,0.283697166981586,0.18169423103941,0.0102228686333467,0.00810169923983869,0.00381268415706594,0.00576082689498158,0.00444706247283621,0.00480658149019644,0.00250274964781335,0.00010090904254123,7.58914648046136e-05,6.08776385347486e-05,0,0.0080535347381357,0.0214730446483964,0,0.000235745868899381,0,0,0,0,0,0,0,0.000201914113916814,0,0.000454400782469005,0.00102238889549465,0.00188537580103687,0,0.000490492419897994,0,4.91866348539889e-05,0.00170095888696565,0.00425777247213551,0.00016705262225405,0.000144074834570545,0.00821815372691377,0.0978266890142548,0,0,7.13278459684908e-05,0,0,0,0.00131953041793889,0.00668493341964411
0.00532041448168425,0.0057274665532695,0.0524046944970714,0.00109632579071223,0.000342584124121046,0.0225401968443301,0.0365069669711481,0.0350322339522695,0.00256450175037517,0.0509287310969804,1.1837581044315,0.0575037566127914,0.00333776711938617,0.0211164678838315,0.000685271999713754,0.00037427114095785,0.108018418652708,0,0.552085932764996,0.00459094227342034,0.0167359655062207,0.00110024201820369,0.0517329681887823,0.00271932471499625,0.000332494819793504,1.1591412713163,0.341134868475979,0.0165941178519962,0.0328251329397284,0.0408143331730299,0.00273965862954393,0.019030538280416,0.00372889403533016,0.343984122953039,0.0139759560044585,0.299359043239015,0.442454683560726,0.608917816898921,0.196294677192896,0.0024807505022018,0.00144034954406136,0.00233259635344081,0.00467117075942611,0.00598628218347117,0.00463652423573807,0.00121475927007633,4.31089276027411e-05,6.30780361762285e-05,0,0,0.0045940451434989,0.00179232797116168,0,0.000743547752105618,0,0,0,0.000676581744759005,0,0.000267122888881219,6.73093600116432e-05,0.000860285835585099,0,4.69159800487101e-05,0,0.000422477626883822,0.000516019104466245,0.000220137427256388,0,3.70865446825355e-05,0.000243018097512833,0.000100079864524683,0,0.00207661343258485,0.0235031752721905,0.11180085130878,0,9.60230728464122e-05,0,0.000321017424039078,0,0,0.000179659880287942,0.0169748174514228
0.00478063559771829,0.00573604619834155,0.212353425332555,0.000570690113687978,0.000430703775711995,0.00836349050357538,0.0249828019501617,0.0508642362449336,0.0027942169874254,0.0217730255253107,0.0735832979561723,0.0202842097150007,0.000494377158529735,0.0249247969720479,0.000942211563651169,0.001502089572385,1.09119933547127,0.552085932764996,0,0.00150057316828667,0.0302526105795696,0.00186783091916881,0.183780745242038,0.00375202533397479,0.000327466989572478,0.699012460715918,0.567076375293508,0.0163504054040747,0.0405169082702378,0.0446037964455345,0.000585645524355912,0.00271787169580089,0.00605793910298155,0.432709577410662,0.00782333045427514,0.128422134238305,0.0725106487742612,0.202076688500793,0.0896735274212771,0.00259071864980773,0.00204122362167569,0.00177935155001282,0.00238744061233006,0.00259229297922578,0.00230016477520312,0.00119431218620662,0.000171628445516276,0,0,0,0.00390660695233023,0.0029174627750446,0,0.000303157207610851,0,0,0,8.64883081686974e-05,0,0.00015636412658608,4.38520680161983e-05,0.000157324270891917,0,6.43310423892618e-05,8.60399824814111e-05,0.00032961560565663,0,0.000228349609966445,0,0,0.000638676270897097,0.000696398996035105,0,0.000737969016417026,0.0119849531059179,0.0475557188387166,0,0,0,5.30389068315386e-05,0,0,0.000780778038114483,0.00658127817071286
0.000353237000924906,0.000434095858280742,0.000275140955845263,2.65615730140343,0.0174291151333598,0.035164215719892,0.00908157666507858,0.0421925640690229,0.072887519784834,0.34297162997601,0.0144386827234204,0.938040388357551,0.000948823099591284,0.011315602951748,0.0634217097683608,0,0.00100180203410563,0.00459094227342034,0.00150057316828667,0,0.000385728075047359,0.00125077148455715,0.00176432860504782,0.116606064462876,0.00667802194178928,0.00357559801448997,0.00241532575099869,0.43815338341289,0.00760788514965329,0.0034507952262974,0.000106285759799362,0.0067761925698267,0.000101131566955903,0.0129277589165381,0.00609232028704513,0.0680326783762605,0.00185351612176322,0.0192870174416581,0.00532279938886436,0.0627830499288427,0.0082465585619558,0.00883690127242581,0.0186454148839919,0.000493814669106209,0.0186617794848416,0.00153863030554905,0.0615927589071403,0.00310461657183397,0.00525417219458964,0,0.000102304457731759,0,0.0449958559751917,0.00622416821454901,0.00345140869122105,0.0182639739834026,0.00334016307038081,0.0144045269085163,0.0371766272883703,0.000204108464744362,0.0376064054500478,0.000187744334787265,0.000569527646256521,0.0159323333284883,0.00011186786375444,0,0,0,0.0198525634423724,9.23670633307695e-05,0.000209304090589559,0,0.114120489827477,0.000194398508659977,0,0,0.0964209546185897,0.000757068544395858,0,0,0,0.000248598442545855,0.00373262802187697,0.000533774760595658
0.00649700532874625,0.00146058226657671,0.288326087253241,0.000435950241329483,0.0185760047034868,0.0243063214514492,0.247408927228169,0.145523283565648,0.0119242188873946,0.0146930963534082,0.0142164221692148,0.000984230552350168,0.00072315590946826,0.0571394217610221,0.0528824153562258,0.865744270015771,0.145411796302157,0.0167359655062207,0.0302526105795696,0.000385728075047359,0,0.0673605090439798,4.96070926550004,0.0537844740311406,0.000785176282267973,0.0278403817363192,0.2120100112853,1.44652789080796,0.0409589453762931,1.76605490547551,9.48850308869009e-05,0.00575968670076627,0.00484766864907975,0.639177392840299,0.582632312251693,1.73524924886178,0.0694448373718453,1.15377554919904,0.612037626687685,0.0309264668178197,0.0174712597977322,0.00610499041477019,0.157598466004739,0.00442067499951363,0.00984716333936378,0.00509911121319001,0.00398461123984765,0.0022089416676879,0.000173127013867974,0,0.00111402737176075,0.00312223831167096,8.45683879611701e-05,0.00180269266728398,4.18718957259178e-05,0.000301732048632872,0.000324931114250854,0.0124013662354706,0.000163723124071002,3.61087391372889e-05,0.00011224760256139,0,0.000605389676493365,0.00300583188610231,0.125743350183725,0.000552407922163823,0,0,0,0.0233096803010157,0.0348214555082835,0.0967834358351986,0.0974588937783419,0,7.42558888896048e-05,0.0331498378178236,0.050685301633303,0.000301040994471901,0.00380280389854721,0,0,0,0.00099896438592838,0.0388723701598447
0,0.270684759287424,0.0103334130592172,0.000484438858353135,0.00129846727092679,0.000451324527512589,0.000792383777009874,0.000510823702987484,0.711910123988577,0.000108147840555805,0.0379959874922858,0.00519025430775642,0.02438197302837,0.00020278616254226,0.0104389549473347,1.24092672826799,0.00841078280984526,0.00110024201820369,0.00186783091916881,0.00125077148455715,0.0673605090439798,0,0.393852142407567,1.786811341191,0.0853490568103893,0.00447100762333087,1.23283179630486,0.0764188385043753,0.000235912969264596,0.00025815188503683,0.000189056648528057,0.000258584926106948,9.33268087629436e-05,0.00995487211142522,0.00327387856361696,0.0558198179087799,0.0277152437308224,0.0257092338838127,0.0163305603867598,0.0115942612143325,0,0.0554319899744138,0.0654970657849627,0.00606499165746504,0.0143467276190247,0.00973428842209883,0.0012519770303442,0.000234342503935153,0.000113821768552041,0.000105357924260223,0.0255441622759155,0.0418371951880879,0.000491225294854543,0.000113501284643686,4.9504880637902e-05,0.00122617731121375,0.000398180628269103,0.00808439244953799,0.000755415750434399,0.00100773017758305,0.00430443945253017,0.00226448711323715,0.000275532284148088,0.000135159653649276,0.184202686203798,0.00512877137566819,0.000269773005497849,0.00073337359017624,0.000125306028257418,0.0107834949069126,0.303048276659417,0.190818996063349,0.0905032047777903,0.00226209160820541,0.0073909802278009,0.695763365945752,0.019493513929783,0.000145281962002471,0.00194558867506297,0.00166035874451493,0,0,0.0049530162995732,0.00438275919371587
0.0456867443986153,0.00895459467771774,3.3601986126869,0.00182843685156673,0.0413670349986044,0.0674285142141669,0.515191622903706,0.621098673832233,0.0334950509598065,0.0303579360205559,0.0388752849900757,0.00492149409788792,0.00126337413061431,0.28713026409205,0.0616105834409955,1.46521051426705,1.6573811665622,0.0517329681887823,0.183780745242038,0.00176432860504782,4.96070926550004,0.393852142407567,0,0.15924237670902,0.00105207696804942,0.262947623381944,3.00660140265997,1.37389863341832,0.265411191102005,1.05456573192904,0.000194183784441379,0.0180574079416828,0.0443426757188947,1.3858423667925,0.701470802138411,5.35931497211325,0.675235315619737,2.33857340828317,1.93888516439609,0.051564447689289,0.034392837888918,0.0211590914569752,0.192291108368694,0.0200678255088654,0.0242178173396613,0.0206089601173225,0.00293517771836084,0.000702125140471759,0.000573780013447612,0,0.0113440004436367,0.0737363725993597,0.000124187176553023,0.00524141066385673,0,0.00510074262032125,0.000381886317822757,0.0116666531582853,4.78159221310019e-05,0,0.000146106123628714,0,0.000287001973884943,0.00383569841676,0.803273164819268,0.00555374744468835,7.71627194877267e-05,0.000664258149608457,0,0.0667559774056745,0.324909167529429,1.26378709061146,0.123947236303192,0.000189163158875888,0.00148984209008522,0.679368961654913,0.063044218143608,0.000222818816676176,0.0168779186209799,0,0,0,0.0052730252795838,0.1159144963892
0.000244595160877451,0.303908294679038,0.0200754012637167,0.216044767412428,0.0283450505139923,0.024469102392994,0.15658086298104,0.0194149875554201,3.8157560684045,0.0928037159886195,0.021772590193487,0.112140130806153,0.0118384327215207,0.00518958556559097,0.204042568743316,0.381031386791308,0.0124880471275996,0.00271932471499625,0.00375202533397479,0.116606064462876,0.0537844740311406,1.786811341191,0.15924237670902,0,0.0746699008024765,0.00574678708218721,0.767614464598126,1.81934000590149,0.010513837256232,0.00612444503725751,4.06182053337544e-05,0.00381373874856126,0.00519925124669877,0.0210372217834932,0.0783923132903614,0.540468054108123,0.0477204460884547,0.0668822265263887,0.0380916792423861,0.165074602377463,0.00838457140323544,0.0336400349050136,0.665826488647663,0.013502999821396,0.23013439272983,0.0355506531931339,0.209086811851065,0.0476681724983043,0.0180834366336854,0.000109298219899309,0.0140686060631133,0.0116701186031385,0.169298122025296,0.0130985062778325,0.0161612990542263,0.123281248748178,0.088137884967539,0.425429213699606,0.186709642268002,0.00371874821836046,0.111898970512585,0.00149682234040744,0.0350251316909258,0.0393039296829911,0.0937254140476266,0.0014848210767259,0.000156556084536373,0.000212701350206057,0.0888828084487579,0.0203522295853442,0.0349645768325928,0.0571291765912709,2.45016984945961,0.00475690116331591,0.00383012549243908,0.12339372421009,0.911216833976929,0.0379019114741358,0.00329619250364725,9.26194118616164e-05,0.00225234699720161,0.00336277581110396,0.0979462528018611,0.0512379495333742
0.00035183336450499,0.357553439206326,0,0.00494973682679538,0.00870922711738167,0.0196680007178177,0.00537666518295884,0.017835545455083,0.0689141048012873,0.0188181467026985,0.497867387389686,0.015728528558949,0.952281443227431,0.00339803208243471,0.0111821770357142,0.00250586515304618,0.000715045810716358,0.000332494819793504,0.000327466989572478,0.00667802194178928,0.000785176282267973,0.0853490568103893,0.00105207696804942,0.0746699008024765,0,0.00714581274692611,0.827451330238894,0.020107540553428,0.00119821861359378,0.000991188712273349,0.00444588526369897,0.00866758987016781,5.88898183959723e-05,0.073457344868965,0.000899463971267766,0.0807298789559329,0.10670756925746,0.178701421788402,0.0392319907459513,0.102613493589274,0.0381592776556155,0.968676701758847,0.00933015112534543,0.0157350307231768,0.041783551605403,0.00436375316006166,0.0254233012569786,0.00480268064704055,0.0956275288644643,0,0.0115563482643594,0.000308470368228731,0.00093297372717605,0.000152798619842586,0.000906207512230671,0.000723084948735639,0.00367464310101456,0.00429700369679473,0.00138823420426677,0.0715799027648026,0.0018516761951148,0.253161458778051,0.00178725109055994,0.000833927374781581,0.000375878651678741,0.000150854883553433,0.00100087940054385,0.000279102283760202,0.000223518859344342,0.000125243327533567,0.00372223386727269,8.69013529265046e-05,0.00526131934861019,0.0835827620656483,0.025365160376514,0.219675044133847,0.00135192697008305,0.000280079219539266,7.0671460576725e-05,0.0251146826185455,0.000710982861425915,0,0.00721135977506657,0.000101857176317883
0.00616625232652986,0.0342715521637086,1.79383722152182,0.000968845538127506,0.00139594003348145,0.0245356656182697,0.0423898962380747,0.055286386077046,0.00690698918269319,0.0462302917329206,0.6363877124037,0.0583179231409108,0.0248969218190707,0.0288258492540673,0.000938602660007142,0.00242312050965052,2.03893278575495,1.1591412713163,0.699012460715918,0.00357559801448997,0.0278403817363192,0.00447100762333087,0.262947623381944,0.00574678708218721,0.00714581274692611,0,2.81931371132511,0.0201067207295529,0.0414304940145278,0.0468191471155203,0.0401720517102298,0.0253740197317421,0.00382794212171709,0.420312711312176,0.0321673385295182,0.657739880006194,0.63693251768582,1.02674854459928,0.411105213741239,0.00471373287001633,0.00359230844711523,0.00870259200911606,0.0830994912229484,0.0985516585690285,0.0604653056584014,0.0306843751570183,0.000340123267517573,0.000530171610150224,0.000768124843130407,0,0.0689476047404716,0.0801640558931404,0,0.00146057678206385,0.00010050123854016,0.000480627850410009,0,0.00110773466329531,0,0.00685207398523097,0.000138045978263185,0.0263611581118745,0.00024744872799179,0.000281803494985074,0.00126535796201646,0.0161443710720273,0.0131671035925919,0.00883300830702476,0,0.000265397505453014,0.00189366495805401,0.00846490052589737,0.000657154093333191,0.0360627972510444,0.309397576051522,1.43756252456636,0.000108754726833981,0.00014088935193947,0.000416675823869183,0.0170273372629614,8.35217434695929e-05,0,0.0135858155751018,0.0357661561100705
0.0071306292663916,1.92616188881907,3.96289309743541,0.000341119991862249,0.0120599446618797,0.0189635452909281,0.0556295013900879,0.0465527359779111,0.61553403372673,0.0233862097614742,0.33128232131442,0.0365894936439367,0.354791108761208,0.0278267104578598,0.0245150750949989,0.782382604446942,2.08984279584952,0.341134868475979,0.567076375293508,0.00241532575099869,0.2120100112853,1.23283179630486,3.00660140265997,0.767614464598126,0.827451330238894,2.81931371132511,0,0.354359961371503,0.0494021056906801,0.109217798761478,0.022297759794946,0.0126190908787098,0.0115156766404243,0.958243993573331,0.25133153862613,4.39039367420465,1.14761348979922,2.49340547925091,1.87557003302507,0.0380718281588675,0.0385477411757738,0.0479109022323185,0.649622078840432,0.346275585735599,0.416946192517708,0.217834700493487,0.00335009957008602,0.00436820883925265,0.00452991717489334,0.000379440585179004,0.792755903509635,1.26291841754026,3.904317788679e-05,0.0057917086357521,3.49241813067913e-05,0.0128947909944915,0.000606687010312149,0.0103242446599988,0.000292053099435869,0.035961335078761,0.00333413249116083,0.160955310323489,0.00178222551785305,0.00441141494522149,0.146227580936078,0.173263125533338,0.0336546523810505,0.0428540664558931,3.38479592251241e-05,0.0107349675852939,0.347181608982047,0.60383288561398,0.0895979035092918,0.317293453168412,1.0425724811291,10.0372287581076,0.0162942983028588,0.0019718442735507,0.00862140318906247,0.0974629541127941,0.00130020329929587,4.3269468712166e-05,0.105163489168754,0.187334600930156
