0,0,0.0256611604816494,0.000832101957509496,0.000809125288273129,0.00414712904264148,0.272320715706094,0.0895470629491165,0.000299117963992024,0.0111744669135856,0.0039301409593071,0.00181957617240597,0.000429690026909459,0.672543941126959,0.00214208581013157,8.98450633183303e-05,0.0300468824603377,0.000366783317152548,0.00152143172968397,0.00135802726634953,0.0195342545635179,0.00028595250425266,0.0795683423430232,0.00201566190535476,2.75037538137317e-05,0.00969706141197847,0.0139575971782243,0.0140944676960824,0.716472000784505,0.990949740519258,0.000286170566265598,0.00215105949053228,0.00622938761531151,0.0157451636045438,0.00354160949495833,0.0201185463651067,0.00384565093519688,0.0179216876573542,0.00736467968978026,0.0012042696466652,0.000639827959185148,0.000231729797053939,0.000383017979463082,0.000110869999112892,0.000218280104268739,0,0.000208952424129331,8.77013672870634e-05,0,0,0,0.000376036910362342,0,0,4.27155985027492e-05,0.0010584962579871,0.000239653437943876,0.000478882206876433,0.000163505550173136,4.05192554758787e-05,3.10808512076497e-05,0.000145846908092361,0.000103567525758201,0,0.00019894571920748,0,0,0,0.000138554662578822,0.000184479147817451,0,0.000685198869851026,0.00173666304099249,0.0001191419939062,0.00025380437865859,0.00215214495682208,0.00158204281264068,3.55237340984881e-05,0.000294951400344462,0,0,0,0,0.000112467096193618
0,0,0.0215556699834318,9.45054365184548e-05,0.00108743419009409,0.000167864049186176,0.000160462260645864,0.00030207280489136,0.170694003200768,0.000405362660677877,0.0585161860978894,0.00154732526864528,0.182575563856106,0.000455325957880703,0.00454198851880042,0.0266526629749227,0.0163111135195519,0.00034665098038441,0.00140477259447678,0.000326341817561585,0.00392124043184396,0.472242962245377,0.0128594343366748,0.176660990374611,0.2531672008788,0.0180942968992021,1.67599060935877,0.00410560948377836,0.00102390833994162,0.000607554316368502,0.00419561454663548,0.000462575313055461,0,0.0538910042102728,0.00138813319948739,0.0165325842411696,0.00774111687855899,0.0105346321379338,0.0067604315523819,0.0050137328673732,2.84441560608655e-05,0.0210716384668956,0.0237218540553155,0.0134902821487161,0.00865678314212939,0.0106402290860059,0.00053030252957705,0.000226922020642733,0.00405790678239155,0,0.0790707109368915,0.0402623396681565,0,0,0,0.000761099138739458,9.8515229810491e-05,0.00115879011439967,0.000157325672433302,0.0110700070987355,0.000353736495344567,0.0361386578948111,0.000177000688163254,0,0.00617680300660668,0.0199935332553155,0.000325321098280942,0.00857318328992271,2.53047365540296e-05,0.00219728504580341,0.00482646690298786,0.0180108452899617,0.00854723033566472,0.0152575027980493,0.0599717201569736,0.543644365235098,0.0036300862683057,0.00035972039181616,0.00228142859237096,0.0100854370797526,0,3.92303673937619e-05,0.00384244611321114,0.00351255342123411
0.0256611604816494,0.0215556699834318,0,2.89063878868282e-05,0.001393289028244,0.00268678434862781,0.048867643530908,0.0548835776552644,0.00183394394796022,0.00214214784311899,0.00465469585198853,0.000956230231297794,0,0.110874415967561,0.00485878285396887,0.0111978228924886,1.03148202561557,0.00152274482407564,0.0284906569280925,0.000441114085702819,0.364331489989548,0.0184801673783284,3.53217807700086,0.0111408149163007,0.000526083633056769,2.28596742521334,4.47723783499684,0.127886538337698,0.0841036395627081,0.103228789269354,0,0.00153690224409841,0.0105242736049095,0.120104183526102,0.0389884263433396,0.454331903668805,0.269926642584171,0.236702920640312,0.181184194227588,0.00401515439381646,0.00287276546873966,0.000339521567798084,0.0887544880899491,0.0199634158043386,0.0346221293794004,0.034336738938368,0.0355593315425687,0.000285932417141211,0,3.37597246813416e-05,0.0144860583969304,0.458889866823181,4.89030633573442e-05,0.000275619230896622,0.000278696171361539,0.00880117656384179,0.00107224821028346,0.000449115321227923,0.000588956773547986,0.000843916845902796,0.00038464786259644,3.88551538895309e-05,0.00206087892303075,0.000309206470701555,0.0424586604320911,0.0791125139518696,0.00131886558506591,0.0134896849361921,0.000352767595869264,0.00851265790597167,0.00936342784731168,0.302880025653626,0.0103366171732126,0.000183511791732591,0.11089095422231,1.10496427511288,0.0176343741361225,0.00229381689324431,0.0109283396228583,0,0.000375952991386414,0.000197309727431077,0.0150969315168677,0.0364608366166417
0.000832101957509496,9.45054365184548e-05,2.89063878868282e-05,0,0.0133219766186617,0.027694052123603,0.0541730532267002,0.0288450836079586,0.215884723840661,1.26358564536745,0.00306571268057306,0.336919608986126,8.31592089995027e-05,0.0167327024010114,0.0342331949069075,0,0.00052605635043709,0.000498944967519593,0.000904193494788268,1.20244183623672,0.000250315440899554,0.000179262454610556,0.000110907702235758,0.487175354064037,0.00047994635678722,0.000983069294803421,0.000829921046292912,0.710355655859973,0.0238847414870395,0.00146842522462582,4.19190038067341e-05,0.00691702591113725,0.000817528423088658,0.0156525978140185,0.00598591648278498,0.0766496083364513,0.00273648762537681,0.0156094071967942,0.0052469152545098,0.047343678609568,0.00434417602303208,0.000566525842565453,0.0165251158606717,0.000194275534902567,0.00919292286022556,0.00100151335089964,0.046973246168738,0.00228957775045698,4.8285487293756e-05,3.50661345380098e-05,8.20594522125724e-05,2.69945103567302e-05,0.14915604788428,0.00148031597369597,0.0153687243676839,0.0580362621485346,0.00947177196336096,0.130026166203264,0.183333909686813,0.00254170160937307,0.0926805332910016,0,0.0126773030103162,0.0242545372677935,6.15903422047735e-05,0,0,0,0.0599266323401346,0,0.000424192585326603,8.34832581681489e-05,0.289029737440317,0,0,0,0.264154375406077,0.00722990762588123,0.000500331137365186,0,0.000466092953269619,0.000311508153790989,0.00219704970912592,0.000886693710933128
0.000809125288273129,0.00108743419009409,0.001393289028244,0.0133219766186617,0,0.271117813593411,0.0251024696030833,0.0634441369935134,0.0792882222316799,0.0925097434447178,0.00159431457811182,0.0883002956340297,0.000228359501414591,0.00554517968589159,0.359738383384523,0.00365033596557216,0.00244736735935643,4.80827146887302e-05,0.00016918945928911,0.00952621137765595,0.0756613716615459,0.00334266199990946,0.0571500625403354,0.041274741144418,0.000936021920768574,0.00195263271908481,0.00900973769346927,0.0382684655879068,0.00570242430414968,0.0432062186253471,7.80329748070123e-05,0.0303806703116951,0.000840460958059619,0.138334715627532,0.216377800454483,0.0747520430072866,0.00805933883522898,0.0074282867930525,0.00323169417455343,0.949407326732555,0.249080190573375,0.000427099807290655,0.00144029213608182,0.000166021027392572,0.000622039494304115,0.000552564931537378,0.0161395116006908,0.000253290375192797,0,0,0,0.000281075608241737,0.00625678802688423,0.000352332428871113,0.00238362158758355,0.00268426859288609,0.000423816314275325,0.00420258915108723,0.00825301630947574,0.00201622628994308,0.0107063933443219,0,0.000547765014480766,0.00646355411803597,0.000450344343770528,0,6.54195253084302e-05,0,0.00417449450071366,0.000636881781794992,4.14175547855973e-05,0.000514471860709512,0.00487891498969836,0,0.000222693474267411,0.000426485072992104,0.00709762359742626,4.7805101259166e-05,0.000643715925151438,0,5.89719311040759e-05,0,0.000160130775141442,0.0346710176297696
0.00414712904264148,0.000167864049186176,0.00268678434862781,0.027694052123603,0.271117813593411,0,0.224923530315173,0.729594001092843,0.0518928759951974,2.05480483156084,0.0110890020028178,0.432853754443027,0.00100878558469123,0.0715622211976681,0.150905010653963,0,0.00357108537507159,0.00192915535262808,0.00178186173902178,0.053757263855767,0.00196343166495948,0.000273613217020207,0.00741141930924767,0.0220472936050937,0.000710730641861755,0.00466550806222558,0.00265068583875596,0.0486767852928051,0.0402757989291248,0.029229002983983,0.00111066375338309,0.052673910806743,0.000579461427177232,0.0233328105497219,0.0679189646719196,0.125574509962848,0.00385892575577174,0.0154815593331887,0.00538196203771958,0.395154643466412,0.0101376691504373,0.00217461142766787,0.00789141939780146,0.000377858879640162,0.00258349252224372,0.000413480339462471,0.0492115768813371,0.000845734233174793,0.000294912712969888,5.14385397338212e-05,0,2.7587205793637e-05,0.0209877156021259,0.000956976513978321,0.00751630677308808,0.0175044683843873,0.00213428536823731,0.0108484135131867,0.0313667020491717,0.00452901252960896,0.0310346380727974,0.000402633864701075,0.00365388447987765,0.0146324207639245,0.000191906256756485,5.46575181909353e-05,0,0,0.00990366272473524,0.000500680205374584,0,0.000157304632482434,0.0312933207777732,0,0.000313553579618767,0.000106980960940486,0.0355294332949178,0.00220552848054397,0.00209323954856853,0.000122023639984918,0.00038538995906598,0.00021114033190965,0.000967946168888023,0.00385802654131735
0.272320715706094,0.000160462260645864,0.048867643530908,0.0541730532267002,0.0251024696030833,0.224923530315173,0,1.2105433451123,0.0820467656415485,1.7576083170452,0.0562651255972399,0.0304825410126389,0.00526654274972964,2.02293554377614,0.116074305315194,0.00036050750418934,0.0235716271998994,0.0114053680649384,0.0186057175523934,0.0211701128858609,0.0316453540967386,0.000726785671953159,0.107099141349792,0.29287380465588,0.00288509917714966,0.0317777210787651,0.0207254288626718,4.7624729071121,0.528141921548671,1.71542161889239,0.00423501779051218,0.0583448052712799,0.0465972953489878,0.225379230167241,0.0969346136811714,0.806139168277535,0.0554974728813287,0.22864399552377,0.0880222134954255,0.0707715493849898,0.053278751044839,0.00956480077101943,0.152622345661459,0.00285938981681272,0.0615632152183251,0.0118946232293621,0.10493857414273,0.0191068902438162,0.000850519258712482,0.0019993678905721,0.000299929728729254,0.00142932308009975,0.0489760340010245,0.000850546853360894,0.0116231659738248,0.339228940840079,0.0312286958158328,0.0496607763665568,0.078981563460924,0.0222987671647181,0.0185088973631793,0.000880191633161369,0.0684369081664054,0.00900830885945339,0.0043771621740366,0.000430680816561574,0,0.000242327120013347,0.0185312255005888,0.00441842651014944,0.00185696877014077,0.00867440222357391,0.390863049947461,6.10895088644922e-05,0.00118366847730219,0.00448950857793517,0.369126734334212,0.0750322136107421,0.0400072129850233,6.69951028773486e-05,0.00390488121352688,0.00470906554775613,0.0211527821922608,0.019032590634162
0.0895470629491165,0.00030207280489136,0.0548835776552644,0.0288450836079586,0.0634441369935134,0.729594001092843,1.2105433451123,0,0.0200786397853774,1.26374283560475,0.0202277791117634,0.34682329499365,0.0024966583393475,1.61189996148567,0.0273575573119976,0.000572435610224381,0.044628413863475,0.00412396307248356,0.00328128001960293,0.102285004084182,0.0345855056780527,0.000794188097976091,0.149528214199672,0.0329060958531731,0.00225935306002104,0.0202770987481382,0.0230089817047732,0.171969138606011,0.185730152591626,0.617020357480223,0.00142003240573041,0.0606684185337468,0.00637335183417229,0.0586438113195703,0.0104530216887854,0.260487240766366,0.0167369411228741,0.0544908907074292,0.0227856513023783,0.118970147187186,0.0103705878209407,0.00430403047117643,0.0559251155934848,0.000789493066550936,0.0207633443472676,0.00431282849824789,0.051741453885449,0.00520162743144128,0.000118596194921941,0.000354007256706923,6.09820997791886e-05,0.000612028104762966,0.0208528849291789,0.00069580583010056,0.00468027464610106,0.125115062754593,0.00773845546194113,0.0134183459033211,0.0299642944565815,0.0120048093117522,0.0161427619474592,0.000729580527972774,0.0142587539986874,0.00692888184910922,0.000952798367572895,0,0,2.88658073983312e-05,0.00940383193277282,0.00117042011843921,0.000363629414486539,0.00283368236424875,0.122549354129883,0,0.000785898623291287,0.00304318545626707,0.123429576308354,0.0171675705573081,0.0149086050830447,0.000292087108508089,0.000287371001531473,0.00242581761845713,0.00685804568090654,0.00278015831870113
0.000299117963992024,0.170694003200768,0.00183394394796022,0.215884723840661,0.0792882222316799,0.0518928759951974,0.0820467656415485,0.0200786397853774,0,0.1134229265402,0.00837695703095994,0.302038278352926,0.0220883990494744,0.0080324295108105,0.28735695847731,0.0622032713270562,0.00300932660068553,0.000535299565026748,0.00115004959275778,0.0581180268089841,0.0476149091039826,0.808871832403336,0.0245506127275655,1.56175485277547,0.0427628679930764,0.00516801099914952,0.526336014588594,0.289390237851612,0.0123148501514738,0.00231713111474509,0.000915092072065597,0.00777130072045489,0.00151579912940011,0.0133255236398364,0.00332483433458647,0.0480999694441698,0.00318872758139443,0.00910469392355235,0.00390077901784685,0.221676340781178,0.00663408490298755,0.00211565318394499,0.0390215121089936,0.00188632350771618,0.0149386658903359,0.00520303654691657,0.0284397197766495,0.00285069817897426,0.000666428412852823,0.000947633695209987,0.00161239646099187,0.00213823783619691,0.085650658534316,0.00211933519419435,0.0120980148051571,0.0603899450022157,0.00832702642557285,0.277303903335286,0.073667352456523,0.00496834820021909,0.0419554006872758,0.00350572954550772,0.0107486323011349,0.017761334883193,0.154545063857139,0.00132264531475663,0.000471264502829567,0.00110856358640714,0.0189300157053096,0.0911797080791462,0.165956549167903,0.038536797050588,0.505862861314568,0.000936303010491404,0.00456787137548947,0.0215781232255157,0.32254005024058,0.0274962568208272,0.0245497865822825,0.00139482594566232,0.00157010395669771,0.00313562691276598,0.00785293085254326,0.00671794943513746
0.0111744669135856,0.000405362660677877,0.00214214784311899,1.26358564536745,0.0925097434447178,2.05480483156084,1.7576083170452,1.26374283560475,0.1134229265402,0,0.0938769348672091,0.471389714096451,0.0105489586984714,0.387995130969731,0.106201609716617,5.68613478132427e-05,0.0150008950611116,0.0179913171895053,0.0266555791933662,0.983896644957033,0.00223301216399947,0.000390505998923761,0.00465445633747667,0.0701509112619846,0.00387209815972103,0.0350967756025187,0.0110023804706443,0.588437553554425,0.349745239114131,0.0342781686175613,0.00696772947870858,0.115470864096663,0.00299750391157391,0.192184591058282,0.0417415915861786,0.70218167993206,0.0374035222146534,0.182207776340442,0.0499983863604769,0.160416933777321,0.0471410095729517,0.0133093849734797,0.034735369667088,0.0031822075588293,0.0197983536014533,0.0023177910094438,0.105948381925173,0.00581064201086744,0.00154417810286809,0.000108714510908505,0,0,0.157074029927919,0.00234898408628767,0.0245328144138849,0.114924759895949,0.0145625951227619,0.0901895301227141,0.227183563099423,0.0098067568071974,0.105619000327885,0.00107750697501548,0.0178622764212065,0.0360660691763941,0.000448822883292317,0.000172502936380935,0,0,0.0730837401927837,0.000668181595501185,0.000237342377239233,0.000326966792266202,0.305309451652974,0,0.000172891518955171,0.00054892089665072,0.31457367167349,0.0131557041400877,0.00263015009909585,7.94379208245458e-05,0.000448616973646742,0.000524659236550167,0.00576396302130529,0.00464373064715304
0.0039301409593071,0.0585161860978894,0.00465469585198853,0.00306571268057306,0.00159431457811182,0.0110890020028178,0.0562651255972399,0.0202277791117634,0.00837695703095994,0.0938769348672091,0,0.0588880500951336,0.397167578883546,0.100228023457572,0.00364626477382093,0.000658898145958203,0.0988224289500941,1.05405185401273,0.341322630080688,0.0221445774627224,0.00560172213196319,0.0125439160147385,0.0180451295077191,0.00952809542180423,0.148491022021734,0.796808883068869,0.0655225397287058,0.0182571668384697,0.193805346938655,0.0224419887698537,0.143270465637358,0.107349051358566,0.000360552413291198,1.28016901497588,0.0136552341572932,0.198258773837422,0.392962807361618,0.733714245603742,0.160568036786383,0.0222899390153561,0.00396968035241897,0.263300711283061,0.00389926578948239,0.250881120390358,0.00352384887811817,0.00233195167540306,0.00399646556060296,0.000122218932276964,0.0572302743636188,0,0.00702545271689496,0.000716415200165025,0,0,8.79425131437778e-05,0.000902677378587413,0,0.00391753296088765,6.01372306781352e-05,0.194384601099176,0.000913856821513252,0.399941527248288,0.000343345967857271,0.000285202056302673,0.000412311477734891,0.00112057284775951,0.000483500242594054,0.0025108268709438,3.84030012198866e-05,9.3043332700682e-05,0.00116510238446497,0.000712067691264669,0.00400929552034743,0.0287708999808503,0.197520260094359,0.160363467792153,0.000981610175153062,0.00183444273740759,0.000501075443165686,0.2111058068455,0.00125662037831688,9.60355835415246e-05,0.00487552853557778,0.00913309509503756
0.00181957617240597,0.00154732526864528,0.000956230231297794,0.336919608986126,0.0883002956340297,0.432853754443027,0.0304825410126389,0.34682329499365,0.302038278352926,0.471389714096451,0.0588880500951336,0,0.00452727844772618,0.150628807862323,0.182390716087176,5.71529250521421e-05,0.00868804012832137,0.00942307482221411,0.0139116226699632,0.664519963865124,0.00163380695540436,0.00383466626102494,0.00131376407862695,0.0683038026835694,0.00226147023989247,0.022353550574985,0.0122846181398804,0.0795602984558924,0.140442528063428,0.0127346429683226,0.00497695203861691,0.0740168012791883,0.000569792720574296,0.0748232898325262,0.00870228792778071,0.292274673473484,0.0223198644346366,0.0604771230303048,0.0151444056362661,0.319857030403437,0.0170331918422745,0.00918239357418899,0.00634901294172496,0.0016903683765924,0.00285608549745008,0.000187905273564309,0.0724046483011273,0.00069204377715168,0.000580816595188183,0.000108412054547006,0,0,0.138019596340085,0.0032003247826281,0.0212098574535708,0.0129313440303093,0.00558190659231335,0.0489104241758837,0.102252586621249,0.00716054871897261,0.134729592688181,0.000931265995575002,0.00576123670689929,0.0407314174882851,0.000213091099947122,0,0,6.38530426441223e-05,0.056285345297865,0.000211229186803186,0,0.000357858195961628,0.0657372631849805,3.72342462940872e-05,0.000318345262467474,8.06649392631411e-05,0.0756544101350771,0.00267309418220887,0.000365911278516054,0.000203694027968162,0.00085961410678088,6.59190100144565e-05,0.000753157894403018,0.00103803874539624
0.000429690026909459,0.182575563856106,0,8.31592089995027e-05,0.000228359501414591,0.00100878558469123,0.00526654274972964,0.0024966583393475,0.0220883990494744,0.0105489586984714,0.397167578883546,0.00452727844772618,0,0.00645699948331717,0.000919546493737092,0.000995129934094942,7.40323329617057e-05,0.00875340735007519,3.99156495040834e-05,0.00282307329518759,0.0004039110255288,0.0527120124782555,9.70542987181575e-05,0.0128923426668757,0.561267071676624,0.010525532946593,0.0775593013690695,0.00324202494958545,0.0144390768065102,0.00240411446203471,0.172170073686394,0.0107839578760464,0,0.229604826981023,0.00110913820093075,0.0155623219185978,0.0948914780186447,0.0917143722720002,0.00554056368359611,0.00351367308503537,0.000601225942269945,0.1406194837671,0.00548683970511433,0.172170077395138,0.00377205462993003,0.00283982540584489,0.00107935364272871,0,0.0325075907736072,0,0.0158077564531843,0.000177907456225964,3.10119954711557e-05,0,0,3.69688710921407e-05,0,0.00384728577937767,0,0.270818548544519,0.000146850794574648,0.762432211503707,0.00042407760587976,0.00025880431660375,0.000971062847992104,0.000983184544395947,0.00129594988708161,0.00436370305756484,0,0.000104844100223208,0.00427669940537191,0.000292662022495526,0.00398528228537793,0.135430978308226,0.339218547062467,0.340254154392022,0,0.00180264264949985,0,0.421056928377407,0.00186047649663666,0,0.00582686787983134,0.00106969028040313
0.672543941126959,0.000455325957880703,0.110874415967561,0.0167327024010114,0.00554517968589159,0.0715622211976681,2.02293554377614,1.61189996148567,0.0080324295108105,0.387995130969731,0.100228023457572,0.150628807862323,0.00645699948331717,0,0.0145577212234833,0.00159859148475244,0.132811629525586,0.0213831615331471,0.0249755370077058,0.0560666341395137,0.0729560081106855,0.00146022957635275,0.306184892809928,0.0282121437270293,0.00261001558650318,0.0682604896149619,0.068902599486342,0.159492882711146,1.47242358659026,1.82002088023968,0.00708442363652332,0.0335522135744717,0.0166596706227352,0.0992349031665195,0.0120461349520873,0.183766269069272,0.0271940301836764,0.092323627086327,0.0313871257998349,0.0276497358826192,0.00897271609161544,0.00851497194456124,0.0252242557745434,0.00242543830879047,0.0114376420595727,0.00162238482323136,0.0231008903774461,0.00365919477751611,0.00106640457386854,0.000259461779991334,0,0.00188237037381607,0.00541533038832132,0.000212984894999546,0.000844136055511344,0.055743637232274,0.00214958821013795,0.00548754402097737,0.0111819284859935,0.00709738182541792,0.00490835936956866,0.00264329812710922,0.00335977977473528,0.00292273126636065,0.00178624700968128,0.000191656644240931,0,5.38358460178972e-05,0.00247047032065183,0.00134289444241358,0.000309521154819909,0.00330531507354805,0.0574053983371677,0.000322768066623474,0.00176988043879452,0.00804843800673761,0.0569358605824986,0.00853481807349765,0.0115623537726435,0.000571053861134863,6.43577564491153e-05,0.00101223392939685,0.00435401014046405,0.00175378487009768
0.00214208581013157,0.00454198851880042,0.00485878285396887,0.0342331949069075,0.359738383384523,0.150905010653963,0.116074305315194,0.0273575573119976,0.28735695847731,0.106201609716617,0.00364626477382093,0.182390716087176,0.000919546493737092,0.0145577212234833,0,0.00346656909767996,0.00815804329685401,0.000774701746545303,0.00141172380933849,0.0244565419533543,0.0852422142799664,0.0163228694784919,0.0519551897414659,0.13326875706198,0.00128126755305816,0.00379468679012715,0.0329700284359201,0.120333942271156,0.0202216545070865,0.141449874083666,0.000385512316212327,0.0302434104217671,0.00150838423984132,0.0194671265238354,0.193929091475738,0.0550038485900677,0.00976824665447301,0.0109835323226799,0.00642707584406635,0.251381931635236,0.0160606778261294,0.000533233302380901,0.00819380861448706,0.000525776582124532,0.00250911354211299,0.00208592044764243,0.0182833655373435,0.00101040167992406,0,0,0.00024692417232222,0.000182883307228267,0.00753021737419482,0.000410241244575771,0.00257617921583779,0.0116482124950845,0.00130995438580127,0.0085048722781127,0.010196607407568,0.000952654413431093,0.0106694625868065,0.000350575480936432,0.0019569230932206,0.00596448005019876,0.000611212386265683,0,6.81182806666195e-05,0,0.00423471299917056,0.00050500574661448,0.000324214707218671,0.00114541775866888,0.0194197328565433,0,0.000184793419387749,0.00190853735046672,0.0198463032767234,0.00274185324633786,0.00253891884080209,0,0.000231585181159928,0.00015868252623707,0.000954975708259345,0.0750940623588091
8.98450633183303e-05,0.0266526629749227,0.0111978228924886,0,0.00365033596557216,0,0.00036050750418934,0.000572435610224381,0.0622032713270562,5.68613478132427e-05,0.000658898145958203,5.71529250521421e-05,0.000995129934094942,0.00159859148475244,0.00346656909767996,0,0.0151319069170103,0.000230127776620522,0.0028959037939895,0,1.02139990709752,0.972857648348069,1.12724766865229,0.349045625115747,0.00303116293055232,0.00966449066964256,0.365243296158228,0.202449154979513,0.00105653061099562,0.00359596679124855,4.86799670016289e-05,0.000330522154450598,0.000209041586863294,0.0287953104619032,0.0329555872163411,0.294242529278669,0.135445011854936,0.0982686046643083,0.0752016074404745,0.00248178507724596,0.00406243659983801,0.000783278947322434,0.0178733233922291,0.0019840854499058,0.00722760260471255,0.00721812114466753,0.00949248598032351,0.000553688766890555,0,6.25902372322619e-05,0.00260145254429158,0.0119380772365317,0,0,0,0.00987957653367855,0.000564383809291327,0.010360590093651,0.000106027581229878,0.00904629535885698,0.000114482910704058,0.000242455171160531,0.00120907552786833,0.000652833802615642,1.01069477982968,0.00297945984908928,0,0.000397884814610383,8.64063642794433e-05,0.232145831668986,0.153863777716608,0.626335390630185,0.134206622006637,0.000240040320066226,0.0047823637399339,0.134714938958188,0.190583531118412,0.00693084841333953,0.0326451055763509,8.52871193086979e-05,0.000154834713552153,0.000618956057777926,0.00457320065243266,0.0161321253067853
0.0300468824603377,0.0163111135195519,1.03148202561557,0.00052605635043709,0.00244736735935643,0.00357108537507159,0.0235716271998994,0.044628413863475,0.00300932660068553,0.0150008950611116,0.0988224289500941,0.00868804012832137,7.40323329617057e-05,0.132811629525586,0.00815804329685401,0.0151319069170103,0,0.0631716687941996,0.642623523084874,0.00473550298630531,0.137812187708478,0.0284027819932522,1.26474982687345,0.015699008934243,0.000201735714698982,0.602858125408976,1.53473885941429,0.0265291900996875,0.21008786738905,0.172562522621224,0.000406986983836162,0.00543525956506621,0.03632401044037,0.813155963051503,0.0519011395358968,0.489152166461338,0.340350169632966,0.437156373962157,0.295834617226026,0.00544364644297534,0.00431451165243432,0.000643744893563935,0.026606065839502,0.00990388862306707,0.0113031553846917,0.0131310482913664,0.00505782512408058,0.000141581810378087,0,0,0.0101337187891952,0.142477678106526,4.76486596855939e-05,0,0,0.00135402681297795,6.85474395410478e-05,0.000314228439131749,3.65166304680884e-05,0.000304809420433858,2.80223204379737e-05,0,0.000140035890197861,8.31227037319067e-05,0.00658496263630412,0.0468812489322588,0.000265844137154835,0.00921760980711245,0,0.00127133365344455,0.00270005004497993,0.0431341136519854,0.00177895288152458,0.000222347023948726,0.139812429148617,0.412176380216646,0.00236084657058058,0.000197277150793702,0.0032332616875408,0,3.6309455954361e-05,0,0.00440536873487644,0.0350075751298321
0.000366783317152548,0.00034665098038441,0.00152274482407564,0.000498944967519593,4.80827146887302e-05,0.00192915535262808,0.0114053680649384,0.00412396307248356,0.000535299565026748,0.0179913171895053,1.05405185401273,0.00942307482221411,0.00875340735007519,0.0213831615331471,0.000774701746545303,0.000230127776620522,0.0631716687941996,0,0.38776012690231,0.00363933976518448,0.0024922506089017,0.000218816477472281,0.00857626314963631,0.00127387064808164,0,0.753932981002454,0.044655865902191,0.00357852150980819,0.0314429310204358,0.00545241548278693,0.0246615383180525,0.0139701915416163,0,0.172530822587738,0.00776295834328785,0.10035603151966,0.299181213434978,0.242141918881301,0.121674320712812,0.00286827308008207,0.00102520008863615,0.00312916759968384,0.000685483597116869,0.00076085341925353,0.000159231388966539,0.000702551024326605,0.000228026864126256,0,0,0,0.000261353030118621,0.000741757130962845,4.8268859722352e-05,5.75717346245706e-05,0,0,0,0.000225565135426676,0,0.000226282236091143,0,0.000789536714972946,0,0,0,0.000334389951633489,3.16208368243754e-05,0.000619392730471775,0,0,4.58805164112747e-05,0.00012215473812409,9.25177087822793e-05,4.86709453923583e-05,0.00751639584577352,0.00880043153555863,0,0,0,0.000815185870517674,0,0,0,0.00451732202340753
0.00152143172968397,0.00140477259447678,0.0284906569280925,0.000904193494788268,0.00016918945928911,0.00178186173902178,0.0186057175523934,0.00328128001960293,0.00115004959275778,0.0266555791933662,0.341322630080688,0.0139116226699632,3.99156495040834e-05,0.0249755370077058,0.00141172380933849,0.0028959037939895,0.642623523084874,0.38776012690231,0,0.00670303540197954,0.0245317397366692,0.0028562526171076,0.0995537054798796,0.00367617820617212,0,1.60377834584293,0.310037450069731,0.00787284568015472,0.0353576162479515,0.0142686991920658,0.000887757902726964,0.00838373328356274,0.00133130946474845,0.48130627502308,0.0241173680148829,0.322679899321899,0.316226632600618,0.307622249582823,0.193244799918429,0.00498673337083921,0.00118058853591665,0.000274437739334893,0.00723861967751888,0.0024193732639068,0.00264808510020879,0.00513494870894586,0.000614356582534531,0,0,0,0.00342626969052915,0.0107923692534465,4.62794399109006e-05,0,0,0.00010746791842584,0,0.00062943814789803,0,0.000174837891366399,0.0001499309830702,0.000254873613171816,0,9.2335107054806e-05,0.00157400543832468,0.010584482338333,0.000192687314934584,0.00434095037679318,0,0.000272897379129741,0.000417037986367321,0.00583875836922656,0.000367831030059814,0.00019879271832658,0.0695686316394573,0.08361332733708,8.52136606248559e-05,0.000117490834182734,0.000760655794075523,4.35032176608503e-05,0,0,0.000733599973214006,0.014995513304705
0.00135802726634953,0.000326341817561585,0.000441114085702819,1.20244183623672,0.00952621137765595,0.053757263855767,0.0211701128858609,0.102285004084182,0.0581180268089841,0.983896644957033,0.0221445774627224,0.664519963865124,0.00282307329518759,0.0560666341395137,0.0244565419533543,0,0.00473550298630531,0.00363933976518448,0.00670303540197954,0,0.000368104275087118,0.00032018337975576,0.000968047006522562,0.0436848794970501,0.000671940017189508,0.00783353489939647,0.00411067821672959,0.126021398089993,0.0623993177108782,0.00605506623620568,0.00146328756892521,0.0196759188751306,0.000333324138965562,0.038794414261207,0.00774917668543732,0.147047665436808,0.0110591511416513,0.0283474321356568,0.00854558946241867,0.0455825838193091,0.00914668061874679,0.00366791267393364,0.0117437589725401,0.000952783145177868,0.00519647724014339,0.000746625614762896,0.038353480502982,0.00237195089625374,0.000296516084131711,0,0,0,0.0951529188984635,0.00125460369892144,0.0132017395714353,0.0361211654614314,0.00596245593446753,0.0403237456139451,0.1274535135592,0.00453972945380992,0.0552691145128506,0.0003431187104204,0.0083142063460402,0.0163819791252573,0.000146948853268728,0,0,0,0.0366813410397215,0.000430096005609092,0.000396717200997734,0.000324409482255033,0.127587084077933,0,0.000315125008671445,0.000180116751586479,0.150280498396869,0.00486150863227182,0.00118584845033843,0,0.000370242220575428,0.000106982456165421,0.00156696915898559,0.00188215226573177
0.0195342545635179,0.00392124043184396,0.364331489989548,0.000250315440899554,0.0756613716615459,0.00196343166495948,0.0316453540967386,0.0345855056780527,0.0476149091039826,0.00223301216399947,0.00560172213196319,0.00163380695540436,0.0004039110255288,0.0729560081106855,0.0852422142799664,1.02139990709752,0.137812187708478,0.0024922506089017,0.0245317397366692,0.000368104275087118,0,0.174519864061209,4.30248805688404,0.0866314781899099,0.00399026941967427,0.0565050477359,0.18846203231489,0.933579528010011,0.127526779013491,2.62863985390617,0.000453174211926958,0.00350533066389114,0.0443152692215934,1.12808554232464,0.376450314485122,2.41417147085092,0.632914151410618,1.22956995000504,0.708374750460327,0.0252832337095829,0.0300406930688627,0.00348621916577034,0.0234097375732387,0.0021757176616687,0.00826428192468572,0.00846452409814853,0.0238575137550994,0.00326805491002176,0.000549193844308359,0.000432104882192069,0.000578724034174365,0.0106492855294103,0.000285388632731724,0.000142039751285434,0.000280334449952549,0.00824737744767574,0.000574410817022342,0.00776285156873081,0.000204837269833204,0.0223708990961059,0.000174782410982367,0,0.00167216745160953,0.00142715040518523,0.247782741436398,0.00220508032351743,3.90224703973979e-05,0.000834833130349465,0.000141613785993674,0.321808207864489,0.076131654926153,0.131188902000569,0.152351818245263,0,0.00701726322124213,0.0513934200837689,0.391599610311079,0.0142567272757362,0.0900539111311621,0,0.00026186460227328,0.00172042602485446,0.00534955052218021,0.108007791909072
0.00028595250425266,0.472242962245377,0.0184801673783284,0.000179262454610556,0.00334266199990946,0.000273613217020207,0.000726785671953159,0.000794188097976091,0.808871832403336,0.000390505998923761,0.0125439160147385,0.00383466626102494,0.0527120124782555,0.00146022957635275,0.0163228694784919,0.972857648348069,0.0284027819932522,0.000218816477472281,0.0028562526171076,0.00032018337975576,0.174519864061209,0,0.200203256956555,1.09667401781918,0.100696111648209,0.0139831045805815,1.66707173153821,0.0611686358141309,0.00186063345127761,0.00286637815471702,0.00187504156649282,0.00024246946375182,0.000110119406666377,0.0201869174372125,0.00499992050505767,0.0726528630284776,0.0149409888133678,0.03598697583581,0.0235868464264763,0.0154480333724763,0.000759217544749673,0.00466200771971165,0.0139888744693196,0.00271766422610749,0.0056769443247203,0.00643894709657607,0.00150911419650841,0.000223678312337923,0.0006630253772322,3.82005217962205e-05,0.00404950297535304,0.0205764170324826,2.77986481903017e-05,0,0,0.00366460348566628,0.000558093473380047,0.0068846416803117,0.000296974967407715,0.00403630554209224,0.00142969548743954,0.00891015512016532,0.000158686681035769,0.000151026300253683,0.428052525565269,0.00494804413037533,4.65510682524204e-05,0.000840048944012277,9.37377201863768e-05,0.0336963693077733,0.156885061335823,0.177717282206142,0.0845322194542104,0.00323970895505735,0.0105032404244362,0.350594239264099,0.0586780974555714,0.00118119875103396,0.00620158197055747,0.00395598432237284,0,0.000189922524663412,0.00198604259463784,0.00686205797880505
0.0795683423430232,0.0128594343366748,3.53217807700086,0.000110907702235758,0.0571500625403354,0.00741141930924767,0.107099141349792,0.149528214199672,0.0245506127275655,0.00465445633747667,0.0180451295077191,0.00131376407862695,9.70542987181575e-05,0.306184892809928,0.0519551897414659,1.12724766865229,1.26474982687345,0.00857626314963631,0.0995537054798796,0.000968047006522562,4.30248805688404,0.200203256956555,0,0.337425033979991,0.00268856148838157,0.635062200912837,3.21260115671966,0.988574492312775,0.279484759714391,1.37048525541643,0.000871941735865974,0.00583861586423834,0.0451636850694876,1.03821374890366,0.438558060533829,3.1435415449927,1.38766425331198,2.09407360768543,1.28422102420371,0.0395275205588942,0.0402958400320421,0.00245404403081624,0.0571517484964981,0.0093737611646449,0.0254789973377837,0.033234477586847,0.025271568410696,0.00161739720727992,0.000230831857938462,0.000110472543614217,0.00474768728111777,0.148294805961295,0.000205410833092234,0.000268431877296996,0.000313797146315852,0.0241717359306208,0.0010860075591267,0.00426243742849964,0.000454967700729829,0.0139663189655772,0.000206268528877777,0,0.00193257396874382,0.00131633299652582,1.26607730900423,0.0173337428327759,0.000112601683190972,0.0040574877089559,0.000168496535616061,0.239503706648724,0.109978566759807,1.35963331599845,0.0980725035330562,0.000180682143462181,0.022063699755464,0.80817655552267,0.139258451875562,0.0029383086684164,0.0241336145510385,0,0.000292384886532748,0.00045121146743094,0.0115083001200993,0.221642365551445
0.00201566190535476,0.176660990374611,0.0111408149163007,0.487175354064037,0.041274741144418,0.0220472936050937,0.29287380465588,0.0329060958531731,1.56175485277547,0.0701509112619846,0.00952809542180423,0.0683038026835694,0.0128923426668757,0.0282121437270293,0.13326875706198,0.349045625115747,0.015699008934243,0.00127387064808164,0.00367617820617212,0.0436848794970501,0.0866314781899099,1.09667401781918,0.337425033979991,0,0.0308770015234152,0.013819938383644,0.595394443705715,1.14581350201982,0.0643628906431817,0.0124042742210186,0.000936361667704884,0.00956605520610347,0.0240409966579973,0.074149086388226,0.0510671041457448,0.599367048814437,0.065470224352632,0.0750576472696112,0.0472378470849958,0.114501047899791,0.0116866717578073,0.00446550459493172,0.23091820333149,0.00455914739765287,0.0945137284485334,0.0267804973773155,0.0960637372511886,0.0249731473387961,0.00118198431582838,0.00440507974286889,0.00221651205319165,0.00958713777088264,0.0946295716128981,0.00173826303009791,0.0148518987862877,0.369635236775327,0.0342008724535827,0.308973038310296,0.0941220573207088,0.0290549040457632,0.0388358098839327,0.00216050624837511,0.0730815013698723,0.0194357955177267,0.150874317847132,0.00249077987089288,0.000238301216405591,0.00144373742123054,0.0235155800606995,0.0889480702132409,0.0625919542237656,0.122932059559169,1.18200119858065,0.00121070046251916,0.00641385674051476,0.0635503695462084,1.09248420622585,0.160100846486695,0.18658485741842,0.000457308977961901,0.00635794273287612,0.0176198471400542,0.0428458544931251,0.0262299525344539
2.75037538137317e-05,0.2531672008788,0.000526083633056769,0.00047994635678722,0.000936021920768574,0.000710730641861755,0.00288509917714966,0.00225935306002104,0.0427628679930764,0.00387209815972103,0.148491022021734,0.00226147023989247,0.561267071676624,0.00261001558650318,0.00128126755305816,0.00303116293055232,0.000201735714698982,0,0,0.000671940017189508,0.00399026941967427,0.100696111648209,0.00268856148838157,0.0308770015234152,0,0.00778415980148499,0.633391701416054,0.00502805012777917,0.00240206700069064,0.00154239434559221,0.0493077338377732,0.00550969265600519,0,0.167320456642947,0.000103978494823408,0.00531299929840582,0.00331957371443528,0.0256985294971321,0.000283403769796264,0.036480034580228,0.00198762853197953,0.077599697982594,0.00635190115297199,0.028087387467145,0.00541294683852547,0.00334578979058708,0.018566079889078,0.000369482826405662,0.0500129484252241,0,0.0329815496194155,0.000636431201833928,0.000151735849403983,0,0.000250820567252603,0.000803542520443818,0.000433364146391934,0.00147702751125659,0.000378280352974659,0.0700918109886461,0.000663672441058123,0.243544859950882,0.0013944909545465,0.000433067193463388,0.00101462068534028,0.00133510795595205,0.000105820913501072,0.00515143071371056,5.28972719659567e-05,0.00037193595651479,0.00140180052079594,0.00130742118158033,0.00363268138824152,0.185140286874191,0.0511485448805806,0.207880172583063,0.00131664603464025,0.00338923319296808,0.000404717156995618,0.0417702362364065,0.00194623443798517,0,0.00750599033881286,0.000384353575524115
0.00969706141197847,0.0180942968992021,2.28596742521334,0.000983069294803421,0.00195263271908481,0.00466550806222558,0.0317777210787651,0.0202770987481382,0.00516801099914952,0.0350967756025187,0.796808883068869,0.022353550574985,0.010525532946593,0.0682604896149619,0.00379468679012715,0.00966449066964256,0.602858125408976,0.753932981002454,1.60377834584293,0.00783353489939647,0.0565050477359,0.0139831045805815,0.635062200912837,0.013819938383644,0.00778415980148499,0,3.97661130846128,0.0224114300851186,0.0923362730370739,0.04458434662142,0.0140700803260973,0.0262008263505958,0.0064472935887529,0.327368552488146,0.0532475147363095,0.779020979902386,1.4186193447523,0.503187703939741,0.388074576358305,0.0104124253077646,0.00296398496417842,0.00592483075177172,0.097990513742829,0.0429940871687209,0.0411455252588931,0.0449884749288899,0.00285872590134106,0.000166172455564893,0.000346357700599471,0,0.0385501692869521,0.184516464261327,3.74053259941221e-05,4.74027684791565e-05,3.03970412865848e-05,0.00170730642705638,4.12789344503939e-05,0.0037050249861002,8.84490383907439e-05,0.013269747387648,0.000522356213203087,0.0648716956411771,0.000470383714823637,0.00013022283365829,0.00714606744872566,0.110121667488362,0.00147146902303217,0.0559429909175319,4.34186180853367e-05,0.0031333152887343,0.00519199172658869,0.0422076091311083,0.00362294371910031,0.0248729728134794,0.851597301038756,1.2650587809349,0.00235931826641177,0.00105077662734636,0.00894415320757465,0.0843016735255812,7.42930528624892e-05,9.34298294989587e-05,0.0120782431065913,0.037147721095026
