0,0,242.432070583105,1.35899156332016,0,90.6838128566742,4097.06704339385,1931.39285072684,2.19878089427948,39.9002273529768,15.5036709904671,9.10421895980835,2.95938783884048,14007.0398057103,0,0,422.475528866053,3.62149491906166,21.9398577511311,0,322.267577856779,0,390.871294587851,20.9346578717232,0,45.8230871558189,43.4032029211521,37.5960170328617,7682.93701037765,6489.66408649087,4.18468290567398,12.7284029722214,4.32246297597885,109.965131670237,31.0692412555218,83.1443256139755,21.1943053305149,74.7834959030151,51.4553529322147,8.28835195302963,15.0894949436188,6.88956105709076,1.30253946781158,0,0,1.08116328716278,0,0,1.03893351554871,0,0,1.89887011051178,0,0,0,0.67724621295929,1.39014944434166,0,0,0,0,0,0,0,0.299703180789948,0,0,0,0,0,0,2.68685626983643,2.96462693810463,0,1.10230228304863,11.3597620725632,0.631973445415497,0,0,0,0,0,0,1.75110810995102
0,0,8.51258915662766,3.93325254321098,1.8406571149826,2.24156141281128,1.89937520027161,2.41404524445534,1769.24974486232,7.78748896718025,66.4811127781868,18.8563232719898,815.142722457647,0.498995870351791,36.9912747442722,333.753384709358,4.17985859513283,5.26753067970276,0.720867395401001,1.84068048000336,37.6012567877769,4209.52737256885,58.4122819006443,4330.14247915149,2916.02139040828,129.633654087782,25229.7845576406,56.3712598383427,2.80849081277847,0.447666555643082,27.6547155082226,0,0,8.75557470321655,1.91956454515457,18.1779284775257,39.1575626730919,11.9164517819881,11.0876366496086,32.5819284021854,0,614.633707940578,59.9834367930889,52.0531265437603,34.501044690609,35.01489341259,0,0,103.000665813684,0,4971.97410869598,114.97979670763,6.00974190235138,0,0,1.3373399078846,0.460068821907043,10.0991994440556,0,61.6567133367062,0,129.838414281607,0,0,16.0113495290279,51.000086158514,6.16022601723671,28.9030910730362,0.43158346414566,3.15716427564621,90.6312639117241,22.1059966385365,79.4343204498291,1118.85597670078,389.535050541162,7044.99576237798,0.871674537658691,0,3.02570632100105,14.5896623730659,0,0,16.0012320876122,6.52513045072556
242.432070583105,8.51258915662766,0,27.3542881160975,0,171.618112027645,1717.30164635181,1359.45103134215,2.03136804699898,329.169692486525,235.605818033218,28.6166737526655,3.10110101103783,1687.1224271208,2.74138230085373,22.0228046178818,15740.973077774,158.204789280891,1329.33296716213,10.7869094014168,2083.73776942492,14.9476284384727,34473.5411201119,50.1762481629848,4.54716491699219,9760.78925874829,65668.4588225186,1656.91300714016,1015.09684620798,3047.54436075687,2.99893230199814,57.4653377532959,146.352678239346,1791.96382969618,674.967344015837,5817.1190598011,4509.17216444016,3540.52987423539,3679.93384209275,41.5564914047718,100.098610788584,42.5597884654999,159.563400745392,25.3353917896748,86.8392271697521,94.9525606930256,5.91945961117744,2.84146225452423,0,0.587504506111145,472.845099389553,1645.75064569712,2.72154256701469,2.04704678058624,1.20467758178711,11.584203094244,1.53774175047874,1.63203755021095,0,1.32746374607086,0,1.59504663944244,2.43356031179428,0.62217515707016,87.0986712872982,278.587523847818,6.87704890966415,68.8483757972717,0,14.5565883517265,19.2054964601994,541.572166740894,18.313993871212,2.72623354196548,1226.70025229454,5139.90917694569,20.0722138881683,0.384638130664825,12.9860537648201,0.418143481016159,0,0,73.6505980193615,488.538053780794
1.35899156332016,3.93325254321098,27.3542881160975,0,1.69759511947632,40.1777435839176,164.246772885323,92.5584409236908,1650.52924782038,5463.04648703337,3.42237791419029,13633.1082701981,2.48905405402184,64.0366088747978,105.170945763588,0.54482764005661,6.79737702012062,0.63720291852951,1.93801984190941,25689.135950774,35.3195235431194,7.06682714819908,17.995228946209,5549.32589924335,2.63454854488373,10.4949563592672,20.0149476528168,11974.4780268371,67.8686465024948,27.9617205262184,0,17.722834199667,1.12962201237679,76.661035835743,48.3453050851822,672.98209220171,17.5589700639248,48.8850879669189,23.0409509241581,284.236277401447,92.3883186578751,40.2150468826294,160.530915796757,2.81516629457474,23.8647613823414,3.70003300905228,449.086511969566,13.0097463726997,2.49128556251526,0,0,0.295298397541046,1285.61107477546,13.6819333434105,177.083509355783,173.558018118143,64.0961913764477,175.816944658756,183.67943534255,0.626083254814148,560.8400388062,0,22.2422195374966,124.005477666855,0,0,0,0,296.710809707642,0,0.380028963088989,1.41195639967918,1548.35894796252,0,0,2.61226713657379,823.081257194281,19.6676560342312,4.11142355203629,0,2.18903118371964,0,37.0860158205032,6.31948894262314
0,1.8406571149826,0,1.69759511947632,0,2611.02832582593,22.8328731358051,179.827906012535,264.906564593315,66.9821267724037,9.0830856859684,194.677742481232,4.93072003126144,30.9297214150429,4302.76722294092,0.797661900520325,5.28837743401527,3.941301882267,5.30090320110321,18.6918934583664,0.849372178316116,3.14302217960358,0.686858713626862,75.8191368877888,1.46820819377899,1.36384552717209,2.17992901802063,14.2006849646568,14.6205254793167,1.90645381808281,3.32981479167938,302.402888417244,0,1228.2456728816,126.911902010441,399.517617821693,5.72608894109726,15.1578994393349,16.2046955227852,21355.1709195375,6859.54156577587,40.5416566133499,17.6456237435341,0,2.24447083473206,0,29.263864338398,0,1.95532298088074,0,0,0,23.8382031917572,2.75937902927399,16.9717797040939,6.15277433395386,5.8067834675312,4.11259961128235,11.2626612186432,0,38.1618926227093,0,2.08005720376968,10.7658151090145,0,0,0,0,11.695992320776,0,0,0,42.0035385489464,0,0,0,18.6330673396587,0,0,0,0,0,4.39873975515366,22.9015731215477
90.6838128566742,2.24156141281128,171.618112027645,40.1777435839176,2611.02832582593,0,3655.56146432459,18786.5201157629,521.72581449151,14603.005369857,272.996495395899,7075.3327357769,101.934437900782,2791.07995758951,3909.44235146046,0,339.61179664731,84.0027396082878,177.485149979591,114.9177993536,352.684942081571,0.448016822338104,262.161666661501,200.688267081976,3.01049134135246,130.615246862173,138.380121096969,431.251319929957,635.071326196194,1035.22277718782,38.0146809518337,2658.74848942459,14.0909341871738,1314.34949451685,5355.85311773419,3173.75902670622,148.795405328274,359.67474848032,283.665380865335,4587.54149007797,2843.61760100722,590.757822155952,156.961252093315,3.92948496341705,14.3154356479645,7.09279549121857,171.310483723879,4.78039667010307,14.8812295198441,0.709231853485107,1.36727857589722,1.21649304032326,159.112617522478,9.74745079874992,72.1597757339478,79.6054147481918,20.5653499364853,36.6377373635769,50.5574679672718,3.74661985039711,130.086700171232,4.74978667497635,4.79185828566551,41.6790772974491,0,0,1.07280886173248,0,67.4449662566185,0.597960352897644,0,0.80466365814209,292.773384571075,3.49758625030518,0,5.61546769738197,174.132474154234,9.14785572886467,7.33826604485512,0,2.78355252742767,0.359230697154999,15.6911651790142,278.362278997898
4097.06704339385,1.89937520027161,1717.30164635181,164.246772885323,22.8328731358051,3655.56146432459,0,11615.0824569464,397.195694625378,27173.2778543085,285.55574002862,379.781622588634,89.0424399077892,17871.648961544,83.9924073219299,5.66346502304077,557.82939375937,88.8749935925007,197.964915931225,117.679829627275,5535.08849933743,3.92901688814163,2397.21594449878,4712.24687674642,4.28934732079506,416.105198696256,456.495650112629,57010.8970148414,4603.91658404469,22945.0595407784,37.0405529737473,444.117399901152,238.702350735664,2157.2152762115,1405.17396470904,6168.64316353202,445.073709726334,1723.44347584248,971.435569405556,1042.87998387218,1361.05094748735,480.858378350735,1368.41150905192,13.5337598919868,269.023124575615,81.9081666469574,369.680348187685,72.6878537535667,19.6602910459042,4.21982049942017,1.81908077001572,23.2148558497429,575.444784551859,6.04293569922447,105.145417183638,2008.13073214889,213.537952065468,325.783119291067,110.909943848848,39.7005605697632,133.818136364222,5.51325422525406,207.854227513075,51.6432549059391,32.6211234629154,6.18592992424965,0,0,115.046800792217,5.53505831956863,8.95479184389114,84.3548001199961,5618.86798971891,1.6675910949707,4.57347908616066,243.336099237204,2808.97725829482,297.882103472948,47.755692332983,0,9.48088425397873,10.0292373895645,321.937534838915,284.479971200228
1931.39285072684,2.41404524445534,1359.45103134215,92.5584409236908,179.827906012535,18786.5201157629,11615.0824569464,0,104.91223141551,15344.4616691917,284.042063444853,4690.23648750782,81.602523714304,31229.0676348656,500.815157532692,2.2924907207489,2015.62766209245,94.4224860966206,265.669588804245,244.57025846839,1748.77875562012,3.46565330028534,1579.70403519273,592.196282088757,1.66068404912949,314.457714915276,361.696900740266,1068.7380964607,3044.26984576881,10704.97354725,37.0317834317684,258.763520672917,55.0161752998829,983.009673655033,371.709369987249,2075.4659627378,198.644546091557,628.292809426785,436.504280120134,1365.80984966457,523.376208394766,378.009305804968,157.098729014397,2.42899060249329,25.3962145745754,11.2346831560135,21.6835596263409,3.63120996952057,12.3530533611774,0.445807933807373,0.401467323303223,6.34627121686935,27.3014853000641,2.14341139793396,5.38239371776581,263.366021007299,2.42262104153633,76.3951392769814,5.49549767374992,4.338738322258,10.0887106359005,9.4091864824295,2.32671138644218,4.96403428912163,3.24742129445076,1.06270164251328,0,0,2.52667215466499,1.74547836184502,4.70402035117149,10.9449943304062,831.342576742172,2.28713166713715,2.01350110769272,45.2620270252228,272.975748509169,22.016236692667,13.8924820125103,1.86859768629074,0,2.55289116501808,49.71102014184,43.859461247921
2.19878089427948,1769.24974486232,2.03136804699898,1650.52924782038,264.906564593315,521.72581449151,397.195694625378,104.91223141551,0,1875.21550726891,18.2152607142925,6506.09051433206,426.606278449297,94.6682114899158,2445.30883210897,486.988196462393,9.78455498814583,3.26763099431992,9.05357986688614,1165.05518752337,93.8624397218227,10052.2952972054,100.876462459564,37911.0457074344,1186.53702622652,20.3860341310501,3425.16135492921,3295.78158596158,131.199051320553,12.4977481067181,18.7469910681248,31.870956838131,19.2438569664955,82.2081402540207,73.8342189490795,588.912747979164,23.7745437920094,44.7465931177139,42.5289072990417,3696.11162719131,61.3124339580536,230.876598984003,651.457925438881,26.9154015779495,177.705756306648,38.9166082441807,1176.39578345418,33.3536106944084,60.9842608869076,10.5455966591835,19.5291947722435,12.6244173049927,3354.90545848012,95.405019313097,550.735645443201,718.285098105669,211.675533384085,5186.42961221933,526.561080396175,65.9076569974422,1481.42330187559,12.6911400556564,188.431617021561,519.459434956312,804.485295087099,3.53065395355225,31.1157167255878,25.9687590003014,849.477746278048,98.6395920217037,763.293132930994,260.556478172541,9816.28682002425,12.021581441164,46.0418986678123,147.318570792675,2667.96523523331,301.736547678709,174.209483295679,3.16495805978775,25.9916291534901,14.3099929094315,209.049330532551,164.47297039628
39.9002273529768,7.78748896718025,329.169692486525,5463.04648703337,66.9821267724037,14603.005369857,27173.2778543085,15344.4616691917,1875.21550726891,0,427.924862101674,3501.97962763906,141.441686987877,7614.78835488856,389.739102602005,0.915770202875137,262.508890226483,130.626386523247,233.984477445483,9754.08178594708,1071.49732939899,8.51430836319923,461.329800903797,2126.61323575675,5.31827357411385,206.643348231912,191.875558257103,8531.79436680675,1823.51822902262,1018.90034407377,50.5981465578079,967.789160206914,30.8494888395071,2794.0150693506,982.790380388498,8564.04641255736,425.584565415978,1301.40822061896,528.957573473454,2968.70158442855,1686.08129507303,906.255854159594,620.541542649269,8.71038413047791,34.5354637801647,21.5720240175724,988.86052441597,24.8677664101124,19.1828910708427,0,0,3.05772507190704,2019.00761055946,53.6676532924175,514.362531870604,520.430116027594,115.455993235111,316.505956619978,382.294334053993,2.67552405595779,952.847727894783,1.2492339015007,26.3665722608566,325.068950951099,4.90009452402592,0.279714703559875,1.04274594783783,0,534.015950292349,0.786337316036224,4.25430873036385,8.30536493659019,3625.81355157495,4.32072782516479,0,18.3504903018475,1996.87588778138,33.3513710200787,14.2821177244186,0,1.29202389717102,3.03197214007378,91.5437313169241,72.860325217247
15.5036709904671,66.4811127781868,235.605818033218,3.42237791419029,9.0830856859684,272.996495395899,285.55574002862,284.042063444853,18.2152607142925,427.924862101674,0,267.594808518887,20951.869099617,341.066944330931,37.4665257036686,3.57766491174698,3672.54110553861,18581.3733969927,7606.09982827306,17.7145497500896,199.576246440411,11.0933718383312,810.624605506659,72.8016227483749,1932.54547643661,8588.32981926203,2972.53075781465,98.3418256342411,903.297850906849,251.536952078342,4916.14139726758,511.669470667839,14.4870562553406,7951.9003033042,117.456158161163,1509.32164990902,8759.32113990188,5502.89642432332,1428.69039946795,158.288004368544,36.6585675179958,5561.67681953311,22.3238071501255,940.587023288012,9.98213142156601,16.9971252679825,36.6776738017797,0,974.270451486111,0,191.054713279009,9.02706116437912,0,0,0.306932330131531,3.12102288007736,0,263.49263356626,0,3655.30407747626,0,5565.60733434558,0.820615351200104,4.93775382637978,23.8680573701859,3.19001370668411,178.337406158447,19.5648192167282,0,0.538311541080475,146.507436737418,7.14591106772423,158.849167451262,1177.02547895908,1410.26585817337,3113.23179730773,5.48734088242054,6.06605046987534,0,1450.11934605241,2.86320924758911,0,26.6130598783493,73.8912665843964
9.10421895980835,18.8563232719898,28.6166737526655,13633.1082701981,194.677742481232,7075.3327357769,379.781622588634,4690.23648750782,6506.09051433206,3501.97962763906,267.594808518887,0,103.460403978825,1827.42957726121,2962.91468557715,1.05984961986542,174.444226026535,69.6736313700676,197.348969191313,11620.3859143853,26.3081085681915,32.0427114367485,63.60163885355,2766.53366614878,17.9610558450222,93.1304988563061,129.644427970052,5077.80710610747,459.862159609795,70.8983797729015,44.018566519022,745.088430374861,4.49397927522659,1054.94551637769,8016.61269372702,4796.18134954572,152.628229558468,305.545259863138,194.506922185421,3199.94522324204,421.574042826891,649.480337709188,518.232004910707,12.9639277160168,47.5998533070087,21.5936479568481,1828.52467620373,19.2956337928772,56.5771503448486,0,1.4949392080307,0,2069.39092379808,91.2124682068825,830.206789016724,226.219564318657,198.275596022606,278.123792052269,573.107033699751,18.7071605324745,1788.81689637899,3.78793987631798,60.6797343492508,542.867811530828,3.21585899591446,0,0,0.673918783664703,866.748149216175,0.637310802936554,1.67524039745331,3.11455488204956,2214.59863218665,1.13418179750443,0.685821771621704,3.16064915060997,1398.19210922718,45.7572350203991,8.23845762014389,0,12.8365548849106,2.04529112577438,85.3039682805538,862.05737131834
2.95938783884048,815.142722457647,3.10110101103783,2.48905405402184,4.93072003126144,101.934437900782,89.0424399077892,81.602523714304,426.606278449297,141.441686987877,20951.869099617,103.460403978825,0,100.721569657326,14.8173648118973,19.8527881503105,17.750096321106,255.278519809246,38.3322116732597,5.11600908637047,14.5686761140823,623.946623593569,26.5706600248814,679.447674959898,10270.3208664954,208.816543698311,5713.4352633059,44.449732452631,207.639236301184,57.7813119590282,1159.0322278142,179.475164562464,3.49756264686584,4916.06582829356,10.2430025935173,63.1563097834587,2495.53032037616,1354.63108018041,21.2336527705193,71.7457881271839,12.890368282795,4418.85689094663,22.7044147104025,590.050794452429,19.4736724197865,6.16770225763321,17.5247820466757,0,614.82173153758,0,187.200015574694,0,2.70117563009262,0,1.15451073646545,0,0,182.773916706443,1.72773480415344,3061.68752929568,1.0061382651329,6881.73954218626,1.58739972114563,2.34608690440655,25.9365803003311,1.14677882194519,217.955288857222,33.5071368217468,0,0.520141303539276,102.677568852901,2.59318190813065,115.354844659567,2001.98405179381,2301.50430369377,5579.43013468385,0.586848020553589,3.42640721797943,0,2795.66075441241,0,0,22.5763516128063,2.85579168796539
14007.0398057103,0.498995870351791,1687.1224271208,64.0366088747978,30.9297214150429,2791.07995758951,17871.648961544,31229.0676348656,94.6682114899158,7614.78835488856,341.066944330931,1827.42957726121,100.721569657326,0,124.986503273249,2.16673249006271,3228.7096170783,103.360652327538,329.617701172829,143.375247299671,2009.7432397902,2.37856611609459,2074.49394370615,962.740961864591,2.80302286148071,402.102905243635,425.717969417572,1136.29002588987,24338.8922284991,22897.6358515769,32.6540362238884,245.339236170053,136.012391388416,1587.99082252383,315.335466295481,1723.92859248817,231.257286280394,882.303733214736,514.087573558092,639.139945164323,376.09213757515,272.345521003008,139.763842195272,7.33772900700569,40.1884978413582,6.99558740854263,14.2536029517651,10.7385495901108,4.99316737055779,1.15989258885384,3.80227547883987,12.2307774424553,25.7576515972614,0,4.32801082730293,220.201297312975,6.01170638203621,77.234368532896,6.32947501540184,11.1828978955746,2.2988113462925,6.42242422699928,4.99140393733978,3.46250608563423,2.53372058272362,2.16784763336182,0,0,8.90600576996803,0.40438711643219,2.36773777008057,18.2744658887386,711.368763640523,0.777251124382019,2.65058207511902,80.3848930001259,213.62442907691,17.6776637732983,32.7026040554047,5.44485658407211,0,3.78530725836754,34.4657096862793,40.1619360744953
0,36.9912747442722,2.74138230085373,105.170945763588,4302.76722294092,3909.44235146046,83.9924073219299,500.815157532692,2445.30883210897,389.739102602005,37.4665257036686,2962.91468557715,14.8173648118973,124.986503273249,0,3.69258773326874,24.1591074466705,8.41992098093033,22.0473917424679,152.301734924316,5.39677858352661,48.5302028954029,6.60834875702858,1509.46724388003,11.3141240179539,16.8592745363712,84.8631782531738,190.759777277708,47.8590960502625,14.6464495360851,4.07221052050591,428.682044833899,0.528251945972443,105.028627514839,518.551489055157,647.281403750181,18.866659283638,28.5812893509865,28.9904064536095,3947.42795494199,82.1472550332546,98.6160906255245,52.66475045681,1.71053242683411,6.9262016415596,0,182.92907050252,0.637795805931091,4.14560532569885,1.39494431018829,0,0,165.877603113651,11.301315009594,72.3645677268505,16.1143191754818,18.0947074890137,46.5422547757626,39.422490209341,2.34364056587219,146.003115683794,0.378640204668045,7.76677966117859,46.190422385931,1.18342760205269,0,0,0,65.4934571385384,0,1.20044851303101,0.973422765731812,226.747736394405,0.499424189329147,0.68675971031189,2.45556795597076,104.871244758368,6.55956020951271,1.54841870069504,0,1.76597839593887,1.72999054193497,18.8370897471905,19.775875389576
0,333.753384709358,22.0228046178818,0.54482764005661,0.797661900520325,0,5.66346502304077,2.2924907207489,486.988196462393,0.915770202875137,3.57766491174698,1.05984961986542,19.8527881503105,2.16673249006271,3.69258773326874,0,33.6401690840721,2.24312251806259,7.67971485853195,0,17931.3610353172,11698.9256329536,19756.063490361,3544.51977780461,107.836431473494,45.7502197027206,5992.49907425046,3088.92656260729,1.59757703542709,8.2370063662529,0,0,1.41481721401215,149.775515109301,443.038019239902,3678.05763474107,2082.84818458557,656.796310096979,711.895581126213,5.82926392555237,11.5802342891693,97.767490118742,232.502003639936,28.4842204451561,74.9087195694447,48.4382364749908,109.266173899174,18.6062920689583,25.4885015487671,0.578810095787048,15.4848378300667,72.9909030497074,7.6809955239296,9.57744565606117,6.80520889163017,77.5764008462429,27.813645362854,296.16962608695,0.413619458675385,6.65454530715942,11.0387533307076,1.86580860614777,21.3504667878151,23.6103908717632,12853.0117781162,39.8264096975327,1.3329873085022,16.6866945028305,2.99210405349731,1228.58232977986,2424.14637044072,8152.83104249835,2858.0796585083,4.06170424818993,33.4448859095573,4162.04763039947,827.205164015293,9.35227394104004,535.717677891254,0.527581334114075,3.58266472816467,0.901812255382538,86.9140006303787,243.02970123291
422.475528866053,4.17985859513283,15740.973077774,6.79737702012062,5.28837743401527,339.61179664731,557.82939375937,2015.62766209245,9.78455498814583,262.508890226483,3672.54110553861,174.444226026535,17.750096321106,3228.7096170783,24.1591074466705,33.6401690840721,0,3006.42072325945,10745.2303700745,12.1444066464901,1532.22086511552,6.45803543925285,22211.6505980194,64.0551439225674,5.26677051186562,14132.6750379503,10883.0453690886,248.03715839982,4192.63955321908,10761.0508098453,84.4335145950317,418.035107433796,708.590781867504,17968.2137782276,721.132959842682,5936.47997166216,5787.44006097317,9829.04852840304,5013.44604280591,126.33194309473,192.098974347115,69.973894238472,75.9504114985466,14.590672314167,20.499604165554,55.698035389185,5.6711046397686,2.21212071180344,0,0,84.0238959491253,420.54080286622,1.43617802858353,1.33264195919037,0,3.66785940527916,0.595567643642426,0,0,18.1589289903641,0,32.8694441914558,0.517050862312317,0.519184172153473,25.1623269319534,90.3822060525417,34.8519711196423,43.5519115626812,0,2.56784802675247,2.15295857191086,93.3916260004044,11.7459308505058,4.68312177062035,758.291670799255,1398.78898793459,7.67479482293129,0,4.29193198680878,46.8836797177792,0,0,20.2158784270287,467.977467894554
3.62149491906166,5.26753067970276,158.204789280891,0.63720291852951,3.941301882267,84.0027396082878,88.8749935925007,94.4224860966206,3.26763099431992,130.626386523247,18581.3733969927,69.6736313700676,255.278519809246,103.360652327538,8.41992098093033,2.24312251806259,3006.42072325945,0,13806.9370709658,8.28593602776527,78.4225354492664,0,332.485301017761,17.3075728714466,9.52194204926491,7845.50206890702,935.186264783144,30.9045566022396,253.207352221012,87.2969847023487,931.162774801254,132.235804826021,8.21294265985489,1491.68154785037,55.6555399000645,937.656234145164,4730.70803120732,2057.81556019187,994.277021974325,43.3313781619072,14.7787961959839,125.708545446396,2.28002268075943,110.079597473145,2.60067099332809,4.03484463691711,0,0,28.4178931713104,0,18.7591525912285,6.52529188990593,0,0,0,0,0,8.56166136264801,0,237.036205738783,0,363.507202386856,0,0,0.348554193973541,2.0200067460537,170.096904456615,25.8659051060677,0,0,3.30342447757721,1.19383046030998,3.66457894444466,35.5376270115376,915.182031095028,933.270639389753,0,0,0,383.775952070951,0,0,2.00389140844345,35.7754419147968
21.9398577511311,0.720867395401001,1329.33296716213,1.93801984190941,5.30090320110321,177.485149979591,197.964915931225,265.669588804245,9.05357986688614,233.984477445483,7606.09982827306,197.348969191313,38.3322116732597,329.617701172829,22.0473917424679,7.67971485853195,10745.2303700745,13806.9370709658,0,13.1997780799866,317.231467634439,3.41942313313484,1308.9295861125,44.2746967077255,1.96455836296082,21443.752458781,2371.73215818405,96.1839484870434,905.056022286415,508.187640309334,153.343134284019,418.73575925827,43.2680767476559,6753.31433942914,239.63461664319,3315.30116027594,5319.95410180092,5650.65658453107,3026.14676779509,87.6452169120312,38.893184363842,28.1950896382332,11.9285922944546,13.0307571589947,2.11928734183311,27.0434658229351,2.92715150117874,0,4.41058140993118,0,13.7790431380272,32.8157696723938,1.08494818210602,0,0,0,0,4.21846479177475,0,32.2170735895634,0,48.9792647659779,0,0,0.724182665348053,9.48655167222023,52.4462304711342,20.1090993583202,0,0,1.02523356676102,4.26161450147629,5.44188976287842,13.6325563788414,422.654644221067,531.998665124178,0.332474172115326,0,1.30142676830292,81.8585905134678,0,0,4.41703853011131,177.603203475475
0,1.84068048000336,10.7869094014168,25689.135950774,18.6918934583664,114.9177993536,117.679829627275,244.57025846839,1165.05518752337,9754.08178594708,17.7145497500896,11620.3859143853,5.11600908637047,143.375247299671,152.301734924316,0,12.1444066464901,8.28593602776527,13.1997780799866,0,28.761043459177,3.0257788002491,18.4882556200027,965.777062803507,0.752611875534058,9.22950321435928,17.923588514328,4907.76349288225,95.2812920808792,34.2858348190784,2.22790536284447,29.7189845144749,2.22984254360199,111.966732263565,38.3492330610752,695.394617915154,30.059381633997,39.5236874520779,25.1525810658932,451.965757399797,77.2609376311302,93.6075724959373,126.721804559231,1.91428887844086,10.5774330496788,9.05268669128418,426.342538237572,14.2289207279682,9.78530767560005,0,0,0,1056.67859962583,23.263498544693,224.429481565952,148.238201469183,69.0290595889091,121.653754115105,199.673656642437,2.48282277584076,528.229038506746,0,20.5403013527393,128.131064713001,0,0,0,0,244.521773785353,0.536664962768555,0.695954263210297,1.23587104678154,1056.10664391518,0,0,0.566444575786591,642.844739377499,17.0906517207623,0.740474224090576,0,4.23386406898499,0,30.972380310297,6.2564614713192
322.267577856779,37.6012567877769,2083.73776942492,35.3195235431194,0.849372178316116,352.684942081571,5535.08849933743,1748.77875562012,93.8624397218227,1071.49732939899,199.576246440411,26.3081085681915,14.5686761140823,2009.7432397902,5.39677858352661,17931.3610353172,1532.22086511552,78.4225354492664,317.231467634439,28.761043459177,0,540.058230340481,36587.7940383852,2261.73963710666,14.3053371310234,315.490834653378,1552.53586965799,37981.0615128577,1075.48357002437,30185.4157934189,1.7517696917057,63.0483719408512,259.449245810509,14766.8291788399,3371.56321209669,14603.5577784777,1279.89632463455,14405.6878523529,8629.60286989808,141.569319963455,224.726352334023,112.250363469124,181.37270334363,20.5496508479118,52.4043370783329,69.6619608104229,75.8478969633579,8.2518345117569,22.9623130857944,1.23670986294746,6.68135839700699,69.2481328547001,5.25830906629562,5.29114860296249,8.12641492486,87.1198216974735,26.4672264158726,174.218412458897,0,4.95248565077782,5.07106414437294,0,17.0826171636581,11.5528827309608,1966.80046334863,23.8792454302311,1.40487766265869,8.69568613171577,0.343955993652344,543.935525000095,694.946113526821,1556.53248929977,1495.80754968524,1.20558834075928,29.1382972002029,600.728962630033,693.818667322397,11.3585297763348,419.010833233595,0,4.46057459712029,1.46702775359154,71.3149216175079,1085.67851397395
0,4209.52737256885,14.9476284384727,7.06682714819908,3.14302217960358,0.448016822338104,3.92901688814163,3.46565330028534,10052.2952972054,8.51430836319923,11.0933718383312,32.0427114367485,623.946623593569,2.37856611609459,48.5302028954029,11698.9256329536,6.45803543925285,0,3.41942313313484,3.0257788002491,540.058230340481,0,1432.22985976934,21079.4880236685,1883.827465415,66.6080521643162,20540.7888548672,603.245513767004,2.90206095576286,3.24087679386139,10.8727032840252,0.850090265274048,0,28.72550791502,24.4045485854149,229.841567993164,173.390740126371,98.5138655602932,76.1936115026474,39.3969561755657,9.30288913846016,279.243606507778,88.178105533123,21.7551403641701,24.757628262043,41.1602865159512,50.6970207691193,0,33.2245725989342,0,200.3589874506,151.204285383224,23.3433998823166,7.49110966920853,0,10.0825788080692,5.89087411761284,126.447386175394,0.46731972694397,30.1784326434135,2.84136581420898,31.5431779623032,6.59701800346375,5.94604936242104,3167.4076013267,22.5231046676636,0,8.14899891614914,0.665184676647186,180.171862930059,1102.63291859627,1099.29256466031,1091.51952320337,20.1098189949989,98.256285995245,4777.67038825154,167.875696480274,1.26499712467194,87.9918741881847,2.59037613868713,0,0,24.4981065988541,24.8730071187019
390.871294587851,58.4122819006443,34473.5411201119,17.995228946209,0.686858713626862,262.161666661501,2397.21594449878,1579.70403519273,100.876462459564,461.329800903797,810.624605506659,63.60163885355,26.5706600248814,2074.49394370615,6.60834875702858,19756.063490361,22211.6505980194,332.485301017761,1308.9295861125,18.4882556200027,36587.7940383852,1432.22985976934,0,1086.43009895086,35.7453184127808,2825.05309739709,48039.7065443397,15700.5883082747,1376.27634316683,16557.4927688837,28.8904084563255,111.306366831064,251.488266468048,22635.3044923544,9340.26412019134,47380.2756919861,21204.2156714499,34536.6617698073,30837.8734584451,249.345979958773,353.259317666292,296.898778021336,448.988573223352,87.859721571207,194.827391445637,442.507183223963,60.5198150873184,23.0632870197296,21.2833594083786,0.359918713569641,74.9596047103405,1317.46942061186,5.25739830732346,13.5094559788704,5.6969842761755,44.1129985749722,10.7332710623741,69.3030077815056,1.16850447654724,9.96206805109978,3.81137037277222,2.54863464832306,11.4781232178211,4.9095858335495,9135.77933323383,234.874200612307,4.8948872089386,42.9398160278797,0.398780018091202,642.315310567617,951.203258514404,10173.6195666492,1115.8065995276,2.95626494288445,323.501083135605,15195.06630373,388.66079261899,5.60453242063522,260.604744970798,1.84757709503174,2.13271945714951,0.496975660324097,178.330409288406,5310.01078113914
20.9346578717232,4330.14247915149,50.1762481629848,5549.32589924335,75.8191368877888,200.688267081976,4712.24687674642,592.196282088757,37911.0457074344,2126.61323575675,72.8016227483749,2766.53366614878,679.447674959898,962.740961864591,1509.46724388003,3544.51977780461,64.0551439225674,17.3075728714466,44.2746967077255,965.777062803507,2261.73963710666,21079.4880236685,1086.43009895086,0,2249.49246910214,65.8333050012589,6603.5247925818,29870.3158129454,1935.75952425599,520.560771942139,27.8685324192047,88.7811737954617,313.735429853201,609.182881116867,1188.81928309798,6263.10179460049,209.848387598991,659.760972559452,487.916619151831,2417.94654029608,541.786719232798,732.221850544214,4966.54642647505,90.7478659749031,1426.59664303064,361.159332513809,1320.51017656922,362.614858657122,175.142116904259,44.9441821873188,32.3439595997334,43.965763181448,2850.31941732764,53.9214596748352,375.751647472382,6029.46716892719,1171.98586624861,5377.86938458681,404.733842909336,148.91934171319,614.283140957355,29.1757990121841,1039.423476547,264.653524577618,1996.6232483089,29.7779168784618,7.07015210390091,14.5510476231575,497.757348656654,1170.17754638195,2983.30950400233,1388.06861135364,36548.6028269231,11.819949477911,37.2772281169891,319.298526883125,12699.8202267289,1849.57504145801,2721.52041396499,0.751532077789307,158.765217393637,125.200620979071,1608.88678997755,819.286389410496
0,2916.02139040828,4.54716491699219,2.63454854488373,1.46820819377899,3.01049134135246,4.28934732079506,1.66068404912949,1186.53702622652,5.31827357411385,1932.54547643661,17.9610558450222,10270.3208664954,2.80302286148071,11.3141240179539,107.836431473494,5.26677051186562,9.52194204926491,1.96455836296082,0.752611875534058,14.3053371310234,1883.827465415,35.7453184127808,2249.49246910214,0,110.459960639477,9435.1777074337,40.4848113954067,10.124549895525,1.44725090265274,396.918376177549,8.33128648996353,0,367.660271167755,1.8095977306366,13.3295192420483,80.6229706704617,71.383162856102,5.31181740760803,17.7410143315792,0,974.376078486443,17.486176520586,97.5876900553703,9.60217946767807,9.05909723043442,13.4016482681036,0,308.020942240953,0,1097.2431474328,9.47929272055626,1.96925529837608,1.18084573745728,0.431325882673264,0,1.59726452827454,118.702953457832,0,522.857645839453,0,1357.61261180043,1.42457258701324,3.05887284874916,20.4884862303734,3.050048828125,18.9746951460838,11.8249908387661,0.738098382949829,0.290898501873016,79.1274970769882,2.78017720580101,98.9232514202595,2014.04691559076,410.2118691504,3988.73854842782,0.353753000497818,3.89240205287933,0.494769781827927,197.946349531412,0.894607067108154,0,9.632248878479,0.805870115756989
45.8230871558189,129.633654087782,9760.78925874829,10.4949563592672,1.36384552717209,130.615246862173,416.105198696256,314.457714915276,20.3860341310501,206.643348231912,8588.32981926203,93.1304988563061,208.816543698311,402.102905243635,16.8592745363712,45.7502197027206,14132.6750379503,7845.50206890702,21443.752458781,9.22950321435928,315.490834653378,66.6080521643162,2825.05309739709,65.8333050012589,110.459960639477,0,45761.1752850711,412.460882499814,694.610501989722,516.371246546507,1002.51632925868,210.360396265984,47.1702935993671,2786.80846175551,501.802165836096,7287.40926778316,17150.2190898657,6116.62322807312,4068.28874260187,78.1796414256096,37.1461463570595,112.502812504768,186.359583944082,314.240431666374,124.1590102911,174.561604440212,4.30565494298935,0.854996919631958,30.4830341041088,0,1495.65029996634,669.529362857342,0.562216848134995,4.5170436501503,0,6.44175770878792,2.21115937829018,16.6517200469971,0,419.80651986599,1.54296922683716,801.610391139984,5.04435083270073,0,24.7998828887939,564.216614514589,720.221641093493,926.474394440651,0,11.6225358843803,118.431508749723,144.834641098976,43.9501302391291,560.625073462725,9515.59236821532,19711.2266203761,14.0166799128056,4.33139088749886,20.5667675733566,990.239940553904,0,0.950333178043365,112.008519291878,453.895769059658
43.4032029211521,25229.7845576406,65668.4588225186,20.0149476528168,2.17992901802063,138.380121096969,456.495650112629,361.696900740266,3425.16135492921,191.875558257103,2972.53075781465,129.644427970052,5713.4352633059,425.717969417572,84.8631782531738,5992.49907425046,10883.0453690886,935.186264783144,2371.73215818405,17.923588514328,1552.53586965799,20540.7888548672,48039.7065443397,6603.5247925818,9435.1777074337,45761.1752850711,0,1319.4578961134,703.054530262947,998.082728773355,540.758612364531,179.742327868938,49.6474683582783,7941.79706007242,3248.26790720224,27174.1244119108,20462.6110172272,19312.2135172188,17270.1199443042,177.392854005098,163.324467837811,283.752720981836,2419.30367642641,877.417120039463,1256.14940726757,1335.22854343057,52.7945032417774,13.6420474648476,119.01004242897,2.72173643112183,20663.4047591984,14566.1808837652,11.480056732893,13.4033777117729,2.72995579242706,103.149269372225,20.7991107404232,126.773763298988,0.85535991191864,589.422431498766,0.96064555644989,1732.22756895423,42.9694227874279,3.90652814507484,9338.2060905695,3270.81423592567,755.645709455013,2860.87046122551,0,319.149296581745,2810.68443754315,12672.9760212302,607.749049931765,4304.72144177556,26490.3549030721,152674.114260018,237.204017817974,16.3931938707829,216.669084608555,1267.17566648126,2.11687034368515,0,978.917863667011,2975.13892105222
37.5960170328617,56.3712598383427,1656.91300714016,11974.4780268371,14.2006849646568,431.251319929957,57010.8970148414,1068.7380964607,3295.78158596158,8531.79436680675,98.3418256342411,5077.80710610747,44.449732452631,1136.29002588987,190.759777277708,3088.92656260729,248.03715839982,30.9045566022396,96.1839484870434,4907.76349288225,37981.0615128577,603.245513767004,15700.5883082747,29870.3158129454,40.4848113954067,412.460882499814,1319.4578961134,0,1858.60768395662,14847.0103486776,15.7821215689182,153.06562410295,418.931053996086,2147.56789134443,3867.67416772246,19022.6076297909,1149.2560339272,3686.6975877583,3075.24472388625,1149.73453116417,846.533888578415,774.286134898663,2707.32882887125,55.549404501915,641.901383817196,230.325810432434,1122.25805899501,205.080574244261,107.766072064638,28.5663359165192,5.50559484958649,105.394935935736,1790.13916751742,47.1676551401615,373.611686319113,3366.27258586884,679.613129854202,1955.48638781905,341.181921333075,60.2949519455433,698.492184847593,1.75788797438145,530.555714085698,278.17036113143,1513.15882661939,34.8726980388165,0,13.318753361702,480.959466844797,825.33114489913,1257.36346819997,1332.22879710793,15358.2420434505,3.30499944090843,31.8642120659351,773.157502993941,6277.19485786557,770.147848874331,2203.21163976192,0.631151556968689,55.6595244705677,57.7573607265949,812.698456600308,934.443139821291
7682.93701037765,2.80849081277847,1015.09684620798,67.8686465024948,14.6205254793167,635.071326196194,4603.91658404469,3044.26984576881,131.199051320553,1823.51822902262,903.297850906849,459.862159609795,207.639236301184,24338.8922284991,47.8590960502625,1.59757703542709,4192.63955321908,253.207352221012,905.056022286415,95.2812920808792,1075.48357002437,2.90206095576286,1376.27634316683,1935.75952425599,10.124549895525,694.610501989722,703.054530262947,1858.60768395662,0,21040.8399437666,99.7677837014198,938.143757656217,9215.57341679931,9171.97177156806,424.018249809742,1406.24114076793,347.144119232893,1698.41097503901,555.294808089733,299.864093288779,662.726175457239,240.251307189465,155.086642682552,6.01625409722328,32.969671189785,13.3559875786304,20.6392461657524,4.99434441328049,20.1136540174484,0.40992197394371,2.06912612915039,15.3813894987106,15.0233772695065,1.51283085346222,0.995136857032776,156.656045526266,8.86841681599617,57.950970441103,3.04247945547104,19.8295739293098,0.53728061914444,20.8237157762051,12.5559882819653,1.92540258169174,35.2842129468918,3.02025285363197,1.36583054065704,0,1.6253188252449,25.501687258482,25.1579597294331,30.0057101547718,618.444760799408,8.30499023199081,9.04774603247643,69.6822282671928,248.481198430061,21.8229434192181,57.6675966978073,3.82334786653519,0,1.88348892331123,26.0590962767601,93.9617846310139
6489.66408649087,0.447666555643082,3047.54436075687,27.9617205262184,1.90645381808281,1035.22277718782,22945.0595407784,10704.97354725,12.4977481067181,1018.90034407377,251.536952078342,70.8983797729015,57.7813119590282,22897.6358515769,14.6464495360851,8.2370063662529,10761.0508098453,87.2969847023487,508.187640309334,34.2858348190784,30185.4157934189,3.24087679386139,16557.4927688837,520.560771942139,1.44725090265274,516.371246546507,998.082728773355,14847.0103486776,21040.8399437666,0,24.6601258218288,203.783793240786,3095.12752377987,13307.533646524,4393.47436994314,11397.1701588035,535.083722084761,8669.07606202364,4251.90745350718,351.719984441996,1223.5329759419,217.832255154848,276.48996335268,12.1444497704506,3.62280485033989,71.6676702201366,10.3315707445145,1.34708905220032,3.53266349434853,0,2.40163087844849,42.6825888454914,3.50175806879997,5.3369100689888,0.423568069934845,26.7468738853931,3.27078720927238,12.1883880198002,0.809876322746277,0,0.746611893177032,0,6.00719672441483,0.360388875007629,96.7483668327332,7.81886410713196,0,2.0392256975174,0,29.7238728106022,18.8349671661854,147.527107894421,149.986545741558,0.681229889392853,10.8298935294151,256.819006770849,62.0955010652542,2.12221273779869,25.7584514021873,0.470901906490326,1.77253621816635,0,6.79701068997383,832.260318785906
4.18468290567398,27.6547155082226,2.99893230199814,0,3.32981479167938,38.0146809518337,37.0405529737473,37.0317834317684,18.7469910681248,50.5981465578079,4916.14139726758,44.018566519022,1159.0322278142,32.6540362238884,4.07221052050591,0,84.4335145950317,931.162774801254,153.343134284019,2.22790536284447,1.7517696917057,10.8727032840252,28.8904084563255,27.8685324192047,396.918376177549,1002.51632925868,540.758612364531,15.7821215689182,99.7677837014198,24.6601258218288,0,69.5641916394234,0,533.346968501806,3.8019352555275,75.6817456483841,1235.43497440219,568.686900824308,53.9503978490829,12.5121888518333,2.51217368245125,188.777716904879,15.3407641947269,257.921010732651,21.614506483078,10.4044579863548,3.53497570753098,0,107.096728622913,0,82.7081168591976,0.362176179885864,0,0,0,0,0.808949589729309,31.893968179822,0,776.168081611395,0,1614.4050553441,0,0,3.23686030507088,1.48813319206238,285.113996982574,47.401015996933,0,0,38.3224411308765,0.648518800735474,16.7573521137238,302.130886644125,2333.26364144683,3614.19304999709,0,0.625925362110138,0,1228.30118981004,2.63880896568298,0,6.48859223723412,1.07528674602509
