0,1.24605929851532,67.6116597652435,0.510068833827972,0,8.41760846972466,3626.99090579152,106.807405591011,0.803112626075745,29.6628865897655,12.2542755305767,14.0582702159882,0,9028.92197096348,6.74778777360916,0.917693912982941,362.269242763519,25.4379824995995,83.0822477042675,3.37809562683105,352.482972115278,0,1091.19247284532,16.8673533797264,0,87.7379071414471,56.2115658223629,94.8882934749126,13105.0561179221,8759.41590207815,0,0,55.9063710570335,141.194783121347,4.81301379203796,40.7832603156567,8.79584956169128,60.3204209804535,20.1314786970615,2.83355817198753,0,0.862807154655457,7.58124399185181,0,3.24233710765839,1.38735437393188,2.06454133987427,0,0,0,0,0,0,0,0,3.36918103694916,0,0,0,0,0,0,0,0,0,0,0,0,0,0,0.749796986579895,0.388527154922485,9.15038672089577,0,0.687739312648773,1.47200158238411,16.0180814862251,0,1.38048827648163,0,0,0,1.02642774581909,0
1.24605929851532,0,25.8296700716019,5.81084102392197,4.99189415574074,4.3217950463295,16.4750223755836,13.5703401863575,2180.4853258729,13.3195572197437,584.858506947756,18.8004723489285,1306.44587433338,48.6697928607464,78.3175041973591,379.563140392303,93.6009733080864,19.1755695939064,52.1101584434509,3.12068128585815,65.8233694136143,4272.07326087356,61.8062191903591,4661.25569534302,6653.75087529421,437.236538380384,25309.9458786547,359.442640423775,113.077787101269,8.2216694355011,56.707927852869,40.0568289756775,1.45342844724655,1018.9798669219,28.7189105153084,396.561538398266,426.582205861807,598.928841710091,250.560681283474,106.418277651072,3.85853213071823,1059.04926198721,300.567603766918,115.661243677139,170.65204757452,166.641872525215,29.4999105334282,0,37.924221098423,0,942.864669263363,8.18582421541214,0.555562853813171,0,1.2954506278038,12.6757968962193,6.00904566049576,76.0565175414085,1.57446548342705,177.805177211761,1.50409519672394,562.383431851864,6.12969124317169,1.49545574188232,70.861015856266,182.948686778545,16.2191843986511,215.482463121414,0.999464333057404,14.6550695598125,164.030223429203,54.0291603803635,186.051812827587,72.5710254311562,985.701969861984,5552.7646510601,54.5370126366615,0.460238575935364,5.44283580780029,174.203204900026,0,0.670305252075195,92.2224278450012,25.1788665056229
67.6116597652435,25.8296700716019,0,26.5817800462246,55.5021061301231,58.7011761367321,7414.17927131057,1013.23893362284,24.0002259910107,300.522107839584,60.6206443607807,10.8468272387981,3.72285771369934,1517.43625757098,119.409094512463,67.1517256498337,38689.2662745416,331.763016045094,1304.81503450871,13.7725304365158,4017.83646789193,32.9978067576885,26176.5557073951,330.809876829386,0,28536.6086542904,32552.1647337079,7824.05380919576,370.630842477083,3307.04518514872,0.658481121063232,2.19563853740692,147.360311388969,3559.2339181304,943.109768688679,9669.70817703009,970.217871159315,4003.55820059776,3785.64215412736,83.8771510720253,72.6980883479118,3.41196918487549,1131.10184207559,98.5624507367611,446.173221796751,486.657070398331,56.8993562161922,6.50102961063385,0,2.89844042062759,100.158158898354,116.956273525953,0,38.8794924020767,1.4031765460968,78.9527714252472,2.65721979737282,10.0370461940765,0,23.9989062845707,1.15342032909393,0.640813410282135,15.2993858456612,24.9007142484188,161.077735990286,692.177905797958,23.6341495215893,183.259435087442,0,50.3346434533596,297.182943552732,583.812469571829,141.872243821621,3.72620671987534,594.630271732807,5198.30743294954,133.185297578573,2.68533560633659,39.3990336060524,1.21532070636749,0,1.03803583979607,231.126686900854,311.275383174419
0.510068833827972,5.81084102392197,26.5817800462246,0,100.873714923859,149.629632622004,395.558222830296,171.446691900492,2644.60393035412,4633.56340548396,62.4681219756603,7003.50105047226,6.57948327064514,234.840232133865,1662.88672497869,0,5.70703360438347,7.42131164669991,2.50632864236832,27515.6197687089,0.61144882440567,2.96013018488884,16.5168363451958,3533.43355721235,4.09189373254776,4.43389582633972,3.8961473107338,10007.7351938784,224.516492664814,2.57145604491234,0.740274846553802,19.0825688242912,10.0886472463608,312.929527521133,19.0328814983368,379.624588221312,8.76522696018219,245.683240622282,26.8951495587826,916.274322271347,47.4460571706295,17.0396122634411,178.182808429003,0,95.7906591296196,1.43933844566345,304.279866397381,3.4243848323822,2.01599153876305,0,0,0,1566.11722496152,13.7685689330101,54.7806116342545,206.997831135988,59.7169885635376,574.348962068558,1552.26605203748,53.1108298301697,1461.75471714139,0.828471720218658,9.2145117521286,133.404089868069,0.577647686004639,0,2.61904633045197,0.468607544898987,830.840332597494,0,1.91737657785416,0,1324.93790456653,0,0.705140650272369,1.36834439635277,1825.2700086832,19.9414828419685,1.27079820632935,0,2.71423137187958,0,23.2534400224686,1.68215435743332
0,4.99189415574074,55.5021061301231,100.873714923859,0,1640.05144038796,137.226804792881,169.909108102322,581.085074722767,149.951188653708,29.4619680047035,934.880231946707,15.8695648908615,32.130309432745,3239.34262016416,80.1619406938553,15.0299336314201,3.9070742726326,3.97799611091614,143.497974634171,502.902096807957,21.2388143539429,716.174968421459,487.793990045786,3.16617339849472,22.2772326469421,175.631637990475,751.919581919909,29.392369300127,119.458339869976,2.13991630077362,963.648776233196,4.43502581119537,3720.18605434895,1716.71209415793,454.828168809414,77.8798980414867,101.957767814398,524.657878756523,11533.1397757232,4745.41924381256,15.8908959627151,37.4101792871952,6.98410153388977,10.715591609478,32.4324752688408,2.1913840174675,1.05972588062286,0.754396796226501,0.602737665176392,0,1.3186628818512,4.11598506569862,2.47726964950562,6.50174129009247,9.12341830134392,0,7.71581637859344,8.92063492536545,15.3658773303032,14.1847115755081,0,0,5.67073810100555,13.8068925142288,1.88027739524841,0,0,0.550620496273041,13.9032761454582,9.63099384307861,24.6941634714603,34.887440174818,0,12.2399145364761,18.4787848293781,59.2034151256084,2.10999989509583,4.3928554058075,0,0,0,2.23385381698608,1791.17711082101
8.41760846972466,4.3217950463295,58.7011761367321,149.629632622004,1640.05144038796,0,3808.7891099453,19110.9732962549,144.175109624863,14472.4067927897,548.839388668537,8415.29610770941,85.5840773582458,3276.77953228354,4543.76513957977,0,24.4319058060646,207.570522010326,51.1607552468777,551.985379368067,31.3342773914337,2.39110672473907,160.801098793745,167.927246451378,5.64394247531891,254.383099198341,43.5976288616657,514.318259716034,1353.62282657623,125.98585036397,12.369055300951,771.079471677542,9.8170665204525,672.451428741217,3526.87009584904,2338.99356815219,17.0519810914993,409.718223243952,79.5904322564602,5785.24998277426,1225.53952267766,50.295078933239,24.8124661445618,0.707059681415558,4.25723421573639,0,10.2319508194923,0,1.00467559695244,0,0,0,8.09250903129578,4.21948331594467,0,10.7312065958977,2.04613280296326,20.0365695059299,30.9656215310097,11.638147354126,5.70374712347984,0,0,4.72339642047882,0,0,0,0,0,0,0,0,86.8478854894638,0.990959465503693,0,0,98.2017973959446,0,0.401453644037247,0,0,0,0,70.6276506185532
3626.99090579152,16.4750223755836,7414.17927131057,395.558222830296,137.226804792881,3808.7891099453,0,12517.1942309141,1105.74421843886,39037.781406641,1029.24477049708,601.121295809746,115.24164712429,28709.0753832757,1075.60431566834,34.7591747641563,2242.24682694674,513.401438832283,207.112939357758,315.085681527853,1406.57009011507,44.6278892755508,5794.9265923202,3897.69430369139,12.4984403550625,1678.13138374686,926.034717828035,68344.2143627703,6699.64769548178,22112.7830837369,9.32018649578094,212.604216843843,739.845414936543,4347.8792977035,910.242890655994,6378.42697989941,201.704100430012,4054.7793033421,1017.77966865897,860.640292137861,582.46018281579,85.6226017177105,1025.15995672345,15.1866246163845,476.134102940559,26.9598676562309,304.633318662643,20.5395042300224,9.96350800991058,3.19897910952568,0,1.00432556867599,269.318747550249,11.1203593313694,23.0483641028404,636.720290094614,122.266830861568,438.15505361557,1060.29573744535,104.227704674006,98.8180850744247,3.71575957536697,27.0010508000851,57.3723932802677,15.459642291069,1.94041270017624,0,0,71.4680174291134,9.15307664871216,25.73131108284,14.6262474656105,2344.44955199957,1.7509418129921,0.467559635639191,80.1465438306332,3331.21551334858,35.3850523531437,49.0687180161476,0,0,1.3608558177948,75.5280383229256,18.9043818712234
106.807405591011,13.5703401863575,1013.23893362284,171.446691900492,169.909108102322,19110.9732962549,12517.1942309141,0,56.9578240513802,11214.3873852789,687.076360493898,3572.68026730418,148.151760607958,23188.2835251093,369.756908237934,1.76333603262901,985.64101883769,219.068092405796,192.042165309191,678.043110430241,1227.7253035605,10.2201806902885,4403.02476930618,242.561472803354,17.7858420312405,600.508786201477,254.862987339497,1485.6207369566,1817.67593616247,6187.80907770991,19.6508922278881,1600.517537117,88.7758969962597,1182.75012904406,800.219386816025,4039.40535673499,90.8211436569691,819.633465379477,258.379626899958,4070.33780422807,431.809907466173,106.810575425625,53.2585291266441,7.93780624866486,7.20283028483391,5.30966675281525,13.7106013298035,2.06173896789551,6.00487411022186,0,0,0,6.45810237526894,5.2187175154686,0,21.4979540407658,0,25.6856644749641,14.2604293525219,44.3545207083225,4.066027790308,10.787469625473,0,3.38900882005692,2.13616859912872,0,0,0,0,0,2.5747709274292,1.4582345187664,121.865642160177,0.783813238143921,0,10.02842643857,122.298762887716,5.96275573968887,3.3029782474041,0,0,0,1.90748292207718,35.3086320757866
0.803112626075745,2180.4853258729,24.0002259910107,2644.60393035412,581.085074722767,144.175109624863,1105.74421843886,56.9578240513802,0,1903.58448436856,170.837019622326,3348.07827743888,420.311640828848,80.7428700625896,5258.54216447473,233.559220463037,41.8465639948845,13.3704982995987,27.7993331551552,1320.34295579791,108.686175107956,6069.89905375242,69.9885824024677,35247.25631091,1284.63788890839,129.365878611803,5767.88136523962,7263.77130478621,84.632320702076,78.4446455836296,16.6224589943886,54.183495849371,5.63085260987282,293.30178257823,27.1798922419548,712.13437178731,102.476908892393,284.144882768393,101.218252390623,3569.25920334458,40.9178840219975,163.902067780495,1052.76679909229,132.191357582808,229.184326529503,39.2450906038284,331.55647110939,16.0579451918602,9.24361634254456,6.14789313077927,31.3421424329281,7.60060477256775,1257.75131931901,15.7901767790318,64.2308923006058,292.47389036417,117.637447834015,2434.76368287206,2408.87826398015,87.7932315170765,531.686040014029,79.7418460845947,96.7052882015705,161.526935130358,469.496770441532,20.8890363276005,12.2087619006634,10.8893018364906,297.541688710451,253.558113574982,388.891896039248,146.844860374928,4800.90315309167,18.5100122392178,34.5012903213501,187.84021627903,4218.48140659928,128.168883353472,386.560380518436,3.86262214183807,9.34380778670311,6.563072681427,102.62656724453,106.044886410236
29.6628865897655,13.3195572197437,300.522107839584,4633.56340548396,149.951188653708,14472.4067927897,39037.781406641,11214.3873852789,1903.58448436856,0,2752.68513517082,13597.2590855062,316.123102396727,10726.1027855873,1124.20129612088,0,76.4408040344715,909.949608892202,239.609053641558,4999.08691495657,77.0638524591923,7.00539207458496,329.834866315126,527.857667028904,35.8665199577808,836.43768081069,99.7976976037025,7708.56271108985,5758.66936004162,94.6037313938141,18.9759354889393,288.844556093216,63.6104984879494,4397.10506910086,2988.53183186054,4523.13025218248,78.5510437786579,3146.82581210136,310.553247988224,1502.33011060953,586.647319734097,233.66288754344,292.783675700426,1.21214592456818,158.730964154005,6.89327782392502,688.000352323055,8.92474603652954,13.9479267597198,0,1.0382171869278,0,650.011419296265,27.361643075943,35.389046728611,957.267376184464,180.625325262547,928.551446914673,1447.67152786255,211.234061896801,694.505742818117,6.08785152435303,5.08318209648132,295.484144628048,0,1.15677809715271,0,0,169.562512606382,0,4.4976167678833,0,4361.16707196832,1.06419572234154,0,2.66309720277786,4487.21001446247,15.2202986776829,0,0,0,0,21.786305308342,15.8072580099106
12.2542755305767,584.858506947756,60.6206443607807,62.4681219756603,29.4619680047035,548.839388668537,1029.24477049708,687.076360493898,170.837019622326,2752.68513517082,0,2084.72737243772,5493.40638449788,2467.19320434332,106.583299219608,6.99484145641327,238.236521214247,16286.1018406749,1129.63188517094,657.800981879234,74.7078225314617,409.805955678225,235.183887720108,295.668645918369,762.549679160118,5013.11084118485,575.555108457804,365.012909442186,7080.24080985785,138.909983605146,371.734237402678,1326.80754873157,6.58028766512871,12679.1638785452,41.1608964502811,1625.26232028008,2140.20781075954,5963.24084350467,321.337492465973,383.875526100397,48.4064189791679,3588.39809310436,46.5805398821831,179.169189542532,113.820544928312,11.9702391028404,39.7795114517212,0.731626629829407,355.661579668522,0,79.2395130991936,0,0.742245733737946,1.42028892040253,0,1.9472684264183,1.81717330217361,55.5266180932522,2.04849243164062,2612.02669793367,4.85991132259369,5681.56055250764,2.48620969057083,4.56036633253098,5.99860519170761,3.37145507335663,78.27546402812,12.4571532607079,0.593165636062622,0.720669329166412,26.0813745260239,9.03053721785545,22.8617302179337,262.691753298044,1050.67419651151,1335.70809048414,20.6922903358936,7.3976783156395,2.2454861998558,2183.57328641415,2.86821734905243,0,31.8269024789333,9.12181174755096
14.0582702159882,18.8004723489285,10.8468272387981,7003.50105047226,934.880231946707,8415.29610770941,601.121295809746,3572.68026730418,3348.07827743888,13597.2590855062,2084.72737243772,0,307.130035281181,3866.79381161928,6717.19587820768,0,4.05129382014275,484.925095587969,103.355404913425,25199.9964658916,10.3885159194469,20.0213849544525,20.8568698465824,1591.62024357915,35.7420357465744,442.080728083849,41.9757335186005,4552.39250662923,2684.74152606726,24.0191604793072,14.5429107248783,359.241285771132,0.890349626541138,1845.67253422737,5262.90584841371,1889.07934474945,48.9593135118484,1117.37835344672,148.424534320831,5160.45902886987,204.11905002594,225.067353725433,195.194080621004,5.7022460103035,125.481492221355,19.0902214348316,304.809494793415,8.72699928283691,11.5905912518501,0,0.711355626583099,0,393.526209831238,24.2974773645401,75.7747312486172,94.1751330494881,79.4272308051586,276.800520479679,791.345918059349,337.856484293938,1642.56175911427,9.04426866769791,61.9287070631981,154.85743278265,0,0.702053129673004,10.8082778155804,1.84628748893738,251.754203885794,0,5.15831282734871,0,520.801945149899,0,7.7254478931427,9.12522447109222,671.55934342742,43.2033004760742,2.72402566671371,0.445891708135605,7.03935548663139,0,42.0382318198681,202.559366673231
0,1306.44587433338,3.72285771369934,6.57948327064514,15.8695648908615,85.5840773582458,115.24164712429,148.151760607958,420.311640828848,316.123102396727,5493.40638449788,307.130035281181,0,506.803779751062,32.8698890805244,4.18607133626938,3.22088134288788,12.6300587654114,0.49789035320282,100.777347534895,2.74960333108902,1308.26686215401,8.64770567417145,510.258278250694,6585.46388584375,367.057530552149,2399.96717485785,97.9485237002373,1286.89999562502,7.36443531513214,2502.71279647946,463.097376286983,0,7432.4404323101,6.87239396572113,411.084479779005,1163.66413667798,1975.62044757605,37.7453148365021,302.076758295298,7.94408226013184,4324.89536163211,67.1254098713398,314.980358928442,303.270432949066,30.3369839787483,69.6339926421642,0.850897014141083,576.820311427116,0,313.347343206406,1.53279185295105,0,0,0,6.23745340108871,4.34931468963623,99.3626354932785,5.9785258769989,5789.17679816484,4.47944170236588,18199.2957660854,6.07486581802368,3.96201127767563,8.39952152967453,1.43375730514526,153.155755877495,7.4459599852562,0.773721814155579,1.41386789083481,75.5196388959885,2.24798357486725,32.9470675587654,1563.09765580297,2146.52873402834,3325.91249495745,34.3763873875141,14.8398194909096,0,4953.20498859882,20.5675024390221,0.919943690299988,65.914612442255,2.23058587312698
9028.92197096348,48.6697928607464,1517.43625757098,234.840232133865,32.130309432745,3276.77953228354,28709.0753832757,23188.2835251093,80.7428700625896,10726.1027855873,2467.19320434332,3866.79381161928,506.803779751062,0,264.17474463582,9.09339672327042,3295.16736087203,757.432172358036,723.659301012754,962.394447803497,2822.14045232534,27.9687481224537,11093.9303224683,433.966378718615,46.1765994727612,1793.39858332276,650.131555885077,2509.18547734618,22374.8574023247,27296.0977346599,59.9974340200424,441.704389303923,168.304772675037,2584.74623695016,178.92429164052,4502.47530436516,167.88913244009,1508.14863136411,395.224566906691,1685.69521614909,353.297187179327,206.759789228439,77.0306369662285,6.95485028624535,8.2878805398941,5.20178610086441,8.25330406427383,0,9.50580114126205,1.16465771198273,3.05395317077637,0,3.63535231351852,0.927510738372803,0,24.4363526701927,0,49.941883534193,6.75691646337509,77.6240926980972,11.1680303812027,64.2036923766136,0.412081360816956,1.84451919794083,3.57587569952011,0,0,0,0,0.710113942623138,5.22454228997231,0.697290420532227,240.014464765787,9.80296730995178,3.41736969351768,16.4708075523376,188.200760185719,0.945072054862976,22.3566900193691,6.49856653809547,1.14771902561188,0.711911737918854,6.74433326721191,5.28144749999046
6.74778777360916,78.3175041973591,119.409094512463,1662.88672497869,3239.34262016416,4543.76513957977,1075.60431566834,369.756908237934,5258.54216447473,1124.20129612088,106.583299219608,6717.19587820768,32.8698890805244,264.17474463582,0,134.728032022715,52.731724858284,20.9347822070122,15.4724398553371,1154.68099761009,921.689149290323,168.392966061831,918.787778526545,3970.13025942445,40.0598252117634,92.6419657468796,444.70828640461,3764.15421849489,238.449386924505,511.516157358885,4.83423012495041,435.203271627426,27.8381715118885,459.989502519369,8138.54617664218,940.953657478094,158.687218725681,486.71683371067,678.141737312078,4042.63686463237,210.223915249109,136.821152627468,206.644205063581,33.4024528264999,84.6927929520607,163.590391695499,61.1051842570305,7.2323921918869,2.00698745250702,1.07662725448608,4.46808922290802,1.46971476078033,43.3930251300335,11.025690972805,26.1411380171776,94.0634844899178,9.09377318620682,73.4414130747318,106.53926974535,75.522409170866,81.6943856775761,4.14057505130768,8.86538511514664,36.6400124430656,24.5275735259056,2.43156254291534,6.13143789768219,0,14.4986009001732,25.0347851514816,9.19216930866241,46.7477369904518,495.774849236012,0,48.3561666607857,71.5854772925377,522.343262791634,2.67691424489021,28.121085703373,2.84359121322632,1.30556422472,0,15.6392406225204,4049.24038043618
0.917693912982941,379.563140392303,67.1517256498337,0,80.1619406938553,0,34.7591747641563,1.76333603262901,233.559220463037,0,6.99484145641327,0,4.18607133626938,9.09339672327042,134.728032022715,0,274.599229842424,8.92270055413246,30.6007044911385,0.777382969856262,12197.0079439878,6643.62665066123,9086.15466344357,5859.68246996403,51.7321265339851,211.213909655809,11932.0128023624,2386.6508834362,12.1880494356155,213.218335300684,0,0,5.86130970716476,263.922450393438,873.980724334717,4427.00769308209,894.583103895187,939.17598772049,1379.44104725122,34.2010412216187,2.35413086414337,2.94371539354324,3196.61135575175,423.367947548628,392.147125720978,574.272910267115,102.989036560059,8.56900614500046,0,3.68903803825378,45.9878750443459,24.965889185667,0,34.4693233370781,0,99.9039486646652,2.39387065172195,30.6613836586475,4.09215307235718,11.8758425414562,2.15063458681107,0,8.10847747325897,54.8403749167919,7629.56231492758,132.014796465635,3.57069772481918,23.1774176061153,0,1488.33119630814,2253.99393707514,5779.10905522108,2451.40592241287,1.57684791088104,53.8083038330078,2282.25278005004,2038.68124607205,15.2068011164665,906.540583968163,0,0,1.87306481599808,88.1581664085388,203.186960279942
362.269242763519,93.6009733080864,38689.2662745416,5.70703360438347,15.0299336314201,24.4319058060646,2242.24682694674,985.64101883769,41.8465639948845,76.4408040344715,238.236521214247,4.05129382014275,3.22088134288788,3295.16736087203,52.731724858284,274.599229842424,0,1338.67662993073,12483.1786811352,10.991439640522,1024.31132793427,110.26996743679,17349.1887203157,715.432719826698,0,23945.5603928268,20982.9011067748,2888.41150051355,2356.47691139579,2510.51425626874,0,2.59397900104523,348.184467613697,4989.96785312891,248.632501661777,2285.20518001914,418.494783699512,2149.82919663191,1771.61580047011,42.8969447612762,30.922755241394,0.72124171257019,784.30744150281,76.2616275250912,264.17398044467,275.787695467472,20.0495727062225,5.0618622303009,2.00300192832947,0,147.081714868546,91.0235992670059,0,4.40492951869965,0,6.93127930164337,0,13.9267669916153,0,26.9360243678093,0,3.88457065820694,1.54409366846085,14.9370661973953,61.8629413545132,651.159681230783,9.31211939454079,296.842623084784,0,44.84162530303,101.020030707121,140.424176961184,40.6961503624916,5.82998764514923,700.982592642307,4822.81226670742,44.7020803689957,0,21.5605608224869,2.0597907602787,0,0,171.387276411057,88.0386608242989
25.4379824995995,19.1755695939064,331.763016045094,7.42131164669991,3.9070742726326,207.570522010326,513.401438832283,219.068092405796,13.3704982995987,909.949608892202,16286.1018406749,484.925095587969,12.6300587654114,757.432172358036,20.9347822070122,8.92270055413246,1338.67662993073,0,5169.35329931974,279.031079292297,173.043550223112,10.15167760849,739.431000560522,48.7047125995159,2.4419367313385,6110.91893547773,850.560286700726,172.021051108837,1385.563944906,160.570724904537,8.90381595492363,41.0897151231766,33.8159148693085,7177.75611422956,97.3895409405231,1570.40688067675,1490.4212218225,7744.78275996447,1635.80817770958,37.6169486641884,33.749566078186,7.01628792285919,15.4897747039795,8.82605341076851,10.6226248145103,11.1591126322746,1.18993067741394,3.5841498374939,0,0,7.0656453371048,0.760050773620605,0,1.02344560623169,0,0,0,5.4997091293335,0,3.40702760219574,0,48.9206212162971,0,2.3347242474556,2.20647442340851,3.98839321732521,1.10652244091034,9.17911773920059,0,0,7.38600876927376,3.04284226894379,0,7.745795160532,94.8879804313183,237.655288547277,1.41088235378265,0,0,48.6719901561737,0,0,3.23266512155533,53.7082069516182
83.0822477042675,52.1101584434509,1304.81503450871,2.50632864236832,3.97799611091614,51.1607552468777,207.112939357758,192.042165309191,27.7993331551552,239.609053641558,1129.63188517094,103.355404913425,0.49789035320282,723.659301012754,15.4724398553371,30.6007044911385,12483.1786811352,5169.35329931974,0,58.815583974123,273.703906625509,40.4107376337051,1786.17807117105,61.2949304282665,1.09117329120636,11874.6895796657,3397.26947197318,322.548711121082,791.702271848917,351.337048590183,0,2.26722139120102,113.517273068428,4352.05683580041,68.1531654000282,1088.30516585708,785.211276262999,3249.77255150676,1079.8247923553,11.1531786322594,18.9384736418724,1.57186210155487,185.437187969685,56.1403701305389,79.7127013504505,89.3994427621365,1.88370752334595,0,0,0,55.2174986004829,20.4244290590286,0,1.61637955904007,0,0,0,4.99390709400177,0,5.4896747469902,0,5.10604667663574,0,1.49167114496231,13.7580465972424,121.530610382557,5.50132125616074,165.071856886148,0,4.17499834299088,9.40496772527695,18.3289572298527,0,5.79145675897598,534.976628124714,1564.58264270425,0.56456857919693,0,2.49264043569565,1.74445426464081,0,2.22507101297379,38.8159838914871,27.1425126492977
3.37809562683105,3.12068128585815,13.7725304365158,27515.6197687089,143.497974634171,551.985379368067,315.085681527853,678.043110430241,1320.34295579791,4999.08691495657,657.800981879234,25199.9964658916,100.777347534895,962.394447803497,1154.68099761009,0.777382969856262,10.991439640522,279.031079292297,58.815583974123,0,5.02109146118164,4.63635921478271,16.5093482732773,432.359908163548,13.1050835847855,264.510174512863,57.6973915994167,4370.82333576679,846.257229715586,7.48850029706955,7.16367423534393,69.6179039180279,4.81443339586258,774.664861828089,32.6030260622501,713.929142713547,25.3190479278564,459.131107270718,63.1001160740852,899.329693496227,100.904985487461,81.2376459538937,307.232078671455,2.17436906695366,149.303237617016,8.19060534238815,334.371827363968,11.4896788597107,11.3626849651337,0,0,0,530.1974401474,16.8832755684853,40.9745571911335,354.285682469606,81.6676890254021,365.721383005381,1298.76645958424,139.134681195021,765.374787479639,5.60617619752884,12.974768280983,186.481195151806,3.33495819568634,0.528646469116211,0.533641338348389,0,235.136335909367,0,4.43107438087463,0,1345.37992215157,0,0.420416265726089,3.14554679393768,1931.67442935705,28.3596590161324,0,0,0,0,29.948554366827,3.04963222146034
352.482972115278,65.8233694136143,4017.83646789193,0.61144882440567,502.902096807957,31.3342773914337,1406.57009011507,1227.7253035605,108.686175107956,77.0638524591923,74.7078225314617,10.3885159194469,2.74960333108902,2822.14045232534,921.689149290323,12197.0079439878,1024.31132793427,173.043550223112,273.703906625509,5.02109146118164,0,616.186025291681,42774.9343512654,1140.20400884748,17.3303636312485,843.7628890872,3937.81421430409,13815.1815989614,2357.43444105983,33654.263858676,0,4.63018071651459,681.076097249985,10533.605981648,4083.35696405172,11379.2319717109,1169.397421211,10244.4238213152,7702.14370083809,185.511870145798,38.4632137417793,1.97065156698227,1791.32044520974,230.603900164366,288.513558775187,153.419960200787,71.0026768445969,9.09204965829849,2.10078811645508,7.22464567422867,4.68795052170753,2.66423282027245,0,41.2770218253136,1.19906067848206,140.596615076065,2.71761706471443,75.170426428318,1.57256460189819,11.224777340889,5.63910061120987,0,21.9783668518066,119.215842753649,1357.53449460864,67.4375419914722,0,2.79244554042816,0,1172.83050736785,627.790579408407,614.622667431831,2268.91998520494,0,11.7026328742504,344.171231716871,2888.98354977369,57.4098260104656,1686.27871149778,0,0,9.92378887534142,94.6241613924503,341.596588850021
0,4272.07326087356,32.9978067576885,2.96013018488884,21.2388143539429,2.39110672473907,44.6278892755508,10.2201806902885,6069.89905375242,7.00539207458496,409.805955678225,20.0213849544525,1308.26686215401,27.9687481224537,168.392966061831,6643.62665066123,110.26996743679,10.15167760849,40.4107376337051,4.63635921478271,616.186025291681,0,424.877524614334,26737.7626051009,4114.45552262664,403.736065208912,19920.7221399844,1695.33443707228,86.7876054048538,75.9423384070396,109.004130512476,24.3213652968407,2.63285648822784,603.559553384781,56.0013964772224,505.624069184065,314.519871920347,369.157911002636,199.179591238499,136.191541105509,2.9978763461113,640.09488388896,1132.09449493885,224.207793772221,354.613587498665,460.940515995026,56.4378666877747,3.5348174571991,38.7372786998749,0.671625196933746,1784.12406861782,26.8992038071156,4.21611002087593,5.51100051403046,0.908779919147491,80.8257403969765,21.1031247973442,111.287096768618,13.6077402234077,170.531223237514,5.24867910146713,910.189518034458,37.1727018654346,16.2829728722572,2150.36196446419,291.924052834511,22.5455310940742,321.415471494198,2.56096905469894,278.777624547482,1893.56752434373,1182.00786909461,901.282033354044,318.898868322372,639.384254574776,8432.01485750079,523.575748234987,14.7189580202103,199.086979717016,249.133119285107,0,2.87665846943855,143.721268028021,113.589941591024
1091.19247284532,61.8062191903591,26176.5557073951,16.5168363451958,716.174968421459,160.801098793745,5794.9265923202,4403.02476930618,69.9885824024677,329.834866315126,235.183887720108,20.8568698465824,8.64770567417145,11093.9303224683,918.787778526545,9086.15466344357,17349.1887203157,739.431000560522,1786.17807117105,16.5093482732773,42774.9343512654,424.877524614334,0,1637.19513937831,2.1507660150528,6132.45218932629,31576.9838913977,19764.7714815438,5918.19410890341,19542.6063949168,0,11.3836699426174,893.533134788275,15722.1239308864,7885.85274592042,33430.3081154525,5231.16332745552,22002.3182321787,19018.5886743963,433.215189605951,139.646724998951,5.92787253856659,4330.04322275519,537.718889027834,783.038263499737,1125.43053239584,159.479701608419,14.3974629342556,0,2.85087665915489,51.4195162057877,73.1111586391926,0,121.378761976957,1.10314440727234,171.781593829393,4.30712866783142,43.8523557186127,0,28.0869401395321,6.09393692016602,0,11.5362725555897,168.077398359776,6757.36945393682,334.267452925444,15.9821128547192,71.2632843852043,0,1441.86353561282,1334.36760246754,8226.6113011837,1963.49401706457,0,174.986266434193,7009.75309246778,1754.10597187281,8.29561275243759,809.877746403217,0,0,0.543667793273926,242.128114044666,1400.14366421103
16.8673533797264,4661.25569534302,330.809876829386,3533.43355721235,487.793990045786,167.927246451378,3897.69430369139,242.561472803354,35247.25631091,527.857667028904,295.668645918369,1591.62024357915,510.258278250694,433.966378718615,3970.13025942445,5859.68246996403,715.432719826698,48.7047125995159,61.2949304282665,432.359908163548,1140.20400884748,26737.7626051009,1637.19513937831,0,2001.665479213,1002.21468234062,20441.5890769064,18936.8133506179,715.506788313389,475.19100394845,20.7993604838848,95.9233738780022,255.973499745131,1241.47575169802,826.676657289267,5475.04654181004,489.527484625578,1381.50357121229,728.741891115904,2807.9508690536,150.546516478062,211.75972533226,8054.90769612789,366.131732106209,2694.46337845922,360.429501324892,1460.72345271707,166.83942592144,22.8730345964432,50.2510550320148,96.0971103310585,18.779711574316,1066.43430778384,40.231808423996,101.048732548952,2679.9974642694,461.699079990387,4209.84641370177,3617.47533801198,308.719535589218,515.491741031408,49.1802113056183,366.33114400506,472.362049371004,1040.93975386024,117.767858862877,0,5.45382297039032,305.286410391331,652.17576906085,1423.86968919635,511.683895081282,18871.2857130468,17.4804471731186,31.2859708368778,1127.29709273577,19558.1929048896,588.371221005917,1522.35276147723,1.70722836256027,8.7395932674408,49.6798105239868,723.740148991346,204.171992212534
0,6653.75087529421,0,4.09189373254776,3.16617339849472,5.64394247531891,12.4984403550625,17.7858420312405,1284.63788890839,35.8665199577808,762.549679160118,35.7420357465744,6585.46388584375,46.1765994727612,40.0598252117634,51.7321265339851,0,2.4419367313385,1.09117329120636,13.1050835847855,17.3303636312485,4114.45552262664,2.1507660150528,2001.665479213,0,136.699835807085,6600.20457270741,140.136546432972,114.638870686293,1.66281348466873,109.776548802853,48.563864171505,0,2019.88578349352,0,55.8841772675514,97.08966127038,241.574218332767,11.1510955095291,131.015521556139,2.21885234117508,1591.50546485186,158.13232421875,155.975888997316,123.356202453375,90.8699342906475,15.2071188092232,0,159.111687242985,0,329.512206435204,0,1.56413519382477,0,0,5.86882126331329,1.29557657241821,63.9812515974045,4.40158629417419,923.467304438353,2.26650512218475,4622.98481425643,3.02967989444733,2.64621287584305,12.6111882328987,6.01500445604324,10.872852563858,72.4270343780518,0,0.652479231357574,65.5722979009151,10.5879392325878,59.6707344651222,1939.89110177755,1131.03624743223,4266.02354174852,16.652979016304,3.25478863716125,4.32716166973114,641.118816435337,2.69767999649048,0,33.9982543289661,4.44070327281952
87.7379071414471,437.236538380384,28536.6086542904,4.43389582633972,22.2772326469421,254.383099198341,1678.13138374686,600.508786201477,129.365878611803,836.43768081069,5013.11084118485,442.080728083849,367.057530552149,1793.39858332276,92.6419657468796,211.213909655809,23945.5603928268,6110.91893547773,11874.6895796657,264.510174512863,843.7628890872,403.736065208912,6132.45218932629,1002.21468234062,136.699835807085,0,18648.4078455269,2550.40739625692,2395.16909712553,644.226866900921,686.812148839235,310.293672472239,109.416903346777,5913.23272436857,762.809291571379,12867.3057584763,16893.9204255342,17568.7883302271,8167.71086388826,189.76426845789,179.861300587654,290.587419509888,1388.76505547762,696.523397624493,718.476173639297,765.174080342054,30.8673809766769,10.5661401748657,48.4596458673477,1.96183335781097,1020.62101259828,54.1406754851341,0,24.1495239138603,0,3.65175092220306,0,19.08819013834,0,633.31236705184,0.630456507205963,4514.44099441171,0,26.3193473815918,65.4120382666588,395.480675876141,159.919868648052,1453.08568194509,0,21.4257145822048,105.119851469994,141.754261761904,15.2661620676517,545.625597119331,7611.10274317861,20783.4725518823,22.723833411932,2.14639437198639,18.8294512033463,2964.58468052745,0,2.35333633422852,356.558213144541,342.597689390182
56.2115658223629,25309.9458786547,32552.1647337079,3.8961473107338,175.631637990475,43.5976288616657,926.034717828035,254.862987339497,5767.88136523962,99.7976976037025,575.555108457804,41.9757335186005,2399.96717485785,650.131555885077,444.70828640461,11932.0128023624,20982.9011067748,850.560286700726,3397.26947197318,57.6973915994167,3937.81421430409,19920.7221399844,31576.9838913977,20441.5890769064,6600.20457270741,18648.4078455269,0,14764.8889985085,644.997372061014,893.298706591129,1730.65166199207,20.6336975693703,154.156313121319,9154.69755904377,3257.68909287453,31158.990699023,10500.483076185,14608.1289788783,12285.596601069,449.54845520854,196.251709967852,140.447172760963,14403.979113847,2333.46694785357,5701.33007273078,6408.71398422122,643.807248234749,82.8308929502964,56.72606959939,12.3693901896477,7267.31860411167,891.081917464733,1.06516629457474,89.3416512012482,1.32401102781296,1039.08064588904,61.5880622565746,132.850092083216,6.80326721072197,1156.30583438277,6.9726989865303,8677.65142089128,179.765712752938,117.256102859974,5199.73357099295,6906.16334715486,373.832318931818,5216.29267910123,0,896.288310825825,8580.59578090906,10561.1175644994,1397.37497058511,1520.46265983582,17513.4169005752,119860.083593667,1256.21233955026,24.4547855556011,477.251034915447,4216.31241118908,1.98925164341927,5.8009267449379,2780.26374316216,1124.89795771241
94.8882934749126,359.442640423775,7824.05380919576,10007.7351938784,751.919581919909,514.318259716034,68344.2143627703,1485.6207369566,7263.77130478621,7708.56271108985,365.012909442186,4552.39250662923,97.9485237002373,2509.18547734618,3764.15421849489,2386.6508834362,2888.41150051355,172.021051108837,322.548711121082,4370.82333576679,13815.1815989614,1695.33443707228,19764.7714815438,18936.8133506179,140.136546432972,2550.40739625692,14764.8889985085,0,3453.2693348527,40958.9185544848,4.82282537221909,138.89458528161,1809.2467700243,7804.64222124219,5064.25651425123,20316.1502254009,1255.62822565436,9914.77455765009,5288.1042227447,2052.08954039216,539.352767854929,147.291745662689,7301.97845715284,261.799144983292,2496.69048535824,337.603438138962,1366.7461631,88.7888907194138,28.1966080963612,44.1345302760601,40.8049190938473,17.0990923345089,1355.47242441773,66.5682211518288,55.0118587613106,2575.58611440659,315.914438605309,2422.91515880823,3633.07052746415,305.923161834478,611.167223900557,18.678108394146,249.593731313944,541.596989452839,541.332070380449,53.1853657364845,0,1.11463052034378,305.212198793888,256.933645218611,380.727937340736,482.389492154121,13965.4853799641,4.68616944551468,20.475225508213,854.96793538332,17358.8064169884,418.002415716648,1320.34873053432,0,1.85836446285248,33.326679289341,511.207970768213,334.097841322422
13105.0561179221,113.077787101269,370.630842477083,224.516492664814,29.392369300127,1353.62282657623,6699.64769548178,1817.67593616247,84.632320702076,5758.66936004162,7080.24080985785,2684.74152606726,1286.89999562502,22374.8574023247,238.449386924505,12.1880494356155,2356.47691139579,1385.563944906,791.702271848917,846.257229715586,2357.43444105983,86.7876054048538,5918.19410890341,715.506788313389,114.638870686293,2395.16909712553,644.997372061014,3453.2693348527,0,16152.9092525542,154.01958194375,475.986095786095,4295.6255685389,8222.97420623899,265.204742133617,2786.334864676,146.622250586748,1940.23264414072,354.836004376411,732.916847318411,379.040963202715,298.776666015387,115.205174207687,8.79101848602295,41.8654775619507,0,16.7958222031593,1.10103023052216,24.4898869097233,0,9.64335161447525,0,5.02847468852997,1.54240119457245,0,36.5538566112518,0,61.333259165287,6.20457598567009,117.942308098078,5.97533172369003,192.310779631138,2.19395834207535,7.73582482337952,0.523205399513245,3.35442066192627,0,1.49358725547791,0,0.449829161167145,2.92131358385086,3.46968877315521,242.789973288774,8.70520409941673,11.5330409109592,41.6700328290462,218.208514511585,5.77952301502228,7.421650826931,16.6726425290108,0,1.20573079586029,7.57844400405884,14.7321460843086
8759.41590207815,8.2216694355011,3307.04518514872,2.57145604491234,119.458339869976,125.98585036397,22112.7830837369,6187.80907770991,78.4446455836296,94.6037313938141,138.909983605146,24.0191604793072,7.36443531513214,27296.0977346599,511.516157358885,213.218335300684,2510.51425626874,160.570724904537,351.337048590183,7.48850029706955,33654.263858676,75.9423384070396,19542.6063949168,475.19100394845,1.66281348466873,644.226866900921,893.298706591129,40958.9185544848,16152.9092525542,0,3.02397978305817,19.0454127788544,3875.38003271818,8008.84043079615,1063.48594006896,3963.88692036271,194.955661475658,4236.08241462708,1328.52252605557,169.010834872723,92.1730887591839,4.1924761235714,1558.61945852637,72.0264317989349,510.772768735886,96.1857706308365,114.877279818058,20.7509007453918,0,16.2033735513687,0,5.36308884620667,2.56684523820877,23.3117226362228,0,254.520411550999,6.54140350222588,135.049981415272,13.2839372754097,15.0558931827545,10.6914150118828,0,45.1555218994617,96.2065407633781,130.002442091703,14.0121541917324,0,0,0,152.224049925804,139.116384595633,45.8928127586842,1538.57880088687,0,3.44165527820587,114.441208183765,3140.70468324423,108.985937833786,582.115227103233,0,0,12.6107505559921,181.146303057671,111.442622482777
0,56.707927852869,0.658481121063232,0.740274846553802,2.13991630077362,12.369055300951,9.32018649578094,19.6508922278881,16.6224589943886,18.9759354889393,371.734237402678,14.5429107248783,2502.71279647946,59.9974340200424,4.83423012495041,0,0,8.90381595492363,0,7.16367423534393,0,109.004130512476,0,20.7993604838848,109.776548802853,686.812148839235,1730.65166199207,4.82282537221909,154.01958194375,3.02397978305817,0,50.8867494165897,0,232.748738020658,5.07563072443008,187.493820428848,1066.73142436147,536.519076526165,77.4118082821369,46.4062276482582,0.599965572357178,192.263092756271,9.4242927134037,58.3132999241352,47.4248102903366,13.8829726874828,7.58558404445648,2.20001256465912,32.6510598957539,0,53.7481001019478,0,0,0,0,0,0,2.82539749145508,0,816.538084238768,0,3813.51100584865,0,0,0,0.910830020904541,94.5500989556313,7.24782508611679,0,0.949510097503662,13.6019460558891,2.38968360424042,0,382.552540063858,1173.88145086169,2043.33367651701,3.32788336277008,0.777110934257507,0.613302409648895,1804.85942682624,0,0,17.8056469261646,3.17367225885391
