0,0.829642415046692,37.2310165762901,5.80357030034065,1.11341154575348,49.2032696008682,3138.86647674441,933.19359254837,6.15846472978592,131.950434148312,54.9115578830242,38.2737015783787,15.2776817977428,13903.6601602733,6.14578941464424,0,97.6594080030918,0.688031554222107,11.6786432862282,19.4951376914978,37.1537196934223,2.77798944711685,73.1131467521191,60.1124469339848,0.554700195789337,45.4965391457081,15.0871387124062,153.792340606451,11748.802586332,4856.00503990054,3.34540575742722,4.59265527129173,22.7742456793785,269.533724248409,12.0124825537205,100.201834619045,6.11834269762039,109.23916426301,34.5121355056763,20.2280398309231,5.28415036201477,4.60736986994743,7.22350001335144,0,1.638352394104,0,5.14156657457352,0,0,0,0,0,0.818490475416183,0,0,10.3946062028408,1.68621397018433,6.46089833974838,3.10319536924362,2.39538085460663,0.379895746707916,0,0,1.41438019275665,0.941323161125183,0,0,0,0,0.475408881902695,2.48389840126038,0,31.5898769795895,0,0,0.588472187519073,38.8545774817467,0,5.09809470176697,0,0,0,7.49564206600189,3.15125581622124
0.829642415046692,0,55.3371660113335,0,0,0,24.0294217467308,4.25451129674911,1061.74496951699,3.75027704238892,156.590279042721,0.434968322515488,1374.09907120466,1.0451802611351,2.30959555506706,1909.98678794503,32.6302199959755,21.1588128209114,70.5891563296318,1.04078683257103,204.587954163551,8080.93847742677,250.370453357697,3079.17083850503,3197.92339122295,509.42280843854,24742.8345192373,417.51713052392,22.9281301796436,4.85285240411758,48.0248033702374,0.998156070709229,3.60393184423447,98.7421156466007,12.5020157396793,128.931147992611,326.032623231411,144.95862647891,61.665717035532,2.90651899576187,4.38928318023682,183.76139485836,40.4049034118652,164.867900907993,27.3132089674473,53.8955328166485,1.16690969467163,0,0.403756558895111,0,3178.5726865232,32.4794133603573,1.19882953166962,0,0,0.60401850938797,1.03997173905373,12.7910380959511,0.5145103931427,30.0647836327553,0,104.817838460207,1.80184128880501,1.67453962564468,146.137164026499,43.6710923314095,5.04516208171844,34.5846412181854,0,10.9735264182091,93.0446479916573,26.9061824083328,44.6151490807533,170.954792559147,342.192973285913,7245.12088415027,24.0081153512001,0,0,27.4224709272385,0,0,31.114910274744,1.8142774105072
37.2310165762901,55.3371660113335,0,5.14212822914124,0,12.2619550824165,1168.868524611,547.556160867214,2.1235603094101,19.6743434369564,97.6491785347462,1.14279156923294,0.899694621562958,632.109608456492,32.5954856276512,117.567741841078,12817.7905814648,220.568979024887,1867.01691353321,2.86161953210831,1384.56592026353,32.503892570734,40415.3322337866,345.244153797626,5.67804166674614,49720.3227301538,30960.231403172,965.671857044101,413.995652496815,1294.32141393423,1.04170873761177,3.60529980063438,9.59234449267387,4149.43550121784,813.599587291479,5782.87382498384,5382.00957295299,4242.27310609818,4153.39446604252,155.252275437117,45.3274300694466,4.52689823508263,107.592670559883,125.320775091648,40.1091474294662,99.2359204590321,13.8687996566296,3.89751708507538,0,0,243.421642512083,572.519136309624,0,8.18270033597946,0.56537914276123,2.35217219591141,0,17.7368161082268,0.300331860780716,4.72669011354446,0,0.912995159626007,0,20.5390130877495,170.876369357109,196.394414037466,1.69473314285278,45.8612561225891,0,11.5531891584396,88.3966782987118,97.7476272881031,58.5619033873081,0.80357813835144,1735.57178476453,11646.5606712997,71.0184971690178,0,3.39274019002914,1.09814122319221,0,0,47.8671503663063,505.128604471684
5.80357030034065,0,5.14212822914124,0,8.93612912297249,184.97119897604,280.986869037151,277.636068075895,1151.42370399833,10005.9807054698,27.6233356893063,5395.53676691651,11.0884226262569,99.5302110016346,104.399454951286,0,2.82527121901512,0.802621066570282,5.62433689832687,47064.0944241583,4.70737573504448,4.02718564867973,10.734007537365,5905.09767636657,0.521887421607971,2.89499720931053,2.38872003555298,9734.70169126987,133.372442498803,42.565432459116,0,25.3023639321327,0.889839172363281,237.462802216411,29.3967951536179,346.932864010334,24.3986926674843,299.212824761868,110.291111588478,216.331411272287,50.5936550498009,21.846814006567,57.6717212498188,0,30.1480357050896,4.88801977038383,56.0325447022915,10.5639840066433,0.486893326044083,0,3.26699650287628,0,890.577947020531,2.81828090548515,24.6741769611835,155.695421338081,50.427053630352,613.672748059034,255.466794729233,73.1858271956444,504.578815579414,0,19.0861493349075,17.0893503725529,0,0,0,0,319.389237374067,0.473398834466934,12.7974987924099,1.11807066202164,832.276437819004,2.05691117048264,0,2.83561426401138,720.971887528896,5.47634252905846,5.11151650547981,0,0,0,43.4660397768021,1.23966345191002
1.11341154575348,0,0,8.93612912297249,0,2346.37517929077,36.8363738954067,327.339169472456,518.660546481609,71.0925010144711,1.94254469871521,500.932598769665,0.640001475811005,5.94109731912613,6706.69943153858,15.3669865131378,8.9492871761322,0,0,51.4512295126915,95.6549962759018,2.1191258430481,128.627861559391,73.2138043045998,0,0.751357316970825,10.7524746656418,62.51203083992,24.549292832613,54.8750928640366,0,447.299722790718,1.95571327209473,772.934683144093,1136.249096632,220.915686279535,25.5880321264267,13.355666667223,34.3130630254745,6850.01667618752,4928.6734187603,0,7.70561051368713,0.649552762508392,0,14.8383550643921,0,0,0,0,0,0,2.15082359313965,0,0.916845917701721,2.2000766992569,0,1.54468968510628,0,4.61614966392517,0.461962848901749,0,0,1.47304737567902,1.48412549495697,0.804458439350128,0.64898806810379,0,0,8.95005178451538,0,11.0616553425789,14.9887419939041,0,0,9.60319274663925,15.7491651773453,0,3.52000856399536,0,0,0,1.98222655057907,196.687069684267
49.2032696008682,0,12.2619550824165,184.97119897604,2346.37517929077,0,1821.51662018895,15769.737218827,365.285285234451,23932.3048527688,309.008439034224,7635.53601157665,121.610683262348,1121.56745700538,2900.65628668666,4.14273035526276,12.6399708092213,13.7182211279869,38.3926177918911,848.638527661562,30.7766733169556,2.09269332885742,49.2873539328575,155.929584652185,3.77800425887108,40.6324648857117,15.3425392210484,1244.51726749539,1002.18953752518,206.366771191359,10.524634629488,105.660265535116,6.36632999777794,893.742936313152,12483.5935586989,2918.77368554473,157.940922915936,671.026619374752,451.412736326456,8949.66462546587,1743.36956447363,76.2332270443439,16.080452978611,3.13894727826118,2.63572347164154,5.20083820819855,18.5080472826958,3.58572679758072,3.83799228072166,0,0,0,14.3167460560799,2.76617562770844,19.1424939632416,22.1636996269226,11.5824802517891,60.5548337996006,18.4425158202648,154.302083134651,49.909359395504,0,1.63677522540092,5.07621574401855,8.97673699259758,0,0,0,6.1924315392971,4.17827558517456,0.798739790916443,1.39723163843155,86.7967878878117,0,0.389495044946671,3.80628246068954,49.9210474938154,2.87628519535065,2.55727112293243,0,0,0,8.17283111810684,968.044803351164
3138.86647674441,24.0294217467308,1168.868524611,280.986869037151,36.8363738954067,1821.51662018895,0,21829.3992668539,468.564225852489,16847.7105180621,403.321243733168,244.381808400154,120.238822430372,36019.4942721277,292.662144511938,9.81520536541939,763.984411180019,24.4781771600246,152.505507856607,325.679681748152,3638.80032631755,75.0085288584232,4256.69892537594,2746.10848107934,14.9788579344749,615.20078715682,235.833856582642,23184.9726090133,6163.24397744238,22362.8473985493,9.03724649548531,152.738174259663,205.928909063339,4160.56358321011,520.201098650694,3867.3416377604,557.821516394615,3039.08643010259,1087.408002913,1149.64570778608,375.055720597506,115.60392805934,714.996173799038,20.4791914820671,300.854804575443,72.0238845050335,276.655767560005,56.1992615163326,0.564592063426971,5.94514453411102,8.0876624584198,4.56019356846809,604.75220516324,7.49779269099236,93.7311831712723,1569.91012310982,464.689183533192,659.104092419147,851.977646499872,207.89657869935,183.955017000437,1.85519441962242,151.554418712854,52.8893088698387,42.1991713941097,1.21884250640869,0,0,169.279686450958,13.0736709535122,53.6143687069416,48.4998388886452,3240.58715814352,3.76487916707993,0.283139079809189,22.681801199913,3869.20446968079,155.048971951008,140.719185888767,0,4.26522046327591,15.8756928741932,350.560845047235,118.624939680099
933.19359254837,4.25451129674911,547.556160867214,277.636068075895,327.339169472456,15769.737218827,21829.3992668539,0,96.2189037203789,18443.8615335673,706.554286122322,3126.04307353497,292.534148216248,26926.731651485,756.434034302831,4.48737964034081,898.79412817955,25.1882857382298,167.123869687319,1483.58495825529,747.379135623574,3.05390340089798,1248.5115288198,407.304681330919,25.8008927702904,396.485538244247,161.759661614895,2565.09768483043,4275.35083784163,7561.19439443946,31.2531439363956,1340.99083590508,19.5861541330814,1969.33400830626,764.325488567352,6231.81478092074,315.850091308355,1668.39200097322,1646.51824966073,5417.76346589625,1159.2031057775,317.422246485949,62.4453890323639,8.59083649516106,13.1432139873505,6.30951905250549,31.5818932056427,3.63567078113556,6.92512288689613,0.709694147109985,2.06405299901962,0,26.5153561830521,2.42136001586914,0.35886424779892,146.581565514207,20.718731045723,90.5830476284027,52.3323535174131,452.908429354429,36.8684745132923,5.68565285205841,9.65407159924507,13.8749465346336,8.45410093665123,0,0,0,15.247792750597,0,5.97733700275421,2.20950841903687,278.823805749416,0.674384534358978,1.20625555515289,3.48585563898087,328.495000958443,7.03765168786049,13.4534960985184,0,0,4.46246689558029,26.5242822170258,145.487998127937
6.15846472978592,1061.74496951699,2.1235603094101,1151.42370399833,518.660546481609,365.285285234451,468.564225852489,96.2189037203789,0,2030.50999236107,16.1211258172989,4075.43482330441,224.261849403381,37.7394586205482,3287.16950893402,11.3411271572113,0.460489153862,0.379278689622879,1.60718402266502,2032.45832684636,9.51096358895302,7742.58862245083,25.3443331122398,27052.506818682,771.673465847969,22.0811831653118,1558.58914539218,3040.71534982324,96.3534630835056,17.9176688492298,3.74185979366302,4.44184130430222,9.51119840145111,87.5777303874493,28.9606452286243,214.864253848791,87.2147661447525,88.3962807953358,63.1148421466351,1433.09379225969,76.8487052619457,114.13780400157,298.688644081354,11.4354365170002,74.759326249361,39.7962359189987,109.144378513098,33.7300218343735,3.89304268360138,5.03260028362274,16.8360676765442,6.51543354988098,448.341973721981,4.02142918109894,77.0291209220886,296.174252420664,156.334875226021,3594.9344855845,253.337183207273,419.734324395657,137.222974091768,7.4660416841507,49.1518921852112,23.1313152909279,186.937968194485,5.80572909116745,2.4364567399025,1.00061058998108,132.461234271526,20.6609846949577,199.949373602867,21.3105576038361,2649.45116424561,7.91759958863258,3.77253302931786,29.9492507874966,1770.5698890686,77.7735189199448,92.6940196156502,0.935597211122513,4.33162868022919,0,135.962092846632,22.8046697378159
131.950434148312,3.75027704238892,19.6743434369564,10005.9807054698,71.0925010144711,23932.3048527688,16847.7105180621,18443.8615335673,2030.50999236107,0,1156.765080899,8200.29484811425,279.827235162258,6120.8251529783,647.980256736279,0,42.7160926759243,46.8655236959457,202.401206761599,19851.820873484,42.0452352613211,7.73978692293167,56.4807314574718,2075.1456964314,15.0028634369373,137.177814096212,22.69123005867,23852.592028141,4202.21182760596,337.963227435946,7.6392687857151,204.252793610096,5.54111948609352,3619.03723758459,851.989531159401,4059.70314241946,316.784325033426,3083.21138173342,787.770142167807,2542.03559428453,397.631461709738,147.2205760777,55.4577746391296,3.32835221290588,27.5466983318329,2.18365687131882,72.4892959594727,10.9277006387711,4.24983030557632,0.987607061862946,0.892254590988159,0,425.685169994831,3.79329434037209,18.1711891293526,191.235784888268,73.4013501107693,940.702413290739,277.781501039863,191.192141294479,471.016099691391,0.328758269548416,16.9638561606407,20.1583203971386,5.30902424454689,0,0,0,175.363736212254,0.923579692840576,11.4003341794014,0.417094588279724,855.080970585346,0,0.286961317062378,1.13037106394768,758.330565154552,11.7406496405602,1.79119953513145,0,0,1.20687878131866,31.5781905651093,41.5996968746185
54.9115578830242,156.590279042721,97.6491785347462,27.6233356893063,1.94254469871521,309.008439034224,403.321243733168,706.554286122322,16.1211258172989,1156.765080899,0,303.086693108082,10575.4600123763,697.74784719944,53.3440269827843,5.78061938285828,364.329026788473,9094.23367023468,6067.59894356132,184.453959405422,17.9950183033943,36.5374382734299,110.711224496365,60.8452581167221,761.205361902714,7711.02847826481,787.023541301489,210.639965817332,1854.35571026802,166.644823282957,976.598976790905,308.874392330647,7.37334847450256,12733.6636656523,212.15683594346,1974.88258853555,6012.48260211945,9805.45334294438,2260.93429708481,238.885285437107,87.2184140980244,1457.25909566879,14.1586689949036,2276.77841743827,15.4478242099285,11.5274423956871,3.08251017332077,3.34133291244507,415.882432579994,0,16.5881316661835,0.99473637342453,0,5.21627336740494,0.800660014152527,0,0,4.89842218160629,0,515.231209456921,2.49213072657585,1594.30332642794,1.14877671003342,4.77734065055847,1.5805826485157,0,2.95529210567474,1.98375099897385,0,0,5.4043396115303,0.812010884284973,2.02144515514374,95.204716026783,222.393932461739,440.719771802425,2.15894508361816,0,0,198.455222159624,0,0,14.4801661968231,101.83514124155
38.2737015783787,0.434968322515488,1.14279156923294,5395.53676691651,500.932598769665,7635.53601157665,244.381808400154,3126.04307353497,4075.43482330441,8200.29484811425,303.086693108082,0,84.6596069335938,714.500546470284,3364.26847085357,0,10.6831786930561,12.1049174368382,44.906936198473,30201.1519415677,6.54490691423416,8.55402943491936,11.0915896594524,1759.62951430678,0,35.2310770750046,18.8578976690769,2893.59628656507,855.701800972223,72.2737525999546,4.53402924537659,60.6578977704048,0.310847163200378,874.821169257164,21277.9465399384,860.934782445431,89.0887655615807,726.179929643869,194.904372900724,5248.5956736505,160.799291461706,101.165116876364,69.2438628673553,6.01995518803596,10.1270911991596,11.3014380037785,75.9345881938934,18.3541810512543,2.07033973932266,0,0.473537415266037,1.86508533358574,282.306239157915,5.61874783039093,77.3086196482182,87.8462974131107,55.6706971228123,739.209162682295,239.329726338387,426.890849530697,649.929116874933,0,23.3058816194534,33.2982400357723,0,0,0,0,173.203050553799,2.35581946372986,2.30617243051529,0.98630428314209,449.594425290823,0,1.15631034970284,7.01477426290512,350.153134405613,7.99874627590179,6.33184093236923,0,0,0,47.2646153569221,2613.83532378078
15.2776817977428,1374.09907120466,0.899694621562958,11.0884226262569,0.640001475811005,121.610683262348,120.238822430372,292.534148216248,224.261849403381,279.827235162258,10575.4600123763,84.6596069335938,0,213.680429756641,12.9666256010532,7.01370733976364,0.578901290893555,25.1479936540127,18.2106399834156,62.9496937096119,5.35891154408455,372.701440870762,10.5394686460495,320.153339967132,8987.00161829591,503.338146239519,3553.78157123923,92.8429360091686,510.084730923176,45.6464684009552,2662.45481097698,141.533349424601,0.343061178922653,3756.19227236509,35.4101023674011,533.294733166695,4960.58552986383,3278.80811083317,349.813557952642,131.401853263378,364.042111635208,8239.91955003142,10.4082167744637,9010.33361822367,48.5383981466293,14.7058890759945,1.34507322311401,1.21651780605316,2190.62402391434,1.80800199508667,100.538445830345,0,0.848016560077667,0,1.46175181865692,0,2.15375059843063,9.13681247830391,0,2503.66090288758,5.62607896327972,8675.38829061389,11.749294936657,0,7.94862544536591,0,10.2991181015968,11.387479364872,0,0,15.3382437825203,0,3.67013072967529,691.38108164072,1163.11555540562,2519.41753184795,0,10.8954842090607,0,1017.03157249093,12.7822105884552,0,72.3855960965157,8.43798291683197
13903.6601602733,1.0451802611351,632.109608456492,99.5302110016346,5.94109731912613,1121.56745700538,36019.4942721277,26926.731651485,37.7394586205482,6120.8251529783,697.74784719944,714.500546470284,213.680429756641,0,76.2510972619057,0.958705633878708,1342.82296547294,37.7967871129513,195.39889729023,597.83232024312,801.992734998465,2.95650869607925,1432.52656495571,226.818003073335,10.0233989953995,467.564527645707,203.714506626129,1255.29831622541,20855.4543515891,25869.0970965624,25.4483089148998,788.157757252455,25.4901969134808,2633.31509149075,100.936224788427,1060.33359333873,140.45789411664,1078.60074003041,476.770947188139,348.693516045809,159.85713788867,93.0992303490639,26.2136645317078,6.20100063085556,20.4631181657314,0,11.5686987936497,1.96328639984131,1.05097806453705,0,0.377634972333908,0,11.8582801222801,0,1.98359736800194,63.296147942543,8.20822116732597,46.1217588186264,32.6704307794571,93.9867004752159,15.8974007070065,3.51967683434486,2.11522516608238,3.1811897456646,1.88379073143005,0,0,0,0.84806489944458,0,0.368623912334442,2.45315018296242,144.697762727737,0,0,9.34704706072807,158.914123117924,4.64026293158531,7.57718938589096,0,0,0,20.6633826494217,17.8653448224068
6.14578941464424,2.30959555506706,32.5954856276512,104.399454951286,6706.69943153858,2900.65628668666,292.662144511938,756.434034302831,3287.16950893402,647.980256736279,53.3440269827843,3364.26847085357,12.9666256010532,76.2510972619057,0,64.6248402893543,50.5717380046844,8.03361904621124,15.8149530291557,390.575451731682,397.793526530266,18.5159659087658,459.134118020535,726.297245442867,2.17326766252518,69.5422587096691,121.185153782368,677.483405292034,137.862518876791,298.092369556427,2.04440540075302,157.472258925438,6.0040634572506,152.506000936031,2945.30877777934,466.915451914072,279.635246217251,202.065224170685,182.925840288401,6693.90849739313,363.527338445187,26.0552769601345,28.1327093839645,20.2702503800392,5.46894729137421,72.466388374567,5.31389379501343,0.995325863361359,0,0,0,5.39093315601349,0,0,3.52899062633514,29.3149893283844,3.37056654691696,26.4889213740826,7.87219998240471,26.275922358036,14.5438176989555,0,2.48241919279099,3.3100254535675,12.2729516029358,12.0706139802933,1.2605504989624,3.11661982536316,0,18.8924619853497,11.799395442009,58.7189304232597,78.2675060927868,0,14.5940299630165,42.8311601877213,127.680582255125,9.18125480413437,20.6367215514183,0,0,3.11348438262939,4.87322109937668,856.105463653803
0,1909.98678794503,117.567741841078,0,15.3669865131378,4.14273035526276,9.81520536541939,4.48737964034081,11.3411271572113,0,5.78061938285828,0,7.01370733976364,0.958705633878708,64.6248402893543,0,42.1595803201199,0,5.46606341004372,0,18799.9304724634,2987.51750180125,14148.2351125777,3564.08902823925,91.7886281013489,40.6243937015533,9445.87741473317,1742.46970281005,5.77345818281174,22.6054911613464,0.556056141853333,2.60924905538559,0,291.64959743619,724.554334759712,4312.00236481428,2492.23936477304,1083.23972693086,788.435483634472,110.340746611357,20.7141119241714,4.59646642208099,254.212446153164,176.976868510246,42.54762378335,45.5541525781155,34.8846004009247,1.48626464605331,0,2.30687403678894,349.382126539946,137.9886469841,0.651776611804962,0.931188225746155,1.19606924057007,24.6857955157757,9.08954355120659,40.9973305761814,8.01821377873421,2.60914480686188,2.24412715435028,0.398252069950104,3.3218080997467,15.1438205242157,12983.5795637667,11.2955076098442,0.965989410877228,1.67335033416748,1.19628620147705,1023.15285393596,3909.93979853392,4705.47579738498,1095.4951120615,3.51914489269257,26.9820879399776,5394.48378935456,2106.52202063799,1.644207239151,37.0071643292904,0,0,0.975131869316101,30.7314976751804,273.045193165541
97.6594080030918,32.6302199959755,12817.7905814648,2.82527121901512,8.9492871761322,12.6399708092213,763.984411180019,898.79412817955,0.460489153862,42.7160926759243,364.329026788473,10.6831786930561,0.578901290893555,1342.82296547294,50.5717380046844,42.1595803201199,0,414.166666001081,5007.58934381604,11.0440481603146,2632.90331420302,10.155742675066,9461.53833213449,73.2847217917442,2.48719638586044,13809.9498709142,14625.0574450791,919.130190819502,1029.54401212931,5492.17716443539,3.24145856499672,3.83982849121094,22.1882488131523,15908.8044501841,533.112679243088,2947.48836234212,1907.21753722429,6875.49482277036,3276.78965497017,129.965428978205,35.3403981626034,3.37359988689423,30.7200390994549,17.2369058728218,0.96992039680481,13.3674829602242,8.4993057847023,0,0,0,32.2084333300591,41.7153047919273,0,7.48940283060074,0,0,1.54710853099823,0,0,1.23223388195038,1.11905288696289,0.943586558103561,0,15.1101740896702,11.2922403812408,8.08541885018349,0,0.894997894763947,0,0,6.64433553814888,4.42648401856422,5.7991997897625,0,82.4676351845264,689.378066837788,3.32523432374001,0,1.96632951498032,0,0,0,3.83178451657295,228.905253827572
0.688031554222107,21.1588128209114,220.568979024887,0.802621066570282,0,13.7182211279869,24.4781771600246,25.1882857382298,0.379278689622879,46.8655236959457,9094.23367023468,12.1049174368382,25.1479936540127,37.7967871129513,8.03361904621124,0,414.166666001081,0,3834.93423959613,7.56257656216621,10.1300916969776,3.0943666100502,96.2687910497189,2.58356761932373,5.39489993453026,4388.17593953013,939.338304787874,12.4550223052502,89.8065302670002,46.4545374810696,92.2012116611004,4.43974429368973,1.5823175907135,881.282658517361,66.5336982309818,506.757084608078,2540.49422991276,1766.414419204,794.316506922245,11.5936840772629,5.73182201385498,1.63832688331604,5.69558766484261,21.3165158927441,0.437783509492874,1.37399244308472,0.473028481006622,0,0,0,4.50357306003571,2.3609733581543,0,0.589429318904877,0,0,0.515498995780945,0,0,7.82246273756027,0,9.46733820438385,0,0.761133790016174,0,0,0.416912853717804,0,0,0,0,0,0.354751169681549,1.52216416597366,43.3217469453812,193.244906902313,0,0,0,4.38606387376785,0,0,0,27.9929939210415
11.6786432862282,70.5891563296318,1867.01691353321,5.62433689832687,0,38.3926177918911,152.505507856607,167.123869687319,1.60718402266502,202.401206761599,6067.59894356132,44.906936198473,18.2106399834156,195.39889729023,15.8149530291557,5.46606341004372,5007.58934381604,3834.93423959613,0,36.7499363720417,143.765163630247,11.1392161846161,1078.08367291093,16.188294261694,17.9254260957241,19808.6918040812,5669.8154117167,92.8751728832722,294.101790070534,442.271884053946,34.5320128500462,13.7017063200474,1.16192054748535,12711.816118598,608.521581381559,3913.05959561467,4739.69984304905,8630.58862730861,5221.43098524213,55.1535589993,44.1221899390221,3.63082772493362,40.2933577895164,21.1001866161823,0,11.5807896852493,9.1083105802536,0,0.491576254367828,0,40.3992304503918,3.53560698032379,0,5.63752913475037,0,0,0,3.62072575092316,0,4.3474503159523,0,15.0087952017784,0,17.0517217218876,1.29196894168854,1.41719877719879,0.884890913963318,2.44410520792007,0,0,0,1.94425547122955,2.62190771102905,7.6746940612793,105.436419814825,602.055118352175,0,0,1.19231104850769,12.7194803059101,0,0,0,372.231644451618
19.4951376914978,1.04078683257103,2.86161953210831,47064.0944241583,51.4512295126915,848.638527661562,325.679681748152,1483.58495825529,2032.45832684636,19851.820873484,184.453959405422,30201.1519415677,62.9496937096119,597.83232024312,390.575451731682,0,11.0440481603146,7.56257656216621,36.7499363720417,0,5.1112784743309,4.27168780565262,5.12499892711639,3706.93597725034,5.234938621521,26.9291887581348,8.65600216388702,9628.57881952822,765.444712862372,44.1062375605106,1.9611359834671,36.1509673297405,0.350103199481964,591.13554084301,55.6787442564964,767.656439721584,87.77842476964,533.436515331268,142.160815626383,618.844491481781,80.78476151824,59.2029848992825,53.1268415749073,0.76629376411438,12.5824382305145,4.14207151532173,69.4501511156559,5.96559977531433,0,0,0.753748089075089,0,658.593888252974,0.53890734910965,37.4036867916584,99.3638485968113,67.7034502327442,629.707282304764,225.397826522589,110.961048036814,871.262988805771,0,10.6649380624294,26.5349411070347,3.33423578739166,0,0,0,131.889002293348,0,2.5785850584507,0.520179748535156,639.188055187464,0.72843986749649,0,0.92483177781105,470.877385705709,4.37251031398773,2.88597619533539,0,0,0,33.2467111051083,7.06392803788185
37.1537196934223,204.587954163551,1384.56592026353,4.70737573504448,95.6549962759018,30.7766733169556,3638.80032631755,747.379135623574,9.51096358895302,42.0452352613211,17.9950183033943,6.54490691423416,5.35891154408455,801.992734998465,397.793526530266,18799.9304724634,2632.90331420302,10.1300916969776,143.765163630247,5.1112784743309,0,557.311127245426,38385.4849662781,1595.24921384454,25.1585205495358,453.930633872747,1524.4738702178,13966.505245477,552.812188997865,30349.0331156552,0,12.572051346302,13.2862729728222,14952.6518085599,2741.77547004819,10391.7675827742,1053.13987568021,10192.2836739719,3519.31501740217,562.65384054184,118.150026082993,17.8435304760933,160.799921095371,24.4247348606586,14.6844319701195,21.2757632434368,19.0541483163834,1.04267942905426,0.538250505924225,0,32.1921220719814,27.1397403180599,0.584644496440887,9.71266883611679,1.80991989374161,5.49669137597084,3.81100648641586,31.3550648093224,1.72209492325783,13.6644111871719,0.813221156597137,0.917276799678802,4.51065468788147,42.1715841889381,1739.09456840158,1.30515038967133,0,0,0,295.300582021475,962.28181257844,325.234585165977,327.801003247499,1.097496509552,1.8447722196579,631.841943770647,630.004157096148,1.98170524835587,29.4256700575352,0,0,1.49087727069855,7.87330514192581,859.288216888905
2.77798944711685,8080.93847742677,32.503892570734,4.02718564867973,2.1191258430481,2.09269332885742,75.0085288584232,3.05390340089798,7742.58862245083,7.73978692293167,36.5374382734299,8.55402943491936,372.701440870762,2.95650869607925,18.5159659087658,2987.51750180125,10.155742675066,3.0943666100502,11.1392161846161,4.27168780565262,557.311127245426,0,507.786389559507,14405.1787619293,2923.02500337362,78.1409488022327,7642.72586265206,1182.55496513844,87.3270818889141,20.4643248319626,11.1729335784912,0,5.32971239089966,88.1662493944168,30.303989470005,193.677620917559,102.117161482573,65.8159710168839,42.0496052205563,24.6961234807968,9.61025089025497,28.3883548974991,124.094535917044,41.2619496881962,36.246535629034,16.8625779747963,12.4606354832649,2.80736237764359,0,0,276.320344090462,24.3899784386158,2.88780081272125,0,1.88250339031219,18.2778989672661,11.0342000722885,159.523872256279,3.53751510381699,4.6884024143219,0,11.0114784538746,7.91888865828514,1.68358767032623,3019.60596886277,3.27189627289772,0,5.42638367414474,0,486.061586409807,1185.9752522409,443.171764850616,994.761106818914,2.79750192165375,26.3035474121571,1222.07170537114,1478.20567241311,23.2470977008343,89.4371721446514,0.359872698783875,0,6.86776024103165,25.4167238473892,19.5497955679893
73.1131467521191,250.370453357697,40415.3322337866,10.734007537365,128.627861559391,49.2873539328575,4256.69892537594,1248.5115288198,25.3443331122398,56.4807314574718,110.711224496365,11.0915896594524,10.5394686460495,1432.52656495571,459.134118020535,14148.2351125777,9461.53833213449,96.2687910497189,1078.08367291093,5.12499892711639,38385.4849662781,507.786389559507,0,2450.81676888466,27.6607573926449,4162.97880360484,30377.1290845573,7945.96983575821,980.209194421768,10516.1260447502,3.40589109063148,18.6353517770767,34.0296711921692,28196.8140322864,6929.0705601871,28495.7309995592,11504.1133489013,27142.8381990641,12789.9518684447,1033.72569873929,250.152660936117,34.7148436903954,463.760669022799,99.5857576727867,30.4549340307713,101.833064436913,98.2368032932281,5.46557539701462,0,0,156.420310467482,455.884022802114,0,23.7028103470802,2.82873973250389,25.5522080659866,6.10531252622604,86.0178937315941,6.37075641751289,13.5875641107559,9.45345079898834,0,1.13947814702988,163.260830789804,6600.96848911047,29.3784403204918,0,4.14655697345734,0,377.494718402624,1418.57723224163,3589.04921221733,607.642733246088,1.10765409469604,71.5431298017502,9128.9349411726,1125.86872783303,6.34126168489456,29.0035184025764,0,0,1.38040894269943,25.5489830374718,2736.12877804041
60.1124469339848,3079.17083850503,345.244153797626,5905.09767636657,73.2138043045998,155.929584652185,2746.10848107934,407.304681330919,27052.506818682,2075.1456964314,60.8452581167221,1759.62951430678,320.153339967132,226.818003073335,726.297245442867,3564.08902823925,73.2847217917442,2.58356761932373,16.188294261694,3706.93597725034,1595.24921384454,14405.1787619293,2450.81676888466,0,1598.75582581758,122.456245914102,3821.30617162585,24987.1874923408,1402.43964621425,1045.62236434221,6.43933349847794,38.7366795241833,150.029975622892,1369.31126062572,790.299886137247,4248.55969750881,1132.74288725853,1464.01922988892,798.16033783555,702.991122484207,153.049829483032,97.4046642184258,2646.64466479421,147.96285662055,968.790543884039,271.674872726202,642.916386067867,153.873532235622,10.3365029394627,31.1491537690163,180.772568672895,51.7133488357067,1902.33694338799,26.6119454205036,369.143145620823,3377.3490383476,1140.66019079089,5928.38154241443,1991.50501075387,372.98907327652,476.498945713043,14.8494099080563,398.557111948729,116.143491446972,4167.99449563026,14.0941054224968,0.439847111701965,3.96006006002426,518.490546196699,676.148118644953,2912.46572318673,563.218858748674,15757.9756880403,48.9877712130547,6.73366746306419,876.187008321285,14927.4738728702,576.270326554775,1235.91986709833,0.974113374948502,25.6717183887959,90.8857063949108,1054.95563524961,315.599408358335
0.554700195789337,3197.92339122295,5.67804166674614,0.521887421607971,0,3.77800425887108,14.9788579344749,25.8008927702904,771.673465847969,15.0028634369373,761.205361902714,0,8987.00161829591,10.0233989953995,2.17326766252518,91.7886281013489,2.48719638586044,5.39489993453026,17.9254260957241,5.234938621521,25.1585205495358,2923.02500337362,27.6607573926449,1598.75582581758,0,179.28407907486,4731.20488515496,151.896609887481,28.3339014351368,6.54434499144554,73.1270844340324,6.64869493246078,1.49869385361671,328.598507285118,2.90771585702896,52.8092354238033,105.756446987391,370.086802124977,22.4761381149292,9.99793446063995,61.2026271820068,3037.28679722548,5.0770046710968,294.70256409049,13.3350370824337,5.93529081344604,0.356186807155609,0,64.7282884716988,0,59.2735940217972,0,0,0,0,0,0,7.3996667265892,0.487447887659073,260.61337479949,0.38303217291832,2026.03051024675,0.4341681599617,0,11.9868915975094,0,4.05024075508118,5.55511435866356,0,0,17.3053934574127,1.41998600959778,7.13441705703735,555.380164116621,293.663541197777,2546.57796216011,3.82462966442108,2.85872513055801,0,290.689347863197,0,0,9.98791149258614,0.411641955375671
45.4965391457081,509.42280843854,49720.3227301538,2.89499720931053,0.751357316970825,40.6324648857117,615.20078715682,396.485538244247,22.0811831653118,137.177814096212,7711.02847826481,35.2310770750046,503.338146239519,467.564527645707,69.5422587096691,40.6243937015533,13809.9498709142,4388.17593953013,19808.6918040812,26.9291887581348,453.930633872747,78.1409488022327,4162.97880360484,122.456245914102,179.28407907486,0,17630.0114742517,315.764396697283,533.584582209587,761.115292310715,320.787251800299,24.8654335737228,8.97706460952759,6512.70198535919,1070.51664894819,7871.43353274465,23894.3083379269,10328.2473991811,7257.94634231925,131.191975682974,76.0386738479137,56.5799917280674,105.263904213905,1551.90387997031,70.2090679109097,77.9335259199142,17.0027710199356,0,51.8222575187683,0,486.774674683809,50.753577798605,0,6.03416162729263,0,0,0.739091992378235,4.16205048561096,0,295.174057722092,0,943.588892489672,0,36.8580745458603,34.4761629402637,35.919661462307,52.2257823050022,56.7405773699284,0,1.91095077991486,26.0501337647438,15.118972748518,8.7610856294632,223.452389031649,3198.01141038537,15136.452955693,3.62112572789192,2.1530254483223,0.406145930290222,314.327145516872,0,0,51.8298369348049,526.800399661064
15.0871387124062,24742.8345192373,30960.231403172,2.38872003555298,10.7524746656418,15.3425392210484,235.833856582642,161.759661614895,1558.58914539218,22.69123005867,787.023541301489,18.8578976690769,3553.78157123923,203.714506626129,121.185153782368,9445.87741473317,14625.0574450791,939.338304787874,5669.8154117167,8.65600216388702,1524.4738702178,7642.72586265206,30377.1290845573,3821.30617162585,4731.20488515496,17630.0114742517,0,1442.66863170266,231.460533678532,567.904141873121,767.045305669308,20.3385747671127,8.13224935531616,10767.8285879791,3891.5769212842,22997.8392950892,25757.8902809024,16294.1513066292,14764.607827723,573.078872025013,217.256518125534,117.079751640558,950.060217559338,4964.41108468175,550.130617380142,841.4756539464,121.808723986149,12.713948905468,129.270265817642,0.788584172725677,14665.6131381392,2984.67945218086,1.10613745450974,26.1937287151814,2.69582766294479,15.6579149961472,6.41348397731781,57.51013854146,5.35340654850006,1239.56599202752,6.19237345457077,4633.47262531519,5.1045429110527,86.3567920327187,5163.83370473981,1141.68404951692,213.997284680605,650.057347387075,0.809413373470306,170.592593729496,2740.95061713457,3820.57888871431,548.627159386873,2026.70146146417,19543.3790618181,169730.3329705,878.310357093811,3.57621133327484,11.1829003095627,1605.84861537814,0,0,627.270061612129,2018.76657649875
153.792340606451,417.51713052392,965.671857044101,9734.70169126987,62.51203083992,1244.51726749539,23184.9726090133,2565.09768483043,3040.71534982324,23852.592028141,210.639965817332,2893.59628656507,92.8429360091686,1255.29831622541,677.483405292034,1742.46970281005,919.130190819502,12.4550223052502,92.8751728832722,9628.57881952822,13966.505245477,1182.55496513844,7945.96983575821,24987.1874923408,151.896609887481,315.764396697283,1442.66863170266,0,3340.11556562781,37623.7744590789,3.10041436553001,170.140793055296,240.807421803474,5251.00818808377,1981.08943071961,10691.3771298528,1420.09564128518,5692.65427936614,2482.35668192804,1591.75927436352,509.38285523653,152.026844114065,1262.63906162977,81.3664285242558,496.942549139261,134.225300073624,464.710687607527,57.7407622933388,0.61034619808197,9.94486516714096,70.1706045567989,51.7421515882015,1236.18384180963,20.2730415165424,97.2481097579002,2015.810925439,534.123154237866,2584.35675394535,1296.21932438016,259.218699902296,369.681442290545,1.54198944568634,161.362739801407,111.977013528347,2509.70561951399,4.83033680915833,0,0,372.590958595276,376.965374022722,1525.57914838195,504.958460003138,7194.34920731187,7.83116534352303,4.34961518645287,1055.61491262913,7968.63936719298,252.550344288349,562.849197357893,0,6.23419797420502,34.1077629029751,542.95483571291,497.586371839046
11748.802586332,22.9281301796436,413.995652496815,133.372442498803,24.549292832613,1002.18953752518,6163.24397744238,4275.35083784163,96.3534630835056,4202.21182760596,1854.35571026802,855.701800972223,510.084730923176,20855.4543515891,137.862518876791,5.77345818281174,1029.54401212931,89.8065302670002,294.101790070534,765.444712862372,552.812188997865,87.3270818889141,980.209194421768,1402.43964621425,28.3339014351368,533.584582209587,231.460533678532,3340.11556562781,0,11945.2429851592,52.8585996031761,624.359221100807,11176.1941074431,7336.03256703913,416.839774042368,2144.95405980945,319.545456826687,2399.66933742166,936.313106656075,653.733883470297,205.293284773827,175.141400784254,238.681394219398,17.2201778292656,83.537208199501,21.8960256576538,53.3057614564896,3.90230304002762,4.16236910223961,1.24410712718964,1.21288332343102,2.803601115942,33.6810042858124,3.60029584169388,6.82970881462097,286.242462858558,35.832108259201,233.054741442204,71.3032813966274,175.455915778875,28.4801374077797,3.84734904766083,17.4974962770939,15.3325407207012,51.723994165659,3.08241391181946,0,0,4.34646940231323,7.29285115003586,25.3507300019264,7.08518308401108,969.542913556099,1.81971049308777,0,10.1362888514996,1016.80241039395,50.0258017778397,139.811072409153,0,1.21270143985748,8.3539092540741,80.7870524823666,106.568101495504
4856.00503990054,4.85285240411758,1294.32141393423,42.565432459116,54.8750928640366,206.366771191359,22362.8473985493,7561.19439443946,17.9176688492298,337.963227435946,166.644823282957,72.2737525999546,45.6464684009552,25869.0970965624,298.092369556427,22.6054911613464,5492.17716443539,46.4545374810696,442.271884053946,44.1062375605106,30349.0331156552,20.4643248319626,10516.1260447502,1045.62236434221,6.54434499144554,761.115292310715,567.904141873121,37623.7744590789,11945.2429851592,0,5.39937719702721,36.3342879414558,326.651841193438,11863.7750158608,1258.58675706387,3304.42111802101,608.848686695099,5091.46359410882,1553.06716808677,654.35262876749,152.137292742729,43.4412180185318,69.6453058719635,7.26841253042221,13.9783385396004,8.49696278572083,8.83713880181313,0,0,0,4.96500939130783,3.36795303225517,2.13334065675735,4.74268561601639,1.55526620149612,30.1337704956532,4.56657922267914,48.3157516419888,4.50849857926369,27.6135606467724,6.58004486560822,0,0.459850192070007,28.9455569088459,58.1812137663364,0.794480323791504,0,1.50974786281586,0,4.80559286475182,23.7221195101738,3.12644580006599,154.719582438469,0.576498627662659,4.11129215359688,43.2200865745544,161.922018289566,2.88620594143867,38.3429448306561,0,0,3.2407254576683,13.870437681675,356.984209120274
3.34540575742722,48.0248033702374,1.04170873761177,0,0,10.524634629488,9.03724649548531,31.2531439363956,3.74185979366302,7.6392687857151,976.598976790905,4.53402924537659,2662.45481097698,25.4483089148998,2.04440540075302,0.556056141853333,3.24145856499672,92.2012116611004,34.5320128500462,1.9611359834671,0,11.1729335784912,3.40589109063148,6.43933349847794,73.1270844340324,320.787251800299,767.045305669308,3.10041436553001,52.8585996031761,5.39937719702721,0,8.64803567528725,0,318.200578063726,15.527447104454,166.123734891415,2573.85416537523,1034.14847609401,230.364100396633,10.8864006400108,3.82556915283203,59.1355015933514,0,1548.57935935259,3.18377441167831,0.643890142440796,0,0,66.8934432566166,0,30.309140920639,0,0,0,0,0,0,0.361213058233261,0,336.289706647396,0.881042718887329,941.10096758604,0.492244899272919,1.00027024745941,0.345855325460434,0,8.79506319761276,2.30396717786789,0,0,0.666232645511627,0,0,11.6538280546665,524.992407500744,1220.69990706444,0,0,0,277.997699528933,0,0,5.90747439861298,6.09897458553314
4.59265527129173,0.998156070709229,3.60529980063438,25.3023639321327,447.299722790718,105.660265535116,152.738174259663,1340.99083590508,4.44184130430222,204.252793610096,308.874392330647,60.6578977704048,141.533349424601,788.157757252455,157.472258925438,2.60924905538559,3.83982849121094,4.43974429368973,13.7017063200474,36.1509673297405,12.572051346302,0,18.6353517770767,38.7366795241833,6.64869493246078,24.8654335737228,20.3385747671127,170.140793055296,624.359221100807,36.3342879414558,8.64803567528725,0,3.65498352050781,10929.6651769876,87.6035934984684,931.187687307596,71.6424897611141,395.244286417961,684.129787683487,254.966588377953,3878.63787698746,123.062149584293,4.80600038170815,2.26082164049149,0,0,1.34148567914963,0,1.21107578277588,0,0,0,1.89618229866028,0,0,2.20579832792282,0,9.32408499717712,0,200.244685977697,1.62004524469376,1.04468873143196,0,1.6507602930069,4.05983453989029,0,0,0,0,0,0.661881864070892,0,14.4970648884773,0,0,0,8.5388497710228,0,0,0,0,2.25252795219421,1.24356317520142,27.9488593935966
