0,0,0.0218224994968481,0.000619749267453521,0.000107049249484634,0.00790536686156885,0.863099725648537,0.216366601566502,0,0.00666202715079115,0.00112865125972576,0.00324833548635644,0.000168720528620553,1.16985274826866,0.00016319958890081,0.000123257033479929,0.0116802956235983,7.33307078527272e-05,0.000965247009942178,0.000484647068870491,0.00701726279596356,0,0.0260296699511337,0.000787914161247538,0,0.00156638667990106,0.00570062494836531,0.00632818133223739,0.478733588098476,0.672718306129488,0,0.00186394461160628,0.00292385844760225,0.00745863041680595,0.00135242032267967,0.00757025552594462,0.000272602430410159,0.00404646223238782,0.00157585652812191,0.00515783093604013,0.00112742876511796,0.00134252012212097,0.00018652479707036,0,0,0,0,0,0.000305157904997241,0,0,7.18254905557394e-05,0,0,0,7.00080376431585e-05,0,3.76032206241846e-05,0,0,0,0,0,0,0.000157136767703319,0,0,0,0,4.08794526736378e-05,0,8.61602416694287e-05,0,0,0,0.000506698479631626,7.5355835635364e-05,0,0,0,0,0,2.81234550383806e-05,9.49623988243815e-05
0,0,0.000670899778122067,0.000962094017000182,0.000368326982563126,0,0.000244878990464687,0,0.20558024919092,0.000669846624088347,0.00380419884650404,0.00102003552633807,0.0258227816365577,0,0.00616441506960744,0.0156957067488352,0.00120525929097927,9.51498047460079e-05,0.000282682703938365,0.000577135625007731,0.00500781213818673,0.202251670270572,0.00251950684463977,0.203826552709581,0.331996657700751,0.00748618006485713,0.664778215872677,0.0115399551940526,0,7.59790436854363e-05,0.00773264296369376,0.000102204541235447,0,0.00228864406769975,0.000278303686911929,0.00461948640952899,0.00458989285548622,0.001240492955663,0.000593875377759862,0.00173393848502606,0,0.0387101264253676,0.00563704558307186,0.000418601535179579,0.00356332008823929,0.00216469963149129,8.98748161417004e-05,0.000223533077965951,0.00203162149952588,0,0.0384551353705427,0.00806739402566763,0.000118768533016849,0,0,0.000163711913333702,0,0.000422094634992528,0.000186021846648788,0.00145566461754772,0,0.0100537835730088,7.59472691075564e-05,4.75638448942065e-05,0.0021202199686767,0.00254949656385949,0.000394773230300939,0.00171583928004026,0,0.000388585941645241,0.0126731500581955,0.00445387616253902,0.00107832550183369,0.00528097902014896,0.0137332271673165,0.249514461969134,0.000532064839872175,0,0.000247374302586722,0.000777131045852512,0,0.000102801152821398,0.000699686403245401,0.00028337980343957
0.0218224994968481,0.000670899778122067,0,0.000502293337511963,0.000947463024372947,0.00799073135254285,0.0832967824427496,0.24649424937344,0.000209472924779105,0.00646202155251471,0.0157198264863155,0.00152115091030866,0.000267102409805596,0.189084074533824,0.00279639566653474,0.00492551900243114,2.63396075405069,0.0212199927560946,0.249583855747808,6.03176087422728e-05,0.347528449951259,0.00106997965724612,3.84764968187527,0.0045325440010052,0,1.29378988048528,4.66971075930855,0.137419233036372,0.131997306059256,0.727823404445323,0.000154971405918789,0.00422325942727338,0.0140716618674355,0.373281084818521,0.0591737864381971,0.79438784358251,0.253477651034594,0.373700204190619,0.22308965536074,0.0102528923382364,0.00950063992307088,0.00623218142517772,0.0613250540100903,0.00304697790579788,0.0260065055106252,0.0217059808728356,0.00196529825871784,0.00114358506055071,0.000664396949610471,4.01912697450042e-05,0.0364297924198639,0.321328076274834,0,0.000110009570154333,0.000100986778912782,0.00425081950353483,7.52070635508299e-05,0.00112813353194277,8.55920795228359e-05,0.000502284304838187,3.07560080732346e-05,6.69284276290118e-05,0.00112959776783629,0.00114270285625377,0.00542134022020033,0.0525558085119678,0.00198745944781269,0.0107209950712595,0,0.00205910776792907,0.0223448660872423,0.0347644770801512,0.00465168258107183,0.00131095936550893,0.106198189686654,1.0176647178328,0.0022845994291108,0.00014988787284615,0.00347542696641931,0,0,4.09786123911023e-05,0.0204078114575985,0.0348513339638831
0.000619749267453521,0.000962094017000182,0.000502293337511963,0,0.0128714440483842,0.0402568683215629,0.0771438772217101,0.0351305141104043,0.126539932794353,0.134749252346815,0.00296339315806493,0.818838459011755,0.000567725564263594,0.0179328501539192,0.06980634082881,6.42307209197402e-05,0.00010741693967995,0.00123782750651262,0.00031590695629862,0.885214447318789,0.00113299716933248,0.00383430525207918,0.000903398513926415,0.392599521111421,0.00100201874624199,0.001136215904582,0.00241624757271624,0.610900264258664,0.0153126594894959,0.00469239371950605,0.000204508574237806,0.00484439093298313,0.000458527448653686,0.0166482705380217,0.00757657765918425,0.0787987599323466,0.000558324956479597,0.00748634726220296,0.006642490215817,0.0628512355716946,0.00815279762881574,0.0119841350507993,0.018584178886533,0,0.00225463987762828,0.00123769093202073,0.0722994717853644,0.00282269878935065,0.0018104388788521,0,3.86074078135371e-05,0,0.0169641123220697,0.00398807660807519,0.00295377613995618,0.0137294973812643,0.0014149189668692,0.0210302768941749,0.021831895753159,0,0.0430194116491146,0.000133696375527942,0.000652860620679671,0.0174054822347499,0.00151430687893074,0,0,0,0.0147482727079672,0.000331223150375533,0.00140093505966593,5.45374684375406e-05,0.104277113346075,0,0,0.000296705964806199,0.127381712058738,0.000255991580182278,0.000147439270561051,0,0,0.000111154513801002,0.00161748113690766,0.000405026794166225
0.000107049249484634,0.000368326982563126,0.000947463024372947,0.0128714440483842,0,0.23051240594696,0.010157201262705,0.00291133802627871,0.00581673417862959,0.0140124792617548,0.00360419831720622,0.0636100136153264,0.000471711845804536,0.00211850608500536,0.215605971831711,0.000882689265607453,0.000608629639680862,0.000684599037678159,0.000123293396377445,0.0107119687296431,0.00870337351251336,0.00185457346566415,0.0122372804726271,0.0230244203859045,0.000151703751426387,0.00103632619962791,0.00277182950830979,0.0146502150510082,0.00168936493813278,0.0061732835739572,0.000147939826975769,0.0488643885094323,0.000341453979302788,0.328827091959533,0.0251767052133388,0.0417965598861484,0.00149397021098986,0.00440825174648374,0.00498713098171541,1.00441438077946,0.701967510710169,0.00537615074712456,0.00150369558867558,0.00112234137516328,0.000584879512709856,0.00300634246302752,0.00102862154252308,0.000609686485732913,0.00114653707998422,0,0,0.000161248227180004,0.000326870771609652,0,0.000247882259292269,0.00121786295454501,0.000220426200422716,3.49496184408009e-05,0.00078162457117576,0,0.000594127136257589,0.000189063981515873,0.000516275203656042,0.000278877273306835,0.00062514278377837,0,6.86940924379348e-05,0.000134113522514712,4.52456474829554e-05,0.00167338894322789,4.919329744699e-05,0.00258317875884804,0.0018196717041402,0,0.000219275883612263,0.0016995835787555,0.00227516877201283,0.000515969678690118,0.00111352972557378,0,0.000147535931780577,0.000105658849313664,0.00022256365147748,0.0501179492501956
0.00790536686156885,0,0.00799073135254285,0.0402568683215629,0.23051240594696,0,0.559109787476972,0.797943435048033,0.00253728264042998,1.709291612045,0.00658543265461616,1.10527768147435,0.00117854182385969,0.130740384123581,0.152916760579636,0.000490599937582469,0.00555406890611383,0.00281429553271703,0.00124696601234251,0.0283755788624823,0.00598530269594198,0.000428691057329804,0.00907388923499975,0.00640742683921686,0,0.00212801355930483,0.00333137137492921,0.0432102743610627,0.0279621881816012,0.0474376531287626,0.000446355549216467,0.00985349970336335,0.00106028465163573,0.0349612928814036,0.129047250577476,0.194613499180432,0.00454487968441281,0.0127585103068315,0.0182020575528826,0.678732688905637,0.23105583716914,0.0192036408754861,0.0033154036417861,0,0.0015585678117185,0.00115004587900216,0.00301217807416615,0.00251054470698992,0.00251961744264798,0,0,0,0.000344360238607228,0,0.000203215137149495,0.000860861965003,0.000365276237630654,0.00133948842707426,0.000452627649802673,0,0.00045041229483912,3.97379456226468e-05,0.000174358969726181,0.000570334571974004,0.000492084340255362,0,0,0,7.08803988799095e-05,3.50854243427217e-05,0.000385765351098204,0,0.00564341726830595,5.44291738772392e-05,0,4.86610570133328e-05,0.0038175710141343,0,0.000261558345047772,0,0,0,0.000298134592460042,0.00700308416149666
0.863099725648537,0.000244878990464687,0.0832967824427496,0.0771438772217101,0.010157201262705,0.559109787476972,0,1.38515853370704,0.0743074210896923,2.29630856041227,0.0298859633527493,0.0577236737292046,0.00414110742182098,1.78143829494366,0.0491236473052445,0.0195355840553508,0.00723290075976337,0.015410005912793,0.00616102201188111,0.0175245282194612,0.209700409103851,0.00295422146238347,0.106651348179032,0.314390608736666,0.000176054309713,0.0123876209962086,0.0492691451477038,3.32775342559452,0.429152102479536,0.806784109058825,0.00273003810853243,0.0367844034498397,0.0587029369294513,0.209796044065347,0.134548822709784,0.804292971820034,0.0134862177197337,0.104636649013014,0.0831216899107775,0.176537675677052,0.0780266024810131,0.0477590399179882,0.0882736981205913,0.000659351562749862,0.00830627931462648,0.0072506110396434,0.104595165320905,0.02007132501001,0.00839487189280212,0.000144097917345518,0.000268425601310813,0.000776175370390803,0.0212936049304214,0.00326637632958835,0.00453313768451875,0.0560101969043551,0.00785310022821681,0.0415532255781024,0.0376195003769951,0.000134303731119436,0.0342459833728669,0.000273926035235667,0.00921844126595587,0.014884916904709,0.012499211407341,0.000126699062694669,0,0,0.0123350231075415,0.00540584269926089,0.00775719297224105,0.00388666671689571,0.271066488250407,3.1291466832304e-05,0,0.00665686238634918,0.346836101469275,0.00318666241461792,0.00226833334373422,0,5.76202990991234e-05,0.000189265277785707,0.011755455670805,0.0243566625605851
0.216366601566502,0,0.24649424937344,0.0351305141104043,0.00291133802627871,0.797943435048033,1.38515853370704,0,0.00191071039306909,1.22017750035973,0.0542050256741891,0.395090598722957,0.00666905472424259,2.58980479165764,0.0113305135144299,0.0010552261058645,0.112674745099206,0.0198749481897371,0.0128406351376357,0.0429377670663022,0.0685786497307584,0.00017202028277421,0.263876027050942,0.0114016345934305,0.000282288498549771,0.025336152151216,0.0531614441894937,0.101628020596202,0.317503760739664,1.16240230278481,0.00407271314216967,0.0294809078119246,0.017288794056537,0.139247794848975,0.0372650551163204,0.386849755064712,0.0125480045782379,0.0459247800695315,0.0407660370818966,0.514561422360425,0.0494691911886742,0.0501123263712955,0.00668440020833158,0,0.00322089644095753,0.00246414509247462,0.00590718418568485,0.0078667688858172,0.00788811465899453,0,0.00019478880191828,0.000144635249978042,0.000263661420857656,6.66589869177103e-05,0.000898563583720748,0.00112774600469551,0.000903280668880961,0.00202231330133527,0.00116379978275156,0.000205906000853723,0.00107793978808726,0.000971404732264921,0.000583673184033895,0.000586778029806036,0.00103959932016506,3.70248601477146e-05,0,4.96558725133896e-05,0.000142139371282125,0.000553132580848968,0.00110955691415652,0.000298014692423254,0.0149114257936912,5.08840607242942e-05,0.000115503460615254,0.00139393449367688,0.00575072815185683,0.000107275618970776,0.000327881251484335,0.000164514432729363,5.93841550512672e-05,0,0.000369304429322862,0.00789282987028124
0,0.20558024919092,0.000209472924779105,0.126539932794353,0.00581673417862959,0.00253728264042998,0.0743074210896923,0.00191071039306909,0,0.091530692239792,0.00562454691679219,0.0725377815304619,0.0294223604539889,0.000980114438030058,0.0518403533405369,0.00885882085906932,0.000593047947689581,6.88500953055381e-05,0.000214332712252843,0.0623373063531123,0.00450259080258064,0.790439584892891,0.00238122146912337,2.8486184200399,0.158148495331587,0.00961915466814091,0.437221207971648,0.56509580370422,0.00232594482842984,0.000744350132910955,0.00642594006574499,0.00129055482015936,0.000405100948006081,0.00392926413071501,0.00156928634465704,0.0256304160316588,0.00225184932710711,0.00200705359746083,0.00164024457778502,0.0433576073340041,0.00122304792524076,0.0277471411427503,0.0309852526594387,0.000131867414663887,0.00315230792631169,0.00137868345791843,0.0541349371923428,0.00606194253195969,0.0034272520669492,0.000101857289496321,0.00596928382950601,0.00076073121885345,0.0526655118698371,0.00762729572769324,0.00379264680908015,0.0275386215435445,0.00728458685225827,0.343118527013839,0.0543571009935911,0.00181395185983545,0.0392176325746443,0.00803761777012407,0.00699928794465678,0.0361679492901695,0.0280710265320841,0.000218150728255033,0.000405597199388105,0.000507315947638107,0.016811385122264,0.0134887031516431,0.0652230582720771,0.00383782961794673,0.511097363438883,0.00401020348926385,0.00176634443983686,0.0169635290110379,0.346771240119116,0.00344037280580916,0.00122731364606697,0.000415164284690452,0.00148561173923519,0.00035938894520148,0.00672218884025869,0.00503823721835031
0.00666202715079115,0.000669846624088347,0.00646202155251471,0.134749252346815,0.0140124792617548,1.709291612045,2.29630856041227,1.22017750035973,0.091530692239792,0,0.0416694673355706,0.55563634235929,0.00634029570120533,0.275389059401809,0.0703213095548903,0.00236899090839114,0.00113261532872225,0.0188378665009898,0.00834009884805288,0.395057548362338,0.0102443339564603,0.00340269927197299,0.00938318578340991,0.0740467063986973,0.000568595968034023,0.0141556779357904,0.00692779975132282,0.284920253075365,0.156145527456287,0.0538368711785427,0.00327434980510202,0.0437349836880188,0.00286337951623514,0.177013234852092,0.207479261860451,0.449047122498754,0.0104220855729145,0.0591148518641653,0.0657468741654277,0.176986626496884,0.0592274600509722,0.0452367349483846,0.0312602791553052,0.000123971232366657,0.00342723885463204,0.00497670703004319,0.0745123420507675,0.00903224783797972,0.00700517117818782,0,0,0,0.0143475824633285,0.00340597312859178,0.00262081788493099,0.02116585030111,0.00148779020420176,0.020999293789822,0.0501143491259695,2.70640710139811e-05,0.0313127813417487,0.000303899878776562,0.00101395813676133,0.0170362707885603,0.00154291360523638,7.83356009349347e-05,0,0,0.0118626581436944,0.00092360526926256,0.00205863322747244,0.000614006727685153,0.124942123933916,0.000158862890763724,0,0.000387410781498868,0.146152116036367,0.000343638230753428,0.000289809794698977,0,9.93732995638308e-05,0.000238404253800738,0.00352512570349771,0.0238250831537846
0.00112865125972576,0.00380419884650404,0.0157198264863155,0.00296339315806493,0.00360419831720622,0.00658543265461616,0.0298859633527493,0.0542050256741891,0.00562454691679219,0.0416694673355706,0,0.0290925478844958,0.504538010196315,0.0460920424575719,0.00746801589195884,0.000565156191182667,0.0828848112987981,1.95685510357064,0.473646779095651,0.00442491109450711,0.00945664720032166,0.00380402080762766,0.0293075519241043,0.00335440903059942,0.0279444711817834,0.631019880074299,0.187027135143989,0.0101392904319248,0.0549820272555876,0.021412632738328,0.145102293466362,0.131278356629322,0.00147347966483344,1.14896310106554,0.0142580762987001,0.184008683459921,0.256056661202883,0.364379487698692,0.175862292397785,0.0151628870026717,0.00331283564566546,0.349231145409197,0.00235554509776633,0.00340660052557334,0.0031140241064896,0.00160934206856683,0.00058354276987195,0.00184177398116142,0.0198122496169499,0,0.00302473752407087,0.000607469914028728,5.9569364338088e-05,0,4.06724163602114e-05,3.76396322842062e-05,0.000663725420238733,0.00116240556981701,0.000274685912980628,0.0549054552760803,2.6605324965334e-05,0.29937546590722,0.000577716124068403,0.000260973608293104,0.00024161112931214,0.000242814460254979,0.00415596088293386,0.00022096566467337,0,0,0.00108469160492182,0.000575308059680164,0.000975289773492962,0.0630670609948226,0.0793852422454161,0.162441911605741,0.000257521506137788,0.000481544278089685,0,0.058103813045772,0.000980941689304483,0,0.00221532608918318,0.0132405010613944
0.00324833548635644,0.00102003552633807,0.00152115091030866,0.818838459011755,0.0636100136153264,1.10527768147435,0.0577236737292046,0.395090598722957,0.0725377815304619,0.55563634235929,0.0290925478844958,0,0.00273324576424393,0.0920718616688492,0.238599478075057,0.000246099599588907,0.0013864379061862,0.0118180365889527,0.00804918243007102,1.01439091502228,0.000791259373667136,0.00315645211471816,0.00212377861458614,0.104979727029909,0.00128319489539749,0.00840243018808347,0.00397285878422755,0.202897457564637,0.0447659521653235,0.0219554985128082,0.00218432988164823,0.0227784695398239,0.00028483143538624,0.0679414826586153,0.327960974610775,0.148790106966071,0.00474189445991088,0.0140124009120173,0.0234513385174561,0.236493558101437,0.0173068135441132,0.0196381212195735,0.0193107573150602,0.000125980447318089,0.0030648340064698,0.00198117359852174,0.0528970402735635,0.00780660150971265,0.00269211384949926,0,0,0.000118464919076765,0.0259101418840315,0.00293986327740249,0.00621363502853522,0.00982545073421428,0.00607154133611133,0.0101765767310888,0.0179917150672278,0.00082035774910303,0.105945857198501,0.000208371166136777,0.00414510225067082,0.0138794445260978,0.000992082698275122,0,4.89058819470763e-05,0.000147565477215314,0.0208150316891427,0.00034772141958661,0.000927380845630142,0.000137788966236735,0.06656413336841,0,0.000115724326904261,0,0.0807162104253164,0.00167046000239198,0.000126735592777919,0,0.000540902231420928,0,0.00323451297143873,0.0651631120107182
0.000168720528620553,0.0258227816365577,0.000267102409805596,0.000567725564263594,0.000471711845804536,0.00117854182385969,0.00414110742182098,0.00666905472424259,0.0294223604539889,0.00634029570120533,0.504538010196315,0.00273324576424393,0,0.00536680499948212,0.000591888972051233,0.00131007708922924,0.000305540723179615,0.00433769066539294,0.000207062501214373,0.000530718799649745,0.00169627356357731,0.0226802532468221,0.00141106524742434,0.0121926630000038,0.353944965366982,0.062244433947814,0.621831393871353,0.0029396692003056,0.00691693933342325,0.00274083394165349,0.250181115705584,0.0184239571193976,0.000147341213805038,0.145992053255901,0.00101011160165906,0.0218751831192893,0.0741169090242827,0.0739184596140544,0.018002407375226,0.0051521643102059,0.000806457348852721,0.694998459780299,0.00353542327668589,0.00697949308853293,0.00703814078345236,0.00287193881288874,0.0017110818125588,0.00587685135953904,0.0412211188650458,0,0.0128855783252246,0.000241230514730644,0,0,0.000370663790997595,0.000185232883229864,0.000872856190121625,0.00355933041428296,0.000443477093828684,0.165463526525199,3.30192269197047e-05,0.764304460632581,0.00190864973831762,0.000261871130983079,0.000495822244103837,3.74885892600954e-05,0.0113597757969034,0.000797404120519169,8.15875492562772e-05,0,0.00356875472761107,0.000493262593337846,0.0022278161686177,0.228964083966766,0.212051397347731,0.476734454077705,0.000308909260331368,0.00176672834008246,0,0.166207342009737,0.00231088180928535,0,0.00445655214439075,0.00153117278260855
1.16985274826866,0,0.189084074533824,0.0179328501539192,0.00211850608500536,0.130740384123581,1.78143829494366,2.58980479165764,0.000980114438030058,0.275389059401809,0.0460920424575719,0.0920718616688492,0.00536680499948212,0,0.0117620914468068,0.00129373067110666,0.132776414011416,0.0198805155420747,0.0155477763074809,0.0134012293223602,0.0594611795398663,0.000110024565786016,0.209929046000091,0.0142250820590818,0.000122255795261192,0.0208815666428207,0.0579273177825201,0.104086555404435,2.17557793572196,2.2411344927652,0.00362716169364728,0.0539364459578163,0.0250785294744879,0.222237710927303,0.0201848198315358,0.211868784058318,0.0104726629755251,0.051014170262218,0.029187797877616,0.0654151048656941,0.0237715004319991,0.022095664797512,0.00546978986156276,8.80108437981609e-05,0.00172691270417724,0.000848490596728921,0.00312424652504554,0.00247930075341489,0.00291856078675455,0,0.00010543222904892,0.000311644154256714,0.000294348132765466,0,0.000361171474871492,0.000972156963584497,0.000480199429065621,0.00216281996226479,0.000563832990389353,0.000130244115474987,0.000262625545005316,0.000550923332808816,0.00012717817057271,0.000402698695644182,0.00114215995308541,0,0,0,0,0.000453200848419553,0.000504153334550232,0.00024181303395229,0.0114724311742062,9.1701320304251e-05,0.000207286999149084,0.00279279218233979,0.00615516850258067,0.000157449314470142,0.000197541856394166,0.000129345619856912,6.1351805771184e-05,0,8.00128918283704e-05,0.00286261891401865
0.00016319958890081,0.00616441506960744,0.00279639566653474,0.06980634082881,0.215605971831711,0.152916760579636,0.0491236473052445,0.0113305135144299,0.0518403533405369,0.0703213095548903,0.00746801589195884,0.238599478075057,0.000591888972051233,0.0117620914468068,0,0.00184425489905602,0.00186011638566409,0.00640088843729594,0.00279358500031873,0.0646207280237318,0.020146529493792,0.0162044046793069,0.0165947229275628,0.263084456047708,0.00302669503915556,0.00303321377585431,0.0146870460616174,0.13898257058747,0.0154076518958378,0.0275330677657598,0.000415868482619351,0.0129183025877441,0.00079751214340265,0.0148308146904022,0.123980388188982,0.0160066487764085,0.00212696159414746,0.00421680714226052,0.00463420307323565,0.787235128733238,0.00420039585607248,0.00247856878175565,0.00839572733577124,0.00458313189916477,0.00171889653128428,0.0169092433336064,0.00581835370917336,0.00129081548594156,0.000913592935837698,0.000360023363983941,0.00031152957165513,0.00154508390132214,0.00137833553975839,0.000218536393238961,0.000726829532214153,0.00700434121943329,0.00157191840077874,0.00227630195692942,0.00360544201653816,0.000411347295022917,0.00248364103443518,6.17609557069302e-05,0.000711545728051508,0.000880814811647091,0.00442383590446461,0.000418207719891036,0.000417278343674362,0.000871396890851358,0.000731032980997861,0.00826590481395916,0.00269624830862472,0.0144430704848178,0.0151774228968017,0,0.00147583674453835,0.00851469108367674,0.0174335546447323,0.00151553929090349,0.00399822751293268,0,0.00026968795114038,0,0.000774193650526821,0.239595801302519
0.000123257033479929,0.0156957067488352,0.00492551900243114,6.42307209197402e-05,0.000882689265607453,0.000490599937582469,0.0195355840553508,0.0010552261058645,0.00885882085906932,0.00236899090839114,0.000565156191182667,0.000246099599588907,0.00131007708922924,0.00129373067110666,0.00184425489905602,0,0.00233286165526352,0.000640717825492609,0.00165400017661201,0,0.739510641070347,0.527093734007785,1.13710569318786,0.347018394061615,0.00401267573207639,0.00195398696410933,1.06149159134769,0.308883577716089,0.000986013328969646,0.0101099347622858,0.000298334493193388,0.000185645818064904,0.000515938853820097,0.0237009121623281,0.0478844468950125,0.553526642922234,0.0500198421643094,0.0649545327494249,0.0667569544615577,0.00155225719107438,0.0035405284788875,0.0237699362027815,0.0737351662757646,0.00660703369254758,0.00886820870036483,0.0143308474823359,0.0236699317468791,0.00407487728953559,0.00823191085936999,0.00021267657964307,0.0050554112523051,0.012627850128755,0.000227121496868491,0.000436245792948174,0.000345543453855228,0.0116927507217397,0.00256341467883171,0.0155693962118582,0.00210509457764268,0.000168492185413921,0.00125606807400404,0.000502605772821629,0.00453546722966181,0.00280295385442307,1.25916978771861,0.00160735686566668,0.000141766314889097,0.000153422866618037,0.000148093175769818,0.1151252186896,0.288066064349749,0.50450648464391,0.128683714652794,0.00117996171605884,0.000883801700916624,0.405001342627174,0.0745167589562613,0.00334792784335251,0.0156058437517962,0,0.0001419241382236,0.000558597991684216,0.00700527772890802,0.0223183813426668
0.0116802956235983,0.00120525929097927,2.63396075405069,0.00010741693967995,0.000608629639680862,0.00555406890611383,0.00723290075976337,0.112674745099206,0.000593047947689581,0.00113261532872225,0.0828848112987981,0.0013864379061862,0.000305540723179615,0.132776414011416,0.00186011638566409,0.00233286165526352,0,0.0512229085914506,0.865724011318567,0.000161544006610751,0.0745241613485221,0.00184438242461997,1.41154919891928,0.00137023623608038,0.000347048784931398,1.18391693860093,2.25429539820017,0.0120256703266736,0.189220138322064,0.232067328654524,0.000231946433082407,0.00276990018259776,0.0308367949119519,0.811276166356638,0.0151979645205224,0.246606560995972,0.098664781585707,0.152902962434361,0.102039657559088,0.00488135733152991,0.00615186973528726,0.00291475574157902,0.00824007639878565,0.000649314420819443,0.00298823993986927,0.00321871286985995,8.68503983185529e-05,0.000466107589537811,8.39583823099849e-05,0,0.00688486300618862,0.0545234396711535,0,0,0,3.83416684086621e-05,0,0.000374297510268438,0,0.000107186592566514,0,0.000125351253089869,3.5353209450835e-05,5.429622406497e-05,0.00090126489885548,0.00844430417761425,0.000545588038916427,0.00153454021447683,0,0.0001601711098575,0.00209864223922327,0.0025707992936759,0.000555456546168101,8.19356578222988e-05,0.0208077750921316,0.190864153307391,0,0,0.000547277815333485,0,0,0.000129983510065413,0.00241401074367374,0.00824712709727513
7.33307078527272e-05,9.51498047460079e-05,0.0212199927560946,0.00123782750651262,0.000684599037678159,0.00281429553271703,0.015410005912793,0.0198749481897371,6.88500953055381e-05,0.0188378665009898,1.95685510357064,0.0118180365889527,0.00433769066539294,0.0198805155420747,0.00640088843729594,0.000640717825492609,0.0512229085914506,0,0.382997912630361,0.00205557643831122,0.00618964150931934,0,0.0181620240669976,0.000426235500582504,9.67070005526307e-05,0.21588663471137,0.0720917306609946,0.00439315929568369,0.0194889127988453,0.0129017775804254,0.00798633851947297,0.0384886937017993,0.000516320666566033,0.445339222176254,0.0151797930169939,0.253984001252405,0.180090030384936,0.319504681383833,0.232440121808965,0.00638670057742727,0.00416898016791653,0.00779430483398803,0.00135291533874487,0.000375381259291792,0.000186689495918244,0.00122295891973472,0,0,0.000130824918720817,0,0.000108630817256284,0.000679374634369022,0,5.7551590405798e-05,0,0,2.63431429013908e-05,4.16154646548271e-05,0,0.00130302299129643,2.93795679111957e-05,0.00259952559261294,0,4.79998188524366e-05,0,3.58591692156494e-05,0.000769332448940402,0.000291359355690337,0,0,0,0.000165089695625675,0,0.000681500145575827,0.00975336678612128,0.0167339970046898,0,2.78315023033619e-05,0,0.00243068471580495,3.13554130541861e-05,0,0,0.0177614389589664
0.000965247009942178,0.000282682703938365,0.249583855747808,0.00031590695629862,0.000123293396377445,0.00124696601234251,0.00616102201188111,0.0128406351376357,0.000214332712252843,0.00834009884805288,0.473646779095651,0.00804918243007102,0.000207062501214373,0.0155477763074809,0.00279358500031873,0.00165400017661201,0.865724011318567,0.382997912630361,0,0.00086482691172461,0.0128623798879612,0.000359457644606709,0.0955159625609891,0.000537116400994885,0.000209374062280726,1.11689708170692,0.487818410307662,0.00401432003397333,0.0164189188252354,0.0217447408562092,0.000512155417400909,0.0113487753609502,0.00229170026010079,1.17179143683005,0.026270247854023,0.468812343989636,0.236724515301166,0.423354430992643,0.369669984486673,0.00249462901272907,0.0041102919211681,0.00323740549364855,0.0023915339079099,0.000439758887710709,0.000656839276631606,0.0019523172058621,0.000101628967187906,0.000214374606211781,0.000141185042594397,0,0.000654970525562453,0.00537791313323545,0,0.000173781853854632,0,0,4.49853160722255e-05,3.49324865469396e-05,5.07786919143677e-05,0.000306734498993254,0.000189236702957046,0.00044484284106971,0,0.000378570041591352,0.000144923129882777,0.00050313435142327,0.000456792181462347,0.00117394665193115,0,0,0.000101865112395537,3.74910784699381e-05,0,0.000309201654250968,0.0121421773568198,0.038565115464923,0,0,0,0.000312722300235897,0,0,0.000309947446597695,0.0280607444700169
0.000484647068870491,0.000577135625007731,6.03176087422728e-05,0.885214447318789,0.0107119687296431,0.0283755788624823,0.0175245282194612,0.0429377670663022,0.0623373063531123,0.395057548362338,0.00442491109450711,1.01439091502228,0.000530718799649745,0.0134012293223602,0.0646207280237318,0,0.000161544006610751,0.00205557643831122,0.00086482691172461,0,0.000435288018376672,0.00228161137650719,0.000775028949936802,0.171459382024253,0.000251730025067317,0.00161011349141564,0.00290597396250764,0.114143177013358,0.0112302979888581,0.0030547133459763,0.000246669257119024,0.00457833177377844,9.20613385319176e-05,0.0124399612121825,0.00277223658700003,0.0483717899476504,0.000988018731157494,0.0040054997418101,0.00466451085867349,0.0406859550494785,0.00355633898777833,0.00591250626261602,0.0056624622221004,0,0.000690598035721046,0.000744815573355103,0.0334988798232443,0.00154416432172517,0.0011694060731114,6.81545236961961e-05,0,0,0.0157270751443262,0.00234746019992588,0.00231859751690292,0.00536921657709283,0.000515598180375266,0.007747884634729,0.0114881267359377,0.000224091471357125,0.032951574575518,3.34123502450645e-05,0.000813050155798457,0.00803125735135101,0.000406005230108231,0,0,0,0.00415465695958467,0.000459434584523463,0.000564941996068919,0.000116673482122278,0.0439260016644308,0,0,0,0.0458884008133565,0.0003522160083969,4.60804244375109e-05,0,0.000242946267631387,0,0.00170880177064768,0.000289196144100129
0.00701726279596356,0.00500781213818673,0.347528449951259,0.00113299716933248,0.00870337351251336,0.00598530269594198,0.209700409103851,0.0685786497307584,0.00450259080258064,0.0102443339564603,0.00945664720032166,0.000791259373667136,0.00169627356357731,0.0594611795398663,0.020146529493792,0.739510641070347,0.0745241613485221,0.00618964150931934,0.0128623798879612,0.000435288018376672,0,0.0905117085973411,3.66347150003186,0.202561672182567,0.00157983273201639,0.0129396644037859,0.220630353989654,2.01232527809566,0.0756420508206442,3.62123512671831,0.000213471153072238,0.00273800955227501,0.0361054820490341,1.65927684957546,0.246265474200663,1.5252446246426,0.0452319450538365,0.969159847493859,0.441103727783369,0.0139727309390063,0.0362683731547102,0.0428191861667654,0.0421812217788826,0.00107612095124832,0.00252933494402794,0.00989570411692457,0.0277665822826199,0.00390918918275528,0.00958090846510941,0.000221501427617597,0.00252242742851093,0.00190583177862389,6.12244845453501e-05,0.000734133463686705,0.000609659174085367,0.00740272263602798,0.00265300601530436,0.0208185908969819,0.00183745892661103,0,0.00172619173659024,0.000184955155214524,0.0044184216919389,0.00508153102345348,0.220509049088807,0.00107108523097406,0,0,3.11762410300434e-05,0.0807120211362361,0.0852983230185927,0.0628655003207476,0.115840624940627,0.000741604060761559,0.000190082611695171,0.0243702921663841,0.0572197754202401,0.00353849278125113,0.0169441291103163,0,0.000264479284188617,0.000601019103501177,0.00319061997730286,0.0662760448089107
0,0.202251670270572,0.00106997965724612,0.00383430525207918,0.00185457346566415,0.000428691057329804,0.00295422146238347,0.00017202028277421,0.790439584892891,0.00340269927197299,0.00380402080762766,0.00315645211471816,0.0226802532468221,0.000110024565786016,0.0162044046793069,0.527093734007785,0.00184438242461997,0,0.000359457644606709,0.00228161137650719,0.0905117085973411,0,0.0770029108116176,0.99508588488447,0.137829074712388,0.00772897547058229,0.807349616674427,0.0908478494302169,0.000181150207564009,0.000386464540421104,0.00526727884107132,0,0.000264496216388405,0.00332721601294273,0.00114199151345669,0.0141462594600309,0.00261917251722499,0.00229483630458883,0.00243700767568516,0.00274999530200565,0.000105891790128028,0.027896753105726,0.0154906697237071,0.00148281778927074,0.00301943018967075,0.00366274381520065,0.00398506327095108,0.00106538602481957,0.00287650332248894,4.24791647416591e-05,0.00579105722212246,0.00913538205729495,0.000373209544449305,8.21731358717683e-05,0.000203684901202529,0.00298656055218807,0.00056480814763332,0.0180849696451858,0.0008403003161464,0.00109925179438999,0.000291037402403856,0.00685744914081911,0.000811324703803025,0.00172595080569093,0.295272473078426,0.000749831131494034,0.000100210410152614,0.000460703682155085,7.7304756908834e-05,0.038813332035314,0.193679895365924,0.0785450263116262,0.0681495371517483,0.00349978808759358,0.00393326003233999,0.16831249434773,0.0277718395704344,0.00105237768818057,0.00379159065499129,0.000361092126663709,6.32194329806685e-05,0.000167797593698752,0.00262134391395017,0.00264232371755201
0.0260296699511337,0.00251950684463977,3.84764968187527,0.000903398513926415,0.0122372804726271,0.00907388923499975,0.106651348179032,0.263876027050942,0.00238122146912337,0.00938318578340991,0.0293075519241043,0.00212377861458614,0.00141106524742434,0.209929046000091,0.0165947229275628,1.13710569318786,1.41154919891928,0.0181620240669976,0.0955159625609891,0.000775028949936802,3.66347150003186,0.0770029108116176,0,0.140302983073337,0.000440703419778728,0.118295009857564,3.57886560918565,0.522835852513758,0.149019339480072,1.33471237557937,0.000806573419871757,0.00535156821398562,0.0275214261307138,2.07256616822725,0.479240414266213,4.14296075544884,0.448663951438378,1.81597354935519,1.2853556439308,0.0250283791640933,0.0486343549133688,0.0355241830348025,0.0569695025535368,0.00707580683804888,0.018342429264737,0.0327550388335932,0.0174937938642628,0.00344666821719537,0.0076494040675194,0.000187874863682592,0.00900350065475783,0.0705973192631025,4.11059986336112e-05,0.00104923838124865,0.000265388087271702,0.0116086250074065,0.00185593697911799,0.009771123271959,0.000781386426705369,0.000121056850621891,0.000904050145873582,0.00021585886491918,0.00271698162240154,0.00525831977313734,0.678452153416866,0.00858062448682351,0.00012410135163154,0.000810141281894871,8.30081961132642e-05,0.0596471861842233,0.128949623303041,0.396443841820048,0.0687228293810304,0.00062618317132355,0.00237142935646482,0.622650213546518,0.0487294053796015,0.00181644926177918,0.00985474171458379,0,0,0.000286950969702995,0.0122561702060761,0.189346564261317
0.000787914161247538,0.203826552709581,0.0045325440010052,0.392599521111421,0.0230244203859045,0.00640742683921686,0.314390608736666,0.0114016345934305,2.8486184200399,0.0740467063986973,0.00335440903059942,0.104979727029909,0.0121926630000038,0.0142250820590818,0.263084456047708,0.347018394061615,0.00137023623608038,0.000426235500582504,0.000537116400994885,0.171459382024253,0.202561672182567,0.99508588488447,0.140302983073337,0,0.0733113302109288,0.00533475835932569,0.522028275498812,1.55848350757751,0.0277210409462652,0.0227095174171012,0.00306220188068739,0.00212648492903878,0.00508952483989833,0.0202319601183346,0.0183809402203132,0.182401760450526,0.00756316865496356,0.0168831272660864,0.0145810193015161,0.0795492858807923,0.00579922222979461,0.0353819603307192,0.265626872969047,0.000432257953390896,0.0225423416870006,0.0152753764829622,0.239803183453571,0.0516975318235888,0.0129714428431919,0.000455721482214475,0.00581878816684985,0.00189228696153521,0.0868593659942303,0.00902176915155525,0.0165736511253658,0.163766257969648,0.0302450329476533,0.477977028254287,0.113752033222838,0.000900349013598866,0.0837450988995283,0.00251670249665136,0.0372603056017714,0.0556778645787923,0.165515275251972,0.000497080836898399,4.10867026132822e-05,3.69798128800392e-05,0.0289007374151882,0.0689479616950494,0.180966005034857,0.0362385368493012,1.62078117504023,0.00282491222400026,0.00152475478924771,0.0398952583835233,1.30679358977375,0.0173607593097238,0.011784770489074,8.40443900829074e-05,0.00491682540686926,0.00134049330158276,0.0395687294277943,0.0269099077630105
0,0.331996657700751,0,0.00100201874624199,0.000151703751426387,0,0.000176054309713,0.000282288498549771,0.158148495331587,0.000568595968034023,0.0279444711817834,0.00128319489539749,0.353944965366982,0.000122255795261192,0.00302669503915556,0.00401267573207639,0.000347048784931398,9.67070005526307e-05,0.000209374062280726,0.000251730025067317,0.00157983273201639,0.137829074712388,0.000440703419778728,0.0733113302109288,0,0.0132036533159575,0.520676697265141,0.00519838366134572,0.00016551590315051,0,0.022093324856667,0.000385914587587559,0,0.00968650716238857,8.12779630701902e-05,0.00109220457429258,0.0363864791979952,0.00222541041232143,0.000901700570950576,0.000533183714154196,0.000102429164559459,0.153738713545369,0.00110736258512125,0.00120389996877894,0.000818215547186939,0.000724559809378159,5.02546342936635e-05,0,0.011548074190817,0,0.0172258862949201,0.000122504070722759,0,0,5.01333921269417e-05,0.000129739952956831,7.49168128594816e-05,0.00204702678037968,3.09316413326382e-05,0.0195145782032826,0,0.154007670611557,0.000344268263232351,0.000166048556904459,0.000394385234004807,0,0.00160963278134097,0.000927251137363532,0,0,0.00139285292735619,4.89663381667256e-05,0.00282551172418421,0.148662629758267,0.0377347363706195,0.155657942783109,0.00020488994579916,0.000156802073470563,0,0.0253175333306416,0.000785466041943457,0,0.000693753380873466,0
0.00156638667990106,0.00748618006485713,1.29378988048528,0.001136215904582,0.00103632619962791,0.00212801355930483,0.0123876209962086,0.025336152151216,0.00961915466814091,0.0141556779357904,0.631019880074299,0.00840243018808347,0.062244433947814,0.0208815666428207,0.00303321377585431,0.00195398696410933,1.18391693860093,0.21588663471137,1.11689708170692,0.00161011349141564,0.0129396644037859,0.00772897547058229,0.118295009857564,0.00533475835932569,0.0132036533159575,0,3.47493269465107,0.00753588589804121,0.0230049633889323,0.0273991476724973,0.0802353095243783,0.0301149885657259,0.00206502521416329,0.45013249084367,0.0460535731707183,1.04017090728792,1.07089332969271,0.507766272413534,0.505977142680251,0.0062185503588256,0.00751644129835567,0.0872395653026124,0.0191398834759603,0.00909121781591308,0.0116716779117842,0.0145569300313142,0.000467914577087742,0.000652985747592723,0.00579779563158983,0,0.0219500411199222,0.0735540814587215,0,9.15141465850354e-05,9.82082425443473e-05,9.25713084323645e-05,0.000551926837323082,0.00234968311075587,3.85554293039024e-05,0.0517753071061746,3.81792033479691e-05,0.131432882996101,0.00127315961805243,0.00139208318100878,0.000501730917730987,0.011999287094026,0.0419092216954579,0.0397457962236108,0,0.00019809309795109,0.00257349178744106,0.00216222190637984,0.00173294256424253,0.0587696507974087,0.722675163538505,1.39881781074103,2.69293843276799e-05,0.000361317469815195,0.000561553401272929,0.0966064032862957,0.00056835944898051,0,0.00939048982401757,0.0466392574505432
0.00570062494836531,0.664778215872677,4.66971075930855,0.00241624757271624,0.00277182950830979,0.00333137137492921,0.0492691451477038,0.0531614441894937,0.437221207971648,0.00692779975132282,0.187027135143989,0.00397285878422755,0.621831393871353,0.0579273177825201,0.0146870460616174,1.06149159134769,2.25429539820017,0.0720917306609946,0.487818410307662,0.00290597396250764,0.220630353989654,0.807349616674427,3.57886560918565,0.522028275498812,0.520676697265141,3.47493269465107,0,0.310355056815511,0.0745395148110859,0.143416873881711,0.144477175909054,0.00628304434155049,0.0127992375786892,1.35097971130787,0.258937421301762,3.88589137766762,1.15014446488013,1.38632157413682,1.27728321958357,0.0111983412946275,0.0251279140068742,0.118470218643994,0.390205975248571,0.0514022569710023,0.192869634701803,0.176345998041456,0.0122531100546239,0.00773413046859087,0.0202246632040189,0.000493567393832249,0.801984326976793,1.16121021423284,0.000333579363965464,0.000651881016759539,0.000850828645124263,0.0474326748483986,0.00456447951140989,0.0146328794390059,0.00424559003589111,0.0759667440862833,0.000721384529648781,0.210746122431913,0.0104277248035084,0.00451693123336529,0.445514604364479,0.200465948031039,0.120872719727184,0.209756713834649,0,0.036539191866574,0.481229374147953,0.728361533297591,0.0687726392617927,0.268807342947082,2.11194092014048,12.6767392899667,0.0606124417879766,0.00300365727202819,0.0176378028178987,0.12238890065372,0.000853185088594576,0.000408028507237655,0.128485119342825,0.208122659594338
