0,0,0.00648561708736324,0.000304350063199443,5.05455824016153e-05,0.00388974292805523,0.313501559167706,0.0732533505211351,0.00206806042058159,0.00130638697244904,0.0020964336334258,0.00050092569282726,0.000125160958894825,0.778225770365601,0.000430764502144352,0,0.0201773900949246,7.71121208984465e-05,0.00246463109335902,0.00019666744692494,0.00281688859839642,5.59469390974462e-05,0.0197784497056373,0.00163888970158264,0,0.00854389710778984,0.00827055296408931,0.00676888721632411,1.04127740959106,0.984388786818649,0,0.00041218435465329,0.00581344749239593,0.01012715276669,0.00115148682405842,0.00856801346400032,0.00122991605011195,0.0152708488128851,0.00512803644623922,0.000224169975901532,0.000256536741299421,0.000118566960910308,3.8152594393903e-05,0,9.72053957805038e-05,0,0,0,0,0,4.07621695462942e-05,0.000158504906308407,0.000137629593166876,0,0,0,0,0.000126301020748139,0,0,0,0,0,0,0,0,0,0,0.000157113593871081,0,0,7.41195178174049e-05,0.000416233650247159,0,0,0.000748365353748408,0.000122166908747527,0,0,0,0,0,0,0.000209651756865811
0,0,0.0569086063505031,4.83022578324139e-05,0.000680996173660394,0.00162108930992067,0.00220934457284221,0.00139297286636061,0.208717947869421,0.00320741370186899,0.0425169711844365,0.00626973186489388,0.248921389043926,0.00249992656321858,0.00635719530882729,0.0816843672153308,0.0742716414175212,0.0033368021664745,0.0268134390164354,0.000257589305496597,0.0132637494429267,0.487512522912068,0.0226805453405177,0.244026977224847,0.537625180123346,0.0908822396468482,2.51368190438085,0.0143629201383875,0.00652040823037993,0.00557492168955143,0.0191453638127055,0.00394800016097813,3.98259068995089e-05,0.0452675136166096,0.00592769787891589,0.0850749875409245,0.0375120908123937,0.0387657312443071,0.0435947752567725,0.000836929486937237,0.000835608770853328,0.0429673326204317,0.0463368747552726,0.0204269382176125,0.0177717589392235,0.0228151381937353,0.000451815115101856,0.000102220415427827,0.00322583600865446,4.9279132649684e-05,0.28866152008865,0.0415640620721924,0.000143192061962032,0.000156939579437983,0.000215239318921637,0.000425816594573593,0.000132042289804458,0.00240748725126845,3.2451288079822e-05,0.00777285038903354,0.000241213010272086,0.0358553531060882,9.0267809833312e-05,6.37546996096015e-05,0.00452538586251429,0.0317791540228618,0.00367293943560461,0.029024729071502,0,0.000847247559784985,0.120877843950416,0.0113730689435152,0.00849628491732056,0.00969031079241509,0.102131167713474,0.500056319371111,0.000690545746537071,0,0.000522369899722338,0.0119765599574525,0.000161871342923189,0,0.00306837115494429,0.0070574606679577
0.00648561708736324,0.0569086063505031,0,0.000348447989939049,0.000406306137078875,0.0024326988102783,0.0492745217576465,0.0468771366551131,0.00273574263614057,0.00146544777316719,0.00798902213870584,0.000484548281987423,0.00148699768057234,0.0802340669127062,0.000505380926884812,0.0215092177209549,1.19784109219978,0.00857628504023697,0.0832862603559961,0.000163109255558443,0.206665386264105,0.0133664902524833,2.63039859700301,0.017221620099429,0.000733730887056756,3.68075501698981,3.93406881049817,0.0537749842779451,0.0395543155761163,0.21255981839108,0.00270673885811201,0.000387593471194348,0.0046067463435848,0.0534292211725825,0.018719078980367,0.406313995996009,0.116886986726055,0.19528481014565,0.205361888139817,0.00108170114302696,0.00144041873313626,0.000882693277968049,0.164860730671513,0.0392039989385901,0.0658097807108693,0.0906187497117658,0.00173845989196147,7.09231586454034e-05,0,0,0.0807514817005158,0.278280296789812,0.00020996141826579,0.000800781459264398,0,0.00250078597775456,5.83919044000447e-05,0.00094320188190305,0,0.00159031803073314,4.85726247814596e-05,0.000401347870992866,0.000193546658565032,0.000415520623843974,0.00878693918825224,0.270679952508482,0.006372702537018,0.115080712701342,0,0.00326110580454053,0.0479509221961603,0.0695289163058116,0.00759068082676449,0.000376364802936485,0.184153464439346,0.923749043627862,0.00209834234076523,0.000300524790708291,0.00236081865309255,5.64188982748747e-05,0,0,0.0176914696428862,0.017209471447346
0.000304350063199443,4.83022578324139e-05,0.000348447989939049,0,0.00793464742766445,0.00953024219762777,0.0512621673320509,0.011954813001122,0.356512465160096,0.829699910206563,0.0034371743252842,0.719431386038732,0.00188941081060248,0.0108269131226021,0.0490494614156204,0,0.000192874017975599,0.000773274877424398,0.000772414040074665,3.05737036732017,4.24638116749048e-05,0.000281801545341226,0.000419881052156585,0.410889112384224,0.00154556288799861,0.000302647251561046,0.000290845889990193,0.734481673745781,0.0246756333653095,0.00160699865719551,0,0.00428911162739668,0.00153102122217798,0.0123024429108813,0.0142804897903034,0.0766373934482381,0.00149601921439102,0.0184962386077458,0.00402553472012925,0.0189549094889201,0.00534332854670046,0.00224068790130393,0.0120627272207551,0,0.0033767953402207,0.000906418888563184,0.0544598654607164,0.000131509941884375,0.000109472405487496,4.21522343268663e-05,0.000514327989338392,0,0.188927415847697,0.00567945402911212,0.00831900606712638,0.00843635896370007,0.00476638347549201,0.0774436651792787,0.0554465548472292,0,0.0961570096273973,0,0.00158174696567587,0.0259696840332493,0.000128125800939417,0,0.000161449403194273,7.14303405472964e-05,0.0639727209524745,0,0.00170129373595681,0,0.126464454310916,0.000146896955786878,0.000147969277693164,0.000291428273527127,0.182762134648004,0.00162688991138823,0,0,7.46865010123372e-05,0,0.00397034699498737,0.000329124915398282
5.05455824016153e-05,0.000680996173660394,0.000406306137078875,0.00793464742766445,0,0.265112779664713,0.0126264965246475,0.024890341230959,0.0191283740341458,0.0299316966433962,0.00304011860910175,0.122481205502238,0.00112204117882429,0.00455562741844195,0.394219136426505,0.00153081781640101,0.000516999316763282,0.000579873044052819,0.000305273291471029,0.00812989020687064,0.00846793440751772,0.00314568853558914,0.0148748959417365,0.0218892234342131,0.0137687630871494,0.000688756156733581,0.00447385506243296,0.0243102711541492,0.00332019752042212,0.00673982068628082,0,0.0127416413732709,0.000542620743142963,0.0627460654309737,0.13182105734611,0.171102873434064,0.0020275036401284,0.00786167188982761,0.00685868397510165,0.684173430983835,0.564814116473655,0.00689376476042107,0.0068292268395686,0.000523036072976548,0.00130014856741821,0.00237365490147763,0.00960070014468222,0,0.000672206192000517,0,0.000129028199002135,0,0.00326473778185545,0.000486524688853032,0.00140696529104261,0.00108200403797747,0.000402058323935578,0.00196050446437273,0.00170775855161494,0.00029203946365304,0.0066441575316787,5.84551711068749e-05,0,0.00321213134535854,0.000727470334097505,0,0.000182741994193911,0.000533640104440677,0.00177281562971837,0.000350492090941394,0.000244194414084297,0.000992364295320279,0.0062037592573425,0,0.000188357947851372,0.00155499278553168,0.0058368908011138,0.000440672074362362,0.000256942450711647,5.14524105889619e-05,0,0,0.000380810053045284,0.101977718554857
0.00388974292805523,0.00162108930992067,0.0024326988102783,0.00953024219762777,0.265112779664713,0,0.711190116044839,1.66035494803154,0.0181951127455965,1.98112618647978,0.0274418508611065,1.31905263389737,0.0136157577601905,0.143457931124649,0.394293429479095,6.7272417974168e-05,0.00307074781979748,0.00459324454712124,0.00567301121586737,0.015183349526441,0.00182372182803736,0.000998046390954019,0.0157977410425733,0.0214374930492869,0.0180596938762399,0.00676587538639439,0.00191756107284372,0.0986206923170348,0.052594572454738,0.0540390680087163,0.000576164054248998,0.0611655912907643,0.00155711508200633,0.0428362080535797,0.461624751233772,0.292965304175638,0.00585113850768543,0.0302355120897187,0.0095679642561264,0.528145430551423,0.0404686568021194,0.0152256085472513,0.00967883562975927,0.00151789607253898,0.00173641111022526,0.00174761351032323,0.01907831930093,0.000492515785679615,0.0012678052110791,0,0.000249976066259646,0,0.00574083875217105,0.00159156940889927,0.0016971111404998,0.00185124871461524,0.0012909044387,0.00234103960716597,0.00281581980927201,0.00134184938174643,0.0143515978204209,0.00198025721249745,0.000475854423792038,0.00640706370194704,0.000499538236538563,0,0,0,0.00201213969036014,0,4.35549131058484e-05,0,0.0107300529558706,5.52945143200338e-05,3.07943029009342e-05,0.000183231086420238,0.0112947997759243,0.00109587863320113,0,0,0.000189414381670791,5.32878025994539e-05,0.00138593776377713,0.0467247827572314
0.313501559167706,0.00220934457284221,0.0492745217576465,0.0512621673320509,0.0126264965246475,0.711190116044839,0,1.83727366236786,0.153516716589891,3.21368814850614,0.0463491648533664,0.0729335167048245,0.024879040602818,3.06384215978864,0.0296980237160207,0.000394234395085361,0.0299583905479761,0.00962313074146152,0.0136470166414226,0.00667987565132669,0.0502111824877779,0.00387992088634556,0.318645306115871,0.628029682287436,0.00691088806520065,0.0379460793619889,0.0239881377986526,7.80495166570711,0.306975821330324,1.77010603279123,0.000222959193737543,0.0286064190913653,0.0173363192354771,0.0964167718120142,0.0662597389920496,0.331604345044059,0.0120101756326503,0.120117467913055,0.0406787751071587,0.0323579234700531,0.0183291502406543,0.0140593682952592,0.0460156532307167,0.00374164541657818,0.017608810954753,0.00646104216474869,0.0268297549498645,0.0021111296125596,0.000992765957258544,0.000130444933456338,0.00056373868106015,0.00359448957875173,0.0332364280678796,0.00117202609176699,0.00402277296049486,0.0240490899553425,0.00948011539135029,0.0365855596430671,0.0198465138278423,0.00360367031680585,0.0216836486962514,0.000879618124742317,0.00622404231078727,0.00692897988037728,0.00571476691361913,0.00133334623179319,0,0,0.0143060422156057,0.00118192506781859,0.00357155206415339,0.00323184054406469,0.208981139107931,0.000151948944339177,0.000283398113482867,0.0152829089756539,0.169177802305622,0.0116282576900497,0,0,0,0.000528766549667212,0.0196852973133895,0.00687586905640623
0.0732533505211351,0.00139297286636061,0.0468771366551131,0.011954813001122,0.024890341230959,1.66035494803154,1.83727366236786,0,0.012419393073017,0.584074643248912,0.0364604829562449,0.428356560627457,0.0145797138813303,2.64404609340484,0.0365558748357763,0.000410390353588232,0.0687579082522884,0.00401345109710198,0.0148170004187885,0.0198309210960905,0.019467517555129,0.000867058834598762,0.181846909868137,0.0254135504856993,0.010386837991365,0.0411340500970485,0.0330656294417697,0.225641972444453,0.270949846361176,0.837575040459309,0.000720741893687293,0.0352686302539955,0.00787165316002523,0.0658856852495873,0.0192858307497925,0.277723045519662,0.0105083448209745,0.0660052287309587,0.0314201450550481,0.0604292376944753,0.0133724371477684,0.0134736934505871,0.00284925464430327,0.00191868713830573,0.00076613425487729,6.80267571758211e-05,0.00309785663087923,8.15510976920783e-05,0.00117611465755928,0,0.000174764458047953,0.000275958631332967,0.000845319097431171,0.000151987195932304,0,4.92354673580288e-05,4.52240487907886e-05,0.00206748065631542,0.000109035359141386,0.00187958689067087,0.00678645963172471,0.002827638204187,0,0.00110646372884666,0.000785921640971583,5.50241446762651e-05,0,0,0.000721757922829899,0.000152371371812958,0.000652137037584123,0.000167083090823862,0.00701506407345355,0.000219628667001593,0.000112739056509215,0.00209070725540883,0.00216920559571811,0,0,3.85042880833924e-05,0,0.000149641547340965,0.000123747334150976,0.00199673417448945
0.00206806042058159,0.208717947869421,0.00273574263614057,0.356512465160096,0.0191283740341458,0.0181951127455965,0.153516716589891,0.012419393073017,0,0.0926076399760336,0.00971331178390864,0.282330365550913,0.0683598904943916,0.0201198438148155,0.091798055244735,0.0226999449020764,0.00962391779998996,0.00107372357184961,0.00478915755513978,0.0993633328826528,0.0195614539231421,0.981565780703188,0.00662153411668915,3.48221286209417,0.166398841526689,0.0125512508039372,0.320280731707908,1.03968156752905,0.132217340583563,0.0193939317999613,0.00767767893245491,0.00901026697159254,0.0228416225566539,0.0353345691748145,0.0718264016924156,0.269720133980924,0.00983052279253696,0.0404039446135298,0.0235765542661785,0.0490826846663904,0.00648341428334394,0.00666921882754407,0.130224647877845,0.00372919678523504,0.0309716787503779,0.0129529468681744,0.0451791573759115,0.00352208787948517,0.00174257326267908,0.00041413326995475,0.00710406353644994,0.00158309979477389,0.126788496841286,0.00324870406407249,0.0117352949902261,0.0221269905054574,0.0186819826661932,0.435488116334368,0.0397679245498907,0.00931718427315114,0.0596920741614593,0.00287954512292718,0.0186246853933113,0.0158365530410772,0.0528519217803296,0.000813839830972478,0.00172321183953516,0.00256619119790255,0.0303604550401326,0.00847191253008745,0.0799315126681625,0.00890638864400111,0.486331064505602,0.00203173306987132,0.00497765693283362,0.0317068270105382,0.215849007100565,0.0228802568947646,0.00100234500771023,0.000980461488206993,0.00155050851852842,0.000900247188705742,0.0210980266169506,0.0381634403980199
0.00130638697244904,0.00320741370186899,0.00146544777316719,0.829699910206563,0.0299316966433962,1.98112618647978,3.21368814850614,0.584074643248912,0.0926076399760336,0,0.130623614058326,1.1401953998421,0.0681058043638394,0.344494708018571,0.032674961553009,0.000335188804777536,0.00837918145912966,0.0247721994191928,0.0379403670962364,0.464068389228995,0.00187520031007145,0.000647610131978673,0.010310078503267,0.0875610632629027,0.0194684034776553,0.0210195582298349,0.00545491144847055,1.02631771253513,0.398413174846924,0.0161631024560956,0.00140788252894494,0.0860251220962947,0.00788480780879701,0.227814971310132,0.144133873620166,0.725796666163324,0.0156257006503743,0.235639391335595,0.0307682579179918,0.0777069377526136,0.060476770514573,0.0465400615159338,0.0213255050578908,0.00754441643434537,0.0071320935978766,0.00256762294735337,0.037799094878904,0.000345064094213885,0.00249194107494502,0.000265992570152024,8.52343151650309e-05,0,0.154206325852814,0.00274138638047643,0.00490768370447011,0.0133838968561876,0.00581202389717694,0.0399316481025907,0.0391061439771333,0.0007910162950733,0.074495171259277,0.00294132570618573,0.0020610578379154,0.0134123866023285,0.000689461616354555,0,0,0,0.0362765680488295,3.54840048075914e-05,0.00109599277897311,6.1473072247535e-05,0.167275224296923,0.000312494761097884,0,6.17877943373263e-05,0.214185376182316,0.00200623366054954,0,0,5.31078489968419e-05,0.000170203140829665,0.00725199003272059,0.0254745420459763
0.0020964336334258,0.0425169711844365,0.00798902213870584,0.0034371743252842,0.00304011860910175,0.0274418508611065,0.0463491648533664,0.0364604829562449,0.00971331178390864,0.130623614058326,0,0.141647013639477,1.06259972592123,0.035461946024651,0.00507427152945723,0.00127232226477723,0.114663156941839,0.913645424414813,0.565329705924813,0.00852689684675762,0.00959183599346618,0.0124751495895129,0.0337812131923338,0.00698013426538021,0.105549124228182,0.506681696542769,0.0779004215109541,0.0219611027722031,0.270188108090135,0.026903180204635,0.0318976833816072,0.107620644980307,0.00217972135883532,0.706626172436325,0.00651221444271241,0.178413836415445,0.284842002078782,0.682710563637002,0.113552610624096,0.00484395702189564,0.00254105363329183,0.120797487496192,0.00136899934394327,0.116941281107403,0.00159490468912661,0.00187161060218167,0.000408990329111415,0,0.027716091328964,0,0.0287493554510608,0.00161792659706018,0.000168281849133781,0.000142294875493615,0,0,0,0.00744951448240443,0,0.0698122206766178,0.00249204468973948,0.289326937971579,0,0.000242075677338743,0.000662915964655774,0.000808966092957848,0.00823836221530372,0.0034649544322886,5.62203672518313e-05,0,0.0121669844722119,0,0.00256862237969695,0.0290470502706112,0.100918464026042,0.142958728496999,2.65664630445867e-05,0.000217566449376452,0,0.0761899627875991,0.000170824958943129,0,0.000693219712095788,0.00379030914994462
0.00050092569282726,0.00626973186489388,0.000484548281987423,0.719431386038732,0.122481205502238,1.31905263389737,0.0729335167048245,0.428356560627457,0.282330365550913,1.1401953998421,0.141647013639477,0,0.0696443677115141,0.182284304900625,0.339362593788127,0.000166636685704738,0.00723073582805024,0.0229338610551506,0.0347545320760249,1.23339242936677,0.000584079784227997,0.00491904247395489,0.00312761506878149,0.0881086774220986,0.0276558739141028,0.0259059801884524,0.00862731049621749,0.35608862066622,0.131994984912117,0.00482997654831019,0.00248153230311019,0.0963008039330042,0.00051518134613705,0.199085663008379,0.303399140003742,0.42291577603801,0.0126000498016199,0.134763844955697,0.0115912864379709,0.219297605633987,0.0502874750733462,0.0506545330305812,0.00939981610567479,0.00933336065226497,0.00132021515645829,0.000757137682277847,0.0564781865788841,0.000288739306445414,0.00284974400869662,0,0.00039784620509327,0,0.0467431576692286,0.00532123360731402,0.00739192660520362,0.00197656758427845,0.00390934065954407,0.0127427571880066,0.0141235000000916,0.0024843859851359,0.102723071119354,0.00967074172200014,0.00188343358620995,0.0217128175988219,0.000102656421610856,9.33052800524712e-05,0,5.27714289973735e-05,0.0181995975192077,3.95657987609624e-05,0.000543854796934867,0.00013907301615777,0.0198179116901942,0.000623328071860853,0,5.28313758054554e-05,0.0420918657703808,0.00145956974152866,0,4.85095359263479e-05,3.55701470180541e-05,0,0.00185804630700734,0.108773673891945
0.000125160958894825,0.248921389043926,0.00148699768057234,0.00188941081060248,0.00112204117882429,0.0136157577601905,0.024879040602818,0.0145797138813303,0.0683598904943916,0.0681058043638394,1.06259972592123,0.0696443677115141,0,0.0158085710885404,0.00477770535152407,0.0106775223973841,0.00778740751178536,0.0132981642220647,0.0175662984170967,0.00439863690065491,0.00404389490815989,0.103674549789088,0.00697961065914158,0.0556799495956536,0.67434686863918,0.0973335162890073,0.870129900665346,0.0167052821916495,0.0804246552059934,0.0102251756565479,0.268437473769717,0.0445919649602502,0.000656094149398541,0.2268648896899,0.00733511263358823,0.1036514297609,0.399619819269121,0.25959952415126,0.0374706438059416,0.00550407776115196,0.00192668792721653,0.13219550388622,0.00817405380131528,0.371316706690607,0.00837792137566084,0.00304984667504118,0.00173802804643078,5.84777960012674e-05,0.071828594746927,0,0.165171350115585,0.00078926080429478,0.000225225913891918,0,7.68812451151133e-05,0.000107495112058017,0.000302589837792594,0.0361046522956539,0,0.324317823380926,0.00161346120389688,1.40443958347691,0.000743087032715771,0.000260683019974422,0.00267833787614719,0.000858884192938232,0.0490852236155474,0.0104349294733531,4.97913294310987e-05,0,0.0537996363666478,0.000291303060527742,0.0223683103129918,0.233956844809177,0.539854375227727,1.03104816613694,0.000657786505511659,0.00120752290189832,0,0.495078060394042,0.00137035886673325,0,0.00319024118066835,0.0019759418318694
0.778225770365601,0.00249992656321858,0.0802340669127062,0.0108269131226021,0.00455562741844195,0.143457931124649,3.06384215978864,2.64404609340484,0.0201198438148155,0.344494708018571,0.035461946024651,0.182284304900625,0.0158085710885404,0,0.00624086016332421,0.00138533229993761,0.148276260356577,0.00643508940600659,0.0266018365900035,0.0210041662886314,0.0357171150269499,0.00155603470018352,0.264134221428379,0.022769622233685,0.00449700946989693,0.0757818688702233,0.073186047914179,0.212408417290665,2.69811616184525,2.85387172995142,0.000494775758247572,0.0257356882160787,0.0180205944141167,0.0902387947024155,0.0153863082838936,0.165786605093726,0.00993851445042509,0.119976234594049,0.0587673055700328,0.0099807009185131,0.00582169236123282,0.00935391873722432,0.00095080376827196,0.00183075289931522,0.000419817445914656,0.000128810142016161,0.00136522738654688,0,0.000647615731613088,0,0.000485926252851126,0.000641962997681263,0.00112023643120387,4.06238089933426e-05,2.98633488584787e-05,0.000550649788919258,3.75351120897621e-05,0.00208148865919114,0.000109506372471037,0.000779242945148137,0.00480200193350419,0.00145340089538289,0,0.000392775706488615,0.000954403737666966,0.000231532118153683,0,0,0.000471403250682062,0.000142180069514495,0.000952619391794454,0.000574542221731776,0.00823067424600825,0.000328349767545545,0.00010488896998274,0.00521867659403501,0.00137023487444339,0.000111958432979321,0,0,0,0,8.41530467783511e-05,0.00055403656530332
0.000430764502144352,0.00635719530882729,0.000505380926884812,0.0490494614156204,0.394219136426505,0.394293429479095,0.0296980237160207,0.0365558748357763,0.091798055244735,0.032674961553009,0.00507427152945723,0.339362593788127,0.00477770535152407,0.00624086016332421,0,0.00140810042694226,0.00203894645802388,0.000506907891678465,0.000809633317154032,0.0336382655080648,0.0189270866004932,0.0164765939305615,0.0126428975170084,0.145684776134145,0.00663339185994954,0.00170644783834286,0.0138962275707254,0.133158574074054,0.01246687277204,0.0234874024597114,6.59214994347632e-05,0.0225272028632894,0.00179240183318218,0.0115913745715817,0.336028841032189,0.0307979392302268,0.00135900201858597,0.0101287774852556,0.00387263420442186,0.571371149139873,0.00781207711349287,0.00197127898557226,0.0125898892568898,0.000835653007426262,0.00288777794096277,0.00336590778078034,0.0325179566480958,0.00044540277917434,0.000221526086146331,0,0.000402749258999527,0.000369058236651695,0.0139532506555412,0.0029917898675316,0.00385847182355962,0.00210000358360646,0.00305255034183691,0.00940105708759956,0.00547190068000148,0.000508803801778316,0.0223624507024798,0.000177527904578942,0.00227932517127315,0.0113610322922047,0.00194762677114776,6.09996848669111e-05,0.000430070020824922,0.000108690617837262,0.00581839567213371,0.000270005737594497,0.00140348198968032,0.00184844799198086,0.0224695054105669,0,0,0.00246548399070741,0.0174157216984717,0.000876790543803689,0.000110873887809461,0,0.000248601477273321,0,0.00310376410775609,0.134314446584064
0,0.0816843672153308,0.0215092177209549,0,0.00153081781640101,6.7272417974168e-05,0.000394234395085361,0.000410390353588232,0.0226999449020764,0.000335188804777536,0.00127232226477723,0.000166636685704738,0.0106775223973841,0.00138533229993761,0.00140810042694226,0,0.0400868788207372,0.00103761379307518,0.0104245190065375,0,1.07193633815293,1.45241876992209,1.2255625294011,0.330205378572084,0.02794845293406,0.0514875992224856,1.0932297538456,0.518879628326949,0.00129048945135645,0.00671443717160624,0.00179344057075559,0.000223790337934429,0.000345360882922044,0.00938820580804946,0.0425272429134379,0.772467517176166,0.14582052205395,0.125730027581705,0.188462343908011,0.00342072023071165,0.00152840436857873,0.00216408634418476,0.108616432250226,0.0084691400589291,0.0261917156117062,0.0278880003776688,0.00291639709578666,0.000408738674318951,0.00125806741180017,0,0.0193046748804338,0.0295895342053617,0.000112102632997036,0.000876469599598467,0,0.00310862082051075,0.000237261985836947,0.0127391527130347,5.74026176885903e-05,0.00119774457937477,0.000251266375089109,0.00109779002987411,0.000425406287963912,0.000673504302053094,0.927982105321152,0.0209372467796668,0.00014327893444243,0.0143808827927956,8.17080760863066e-05,0.04655753226213,0.320852036678046,0.435800880061159,0.147266111801554,0.000482481682742667,0.0295856792639702,0.56667027049227,0.0360790976472051,0.00033577016701445,0.00149949556875739,8.85655048028409e-05,0.000316566573797226,0.000153969412620723,0.00475529090152504,0.0157282592670134
0.0201773900949246,0.0742716414175212,1.19784109219978,0.000192874017975599,0.000516999316763282,0.00307074781979748,0.0299583905479761,0.0687579082522884,0.00962391779998996,0.00837918145912966,0.114663156941839,0.00723073582805024,0.00778740751178536,0.148276260356577,0.00203894645802388,0.0400868788207372,0,0.14443702790542,1.20767724192428,0.000623781690753475,0.254436839011799,0.0238107498377764,1.88009617649931,0.0264377923746969,0.00234824309490618,0.581831453154473,1.57405458962037,0.0515216110354394,0.252283591907977,0.677392135490993,0.00817285202222087,0.00528484531544288,0.0383604246271503,0.903701754649376,0.02588497452078,0.531091147509511,0.209056940903598,0.475789465491701,0.306228176052375,0.00161097191309548,0.00244414534150208,0.00108830634028031,0.0721787394422621,0.0273653775943604,0.0292571454333694,0.0419464479723066,0.000365522638799957,0,0.000304005197938061,0,0.0972426701053852,0.119726324288463,0,0.00107123984026179,0,7.47320418312073e-05,0,0.00136985969624287,0,0.00130236064936883,0,0.0021862543725434,0,0.00016322145304569,0.00379667814394724,0.0961116929906182,0.00741225575727492,0.107582267088207,0,0.000551111227898055,0.0275721476602495,0.0103427277551307,0.00538231022382815,0.00125146335441466,0.228494705394102,0.527184578745802,0.000483588305778149,4.9837996644187e-05,0.000495654639462581,0.00110810089433781,0,0,0.0072710540042545,0.0192736166159404
7.71121208984465e-05,0.0033368021664745,0.00857628504023697,0.000773274877424398,0.000579873044052819,0.00459324454712124,0.00962313074146152,0.00401345109710198,0.00107372357184961,0.0247721994191928,0.913645424414813,0.0229338610551506,0.0132981642220647,0.00643508940600659,0.000506907891678465,0.00103761379307518,0.14443702790542,0,0.98170161015132,0.00145145820489158,0.00819046072476153,0.000372613174530476,0.0292032716147465,0.000641354451078624,0.00136615714682704,0.428538181557595,0.0858011056468472,0.00406838850672872,0.0436020036976477,0.0144692248282613,0.00615759724283999,0.0134876890227056,0.000900070269361239,0.0824079575498075,0.00803594363663624,0.128543510996064,0.154683403168855,0.228309018064963,0.0845930906265487,0.000743752098438823,0.000664255091087287,0.00120322962069368,0.00144049680195658,0.0102923567476646,0.00125742853339533,0.00115983582507659,0,0,0.000268143969635183,0,0.00603476245777331,0.00209046807987863,0,0,0,0,0,0.00016938832665422,0,0.00209369373068975,0.000311575779709762,0.00560955565476439,0,0,0,0.000715716429293582,0.00217091175420248,0.00398354580218512,0,0,0.00060201264847315,0,0,0.00219091288572594,0.0391625062673619,0.0513093575181179,0,0,0,0.00708747859151748,0,0,0.00058329639052285,0.0046305199310284
0.00246463109335902,0.0268134390164354,0.0832862603559961,0.000772414040074665,0.000305273291471029,0.00567301121586737,0.0136470166414226,0.0148170004187885,0.00478915755513978,0.0379403670962364,0.565329705924813,0.0347545320760249,0.0175662984170967,0.0266018365900035,0.000809633317154032,0.0104245190065375,1.20767724192428,0.98170161015132,0,0.002952956871746,0.0706992553743224,0.00925493728723403,0.260693176089028,0.00638948056424358,0.00418671982219597,1.23243935914512,0.633336741023847,0.0117031763576177,0.127080378627265,0.120457167736699,0.0143214899982067,0.0179566150864391,0.0104797797384625,0.617563115781024,0.0173850529777472,0.339110172112526,0.174040591415442,0.3530999979794,0.214958775908952,0.00111426569570435,0.00104792013848838,0.000984584937188651,0.0174721376568039,0.0159569078536946,0.00766192286545728,0.0098256650881242,7.84882809082866e-05,7.58043421797097e-05,0.000508360315044213,0,0.0597521059503261,0.0129949402997795,3.04208277653545e-05,0.0011678134959587,0,0,0,0.000274957649523649,0,0.00242301432070468,0.000364066879367122,0.00669856743310789,0.000108426696665656,0,0.000355255030030018,0.0105047188650181,0.00511767423113385,0.0362923653343103,0,0,0.00827493787934991,0.00140942388894892,0.000277323098939667,0.00442469548386434,0.16890871137529,0.266200304583826,0,0,0,0.00747930540249784,0,0,0.00173475499274719,0.012467087258518
0.00019666744692494,0.000257589305496597,0.000163109255558443,3.05737036732017,0.00812989020687064,0.015183349526441,0.00667987565132669,0.0198309210960905,0.0993633328826528,0.464068389228995,0.00852689684675762,1.23339242936677,0.00439863690065491,0.0210041662886314,0.0336382655080648,0,0.000623781690753475,0.00145145820489158,0.002952956871746,0,7.42892611145318e-05,0.000320162808306137,0.000227780231054265,0.0634731974533762,0.00177763908150691,0.00138064225041169,0.000385455022549975,0.444843949650733,0.0225281782775669,0.00129867907298219,0.000100381118763694,0.00726541512119894,0.000395653306875757,0.0179049562789307,0.00587753455105742,0.0582237294694358,0.00166271719965479,0.0191229274303559,0.00196115429143716,0.0187785888391127,0.00416933405139521,0.00408006567929493,0.00452377630446038,0.00058744145926722,0.00120523350564982,0.000213922132924872,0.0194118660465994,0.000120843958738243,0.000249184814742201,0,5.53907752153993e-05,0,0.0844105646305723,0.00194729588610935,0.00287990643947254,0.00363272838002945,0.00197729089913409,0.0124816977637327,0.0149814131280353,0.000223947698979324,0.0326429989313893,7.19450892314017e-05,0.00129928929570254,0.00810082146176503,9.13596873444824e-05,0,0,0,0.018535450039652,2.51920734677642e-05,0.000189386526319036,0,0.0321012479235714,0,0,0,0.0589242757426611,0.000895238024691519,0,0,0.000146734663398874,4.85569576618791e-05,0.00134355697112872,0.000289546836784562
0.00281688859839642,0.0132637494429267,0.206665386264105,4.24638116749048e-05,0.00846793440751772,0.00182372182803736,0.0502111824877779,0.019467517555129,0.0195614539231421,0.00187520031007145,0.00959183599346618,0.000584079784227997,0.00404389490815989,0.0357171150269499,0.0189270866004932,1.07193633815293,0.254436839011799,0.00819046072476153,0.0706992553743224,7.42892611145318e-05,0,0.224865242142575,4.20101093210792,0.0534884262446822,0.0256424580298723,0.124795953618591,0.266820896482447,2.32580132451721,0.0256071065852264,2.83077104962153,0.001109519078553,0.00111968433904829,0.00856736161050419,0.876570028541828,0.232921601383386,1.71771533657302,0.0785125541000709,1.47627333881376,0.861986650571515,0.0192957587614845,0.00354346639442271,0.00685290881990347,0.127729491553719,0.002736451545007,0.0146489585589913,0.0117501580233235,0.00608740557483984,0.00132493825676193,0.00233804291349541,0,0.00414286500258744,0.00875053090423108,0.000348208205401444,0.00168582901432687,0.000340431326414984,0.0011716656159752,0.000564592601055917,0.0086152136016794,0.000184108251096689,0.00351545384330616,0.000834857296142236,0.00022728464993493,0.000362293835162914,0.000996250409267547,0.278873985546696,0.00704999331563507,9.64245836199999e-05,0.00205997523564082,0.00046141677966904,0.0700580522427196,0.102539208794069,0.0577310286694637,0.11977352351263,0,0.00563292709252486,0.0707080961326478,0.0423390363416517,0.000591169697477502,0.000730067669817984,0.000122921169802212,0.000118515976750958,0.000434682279086992,0.00581825910357156,0.0547806349239296
5.59469390974462e-05,0.487512522912068,0.0133664902524833,0.000281801545341226,0.00314568853558914,0.000998046390954019,0.00387992088634556,0.000867058834598762,0.981565780703188,0.000647610131978673,0.0124751495895129,0.00491904247395489,0.103674549789088,0.00155603470018352,0.0164765939305615,1.45241876992209,0.0238107498377764,0.000372613174530476,0.00925493728723403,0.000320162808306137,0.224865242142575,0,0.23164055941802,1.76483337563251,0.255785451562199,0.0311819819322789,2.09405808877435,0.187163790339059,0.00513899096954638,0.00469044950096718,0.00848953814470971,0.00108399698505291,0.000656327213296958,0.0119629017996864,0.00725767782230405,0.126232118839244,0.0272363244314443,0.039188274300147,0.0405191136014819,0.00239680753311913,0.000819966165168044,0.00796323320564914,0.077423656082154,0.00950408436507516,0.0191328152313912,0.0254021706973751,0.00340871047543155,0.000588849298440767,0.00113374066369702,0.000125618792334235,0.0171216529278457,0.024627736897731,0.000314332265771216,0.000536039938522303,0.000342332841538698,0.00245573963786212,0.00027515150520227,0.0376613493156377,0.000148341796202076,0.00291632729976597,0.000334156550707686,0.00949490767988446,0.000478095581803939,0.000422229821237171,0.46211213150796,0.0219663552616209,0.00081880212836411,0.0108729935678391,0,0.0220606084589972,0.472787464146479,0.13647196937255,0.0975069467298189,0.00282301040815206,0.0291399162892552,0.51288480418914,0.0230603827898817,0.00140319708739537,0.00153313534825246,0.00359577456819797,0.000158947460668349,0.000521884224404788,0.00503350383303403,0.0102561049057878
0.0197784497056373,0.0226805453405177,2.63039859700301,0.000419881052156585,0.0148748959417365,0.0157977410425733,0.318645306115871,0.181846909868137,0.00662153411668915,0.010310078503267,0.0337812131923338,0.00312761506878149,0.00697961065914158,0.264134221428379,0.0126428975170084,1.2255625294011,1.88009617649931,0.0292032716147465,0.260693176089028,0.000227780231054265,4.20101093210792,0.23164055941802,0,0.160073710766032,0.0139299518324816,0.573802923532159,2.80548358360055,1.58284219307537,0.145373465139267,1.81883459670118,0.00400098357036109,0.00321056911741957,0.0252465874367014,0.931345442974829,0.326938882192435,4.35175854112372,0.567924259082397,2.66114108312369,2.13771592290744,0.0301516803536279,0.0178355114156866,0.00943821514596154,0.154233138643183,0.0148331834565629,0.0533007321526232,0.0663160954994026,0.00277204523312526,0.000152433463620556,0.00186161496911041,0.000166431849029851,0.0154934713952979,0.086948501972997,0.000216903973282212,0.00437874169869298,0,0.00872485983027466,0.000111759875009048,0.00266806805231494,7.88155388495207e-05,0.00176647299819096,0.000344200704961461,0.000226438717098165,0.000360738767102989,0.00123509618621698,0.799950315444773,0.0736123486372991,0.000731953862746662,0.0182359330915179,6.0088906215632e-05,0.0451182083760897,0.188331892650039,0.622872023322428,0.0813994544964013,0.000339426992370242,0.0349304779504928,0.839755128545694,0.0297301833569239,0.000258479399454051,0.00427000076229296,0,0,0,0.0101402891816185,0.124529685103413
0.00163888970158264,0.244026977224847,0.017221620099429,0.410889112384224,0.0218892234342131,0.0214374930492869,0.628029682287436,0.0254135504856993,3.48221286209417,0.0875610632629027,0.00698013426538021,0.0881086774220986,0.0556799495956536,0.022769622233685,0.145684776134145,0.330205378572084,0.0264377923746969,0.000641354451078624,0.00638948056424358,0.0634731974533762,0.0534884262446822,1.76483337563251,0.160073710766032,0,0.17100066067165,0.0307940823998344,0.473255284275175,2.15328745407419,0.104222786180037,0.0457226734030484,0.00482211332231432,0.00624801001664498,0.0356268422749947,0.0455913205958522,0.09124415349373,0.409310623570414,0.047676203458084,0.101564485702343,0.0719088891093436,0.0321500649947613,0.00546508936338509,0.0158376654712407,0.502300155401435,0.00589050371396025,0.101285403178329,0.0478081018442903,0.095827198872656,0.0178904484426627,0.00560088741530066,0.00119135390093608,0.0108427397778689,0.00981013951425924,0.147394424203978,0.00466494025321169,0.0189363840470009,0.0721641152586334,0.0330153342476407,0.38913350042553,0.0696132776412051,0.0198072691134122,0.0694512666361777,0.00113893428689073,0.0346588703118999,0.0226584607812043,0.289004460902815,0.00620504851522999,0.000234904604421621,0.002463733256115,0.0500401955732872,0.0345141194308235,0.147873806774713,0.0895881803638784,1.23717709157643,0.00170576009383095,0.00771289327363616,0.126378936982467,0.521813355868178,0.0662610533809238,0.00224812326456971,0,0.00154175759148913,0.00760514718316116,0.0729067036948348,0.0620193034021247
0,0.537625180123346,0.000733730887056756,0.00154556288799861,0.0137687630871494,0.0180596938762399,0.00691088806520065,0.010386837991365,0.166398841526689,0.0194684034776553,0.105549124228182,0.0276558739141028,0.67434686863918,0.00449700946989693,0.00663339185994954,0.02794845293406,0.00234824309490618,0.00136615714682704,0.00418671982219597,0.00177763908150691,0.0256424580298723,0.255785451562199,0.0139299518324816,0.17100066067165,0,0.0221503265129998,0.451257923727315,0.0441140547942524,0.0142131324050179,0.00291794830500323,0.0366257235409896,0.0315152362735544,0.000320074267792195,0.156098837726404,0.00530471450254887,0.0874470834346572,0.0233177808697493,0.142532380300943,0.0437602021358029,0.0711898575617402,0.0162366852605416,0.176909481854197,0.0225679308610532,0.059898121718215,0.0117558872873888,0.00276496644638707,0.114567268899128,0.00127942400247131,0.0494273869212826,0,0.101558297397603,0.000471927519822562,0.00461662426307081,0.00178596399978555,0.00445649500467917,0.00360319359066342,0.00604636191722263,0.0161777173779612,0.0036213266243232,0.0676093555302219,0.00962038855629507,0.379977615265481,0.00521763644442673,0.00607634408719752,0.00349743412274895,0.000275704362659183,0.0155197628564698,0.00440309489680354,0.00316754726633541,0.00146562132949738,0.020370324938188,0.000678161432842728,0.0238298512201499,0.275234249342764,0.171593040291675,0.481605735474703,0.0122381691941464,0.00588488502246421,0,0.0751463520043381,0.0010058122404392,8.77028646834135e-05,0.00585109516845527,0.00359527142568587
0.00854389710778984,0.0908822396468482,3.68075501698981,0.000302647251561046,0.000688756156733581,0.00676587538639439,0.0379460793619889,0.0411340500970485,0.0125512508039372,0.0210195582298349,0.506681696542769,0.0259059801884524,0.0973335162890073,0.0757818688702233,0.00170644783834286,0.0514875992224856,0.581831453154473,0.428538181557595,1.23243935914512,0.00138064225041169,0.124795953618591,0.0311819819322789,0.573802923532159,0.0307940823998344,0.0221503265129998,0,4.31387342782453,0.0413850298627456,0.0923765374654432,0.169832384204762,0.0502726099195019,0.0130410488860089,0.00726318604632502,0.100128802020607,0.0283728625140453,0.662114927787969,0.641602050655187,0.370602799441753,0.296726786512709,0.00174895042438714,0.00207637058794647,0.00459896445510827,0.10808007418079,0.133626526467839,0.0494341063182025,0.0503441039471327,0.000672499962618905,0.000321409901862687,0.00362571138059515,0,0.296675988987179,0.0747089745818644,0,0.00147047175276852,0,0,0,0.00283389757146813,0,0.043864514682976,0.000516315148148811,0.126245236952961,0.000354117843446156,0,0.00535373636460333,0.0591652779097207,0.0854896029291624,0.219215103801639,0,0.00101848807735294,0.0502647646942557,0.00486389542565686,0.00696935799530545,0.0637807023392871,1.20706950386789,1.74946215743907,9.62337056103051e-05,0,0.000393214428952438,0.111281368727205,0,0,0.00957279393541983,0.0205808694352293
0.00827055296408931,2.51368190438085,3.93406881049817,0.000290845889990193,0.00447385506243296,0.00191756107284372,0.0239881377986526,0.0330656294417697,0.320280731707908,0.00545491144847055,0.0779004215109541,0.00862731049621749,0.870129900665346,0.073186047914179,0.0138962275707254,1.0932297538456,1.57405458962037,0.0858011056468472,0.633336741023847,0.000385455022549975,0.266820896482447,2.09405808877435,2.80548358360055,0.473255284275175,0.451257923727315,4.31387342782453,0,0.42479569916005,0.0957872099996877,0.304109965351783,0.306844971258737,0.00611157473414771,0.0128219400041287,0.318836728525634,0.193025216280591,3.50331213149851,0.89573072740205,1.58949247244913,1.80679229081088,0.0150573463884586,0.0174002023925325,0.00671382421104731,0.677580822616776,0.278630280119743,0.268860626401544,0.326396232610366,0.00574555306498296,0.00109649489210102,0.0113275481302687,0.00100781196474302,1.09709656098368,0.673371322304185,0,0.00621362081177567,0.000111313370185173,0.0186048688233668,0.000107209784006819,0.0111388747004157,0,0.0494642750842722,0.000449017674640095,0.2074520631012,0.00156076895664042,0.00108849272888148,0.252266550303156,0.56089075394958,0.136099104863899,0.514644074761312,5.49694067677617e-05,0.0254608253345738,0.632969738017404,0.690255675538936,0.0868313172918124,0.176656848613198,2.2366476158991,7.35571436367731,0.0244120892366527,0.00130504395753222,0.0100464704220965,0.15563611186916,0.000145978772036767,0,0.0571556502401505,0.138801192845674
