0,0,352.858616799116,0.993835240602493,0,16.6493275165558,5424.7674113512,1627.19668993354,0,9.24470382928848,2.56060317158699,8.51818805932999,1.88513904809952,10740.5946689844,4.90123891830444,1.57056605815887,578.194649070501,9.39333832263947,69.0034130811691,0.474187582731247,284.680518448353,0,712.128062814474,5.22827360033989,0,91.4289587140083,13.1475362181664,98.3187457621098,11231.1860082746,15073.0588871837,0.470086932182312,1.05476161837578,12.400206387043,52.6480983793736,0,50.2936096191406,13.9242812097073,34.4535900354385,14.7163504958153,0.97574657201767,1.48986881971359,2.81280100345612,2.02956801652908,0,0,0,2.10824656486511,0,0,0,0,2.23317649960518,0,0,0,1.06797802448273,0,0,0,0,0,0,0,0,0,0.596796095371246,0,0,0,0.367333978414536,0,1.86605834960938,5.92043009400368,0,0,2.98065412044525,5.50861269235611,0,0,0,0,0,0,1.11008024215698
0,0,103.721603929996,22.9356412887573,4.19585973024368,0,16.0517274439335,3.32187846302986,3706.29389318824,7.47125980257988,49.062618792057,17.3574058115482,2626.03068554401,20.4560176432133,67.1282539367676,1024.99131789804,84.1800647377968,6.04315131902695,21.969654738903,8.0125695168972,273.327406615019,7935.08830589056,388.407870382071,4803.17174240947,3013.47931563854,679.276675581932,31503.3226142824,440.274733066559,12.0022174119949,1.62109035253525,102.088841617107,1.14551174640656,0.7363001704216,98.3466643989086,25.6746141314507,290.534750968218,400.188777148724,141.432290971279,137.497436225414,90.8384199738503,0,724.797757327557,100.955267608166,48.7577627599239,56.1419328153133,56.3216119110584,10.601961016655,0,103.320557296276,1.30053448677063,1551.42637908459,177.328452259302,3.65348416566849,0,0,10.1658464372158,4.77055624127388,75.6420775949955,5.20882189273834,40.942170381546,6.17116671800613,70.5557145476341,0.475991368293762,2.31737941503525,139.761457890272,84.8581800460815,8.68990743160248,59.1895722448826,1.05020886659622,30.0429916083813,92.983841240406,52.6988988816738,137.437314212322,56.9796738624573,642.46474930644,12943.5743294656,24.993375480175,0.626694858074188,2.76217824220657,19.8921405375004,0,0,29.5252129286528,15.0160244107246
352.858616799116,103.721603929996,0,25.7708775699139,0.69210296869278,458.642655521631,8077.1488648355,3233.912186414,11.2699666619301,567.570610791445,153.361650705338,115.71010813117,71.1681757569313,4168.2514629066,109.206348419189,50.8279558718204,54252.8587135971,255.279837071896,3765.19711494446,16.6341390609741,8803.78066086769,44.9606396555901,42327.9893555343,238.843937575817,4.86218592524529,26467.54176265,25675.1571617424,5910.28713321686,662.422797590494,3738.94418159127,0.91320139169693,10.9982016980648,103.678117871284,5406.7447117269,1806.94274324179,13149.3079415858,6220.00623711944,5872.46265518665,6567.0387673378,163.392845064402,167.048097670078,37.2338422238827,1350.25459161401,127.128132373095,733.814932987094,626.568055480719,39.5072073936462,22.791759878397,15.294658780098,1.84845590591431,77.958690404892,7026.45884430408,2.28676182031631,1.35479032993317,3.09233832359314,156.911367028952,19.6159995794296,20.3669331669807,1.21240848302841,5.31650248169899,0,0,38.4471209347248,2.81704360246658,359.624875098467,1306.68226237595,12.2762833982706,195.816002830863,0.312607020139694,238.081522762775,78.2499010562897,1491.27992165089,595.441953569651,4.30458748340607,793.899373993278,19044.9284298271,309.297387719154,39.4219206571579,84.2089724838734,0.622150778770447,0,6.17187595367432,361.887065947056,601.115327715874
0.993835240602493,22.9356412887573,25.7708775699139,0,83.9706089496613,758.478247016668,278.853322058916,516.450027137995,2810.78951388597,8716.46527147293,48.0079268813133,6021.05309465528,41.0384503602982,285.855465382338,913.944009542465,0,19.2204268872738,33.0477858483791,18.102641671896,16179.4047667682,5.56476119160652,13.5034901201725,5.45858436822891,4804.55300322175,6.69630578160286,37.5659531056881,39.717836111784,11848.0276817083,224.648477673531,9.81838980317116,1.6216082572937,18.7264244556427,9.56819885969162,210.177825123072,75.8250158429146,1467.90560898185,23.8075028657913,223.31877592206,32.1764780282974,1256.91887176037,46.6967021524906,7.75065252184868,117.748432546854,0,98.4482183456421,16.8185946047306,1230.74189519882,27.6022734940052,7.63769492506981,0,3.22273543477058,0,1291.5626347065,8.90196096897125,118.221168458462,633.599945098162,112.55522814393,487.333407193422,2080.10415965319,0.921356588602066,1556.27951821685,0.960714876651764,70.3356983065605,61.9079211056232,2.85259714722633,0,2.75856962800026,0,995.548043519258,0.858204245567322,2.7545577287674,1.27119886875153,1721.22727063298,0.57265830039978,5.65350607037544,1.18713748455048,2290.29017922282,48.3393443524837,0.94469228386879,0,5.61091649532318,0.961368978023529,47.2605451047421,14.390212982893
0,4.19585973024368,0.69210296869278,83.9706089496613,0,628.736078500748,20.7673397362232,196.359539538622,56.1632263064384,71.1405482888222,8.74314448237419,332.462736427784,7.45439058542252,16.4560698568821,3901.34863972664,0,0,5.81157994270325,3.7807269692421,53.7721593677998,0.902452766895294,17.7401694655418,0,291.546433955431,1.62351894378662,3.42268240451813,9.34893506765366,137.673740506172,9.15643334388733,0,0,756.940577179193,0,1459.49450445175,86.0445796251297,115.862961292267,7.39767771959305,12.9574312269688,19.6118152141571,12997.1312420368,6298.67714399099,8.60131990909576,3.36349484324455,0,1.70367962121964,2.72614729404449,8.78257793188095,1.27643930912018,2.25581669807434,0,0,0,2.14174821972847,0,0,0,0,0.886418342590332,0.876664698123932,0,6.36741375923157,0,0,0,0,0,0,0,0,1.02304577827454,0,0.973143875598907,2.66784936189651,0,0,0.646120369434357,6.0157989859581,1.02257597446442,0,0,0,0,0,51.0402715206146
16.6493275165558,0,458.642655521631,758.478247016668,628.736078500748,0,2778.34925171733,15429.0813188255,126.669017791748,21022.8785170317,472.625540226698,10603.0718446672,754.306686013937,3608.68302190304,2924.38685125113,0.361973792314529,296.633130460978,346.833403468132,272.177773416042,635.70702496171,201.907627463341,0,291.466365247965,172.11041161418,19.84256747365,420.35261413455,197.289116591215,2127.94478970766,779.066302657127,521.602030545473,30.801583647728,596.329230576754,21.2850627303123,1209.98832017183,10536.1556636393,4820.19092711806,219.725386023521,785.949621677399,487.237192213535,6327.01016765833,3899.79360947013,173.643126249313,181.987367361784,10.3586230874062,178.233172625303,162.232259094715,1035.25778594613,119.592629462481,56.8629028499126,0,0.511088967323303,3.39191341400146,294.168562948704,9.79111176729202,78.0302285850048,251.953968584538,82.4601242244244,48.661515712738,586.423532307148,2.98822700977325,736.564233988523,0.782366096973419,57.840923756361,39.0485248863697,8.86212489008904,0,0,0,240.949892342091,22.565380781889,3.08467599749565,8.52304112911224,592.103993415833,0,0,10.8559467494488,673.812437385321,40.2792199254036,5.39746949076653,2.25380247831345,40.9182874262333,0,49.8381070196629,464.229218631983
5424.7674113512,16.0517274439335,8077.1488648355,278.853322058916,20.7673397362232,2778.34925171733,0,8407.78575408459,1169.47184848785,15889.220051229,334.498990684748,542.663080662489,269.355545401573,40016.1179032922,1234.99974441528,9.60716503858566,1287.97594571114,261.875407189131,454.4035564363,163.378401488066,4833.09616276622,22.2092977464199,6204.63848924637,3544.19839006662,20.4703154563904,1290.72653403878,568.012493133545,62689.1502209604,10132.167087853,16073.0299284458,18.3867939114571,97.5348441898823,1479.78462249041,4752.93201053143,2249.50206080079,16667.6513646543,477.411214202642,3110.5761988759,1040.33452445269,1465.45086184144,416.1565554142,63.9924582242966,1046.33907601237,23.227100610733,706.590437471867,185.078356057405,901.134462445974,212.730049580336,51.9973047077656,3.29401350021362,12.0955512225628,119.621120035648,553.833684712648,1.22692626714706,156.975601494312,2012.66515508294,378.096404671669,634.817722350359,1312.77890726924,28.4184245169163,399.796761989594,0,442.939665704966,58.0961681008339,113.496878623962,13.6346614360809,0.238435193896294,0.339778453111649,374.28730648756,89.4156116843224,44.4431023001671,129.78205537796,6183.05209818482,2.15264368057251,13.7633666098118,357.556196600199,4583.72992968559,418.591487020254,57.5834802687168,0,52.2295408248901,6.81982839107513,322.13333491981,612.639092028141
1627.19668993354,3.32187846302986,3233.912186414,516.450027137995,196.359539538622,15429.0813188255,8407.78575408459,0,83.2913732230663,10496.3595401943,1273.3992010951,5229.22915038466,2166.36452001333,25291.3116105497,1227.22604325414,0.533305704593658,4940.51214981079,948.409546166658,1082.22065228224,681.729499012232,2046.95510098338,6.15809065103531,5159.08192205429,162.37263917923,65.5200436413288,1749.49031502008,348.061888039112,1977.20164448023,3154.91978991032,14559.8464435637,53.6038461923599,2173.79099270701,54.9367482960224,4683.0534517467,492.328255593777,6038.97826325893,503.965042471886,1136.51557332277,1252.64447557926,2944.17393922806,2796.68827566504,553.514365017414,821.973947942257,44.1446646153927,703.777689367533,505.217979818583,939.555467814207,408.951394736767,170.199838995934,2.81526875495911,1.61609053611755,13.0790432095528,150.057838380337,3.3456808924675,59.4236963391304,1171.83958467841,135.856120109558,76.7477517724037,337.184059470892,24.5938782691956,289.660690993071,6.11030164361,113.65325704217,42.7527908682823,60.4537435770035,2.47247695922852,0,0,114.540798038244,71.4350045919418,13.4765708446503,25.7748970389366,3017.55308586359,0.495584964752197,9.23431608080864,40.2183667123318,2069.8427182734,88.7430487275124,47.6889524161816,2.84549868106842,45.7112101912498,7.1410214304924,153.131108909845,171.301106840372
0,3706.29389318824,11.2699666619301,2810.78951388597,56.1632263064384,126.669017791748,1169.47184848785,83.2913732230663,0,1901.11886879802,10.2089433372021,1244.06368973851,537.409003645182,50.2450868189335,258.328540831804,62.3626369833946,11.5329028069973,3.2588142156601,9.65947338938713,807.764414727688,193.291098773479,11162.8997451067,83.3582779765129,41646.311016053,1281.97545814514,95.6123847663403,6296.88859516382,9895.3353830874,47.6481332778931,7.55379512906075,33.2603088319302,3.004868298769,5.62463963031769,48.7573148310184,25.2967425584793,244.420057147741,78.1532869040966,48.8649044930935,20.4881792068481,381.525610029697,7.77579081058502,74.904075294733,530.60735103488,13.9984022378922,191.693994641304,43.8145123422146,566.554906368256,66.6766089498997,18.2600514292717,7.01094126701355,67.301008939743,8.88580483198166,1560.55294108391,13.9162479639053,150.674355715513,484.050765514374,145.449935257435,3030.71454378963,1625.86845681071,28.7486492097378,1490.00161471963,7.99885702133179,152.391159176826,84.7955111861229,845.298010498285,5.40911075472832,36.0403945446014,9.25760492682457,842.294764846563,370.789535701275,1234.74421954155,125.357219159603,11312.4609246552,11.2438273131847,91.6925439238548,370.433203399181,3304.37730956078,202.716824144125,67.1545804142952,4.01538041234016,26.5740512311459,12.9831092953682,109.779431045055,90.7995581924915
9.24470382928848,7.47125980257988,567.570610791445,8716.46527147293,71.1405482888222,21022.8785170317,15889.220051229,10496.3595401943,1901.11886879802,0,560.039908915758,12723.8334748,290.905763953924,4729.04672953486,1036.30833336711,1.68378961086273,307.82683891058,412.783293068409,365.6032371521,7226.05113622546,165.612526655197,6.10242995619774,203.097851037979,1692.7764583528,12.7312543094158,625.072020173073,423.716284006834,32705.4134223461,3085.04061871767,102.629595428705,25.2828859388828,153.506543815136,52.406095802784,1691.83813613653,8952.44499906898,8457.93181085587,222.01352211833,1638.7793777585,275.835659831762,1532.86393857002,313.02593421936,107.096159160137,314.502326786518,5.2064593732357,197.383617967367,56.0418190956116,1620.06623879075,88.6523640453815,22.7273547053337,0.538056552410126,2.20901077985764,4.94678753614426,1774.31137406826,17.7488364577293,154.137101203203,1357.64221161604,190.422705471516,621.469104349613,2964.36350300908,0,2418.32352894545,1.10891753435135,112.506541907787,67.3978678584099,9.24233749508858,1.47035789489746,0,0,1329.84675237536,9.04513254761696,11.6216761469841,5.72260871529579,3352.46790915728,0.79262113571167,0.271792113780975,22.5264091193676,3797.95197749138,81.5428827106953,3.93906101584435,0,7.23015949130058,0.821006834506989,127.607765227556,233.794694364071
2.56060317158699,49.062618792057,153.361650705338,48.0079268813133,8.74314448237419,472.625540226698,334.498990684748,1273.3992010951,10.2089433372021,560.039908915758,0,655.535527944565,8971.06753712893,2269.10121569037,85.6620106995106,3.56801599264145,1383.9791482687,14677.5887399018,1834.50040641427,82.0969893038273,133.748700648546,12.1554472446442,334.70069488883,10.6455448865891,221.731265068054,4414.97115260363,792.262643367052,157.044950157404,2520.66172400117,65.2237389087677,666.627228021622,226.461615115404,18.1030539870262,16558.6784723699,127.372092664242,1476.41823157668,4453.68287441134,6827.15983963013,747.128952741623,234.003189176321,44.8396680355072,2542.55552816391,22.5261145830154,62.2344344556332,12.2862610220909,20.1570743322372,36.5949780344963,8.40826147794724,496.912243187428,0,77.6414493918419,8.94433254003525,4.96517011523247,0,2.24393939971924,13.509899020195,0,62.1023041307926,0,886.787796676159,11.2418361902237,5121.86914071441,2.62395167350769,1.43823707103729,7.35489284992218,0.601787984371185,4.62344753742218,0.657823026180267,0,2.93015974760056,70.4190701246262,2.44623094797134,139.008696228266,172.15420550108,1100.28874212503,938.426349163055,25.2151523828506,0,0,2296.661598593,0.999608606100082,0,87.42664706707,13.3583394289017
8.51818805932999,17.3574058115482,115.71010813117,6021.05309465528,332.462736427784,10603.0718446672,542.663080662489,5229.22915038466,1244.06368973851,12723.8334748,655.535527944565,0,411.414443254471,2682.26549434662,3393.69032612443,0.727684557437897,248.737952262163,517.441190361977,384.666988611221,9620.65897332132,22.3087950348854,10.9894720315933,66.1403644680977,823.648653894663,18.1208661794662,551.140931159258,441.221175462008,2007.67534351349,1648.13838583231,34.1470138430595,39.6943609118462,187.658272027969,8.55137076973915,998.175855517387,7278.74294856191,4748.40904542804,214.978300154209,1346.70807996392,253.459233015776,2897.29485034943,252.848876953125,106.722911953926,248.719545155764,5.90886014699936,143.252542555332,52.66435739398,2810.6621581316,87.0330038964748,29.5134187042713,2.51989775896072,0.408345401287079,2.1575807929039,2095.13088616729,26.0452220141888,224.810646802187,570.490960896015,207.631609708071,247.757250219584,2752.11479578912,6.78776258230209,3437.03835114837,2.03856009244919,117.49271222949,162.072551339865,10.7417688071728,0,1.24580383300781,0,1458.85130029917,12.1877990365028,4.62120848894119,2.92092862725258,1551.91365632415,0.450932174921036,3.73680192232132,5.30665937066078,2529.76014105976,73.1901902854443,9.41613000631332,0,40.2342078089714,0.979229062795639,78.0594072043896,813.787372231483
1.88513904809952,2626.03068554401,71.1681757569313,41.0384503602982,7.45439058542252,754.306686013937,269.355545401573,2166.36452001333,537.409003645182,290.905763953924,8971.06753712893,411.414443254471,0,537.811747223139,117.901907682419,49.8635830581188,43.5203937590122,104.275245934725,25.7285829782486,49.631387501955,289.86733686924,1307.19565683603,184.318482726812,541.249099195004,5333.3429030478,442.534190922976,2012.91999024153,914.80257743597,385.835832327604,50.777052372694,577.032266408205,453.855738431215,25.0876988768578,2468.36748588085,62.6857123374939,3248.27133494616,3753.02745267749,6750.44405049086,2013.77499178052,1520.41551366448,1154.10810628533,6764.64688193798,512.94691619277,273.577532142401,2082.66740742326,563.885474652052,1154.71548140049,878.301964849234,2873.68777763844,1.11638677120209,376.42368298769,1.84380549192429,11.0764701366425,7.96114990115166,129.611542791128,262.828644990921,223.398405969143,194.481117457151,266.888762205839,3712.59147366881,158.361337482929,21728.3734996617,172.820852935314,32.975555062294,31.2996760010719,1.26583075523376,36.2236372828484,1.26422941684723,26.0583545565605,41.5710075199604,287.04988861084,17.8142230808735,457.110284984112,2179.54178339243,2574.11598688364,3538.74996101856,279.035309493542,72.9779327511787,26.8333366811275,6886.8837518692,303.431144744158,0,423.407807350159,17.6790441274643
10740.5946689844,20.4560176432133,4168.2514629066,285.855465382338,16.4560698568821,3608.68302190304,40016.1179032922,25291.3116105497,50.2450868189335,4729.04672953486,2269.10121569037,2682.26549434662,537.811747223139,0,244.857586115599,1.3041964173317,6905.68332585692,2087.92967629433,2299.82108491659,406.111038208008,3027.29627683759,3.70713913440704,6782.53549587727,191.665407717228,52.4297801852226,2893.08878673613,1541.97931024432,3893.75635194778,23434.0893402696,28042.1925880015,95.8181878626347,939.944853067398,190.653050303459,2993.55301871896,225.356653660536,3622.95399460196,490.796487867832,1354.2526358664,427.620027959347,359.489453405142,211.151851385832,137.977127194405,588.402819037437,9.13561695814133,265.406628251076,81.6279419660568,480.292862087488,104.387888073921,48.7152024805546,0.938392400741577,3.38580995798111,41.2173135876656,68.4086928963661,2.52463674545288,24.0203947424889,884.597708404064,30.9715791344643,73.11070728302,97.9986696541309,2.47822988033295,124.037982463837,4.44998976588249,30.2933383584023,12.0654102563858,84.4058132469654,4.48486801981926,0,0,35.3745523989201,112.922037392855,24.3154577314854,40.5561088621616,2379.01906079054,0,16.8375300765038,154.377657532692,1524.1295620501,57.9025425612926,45.7514120638371,1.27731710672379,7.11403858661652,3.23738223314285,82.3438726365566,84.7427255809307
4.90123891830444,67.1282539367676,109.206348419189,913.944009542465,3901.34863972664,2924.38685125113,1234.99974441528,1227.22604325414,258.328540831804,1036.30833336711,85.6620106995106,3393.69032612443,117.901907682419,244.857586115599,0,12.2596600055695,76.2098003327847,57.6197818517685,39.021162122488,482.638177543879,476.303431242704,88.620784342289,518.398859769106,2503.32518029213,19.5122876465321,90.8591079711914,239.187756448984,2306.77590659261,279.537235468626,399.297206521034,3.38610887527466,187.058323442936,11.7615007758141,197.237431943417,2449.52240639925,846.474123895168,190.839745312929,431.47561442852,188.554606080055,5251.46510058641,385.3183388412,31.4460572302341,69.1458342373371,56.5076031088829,16.7608793377876,132.487000763416,64.3423096835613,19.8071916401386,11.8660242557526,0,0,14.8532690107822,25.5879195928574,0,11.075269818306,48.7716064155102,3.50752654671669,12.3558637797832,49.0755536258221,1.13361370563507,43.2798399925232,0,4.68151786923409,1.81960785388947,13.1296053528786,0,1.69073510169983,2.0226616859436,16.8667315542698,44.1783061027527,5.22204649448395,43.0168466567993,180.490498185158,0,27.8034403920174,63.4107777476311,122.74593859911,8.67940312623978,2.45669317245483,0,1.78777021169662,1.59716475009918,10.7855007052422,1250.64282160997
1.57056605815887,1024.99131789804,50.8279558718204,0,0,0.361973792314529,9.60716503858566,0.533305704593658,62.3626369833946,1.68378961086273,3.56801599264145,0.727684557437897,49.8635830581188,1.3041964173317,12.2596600055695,0,61.9809015989304,4.92233800888062,8.16018360853195,0,11669.3786485195,6119.65222242475,12786.7443928719,4131.15237241983,99.7976261675358,14.8218559622765,5951.493845433,1905.75181058049,3.86419081687927,9.98812073469162,0.714513838291168,0,3.51860129833221,85.6201450228691,152.776837021112,1140.31437698007,397.008372485638,581.117582499981,275.148536920547,15.364365696907,14.0509010851383,4.83023065328598,261.269799858332,9.34465616941452,147.31411087513,71.6344368755817,49.0621469020844,3.36394762992859,9.64794248342514,0,40.6722786426544,146.043563425541,0,0,0,65.0580452978611,3.30541843175888,37.581428706646,0,0.228850618004799,0,0,2.63430720567703,2.68893849849701,7796.56630238891,38.9770027697086,0.754054114222527,14.842403113842,2.325275182724,1183.41844412684,1843.82633632421,5345.21099442244,1169.4763495326,0.502736330032349,17.9867706596851,4861.31471270323,290.500736951828,28.827459692955,24.6993335485458,0,0.600221633911133,8.93533182144165,60.4971790015697,81.5448306798935
578.194649070501,84.1800647377968,54252.8587135971,19.2204268872738,0,296.633130460978,1287.97594571114,4940.51214981079,11.5329028069973,307.82683891058,1383.9791482687,248.737952262163,43.5203937590122,6905.68332585692,76.2098003327847,61.9809015989304,0,1163.33426454663,9791.14459192753,38.4889928847551,2747.87028571963,34.9363040924072,14325.4490750432,131.95865508914,11.8713459968567,12264.6215041876,17953.808188498,1346.34983259439,6432.99928486347,2633.81845396757,0,31.9926021695137,950.120550245047,15915.1313474178,575.907579302788,5849.85149738193,6138.34122693539,4167.24625736475,2863.57700681686,107.384853720665,90.0698580443859,19.5531988143921,170.269686728716,14.6269655525684,109.588692188263,101.889182597399,15.3791864514351,3.6971852183342,5.38672238588333,0,30.7559524774551,1030.10561966896,1.48636671900749,0,0,18.3533383309841,0.801959306001663,4.35487365722656,0,0,2.82108014822006,0,3.47355714440346,2.80037844181061,141.296718239784,144.115214526653,0,23.7262732088566,0,51.5122156143188,19.7073741555214,303.278447598219,125.505435347557,1.23023009300232,195.64834779501,3104.41701021791,43.7838693261147,1.32037380337715,9.89040085673332,0,0,0,39.4932702481747,177.330410897732
9.39333832263947,6.04315131902695,255.279837071896,33.0477858483791,5.81157994270325,346.833403468132,261.875407189131,948.409546166658,3.2588142156601,412.783293068409,14677.5887399018,517.441190361977,104.275245934725,2087.92967629433,57.6197818517685,4.92233800888062,1163.33426454663,0,2763.01174914837,48.4740602076054,112.937131077051,5.23978012800217,334.650021582842,10.6360963881016,24.4774831831455,3190.78651943803,736.103600382805,115.40048751235,2157.8695717454,52.9494090378284,141.508246898651,148.990049511194,19.1486447155476,5941.31791013479,358.845687061548,3410.1215262115,5499.5981977284,8434.73346781731,2666.42762047052,123.241977751255,39.0195834040642,42.5364083647728,5.68038147687912,14.5946601033211,9.44194310903549,14.2847182452679,15.3912551701069,2.28874921798706,2.48151981830597,0,5.3193473815918,9.5716460943222,0.940846741199493,0,1.16067278385162,0,0,6.87420165538788,0,21.8541203141212,2.80194348096848,213.103413164616,0,0,1.73385274410248,0,8.25197666883469,1.04349732398987,0,0,1.63649499416351,1.87069767713547,15.2933207154274,5.40960597991943,691.088602274656,555.069086909294,0.528827905654907,0,0,279.08678856492,0,0.604607820510864,3.05320221185684,47.0866692960262
69.0034130811691,21.969654738903,3765.19711494446,18.102641671896,3.7807269692421,272.177773416042,454.4035564363,1082.22065228224,9.65947338938713,365.6032371521,1834.50040641427,384.666988611221,25.7285829782486,2299.82108491659,39.021162122488,8.16018360853195,9791.14459192753,2763.01174914837,0,39.758746355772,453.272897958755,4.53379660844803,1807.3328615427,24.4537662863731,11.8110763430595,8556.40011811256,3411.85078078508,245.38478988409,1834.76888373494,217.309706509113,0,57.3191724121571,122.562074095011,6734.96472561359,459.327906489372,4403.43572384119,5183.36313384771,2741.77699258924,2653.27481991053,73.4789562523365,45.9672582149506,11.63054728508,18.9633501768112,6.86500015854836,14.3187991976738,15.7147581279278,15.3623135089874,1.35927301645279,3.80044490098953,0,5.63518506288528,128.27594769001,2.92097559571266,0,0,0.412291407585144,0,7.29834473133087,0,0.40805920958519,1.87922099232674,11.2666031718254,0.333796113729477,0.653656721115112,9.43166095018387,28.7291697263718,1.80687427520752,8.45874667167664,0.673233389854431,6.09044206142426,6.35653030872345,13.0404660105705,13.4727672636509,1.6057938337326,271.426468908787,773.305420249701,6.68345683813095,1.51805233955383,1.61860904097557,2.92084512114525,0,0,3.34007740020752,92.2363992035389
0.474187582731247,8.0125695168972,16.6341390609741,16179.4047667682,53.7721593677998,635.70702496171,163.378401488066,681.729499012232,807.764414727688,7226.05113622546,82.0969893038273,9620.65897332132,49.631387501955,406.111038208008,482.638177543879,0,38.4889928847551,48.4740602076054,39.758746355772,0,3.49712541699409,7.56649380922318,11.1688786745071,1148.6998488307,6.23082321882248,77.4276326149702,57.718588501215,3048.43459042907,326.59961643815,4.88713324069977,4.9176319539547,18.3776377141476,1.26609516143799,236.58039727807,47.5506162047386,1206.08436010778,30.3733094632626,259.685053735971,38.8985788822174,584.450611680746,42.8814089000225,8.76630312204361,90.7083432078362,0,50.1685436666012,7.1021880209446,792.324008405209,32.0778120160103,6.20281970500946,0,0.675113260746002,0,871.673376530409,16.2004321813583,63.6059253513813,350.147954672575,77.0111858844757,330.072159707546,1255.4630228281,1.36828708648682,999.096513152122,0.763710260391235,39.1547875106335,67.2982527315617,1.23073282837868,0,0,0,549.177521526814,2.38939213752747,1.59059512615204,0.488895982503891,1216.97854048014,0,1.61960434913635,2.19847229123116,1294.46958297491,34.2096981406212,1.76248970627785,0.467236638069153,5.54427763819695,0.885416746139526,31.0924614667892,8.97274145483971
284.680518448353,273.327406615019,8803.78066086769,5.56476119160652,0.902452766895294,201.907627463341,4833.09616276622,2046.95510098338,193.291098773479,165.612526655197,133.748700648546,22.3087950348854,289.86733686924,3027.29627683759,476.303431242704,11669.3786485195,2747.87028571963,112.937131077051,453.272897958755,3.49712541699409,0,1099.86959314346,46928.3062563539,2107.86243581772,106.225030094385,597.247616767883,4818.72948977351,16264.3544682562,2521.80731132627,27081.0816375613,3.06694841384888,10.5165016651154,904.705273300409,16963.0908135772,3035.72223383188,23546.0446596444,2239.249984622,13329.7103595734,6767.68048244715,346.420471996069,305.459595501423,40.8201278746128,681.499202340841,34.2788041830063,156.492847651243,191.109812498093,123.742513656616,14.6743675172329,88.6164437532425,6.04848676919937,15.4250105023384,158.49744066596,0.490303039550781,1.82018947601318,5.67921352386475,117.002642661333,11.2337752878666,23.5018610954285,4.81187811493874,1.22760057449341,2.37364491820335,0,38.0807766020298,14.3635786771774,3716.629524827,40.7564412951469,0,6.53619945049286,0,3008.94359567761,951.427384644747,2222.43291535974,2931.26091629267,0,11.0005476772785,1842.55756527185,922.431554764509,184.530749738216,129.750604689121,0,3.677550137043,25.053941488266,109.278240606189,1154.67173200846
0,7935.08830589056,44.9606396555901,13.5034901201725,17.7401694655418,0,22.2092977464199,6.15809065103531,11162.8997451067,6.10242995619774,12.1554472446442,10.9894720315933,1307.19565683603,3.70713913440704,88.620784342289,6119.65222242475,34.9363040924072,5.23978012800217,4.53379660844803,7.56649380922318,1099.86959314346,0,1728.80140218139,19561.3429580331,2405.44149389863,187.997109025717,17273.182611376,1628.53281411529,15.4810948967934,4.04609820246696,57.258126616478,0,2.80626374483109,47.4979946613312,12.4921099543571,147.139608085155,126.721300721169,67.8187402784824,38.2289782762527,74.8377696871758,0,195.68163523078,223.201882183552,14.364120900631,85.9311774373055,36.7606887817383,25.947147667408,6.37360364198685,25.3210797309875,0,479.047867834568,115.545142948627,0.936366617679596,0,0.928501307964325,58.5732641518116,5.14371174573898,74.3816879987717,5.39284065365791,6.47405490279198,19.681895673275,25.9034734964371,4.69802352786064,7.65099990367889,3838.42088600993,30.769222676754,2.52400434017181,6.69050028920174,5.475401699543,864.749747544527,2852.65035286546,1104.16842731833,1725.65364933014,6.63065713644028,150.261088430882,6480.65891033411,376.234063416719,50.4203846156597,23.5802332758904,18.0596643090248,0,7.71066802740097,45.1064438223839,29.5406795144081
712.128062814474,388.407870382071,42327.9893555343,5.45858436822891,0,291.466365247965,6204.63848924637,5159.08192205429,83.3582779765129,203.097851037979,334.70069488883,66.1403644680977,184.318482726812,6782.53549587727,518.398859769106,12786.7443928719,14325.4490750432,334.650021582842,1807.3328615427,11.1688786745071,46928.3062563539,1728.80140218139,0,1338.45203015208,80.4057320654392,3495.45099872351,21463.1366444528,10931.2730643749,5061.48330450058,9779.48803424835,0.742429316043854,14.5032476186752,965.597486227751,23868.9580043554,7313.25083172321,47204.7456112206,15186.0323892236,31537.9941379428,20616.0708014071,770.168601244688,795.181898087263,128.616360723972,1141.72217077017,92.2851355373859,683.230718150735,783.851910024881,255.649036824703,64.3627393245697,27.7407240867615,2.25944030284882,54.1893547177315,1548.08577206731,0,5.91869181394577,7.21401697397232,310.615643262863,15.0393469333649,49.8789844214916,2.48279774188995,5.92361548542976,4.18963822722435,0.820862591266632,15.4532533586025,24.5346139669418,13137.2650268078,281.548832505941,4.26803191006184,52.5463625639677,0,4142.93540793657,1860.58559024334,15124.3917131126,2346.75313869119,1.06716096401215,113.405751034617,13413.0515888333,780.991411089897,56.0822757780552,144.493506759405,0,4.45720183849335,18.7037665247917,219.468507170677,3421.21946448088
5.22827360033989,4803.17174240947,238.843937575817,4804.55300322175,291.546433955431,172.11041161418,3544.19839006662,162.37263917923,41646.311016053,1692.7764583528,10.6455448865891,823.648653894663,541.249099195004,191.665407717228,2503.32518029213,4131.15237241983,131.95865508914,10.6360963881016,24.4537662863731,1148.6998488307,2107.86243581772,19561.3429580331,1338.45203015208,0,1084.56156277657,81.0094063878059,10017.3178417385,19077.9309742451,369.376321792603,88.7970358431339,19.1087644994259,9.05502474308014,126.555441558361,342.894906759262,249.411990374327,2536.60425829887,254.072123855352,419.343190819025,265.421335697174,2010.12347453833,47.856575936079,52.2444414794445,3009.71799862385,83.7914046347141,1371.77453532815,277.96121391654,1326.40952715278,374.166024327278,91.0999470055103,9.9344185590744,143.25307276845,126.683986902237,916.728220611811,13.0737654864788,240.825899422169,3561.24547708035,586.311305433512,3716.13468980789,1819.78473615646,75.0692039728165,1306.9000416398,6.97466713190079,758.7371712327,122.275541633368,3131.64773783088,30.9694053828716,31.5621179044247,8.25315481424332,653.790259599686,2283.43795278668,1672.39329093695,1240.40823093057,30416.8892773092,6.01089000701904,42.1121486723423,2026.46367233992,11168.1026747227,928.176600366831,324.496579259634,1.4010306596756,109.264260172844,43.1887333393097,647.40908652544,492.69224473834
0,3013.47931563854,4.86218592524529,6.69630578160286,1.62351894378662,19.84256747365,20.4703154563904,65.5200436413288,1281.97545814514,12.7312543094158,221.731265068054,18.1208661794662,5333.3429030478,52.4297801852226,19.5122876465321,99.7976261675358,11.8713459968567,24.4774831831455,11.8110763430595,6.23082321882248,106.225030094385,2405.44149389863,80.4057320654392,1084.56156277657,0,945.57444113493,14650.7265361249,233.488557517529,47.8676064610481,12.2405248880386,265.180197954178,6.62052422761917,13.5982886552811,63.3020830154419,10.5216774046421,272.887603998184,272.059334695339,155.524928659201,56.3411289155483,231.475980311632,5.83091956377029,1925.54808855057,65.1989960074425,66.8297674655914,53.4634954929352,35.4603695273399,197.10378831625,9.92387104034424,666.164761483669,0,115.149200022221,17.7204391360283,1.62793272733688,1.19870948791504,9.22333583235741,37.6785823404789,12.5357654988766,22.4903886914253,9.63076567649841,408.186088681221,21.5188516378403,2379.7618522346,13.5160843133926,1.53084474802017,17.4373640418053,6.52187579870224,7.74768885970116,19.0249061286449,6.21371454000473,21.1369358003139,44.7554957270622,9.41778254508972,95.9899263978004,1891.99580237269,901.489345490932,5030.02058416605,58.5189431905746,6.9632169008255,6.19348937273026,313.768393397331,9.29270529747009,0,50.5936117768288,4.46357679367065
91.4289587140083,679.276675581932,26467.54176265,37.5659531056881,3.42268240451813,420.35261413455,1290.72653403878,1749.49031502008,95.6123847663403,625.072020173073,4414.97115260363,551.140931159258,442.534190922976,2893.08878673613,90.8591079711914,14.8218559622765,12264.6215041876,3190.78651943803,8556.40011811256,77.4276326149702,597.247616767883,187.997109025717,3495.45099872351,81.0094063878059,945.57444113493,0,51138.9365524054,681.600183993578,1703.18524080515,442.500828325748,545.424361169338,85.4238476157188,60.7661706209183,4461.18868163228,1227.76505547762,11436.233089298,28664.8472087383,7808.75655713677,5903.24135169387,137.128200411797,94.2529019415379,227.899070292711,461.230250477791,756.454620689154,634.301422312856,386.992672115564,15.9861519932747,5.10806116461754,8.83517587184906,2.42593178153038,299.427834421396,1794.6914730072,2.5437403023243,0,0,10.1111750900745,1.08688181638718,60.4718361794949,0,310.802516072989,2.4903444647789,2220.10968661308,11.5632946789265,0,103.926858663559,466.759885162115,165.145013928413,763.80207529664,0,34.1697752773762,74.5465312004089,102.222181469202,113.713738322258,363.254628390074,19207.8497832716,42678.310957253,42.2532068789005,8.36570823192596,35.4940167069435,2681.53535068035,0.860307633876801,0.730864107608795,220.399235084653,193.729447692633
13.1475362181664,31503.3226142824,25675.1571617424,39.717836111784,9.34893506765366,197.289116591215,568.012493133545,348.061888039112,6296.88859516382,423.716284006834,792.262643367052,441.221175462008,2012.91999024153,1541.97931024432,239.187756448984,5951.493845433,17953.808188498,736.103600382805,3411.85078078508,57.718588501215,4818.72948977351,17273.182611376,21463.1366444528,10017.3178417385,14650.7265361249,51138.9365524054,0,5798.0584243834,1099.58510428667,128.631622076035,90.6548334658146,28.1910731494427,46.5606164336205,10023.9128507972,4256.12035170197,31878.0472899079,18404.8546769619,14997.4128588438,14767.9024943411,456.645674049854,330.166525274515,143.681215852499,3666.59582433105,1275.31495031714,2803.30028319359,1971.69083312154,158.316059947014,67.0764713287354,22.5502488017082,3.79925459623337,5086.4746542573,14515.6426256895,4.02735975384712,1.73198026418686,2.10498148202896,400.625826299191,23.7506260871887,315.125976502895,2.77016979455948,302.492346584797,16.1326498687267,4417.5127223134,57.6812398731709,19.3765019178391,8158.91501522064,2808.22007867694,175.1773904562,1251.05962485075,2.87422209978104,781.3687325418,3467.86390852928,9428.69357307255,1699.42766574025,1162.28066310287,21665.9478449821,186143.851755038,632.737612098455,38.5623413324356,143.924094483256,2816.19757524133,0,2.76889568567276,1140.72268815339,1365.75509673357
98.3187457621098,440.274733066559,5910.28713321686,11848.0276817083,137.673740506172,2127.94478970766,62689.1502209604,1977.20164448023,9895.3353830874,32705.4134223461,157.044950157404,2007.67534351349,914.80257743597,3893.75635194778,2306.77590659261,1905.75181058049,1346.34983259439,115.40048751235,245.38478988409,3048.43459042907,16264.3544682562,1628.53281411529,10931.2730643749,19077.9309742451,233.488557517529,681.600183993578,5798.0584243834,0,4009.57025972009,31971.5346283317,4.51114544272423,64.7943342924118,1173.94019344449,5854.76813578606,2837.2752931416,24530.2673735321,1201.92675328255,5309.81693932414,2901.5398734808,2571.98116949201,476.066528111696,83.4332174062729,4448.00615417957,118.866677910089,1906.49799853563,518.429603338242,2994.3547385335,597.360649734735,221.697022348642,23.4591662585735,64.7121594548225,265.994261860847,2126.63976830244,30.3175667226315,316.182518988848,5694.0711851418,870.676314085722,3113.65867859125,4626.55154794455,48.9469289183617,2099.4321680069,0,1039.01938420534,207.885976076126,3174.44389253855,46.5316615700722,1.49908155202866,5.48500499129295,1640.89202228189,2465.9328764677,1158.69155681133,1519.30302333832,27790.3737351298,2.3369887471199,15.503133893013,2099.10098361969,15359.2392650247,1386.41249093413,532.494675517082,0.496168553829193,111.452916681767,73.9929974973202,1007.22587457299,1110.72453206778
11231.1860082746,12.0022174119949,662.422797590494,224.648477673531,9.15643334388733,779.066302657127,10132.167087853,3154.91978991032,47.6481332778931,3085.04061871767,2520.66172400117,1648.13838583231,385.835832327604,23434.0893402696,279.537235468626,3.86419081687927,6432.99928486347,2157.8695717454,1834.76888373494,326.59961643815,2521.80731132627,15.4810948967934,5061.48330450058,369.376321792603,47.8676064610481,1703.18524080515,1099.58510428667,4009.57025972009,0,13070.7437352836,61.3656866848469,1326.61126095057,7850.27653259039,8143.85993662477,156.354359298944,2021.00982168317,342.363206326962,1103.57007703185,330.339598178864,233.959067702293,236.243366569281,75.07849162817,361.766032963991,6.09000742435455,156.734571188688,63.5921814441681,284.248259454966,54.2697596549988,42.6680429279804,0,1.32198590040207,14.0426231622696,35.7842913269997,0,8.56465265154839,386.254293203354,11.9034914374352,42.8050751388073,52.8166188299656,3.43076801300049,57.2162818312645,2.41847634315491,29.1642786562443,2.52375239133835,198.535918921232,1.16974258422852,0,0.742093145847321,22.6612126529217,275.238455355167,62.5403043627739,48.0149953961372,1691.68436157703,0,13.9191489219666,97.6768556833267,951.150885939598,50.3447467684746,24.0222219824791,9.04725712537766,3.43443250656128,4.22169589996338,45.1181039512157,49.6261298656464
15073.0588871837,1.62109035253525,3738.94418159127,9.81838980317116,0,521.602030545473,16073.0299284458,14559.8464435637,7.55379512906075,102.629595428705,65.2237389087677,34.1470138430595,50.777052372694,28042.1925880015,399.297206521034,9.98812073469162,2633.81845396757,52.9494090378284,217.309706509113,4.88713324069977,27081.0816375613,4.04609820246696,9779.48803424835,88.7970358431339,12.2405248880386,442.500828325748,128.631622076035,31971.5346283317,13070.7437352836,0,4.47710794210434,18.8005016744137,2356.94378495216,11185.8191889226,1009.9484487474,6686.08342400193,194.450787574053,2936.55018594861,1108.96321666241,246.560340225697,198.624061077833,14.5767272114754,86.1471984088421,6.89639365673065,26.2795914709568,34.2193416953087,23.7139394879341,9.79851642251015,15.8373531699181,0,0,6.88182055950165,0,0,0.425941675901413,24.5792973339558,1.19389748573303,1.24629485607147,0,0.865571558475494,0,0,4.11813807487488,1.0433728992939,108.724658846855,3.40712904930115,0,0,1.43960124254227,152.27761644125,19.9773726463318,42.534322142601,345.660940170288,0,1.41036117076874,49.5893479883671,168.020469844341,11.2161833941936,4.56434410810471,0,1.72059351205826,1.4077120423317,10.7493884563446,305.417287021875
0.470086932182312,102.088841617107,0.91320139169693,1.6216082572937,0,30.801583647728,18.3867939114571,53.6038461923599,33.2603088319302,25.2828859388828,666.627228021622,39.6943609118462,577.032266408205,95.8181878626347,3.38610887527466,0.714513838291168,0,141.508246898651,0,4.9176319539547,3.06694841384888,57.258126616478,0.742429316043854,19.1087644994259,265.180197954178,545.424361169338,90.6548334658146,4.51114544272423,61.3656866848469,4.47710794210434,0,5.65538114309311,0,300.899160265923,11.9363348782063,111.020179152489,1282.65770944953,786.176891446114,146.02176424861,15.8370549678802,4.16051310300827,6.90657955408096,6.34668600559235,68.006256967783,38.4755043387413,12.2848869562149,3.20864045619965,0,6.42442852258682,0,45.3109379410744,0,0.540053725242615,0,0,0,0.572680473327637,23.4478007555008,0,243.700882405043,0,3474.31874579191,0,0,2.11797302961349,0,16.9653340578079,1.2422080039978,0,0,40.1071078181267,0.562921524047852,5.87003427743912,159.09330701828,2471.10452905297,2792.69627052546,0,0,0,2513.35843333602,0,0,8.1450457572937,1.10711920261383
