0,0,0.00085803910305922,0.000216160297432875,0.00192841195978151,0.0238511948644131,0.408257886652141,0.195726077655458,5.60143316610336e-05,0.0130597562401975,0.00774999795741732,0.001784435065202,0.000551455154033708,0.850472469980917,0.00116877939090694,0,0.00637464597826099,0.00213976106475943,0.00191601368749843,0.00065678561445179,0.00363698985111208,0,0.00877386523066471,0.000758910252438593,0,0.0040379893711278,0.00413268686762254,0.00201982918660152,1.14430019341613,0.463826649595255,4.35759374511004e-05,0.00746045932393653,0.00186594020132124,0.0334000061204294,0.0029018447445364,0.0163708560655899,0.00155610277709558,0.0136119442793845,0.00404582997544585,0.00462153418836406,0.00508849191410203,0.00206076572725188,0.000345659424403,0,0.000429690786822462,0.00108529638722415,0,0.000426446247073269,0.000358353959298373,0,0,6.19334725217343e-05,0,0,0,0.000224292398195457,0.000560449966795731,4.99796208832741e-05,0,0,0,0,0.000201494834870576,0,0,0,0,0,0,0,0,5.80189550946713e-05,0.000397801590714598,0,0,0.000307528481722951,0.000125488475493908,0,0,0,0,0,0.000193208455781746,0.000195902774870777
0,0,0.011165309711257,7.69930837946892e-05,0.000396795466063571,0.000276604738967895,0.00279489216866162,0.000265706149536801,0.246161697538178,9.90004907443523e-05,0.0832012605635918,0.000249865676658154,0.0747649156899448,0,0.0050707562169301,0.225849678477312,0.0067945256933826,0.000951383937387109,0.000887673486076164,0,0.0091316341837022,0.622790883302085,0.0128731575890133,0.4262004507061,0.192485703649732,0.0240138461209819,1.36039472746819,0.063048932508832,0.000138016660740948,0.000145776076880455,0.0147285926814598,0.00020939312615118,0,0.0066284760493267,0.000649913008412265,0.0109625891427606,0.0110905393216307,0.01693919165249,0.00521285646784666,0.00173639349582162,0.00051041138797183,0.0266196055338769,0.0478727690131276,0.013887454780474,0.0176278096313247,0.0150102387282134,0.0001810283522295,0,0.00826514982335634,0,0.318981721784512,0.104370739951424,0.000328888527277398,0.000219221029402733,3.04310011872054e-05,0.00196495197645032,0.000181435534404517,0.00359391745260327,0.000302010316625667,0.00472651300359742,0.000296888646203231,0.0140515012680662,0.000358862210956073,0,0.00972535752487137,0.0315795263161434,0.00156114159340794,0.00831878633619378,0,0.00260701632111818,0.0320162386658534,0.014903210113403,0.0170387941948553,0.0108256556790185,0.0792829907281971,1.61273458233044,0.00583506946544154,5.61798973415852e-05,0.000539322780459285,0.00219308540994124,0,0,0.0101118131478137,0.00218258678958766
0.00085803910305922,0.011165309711257,0,0,0.00263725864442317,0.0018541122062074,0.0452880193606678,0.00853771885060521,0.000325277357868409,0.00727508724082856,0.0180926354012257,0.000778057079738141,0.000821020355277061,0.00631626579516333,0.00213369005686732,0.00232324417749892,3.63072857436126,0.0424112659771268,0.283701352810463,0.00036524750678029,0.264692473933794,0.00278500301495759,4.20913606967704,0.00528766954214287,0.00160972511615189,4.44345375209987,2.82250658555299,0.0743154683983333,0.00910376185142131,0.0541911450149612,0.000542092482207871,0.000610891629781246,0.00187317873917045,0.404396219629071,0.085714804646709,0.821467775364592,0.292462616718219,0.482092817327928,0.497942487288963,0.00807827291112304,0.00581701603266101,0.000864347385927248,0.0814969937110893,0.0148470421656309,0.0267738871236888,0.031409937651471,0.000926133802128958,0.00013964262179718,8.28068819543839e-05,7.12185018414974e-05,0.0160201495070952,0.253689264328969,0,0.000217751772815466,0,0.00281948519341007,8.98113371207237e-05,0.000311371025562477,0,0.000114571973586846,0,0.000671348573226714,0.000738098518107629,0.000492741478762865,0.0131637141185401,0.0524286218848748,0.00147989755716426,0.0130095560095929,0,0.00647188698695161,0.00435684161414177,0.0461870065649326,0.00261914949944742,0.00193400195295716,0.121605936869877,0.964408838229707,0.00648918470151737,0,0.00127379896949534,7.24301002905369e-05,8.11771317205429e-05,0,0.0196520493879972,0.0384237817288007
0.000216160297432875,7.69930837946892e-05,0,0,0.00202995639627967,0.0117724295710779,0.0494488223121901,0.0100287653590932,0.119892789173928,0.701137270638364,0.0016564183827014,0.835631188113584,0.000257421748184872,0.00693907560901856,0.0209380533609306,7.91903910671234e-05,0,0.000181411261099053,0.000186464824320507,1.90000175591281,0.000478176842178106,0.000211988406946778,0.00026541196265738,0.326768273154351,0,0.000282249229782629,0.000236072105051398,0.251385399451942,0.00747123377919648,0.000658497093326807,0.000179885220300007,0.00224361974148198,0.000119889998242688,0.00891550975576489,0.00299293038268077,0.0477091354983814,0.00157023272730234,0.0116381202405213,0.0040253391363512,0.030724886580531,0.00842077976945153,0.00193276373226888,0.00431147674536238,0.000244931805123759,0.00308359151415,0.000562815723205972,0.0218860906823999,0.00074468077989769,0.000550343184823513,0,0.000597943071507359,3.90571620089054e-05,0.13396039892198,0.000851319156927609,0.0164431965678658,0.0382643295180933,0.00915216020335102,0.0333710691034799,0.203836919005441,0,0.107889858993492,0,0.00096669379473927,0.0105644104783913,0.00030462110454154,0,0,0,0.0609944769560674,0,0.00252989542384901,0,0.240764648716194,0,0,0.000419112846152974,0.168112702467223,0.00149249172636621,3.8227088607502e-05,0,0,7.27340600410461e-05,0.0031858529070014,0
0.00192841195978151,0.000396795466063571,0.00263725864442317,0.00202995639627967,0,0.490136905208144,0.0418771593470859,0.173711723195198,0.0164864662916589,0.0961573002004401,0.000772381936970997,0.0746373163336872,0,0.0161789289130895,0.485407178304872,0.00282082422225842,0.000841385955518675,0.000280529638028908,0.00029031616322341,0.00669494909025428,0.0401912115825675,0.000551780251218558,0.0777434735378428,0.00705021987947464,3.65092785987377e-05,0.000427809320569825,0.0203323796573734,0.0219489457060787,0.00948200414384839,0.0274679037719256,0,0.215656341621658,0.00126154394059809,0.0583749378068154,0.154934012039926,0.158363350248346,0.0147622223008895,0.01381001318693,0.053737250894769,1.32654805896212,0.70727989686776,0.0112888130645158,0.00251475360583332,0.00217393006590081,0.00452516107952027,0.0122966175149922,0.00450140513933963,0.00198518097327566,0.000913093314724016,0,0,0.000725484936794376,0.000411523200612116,0.00021576158745513,0.00212416406732914,0.001568579891593,0.00206109893434587,0.000631981396504021,0.00156820850467417,0,0.00309616186142187,0,0.000934421559100557,0.00158041754970367,0.000905294611108208,0,0.000122984316104985,0,0.000669228596654987,0.000901880158220768,9.63208294771672e-05,0.00162517042472525,0.00219610045203125,0,0.000704740691992807,0.00347718680294423,0.00254770454079146,0.000620866384452152,0.000710909110851288,0,0.000476897959100341,0,0.00290475891907482,0.112666366896436
0.0238511948644131,0.000276604738967895,0.0018541122062074,0.0117724295710779,0.490136905208144,0,0.357210976005013,2.72375018234282,0.0431324611372496,2.75009850335096,0.0292197257418004,0.617112528666456,0.00312995568052767,0.326636710781568,0.372548797161272,0,0.00709151432220409,0.00711826562510169,0.00135411149462764,0.0393799694228273,0.00808003455799689,0.000315658652261829,0.0143504535669136,0.0140898752140323,6.31287739435672e-05,0.0105800366281387,0.00536250617704656,0.0545048630470378,0.143603988794369,0.143694284985867,0.000505908078075862,0.0765614826595283,0.00136728719865737,0.198420966831606,0.477991532767878,0.464139817617511,0.0242203716741341,0.0794788751095207,0.0321838848959303,0.718520457208301,0.172657043977753,0.0666641626897828,0.0134747163674402,0.00067968587161684,0.0106275089864272,0.0143165021673143,0.0417487990075572,0.00908770901236124,0.00576473526143964,0,0,9.96014941053629e-05,0.00992348308893705,0.0028179964059285,0.0204227929956324,0.0197454338572416,0.00753468614178083,0.00720403565879379,0.0383041771809481,0,0.0399339905509216,0,0.00327928355313599,0.0165465897845053,5.81086006226062e-05,0.000239708694021773,0,0,0.0102364270716129,0.000228364012075376,0.000316497153316879,0.000314898663798308,0.055117611584687,5.592752504673e-05,0.000334130216040135,0.00114968162395477,0.0400754815044544,0.00246643073158956,0.00100942860603108,7.0580144197464e-05,0.00217338630406611,4.30909405346632e-05,0.0120838430170183,0.0510509345874513
0.408257886652141,0.00279489216866162,0.0452880193606678,0.0494488223121901,0.0418771593470859,0.357210976005013,0,2.35079777327895,0.143056438919415,4.21512605786944,0.0547507831059107,0.038086410483049,0.0066971633953736,3.76594532632966,0.0871871445198673,0.00229358736528254,0.119075451706264,0.0206049848095013,0.021527974853315,0.0199607529423975,0.319606233242011,0.00921244002946947,0.278611797690541,0.221147114664923,0.00177255862444277,0.0579598652544355,0.0904653647870046,4.14120809568118,0.907433328670277,3.00600282679215,0.000795176812830568,0.0491364451025851,0.0781629637249124,0.51533099031859,0.262639664903423,1.90863076009359,0.0965276643620308,0.486737423088234,0.228824038498457,0.231348561955321,0.17501111357538,0.0546703664971771,0.133463786646842,0.0016077367244148,0.0355443500232709,0.0168850231937565,0.0854901785603484,0.014908926803493,0.00269817708059952,0,0.00109537126408334,0.00276858534876971,0.0694478864296788,0.000993260859269166,0.0162005244875098,0.364362331903468,0.0499275515160919,0.0983995313092941,0.229111246241307,0.000335758635904407,0.0472428174012656,0,0.0142717404340507,0.00983260364025824,0.0142038302376407,0.000160163168519402,0,0,0.0295532644422714,0.00718604287661159,0.006933101920036,0.010285528574342,0.900089771295929,0.000134868269888782,0.000884893272032333,0.0139299596753966,0.792592232250856,0.0189490648996474,0.0250936108434212,0,0.000770246874958635,0.000627459256533432,0.0396204644959249,0.0152307437127279
0.195726077655458,0.000265706149536801,0.00853771885060521,0.0100287653590932,0.173711723195198,2.72375018234282,2.35079777327895,0,0.0132203512086682,1.68947625879662,0.0361132799884104,0.17895950907136,0.00279763407518888,2.58824142354905,0.0696112832455465,0.000426467895274497,0.0972578586764341,0.0116925745059937,0.0150407946237829,0.0393697067916236,0.0583904377852632,0.000422328961130953,0.145701347955003,0.0110599716932707,0.00018534714164815,0.0297250505508167,0.0399441066514199,0.0281990821975211,0.524969000763551,1.6782261874035,0.000442359623016405,0.104023391204144,0.00771763487951198,0.294921294162872,0.039987581961855,0.51596476080084,0.0274481933133656,0.1594845255625,0.0689865330015589,0.335461867647742,0.0826585076924635,0.0571814401463678,0.0158715995146393,0.000668335419786358,0.013367096073734,0.0119479853560331,0.0155438427398803,0.00982073997461035,0.00412212498938384,0,0,0.000120924610026002,0.002693746513411,0.000143954022913408,0.00345657778664574,0.0397294831268299,0.00936875220867824,0.00797730408812025,0.0143461694472822,9.98910009346964e-05,0.00590388588109312,0,0.00336794835816393,0.00219040200997922,0.000226813303017401,0,0,0,0.00106618856529129,0.000258477521159125,0.00017338415559721,0.000198566082688832,0.0717716617245624,0,0,0.000973322729338479,0.0604054495819068,0.00141144807406912,0.000603297155711555,0,0.00248637370192738,0,0.0130820356364541,0.00233164093271825
5.60143316610336e-05,0.246161697538178,0.000325277357868409,0.119892789173928,0.0164864662916589,0.0431324611372496,0.143056438919415,0.0132203512086682,0,0.188486050819804,0.0218430417019589,0.361172657480187,0.0202589106750508,0.00470793975266486,0.211472897187669,0.0232706559221891,0.000553057082320047,0.000339201192848968,7.73158112587452e-05,0.0837293066534923,0.0216671404901089,0.696171299902491,0.00587226818431222,3.11655125178941,0.103906627627839,0.0029016356805223,0.299269410699651,0.561458348302916,0.00705294295592727,0.00111978103042381,0.00799718076863694,0.00160147612104182,9.47464202416896e-05,0.00774700724208512,0.00451899731695528,0.0615196787781928,0.00252108037727484,0.00933034732568064,0.0032249808755549,0.0921911389314343,0.00690064551136024,0.00827648952829516,0.028884945788705,0.00117477439549832,0.00718060132951703,0.00334092356335459,0.04058198409737,0.00256304540347546,0.00207237500723312,5.33422903231144e-05,0.00494699895907576,0.000300361780860829,0.141093138638357,0.00464628489754119,0.0408199342536629,0.0473559509721487,0.015014912738185,0.260954067406206,0.244243170939953,0.00112200158352879,0.190159008511391,0.00195976602066984,0.00750265928508801,0.0239048321434009,0.0392370089751412,4.91652357462168e-05,0.000126883406590295,0.000183059220766354,0.0649071350134848,0.0256789518674443,0.100684140096481,0.0123209664436511,0.617410090259912,0.00267151079663212,0.00103871790068476,0.0168385596030407,0.285717477986865,0.0079744489843663,0.00946930603655438,4.99100734384537e-05,0.00111157316392651,0.000286149573428559,0.0068371774308158,0.0036097120425797
0.0130597562401975,9.90004907443523e-05,0.00727508724082856,0.701137270638364,0.0961573002004401,2.75009850335096,4.21512605786944,1.68947625879662,0.188486050819804,0,0.115267802792349,1.51417260930967,0.0115477476774958,0.79247725927478,0.159325065283457,0.000239423196118593,0.0210568936203752,0.026536294171625,0.00789647566170524,1.3195885076826,0.0157460016014006,0.00145054587174134,0.0279649142462747,0.180193861151833,0.000835779941486287,0.028749029493463,0.0129764510813877,1.03215599375696,0.466438053555387,0.126106789197602,0.0011566855475672,0.0961228346308203,0.00554739631002197,0.448615925643103,0.0709275546109365,1.13934320910397,0.0637253975468164,0.357336902382935,0.0937868061303584,0.483661040576541,0.268162863118405,0.0996057982369597,0.0408903030472735,0.000636442381048537,0.0197013401476756,0.0106070213069602,0.122633018782223,0.00897982505009723,0.00462424104499843,0.000186130871863223,0.000614696614437079,0,0.266196055056659,0.00658858807746182,0.0810456433035393,0.233333603210097,0.0399322097651373,0.0749008328730897,0.548678583272269,0,0.335238641659538,0.000206042412220001,0.00463609440325175,0.0432553529540652,0.000694304236720777,0,0,0,0.148871681453629,0.000354641185883212,0.00380487142594123,0.00025110265309453,0.824050795857327,9.50335603198051e-05,0.000186449649792623,0.000658703042256809,0.610738316376796,0.004212199739679,0.00099102615613966,0,0.000415109767092824,0,0.0172385157183617,0.00258542308672292
0.00774999795741732,0.0832012605635918,0.0180926354012257,0.0016564183827014,0.000772381936970997,0.0292197257418004,0.0547507831059107,0.0361132799884104,0.0218430417019589,0.115267802792349,0,0.0195376245627872,0.770423829146119,0.0781161646375603,0.00315626169566476,0.00331044483515914,0.0595827260358384,1.70775319784571,0.189311835062208,0.00682328162862256,0.0127918691338679,0.0470160654526358,0.0333617838484724,0.0210156072044068,0.091208053068243,0.687176348060428,0.0910106252087763,0.00803800958795679,0.0868745544719185,0.0242393927607224,0.0747734671006264,0.0188258584177637,0.00128068808637147,1.39604439577365,0.00575098375683132,0.0823873280194493,0.345669354121097,0.827188282154185,0.0576785323166928,0.00944345669155848,0.0203609277698817,0.19741206585371,0.000473630016131138,0.0178551003469642,0.00646317856296525,0.000878542821200324,0.000310933342883372,0.000316955768529653,0.0509425215657181,0,0.0116574465429904,0.00106820093634591,0.000138236314259243,0,0,6.41766003353119e-05,0,0.00403048418623705,0,0.219747231059949,9.91018067017555e-05,0.464930464346758,0.000193630171056461,0,0.000318474112190485,0.000303943646504426,0.00255128724979435,0.000155386850752402,0,8.33236236268044e-05,0.00255440287435674,0.000138926182149983,0.00273467671401889,0.0507669225585998,0.111995730029354,0.260577202931215,0.0001436230816051,0.000535609413129139,0,0.157197462656231,0.00030404806566763,0,0.00525674230419812,0.00302099161556201
0.001784435065202,0.000249865676658154,0.000778057079738141,0.835631188113584,0.0746373163336872,0.617112528666456,0.038086410483049,0.17895950907136,0.361172657480187,1.51417260930967,0.0195376245627872,0,0.00157961072510438,0.102351976800648,0.548245431609194,4.2800976390791e-05,0.000645542091075325,0.00537838796265161,0.00113342073647523,2.25449921476148,0.000941302993686343,0.000719957194817949,0.00173974671904361,0.246060870809336,0.000470494305363918,0.00583596489324797,0.00227394746382275,0.240649248251989,0.0456098156462049,0.00807572695199743,0.000249304159734964,0.0216988830693938,4.17692480647326e-05,0.0614038692550416,0.227334160805752,0.148641424990843,0.0104959318400094,0.0306015702956448,0.00902617176725261,0.620758116740629,0.0366802659866537,0.027487635382768,0.015312712444037,0.000695395202127504,0.00623555962020895,0.00301080839970071,0.155395514413015,0.0023959187153801,0.00179126303556077,7.57293099141598e-05,0.000388180212490582,9.6524102820158e-05,0.12327755270261,0.0106571423657278,0.0972874162751522,0.0322739066779174,0.0171086604265139,0.0258865473168691,0.264636572992382,0.000155824349317861,0.507581063378557,0,0.00487687457336,0.0724467675376192,0.000104791904248237,0,9.5494554162097e-05,0.00014076060736618,0.10932598224263,0.000108070101159668,0.0017787166616673,0.000141076258333182,0.15163162566007,0.000182213028512239,0.000410316107008242,0.00189359202187669,0.117087331177493,0.0046298642944437,0.000347780039433337,0,0.00136328124207912,0.000101519055541253,0.00579651371615927,0.0429084339666388
0.000551455154033708,0.0747649156899448,0.000821020355277061,0.000257421748184872,0,0.00312995568052767,0.0066971633953736,0.00279763407518888,0.0202589106750508,0.0115477476774958,0.770423829146119,0.00157961072510438,0,0.00558895509540282,0.000844758017724014,0.00503714252630031,0.000384369169901895,0.00040490449916811,0.000262368543309355,0.00069965098013575,0.000395823838964486,0.0479098174685373,0.00080911894336226,0.0185528033572168,0.803654131661509,0.0201929473200857,0.30651665116733,0.0030052003990227,0.00465436989787584,0.00239744198556574,0.0941527802446105,0.00158607190247674,0,0.0989647283494829,0.000284217945116234,0.00917784715120282,0.242750788470188,0.372424767100448,0.00798264933486945,0.0016580457810319,0.00844222223258853,0.427740826421353,0.00198874806231442,0.049383428872106,0.0126700729832962,0.000843106194639731,0.000160781546863318,0.000153705614028453,0.152151543144398,0,0.0372053342135423,0.000579299682184554,0,0,4.37040924267054e-05,0,0.000214838536662722,0.0100204236271277,7.37352878630162e-05,0.491822719359608,0,1.16495588042131,0.000634135983471536,0.000164180652987528,0.000660040714009428,0.00039522887571888,0.0023560280560499,0.000777951149061298,0,0,0.00988123977496118,0.000128630125410986,0.00559427766944745,0.243141841838479,0.180598587075613,0.667004836474423,0,0.000266041390789604,0,0.333451170604864,0.00013252015572319,0,0.00776729320426631,0
0.850472469980917,0,0.00631626579516333,0.00693907560901856,0.0161789289130895,0.326636710781568,3.76594532632966,2.58824142354905,0.00470793975266486,0.79247725927478,0.0781161646375603,0.102351976800648,0.00558895509540282,0,0.0202479493088058,0.000177239667570448,0.0579502818897401,0.0222522420416706,0.0106816116334411,0.0272359705059914,0.0411403811465351,0.000249727466701841,0.0935653030806193,0.00913158107285461,0.000156402760152817,0.0349635538772536,0.0323930256735432,0.024616490614607,1.90032553243563,1.85061676819798,0.00257095725680475,0.117912576308416,0.00402930900665493,0.384233309903855,0.0186714778638977,0.278279145034019,0.0171951304098036,0.0970697657796896,0.034446218907519,0.0904851309132162,0.0585001205586313,0.0422858320319373,0.00400533325259895,0.000577810790767861,0.00983527428886552,0.0103629089441596,0.00311643670254495,0.00626621439668446,0.00250610425263143,0,8.89501544523716e-05,0.000186973937154937,4.88602039791584e-05,0.000259544109325266,0.000957589784767986,0.00307417750728237,0.00442600946710782,0.00267440102451832,0.000502605628645992,0,0.00162002563616199,0.000137796823109006,0.00193632133945489,0.000939540743988776,0.000271969137478447,0,0.000106151470676804,0,0.0002018748216784,0,5.81095983997822e-05,6.17723968384742e-05,0.0108127692145563,0.000156816433818627,0.000271665807277823,0.00108713866696603,0.00633876112109116,0.00117657616132946,0.000304066756172228,0,0.00266830214419594,0,0.00785604544248886,0.00073581281846788
0.00116877939090694,0.0050707562169301,0.00213369005686732,0.0209380533609306,0.485407178304872,0.372548797161272,0.0871871445198673,0.0696112832455465,0.211472897187669,0.159325065283457,0.00315626169566476,0.548245431609194,0.000844758017724014,0.0202479493088058,0,0.00395600187804422,0.00280228562923483,0.000787500402249456,0.000857400273252773,0.0343685041813819,0.0690221859675921,0.00983154382272294,0.0611815311222282,0.0553826212798159,0.00243153545556882,0.00101891086857843,0.0216930321099735,0.068328240209048,0.0157970946465858,0.0598066463047212,0.000203296876872182,0.0196735880950576,0.00278415554578626,0.0246310281656989,0.499737942387332,0.0541052203168981,0.0121593450000326,0.0114992686184586,0.0165747007161925,0.805098243916503,0.0245742303859324,0.0111586571863545,0.00782188964110804,0.00218445317039967,0.00160384354041402,0.0100204076211188,0.0285092918639031,0.00121221451111493,0.00132437297455711,0,0,0.00089565947484355,0.00541877746008699,0.00147176578008535,0.0136827418142841,0.00729875897871211,0.00204211415971973,0.00375663470500529,0.0165345270801282,0.000193084369123793,0.0313710307351056,0,0.0017147732145379,0.00992415157885787,0.000756472237361622,0,0.000273325196839023,0.000166353781980896,0.00733599167545912,0.00176470597255924,0.000340964977816773,0.00285508872789908,0.0141874850468986,0,0.000773373317682504,0.00396853192521474,0.013009658382719,0.00167652740573006,0.00101437642268934,0,0.00049713150531447,4.39746741550207e-05,0.00132787189106424,0.114211431092399
0,0.225849678477312,0.00232324417749892,7.91903910671234e-05,0.00282082422225842,0,0.00229358736528254,0.000426467895274497,0.0232706559221891,0.000239423196118593,0.00331044483515914,4.2800976390791e-05,0.00503714252630031,0.000177239667570448,0.00395600187804422,0,0.00782190271317687,0.000562725344193029,0.000360535204140019,0,1.89006332409653,1.6582668677205,1.11276636606377,0.691432456811021,0.0454713401861374,0.00381448940103237,1.37541445102466,0.526789728346199,0.00108585586701894,0.00185372794618125,0.000711112642547298,0.000150154584450913,0.000738456075716018,0.0122861271381786,0.0471733511297758,0.312919558468431,0.266682683742641,0.0592425045623747,0.0804886522367438,0.00230380842837629,0.00157497297958183,0.00157498032037105,0.0229983959682988,0.00510850988402424,0.00380690429300201,0.00586854554596916,0.000639600800155234,0.000110234119497156,0.000123559166419602,0,0.00209045665097546,0.0109077270774416,0,0.000131333353224802,0,0.00641522903852935,0.00102196644536622,0.00632433109236831,0.000212747688651466,0.000187458568813657,0,0.000131344548522281,0.000907708724076581,0.000268014352615357,1.09689353586819,0.000282728436027956,0,4.78144117462397e-05,0,0.148214886217754,0.305211738877416,0.44461073437479,0.183097676078672,0.000533528735912013,0.000895638809571624,0.13226070414879,0.188917581314717,0.000159137207107854,0.0142316350566357,0,0,0.000312527579970645,0.00209427641817529,0.00714841170151368
0.00637464597826099,0.0067945256933826,3.63072857436126,0,0.000841385955518675,0.00709151432220409,0.119075451706264,0.0972578586764341,0.000553057082320047,0.0210568936203752,0.0595827260358384,0.000645542091075325,0.000384369169901895,0.0579502818897401,0.00280228562923483,0.00782190271317687,0,0.126909540892731,1.26481197167161,0.000487282889277792,0.471693678384782,0.00244148010171952,2.48246158966001,0.00506805986665182,0.000842745409103393,1.88384530207611,2.52966713859897,0.0790968070246263,0.0611690473261871,0.395267186389143,0.000818939957199979,0.000926485845236706,0.0135201592231963,0.962652597686757,0.0155100876143358,0.155960713136954,0.0596860971172665,0.193377437055501,0.0953777790163272,0.00362023420275373,0.00501253331439893,0.00107520022445187,0.0109828833217557,0.00287229896175702,0.00445453643030335,0.0044396696691654,0.000101793812491918,0,0,0,0.0084760159240026,0.0441805513697874,0,0,0,0.000280374311442709,0,0.000187551160159921,0,0,0,0.000146891069117928,0,9.66777426877976e-05,0.00532815894201798,0.00672963817383988,0.000239673112574983,0.00197622578652148,0,0.000592674044837832,0.00236502041000388,0.0069457055592124,0.000833231924445248,0.00128846440533147,0.019559372862446,0.256326011113701,0.00141270005576761,0,7.87112323349953e-05,6.90030088922024e-05,0,0,0.00272833218451929,0.00382720935845871
0.00213976106475943,0.000951383937387109,0.0424112659771268,0.000181411261099053,0.000280529638028908,0.00711826562510169,0.0206049848095013,0.0116925745059937,0.000339201192848968,0.026536294171625,1.70775319784571,0.00537838796265161,0.00040490449916811,0.0222522420416706,0.000787500402249456,0.000562725344193029,0.126909540892731,0,0.731815980741531,0.00127694879762178,0.0197569189199036,6.14412120250225e-05,0.0461564511979474,0.000374858589488029,0.000875568483073854,1.01273632731763,0.0861608358670146,0.00326872496815588,0.0253573757402533,0.0203254698930428,0.00261674088316223,0.00388129557481455,0.000458460892873979,0.550307716134452,0.0174671901460435,0.221155441825185,0.26997917881843,0.608384175550944,0.195591675582107,0.00500360475582314,0.00566816101140766,0.000527867915404749,0.000456294246462679,0.000642721327485847,0.000506141920223165,0.000965549531401729,7.78611202419758e-05,0,0,0,0.000566543504852819,0.000284701385975408,0,0.00024986998848095,0,0,0,0.000237163985087204,0,0.000634774400507068,0,0.000685530416755342,0,0.000126129179102135,0.000245538103236866,0.000153071692929364,0.000220498457388782,0.000508131755173659,0,0,0,0.000114572911972523,0,0.000231964835485316,0.0159678826809977,0.038988174014184,0,0,0,0.00172291974743464,0,0,0.000456276785362101,0.0106514166926736
0.00191601368749843,0.000887673486076164,0.283701352810463,0.000186464824320507,0.00029031616322341,0.00135411149462764,0.021527974853315,0.0150407946237829,7.73158112587452e-05,0.00789647566170524,0.189311835062208,0.00113342073647523,0.000262368543309355,0.0106816116334411,0.000857400273252773,0.000360535204140019,1.26481197167161,0.731815980741531,0,0.000143437486141658,0.0629052798858956,0.000180781770605755,0.161767717571427,0.000129178920675182,0.00109716864088273,2.17239779479102,0.271033110421631,0.0108905728497669,0.0198356876194527,0.0506118051522284,0.00121911271489034,0.00052243335868957,0.00302341661202249,0.431030912726829,0.00979681412723062,0.0995358794200683,0.0584690014861462,0.217553806836357,0.0979990486170685,0.0021144735692791,0.00182915234095934,0,0.00119542158865209,0.00060280051212225,0.000291283523043323,0.000807146245828676,0,0,0,0,0.000909519936125565,0.00254839185484776,0,0,0,0,0,0,0,0.00019460330669961,0,0.00030464594206624,0,0,0.00022659950847044,0.000881057344405747,0.000302386380625009,0.000527282232080793,0,0,0.000182278210681915,0.000557673161823917,0,0.000745459295539188,0.00910030390020032,0.0413431316542857,0.000157316450845051,0,0,0.000242612959088659,5.07775040924549e-05,0,0.000418332715062714,0.00324624205802083
0.00065678561445179,0,0.00036524750678029,1.90000175591281,0.00669494909025428,0.0393799694228273,0.0199607529423975,0.0393697067916236,0.0837293066534923,1.3195885076826,0.00682328162862256,2.25449921476148,0.00069965098013575,0.0272359705059914,0.0343685041813819,0,0.000487282889277792,0.00127694879762178,0.000143437486141658,0,0.000231338653098488,0.000157368465919495,0.000341343266027737,0.177610024919834,4.53531300497055e-05,0.00248078951427071,0.000528498290831375,0.202637331471392,0.0187761393414455,0.00129483215690701,0.000138135544703626,0.00645045927666285,0.000158944864770174,0.0247965386180959,0.00235928621723928,0.0787007053344141,0.00446103320397039,0.0170357121057026,0.0050941097737688,0.0851310155522391,0.0148517186017453,0.00784357651807909,0.00701369468395429,0.000190865306745434,0.00423444744166229,0.00128658464064527,0.0515259075700871,0.00104956372670854,0.000366040632730436,0,0.000320429817816329,0,0.0977243007651816,0.00286185728894184,0.0373705973567697,0.0366883515719946,0.0118365928944438,0.0193882427805156,0.201330678220664,0.000197283110506392,0.185488462495522,0,0.00248233986994927,0.01927034264098,4.54548201735497e-05,0,0,0,0.04998464179008,0,0.0015660533208221,0,0.168575799365449,0,6.03489607923508e-05,0.00036175544999125,0.139818355127082,0.00149189102887142,0,0,0.000134860816255713,0,0.00509881082765925,0.00016905277815044
0.00363698985111208,0.0091316341837022,0.264692473933794,0.000478176842178106,0.0401912115825675,0.00808003455799689,0.319606233242011,0.0583904377852632,0.0216671404901089,0.0157460016014006,0.0127918691338679,0.000941302993686343,0.000395823838964486,0.0411403811465351,0.0690221859675921,1.89006332409653,0.471693678384782,0.0197569189199036,0.0629052798858956,0.000231338653098488,0,0.128252901730273,7.39850268313865,0.106328696515063,0.00184946819785132,0.172312861827789,0.476599389342136,2.48988474526982,0.0711052132261377,3.22219876226002,0.000232687243978119,0.00276188801892075,0.0297748138262881,1.2651269579141,0.564418157778109,2.67027468694043,0.45523143968792,1.09242200399932,0.744865056228436,0.0405803513152001,0.0281990944737438,0.00420580712979174,0.0252104364274211,0.00225272257847116,0.00370064457834949,0.0103396623751664,0.0014793362035677,0.000146270071608924,0.000449571942488575,0.000133018135621214,0.000272424818751192,0.0127484867265845,3.84559478080749e-05,0.000761803432082271,0.000146398903647613,0.016006009890922,0.00416010658917117,0.0124626662176928,0.000995279205108547,0,4.86245444519997e-05,5.46965115168094e-05,0.00264907667661314,0.000966992774512625,0.238642334112009,0.000739133919797874,0,9.11770654172659e-05,0,0.1993816210811,0.104577406880099,0.107460910710276,0.182504396466237,0,0.00079413031086924,0.0748851774700598,0.292621207425545,0.00128832879078364,0.0444721106980414,0,8.12929629601955e-05,0.000300048149204778,0.00183697280265064,0.0472425229976072
0,0.622790883302085,0.00278500301495759,0.000211988406946778,0.000551780251218558,0.000315658652261829,0.00921244002946947,0.000422328961130953,0.696171299902491,0.00145054587174134,0.0470160654526358,0.000719957194817949,0.0479098174685373,0.000249727466701841,0.00983154382272294,1.6582668677205,0.00244148010171952,6.14412120250225e-05,0.000180781770605755,0.000157368465919495,0.128252901730273,0,0.221371790331307,2.29099414642316,0.201598835448437,0.00591434828451088,0.913680444619976,0.398897957213901,0.000418847787834025,0.000514005042827892,0.0133797300263313,0,0,0.00517827110557415,0.00178173189084053,0.0181982399177748,0.0104496961166562,0.0106209723402776,0.00555298232396722,0.00370207406045017,0.000672018833014202,0.0150719113592125,0.0234423467756795,0.00330090597548323,0.0054220490734508,0.007072608377914,0.00110735653679411,0,0.00297446713371227,0,0.0120311356426018,0.0313426116149931,0.00234788674069631,0.000323214319926357,0.000204663216901159,0.00702636153944175,0.000525494147081351,0.00983352996946137,0.00139815274665256,0.00284010491799574,0.000312831916857171,0.00354611040540286,0.000297264736928749,0.000424516486623573,0.478852782340753,0.00237806100728309,0.000128418281874752,0.000385572590141583,0.00023432981089735,0.0474261086200732,0.38763961421533,0.162059534329161,0.152478517807361,0.00326120963028846,0.00456594038711734,0.616651454345714,0.0932410483730864,0.000382206018680287,0.00412545352949903,0.000410218360479903,0,7.87995059193135e-05,0.00344195725969126,0.00108591359258596
0.00877386523066471,0.0128731575890133,4.20913606967704,0.00026541196265738,0.0777434735378428,0.0143504535669136,0.278611797690541,0.145701347955003,0.00587226818431222,0.0279649142462747,0.0333617838484724,0.00173974671904361,0.00080911894336226,0.0935653030806193,0.0611815311222282,1.11276636606377,2.48246158966001,0.0461564511979474,0.161767717571427,0.000341343266027737,7.39850268313865,0.221371790331307,0,0.198117365927501,0.00180292745460927,0.630644960014392,4.96032497355402,0.799103139642418,0.0942784271647443,1.68826399660898,0.000620032429816318,0.00196649361939604,0.0290158442951948,1.75872351768251,0.795175543173959,3.65235621355973,2.06317100189222,2.0032721750552,1.91471626920404,0.0527706282243188,0.0294519533015188,0.00432527009128144,0.0388204587177335,0.00789855276949329,0.0101217739929956,0.0281850905849624,0.000876112651740313,0.000587939987091637,0.000142740417031718,0,0.0032837488495033,0.112651334468651,4.304987428298e-05,0.00101994938832236,4.38798378101111e-05,0.00720325420030353,0.000847853303667736,0.00273425430683322,0.000178452952738046,4.60535310227156e-05,3.89080121385575e-05,4.75260274162293e-05,0.000414418061035204,0.00126856026515541,1.21449386837219,0.00382602561165292,0.000153837195893526,0.00144795125019138,0,0.122766007147855,0.179677643772714,0.661297510983538,0.128275204152612,4.77947620689392e-05,0.00667827040436935,0.6706374562278,0.159040170002056,0.000155526352473807,0.00593686634847393,0,0,8.99191148731708e-05,0.00514344448315618,0.122222638066173
0.000758910252438593,0.4262004507061,0.00528766954214287,0.326768273154351,0.00705021987947464,0.0140898752140323,0.221147114664923,0.0110599716932707,3.11655125178941,0.180193861151833,0.0210156072044068,0.246060870809336,0.0185528033572168,0.00913158107285461,0.0553826212798159,0.691432456811021,0.00506805986665182,0.000374858589488029,0.000129178920675182,0.177610024919834,0.106328696515063,2.29099414642316,0.198117365927501,0,0.133418084398716,0.0059462537954634,0.572037215732196,1.58963837503768,0.0277769561860495,0.00303619950661986,0.0055885394915133,0.00285479375111272,0.00670899238529506,0.0294872559467977,0.0264786270755243,0.351128030386058,0.0681268108414263,0.0563481464577336,0.0472466920640275,0.0348792992948564,0.0157461650675916,0.0119162998460392,0.168605965183595,0.0039560972162473,0.0312110790804996,0.0107297154243249,0.0663639909528087,0.010666252000074,0.00372851387275524,0.000226116186394262,0.00646589132608416,0.00657026360860801,0.198612452369711,0.0010172310513113,0.0174119109801691,0.324186450977155,0.0459926820270794,0.469689174322118,0.260906064227491,0.00096256635878985,0.0902910623586609,0.00103703219772013,0.0178154579708242,0.00799336630806751,0.271295702677867,0.00077947218612659,0.000156504845230126,0.000131479830477715,0.0929580188518564,0.125161908663457,0.157365069836398,0.128933031036635,1.77790880547926,0.00303621071082606,0.00053706609653616,0.0644179700343437,1.39516468963632,0.023404136990785,0.0727898881269068,0,0.00331342346432137,0.00135356146402028,0.029797799978408,0.008420593378142
0,0.192485703649732,0.00160972511615189,0,3.65092785987377e-05,6.31287739435672e-05,0.00177255862444277,0.00018534714164815,0.103906627627839,0.000835779941486287,0.091208053068243,0.000470494305363918,0.803654131661509,0.000156402760152817,0.00243153545556882,0.0454713401861374,0.000842745409103393,0.000875568483073854,0.00109716864088273,4.53531300497055e-05,0.00184946819785132,0.201598835448437,0.00180292745460927,0.133418084398716,0,0.048871885164427,1.03665947077467,0.0185220510212961,0.000154184172906446,0.000161693194488001,0.0912320927483384,0,0,0.00544112736890016,0.000376519466806269,0.00511765694095368,0.0213389673364013,0.0199342334385797,0.00229166354992185,0.000767432718673373,0.000468852846096134,0.203316323463223,0.00671544627533054,0.0170756870742345,0.00406004788743155,0.00208929659840804,0,0,0.0515334657945557,0,0.0837169292573209,0.00498476318003919,0.000132381307308268,0.000106676693455219,0,0,0,0.00711634670360048,7.48395718132973e-05,0.0521764680378906,0,0.208670432237683,0,0,0.000980639159138059,0.00263353912413378,0.00168058137142617,0.00174170548927078,0,0.000371832868806576,0.00898731507233839,0.00061332376509986,0.00691418988811732,0.304553394372728,0.0757321027667145,0.62117433290304,0.000298734667609524,0,9.44414686531544e-05,0.0597517049250254,0.000341340130156613,0,0.0023121515797986,0.00024255495141201
0.0040379893711278,0.0240138461209819,4.44345375209987,0.000282249229782629,0.000427809320569825,0.0105800366281387,0.0579598652544355,0.0297250505508167,0.0029016356805223,0.028749029493463,0.687176348060428,0.00583596489324797,0.0201929473200857,0.0349635538772536,0.00101891086857843,0.00381448940103237,1.88384530207611,1.01273632731763,2.17239779479102,0.00248078951427071,0.172312861827789,0.00591434828451088,0.630644960014392,0.0059462537954634,0.048871885164427,0,1.47313060354499,0.0337969261245263,0.0438636407952187,0.0893342291859498,0.0430654065793117,0.00458362265569715,0.00457872882591109,0.671488441862859,0.0773771598081541,1.03980202764744,1.11537901752154,1.17109367583529,0.731452014282649,0.0137745860273744,0.0156038801417799,0.00794025607814675,0.0516227373193764,0.042550597363715,0.0269740925423994,0.0181400155126387,0.000796396301440191,0.000212924936639786,0.00472476107020317,0,0.0412443375222727,0.0237879919550315,0,0.000473624216551304,0,0.000193109702567506,0.000151258327938557,0.00188228807358959,8.34404407653332e-05,0.0443222863926836,0,0.073873313061285,0.000171103192429471,0.000600589794249439,0.00207820599032292,0.0248149240255968,0.0241741774001077,0.0251607583995371,0,0.00103046136285439,0.0068561944847214,0.00747744202005475,0.00105064608034796,0.0670284350594265,0.750280723397317,2.195670901444,0.000347050043676591,0.00025440821166935,0.000615103389780331,0.140261681438794,0,0,0.012544187122255,0.0483272338945298
0.00413268686762254,1.36039472746819,2.82250658555299,0.000236072105051398,0.0203323796573734,0.00536250617704656,0.0904653647870046,0.0399441066514199,0.299269410699651,0.0129764510813877,0.0910106252087763,0.00227394746382275,0.30651665116733,0.0323930256735432,0.0216930321099735,1.37541445102466,2.52966713859897,0.0861608358670146,0.271033110421631,0.000528498290831375,0.476599389342136,0.913680444619976,4.96032497355402,0.572037215732196,1.03665947077467,1.47313060354499,0,0.454485820501559,0.0381319313287515,0.18452129625032,0.176102057369543,0.00193189258667665,0.0084911511436228,0.954510449789086,0.388925582603848,3.51471135017444,1.57693766777688,1.79497613730699,1.89272546336606,0.0338271911739882,0.0238813910910065,0.0134281324465786,0.645057080489934,0.166440880287636,0.220396627977027,0.221866153168285,0.00496002007297387,0.00124695489707699,0.00676274271600034,0.000507341376080322,0.784127750458772,1.07245012174043,0.000332449905823565,0.00153814531503759,0.000248041503899396,0.0181509443650079,0.00126720915904582,0.00595899729864934,0.000163632505090666,0.0880320213502842,0.000177583933361459,0.168009017368094,0.00165169843637526,0.00379331833031764,1.0436741076305,0.346252552412697,0.0349876683876677,0.1249900216933,0,0.0775327159365558,0.371192966107556,0.798570973620684,0.113311795998154,0.227399985439994,1.68842885165837,14.3071635978414,0.153430999418424,0.000662770483883954,0.0120972928039052,0.148780067370717,0,0.00105274116891222,0.115683880614142,0.152929054128216
