0,0,51.5486624538898,9.95607089996338,0,98.0424253046513,6137.34407660365,1555.77244585752,14.3753423988819,192.045011758804,134.2531914711,52.1298276185989,31.3883873820305,10465.0814392865,6.32324939966202,1.06752401590347,1291.24673929811,84.5231082439423,262.802684158087,34.7029590904713,81.1481662094593,1.51678627729416,373.895287245512,134.044944792986,0,464.863288193941,241.391275107861,532.620099037886,5303.83657065034,12598.7942110896,5.26894050836563,59.7520549297333,44.1934029459953,526.37035253644,33.353600949049,374.570960640907,28.2269117832184,311.656453102827,85.72799295187,20.3930011987686,13.0991144180298,6.10934108495712,7.83864194154739,1.33696228265762,6.83531308174133,7.74110132455826,11.8095719814301,1.19503825902939,1.92245274782181,0,0,9.90502172708511,0.612996280193329,0,2.00749659538269,1.87167811393738,4.13216763734818,8.46843767166138,0,1.15370786190033,0.910214185714722,1.83525738120079,0,3.43565535545349,2.55882751941681,0,0,0,2.83845913410187,0,2.4336758852005,2.11229959130287,47.0518792569637,0,2.06880512833595,16.2839208245277,28.9368315041065,3.17516881227493,4.15022206306458,0,1.87930190563202,0,4.91970109939575,1.99039536714554
0,0,128.009926408529,0,1.95588630437851,3.68019539117813,16.490993052721,4.29013502597809,1447.72681194544,3.36173588037491,576.23473867774,19.1917466521263,1443.40246173739,13.6061129271984,43.5748058855534,120.593213230371,125.135732412338,4.31326162815094,13.9875659346581,1.64793646335602,20.0597949624062,4256.00222188234,104.074615001678,1122.48000657558,3375.60672584176,148.838355600834,18740.1748143435,49.0557178258896,9.81410878896713,7.8608204126358,25.3286089599133,7.41244304180145,0,212.480905324221,10.2194699048996,227.343398034573,130.541839957237,258.8644528687,64.3864725232124,27.8347323834896,0,695.954263091087,927.484980046749,333.055933177471,71.5403854846954,197.74869582057,6.69189757108688,1.99802768230438,57.1713227033615,0.5011186003685,1498.0572861433,371.630803525448,0.816261768341064,0,0,49.1209482848644,1.94880974292755,39.7088674902916,0.674133121967316,225.382471621037,0.647256255149841,404.094563484192,9.13577792048454,2.25417697429657,58.3881457448006,407.118435412645,10.2846516668797,143.104518920183,0,23.1163654327393,218.605952471495,328.457613527775,74.4096250832081,147.219228684902,574.731498420238,8584.2169573009,39.4260003864765,8.25052797794342,13.3604918718338,92.5645704269409,3.59386140108109,0.798269748687744,86.8268334567547,64.8336430191994
51.5486624538898,128.009926408529,0,1.54424181580544,3.18536841869354,37.2374159395695,3536.94130167365,335.418889254332,18.4169164597988,72.1993800699711,14.0761386752129,40.2176452577114,46.0067160725594,520.735073238611,6.49635022878647,60.4225670099258,47304.3967418671,80.6352146565914,1521.46867540479,14.1540703773499,4998.2257463932,53.0381243526936,41538.8610467017,147.877265453339,3.43197596073151,30151.3858681917,42035.3613511026,3748.75437149405,188.350264191628,502.198601335287,0.630777299404144,43.2451310753822,19.5439037084579,2607.01067635417,283.513325631618,6511.8095600307,3122.36422127485,1817.75340950489,1820.22467115521,17.9850495457649,20.7251138091087,10.5516646206379,2304.44229051471,717.728263527155,165.274327084422,475.112944334745,12.1568142473698,7.40894189476967,1.69350677728653,1.50612413883209,152.574019104242,4064.03507497907,1.13228929042816,3.62624591588974,3.51368927955627,152.484845012426,2.90703383088112,15.1580989658833,0,15.3266944289207,5.71409434080124,1.98308956623077,14.4999087154865,5.79354822635651,103.895183444023,1485.36065909266,18.515481069684,297.934652611613,2.25602695345879,67.2723098695278,81.119201540947,1271.80823644996,112.736707687378,0.550541639328003,1141.31353706121,9113.94415596128,155.119028151035,5.65925273299217,20.8128323256969,0,2.73363369703293,0,143.435671031475,247.769963055849
9.95607089996338,0,1.54424181580544,0,10.3278303146362,475.92552408576,67.0565669536591,411.117756694555,1901.99602973461,3451.82893100381,117.103276491165,10166.6354333162,71.0889803171158,284.324847638607,154.718987554312,0,1.89976978302002,47.3381503522396,16.3955044746399,22369.7366519868,0.626165211200714,2.80521756410599,2.44830125570297,3569.24148163199,0,49.4604266285896,10.693834900856,18688.3116027415,155.764884233475,12.7919012904167,0.815947741270065,45.4487395882607,1.05452728271484,165.9273224473,14.8505643904209,490.112071782351,12.7704856395721,135.891886174679,27.3435373604298,139.931855350733,49.2290970087051,24.103230714798,73.2103197574615,2.75923323631287,17.8482522964478,11.3055194318295,206.773480206728,13.4409033954144,9.84409925341606,0,0,0,1719.64444613457,5.21082949638367,43.8792399168015,13.9791086316109,58.2863379716873,692.980176657438,302.746867746115,1.38192880153656,1214.55820712447,3.25293284654617,26.4971154630184,86.8342433273792,1.39989164471626,0,0.4289411008358,0,918.379818379879,0,2.53601431846619,0,792.986340045929,0,0,0,1482.97488829494,16.4326896965504,2.70017209649086,0,1.77800822257996,0.498140007257462,16.5045302808285,2.50803023576736
0,1.95588630437851,3.18536841869354,10.3278303146362,0,1796.0116032064,28.6961544156075,64.4134469926357,230.071540653706,28.7229370176792,7.84711545705795,443.976173102856,11.1743794083595,6.20547235012054,5163.20884153247,3.43549329042435,2.91438898444176,1.5784507393837,0,50.3442529737949,96.0178471207619,15.5890997648239,74.8864937126637,104.180432915688,2.11077225208282,6.68527615070343,21.4124506115913,125.049045860767,3.51278737187386,36.4943116307259,0,247.640604317188,0.736636459827423,820.491512656212,2455.12745258212,199.21727836132,26.6829745769501,71.4330852627754,62.3072372674942,7018.79392325878,9709.03165775537,3.75245100259781,23.0988816022873,6.23058515787125,13.9298447966576,34.8626284003258,58.8579261302948,11.3261758089066,7.02609321475029,0,0,1.37999927997589,33.7025257945061,2.99216854572296,12.6195787191391,3.6271887421608,11.1511998176575,21.2500441074371,13.3510261178017,0,84.4592462480068,5.15386307239532,3.52631270885468,10.1362905502319,10.1016535162926,0,1.02830231189728,0,29.9896572828293,12.1820468306541,1.90867459774017,16.4043205976486,49.9122487008572,0,5.16318666934967,10.3781409859657,94.1101290285587,1.74477356672287,6.16228222846985,0,6.74071449041367,0,6.10026574134827,895.988722115755
98.0424253046513,3.68019539117813,37.2374159395695,475.92552408576,1796.0116032064,0,5240.44928693771,15449.330606848,491.372128367424,23823.566536963,396.027326464653,20732.4732508063,446.00033608079,1486.78231295943,1057.84697389603,2.41488069295883,132.017771452665,141.412265330553,46.7173034250736,2114.36331164837,41.6235606968403,8.1152882874012,82.756124407053,832.83197593689,13.0713839232922,169.016318172216,104.424092531204,5238.13030230999,607.757953763008,466.359617114067,22.3626109361649,1735.79536595941,17.1968439221382,738.601338416338,5934.15058541298,3858.08159190416,106.947725176811,762.056173682213,605.967893987894,1376.96684888005,2113.45477059484,206.541242599487,458.368976980448,33.5467439889908,361.690241545439,337.330266445875,460.225979477167,225.08159378171,140.229764789343,4.28184801340103,0,2.26250225305557,275.697572618723,2.6777241230011,179.563763767481,71.4874997138977,278.218609660864,382.002616494894,184.493106275797,17.1679593026638,392.016366839409,52.7706769108772,170.740946769714,92.8661448359489,7.00537016987801,0.673870503902435,0,0,272.604419291019,3.14922702312469,7.99971294403076,3.81953483819962,1774.1003998518,4.87845057249069,0.533133566379547,3.41851261258125,1674.00348901749,126.172852396965,55.4557510912418,2.30375558137894,74.3235243856907,2.35294783115387,196.201779007912,411.822488486767
6137.34407660365,16.490993052721,3536.94130167365,67.0565669536591,28.6961544156075,5240.44928693771,0,20017.0572405457,138.005890339613,17793.7496391535,1418.9228156209,436.71553388238,730.6384126544,48187.6247591376,133.351464927197,19.3068738877773,5945.83742448688,664.28228276968,847.766459196806,132.538433998823,5729.14654833078,41.7427294552326,9558.56645253301,300.472642034292,15.1744015812874,4154.0571937561,3154.96271017194,55133.8775894344,7629.23707839847,22016.7185118794,86.0952294766903,450.083686321974,662.774133741856,3949.83105501533,977.496472507715,6599.6816123426,483.70184931159,4245.17332786322,1406.2980132401,490.440264940262,540.725706219673,157.297623276711,227.874697715044,50.195799857378,155.460574805737,142.135627627373,119.989670842886,73.808368563652,62.2098448574543,5.13527005910873,10.5464705526829,244.86258020997,73.393724322319,2.00701808929443,24.1684803962708,47.3344312310219,55.1950103342533,143.489649415016,69.6963966488838,8.0955336689949,94.6015219092369,44.172433257103,49.1653372645378,34.6808887720108,92.5928418934345,33.1607886254787,0,0.874780744314194,86.8046579360962,29.6050699353218,32.1584215164185,146.30202242732,654.673881024122,3.9210746884346,16.3018544614315,684.014996141195,584.189803004265,77.3374845385551,138.699756801128,2.44508892297745,10.8650354146957,9.06108945608139,57.0825922191143,104.68304041028
1555.77244585752,4.29013502597809,335.418889254332,411.117756694555,64.4134469926357,15449.330606848,20017.0572405457,0,465.643140286207,7449.78838908672,384.843425422907,7507.90809646249,784.10691601038,27043.7577045262,177.219272762537,2.17873784899712,2692.77457919717,133.387347638607,378.668034285307,1492.38668337464,369.792085826397,23.9942943453789,1313.76591232419,1969.64712688327,18.2340198159218,1050.2332341373,641.525940775871,6885.11708718538,2033.16406846046,8208.57399392128,25.0643209815025,698.660376966,77.8097428381443,1127.28852835298,456.363517165184,4829.56132423878,148.351981788874,973.553332686424,681.803284436464,939.926221370697,526.272532790899,248.053849190474,1067.60169404745,44.8914941549301,515.965877383947,344.614355683327,1128.386603266,285.871929585934,161.339814275503,11.2686318159103,1.63852536678314,18.9532272517681,435.847969204187,4.89068648219109,186.170640975237,151.614136010408,373.257910996675,817.893866062164,318.961995214224,34.7369132041931,668.826548427343,89.5889337956905,288.548715800047,241.161009311676,25.1925394237041,0,2.66203141212463,0,645.012367367744,8.39042806625366,20.8237437307835,5.67302438616753,4876.51248621941,1.91691589355469,0.685915410518646,53.9094792604446,3956.79380813241,177.854649960995,144.289275228977,1.0964697599411,86.1047826707363,11.7622596621513,388.839454591274,98.4188768565655
14.3753423988819,1447.72681194544,18.4169164597988,1901.99602973461,230.071540653706,491.372128367424,138.005890339613,465.643140286207,0,792.177391052246,279.036855816841,7032.69676536322,423.773021608591,184.715795278549,2454.22827243805,510.740432143211,21.2359791696072,31.1495744585991,9.47775927186012,1530.24964344501,109.004687011242,8228.57842332125,191.005416333675,27473.4467710257,1014.96154272556,49.1438409984112,5065.71071717143,13817.9489810765,99.0086047053337,55.2146179080009,16.1922534406185,22.9072518050671,18.7693736255169,190.344674050808,29.1615946888924,576.844422489405,58.664785772562,177.505080968142,54.972479224205,1792.35462191701,37.6624785661697,178.101229310036,1019.64257621765,63.1430636644363,387.962784767151,160.847489386797,808.122633934021,127.637600392103,32.1776821017265,53.5706916749477,55.8124761581421,46.3013842105865,880.793453842402,26.961450278759,172.377543389797,412.26790356636,339.627072811127,6279.30171856284,317.652139902115,111.35942658782,917.181993752718,120.820812910795,472.328409135342,334.431533038616,3345.60817852616,37.6555470526218,64.9363824725151,21.0413647890091,456.815603762865,817.075110942125,2232.0932687819,1005.522095263,8265.82816192508,42.9946437478065,105.157745808363,402.644708067179,4536.16505196691,687.512317240238,823.97108605504,48.8066208064556,47.6656491160393,46.6081752181053,310.68899384141,160.735882282257
192.045011758804,3.36173588037491,72.1993800699711,3451.82893100381,28.7229370176792,23823.566536963,17793.7496391535,7449.78838908672,792.177391052246,0,1220.26340553164,19345.9317778945,625.048216670752,3848.36480844021,71.9990243017673,0,66.3095317780972,515.504804760218,216.88739874959,12682.9968056977,35.8559283614159,4.26976573467255,79.5641528367996,327.013759642839,10.1293182373047,682.576459228992,252.484329611063,26129.4234115183,2104.77976098657,203.113584041595,71.4510130286217,359.124360829592,27.0535372495651,1637.68106719851,217.281088680029,4185.18840491772,120.273111671209,1386.57422500849,283.07173243165,494.120299190283,414.427991628647,176.151302039623,114.022153228521,18.4522869288921,92.4703865647316,119.025744467974,256.272260695696,63.179127395153,56.6150045692921,0.648129165172577,0.869456648826599,2.65508186817169,895.023825377226,6.59742105007172,45.0406916737556,44.4985557496548,123.770147532225,693.751185119152,556.511248022318,6.1790344119072,874.126343637705,38.6437791883945,62.0114188790321,84.3184549212456,9.52788603305817,0,0,0,699.633815586567,2.13483309745789,1.98563691973686,1.13768875598907,1634.88157862425,1.0756767988205,0,13.1008360087872,2741.79035535455,29.857646882534,16.2588981688023,0,1.43713515996933,0.761488914489746,76.85295560956,20.3108294010162
134.2531914711,576.23473867774,14.0761386752129,117.103276491165,7.84711545705795,396.027326464653,1418.9228156209,384.843425422907,279.036855816841,1220.26340553164,0,1521.43653994799,6338.2781277597,1158.42493933439,21.7975325584412,20.5506174564362,803.386114418507,10077.828738749,1267.06450921297,550.561660259962,106.301684468985,318.562360674143,298.173293083906,844.69053915143,1384.41778197885,6867.1023811996,653.901972800493,1579.9791392386,1927.03562709689,565.930492550135,613.339163869619,1763.26271703839,33.3255758285522,9770.1425268352,82.9899243116379,2820.59931045771,3567.04021605849,8063.92706754804,1358.36777022481,125.729897797108,48.441712141037,2196.72437790036,82.9444652199745,1202.07079967856,96.8845539689064,69.1343232989311,71.6980944573879,10.2703588008881,417.931468546391,2.2792387008667,212.246838748455,2.77559649944305,1.90588617324829,0,5.62914419174194,0,8.74774849414825,143.085520744324,1.61189806461334,2246.47276839614,34.0872797071934,5216.72389620543,22.5004979372025,2.68198382854462,6.58156704902649,1.46537923812866,102.981985151768,6.27462336421013,3.70232233405113,2.94025602936745,82.4948686659336,9.88486990332603,195.344816178083,531.202176213264,835.49983716011,1467.6431107223,39.7792850732803,46.4839588999748,8.71423742175102,2478.80496913195,72.6489045023918,1.79742228984833,291.420662999153,40.9991601705551
52.1298276185989,19.1917466521263,40.2176452577114,10166.6354333162,443.976173102856,20732.4732508063,436.71553388238,7507.90809646249,7032.69676536322,19345.9317778945,1521.43653994799,0,516.486112087965,2250.94228464365,4982.88031509519,1.53565394878387,67.0553223490715,611.483627468348,251.403724402189,38521.9193235934,23.189826965332,77.2796930372715,50.6325660645962,3265.91515898705,21.1258797943592,917.25293263793,387.918497055769,15219.4567224979,873.763587087393,243.235258698463,103.448525726795,404.985291600227,0.941168487071991,1291.97315168381,4029.41213041544,2614.42340540886,196.163645416498,841.178177386522,301.535106182098,2388.29653415084,309.310590595007,199.791594952345,373.821466118097,58.2559498250484,315.237148672342,264.854732841253,855.958967208862,138.078316748142,92.3868269026279,4.86489945650101,6.07809811830521,15.5220672786236,1322.85546499491,28.564547508955,189.165881723166,92.9977811276913,350.227652966976,721.197807282209,456.683067768812,41.64527541399,2664.57185819745,69.4252769947052,253.276664227247,247.377682775259,34.4210081994534,4.6773065328598,12.0051455199718,3.32129874825478,968.074806183577,12.4626935124397,19.6204034686089,14.3054256439209,1902.61515313387,13.4319351911545,66.7743955850601,67.3453573584557,2601.9125635922,152.270828813314,64.8607700169086,6.6724334359169,61.6972184181213,5.05906438827515,180.543471604586,1030.96713322401
31.3883873820305,1443.40246173739,46.0067160725594,71.0889803171158,11.1743794083595,446.00033608079,730.6384126544,784.10691601038,423.773021608591,625.048216670752,6338.2781277597,516.486112087965,0,570.217551797628,175.058264523745,135.35241189599,52.4584291875362,180.917989760637,25.2691105008125,227.739427775145,261.869278818369,760.320255696774,758.938301175833,1079.70778638124,6745.44866669178,497.739757478237,3270.6712680757,1988.31541514397,376.135578274727,617.991446495056,2135.83331504464,465.397586107254,13.8546572625637,1664.49129456282,312.96214145422,4609.7712495923,3945.985745579,4861.66098049283,2441.49330079556,2868.23596176505,461.855467528105,2176.63257741928,913.703976094723,2903.04612624645,617.324009388685,417.626883476973,1405.77354666591,220.176703631878,829.419210314751,6.64129492640495,319.06910854578,19.7419057786465,34.0184246897697,2.90676891803741,132.043876647949,94.122241973877,224.200714409351,76.290144443512,106.724672943354,3655.86512166262,137.184954345226,10439.1779969931,147.887575596571,55.7616790533066,40.4154999256134,7.07096350193024,360.589419782162,43.6234970986843,60.2315042316914,27.9201854765415,122.824668854475,26.2033580243587,401.806905299425,2251.96314963698,3726.27321317792,7632.77489724755,392.11298173666,169.763921290636,65.8328951001167,7531.37987568974,236.373696178198,1.93272584676743,516.654257327318,82.4349297583103
10465.0814392865,13.6061129271984,520.735073238611,284.324847638607,6.20547235012054,1486.78231295943,48187.6247591376,27043.7577045262,184.715795278549,3848.36480844021,1158.42493933439,2250.94228464365,570.217551797628,0,66.9630123376846,7.14877384901047,4083.36812612414,508.058544069529,786.211064040661,937.146683603525,475.506746828556,18.0723350942135,1729.41325560212,1190.5627592504,14.903008133173,1795.17623540759,1039.26763495803,4933.57288178802,15379.4273086786,17770.1090460718,55.5885335803032,479.030341386795,105.660552620888,2216.09524351358,191.346107512712,4383.12846341729,192.391055554152,1215.19324430823,650.989136040211,587.621936827898,408.676588982344,175.69932487607,503.34413421154,41.6862134635448,311.054798811674,264.482813239098,444.344041377306,179.664453595877,100.445918142796,4.84813505411148,1.34918487071991,29.8007335066795,94.0299741923809,4.33768355846405,120.012741953135,76.7606542408466,176.260182678699,420.947154611349,64.6289954483509,25.5373592078686,239.298776268959,72.8165779709816,91.064931333065,95.3461290597916,15.6173274517059,2.65045538544655,1.20489680767059,0,177.409722864628,6.59240713715553,18.5273972451687,10.7137980461121,1932.70681989193,2.17341524362564,11.3287149071693,111.682021826506,1170.37322640419,80.6250235438347,83.5342956781387,2.53827410936356,63.5426208376884,3.1044494509697,139.229538947344,19.3759842514992
6.32324939966202,43.5748058855534,6.49635022878647,154.718987554312,5163.20884153247,1057.84697389603,133.351464927197,177.219272762537,2454.22827243805,71.9990243017673,21.7975325584412,4982.88031509519,175.058264523745,66.9630123376846,0,12.8569673299789,13.115468621254,8.15006223320961,2.27625560760498,412.129721432924,205.343114674091,241.71467936039,239.398320555687,1232.6363902688,24.9501711428165,22.5015062093735,231.968358367682,1019.54248487949,40.2655254304409,231.093796610832,2.65138432383537,27.4573745429516,9.77814865112305,37.7060729265213,3480.98618623614,957.598595201969,94.4160175919533,53.6457525193691,67.0654268264771,7250.21364101768,35.3062634468079,39.4263816475868,136.80638307333,16.9369150400162,37.9370674192905,42.1123831868172,475.866660892963,22.8576166629791,8.86631768941879,0,0.782114267349243,3.84393435716629,426.462158501148,14.5985825061798,51.5719777941704,15.765749335289,68.9842988848686,167.015185266733,143.740664362907,11.8486416339874,643.951460272074,12.9061765670776,74.0902569890022,122.662259459496,73.2360811233521,3.64322412014008,3.61306676268578,3.98410111665726,258.441244006157,31.0164412856102,49.4345381259918,32.4324408769608,489.676835775375,0.593680381774902,1.08803015947342,17.5441896021366,713.941320121288,29.7743428647518,49.2130154073238,0,9.2593566775322,2.67647278308868,39.5559278130531,851.903630524874
1.06752401590347,120.593213230371,60.4225670099258,0,3.43549329042435,2.41488069295883,19.3068738877773,2.17873784899712,510.740432143211,0,20.5506174564362,1.53565394878387,135.35241189599,7.14877384901047,12.8569673299789,0,92.7099557220936,4.61248472332954,15.1356273293495,2.49733942747116,10787.326144278,10677.4542476237,11598.5922256112,4257.79294359684,53.1981504261494,105.37208327651,8094.32691699266,1849.61660012603,16.1413020193577,55.3448675572872,0.504266858100891,2.63451427221298,9.23828423023224,117.434407651424,242.447807192802,2323.58556878567,539.590254813433,668.452516585588,470.931597024202,8.10099112987518,22.497562110424,38.1129373311996,409.146571487188,65.1900174319744,154.653735518456,97.6482907533646,62.8457882106304,10.9325511753559,9.12016862630844,10.231320977211,26.5701065957546,148.225199848413,0,2.42646813392639,5.6800449192524,92.2635101675987,6.90072721242905,221.98603862524,0.926623284816742,6.34720230102539,7.33914196491241,7.52869433164597,33.0956851840019,19.2603126764297,8809.79440537095,91.1027048230171,10.5016066431999,27.227504119277,0,1895.43306684494,2151.83433493972,7319.91040822864,2407.49496993423,8.44967716932297,81.2420454919338,3268.20933493972,1766.46733206511,139.314961075783,456.147979229689,0,3.13990911841393,14.3550656139851,111.880345672369,109.868983417749
1291.24673929811,125.135732412338,47304.3967418671,1.89976978302002,2.91438898444176,132.017771452665,5945.83742448688,2692.77457919717,21.2359791696072,66.3095317780972,803.386114418507,67.0553223490715,52.4584291875362,4083.36812612414,13.115468621254,92.7099557220936,0,1019.27899801731,11003.0900336206,18.4540886878967,2294.90168550611,104.978059023619,18311.8483588696,197.50272294879,2.93314075469971,22034.2952349186,30683.0676079392,2200.01791450381,2412.21213233471,5499.41437008977,13.6135627627373,86.4871061742306,289.878567695618,7912.5689676106,255.138180822134,4446.2048381865,1764.62043920159,2766.03231930733,1758.76881527901,31.6433887481689,35.4159219264984,14.0065867602825,625.197608470917,242.742877781391,59.9455543160439,140.761378258467,9.08151072263718,3.10221034288406,4.51918789744377,0,64.8389701545238,1187.19055965543,0.796231329441071,1.15744519233704,0,21.9734828770161,0,8.98538681864738,0,4.82858282327652,1.69140350818634,7.39742720127106,1.40792572498322,7.16474485397339,93.0034412741661,402.95936819911,6.16613399982452,78.9479459822178,0,38.2714702785015,42.5994517207146,486.49195253849,66.6584311425686,2.33267796039581,418.587012439966,3501.41923126578,72.6101742386818,4.38492292165756,17.0736985206604,2.76758551597595,1.24519833922386,0,46.5293339490891,188.622245162725
84.5231082439423,4.31326162815094,80.6352146565914,47.3381503522396,1.5784507393837,141.412265330553,664.28228276968,133.387347638607,31.1495744585991,515.504804760218,10077.828738749,611.483627468348,180.917989760637,508.058544069529,8.15006223320961,4.61248472332954,1019.27899801731,0,5269.33404225111,217.050886929035,104.634850770235,4.03089737892151,344.340938597918,271.08168643713,12.6466672420502,4127.19529035687,1184.76727765799,664.698794007301,734.87559273839,266.849870413542,530.359477847815,542.003005355597,16.3518915474415,3693.39641982317,164.843246102333,3641.60805767775,3603.1758928895,5517.97037988901,1315.46562707424,42.9018819332123,24.5658203363419,34.6332613229752,97.2327112257481,396.851355880499,39.6779719591141,34.7620162069798,4.81755405664444,0,38.713893532753,0,13.1880728006363,17.3147135078907,0,2.42045575380325,0,1.06287157535553,0.43017652630806,28.2187746167183,0,90.7150485515594,2.44616436958313,177.241797536612,1.68592751026154,0,2.53979408740997,7.00555050373077,94.8227645158768,37.0999795496464,0,3.13053339719772,2.09766429662704,10.8829820156097,6.70573395490646,28.3321636915207,1066.78270322084,788.917492896318,2.45543393492699,4.45959588885307,0.563776671886444,393.233570128679,6.96608704328537,0,18.0715951621532,179.659449666739
262.802684158087,13.9875659346581,1521.46867540479,16.3955044746399,0,46.7173034250736,847.766459196806,378.668034285307,9.47775927186012,216.88739874959,1267.06450921297,251.403724402189,25.2691105008125,786.211064040661,2.27625560760498,15.1356273293495,11003.0900336206,5269.33404225111,0,105.480968773365,501.601025938988,17.3528790771961,2045.61930584908,127.902001023293,1.66747665405273,14494.9249836206,3658.50415191054,488.816855043173,1023.91402497888,864.39880874753,16.2645042538643,203.961007893085,119.554412066936,8625.75281921029,126.30511406064,2796.33355051279,1870.14098963141,3104.25259801745,889.805906653404,12.1045557260513,12.6375582814217,8.70030844211578,99.2822805941105,112.037812799215,7.55403643846512,25.6788047254086,2.51004892587662,0,2.3761380314827,0,7.65798795223236,91.6083152890205,0,0,0,1.07916128635406,0,13.3702211380005,0,3.65968132019043,1.84960243105888,6.33779913187027,0,0,19.7439353168011,36.2592306733131,15.9890596270561,14.3732233643532,0,16.5028325021267,4.04723387956619,46.3968561589718,29.1598430275917,4.57404118776321,359.096598625183,468.928349286318,19.9680200815201,0,2.58873391151428,24.8469191789627,0,0,3.05582717061043,132.918307751417
34.7029590904713,1.64793646335602,14.1540703773499,22369.7366519868,50.3442529737949,2114.36331164837,132.538433998823,1492.38668337464,1530.24964344501,12682.9968056977,550.561660259962,38521.9193235934,227.739427775145,937.146683603525,412.129721432924,2.49733942747116,18.4540886878967,217.050886929035,105.480968773365,0,0.371674209833145,8.48759615421295,18.8754771053791,1062.56830081344,11.1313129961491,271.682322800159,110.642712414265,17090.5189587176,556.823592126369,69.9093701839447,29.6684375703335,135.820584490895,0.745249152183533,466.67997533083,40.478985786438,1416.10740405321,63.1880620121956,353.937284171581,75.1460322141647,423.577248603106,112.000271290541,72.7990530133247,94.7602812349796,6.16291776299477,83.955186098814,67.3572690188885,261.578211039305,38.675719499588,27.1407625377178,0.60736483335495,0,1.86235266923904,963.368207812309,11.3042583763599,54.3412173688412,19.8827922344208,103.625955492258,500.579338014126,413.9680377841,7.65276098251343,1067.80898696184,19.3735929131508,101.992062926292,97.611872792244,0.546721756458282,0,0,0,536.299561947584,3.99659344553947,6.08327892422676,0.735458076000214,1174.9032714963,1.11130774021149,0,2.5551323890686,2023.19322419167,43.3076390028,7.39127939939499,0,3.23366743326187,0.904295802116394,50.6956897675991,4.60524725914001
81.1481662094593,20.0597949624062,4998.2257463932,0.626165211200714,96.0178471207619,41.6235606968403,5729.14654833078,369.792085826397,109.004687011242,35.8559283614159,106.301684468985,23.189826965332,261.869278818369,475.506746828556,205.343114674091,10787.326144278,2294.90168550611,104.634850770235,501.601025938988,0.371674209833145,0,849.661193758249,46964.9051317871,396.521953314543,11.8370786011219,1744.18272382021,7261.71133887768,9434.62899184227,414.695334881544,26656.393134594,6.96273228526115,12.9157648980618,211.655674606562,9537.55226489902,3070.31242597103,19359.2352991998,1952.07594522834,19182.4833092093,7952.46571579576,89.3090801239014,180.913672566414,55.528756827116,542.808562636375,67.4494897723198,194.970964342356,133.759009242058,151.905821889639,24.6731130480766,28.2235862910748,13.8332794010639,15.2434464097023,254.026326537132,4.80046761035919,6.2143394947052,10.1698046028614,152.447801232338,19.2876257300377,250.234883308411,2.61825174093246,15.4342614114285,12.1425966918468,28.1232247650623,58.0017159283161,33.678694486618,2336.52956619859,91.3946081995964,6.30366605520248,37.6658508777618,0.706969797611237,1359.91746714711,555.258481413126,1785.95405569673,2557.54019412398,5.50340300798416,43.908285677433,1594.24554443359,2198.31591653824,207.793207883835,844.408305674791,0,5.69588750600815,40.4812234044075,153.135318249464,735.41922095418
1.51678627729416,4256.00222188234,53.0381243526936,2.80521756410599,15.5890997648239,8.1152882874012,41.7427294552326,23.9942943453789,8228.57842332125,4.26976573467255,318.562360674143,77.2796930372715,760.320255696774,18.0723350942135,241.71467936039,10677.4542476237,104.978059023619,4.03089737892151,17.3528790771961,8.48759615421295,849.661193758249,0,2812.60859000683,13519.3533496857,2066.51564380527,61.0035719275475,14578.6257039309,909.785739630461,25.4664498567581,27.1327939033508,19.51858907938,11.9559479653835,5.55007874965668,180.250648915768,39.0883540511131,592.424410253763,180.034753471613,299.680385917425,136.307352334261,120.453843951225,3.1216151714325,276.867010056973,744.432893544436,178.947365820408,202.922568917274,158.860590964556,65.8502011597157,13.943919301033,17.5266713500023,11.7158772349358,200.988777905703,330.026820451021,3.32304251194,6.22686183452606,11.2909927070141,132.054438233376,32.8520276546478,970.546057254076,3.70722734928131,93.852047175169,2.09665089845657,148.501833558083,61.4789763689041,19.5387275218964,3877.79876080155,114.334982633591,13.7948408424854,57.4989503026009,1.00143676996231,521.87739443779,2161.60855484009,1845.77911835909,2343.5377061069,79.617054015398,267.051022619009,7668.02792176604,954.831614404917,165.008253604174,278.590551823378,34.5512048900127,3.81062018871307,16.9694194793701,100.336786299944,78.4779227972031
373.895287245512,104.074615001678,41538.8610467017,2.44830125570297,74.8864937126637,82.756124407053,9558.56645253301,1313.76591232419,191.005416333675,79.5641528367996,298.173293083906,50.6325660645962,758.938301175833,1729.41325560212,239.398320555687,11598.5922256112,18311.8483588696,344.340938597918,2045.61930584908,18.8754771053791,46964.9051317871,2812.60859000683,0,1048.74830523133,21.9865417778492,9320.10939776897,51536.2749309242,12609.8816446662,735.573667049408,15219.2760679424,16.2065978944302,55.7443635463715,190.390024870634,17885.5620638132,4044.50547069311,45269.7475791276,12008.5457240939,27601.5710214078,17123.1223374605,155.281498432159,336.889094829559,158.537059396505,1891.89203938842,381.713040828705,407.319545835257,469.185391694307,98.3105975091457,28.6345488131046,86.3690420985222,1.877032995224,42.4841557443142,2777.99600052834,0,15.2248195409775,3.25251615047455,160.705289632082,8.89614000916481,95.3733866512775,0.520034372806549,27.2914575189352,7.32527804374695,43.7625341713428,10.167489528656,24.5810163617134,12284.8193558753,456.907712131739,31.194469794631,133.534118548036,12.5280140638351,3391.02649530768,1832.98741778731,15980.1809532046,2422.15075740218,1.55891564488411,238.51557533443,13753.7177280486,2302.90516746044,52.3850777447224,388.653180390596,0.497767120599747,3.19936373829842,11.5035635828972,179.53484711051,1552.13995400071
134.044944792986,1122.48000657558,147.877265453339,3569.24148163199,104.180432915688,832.83197593689,300.472642034292,1969.64712688327,27473.4467710257,327.013759642839,844.69053915143,3265.91515898705,1079.70778638124,1190.5627592504,1232.6363902688,4257.79294359684,197.50272294879,271.08168643713,127.902001023293,1062.56830081344,396.521953314543,13519.3533496857,1048.74830523133,0,662.220569044352,648.136899679899,13926.2619973421,28549.6229109466,1380.47355365753,1278.0636523068,42.4403902590275,173.614857435226,321.836385935545,1296.42992430925,690.896170139313,5422.32291984558,376.626854836941,1552.70320430398,644.472066372633,786.117501914501,298.346385926008,329.875936627388,4560.2435695827,163.17198869586,1831.96595159173,678.323949486017,2626.22414106131,557.934527486563,188.758052200079,174.567584872246,93.1300029754639,275.354644328356,1274.97135466337,40.5073310434818,621.390590041876,1750.09395420551,1662.47435924411,6973.48900464177,691.094597458839,226.824416995049,1547.63292986155,284.87307703495,2313.00214391947,786.271118074656,2265.39335903525,131.302132308483,71.9805945456028,33.7339110076427,1209.42645713687,849.466115921736,1206.40747120976,1259.59922096133,21456.9969138801,32.0337889790535,119.335444122553,2065.02627289295,13180.3087794185,2519.72242620587,3067.89275181293,6.5103548169136,253.649706065655,150.611189097166,1367.69907924533,477.802607119083
0,3375.60672584176,3.43197596073151,0,2.11077225208282,13.0713839232922,15.1744015812874,18.2340198159218,1014.96154272556,10.1293182373047,1384.41778197885,21.1258797943592,6745.44866669178,14.903008133173,24.9501711428165,53.1981504261494,2.93314075469971,12.6466672420502,1.66747665405273,11.1313129961491,11.8370786011219,2066.51564380527,21.9865417778492,662.220569044352,0,88.283921033144,6508.7366257906,39.5628416240215,10.6623592376709,5.86014086008072,227.013181269169,13.3494359850883,0.749621331691742,349.583882242441,0.76524955034256,67.5789152383804,273.775188237429,503.026595562696,4.88392525911331,47.8241540193558,1.94001746177673,2332.54340589046,150.704622447491,428.832319110632,77.2479403913021,36.8569792509079,15.2677215337753,1.29661059379578,184.596732676029,0,463.435695528984,5.0539548099041,1.18014052510262,0,0.955485045909882,7.16876953840256,6.08352708816528,22.232268512249,3.03401699662209,1113.58113467693,3.85722255706787,1982.00236165524,14.8892826735973,0,11.682333946228,5.03158366680145,22.2100823521614,26.6892540454865,2.59257850050926,2.13783812522888,68.9252073168755,14.2718085050583,32.2393811047077,1689.4949696064,390.956488162279,1863.86584973335,12.061337441206,41.7352731823921,3.04490807652473,365.420090138912,59.1614797115326,0.346984088420868,220.040685981512,5.95877593755722
464.863288193941,148.838355600834,30151.3858681917,49.4604266285896,6.68527615070343,169.016318172216,4154.0571937561,1050.2332341373,49.1438409984112,682.576459228992,6867.1023811996,917.25293263793,497.739757478237,1795.17623540759,22.5015062093735,105.37208327651,22034.2952349186,4127.19529035687,14494.9249836206,271.682322800159,1744.18272382021,61.0035719275475,9320.10939776897,648.136899679899,88.283921033144,0,29729.0627509356,2794.50719714165,1709.80615708232,1363.2188179791,1435.99235627055,582.684177011251,131.938751131296,6973.22253721952,778.204930752516,19214.6759585142,13876.3671765924,11651.9552356005,5324.47836712003,64.0895539820194,55.5080187320709,72.8478684723377,2308.21807000041,2593.50745368004,399.908675909042,603.013935357332,20.1878793239594,7.52860260009766,121.283346742392,1.86550158262253,351.603406846523,815.014992415905,0,5.40367120504379,2.48203366994858,81.1851537823677,3.15275728702545,36.9640202224255,0,651.018189579248,6.37927716970444,1121.07652845979,15.8478220701218,2.10908406972885,82.9569644927979,954.410010755062,567.353402704,1271.49018591642,0,50.5915701985359,104.721995145082,322.657189428806,60.7033571004868,274.201809316874,10614.4585726559,11476.7044606805,55.9381993114948,33.1784089505672,41.5119897127151,1957.78036719561,35.5764723420143,1.36812722682953,349.721813827753,832.239254295826
241.391275107861,18740.1748143435,42035.3613511026,10.693834900856,21.4124506115913,104.424092531204,3154.96271017194,641.525940775871,5065.71071717143,252.484329611063,653.901972800493,387.918497055769,3270.6712680757,1039.26763495803,231.968358367682,8094.32691699266,30683.0676079392,1184.76727765799,3658.50415191054,110.642712414265,7261.71133887768,14578.6257039309,51536.2749309242,13926.2619973421,6508.7366257906,29729.0627509356,0,10079.3117692173,787.946064144373,1199.57289326191,1369.34265688062,262.262615740299,88.6570093631744,10260.0969548225,2466.90969267488,48327.5320306718,16539.4245133698,14809.9376862347,13560.462103337,190.328999042511,108.223646700382,178.197338491678,17217.8559151292,7977.17948931456,1982.62214690447,3792.18021020293,70.3766737282276,46.9733602404594,102.797331929207,12.7737665474415,5858.39876025915,12817.4945375025,0,9.33054193854332,3.75076532363892,862.659046441317,15.1223253011703,130.646499186754,0.436740309000015,533.005855947733,14.273284047842,1637.78327101469,63.7596063315868,27.6117153167725,4114.23315986991,7240.97171783447,1047.75498186052,4513.57258099318,4.74041143059731,744.000466510653,1954.39895364642,10037.3111440837,1527.73334664106,2237.86272546649,31832.8021376729,106694.734870568,1386.27518939972,59.8898130059242,272.483132988214,2247.86063322425,27.217863202095,7.770616710186,1352.67144218087,2089.1694008112
532.620099037886,49.0557178258896,3748.75437149405,18688.3116027415,125.049045860767,5238.13030230999,55133.8775894344,6885.11708718538,13817.9489810765,26129.4234115183,1579.9791392386,15219.4567224979,1988.31541514397,4933.57288178802,1019.54248487949,1849.61660012603,2200.01791450381,664.698794007301,488.816855043173,17090.5189587176,9434.62899184227,909.785739630461,12609.8816446662,28549.6229109466,39.5628416240215,2794.50719714165,10079.3117692173,0,7183.42406982183,39987.7534113228,72.5584405064583,647.656022787094,1635.22463539243,7036.02555656433,4175.44646805525,23321.829626441,1045.8965511024,12144.4544240236,4169.5093665719,1362.31646212935,1043.59887686372,409.81311032176,3569.79544746876,151.426979959011,1435.8767002821,714.409840881824,3196.95629861951,508.517334550619,218.37640735507,107.833319544792,32.3407067656517,424.782190084457,4558.64805176854,47.492126584053,616.34822383523,1309.04410922527,2044.93732813001,7551.89051115513,2620.4837705493,142.365307718515,4229.8478821516,276.753270804882,2210.15427663922,876.499839395285,1370.77454811335,127.308066040277,14.1177207231522,25.8216246366501,3932.48178845644,670.2070492208,521.503010898829,1187.53861150146,19371.6381622553,8.87323755025864,46.0640366375446,2212.979787305,20354.4255006015,1900.41911745071,2200.25279405713,1.0558916926384,139.783905059099,133.736915260553,1228.69827440381,713.003490775824
5303.83657065034,9.81410878896713,188.350264191628,155.764884233475,3.51278737187386,607.757953763008,7629.23707839847,2033.16406846046,99.0086047053337,2104.77976098657,1927.03562709689,873.763587087393,376.135578274727,15379.4273086786,40.2655254304409,16.1413020193577,2412.21213233471,734.87559273839,1023.91402497888,556.823592126369,414.695334881544,25.4664498567581,735.573667049408,1380.47355365753,10.6623592376709,1709.80615708232,787.946064144373,7183.42406982183,0,17094.6688554585,83.8658905923367,1833.84222221375,4935.21341988444,6250.9026170671,223.28828933835,2663.27851852775,148.568234026432,1898.23184832931,375.12072968483,101.57056081295,133.990019440651,68.7607523798943,224.412323862314,22.9644409418106,95.9462896883488,50.9812672138214,187.692600876093,40.8881571888924,41.1037776470184,5.06986182928085,1.36186838150024,7.12401086091995,10.778824865818,0,24.2406564056873,60.5340393483639,31.9878080487251,159.962775230408,3.86231160163879,20.4578758478165,58.3080429434776,54.6282624602318,32.6983050107956,28.358376532793,55.3837783038616,4.54049491882324,1.21158808469772,0,45.6433600783348,16.1261098384857,20.7101433575153,7.69198688864708,829.395722568035,6.00764566659927,12.6660532951355,58.2852706611156,452.519028127193,71.4615426063538,136.047413647175,7.72180432081223,10.2387283444405,4.38968169689178,55.866723626852,38.0391094088554
