0,0,0.00907175323931167,0.000675940167271376,0,0.00124455805456722,0.897119066590764,0.041403413094341,0.000465040538881779,0.00375690494974208,0.00210450074032903,0.00062464287137568,0.000109505502723694,0.456369794444582,0.000485140585169792,0,0.0606488540847836,0.00186463645307815,0.00648954160351551,0.00146248096795488,0.0443939886366574,8.23310164781805e-05,0.127808377140808,0.00151722380621338,0,0.00235201325868666,0.00387645778006363,0.00428734416008115,0.795836080402599,0.604902133107656,0,0.000172445004190684,0.00369897682410157,0.0333057926796443,0.00261029247619725,0.00749544267574382,0.00126583628689754,0.015894414168007,0.00431805216109132,0.000414916240102053,0.000349233681160212,4.10552360022068e-05,0.00226178251896966,0,8.96322448167801e-05,0.000141973988162041,0.000323300347520828,0.000101723958269834,6.09946695671082e-05,0,0,0.000281321503543973,8.52962101932764e-05,0,0,0.00170617269139314,0.000133343188656091,0.000513456958210707,0.000173197447308541,0,0,0,0.000330818332626105,5.45642815635204e-05,0.000398022866636753,0,0,0,0,0.000295063802149654,0,0.000223990587771773,0.00800553606872717,0,9.47142950748208e-05,0.000560427179850101,0.00390434862861228,0.00033101143132782,0.000329887507094264,0,4.9417954148531e-05,6.27083816220761e-05,3.94796613924504e-05,8.67265111317633e-05
0,0,0.0057067052454313,7.08787493131161e-05,0.00133480748417878,0.000184338938916207,0.000110078547950268,3.95951887824535e-05,0.41041680664126,0,0.00155995400811839,0.000274110627123833,0.144241574984269,0,0.00497077098370505,0.0161769944753369,0.00575427924152338,0.00091860218975651,0.00360518890225995,0,0.00558671964749909,0.288224140367237,0.00227669721981215,0.352240134192038,0.427769920437198,0.0281883722806559,1.08572430729966,0.00864694902951171,9.10697145137788e-05,0.000306546607993602,0.0321118291804726,0.000127314650813579,6.30026794917583e-05,0.00270794747269714,0.000282679006146431,0.00620425758206582,0.00401230628134787,0.00167533992842364,0.00176320126913214,0.00735951834828162,6.8595784386158e-05,0.00021442881866169,0.00962298319710733,0.00473158384785581,0.00358736108518922,0.00225844710360957,0.000516813503399373,0.000483682183162689,0.000205176147363901,0,0.21322054653199,0.0158692405903163,0.000393152865234613,0.000239553795190573,0,0.000340861040615559,0,0.00612634865784573,3.9833321694851e-05,0.00300187191396404,0.000204339428925156,0.0140175463489478,9.05810027017595e-05,0,0.00252417038319599,0.00711592527253747,0.00032792253992939,0.00974149978977632,0,0.000675998472399354,0.00806091453303408,0.00238189985010124,0.0114661020928607,0.00341494213484633,0.0769550788449569,0.482321192312052,0.000764846299343944,6.97364512145519e-05,0.00133524107671952,0.00307189831531823,0.000142570168610573,0,0.00213533720967448,0.000549624109414101
0.00907175323931167,0.0057067052454313,0,0.000113222070633173,0.000226566142614603,0.00579742508270228,0.12657424728289,0.0688028959798089,0.000775706436350941,0.00278600939007497,0.0086852117122347,0.00071893969141674,0.000128446552469492,0.0647041699776612,0.00147505965970493,0.00197377930724728,2.88027245733298,0.0133872175320265,0.256570215978281,0.000614337896040797,0.321559351475376,0.00322881787762118,4.07469075025476,0.00181058939569843,0.00022615133756578,2.79571721842445,1.82380384175845,0.0186886553377503,0.021919020052206,0.103017790994006,0.000373619750395655,0.000334181986155868,0.00186492470920646,0.270565810257159,0.0549587536731921,0.816648223682356,0.192830629065247,0.338531466344821,0.319925584769328,0.00676762053699803,0.0132969673843772,0.000571431877138138,0.0338865740516331,0.00812091438573322,0.00860972388109187,0.00356007038140094,0.00104837512521291,0.00215127009962904,0.000239843394444465,0.000422768835434436,0.0277012076865655,0.247234410065936,0,4.26702492406368e-05,0,0.00360650718931341,0.00163279291211701,0.00214048027687287,0.000126488147565245,0.000787869967518925,4.68024053015709e-05,0.00319481033757591,0.00266262587032068,0.000441841272141338,0.00764889947672105,0.0456155891452614,0.00125062281264925,0.0166213273569722,3.41592899985314e-05,0.00494793480935478,0.0097048322150776,0.0489535828579883,0.00571903962077904,0.00135463100461173,0.163273943080828,1.14356755895243,0.00923733731403742,0.000666883276278973,0.00720878897061157,0.00320855361447895,0,0,0.00914323224492501,0.0224476901035706
0.000675940167271376,7.08787493131161e-05,0.000113222070633173,0,0.00487576615058267,0.0899086320324702,0.0491281770583045,0.0336198154964253,0.260614859525416,1.02789262629501,0.00259679553735614,0.156026913946923,0.000352072181882501,0.0287914015844652,0.0203970589700297,0.000103453341672421,0.000132095088047385,0.00216406025697458,0.00105591687295174,1.59038193533292,0.000401230754778981,4.12006095945835e-05,0.000637131171703577,0.557708669080446,0,0.00092815015581131,8.92224195570948e-05,0.890274752379355,0.0423028836731814,0.00113115347919345,0.000212076791983366,0.00130385799708974,0.00111991871936524,0.0384234727759142,0.0128037438578378,0.0889473156398046,0.000638296228577137,0.0117371706915854,0.00214577609323561,0.0666930546445186,0.0072494536707753,0.000329024609325409,0.0258492990818894,0.000211314361402273,0.00528975993528843,0.00128541902767062,0.120461076536704,0.00390971292114222,0.00059846676894927,0.000102958727543831,0.000206140186207056,0,0.251004900335901,0.00316488288772345,0.011248256409194,0.0367910458934032,0.0106152980405283,0.0440400030654914,0.0959430079283381,0.000778187902690649,0.162084511182802,0,0.00594586407804597,0.0390280237898851,0.000265434351895333,0,0.000305167715302945,0.000251927983290196,0.131979741902652,0,0.000403361075110197,3.48902198696137e-05,0.226512948084111,0,0.000205825351064205,0.000374619556347728,0.16879789787269,0.00226873510862243,0.000332725873039245,0,0.00035322907543397,9.36910680799484e-05,0.00420582650606382,0.00148946080091214
0,0.00133480748417878,0.000226566142614603,0.00487576615058267,0,0.0287260258693013,0.00282589951808119,0.00694058896280491,0.0380640995353266,0.00311825726145065,0.000591367925004125,0.0392946879684453,0,0.00154994096275532,0.408903483938651,0.000680404172948361,0.000114819799843788,0.00011251503817296,0.000255565341646552,0.00280543013317192,0.0047716549957285,0.0023062380446918,0.0053180860773604,0.0393454940266163,0.000357931079246044,0.000346976035777092,0.00305416338304985,0.011549261715578,0.000904280039670229,0.00123247680726921,4.32519388048649e-05,0.0199234491807203,0.000130887011651516,0.0401961785361245,0.513483819757987,0.0120585705582355,0.0016742034257493,0.000813893474148271,0.00110431352184391,0.89011953533794,0.186587844785655,9.00975239672658e-05,0.00153329737346828,0.000856373403888223,3.99129193136692e-05,0.000480468106883049,0.00812852202563297,0.000232322012021542,9.53598899965288e-05,0,0,0.000315809429416895,0.00259437921260714,0.000177759882247448,0.000346618527350187,0.000827594612228986,0.000170752215150833,0.00183024389144528,0.00194443612631786,0.000589098737571239,0.00482955656326819,0,0.000121496992982387,0.00306792988347721,0.000660939132268429,0,0.000106768882027149,4.66599642775059e-05,0.00190870216332329,0.000377250462836504,0.000286353951105356,0.000585438418273926,0.00489429163309073,0,0.000178852136137486,0.000523275536185265,0.00354320882235145,3.68968262512684e-05,0.000313502311466933,0,0,0,0.000193340534032583,0.0451273752912421
0.00124455805456722,0.000184338938916207,0.00579742508270228,0.0899086320324702,0.0287260258693013,0,0.568974254658558,0.74113824561858,0.0210584939108325,2.30800520258814,0.019556874553894,0.999887106336328,0.00213776187435031,0.0940221757329785,0.173444409819296,0.000123434165813208,0.0026781775798409,0.0123755051272055,0.00499051108627963,0.1032522789401,0.0186145574463898,0.000282543427146316,0.00807829151071618,0.0312331540082009,0,0.00782895368469295,0.00226168996646309,0.129605042411693,0.0549361358822313,0.00734698515781534,0.000531382423764467,0.0120747439071729,0.00399834789521456,0.106729115887295,0.45933515396365,0.244102901271884,0.00407859246834636,0.0189132069848632,0.00612078018931365,0.539967622541912,0.220632157682959,0.00386929042044759,0.00858041167105818,0.000109921518444538,0.00174162680789864,0.000223678297131538,0.0134996869434334,0.00147961076870251,0.000384299757531166,0,3.61780426040888e-05,0.000127224389521241,0.0120305519756555,0.000157840893005848,0.00105879346685338,0.0109451330425663,0.00112888355745662,0.00512053119634676,0.0081310096266639,0.000751978628780365,0.00942837009806093,5.47082330229282e-05,0.000280448697319269,0.0039954823762896,0.000737372981598973,0,0.000119792357481957,0,0.0058092268762244,0.000512388966559768,0.00015214153479445,0.000741783404001236,0.0429148586650857,0,0.000261751285441756,0.000780023193171981,0.0221866432363741,0.000231148101673126,0.000675082848818302,0,6.63244288976192e-05,8.36290125756263e-05,0.000664651417512774,0.0422410650541636
0.897119066590764,0.000110078547950268,0.12657424728289,0.0491281770583045,0.00282589951808119,0.568974254658558,0,1.62325359949501,0.0655178509474991,1.66877528575338,0.0332210618184285,0.0364122008198241,0.00413719609320462,2.68903163328141,0.0341227306151544,0.0075190847788893,0.0367238969829168,0.0263983023559027,0.016472446759133,0.0452056599188256,0.8756128811873,0.000954582388568162,0.121330726681197,0.819204358300282,0.000153772786374689,0.0389173947254324,0.026830579867483,5.77854940182356,0.653422834981698,0.30685775946815,0.000792844498018028,0.010509076672723,0.0725063770220238,0.26257476477762,0.153941008975468,0.712759713278794,0.0168488581426041,0.152137215356025,0.0559409051899047,0.0836011575267189,0.045229057886821,0.00354310179057932,0.0743146727054669,0.000716517018191815,0.00818723921431534,0.00275160283251584,0.0238164585227312,0.00662763321049989,0.000593488894578695,0,0.0003111735361979,0.00336900269702601,0.0244380120588729,0.000159641383056879,0.00277406882240105,0.080099332429848,0.00522945394755399,0.0221543776976759,0.0204188823347415,0.00121330052929437,0.0126591648892287,0.000153464432161332,0.00746658380777395,0.00453186044643927,0.00531019587218797,0.000575046890346408,0,3.84675465542078e-05,0.0105038861127899,0.00225206575827968,0.000569273367435933,0.00217132536964226,0.251612858376134,0,0.00186878115039993,0.0122072910452809,0.127310514872135,0.00759597625294876,0.00319756977049362,0,0.00077254691931963,0.000537475064482928,0.00658168570695484,0.0191185634875021
0.041403413094341,3.95951887824535e-05,0.0688028959798089,0.0336198154964253,0.00694058896280491,0.74113824561858,1.62325359949501,0,0.0174058434980861,0.79975407869366,0.0219856939656333,0.432968226379983,0.00248960340578473,0.92201878905039,0.105845116518742,9.27685847986936e-05,0.113833498691792,0.0126347345386765,0.0157930879608091,0.11337405172023,0.230788536267983,0,0.320048306678898,0.0363258040088427,0.000120980310231566,0.0170683888005506,0.0175627552549239,0.112831262119281,0.158515556385857,0.386518834235952,0.000593669375335932,0.0126847786147496,0.013650324409951,0.175319032715486,0.0228896605853224,0.319426242729474,0.00938942763810253,0.063654325380112,0.0239075565776595,0.272315839268308,0.0584449563768163,0.00419951267951751,0.0216513868178337,3.60715708549023e-05,0.00194185574272942,0.000339046296702385,0.0082181140324522,0.00124082620105207,0.000638040319002629,7.60045348074436e-05,5.76424930222035e-05,0.000602512112157941,0.00610992426990688,0,0.000593509719996452,0.0269178095232175,0.00120260997699642,0.00664230946472419,0.0051828285954833,0.000490660705828428,0.00645006349670958,4.34407711076737e-05,0.00141816800873912,0.00115682497073305,0.00221979098036468,0.000147646188745976,0,3.9330778942585e-05,0.00184117973379541,0.000753202323077679,0.000250708843536377,0.00111646577122176,0.0913577737928607,0,0.000372128160638452,0.00218692999784565,0.0388044037862628,0.000961834307002183,0.00118556918968916,0,0,0.000352143899676323,0.00168005725502133,0.00307402992997634
0.000465040538881779,0.41041680664126,0.000775706436350941,0.260614859525416,0.0380640995353266,0.0210584939108325,0.0655178509474991,0.0174058434980861,0,0.0394574342999902,0.00213416433804083,0.120324849597006,0.0169895786646264,0.0113942392716843,0.106725200241683,0.0224230043267832,0.00160348957414817,0.0014677315990634,0.00171387349959231,0.0776200088030131,0.00740995065503645,0.733156169025099,0.00603636213693368,2.67134504279362,0.121581576901482,0.00481252868669749,0.481005381917094,0.38688903391922,0.0172488544859661,0.00940045363717641,0.00437913942266869,0.00159053644315291,0.00474912303235125,0.012576298923027,0.00645361771373344,0.0427059348487867,0.00104871348829091,0.00481052232895672,0.00182593197266483,0.110782303095759,0.00172582053657698,0.000312264288947582,0.0402842979544631,0.0010864532397083,0.00400690709776151,0.00137882115644073,0.0206850021686703,0.00362853993057239,0,0.000266723687388897,0.00541457377457118,0.00133831191957748,0.0873700178324587,0.00106991030118501,0.00517242899021233,0.0386801336479336,0.00625890565096343,0.203439143782478,0.0360997144806149,0.00110292637520504,0.0244841130923611,0.00114706444692183,0.00742331318604576,0.006467634741938,0.0532334549223137,0.000494928136478662,0.000962398821754698,0.000794936692637441,0.0206235770320017,0.0258027303176979,0.0428405578571937,0.0141423878431398,0.585373880150929,0.00125288684368825,0.00558827625336468,0.0197103231961967,0.15094291352166,0.0106046741751126,0.00646734051378071,0.000325774064165354,0.000567220318653107,0.00108948898469639,0.00521029682887054,0.00480618597830367
0.00375690494974208,0,0.00278600939007497,1.02789262629501,0.00311825726145065,2.30800520258814,1.66877528575338,0.79975407869366,0.0394574342999902,0,0.0726615932245633,0.341369503179884,0.00799495353811742,0.521655738596411,0.0281987169246703,0.000195270208132863,0.00395639253037417,0.0521483846116441,0.026020848084216,1.14070765517543,0.00834495593791721,6.4250801014185e-05,0.00511242268911612,0.0868876500626637,0.000117904248238564,0.0247587951682975,0.00410587505528748,0.80365722333334,0.357081524017006,0.0132002023991225,0.00106413532825661,0.0158342541440966,0.00375487996949542,0.275347804786983,0.22644248669132,0.397375337486402,0.0106914086938754,0.101901929826815,0.0169630086615763,0.0815470481440812,0.0401483288088987,0.00833932591565933,0.0122255613269572,0.000240472028339148,0.00219338955119383,0.000393448538762331,0.0252594330803439,0.00156014975124383,0.000389425045743704,0,0.000340307298752666,9.5286966178179e-05,0.0363278244136322,0.000478832238018155,0.00221502460644579,0.0220165161485841,0.00296795183509636,0.0135938505663147,0.0262922988625861,0.000917113332725404,0.023082447579658,4.1628425301075e-05,0.000714045901819826,0.00629454800256884,0.000589378760665059,0,0.000123897860168457,0,0.0186851505003434,0.000232541243578434,0.000266619599803805,0.000629874940395713,0.0969160519265895,0,4.19628775134087e-05,0.000472634608100891,0.0671328065941914,0.000706330567880154,0.000106345123582363,0,0,0.000217532881802201,0.00198597767834926,0.0240582465654996
0.00210450074032903,0.00155995400811839,0.0086852117122347,0.00259679553735614,0.000591367925004125,0.019556874553894,0.0332210618184285,0.0219856939656333,0.00213416433804083,0.0726615932245633,0,0.080722037733356,0.287329669199252,0.042450233560988,0.00905204503016031,0.000482981847740412,0.0289569987047048,0.750674722758403,0.0742363696993709,0.0207748403857454,0.00586244417013919,0.000214642129312038,0.0125256803331195,0.0039995000088191,0.0357424976235013,0.284010697233022,0.0352745445655942,0.00970904951786448,0.083812698583553,0.00566447721680284,0.0208856352867038,0.0110407364240351,0.000747247838394404,1.39027417043939,0.0129452390705286,0.133073565704328,0.229672816700619,0.426520637708345,0.122065678620842,0.0149022070209497,0.0138297809595714,0.298598271035413,0.00120077036667002,0.00565377210855568,0.0143394925842126,0.000465027614202738,0.000699869692320108,0.000589990879692078,0.0157267341946096,0,0.00808047755681658,0.000252842166148305,9.1597286341548e-05,0.000112233878767013,0.000218578333110333,0.000751452079401136,0.000668938883506894,0.00228885623826409,0.000317196787516713,0.100790374174158,0.000308970196774721,0.226788929469061,0.000301976235136032,0.000265460370886922,0.00032733634926784,0.000303637370098591,0.000672788049049497,0.000612317486603856,0.000214475286624074,7.29381605143547e-05,0.00187679977743268,0.000114763709246397,0.00300839441296232,0.0249818893777582,0.019946319686104,0.0217003569720543,0.000202815766816258,0.00142373124419367,0.000275886759662151,0.0323271657986603,0.00315628403741062,0,0.0242882927697339,0.00243372045142579
0.00062464287137568,0.000274110627123833,0.00071893969141674,0.156026913946923,0.0392946879684453,0.999887106336328,0.0364122008198241,0.432968226379983,0.120324849597006,0.341369503179884,0.080722037733356,0,0.00820021931936201,0.267141297123281,0.19474821504691,8.23681290364266e-05,0.00195899153177225,0.0579274062875464,0.0281655703165043,0.864802465569293,0.00334775041862237,4.09616959033012e-05,0.0029712497242713,0.125533269194091,0.000469922177607298,0.0271748517197435,0.00407149334090412,0.0788776606984087,0.176451096696722,0.00681984999457991,0.00241181799567199,0.0217753616288735,0.000985683946287516,0.285301792739294,0.662830084002418,0.352229838897432,0.010659969351691,0.0846232031357494,0.0128518523877027,0.271685027200379,0.0327150790008707,0.0076028408609047,0.0295142645015549,0.00036979145209825,0.00346188540567171,0.000950134611938003,0.190678691176592,0.00390081977528346,0.00154160933401584,0,4.16494319710732e-05,0.000384414545969725,0.0903415483048331,0.00444614647771514,0.00817594951182059,0.0290820459271617,0.00619671600163674,0.0214569185462992,0.0536225203984672,0.00236594315568566,0.165432021430586,0.000260772372296095,0.0035521362550925,0.0488695133327544,0.000874318463274002,0,0.00013213533766365,0.000310660859586358,0.0405696825685829,0.000557696805384636,3.02787399332523e-05,0.00103370173849201,0.109725232164226,0,0.00020005032236588,0.000406649418333769,0.0786719760478816,0.00223755365352094,0.000404691887158275,0,0.000891369054468514,0,0.00335915388478339,0.0765006650761741
0.000109505502723694,0.144241574984269,0.000128446552469492,0.000352072181882501,0,0.00213776187435031,0.00413719609320462,0.00248960340578473,0.0169895786646264,0.00799495353811742,0.287329669199252,0.00820021931936201,0,0.00510817223343539,0.000624482414343595,0.00041097169637692,0.000320596956401825,0.0105687181223527,0.00273027256917357,0.00223032517239595,0.000395480975912094,0.0325359530994892,0.000739654889221191,0.0111868920896236,1.00200976481463,0.050992641914309,0.285943039647465,0.00141357737048673,0.00835831782989621,0.00050468968506217,0.0786949253817246,0.0018116793467555,0.000107051728473186,0.263539327049363,0.00155462073063541,0.0206650435456053,0.184423539545363,0.103561034873489,0.0144830616316002,0.00167541893813455,0.00387167533278894,0.207447173015189,0.00455902332789385,0.0301223506824745,0.0465028939412232,0.00147231192685175,0.00179666162260389,0.000784264602506875,0.0766437055641417,7.62858011057377e-05,0.075104802702533,0.000412926320545316,5.82454727535248e-05,0.000111732995169878,0.000975709400759459,0.000304395501748323,0.000763373064861774,0.0108142398474249,0.000950247645947817,0.499148139617148,0.0012576645551672,1.4426497970182,0.000776124766523481,0.000700134490225673,5.91973816390037e-05,0.000760932628917217,0.00943883645527913,0.00972604807804705,0.000101109478316188,4.04972068266869e-05,0.00764314490861225,0.000264642228479147,0.006240984677212,0.192938014074764,0.234239923425337,0.376194159873041,9.48833639121057e-05,0.00415464115434074,4.50861882476807e-05,0.258673341457935,0.0115831445749951,0,0.110873786966996,9.91764440782068e-05
0.456369794444582,0,0.0647041699776612,0.0287914015844652,0.00154994096275532,0.0940221757329785,2.68903163328141,0.92201878905039,0.0113942392716843,0.521655738596411,0.042450233560988,0.267141297123281,0.00510817223343539,0,0.0235923164406183,0.000208549072642922,0.236063772226491,0.0272713889429673,0.0326890853938899,0.112376905658739,0.237369479630823,0.000318916515751839,0.486420254602172,0.0299149733683905,0.000357037896086692,0.0227257233614883,0.0206089256465144,0.0945944437847991,1.15137221449614,0.940561579360519,0.00121538220663631,0.00322536638414311,0.0171012087968257,0.292481302913025,0.0215165057829189,0.26083697618577,0.0116257945077185,0.0990869954976801,0.026688059210943,0.0727977451304804,0.0250999185459709,0.00515192037348783,0.0242675310644634,7.27287537584305e-05,0.0025965013510263,0.000968041812842848,0.00657000232459235,0.00158701401033616,0.000829396854385018,9.41200317173005e-05,4.37318017895221e-05,0.000636514209988475,0.00250783467175424,0,4.5097309699297e-05,0.0242919488388985,0.00116589818836963,0.00501999761449433,0.00317904074427187,0.000551582614239454,0.00341991371418714,0.000217913039788007,0.00096657565649307,0.00101876599844706,0.00412689743381322,3.2917224159956e-05,0,0,0.00145412902734566,0.00198870384683323,0.000350987673040152,0.000941856269033668,0.0842689167904317,0,0.00039333497029078,0.00286421311177027,0.041258653064038,0.00159142614301598,0.0018033802969445,0,7.11212973442078e-05,0.000228161971000433,0.00142774690850973,0.00384610239599359
0.000485140585169792,0.00497077098370505,0.00147505965970493,0.0203970589700297,0.408903483938651,0.173444409819296,0.0341227306151544,0.105845116518742,0.106725200241683,0.0281987169246703,0.00905204503016031,0.19474821504691,0.000624482414343595,0.0235923164406183,0,0.00288826760559178,0.0013809653379209,0.00451174124783111,0.00152584828512835,0.0185539572421168,0.0211100950110456,0.00585863829367351,0.0142909198139119,0.131302682182115,0.000872395014491082,0.00199648233788395,0.00925995806080414,0.0521383434698598,0.0153934205879411,0.0177352258435656,0.000336341027996064,0.012938094318644,0.00129262782898498,0.0259839689742094,0.389580089240742,0.0549569693052956,0.00368169690699458,0.00464846784883499,0.00358801784338999,0.355643049715518,0.00690376091713166,0.00127462185955119,0.00628545864651155,0.000562201379031181,0.00124175720318866,0.00035272228487277,0.0343154690896593,0.00125088288405407,0.000211439299966335,0,0,0.000305149483186483,0.0131690785984999,0.00107529648805618,0.00109682837592673,0.00734045963794637,0.00117822267849898,0.00659665755105198,0.00727854507375181,0.000926753268026348,0.0217594502870219,5.26731096220017e-05,0.00071730857461381,0.010026962240115,0.00154395683868313,6.69909398632049e-05,0.000194128888331652,4.96344343893528e-05,0.00709467964469683,0.000927098191041228,0.000515508387342095,0.00149037173284864,0.0285294994065327,0,0.000762404889749527,0.00124073703192067,0.0165561487420019,0.000452721070369005,0.000607244968354702,0,0.000155184720419407,5.67529395551682e-05,0.00150945924834776,0.0544402342515842
0,0.0161769944753369,0.00197377930724728,0.000103453341672421,0.000680404172948361,0.000123434165813208,0.0075190847788893,9.27685847986936e-05,0.0224230043267832,0.000195270208132863,0.000482981847740412,8.23681290364266e-05,0.00041097169637692,0.000208549072642922,0.00288826760559178,0,0.00614454077333117,0.000931020656849146,0.00211005618193722,4.41863219928742e-05,0.61936486077998,0.583179205607325,0.700297748318273,0.609009805058158,0.00364959245971131,0.0026545947275883,0.534869460739625,0.257664905910058,0.000259999900805593,0.00180420023560846,9.26196256651876e-05,0,0.000288902685263991,0.0739419780316538,0.0565200957760381,0.670257983973943,0.322595654683134,0.0871536246717207,0.0873263574486997,0.00414416155873775,0.00600482858076382,0.000855413612854003,0.0648621419206848,0.014021571863626,0.0102956907353056,0.0045622402414682,0.012295756069816,0.00120429087774825,0.000949959768590215,0.00103191107556569,0.00143745996979499,0.00651145771592856,0.000223199702912569,7.97351009669303e-05,0.000189863242318869,0.0075350909551667,0.00447682665418255,0.0101426677592437,0.000772686792603612,0.00215418311361242,0.000450602138720274,0.000241207944970608,0.00750742021655118,0.00107741456921363,1.46581602576006,0.00123617916779148,3.868461470294e-05,0.000545890603715062,0.000309968348219156,0.220134581107323,0.289878829486554,0.667986148025217,0.137473450686876,0,0.00408732834535348,0.276347856870304,0.137590787717844,0.00980018658152829,0.0308636682449785,7.90794372508523e-05,0.000286863781127214,0.000899571431770085,0.00525674806492614,0.0179471448275881
0.0606488540847836,0.00575427924152338,2.88027245733298,0.000132095088047385,0.000114819799843788,0.0026781775798409,0.0367238969829168,0.113833498691792,0.00160348957414817,0.00395639253037417,0.0289569987047048,0.00195899153177225,0.000320596956401825,0.236063772226491,0.0013809653379209,0.00614454077333117,0,0.0268539819671,1.05541611007093,0.000835936744303463,0.275481493965254,0.00397147110880387,1.67846018833878,0.0017325944510237,0.000382368112893701,0.865075523027949,2.04541353514439,0.00708945596672607,0.273003661839874,0.212963366618617,0.000810407077995061,0.000876006119157434,0.0327499426184883,0.847738891976197,0.0215283107994777,0.231564594777518,0.126683795089422,0.229535174178595,0.124681129689189,0.00367779586613107,0.00701107175497854,0.00043433747350955,0.0177002207051276,0.0055932246254474,0.00409833783885467,0.00352123188586903,0.001297739646438,0.000587085771094918,7.11513038851023e-05,9.40411893161537e-05,0.0130702615450834,0.0897262424521119,0,0,3.90628695402145e-05,0.00122765124287486,3.6949575300932e-05,0.000614822092813015,0,0.0012014444042511,7.78275512588024e-05,0.00297700854716027,0.00034781969059968,0.000178046713919043,0.0069706723616209,0.0244384699554801,0.000747225923139453,0.0143631377314662,0,0.00529731546981633,0.00283505629997218,0.0145884401764843,0.00249947792098939,0.00096260797057474,0.149336007721537,0.369642180007189,0.00627912100156176,0.000407791075078249,0.0022382146525594,0.00312710715541244,0,0.000108292265286446,0.00387795497934532,0.00453661983285189
0.00186463645307815,0.00091860218975651,0.0133872175320265,0.00216406025697458,0.00011251503817296,0.0123755051272055,0.0263983023559027,0.0126347345386765,0.0014677315990634,0.0521483846116441,0.750674722758403,0.0579274062875464,0.0105687181223527,0.0272713889429673,0.00451174124783111,0.000931020656849146,0.0268539819671,0,0.439043745916472,0.0164320820128383,0.00639826989964521,0.000341374700171947,0.0207285967323046,0.00280553645852506,0.00156086733351398,0.588628864536227,0.121915860186726,0.00841166138923445,0.0601691763120317,0.00657862069670105,0.0152881312331021,0.00594998340934897,0.000745117290336013,0.467340987962264,0.0372250541686916,0.415511206162893,0.38758890887715,0.472305322132805,0.296528815669195,0.0101305791177838,0.00845973304821073,0.00688297780783045,0.000966540377370955,0.00158170914065635,0.000509605403856516,0.000332609467272997,9.83257854831216e-05,0,0.00105683132304072,0,0.000713086075929404,0.00177423935865999,0,0,0,0,0,0.000940577341601495,0.000108201611280918,0.0158086564872841,0.000255237140312791,0.0402225225664286,0,0.000208161636682511,0.00032921641602397,0.000371468853287578,0.00112880502643752,0.0022796123879087,0,8.59580666942596e-05,0.000188714553916931,3.56613482345343e-05,0.000196291297280788,0.0014548593878988,0.027613020247514,0.025029721253962,0,0.000141631151871681,0,0.0120737147964514,0.000175472218704701,0,0.00154421612930906,0.00935535310211673
0.00648954160351551,0.00360518890225995,0.256570215978281,0.00105591687295174,0.000255565341646552,0.00499051108627963,0.016472446759133,0.0157930879608091,0.00171387349959231,0.026020848084216,0.0742363696993709,0.0281655703165043,0.00273027256917357,0.0326890853938899,0.00152584828512835,0.00211005618193722,1.05541611007093,0.439043745916472,0,0.00988897335202885,0.0434971718555343,0.00185108424624598,0.187442693342324,0.00239028861744785,0.00195609889704728,2.05771354959851,0.886874154488773,0.00480513631404281,0.0483293538621628,0.0172692208754512,0.00838712432758714,0.00230965522572637,0.00430446328786027,1.12097957491328,0.0463323109970757,0.74400090452259,0.297653012464294,0.498178318699694,0.36764951066573,0.00564536144454408,0.0114609461544294,0.000846144810106755,0.0079779406961877,0.0038837353317473,0.00269924382140899,0.0018255399310385,0.000389926122211814,0.000566586990790129,0.000306864264164924,0,0.00753214910581076,0.0177235128334329,0.000120029546953201,0,0,5.39837910525799e-05,0,0.000365838577741266,0,0.00452486084739113,4.91824238324166e-05,0.012751283784664,0,0.000165345660640001,0.00113764367346537,0.00961411351179506,0.000792483408697483,0.0150881864924904,0,0.000923972372984287,0.000755951331667781,0.0032912131413492,0.000632483729463577,0.00126408721438933,0.153425861542669,0.146874760719978,0.000497634583324552,0.000107572712479114,0.00065041284794712,0.00723500336141205,0,0,0.00254732225479912,0.016671234369171
0.00146248096795488,0,0.000614337896040797,1.59038193533292,0.00280543013317192,0.1032522789401,0.0452056599188256,0.11337405172023,0.0776200088030131,1.14070765517543,0.0207748403857454,0.864802465569293,0.00223032517239595,0.112376905658739,0.0185539572421168,4.41863219928742e-05,0.000835936744303463,0.0164320820128383,0.00988897335202885,0,0.00148306848982167,5.46240390331745e-05,0.00122705834588039,0.137048006765881,0,0.00710888258890212,0.00138600883954525,0.380574942021951,0.134690665548767,0.00519098736070717,0.000480951841229677,0.00462851824887836,0.00165893669587457,0.10597677918774,0.0285601902001987,0.172151034157506,0.00462546562884188,0.0335705774978672,0.00745287657218194,0.0465108665720142,0.0172600462541569,0.0017967850600276,0.0222710642143511,9.67459026470182e-05,0.00323586117472565,0.000827403444560768,0.0693956494573617,0.0028557690322814,0.000279973700260162,0,0.000281909983096004,0,0.100277760036544,0.00146405690739286,0.00593166802607334,0.0400404825589028,0.00636165167667854,0.0228772084355216,0.0655851217780026,0.000788591776684281,0.082181313773622,0,0.0023747785610869,0.0183806843706385,0.000393514779485226,0,0,0,0.0402636604836614,6.03031272022724e-05,0.000347175152982712,0.000249389847740173,0.168327228559402,0,0,0.000743013212076068,0.123892459678925,0.00214876011859381,0.00025820404662919,0,0.000426983616956114,0.000154813283454895,0.00429748271100247,0.00255985496889734
0.0443939886366574,0.00558671964749909,0.321559351475376,0.000401230754778981,0.0047716549957285,0.0186145574463898,0.8756128811873,0.230788536267983,0.00740995065503645,0.00834495593791721,0.00586244417013919,0.00334775041862237,0.000395480975912094,0.237369479630823,0.0211100950110456,0.61936486077998,0.275481493965254,0.00639826989964521,0.0434971718555343,0.00148306848982167,0,0.0434919750702839,4.37445355252526,0.0523205608001711,0.000404646599659204,0.039349817482799,0.253394672168353,1.8015339265857,0.151656391516058,3.67855421050122,0.000136343856688023,0.000994017276009557,0.0431959524553974,1.54440892002836,0.288635945500923,1.82749438972127,0.260370293283151,1.1089134340229,0.482746325589943,0.0252339105432903,0.0331705284519305,0.00359033765596807,0.0735815452183494,0.00540988705636477,0.00637010220456445,0.00347837877635455,0.0202661431137106,0.00403840293487525,0.0018003979539789,0.00178876980010378,0.000287445205784321,0.00404742903390038,0.000419656158164978,3.7424876770854e-05,0.000318291193196178,0.024800010731202,0.00893379781317782,0.0129313632912661,0.00164647713099814,0.00254256725097275,0.00125767230021489,0,0.0168753621442772,0.00273623755719185,0.213576782972494,0.000702921348001719,0.000151764485981703,0.000128021785518647,0.000589363210152268,0.150860115882906,0.0409070401567446,0.0789135409249904,0.168828972960611,4.17602375078201e-05,0.00374095947669924,0.0262784650315987,0.200173540416281,0.0175093932357421,0.0423643050314379,4.44098106536865e-05,0.000215253439675212,0.00228041003487074,0.00654641300535274,0.0574444749580588
8.23310164781805e-05,0.288224140367237,0.00322881787762118,4.12006095945835e-05,0.0023062380446918,0.000282543427146316,0.000954582388568162,0,0.733156169025099,6.4250801014185e-05,0.000214642129312038,4.09616959033012e-05,0.0325359530994892,0.000318916515751839,0.00585863829367351,0.583179205607325,0.00397147110880387,0.000341374700171947,0.00185108424624598,5.46240390331745e-05,0.0434919750702839,0,0.0323207100121054,1.51598215399009,0.149275649461121,0.00563252152648711,1.38633281485985,0.0554802026515361,0.00192601840523839,0.00320277961984789,0.00761081054983234,5.13653561122417e-05,0.00111151989251923,0.0020255966065278,0.000954733064950468,0.0111145986549496,0.00226814006680978,0.00178695613905657,0.00113904705612231,0.00808598649095867,8.29080190453532e-05,7.73245995271206e-05,0.00992601066968069,0.00100372999570406,0.00145031725088715,0.00076135317594409,0.00120699570029521,0.000419010825826645,4.19046955440044e-05,0,0.0647151687122152,0.0103281259493389,0.0010636940069344,0.000163159735374451,4.55661720671654e-05,0.00166885123064458,0.000913032008623124,0.00729089712816429,0.000626168299532055,0.000841750962989568,0.000241730839096308,0.00271204237212754,0.00097736869531465,4.90390672521591e-05,0.142036918340636,0.00136727173575067,0,0.00073492469371438,7.7208040393591e-05,0.0209829078409749,0.122630067217142,0.0308342947879536,0.0505882376000976,0.00103783143602896,0.01072806340896,0.359077006730189,0.0179827713080037,0.00123813452394009,0.00229676246102238,0.000535796966169596,0,0.000231447790635109,0.000923240678600552,0.000622306773980856
0.127808377140808,0.00227669721981215,4.07469075025476,0.000637131171703577,0.0053180860773604,0.00807829151071618,0.121330726681197,0.320048306678898,0.00603636213693368,0.00511242268911612,0.0125256803331195,0.0029712497242713,0.000739654889221191,0.486420254602172,0.0142909198139119,0.700297748318273,1.67846018833878,0.0207285967323046,0.187442693342324,0.00122705834588039,4.37445355252526,0.0323207100121054,0,0.0458676701310043,0.000560014138525009,0.316323693540134,2.39777397882747,0.180777590172044,0.350469208807527,1.09319728260056,0.000229683941421747,0.00103924005873465,0.0450096275101626,1.63928875941163,0.438471239652732,4.03262619815108,1.34838886691233,2.10576941141259,1.25524424609891,0.0485208928534872,0.056208662089428,0.00582044929695773,0.0412505527131582,0.0100983685775221,0.00774119600400019,0.00587631553893054,0.0108261580536844,0.00273565270268464,0.000682505778741837,0.000568154622833729,0.00202640522622168,0.0754637038623635,0.000140672694668054,0,0.000237836379083395,0.0075512608998152,0.00213186266695309,0.00354113295669997,0.000802552151944755,0.00215725164898992,0.000460846573482871,0.000332218431828976,0.00549750895356774,0.00322707152157283,0.555106955633002,0.00390039787815976,0.000184702210234881,0.00152227434879017,0.000205703414780856,0.0957251909754752,0.0768915709829366,0.354706982550116,0.0574670966529142,0.000119431605104685,0.0152332706389805,0.769890002781041,0.0802257474676954,0.0039628184103092,0.0157822187960463,0.000220731681771159,0.000337086076951981,0.000752850303340435,0.00295730553623021,0.151645590304619
0.00151722380621338,0.352240134192038,0.00181058939569843,0.557708669080446,0.0393454940266163,0.0312331540082009,0.819204358300282,0.0363258040088427,2.67134504279362,0.0868876500626637,0.0039995000088191,0.125533269194091,0.0111868920896236,0.0299149733683905,0.131302682182115,0.609009805058158,0.0017325944510237,0.00280553645852506,0.00239028861744785,0.137048006765881,0.0523205608001711,1.51598215399009,0.0458676701310043,0,0.0817117120313868,0.00477613856270504,0.479176842138306,1.31263590624295,0.0767513598168919,0.0224784116334339,0.00251536761714065,0.00269391833544862,0.0399351381614761,0.103251039737118,0.0658530035556726,0.450599434773779,0.0247427097569058,0.0452190021704977,0.0232557037968439,0.169608219836491,0.0160380253123896,0.00133297687604701,0.420003975664284,0.00632420733620548,0.0502118833041111,0.0166665825001936,0.118322518014602,0.0389187654060022,0.00259570789610326,0.00202092422583842,0.0111527470953146,0.00199339553553378,0.19950132716921,0.00214895781599021,0.0212325834956144,0.376387296435561,0.0452325346394255,0.295997852542282,0.144654442955535,0.0071799472611872,0.103126871074483,0.000707707857185602,0.0515067058049442,0.0289640119325272,0.226867764097275,0.000706333326167464,0.000692171533192158,0.000337890432570696,0.0746937032860673,0.115800478293328,0.119387942025379,0.0562255396730346,2.33290640364545,0.00141637303758645,0.00288416172645831,0.0350823715167505,0.954405138355602,0.0597302573790692,0.0478911397355112,0,0.00621252591426945,0.00637629020952296,0.0461274180075398,0.0322144184485604
0,0.427769920437198,0.00022615133756578,0,0.000357931079246044,0,0.000153772786374689,0.000120980310231566,0.121581576901482,0.000117904248238564,0.0357424976235013,0.000469922177607298,1.00200976481463,0.000357037896086692,0.000872395014491082,0.00364959245971131,0.000382368112893701,0.00156086733351398,0.00195609889704728,0,0.000404646599659204,0.149275649461121,0.000560014138525009,0.0817117120313868,0,0.04050152914191,0.583794620297369,0.00181310800945258,0.000398181973572016,0.00011142926288867,0.0847127791900479,0,0,0.0429822309968442,0.000121868369529486,0.00199496285387159,0.00684159330854225,0.0276097886269469,0.000965027574130299,0.000867913139202116,0,0.00515450446577596,0.0039273979648931,0.00718306457200754,0.01125410218436,0.000486191757542253,0.000721213700623989,0.000197460667028189,0.00920925792830181,0,0.0681091612970805,0.00047711307677722,0.000164381956416369,0,0.000293227054679155,0.000320788400595904,0.000332234897897959,0.00460742573503029,0.00047960836940968,0.0748958252448657,0.000101825601273417,0.270955317326514,0.00015230557272017,0.000397432305007696,0.000252558936284065,0.00150493583376312,0.00233153375618434,0.00543901205607081,6.05809543554783e-05,0,0.00242864861403441,0.000464116556783915,0.00217625729889345,0.130878661913819,0.109417578523314,0.319442380920124,0,0.000432349257259131,0.000186559153387785,0.0596145488925159,0.00137299181016374,0,0.0206232032178443,0
0.00235201325868666,0.0281883722806559,2.79571721842445,0.00092815015581131,0.000346976035777092,0.00782895368469295,0.0389173947254324,0.0170683888005506,0.00481252868669749,0.0247587951682975,0.284010697233022,0.0271748517197435,0.050992641914309,0.0227257233614883,0.00199648233788395,0.0026545947275883,0.865075523027949,0.588628864536227,2.05771354959851,0.00710888258890212,0.039349817482799,0.00563252152648711,0.316323693540134,0.00477613856270504,0.04050152914191,0,3.45058364476862,0.00534321486483383,0.0342282318887194,0.0176560533379364,0.0631226565197128,0.00300874007957614,0.00193258932414627,0.432228184147751,0.07044593755126,1.28215023300551,1.20193574009596,0.595671567272779,0.454671827890312,0.00876265856872224,0.0160744093899932,0.0213509322765931,0.0752449410539755,0.0620589659008011,0.0299748798320343,0.0140732143962424,0.00152474805846346,0.00369807393929982,0.0165645187660078,0.000421504696326137,0.0808792525439412,0.144106088782977,0,0,0.000357147985909462,0.00176369941535568,0.000564398518698215,0.00358855013009977,3.14922213639021e-05,0.209331419320193,0.000263166904948712,0.736334536398705,0.00102103507434011,0.000423254644886851,0.000829171130279898,0.0779847310226402,0.027509033387546,0.124345007237453,3.22860132302046e-05,0.00209466918422925,0.00516048200435007,0.0195560318773688,0.00165043730889094,0.0458375244093023,1.4627851359746,1.6370226143801,0.00183384853144837,0.00228064395483041,0.00510067621006,0.259709883130901,0.00499831051893544,2.91770609266758e-05,0.0461625032780584,0.0186892048248331
