0,8.41866345921279e-05,0.0169158564636511,0,0.000202083698628098,0.00123893243236819,0.250876371259443,0.0861023566978022,0.000294315889067048,0.00333187454431142,0.00693978064320667,0.00158080549160818,0.00156853758191814,1.40766394940616,0.000629957415623528,0,0.0608630470281971,0.00546000516796158,0.00690016236118427,0.000246189693308419,0.00846115441744691,0,0.0262539709430981,0.000652753184897536,0.000122162004278496,0.00246978099848844,0.0100616118295098,0.00797479709583352,0.335914615544652,0.828987790216,0.00053992711243245,0.000660016533790093,0.00248792870395021,0.0270462061325962,0.000588713542847228,0.00404739642431359,0.00295490173027591,0.00577989484135158,0.00431186835933538,0.000370947693001324,0.000111326752010903,0.000841886564620521,0.000178682742368102,0.000165929632792622,0.00045938577973879,0,0.000253000600520048,0.000243326251199126,0.000151881959266055,0,4.32511519878924e-05,0.000163390491773737,0,0,0,0.000199849654602572,0,4.59356036002994e-05,8.91838951434376e-05,0,6.44555604968906e-05,0,0,0,0.000299409121207103,0,0,0,0,0.000216704967117477,8.18860302175104e-05,0.000243310306053239,0.00215859747010098,0.000101282891903508,6.02781767569184e-05,0.00102376054139782,0.00171842903102437,6.53134249924958e-05,0.000324301784737552,0,0,0,5.56429653874755e-05,0.000204789640248531
8.41866345921279e-05,0,0.00351262173077936,4.91168386769771e-05,7.44763487947583e-05,0.000386721877195483,0.00247944801822529,0.00177811639147416,0.0914240837832431,0.00136310316808408,0.0678783006871647,0.00140817764823761,0.164661945411754,0.00335634741434833,0.00307061968060494,0.0043929027129083,0.00761663458117165,0.000861927715816781,0.00462858229361436,0.000571975782387605,0.00396668686324082,0.256320977130166,0.00859201873324298,0.221135766212679,0.312956474840429,0.0329083807773909,0.753588100582425,0.00369898323929756,0.0040472996532672,0.00221333196312412,0.00935035902150371,0.00111096286710491,0.000200767742461968,0.0161397699590205,0.00239141511959934,0.0290115953825115,0.0173470972052773,0.00660979753600134,0.0145354230290874,0.000551797667228928,0.000266312306059563,0.0857790152572722,0.0477755055006748,0.020860206255605,0.0103728536278463,0.0120558947326023,9.47247379910585e-05,0.000235493463545537,0.0209201801983916,0.000130633490128541,0.231120594446431,0.0034985272437518,4.80384167770385e-05,0,0.000142669635338402,0.000989484589801918,0.000428577601549566,0.00269130362934385,0.000284238043453216,0.0194912094075904,0.000228141807589281,0.0208559535761577,0.000167427615927762,9.74965431855798e-05,0.000789399359237641,0.0344034645290555,0.00194780354116848,0.0165311182682204,0,0.0019117824884589,0.0125232407144723,0.00323655713928103,0.00632212817881035,0.0120092802158861,0.0385443636849128,0.443532274641472,0.00160979121932379,0.00229220051017025,0.000808438694667238,0.0072503732746078,0.000120750267219937,0,0.0111319198994305,0.00315267340378497
0.0169158564636511,0.00351262173077936,0,0.000741676547309991,0.0011451997919661,0.0317279273509256,0.126965191290854,0.123138110228351,0.00098492613370005,0.00931644574496475,0.0297601061924423,0.00109634487223564,0.00340947630061365,0.13816871274565,0.00406721070801328,0.01600718417623,3.1979091340157,0.0297503983930315,0.190584920985145,0.00073478659403016,1.18740164650357,0.00632036357533103,4.64962372890201,0.0158179472532965,0.000781980133219743,2.81069308593705,1.57620852020935,0.238259698317278,0.0498826164272023,0.0831332957342094,0.000435687537699956,0.000631181595519885,0.011936041129244,0.181669170030611,0.07030669233848,0.56971745102489,0.319250728960593,0.133411442440843,0.299610435015803,0.00392770051947493,0.0034250590672676,0.00183564811586742,0.198120697626395,0.0288499393104129,0.0605658192503769,0.0619314329672565,0.00320342861720356,0.00179187900823442,0,0,0.0125031119896597,0.106193126493866,0,0.000231527058387208,6.97973481723279e-05,0.00292825669716833,0.000296972499017179,0.00017494899649576,0,0.0038178855809718,0.000194815582327616,0.000338580264373076,0.00039714951608558,0.000160293676489681,0.0188478078429455,0.241683210991439,0.0041984388503787,0.0396551911282948,0,0.0102973865016678,0.0205003176899025,0.0644032999952009,0.0325968519908767,0.000369021137007594,0.126029603428482,0.678345626402944,0.0313577897627718,0.00176100581238041,0.00946482799408076,0.000323706183908728,0,0.000513935610272026,0.0419031059222853,0.0334022232130445
0,4.91168386769771e-05,0.000741676547309991,0,0.00274864941260395,0.025150767873409,0.057450786517349,0.020497976750812,0.256177047204872,0.690711273825462,0.00237361862052244,0.59030321961218,0.00525907329220168,0.00947656657235687,0.0360018532307997,0,0.000190192113450613,0.00172911652542904,0.000793338895773876,1.68340136555851,0.000185389434042513,0,0.000337143103583747,0.398399937090908,0.0050782537511504,0.00106759204584365,0.00058134983390581,0.901725106841599,0.0149822368876448,0.00117054118593377,0.000235752326461333,0.00383977753771711,0.000448679174140406,0.00941114550907281,0.00664889543466782,0.0974564273939804,0.00358723562295996,0.00265055358912855,0.0056739047428845,0.0130693138787417,0.00582295275440496,0.00481315231291738,0.0306486309690188,0.00254712017818635,0.00991489733214763,0.00328782217685818,0.0272039014348572,0.00232093215704693,0.00121739773294857,0,0,0,0.15722402974902,0.00401806267826436,0.0338380122696402,0.0873119143184025,0.0606114434786744,0.0553179484426529,0.160180979516178,0.000325106999935905,0.0954753097929971,0,0.0140633040210865,0.0105571627330256,0,0,0,0,0.0659309761800341,0,0,0,0.321794651418251,0,7.80185035443485e-05,4.22155194076896e-05,0.384716051212067,0.00577623451600609,0,0,0,0,0.00333198902811186,0.00106540290102148
0.000202083698628098,7.44763487947583e-05,0.0011451997919661,0.00274864941260395,0,0.237815831499161,0.0170587441504487,0.0188750061887513,0.0254428655560241,0.00720296049088467,0.000486966828604389,0.0575674070186773,0.0010406262077448,0.00354148269909683,0.404836325464056,0.00116804112543574,0.00109647892441199,0.000454426501982099,0.000145523019439387,0.00447868638759292,0.010692174199861,0.000673671284890044,0.00879810306457352,0.0301852386449918,0.0077172481754543,0.000507569942288125,0.00257567918377557,0.0285570517685425,0.00375944090774041,0.011146854100576,0,0.0924026434641701,0.000229607504371065,0.0613936676298351,0.0757635665076203,0.052486149003522,0.00575982634723726,0.000657017572609708,0.0031780747497409,1.06422103772824,0.183239213991192,0.00406611571264754,0.00719950317888236,0.00402742239088642,0.00141663225257396,0.0069834603631635,0.0174839922578696,0.000814549655937123,0.00149964668179539,0,0.000151056498475385,2.94302554993808e-05,0.00699834898788925,0.00182917707349945,0.0113270429453417,0.00392113605547025,0.00292399836284181,0.00376621475630111,0.00579507707728483,7.13435505825877e-05,0.0112942329521238,0,0.00156069323268913,0.00499676058957337,0.00119099507974949,0,0.000390234131740504,0.000285871367187256,0.00472047525730885,0.00220463430166286,7.16408314717769e-05,0.00353607517008853,0.0171051693815117,0,0.000554301072246981,0.00226515574824443,0.0116464778544674,0.000658281955201399,0.00202239037403067,5.26822632668853e-05,5.20048072664202e-05,0,0.00083240126135997,0.0537898604417889
0.00123893243236819,0.000386721877195483,0.0317279273509256,0.025150767873409,0.237815831499161,0,1.04004865311967,1.52659395857091,0.181945594725211,1.40375124832553,0.020901484067436,1.38940343705891,0.0176512966668628,0.14339683050275,0.48642642292488,0,0.0282001286002462,0.0156333222205509,0.00638982424671095,0.0587828373377238,0.0177406125923127,0.00088659499341436,0.0315909430255639,0.131730359855716,0.0342716357079606,0.00966636654083509,0.0101405213567055,0.201956240803736,0.0686017730120032,0.0957369694756467,0.00178026225312204,0.0420462693510675,0.0030520589831516,0.0510783574224229,0.365722350675093,0.319343063305582,0.0183733799915113,0.017138058703175,0.0323697221426313,0.788505597661491,0.032004414432559,0.0310577572112977,0.0657823217730462,0.00722911479146881,0.0182329605458199,0.00837614546121882,0.157053455756324,0.00487637554247277,0.00999694012451697,0,0.000141511636843326,0.000252759210765499,0.0911172273449837,0.0211483615510184,0.112189094342075,0.0571299016903394,0.0754169141366055,0.0353336694084575,0.0852985221896808,0.000372206753209913,0.120530470366301,0.000495621908555997,0.0311422327165825,0.0421664941985929,0.000365031075726664,0.00010862123823477,4.83042670014739e-05,0,0.0584326907231867,0.00055759122670336,0.000153830073722899,0.000914131720055211,0.224604815727328,0,0,0.000488413849371233,0.192151520713535,0.0120781266299808,0.00831161485927643,0,0.000844281324079229,0.000123695263787448,0.00651410002186994,0.0446291994542475
0.250876371259443,0.00247944801822529,0.126965191290854,0.057450786517349,0.0170587441504487,1.04004865311967,0,1.26250662089087,0.0378584730152109,3.12473421217356,0.0879766811879068,0.0628786402153717,0.066517484691589,2.35745996657458,0.101500620477113,0.000923829270761362,0.0747622916730644,0.0970411674437838,0.0379101156901714,0.024276640206691,0.0909663954647659,0.000637949004412651,0.140098151177776,0.595685991128852,0.0358952670792113,0.0629043374951185,0.0492051067359447,7.70856059771846,0.723296308886324,1.36126948893702,0.00785893079110437,0.0547158336745694,0.0862486536215715,0.285681836403742,0.206892405382022,0.90410348935928,0.0901503931038448,0.148867195504837,0.124586881435807,0.0749645330628777,0.0785102502665959,0.0689654140876065,0.0569662460402265,0.00476057095245041,0.0227954898721212,0.0150044055227426,0.0226070895461544,0.00511865828142208,0.00624640901077667,0.000302548107270277,0.000688396492651463,0.000104741235621795,0.0119350309717359,0.00136006262777212,0.0130240375465367,0.0580224671409552,0.0608183517281113,0.0124656792610122,0.0161121535066502,0.00111030494036316,0.00967670897758877,0.000725824737490708,0.0258689896734287,0.00332581123756217,0.00160602794974987,0.000376646603537106,0,0,0.00641344434726667,0.0020002156244266,0.000443562381225908,0.00236504870603495,0.20397890463384,0.000661700966581902,9.3960622738659e-05,0.00451739321212017,0.152233861919851,0.012791599663864,0.00838148703863942,0,0.000106589491218817,9.35004285189983e-05,0.00742118912646429,0.0186874596419781
0.0861023566978022,0.00177811639147416,0.123138110228351,0.020497976750812,0.0188750061887513,1.52659395857091,1.26250662089087,0,0.068601806476762,1.27286385224369,0.0465782337421112,0.614066866881614,0.0163177047415371,1.87770338942672,0.0439572173353296,0.000381078388388023,0.234985837411401,0.0310612202001827,0.0343416604064823,0.0858141255981578,0.0606311039364566,0.00142689032087626,0.138527185870384,0.250934432393485,0.0477607298219548,0.0153176713351149,0.0419966099703671,0.412032528097977,0.163745845957524,0.803543633319526,0.00244517541359423,0.0949779051379184,0.00844367875758876,0.129271569192053,0.0166830803663912,0.284343856573278,0.0291175999103332,0.0413913903508612,0.0573664023409311,0.113097586775975,0.0474366041257073,0.0407617347818368,0.0977178182901709,0.00863397856311721,0.0238358608695181,0.0108240803385332,0.0691985954218744,0.00727495157525974,0.00911018479217243,0.000353525017381454,7.0334603262636e-05,4.40393829899132e-05,0.0162592493648637,0.0039816280150226,0.0245347003741166,0.0957269900855636,0.0738048188925976,0.04129664467417,0.0221330567563683,0.00157107164014673,0.0232266157998956,0.000547191204551679,0.0246750357985218,0.011171115256139,0.000849875444544014,3.80924767835766e-05,0,0,0.012593476937994,0.00303488934198574,0.000735366337726781,0.00288262617833727,0.496029590234557,0.000184282407695031,0.000158782527974197,0.00225746948137252,0.292669961235491,0.0112480556458313,0.0236999889246697,0.000134425681977207,0.000394946252401471,0.00062492574661113,0.0165824519858096,0.00249814154544267
0.000294315889067048,0.0914240837832431,0.00098492613370005,0.256177047204872,0.0254428655560241,0.181945594725211,0.0378584730152109,0.068601806476762,0,0.0876307795002783,0.0318099262293559,0.643740692718591,0.158501053614231,0.0235876857146127,0.120867244389388,0.0137965948295397,0.00242069845825545,0.00567600892516301,0.00195705056449135,0.0893374359724097,0.0060963545236539,0.74963409496803,0.00541306635748944,2.96824586535972,0.16138546937971,0.0121899337020073,0.373415625145233,0.354145692397142,0.022568080255265,0.00161050417173229,0.0153455656686914,0.00853102556998352,0.00314934342069141,0.0179703412988621,0.00944688463683633,0.0512433094823293,0.0129820280916133,0.00591213471324733,0.00977822142874063,0.0961795825314895,0.00556683297823528,0.0365227949724154,0.0300248169843804,0.00688770865216089,0.0108986713471557,0.00407682910996859,0.0247217644469837,0.00223672790749373,0.00687863014081678,4.01699297949851e-05,0.00380193409565453,0.000246706455879128,0.135691554154061,0.00533011536902092,0.034845683711435,0.0634888766955874,0.0355605910823351,0.374971957735022,0.0780104946021945,0.00763877249704864,0.0619922069519927,0.00999926537272334,0.0164566383059749,0.0167677836144198,0.0566954922873694,0.00134675910261563,0.00156095475557406,0.000887872181997187,0.0379637867749623,0.03291022844623,0.0502696277740724,0.016093443239719,0.838485527443618,0.00480513099506141,0.00312941991445377,0.0240928396959234,0.377309443288307,0.0130878602201852,0.00467007534291148,0.00269181480060075,0.00041201550907023,0.000337235764880016,0.00486338890325375,0.00348507621743898
0.00333187454431142,0.00136310316808408,0.00931644574496475,0.690711273825462,0.00720296049088467,1.40375124832553,3.12473421217356,1.27286385224369,0.0876307795002783,0,0.0725875497598665,0.82014671402489,0.0483836573889914,0.376601389650611,0.0487930582559702,0,0.00976625429603894,0.0695049997265008,0.0247874100405121,0.657884211045301,0.00663064663570982,0.000215027543637728,0.00900789552490443,0.0413359301666711,0.0342574874641302,0.0360604927565498,0.0134253057803518,0.384943860457504,0.234797928390046,0.0252394662703984,0.00407684730924274,0.0530478655074192,0.00448258940333963,0.145584988072984,0.0480468372369549,0.687199221731474,0.055356236150903,0.0368830370744206,0.0496906779706672,0.0532106076194911,0.0482508881318956,0.0573781187202002,0.0214042971756665,0.00315419040276566,0.0118475321743765,0.00521842057311829,0.0422297105361878,0.00319493371971337,0.00476831955256971,0,0.0003615825528687,4.64741886751771e-05,0.12248000116381,0.00633753725290228,0.0376422855856735,0.0700908578853805,0.0531140548543815,0.0269675165711573,0.131868737713973,0.000357805831869954,0.0830307455039215,0.000646432462568647,0.00764202678592848,0.0145247744220624,8.49758484136282e-05,0,0,0,0.0535716882083122,8.63006866274445e-05,0,0,0.213363874821727,0.00027298341575709,0,8.57816528147045e-05,0.279567519123162,0.00060355265498566,9.90826720259961e-05,0,0.000134412196324843,0.000126933023208332,0.0050503818757325,0.00462521634226163
0.00693978064320667,0.0678783006871647,0.0297601061924423,0.00237361862052244,0.000486966828604389,0.020901484067436,0.0879766811879068,0.0465782337421112,0.0318099262293559,0.0725875497598665,0,0.0598134914776349,0.979133188507354,0.249338576400425,0.00454136859213851,0.00707338050011434,0.232728926457537,1.56025937382398,0.218316414566096,0.0169720658411068,0.0686915198206708,0.0314966773351698,0.199649526127951,0.0467699386029925,0.154604318401821,0.329372546306674,0.129478839654475,0.0516002885454275,0.403537661045855,0.0737629769497196,0.13377054310315,0.04935347066599,0.0168501224897143,0.776506583887431,0.00957191627596475,0.137641213238849,0.393509498819679,0.126931823427785,0.109844699716982,0.00586684443087326,0.00197597861150623,0.407838277261436,0.00855606212610926,0.1719407988977,0.0210178491603856,0.00229625643502527,0.00184845485755963,0.000472792630516344,0.170088609470362,0,0.0174006393133477,0.00186538381063559,0,0,0.000250324449087077,0.00033776262702105,0.000555302677758729,0.00587760879545226,5.16027754234314e-05,0.427629866402704,0.00062328769947601,0.537177157507971,0.0045950450751021,0.000166613714267689,0.00298350234433459,0.0042556435330332,0.00300730577739565,0.00119550802299704,8.44691487408756e-05,0.000216361004747826,0.00461065649021044,0.0045009186468055,0.00715238299665419,0.0773939740011186,0.015843634475035,0.149229595162086,0.000823051809666652,0.0677300784640413,0.000213373199301982,0.0786173366048444,0.00290605233095934,0,0.0997400736340952,0.00270202991578007
0.00158080549160818,0.00140817764823761,0.00109634487223564,0.59030321961218,0.0575674070186773,1.38940343705891,0.0628786402153717,0.614066866881614,0.643740692718591,0.82014671402489,0.0598134914776349,0,0.0282408422504702,0.18397843282481,0.430804060907794,0.000135426842530883,0.0056602009339346,0.0563552101781638,0.0176730094204115,1.08651392269584,0.000749194847399023,0.000593352387225992,0.00235599948613409,0.15869117982988,0.0304071663368278,0.0321569242618935,0.0109188417122205,0.137232283247528,0.121394668177527,0.00804735390528108,0.00421085065755368,0.0489436119811611,0.000417652382182387,0.0687837218737573,0.402785207565123,0.242942643583483,0.0385104122275484,0.0122079934231223,0.0308695682110776,0.203653358418724,0.0260769666828187,0.0499251123215372,0.0240774157597428,0.00206260545973558,0.0109425646885495,0.00546945414357375,0.108762357098322,0.00291476968303774,0.00464066789273575,0,0.000408542968255627,0,0.225249297476591,0.0238780514786082,0.144979922064251,0.0226495117705903,0.0508480006991156,0.0941291131980651,0.162733921486673,0.0018283497253042,0.306894520467904,0.000609987716870337,0.0153557723541155,0.0531050793043796,0,7.98166720202744e-05,0.000426060994478801,0.000155928271070838,0.141039711475212,4.89720806138098e-05,0.000234202733079386,0.000171805441055453,0.119430541862868,0.000202837271796924,0.000109115469302183,7.17482472843647e-05,0.157594564247109,0.00450747814048181,4.03328797978252e-05,0,0.000469914018270556,0,0.00448321360128153,0.0534011489419049
0.00156853758191814,0.164661945411754,0.00340947630061365,0.00525907329220168,0.0010406262077448,0.0176512966668628,0.066517484691589,0.0163177047415371,0.158501053614231,0.0483836573889914,0.979133188507354,0.0282408422504702,0,0.0484768156227489,0.00837441342280293,0.00228770164177778,0.00262263154346552,0.00868454250568508,0.00122895922769106,0.00940506411551137,0.00547542324878724,0.169270283636177,0.00498603329586941,0.212572511593583,0.741484265270034,0.0271595774914004,0.493035960796062,0.0452642373033544,0.0695295755701041,0.0243846913118345,0.133635795919406,0.0244131319439074,0.000650795755659056,0.213347827147231,0.00965343124293225,0.0922533996515397,0.214785691581521,0.0367491771786364,0.0337311656586655,0.0334063128569201,0.00394553513336697,0.323195582107699,0.0168090547714384,0.271621510846427,0.0238951213587072,0.00512448373852277,0.00566477184886251,0.00086968492416342,0.175488462335804,0,0.0351824988858087,0.000571324454227388,0.000237618397495044,3.6304481222713e-05,0.00129603092895686,0.00282448094721999,0.00134354508733104,0.00877729113108818,0.000933505810645103,0.562310095698699,0.00107847668356769,1.13977796901221,0.00463415627605911,0.000928433388851848,0.000631023241787249,0.000201226332876706,0.00606453317348786,0.00175507984120692,0.000284163217152232,0.000270657820385653,0.00946670649215772,0.000511072143714487,0.0234165656312307,0.208257755999105,0.0284430800903981,0.447316167821602,0.00828510121837606,0.0511408766427381,0.00159394774880114,0.190947479191712,0.00191156615571144,0,0.071449355876765,0.00354212411593822
1.40766394940616,0.00335634741434833,0.13816871274565,0.00947656657235687,0.00354148269909683,0.14339683050275,2.35745996657458,1.87770338942672,0.0235876857146127,0.376601389650611,0.249338576400425,0.18397843282481,0.0484768156227489,0,0.0167512771808167,0.00146957186785505,0.389620661311127,0.19343259202495,0.113311848151931,0.0482984828179017,0.0879942198129994,0.0030980031803103,0.212004763027795,0.090274743854439,0.0335475728968663,0.1121666463711,0.122154082145951,0.247079278268504,2.0171290799674,2.3724000853422,0.016316237389609,0.0297119603402941,0.0181013163089805,0.326720004215809,0.0157815800305407,0.174734513013603,0.0764701829502998,0.0617567140849843,0.0565228747000379,0.0265074360651773,0.0180758127864711,0.0540167845898289,0.0251628587068999,0.00446781718649126,0.0123648001832288,0.00630818330526757,0.0186674367145043,0.00353365119742097,0.00705991827650496,5.24815089416206e-05,0.00147675209760166,0.000738889699109853,0.00235911981818574,0.00104171311807568,0.00377560205632369,0.0198151007527332,0.00606422211112254,0.0128572518168567,0.00175788748019525,0.00305092133782113,0.00613649337239405,0.00230140286165846,0.00396440062710024,0.00261222623315828,0.00190025124597574,0.000933401925159204,0.000133400014501977,0.000462654832914251,0.00142040924005858,0.0040515028543547,0.00090984135852674,0.00152710583659726,0.191455261239646,0.00105064031189228,0.0028823299047158,0.0152467900519632,0.110219609883863,0.00602342722304521,0.0204070680368196,0,0.000341839440457249,0.000389427711243636,0.00809357427471356,0.00291051758056906
0.000629957415623528,0.00307061968060494,0.00406721070801328,0.0360018532307997,0.404836325464056,0.48642642292488,0.101500620477113,0.0439572173353296,0.120867244389388,0.0487930582559702,0.00454136859213851,0.430804060907794,0.00837441342280293,0.0167512771808167,0,0.00139149065944996,0.00438448876355983,0.00204701575955913,0.00168361747703957,0.0364775286737705,0.0114328698004269,0.0137178114504025,0.0108495818416175,0.318562028021272,0.0122194113675449,0.00285896773070806,0.0252507416082036,0.158087755748219,0.0211390177566491,0.0348704141608548,0.000835976753737482,0.0218780165805039,0.00143181176008298,0.0187194071010855,0.124671940513383,0.0504737643625595,0.0131492708592445,0.00357774729545141,0.00914310604935682,0.285326044417883,0.0527734790508445,0.00772433921066589,0.012159071938153,0.00467291620706581,0.00271893713436556,0.00881115237198084,0.0367463346764497,0.00145110819815468,0.00223664147072083,0,0.00021435316811623,8.17942808408082e-05,0.0171938117651252,0.00454822084377855,0.0277913895044959,0.00862339742102638,0.0117429711638881,0.00914020613046483,0.0150922117470132,0.000381585833732271,0.0311540494387866,0.000102927183120596,0.00560455329893219,0.0116593065580188,0.00269392661806641,0.000375607328168285,0.000223681410956347,0.000304574148065668,0.0133093863275811,0.00431932903735398,0.00101937672644992,0.00475245450158052,0.039274195032702,8.52764395952941e-05,0.000661833527415258,0.00323278422242932,0.0306456162778371,0.00268140961742439,0.0026855433537112,0,0.000165539470572952,0.000116924615502119,0.00189734339851766,0.0383314037098607
0,0.0043929027129083,0.01600718417623,0,0.00116804112543574,0,0.000923829270761362,0.000381078388388023,0.0137965948295397,0,0.00707338050011434,0.000135426842530883,0.00228770164177778,0.00146957186785505,0.00139149065944996,0,0.0191174605886134,0.00588317450705547,0.0114816971572051,0,1.31574386856336,0.681170155941053,0.53924471009713,0.445854326753099,0.0112247870572636,0.0172570718626352,0.9516853641423,0.230340508123224,0.00366473672338956,0.00481105865560867,0.0003384335357813,0,0.00120285928533654,0.0298459392550282,0.0577527303568874,0.256533091900024,0.0630940303460527,0.0564277106490738,0.10045887248117,0.00448544124964596,0.0007913479724387,0.000315933538939717,0.0376820611970471,0.0040619839835617,0.0160363318197876,0.0151540381700537,0.00165404492786019,0.000221559405906683,0.000150593280007723,0,0.0109314576646924,0.00556208413630918,0,0.000636053121188057,0.000715796040185336,0.0164940845398334,0.00403809570775337,0.00729371110785104,0.000475256788765472,0.000732558016632387,0.000889995932651593,7.67438135722429e-05,0.00422066617104564,0.00100615135500067,0.928925162772763,0.0147674610802593,0.000628496752735546,0.00206752149587999,9.51996011581777e-05,0.138453442668249,0.136777653409486,0.673643262547898,0.193704251162358,0.00192751229664218,0.00539610585395231,0.298309384739749,0.0905385228675006,0.00211150705850168,0.00993770940106709,0,0,9.26591203754242e-05,0.00729503834199295,0.0162773901612512
0.0608630470281971,0.00761663458117165,3.1979091340157,0.000190192113450613,0.00109647892441199,0.0282001286002462,0.0747622916730644,0.234985837411401,0.00242069845825545,0.00976625429603894,0.232728926457537,0.0056602009339346,0.00262263154346552,0.389620661311127,0.00438448876355983,0.0191174605886134,0,0.138170303786143,0.757341759973896,0.00186671032599907,0.3867436131822,0.0142188903858852,1.98780893400788,0.0140034020686044,0.000997096729592663,0.54474435177817,1.63040969857108,0.12302845845744,0.295818002416705,0.478888859273333,0.000169175499251801,0.00148227119373468,0.0736921193544732,0.871943177632804,0.0278123830664437,0.282304078858677,0.400856763386921,0.110495351504256,0.135566413964721,0.00323064597396517,0.00394490887932761,0.00327993685970374,0.0888909808136238,0.0156270417742621,0.0261065614505639,0.0254454092297478,0.000754714305366075,0.000695910704993802,0.000283986671479922,0,0.0120729988060179,0.0482153698891429,0,6.8076692859596e-05,0,0.000609709446937054,4.77649191413284e-05,0.000203478820658835,0,0.00163225839439544,0.00011253471783067,0.000782231893920145,4.01197595498532e-05,0,0.00818993242200752,0.107782949119497,0.00264577676618518,0.0289577177711645,0,0.0026997759708825,0.0122598450034531,0.0240287657749877,0.00709323071540084,0.000262981186122581,0.093198238688546,0.422414882125876,0.00497238575700197,0.000256727087708223,0.00269118196264881,0.00108535488946544,0,7.29796760855913e-05,0.0183494475939538,0.00764080579408338
0.00546000516796158,0.000861927715816781,0.0297503983930315,0.00172911652542904,0.000454426501982099,0.0156333222205509,0.0970411674437838,0.0310612202001827,0.00567600892516301,0.0695049997265008,1.56025937382398,0.0563552101781638,0.00868454250568508,0.19343259202495,0.00204701575955913,0.00588317450705547,0.138170303786143,0,0.670299035894137,0.0182384203891845,0.0531134461419585,0.000349084922571803,0.103889057096269,0.020882434744898,0.00488683710574869,0.65549356052014,0.134423734598642,0.0507052631514401,0.267715640908821,0.0626743543727892,0.007885857093945,0.0213753558728582,0.00651601386477587,0.282745049173321,0.0354385034814029,0.518357984848903,0.428099001458303,0.189642347886122,0.315311467149297,0.00330972149985994,0.00189871234625648,0.0142745625815954,0.00682952142629186,0.0265912801725118,0.00345671078083559,0.00222062911416127,0.000624479143171289,0.000248324245197809,0.00381400646094049,0,0.00412866097034448,0.00136062362210906,0,0,0,0,0,0.00218117536883286,0,0.0151696239634005,0.00033101752470772,0.0350607572226644,0.000105551448041582,0,0.000963681654516244,0.00225007391636688,0.00486280262943069,0.00186781739390857,0,0.000127022244636422,0.00130843527452722,0.00168042992698101,0.000446573999263125,0.00531697171827797,0.0306886721494619,0.104930641127608,0,0.000290230728999746,7.36665397710264e-05,0.0386439579902675,0,0,0.00140659213793781,0.0158066254320417
0.00690016236118427,0.00462858229361436,0.190584920985145,0.000793338895773876,0.000145523019439387,0.00638982424671095,0.0379101156901714,0.0343416604064823,0.00195705056449135,0.0247874100405121,0.218316414566096,0.0176730094204115,0.00122895922769106,0.113311848151931,0.00168361747703957,0.0114816971572051,0.757341759973896,0.670299035894137,0,0.00558058737305049,0.098261800572008,0.00358981569767673,0.242399663068516,0.0124814872962474,0.00045777984537448,1.36434999694044,0.383628978139006,0.0401471974004537,0.151412448692736,0.0651154886233792,0.000431414297277993,0.00273934342744677,0.00996921478699451,0.485059964875608,0.0258001077702604,0.38093509987957,0.414123811017497,0.134709538437329,0.218742101033008,0.00146471410899407,0.00119379354331119,0.00144818589444889,0.0206843696924398,0.0115922118362847,0.00556507455282767,0.0064800017063381,0.00068232192992987,0.000331646910567365,5.98002575590789e-05,6.51490741051734e-05,0.00730742302872888,0.00704530988001697,0,0,0,3.89793711262017e-05,0,0.000531443866976193,0,0.00164147883025103,0,0.00317394840660361,0,0,0.00330252115409672,0.0172664329248005,0.00259065285416904,0.0116219986816727,0,0.000898201644066768,0.00260092255250185,0.00525018940111797,0.00095919327686604,0.001796976232773,0.0561917263087602,0.185184913293851,0.000318315587755448,0.000154529029510688,0.000526117437688744,0.00732287375529712,0,0,0.00395807118408209,0.00995781747933612
0.000246189693308419,0.000571975782387605,0.00073478659403016,1.68340136555851,0.00447868638759292,0.0587828373377238,0.024276640206691,0.0858141255981578,0.0893374359724097,0.657884211045301,0.0169720658411068,1.08651392269584,0.00940506411551137,0.0482984828179017,0.0364775286737705,0,0.00186671032599907,0.0182384203891845,0.00558058737305049,0,0.000818864859328115,0,0.000341799232872265,0.0377730538956534,0.00846792610233788,0.0137322276543409,0.00532585788549336,0.43605897335305,0.0473215216317374,0.003513189976466,0.00122608564444941,0.011962964471402,0.00042862695522329,0.0227255487609293,0.00866068967983308,0.131688505879412,0.0125619259560882,0.00560899208576069,0.00860735299081325,0.0220307262253511,0.00928358818279512,0.0164242898027337,0.0101053678744451,0.00146470791136377,0.00447077151495418,0.00186189971802487,0.0243585088493161,0.000713165619196066,0.00185716029111821,7.7430215185833e-05,0.000253474439305669,0,0.0854458357937499,0.00460962595997912,0.0297114040033479,0.0251985540918621,0.0234152361625191,0.0188144621299872,0.0739865232254423,0.000495875857374394,0.0779825475826485,0.000328409955493766,0.00521824287593361,0.010363576200685,0,0,0,0,0.036283825459732,0,0,0,0.0896538223833194,0.000251736951375729,0,0,0.130015411228063,0.00104556752337534,0,0,4.54007248794794e-05,0.000199132839371252,0.00218528094318538,0.000768267740490756
0.00846115441744691,0.00396668686324082,1.18740164650357,0.000185389434042513,0.010692174199861,0.0177406125923127,0.0909663954647659,0.0606311039364566,0.0060963545236539,0.00663064663570982,0.0686915198206708,0.000749194847399023,0.00547542324878724,0.0879942198129994,0.0114328698004269,1.31574386856336,0.3867436131822,0.0531134461419585,0.098261800572008,0.000818864859328115,0,0.0500211288314898,6.82009589243029,0.0480576140994772,0.00275411902304271,0.0753159880692938,0.447475311599301,0.722394804998143,0.10668522195078,1.18177710367346,0.00117670173069089,0.00154298546363058,0.0407311388828758,0.791606299189797,0.3301839369461,0.937652055610372,0.231203920204503,0.470783954750053,0.655263507270462,0.0158076738094925,0.00807095843719391,0.00224793676562897,0.0373086353418414,0.00545340173100833,0.0143028530696565,0.0169817152996687,0.00735962787887662,0.00102730799652709,0.000178220250013339,3.10539099522203e-05,0.00530524091454392,0.00564812983995742,0,0.0010086874864405,0.000348801667641208,0.00574039596700632,0.00116279275450736,0.00794413950172443,7.23402860037804e-05,0.000347008144331977,0.000179719700043225,0,0.00106317660464503,0.00168498377703338,0.289403243043528,0.0206345229440511,0.000358559874445099,0.00192403460947185,6.24657422224223e-05,0.207932490576982,0.0376082975146164,0.260991414737404,0.172283538505452,0.000593224087721873,0.00657269266566399,0.154355896991961,0.115274983939802,0.00262646647573743,0.0234730668156133,0,0.000105865686234033,0.00046262621379776,0.00793236064007369,0.0575994264827581
0,0.256320977130166,0.00632036357533103,0,0.000673671284890044,0.00088659499341436,0.000637949004412651,0.00142689032087626,0.74963409496803,0.000215027543637728,0.0314966773351698,0.000593352387225992,0.169270283636177,0.0030980031803103,0.0137178114504025,0.681170155941053,0.0142188903858852,0.000349084922571803,0.00358981569767673,0,0.0500211288314898,0,0.101280045704746,1.22744585841427,0.20803169809642,0.0183368328785632,2.20301392229213,0.0477186006366373,0.00387451723341796,0.000793549561417973,0.0110342955237023,0.000989866349159524,0,0.0140625688476675,0.00339405095376935,0.0335777380861919,0.0174391089238807,0.0091780740329973,0.0125491813007161,0.00198569169418291,0.000379560976231974,0.0417642265180462,0.0350103408937149,0.0118757182782076,0.0124186839017476,0.00955344080509622,0.000729637681010377,0.000131879763904595,0.00802578381213607,0,0.0186701689746613,0.00330941037881883,0.000231035888240164,0.000125569632555771,0.000795607507174087,0.00333584347986319,0.000879759650181087,0.023515816013333,0.000161933122064459,0.00796007243326798,0.000194364487745029,0.0132081108019341,0.00122153129076319,0.000745079843358117,0.300488343483933,0.0199881133552612,0.000494733679339153,0.00421121854497663,0.00010522755034723,0.0225175049247043,0.24090027889976,0.106048481303359,0.122684709369396,0.00809778230188478,0.0119068864739295,0.375584499418328,0.0298883599538936,0.0009515920703308,0.00146093559593891,0.00300399783195083,0,0,0.00683774101942098,0.0044289215799447
0.0262539709430981,0.00859201873324298,4.64962372890201,0.000337143103583747,0.00879810306457352,0.0315909430255639,0.140098151177776,0.138527185870384,0.00541306635748944,0.00900789552490443,0.199649526127951,0.00235599948613409,0.00498603329586941,0.212004763027795,0.0108495818416175,0.53924471009713,1.98780893400788,0.103889057096269,0.242399663068516,0.000341799232872265,6.82009589243029,0.101280045704746,0,0.0970090692147895,0.00694218473700561,0.180074664023232,2.67551123938942,0.714529655018274,0.176082779449586,0.633283398057486,0.0019455918257258,0.00222556057959358,0.0438202171186081,1.43935096357616,0.591417757243105,2.16759238635292,0.68388700415618,0.878080891976259,1.44954535837334,0.0355266185603622,0.00721782460868888,0.00326388278954726,0.207672764594103,0.0249054818508295,0.0940366412339003,0.0806951202934458,0.00700209639299651,0.00309760242466573,0.000394787289907515,0.000224515475084702,0.0149435409059146,0.0322708038263823,0,0.00426354538209143,0.00180337005046708,0.0415564454637908,0.00778507915121985,0.00334226678458647,0.000583732845982423,0.00301709861513967,0.00072618883054592,0,0.00942096800009408,0.000922228844586821,0.845214822719203,0.0983717052746901,0.00323387533785847,0.0125318753116836,0,0.111139294780906,0.0904239169065131,1.14973219019615,0.129789584852709,0.000917584807400664,0.0283163835770745,0.880087739561406,0.0871522618582787,0.00138010965143701,0.0127270912413701,4.53306806553662e-05,0,0.000419059897028902,0.0434405006637572,0.174883364779055
0.000652753184897536,0.221135766212679,0.0158179472532965,0.398399937090908,0.0301852386449918,0.131730359855716,0.595685991128852,0.250934432393485,2.96824586535972,0.0413359301666711,0.0467699386029925,0.15869117982988,0.212572511593583,0.090274743854439,0.318562028021272,0.445854326753099,0.0140034020686044,0.020882434744898,0.0124814872962474,0.0377730538956534,0.0480576140994772,1.22744585841427,0.0970090692147895,0,0.239223517062887,0.0414372921217566,1.68723760442535,1.32380912320281,0.109764660103853,0.0342000233000193,0.0170915186765964,0.0260722704388486,0.0338190466970129,0.0959182711312145,0.122155206844712,0.446505287443958,0.07993860299352,0.0747952555924377,0.0739376900133093,0.0536368143328491,0.0224653221219846,0.0640372507062692,0.43400670388551,0.0222268749240685,0.154246723634101,0.0655194845039672,0.120738151459015,0.026914520223722,0.0224668995081323,0.00120803432130692,0.0101902933570276,0.00446303006594676,0.123725726778411,0.00689028068829445,0.0717151258865061,0.425579995246953,0.381405084479927,0.420250018455479,0.133497878485182,0.0152769550310339,0.0451804518840339,0.00927903973580504,0.232604086140601,0.0160438261630406,0.285532523383017,0.0187391282540826,0.000719679179508242,0.00332909048076647,0.0431614378200776,0.275435605372394,0.11993394579474,0.159082704936569,3.47927930093925,0.0065297427356225,0.0114361503931744,0.137806354464612,1.91498769742915,0.179917297486311,0.205948408511293,0.00195925956617873,0.00431848445314547,0.00604174335491687,0.060188974674725,0.0305954291291881
0.000122162004278496,0.312956474840429,0.000781980133219743,0.0050782537511504,0.0077172481754543,0.0342716357079606,0.0358952670792113,0.0477607298219548,0.16138546937971,0.0342574874641302,0.154604318401821,0.0304071663368278,0.741484265270034,0.0335475728968663,0.0122194113675449,0.0112247870572636,0.000997096729592663,0.00488683710574869,0.00045777984537448,0.00846792610233788,0.00275411902304271,0.20803169809642,0.00694218473700561,0.239223517062887,0,0.0192588437450356,0.649401290061272,0.0377995854644524,0.0353861249802552,0.0120231713387381,0.0475687763175244,0.0513189205964513,0.000887842949229726,0.0565089224944662,0.00360636131937289,0.0637705140715665,0.0402538629770582,0.0291520972187911,0.0344549164954749,0.143172927082164,0.0622624336789056,0.171973342962458,0.0221743732013173,0.0351278522255533,0.0130622561469306,0.00319564513677203,0.0731806264075526,0.00136989838930122,0.078600690099907,0,0.0447797992912747,0.000116506853657806,0.0019908711479513,0.0017005905347509,0.00582001667166785,0.00548821156872627,0.0101612003259614,0.0130854614854417,0.00453578788642617,0.110003151137474,0.00330602747994214,0.124790007817889,0.0112477804221495,0.0029509842705056,0.000642173817749405,0.000299821844267964,0.00148232651278036,0.00152516673865345,0.000932136642872069,0.000902055440605108,0.003150856449277,0.00027629221444569,0.0555866241435166,0.104297722313088,0.0178596079986792,0.204711904598966,0.017686017710997,0.0252014060359613,0.0028682743686334,0.0182163663625732,0.00263304301228586,0,0.0279622748896082,0.000676026179039205
0.00246978099848844,0.0329083807773909,2.81069308593705,0.00106759204584365,0.000507569942288125,0.00966636654083509,0.0629043374951185,0.0153176713351149,0.0121899337020073,0.0360604927565498,0.329372546306674,0.0321569242618935,0.0271595774914004,0.1121666463711,0.00285896773070806,0.0172570718626352,0.54474435177817,0.65549356052014,1.36434999694044,0.0137322276543409,0.0753159880692938,0.0183368328785632,0.180074664023232,0.0414372921217566,0.0192588437450356,0,3.6601214586055,0.0516526080456237,0.134174229240355,0.0450167334434914,0.0583348204567819,0.0106957044727632,0.00373798646457716,0.190037299012282,0.0593880544097225,1.09082427897762,1.6842496921529,0.24453388111711,0.417416224193518,0.00354425109376107,0.00150974519106655,0.0104471029331171,0.307176576859923,0.321205862868186,0.0846796453082402,0.0786958121903467,0.00122665717842511,0.00100149404975153,0.0115881695242129,0.000317001875938279,0.0793662329685006,0.0245516298870575,0,0.000385547896882152,0,0.00226567581132832,0.000106997992067635,0.00289488054369916,0,0.130858172330882,0.000522793151036453,0.307117485811746,0.000613117811106526,0.000155097177404344,0.00456932252809332,0.136434941239999,0.0670616820544229,0.144497211552993,0,0.00827488696621982,0.0134114073486966,0.0241623138040592,0.00561585264491464,0.0889025718418472,0.830011027000187,2.64883966103425,0.00233243016947447,0.00375697369835021,0.00796508385424324,0.381970552799394,4.9593745717442e-05,0.000270990536562252,0.0424900535585616,0.0314242203063476
