0,0,336.212803959846,3.79349488019943,4.5184423327446,117.392821758986,5279.7660600245,1459.75322306156,7.08314979076385,134.308013677597,291.204992204905,8.56013715267181,36.2145747840405,8300.3292889595,14.2572732567787,0.55371767282486,927.166992932558,196.668799817562,123.959191948175,13.7567546963692,603.044386714697,1.11018538475037,1298.90618261695,94.2567055523396,2.52314284443855,370.597121626139,492.538481116295,257.475377827883,11416.1640967131,14463.4756451547,17.6024797260761,30.3693131506443,42.4766536951065,1137.01582884789,76.3622349500656,514.298496037722,116.639017522335,795.720623165369,376.296714842319,70.903012663126,91.6908789277077,60.8297274410725,23.9971260428429,7.44286289811134,9.53351610898972,17.5976336300373,8.24809443950653,3.93035328388214,8.76281398534775,0,0,7.66198259592056,0,1.88732123374939,2.20358371734619,9.89583879709244,1.89380347728729,2.51054048538208,0,0,0.575196802616119,1.11937630176544,1.15507745742798,5.03155755996704,16.3323314487934,5.60892570018768,0,3.87213295698166,0,11.2258821427822,2.74072253704071,2.97551560401917,84.1729492247105,1.01823887228966,7.05159091949463,91.6099859476089,53.7797271609306,6.51448166370392,10.9599592089653,0.434082448482513,1.32853329181671,1.49776422977448,1.95292383432388,25.4206220507622
0,0,54.1191651821136,7.53673765063286,14.9191772341728,5.93275189399719,2.88018012046814,1.75883832573891,3880.70673918724,11.7203978896141,19.896721124649,36.8128804266453,941.235159337521,1.0761686861515,87.8355688750744,829.059751182795,31.3501925468445,3.41882818937302,19.1885388493538,5.09592828154564,174.315174162388,9162.63671258092,67.0120081603527,6040.15629121661,6093.4166045785,315.128672629595,7548.57260975242,376.425621747971,2.44492733478546,0.932564258575439,176.448267191648,0,0.39532944560051,23.4569150805473,1.37401080131531,50.3571451306343,48.7220138013363,9.34412857890129,12.4701459407806,177.408944547176,0.870998322963715,7.64435160160065,165.037022531033,100.220642924309,52.6053175926208,108.255761355162,6.49806869029999,0,9.75088733434677,1.85081243515015,808.123655259609,367.876361936331,0.735095083713531,0,0.405907958745956,6.22162806987762,1.74232220649719,42.3081362247467,0.942255884408951,20.959304690361,3.49004912376404,25.3570636510849,4.90307864546776,0,150.345833659172,106.482814371586,14.2710517644882,114.420786231756,0.815112054347992,16.4231216907501,82.8478507697582,54.7272105515003,207.626752257347,63.7006812393665,1329.30817124248,10553.969468832,52.7535368800163,5.95516330003738,6.71079701185226,19.6849544048309,4.07101041078568,2.80967557430267,33.0658276081085,9.13762921094894
336.212803959846,54.1191651821136,0,6.13853451609612,4.09766685962677,51.9782288372517,3450.9595310688,419.775653660297,7.81977766752243,144.028833568096,169.757814347744,28.9403651952744,14.738440066576,945.27305456996,23.9402557313442,43.0305343866348,40699.8303091526,525.43467476964,1610.91607016325,11.1860837042332,1222.96269494295,65.7702873945236,35015.9341750145,81.2266491651535,10.5823966264725,16336.394013226,39308.3773985207,1855.08160924911,399.080463260412,1877.22279286385,33.2648019194603,7.87934356927872,12.9669548273087,4951.94613066316,696.524428665638,8558.74986627698,4294.98536685109,3687.28798647225,5743.72680944204,79.4344219267368,99.4497767388821,21.1544497609138,1183.87246721983,304.740880340338,348.234886795282,843.290101975203,96.1677179038525,6.75754922628403,17.3605047166348,1.00848415493965,118.636429071426,3946.96597018838,0,38.5349035263062,2.74375513195992,13.4283759593964,6.0542451441288,15.4621665179729,1.09501624107361,30.4033509492874,4.63050648570061,0.615674912929535,15.7472453713417,31.2438055872917,149.00783136487,2531.06995117664,19.2399645149708,694.898896098137,2.20117330551147,158.382725864649,88.8527651131153,418.677497893572,221.620636731386,4.87714672088623,1792.12913429737,18684.9947261363,166.843832552433,15.1591452360153,41.3701971769333,4.10054740309715,6.19931679964066,3.06196737289429,353.735961645842,770.697253346443
3.79349488019943,7.53673765063286,6.13853451609612,0,31.1879841089249,147.253206163645,317.311975449324,86.0865531563759,1991.55958247185,6007.38714656234,14.5943079888821,3081.47485306859,2.38181725144386,81.350875377655,290.407455444336,0.621864199638367,3.43001312017441,6.90931561589241,4.4525203704834,22787.0871024728,1.70048576593399,5.91137850284576,2.67503669857979,5731.46510970592,4.09261035919189,20.8886868953705,5.13148441910744,7971.03535401821,54.95187702775,23.5885933637619,1.84382623434067,13.2313114106655,3.23419666290283,34.9178229570389,27.0167019963264,243.939705044031,3.30520349740982,39.1985093653202,10.4754455685616,485.576344370842,66.7120282351971,16.5314542353153,201.213369190693,6.12181007862091,18.2975962460041,20.247086584568,343.126802653074,15.3835156857967,6.61799731850624,0,4.52762943506241,0,1083.03593683243,4.65875047445297,102.926318973303,210.458747237921,59.131871432066,395.414251476526,670.665185004473,3.81370443105698,1807.84673291445,0.458776891231537,72.6559613645077,29.896074205637,0.38305276632309,0,0,0,605.719545125961,3.32895576953888,4.38488185405731,0.416137427091599,1911.73287525773,0,0,5.07086050510406,1562.31665223837,17.2521773278713,7.20263916254044,1.03366613388062,9.17575478553772,0.57610547542572,43.8001874387264,11.9151532649994
4.5184423327446,14.9191772341728,4.09766685962677,31.1879841089249,0,723.313119679689,138.554355412722,78.908636957407,1079.56170386076,279.191411793232,5.92403721809387,619.318419635296,7.30037152767181,35.5340776741505,4496.37717688084,6.03053188323975,2.58263957500458,4.79785549640656,5.12395715713501,80.8196595907211,27.8102779984474,21.2096433639526,64.0694501399994,252.308639079332,8.97267836332321,13.7340897917747,22.0511845648289,132.438935816288,11.4859503507614,58.6302811205387,0,144.362617611885,2.95450249314308,998.596059054136,1905.51683154702,845.74362552166,13.7420870661736,20.7839460968971,28.9695782661438,10019.9791000187,7204.72073668242,23.33119815588,62.7680471539497,8.92059689760208,6.66305088996887,22.8420150279999,113.904266089201,7.09323492646217,7.76619237661362,0,0,7.27472805976868,73.2700858712196,6.16863659024239,22.689601123333,19.4381995201111,7.55034232139587,41.3080113530159,66.4403675496578,3.61220848560333,139.785481989384,0,6.82815939188004,6.08126693964005,5.94693580269814,0,1.33861720561981,1.40228378772736,79.602521687746,9.95978403091431,0.563932240009308,22.2406548857689,142.022971659899,0,9.97801804542542,20.0999739170074,89.1007497608662,5.25807723402977,2.88302314281464,0,2.02405190467834,0,2.75209224224091,565.027550011873
117.392821758986,5.93275189399719,51.9782288372517,147.253206163645,723.313119679689,0,11373.9652228653,15817.2646434903,300.840368419886,39027.9997246861,353.939002603292,4160.09624767303,78.9403296113014,1940.11248013377,2478.92894676328,1.6320686340332,48.4675479531288,131.767980486155,47.985926926136,553.219684928656,66.6625024080276,5.54327303171158,116.657639920712,451.72393476963,2.73025605082512,212.734241038561,104.910284548998,1674.67559599876,397.13281416893,420.233136117458,16.1182509660721,222.772623538971,26.780256152153,434.789283186197,14778.6584469974,3401.17719420791,62.1696611940861,203.410465478897,105.287085652351,7399.96737140417,1033.61557739973,222.628040671349,191.918315351009,57.7225705683231,59.3158459961414,71.7198332548141,239.062984764576,23.9640199244022,64.4896863102913,2.49915483593941,0,4.70947888493538,156.796712934971,9.64672264456749,40.4760392308235,190.053182005882,33.2140358388424,103.570428103209,127.742557883263,10.8682739436626,227.24259108305,9.38008445501328,22.658100694418,12.8676574826241,21.0897778868675,0.774863421916962,0,0,125.359445571899,17.535354167223,4.22616672515869,14.8623884320259,805.451688200235,0.718486756086349,5.82685562968254,9.58337941765785,563.658686995506,23.2948933541775,31.2578321695328,1.7041757106781,4.1220560669899,6.42209804058075,29.9598096013069,1103.21698364615
5279.7660600245,2.88018012046814,3450.9595310688,317.311975449324,138.554355412722,11373.9652228653,0,18374.6308293045,682.798965156078,17826.4877215922,1216.33128497005,368.441278725863,207.27284437418,26553.451556325,275.667881280184,35.8054117262363,801.105864644051,748.792110025883,390.317843616009,278.391872763634,3732.58480036259,6.71952226758003,3059.67263296247,4255.30193415284,9.30088180303574,1356.33221399784,1195.91989451647,75771.6302639246,7183.13034909964,19349.4446094334,68.5678061842918,488.171500205994,643.464146107435,2835.9877654314,1347.51291692257,8982.87564480305,899.711615115404,2998.83831006289,1538.81204006076,2865.32234755158,2073.10651436448,659.305202007294,1243.55750256777,95.6498319506645,237.295929431915,212.137415260077,708.640559971333,111.80616414547,148.246480166912,19.5616049766541,8.82042500376701,63.8809194266796,394.870503008366,35.800979077816,66.7420839965343,1216.09811860323,183.851973176003,343.274523884058,331.371328771114,30.0951870679855,226.916558325291,13.1612994670868,244.342664718628,102.333932161331,275.246066391468,37.5092118084431,0,0.687559992074966,264.906572639942,212.127472907305,48.1419253945351,189.227027118206,4394.28559449315,2.64183986186981,23.8923718035221,698.663031429052,3319.42156666517,300.011813759804,267.25448846817,5.50421687960625,41.699338465929,30.3497616350651,204.312371045351,533.506764233112
1459.75322306156,1.75883832573891,419.775653660297,86.0865531563759,78.908636957407,15817.2646434903,18374.6308293045,0,216.510042816401,8308.20498511195,3111.73286852241,1310.26129347086,452.620604604483,17351.2865611613,127.574796617031,4.38779929280281,694.79694250226,1109.85037818551,408.791879236698,467.875944882631,441.038914054632,0,1026.43828618526,567.829031407833,40.0966586768627,1684.14583447576,841.830949276686,2049.61197429895,3171.88424155116,4048.8929053247,127.945380806923,624.118410021067,65.8188699483871,2356.26558640599,1067.67251452804,2659.70084384084,198.8369114995,828.974195331335,422.497313529253,1424.27111190557,913.389729470015,613.309325635433,351.935824245214,46.5653836429119,133.752911835909,118.857437312603,204.624538987875,73.1162152588367,110.077542483807,4.220234811306,8.90546423196793,6.94588509202003,132.887257814407,16.7249761819839,26.4992909431458,360.495956599712,52.6809521019459,118.658417344093,90.1533548235893,15.4229767024517,136.622413694859,34.5944986343384,56.0388700664043,33.3700599372387,31.4894589483738,0.915168285369873,0,1.83985620737076,100.824144721031,22.7358260750771,7.29456290602684,13.4878522157669,1344.56927847862,8.77489930391312,10.6158083379269,70.4950695335865,993.073580026627,58.9354757964611,45.1943109929562,3.36997029185295,12.5457142591476,3.98300877213478,50.2660523056984,245.255324393511
7.08314979076385,3880.70673918724,7.81977766752243,1991.55958247185,1079.56170386076,300.840368419886,682.798965156078,216.510042816401,0,1350.03085106611,29.8377335965633,2652.03591135144,509.232245564461,106.197080314159,4951.71569213271,303.331701815128,4.0597240626812,12.5032724738121,8.90960744023323,935.828077822924,122.135593891144,8985.17316809297,135.188347905874,24297.987882942,1992.29428493977,69.9273353219032,2990.97206231952,5071.51389986277,86.875837624073,39.6725695133209,132.67325168848,15.9440077245235,5.86833429336548,42.9762001037598,465.660396844149,473.811607569456,22.7218324840069,31.7463060319424,16.6700603961945,2836.52021697164,107.295165210962,23.2692495584488,537.349184155464,47.3128261268139,114.408390760422,55.4914907515049,282.073727577925,33.6833998262882,21.6056509017944,11.7899326086044,18.6153349876404,15.2364022433758,1261.33099663258,21.3488345146179,56.2375017106533,387.951288491488,81.3816410005093,1541.53159114718,614.326035857201,18.7911601960659,460.418937146664,5.06646907329559,131.371852874756,77.90188986063,1861.9082159102,14.88167065382,15.5524271130562,27.0865768790245,523.15882152319,671.912772595882,1059.8771571517,378.58808401227,7456.6553170681,1.34026804566383,65.207349807024,416.206842213869,2956.15640810132,230.694423735142,161.402438223362,1.41211485862732,20.7967979311943,45.1633014082909,125.829871892929,320.267792075872
134.308013677597,11.7203978896141,144.028833568096,6007.38714656234,279.191411793232,39027.9997246861,17826.4877215922,8308.20498511195,1350.03085106611,0,1469.28304812312,2860.48516702652,253.16280002892,3064.3749448359,412.933227777481,1.89073330163956,198.104414880276,773.678599268198,322.529898196459,4030.02915430069,53.0859974324703,10.2443060278893,227.01461198926,1308.94518324733,10.2369722127914,1248.54760468006,564.716189086437,9257.47112768888,1020.90160936117,604.702325433493,70.9817369282246,951.327856332064,22.9773826599121,1769.58524164557,1722.30064070225,6319.21870142221,140.715395182371,974.072084009647,397.62948140502,5400.70074576139,2422.69122427702,935.191721260548,613.157093286514,73.1748461723328,156.205328077078,212.554629176855,686.875001251698,87.2634264826775,159.289439886808,0.889494001865387,1.61942401528358,0.463648438453674,1610.35086345673,36.2760568261147,196.582733601332,496.107091039419,103.773028850555,454.082318753004,1020.98762381077,8.23130494356155,1014.02722227573,8.03356912732124,94.0409896969795,78.6221516430378,17.3324932157993,0,0,0,1010.49694620073,15.2947587370872,6.49659633636475,9.85373982787132,3474.02635484934,1.04910686612129,2.50671172142029,10.5638261139393,3139.74961158633,47.1679276227951,16.0348921716213,1.39270555973053,7.44734740257263,4.40357640385628,102.435682833195,311.563559621572
291.204992204905,19.896721124649,169.757814347744,14.5943079888821,5.92403721809387,353.939002603292,1216.33128497005,3111.73286852241,29.8377335965633,1469.28304812312,0,338.162105411291,7403.61372438073,2898.61599883437,32.7010198831558,17.9066593647003,243.665586441755,7787.65063872933,1310.24656012654,121.79360550642,90.0508807301521,23.2076245546341,667.825672417879,135.182320684195,915.096061110497,3144.8987069875,709.008445680141,370.851076453924,2508.01145383716,376.232769906521,328.153854459524,1617.02095791698,14.4689612090588,14151.0222893953,210.372934937477,1960.19421339035,7744.83620473742,2765.21782720089,1839.90405204892,445.069973796606,198.977936476469,1047.72348722816,108.823085010052,771.739486068487,37.0831353366375,22.2721037268639,65.2671940624714,0.667811393737793,930.633116394281,0.904655516147614,640.158511072397,10.322244733572,4.24609392881393,15.7970511317253,5.14658942818642,9.28127306699753,1.25275757908821,69.2602574825287,8.1862259209156,1849.70641991496,9.3608426451683,3377.82344564795,2.98521894216537,13.3209882378578,17.3481266796589,5.15212139487267,2.26782846450806,1.79333087801933,0.812177419662476,3.65837407112122,133.308926701546,2.90808314085007,92.4188226759434,1467.11151230335,230.816291242838,526.967998623848,39.9526534080505,26.9130250513554,8.03690326213837,1210.05324298143,11.7283524870872,0,28.755901157856,131.959525406361
8.56013715267181,36.8128804266453,28.9403651952744,3081.47485306859,619.318419635296,4160.09624767303,368.441278725863,1310.26129347086,2652.03591135144,2860.48516702652,338.162105411291,0,56.9330853819847,343.039329439402,5075.62924724817,3.23808479309082,27.6582078635693,156.137768596411,58.6218430399895,5972.82004716992,6.07804846763611,34.2279763817787,32.8778998851776,1839.88498416543,15.3757095336914,235.242986470461,103.200125157833,959.765699595213,109.568708479404,44.1312100887299,21.3089721500874,223.038123071194,0.823861479759216,316.288668513298,17692.8070103824,960.425595700741,24.6502487659454,77.2331232726574,69.898590028286,4476.2989115417,352.986477971077,223.889521718025,305.462780416012,26.32989564538,45.4761178791523,47.7979772388935,650.871852904558,29.2690267264843,46.1618574261665,1.37940049171448,2.20361435413361,3.49418464303017,1280.94877421856,43.1193222403526,216.897039920092,158.939054787159,74.2936097681522,249.001811265945,802.459461182356,11.6321804225445,1910.38480350375,8.14802950620651,85.0101981163025,80.8800473511219,10.1136282086372,1.59863996505737,8.797741740942,6.00222608447075,780.36752858758,10.2179710865021,4.22159045934677,12.0053509473801,1484.48288163543,0,13.4218551516533,12.3224468231201,1322.8801368773,27.4528997242451,8.3657551407814,2.05642420053482,21.1259196996689,0,58.2307174503803,5937.73028844595
36.2145747840405,941.235159337521,14.738440066576,2.38181725144386,7.30037152767181,78.9403296113014,207.27284437418,452.620604604483,509.232245564461,253.16280002892,7403.61372438073,56.9330853819847,0,396.185578107834,9.29982170462608,40.4198285639286,10.212643891573,4.89226818084717,6.48472052812576,23.9296544492245,28.9105089306831,1238.13361594081,119.491386860609,395.25435590744,10091.9698679447,169.257636725903,1190.20840743184,151.793187558651,222.869420230389,55.298272639513,1378.82235586643,203.713959336281,0.619901150465012,2813.87544590235,15.9198063313961,367.486847877502,1859.25390607119,3488.5230409503,434.560441017151,297.325381219387,149.541798651218,1092.28647357225,68.1055800020695,2090.14183670282,32.7692111432552,4.89969989657402,51.4685235023499,0.568252742290497,1984.23360773921,0,1647.07271924615,1.44465479254723,1.54290896654129,1.23756039142609,1.57925921678543,13.8070385456085,1.24941670894623,187.774935573339,4.3221492767334,6320.47789219022,2.93196147680283,9658.74591141939,4.6497585773468,2.74961733818054,23.9095020592213,0.53241902589798,20.0184333324432,3.47440588474274,0,7.116320759058,375.742135196924,3.8884017765522,177.710746407509,4650.23735767603,2486.59267878532,6881.35261037946,40.7140802741051,29.5695199072361,5.81690859794617,7721.766153723,18.3910484910011,2.07240843772888,37.5490992069244,3.77830362319946
8300.3292889595,1.0761686861515,945.27305456996,81.350875377655,35.5340776741505,1940.11248013377,26553.451556325,17351.2865611613,106.197080314159,3064.3749448359,2898.61599883437,343.039329439402,396.185578107834,0,59.4025309383869,8.41530048847198,2004.79130193591,1423.33566936851,679.584574252367,176.773862421513,1083.43302509189,3.56580203771591,2926.06844848394,537.545578807592,20.634499758482,2078.57173126936,1723.15166583657,2219.32782018185,18657.9870012105,16205.4532485008,111.970775872469,321.979452311993,185.533717185259,3723.54706068337,239.916463732719,1979.96334853768,328.743217021227,1765.98300907016,788.625732690096,521.291477262974,594.073036700487,398.444911181927,235.024480909109,33.0103117823601,63.8626505732536,72.8156529963017,103.561011612415,26.3996398746967,65.6803327202797,5.13869771361351,6.87536138296127,28.4596810936928,66.3426297307014,12.5910380780697,17.0967069268227,182.626036345959,22.1394094824791,59.3149717748165,46.3872510492802,11.8433739542961,46.4124617576599,30.8338350057602,34.1900170445442,15.819227874279,31.4839679002762,7.00548207759857,0,4.31870222091675,44.8609891831875,29.0681726038456,16.2051049470901,19.494883865118,861.933441668749,8.59209471940994,25.1724747717381,225.607788294554,590.99916151166,62.2915542721748,64.9794808626175,2.81003555655479,5.61272794008255,6.23709601163864,32.3534206151962,91.0391128659248
14.2572732567787,87.8355688750744,23.9402557313442,290.407455444336,4496.37717688084,2478.92894676328,275.667881280184,127.574796617031,4951.71569213271,412.933227777481,32.7010198831558,5075.62924724817,9.29982170462608,59.4025309383869,0,10.6223938465118,11.5258376002312,12.3402297198772,4.57332068681717,410.039366066456,218.668728113174,95.472125351429,269.576613515615,1026.26365682483,45.8796193003654,34.9606790840626,147.875205606222,464.415197193623,73.1564534604549,447.510202527046,4.3803579211235,39.3995403945446,14.5786888301373,67.2153287529945,7092.44396156073,400.707427978516,47.6677078902721,28.245768904686,103.338978648186,6353.134999156,292.448128819466,26.6323964893818,107.909777641296,13.0677207708359,10.8245631158352,63.6472974121571,253.871672034264,3.96812200546265,8.66280108690262,6.00981938838959,0,22.3502885997295,302.689276784658,16.7564776539803,71.5970826745033,49.0688278377056,27.9753601253033,131.558153510094,216.489836126566,4.51113629341125,476.207946479321,0,28.6902790665627,25.5949825942516,29.6764674782753,2.16458910703659,2.88939243555069,4.79048573970795,269.348438352346,35.3777504563332,8.63994562625885,41.2369835674763,400.63416531682,0,29.6385912895203,44.7186606526375,329.966400414705,10.7515683472157,18.2227261066437,0,5.78129616379738,1.10205018520355,15.1425131857395,1762.2651027441
0.55371767282486,829.059751182795,43.0305343866348,0.621864199638367,6.03053188323975,1.6320686340332,35.8054117262363,4.38779929280281,303.331701815128,1.89073330163956,17.9066593647003,3.23808479309082,40.4198285639286,8.41530048847198,10.6223938465118,0,44.0353791117668,16.4539688229561,8.24202996492386,0.455746829509735,11213.7511651218,14950.5375874043,12020.7489160299,3475.44263446331,140.939098358154,69.9877919852734,8202.03689882159,2165.48180884123,7.95562407374382,55.0120449066162,11.9503337442875,0.352776437997818,3.93045198917389,80.0299467742443,334.466903269291,3454.23438856006,2514.49288114905,1009.80339220166,1274.5594895184,49.7495781183243,49.6701383590698,39.660194426775,536.12993863225,200.671098679304,168.643677383661,257.037183046341,217.952056914568,8.37590590119362,13.7025355100632,6.91376262903214,42.2303595542908,139.144843786955,6.85536858439445,18.7221648395061,6.28228163719177,92.2742782533169,21.2998085916042,274.538785636425,1.59114590287209,14.5332309305668,9.76095885038376,5.26714730262756,37.7417785227299,28.4818330705166,20006.7477158606,159.237057030201,4.30092218518257,16.1241391599178,0.677248120307922,2178.71205949783,1810.84730577469,8929.04984360933,1638.05126464367,3.43295302987099,39.2965855002403,8139.77359172702,976.260083973408,66.5640239417553,173.479305028915,2.04286891222,5.69164288043976,11.7817698717117,113.169188916683,382.992755800486
927.166992932558,31.3501925468445,40699.8303091526,3.43001312017441,2.58263957500458,48.4675479531288,801.105864644051,694.79694250226,4.0597240626812,198.104414880276,243.665586441755,27.6582078635693,10.212643891573,2004.79130193591,11.5258376002312,44.0353791117668,0,1206.73761931062,4197.38163733482,14.5907529294491,393.126451551914,20.8508989214897,18171.4883207679,33.4597213864326,9.8206632733345,17629.4656891525,29867.3938515484,251.075198948383,1498.12328583002,3745.397772789,20.1650094687939,17.9052338898182,64.9595367014408,11011.0026908815,185.729965001345,1995.06654307246,2793.02291816473,2191.55504858494,2014.35101115704,68.3442093133926,65.0973779857159,13.8878518939018,318.13686555624,159.453842759132,104.225407391787,213.532644838095,24.7662189304829,2.83840721845627,4.2091069817543,0.585007011890411,37.9799292981625,1266.82510018349,0,11.808252632618,2.23701849579811,6.72049000859261,2.56327825784683,5.48289948701859,0,13.3330672979355,2.73231840133667,0.864865481853485,3.1250946521759,10.3953322768211,47.6452351808548,713.895239800215,15.3622116148472,305.157329052687,0,28.8208929300308,12.6261630654335,80.063959389925,45.9345661997795,8.97639966011047,1685.48346984386,6332.02620095015,23.2238759994507,2.9200137257576,7.36989831924438,4.81679797172546,2.41763454675674,0,119.930112481117,157.620490014553
196.668799817562,3.41882818937302,525.43467476964,6.90931561589241,4.79785549640656,131.767980486155,748.792110025883,1109.85037818551,12.5032724738121,773.678599268198,7787.65063872933,156.137768596411,4.89226818084717,1423.33566936851,12.3402297198772,16.4539688229561,1206.73761931062,0,10400.9994567335,57.4034147262573,65.3383937180042,0,616.343538790941,52.2476803064346,0,3819.58767572045,1649.30059531331,175.454014271498,1132.14834436774,246.887895435095,1.33074432611465,239.284786641598,8.34141328930855,6787.32945901155,267.91686168313,2698.5374520421,2896.56957677007,1447.22060409188,2479.37567776442,101.608035206795,65.6639706492424,13.5459278225899,26.7591900229454,17.2853206396103,3.5665138065815,30.1862049102783,3.88108423352242,0,5.29703134298325,0,5.03610563278198,19.1757561564445,0,30.1483893990517,1.33107829093933,0,0,5.86869263648987,0,6.30033320188522,2.4534986615181,0,0,16.0677488446236,2.10976988077164,10.4027779102325,6.21460649371147,12.1387916505337,0,0.929035842418671,0.842458128929138,2.29336005449295,1.70135194063187,0,319.864273667336,323.923650860786,4.2706338763237,0.746316522359848,0.352244228124619,4.77625846862793,0,0,0.304345816373825,229.948683083057
123.959191948175,19.1885388493538,1610.91607016325,4.4525203704834,5.12395715713501,47.985926926136,390.317843616009,408.791879236698,8.90960744023323,322.529898196459,1310.24656012654,58.6218430399895,6.48472052812576,679.584574252367,4.57332068681717,8.24202996492386,4197.38163733482,10400.9994567335,0,19.3163083791733,82.0467702448368,14.1473017036915,1005.17966187,46.4163219332695,6.42673695087433,8393.07382255793,5248.26724925637,146.276327997446,583.719453722239,285.60244718194,14.3466766774654,33.694268733263,8.83580988645554,6330.57317346334,182.666158527136,2439.97809067369,1354.2729948163,737.558318555355,1963.20885190368,69.661621004343,23.6961984634399,7.73425191640854,47.2420700490475,48.6957561969757,13.4912755191326,40.2926236093044,5.35486820340157,0,1.13663864135742,0,22.8118172883987,117.950060993433,0,14.5141522884369,1.21563929319382,3.61610206961632,0,3.84009784460068,0.341205239295959,3.3424092233181,0.698923766613007,0,1.87599778175354,8.00110226869583,2.99648344516754,55.8260753154755,17.3295513689518,71.3706022202969,0,1.04576861858368,1.56996917724609,8.84243699908257,7.52542707324028,18.0894619822502,1147.19454804063,1322.38252460957,6.79078820347786,0.428217083215714,2.77345007658005,13.7308525145054,0.42282834649086,0,13.6554251909256,149.537794291973
13.7567546963692,5.09592828154564,11.1860837042332,22787.0871024728,80.8196595907211,553.219684928656,278.391872763634,467.875944882631,935.828077822924,4030.02915430069,121.79360550642,5972.82004716992,23.9296544492245,176.773862421513,410.039366066456,0.455746829509735,14.5907529294491,57.4034147262573,19.3163083791733,0,5.15673235058784,8.96837466955185,29.3665663003922,2349.13990557194,3.7435105741024,100.360514223576,57.8043081462383,5975.54227384925,95.5805839002132,62.2128632962704,5.71291273832321,84.7171930074692,2.80567276477814,115.351912796497,55.4083551168442,721.556250393391,16.4098429977894,61.3482010364532,31.7646215558052,985.098338037729,190.518147945404,81.9876810312271,219.402149796486,15.3426200151443,36.092643737793,17.1077114641666,390.079967468977,31.156220138073,15.0091558694839,0.540702819824219,0,0,1133.98680001497,9.4325455725193,109.339450657368,182.477256715298,64.7377832233906,244.058746695518,683.487491130829,2.7612010538578,750.476814687252,2.89290809631348,55.8000958263874,56.3711639940739,4.57901886105537,0.539720833301544,0.438631385564804,0.399101614952087,620.824987918139,3.52846917510033,3.40876752138138,2.34159249067307,1621.27552372217,0,4.84808611869812,6.45695123076439,1508.82775835693,19.4630306065083,5.04830679297447,1.17818731069565,7.64849233627319,2.33594059944153,45.1265813112259,16.3729359209538
603.044386714697,174.315174162388,1222.96269494295,1.70048576593399,27.8102779984474,66.6625024080276,3732.58480036259,441.038914054632,122.135593891144,53.0859974324703,90.0508807301521,6.07804846763611,28.9105089306831,1083.43302509189,218.668728113174,11213.7511651218,393.126451551914,65.3383937180042,82.0467702448368,5.15673235058784,0,1201.20935624838,21860.0642982125,524.372946977615,48.6032975018024,317.210064142942,1258.06784653664,14990.1916683316,1635.92105817795,48380.4412979782,28.1169263720512,20.2179409563541,369.89227822423,11532.6302295327,2211.17362472415,10959.9920509458,2064.10058227181,10355.2880880833,4484.14650544524,497.073650598526,454.008248478174,150.943157076836,352.753698647022,115.209073871374,115.99593269825,189.377469629049,421.878470122814,25.9211528301239,60.2001654207706,11.1888182759285,9.0687740445137,79.0999448895454,1.19645935297012,43.4776504039764,13.3897917568684,122.195286393166,45.3818253874779,90.0081095993519,3.30084657669067,22.270482391119,14.0554509162903,4.52399176359177,58.0352303683758,69.7471504211426,4845.53972357512,50.8462991714478,3.24203526973724,8.63872447609901,3.27272036671638,4559.66721653938,575.49405246973,2401.29773834348,3307.04793214798,0.528516054153442,41.8593634366989,982.111622571945,2313.12890675664,176.793672442436,448.45180362463,2.98996314406395,22.1061717569828,43.5062861740589,92.5917711257935,1489.09434995055
1.11018538475037,9162.63671258092,65.7702873945236,5.91137850284576,21.2096433639526,5.54327303171158,6.71952226758003,0,8985.17316809297,10.2443060278893,23.2076245546341,34.2279763817787,1238.13361594081,3.56580203771591,95.472125351429,14950.5375874043,20.8508989214897,0,14.1473017036915,8.96837466955185,1201.20935624838,0,955.214575588703,12544.6174139678,3629.33068600297,224.288534849882,15279.2861434817,1325.61967965961,3.7255565226078,2.86292254924774,268.267868936062,0,0.880806416273117,15.9268658161163,3.92771822214127,48.0389290452003,34.4487946927547,18.9112357795238,20.9822824001312,152.447790831327,0.828431129455566,11.0935671329498,122.520292073488,65.4976491332054,25.1833364069462,53.812786757946,35.6290467083454,0.969387948513031,8.75989460945129,0,676.540814042091,54.2865101695061,2.80489820241928,0.840279757976532,1.0414519906044,17.8754878938198,0,126.46767026186,1.94159150123596,12.571922659874,1.25990825891495,15.050007879734,7.69642439484596,7.80918002128601,3689.63135433197,43.4539699852467,3.03555119037628,12.7565896213055,0.521244287490845,335.724952042103,926.29200860858,1011.87226572633,795.996253997087,49.0661701858044,212.088769048452,7837.68024870753,250.95905226469,11.0128370523453,22.6723176836967,19.944703400135,0.727317750453949,6.8591291308403,31.668206423521,16.3503554463387
1298.90618261695,67.0120081603527,35015.9341750145,2.67503669857979,64.0694501399994,116.657639920712,3059.67263296247,1026.43828618526,135.188347905874,227.01461198926,667.825672417879,32.8778998851776,119.491386860609,2926.06844848394,269.576613515615,12020.7489160299,18171.4883207679,616.343538790941,1005.17966187,29.3665663003922,21860.0642982125,955.214575588703,0,497.538787782192,18.0176531970501,2805.18227750063,16279.1189371347,6095.79637590051,2220.08614394069,15323.5085348189,114.921701192856,54.604179918766,169.186003804207,19300.1129399538,4952.54191538692,39659.4507952332,15853.0051472187,33638.8634211719,29039.8653552532,889.881845235825,921.55842128396,249.859551459551,714.724117696285,274.051814556122,252.502904653549,555.142474412918,351.555904835463,25.4899301230907,61.9356070458889,7.82006844878197,22.0393116176128,541.784722566605,1.39491295814514,186.458149760962,15.2458598017693,111.596933722496,42.5818274617195,157.763756364584,4.39966309070587,26.0907882153988,29.1164276897907,11.2143623530865,55.0598493814468,115.201158851385,12510.181987524,411.927588760853,5.60667324066162,46.0336371660233,3.02600049972534,2583.04994422197,610.144291341305,7286.32404699922,1495.61825177073,1.78789556026459,173.220526516438,8161.11021056771,1092.1430003047,76.5959457457066,252.062716364861,12.7288598716259,8.66710194945335,21.8525094389915,162.904260933399,5665.09214618802
94.2567055523396,6040.15629121661,81.2266491651535,5731.46510970592,252.308639079332,451.72393476963,4255.30193415284,567.829031407833,24297.987882942,1308.94518324733,135.182320684195,1839.88498416543,395.25435590744,537.545578807592,1026.26365682483,3475.44263446331,33.4597213864326,52.2476803064346,46.4163219332695,2349.13990557194,524.372946977615,12544.6174139678,497.538787782192,0,1670.52284929156,185.018323451281,4131.54505172372,16218.4887429476,984.916204631329,246.737022727728,128.395765990019,88.951924353838,143.477518945932,347.488880336285,503.30218103528,3203.07540127635,198.8976816535,336.807319581509,171.693707346916,2282.15719461441,469.916121989489,172.434717029333,4097.18893978,232.097790956497,754.973320543766,319.266451001167,1885.17273554206,235.133865207434,162.951248049736,93.4688017368317,46.8798241019249,142.499579817057,1406.76074385643,31.7907636761665,194.636628210545,3570.98233264685,517.126255393028,2453.31967192888,666.952394366264,72.3987949192524,595.805352926254,17.0868207216263,811.130082666874,311.043479830027,3194.95635688305,67.9465573728085,12.785256922245,23.9325055778027,768.736675232649,2170.63186568022,1345.377605021,1344.38603192568,24652.9217850566,4.72492483258247,95.2766408622265,840.263545751572,12568.1411224306,1430.5055847764,1377.65879383683,19.5405622422695,158.371332168579,237.503212064505,708.195962756872,442.617761164904
2.52314284443855,6093.4166045785,10.5823966264725,4.09261035919189,8.97267836332321,2.73025605082512,9.30088180303574,40.0966586768627,1992.29428493977,10.2369722127914,915.096061110497,15.3757095336914,10091.9698679447,20.634499758482,45.8796193003654,140.939098358154,9.8206632733345,0,6.42673695087433,3.7435105741024,48.6032975018024,3629.33068600297,18.0176531970501,1670.52284929156,0,397.76120147109,4856.91846302152,104.325493305922,24.2816835045815,3.41168117523193,1468.77292352915,23.1769548654556,0,254.088635623455,2.63488042354584,33.2444006204605,68.9784496426582,37.4311874508858,25.4345746636391,83.9928035140038,1.98407834768295,271.751373171806,44.3732738494873,168.039076179266,15.562184035778,14.230812728405,0.64276796579361,2.02105754613876,126.464099109173,0,865.995833128691,20.937568873167,0,1.50854504108429,2.07645171880722,2.44679990410805,0.716956675052643,67.9580580294132,0,975.711926579475,1.75967645645142,1970.75966614485,3.36666613817215,0,24.4164357185364,5.8035796880722,10.134198486805,27.17842695117,0.737653374671936,3.05131047964096,119.769785165787,5.18609040975571,72.1733058393002,2033.66074422002,1605.71953624487,6290.31538796425,7.3654263317585,6.54354107379913,1.19009351730347,1975.37998491526,5.59866434335709,0,11.8416223526001,0
370.597121626139,315.128672629595,16336.394013226,20.8886868953705,13.7340897917747,212.734241038561,1356.33221399784,1684.14583447576,69.9273353219032,1248.54760468006,3144.8987069875,235.242986470461,169.257636725903,2078.57173126936,34.9606790840626,69.9877919852734,17629.4656891525,3819.58767572045,8393.07382255793,100.360514223576,317.210064142942,224.288534849882,2805.18227750063,185.018323451281,397.76120147109,0,50159.7551554441,558.26276858151,1519.80180260539,702.025157541037,327.710553973913,383.649367660284,18.0001398026943,6099.4325415194,1004.0403150022,13667.0200077891,24066.4365017116,4216.38282892108,7900.3202534914,476.659437000751,190.562981784344,70.5724573135376,843.095535486937,1522.06733182073,238.479404240847,599.635523766279,99.1293280720711,6.85885792970657,250.625259250402,2.37820628285408,658.311050951481,1761.64357531071,0.824829369783401,68.3540010452271,5.79402351379395,40.4897064566612,9.8544088602066,70.1383014023304,1.44638311862946,2085.41273310781,11.1145373880863,1413.97640791535,20.9560038149357,52.5914060175419,34.1188026070595,666.269558727741,421.828993648291,1156.99884429574,4.79348185658455,41.8376859128475,125.067757934332,62.9046112895012,147.469074696302,745.773942857981,25230.5842505246,31057.4870108813,84.9071190655231,25.3528272807598,51.2418760061264,3642.51424479485,10.4114618599415,4.82127615809441,256.879367947578,789.690350711346
492.538481116295,7548.57260975242,39308.3773985207,5.13148441910744,22.0511845648289,104.910284548998,1195.91989451647,841.830949276686,2990.97206231952,564.716189086437,709.008445680141,103.200125157833,1190.20840743184,1723.15166583657,147.875205606222,8202.03689882159,29867.3938515484,1649.30059531331,5248.26724925637,57.8043081462383,1258.06784653664,15279.2861434817,16279.1189371347,4131.54505172372,4856.91846302152,50159.7551554441,0,2873.05303227901,1250.69090384245,1436.39529314637,2282.31802845001,54.2306304872036,24.1084543168545,13169.9520383179,2503.84740844369,37032.6889336407,15666.6661209464,13689.3987291157,20666.8116510212,534.092619806528,346.021975338459,187.978472709656,4689.21799144149,2605.28568276763,1493.89456996322,3322.22369778156,272.901393473148,47.8660415709019,171.585056692362,9.44775912165642,3844.76411440969,9125.373986274,0.859188437461853,161.280221939087,15.9247987568378,78.9559071063995,27.5393558144569,267.537797451019,3.0996775329113,1541.79411926866,19.7416798174381,972.292208105326,78.60766685009,112.364656209946,5114.31715428829,6861.56526008248,501.853512585163,2338.26439237595,0.66970419883728,478.524013966322,3163.23162633181,5120.39528924227,1182.83531139791,1533.77203810215,39296.3337798119,177138.874165371,483.683671087027,65.4869112074375,150.609998375177,3274.61152845621,18.1922800838947,11.5532553493977,1291.25335785747,2843.87979876995
257.475377827883,376.425621747971,1855.08160924911,7971.03535401821,132.438935816288,1674.67559599876,75771.6302639246,2049.61197429895,5071.51389986277,9257.47112768888,370.851076453924,959.765699595213,151.793187558651,2219.32782018185,464.415197193623,2165.48180884123,251.075198948383,175.454014271498,146.276327997446,5975.54227384925,14990.1916683316,1325.61967965961,6095.79637590051,16218.4887429476,104.325493305922,558.26276858151,2873.05303227901,0,3666.06104677916,35086.8731560409,72.5482377409935,228.873902618885,684.222327679396,1873.43589746952,1722.40904012322,11807.5975251198,1147.0563646853,2443.66931721568,1332.18390735984,2780.59139674902,1489.7765019238,528.296289741993,3175.37698420882,390.720339417458,646.858466267586,341.7441804111,1944.83351004124,210.681169360876,293.701086252928,76.0425186157227,48.2585181295872,203.431790590286,1915.17864188552,50.1010683774948,244.534097105265,2748.55710786581,494.821078926325,1746.89109748602,1288.98511943221,76.7593746185303,1060.22384786606,40.2500448524952,620.35247734189,260.808648467064,4111.24993059039,100.560967445374,4.17828303575516,12.1285832226276,1120.07793596387,3863.14689159393,1074.93140366673,1906.88472041488,18905.7822532952,7.21268239617348,165.362960532308,1543.25295171142,12573.04830724,1316.76207369566,1574.1529764533,52.5376888215542,87.0681503713131,198.834889471531,630.921450018883,866.205254405737
11416.1640967131,2.44492733478546,399.080463260412,54.95187702775,11.4859503507614,397.13281416893,7183.13034909964,3171.88424155116,86.875837624073,1020.90160936117,2508.01145383716,109.568708479404,222.869420230389,18657.9870012105,73.1564534604549,7.95562407374382,1498.12328583002,1132.14834436774,583.719453722239,95.5805839002132,1635.92105817795,3.7255565226078,2220.08614394069,984.916204631329,24.2816835045815,1519.80180260539,1250.69090384245,3666.06104677916,0,15359.7978594601,89.3894026279449,538.234903723001,5143.11961936951,7142.40668055415,299.929071724415,1454.63232904673,184.805259078741,2314.02180141211,572.112711519003,320.547852873802,394.294539391994,164.058418929577,199.441489636898,39.6488375961781,39.1437572240829,41.838271677494,73.3112498223782,16.486775457859,35.4772296845913,5.14299857616425,9.64841398596764,23.5715655386448,9.12470009922981,10.3221549093723,5.8505979180336,131.357746690512,5.85031098127365,33.1347563564777,6.84758469462395,13.706309646368,10.2936665117741,29.2765707671642,15.9289301633835,20.3850594758987,97.0538550913334,5.76462268829346,0,3.17977073788643,10.8886332809925,97.5857279002666,45.2064145207405,26.300519824028,902.726443171501,13.5099048614502,34.3526887893677,124.723363369703,510.827314674854,58.0460411012173,99.9266973435879,3.36051455140114,7.62822705507278,13.6025061607361,16.0060089826584,124.24872469902
