0,1.41629803180695,34.0407239198685,2.31589061021805,0,20.5448335707188,2274.80896309018,379.807194173336,2.22140848636627,68.8573184013367,59.4215365946293,12.5207531452179,0,13216.0819750428,16.3488560914993,0.877956986427307,215.303404837847,33.6252264082432,40.2059774696827,5.43128165602684,103.469921946526,2.4876309633255,393.986531764269,4.44436514377594,0,85.8283771574497,137.291441828012,45.7388372123241,9300.38576743007,7009.3278798461,0.863947302103043,6.28094685077667,37.1995239257812,361.672360420227,48.2374787628651,260.825934767723,39.7946654856205,236.092195421457,74.1401154100895,23.2341594398022,25.5013965368271,5.29827851057053,5.74895691871643,0,0,0,0.783661663532257,0,0,0,1.38615542650223,0,0,0,0,0,0,4.69224894046783,0,0,0,0,0,0,2.06486374139786,0.993308871984482,0,0,0,0.568373441696167,0.561294257640839,0.53947639465332,7.42789301276207,0,0,6.9379326403141,1.04645124077797,0.419315367937088,0.378220766782761,0,0,0,1.96451669931412,2.10167944431305
1.41629803180695,0,112.543434977531,0.432809501886368,0.695762515068054,1.671282351017,12.2373211979866,8.32692831754684,352.158887416124,2.32316848635674,186.708441495895,1.1024956703186,4551.74427112937,43.869194984436,6.88358736038208,240.52930817008,466.40937101841,1.76153129339218,46.3678598999977,0,54.7459141612053,4372.84722009301,153.440403103828,1770.38628786802,2636.56704509258,551.101202696562,32964.4625543654,155.721487045288,19.9190736413002,38.461078196764,462.649281412363,1.22782933712006,0,88.3521458506584,52.5518552660942,562.941393733025,175.110009402037,128.621857523918,59.9380599558353,9.19517734646797,2.04470348358154,36.9410541057587,361.780977249146,21.3885868489742,97.203329205513,47.3133357167244,1.1983847618103,1.73513841629028,3.95459830760956,0,711.595750391483,50.1336831450462,0.512000739574432,0,0,2.57058596611023,0,7.57696729898453,0.599479913711548,204.74771592021,1.19328600168228,245.11596763134,1.03535068035126,0,21.1756680011749,272.632595986128,0,32.6347523927689,0,15.0111416578293,131.397363781929,176.005150526762,55.2497175931931,61.5303700566292,112.849722534418,3136.17943650484,9.80796900391579,1.64953750371933,8.70004236698151,62.0061428844929,0,0,66.4351001977921,28.3386282920837
34.0407239198685,112.543434977531,0,3.33611950278282,1.94214248657227,21.5241775810719,2213.44709903002,665.922683537006,10.1905326843262,148.088726967573,32.1221499741077,1.3317209482193,0,868.919709771872,16.5982072651386,36.1682734191418,9317.02667814493,34.7225868999958,517.64480483532,3.74989697337151,3186.542129457,25.7464820444584,50349.7540277839,56.5275512337685,0,48767.6692458093,26471.8807575703,383.797462403774,223.681430056691,1475.59232518077,4.67920237779617,3.72606575489044,6.94094401597977,771.121911525726,445.467975974083,3929.69441208243,1101.17562282085,1320.54978424311,761.481131106615,58.3628262281418,54.2972070872784,26.1464394927025,1434.18082895875,102.145847201347,425.930297017097,240.977859199047,31.9510403871536,5.95086008310318,2.1336452960968,0,123.967881560326,459.866840392351,0,0,0,8.00167948007584,1.47996693849564,20.1800046861172,0,12.7453020513058,0,0,4.42456138134003,0,149.991627573967,1069.390450418,18.7289488017559,107.854117423296,0,64.8072398304939,156.260745584965,923.892250448465,76.6738885343075,0,213.686501532793,6375.18760791421,44.8353889584541,9.59760880470276,24.3368762731552,0,0,0,245.161140322685,135.823554456234
2.31589061021805,0.432809501886368,3.33611950278282,0,93.8593770563602,435.22294870019,217.149500623345,386.811844795942,3684.33409079909,7859.71514382958,116.604406833649,8232.80296236277,9.94169011712074,317.944505929947,725.575390636921,0.424588650465012,17.4348362386227,39.1001990437508,9.96501982212067,13072.743926093,14.0606832802296,0,7.99979230761528,2432.12411898375,0,17.0457357466221,4.36008012294769,12031.9102491438,118.409283846617,18.5610914826393,1.64466202259064,23.647780418396,0,108.587301075459,58.169495254755,819.420968651772,48.1072833836079,192.116665482521,39.5132770240307,537.869064092636,113.001512527466,49.3048956692219,282.47173088789,0.379960030317307,45.9604218900204,7.03948223590851,693.317495703697,20.0448593199253,7.23445945978165,0,0,0,216.006547063589,21.4771450161934,61.1351498067379,75.5949664711952,469.692460536957,294.929075211287,245.567063450813,4.28544881939888,480.870613396168,0.280353993177414,39.7287649214268,66.8234740197659,5.39898163080215,0,2.27401787042618,0,112.036499917507,2.11394423246384,2.47131955623627,0,1253.45717436075,0,0.914103001356125,1.14009067416191,1396.00196456909,23.3110046386719,1.63730880618095,0,1.30535793304443,0,58.0291439294815,3.81172323226929
0,0.695762515068054,1.94214248657227,93.8593770563602,0,747.35125041008,46.1528147757053,133.399084061384,262.277344286442,34.0840827822685,89.249866604805,696.550112754107,8.24050319194794,64.6142165064812,4370.55126830935,16.5237783193588,4.77240413427353,10.0913501977921,1.99693197011948,133.826229870319,103.415865302086,8.53550571203232,131.759983539581,411.220798522234,0,14.0278635919094,25.1387197375298,125.929543465376,33.4856032133102,60.0595736503601,1.4809413254261,784.889578342438,1.23450863361359,1027.33440846205,301.678552180529,100.881479084492,14.8034306168556,48.0712809562683,12.4530968666077,13421.5470070839,12049.39769274,7.29396879673004,7.05013361573219,3.87891185283661,3.89876782894135,3.56226789951324,34.5485811531544,3.98926198482513,0,0,0,0,9.10402828454971,0,1.82308807969093,6.63334172964096,18.0582137703896,9.32679504156113,10.215215921402,0,6.63345211744308,0,1.25249123573303,0.624192118644714,5.17333096265793,0,0,0,0.867534071207047,1.19173622131348,0.701582789421082,3.17053657770157,39.3674778342247,0,0,3.64196944236755,46.34423199296,1.43595588207245,3.59512931108475,0.429725795984268,0,1.0143221616745,7.2239488363266,98.5679439902306
20.5448335707188,1.671282351017,21.5241775810719,435.22294870019,747.35125041008,0,1849.33415549994,30038.2300557196,111.963056355715,17586.5957541466,598.613729715347,6690.80171206594,49.9915402531624,1377.40712818503,2408.16051954031,0,88.0330313742161,266.972986698151,98.1156932413578,1312.93887780607,74.3530700802803,0,118.47681632638,113.201579302549,0,131.553392499685,61.5617530941963,885.534485340118,266.426662445068,101.447182148695,14.7548304796219,186.45599642396,3.91014304757118,463.951147645712,1941.00780567527,1452.9461171031,87.5622493326664,757.701644361019,134.342121064663,6661.4983137846,2496.03923180699,172.044572621584,32.2560232877731,1.13497459888458,67.1290827989578,26.4706702232361,81.966641753912,12.1050852239132,19.0370448231697,0,0,0,1.76496842503548,0,4.02328854799271,2.57525038719177,13.7027593851089,28.034010976553,5.28092035651207,3.415318608284,126.706174761057,0,2.65964752435684,2.75717723369598,8.04264637827873,0,0,0,1.97435384988785,0,3.78742623329163,0.711327105760574,125.161940515041,0,0,0,70.2120309472084,1.23241233825684,0.429810732603073,0,0,0,33.2561913132668,88.050975561142
2274.80896309018,12.2373211979866,2213.44709903002,217.149500623345,46.1528147757053,1849.33415549994,0,23496.5282940567,1505.45134058595,21801.3413884044,1037.0032722652,247.032686114311,73.7455467581749,40602.828165561,472.958072096109,612.10955697298,669.807614773512,542.388774514198,210.440019935369,216.235876113176,10433.8588671088,178.757064968348,5127.17550289631,2885.41069069505,6.14395189285278,473.17512473464,1428.18164384365,72482.3134885132,8708.81586608291,11293.6155884862,18.9596806168556,222.749337166548,231.795397371054,3329.97837582231,2558.7136542201,10331.4834163785,605.987479478121,4578.22374993563,970.03504049778,1492.59245210886,1407.29019087553,635.521992743015,2926.32281240821,7.14522948861122,586.129016816616,113.439684510231,1859.37714982033,303.732050538063,73.452967107296,36.8769872188568,11.3131561279297,18.6698607802391,155.414074420929,12.6854197382927,82.415043503046,208.908256053925,1249.30647683144,1022.91304111481,295.93610778451,36.0046682357788,149.175278365612,0.85612165927887,220.237015813589,49.7704766690731,708.774645835161,3.97218006849289,0,0,51.0419923067093,233.608903884888,321.318788141012,202.016877382994,6120.33858710527,0,0,179.107549846172,3895.46410009265,536.945787161589,123.663877218962,0,4.27119106054306,20.1606245040894,683.781696349382,185.785070896149
379.807194173336,8.32692831754684,665.922683537006,386.811844795942,133.399084061384,30038.2300557196,23496.5282940567,0,269.693286091089,16074.3558216095,1297.96046963334,2174.50203281641,86.8298927843571,16769.7068149149,548.620715767145,10.2854976654053,958.263928681612,616.353267729282,276.959282517433,981.1269120574,2129.42508012056,1.60870414972305,4117.3146789968,292.897386163473,0,646.300671488047,893.256410241127,2401.04496952891,1350.87652720511,3576.73621702194,23.6306912899017,352.28687748313,98.2599729597569,1606.66361939907,537.889930456877,3509.86295333505,268.650815337896,2028.77993533015,583.758478850126,2099.52194014192,1088.31498682499,276.53860899806,715.281873255968,4.51304799318314,181.04733645916,39.340301156044,632.678795456886,67.9738302826881,21.7841172516346,3.00730693340302,7.64309442043304,2.18510547280312,43.5180368423462,5.53069067001343,20.1941785812378,73.3369700908661,452.445116728544,208.922455012798,109.063504874706,3.05312398076057,136.707922756672,0.449667870998383,39.7499458789825,25.0404642820358,103.081948637962,0.731830358505249,0,0,6.50720164179802,23.6798803210258,36.2946019470692,18.6157667338848,1568.28961265087,1.43097376823425,0,13.3412650823593,1050.27339991927,70.0378527343273,20.78633248806,0.78084659576416,1.88187623023987,2.40983080863953,180.241141498089,38.1820453107357
2.22140848636627,352.158887416124,10.1905326843262,3684.33409079909,262.277344286442,111.963056355715,1505.45134058595,269.693286091089,0,2366.84346219897,72.9947085678577,1722.76888799667,674.975018262863,110.346764355898,1837.48234975338,630.718688547611,59.2017740905285,31.7174106836319,13.8872393667698,1435.10581874847,52.3117698729038,7062.31486693025,205.327379018068,36878.3044857681,331.593471199274,113.759522020817,4119.8211941123,15129.4421524405,69.5619167387486,46.6022819876671,188.770529985428,5.94386923313141,9.03077664971352,120.500247895718,104.035841614008,716.561249613762,71.5212831795216,165.140179604292,57.6936992108822,1214.97877007723,74.8394078910351,56.4997783899307,1114.7658405602,35.5441927611828,258.871610790491,64.8231043219566,517.469217628241,103.972793787718,8.85146331787109,2.23512548208237,26.9358644485474,18.7020681500435,617.45152002573,22.1512171030045,128.77868154645,320.700211316347,1321.69921463728,7739.24044710398,907.662301391363,117.257620573044,265.350669980049,5.09183326363564,309.199820756912,77.7170186042786,2257.03245675564,17.7075391411781,105.001843750477,23.7810300290585,112.890717387199,116.100575208664,2355.88386204839,510.153702825308,8479.05206155777,4.17139518260956,43.4196209609509,1376.97861018777,5137.6429695487,417.552166193724,27.8129426836967,1.15271350741386,4.44814729690552,6.47404932975769,310.82261750102,147.837739825249
68.8573184013367,2.32316848635674,148.088726967573,7859.71514382958,34.0840827822685,17586.5957541466,21801.3413884044,16074.3558216095,2366.84346219897,0,1548.66766536236,5579.62954577804,111.09694647789,5903.49718686938,278.898262947798,8.25395047664642,333.636219471693,763.029524415731,272.654643386602,3837.4248650372,474.74072355032,1.73129087686539,271.762330949306,890.954490512609,1.52760064601898,381.579778164625,157.627930372953,18631.9218922257,1943.33562958241,319.711961090565,28.6909805834293,230.678004592657,12.0709547102451,2005.03627198935,1441.14900654554,8769.55389815569,425.994579702616,3030.4522485137,406.738406658173,1953.34423241019,1423.36613503098,531.785056948662,775.565541744232,3.58226302266121,262.432477921247,50.5486943125725,1472.27118259668,61.0003535449505,42.4405103027821,0,1.13149917125702,0,169.173622488976,20.4912546873093,72.2318237423897,139.490958720446,980.139077693224,411.572052240372,370.759147167206,6.85019981861115,740.056354433298,0.478119879961014,70.7726653516293,118.226412892342,33.3245752155781,0,0,0,88.5420474112034,8.45341128110886,10.3569943904877,6.22167292237282,2754.70551249385,0.53472101688385,0,4.42354056239128,2442.16545692086,48.1922736167908,4.58368942141533,0,0.84605872631073,0,209.626022934914,47.0277038514614
59.4215365946293,186.708441495895,32.1221499741077,116.604406833649,89.249866604805,598.613729715347,1037.0032722652,1297.96046963334,72.9947085678577,1548.66766536236,0,965.603658556938,5771.81148681045,4033.56252142787,90.8450350761414,9.71512219309807,2089.58857417107,17283.5064376593,1438.33755353093,407.32220980525,181.920790851116,81.1088538467884,364.441079050303,72.2441448867321,555.990331232548,5535.52909424901,405.018834978342,259.068834125996,4199.75272190571,330.934526264668,427.911004722118,2916.66018974781,29.6203316450119,13242.3455686569,284.299776464701,3535.16077487171,3316.81109580398,9996.08304858208,959.861495554447,345.711515635252,520.75261041522,2061.20918321609,22.0380167961121,85.8627235293388,82.1703988015652,7.13148152828217,25.3716893494129,0,22.3284133076668,0,215.432917535305,2.33093923330307,0,0,0,0,0,48.2021650075912,0,3858.57054531574,31.5492035448551,6426.45329791307,0,1.86726462841034,1.97506073117256,7.73378625512123,21.1778708100319,4.3831253349781,0,0,63.7616678476334,4.08788335323334,63.2038120031357,561.652575224638,903.596005350351,1977.55758455396,5.94067591428757,15.3499566912651,0,1679.61867401004,3.7294135093689,0,54.5449959635735,56.4582095742226
12.5207531452179,1.1024956703186,1.3317209482193,8232.80296236277,696.550112754107,6690.80171206594,247.032686114311,2174.50203281641,1722.76888799667,5579.62954577804,965.603658556938,0,78.6538694500923,1629.18524587154,6194.92419785261,0,143.534583777189,495.881887376308,177.979144155979,10430.3848702908,11.6308842599392,2.59441685676575,19.7104910314083,997.532082885504,0.61536568403244,264.626961141825,59.5368277430534,2948.22714415193,255.624665409327,41.5445339381695,26.8110117018223,139.440186679363,0.449939787387848,714.992189317942,3590.12191775441,1963.20219451189,144.413843423128,1094.15220147371,178.087979376316,2586.87788233161,714.469150036573,258.329989284277,208.368256032467,4.12416571378708,128.857856273651,26.4441759288311,377.627561062574,21.7822855710983,21.8010544478893,0,0,0,75.268861413002,6.52614665031433,29.8106109797955,29.5300468206406,237.144157230854,94.0792370438576,104.233206063509,12.8667368292809,1269.60273829103,0,29.7795734703541,22.2593752145767,10.8627679049969,0,0,0,30.3923303484917,4.19017976522446,3.73137629032135,0.569630861282349,549.303449451923,1.00411260128021,0,1.55402275919914,636.083771377802,26.6482041180134,3.18903571367264,0,0,0,72.0528521537781,2355.74712738395
0,4551.74427112937,0,9.94169011712074,8.24050319194794,49.9915402531624,73.7455467581749,86.8298927843571,674.975018262863,111.09694647789,5771.81148681045,78.6538694500923,0,224.367995589972,13.5921468436718,119.597358345985,5.75849896669388,14.322017967701,1.2466716170311,27.481085807085,18.5476152896881,3071.58422628045,16.876808732748,1895.65645074844,8394.40776365995,80.3155640363693,8919.87727588415,204.644523710012,190.028571695089,12.2391075789928,2543.77431026101,222.138929218054,2.08371418714523,1113.59996524453,25.6046589016914,294.902124494314,1841.04190653563,2684.09713557363,75.8670814931393,56.1022469997406,120.073649227619,4915.78081864119,49.403372824192,141.32442599535,174.983614265919,15.3388326764107,1.62619078159332,0,46.5619854331017,0,826.854992181063,0,0,0,0,0.737204551696777,1.43812489509583,48.0735617876053,0,9555.67542970181,5.2885055243969,18453.9369136095,0.801590025424957,0,3.37793171405792,0,34.498781979084,0,0,0,235.385310918093,0,46.8082055151463,2347.37499517202,1348.62194362283,5595.92961138487,2.46824970841408,16.2649422287941,0,3362.7336832583,7.01177155971527,0,122.025062680244,7.04168266057968
13216.0819750428,43.869194984436,868.919709771872,317.944505929947,64.6142165064812,1377.40712818503,40602.828165561,16769.7068149149,110.346764355898,5903.49718686938,4033.56252142787,1629.18524587154,224.367995589972,0,263.080699086189,12.9732768833637,3665.25022593141,2257.22440853715,1115.63200563192,813.339253991842,2005.76789236069,10.1185091733932,8600.67311117053,144.996698588133,0,2207.88563603163,2728.59161859751,1843.05450111628,14129.3725063354,29521.7699905634,99.4620238542557,127.194876939058,345.832220107317,5008.93659627438,715.836671948433,5436.91160096228,644.541428238153,4292.06035065651,1202.70331320167,1107.85382026434,747.071338772774,332.468852251768,130.462303459644,1.71119490265846,115.894494503736,26.6225655674934,193.139252841473,15.0182811319828,30.3373955786228,2.26913294196129,23.0043200552464,2.37099301815033,2.23210430145264,0.55210280418396,4.94615280628204,1.88241398334503,15.0688264966011,109.871397048235,4.54745033383369,11.5834681391716,87.4754555523396,7.66009458899498,6.83966499567032,6.0101705789566,104.959182977676,4.26103949546814,0.648109376430511,0.848943114280701,0,28.5727857649326,43.1470046341419,22.1734127402306,624.661292999983,0.991909503936768,1.58433258533478,90.6000872552395,183.078860878944,9.53406983613968,16.8866368532181,1.78075963258743,1.04532313346863,0,48.8057519495487,42.2337726950645
16.3488560914993,6.88358736038208,16.5982072651386,725.575390636921,4370.55126830935,2408.16051954031,472.958072096109,548.620715767145,1837.48234975338,278.898262947798,90.8450350761414,6194.92419785261,13.5921468436718,263.080699086189,0,48.7598772644997,22.3161668777466,38.2792407870293,16.6954337358475,907.068170636892,379.839275091887,89.6146947741508,315.725363433361,3301.88857838511,5.64568182826042,35.8181236684322,106.26557379961,1122.58716124296,187.401611804962,338.864928513765,5.85805866122246,720.565983176231,3.42179036140442,130.279568612576,623.19332754612,359.895292788744,57.0099810957909,121.952057093382,37.0895649790764,4896.87756979465,98.860855191946,37.7551490366459,137.872972309589,9.39153432846069,53.4650084376335,35.4364764094353,205.59178557992,21.4850261211395,8.0835325717926,2.24306529760361,0,2.31579113006592,60.3758076131344,1.80067324638367,12.3298853933811,24.2960841953754,127.355657219887,91.1490877568722,88.726828366518,6.94686424732208,93.4158024191856,0,36.4371154904366,13.5138486623764,59.0141466856003,3.76850950717926,0,0,31.8533852696419,52.6480953097343,27.4149054288864,66.5682667195797,296.101877301931,0,1.9669007062912,30.3575623333454,334.803370505571,42.5130493044853,13.277295678854,0,0,0,41.7790171504021,1669.17790144682
0.877956986427307,240.52930817008,36.1682734191418,0.424588650465012,16.5237783193588,0,612.10955697298,10.2854976654053,630.718688547611,8.25395047664642,9.71512219309807,0,119.597358345985,12.9732768833637,48.7598772644997,0,115.72884580493,9.40540391206741,26.7690745294094,0,5428.79268053174,11119.1806124151,7663.32877609134,9389.33301624656,81.9411543607712,104.172968626022,6945.98101818562,6008.47176545858,19.0788875520229,65.3355881273746,42.0468970835209,2.82044112682343,9.4784744977951,211.133997231722,380.687445551157,5254.91192185879,1077.77312040329,1040.79701763391,467.982150703669,59.0430317521095,50.5275179743767,494.270623862743,1539.53598985076,76.2269178628922,443.286409169436,268.351571321487,190.767164498568,62.0425514578819,79.1446138620377,13.7032252252102,58.8601168394089,50.943690598011,1.14279818534851,9.75300055742264,5.65869063138962,96.2332332134247,36.5944429636002,745.535510182381,8.09350073337555,4.61407181620598,8.40521597862244,3.23884630203247,107.089352011681,23.6524033844471,16160.7664285898,37.3752348423004,3.42104610800743,9.14374086260796,1.36484435200691,1691.97181785107,3729.77680280805,6947.47901707888,3054.80710709095,2.49735999107361,8.3569530248642,2425.14020517468,1452.7662102282,123.237925857306,431.404488235712,0,6.67688727378845,4.22705614566803,283.500661253929,194.597518950701
215.303404837847,466.40937101841,9317.02667814493,17.4348362386227,4.77240413427353,88.0330313742161,669.807614773512,958.263928681612,59.2017740905285,333.636219471693,2089.58857417107,143.534583777189,5.75849896669388,3665.25022593141,22.3161668777466,115.72884580493,0,3472.27521207929,15525.1442791224,73.9416061043739,3838.96560767293,139.873692512512,43511.5037304163,245.63894122839,3.20737415552139,13682.7507461905,20879.0610565841,478.051434397697,1854.01816952229,4288.43802732229,10.522007226944,96.9803668856621,98.1483244895935,17956.9402678311,1012.07536429167,10482.8878726363,5066.86576977372,5800.42646786571,2401.21705928445,151.834213316441,111.408956378698,27.782561480999,1835.84352245927,116.07653722167,513.183633387089,330.273200154305,18.2505993247032,1.98739528656006,1.70094865560532,0,484.602285325527,289.110672235489,0,0,0,0.726758778095245,0,30.85040807724,0,17.1221410632133,2.7521781027317,6.35746896266937,0,0,71.584611415863,2008.27697867155,22.8646642565727,270.151682764292,0,27.8125342726707,203.878516852856,600.901300400496,24.6013784408569,3.30095046758652,736.256370425224,9263.37262570858,5.2067329287529,0,13.0106500983238,2.23346573114395,0,0,332.54612916708,302.714537292719
33.6252264082432,1.76153129339218,34.7225868999958,39.1001990437508,10.0913501977921,266.972986698151,542.388774514198,616.353267729282,31.7174106836319,763.029524415731,17283.5064376593,495.881887376308,14.322017967701,2257.22440853715,38.2792407870293,9.40540391206741,3472.27521207929,0,8970.00174638629,222.656414031982,219.053685486317,1.70021855831146,482.085124462843,25.3870779871941,1.35248029232025,3344.61520642042,382.086272776127,135.457839637995,1915.18632140756,268.702826648951,24.0590450167656,734.598899006844,22.9132887423038,3989.07618576288,369.935929507017,6213.72575557232,2633.34523963928,7396.96842089295,1339.62615120411,194.014368116856,141.318495512009,14.5709991455078,9.00570154190063,2.43937557935715,9.52264320850372,7.62022918462753,0,0,0.750665009021759,0,3.6576412320137,0.420417785644531,0,0,0,0,0,15.2281901836395,0,50.5239919424057,18.4288350641727,82.2922765016556,0,0,0,4.95551371574402,2.38396573066711,1.69247609376907,0,0,1.21803021430969,0.515428721904755,0,6.89749693870544,44.2945836186409,211.57677796483,0,0,0,88.0387875139713,0,0,1.76137852668762,86.4335646629333
40.2059774696827,46.3678598999977,517.64480483532,9.96501982212067,1.99693197011948,98.1156932413578,210.440019935369,276.959282517433,13.8872393667698,272.654643386602,1438.33755353093,177.979144155979,1.2466716170311,1115.63200563192,16.6954337358475,26.7690745294094,15525.1442791224,8970.00174638629,0,65.7351721525192,523.713054329157,18.5947585701942,1714.25315052271,25.5124096870422,0,20169.1027210951,3055.65152975917,86.4893879294395,822.302123874426,645.677679419518,14.0486873984337,127.841839075089,20.384614855051,3143.14902764559,323.441842466593,5414.75988256931,2473.29155907035,4163.23764693737,814.283264666796,51.5868424773216,47.7957130968571,7.00611755251884,112.855095416307,7.02381381392479,41.698885679245,29.2874585986137,0,0,1.40096640586853,0,72.8770986497402,10.787414342165,0,0,0,0,0,7.31335374712944,0,1.23319512605667,4.25566241145134,4.53677898645401,0,0,5.80546534061432,185.442165374756,1.5499262213707,59.6510674357414,0,1.20962378382683,14.932190656662,20.1496745646,2.01350900530815,0,143.46334400773,1071.74935647845,0,0,2.20278453826904,6.32796970009804,0,0,20.3873021602631,81.272868514061
5.43128165602684,0,3.74989697337151,13072.743926093,133.826229870319,1312.93887780607,216.235876113176,981.1269120574,1435.10581874847,3837.4248650372,407.32220980525,10430.3848702908,27.481085807085,813.339253991842,907.068170636892,0,73.9416061043739,222.656414031982,65.7351721525192,0,4.15899354219437,0.58124977350235,13.1232231259346,927.7520211339,0.767301321029663,106.852862924337,23.5869411528111,2987.42833212018,195.459705621004,30.2292870879173,11.8464460074902,41.2325422763824,0.604331016540527,328.59370046854,80.3827608525753,1326.93435761333,109.810738742352,557.948008775711,80.6444253623486,846.418893635273,293.288246631622,125.765715003014,484.770524978638,0.578724443912506,131.443032056093,21.88492795825,772.899620980024,42.4035721421242,10.6893071830273,2.1892421245575,0,0,161.797284752131,7.45296806097031,64.1253617107868,85.6360745728016,701.184961140156,180.052540570498,260.876571506262,6.42548793554306,461.944550126791,0,114.556625008583,39.5095657706261,10.8658503592014,0,0,0,55.049922734499,0.42054271697998,8.93702924251556,1.34407711029053,1178.61980763078,0,0,0,1445.99439892173,101.868718206882,3.51106572151184,0.635626494884491,0.841181755065918,1.04586672782898,136.121645450592,12.507544875145
103.469921946526,54.7459141612053,3186.542129457,14.0606832802296,103.415865302086,74.3530700802803,10433.8588671088,2129.42508012056,52.3117698729038,474.74072355032,181.920790851116,11.6308842599392,18.5476152896881,2005.76789236069,379.839275091887,5428.79268053174,3838.96560767293,219.053685486317,523.713054329157,4.15899354219437,0,398.97451505065,72387.0513044894,400.211269587278,6.78490275144577,1412.92383754253,4435.50636439025,2815.29964861274,799.354817897081,33156.0862802565,14.1440764665604,26.0225831270218,85.2968562841415,16959.9020451158,2566.00767758489,20596.0679555386,1966.86051619053,15580.8757039309,5299.39853605628,415.833974331617,377.591763019562,399.819406718016,392.929357916117,10.8664908409119,142.079555958509,65.7094736099243,150.750871926546,46.6272773146629,56.6644330024719,10.0854567885399,37.9357427060604,33.7006058096886,0,2.33437913656235,8.97476845979691,54.3552423119545,18.5589395165443,340.11493229866,4.16082787513733,4.64400672912598,3.0778551697731,0.856203079223633,55.6716597080231,10.1317608356476,2957.56261879206,54.9970597922802,0,3.41839098930359,0,817.817449450493,953.558062374592,1045.76389789581,1495.34488028288,0,18.0966694056988,696.928829610348,761.228598892689,95.6960027813911,309.612968683243,0,7.43599808216095,5.19083866477013,133.454075336456,700.61956050992
2.4876309633255,4372.84722009301,25.7464820444584,0,8.53550571203232,0,178.757064968348,1.60870414972305,7062.31486693025,1.73129087686539,81.1088538467884,2.59441685676575,3071.58422628045,10.1185091733932,89.6146947741508,11119.1806124151,139.873692512512,1.70021855831146,18.5947585701942,0.58124977350235,398.97451505065,0,1158.78314730525,19189.8558870256,1733.72607731819,172.935756027699,26631.7921278179,2490.4854785502,20.3906514644623,16.0837689638138,552.185408532619,0,1.37421458959579,68.9244928956032,35.880656182766,388.433881491423,125.832109540701,142.930735528469,40.184198141098,24.8141098618507,3.31548070907593,16.2361618578434,246.024910986423,11.0465117096901,72.5560638904572,55.1342149972916,45.0697338879108,6.12386834621429,7.81704813241959,3.449846804142,135.311275660992,16.9015101492405,1.26422792673111,6.03384864330292,0,15.407361716032,9.3256995677948,514.967597842216,0,19.9319455623627,18.3074645400047,68.5476922094822,15.0181121826172,9.18268764019012,2455.88129156828,22.2135166823864,2.42160123586655,8.39593333005905,1.28403741121292,193.029294639826,2022.66534650326,576.119573235512,1404.62343096733,30.0024266839027,24.2958610355854,1469.43552771211,384.996097356081,36.8106906116009,45.4226195514202,15.6851062774658,0,0.458368122577667,43.3817436993122,23.9672768115997
393.986531764269,153.440403103828,50349.7540277839,7.99979230761528,131.759983539581,118.47681632638,5127.17550289631,4117.3146789968,205.327379018068,271.762330949306,364.441079050303,19.7104910314083,16.876808732748,8600.67311117053,315.725363433361,7663.32877609134,43511.5037304163,482.085124462843,1714.25315052271,13.1232231259346,72387.0513044894,1158.78314730525,0,1448.48135697842,8.04650193452835,10476.9213428795,71954.6625937819,6983.45199486613,1632.84332227707,17850.0161172152,63.4776744544506,34.2826965749264,66.7790294587612,16351.9789117724,4951.32449632883,47601.3167754412,10672.2390917838,21136.2444124818,9216.81527212262,678.339274764061,515.20279109478,973.948300719261,2863.67180365324,177.538287758827,986.84236869216,571.338184148073,254.48841932416,81.4352557063103,134.219776839018,9.07020553946495,109.998749345541,770.210207611322,1.00163576006889,1.33077478408813,4.26402124762535,92.0391159951687,28.6625445485115,249.732392251492,15.2067733407021,20.1245962679386,9.11171609163284,3.16570237278938,104.799655526876,10.4331586360931,13087.89436692,416.831622451544,21.5744894146919,66.0206566154957,3.58772537112236,1510.55452862382,1602.30571854115,10320.7742415667,1394.41505521536,1.92529952526093,81.5071484148502,12480.7500513494,992.981959968805,76.8928977251053,331.412112414837,0,7.5886577963829,3.3697115778923,459.407943457365,1521.67676576972
4.44436514377594,1770.38628786802,56.5275512337685,2432.12411898375,411.220798522234,113.201579302549,2885.41069069505,292.897386163473,36878.3044857681,890.954490512609,72.2441448867321,997.532082885504,1895.65645074844,144.996698588133,3301.88857838511,9389.33301624656,245.63894122839,25.3870779871941,25.5124096870422,927.7520211339,400.211269587278,19189.8558870256,1448.48135697842,0,1025.02374529839,245.659252554178,12585.7417522967,16387.6642220616,234.140527695417,49.4058613181114,384.685699999332,15.2546221017838,43.7303538620472,308.232103258371,260.424269288778,1583.89956006408,193.288436710835,471.889563471079,163.309318512678,2052.29336470366,95.5616371631622,157.213592529297,2907.45538377762,15.9876194000244,543.174882918596,103.540642410517,1523.74679204822,296.120477288961,22.5138298869133,42.5878309309483,76.141172349453,36.3214774727821,584.043285399675,38.4832819104195,165.953361093998,337.39218711853,2007.31917732954,4539.77647712827,743.680649012327,99.8636270165443,613.344455659389,7.05405980348587,523.949622035027,127.774576067924,2895.3744866848,8.43606385588646,0,2.11880403757095,131.191453844309,507.674382686615,2710.9449313879,671.711577773094,12722.2734180689,13.6110496222973,0.419993132352829,508.161322027445,6362.01337248087,1010.3816922009,201.74560546875,5.72093307971954,8.83108428120613,16.877272605896,908.828776687384,120.598497033119
0,2636.56704509258,0,0,0,0,6.14395189285278,0,331.593471199274,1.52760064601898,555.990331232548,0.61536568403244,8394.40776365995,0,5.64568182826042,81.9411543607712,3.20737415552139,1.35248029232025,0,0.767301321029663,6.78490275144577,1733.72607731819,8.04650193452835,1025.02374529839,0,81.1748368144035,8381.93740272522,99.3114473521709,3.24278163909912,0,447.837917894125,1.21553981304169,0,19.6634432673454,0,20.6266196072102,25.2259694337845,60.7762182950974,1.08624637126923,1.74535822868347,7.48632395267487,380.546340107918,35.9580414295197,31.4590825438499,23.5235519707203,4.43177390098572,1.55265945196152,0,37.9114943742752,0,772.022447019815,0,0,0,0.875160157680511,0,0,24.5111581683159,0,1011.3780682981,3.40262639522552,3745.22197383642,0.48435914516449,1.76900589466095,4.93412175774574,0,1.14900636672974,1.92931598424911,0,0.556211113929749,87.0069709122181,3.13632795214653,29.8784891664982,1745.15906310081,66.3511265218258,2727.68020382524,3.54798257350922,3.87311524152756,0.921935498714447,372.622259110212,2.30622708797455,0,18.9530818760395,0
85.8283771574497,551.101202696562,48767.6692458093,17.0457357466221,14.0278635919094,131.553392499685,473.17512473464,646.300671488047,113.759522020817,381.579778164625,5535.52909424901,264.626961141825,80.3155640363693,2207.88563603163,35.8181236684322,104.172968626022,13682.7507461905,3344.61520642042,20169.1027210951,106.852862924337,1412.92383754253,172.935756027699,10476.9213428795,245.659252554178,81.1748368144035,0,42998.8224744201,230.74958512187,1351.03435352445,1583.82388725877,2530.15313646197,277.053507298231,37.5893285274506,2905.46491473913,1359.07233300805,23581.5128056109,17292.2261767983,9501.6578528583,2984.27442133427,216.60815551877,145.117607831955,53.6839202642441,2521.10008847713,354.2450119555,876.008456915617,571.112477302551,19.5627997517586,5.02973067760468,23.300424516201,0,971.398879438639,173.786637216806,0,0.965163588523865,0,8.00648295879364,0.567409157752991,62.3856558799744,0,1062.20926374197,3.86921179294586,2431.10509026051,2.11125189065933,0.622988283634186,23.0669117569923,2838.86018252373,150.811178803444,1191.30463400483,0,58.9066433310509,378.054267555475,241.296784728765,65.1835672855377,196.866151601076,4201.33763572574,28742.2854135633,4.60381579399109,4.34142976999283,58.0523770153522,1857.79613915086,0,0,413.870431512594,357.012553244829
137.291441828012,32964.4625543654,26471.8807575703,4.36008012294769,25.1387197375298,61.5617530941963,1428.18164384365,893.256410241127,4119.8211941123,157.627930372953,405.018834978342,59.5368277430534,8919.87727588415,2728.59161859751,106.26557379961,6945.98101818562,20879.0610565841,382.086272776127,3055.65152975917,23.5869411528111,4435.50636439025,26631.7921278179,71954.6625937819,12585.7417522967,8381.93740272522,42998.8224744201,0,5035.86725977063,1183.71652549505,3286.32443904877,3548.73688101768,75.2580589652061,53.24456346035,6280.8636867404,3470.73316192627,41637.0785832107,13222.9735231102,13700.2814130187,5308.2786245048,442.846902519464,285.505662322044,220.800575166941,15116.7932192981,1489.37154582143,4883.10970672965,2790.55928364396,209.756842195988,86.5706003904343,153.962463200092,5.77787405252457,8960.08175891638,4163.36925214529,0.625203967094421,3.63421595096588,0.996006578207016,99.8066061139107,6.14810702204704,236.36702349782,1.59782296419144,1282.71228325367,23.02232375741,3420.50980231166,25.0866355597973,9.44720014929771,5486.89996528625,8449.16476747394,445.491418540478,2494.10026308894,1.97843438386917,961.081399232149,6526.4999166429,13826.7999244332,632.882788658142,628.261166036129,7893.62783902884,154876.789274365,321.733810037374,28.2165315747261,251.085516482592,3200.16327956319,0,2.47952222824097,2271.11875894666,1376.45996269584
45.7388372123241,155.721487045288,383.797462403774,12031.9102491438,125.929543465376,885.534485340118,72482.3134885132,2401.04496952891,15129.4421524405,18631.9218922257,259.068834125996,2948.22714415193,204.644523710012,1843.05450111628,1122.58716124296,6008.47176545858,478.051434397697,135.457839637995,86.4893879294395,2987.42833212018,2815.29964861274,2490.4854785502,6983.45199486613,16387.6642220616,99.3114473521709,230.74958512187,5035.86725977063,0,2489.34401753545,11579.8647825122,41.1212202012539,112.861878991127,408.988166958094,2713.20785817504,1796.53071585298,9506.89722010493,720.743162482977,3758.03100672364,1099.39739644527,1581.01704204082,799.685281515121,597.117696285248,4677.95048907399,22.5615543425083,838.613219887018,193.106716215611,3731.96514567733,434.765266984701,74.065866112709,56.3463688194752,43.3920811712742,69.2659039497375,809.740172743797,56.7579753994942,273.330046236515,533.702787667513,3436.60934966803,3676.0342977047,1357.20639634132,38.7220129370689,954.481082618237,1.67344915866852,508.0870911479,266.868973314762,2724.74031808972,10.8145183026791,0,0,303.454181551933,705.307507157326,1778.86520373821,735.281320422888,14659.5221742988,1.61051654815674,0.58721262216568,720.558308124542,9849.6517572403,973.100689888,365.025947660208,0,5.01406019926071,27.7636284828186,1208.14605894685,248.66380366683
9300.38576743007,19.9190736413002,223.681430056691,118.409283846617,33.4856032133102,266.426662445068,8708.81586608291,1350.87652720511,69.5619167387486,1943.33562958241,4199.75272190571,255.624665409327,190.028571695089,14129.3725063354,187.401611804962,19.0788875520229,1854.01816952229,1915.18632140756,822.302123874426,195.459705621004,799.354817897081,20.3906514644623,1632.84332227707,234.140527695417,3.24278163909912,1351.03435352445,1183.71652549505,2489.34401753545,0,14840.7652101219,95.6449896097183,1008.66599598527,6172.05758863688,12305.1305732727,832.189334899187,3301.35806593299,366.6886305511,5032.60086636245,956.214962720871,307.705886632204,760.503390401602,145.679313510656,87.9502516686916,2.62215232849121,40.2794245481491,20.7306958436966,66.0788651704788,13.7792589962482,7.47509741783142,0.477813541889191,15.2202060222626,2.37882620096207,0.443282961845398,1.22576630115509,1.79721629619598,5.45208185911179,10.8032910525799,75.6053806245327,0.622201800346375,2.3451082110405,21.1128523051739,2.27757966518402,4.69968324899673,3.42758810520172,88.6805516630411,6.44064900279045,0,0.379115998744965,0.434164971113205,25.9957250654697,50.6532024145126,20.4925303161144,448.904533758759,0.676220953464508,6.43868550658226,97.0468499362469,147.716843605042,12.892697006464,16.8575382232666,1.46513676643372,2.15742254257202,1.21130418777466,30.022050768137,112.124254047871
7009.3278798461,38.461078196764,1475.59232518077,18.5610914826393,60.0595736503601,101.447182148695,11293.6155884862,3576.73621702194,46.6022819876671,319.711961090565,330.934526264668,41.5445339381695,12.2391075789928,29521.7699905634,338.864928513765,65.3355881273746,4288.43802732229,268.702826648951,645.677679419518,30.2292870879173,33156.0862802565,16.0837689638138,17850.0161172152,49.4058613181114,0,1583.82388725877,3286.32443904877,11579.8647825122,14840.7652101219,0,14.2063529789448,51.9215205609798,1643.96513718367,15139.8176718354,2501.60710138083,12513.7845536768,1696.1773314178,9052.08878266811,2639.35774430633,515.161442250013,549.956443428993,434.283082902431,443.43853059411,3.03365552425385,139.701077848673,43.2512200474739,234.664572447538,63.7719697952271,65.5232990980148,9.26113107800484,31.5794959366322,24.7800651490688,2.27192187309265,0,9.12802547216415,31.5353852212429,34.9624375998974,108.851096391678,6.75272923707962,2.67822879552841,11.6897987127304,0,58.2317328155041,4.06156581640244,1091.52528038621,45.188300460577,0,0.875012278556824,4.82099968194962,351.443384706974,224.978703558445,290.24261701107,1151.82969209552,0,10.4489858746529,470.234018057585,869.355408906937,116.415831506252,159.423131853342,0,1.55260276794434,4.29308664798737,157.605350345373,361.896322011948
0.863947302103043,462.649281412363,4.67920237779617,1.64466202259064,1.4809413254261,14.7548304796219,18.9596806168556,23.6306912899017,188.770529985428,28.6909805834293,427.911004722118,26.8110117018223,2543.77431026101,99.4620238542557,5.85805866122246,42.0468970835209,10.522007226944,24.0590450167656,14.0486873984337,11.8464460074902,14.1440764665604,552.185408532619,63.4776744544506,384.685699999332,447.837917894125,2530.15313646197,3548.73688101768,41.1212202012539,95.6449896097183,14.2063529789448,0,35.3353246748447,1.14099115133286,113.69188117981,92.4980600476265,1377.96511748433,1313.29817342758,706.915954858065,233.439910322428,19.8114696741104,9.29880166053772,20.9175551831722,31.5362524092197,130.010071992874,62.0979436933994,12.3391597270966,0.798832654953003,0.500007271766663,12.5263465344906,0,129.822285622358,0,0,0,0,0,0,0.647063016891479,0,1930.49284762144,1.27668571472168,5866.80403032899,0,0,0,2.21722859144211,32.8533526062965,3.59559687972069,0,0,18.6882466673851,0,2.36941486597061,592.720709234476,1318.35672152042,6755.82453042269,0,0,0,2830.6899830997,0,0,4.71842941641808,13.5942820012569
