0,0,29.0071071684361,8.64446738362312,6.95390909910202,132.572386234999,9036.03658887744,2129.7371776998,7.63578903675079,176.829429417849,79.3173853754997,68.4366343319416,12.2310432195663,21001.041624099,18.422399699688,0,350.513370633125,96.7933593392372,180.97090703249,7.9836371243,108.618590921164,0,319.49315610528,67.470312833786,4.04096883535385,263.701680928469,79.7281514406204,341.583928048611,9432.85836878419,9839.36879935861,1.33881425857544,4.87344604730606,48.549297451973,806.028670579195,79.637470215559,592.109142810106,20.0346239507198,720.838832706213,240.921423852444,35.747741907835,11.8367086648941,18.263578504324,4.78529798984528,0,3.24513584375381,2.51911336183548,0.447793692350388,0,0,0,1.29108428955078,0,0,0,0,1.22614303231239,0,2.57374179363251,0.611633479595184,0,3.70829838514328,0,0,0.831937313079834,2.01802983880043,0,0,0,0,0,0.589938282966614,0,14.8999682068825,0,0,0.493511319160461,11.6402617692947,0.671694397926331,1.03620716929436,0,0,0,1.29039245843887,10.7422692477703
0,0,45.9780201911926,2.5100634098053,0,0,3.93112349510193,2.54317528009415,1321.74190321565,0,602.568782180548,2.68100643157959,1206.28315880895,3.42693328857422,4.19886815547943,716.121699601412,62.9112796187401,0,16.7763298153877,0,20.5103303194046,4073.58622357249,47.4784583747387,3318.49732556939,2099.61797001958,63.7670809328556,20133.2870613039,142.722253501415,7.70435529947281,2.99949502944946,15.4283784031868,0,0,46.6912081837654,6.74565297365189,91.1245448589325,64.323801368475,113.695957481861,57.3073561191559,4.35300642251968,0,490.355812102556,45.809785425663,32.7309149801731,24.6523281037807,19.3997128903866,1.34300589561462,0,4.25844991207123,0,1331.95163550973,56.8992150425911,1.3421345949173,0,0,0,0,11.6632924675941,0,14.0956781506538,0,143.404907226562,0,0,36.2006020545959,7.70088344812393,2.35394316911697,2.60008108615875,0,3.17605912685394,34.5712180435658,9.80191704630852,27.609872251749,40.7984188199043,125.455219656229,4241.50773483515,9.85959777235985,0,0,34.6786471307278,0,0,4.15162521600723,1.23284316062927
29.0071071684361,45.9780201911926,0,8.09038892388344,1.32972931861877,11.1080794036388,527.287195682526,52.9226679801941,25.65182107687,35.4091984927654,80.6241819560528,9.36922109127045,3.29204761981964,104.530440121889,4.43122035264969,101.172068268061,17005.742841959,282.942614376545,2246.46684208512,1.7991074025631,3439.62893643975,13.1192581653595,50828.1333181262,243.440416902304,19.6949396133423,28129.1413110793,27090.5154712796,4945.42689314485,87.0778163820505,199.125881016254,1.80474162101746,0,21.2264223694801,1839.67252835631,466.875592678785,6582.87061530352,5158.29155153036,4031.58365467191,2536.03352615237,29.9354739189148,39.2303678691387,18.2858533263206,520.200346827507,215.654422819614,131.667246460915,226.469579309225,5.53013560175896,4.41017878055573,4.71522116661072,0,205.929944425821,2288.23928654194,0,1.61443614959717,0,8.12042105197906,0,4.27438932657242,0,1.33206111192703,0.828338980674744,10.3141199946404,0,1.22722029685974,285.015131056309,257.893762439489,7.07573068141937,73.8538821935654,0,30.7481444180012,65.1629899740219,911.178067654371,53.2301985025406,1.94758021831512,383.854275614023,11544.9997099638,49.2649584710598,0,2.61144226789474,3.79252672195435,0,0,11.898089081049,248.294686824083
8.64446738362312,2.5100634098053,8.09038892388344,0,36.7789333462715,486.420115783811,376.710344851017,371.240023523569,3642.10396617651,13908.4383601248,84.5784350633621,12701.4306176901,9.37853851914406,385.970736891031,277.605925679207,1.0215802192688,8.76997044682503,10.4064174294472,10.0823646187782,17092.1807348132,5.58887380361557,3.85971647500992,17.5342809557915,8099.55950292945,81.5970552861691,26.4448993206024,3.71802547574043,5280.94305574894,656.269920736551,20.0448262393475,0.546338021755219,42.8435330092907,42.7917701005936,540.727520644665,83.5140200257301,1800.63329651952,23.8653753697872,518.181945413351,186.926585525274,1296.01965388656,97.3065067529678,77.204650580883,525.497540742159,5.73800295591354,310.752850472927,47.773290425539,1011.07257255912,53.1935573816299,7.66401427984238,0,3.41993451118469,0,2463.49906310439,26.3054029941559,116.130869984627,591.948271602392,61.6236661076546,628.903500467539,1926.93692648411,4.0675382912159,1178.58658492565,54.7210240960121,49.7391949295998,250.17646536231,7.93542289733887,0,2.38540053367615,0,398.983677595854,6.47115767002106,9.09183067083359,0.841261029243469,2637.44978892803,1.93792521953583,0.314914762973785,4.7822530567646,2428.40123832226,118.273383080959,1.60326418280602,0,0.523991644382477,2.66111034154892,275.632179528475,10.6218829154968
6.95390909910202,0,1.32972931861877,36.7789333462715,0,3017.1179535687,90.6932163834572,74.4914834499359,222.683072924614,109.37749043107,1.07239294052124,691.025707662106,1.38376688957214,39.8086944818497,4017.27909326553,7.08066880702972,9.25358879566193,0,0.986010551452637,20.7916577160358,87.7753316760063,0,80.1088052392006,93.6366540789604,5.52925211191177,8.41034018993378,9.65934383869171,184.36233279109,49.3897267282009,81.0120937824249,0.72892427444458,1104.8547513485,2.56171679496765,485.911577612162,1721.08688023686,234.770088225603,14.8849859833717,34.8897135257721,37.3998227417469,16799.1662577391,4916.41550934315,9.72098910808563,19.8497654795647,7.74797880649567,1.90473127365112,68.3114627301693,30.5628149807453,2.18361806869507,0,0,0,1.36992037296295,19.1596272885799,4.44539844989777,4.56876718997955,9.2889170050621,1.21963256597519,9.12989541888237,9.15959396958351,0,19.0109211504459,5.19898760318756,0.413371920585632,4.78288304805756,6.03176993131638,0,2.07026326656342,2.58567452430725,2.50636613368988,5.69471859931946,0,20.4655318856239,20.1363754868507,0,11.0680868029594,19.23450756073,30.8557940721512,2.3672342300415,5.74512016773224,0,0,0,3.32672345638275,3281.72819834948
132.572386234999,0,11.1080794036388,486.420115783811,3017.1179535687,0,3940.90815007687,20817.5666410625,727.906077712774,32124.0585140884,191.602481931448,8516.73972165585,16.5555648803711,1866.42721375823,4197.4680224359,1.9058974981308,35.0108274519444,42.4039866626263,15.6883226633072,308.188390791416,16.7906349897385,3.63661223649979,38.3361342251301,948.268603175879,127.084190636873,86.8025033473969,14.0311355292797,2258.87407256663,1693.86363223195,178.944189220667,0.712648749351501,803.672206044197,43.0418240725994,1130.92856989801,9041.44508236647,4029.72827914357,47.2912239730358,1027.41767498851,372.750126093626,11532.7977231145,1555.90884000063,160.525040268898,172.403369218111,10.8758719563484,112.35882383585,39.8134683966637,321.488268703222,10.2009066939354,12.4037970900536,0,0,1.60592246055603,265.227597087622,7.9123492538929,15.1889665722847,185.906684309244,5.13869231939316,110.946234464645,152.347955137491,0.720395386219025,322.377551019192,33.8317673802376,8.69282400608063,61.8259127736092,5.21781235933304,0,0,0,44.8478013277054,0,2.80318802595139,0.503217458724976,801.917935818434,0,0.609945893287659,0.867260932922363,411.955434262753,19.5247008800507,0.661239385604858,0,1.66918647289276,4.34219133853912,53.116324454546,673.17349806428
9036.03658887744,3.93112349510193,527.287195682526,376.710344851017,90.6932163834572,3940.90815007687,0,19136.6432560831,592.622983247042,17534.1235865057,455.60659468174,381.36124676466,71.0094516277313,24790.6383308172,240.558651655912,2.21932244300842,1032.72279250622,281.626618236303,488.981740742922,80.4763567447662,293.731156677008,4.59442004561424,1947.5285192728,1257.28395023942,46.8181218206882,1098.57655143738,387.852210968733,39615.0846569538,9681.57295700908,36713.3008574247,8.23243862390518,246.547113448381,987.114070773125,4895.82861554623,1074.11356201768,8492.77970692515,254.980250090361,5731.68942898512,2152.98369273543,847.025285840034,644.886183768511,413.475151181221,396.600467056036,15.3501468002796,236.900188207626,40.150602221489,285.043094664812,30.0025104284286,16.7475541234016,0,3.20433920621872,6.13067644834518,229.377785950899,3.4763023853302,16.8630727231503,282.935376495123,23.4710382223129,81.0185032784939,218.514496713877,0.776895582675934,92.6316911578178,30.5564713180065,9.03358906507492,12.1990290284157,44.6213368475437,1.11673080921173,0,0,20.2711318135262,3.21995615959167,4.39602982997894,1.91091132164001,1136.88655436039,4.13203716278076,0,19.9020472466946,789.561528205872,30.1094540953636,7.55203095078468,0,1.05601680278778,0,157.317625105381,123.061813235283
2129.7371776998,2.54317528009415,52.9226679801941,371.240023523569,74.4914834499359,20817.5666410625,19136.6432560831,0,636.424594134092,14878.1965815127,511.493064492941,5748.46450152993,72.5564480125904,22129.1420023143,399.394937634468,0.54918098449707,321.457948297262,192.769176840782,166.944880604744,439.519864648581,88.3636590540409,3.92198342084885,370.348893791437,1242.7289082706,154.385973930359,398.31263640523,99.8548490703106,1974.91030485928,3766.53506970406,2065.01488775015,12.6347269415855,677.405537903309,75.5174212753773,1845.89826992154,194.535690277815,6146.603489995,92.0046426355839,2159.90489542484,1045.66054546833,3746.66500252485,454.124506950378,296.644732683897,126.278716266155,14.4519445896149,125.91169244051,61.2513998746872,123.173751145601,12.8026192188263,18.3446208238602,0,0,0.832540571689606,72.339817494154,0.479719519615173,6.07534357905388,118.203023940325,6.7572286427021,95.9270409941673,23.6561475992203,2.92482072114944,111.385079264641,72.2107959985733,16.1479186117649,12.6690347492695,28.8376500308514,0,0,0,4.80935975909233,2.91017484664917,2.20363420248032,0.640313625335693,763.440159976482,0.83291083574295,0,1.69455593824387,242.728129178286,14.0469856262207,2.75198096036911,0.447970986366272,4.94314414262772,0,67.3711476027966,20.217696160078
7.63578903675079,1321.74190321565,25.65182107687,3642.10396617651,222.683072924614,727.906077712774,592.622983247042,636.424594134092,0,2478.94531679153,350.390112072229,2758.22730857134,580.041720509529,571.169917970896,1766.03153461218,840.16237577796,19.2155330777168,43.987526088953,13.9510740637779,984.180304676294,95.6798777282238,4972.24856826663,202.357581287622,30937.1223522723,1363.07611092925,106.147030174732,3022.177280128,4241.94773977995,587.190030634403,22.4889690279961,16.0725914239883,20.9333158731461,8.80570492148399,500.915502339602,28.0901425778866,1246.2458524406,32.1928119361401,381.536729872227,156.371629744768,3736.68749603629,60.2930564284325,213.243682175875,1247.46052151918,81.4421297311783,547.682690650225,173.396562129259,899.085561066866,73.6172835528851,14.37050563097,10.3972411453724,276.809065759182,62.5491431057453,3098.71023795009,41.1994197070599,247.756793797016,515.03268250823,229.313066214323,4070.96246546507,1380.83513024449,91.7450093328953,1066.78670883179,90.9385986626148,243.940874099731,219.146414786577,4348.34390833974,13.5843172073364,46.7438147366047,14.623374402523,295.252610594034,232.165802687407,2075.59125560522,541.641549795866,8362.15557336807,18.0905678272247,42.7989956140518,3631.78616711497,4102.69024005532,353.505552589893,99.4577581584454,11.6136478185654,8.28217279911041,10.9546562433243,459.594894498587,99.6645346581936
176.829429417849,0,35.4091984927654,13908.4383601248,109.37749043107,32124.0585140884,17534.1235865057,14878.1965815127,2478.94531679153,0,1080.08596277237,7788.98562502861,106.539887160063,7682.48954558372,503.659741699696,1.45639026165009,32.1378260850906,247.288615137339,86.138357013464,8632.34379982948,11.5824953615665,2.36764428019524,58.478798776865,2435.75554153323,229.21107763052,295.940672576427,38.3435900211334,24339.5861592591,7041.85813523829,189.919799000025,3.50748389959335,380.760740667582,109.139163315296,4788.54158365726,301.172944545746,8967.81892636418,83.3160494267941,3903.33921313286,1115.14618363976,2372.49988117814,849.865732938051,505.605718553066,382.03778269887,22.729951351881,190.1831125319,88.9024231135845,1440.8069460988,12.6771070361137,34.6677643060684,3.16827434301376,1.65712344646454,0,1848.81494095922,26.7324352860451,38.4153467714787,586.19518917799,13.8629123270512,639.756024897099,624.857032090425,0.71717756986618,1389.74016755819,105.063640356064,11.5756082236767,363.293403208256,12.702669262886,0,0.851081788539886,0,351.02311706543,1.01217144727707,13.9767559170723,0,2841.30086222291,2.80018448829651,0,0,1440.35278104246,12.6489953398705,6.45756733417511,0,0,3.86747050285339,138.562234938145,43.6633084416389
79.3173853754997,602.568782180548,80.6241819560528,84.5784350633621,1.07239294052124,191.602481931448,455.60659468174,511.493064492941,350.390112072229,1080.08596277237,0,651.718946397305,15613.0686016083,1156.32711231709,16.2622753977776,47.0075606107712,130.345020890236,16770.0228762925,1747.47881361842,77.4189259409904,153.433926641941,384.758874088526,407.130962431431,717.066040664911,3483.55352061987,11960.7671409845,1322.65013974905,359.347032785416,1315.4422929287,134.156251043081,2624.71562704444,97.9638391137123,7.66430136561394,18354.2908626199,26.5931186079979,1362.75120186806,3717.91888695955,9579.11471372843,579.875336647034,132.027885317802,35.1439722776413,3768.60566049814,32.9779842197895,818.751552194357,116.769051283598,19.7774495482445,40.7190819680691,0,105.997656136751,0,119.512962251902,4.09940361976624,0,0,0.540155351161957,0,1.88219192624092,35.8108845949173,0,975.685759574175,11.5852980911732,6336.94367775321,3.32241362333298,0,12.0169076323509,0,12.3657911419868,1.66179603338242,0,0.710739493370056,22.4036676883698,3.33831515908241,105.438222587109,616.082599908113,275.163117796183,1120.71356606483,8.50311040878296,8.26527744531631,0,861.906064361334,2.40234684944153,0,52.7616860866547,12.8257316946983
68.4366343319416,2.68100643157959,9.36922109127045,12701.4306176901,691.025707662106,8516.73972165585,381.36124676466,5748.46450152993,2758.22730857134,7788.98562502861,651.718946397305,0,73.1941831111908,2548.25181785226,4069.2505826056,0.900890350341797,12.9952171742916,231.070008069277,56.2718639075756,12270.9044062495,0,2.56714236736298,8.68989998102188,2364.55601909757,146.915275394917,392.406843423843,62.3753941357136,421.731274008751,2231.58796110749,47.8374821543694,7.75266885757446,135.523881196976,6.42953878641129,1491.44466263056,5205.95732820034,2782.70580145717,35.2984270453453,824.71915858984,337.269631654024,8023.32891955972,171.62243437767,169.043059468269,173.073656529188,12.506152510643,113.275165855885,48.7316686213017,1087.62573650479,22.8806113302708,20.3345253169537,1.85777235031128,1.5585857629776,0.926037728786469,1871.29691976309,31.325559169054,95.1026183664799,214.510772198439,61.6221966445446,312.634645074606,764.082546263933,15.33131980896,2706.54477000237,106.129408836365,38.7103845477104,300.465792000294,3.73318308591843,0,7.74337133765221,0.586669683456421,637.252072423697,1.21631294488907,2.61233550310135,1.52183726429939,1085.29750415683,2.84657126665115,5.35710397362709,3.41236039996147,920.994705885649,91.3538975417614,4.15077608823776,1.0120767056942,6.13115838170052,0,146.278032302856,586.596507698298
12.2310432195663,1206.28315880895,3.29204761981964,9.37853851914406,1.38376688957214,16.5555648803711,71.0094516277313,72.5564480125904,580.041720509529,106.539887160063,15613.0686016083,73.1941831111908,0,117.664326250553,5.12120074033737,125.047025769949,2.09440141916275,29.5421643555164,4.07082939147949,9.50862234830856,13.6326226592064,937.165842890739,19.6155554652214,1009.4303548336,9282.54480534792,233.872654110193,2677.88636335731,101.028022795916,134.796735197306,8.41239878535271,1994.2415021956,14.2726540565491,0,1409.80569425225,10.7818613052368,481.609390705824,4174.71919739246,5203.40467894077,200.23009994626,119.507982105017,28.9769263267517,5470.67296457291,58.3030292987823,2215.66319566965,403.712156236172,72.1017339229584,45.3401337862015,3.98775732517242,238.296456754208,0,493.536932170391,1.30458164215088,0,0,0,1.43704465031624,6.64472481608391,52.8560935258865,4.70290142297745,2735.37369644642,8.94337758421898,17648.6666115522,11.4564738273621,5.68955028057098,22.7226936817169,0.962982773780823,61.9161674380302,15.5768301188946,0,1.9892863035202,127.227061897516,8.81426805257797,30.234667301178,2205.97021985054,1515.37632751465,7065.51765686274,14.0976288616657,28.1117477416992,2.70337927341461,3999.52421116829,10.2355187535286,0,178.773478776217,0.897658348083496
21001.041624099,3.42693328857422,104.530440121889,385.970736891031,39.8086944818497,1866.42721375823,24790.6383308172,22129.1420023143,571.169917970896,7682.48954558372,1156.32711231709,2548.25181785226,117.664326250553,0,135.662711858749,0.831401109695435,750.119393438101,635.90500369668,562.512004703283,354.757005274296,251.296821266413,11.0000178217888,724.119256466627,1298.30498763919,85.0427541136742,1350.32674834132,347.891833424568,2370.96964463592,10840.6564188302,8388.9523537159,33.4030314683914,168.385903596878,123.110043883324,3342.72006133199,254.124691694975,4759.87420573831,105.884929299355,2906.3022813797,1168.62472701073,710.069897681475,148.764117687941,200.161858201027,173.493329167366,17.3898206949234,108.833518564701,50.7354840040207,107.41920042038,9.08715683221817,11.1829137802124,0,2.49838471412659,0.596433222293854,41.485634624958,1.37282085418701,5.86882418394089,101.479892164469,3.84800601005554,95.3405483067036,19.7974936664104,0,65.14030829072,44.5198704898357,7.37697714567184,9.5877106487751,9.05399531126022,0,0,0,2.98862731456757,0.941600441932678,0.427599370479584,3.07494753599167,919.218471944332,2.61080133914948,0.914699792861938,8.91494607925415,327.221476465464,6.63192427158356,2.4626906812191,1.82064628601074,3.14274209737778,0.582946300506592,45.1160255670547,17.4000246226788
18.422399699688,4.19886815547943,4.43122035264969,277.605925679207,4017.27909326553,4197.4680224359,240.558651655912,399.394937634468,1766.03153461218,503.659741699696,16.2622753977776,4069.2505826056,5.12120074033737,135.662711858749,0,10.9531781077385,9.47795617580414,3.66185560822487,1.93498650193214,87.7284564971924,136.950215637684,4.45056658983231,133.845565527678,813.723860144615,19.8733082413673,15.697040438652,16.9071349203587,546.96974748373,143.841274291277,179.68640846014,1.85759377479553,340.624627888203,6.41465470194817,87.5159259438515,1468.86257335544,389.460627824068,32.7209548652172,147.69059792161,70.6452900767326,6865.17306482792,64.6234236359596,40.9947072863579,23.8320649266243,5.95221483707428,23.9335359930992,60.6136096715927,168.597551941872,2.25845074653625,0.921610534191132,1.26894569396973,0,6.85625684261322,139.99485591054,7.05788835883141,10.9966403841972,19.0070090293884,4.21622279286385,65.2554894089699,77.2864710986614,1.27605122327805,166.574274629354,8.92032063007355,1.94489204883575,42.5253134965897,10.0670187473297,1.39013767242432,1.1355437040329,3.5367511510849,15.2916017770767,9.17527759075165,0,19.8385257720947,124.518557041883,0,6.10062789916992,18.6752331852913,109.838914841413,6.47735440731049,3.60787093639374,0.583716750144958,1.02306687831879,0,15.2481545507908,757.356703519821
0,716.121699601412,101.172068268061,1.0215802192688,7.08066880702972,1.9058974981308,2.21932244300842,0.54918098449707,840.16237577796,1.45639026165009,47.0075606107712,0.900890350341797,125.047025769949,0.831401109695435,10.9531781077385,0,74.2631740570068,3.31906449794769,26.1094797849655,0,4487.88167834282,10514.718159914,11402.9781185687,3412.11957675219,492.630570918322,117.579949080944,21681.3905215561,1581.45888501406,2.21920144557953,4.33150613307953,6.13381120562553,0,0,56.2811432480812,350.340192019939,3060.27859795094,1865.30403366685,266.324132919312,440.228086203337,8.74798929691315,4.18869781494141,77.0914217233658,271.992433637381,104.615689098835,80.0217797458172,66.1126704514027,116.882939994335,7.65708374977112,6.46169781684875,2.98800891637802,160.398397922516,66.0713613927364,4.06761038303375,3.43346494436264,1.35423123836517,43.8403469324112,24.416100114584,105.902202039957,4.42999261617661,1.68314242362976,8.94657492637634,87.1446157991886,22.546033591032,15.9778442978859,11698.872466296,17.8259029984474,0,5.54711329936981,0,779.124128699303,1676.5657017827,2947.47606518865,1940.80240178108,14.6395475268364,26.4703296720982,2867.53827470541,1191.97296360135,28.9184460043907,55.7253330945969,0,0,4.78090393543243,28.5137539803982,73.0893417596817
350.513370633125,62.9112796187401,17005.742841959,8.76997044682503,9.25358879566193,35.0108274519444,1032.72279250622,321.457948297262,19.2155330777168,32.1378260850906,130.345020890236,12.9952171742916,2.09440141916275,750.119393438101,9.47795617580414,74.2631740570068,0,411.994243353605,7036.43181660771,1.40076047182083,3297.65250918269,28.8959181308746,15150.5183669925,205.205577343702,5.66406100988388,23491.0551521778,24059.0274623036,3147.06387546659,689.829469919205,3093.07038140297,0,3.29138249158859,161.309832632542,6216.7992850244,82.2773784399033,1167.08144676685,803.045024514198,1823.01634958386,567.785715311766,20.8219761252403,20.0266444087029,10.3490433692932,66.6671125292778,35.8092086315155,34.3928433656693,32.3542983829975,0.497766017913818,0,0,0,121.122932374477,254.508876055479,0,0,0,0,0,0,0,0,0,0,0.426492124795914,0,25.6533747911453,39.9500432610512,0,11.7844277918339,0,1.48670995235443,10.4081987142563,69.6777696311474,9.07692909240723,0,94.6487260460854,2440.82910686731,6.05177408456802,0,0,0,0,0,4.38105154037476,23.9551006555557
96.7933593392372,0,282.942614376545,10.4064174294472,0,42.4039866626263,281.626618236303,192.769176840782,43.987526088953,247.288615137339,16770.0228762925,231.070008069277,29.5421643555164,635.90500369668,3.66185560822487,3.31906449794769,411.994243353605,0,2751.26880073547,28.4075550436974,461.855044186115,1.58882594108582,1204.76880255342,108.380550742149,4.18219912052155,7039.5660802424,856.770686775446,304.263936251402,598.112332522869,252.327246010303,29.7995314598083,12.1413054466248,19.3537791073322,5804.39816209674,84.8650372326374,1401.06548774242,1526.84782925248,6713.95809993148,1808.88060715795,41.0112964510918,20.6621115803719,22.783818423748,2.71670746803284,1.89150929450989,0,2.67285919189453,0,0,0.658840596675873,0,4.29462915658951,7.89509278535843,0,1.53728169202805,0,0,0,5.1504253745079,0,0,0.949461907148361,3.19610965251923,0,0.757175803184509,0.585908532142639,0,2.65590846538544,1.56924852728844,0,0,0,0.908528476953506,0,1.47230619192123,37.092225164175,98.6286680102348,0,0,0,0.503154873847961,0,0,0,45.1033420860767
180.97090703249,16.7763298153877,2246.46684208512,10.0823646187782,0.986010551452637,15.6883226633072,488.981740742922,166.944880604744,13.9510740637779,86.138357013464,1747.47881361842,56.2718639075756,4.07082939147949,562.512004703283,1.93498650193214,26.1094797849655,7036.43181660771,2751.26880073547,0,6.33560326695442,1089.68040499091,7.95289817452431,3217.75990441442,66.3779454529285,0.38507553935051,21735.7527624369,8682.42394825816,944.309154719114,490.033283948898,793.103057295084,0,3.32488167285919,82.2026243209839,7392.89556491375,41.7848770618439,787.046709179878,1016.76075255871,1908.30977714062,686.436680287123,17.1444442272186,16.0410858988762,6.23085716366768,14.5765949487686,4.85926920175552,3.8789350092411,5.72158247232437,0.733449518680573,0,0,0,24.3946468830109,47.4830500781536,0,0,0,0,0,4.67316579818726,0,0,0,2.77859568595886,0,0,3.01601392030716,4.9338373541832,5.41587328910828,11.4546007514,0,0,1.63669884204865,12.8721280395985,0.631190836429596,1.05019447207451,175.585497885942,687.728552669287,0,0,0,0.505401730537415,0,0,0,16.4789871573448
7.9836371243,0,1.7991074025631,17092.1807348132,20.7916577160358,308.188390791416,80.4763567447662,439.519864648581,984.180304676294,8632.34379982948,77.4189259409904,12270.9044062495,9.50862234830856,354.757005274296,87.7284564971924,0,1.40076047182083,28.4075550436974,6.33560326695442,0,0,1.36732697486877,2.87863171100616,2507.06037589908,43.4630536735058,38.1292644739151,7.99088105559349,1079.958025828,421.202557981014,5.71831050515175,0,34.0948323011398,0,316.294367104769,12.728567302227,793.454442381859,3.63526806235313,249.242964893579,68.0657367706299,726.929248869419,68.2136946320534,47.2700164318085,141.35331633687,0.879401028156281,105.242197573185,13.8723770678043,539.915990889072,16.6201100945473,5.89762890338898,1.71945905685425,0,0,814.770584642887,18.4705774784088,57.8933469355106,168.730563551188,33.0215047895908,255.106349021196,572.907513082027,3.25562164187431,558.777920663357,32.7809593081474,20.7099208533764,131.087521880865,3.79457759857178,0,0,0,111.163706898689,0.597640991210938,6.01126956939697,3.09090268611908,769.128415048122,5.17350387573242,0,3.1681142449379,771.442177653313,45.8938510417938,0,0,0.675414979457855,1.29841685295105,112.766636997461,2.91037118434906
108.618590921164,20.5103303194046,3439.62893643975,5.58887380361557,87.7753316760063,16.7906349897385,293.731156677008,88.3636590540409,95.6798777282238,11.5824953615665,153.433926641941,0,13.6326226592064,251.296821266413,136.950215637684,4487.88167834282,3297.65250918269,461.855044186115,1089.68040499091,0,0,325.32322371006,44240.4879312217,497.286170214415,106.523594260216,2772.06720268726,4102.83240386844,29029.5839482844,476.045629918575,17395.8485350609,1.60708409547806,15.6794991493225,194.656170576811,8688.93312045932,3059.05616986752,13629.0748660862,2010.29215985537,12510.1003086269,6956.13060086966,103.416037499905,90.1147119402885,131.977448344231,206.357157051563,27.1817313432693,45.9693617224693,78.0373970270157,87.021474391222,13.4218996167183,7.53428131341934,2.63206434249878,21.2963742911816,91.5887908935547,4.58360505104065,6.64722871780396,1.66457653045654,41.1873739957809,34.8341971039772,68.5645776987076,3.54829290509224,2.09419763088226,4.95919024944305,37.9701176583767,32.6148832440376,17.4944434762001,1977.29717481136,4.30506333708763,0.658063530921936,0.298727989196777,0.7281134724617,332.227944940329,286.294218480587,472.26716402173,1061.76898726821,0.967353940010071,16.9144743084908,876.087270796299,845.441876471043,35.7358887195587,69.8360269665718,0,0,6.90465784072876,25.939390540123,585.873531013727
0,4073.58622357249,13.1192581653595,3.85971647500992,0,3.63661223649979,4.59442004561424,3.92198342084885,4972.24856826663,2.36764428019524,384.758874088526,2.56714236736298,937.165842890739,11.0000178217888,4.45056658983231,10514.718159914,28.8959181308746,1.58882594108582,7.95289817452431,1.36732697486877,325.32322371006,0,612.668109893799,18860.0718736649,1777.75336533785,22.1666460335255,10943.7892614901,1059.0971134007,8.62998956441879,2.21422904729843,18.610456943512,0.60550856590271,0,46.6155652403831,3.22465044260025,118.062456846237,47.2726031243801,90.7646786570549,28.60508030653,26.1403747200966,2.53478211164474,277.91726782918,127.202395737171,24.6127060949802,28.8573370575905,24.4301937818527,11.1005209088326,0,2.70524430274963,0,131.369998306036,38.1750723719597,7.55105739831924,0,0,13.8211776614189,11.2502656280994,71.2006841897964,1.75527667999268,9.03333514928818,2.87751695513725,84.1504639089108,7.6171532869339,6.47251200675964,1980.55204024911,8.22682571411133,0,2.30419379472733,2.84709525108337,161.286531984806,751.186654478312,313.566910654306,972.274264544249,20.2942010760307,10.0027323961258,1616.31016206741,365.923195332289,3.0841401219368,21.7348149418831,18.6965234875679,0,0,9.71045380830765,6.17365461587906
319.49315610528,47.4784583747387,50828.1333181262,17.5342809557915,80.1088052392006,38.3361342251301,1947.5285192728,370.348893791437,202.357581287622,58.478798776865,407.130962431431,8.68989998102188,19.6155554652214,724.119256466627,133.845565527678,11402.9781185687,15150.5183669925,1204.76880255342,3217.75990441442,2.87863171100616,44240.4879312217,612.668109893799,0,381.936750560999,273.313479870558,14038.2054398656,53352.9105565548,11164.0829824507,768.789324462414,12373.2853864133,12.3098400235176,11.1018332242966,197.02831324935,10052.1021523178,6121.25036364794,42002.9105570018,16810.2426722348,18249.6426144242,13833.8960086703,158.882506221533,138.966296672821,180.908050119877,366.373665928841,109.205836951733,93.464741230011,202.227913081646,106.564891070127,5.66028213500977,12.8762668371201,0.541619777679443,100.930018395185,783.29863139987,0,5.87806415557861,5.21455472707748,15.8746135830879,9.77094712853432,37.8825505375862,4.62787449359894,6.98239403963089,7.94039335846901,135.675484448671,2.83657029271126,11.0069688558578,10052.2088368833,61.4533458650112,2.85880780220032,15.5193784832954,1.64841866493225,599.184507071972,847.564104706049,4416.56148299575,1255.39794078469,13.4496954977512,96.7465752065182,6977.58832296729,736.561661541462,17.1685870289803,19.8704574406147,4.94060954451561,2.33651447296143,1.1270340681076,28.2152742147446,1496.23250806332
67.470312833786,3318.49732556939,243.440416902304,8099.55950292945,93.6366540789604,948.268603175879,1257.28395023942,1242.7289082706,30937.1223522723,2435.75554153323,717.066040664911,2364.55601909757,1009.4303548336,1298.30498763919,813.723860144615,3412.11957675219,205.205577343702,108.380550742149,66.3779454529285,2507.06037589908,497.286170214415,18860.0718736649,381.936750560999,0,2940.71590667963,346.669008135796,12629.9957807958,12122.1723069847,1991.10801956058,72.5541914701462,36.2390135228634,80.0881089866161,146.246126651764,1606.86006215215,500.560027599335,7223.39969080687,984.949529826641,1591.59817785025,816.706657618284,2929.65538853407,248.32379001379,561.868705481291,4829.39763319492,134.130923509598,2236.78455731273,588.834316700697,2146.79360193014,354.207809329033,55.7730046510696,33.174941778183,106.221100360155,96.5302049219608,2014.37002363801,53.4637633860111,217.354924321175,1824.60912257433,431.217528700829,2268.02421984076,1532.06778439879,86.5921747982502,925.859909713268,382.443903356791,570.804224550724,270.516899377108,5348.95483848453,15.0179837048054,2.02418673038483,8.38550215959549,220.964957654476,835.012183129787,1305.17663091421,754.787669628859,17370.6601442695,38.8590922951698,17.8418062627316,1404.76286202669,10131.2374402285,669.742235004902,496.698592275381,4.22928661108017,17.6184719502926,60.9629756808281,1163.0878597796,209.807138413191
4.04096883535385,2099.61797001958,19.6949396133423,81.5970552861691,5.52925211191177,127.084190636873,46.8181218206882,154.385973930359,1363.07611092925,229.21107763052,3483.55352061987,146.915275394917,9282.54480534792,85.0427541136742,19.8733082413673,492.630570918322,5.66406100988388,4.18219912052155,0.38507553935051,43.4630536735058,106.523594260216,1777.75336533785,273.313479870558,2940.71590667963,0,78.2474557757378,8618.46275252104,658.375529050827,122.856759727001,18.9666178524494,105.068313241005,77.2529804706573,0,291.69472360611,14.684514939785,1210.59759435058,371.444596379995,1117.48575514555,427.915629267693,2617.1775225997,178.623905837536,6241.99456557631,317.259561806917,94.6062516868114,86.8718207776546,17.9927482008934,1103.48007211089,35.500693500042,13.765311986208,0,1060.66748332977,7.93381100893021,21.603275090456,5.58093988895416,8.70861333608627,39.1142119467258,46.8864786922932,15.217889547348,24.8293381929398,249.245316416025,65.9112487733364,2516.00437638164,53.7202925682068,53.6710680425167,252.734381347895,2.64393925666809,8.38694298267365,0,0,28.8157656788826,29.9303795695305,105.563840210438,182.180482566357,1092.99436506629,194.489350169897,3072.5548517406,226.699302881956,37.2055838704109,25.9917540550232,314.879681736231,7.85019099712372,0.496502548456192,57.337625682354,10.2998793125153
263.701680928469,63.7670809328556,28129.1413110793,26.4448993206024,8.41034018993378,86.8025033473969,1098.57655143738,398.31263640523,106.147030174732,295.940672576427,11960.7671409845,392.406843423843,233.872654110193,1350.32674834132,15.697040438652,117.579949080944,23491.0551521778,7039.5660802424,21735.7527624369,38.1292644739151,2772.06720268726,22.1666460335255,14038.2054398656,346.669008135796,78.2474557757378,0,34714.6270163804,2387.55989587307,1133.42097759247,991.540148586035,214.233660638332,22.7045024931431,97.8998093903065,12446.9706422687,722.414408028126,12094.2720329165,17944.8482541144,18933.5890683234,9420.68606388569,126.761416345835,145.472207099199,242.330726593733,271.374414145947,512.899950325489,214.972886711359,163.943946748972,9.44341760873795,0,5.97970521450043,0,347.701396733522,634.972672998905,0,3.18041086196899,0,0,0,21.1483607888222,0,261.055608481169,3.04021298885345,1152.98539981246,0,4.87823012471199,27.8246760070324,137.182972103357,110.380079627037,119.380537539721,0,0.558951556682587,37.0495866537094,83.9943918585777,5.21281564235687,498.856299936771,3206.07240307331,14982.5547972023,2.25217169523239,0,0.490614324808121,538.936790347099,0,0,43.4143967926502,423.426864802837
79.7281514406204,20133.2870613039,27090.5154712796,3.71802547574043,9.65934383869171,14.0311355292797,387.852210968733,99.8548490703106,3022.177280128,38.3435900211334,1322.65013974905,62.3753941357136,2677.88636335731,347.891833424568,16.9071349203587,21681.3905215561,24059.0274623036,856.770686775446,8682.42394825816,7.99088105559349,4102.83240386844,10943.7892614901,53352.9105565548,12629.9957807958,8618.46275252104,34714.6270163804,0,8655.60765150189,312.118880927563,604.387029349804,814.096250385046,5.88560605049133,29.9486718475819,8682.92766991258,2640.87325966358,38419.4829472601,23190.714671284,20482.713411957,13443.6175702214,217.121490567923,219.300359010696,275.926928669214,2690.32777133584,2684.65199902654,1558.17971110344,1390.91170793772,54.1436097621918,12.8917173743248,54.3855863809586,0,9683.85588905215,11702.4511514902,1.09676516056061,11.9855384528637,0.942992448806763,31.6516507863998,1.46685546636581,58.0439720749855,0.326092481613159,749.49760556221,4.93254899978638,4559.91510233283,1.56394347548485,14.3136840760708,10367.3025985658,1373.36252298951,407.032722622156,1120.20449668169,1.28924190998077,396.532213717699,2956.73648405075,9337.26613381505,1244.645111233,2375.0181260407,20158.9009161294,172691.17940709,605.671681493521,2.93276274204254,14.2033449709415,1963.31828176975,5.17602866888046,0,187.164407730103,1246.9795987308
341.583928048611,142.722253501415,4945.42689314485,5280.94305574894,184.36233279109,2258.87407256663,39615.0846569538,1974.91030485928,4241.94773977995,24339.5861592591,359.347032785416,421.731274008751,101.028022795916,2370.96964463592,546.96974748373,1581.45888501406,3147.06387546659,304.263936251402,944.309154719114,1079.958025828,29029.5839482844,1059.0971134007,11164.0829824507,12122.1723069847,658.375529050827,2387.55989587307,8655.60765150189,0,5976.55076926947,14308.1680222154,6.33268877863884,204.141932547092,1853.71620535851,6275.59394395351,4115.58103466034,30549.1806322932,3489.79879742861,10289.6528939605,6015.26235195994,1602.16431874037,734.325366556644,797.691961765289,4313.2949372828,150.011183142662,1697.57896268368,546.50409796834,1719.66329187155,288.647029101849,75.8506620824337,23.6434735059738,77.4951930642128,229.405127674341,1677.83784365654,44.0194348692894,100.287868797779,1617.92150518298,423.971829503775,1089.44072329998,1197.75877696276,16.5359901785851,752.871575802565,414.885611206293,429.163608014584,200.913292944431,4698.68379282951,26.1586927771568,0,0.562074720859528,200.526372790337,681.980486303568,661.585049450397,1093.47506076097,12595.7530007064,16.1279265284538,28.0533033013344,2310.18869665265,8455.59327840805,389.453758269548,677.386483997107,1.63492411375046,7.20188051462173,40.0499305725098,733.194850593805,667.667025566101
9432.85836878419,7.70435529947281,87.0778163820505,656.269920736551,49.3897267282009,1693.86363223195,9681.57295700908,3766.53506970406,587.190030634403,7041.85813523829,1315.4422929287,2231.58796110749,134.796735197306,10840.6564188302,143.841274291277,2.21920144557953,689.829469919205,598.112332522869,490.033283948898,421.202557981014,476.045629918575,8.62998956441879,768.789324462414,1991.10801956058,122.856759727001,1133.42097759247,312.118880927563,5976.55076926947,0,22052.9034540653,35.6883089840412,2079.75916963816,5379.72453555465,6982.07232682407,464.669348359108,7256.84643560648,133.218666315079,5051.33415585756,1634.39873421192,928.536431759596,674.756024420261,367.778766453266,238.781948000193,29.98455119133,149.594020754099,99.6630564332008,141.067650556564,25.5675619244576,30.1711388230324,0,1.64599633216858,0,38.2523294389248,3.25436979532242,7.3347789645195,103.968136548996,12.6342430114746,97.5849444568157,33.5824873447418,1.40203684568405,55.9470719695091,64.4520776867867,11.486721009016,24.5294902920723,24.2131768167019,0,0,0,4.18813228607178,3.07377052307129,4.08142936229706,1.50843268632889,988.290375262499,1.51146072149277,1.81847631931305,17.8922643959522,361.483013123274,19.3913850188255,6.90292474627495,1.38583099842072,6.21834480762482,3.85177791118622,73.4539340734482,69.0271397829056
9839.36879935861,2.99949502944946,199.125881016254,20.0448262393475,81.0120937824249,178.944189220667,36713.3008574247,2065.01488775015,22.4889690279961,189.919799000025,134.156251043081,47.8374821543694,8.41239878535271,8388.9523537159,179.68640846014,4.33150613307953,3093.07038140297,252.327246010303,793.103057295084,5.71831050515175,17395.8485350609,2.21422904729843,12373.2853864133,72.5541914701462,18.9666178524494,991.540148586035,604.387029349804,14308.1680222154,22052.9034540653,0,0,46.7539521753788,5515.30607318878,11222.4272484779,1308.10592204332,6395.77650764585,212.632210105658,8101.12747097015,2560.90809670091,220.333090901375,205.180790752172,158.433642953634,69.1950231492519,4.80879461765289,29.9429110884666,26.1391660571098,28.160155326128,9.72513204813004,3.69369447231293,0.510112285614014,2.35313379764557,4.28142464160919,5.53974825143814,1.57807916402817,0,15.8055754899979,3.45588916540146,9.06093454360962,0.81005597114563,0,6.38452762365341,5.59955838322639,10.2838175296783,3.60855549573898,72.9737401008606,0,0,0,0,7.32032978534698,4.79673480987549,5.43468827009201,203.815328985453,0,0,26.8393297493458,152.448035240173,1.76682606339455,10.6739103198051,0,0,0.943145513534546,13.965716779232,243.674509912729
1.33881425857544,15.4283784031868,1.80474162101746,0.546338021755219,0.72892427444458,0.712648749351501,8.23243862390518,12.6347269415855,16.0725914239883,3.50748389959335,2624.71562704444,7.75266885757446,1994.2415021956,33.4030314683914,1.85759377479553,6.13381120562553,0,29.7995314598083,0,0,1.60708409547806,18.610456943512,12.3098400235176,36.2390135228634,105.068313241005,214.233660638332,814.096250385046,6.33268877863884,35.6883089840412,0,0,1.65403896570206,0,269.48937317729,5.1150224506855,185.999619036913,1975.30530017614,1126.0874132514,171.523980021477,5.91983565688133,2.53611314296722,234.778524637222,5.08809760212898,399.80263671279,64.5882612466812,8.39842388033867,0.458911240100861,0,23.2240753471851,0,50.3504008948803,0,0,0,0,0,0,1.81558549404144,0,309.831376492977,0,1962.72968938947,0,0,1.38614284992218,0,16.2444911599159,2.6454208791256,0,0,6.69511699676514,1.3519321680069,2.16430830955505,300.964492917061,442.335347950459,1844.99086302519,0,0,0,611.284187018871,0.733344376087189,0,25.7402871847153,1.3705872297287
