0,0,0.0172808644733866,0,0.000104374593290687,0.00337071381817186,1.07789901043053,0.108815749932342,0.000414837529405117,0.00313684906915837,0.00361485064948952,0.000559418799737394,0.000262874137275338,0.684899309364846,0.000149516546369553,2.92127193952203e-05,0.0130764637443211,0.00477666403543025,0.0039567695528661,0.00125024293781352,0.0105153950151364,0,0.0169965944865379,0.00211092727349639,0,0.00471183660206467,0.00377000532778537,0.0187016139557558,0.472054916128726,0.354788318163195,0,0.000139672938814759,0.000585348121291995,0.00678670056678257,0.000838618363960741,0.0108405009144744,0.00167119328696096,0.00798013858999391,0.00273306471103806,0.00124539126186568,0.000236977468196392,0,0.000168584454447508,0,5.27793323321342e-05,3.04935186268091e-05,0.000353089537362575,0,0,0,0,5.64817729269266e-05,7.44121212570668e-05,0,0,0.00082469156989014,2.05346248492003e-05,0.000224475834646166,0.000141613636753201,0,0,0,0.000151300801090896,4.1382245663166e-05,6.04166320874095e-05,0,0,0,5.44349946332574e-05,0.000264310927468777,0,9.39692458509205e-05,0.00136238418292719,0,0,0.00050578477741611,0.00151160989913904,0.000164464200667501,0.000137363914308429,0,0,0,3.21130729395151e-05,0.000156727687416971
0,0,0.012153922912435,0,0.00110640314526188,4.03211806508303e-05,0.00052003973566854,0,0.298220472112672,2.30527803091407e-05,0.0083921419576503,9.25128532190323e-05,0.200121711679275,2.93406369658113e-05,0.00665213699047676,0.00966800713393773,0.00769520853484264,0.0015510184251641,0.00335971976159465,0,0.00234790122434824,0.337488204547506,0.00144202321772551,0.424800421244558,0.207077195692815,0.0633359404053052,1.94419906963655,0.0332914590794932,0.000271882295121908,0.000134296821673632,0.0410482867984302,0,4.32227655307055e-05,0.00264729774834549,0.00130717192581671,0.0118555486389966,0.0136383308119495,0.00548284653033572,0.00326616067592215,0.0055408107359038,0.000251159164631724,0.0763647461451341,0.0298827714974076,0.0136903762099772,0.00575475914245892,0.0103218881642468,0.00117914766185266,0.000182723886216521,0.000543217114065409,0.000134766474616766,0.148814373769313,0.0282287722571987,1.81566190510392e-05,0.00015324563822484,0,0.000493388885029674,3.20555022596121e-05,0.00215841664154572,0.000222793683613777,0.000140768318694115,0,0.00221915452678943,0.000412886569159091,8.44948057761192e-05,0.00264131608262539,0.0423409323598464,3.41196623477936e-05,0.00833110851830149,0,0.0022614856887629,0.00903612797700234,0.00682589817226588,0.0028901054668513,0.0144182065719269,0.0620724707124312,0.586407686945684,0.00120346385253239,0.000251545951516897,0.00281947575145355,0.000749089434342862,0,0.000137158148769856,0.00316276200176007,0.00177683634139472
0.0172808644733866,0.012153922912435,0,0,0.00184888993562853,0.00504090105979812,0.0347923454466586,0.107404927168262,0.000941917771628915,0.00240135598929506,0.00162484265876299,0.000415839214716553,0.0035984834065972,0.174489876951417,0.0045574983080917,0.00426605140143162,1.22040479059946,0.0354047207532553,0.111693444131895,0.000251977610602558,0.273768250120525,0.00981877864799099,2.72445877653232,0.00901410585990637,0,1.5240226766236,2.6665831276228,0.482688732707456,0.101506537593866,0.183716611680158,4.91051718233824e-05,0.00118079076170426,0.0200998313537704,0.079514055765047,0.023586640481165,0.283512115928267,0.463579961809591,0.144488999656444,0.159401289666166,0.00914673209662227,0.00535652935504115,2.4557096097827e-05,0.119279051843588,0.0145764869028458,0.0524210944508635,0.0303610666090616,0.00900928479775232,0.00098128352243388,0.000181155512711704,0.000269013883871198,0.0289753919556593,0.393874597202804,0,0.000859616804833772,0.000468473546242714,0.00679260827286988,0.00070991930866581,0.0010189369200356,0.000405200954056919,1.64462638973594e-05,0.000133531584592819,0,0.00168286324077445,0.000542087447584987,0.00582146434668493,0.118487767165874,0.000241164740551114,0.00576565073583957,8.23974702921512e-05,0.011015426404436,0.0346003853051875,0.125538186580273,0.0117102608735339,0.000183241343952775,0.0302295098402958,1.62479277382892,0.0163504266200355,0.000830114930038571,0.0120419941310075,0,0.000125646425994992,5.22985426034927e-05,0.0220494228934514,0.0211263880327708
0,0,0,0,0.00381822889513242,0.00602737132278745,0.00207703231840897,0.00426231200133657,0.207897541886509,0.346390359740187,0.000384269065370381,0.473044323763058,0.00145033943564081,0.00216558828799021,0.0166895529479468,0,0,0.000433475303875565,3.21032540540695e-05,1.58105858512564,0,0,0,0.0933312049370454,0,0.000519025048018694,7.16359312114714e-05,0.19691501423721,0.00484303159931368,4.34164721070528e-05,0,0.00046240663217479,0.00030095998629272,0.00263232594255728,0.00115824782499027,0.0227074886769121,0.00131705618511188,0.00422807181826478,0.00235805154929298,0.0217796196616413,0.00112298807309187,0,0.00206224970017785,0,0.00100031149778664,0.000217061461396217,0.0226784696340606,0.000503815675728083,0.000217498622626305,0,0,0,0.0288361996970426,0.000212097931772232,0.00135390550291342,0.0158524932711021,0.000490191293789446,0.0394654162445388,0.0508111681886709,0,0.0142713251490644,0,0.000459809141251087,0.00260971813194776,0,0,0,0,0.0340934637206045,0,6.00546777253153e-05,3.25827046831846e-05,0.0518781584461179,0,0,0,0.0462954934355011,9.46594120936392e-05,0.00010078356648314,0,0,0,0.000270543421723127,0
0.000104374593290687,0.00110640314526188,0.00184888993562853,0.00381822889513242,0,0.1012015904564,0.00944931278199879,0.00183226522170299,0.0555082858821961,0.0135975412167576,0.000190591668319702,0.0481435077502022,0.00636342497023837,0.00164822120594781,0.185305935326402,0.00581464653520751,0.00269646458587873,0.000524993266211629,8.45169963158964e-05,0.0250869949519921,0.0449762960161135,0.000360099612086117,0.0511755322285639,0.0515131999679321,4.41613365021944e-05,0.00112870149845063,0.00756583044655722,0.0291426355492582,0.00162658118800539,0.0275996714014223,0,0.00188941984267652,0.000511840298538327,0.00968168437144194,0.0759129713077824,0.0442322875599629,0.00658040408761349,0.00271603502373647,0.00701313719115995,0.416335304014142,0.523061179524053,0.000105796550925255,0.00319834777492773,0.000898038439240576,0.000808093424193861,0.00312630775365126,0.0195555320335264,0.000434861289551615,0.000383483202976942,4.66475178693533e-05,0.000113636388600588,0.00108034632659275,0.00679214849887736,0.000336811220925212,0.00116778312166202,0.00762354524218859,0.000799274916759369,0.00203441391428721,0.0100432266777725,0,0.00466843479115415,0,0.00090074108480954,0.00249353867321622,0.000616659080681679,0.000267486511897922,0.000121136268125177,0.000126011293516874,0.00953293819949019,0.00297323701454425,0,0.0104775991076658,0.00831115028216742,0,0.00103265965865779,0.00345857431634432,0.0117251300120807,0.00121861585730463,0.00302895839270145,0,4.25747084915638e-05,0.00034011811837256,0.000222352794811129,0.0809912907920811
0.00337071381817186,4.03211806508303e-05,0.00504090105979812,0.00602737132278745,0.1012015904564,0,0.670489922402725,0.509059282328573,0.00754830390739916,2.05285559513394,0.0125196116485847,0.3595662124442,0.018496738467879,0.0545954712269628,0.121192824741047,0,0.00305827381113726,0.00895369006519783,0.00471891507156152,0.108700103120763,0.00111230270898807,0,0.00333990498047227,0.00914794531196011,0,0.00692031431873437,0.00155856429692757,0.0855670519391423,0.0455918751660258,0.0123223001650802,0.000276807854737818,0.00686750286214653,0.000898110923743966,0.0108460463499742,0.183940091155858,0.204714551256508,0.00421540933024216,0.0242574497045713,0.0152467084611884,0.290256042529255,0.155042521928452,0.000337543510504484,0.0021417725636757,0.000139204377644062,0.000938939949940384,0.000463218419747054,0.00582870493378895,0.000375562068887353,0.000752005542622748,0,0,8.26412164385317e-05,0.00726091847370306,8.1871082281351e-05,0.000211373494828045,0.00603142889858317,0.000123016206630886,0.00214462397648889,0.00154912684108573,0,0.00150708620364434,0,0.000156279456533015,0.000442738816342115,9.94695282573698e-05,0,0,0,0.000862916248902618,0.000214419372098446,0,0.000136356962696612,0.0117722573003378,0,0.000127700813129902,3.94948219797611e-05,0.00751827814083016,0.00018196124960339,0.000339624478235006,0,0,0,0.000109343044723749,0.00595079026662072
1.07789901043053,0.00052003973566854,0.0347923454466586,0.00207703231840897,0.00944931278199879,0.670489922402725,0,2.07857053059254,0.0579084727563399,1.50695434861324,0.0340090044362983,0.0106394587226554,0.0457466743875955,3.46582975052178,0.039989593133494,0.000357242286388874,0.0125907120442163,0.0393292251482213,0.0446853285088505,0.016007804074623,0.00311964950524551,0.000529266565994501,0.0231368553478476,0.329040224985633,0,0.0401587602799642,0.0182654318300167,4.35722030450827,0.665134356139373,0.204271604787874,0.000509881757717013,0.0296638759908137,0.0709462800309497,0.210224745478023,0.123097938814274,0.632826786388724,0.0253998323182616,0.263409149302616,0.158059337924901,0.112781267864813,0.0479272858247111,0.000936775482817891,0.0246044967620157,0.000388463882967949,0.0119691537866526,0.00461965005277443,0.039568438734198,0.00665451692542627,0.00129531610392898,0.000423328340812623,0,0.001373739738078,0.0151317655354393,0.000908035477921846,0.00525787114620119,0.137750754646284,0.010591461646857,0.034576778377935,0.0362980212675762,5.1308622995019e-05,0.00626288658616539,0,0.00783328280435076,0.00175026923394167,0.000279781546063959,2.14115159778595e-05,0,6.56069094202519e-05,0.0137396716452305,0.00134494150708526,7.1693750985086e-05,0.00141226376236654,0.164743730008832,0,0,0.000894079359691563,0.189929117489138,0.00483880173016769,0.00439448818578118,0,0.00128258916953337,0.000269946080870271,0.00276437922840458,0.00840195563686068
0.108815749932342,0,0.107404927168262,0.00426231200133657,0.00183226522170299,0.509059282328573,2.07857053059254,0,0.0169398434380091,1.04122133533413,0.0459583680120083,0.11711056864325,0.0416105996113053,0.787293646556412,0.0135385982990314,0.000200090883502364,0.0709787990683399,0.0355696301232507,0.0212045990345213,0.103193419343356,0.0347440757793088,3.85284231774807e-05,0.0569101862897294,0.0627844796567588,0,0.0396651443769325,0.0151753839041826,0.420271031326274,0.419431133115291,0.257392829836746,0.00118263830389452,0.0184859991387709,0.00698271931222355,0.0353437317550512,0.0320719866189477,0.452538930553775,0.0173779004285153,0.079950293823807,0.0636518462810405,0.0876744441276855,0.0315213594598564,0.000949636710523131,0.00841395327256818,7.83522308183311e-05,0.00253120939254731,0.00233852840920782,0.0145169006431949,0.00134618794551766,0.00306733991948748,4.86254067355395e-05,0,0.00023051279387033,0.00545035418130475,6.57670378109811e-05,0.00021663237892884,0.0362894599273159,0.00052830849328202,0.0104274289895614,0.003173438778314,0,0.00147392559801752,0,0.000592254670195818,0.00077611171727121,0.00026519551576978,0,0,0,0.00150011878401059,0.000835288081737102,0.00010926060000515,0.000499453984776735,0.0592794681106362,0,0.00014218753806448,0.000781718024384289,0.0435300792368587,0.000966073745586811,0.00160122207375532,0,0,0.000161586489918232,0.000286707564909577,0.00168449655707306
0.000414837529405117,0.298220472112672,0.000941917771628915,0.207897541886509,0.0555082858821961,0.00754830390739916,0.0579084727563399,0.0169398434380091,0,0.192418502591849,0.00399870521409107,0.0808683665416619,0.023737264719003,0.0188342698575895,0.25399761937805,0.057594345793061,0.000764932674164174,0.00301754894321126,0.00285945556860578,0.176955030050056,0.0122195739609076,0.410649711215409,0.00801311640323551,2.52234897805144,0.0360127111201541,0.00952250994249546,0.30802256786834,0.599088565136564,0.0311174681981349,0.00287975357032877,0.0046772033791489,0.00198351727109134,0.00502132352541953,0.0115946451350707,0.00541143468630028,0.10566827030853,0.00315256974957383,0.0198203448954234,0.0108465026295883,0.13113205191296,0.0061659188685806,0.00236460814979827,0.01484529496288,0.000535786835916996,0.0041440932759884,0.00240406003932858,0.0602983607432233,0.00187729307749569,0.000242974885118842,0.000101561138119221,0.000979985125879884,0.000681857787340761,0.0638060941310301,0.00250438617789328,0.00454606615044147,0.0538605272945023,0.00445533752897769,0.242746450633936,0.0785438837018261,8.88445225630997e-05,0.0270326525193568,0,0.0023165504382307,0.0115526885658736,0.155330197937912,0.000158386937727511,0.000438935399163246,0.000209288163541019,0.0483869624251417,0.0279764421736947,0.0443667044730713,0.0644046948256808,0.328801831947907,0.000122222486302495,0.00204074251808184,0.00647905675492982,0.236943649940969,0.00298037843938506,0.00205340427472293,3.52695495843887e-05,0.000343873388033629,7.0119434563637e-05,0.00144241738644099,0.00160817852089942
0.00313684906915837,2.30527803091407e-05,0.00240135598929506,0.346390359740187,0.0135975412167576,2.05285559513394,1.50695434861324,1.04122133533413,0.192418502591849,0,0.0675288492578278,0.331011576392663,0.0552566343476281,0.571451875227945,0.0399402802616809,0.000334380942546725,0.0114717963777124,0.0761944057937831,0.073886853102695,0.329870297767602,0.000799540834012687,9.25536621887686e-05,0.00280961850115984,0.124695332837072,0,0.0578177430431038,0.0201972710880387,0.732785323712862,0.342223218975806,0.0089937965615186,0.00101074676120448,0.0249544492237769,0.00353284812169331,0.153358568427469,0.0495997526112212,0.625969017895055,0.0210083163963759,0.229091488479695,0.0910516473634918,0.164652054594538,0.0446942025217837,0.00086824177705425,0.0195235509431548,0,0.00820683776444293,0.00403287164952469,0.117292517144908,0.00608971247938828,0.00255936853740776,0.000151489361497164,5.8385414200902e-05,0.000242318418958664,0.106404474964328,0.00148607497772741,0.00458962108155298,0.115729077963919,0.0032458263065173,0.0710466669731128,0.178978905887055,0,0.0519663478080545,0,0.00231891418208891,0.0111226249130674,9.81141228092908e-05,0,0,0,0.120167313059632,0.000261017576479435,4.21456171910763e-05,0.000322072114595592,0.183777183872152,0,0,2.19425926036238e-05,0.242610379070801,0.00188717701703226,0.00141401034210569,0,0.000381309503487527,6.28434107875826e-05,0.00185599013634342,0.00411423190950227
0.00361485064948952,0.0083921419576503,0.00162484265876299,0.000384269065370381,0.000190591668319702,0.0125196116485847,0.0340090044362983,0.0459583680120083,0.00399870521409107,0.0675288492578278,0,0.0205464933360016,0.199707342075057,0.0402138279567248,0.00124344929725921,0.00016418171073258,0.00159160415216952,0.610012717086316,0.218348528217774,0.0240318557447866,0.00155795548893088,0.00124864324033284,0.00184735830609608,0.00622613292918213,0.0123758900589489,0.228635760161219,0.00292276636752701,0.0124840074848813,0.223615784775131,0.00823192970537137,0.0123307208786907,0.0975983445176045,0.000195958070806086,0.840493668277582,0.00955964261411013,0.125387773641034,0.716847001892856,0.813401690312054,0.137165809537418,0.0149143169223504,0.0107761561045911,0.176707609624803,0.000488490393597066,0.121672217394926,0.000117929379153013,0.000740332207494614,0.00145465381998646,0.000142724990429282,0.00780796793161709,0,0.000624646478998366,0,0.000668126563632787,0,0,0.000257796021010876,0,0.00307341231185043,0,0.0724361086177135,9.57713734877112e-05,0.218798181893211,0,6.90912216552499e-05,6.47780174131392e-05,0.000113962756127775,0,8.05488645954129e-05,0,0.000105714360600233,0.000391171429146528,5.30492085855007e-05,0.00269554147285033,0.0116895881942367,0.0252182588581014,0.0397847659697972,0.000752220854986964,6.91402312846187e-05,4.58133613284826e-05,0.0750336246468825,0,0,2.88038188183308e-05,0.00249564739811265
0.000559418799737394,9.25128532190323e-05,0.000415839214716553,0.473044323763058,0.0481435077502022,0.3595662124442,0.0106394587226554,0.11711056864325,0.0808683665416619,0.331011576392663,0.0205464933360016,0,0.00791715322759004,0.0657550115807288,0.189258312254764,0,0.00172852025605005,0.0193091746519021,0.0120376663070844,1.33428600425079,0.000194526774807274,4.42562182401419e-05,0.00100757864605343,0.00574214262017584,0,0.0141303678565744,0.00306533945849115,0.0682235829217041,0.0528020634935963,0.00207717714255274,0.000365363970948696,0.00279734699663311,0,0.0159997480165398,0.373314047268409,0.0654538227674132,0.00274075268104744,0.0370666133650878,0.0132599174380129,0.291087429904169,0.00481869908151281,0.000210246094923734,0.00671859643814051,8.67689006309512e-05,0.00170960336235959,0.00093889015769744,0.049392695332726,0.00103294084659225,0.00123683994895226,3.69172073209286e-05,0,0,0.0340732122764395,0.00152206033784044,0.00262239719265199,0.00946170722222193,0.00206346029738176,0.00543287123884606,0.0359683764621276,3.91662408751249e-05,0.028482825374903,0,0.000597471309063138,0.00748853109775779,0,0,0.000174122973621965,0,0.0273901160945923,7.14407760050298e-05,0,0.000400493978589296,0.0282312812845225,0,6.17579822903273e-05,0.000542146350297928,0.0249902607800778,0.00073752986437595,0.000301591680878281,0,0.000160424027865767,0,0.000261240502984762,0.0537576820995004
0.000262874137275338,0.200121711679275,0.0035984834065972,0.00145033943564081,0.00636342497023837,0.018496738467879,0.0457466743875955,0.0416105996113053,0.023737264719003,0.0552566343476281,0.199707342075057,0.00791715322759004,0,0.0105949597634768,0.00924762293593056,0.00223696237047899,0.00352895069725442,0.00395699961299133,0.00407974675954825,0.0148235837359353,0.00815487335367062,0.0352860827961243,0.0252849934094531,0.0355463301253828,0.424708645705191,0.031063468255385,0.0496320335238568,0.0844329404998045,0.0298564629527602,0.0229393834515262,0.585457145397837,0.020528927735063,0.00162705446075713,0.0231543332271674,0.0295858906838653,0.252224923742619,0.315820621403856,0.156017604533234,0.0587921755168327,0.253773006547163,0.0640742321254473,0.373510969512074,0.015208435256601,0.276119534325433,0.0101008097275632,0.0147020381432439,0.104386739849101,0.0116608290303244,0.042000595192704,0.000295328168273687,0.00143805164462525,0.00102629284989435,0.000767623783691049,0.000313350243154764,0.0106343223502617,0.0135720732291228,0.0140253165710675,0.00332874834519952,0.00960769275393553,0.242580134529288,0.00298143858752054,0.91308892139236,0.00519120096879089,0.000302018659298778,0.00887296245378174,0.00038522719638139,0.000528624192178547,0.00132323184183448,0.00386441543947285,0.0258017640957855,0.00130178444222921,0.0114074435968304,0.0234752386327511,0.111882597492493,0.0745740222180792,0.208368370615559,0.0533766776351118,0.00287809684275454,0.0100488955877884,0.248153322591227,0.00292460850562036,0.000285418483753741,0.00125911767859501,0.00848795280277482
0.684899309364846,2.93406369658113e-05,0.174489876951417,0.00216558828799021,0.00164822120594781,0.0545954712269628,3.46582975052178,0.787293646556412,0.0188342698575895,0.571451875227945,0.0402138279567248,0.0657550115807288,0.0105949597634768,0,0.00486930350775265,0.000320498547221899,0.209912681489429,0.0458624256277379,0.0500805429157816,0.0974783796524062,0.100482273693516,0.000209043368021131,0.149506752026021,0.0870356571604777,0,0.0525291786704843,0.0405835955458663,0.381226316660464,1.48433978906665,0.930346613684757,0.000377997551734447,0.0249491135605145,0.00755651478517391,0.0713586724229183,0.0126613038222885,0.125986726211468,0.0165643621602821,0.0759183403637352,0.0360343230011069,0.0233800083173038,0.00515082649798542,0.000558138314964533,0.00811092240595693,0.000149383555060386,0.00371898940933407,0.00111727777995402,0.0158674216232873,0.00210038148843545,0.000831410480564416,0.000162369174158573,5.92609591635465e-05,0.000639563462970613,0.00623468429862745,7.04013521130088e-05,0.000948191975830256,0.0440725349368135,0.00201707419894594,0.013470264195062,0.00522356237049442,0,0.00176237524837971,0,0.0024792895359835,0.000332750382178545,0.000385489864816725,5.52239097496271e-05,0,0,0.00257645892407691,0.001403303306849,0.00012135010359335,0.00100075027547592,0.061818777233931,0,2.26653759895563e-05,0.0030034621868124,0.0585981410925288,0.0022212429196325,0.00235474678239185,0,0,0.000106171728453517,0.00140363172895766,0.000816099204213142
0.000149516546369553,0.00665213699047676,0.0045574983080917,0.0166895529479468,0.185305935326402,0.121192824741047,0.039989593133494,0.0135385982990314,0.25399761937805,0.0399402802616809,0.00124344929725921,0.189258312254764,0.00924762293593056,0.00486930350775265,0,0.00387964824247193,0.00271972436836189,0.00200519937350464,0.00346805483006578,0.0639677595200565,0.0335559843052851,0.00290170632100928,0.022197630291605,0.203334777762092,0.00051527491216135,0.00364314749547356,0.0177980726848732,0.0756774447609891,0.00744735338983087,0.0515582172116261,0.000332776761379242,0.00398466766165,0.00109636082805705,0.00259883131286323,0.168523782416635,0.0279835899089096,0.0109418499660813,0.0062444355860463,0.0216498000892017,0.313510294254012,0.0265006161160896,9.22766487822535e-05,0.00686140936748305,0.00223295313476288,0.00179205104711735,0.00405331530747044,0.0340546533357121,0.000678768449400899,0.000547682201873064,0.000185728712489963,4.4909868404746e-05,0.0014981598527658,0.00973701595503992,0.000386670065521359,0.00192268773702806,0.0135888857190744,0.00172078073247552,0.00415229255765587,0.0219323753025033,0,0.0105567871432834,0,0.00131712375840592,0.00383083675390089,0.000912030986984494,0.000201864637422144,0,0.000229485739866018,0.0136075059863202,0.00424395929253602,0,0.00965447922193024,0.0212005817589082,0,0.00151125423925137,0.00469760954760778,0.0239733070275751,0.00124239311165702,0.00172719189405257,0,2.26516758354306e-05,0.000135375824966431,0.000188230966584682,0.0663575174111236
2.92127193952203e-05,0.00966800713393773,0.00426605140143162,0,0.00581464653520751,0,0.000357242286388874,0.000200090883502364,0.057594345793061,0.000334380942546725,0.00016418171073258,0,0.00223696237047899,0.000320498547221899,0.00387964824247193,0,0.00234217485848284,0.000271843452402532,0.000697705623912692,0,0.210063286336823,0.684975557259058,0.694616404756968,0.193080051781267,0.000258095276189208,0.00265192596250152,0.396852545146516,0.149220115281456,0.000612736116187573,0.00100995661475253,2.30571297326684e-05,0.000218719669399739,0.000300888031775951,0.0115577354164607,0.0308208327171657,0.304283635263891,0.0818715308796921,0.087035710568996,0.116258872840009,0.0072148760698237,0.00416108881448543,0,0.00958223529890148,0.00211205655308658,0.00327512946636259,0.00408350167058504,0.0133084924306545,0.000244483594496608,0,0.000121240431695461,0.00243439272114921,0.00670113981305076,8.40167437119484e-05,0.000496324890773892,0.000249552080904186,0.00383902698339689,0.00170464985124934,0.0328195080914086,0.000798611490108251,0,0.000124073662434339,0,0.00124601146104145,0.000438228029554844,0.947352859734663,0.00205764803128499,0,0.00011855601766622,0.000338297849293768,0.197339594046028,0.18098506261779,0.878750084929309,0.169891580764443,0.000113970896722257,0.00127347648949224,0.377805501947506,0.212703909967197,0.00103410141659248,0.0152264379940369,0,9.78919895172712e-05,6.98650551190378e-05,0.00127719032126611,0.0139967708998987
0.0130764637443211,0.00769520853484264,1.22040479059946,0,0.00269646458587873,0.00305827381113726,0.0125907120442163,0.0709787990683399,0.000764932674164174,0.0114717963777124,0.00159160415216952,0.00172852025605005,0.00352895069725442,0.209912681489429,0.00271972436836189,0.00234217485848284,0,0.0514974399907754,0.316500233528357,0.00245237603634215,0.0828040485524697,0.00192420530071563,1.12986895219268,0.00590844234823692,0.00035452387018472,0.446922666570582,1.40593129336711,0.0283149982271699,0.399968698681588,0.193698357113454,0.000110673404770791,0.0013801813261869,0.0431369106432326,1.04518333653685,0.0252160482609435,0.504725109293041,0.427953388779122,0.308571975757879,0.202846171760746,0.00762835827327871,0.00382541002480418,0,0.0290854665020489,0.0059792793299187,0.00853358223666343,0.0125871422274732,0.00119583598123908,0.000149516989791691,0,0,0.00785549141667173,0.0818209305255164,0.000118467393303633,0.000200011608103752,2.17248617337942e-05,0.000399817258107126,0,0.000480633465619862,3.73287198485434e-05,0,3.77422657581568e-05,0,0,0.000201449716197252,0.000992510870288071,0.0626164638496885,2.28344346548319e-05,0.00472908905864221,6.90694745376108e-05,0.00128147375969302,0.00145386166488523,0.00846514654044214,0.000751414130553542,0.000135740519359351,0.0391458463354558,0.242603205509338,0.00103281022079003,9.00186796536448e-05,0.00189793043141806,0,0,1.6048897595942e-05,0.00521071876661092,0.0211182211085531
0.00477666403543025,0.0015510184251641,0.0354047207532553,0.000433475303875565,0.000524993266211629,0.00895369006519783,0.0393292251482213,0.0355696301232507,0.00301754894321126,0.0761944057937831,0.610012717086316,0.0193091746519021,0.00395699961299133,0.0458624256277379,0.00200519937350464,0.000271843452402532,0.0514974399907754,0,0.210907050406242,0.025478896958861,0.00373564301459688,0.000422002337255597,0.0205737519470303,0.00618830096495513,0.000985247769352438,0.0915368663457791,0.0690939901216235,0.0126194863745791,0.16216631110939,0.0094586880774766,0.000402529079511106,0.0527165665131544,0.000874702183221397,0.390721949757192,0.0258244333742432,0.238539805817858,0.272759802080887,0.636690881055565,0.274593799272364,0.0103861755447799,0.00233483651181352,0,0.00279016074022412,0.00197528187790221,0.00057332923488766,0.00122253026781469,0.00093177421637994,3.16953728181124e-05,0,0,0.0020063761416626,0.00593517424442973,0.000901857439792695,0.000106930992585123,0,0,4.61204638420343e-05,0.0023875898924675,0,3.38925948803425e-05,0.000148883487951755,0.000281126855266929,0,0.000131399738146782,0,0.00455484526397049,0,0.000693558715338947,0,4.73331438933611e-05,8.20904614095691e-05,0.000317389871836901,0.000541391670550585,0.000900561859234275,0.021097380013641,0.0499588748078499,0,0,0,0.00154773441430563,0,0,0.000340491571677685,0.00753640071530735
0.0039567695528661,0.00335971976159465,0.111693444131895,3.21032540540695e-05,8.45169963158964e-05,0.00471891507156152,0.0446853285088505,0.0212045990345213,0.00285945556860578,0.073886853102695,0.218348528217774,0.0120376663070844,0.00407974675954825,0.0500805429157816,0.00346805483006578,0.000697705623912692,0.316500233528357,0.210907050406242,0,0.020733588212668,0.018952453093267,0.000414027457222879,0.0943407310260001,0.00662798082219049,0.000437332562395156,0.268386202945857,0.276620597457352,0.0188121117370938,0.122691923793702,0.022947233159319,0.000665715824094352,0.019803841841693,0.00529806205614084,1.54382945561934,0.0418260560700547,0.535600657341263,0.417041003786634,0.374131320456584,0.488143822665468,0.00922940497092825,0.00251214182896066,0,0.013222521476112,0.00333552005844075,0.0028528979522928,0.00684866494706219,0.00124774561966085,9.46136813148263e-05,5.46000130338669e-05,2.36673704598546e-05,0.00347568365886825,0.0264073511456085,0.000915969547218201,0.00112797056210387,0,2.06288441038728e-05,0,0.00226948275226891,0,0,0.00010214143460238,0.000195601955129921,0,0.000625172075562475,0,0.0295678330680815,0,0.00327696230054084,0,0.000671525247696218,0.000199365595046342,0.00283823226059309,0.000405363739447236,0.000372523100875855,0.0363455588838408,0.118298404701705,7.48339729403259e-05,0,0.000799902210689367,0.00108575927250409,0,0.000114217156771838,0.00238306888577158,0.028210630824031
0.00125024293781352,0,0.000251977610602558,1.58105858512564,0.0250869949519921,0.108700103120763,0.016007804074623,0.103193419343356,0.176955030050056,0.329870297767602,0.0240318557447866,1.33428600425079,0.0148235837359353,0.0974783796524062,0.0639677595200565,0,0.00245237603634215,0.025478896958861,0.020733588212668,0,0.000177455939344525,4.85350899490118e-05,0.000469467877106488,0.0509212962990416,0,0.0170340328314688,0.00554150699522603,0.192064764004605,0.0675895584601958,0.00189745235875416,0.000114244550013602,0.00650764784418541,0.000247946599502862,0.0230788349919638,0.00619178144715349,0.149022271053635,0.00576464253964251,0.0484785086622638,0.0179606740744359,0.124417943175389,0.0101231658969923,0.000166738634713769,0.00569059976782751,0.000146535982883573,0.00408191429176002,0.00172207761680102,0.0552527112559372,0.00229959453919959,0.00108333839078838,0,0,9.97902443605662e-05,0.0468701435012764,0.00151130311461747,0.00309566007428307,0.0294258845751821,0.00224666110265797,0.0307950530073007,0.0776099417041408,0,0.0243475238190587,0,0.000955537070995869,0.00685899541622568,0,0,0,0,0.0504432205523828,0.000207787925116062,8.32788539407254e-05,7.55448086612222e-05,0.0720178357397704,0,0,3.34202496051788e-05,0.0798490455721219,0.00085862877904415,0.000946845703818259,0,0.00023531902876538,2.93786776387692e-05,0.000723173662779512,0.000240393599419356
0.0105153950151364,0.00234790122434824,0.273768250120525,0,0.0449762960161135,0.00111230270898807,0.00311964950524551,0.0347440757793088,0.0122195739609076,0.000799540834012687,0.00155795548893088,0.000194526774807274,0.00815487335367062,0.100482273693516,0.0335559843052851,0.210063286336823,0.0828040485524697,0.00373564301459688,0.018952453093267,0.000177455939344525,0,0.0471953391079163,1.79136194020659,0.00301500760083669,0,0.0194175254150437,0.155841537891982,0.723760470634114,0.118250452887647,1.65516098443679,2.64486466103792e-05,0.00332556443821383,0.0124718953243651,0.904549941297624,0.301928130971624,1.68389205815555,0.150728869404226,0.796046135682895,0.806454979813621,0.0398735341053888,0.00978933604159953,0.000201516160619796,0.00880185398645389,0.000959516123973965,0.00178832877265662,0.0028348745948441,0.0187927071090833,0.000464532774198175,0.000177570204459786,0.000138031105631173,0.000752020293917001,0.00301428876938432,0,0.00110816833989775,0.00157740163962639,0.00337341803956771,0.00155068812866944,0.0239488775328225,0.00150091608704853,9.49530352808236e-05,0.000578731531601191,0,0.00157599030999017,0.00113973230606669,0.208684197775915,0.000666422893377009,0,0.000169412706937432,0.000409339282147289,0.222161382988515,0.0410487652632842,0.132315915908077,0.122859403342644,0,0.000548616744946241,0.0350107052516102,0.213474622415745,0.000791448650274754,0.0251249438100679,0,0.000181944770552754,0.000136955195693612,0.00087819927166718,0.0514843004653294
0,0.337488204547506,0.00981877864799099,0,0.000360099612086117,0,0.000529266565994501,3.85284231774807e-05,0.410649711215409,9.25536621887686e-05,0.00124864324033284,4.42562182401419e-05,0.0352860827961243,0.000209043368021131,0.00290170632100928,0.684975557259058,0.00192420530071563,0.000422002337255597,0.000414027457222879,4.85350899490118e-05,0.0471953391079163,0,0.0545244030421513,1.04922691028569,0.0659801367549817,0.00903926326831535,1.08404452816729,0.102023265209953,0.000356207674775362,0.000923856465371608,0.0122996404458145,0,0.000327957932235479,0.00109213894934267,0.000994705387651921,0.00506276965390325,0.00373398325549918,0.00231168207123756,0.00123347479007578,0.00150955645184707,0,0.0053878086883626,0.00925374379910313,0.00146330849795699,0.00367874779380787,0.00206893827265138,0.000911039873139503,0,0,0,0.024002090585005,0.0107960944132283,0,3.65542194849252e-05,0,0.000840632064022837,0.000182581687273145,0.0160240198685388,0,0,0,0.0003011225685215,0.000227263513035059,3.42842479259968e-05,0.184830424361659,0.00857230013800737,2.48326679407358e-05,0.000551113359983325,0,0.0375925638931325,0.101706587368074,0.0869636624901567,0.0737137580699216,0.00150088759496784,0.00624616549682292,0.313679406190892,0.0652000542242581,0.000282380831875682,0.00264386339618253,0.000266167435266018,0,9.08053352603913e-05,0.0013012000189169,0.000763225626127005
0.0169965944865379,0.00144202321772551,2.72445877653232,0,0.0511755322285639,0.00333990498047227,0.0231368553478476,0.0569101862897294,0.00801311640323551,0.00280961850115984,0.00184735830609608,0.00100757864605343,0.0252849934094531,0.149506752026021,0.022197630291605,0.694616404756968,1.12986895219268,0.0205737519470303,0.0943407310260001,0.000469467877106488,1.79136194020659,0.0545244030421513,0,0.0677233753984178,0,0.223767056294462,1.31533363319062,1.46352292317484,0.185541208990079,0.723046505995876,0,0.00348916254887998,0.0231833843766083,1.07522756349205,0.301647453795871,2.6417868311498,0.758952867472836,2.15966272383593,1.74643791859926,0.0875482826924922,0.0552878800108995,8.36314999711513e-05,0.0337083253464474,0.00403634394519639,0.00978994762319283,0.0157171193894199,0.0152698371620808,0.000652744514634906,7.14169902055263e-05,9.67964506419302e-05,0.00132308726678443,0.0377991754599469,0,0.00199982387821448,0.000786586201465546,0.00435521027849185,0.00137491433329082,0.00667251277833596,0.000895507042948245,0,0.000431288291122257,0,0.00193025951983738,0.00291654088676226,0.665366094686298,0.00503070138956583,6.79712362637521e-05,0.000933263030943304,0.000234861137991965,0.108493120785909,0.0895822405744925,0.989433476900462,0.0882007073743351,0,0.00231478193471169,0.920386750044881,0.103962046677912,0.000389688358754814,0.00613155592294137,0,0.000180821497477591,0,0.00161398526806885,0.195470870530652
0.00211092727349639,0.424800421244558,0.00901410585990637,0.0933312049370454,0.0515131999679321,0.00914794531196011,0.329040224985633,0.0627844796567588,2.52234897805144,0.124695332837072,0.00622613292918213,0.00574214262017584,0.0355463301253828,0.0870356571604777,0.203334777762092,0.193080051781267,0.00590844234823692,0.00618830096495513,0.00662798082219049,0.0509212962990416,0.00301500760083669,1.04922691028569,0.0677233753984178,0,0.0389310792453192,0.0147670264204822,0.449321091208299,1.23346493019234,0.161931972167215,0.024240593824615,0.00478953081562865,0.00369769981677812,0.0491373711145452,0.0523922784503027,0.0519888238816565,0.313456822608991,0.0391948253307147,0.0728697044334797,0.0593896740142091,0.145902060115897,0.00996288766314583,0.0038551347377736,0.0639043159329876,0.00195712190403587,0.0298247973545903,0.0138559532747827,0.110595078399787,0.0125073205698854,0.00238941901762271,0.00177877525857812,0.00791182612007824,0.0142979680145715,0.092474887249455,0.00189455908759773,0.0132567968997607,0.314064812364639,0.0303497123488447,0.338390402120345,0.155389817899412,0.000107490877516926,0.0320157508499102,0.000173144759651303,0.0236135398336968,0.0106939063062375,0.0819459940527942,0.00382430901293367,0.000360822208210111,0.000789762243449805,0.0738820455905321,0.0977543374333382,0.0521239496624689,0.0509328743249092,0.942101899200595,0.00126716123076069,0.00351983774338686,0.0507428211053292,0.927823942486184,0.0194216234782839,0.0325554965781142,0,0.00391154212884503,0.0014283765728156,0.00917557457619794,0.00676754647934697
0,0.207077195692815,0,0,4.41613365021944e-05,0,0,0,0.0360127111201541,0,0.0123758900589489,0,0.424708645705191,0,0.00051527491216135,0.000258095276189208,0.00035452387018472,0.000985247769352438,0.000437332562395156,0,0,0.0659801367549817,0,0.0389310792453192,0,0.0389272711006597,0.489086493083462,0.00124253043119025,0,7.04320701375006e-05,0.0444600455452145,0,0,0.000480499373705149,0,0.00146029747437334,0.0200592675346452,0.00135777612062907,0.000747590052729605,9.52724582166671e-05,0,0.155505020629902,0.00363141064851552,0.0173374693604387,0.00115558824083418,0.00183054777709496,0.000134157896280945,0,0.00785854687786686,0,0.0226439276536413,0.000104516105018079,0,0,0,4.96598310871124e-05,8.34988549199102e-05,0.0128313180905389,0,0.0213466251828269,0,0.18725678830137,1.9909823622942e-05,0.000143805675546289,0.00100502986796659,0.000874799737858533,4.55219216861725e-05,0.00197381663979363,0,2.59955292497874e-05,0.0136745281614106,0.000632457151510001,0.014647121222944,0.288570529570909,0.0314943150376203,0.210765954531084,0.000121446163668215,0,0.000189104294436634,0.0144125337258771,0,0,0.000724388009638759,6.56003234531881e-05
0.00471183660206467,0.0633359404053052,1.5240226766236,0.000519025048018694,0.00112870149845063,0.00692031431873437,0.0401587602799642,0.0396651443769325,0.00952250994249546,0.0578177430431038,0.228635760161219,0.0141303678565744,0.031063468255385,0.0525291786704843,0.00364314749547356,0.00265192596250152,0.446922666570582,0.0915368663457791,0.268386202945857,0.0170340328314688,0.0194175254150437,0.00903926326831535,0.223767056294462,0.0147670264204822,0.0389272711006597,0,3.22080866122876,0.0427214808043143,0.111945810554815,0.0216767137072067,0.0272311046577309,0.0341922633793401,0.00326517544669527,0.376706997341238,0.0702333203780739,1.030344782071,1.90629838736035,0.867556541310623,0.68730025049298,0.0132561520385409,0.00955058363231329,0.00546359407915008,0.101140693394975,0.113376532451804,0.0282068232464572,0.0473201027263653,0.00337917879096502,0.000369062957797349,0.000312164966944933,7.15038090803622e-05,0.0716500097884102,0.142554603161748,0.000574689116956055,0.000750383887796404,0,0.00179184763825262,0,0.00326194805077416,1.53498116784096e-05,0.0464837717033916,0.00019639582738781,0.230685061019837,0.000219812107853353,0.000779572989221216,0.00145236254296541,0.177978138034572,0.000350696660139859,0.0446677470056634,0,0.00502614479515168,0.0084887883973461,0.0198572353534363,0.000945286601546051,0.045259526047317,0.857732594021118,2.12255999288614,0.00214242755205652,0.00030057667170322,0.00763206376836304,0.251394975477474,0,0.000227517324510664,0.0162162326060497,0.0376974209173437
0.00377000532778537,1.94419906963655,2.6665831276228,7.16359312114714e-05,0.00756583044655722,0.00155856429692757,0.0182654318300167,0.0151753839041826,0.30802256786834,0.0201972710880387,0.00292276636752701,0.00306533945849115,0.0496320335238568,0.0405835955458663,0.0177980726848732,0.396852545146516,1.40593129336711,0.0690939901216235,0.276620597457352,0.00554150699522603,0.155841537891982,1.08404452816729,1.31533363319062,0.449321091208299,0.489086493083462,3.22080866122876,0,0.293916238514189,0.0569092535397776,0.0458582874180112,0.0900833942263593,0.00164444723305893,0.00578716650283551,0.477539770202446,0.145046466186868,2.81903326482074,0.930813350622072,0.875157531034218,0.994091662578936,0.0330583856870678,0.0214687494838082,6.17123416092397e-05,0.384615532442268,0.181396813301958,0.12622509361374,0.159491270723836,0.0135459407212978,0.00167007853430402,0.000996517848261179,0.000847537204928873,0.467933152218977,0.6431207562676,6.80050176109078e-05,0.00309457475354975,0.000257042348238111,0.0086463920925807,0.000392346849371851,0.00475419991125989,0.000280886525767624,0.005581314016424,0,0.1340024041902,0.00175279550349677,0.00266092980979025,0.1942953775523,0.480123498093527,0.00104683934114396,0.111517953374104,0,0.0388445936384362,0.367342810630311,0.544108325165779,0.0971756002874122,0.170988330070926,1.47291497507444,9.19311086106881,0.0813136907016342,0.00114520027607223,0.0337821743975531,0.11447929273845,3.59165042513609e-05,0.000331652287001073,0.0582292382816717,0.159959777542639
