0,13.3626464307308,1043.5247541368,15.513675570488,11.7949661910534,259.865343600512,11269.9976325035,3470.88119849563,20.8304995894432,610.536903977394,174.32838922739,55.6707879304886,16.7217211425304,27179.9431630373,50.4176626801491,4.88428139686584,2495.25734105706,251.131687134504,731.639139324427,30.909426420927,357.934364825487,5.59878560900688,2834.92971354723,76.1940542161465,49.0132111012936,956.706814616919,627.563192546368,660.493026643991,10736.2090844363,19664.5438225567,4.53473377227783,508.367733478546,78.2608861029148,610.282979607582,90.8095682561398,499.780489087105,25.6648717820644,668.526935070753,180.832043588161,115.211787968874,28.495797932148,43.9999008178711,11.6542039811611,0,0,0,5.23198568820953,0,4.97399437427521,0,7.85558140277863,2.12080430984497,0,0,0,18.4828716814518,1.70957672595978,17.4426441788673,1.31878542900085,0,1.98633897304535,1.75081136822701,0,0,8.08599406480789,0,0,0,0,3.0926194190979,5.70191997289658,2.46314060688019,12.4374076724052,0.975446581840515,1.59979316592216,21.6741731464863,41.5109342336655,1.4878865480423,1.09646773338318,0,0,0,3.53241568803787,13.5792421996593
13.3626464307308,0,676.323739945889,38.4922537207603,3.84346255660057,1.5078222155571,14.4017241001129,5.88556975126266,2316.12523844838,0.453869104385376,123.172007232904,2.5020312666893,1935.74006044865,11.9571339786053,69.8863255083561,451.552263379097,1180.61993351579,137.580425649881,786.57475310564,0,36.7738090753555,3729.54717677832,88.2068330049515,3406.96150580049,1546.87380126119,1046.04963549972,37663.8553229272,599.46896892786,37.678265184164,25.1698308587074,89.39468100667,1.08364737033844,7.96976736187935,360.502452999353,49.6690663695335,1351.84303215146,668.945061117411,659.338409513235,513.710154443979,182.718399703503,0,158.819077968597,258.32724788785,124.954831600189,67.9369092583656,71.909015417099,0,1.57929283380508,144.010999679565,0,4483.6498914361,63.7437069416046,3.62182024121284,0,0,2.01012974977493,0.434042006731033,29.1927463710308,17.7995814085007,197.505223035812,0,399.624475717545,0,0,60.9447796940804,60.5961434841156,12.802737057209,69.2157726287842,0,0.964632242918015,111.666787981987,16.1406617164612,124.07538497448,139.966183125973,1603.84303963184,9028.67019546032,38.2172476649284,0.938224375247955,2.08153128623962,120.259663432837,1.58436667919159,0,10.7935200333595,32.3390113711357
1043.5247541368,676.323739945889,0,1.44013965129852,1.37052440643311,27.5602584481239,3055.5756097436,359.564815372229,42.76891040802,53.7584343254566,203.911118268967,2.55943924188614,0,1511.86339324713,19.0697681009769,50.7283346354961,18350.558691293,424.687848210335,1624.40382012725,1.81124317646027,6276.03983718157,356.59413921833,20586.8468787968,74.1111480891705,7.15016010403633,39766.1829308271,46600.2435853779,691.670269519091,739.653538316488,4182.72659435868,2.19053608179092,16.0015431642532,26.4389840960503,2078.61285120249,265.780771166086,5588.18534395099,1785.78970512748,3509.92196038365,2440.66877105832,28.7743398845196,20.4567767679691,3.56646239757538,508.574868202209,160.481194168329,146.935507208109,199.808012664318,6.56804805994034,0,0,1.04258954524994,1230.00706726313,1159.72355017066,0,0,0,21.756081789732,0,16.3150035440922,5.94311612844467,1.50110244750977,0,3.25383865833282,1.43365693092346,0.926638305187225,78.7571082115173,227.821626245975,3.56455326080322,145.783929735422,0,4.6698614358902,223.72705462575,73.0215604305267,65.5813452601433,0,1871.44942486286,17163.3080087304,63.0148131549358,0.974006235599518,5.55779975652695,1.67502975463867,0,0,19.7388142943382,101.158629655838
15.513675570488,38.4922537207603,1.44013965129852,0,71.6912213563919,146.175446003675,523.2192902565,116.329022854567,8121.58870315552,10323.2074325979,25.3497826159,2483.13485977054,20.6219969391823,151.79076358676,618.401828229427,6.77471494674683,1.95757082104683,1.633690148592,1.53119987249374,29097.1077022254,8.57168018817902,182.695217192173,1.05739703774452,16793.9581225216,199.326052933931,3.2267407476902,68.2529508471489,7479.33647730947,192.606945604086,19.1123661994934,0,46.9723906219006,8.95806702971458,60.3566697537899,50.3943565487862,413.305908232927,5.65064588189125,149.734840750694,27.1941597163677,1157.9861702919,37.2530725002289,51.0351398289204,582.690328299999,0.618507087230682,166.490658968687,36.8117534816265,1324.90364184976,24.0616005957127,9.68400129675865,1.04462543129921,0,0,3290.68612706661,42.5670816302299,482.863440513611,1272.7368735671,308.205279827118,1656.04956173897,1651.24374878407,0,1405.04666751623,1.19631153345108,208.244488626719,315.066455543041,5.5478204190731,0,0,0,447.822424650192,5.34319096803665,8.58952897787094,1.42137229442596,1910.36207807064,0.585083961486816,0,3.8101372718811,4697.26650163531,148.987513661385,27.1889936625957,0,3.27203756570816,2.25653207302094,127.422349184752,4.30956870317459
11.7949661910534,3.84346255660057,1.37052440643311,71.6912213563919,0,3513.75741118193,146.452098935843,727.266928970814,176.912385046482,485.285484492779,5.04903012514114,1346.29430657625,0,82.9168318510056,2536.09040758014,0,3.07710415124893,1.9561755657196,0,41.3808453679085,8.16567939519882,14.9858609437943,15.5507683157921,102.702004134655,105.335911810398,3.04358521103859,14.2558386027813,108.947960168123,70.4697254300117,38.668415337801,0.338382542133331,4172.86281695962,4.44524031877518,295.550706207752,207.203940153122,677.740665882826,9.60424336791039,47.2958329916,97.6661179065704,13074.9361052215,5545.37953045964,48.250108808279,27.311151266098,0,3.74820077419281,4.60753911733627,124.343782544136,1.27503991127014,0.888388752937317,0,0,0,16.516184091568,3.98038804531097,37.176423728466,16.6132412850857,4.26070392131805,16.3021844923496,10.6837083399296,0,48.4570184350014,0,4.73083102703094,25.0858506560326,1.25698471069336,0,0,0,6.66403496265411,0,0,0,30.0254455506802,0,1.49040359258652,3.40325963497162,33.1016991138458,2.77018296718597,1.21704190969467,0,0,0,8.55002731084824,108.6094622612
259.865343600512,1.5078222155571,27.5602584481239,146.175446003675,3513.75741118193,0,2131.17146396637,17862.4163576216,397.121266275644,22123.3315227181,72.1049486100674,8286.78494888544,5.72215110063553,2407.18796209991,4661.74893975258,0.544559299945831,48.0813583135605,4.96479040384293,2.25112101435661,382.27645984292,31.2975798547268,9.62354117631912,51.7553445696831,84.5858388841152,333.269898921251,12.1431189477444,10.383343309164,681.815797388554,514.579818814993,297.059543579817,0,847.306468039751,13.1113974452019,162.149686664343,2594.86100780964,2058.65588775277,59.5652946531773,317.027508556843,207.953857988119,7586.16971749067,863.299529314041,137.2931419909,184.736381530762,0.436535716056824,23.5989583730698,7.95080441236496,565.365896970034,5.05185201764107,6.63824427127838,2.04447251558304,0,0,126.140576034784,8.57894733548164,160.201935976744,180.814370900393,65.0971469581127,133.202861130238,105.495319515467,0.536111950874329,225.895214647055,1.65513932704926,32.1458951234818,87.6930435299873,1.41655254364014,0,0,0,35.1703159213066,3.74622166156769,3.34870392084122,4.22839373350143,227.446385145187,0.802326083183289,0,3.60479056835175,480.608982175589,20.241706430912,13.7694764435291,0,1.27729666233063,1.61953294277191,37.3030070662498,233.935773611069
11269.9976325035,14.4017241001129,3055.5756097436,523.2192902565,146.452098935843,2131.17146396637,0,6612.09732766449,1315.02827322483,31316.2077929378,634.867917209864,129.100932270288,55.4134182035923,26543.5042601526,855.712938845158,37.7244161069393,841.053701162338,93.4085293412209,161.241695791483,234.786213517189,4830.90722927451,73.2571079730988,2679.52100005746,775.908720582724,436.028753638268,786.858217149973,740.463057696819,55878.2675815523,9212.53348261118,24729.996739924,9.09615480899811,1133.41330906749,840.969367802143,1442.78403091431,1804.65454635024,8624.82175761461,230.525539696217,3007.58831378818,957.827550560236,1222.33150678873,533.883787244558,300.389949858189,1777.23513951898,6.91696509718895,417.374751836061,82.1875644624233,708.935503333807,97.7275669872761,20.9606266319752,14.4154235124588,4.25234994292259,13.382670879364,966.44870659709,10.8369048833847,114.619269937277,2459.81603384018,328.193455129862,682.657617777586,655.463714331388,5.8625203371048,312.532329231501,7.6632205247879,294.037513881922,127.687429428101,37.1756127178669,0,0,0,86.8779054880142,28.6507583260536,68.6492258012295,13.9493828415871,1980.14076158404,5.20699614286423,0,227.221451342106,5155.74443903565,371.44216516614,234.034405529499,0,1.82713723182678,33.1704502105713,278.347291409969,221.064673483372
3470.88119849563,5.88556975126266,359.564815372229,116.329022854567,727.266928970814,17862.4163576216,6612.09732766449,0,568.784896224737,18320.781722486,141.066850185394,4044.23104356229,19.0360996723175,31160.1938408762,1108.21228989959,4.3027221262455,590.423329204321,43.2422887384892,159.874231129885,1108.75463706255,229.130305528641,16.4776296913624,794.380901306868,146.491603285074,553.864438712597,238.669123917818,133.518327981234,1393.91132001579,1341.23881755769,3183.61799302697,3.71048730611801,2222.0589902997,35.9847326278687,270.397271215916,2095.60880920291,2588.48142033815,100.632737010717,423.094227612019,329.493901729584,3038.32024979591,299.462633222342,203.827186435461,362.858097523451,1.33997988700867,61.9925768375397,21.0822115242481,431.221004068851,11.3999977111816,19.5214628279209,0,0.340104013681412,0,115.637571871281,5.90437334775925,34.614657253027,661.364603787661,12.6384748220444,283.907990634441,50.7649764716625,2.41567891836166,131.102584004402,3.13127529621124,16.1082718968391,73.4338909089565,1.80250978469849,0,0,0,20.9654129743576,7.46587571501732,7.38215461373329,6.52705276012421,613.880636572838,3.57776647806168,0,3.61098894476891,1171.78089949489,19.5567951798439,61.950884282589,0,2.0340211391449,7.8395322561264,71.3305560648441,202.695977538824
20.8304995894432,2316.12523844838,42.76891040802,8121.58870315552,176.912385046482,397.121266275644,1315.02827322483,568.784896224737,0,910.695425748825,87.0338717699051,3845.68456655741,1041.22159811854,342.688763022423,2368.44588530064,444.931140899658,84.3587130308151,19.543656617403,75.0248793959618,530.826546400785,137.912882447243,7056.24763169885,129.373544543982,31413.7791394293,1354.98497122526,96.0881467163563,5045.25409778953,9716.89736688137,317.5556191504,123.02010345459,23.710027962923,156.369173765182,36.3040193319321,118.746588796377,94.3884391188622,1291.37198323011,84.1399666666985,226.921495705843,120.382887005806,1802.49144098163,70.1543937921524,81.0336034297943,1086.13421037793,42.9731916487217,283.489796608686,80.2698085904121,787.998080819845,31.1152125895023,32.9189326763153,7.39100432395935,28.6890733838081,7.87416091561317,3101.31403565407,37.8044126033783,437.157772302628,1159.15621811152,601.836562603712,4546.50171977282,1038.70529192686,101.681612193584,968.839839726686,109.373962461948,649.731111198664,235.534747779369,1555.24308827519,7.59527033567429,22.7604161798954,9.07253289222717,244.938514232635,261.046650588512,1427.13594734669,245.158938705921,4314.90432476997,23.1757259070873,26.9181333780289,245.819839447737,5476.12149378657,544.914165049791,198.030260771513,12.7645990252495,20.8364368081093,25.7531907260418,178.841733306646,140.961585640907
610.536903977394,0.453869104385376,53.7584343254566,10323.2074325979,485.285484492779,22123.3315227181,31316.2077929378,18320.781722486,910.695425748825,0,1018.27300600708,9092.10212880373,128.878178954124,11424.1284644604,994.575656831264,2.88689735531807,29.9816825985909,64.5182059705257,31.1107307076454,20619.6840476692,42.8996769785881,4.23321497440338,59.1929753422737,584.786651879549,600.443423718214,53.719731926918,28.1705992668867,30600.3680518717,5482.93841691315,392.221928566694,10.6049676239491,2166.86999256909,54.3894190490246,1238.98074546456,1005.63127100468,6609.24736917019,253.695686042309,2257.61400383711,549.770157277584,2184.86473470926,552.086068749428,428.670792996883,332.870850563049,0.702458918094635,99.7274171113968,25.7668416500092,885.115650206804,15.9382327198982,34.1735817193985,0.535874724388123,1.04570639133453,0.342199146747589,928.368543624878,15.0337165892124,193.318800508976,1037.85786902905,60.7775544524193,402.947948455811,536.254774570465,0.545437157154083,624.795169591904,12.8261453509331,45.95864123106,166.178330898285,2.76619046926498,0,0,0,123.923538774252,2.7603480219841,1.6059735417366,1.62102913856506,951.302700281143,12.9698540866375,0,2.11039617657661,2096.57133993506,45.1266491413116,40.4828213751316,0,0.662459552288055,3.26682677865028,81.7987622320652,69.3445964455605
174.32838922739,123.172007232904,203.911118268967,25.3497826159,5.04903012514114,72.1049486100674,634.867917209864,141.066850185394,87.0338717699051,1018.27300600708,0,160.711648732424,5065.77434378862,551.70945468545,31.9381375014782,11.6298132538795,862.044137626886,9597.65763160586,2877.80765986443,126.002258002758,398.484099119902,65.7651863992214,722.34460452199,61.0540937781334,738.412519812584,5154.69187048078,3058.76203894615,288.891536712646,2916.1473826468,432.754426240921,996.056090891361,571.93757134676,75.2574764490128,15217.3123298883,257.305134236813,4158.94052448869,4941.99551725388,12945.0777291954,1664.04709455371,95.402114123106,73.8902953565121,5159.48720705509,32.3751329779625,278.889083892107,28.6108883023262,5.52734115719795,9.81474697589874,0,525.848481357098,0,192.763454496861,6.44073429703712,0,0.7897709608078,1.26209008693695,7.58576288819313,0,62.1935632824898,1.62320536375046,3174.47648173571,6.04927039146423,7387.09515053034,3.58065363764763,0,4.80589252710342,0,46.0138511061668,5.00642675161362,0,0,11.7163483500481,1.03167021274567,30.5280356109142,671.193739235401,949.020529299974,2088.30784597993,21.849476993084,36.5747893452644,2.1509447991848,1174.73057672381,15.0719754099846,1.31282043457031,100.71346321702,111.496090263128
55.6707879304886,2.5020312666893,2.55943924188614,2483.13485977054,1346.29430657625,8286.78494888544,129.100932270288,4044.23104356229,3845.68456655741,9092.10212880373,160.711648732424,0,23.9685116410255,1632.32905101776,10400.3378951252,0,2.29620036482811,14.5415880680084,6.63610544800758,12417.9588595629,2.63247156143188,5.92597877979279,2.26516610383987,173.188961029053,288.675682842731,7.35140937566757,11.0990086495876,427.996651649475,780.34598788619,41.925421833992,4.19456088542938,721.110006704926,5.10373589396477,159.272208660841,1120.39486953616,1167.56248292327,43.8059583008289,246.432889342308,151.392224758863,4733.44079264998,120.760908633471,134.703362673521,281.067022174597,3.65010565519333,54.5744452774525,17.6774008274078,2528.96250501275,20.0425880551338,9.82948836684227,2.50797021389008,0,0,940.757802605629,77.5135011076927,957.49098187685,351.004759848118,381.182639032602,319.11250013113,768.111774206161,3.44559526443481,1861.04946646094,0.38642293214798,272.96273380518,658.694861382246,1.29720544815063,0,0.890060544013977,0,325.279474228621,0,1.35812741518021,1.38592302799225,745.749554753304,0,0,2.67018550634384,1349.49597617984,122.746577322483,13.073319375515,0,28.0840813815594,1.8836482167244,65.5598178207874,134.419383764267
16.7217211425304,1935.74006044865,0,20.6219969391823,0,5.72215110063553,55.4134182035923,19.0360996723175,1041.22159811854,128.878178954124,5065.77434378862,23.9685116410255,0,37.3164192736149,19.9369661808014,24.3504953384399,3.40561190247536,104.444903612137,14.1639633178711,10.1903953254223,13.0757945179939,1189.95906108618,9.44753473997116,763.952562481165,7054.33031269908,351.576333135366,7966.67557603121,135.062297999859,217.198880851269,27.9741533100605,1497.52257853746,67.8132144808769,3.22279715538025,533.771979808807,15.6257016062737,281.317440241575,683.818106859922,1151.19824412465,92.9759387373924,76.1868878901005,2.78736996650696,2712.57048213482,30.9673123061657,652.713713139296,61.1092589795589,6.96597731113434,3.07610332965851,0,1362.61560299993,0,455.014344722033,0,0.632682085037231,0,1.76886719465256,0.47398042678833,1.77122884988785,43.2089435756207,0.472306817770004,6989.55506378412,0,17878.18975842,8.43628254532814,0,7.03313505649567,0,95.7759126722813,12.2500833570957,0.593002676963806,0,41.4123125076294,0,25.4262467324734,2878.15459230542,1539.16463959217,5397.48852160573,11.1504471898079,101.939229786396,0,2433.63163927197,37.7652094364166,0,300.855472028255,4.43367546796799
27179.9431630373,11.9571339786053,1511.86339324713,151.79076358676,82.9168318510056,2407.18796209991,26543.5042601526,31160.1938408762,342.688763022423,11424.1284644604,551.70945468545,1632.32905101776,37.3164192736149,0,291.950719416142,10.1796472370625,2621.85551607609,232.815427839756,751.228393763304,759.784301966429,807.888587385416,19.1126922667027,2982.45656374097,169.978235810995,402.952469468117,1145.43139746785,678.541415601969,2413.36527955532,10943.6488118619,14996.7742290497,7.31615069508553,3293.08675718307,139.965311586857,957.927013039589,224.916821569204,2345.89238527417,121.457551807165,1088.1377235651,366.666365176439,550.141548007727,207.363605976105,210.604351192713,272.530578374863,0.674312591552734,48.3600438833237,13.973113656044,202.896742850542,8.81533950567245,22.9668807685375,0,6.35552906990051,0.88133829832077,112.262702167034,2.84428912401199,25.0484789013863,469.771818220615,28.238834887743,234.084201574326,75.8426464796066,3.07394480705261,71.5706998407841,5.67877113819122,12.4122239649296,38.153511941433,8.76734244823456,0,0,0,13.5475456118584,2.91232490539551,6.87491106987,1.26082289218903,438.337824702263,2.18016052246094,0,15.592514872551,875.604564160109,24.279189825058,51.2197380065918,0,0,6.39748108386993,44.9739038348198,27.0271376669407
50.4176626801491,69.8863255083561,19.0697681009769,618.401828229427,2536.09040758014,4661.74893975258,855.712938845158,1108.21228989959,2368.44588530064,994.575656831264,31.9381375014782,10400.3378951252,19.9369661808014,291.950719416142,0,63.1180543601513,19.0402187407017,8.74283686280251,11.3320524692535,192.667237728834,797.342308759689,178.327830374241,591.413549393415,1118.57535362244,408.253082454205,18.6294965445995,273.241080999374,1433.34148392081,336.806753069162,909.685590535402,2.41083371639252,425.62486410141,47.8310784101486,87.7646915316582,3558.47026342154,1170.21718889475,101.913989067078,196.688741415739,460.627259582281,5768.21248847246,265.400714814663,121.797925263643,206.203857690096,19.6285057663918,35.0316945314407,180.873284637928,334.185547381639,3.22774016857147,0.783984005451202,0.872097969055176,2.35463654994965,11.8918169140816,112.069878041744,8.89632993936539,96.9546523690224,151.479475438595,63.4933347404003,113.14318549633,90.4188413918018,0.759720325469971,148.432282805443,0.792715668678284,55.5195289254189,69.8165048360825,21.5792800784111,5.5538387298584,7.21960353851318,16.2813656330109,22.2310985922813,19.9588952958584,14.3649616539478,34.9005299806595,249.269480168819,2.94568741321564,11.0314166545868,63.8185980319977,444.101244002581,32.8543375432491,53.377166390419,0,5.02937179803848,2.4915132522583,34.9141313433647,2256.80344930291
4.88428139686584,451.552263379097,50.7283346354961,6.77471494674683,0,0.544559299945831,37.7244161069393,4.3027221262455,444.931140899658,2.88689735531807,11.6298132538795,0,24.3504953384399,10.1796472370625,63.1180543601513,0,108.12453353405,6.82204675674438,5.95527112483978,0,3212.57754799724,10953.6494626403,4534.77253833413,9748.89870649576,294.768823713064,23.5492983460426,5566.97562682629,9184.82478669286,28.7718733251095,398.373421221972,0,0.907925546169281,18.9369892477989,48.7208578586578,473.455313324928,7418.12442281842,526.204830318689,435.335697770119,968.38917401433,22.313984811306,6.58138281106949,45.1112937927246,365.498366594315,143.356004983187,37.2842425704002,47.8838608264923,6.79996860027313,1.1270392537117,10.2840189933777,10.2959215641022,42.2828540802002,76.5405946969986,3.25823768973351,1.11481070518494,0,66.2506996691227,17.1924433410168,151.276492536068,5.73322939872742,0.660923600196838,3.4643594622612,2.42426460981369,41.4580549299717,5.34097528457642,9743.78017085791,15.9507734775543,0,1.18527621030807,0,862.062736183405,2343.85954362154,5209.11429953575,1962.58345490694,2.11458265781403,16.4354836344719,4169.55394110084,1972.60953366756,45.5633334517479,166.661889433861,0,0,10.1338350176811,44.9240306913853,215.094570457935
2495.25734105706,1180.61993351579,18350.558691293,1.95757082104683,3.07710415124893,48.0813583135605,841.053701162338,590.423329204321,84.3587130308151,29.9816825985909,862.044137626886,2.29620036482811,3.40561190247536,2621.85551607609,19.0402187407017,108.12453353405,0,2010.87907457352,16351.6258656681,1.11210435628891,868.729647576809,194.870652168989,10800.3879260719,140.348790764809,7.15754586458206,23580.0629835129,32797.4051160514,327.452646553516,4116.30475139618,5689.554022789,2.99259194731712,50.2007678151131,275.072330981493,14797.3619052172,45.1800909638405,1139.76064068079,278.190211981535,2025.1447930038,508.398191362619,40.3810026049614,14.7452382147312,2.03808262944221,315.799176424742,120.091554760933,91.2488268613815,83.0849433839321,0,0,0.499973326921463,0,989.983913183212,584.289613634348,0,0,0,0.455562472343445,0,5.54754465818405,5.1939709186554,0.515166580677032,0,1.07581448554993,0,0,45.7127380371094,124.603283911943,0.964510977268219,128.044929713011,0,3.47424247860909,68.8469231426716,23.7470683455467,41.0137218236923,0.81610506772995,1735.26675447822,8492.88873967528,9.63156566023827,0,0,0,0,0,1.76880753040314,9.81020265817642
251.131687134504,137.580425649881,424.687848210335,1.633690148592,1.9561755657196,4.96479040384293,93.4085293412209,43.2422887384892,19.543656617403,64.5182059705257,9597.65763160586,14.5415880680084,104.444903612137,232.815427839756,8.74283686280251,6.82204675674438,2010.87907457352,0,8214.38935518265,4.00370937585831,268.442532345653,18.4879668354988,810.138808503747,15.9989864826202,49.1712972223759,6502.78014880419,6524.69820442796,42.6873300373554,739.564669698477,563.766747772694,217.405843645334,28.6986307501793,54.5838994681835,2981.20382243395,300.099370479584,5648.29291912913,4358.99522715807,5843.42338591814,1984.98016273975,11.8412498831749,42.4354585409164,43.2155184745789,20.0199186205864,33.0436290204525,12.1318457424641,13.4966033995152,0.962187647819519,0,0.604727864265442,0,162.01385524869,7.42052599787712,0,0,0,0,0,1.92290252447128,4.72358953952789,70.1772322356701,0,113.709067225456,0,1.3296605348587,0.627325236797333,1.15605854988098,73.5228784680367,39.83577221632,0,0,12.8632162213326,0,0,20.2677884101868,1666.16503328085,2839.78245946765,0,0,0,115.606229275465,0,0,0,111.296453475952
731.639139324427,786.57475310564,1624.40382012725,1.53119987249374,0,2.25112101435661,161.241695791483,159.874231129885,75.0248793959618,31.1107307076454,2877.80765986443,6.63610544800758,14.1639633178711,751.228393763304,11.3320524692535,5.95527112483978,16351.6258656681,8214.38935518265,0,5.87384441494942,370.593315884471,60.8155602514744,2017.40677276254,39.4166606366634,22.6727209687233,21263.1315726042,16144.2835327387,73.5438531041145,1775.08486321568,1461.27638307214,27.9313286542892,15.9376791715622,110.632107883692,8073.27935829759,138.546678543091,2823.39733725786,1204.66318795085,2618.71339911222,1276.23718583584,16.4918872416019,21.8764386177063,7.06984597444534,157.613696426153,90.4414817690849,39.4355126917362,51.7697857618332,1.63928198814392,1.70833110809326,0,0,524.146456718445,56.4591553509235,0,0,0,0,0,7.09177792072296,21.1138626933098,5.60816556215286,2.33390206098557,29.5101081430912,0,0,14.755529999733,44.0149069428444,20.0418011546135,92.3816603422165,0,0,16.8228338956833,0.816810369491577,1.49305123090744,8.23817467689514,2882.06134623289,3915.86508095264,0,0,0,19.817744165659,0,0,5.10067045688629,43.3330488801003
30.909426420927,0,1.81124317646027,29097.1077022254,41.3808453679085,382.27645984292,234.786213517189,1108.75463706255,530.826546400785,20619.6840476692,126.002258002758,12417.9588595629,10.1903953254223,759.784301966429,192.667237728834,0,1.11210435628891,4.00370937585831,5.87384441494942,0,3.29418212175369,0,2.95098808407784,485.501974970102,167.871409863234,6.36385563015938,1.46800249814987,3330.42795622349,552.672764748335,28.7518046200275,1.43852186203003,221.318561956286,3.32602906227112,108.279964357615,46.7583211362362,868.799430638552,27.5629483759403,235.903171509504,56.9413200318813,298.611494451761,56.3689805567265,84.9246932566166,228.084809064865,0,94.1399659514427,12.9802425801754,550.707028418779,6.0427793264389,2.22042346000671,0.951667457818985,0,0,618.557364434004,16.1505519449711,193.970803648233,509.813720405102,108.670131146908,181.335513591766,396.288315117359,2.87488758563995,499.613267332315,0,99.7386450469494,122.005277216434,1.40642476081848,0,0,0,133.318881839514,0.97789192199707,1.04177284240723,0,515.084459125996,1.23930966854095,0.563833355903625,0,1101.32066455483,53.4035756886005,7.00678139925003,0,10.0087554752827,1.71448236703873,44.5007022321224,8.99280947446823
357.934364825487,36.7738090753555,6276.03983718157,8.57168018817902,8.16567939519882,31.2975798547268,4830.90722927451,229.130305528641,137.912882447243,42.8996769785881,398.484099119902,2.63247156143188,13.0757945179939,807.888587385416,797.342308759689,3212.57754799724,868.729647576809,268.442532345653,370.593315884471,3.29418212175369,0,542.461316227913,60068.3937704861,2392.28805887699,266.944648385048,733.26722535491,2802.90237934887,22541.2764514685,1010.85508880019,52759.6396164,10.8535152673721,38.5477940738201,239.053834021091,13146.9603786469,3620.37444922328,21510.0116548538,1088.17481052876,16559.5817599297,11112.6950680315,160.043573468924,50.0714540779591,101.819942772388,211.557424247265,15.5835027694702,30.2611032128334,35.927169919014,20.5102895498276,6.67449280619621,19.2889395356178,14.5177375078201,10.9515105783939,40.3449968993664,6.14617908000946,3.2611945271492,0,61.3542650938034,13.9230518043041,151.478690803051,0,0,2.08703082799911,0,54.1467982530594,19.9282901287079,1234.06625217199,0.884131193161011,0,0,0.860780000686646,470.908763498068,374.961773723364,328.195064693689,1246.43961057067,0,8.11200585961342,596.688440620899,1574.79704093933,54.934425085783,232.237684190273,0,0,15.4740568399429,59.5759764015675,1189.2459706068
5.59878560900688,3729.54717677832,356.59413921833,182.695217192173,14.9858609437943,9.62354117631912,73.2571079730988,16.4776296913624,7056.24763169885,4.23321497440338,65.7651863992214,5.92597877979279,1189.95906108618,19.1126922667027,178.327830374241,10953.6494626403,194.870652168989,18.4879668354988,60.8155602514744,0,542.461316227913,0,1996.61380824447,18633.4663735032,1093.64845710993,89.4131927490234,15235.2874066532,4075.65751031041,80.5650769323111,153.790977686644,16.3850212693214,7.77914991974831,55.2042611241341,89.2385692596436,124.590178787708,1843.89849293232,213.350571542978,379.633853018284,386.438434183598,275.94337362051,3.64407604932785,74.5466311275959,432.986086726189,107.25269728899,51.711295068264,73.0335192382336,9.86431705951691,1.51889312267303,30.9152801632881,5.54797142744064,241.314497441053,73.3638382852077,25.2348254621029,0,1.16795516014099,45.7292987704277,15.9508508443832,165.05589556694,3.90089702606201,82.1918915212154,0,158.136708825827,37.2488893568516,4.09479641914368,5153.72429591417,31.6415522992611,3.90688169002533,10.3443739414215,0,430.629080533981,2995.88511306047,2083.37292852998,1620.70835489035,39.5538329482079,67.8089664578438,5996.29936179519,1264.59797078371,32.7514639794827,109.616068601608,12.9629864692688,0,9.97459644079208,36.4383322000504,70.6389222145081
2834.92971354723,88.2068330049515,20586.8468787968,1.05739703774452,15.5507683157921,51.7553445696831,2679.52100005746,794.380901306868,129.373544543982,59.1929753422737,722.34460452199,2.26516610383987,9.44753473997116,2982.45656374097,591.413549393415,4534.77253833413,10800.3879260719,810.138808503747,2017.40677276254,2.95098808407784,60068.3937704861,1996.61380824447,0,649.035173028708,132.06471285224,5688.328860268,33239.7339910865,5541.95756113529,5151.49061894417,21793.4130699337,9.57212162017822,74.6585540771484,307.366911351681,20175.147797972,4607.23407062888,46504.2485634685,4288.44227477908,24686.5867523253,19709.7494101822,183.028568863869,67.2660095095634,59.3205319643021,305.874763011932,91.3086887598038,59.9256639778614,124.687053203583,17.0548577308655,6.7663676738739,7.71707558631897,3.41745120286942,124.740122705698,1041.58806312084,2.29493010044098,2.8514438867569,0.915770471096039,44.0652816593647,3.44481977820396,64.9153763055801,0,0,4.70961022377014,0.945925712585449,16.161567658186,18.2144102454185,7111.21692731977,53.3769435882568,0,9.81022220849991,0,503.346911996603,1205.56199854612,4413.56734967232,1148.09766870737,0,107.196240007877,11873.2543661296,969.667893111706,23.3826281130314,67.793357104063,0,0,11.1819610893726,25.4712701737881,2273.09759661555
76.1940542161465,3406.96150580049,74.1111480891705,16793.9581225216,102.702004134655,84.5858388841152,775.908720582724,146.491603285074,31413.7791394293,584.786651879549,61.0540937781334,173.188961029053,763.952562481165,169.978235810995,1118.57535362244,9748.89870649576,140.348790764809,15.9989864826202,39.4166606366634,485.501974970102,2392.28805887699,18633.4663735032,649.035173028708,0,1343.40964347124,109.28933301568,5073.57201427221,14369.0735550523,607.136123374104,627.897425949574,11.1435797214508,72.0636242628098,166.801455408335,141.221331298351,289.547595649958,1879.19414693117,196.779393166304,284.111044466496,220.004514664412,1606.62128922343,40.7295360565186,104.221956372261,1844.04003375769,24.7985278666019,491.965797692537,138.515959441662,1047.11294043064,76.897965490818,23.6598463356495,20.3231953084469,56.471506267786,37.7470617592335,2488.50750315189,34.7120299935341,425.500394374132,2349.37841767073,620.185668855906,2556.15258616209,1119.00961560011,21.2585513591766,807.709646642208,48.3400543630123,632.753384321928,312.938055485487,882.046101123095,5.31796461343765,0,1.46141302585602,228.51458978653,232.236631900072,769.556485921144,406.931502014399,5412.9342290163,29.9797705709934,21.8058078885078,917.162635177374,8155.19199824333,698.375656187534,392.202990591526,2.18655216693878,12.288166642189,42.7254709005356,311.781146943569,95.5168663859367
49.0132111012936,1546.87380126119,7.15016010403633,199.326052933931,105.335911810398,333.269898921251,436.028753638268,553.864438712597,1354.98497122526,600.443423718214,738.412519812584,288.675682842731,7054.33031269908,402.952469468117,408.253082454205,294.768823713064,7.15754586458206,49.1712972223759,22.6727209687233,167.871409863234,266.944648385048,1093.64845710993,132.06471285224,1343.40964347124,0,149.151804238558,11174.3468908072,1038.73204931617,461.622685015202,373.40807440877,210.306479215622,734.732460260391,55.7367692887783,399.357912182808,55.1936365365982,1292.58215197921,86.0225840210915,1555.7484164834,1346.24422740936,2272.18697825074,624.050748586655,1014.71509554982,634.620378106833,62.147270232439,666.458452373743,145.709842741489,1404.47763520479,298.51068893075,683.57187217474,7.25792616605759,1212.39039850235,2.06647008657455,51.9546771943569,5.25582718849182,137.056939601898,331.404626816511,318.019136667252,64.7318041920662,188.420231133699,572.916176706553,275.182484060526,1279.17020317912,725.818183779716,69.9859793186188,89.3094103336334,1.95596420764923,37.7031746506691,1.83590003848076,61.7475934922695,66.5636098384857,23.5789023041725,31.080529153347,334.12941262126,2248.99794262648,406.618138164282,2439.93740212917,1177.08353096247,934.770764440298,181.768790185452,214.9747402668,138.901351958513,8.77415555715561,1126.76213148236,54.9558153748512
956.706814616919,1046.04963549972,39766.1829308271,3.2267407476902,3.04358521103859,12.1431189477444,786.858217149973,238.669123917818,96.0881467163563,53.719731926918,5154.69187048078,7.35140937566757,351.576333135366,1145.43139746785,18.6294965445995,23.5492983460426,23580.0629835129,6502.78014880419,21263.1315726042,6.36385563015938,733.26722535491,89.4131927490234,5688.328860268,109.28933301568,149.151804238558,0,46313.6702011824,172.214232563972,1152.04221177101,2027.72106909752,1968.94716179371,31.7920582890511,39.326626688242,2762.94380837679,318.038180023432,8815.9492353797,7658.06546247005,5437.05553409457,2843.11240941286,39.6610519886017,33.6086221039295,130.439174413681,332.898588478565,382.366342335939,130.096487522125,123.465915024281,0,0.762080371379852,14.7471044957638,0,1075.71104633808,103.427698731422,0,0,0,0.437421083450317,0,2.92481631040573,25.2369559407234,937.979811251163,0,1290.65394887328,0,2.6280802488327,19.678623855114,92.1465737223625,504.621394366026,247.821347802877,0,0.478449374437332,36.3304452896118,4.2291713654995,8.4223909676075,233.974005848169,11202.4622628689,16551.281372577,2.81350818276405,0,0,1652.83112725616,0,0,17.7911455631256,143.93588206172
627.563192546368,37663.8553229272,46600.2435853779,68.2529508471489,14.2558386027813,10.383343309164,740.463057696819,133.518327981234,5045.25409778953,28.1705992668867,3058.76203894615,11.0990086495876,7966.67557603121,678.541415601969,273.241080999374,5566.97562682629,32797.4051160514,6524.69820442796,16144.2835327387,1.46800249814987,2802.90237934887,15235.2874066532,33239.7339910865,5073.57201427221,11174.3468908072,46313.6702011824,0,10706.6148346663,988.000863537192,2040.70855227113,3217.71632400155,17.5930265784264,76.6846528351307,10559.5266298652,2965.6381110847,45442.9784984291,9276.0320161283,21913.9444127381,18374.4881333411,509.380046159029,71.9367319345474,185.98609906435,1944.11442926526,1180.17227056623,551.400675475597,614.711750268936,5.16749095916748,5.25034493207932,90.015377342701,1.80281084775925,10164.2256423831,2580.55356088281,15.2588568329811,4.16001617908478,0,91.2109627127647,0.497378021478653,150.942360162735,191.486844569445,2077.33466514945,2.15935003757477,4456.61503621936,4.96211871504784,11.7821465134621,2947.98958539963,635.729804605246,604.394724190235,702.498348236084,0,123.643217206001,2000.3847026825,4013.7941070497,852.938180059195,2282.57264018059,24901.8096994162,94120.2964406908,695.596004426479,14.9781437516212,26.7465769648552,3131.52840617299,0.617796838283539,0.923699676990509,85.5633889436722,1383.29575937986
660.493026643991,599.46896892786,691.670269519091,7479.33647730947,108.947960168123,681.815797388554,55878.2675815523,1393.91132001579,9716.89736688137,30600.3680518717,288.891536712646,427.996651649475,135.062297999859,2413.36527955532,1433.34148392081,9184.82478669286,327.452646553516,42.6873300373554,73.5438531041145,3330.42795622349,22541.2764514685,4075.65751031041,5541.95756113529,14369.0735550523,1038.73204931617,172.214232563972,10706.6148346663,0,5814.33488512039,32568.965639919,5.20724061131477,681.581550300121,1796.94296881557,1639.65299990773,3047.46376764774,16157.8751707971,1195.13487368822,3999.4287353158,2324.27552682161,1787.62391206622,443.950651377439,424.427819997072,4252.90128448606,24.1090368330479,1033.09792926908,258.923541814089,2281.40121042728,177.691341012716,56.5588891208172,50.7270355522633,47.4516876041889,70.4980446696281,4661.5118021071,47.0209300518036,519.099435716867,6184.24467647076,697.641739457846,3963.17512071133,2255.58172997832,2.1156741976738,1559.84107515216,5.20988833904266,735.008649140596,481.279511481524,1350.41479575634,0.445911526679993,0,0.348801255226135,450.855512619019,505.054165869951,1037.69066041708,638.367957770824,8642.48315930367,3.33068960905075,4.83135774731636,1694.43624970317,18215.5580128431,972.420401930809,1199.59848865867,0,2.07633203268051,121.311886489391,702.614573061466,385.409627377987
10736.2090844363,37.678265184164,739.653538316488,192.606945604086,70.4697254300117,514.579818814993,9212.53348261118,1341.23881755769,317.5556191504,5482.93841691315,2916.1473826468,780.34598788619,217.198880851269,10943.6488118619,336.806753069162,28.7718733251095,4116.30475139618,739.564669698477,1775.08486321568,552.672764748335,1010.85508880019,80.5650769323111,5151.49061894417,607.136123374104,461.622685015202,1152.04221177101,988.000863537192,5814.33488512039,0,27768.464487195,53.3976916074753,3386.91813980043,5503.41882665455,7554.87020239234,609.784206956625,3042.65789654851,209.249100714922,4028.37783700228,946.353079646826,490.882359236479,424.88349878788,341.879585683346,252.382059246302,1.7694456577301,56.7741984128952,13.6043191254139,133.485956549644,0.817898511886597,41.6980901062489,1.34871447086334,17.7977347970009,3.724848985672,37.7211983203888,0.982577621936798,9.35210546851158,279.228830933571,3.52324450016022,248.649326741695,12.4445346593857,17.8283568024635,40.6356877982616,37.5007846653461,10.3289908468723,14.2482162714005,36.2995252907276,0.881994545459747,0,0,2.177401304245,40.6519479751587,35.3359043002129,10.5592345297337,522.568912565708,22.3398026227951,12.7174899280071,46.5398150086403,880.616790801287,22.5955398380756,83.2165249884129,1.03941363096237,0,11.7964977622032,49.3461316525936,84.0598019957542
19664.5438225567,25.1698308587074,4182.72659435868,19.1123661994934,38.668415337801,297.059543579817,24729.996739924,3183.61799302697,123.02010345459,392.221928566694,432.754426240921,41.925421833992,27.9741533100605,14996.7742290497,909.685590535402,398.373421221972,5689.554022789,563.766747772694,1461.27638307214,28.7518046200275,52759.6396164,153.790977686644,21793.4130699337,627.897425949574,373.40807440877,2027.72106909752,2040.70855227113,32568.965639919,27768.464487195,0,6.84004774689674,411.853087931871,3389.36394557357,14047.194762975,2866.9399548769,7620.51623311639,266.33702737093,11080.5876939893,4466.56763386726,460.173080146313,203.023838013411,138.729350954294,146.751252174377,10.3887760043144,12.2980650067329,23.6976118087769,20.0354273915291,3.36398524045944,21.0908723473549,3.88752588629723,18.7806540429592,33.8142497837543,0.46553972363472,0,0.982162356376648,53.9649105072021,6.79180112481117,120.948759675026,0,2.58837389945984,31.1052869558334,1.68321126699448,15.951200902462,4.07560044527054,738.291625678539,1.03743267059326,0,1.51242715120316,0,238.565975248814,200.298392027617,186.435819149017,554.250302195549,5.20456928014755,24.5997287333012,424.465581834316,876.357120931149,28.3596121668816,66.3947919905186,0,0,5.22970730066299,34.9130819737911,747.019796162844
4.53473377227783,89.39468100667,2.19053608179092,0,0.338382542133331,0,9.09615480899811,3.71048730611801,23.710027962923,10.6049676239491,996.056090891361,4.19456088542938,1497.52257853746,7.31615069508553,2.41083371639252,0,2.99259194731712,217.405843645334,27.9313286542892,1.43852186203003,10.8535152673721,16.3850212693214,9.57212162017822,11.1435797214508,210.306479215622,1968.94716179371,3217.71632400155,5.20724061131477,53.3976916074753,6.84004774689674,0,16.0084054172039,0,117.57129368186,26.2113008499146,509.073983460665,1348.12500974536,593.282028108835,197.853681534529,5.83369439840317,8.93989953398705,150.369248121977,2.80550521612167,101.651027083397,19.7526685297489,7.13703480362892,0,0,21.9664631783962,0,104.729324102402,0,0,0,0,0,0,0.761896133422852,0,1199.28553527594,0,2523.34867736697,0,0,3.40040028095245,0,84.4615561664104,6.23923683166504,0,0,4.74928188323975,0,0,358.453058212996,2058.6831177175,3388.73833310604,0,2.48671185970306,0,1557.34176728129,0,0,12.442603468895,11.3299534916878
