0,0,42.6815475523472,1.6313017308712,4.14113765954971,8.82958734035492,2724.86947906017,460.923057198524,1.42795538902283,10.9189459979534,16.0688065290451,3.65192407369614,3.52122980356216,10905.8191436231,3.76671466231346,5.09023886919022,922.310938805342,25.7575770616531,126.087988913059,5.70009726285934,183.308299541473,0,659.130669623613,10.1328637003899,0,116.644195914268,70.6646221280098,51.8856771290302,6791.03798863292,6049.35848504305,1.64083230495453,2.55283200740814,6.80868899822235,94.868782043457,3.27738547325134,50.665824919939,27.3952425122261,121.924698233604,35.4795904755592,0.464924067258835,2.60358589887619,0,1.78006708621979,1.78406029939651,0.520576894283295,0,1.77487027645111,0,0,0,0,0,0,0.646757543087006,0,0,0,0.921787738800049,0,0,0,0,0,0,1.03022181987762,0.653745293617249,0,0,0,0,0,0,2.95710146427155,0,0.502695262432098,2.90734326839447,2.08266484737396,0,0,0,0,0,0,0
0,0,24.9631489515305,0.862677454948425,14.5255346894264,0.613576412200928,9.3042668402195,10.431905567646,1522.55744236708,3.97061970829964,1605.54473936558,15.4220779836178,3448.9514272809,7.56945779919624,36.4354232549667,147.195743024349,44.3810559511185,3.80240392684937,26.9005209505558,3.95482429862022,9.12371081113815,7533.11482143402,10.1723836660385,3614.15266111493,1343.44549077749,195.464986860752,23220.2978823185,15.3689254522324,28.1858170032501,2.69432806968689,51.8704896569252,29.3079562187195,0,128.223196268082,4.51877403259277,192.38918697834,156.046739906073,120.251609534025,42.3839612901211,23.389596760273,0,301.542302727699,325.348505377769,252.726702719927,124.579798668623,64.9239930808544,6.80801701545715,0.735720753669739,82.1004313826561,0,1193.40645122528,143.529300689697,0.526762723922729,0,0.600135862827301,23.7844732999802,4.04415130615234,19.2307571470737,0,68.9704031348228,0.929755836725235,310.174662649632,4.6422466635704,1.43343007564545,54.003825366497,159.47401368618,1.97590315341949,34.8801781833172,1.24147790670395,16.4517993330956,36.8962064683437,121.714416325092,90.7808015048504,23.2692116498947,810.752820611,4895.24867907166,44.9210692346096,3.71485435962677,39.0451291501522,51.2606217265129,1.92161136865616,0,16.4544941782951,18.2666819691658
42.6815475523472,24.9631489515305,0,7.04587531089783,9.05629289150238,20.6518189013004,352.906397342682,286.725564926863,3.14230570197105,58.6109790503979,71.7463102936745,25.2783276736736,55.3165581524372,483.101283639669,15.2586810588837,176.149617195129,26374.202770412,182.18273806572,1905.20027756691,16.9146382212639,2192.59819751978,8.73941999673843,44499.047170639,227.715800106525,0,40810.6057065427,20161.1022024155,1579.65489315987,342.121795594692,352.178603857756,0.985635012388229,7.16170191764832,13.3646158277988,883.331058532,508.654463589191,7868.62812533975,2419.92485502362,4030.24184626341,2363.20920446515,14.0679063200951,85.0683143436909,0,511.078234225512,164.985734969378,181.0035341084,98.8833831250668,17.9374526441097,7.10650917887688,0,0.345422327518463,101.493677467108,1733.9628919363,0,9.57793271541595,3.42789852619171,47.0040355026722,3.08978116512299,5.72466468811035,0,0,1.4625438451767,0,6.43353670835495,3.90016865730286,173.494690775871,368.675657004118,2.6957885324955,37.3392371833324,1.65032595396042,50.7390350103378,41.6275250315666,1538.83550995588,45.3607206046581,0,448.360392987728,6262.89451614022,65.7699795365334,0.390200853347778,69.1888340711594,0.595434010028839,0,0.771986156702042,7.01376378536224,321.209620118141
1.6313017308712,0.862677454948425,7.04587531089783,0,469.929829001427,599.676892101765,1281.1026109159,953.216507643461,5263.45425271988,17273.3189091384,179.533054292202,3495.0562902391,236.071009546518,468.308591961861,1417.58367949724,1.48465275764465,37.5352245569229,112.385711461306,64.6986066699028,10540.0496577322,4.68280559778214,19.3497750163078,33.2965738773346,13551.8071840703,4.40992254018784,79.8681075274944,30.4190639555454,20197.7091302872,463.087202578783,28.5502142608166,5.81693631410599,126.193174511194,3.41922974586487,299.914045989513,72.1196078062057,1807.67206305265,21.2906324267387,314.754526853561,38.0096715092659,1467.71314439178,203.98118391633,16.1181485950947,531.818671673536,8.86045011878014,207.620548605919,11.7098166644573,2136.3182105422,58.1548360586166,7.43924766778946,0,0,0.571178555488586,7011.29428893328,123.11092287302,545.794245481491,411.015483766794,289.450359612703,1356.99405783415,1369.95443320274,58.7079427242279,1787.44553387165,5.28056043386459,140.461341351271,140.799449950457,0,0.945368826389313,8.69005641341209,3.93667513132095,2587.10717970133,7.61431729793549,0.881471753120422,6.03589481115341,1418.58865559101,0,13.5384998619556,4.66498771309853,4079.02376961708,102.33019477129,1.06241971254349,0.865615963935852,48.5578469634056,0.977077662944794,58.9267884790897,21.4367065727711
4.14113765954971,14.5255346894264,9.05629289150238,469.929829001427,0,3057.18718165159,424.428525567055,312.945175439119,584.143434822559,183.270098149776,271.780126065016,1739.49024805427,156.421230971813,69.3163568973541,6676.94326540828,207.340764403343,56.7887603342533,53.4623509347439,24.9837880432606,301.615968465805,987.159057199955,37.6050360798836,1311.41593062878,928.510099679232,8.99859356880188,44.7919426262379,111.709632158279,1192.69330066442,79.4445474743843,695.109851688147,16.4708167314529,994.722770065069,3.25737166404724,3470.3148355782,4105.20841246843,2444.82935518026,244.79983663559,114.999827861786,53.6718071103096,23186.4626929462,11375.8141260445,33.5981996059418,49.2897250056267,19.1658349633217,8.47138667106628,13.4910075068474,117.856442630291,3.16368794441223,10.2387639284134,0,0,2.27330887317657,61.1922085285187,8.65974116325378,23.2281184196472,75.4267579913139,5.06022617220879,42.4913653731346,16.4131596088409,4.2085183262825,49.417492300272,7.41823714971542,7.90172278881073,15.2978199124336,12.318095266819,0.964267015457153,0,1.52576088905334,33.7753231525421,17.4751504063606,11.3130737543106,32.5596536397934,107.808691889048,0,1.60371053218842,17.330997377634,126.561560600996,13.267853975296,13.264382481575,0.936187922954559,3.49029833078384,0,1.79213428497314,1513.53160724044
8.82958734035492,0.613576412200928,20.6518189013004,599.676892101765,3057.18718165159,0,8670.88786008954,21292.161647886,918.583003789186,14967.8636893928,340.785336405039,19405.2868985236,496.126573115587,1162.25344887376,3004.35078561306,2.82129696011543,101.486587077379,96.122603148222,42.7389559745789,2443.41306748986,40.6115690767765,0.535555899143219,118.59163326025,874.722608596087,11.9895043373108,94.844329059124,36.6162950396538,1592.82196415961,444.499065518379,315.528671830893,27.6767251193523,772.885654658079,0.383059769868851,318.388061523438,4413.01845642924,4533.06209659576,52.2107769548893,228.273493021727,50.7118391394615,8279.08385047317,944.048210650682,56.0753447115421,229.817019999027,17.7332621514797,95.9937752783298,7.53036797046661,524.851151883602,22.0592539608479,10.7061815559864,1.47198939323425,0,2.3414451777935,528.86989569664,24.0587057769299,69.595862954855,569.853274136782,82.5048695802689,378.529993385077,163.250618159771,16.2059467732906,247.014156728983,4.79661783576012,41.428691059351,23.391567081213,4.52341800928116,0,0,0,305.367948174477,10.7369738221169,6.50192856788635,10.3763406276703,841.557404071093,0.608069777488708,0,2.89821714162827,1121.14403033257,28.6919371783733,4.32889157533646,1.03624820709229,17.1778797507286,0,17.6607638299465,286.322446852922
2724.86947906017,9.3042668402195,352.906397342682,1281.1026109159,424.428525567055,8670.88786008954,0,28851.0538684428,1663.90178528428,47120.3398607671,1650.42121061683,1526.61093461514,1097.87355339527,35349.7714338899,1065.32215705514,18.9909929037094,1051.87120074034,927.480160564184,817.405539602041,598.273288398981,1425.7411890626,3.61796641349792,3675.79417404532,2840.09507441521,19.0638181567192,1283.83550742269,588.670881703496,81110.0298839509,9343.30999398232,7786.56725239754,114.01773712039,644.086325287819,306.300474971533,2423.67470642924,1058.43720299006,9782.59065917134,302.054074794054,3385.16828012466,620.689395755529,1821.24675518274,1723.36986839771,102.541464328766,916.252166181803,22.245007276535,519.622576802969,32.1645067334175,846.937915861607,159.144276589155,34.8493980467319,1.81377393007278,1.4326000213623,40.43227404356,1473.98221635818,33.4841073155403,199.568646013737,1992.47909006476,348.204556494951,933.565416306257,597.820916593075,101.895521938801,311.643648266792,23.0912554264069,241.39526411891,42.6005307435989,26.6778672039509,4.15720078349113,0,1.31997835636139,661.862982809544,56.9420539140701,14.1599789261818,88.7325782775879,2168.23595303297,0,1.43045330047607,83.4913582503796,3420.01679193974,201.550821661949,11.9158065319061,0,23.1727093458176,1.25140821933746,127.475032955408,282.174852490425
460.923057198524,10.431905567646,286.725564926863,953.216507643461,312.945175439119,21292.161647886,28851.0538684428,0,1358.86417877674,13397.2706426382,1059.75479623675,12309.1163754165,710.719919025898,23942.5752492547,418.02617418766,18.0073005855083,2172.31892675161,297.725820705295,367.582498431206,4134.03430305421,1313.30943372846,7.40645989775658,3546.8433829844,1380.67827314138,23.3489404916763,730.531792372465,332.301910489798,3031.36761447787,3107.46048507094,7306.84114038944,45.9587400853634,321.39889985323,13.7021968066692,595.237265661359,41.532240986824,4745.45379456878,180.27059468627,790.47326593101,273.868299365044,1479.00583663583,190.77117857337,89.9399452507496,363.769295871258,18.1955589652061,120.258410155773,7.06401455402374,740.069392979145,35.7759214639664,20.1231297552586,4.24523305892944,2.87530842423439,3.76421082019806,768.819294095039,10.0481015443802,78.3895114064217,1085.46023449302,96.3791255056858,610.338665097952,259.207345873117,8.86810907721519,276.819239586592,21.5368551313877,19.554478764534,14.5643922388554,15.2893193662167,0,0,0,433.328464329243,11.5637999176979,20.0030092000961,9.2633328139782,1530.48228573799,3.44483205676079,0.858667016029358,18.8637731075287,1767.26207718253,36.2902514636517,11.2740836143494,0,4.72976318001747,2.08105063438416,15.7473455667496,12.6685519814491
1.42795538902283,1522.55744236708,3.14230570197105,5263.45425271988,584.143434822559,918.583003789186,1663.90178528428,1358.86417877674,0,978.964822590351,617.2711404562,1763.298871696,1869.33494585752,556.258064836264,1853.63621759415,708.972565114498,29.0402292311192,116.572573393583,85.2240284979343,877.028375774622,50.102927595377,7825.51043054461,119.834941387177,21187.452286303,998.545229643583,137.17580267787,6701.40467655659,8699.42325815558,418.593543946743,81.4997696876526,69.0775771141052,193.276466369629,31.3595576882362,336.880291908979,123.622115552425,2295.17872238159,97.5359157621861,400.675374865532,89.538321107626,1711.72841885686,204.457345455885,106.073057442904,630.764581561089,69.2313157320023,218.942698121071,29.0887355804443,858.814806461334,46.7265787422657,25.4954324066639,4.71912395954132,28.4810055792332,19.1163320541382,2866.65827548504,88.6451079845428,168.56454500556,980.476467609406,212.210205078125,7206.53824979067,339.319191664457,93.2124065309763,566.902073979378,123.394198715687,125.314983159304,110.329987078905,4235.49224823713,12.9129165410995,50.1030150949955,6.54330217838287,642.312462687492,575.658961594105,2601.87708193064,1182.43868160248,5231.90042752028,7.9941098690033,118.723830789328,223.428684026003,3851.98186969757,156.101175993681,152.982591539621,31.9890518784523,38.9336890280247,2.99291920661926,44.7785402238369,73.2785149514675
10.9189459979534,3.97061970829964,58.6109790503979,17273.3189091384,183.270098149776,14967.8636893928,47120.3398607671,13397.2706426382,978.964822590351,0,1137.23193271458,9356.07532826066,674.682034850121,4993.14315789938,327.411601990461,3.69699391722679,188.633162558079,584.571268171072,333.549670651555,9592.08977052569,36.8961527645588,3.66521736979485,244.500387102365,354.619739621878,17.2733013629913,524.664520025253,156.293481975794,12256.7213605046,1323.6703915894,123.992267489433,55.1585894227028,462.522613734007,3.36269992589951,1165.00064575672,183.020718157291,4604.64035415649,118.597712934017,1172.39216279984,131.94233199954,1093.8649315536,601.045159488916,81.9313609600067,315.531464785337,14.8119055330753,163.147953420877,4.81215924024582,969.501451939344,48.7987579405308,8.57854136824608,0.649073839187622,0,5.68599212169647,3059.60491523147,54.2522523999214,258.591430813074,461.185668379068,163.937975674868,659.538227081299,1429.88818341494,26.2572149932384,675.209140121937,12.455360352993,43.7622485756874,49.2849197685719,3.09512859582901,0,1.0027194917202,0,1737.33326724172,8.61961847543716,9.34592017531395,12.5080671310425,842.76500043273,0,1.48933935165405,15.4352806806564,2712.12066990137,43.1330465972424,3.05403643846512,0,10.5776276290417,0,45.7857529819012,35.5442457795143
16.0688065290451,1605.54473936558,71.7463102936745,179.533054292202,271.780126065016,340.785336405039,1650.42121061683,1059.75479623675,617.2711404562,1137.23193271458,0,1500.34624475241,11860.6976339519,1006.91210965812,70.0798227190971,26.3852093815804,1663.73948955536,21321.6082130075,4921.44813245535,863.904115527868,183.229767218232,759.992062807083,506.249904960394,764.259661883116,1741.68423634768,5850.62620303035,449.319465458393,648.038692936301,3965.6112344265,751.559738695621,2755.43349808455,2584.25700041652,26.4008727371693,7875.8583355397,102.879134148359,3019.9386832118,5158.90878668427,5032.21975025535,780.749156966805,152.184041231871,131.667585164309,3346.91590419412,45.0467206835747,1483.44830951095,14.1182536184788,1.86477172374725,81.1142775714397,0.630458354949951,813.994158029556,0,292.819601893425,1.97965216636658,15.0955339074135,2.70903933048248,4.43401551246643,32.1216444373131,12.6737787425518,207.916768848896,1.02772498130798,668.81928384304,17.9759162068367,5014.39458543062,24.7495196163654,1.20451939105988,25.3475173711777,3.61825919151306,1.2062007188797,0.549353361129761,20.4304966330528,0.940913259983063,249.220282435417,2.78306409716606,355.820727407932,190.611992061138,358.483579128981,836.828105568886,32.4499421715736,53.05346596241,0.646923243999481,584.701020598412,100.344540417194,0,112.196458160877,54.7273936867714
3.65192407369614,15.4220779836178,25.2783276736736,3495.0562902391,1739.49024805427,19405.2868985236,1526.61093461514,12309.1163754165,1763.298871696,9356.07532826066,1500.34624475241,0,783.096388280392,3249.08156454563,3117.78393572569,1.93890881538391,128.776838749647,661.439686626196,397.543990045786,5806.7965053618,10.8311470448971,4.28616005182266,67.1531649529934,1137.01278197765,22.1062880754471,534.192417412996,105.949522435665,856.295846968889,879.424626886845,93.4246799349785,119.558294385672,801.021415024996,1.68157255649567,888.678113251925,1661.84665724635,3006.82126808167,129.714192926884,716.004750996828,87.8335394561291,4144.39463561773,243.737341850996,124.747515231371,271.460931777954,24.4462782740593,55.5457606911659,4.22615361213684,2021.22338312864,26.8235026896,35.2277297079563,0,0,0,1708.08045044541,147.839624166489,438.488130867481,98.5521055459976,171.754828900099,216.947091907263,467.681160181761,35.1254847347736,1537.86186176538,21.4927225708961,72.0940231382847,133.205324172974,1.86012813448906,0,6.94618111848831,0,1186.25170120597,0,2.23262441158295,4.04373407363892,275.780833423138,0,12.1247571110725,1.80641302466393,927.002123266459,39.2293304502964,0.884793341159821,1.2547972202301,50.5802375972271,0,14.2833838164806,127.582837343216
3.52122980356216,3448.9514272809,55.3165581524372,236.071009546518,156.421230971813,496.126573115587,1097.87355339527,710.719919025898,1869.33494585752,674.682034850121,11860.6976339519,783.096388280392,0,287.1710460186,76.5483638942242,1683.28089219332,108.786320358515,220.268049478531,40.8376224935055,435.672377675772,632.46904078126,3072.97833055258,1334.87975051999,3676.89297005534,5378.79317575693,600.963633656502,2701.91511890292,2663.04301548004,867.209599435329,783.626467704773,1360.21014708281,1181.97517055273,4.57175317406654,2778.96332395077,445.98760420084,6853.82164612412,5579.08185097575,4734.49185374379,649.695268720388,5421.07356324792,894.932304024696,4284.45665001869,1657.2577585578,5994.5423130095,831.077767819166,167.086009025574,4151.5768982172,249.528990715742,2235.8044205606,2.63734197616577,1328.51045408845,25.9681587815285,70.8612004220486,25.5398461222649,163.75287514925,398.138463333249,676.980021685362,406.422461807728,81.6604851186275,3027.449449718,171.302250593901,31459.9944610596,336.349576383829,23.7307406663895,1019.50641840696,30.0014294087887,74.3851488232613,12.971529006958,153.92131960392,281.976940274239,970.835229307413,1030.56091845036,1576.0328412652,1932.42085105181,3325.61555162072,10368.0715267062,865.71184438467,260.667884320021,266.366069346666,4839.69731909037,397.240350723267,3.39431715011597,279.494485169649,146.320942819118
10905.8191436231,7.56945779919624,483.101283639669,468.308591961861,69.3163568973541,1162.25344887376,35349.7714338899,23942.5752492547,556.258064836264,4993.14315789938,1006.91210965812,3249.08156454563,287.1710460186,0,115.065478086472,41.3410535156727,7186.97458806634,423.880759075284,1254.44452098012,1546.18634262681,2039.91180056334,6.65412521362305,6457.99229118228,701.511034399271,15.5491923093796,1567.22679014504,735.188634246588,2642.01986084878,28644.6429899633,24049.9649455547,36.5401194989681,412.337362915277,47.7057955861092,1228.82006946206,48.8253868222237,1149.17244452238,290.854239851236,1568.38446050882,473.34348538518,244.537876904011,74.9943377673626,30.3547339737415,140.199342906475,13.4344041645527,47.3167713284492,7.18262928724289,277.132169991732,16.4474581778049,7.62795600295067,1.73909783363342,1.0006836950779,6.90879571437836,270.23153463006,1.7167546749115,41.6416190266609,424.055606275797,43.009829223156,209.676170349121,74.6047457754612,11.9940085411072,80.7747560739517,11.3546417057514,6.74487525224686,5.67456215620041,8.29647526144981,0.469580560922623,0,0,154.775258749723,10.189687371254,13.1715780198574,10.3019653558731,657.265847802162,0.704730451107025,3.63246014714241,24.192208468914,809.909711301327,7.34712666273117,5.20919233560562,1.26906752586365,1.48127347230911,0,5.53598618507385,11.5292568802834
3.76671466231346,36.4354232549667,15.2586810588837,1417.58367949724,6676.94326540828,3004.35078561306,1065.32215705514,418.02617418766,1853.63621759415,327.411601990461,70.0798227190971,3117.78393572569,76.5483638942242,115.065478086472,0,99.8998221755028,65.4388530254364,17.4063554704189,14.9151841700077,556.246176958084,370.368925541639,114.723744928837,638.178688883781,2632.9706595242,22.4091195464134,28.5195546150208,232.606073230505,2266.29431849718,91.7538370192051,951.448020458221,4.56968033313751,129.985516428947,4.70494344830513,65.1869886517525,2371.68140468001,748.715300440788,159.133034825325,129.510831266642,65.3184176385403,4485.62685471773,76.32911247015,12.6655089259148,141.82047817111,16.5980543494225,19.3912757337093,26.581984937191,335.894171565771,8.60720008611679,3.14917400479317,2.33374238014221,0,5.23429143428802,231.055821865797,15.1374532580376,66.6366953849792,163.251956731081,27.0284104049206,80.5489904880524,73.5910610556602,3.60254168510437,175.671253353357,3.27700525522232,15.8516876399517,13.6359270811081,15.3462023139,0.945958018302917,3.56172776222229,0,132.359228402376,34.7712787687778,14.2598708868027,52.6879770755768,267.899194777012,0,2.30955690145493,11.9640057384968,393.828622698784,19.9201327562332,33.3945679068565,0,6.31493479013443,0,5.98385655879974,1361.56405729055
5.09023886919022,147.195743024349,176.149617195129,1.48465275764465,207.340764403343,2.82129696011543,18.9909929037094,18.0073005855083,708.972565114498,3.69699391722679,26.3852093815804,1.93890881538391,1683.28089219332,41.3410535156727,99.8998221755028,0,402.566552758217,17.2985923588276,96.7495166361332,0.684322595596313,13962.6988327503,13984.3423098624,12699.4906936288,5770.74559399486,43.0106806159019,263.841452509165,5493.14729315042,4714.47083216906,57.3775418996811,118.67581102252,1.00888827443123,0.458060681819916,3.14596730470657,155.098525166512,903.275054335594,11968.5527250469,4134.73136028647,2078.47977373004,1701.22763380408,49.5583843886852,114.63098949194,5.53398054838181,1257.63447323442,90.6312244832516,239.80669978261,141.757650911808,892.280051529408,35.9825029969215,13.5689488053322,13.1575444042683,57.5982226729393,294.54337823391,1.1755336523056,38.3172385692596,40.9331894814968,400.260301202536,185.457282274961,385.362411409616,15.5884879827499,21.7579714655876,26.1733629405499,8.40713766217232,143.046248137951,44.4719659090042,18485.8785460591,49.2916114777327,4.47731980681419,6.19103962182999,11.2434951066971,2364.75140079856,2604.62551653385,13748.5290869176,3588.65369880199,5.0418898165226,31.8885435461998,5028.6694586277,3141.97258317471,154.79703015089,1303.8809889257,0.769256949424744,40.6202158629894,1.70150005817413,49.4574449956417,477.149029880762
922.310938805342,44.3810559511185,26374.202770412,37.5352245569229,56.7887603342533,101.486587077379,1051.87120074034,2172.31892675161,29.0402292311192,188.633162558079,1663.73948955536,128.776838749647,108.786320358515,7186.97458806634,65.4388530254364,402.566552758217,0,1566.57309055328,10005.9943201244,85.586427628994,5327.83879807591,18.4877410829067,29612.0847618282,366.289639621973,2.62671929597855,13977.8990727663,19926.6005264819,2354.4696636498,6878.54929283261,7595.82464912534,4.60004833340645,82.2514240443707,174.257093220949,6706.33673703671,440.362259894609,5948.86575061083,3007.24466121197,4829.96958988905,1839.24663618207,56.1203218996525,124.396079182625,3.57612687349319,336.930561006069,162.692948698997,109.585563451052,76.8758738934994,37.2222300171852,2.40925151109695,1.60790276527405,1.02315524220467,45.3355074524879,386.790244191885,1.21005806326866,5.85483551025391,3.56309336423874,32.3565210998058,2.19798803329468,8.56522044539452,0.884629428386688,2.01589003205299,0.889241099357605,3.33625555038452,3.14985382556915,3.95847988128662,139.055303841829,312.378485530615,1.3460975587368,36.4742364883423,3.17619433999062,32.2250917255878,15.0111218392849,413.987296372652,71.0612030625343,1.28090804815292,648.937249481678,2487.41755720973,90.1754644811153,2.22103357315063,52.5818220078945,0,0.778701156377792,0,6.0549695789814,202.935398817062
25.7575770616531,3.80240392684937,182.18273806572,112.385711461306,53.4623509347439,96.122603148222,927.480160564184,297.725820705295,116.572573393583,584.571268171072,21321.6082130075,661.439686626196,220.268049478531,423.880759075284,17.4063554704189,17.2985923588276,1566.57309055328,0,6441.36142542958,436.27369633317,198.898591160774,3.63928151130676,551.452820211649,172.376334160566,0,8036.86540612578,577.414759755135,437.424107387662,1236.96685263515,529.982062712312,198.19257196784,379.42809382081,11.8645804524422,2195.78924912214,280.37762260437,5062.85014104843,5063.25400486588,4608.88912668824,1545.49059379101,72.6779012978077,53.1686359941959,43.6144986748695,22.0190323591232,52.5141172111034,4.48072597384453,0.598268270492554,9.12330371141434,0,4.76721143722534,0,3.70996156334877,3.25262171030045,2.41547107696533,1.4389386177063,1.59283494949341,0,0,58.1726241409779,0,0.614896476268768,2.98498165607452,72.8721175789833,0,1.87708830833435,0.656211763620377,8.54732185602188,0,2.42625993490219,3.78727889060974,0.882363945245743,0,3.52391484379768,9.26022094488144,4.81553864479065,278.543378472328,361.624471336603,0,0,0,40.9383411407471,0,0,0.547443032264709,117.383484721184
126.087988913059,26.9005209505558,1905.20027756691,64.6986066699028,24.9837880432606,42.7389559745789,817.405539602041,367.582498431206,85.2240284979343,333.549670651555,4921.44813245535,397.543990045786,40.8376224935055,1254.44452098012,14.9151841700077,96.7495166361332,10005.9943201244,6441.36142542958,0,231.540239781141,1080.6542455852,5.27372390031815,3524.44623118639,172.43318040669,3.53366822004318,8750.30813926458,4993.46188730001,748.521962746978,1804.086013183,1567.66692696512,14.1373121738434,134.267492443323,68.0889672338963,5562.25056238472,331.671717375517,5877.32836565375,4369.83208811283,5142.88796575367,1983.12890708447,36.714130371809,68.703740209341,0.55397641658783,121.445859402418,191.689983040094,68.1802144050598,28.6687773168087,9.23149034380913,1.30380982160568,1.08388674259186,0,51.5683047473431,94.4505334496498,3.44305142760277,2.57746434211731,0,0.362910598516464,0,35.7241468429565,0,0.99592661857605,0,13.3170931339264,0,3.07318162918091,16.6456251144409,144.874844640493,4.32996827363968,45.1223317682743,1.02665281295776,3.98940369486809,5.96407121419907,53.0321306884289,19.6122123301029,5.29552060365677,1484.61180567741,1582.04209005833,8.77105584740639,0,6.33913791179657,12.6011427044868,0,0,3.12468457221985,189.61970615387
5.70009726285934,3.95482429862022,16.9146382212639,10540.0496577322,301.615968465805,2443.41306748986,598.273288398981,4134.03430305421,877.028375774622,9592.08977052569,863.904115527868,5806.7965053618,435.672377675772,1546.18634262681,556.246176958084,0.684322595596313,85.586427628994,436.27369633317,231.540239781141,0,8.61115363240242,1.57459056377411,59.7667430043221,3965.62659007311,11.6061029434204,334.534319639206,85.4387643039227,2499.02474787831,477.841456323862,70.4929285049438,45.4587963521481,213.847209393978,2.31569594144821,506.578087121248,28.6654658913612,1784.36761966348,64.7519824206829,388.671534955502,62.492925286293,857.162899017334,185.815037608147,54.6522580385208,243.558533549309,11.5493053495884,136.752847075462,3.25576737523079,963.215776622295,34.4214251935482,11.4737539291382,0,0,0,2141.74315938354,61.0123551487923,223.082794487476,201.261681944132,175.018207788467,307.325957298279,609.971778869629,27.1306025981903,653.752349048853,4.9474735558033,80.0944256484509,50.2385451495647,1.36974364519119,0,0,0,1365.11199697852,9.59413030743599,1.54968535900116,4.1957865357399,523.905487746,0,0,1.27704638242722,1596.25943818688,51.9231626093388,2.86391687393188,0,20.0061054825783,0,28.0294237732887,12.3767329752445
183.308299541473,9.12371081113815,2192.59819751978,4.68280559778214,987.159057199955,40.6115690767765,1425.7411890626,1313.30943372846,50.102927595377,36.8961527645588,183.229767218232,10.8311470448971,632.46904078126,2039.91180056334,370.368925541639,13962.6988327503,5327.83879807591,198.898591160774,1080.6542455852,8.61115363240242,0,330.660762250423,68674.3920816779,556.975454241037,4.76120483875275,2830.28609642386,2584.45356053114,22961.6887808144,2025.05556941032,22594.3355303407,2.71478733420372,16.2308358550072,146.430942893028,5638.49871917069,2042.38747060299,18798.6000688374,2591.65410777926,14924.396315366,6597.91992214322,309.411206483841,554.256263464689,4.35946214199066,234.112716257572,20.3259692490101,56.9382026791573,37.7443960309029,308.157495141029,11.5659566223621,4.61329704523087,6.06836086511612,11.3729298114777,132.801302224398,1.77436649799347,28.0987004935741,8.00268444418907,211.627200603485,44.9038265645504,84.4307767152786,1.93739289045334,3.23241955041885,6.63343405723572,0.406038284301758,47.0930857360363,27.5663079619408,1615.34889143705,28.5837582051754,0,0,1.11376321315765,452.243915885687,147.036375522614,984.901209384203,1001.65472361445,0,20.8356374502182,515.94313454628,1077.2882232964,76.3547119796276,429.482013940811,0,5.954460978508,3.92642688751221,7.52770093083382,829.81305167079
0,7533.11482143402,8.73941999673843,19.3497750163078,37.6050360798836,0.535555899143219,3.61796641349792,7.40645989775658,7825.51043054461,3.66521736979485,759.992062807083,4.28616005182266,3072.97833055258,6.65412521362305,114.723744928837,13984.3423098624,18.4877410829067,3.63928151130676,5.27372390031815,1.57459056377411,330.660762250423,0,585.744678348303,14161.7824371159,1961.82544568181,48.7402653098106,19722.2828826904,489.679886907339,8.79136276245117,1.73770320415497,73.6443267166615,7.82268452644348,0.781490325927734,25.689988732338,3.4400018453598,206.013623476028,121.949691057205,56.6808669269085,21.9713667035103,79.2666653990746,0,137.010649621487,340.790970563889,170.114373981953,87.7350129187107,59.8702061772346,86.7001899778843,1.39882028102875,30.5770432949066,0.787638604640961,762.141132116318,159.289604753256,9.3428863286972,4.68156522512436,2.93657165765762,56.6976848840714,13.923756301403,246.893223881721,4.06760495901108,24.8007318675518,1.93865424394608,249.297821164131,14.166077375412,7.71591424942017,4054.00190043449,43.758607506752,0.94409841299057,5.7363908290863,4.69815897941589,392.358563154936,1443.14792042971,1571.3535592854,1549.17750310898,39.842261493206,234.055087864399,5113.90409874916,741.490522950888,22.5520850419998,203.696314901114,44.2903857827187,6.6338948905468,1.30295065045357,6.16358509659767,36.0173416733742
659.130669623613,10.1723836660385,44499.047170639,33.2965738773346,1311.41593062878,118.59163326025,3675.79417404532,3546.8433829844,119.834941387177,244.500387102365,506.249904960394,67.1531649529934,1334.87975051999,6457.99229118228,638.178688883781,12699.4906936288,29612.0847618282,551.452820211649,3524.44623118639,59.7667430043221,68674.3920816779,585.744678348303,0,2706.21366047859,4.39562603831291,13972.7749052197,43147.72116597,20960.3464060426,5139.89116942883,17171.7641560137,13.9307312369347,62.845645815134,285.383755624294,9855.06784836948,5509.43182814121,50136.5566118956,14561.1290191114,26945.2767536938,17789.1924915314,463.832803964615,693.761132270098,17.3312985897064,850.974328637123,89.8325962424278,209.69800594449,138.090852051973,721.428213834763,25.0082395374775,12.1287664473057,7.42465433478355,38.567533582449,1305.80860608816,2.94962567090988,81.1944170296192,27.9334999322891,213.392372727394,130.22173255682,102.02483984828,12.8162997364998,24.9585179388523,14.8535946011543,2.02396535873413,91.3912838995457,76.3806782364845,7261.29017025232,118.308820515871,3.37502089142799,11.4793877005577,6.83992564678192,815.071202099323,497.407399624586,9293.85980832577,1101.43812549114,0,105.067208945751,6060.13696277142,1121.90318387747,54.2971895933151,482.201203256845,0,33.0026486814022,0.511150062084198,28.3176691532135,2615.30613660812
10.1328637003899,3614.15266111493,227.715800106525,13551.8071840703,928.510099679232,874.722608596087,2840.09507441521,1380.67827314138,21187.452286303,354.619739621878,764.259661883116,1137.01278197765,3676.89297005534,701.511034399271,2632.9706595242,5770.74559399486,366.289639621973,172.376334160566,172.43318040669,3965.62659007311,556.975454241037,14161.7824371159,2706.21366047859,0,1385.42698419094,475.283304959536,9736.5555832088,15888.3673169911,1542.81331890821,405.427535802126,78.4437008500099,219.547889471054,261.315351158381,657.320937275887,683.743833482265,8278.91401273012,724.270119160414,1621.58167284727,705.364124596119,1920.25963526964,443.93608301878,105.627818852663,4092.5700070858,106.542355626822,1228.90031796694,189.629667103291,2217.24847570062,428.658711522818,71.0267086625099,88.9636280536652,109.820233881474,305.17357468605,2568.74416467547,149.667961537838,311.611210227013,7073.63415789604,860.52721375227,4639.35692465305,702.649930477142,302.069570571184,543.246702611446,104.198071330786,845.539288580418,130.767279833555,4287.60538741946,40.3428410291672,45.0060269534588,11.6739854216576,978.77440315485,1246.60151684284,2719.18922230601,2530.80485126376,18478.0720941424,36.0955252051353,83.3807402253151,2242.38342991471,15642.6668038368,1027.89890134335,1315.44348245859,20.3007514178753,130.896998345852,27.716476470232,245.720834165812,373.37455290556
0,1343.44549077749,0,4.40992254018784,8.99859356880188,11.9895043373108,19.0638181567192,23.3489404916763,998.545229643583,17.2733013629913,1741.68423634768,22.1062880754471,5378.79317575693,15.5491923093796,22.4091195464134,43.0106806159019,2.62671929597855,0,3.53366822004318,11.6061029434204,4.76120483875275,1961.82544568181,4.39562603831291,1385.42698419094,0,74.1536870896816,5367.72722658515,7.88231715559959,88.8618077635765,4.99292892217636,71.9105857014656,74.1337355673313,0.465068429708481,421.784730374813,0,47.2888203263283,43.281386166811,119.703203201294,11.5444695353508,10.8689447045326,1.66986411809921,730.554863512516,71.0459525585175,115.156829923391,32.0146188139915,18.4724698662758,3.122798204422,0.614582777023315,244.183584094048,0.464422106742859,193.074246883392,0,2.24642109870911,1.31614196300507,0,3.68568572402,4.91306063532829,64.252097427845,2.49759867787361,288.725178778172,3.06959733366966,1102.28297507763,16.1654544770718,0,19.2057345509529,7.17962667346001,1.79871898889542,2.99999049305916,0.46143051981926,6.07773515582085,125.921826303005,5.78358632326126,151.842035055161,207.415614545345,301.53190600872,1310.02159324288,22.560848146677,29.6855757236481,2.81959772109985,20.6962723731995,47.3007282018661,0,59.8800183534622,0
116.644195914268,195.464986860752,40810.6057065427,79.8681075274944,44.7919426262379,94.844329059124,1283.83550742269,730.531792372465,137.17580267787,524.664520025253,5850.62620303035,534.192417412996,600.963633656502,1567.22679014504,28.5195546150208,263.841452509165,13977.8990727663,8036.86540612578,8750.30813926458,334.534319639206,2830.28609642386,48.7402653098106,13972.7749052197,475.283304959536,74.1536870896816,0,26708.6538138092,1659.12371952832,1828.37568092346,1223.004478544,394.133685350418,275.694681912661,56.0603810846806,2005.62431022525,1281.74538403749,19022.5848228633,11217.8696522117,9024.14016358554,5619.13852414489,79.7838297486305,234.709325820208,59.2979471683502,1237.0571077764,1354.56906867027,521.157748043537,299.289555191994,12.9562467634678,5.54691922664642,35.8801863789558,0,431.327083110809,558.383838742971,5.01407453417778,7.7003545165062,1.23740637302399,31.9395341873169,0.953661620616913,52.281623840332,0,59.3420642316341,0,1628.468418926,3.00960373878479,10.7742155790329,91.3296852111816,921.716355234385,21.0729706585407,139.913772910833,1.04647982120514,40.3315193653107,69.1807968318462,327.720741897821,61.0768944621086,221.22299310565,8828.14882856607,16543.6861841381,21.4950868189335,3.26241257786751,75.487494468689,955.341235131025,3.16896033287048,0.814700990915298,52.883659362793,655.693130671978
70.6646221280098,23220.2978823185,20161.1022024155,30.4190639555454,111.709632158279,36.6162950396538,588.670881703496,332.301910489798,6701.40467655659,156.293481975794,449.319465458393,105.949522435665,2701.91511890292,735.188634246588,232.606073230505,5493.14729315042,19926.6005264819,577.414759755135,4993.46188730001,85.4387643039227,2584.45356053114,19722.2828826904,43147.72116597,9736.5555832088,5367.72722658515,26708.6538138092,0,2477.99268741906,910.588097542524,1048.84482958913,637.480469316244,33.2500094473362,48.4004743248224,2402.66763010621,3181.37366640568,44381.5282256603,15319.5322355926,16492.784929812,10812.2417192161,168.295424222946,308.531976103783,45.6100191473961,11083.9511734545,5406.95201388001,3985.47005033493,2377.41422259808,172.846904307604,70.883348107338,112.774076372385,3.11703673005104,8474.20089286566,15487.9685716629,6.41324365139008,42.4828155934811,17.8628163039684,500.959722667933,61.90523904562,104.792477101088,7.39143335819244,99.327911823988,10.5143530070782,2342.21402895451,52.5732634067535,53.0312468111515,8115.70828559995,6296.08364498615,117.490703701973,937.857489615679,10.244992941618,690.446997851133,2189.38764414191,19202.4610313177,1405.76616919041,1541.68473950028,36764.76483576,167794.814642817,992.583269119263,42.6337309479713,930.951550960541,1121.58798030019,6.29810261726379,4.45624157786369,279.899531826377,2046.0586618185
51.8856771290302,15.3689254522324,1579.65489315987,20197.7091302872,1192.69330066442,1592.82196415961,81110.0298839509,3031.36761447787,8699.42325815558,12256.7213605046,648.038692936301,856.295846968889,2663.04301548004,2642.01986084878,2266.29431849718,4714.47083216906,2354.4696636498,437.424107387662,748.521962746978,2499.02474787831,22961.6887808144,489.679886907339,20960.3464060426,15888.3673169911,7.88231715559959,1659.12371952832,2477.99268741906,0,5443.51539936662,37917.1650862992,26.1514445543289,360.438269406557,902.199523746967,2883.58009237051,2500.53451046348,19948.852116406,1311.40664808452,6652.87815177441,2793.38084086776,2167.79449811578,1498.58692756295,67.3346731364727,3649.92254081368,51.2583688795567,1317.34236562252,143.60560131073,3698.18981176615,450.006160080433,48.9812255501747,51.7701683342457,48.7913725674152,303.6809463799,7801.33896300197,192.249387085438,660.894669890404,6582.8631196022,974.4271004498,3432.55390837789,2050.94630342722,219.991428017616,1490.94880875945,8.00975865125656,775.992494136095,243.463865041733,1383.47511035204,36.8028128296137,3.2993468940258,5.53796181082726,3010.24929627776,634.497748345137,487.502781510353,1293.53269642591,10591.0384295285,6.61240202188492,23.3096105456352,1345.63635015488,14050.6013351977,886.833763211966,917.445951402187,0,92.3168898522854,21.1849019527435,285.504704684019,744.681457191706
6791.03798863292,28.1858170032501,342.121795594692,463.087202578783,79.4445474743843,444.499065518379,9343.30999398232,3107.46048507094,418.593543946743,1323.6703915894,3965.6112344265,879.424626886845,867.209599435329,28644.6429899633,91.7538370192051,57.3775418996811,6878.54929283261,1236.96685263515,1804.086013183,477.841456323862,2025.05556941032,8.79136276245117,5139.89116942883,1542.81331890821,88.8618077635765,1828.37568092346,910.588097542524,5443.51539936662,0,28350.8640494943,175.505664885044,2189.99063283205,4475.60311824083,5603.64827460051,68.3159485161304,1288.59180760384,442.524604827166,2922.42504040897,551.072874128819,193.243686974049,172.138257920742,185.622059673071,193.596139252186,72.0032966434956,31.3552682697773,7.26550859212875,180.719782263041,5.92122483253479,52.141654253006,1.3877180814743,2.72702407836914,3.26635497808456,75.397793084383,5.27405580878258,5.91825532913208,335.812942862511,15.9887605309486,207.0464630723,17.0727658867836,23.0680411756039,35.5278364419937,54.825264185667,9.22897815704346,12.6233713030815,18.7653170824051,11.8405624032021,0,0,48.5873705148697,14.2953805923462,49.2773821353912,15.9983123838902,684.690699517727,0.598637998104095,21.1959821283817,65.6600652933121,580.824931204319,17.7495549321175,11.3494690954685,6.12752491235733,3.21950721740723,0,4.17209601402283,28.9860427975655
6049.35848504305,2.69432806968689,352.178603857756,28.5502142608166,695.109851688147,315.528671830893,7786.56725239754,7306.84114038944,81.4997696876526,123.992267489433,751.559738695621,93.4246799349785,783.626467704773,24049.9649455547,951.448020458221,118.67581102252,7595.82464912534,529.982062712312,1567.66692696512,70.4929285049438,22594.3355303407,1.73770320415497,17171.7641560137,405.427535802126,4.99292892217636,1223.004478544,1048.84482958913,37917.1650862992,28350.8640494943,0,38.0827078819275,193.496115118265,3995.89989289641,10268.0038156658,1882.41350224614,11644.1867619157,546.830024987459,8124.29635994136,2093.51421371102,729.629014104605,1531.54488402605,32.2055513858795,294.568700611591,16.5531000494957,57.2570596039295,17.673202931881,227.775892794132,26.9454989135265,7.39379823207855,3.31739392876625,1.83279645442963,10.5072757005692,11.7255026102066,32.7040887475014,13.8376476168633,363.43187969923,43.5578144192696,48.8330369591713,5.05014359951019,11.2876458764076,5.48481249809265,7.47790515422821,40.2494649291039,22.8089877963066,99.9293848574162,5.36528167128563,0,1.00122439861298,7.21060216426849,50.6196826398373,33.8516225814819,52.831541031599,529.095030725002,2.77129602432251,13.7892101109028,37.6436801254749,663.466518312693,55.4497896432877,84.4008530378342,0,2.62210974097252,5.45463615655899,8.61061663925648,481.700460255146
