0,0,80.8921190202236,3.00171369314194,0,47.6956754028797,2028.66937589645,1577.83488088846,1.17867469787598,27.3042558133602,9.65643259882927,3.15991520881653,0,8711.62967675924,3.51815289258957,0,96.3156500458717,1.03238147497177,2.2400504052639,2.00350081920624,261.519501715899,0,658.50557744503,6.30638152360916,0,15.6970520317554,27.589111328125,39.7714568972588,13017.144277364,12212.2328841388,0,1.22884440422058,11.3563830256462,82.4951718449593,20.5138716697693,60.6542190611362,4.41976207494736,64.1177734434605,27.3300647437572,4.03167599439621,4.12504151463509,4.48287615180016,0.925670862197876,0.702221572399139,0,0,0,0,0,0,0,0.475476056337357,0,0,0,0,0,1.2612224817276,0,0,0,0,0,0,0,0,0,0,0,1.16745787858963,0,0.456976145505905,1.60989540815353,0,0,0,2.26162794232368,0,0,0,0,0,0,0
0,0,74.6580195426941,0,4.60423415899277,0,2.78459423780441,0,1284.00586280227,0,147.861547768116,2.79728972911835,2770.47873809934,6.07003688812256,65.9693588018417,1046.34659677744,85.9263426661491,14.0149991214275,17.3988474011421,1.61383017897606,62.2141171693802,7194.61086773872,157.908850133419,3608.49690532684,8558.83266159892,522.564234942198,21810.9590697289,122.229751676321,1.2449443936348,0,66.3091745972633,0,0,109.940309017897,5.53985744714737,146.791447788477,890.517864495516,232.428078591824,42.0265273451805,47.8612403869629,2.50945591926575,475.701530814171,86.414084225893,229.974679678679,57.5803043842316,41.1523227393627,5.37578976154327,1.65728104114532,36.8606310486794,0,1658.49860647321,347.860234290361,0,0,0,2.26540678739548,0.902313888072968,33.6494764387608,0,79.2818411290646,0,228.667965292931,0.713091671466827,1.78956562280655,146.962463319302,58.887520134449,6.26493704319,13.5625272393227,0.572317600250244,21.3763252496719,719.480736643076,104.629548430443,196.923121243715,179.507251441479,578.643864452839,10684.8174853027,26.843683719635,2.2664692401886,0.933942079544067,38.5567595362663,0,0,20.4577383697033,0
80.8921190202236,74.6580195426941,0,11.5853926539421,4.18930643796921,41.9617521762848,727.657206594944,1356.54567745328,19.8615720868111,118.091184228659,697.754960209131,35.4450860619545,5.43737629055977,1292.83926336467,87.1031242609024,127.413020223379,33831.0135631561,812.15670889616,2268.90425008535,38.6395690739155,2875.10108941793,70.5296578407288,35034.3680607378,89.0628804564476,0,24983.6097796857,32744.1114104092,380.208328604698,752.615502893925,3132.27632120252,58.5026631653309,2.03518807888031,52.6720745265484,5451.81128454208,821.846101135015,8874.6045564115,4734.54489818215,5299.7076665163,3473.51234224439,147.262531429529,111.233389228582,29.7043241858482,154.865366369486,71.837285399437,87.9124972820282,78.8874995112419,5.0793462395668,3.61014211177826,2.98833751678467,0.318421006202698,76.6003060042858,832.252870678902,0,0,0.744710445404053,8.06736782193184,1.97568953037262,9.68538907170296,0,5.93312239646912,1.32253313064575,7.51733499765396,2.47846749424934,3.16283494234085,147.280429512262,102.217806100845,1.49036929011345,15.9175963103771,0,62.2657680809498,225.173965126276,294.264937400818,45.2165157198906,3.84607404470444,263.562479615211,6338.2690641582,39.4605987668037,4.4435983300209,14.8698215484619,2.93646213412285,0,1.66420042514801,31.2404589951038,131.193681567907
3.00171369314194,0,11.5853926539421,0,126.618732690811,755.323521584272,223.286155581474,1130.5247630775,6418.20846953988,7375.62629616261,259.668861865997,3565.05270838737,13.9050636589527,980.000984758139,752.794187128544,0.355801403522491,3.05826309323311,17.9313704669476,35.1860381662846,27573.9539060891,9.1902628839016,3.43668138980865,25.4777528047562,5145.26723778248,0.501598238945007,26.6827098429203,23.268696308136,9405.62986430526,700.278058856726,15.3116877675056,0.770938515663147,16.8032003939152,3.8669804930687,888.04816031456,18.7484835386276,976.114291280508,62.6110545992851,437.567512512207,48.2390537261963,1464.56809613109,149.851490288973,65.0921850800514,116.07917535305,13.0264548063278,66.2051993608475,11.8458406031132,601.096303164959,24.0508506894112,9.77166837453842,0.534302413463593,0.665036201477051,0,1889.21778479218,36.8910275697708,114.379432320595,40.9580325186253,79.6175954341888,1025.19956472516,842.627654790878,4.86260059475899,1109.25477984548,0,21.8965001106262,278.546197295189,13.8998482227325,0,1.80786991119385,0,702.851403385401,3.6542409658432,13.3302155733109,7.2131649851799,2435.09853503108,3.09362214803696,0,1.65819901227951,3180.91187390685,46.775454133749,3.36242777109146,0,0,1.59416562318802,58.0960336923599,0
0,4.60423415899277,4.18930643796921,126.618732690811,0,4156.16449019313,48.8290732800961,47.8391622900963,530.40138232708,256.648052662611,4.74777266383171,1103.73034194112,2.17020243406296,63.5799825191498,5908.06870821118,18.7749907374382,4.29049849510193,1.27082878351212,0,143.636404931545,138.606572329998,35.0793858170509,177.972011089325,412.322655618191,3.87820392847061,0.674538195133209,23.9998205304146,177.654755115509,31.3383212685585,41.2961875796318,0,1056.72171670198,0,1554.47414839268,1623.31101548672,438.542299389839,23.3093520104885,22.3907697796822,36.724409610033,29163.5596559942,9647.44917446375,19.1408463120461,35.9248862564564,3.68896210193634,10.4650632739067,36.6306790113449,131.27935731411,4.35583281517029,9.12331861257553,0,0,5.854760825634,45.7659722566605,19.112678527832,10.3249376416206,0,0.503039419651031,41.0104184150696,35.7219569087029,1.20443677902222,118.574974298477,0,3.51307117938995,43.9843412637711,6.5959153175354,0,0,0,35.1419122517109,11.4960592985153,0,11.2353122234344,77.2506323158741,0,1.73712301254272,7.59505730867386,82.9117004275322,0,2.82296919822693,0,1.90613949298859,1.8981761932373,1.41245305538177,691.8726092875
47.6956754028797,0,41.9617521762848,755.323521584272,4156.16449019313,0,1747.63531532884,15190.4258632064,297.564445793629,22906.5619889796,385.864109516144,8167.10314258933,24.9367110133171,3437.08365622163,6737.70503029227,3.98937758803368,27.3259687721729,37.6568435430527,51.5647713541985,1019.90733453631,198.941745132208,1.65040636062622,217.382114708424,348.639787077904,0.596457958221436,48.2969343066216,60.2783152759075,1923.07450166345,1439.43904256821,401.293362408876,1.91253310441971,388.194195777178,15.5139001309872,1962.33521941304,7132.37925383449,3376.12326967716,132.307867497206,616.606553018093,354.266810536385,13619.4052139223,7044.40894374251,160.34182420373,119.873299717903,23.3485063016415,170.317881524563,70.5138104259968,249.847659140825,63.1039484739304,61.0375276505947,2.35774838924408,0,0.977259933948517,115.460362881422,18.4212844073772,37.5920525789261,18.1067214608192,30.1255129873753,79.7759800553322,108.819199621677,4.26681053638458,205.279702305794,0,8.98076656460762,94.7531363964081,23.3013944923878,0,0,0,56.79775634408,15.7149358987808,2.26064869761467,9.55683755874634,436.530325382948,0,0,4.31220495700836,427.406901270151,15.8333857357502,9.12276610732079,0,5.05869483947754,0,9.52649226784706,462.814726412296
2028.66937589645,2.78459423780441,727.657206594944,223.286155581474,48.8290732800961,1747.63531532884,0,20094.3507883996,382.719377487898,17194.7504141182,637.811393231153,143.089790999889,66.6069253981113,22690.2132197618,610.867631912231,21.461968421936,115.296006411314,86.7660277485847,111.563053697348,62.2372022867203,7200.80688631535,6.03894609212875,2337.44165980816,1120.94035705924,5.87955439090729,157.771713301539,337.993812412024,60195.3044360876,6002.79756632447,17143.2754719853,4.59811872243881,92.5408442020416,265.311923801899,2678.32690504193,631.047436594963,6609.56579208374,486.020662248135,3094.1136046648,823.885830372572,869.412532746792,755.408648431301,283.953022956848,676.115182489157,47.8210193514824,363.378452181816,70.0482756793499,736.234771460295,169.813588947058,54.6350302100182,8.09252372384071,1.50659728050232,5.11668539047241,231.403480321169,12.4722332656384,103.59629201889,132.871025532484,160.3370911479,270.665797293186,259.72516438365,7.11093997955322,156.259204119444,1.31402415037155,90.7814446687698,101.359787881374,224.015885591507,4.10624420642853,0,0,92.4631760120392,132.813841938972,31.5511401891708,108.856926858425,2771.8463973105,1.0404137969017,1.35230922698975,104.641528844833,2692.05533674359,288.667934834957,76.4887318313122,0,8.21153050661087,10.5110195279121,293.515279203653,58.0736804306507
1577.83488088846,0,1356.54567745328,1130.5247630775,47.8391622900963,15190.4258632064,20094.3507883996,0,213.844572722912,19751.6722822189,192.315337911248,2584.06880933046,13.4467963576317,24324.8281742036,354.219943404198,9.50518962740898,875.596601158381,18.8802744448185,52.8028091788292,1738.56653979421,3433.19953200221,1.24443709850311,5625.92386597395,743.96028894186,0.908715039491653,163.584962829947,266.091275751591,3628.61815814674,3371.41671335697,13561.8586245477,0.966634422540665,578.663733392954,232.302828550339,1936.98211142421,253.509793370962,3801.35899554193,244.159360945225,1205.6204008013,571.384209185839,2478.4133579284,857.710798084736,209.378560841084,278.478573411703,17.0128428041935,229.184915214777,61.8878050744534,289.619541078806,87.7730860114098,55.3187334537506,1.02162313461304,0,0.405773490667343,144.368037730455,8.16941672563553,45.08831807971,61.2685820162296,70.3902080357075,119.247405439615,138.257122278214,1.82392239570618,123.610811978579,2.54270052909851,26.111006885767,64.3784059286118,69.7384261190891,0,0,0,55.1201242506504,60.7274723052979,12.7900855839252,26.1388671398163,1080.22278365493,0,0.53593236207962,8.35061272978783,1020.1315561235,87.7807378172874,27.7543171942234,0,6.79621824622154,4.61019414663315,74.168286293745,10.4662516713142
1.17867469787598,1284.00586280227,19.8615720868111,6418.20846953988,530.40138232708,297.564445793629,382.719377487898,213.844572722912,0,2381.43290019035,31.5623018145561,2394.86437538266,93.5736717283726,187.901999294758,4359.77799546719,266.862329661846,5.91058868169785,0.971993923187256,1.34043088555336,1368.36371827126,140.412186205387,9166.65504956245,93.6554576158524,35354.3336684108,1144.37542441487,22.3386263549328,1234.03357699513,8692.32072645426,102.747831314802,6.83735281229019,4.05772599577904,1.1613062620163,1.3813933134079,170.897458821535,20.5485345125198,164.722320377827,57.689084649086,89.6958090960979,9.89722719788551,2053.55474582314,30.9457383155823,11.3692961335182,515.823050171137,29.3989382982254,228.255177140236,43.5778193175793,566.993479013443,86.508708357811,6.64499375224113,11.3075547814369,25.5697233080864,17.4956775605679,602.508867383003,29.0509860813618,77.9485539197922,75.3621716499329,117.845460623503,5285.2869926393,342.426762014627,46.1301013529301,429.714975208044,6.2795635163784,68.9380250871181,209.737009823322,1473.14849177003,4.68247866630554,15.9824069738388,2.79391670227051,229.812933653593,294.357565253973,768.188452541828,455.67165723443,6883.39392957091,46.4532033801079,17.0409672260284,159.381624728441,3129.77120774984,292.201409429312,89.6980458498001,0.964967727661133,11.9172242283821,19.280360519886,187.70181709528,74.9110291600227
27.3042558133602,0,118.091184228659,7375.62629616261,256.648052662611,22906.5619889796,17194.7504141182,19751.6722822189,2381.43290019035,0,1618.6226465106,8713.04128733277,108.310888230801,7908.58000639081,988.803450942039,7.68474292755127,47.7988605499268,157.742041885853,219.026304543018,4510.79367396235,381.951730549335,2.53736144304276,313.360446363688,2124.94930259883,4.46270099282265,211.283589288592,204.357466667891,18774.6256013662,5523.47285884619,399.707906574011,6.79304146766663,119.469130992889,44.6880306899548,4608.09623251855,300.422517001629,5759.07317128778,413.094543218613,2840.95611068606,453.679554492235,1998.06614536047,948.75667116046,397.213528394699,272.730485528708,37.8150435984135,224.664228081703,42.5724928081036,860.187929987907,103.500638723373,60.4933267831802,2.55689948797226,0,1.67477113008499,1465.96688452363,42.8823405504227,165.405984550714,87.3465840816498,110.361696749926,739.840603262186,2156.48344367743,5.53077417612076,1025.04758119583,0,35.1680814325809,359.778472304344,38.1462399363518,0,1.17455965280533,0,615.458410412073,31.258687466383,11.3940574228764,26.4035966098309,3230.56247520447,1.23662638664246,0,7.57247331738472,4616.12933522463,95.5404121279716,9.65564474463463,0,0.8403240442276,8.42756152153015,132.57356595993,7.35055872797966
9.65643259882927,147.861547768116,697.754960209131,259.668861865997,4.74777266383171,385.864109516144,637.811393231153,192.315337911248,31.5623018145561,1618.6226465106,0,705.03858602047,5601.04784217477,312.413945376873,54.8556815981865,25.1953913867474,536.387485295534,4957.23150846362,3171.00371620059,605.676972478628,250.865046113729,26.5141546726227,1140.82916969061,223.923969805241,693.837083399296,4129.73372080922,2607.0763027966,583.015760153532,272.281371831894,304.140062987804,1786.61613363028,5.67515826225281,20.2624984681606,20983.618350625,293.351575911045,3713.56464266777,23065.4320949316,21454.8127913177,2490.24446964264,306.551924347878,51.2956229150295,5361.40777647495,81.0920278131962,2659.30417138338,81.7512251734734,13.5376381874084,21.6579704880714,9.12356889247894,757.429484456778,0,61.8175312578678,15.9358819723129,3.92828068137169,0,0,4.63167405128479,3.23717188835144,17.8063877224922,1.26301670074463,1528.08200109005,7.73646903038025,3507.86104929447,2.37294185161591,4.33292722702026,18.0225270390511,2.65174102783203,106.299658298492,10.2586807608604,2.68381968140602,5.13995063304901,20.6233069300652,1.57533574104309,107.578827172518,192.315333902836,957.905539602041,1316.78169104457,42.3438620865345,2.68168950080872,1.8114230632782,609.576380908489,2.2705625295639,1.15491878986359,13.6354012787342,88.549636811018
3.15991520881653,2.79728972911835,35.4450860619545,3565.05270838737,1103.73034194112,8167.10314258933,143.089790999889,2584.06880933046,2394.86437538266,8713.04128733277,705.03858602047,0,57.9292832612991,2433.09915623069,5703.63057261705,0,13.6181043386459,80.978306978941,104.57747349143,11957.6043733954,43.5014854073524,24.0114617943764,127.957821011543,1327.45079866052,2.93774056434631,99.4465411603451,137.595183312893,718.734231859446,1102.94695931673,36.5031368136406,5.65914300084114,33.9165944159031,2.60145616531372,1838.89888095856,510.485342353582,866.982627689838,120.437082707882,688.956353396177,112.020945638418,4764.82158741355,194.469195455313,167.787702202797,173.89675360918,21.2420625686646,89.496113628149,20.6613572835922,1339.15251111984,44.40565726161,30.486423522234,0.6786869764328,0,0,1269.58208286762,109.614864945412,196.946090906858,32.7030698060989,98.3360594213009,580.291616976261,599.759854018688,10.5098094940186,2081.36873924732,1.30321502685547,42.4475532472134,705.669732570648,27.6371777653694,0.443639755249023,1.17422449588776,0,635.584301114082,18.0180813670158,2.04054230451584,14.9926671981812,1219.30373719335,0,1.27862024307251,4.94604641199112,1733.63049256802,74.9158175885677,10.4524754285812,0,3.50218114256859,2.99214595556259,45.7767356336117,83.219458937645
0,2770.47873809934,5.43737629055977,13.9050636589527,2.17020243406296,24.9367110133171,66.6069253981113,13.4467963576317,93.5736717283726,108.310888230801,5601.04784217477,57.9292832612991,0,12.0638271570206,11.05579829216,47.6467730104923,2.32638612389565,117.025534331799,18.0384502708912,43.5469052791595,48.1841135025024,551.98158621788,39.7686654627323,304.09003841877,11023.379003644,466.295528024435,2052.15721514821,85.3829998672009,14.3360740840435,18.8326639533043,2878.21629685163,1.15419268608093,5.38934332132339,848.500266343355,15.6167681217194,315.973800629377,9526.61108985543,3184.6341637969,66.6037911176682,157.936152994633,8.31324189901352,8170.82537639141,143.187275141478,8162.5170815587,255.743628412485,56.9704644680023,35.7267601490021,9.22753524780273,3136.75982278585,0,346.249167978764,5.07659348845482,4.51313129067421,0.649871706962585,4.47275280952454,0,9.04220634698868,35.7807324528694,1.84304773807526,6094.9332601428,10.0569850206375,17542.4269565344,3.49836429953575,6.21882426738739,8.97812271118164,1.94267928600311,233.617848217487,15.1562019884586,0,0,166.6957000494,7.14523220062256,59.6275076568127,2150.66800621152,3167.66982200742,6991.07000279427,21.2764129042625,5.37515783309937,0,2890.82269051671,2.30535662174225,0,69.9718016684055,5.73069578409195
8711.62967675924,6.07003688812256,1292.83926336467,980.000984758139,63.5799825191498,3437.08365622163,22690.2132197618,24324.8281742036,187.901999294758,7908.58000639081,312.413945376873,2433.09915623069,12.0638271570206,0,370.547707766294,13.6503185331821,1030.96168716252,36.6977698802948,82.6327394545078,1556.947029531,3194.00544154644,3.25132191181183,6349.19043982029,534.457369536161,0.65309476852417,204.210213690996,378.083705991507,2463.88508227468,17522.7138759792,35576.0473499894,2.68592697381973,923.932115226984,163.971724957228,3675.7234056294,207.18130004406,4151.27117472887,217.622919619083,1035.61669936776,604.303874731064,1667.24649232626,692.499823510647,252.473602324724,217.473448544741,20.620487421751,227.399165868759,64.6484624445438,147.158264189959,54.9363383054733,66.8173778057098,1.80567967891693,0,2.21307295560837,34.5813439786434,5.25004124641418,18.8905910551548,13.2824658453465,20.8549090325832,64.6849327683449,27.517155110836,3.38942474126816,68.3730802536011,1.86109685897827,10.5159681737423,43.9575061500072,54.9920248389244,0,0,0,14.7428659200668,38.151046693325,8.19913464784622,20.4670377671719,635.176722854376,0,0,17.0345690250397,393.917122811079,23.6508695483208,20.7887852191925,0,16.2060148119926,3.89926034212112,22.4220403432846,5.35346466302872
3.51815289258957,65.9693588018417,87.1031242609024,752.794187128544,5908.06870821118,6737.70503029227,610.867631912231,354.219943404198,4359.77799546719,988.803450942039,54.8556815981865,5703.63057261705,11.05579829216,370.547707766294,0,90.2818997204304,39.6448391377926,12.9150654673576,12.1156296730042,547.379189819098,885.686689406633,284.098910152912,888.666454076767,2953.32825481892,39.3162346184254,37.0710311233997,276.556788086891,1774.38809093833,200.143604546785,875.050012201071,1.3218694627285,53.062241256237,8.78380811214447,389.950875476003,2805.22447827458,1147.83899563551,335.206353098154,959.257457792759,519.756963402033,4739.14393657446,366.065601170063,129.599105805159,152.652249634266,28.8453146219254,63.8985601365566,101.56030446291,542.03931248188,24.5478150844574,36.4699388742447,1.7632092833519,1.4676913022995,7.36293786764145,209.770221173763,29.7226955294609,67.2687245607376,14.6329075694084,14.4929273724556,152.163448035717,144.022658020258,2.27039885520935,480.687808036804,0,11.9449132680893,219.121663868427,77.7325750589371,0.629240036010742,0.876151621341705,1.67492538690567,126.493039280176,87.2564327120781,10.7296328544617,50.6288877129555,398.960613161325,2.34582215547562,11.4649148583412,42.0455713570118,470.823479831219,36.3844398260117,21.6190023422241,0,0,1.50398826599121,19.9081697762012,1458.41191160679
0,1046.34659677744,127.413020223379,0.355801403522491,18.7749907374382,3.98937758803368,21.461968421936,9.50518962740898,266.862329661846,7.68474292755127,25.1953913867474,0,47.6467730104923,13.6503185331821,90.2818997204304,0,160.333580642939,16.9928716421127,30.4328440129757,2.75006461143494,11517.1125163436,5149.48252269626,11118.5771012306,3577.44022873044,465.064369827509,98.4205133616924,7140.01670834422,2114.53282934427,85.1306714713573,38.5346302390099,2.79771259427071,0.835918664932251,29.7896574735641,524.654798030853,810.922640353441,5097.04441130161,2637.46100619435,1677.26717567444,1291.25033840537,75.480377137661,88.8140616416931,171.825145989656,1357.15338394046,331.50958865881,460.805004000664,323.174465209246,62.9246932268143,21.1669076681137,29.1665489375591,18.1917020082474,169.262555122375,216.248789429665,0,1.6876757144928,5.83669769763947,85.7283920049667,26.21665802598,422.738255441189,5.17524924874306,5.66957592964172,0,5.54401522874832,44.3954792618752,20.7016310095787,11317.2950068116,70.062059044838,2.93593293428421,7.6482934653759,0,2146.44870144129,5100.74371165037,9730.44593214989,1634.10765039921,108.513099163771,65.63476100564,7129.35104250908,1249.60865789652,178.575380653143,403.937323570251,1.02871498465538,2.44974437355995,29.3144209384918,210.783577740192,170.801870554686
96.3156500458717,85.9263426661491,33831.0135631561,3.05826309323311,4.29049849510193,27.3259687721729,115.296006411314,875.596601158381,5.91058868169785,47.7988605499268,536.387485295534,13.6181043386459,2.32638612389565,1030.96168716252,39.6448391377926,160.333580642939,0,746.2996340096,4650.62725430727,11.9826333522797,569.378572076559,55.2520405948162,15895.3272309601,104.398938268423,0,10797.9524507523,19534.6249236763,111.82381233573,1326.60484069586,1153.80927595496,10.9349704086781,4.16036796569824,137.652081549168,2591.53509941697,164.216352105141,2209.95410576463,1870.31801608205,1784.32935389876,810.378274083138,31.2120197117329,34.5577669143677,15.1320196390152,18.2900497019291,22.9339693486691,9.0086128115654,10.5034753978252,0,0,1.27287143468857,0,27.0267939865589,153.469152271748,0,0,0,0,0,1.67903864383698,0,0,0,0.547300636768341,0,0,39.5214013755322,17.3601530492306,0.878517687320709,0,0,7.19122341275215,29.3987249433994,37.2412888109684,11.3945223689079,1.68937790393829,132.643583595753,1154.71183997393,4.12762102484703,0,1.62913396954536,0.450067311525345,0,0,3.55175453424454,13.3621279001236
1.03238147497177,14.0149991214275,812.15670889616,17.9313704669476,1.27082878351212,37.6568435430527,86.7660277485847,18.8802744448185,0.971993923187256,157.742041885853,4957.23150846362,80.978306978941,117.025534331799,36.6977698802948,12.9150654673576,16.9928716421127,746.2996340096,0,3687.76420107484,57.1998391151428,143.568746089935,5.49174204468727,551.435275167227,63.7226524651051,6.30351340770721,7063.5707885921,2072.19969063997,57.9010792374611,50.2680230140686,66.4792197644711,479.906712979078,0,3.60380589962006,2683.45916956663,157.216480195522,1770.26401931047,3684.16553345323,2836.81465372443,1298.22811722755,28.014657497406,14.0529804825783,7.23784703016281,8.31130051612854,42.8907431662083,4.71136263012886,11.8184034228325,0,1.00073873996735,0,0,15.0928588807583,31.1256271898746,0.595428645610809,0,0,0,0,0,1.4624617099762,28.1371316313744,0,71.5994352996349,0,1.23394322395325,2.42203560471535,6.00089839100838,5.21368050575256,6.71241250634193,0,0,4.47195166349411,2.83160066604614,2.97498595714569,0,377.492138087749,780.681376487017,0,0,0,45.3660480380058,0,0,3.86459702253342,45.9858925640583
2.2400504052639,17.3988474011421,2268.90425008535,35.1860381662846,0,51.5647713541985,111.563053697348,52.8028091788292,1.34043088555336,219.026304543018,3171.00371620059,104.57747349143,18.0384502708912,82.6327394545078,12.1156296730042,30.4328440129757,4650.62725430727,3687.76420107484,0,85.9244217127562,387.335753172636,6.8623309135437,1439.01985049248,73.8039200901985,4.64187562465668,7795.28433044255,3217.24479576945,104.102415949106,115.713439613581,144.779424488544,75.5105675458908,0.909072548151016,7.68148711323738,5416.99557438493,229.717508435249,2779.68048623204,3791.38572028279,3405.23250946403,1698.00142508745,51.0048278868198,20.5891411304474,5.64939969778061,9.63962066173553,20.2256689667702,5.00518673658371,8.07245302200317,4.21971607208252,0,0.440076023340225,0,8.12829580903053,46.1696511209011,0.450050055980682,0,0,0,0,0.994489103555679,0,2.95020455121994,0.987930119037628,8.93153244256973,0,2.14920318126678,2.14120560884476,8.57984271645546,0.502938330173492,1.46833261847496,0,0,1.84155210852623,5.48100116848946,4.1562482714653,1.60360765457153,190.450802147388,452.313658922911,0,0.489075005054474,0,4.39394527673721,0,0,2.15579780936241,61.7617810070515
2.00350081920624,1.61383017897606,38.6395690739155,27573.9539060891,143.636404931545,1019.90733453631,62.2372022867203,1738.56653979421,1368.36371827126,4510.79367396235,605.676972478628,11957.6043733954,43.5469052791595,1556.947029531,547.379189819098,2.75006461143494,11.9826333522797,57.1998391151428,85.9244217127562,0,30.3544834554195,1.04827228188515,91.6504903137684,1142.8491885066,3.25773000717163,97.3223951458931,108.767739981413,1528.64350154996,816.012110352516,38.0045106709003,8.62128403782845,15.1554476320744,0,1138.16934680939,4.87756419181824,837.418865054846,130.853122144938,479.815434813499,67.1318935751915,1313.53677719831,144.245656192303,104.137906074524,85.7566758692265,13.4672295749187,51.398438423872,6.50977957248688,508.489978581667,17.209614366293,16.9835896193981,0,0,0,588.043161511421,44.7027848958969,75.1392894685268,17.7174086868763,35.7698462307453,264.47741484642,349.039188295603,0,711.712699621916,0.815938293933868,15.2803570926189,299.871193289757,11.2028994560242,0,0,0,249.740830719471,13.9845358133316,1.21724608540535,2.95933169126511,820.662373393774,0,0,0.451973497867584,1103.01881062984,31.8240812718868,6.34015876054764,0,2.87808305025101,3.07961422204971,29.1553377509117,0
261.519501715899,62.2141171693802,2875.10108941793,9.1902628839016,138.606572329998,198.941745132208,7200.80688631535,3433.19953200221,140.412186205387,381.951730549335,250.865046113729,43.5014854073524,48.1841135025024,3194.00544154644,885.686689406633,11517.1125163436,569.378572076559,143.568746089935,387.335753172636,30.3544834554195,0,625.703103244305,39621.0015643835,1207.95632824302,60.0557828247547,513.366720438004,1940.9546174407,17982.6847437024,3343.64499369264,56558.7085737288,2.95773708820343,21.9448392689228,622.30072042346,17204.905978322,5342.64165014029,23209.7895871103,1749.64792445302,19576.8726111948,8882.92942997813,364.89513656497,559.481073021889,634.70559117198,827.856268793344,186.473677784204,302.635581016541,105.774954617023,130.812057197094,71.4787456095219,94.4457367956638,35.1214487850666,17.6246641874313,22.5022498965263,0,3.88857039809227,13.8010874092579,66.6666266918182,45.4643761813641,505.67807418108,1.65757212042809,9.51579090952873,1.1987424492836,0.764832735061646,77.1225899457932,40.3811216056347,4840.51994743943,24.9052477777004,1.58258807659149,1.20390948653221,0,2765.67908769846,462.273456960917,2399.88106110692,2134.00986611843,14.8318864703178,8.4006535410881,697.757953464985,1856.00615075231,299.977568358183,579.690433979034,0,4.1042178273201,42.7179003357887,178.647195547819,419.884626686573
0,7194.61086773872,70.5296578407288,3.43668138980865,35.0793858170509,1.65040636062622,6.03894609212875,1.24443709850311,9166.65504956245,2.53736144304276,26.5141546726227,24.0114617943764,551.98158621788,3.25132191181183,284.098910152912,5149.48252269626,55.2520405948162,5.49174204468727,6.8623309135437,1.04827228188515,625.703103244305,0,816.924931198359,15909.8098748922,4355.23043069243,113.324098110199,9137.38672444224,452.919345110655,10.8774412572384,3.71709859371185,10.6100685894489,0,1.40286523103714,97.3008910417557,40.9516243338585,333.247684150934,417.927360892296,192.443078994751,104.045819878578,302.450536906719,3.18325912952423,48.1774433851242,671.90587285161,163.280173242092,266.483821243048,178.541193783283,14.9527841806412,15.1874214410782,13.2612254023552,2.41257804632187,113.836537510157,124.905327707529,2.20664566755295,0.729319632053375,0,12.8565376102924,3.52116525173187,278.947803318501,2.86249440908432,7.65406262874603,0,26.6394321322441,9.23002356290817,3.25925052165985,4508.42325612903,32.2183785140514,1.85724544525146,1.29039704799652,0.36175599694252,551.447277486324,4817.49296826124,2595.68913218379,1031.49978509545,163.426785349846,94.8213040530682,7787.38109263778,395.252600908279,55.0382847189903,83.5388988852501,2.45318230986595,0.905211806297302,11.520189166069,119.960991442204,55.1639060676098
658.50557744503,157.908850133419,35034.3680607378,25.4777528047562,177.972011089325,217.382114708424,2337.44165980816,5625.92386597395,93.6554576158524,313.360446363688,1140.82916969061,127.957821011543,39.7686654627323,6349.19043982029,888.666454076767,11118.5771012306,15895.3272309601,551.435275167227,1439.01985049248,91.6504903137684,39621.0015643835,816.924931198359,0,2886.47857451439,32.3460755050182,4453.68838059902,46530.5732507706,11294.1663376391,6349.15248247981,17030.1079539657,10.6201385557652,14.1481239795685,668.112063527107,20228.812720269,9322.0350240767,51221.7336095273,22484.5852744877,38549.0683603287,21393.8220522404,840.510967612267,1009.44219374657,469.188882291317,1436.17620009184,317.392861783504,525.530061244965,389.171650916338,64.3854307830334,39.7823677062988,56.5887250304222,8.9628404378891,101.655648052692,468.153390020132,0.420120298862457,11.3045291900635,7.13808226585388,99.577883452177,17.7647815942764,128.40803527832,4.34492933750153,3.06211894750595,2.46536922454834,5.20090913772583,26.4014301598072,29.3292350172997,9302.15662065148,84.6072214543819,1.2959657907486,10.6212690770626,0,2017.00892731547,3210.64438143373,11007.5807906091,963.156780987978,32.4791418612003,108.585942089558,11602.6783946455,951.508097916842,113.935046672821,399.272433698177,0.568411827087402,1.21450346708298,25.0923056602478,177.913319051266,735.440948188305
6.30638152360916,3608.49690532684,89.0628804564476,5145.26723778248,412.322655618191,348.639787077904,1120.94035705924,743.96028894186,35354.3336684108,2124.94930259883,223.923969805241,1327.45079866052,304.09003841877,534.457369536161,2953.32825481892,3577.44022873044,104.398938268423,63.7226524651051,73.8039200901985,1142.8491885066,1207.95632824302,15909.8098748922,2886.47857451439,0,2948.94893416762,239.662275478244,6935.12749180198,10898.5776409209,1198.16250407696,65.9237958788872,16.0482332408428,25.7369658052921,150.109327822924,1031.36634355783,409.225849241018,4174.75341907144,874.608229130507,1181.42174342275,445.979349553585,2639.1811067462,235.207302063704,354.209624797106,3343.65146425366,191.966618299484,1736.30681908131,267.826847821474,3251.57822361588,793.182320028543,104.314395934343,64.022226780653,144.118133187294,113.860644340515,1710.09326118231,50.7596353888512,528.996804982424,643.340360641479,1039.90488767624,6273.98872834444,1338.8938639164,169.354922562838,668.154130667448,29.834693223238,810.04377451539,376.56452357769,3456.25574490428,28.0471697747707,6.71486040949821,13.6610487997532,454.134184509516,1387.77208986878,1316.94126680493,1625.05083155632,24055.8342915475,154.316167145967,383.770579636097,2912.52731826901,14926.5294940472,1744.96678629518,494.297778487206,19.6732091605663,60.1917309165001,87.3308158516884,1330.89760065079,279.685546576977
0,8558.83266159892,0,0.501598238945007,3.87820392847061,0.596457958221436,5.87955439090729,0.908715039491653,1144.37542441487,4.46270099282265,693.837083399296,2.93774056434631,11023.379003644,0.65309476852417,39.3162346184254,465.064369827509,0,6.30351340770721,4.64187562465668,3.25773000717163,60.0557828247547,4355.23043069243,32.3460755050182,2948.94893416762,0,270.69366812706,1304.29880657792,98.4077884852886,0,1.61634063720703,255.025872379541,0.809050858020782,0,71.0135301053524,3.9928320646286,88.3552350401878,137.2190746665,710.46761572361,6.57728505134583,67.4975656270981,3.02708303928375,889.929351866245,99.0453422963619,537.311261445284,85.9235745668411,22.599205583334,12.8203679919243,0,371.327190279961,0,649.907261252403,5.40577328205109,0,0,0,0,3.17580074071884,74.4932219088078,0,815.905778676271,0,4055.50172483921,0.794241070747375,4.04972404241562,63.52361536026,2.56081488728523,56.4460580348969,9.75779163837433,0,6.24262374639511,340.083899199963,14.0707399249077,248.626510232687,2380.38185915351,1256.26716989279,7273.82752749324,6.35374107956886,4.12453377246857,0.500284969806671,499.629155993462,0,0,18.5807615220547,0
15.6970520317554,522.564234942198,24983.6097796857,26.6827098429203,0.674538195133209,48.2969343066216,157.771713301539,163.584962829947,22.3386263549328,211.283589288592,4129.73372080922,99.4465411603451,466.295528024435,204.210213690996,37.0710311233997,98.4205133616924,10797.9524507523,7063.5707885921,7795.28433044255,97.3223951458931,513.366720438004,113.324098110199,4453.68838059902,239.662275478244,270.69366812706,0,28569.1992439628,140.789828673005,187.966032147408,375.33247923851,1750.67345574498,0.751330077648163,19.3352344036102,3883.08987504244,446.828684031963,7513.8616258502,17799.8232067525,5617.90021559596,3025.09849891067,83.4557818174362,51.6534364521503,14.5846316814423,451.538123339415,1165.17373391986,318.926089257002,265.651771396399,14.9586181938648,6.81524533033371,28.1744364798069,1.99581751227379,590.735983282328,1517.19317743182,2.56636607646942,0,0,2.78062656521797,2.7843953371048,17.985100209713,1.01192045211792,575.438484638929,1.01716697216034,1226.22307696939,2.27618709206581,2.36216250061989,69.6226141750813,422.537359923124,197.799217909575,119.815077513456,0,12.2047403156757,240.808984875679,139.093655973673,41.3793756067753,129.440574586391,9457.00012999773,18875.2395361811,11.3043607473373,6.32668486237526,2.42174124717712,751.900760620832,0,0,158.438903450966,127.988659024239
27.589111328125,21810.9590697289,32744.1114104092,23.268696308136,23.9998205304146,60.2783152759075,337.993812412024,266.091275751591,1234.03357699513,204.357466667891,2607.0763027966,137.595183312893,2052.15721514821,378.083705991507,276.556788086891,7140.01670834422,19534.6249236763,2072.19969063997,3217.24479576945,108.767739981413,1940.9546174407,9137.38672444224,46530.5732507706,6935.12749180198,1304.29880657792,28569.1992439628,0,3458.6002921164,577.230347335339,558.704586714506,805.539205729961,5.58667701482773,61.4074608981609,12503.4903175235,2786.17400273681,32011.0228652358,24616.09850353,18504.8184949458,10936.3798043132,469.579752773046,444.463890820742,75.7174363732338,3261.42149609327,2945.88890913129,1678.96231770515,1455.39263927937,88.7724863886833,37.8882323801517,46.1885523498058,7.81825518608093,5902.16092041135,9413.7864408493,1.6445272564888,1.87259894609451,2.95796409249306,77.4608439207077,11.0059669315815,197.999040186405,4.81464710831642,530.80105727911,4.5120544731617,1480.09771648049,32.5527075529099,19.8819878101349,4841.16660439968,1400.55632823706,451.489283025265,381.810015112162,1.90784001350403,534.4500644207,7605.71660703421,7082.70153166354,950.225986331701,760.730727434158,23055.5036286265,160812.491084486,501.424035638571,45.982303828001,80.4813841581345,1279.52271297574,3.0921978354454,6.46585237979889,665.058231696486,447.959389388561
39.7714568972588,122.229751676321,380.208328604698,9405.62986430526,177.654755115509,1923.07450166345,60195.3044360876,3628.61815814674,8692.32072645426,18774.6256013662,583.015760153532,718.734231859446,85.3829998672009,2463.88508227468,1774.38809093833,2114.53282934427,111.82381233573,57.9010792374611,104.102415949106,1528.64350154996,17982.6847437024,452.919345110655,11294.1663376391,10898.5776409209,98.4077884852886,140.789828673005,3458.6002921164,0,4682.71629226208,26148.5646312833,8.01637369394302,72.5660275816917,583.629915863276,3380.90281590819,1710.9172000587,13347.6193413138,1194.51458385587,4202.63572570682,1663.57189959288,1971.21522536874,857.760792791843,742.130354076624,2889.76177632809,161.464528769255,1472.94024282694,215.097260862589,3173.22932067513,750.077699512243,153.8453091681,56.6366740763187,42.0059462189674,42.5292857289314,2246.13643702865,60.2737901210785,395.64760389924,550.421463519335,747.81644487381,3061.76923438907,1956.7934550643,38.573274075985,1254.30101403594,4.65862590074539,551.514053970575,529.093475103378,1984.40006870031,32.5775700807571,1.54403936862946,0.840170919895172,755.901532351971,1174.73696234822,477.167875677347,975.044134020805,16837.8854609728,15.9219967722893,12.2226428091526,1249.10927522182,14729.3932966888,1387.45626443624,507.106493651867,1.23158466815948,30.1836438775063,93.0529403686523,1149.52727711201,229.448390781879
13017.144277364,1.2449443936348,752.615502893925,700.278058856726,31.3383212685585,1439.43904256821,6002.79756632447,3371.41671335697,102.747831314802,5523.47285884619,272.281371831894,1102.94695931673,14.3360740840435,17522.7138759792,200.143604546785,85.1306714713573,1326.60484069586,50.2680230140686,115.713439613581,816.012110352516,3343.64499369264,10.8774412572384,6349.15248247981,1198.16250407696,0,187.966032147408,577.230347335339,4682.71629226208,0,26043.8405694664,0.458358258008957,1110.09388145804,9329.22350931168,11743.9717107415,140.833510488272,3141.77428993583,186.608368247747,1072.5176666975,464.289138615131,532.912490427494,610.487360835075,199.541028320789,233.593302130699,28.8638751506805,140.534359306097,27.6970738172531,141.940200120211,37.2918925285339,45.0790379345417,6.65209731459618,4.36969900131226,1.14900624752045,12.8767066001892,2.03196394443512,18.1445062160492,12.7417654693127,15.2729026079178,89.5366607308388,14.0547016561031,0,38.4162404835224,0,21.5300507247448,29.3236861526966,239.684081554413,0,0,0,9.41551917791367,168.742008566856,17.0449928939342,50.7060106694698,854.609565258026,0,0,35.0312330722809,629.370654046535,55.0097033381462,46.2487776577473,0,7.93117320537567,7.14435613155365,53.8560636043549,9.46274262666702
12212.2328841388,0,3132.27632120252,15.3116877675056,41.2961875796318,401.293362408876,17143.2754719853,13561.8586245477,6.83735281229019,399.707906574011,304.140062987804,36.5031368136406,18.8326639533043,35576.0473499894,875.050012201071,38.5346302390099,1153.80927595496,66.4792197644711,144.779424488544,38.0045106709003,56558.7085737288,3.71709859371185,17030.1079539657,65.9237958788872,1.61634063720703,375.33247923851,558.704586714506,26148.5646312833,26043.8405694664,0,3.31187152862549,66.6532556116581,2841.90617799759,8937.10427123308,2010.38007232547,7212.16991132498,621.609916388988,6291.68209391832,2387.47982424498,559.513280749321,540.775723159313,236.20617890358,166.733700215816,17.381109893322,108.735758930445,56.2012845873833,54.9479367733002,38.6305074393749,34.9440811276436,4.26678597927094,0.550455689430237,5.84682965278625,1.50999480485916,1.29407870769501,8.91745844483376,5.57809221744537,19.8564945757389,23.9082129597664,0,0.428248882293701,0.445189356803894,1.05047154426575,24.2757152915001,8.26548612117767,163.018849015236,0,0,0,0,116.474759608507,15.9654160141945,86.6367279887199,346.372275322676,0,0,80.5355389416218,245.166504085064,45.8846193253994,49.1005207002163,0,4.35189405083656,5.12112778425217,29.1242638230324,118.002713143826
0,66.3091745972633,58.5026631653309,0.770938515663147,0,1.91253310441971,4.59811872243881,0.966634422540665,4.05772599577904,6.79304146766663,1786.61613363028,5.65914300084114,2878.21629685163,2.68592697381973,1.3218694627285,2.79771259427071,10.9349704086781,479.906712979078,75.5105675458908,8.62128403782845,2.95773708820343,10.6100685894489,10.6201385557652,16.0482332408428,255.025872379541,1750.67345574498,805.539205729961,8.01637369394302,0.458358258008957,3.31187152862549,0,0,0.394126415252686,112.930350780487,9.56034496426582,137.710051298141,3826.35500323772,535.941841721535,82.7256551682949,3.61498749256134,0.838956117630005,45.3077731430531,71.3960485756397,1461.01278400421,112.615607708693,26.2855083346367,0,0,105.561938047409,0,134.264786183834,10.9766827225685,0,0,0,0,0,0,0,1450.34512120485,0,2955.4101549089,1.30756950378418,0,1.09337446093559,4.65119060873985,149.737402558327,13.5077305734158,0,0,37.102176964283,0.442545592784882,1.04879295825958,335.034051626921,2243.25873863697,4244.1800147891,0,0,0,1134.79182097316,1.7135865688324,0,16.5521329045296,2.89357951283455
