0,0,220.030722409487,2.88884118199348,1.78123873472214,3.64057141542435,1681.91202706099,696.304702818394,1.92899650335312,16.4953511655331,0,0,3.40273067355156,10988.6413781643,2.22802168130875,4.27873632311821,377.050663620234,0,32.589646011591,1.91826182603836,540.060108304024,0,1733.72240412235,53.4028022587299,0,57.9145094156265,116.31259149313,435.622040629387,8309.70822492242,7237.38523495197,0,5.62956836819649,7.42132604122162,436.57803183794,27.1422513723373,160.901038318872,2.88516712188721,192.975747287273,57.1143521368504,10.7933791875839,2.14237380027771,0.657441914081573,0.569197654724121,0.711652219295502,0,4.1947483420372,1.74360108375549,0,0.992470324039459,0,0.409618049860001,0.519598186016083,0,0,0,0.624065637588501,0,2.32943177223206,0,0,0,0,0,0,0.371328264474869,0,0,0,0,0,0,0,18.5549022257328,0,0.723922342061996,12.0927149653435,6.22460180521011,2.80281496047974,0,0,0,0,2.73220431804657,11.4337715506554
0,0,59.7499869167805,0,0,0,0,1.24460735917091,3347.22092676163,0,45.3352907896042,0,1529.24052727222,0.470673620700836,2.78204637765884,697.441620796919,67.8162736296654,4.57755410671234,16.6621117889881,0.92145049571991,13.975652307272,2118.92165732384,54.4509848356247,661.027632683516,795.075437456369,212.956335246563,12918.9116405249,35.0907328426838,0,0.763498902320862,10.0352151691914,0,0,12.4854818880558,5.13586223125458,70.2174870073795,36.0525940060616,57.3055151700974,25.7976548075676,2.30011588335037,1.31074357032776,225.923002898693,96.4118350744247,145.375580996275,44.4982714951038,42.2748240828514,5.50787746906281,0,55.1782442927361,0,1687.98386585712,42.2762331962585,17.2933798730373,1.82223069667816,3.16953402757645,2.63756501674652,1.56840306520462,64.7500662207603,3.82815247774124,52.6639100313187,3.12560486793518,259.739039033651,0.687298178672791,1.16618525981903,41.506442964077,175.506202220917,5.67507553100586,149.833911299706,2.54659307003021,1.8701748251915,238.629138410091,18.6516074538231,105.382089197636,112.529485702515,500.222321510315,8308.56277680397,32.9497330784798,0,1.316251039505,14.8795791566372,0,0,13.5978772044182,10.5247392058372
220.030722409487,59.7499869167805,0,0.768606960773468,8.39738136529922,6.30954301357269,87.4698441922665,577.244322121143,5.50796473026276,8.38902944326401,7.10950276255608,2.02117067575455,44.2209479808807,937.409747421741,9.48064994812012,12.3400278687477,19948.7646952271,9.35859659314156,1692.2943803072,0,5106.21836218238,17.5320348143578,80273.2708642185,3.24526247382164,0,13828.3451557457,20664.8824804425,398.698155403137,325.742603480816,715.521453917027,0,7.77331975102425,11.9415932297707,3141.02198380232,751.712738931179,6248.5394910872,1201.77269992232,4772.81083363295,3353.13848912716,103.677688509226,29.701473981142,0.915240943431854,385.957399427891,94.3884113132954,167.584172219038,303.102664381266,5.14749944210052,5.66675597429276,0,0.72528487443924,242.999602973461,489.545095086098,0,0.636785626411438,0,0.891803473234177,0,12.5841440558434,1.14837777614594,1.219722032547,1.16595816612244,0.887266993522644,1.13745629787445,6.75079619884491,55.9949845969677,1364.15621235967,0.57425594329834,306.670462101698,0,14.2394782006741,48.6927302479744,116.992756843567,31.2492833137512,2.56460559368134,1842.69098201394,9566.5886156559,5.47072058916092,1.91589617729187,13.2968781292439,0,0,0,36.754855543375,1018.91193011403
2.88884118199348,0,0.768606960773468,0,132.827473640442,263.914574831724,126.940280407667,427.149171561003,4795.8449639082,4369.52138108015,6.17133969068527,14042.1480457187,49.9820509254932,268.629384249449,558.295685201883,0.511805832386017,0.438242048025131,1.88988053798676,0,21619.6304977536,5.55968913435936,3.5947493314743,1.8285117149353,3158.18567940593,0,1.13137152791023,0,14365.6706469953,76.0975177884102,3.18987631797791,0,27.6820891201496,0.616678833961487,121.117518752813,22.0376062989235,444.540267348289,11.6418299973011,37.3557821512222,22.6672686636448,1108.4030752182,19.7988678216934,9.00580823421478,98.5868203938007,1.32727944850922,27.1790389716625,10.1342137753963,674.231220990419,1.06929445266724,0,1.49432402849197,2.00143998861313,0,942.404222160578,9.87025266885757,126.319585978985,132.915681868792,29.5077348053455,390.36619758606,476.757689058781,0,1279.79752913117,0,22.4538874030113,50.9187859892845,0,0,0,0,461.363608628511,0,4.74876087903976,0,1597.43990400434,0,0,1.80068320035934,1791.00605541468,10.3936424255371,0,0,0.64613676071167,0,36.1570061743259,4.342888712883
1.78123873472214,0,8.39738136529922,132.827473640442,0,955.239728778601,20.5950441360474,155.476689070463,216.560865163803,72.7519118487835,1.4896873831749,561.217579692602,26.6322622299194,40.838619351387,3333.26167556643,20.1201080679893,3.91795289516449,0.925317585468292,2.76448452472687,94.289398342371,145.941848248243,4.99783080816269,181.757917255163,101.24393543601,0,5.27264931797981,55.3130994737148,179.076986044645,19.1251908540726,38.6407549381256,0,357.956518143415,0,1253.61420378089,2721.13652271032,88.7451289594173,28.8248253464699,7.78146320581436,44.1086276471615,10927.6177318692,2993.85530608892,2.23157823085785,104.54336720705,118.758302748203,19.4428849816322,400.558231949806,17.8058949112892,6.68689143657684,0,0.825076043605804,0,3.69292145967484,0,0,3.53495210409164,3.29320597648621,3.7780444920063,0,8.57219016551971,3.29069775342941,8.28162354230881,0.91936206817627,7.12899178266525,3.72701615095139,17.5379959344864,25.7578369379044,5.68827885389328,40.5718640685081,2.09364247322083,45.771820127964,0.728656828403473,116.98091673851,26.6826765537262,0,41.4104889631271,87.6681507825851,41.973035722971,5.99880421161652,15.2235642671585,0,1.97127741575241,1.42394006252289,5.65357780456543,911.458225011826
3.64057141542435,0,6.30954301357269,263.914574831724,955.239728778601,0,1645.15016660094,22010.9408276975,178.802669644356,41588.5789672732,53.5002356171608,6673.97574177384,287.459983706474,485.267553120852,2726.79331865907,9.12254345417023,6.30453869700432,14.3445574641228,11.8859741389751,671.381695121527,74.6297181844711,0.316070318222046,53.2365988492966,118.682194650173,0,17.950586616993,16.6900736987591,1544.20314574242,153.07787168026,110.636944502592,4.9990414083004,977.152978777885,0.988643109798431,300.651922762394,18972.0938962698,1353.63474962115,64.2030935287476,71.1021508872509,135.822880119085,6774.01471579075,3536.73181927204,71.7664369046688,60.9405089318752,9.76998192071915,17.4611289203167,28.6558330655098,313.696248173714,3.71045580506325,1.76586359739304,0,0,0,61.9881598949432,4.39866745471954,60.6052851974964,11.931726038456,18.4875467717648,16.527791261673,82.184488683939,0,164.607367932796,0,10.0836552977562,8.14009720087051,0.861835300922394,0,0,3.12647223472595,45.4315924942493,0,0,11.5575663149357,196.167012602091,0,5.40773928165436,10.5367189645767,165.529709815979,4.20428055524826,0,0,2.90929180383682,0,50.210548967123,1198.81065890193
1681.91202706099,0,87.4698441922665,126.940280407667,20.5950441360474,1645.15016660094,0,27730.542443946,305.633323460817,29133.694984436,57.5628653764725,77.6070773005486,334.170172899961,16292.6834093928,132.494860112667,25.9250721335411,66.6848720908165,12.3219848871231,22.73383051157,72.429042160511,1721.94687253237,0.751064240932465,369.763063669205,931.640208095312,0,32.2829147577286,42.1068341135979,47654.953997761,2462.42736053467,13334.6686943173,2.43326589465141,284.932014763355,17.0164753496647,1176.41328188777,380.984657108784,3713.43914613128,106.043166339397,588.942536145449,296.915188580751,740.764944374561,184.926729768515,73.7183794081211,95.9486762285233,5.96491491794586,24.5501916706562,34.9026549756527,85.3078339397907,7.28789991140366,0.52160769701004,0.824008822441101,0,0,113.367993235588,0,16.7277740240097,55.3823345303535,16.9455488622189,95.5756491422653,72.4714949727058,0,82.0633166730404,0.934097588062286,31.8539814054966,11.502713739872,0,0,0,0,38.5314030349255,1.13368380069733,0.729877829551697,0,643.169878959656,0,0,5.12651786208153,654.918624997139,15.9994376599789,0,0,1.1587233543396,0,69.8681847453117,127.812447369099
696.304702818394,1.24460735917091,577.244322121143,427.149171561003,155.476689070463,22010.9408276975,27730.542443946,0,162.176993727684,32723.7430769205,176.703563719988,4130.46674206853,1503.29265269637,16991.3472779095,1021.74081224203,39.6047438979149,621.45316183567,41.6291524171829,108.581937283278,1966.70653581619,2922.01275220513,2.98365330696106,2977.94342261553,668.859586507082,0,196.540002554655,215.012422502041,10475.1205983907,2161.44814890623,8126.69188791513,8.9333524107933,3050.17474839091,51.5647677183151,1738.92526736856,469.078722566366,4156.0615913868,234.589218139648,669.328012406826,589.283086150885,3612.83430036902,673.514417022467,391.040890842676,56.9277778565884,5.1264476776123,13.8226649463177,20.5373815894127,127.385716706514,3.41417407989502,1.34706515073776,0,0.434101283550262,0,8.66869729757309,0,16.7517849802971,15.5599650144577,1.87186419963837,33.7018257975578,1.95061418414116,0,43.0446036756039,1.84516328573227,3.79964756965637,7.23227453231812,2.28414198756218,0,0,0.95744925737381,7.8646040558815,0,0,2.43713468313217,286.676953732967,0,0,14.1460245847702,127.655657172203,1.37469756603241,0,0,0,0,87.3891660571098,165.590325444937
1.92899650335312,3347.22092676163,5.50796473026276,4795.8449639082,216.560865163803,178.802669644356,305.633323460817,162.176993727684,0,1415.78851032257,101.565784186125,1354.34557536244,567.209979236126,129.201065838337,856.890781015158,885.973936140537,10.9927984476089,2.44587400555611,3.68257796764374,1093.42406755686,75.189305305481,8926.03583097458,7.49877297878265,41278.9783983231,362.024083435535,64.4220456182957,6299.58701485395,7678.6280696094,50.5578796863556,8.56042975187302,6.79989564418793,25.4283869862556,0,74.4787318408489,32.8430559337139,672.071780890226,61.7374430298805,73.3661324381828,35.2656122744083,633.851029187441,18.0990548729897,58.4372351765633,426.100406855345,43.0045146942139,89.4376914799213,53.2878610193729,308.695791423321,20.0422906279564,9.60801312327385,3.20239949226379,42.8181635141373,2.25555276870728,710.499595493078,11.5011044740677,59.3501034677029,186.65674841404,118.585625946522,3248.53573128581,395.032191336155,14.9876845777035,341.011527478695,84.2426824569702,199.139581561089,76.3736169338226,94.416382342577,9.58895954489708,12.0642439126968,12.3023999929428,173.429022401571,36.9898371100426,98.5461413264275,15.2891860604286,9750.37215790153,24.0617592632771,108.266325414181,426.5855948627,2963.02133315802,121.679311275482,18.2526394128799,22.4343740344048,8.36322921514511,0,170.27432128787,56.0214915275574
16.4953511655331,0,8.38902944326401,4369.52138108015,72.7519118487835,41588.5789672732,29133.694984436,32723.7430769205,1415.78851032257,0,203.400330454111,4465.24511042237,775.530914396048,5940.89523920417,377.247129023075,6.55785277485847,14.1418729424477,48.5903090834618,40.9418303966522,3251.36067336798,175.92598092556,0.815832555294037,35.1520402431488,1041.27056783438,0,40.4907397031784,11.3877350389957,29162.1803549826,1253.3067984581,216.291124135256,6.56039762496948,738.488762304187,4.41825860738754,1600.19516530633,1493.42092782259,5254.71425381303,174.958354890347,512.570389360189,454.774243593216,1675.25853183866,249.462484419346,232.628388494253,177.975168138742,3.4741171002388,37.8466437160969,28.0510577857494,720.241293877363,6.29353287816048,0.600660502910614,4.84273898601532,0.703143179416656,0,520.204321980476,6.83820798993111,122.212765276432,113.192765682936,19.2372927367687,227.8208347857,600.849409937859,1.4664614200592,705.159732848406,0.645127713680267,29.966023683548,85.9472119212151,0,0,0,0,250.631032496691,1.32968544960022,1.99995219707489,0.724459648132324,1497.78599393368,0,0,0.368633717298508,1518.70289182663,20.9272481799126,1.36786592006683,0,1.78950467705727,0,141.197011262178,178.818908005953
0,45.3352907896042,7.10950276255608,6.17133969068527,1.4896873831749,53.5002356171608,57.5628653764725,176.703563719988,101.565784186125,203.400330454111,0,63.8764443695545,10931.3569779396,254.502918154001,22.4663383960724,1.98587727546692,53.4201532900333,19665.2094784379,3441.36599045992,42.3077537417412,7.63542395830154,33.6546177864075,7.67108318209648,15.8492226600647,171.394889563322,6624.51004877687,2351.70128405094,88.7386527061462,211.661830812693,13.7755744457245,2183.23171237111,109.03948789835,0,13229.8702682853,96.6278867423534,646.544354707003,4713.71176844835,6808.41014364362,1032.95546889305,44.6417880952358,25.0798813700676,835.607685089111,11.7897873818874,1112.62089598179,35.9552584886551,14.438020825386,2.18747860193253,1.13187301158905,152.668437093496,0,147.532384753227,0,0,0,0,0,0.776138186454773,26.0277806520462,0,910.02879679203,0,3792.99826598167,1.32005083560944,1.68461227416992,0,1.24161970615387,169.874955177307,33.8452787101269,0,0,15.595506310463,0,5.35957741737366,376.832306444645,703.369571298361,2328.51057267189,0.670533955097198,2.64394110441208,0,591.126266419888,5.45109057426453,0,51.8617653548717,65.2772743999958
0,0,2.02117067575455,14042.1480457187,561.217579692602,6673.97574177384,77.6070773005486,4130.46674206853,1354.34557536244,4465.24511042237,63.8764443695545,0,244.249410688877,1157.79857593775,3372.89272734523,7.07894688844681,2.63550102710724,15.769336938858,25.4783504009247,11742.8032903969,16.1953016519547,1.19061672687531,9.1621600985527,238.003213912249,0,11.1157025098801,14.1395143270493,3424.55211007595,299.534808516502,15.8187985420227,1.84642115235329,246.528811484575,0,426.227724522352,11639.4877420366,1339.80320370197,44.7428658008575,95.9283736646175,124.247155368328,2763.62184467912,66.5521792769432,64.6358855962753,158.789475798607,2.98126769065857,26.1111110746861,29.1363927423954,980.981300741434,9.5487248301506,2.13043349981308,1.8121589422226,0,0,309.35366371274,2.07051247358322,531.877220511436,50.7440131604671,72.3718367218971,85.5600949525833,377.76930141449,0,927.899770408869,0,59.9099432229996,84.5479182898998,1.51762539148331,0,0,3.45573061704636,186.561503142118,3.04964327812195,0,5.64021354913712,667.017978340387,0,2.07446247339249,3.61009830236435,688.099900364876,14.8543155789375,0.873065888881683,0,4.35000982880592,0,105.861566007137,1238.23719167709
3.40273067355156,1529.24052727222,44.2209479808807,49.9820509254932,26.6322622299194,287.459983706474,334.170172899961,1503.29265269637,567.209979236126,775.530914396048,10931.3569779396,244.249410688877,0,846.776910752058,114.909739524126,222.5343362391,24.5201617777348,112.008109718561,53.6672306358814,167.44563293457,500.664462894201,1207.32543721795,407.444714397192,477.853251248598,6254.09073072672,687.026425689459,3642.75127384067,1614.1755168736,653.401343822479,321.846915692091,2272.89311000705,952.151864945889,5.88541984558105,4410.03556495905,390.448751628399,2949.09479266405,3360.60385730863,3292.14812093973,1278.61475390196,2638.94202065468,3356.87275642157,4367.14866480231,206.116974920034,4361.92451334,646.311679422855,282.374120146036,480.471393495798,377.784893870354,911.711487948895,0,639.193021535873,0.950096666812897,10.0837338864803,0,72.8195000886917,18.3358440697193,391.126190185547,114.122842550278,80.2239516973495,3791.25009688735,48.3219204246998,15234.1501730978,253.365297138691,8.18263313174248,17.9853771328926,2.66718429327011,301.652635931969,62.4515428543091,17.868394613266,3.02011495828629,96.2941172122955,8.64513194561005,250.878973811865,2377.2483638525,1545.04525908828,7412.42767190933,117.831559151411,106.256616443396,2.8739737868309,2343.08341377974,323.257387012243,0,1095.3776820302,177.303881168365
10988.6413781643,0.470673620700836,937.409747421741,268.629384249449,40.838619351387,485.267553120852,16292.6834093928,16991.3472779095,129.201065838337,5940.89523920417,254.502918154001,1157.79857593775,846.776910752058,0,250.017124891281,46.6267461180687,1586.73115319014,61.9832643270493,231.732594281435,733.60047107935,2813.60897371173,8.5107034444809,6461.10926634073,1152.95599395037,0,291.344588220119,472.291455000639,11152.3641288877,26865.0352480859,17210.9099778533,11.8894284367561,364.62236610055,290.240022629499,4115.29730150104,357.380966752768,3373.57408049703,172.076398968697,1400.21688553691,666.560935914516,883.613709926605,173.859890222549,291.115656226873,72.7000126540661,0.613345265388489,14.5856031179428,15.5366121530533,62.1211952269077,6.18518701195717,2.79916217923164,1.78937864303589,1.56749796867371,4.06193697452545,4.42811650037766,0,9.88244119286537,8.26098421216011,0.97012060880661,46.6898596584797,4.68967390060425,0,35.7755720317364,2.37255138158798,5.12806189060211,3.65763753652573,1.39472505450249,3.18317627906799,0,0,6.54432451725006,1.82430982589722,3.02411878108978,2.3162037730217,490.244746029377,0.896780908107758,0,28.5129806697369,217.124793231487,4.91415920853615,0,0,0,0,76.3476377725601,153.062185913324
2.22802168130875,2.78204637765884,9.48064994812012,558.295685201883,3333.26167556643,2726.79331865907,132.494860112667,1021.74081224203,856.890781015158,377.247129023075,22.4663383960724,3372.89272734523,114.909739524126,250.017124891281,0,35.5002166032791,4.95173746347427,4.44121652841568,4.78804367780685,390.225590676069,226.079550474882,4.31640148162842,130.381592005491,387.72643840313,0,11.109476596117,54.7849708199501,765.317945659161,80.2115984857082,201.34900867939,0,219.440230429173,1.51891720294952,118.037971258163,2578.06874194741,381.150122761726,37.9895934462547,37.6713134348392,58.3652893900871,4585.35593807697,21.3920990824699,24.8386219143867,84.3879715800285,88.0328111052513,20.4957662820816,293.80591326952,80.6422380506992,3.79182958602905,1.32026171684265,2.37726211547852,0,3.96738785505295,3.95154678821564,2.21841037273407,15.9366052150726,6.76741307973862,7.81088578701019,6.39506679773331,20.5692934989929,4.44411867856979,53.3260007500648,0,8.50498080253601,8.25319892168045,13.238108932972,26.4926015734673,5.02797704935074,15.4954872131348,12.7318764328957,23.5264037251472,0,80.4359974265099,153.486094295979,0,23.8430907130241,63.4452630877495,99.0942734181881,4.01924812793732,6.27998325228691,0,5.03280782699585,0,28.6123663187027,682.148943603039
4.27873632311821,697.441620796919,12.3400278687477,0.511805832386017,20.1201080679893,9.12254345417023,25.9250721335411,39.6047438979149,885.973936140537,6.55785277485847,1.98587727546692,7.07894688844681,222.5343362391,46.6267461180687,35.5002166032791,0,5.60362178087234,0,4.92000198364258,0,5694.77677106857,16771.9562380612,18796.6606045961,11704.8651492894,39.6284747421741,9.7849480509758,23844.7453431189,2487.82706159353,24.1200087368488,40.2000361084938,0,17.6815167069435,3.76245212554932,309.787717878819,453.382237643003,8421.26284459233,1292.2508110404,555.632588148117,460.254372894764,109.557542443275,74.3559100031853,17.8347560763359,473.508672565222,132.16038197279,107.053134679794,99.8146548271179,424.10058388114,34.7042057514191,12.4422489702702,2.85845389962196,16.6265441775322,9.25900426506996,2.95534667372704,1.01422739028931,27.2434951364994,41.887223482132,35.6986475288868,406.960868597031,27.1332987248898,0,32.3849387466908,3.45397782325745,47.7665735781193,12.6585155725479,15587.2832972407,18.3041914701462,0,2.3509883582592,13.2073239982128,2356.5785690248,2167.04553875327,3029.69001576304,11015.418305546,3.59977245330811,13.5367130637169,1360.59881731868,3208.12607038021,82.9044533669949,50.2734602689743,0,10.1679874658585,2.97732239961624,359.674396663904,334.42467418313
377.050663620234,67.8162736296654,19948.7646952271,0.438242048025131,3.91795289516449,6.30453869700432,66.6848720908165,621.45316183567,10.9927984476089,14.1418729424477,53.4201532900333,2.63550102710724,24.5201617777348,1586.73115319014,4.95173746347427,5.60362178087234,0,29.3369364738464,5579.97866970301,0.430992424488068,1505.45144748688,4.50541245937347,8913.06135642529,7.12852385640144,10.7435009479523,10617.2081552744,24901.1233005524,174.377845019102,1015.7588095963,769.718346267939,1.06628721952438,9.85249865055084,45.028742223978,6743.72168830037,183.801849365234,2203.76696500182,764.86172670126,3032.91970726848,1594.31368112564,47.8499701321125,13.7897677123547,2.4208762049675,202.970759034157,53.9328801333904,113.141365379095,135.782011687756,2.49843174219131,1.63756620883942,0,0,144.54021781683,72.0143013596535,0,0,0.991793572902679,0,0,10.7302958369255,0.857742786407471,0,0,0,0,1.27905774116516,1.39747750759125,781.545100688934,5.2016222178936,362.277852892876,0,4.56580382585526,10.7601955235004,43.5766495466232,7.55357885360718,0,1752.28563675284,3989.70489627123,0,0.73314243555069,1.1555338203907,0,0,0,31.8183034956455,224.79810205102
0,4.57755410671234,9.35859659314156,1.88988053798676,0.925317585468292,14.3445574641228,12.3219848871231,41.6291524171829,2.44587400555611,48.5903090834618,19665.2094784379,15.769336938858,112.008109718561,61.9832643270493,4.44121652841568,0,29.3369364738464,0,4491.87766817212,12.6150474846363,7.92622584104538,1.95052963495255,18.2121106982231,4.04072192311287,70.6862576603889,5232.55924901366,1023.66896206141,22.8400017917156,60.3582520782948,4.4728901386261,46.5994466841221,25.6570484340191,0,4311.1624981463,123.169212579727,1109.05728057027,3309.00576764345,3215.82304495573,1499.30057418346,21.4843919277191,9.78048470616341,3.48319172859192,15.3823006153107,70.2499281466007,8.12699431180954,14.8305778503418,0,1.45524543523788,3.33720350265503,0,8.64853674173355,1.00859332084656,0,0,0,0,0,0.667860805988312,0,13.5565083026886,0,47.8526708483696,0,2.87251180410385,0,4.61609572172165,163.614273101091,106.305719584227,0,0,1.74151861667633,0,5.06726789474487,62.9004905223846,696.831392228603,2029.18450737,0,0,0,32.0635817945004,1.15827238559723,0,5.11295753717422,98.6606883704662
32.589646011591,16.6621117889881,1692.2943803072,0,2.76448452472687,11.8859741389751,22.73383051157,108.581937283278,3.68257796764374,40.9418303966522,3441.36599045992,25.4783504009247,53.6672306358814,231.732594281435,4.78804367780685,4.92000198364258,5579.97866970301,4491.87766817212,0,13.3649336397648,191.614801168442,3.48602998256683,1128.64465358853,3.02742570638657,52.7057263851166,7524.47470411658,3756.84620940685,49.2268297970295,135.617575258017,74.0779024660587,10.9932152032852,25.2157109677792,4.17326420545578,11572.9276756942,389.486124247313,4448.61317041516,4287.94166582823,6905.68559271097,4538.4014043808,47.8804699480534,18.6376492977142,5.62383210659027,72.8638587892056,76.5310698747635,25.7074846029282,54.8700312972069,1.33184206485748,1.92425101995468,1.85098546743393,0,25.71188133955,6.06251227855682,0,0,2.37607282400131,0,0,0,0,7.23514741659164,0,12.2703428864479,0,3.80400013923645,0.653173387050629,78.8163383901119,71.8600942194462,223.144890666008,0,0.659806072711945,3.49981915950775,4.21441984176636,0,34.7526467442513,931.027727901936,2232.49312487245,0,0,0,10.6934811472893,0,0,12.1009103655815,375.451189815998
1.91826182603836,0.92145049571991,0,21619.6304977536,94.289398342371,671.381695121527,72.429042160511,1966.70653581619,1093.42406755686,3251.36067336798,42.3077537417412,11742.8032903969,167.44563293457,733.60047107935,390.225590676069,0,0.430992424488068,12.6150474846363,13.3649336397648,0,4.51148107647896,0,0.506389439105988,373.145940423012,0,6.46749272942543,5.73030063509941,1899.28834292293,189.968527287245,13.8749999403954,2.67506629228592,101.277532845736,0,247.145595222712,52.9623641371727,907.374482065439,32.093910574913,74.2256211340427,75.4817440509796,862.125348448753,54.4574023783207,39.931476265192,80.8765977621078,0,17.6564763188362,6.08529415726662,580.189171552658,1.67166036367416,3.05901828408241,0,0,0,345.371354818344,3.09247133135796,110.27563893795,50.2956907451153,22.4111221730709,97.084945589304,262.695116519928,0,672.256537497044,0,25.9255702793598,52.2439644932747,0,0,0,0,161.901775360107,0,0,0,656.651537597179,0,0,0.461620628833771,783.614623457193,16.5143539309502,0,0,3.77442398667336,0,61.3748763501644,10.00550994277
540.060108304024,13.975652307272,5106.21836218238,5.55968913435936,145.941848248243,74.6297181844711,1721.94687253237,2922.01275220513,75.189305305481,175.92598092556,7.63542395830154,16.1953016519547,500.664462894201,2813.60897371173,226.079550474882,5694.77677106857,1505.45144748688,7.92622584104538,191.614801168442,4.51148107647896,0,628.963458925486,58191.4179529846,933.80087223649,0,637.30631762743,1890.76352441311,42735.2750588655,1120.24286282063,46256.7801866233,0,79.0765032470226,49.7022931277752,17446.213198334,3838.31764236093,24822.9877108932,1630.83574444056,18313.3155207336,7725.85485184193,964.260538607836,236.553006231785,42.8809016346931,244.540217339993,70.593711912632,47.4819021224976,384.435714811087,240.791175037622,22.2089940309525,7.11497497558594,6.42441472411156,0.99137818813324,6.79799503087997,0.749723374843597,8.71559530496597,17.3616434037685,11.245935022831,20.2956797480583,104.222843408585,6.85868462920189,0,21.0426617562771,0,22.7611572742462,17.2217657566071,1484.96857279539,12.6242664456367,0.53397524356842,2.22777181863785,6.13104757666588,483.533201307058,234.372857868671,199.748081237078,3750.11958804727,0,22.5040754973888,305.246547520161,1199.90564361215,25.2811182141304,20.0216289758682,0,3.48095226287842,0,187.855695426464,3292.04723933339
0,2118.92165732384,17.5320348143578,3.5947493314743,4.99783080816269,0.316070318222046,0.751064240932465,2.98365330696106,8926.03583097458,0.815832555294037,33.6546177864075,1.19061672687531,1207.32543721795,8.5107034444809,4.31640148162842,16771.9562380612,4.50541245937347,1.95052963495255,3.48602998256683,0,628.963458925486,0,1338.20135235786,12432.6246470511,518.549110352993,49.3061586618423,15147.3335659802,1032.43806058168,7.65899708867073,7.55410209298134,3.29292660951614,4.06175541877747,1.36611175537109,30.1306308507919,14.7023982703686,368.545437127352,90.724554926157,45.6983106434345,35.6173739433289,6.29301571846008,1.80905717611313,156.32450902462,121.385255992413,83.2828175127506,17.811131298542,28.6366604566574,49.0035227239132,4.43290555477142,22.2547998428345,1.59831196069717,97.7125688195229,4.58396136760712,14.3232330679893,3.92783379554749,1.00731909275055,8.84976243972778,1.19816413521767,140.009710252285,7.28705403208733,50.4643584191799,7.80659234523773,176.873465150595,18.8341346383095,6.46115475893021,4758.07598680258,23.006341189146,1.22651851177216,10.0388904809952,4.4675315618515,389.398008912802,2618.28217580914,1260.9701859355,2951.54940336943,64.3737840652466,86.624846547842,3233.38302910328,659.337561249733,14.2837936878204,9.32204034924507,23.7150667011738,1.41976034641266,0,62.352818518877,17.6988150477409
1733.72240412235,54.4509848356247,80273.2708642185,1.8285117149353,181.757917255163,53.2365988492966,369.763063669205,2977.94342261553,7.49877297878265,35.1520402431488,7.67108318209648,9.1621600985527,407.444714397192,6461.10926634073,130.381592005491,18796.6606045961,8913.06135642529,18.2121106982231,1128.64465358853,0.506389439105988,58191.4179529846,1338.20135235786,0,445.830349773169,3.10839864611626,3002.2605292201,49724.9551287889,1910.22872817516,4142.26631963253,7912.85636943579,0.5855433344841,52.3797909617424,209.971215009689,22047.006113708,6522.76988741755,51918.0939818025,11035.7196267545,24745.239906013,17735.6437682211,1215.14530473948,239.649479240179,32.9935975670815,454.383868187666,234.332890719175,70.1385761499405,743.641254276037,56.1558834314346,46.6205797791481,0,0.464317291975021,47.6165639162064,135.915744870901,0,3.29186981916428,14.3779039978981,12.0252968072891,14.7485122084618,12.296121686697,3.7659025490284,0,2.96294960379601,0,10.1486395597458,33.0186933875084,9034.36608895659,165.353748828173,0.956379890441895,22.1433611512184,2.19715878367424,703.273482680321,846.620341032743,2814.89198061824,1420.89001813531,1.15709459781647,180.644293874502,7345.35599151254,351.96893465519,2.67583853006363,15.4523669779301,0,2.69383239746094,0,41.566661298275,7279.35715481639
53.4028022587299,661.027632683516,3.24526247382164,3158.18567940593,101.24393543601,118.682194650173,931.640208095312,668.859586507082,41278.9783983231,1041.27056783438,15.8492226600647,238.003213912249,477.853251248598,1152.95599395037,387.72643840313,11704.8651492894,7.12852385640144,4.04072192311287,3.02742570638657,373.145940423012,933.80087223649,12432.6246470511,445.830349773169,0,51.2496886253357,11.6612652540207,2185.75796934962,20353.9591776431,852.765919327736,299.763964772224,0.712301790714264,131.618467062712,45.0952048301697,773.883706599474,467.420540362597,5708.40374544263,244.968313843012,551.150840371847,378.807217001915,865.481638938189,207.574798285961,59.8985567986965,2923.64680221677,139.670523971319,843.425531625748,569.865529894829,1724.53170225024,192.726213634014,21.9005643129349,87.175335586071,23.8288681209087,2.63458514213562,1777.17790153623,18.7369906902313,316.423346251249,1659.52761009336,629.298660635948,5796.48459243774,1179.50801053643,1.84011933207512,703.436338156462,6.26261186599731,1378.3351418674,172.535608828068,1958.93279752135,4.9664606153965,0,3.58115804195404,392.016754359007,606.113337129354,461.749268263578,247.286314129829,35180.6140291393,9.0184925198555,4.73526707291603,230.80399569869,18395.4738557339,853.513428807259,67.8001638948917,0,70.2317012548447,5.58530390262604,1644.68012806773,286.118452936411
0,795.075437456369,0,0,0,0,0,0,362.024083435535,0,171.394889563322,0,6254.09073072672,0,0,39.6284747421741,10.7435009479523,70.6862576603889,52.7057263851166,0,0,518.549110352993,3.10839864611626,51.2496886253357,0,625.12070953846,10869.8255839348,2.4867071211338,0,0,300.033655941486,0,0,27.2896663844585,0,13.7341624796391,92.6052829027176,39.1007890403271,18.7946541905403,0,0,481.592234730721,12.0506111383438,360.851839125156,20.3002533018589,9.56793916225433,2.21289455890656,0,229.064293920994,0,397.621541678905,0,0,0,0,0,1.40179622173309,34.0630657970905,0,371.03495067358,0,2257.35677686334,0.786740899085999,2.10712492465973,0.745882511138916,6.95198652148247,61.9650608301163,60.3283240795135,0.54966789484024,0,46.3369003534317,0,14.984748929739,2132.64696979523,471.421306848526,3982.3783300519,2.16573625802994,3.06131827831268,0,198.885389924049,4.87374001741409,0,21.7049039006233,0.551064968109131
57.9145094156265,212.956335246563,13828.3451557457,1.13137152791023,5.27264931797981,17.950586616993,32.2829147577286,196.540002554655,64.4220456182957,40.4907397031784,6624.51004877687,11.1157025098801,687.026425689459,291.344588220119,11.109476596117,9.7849480509758,10617.2081552744,5232.55924901366,7524.47470411658,6.46749272942543,637.30631762743,49.3061586618423,3002.2605292201,11.6612652540207,625.12070953846,0,62022.2496269345,80.0526517927647,142.15703073144,169.650754541159,142.778394013643,25.7207084298134,4.16862142086029,5515.67156076431,676.661469548941,8500.67390057445,9880.1392133534,7038.39192849398,5794.09752288461,119.547567099333,24.3140516877174,21.5455522239208,661.295085608959,1023.65384495258,496.261189520359,493.195342361927,8.89492958784103,11.4331366419792,15.6018974483013,0,447.526401460171,78.5240145921707,0,0.571398198604584,2.40312665700912,0.694656699895859,1.85796004533768,38.9196843802929,1.18427264690399,161.148301720619,0.909852683544159,721.533738315105,1.46596592664719,8.44117841124535,4.05337885022163,2130.65911570191,1019.60498762131,2898.59771111608,0,17.725658595562,45.5515540242195,62.3779388070107,40.7156853973866,636.860125362873,12867.7028403878,29201.3281724155,5.52993729710579,1.01254242658615,9.37614387273788,301.584434986115,2.79858291149139,0,147.074906229973,859.696725517511
116.31259149313,12918.9116405249,20664.8824804425,0,55.3130994737148,16.6900736987591,42.1068341135979,215.012422502041,6299.58701485395,11.3877350389957,2351.70128405094,14.1395143270493,3642.75127384067,472.291455000639,54.7849708199501,23844.7453431189,24901.1233005524,1023.66896206141,3756.84620940685,5.73030063509941,1890.76352441311,15147.3335659802,49724.9551287889,2185.75796934962,10869.8255839348,62022.2496269345,0,518.885607540607,232.201285153627,286.761594086885,1275.62230995297,15.1329607963562,5.15956595540047,11683.1488241851,4994.93211016059,45205.8296845555,14605.6441115439,21229.9981418252,18996.4794576466,657.024046748877,142.55534312129,99.8190535902977,3461.14104375243,3731.89262285829,1655.48120462894,2244.47272467613,121.450255870819,73.6095441877842,86.4681932926178,18.1990285217762,8618.22554647923,2100.52907168865,8.73366147279739,4.26616978645325,15.5015498101711,125.96316036582,24.0245213806629,354.687274158001,8.87606751918793,743.474664449692,13.8743787407875,3655.80034056306,68.789374768734,45.9217845797539,14821.9162059128,8590.23678535223,1962.83290019631,6402.39129009843,0,540.06308940053,6169.7615070343,9476.73373359442,1406.2130420506,3665.41757339239,31693.3510405719,186354.115614146,373.804339587688,27.4115231633186,125.636158198118,1245.11140066385,4.82604199647903,0,537.391686916351,6636.21415102482
435.622040629387,35.0907328426838,398.698155403137,14365.6706469953,179.076986044645,1544.20314574242,47654.953997761,10475.1205983907,7678.6280696094,29162.1803549826,88.7386527061462,3424.55211007595,1614.1755168736,11152.3641288877,765.317945659161,2487.82706159353,174.377845019102,22.8400017917156,49.2268297970295,1899.28834292293,42735.2750588655,1032.43806058168,1910.22872817516,20353.9591776431,2.4867071211338,80.0526517927647,518.885607540607,0,7754.60896161199,15029.7646648884,0.363525807857513,787.136906802654,502.539273023605,6043.05550602078,2452.99490395188,21028.2178737223,889.858596920967,4057.80918926001,1981.85481587052,3193.24785983562,940.93306684494,189.926071554422,2346.0532117188,98.6103209257126,618.793207556009,565.877228170633,2329.93351867795,188.946228504181,39.5178206562996,51.530812561512,18.832258105278,0.958179980516434,2005.12835082412,39.4618953168392,377.014021009207,1218.58620277047,292.463040351868,2004.82086330652,1115.04408332705,2.22198989987373,1443.28526300192,1.55725255608559,822.159845024347,206.721576035023,946.959272354841,2.14381724596024,0,0,541.22841796279,319.415311634541,229.308482855558,141.097727000713,21586.7607191205,0,1.10572543740273,86.7793869972229,13068.9460636973,571.911761283875,51.0261189341545,0,34.8616536855698,0,1563.36126801372,1088.49560472369
8309.70822492242,0,325.742603480816,76.0975177884102,19.1251908540726,153.07787168026,2462.42736053467,2161.44814890623,50.5578796863556,1253.3067984581,211.661830812693,299.534808516502,653.401343822479,26865.0352480859,80.2115984857082,24.1200087368488,1015.7588095963,60.3582520782948,135.617575258017,189.968527287245,1120.24286282063,7.65899708867073,4142.26631963253,852.765919327736,0,142.15703073144,232.201285153627,7754.60896161199,0,18224.7348623574,14.385271191597,6457.51424178481,11253.6328697801,7617.4446927011,360.908688932657,1959.55270344019,119.320702522993,1717.96148219705,584.257686942816,435.323861807585,180.326087504625,207.91136187315,74.6999320089817,4.77724397182465,10.822850883007,12.6005498170853,53.2915052771568,4.34453439712524,2.62581893801689,0,0,0.53246134519577,0.927366822957993,0,3.92236912250519,18.504058599472,0,27.9074321985245,1.77574014663696,0,18.0693490505219,3.90682721138,9.5472719669342,10.6995811462402,8.49294823408127,2.80042326450348,0,0.653648197650909,3.47747147083282,3.65440785884857,5.39945530891418,2.27297365665436,447.118192315102,0,4.70759764313698,14.3512147963047,209.910249650478,8.35629999637604,0,0,0,0,54.9168539643288,162.200023710728
7237.38523495197,0.763498902320862,715.521453917027,3.18987631797791,38.6407549381256,110.636944502592,13334.6686943173,8126.69188791513,8.56042975187302,216.291124135256,13.7755744457245,15.8187985420227,321.846915692091,17210.9099778533,201.34900867939,40.2000361084938,769.718346267939,4.4728901386261,74.0779024660587,13.8749999403954,46256.7801866233,7.55410209298134,7912.85636943579,299.763964772224,0,169.650754541159,286.761594086885,15029.7646648884,18224.7348623574,0,0,128.231958478689,542.536671102047,13862.2340204716,1197.0235747695,5256.01181039214,150.712281823158,5071.55515894294,1553.18869200349,525.678748846054,188.116929918528,10.933275282383,67.4580483436584,25.5468813180923,6.1336578130722,95.7868904471397,13.4133979082108,5.70754662156105,2.36356294155121,0,0,4.34406694769859,0,5.16660404205322,6.33367151021957,1.79941582679749,0.653184831142426,0,0,0,5.69148200750351,0,5.71232259273529,7.17134815454483,7.51781672239304,3.2742512524128,0,0.829364448785782,1.67991721630096,2.23303610086441,0.550817608833313,5.100934445858,123.380262285471,0,2.6323264837265,37.7633937597275,81.855587720871,2.07439258694649,0,0,0,0,21.629218429327,826.896365314722
0,10.0352151691914,0,0,0,4.9990414083004,2.43326589465141,8.9333524107933,6.79989564418793,6.56039762496948,2183.23171237111,1.84642115235329,2272.89311000705,11.8894284367561,0,0,1.06628721952438,46.5994466841221,10.9932152032852,2.67506629228592,0,3.29292660951614,0.5855433344841,0.712301790714264,300.033655941486,142.778394013643,1275.62230995297,0.363525807857513,14.385271191597,0,0,2.53423917293549,0,355.302450925112,2.746373295784,19.7005492150784,513.951151907444,349.151082515717,29.2741707265377,2.21232157945633,0,33.1894196867943,14.4654912352562,537.831213891506,41.8851054310799,12.7345300316811,2.28217977285385,0,19.1247166395187,0,146.51607644558,0,0,0,0,0,0,27.8418809771538,0,417.70298448205,0,1713.84963595867,0,0,2.09507429599762,0.591933906078339,264.538705527782,42.4786315262318,0,0,34.3114421367645,0.651119649410248,0,305.293346226215,1025.55241602659,3449.88627079129,0,1.41817325353622,0,634.347677081823,0.598235189914703,0,44.4024550914764,2.26049828529358
5.62956836819649,0,7.77331975102425,27.6820891201496,357.956518143415,977.152978777885,284.932014763355,3050.17474839091,25.4283869862556,738.488762304187,109.03948789835,246.528811484575,952.151864945889,364.62236610055,219.440230429173,17.6815167069435,9.85249865055084,25.6570484340191,25.2157109677792,101.277532845736,79.0765032470226,4.06175541877747,52.3797909617424,131.618467062712,0,25.7207084298134,15.1329607963562,787.136906802654,6457.51424178481,128.231958478689,2.53423917293549,0,1.6404122710228,11604.0854455531,250.041856914759,1720.06114009023,124.044704020023,161.052401930094,296.582919865847,2318.71777135134,5635.68434220552,236.958134561777,25.4326832294464,3.376708984375,3.59096345305443,8.04719775915146,25.6432988643646,2.86315131187439,0,0,0,0,3.12906682491302,0,7.6236706674099,0,0,6.4469478726387,0.578155875205994,0,6.6790069937706,0,0,2.09851008653641,0.890253245830536,0,0,0,0.875323235988617,1.11164236068726,0,0.795221149921417,51.6178514063358,0,0.450436890125275,2.3232130408287,16.6768487095833,0,0,0,0,0,31.004100561142,73.602012783289
7.42132604122162,0,11.9415932297707,0.616678833961487,0,0.988643109798431,17.0164753496647,51.5647677183151,0,4.41825860738754,0,0,5.88541984558105,290.240022629499,1.51891720294952,3.76245212554932,45.028742223978,0,4.17326420545578,0,49.7022931277752,1.36611175537109,209.971215009689,45.0952048301697,0,4.16862142086029,5.15956595540047,502.539273023605,11253.6328697801,542.536671102047,0,1.6404122710228,0,787.762119561434,29.839774876833,53.1690477728844,0.945593893527985,195.404252231121,31.6325825452805,13.5974286794662,5.58205962181091,0.911190509796143,0,0,0,0,1.83552658557892,0.895520985126495,0,0,0,0,0,0,0,0,0,0,2.1247980594635,0,0,0,0,0,1.8415344953537,0,0,0,0,1.00187230110168,2.00298428535461,0,26.9153619408607,0,0,4.0908135175705,5.69128310680389,0,0,0,0,0,2.82577204704285,23.2602857351303
