0,1.85777133703232,680.778467059135,1.94270566105843,3.51585364341736,198.206273853779,8878.88988429308,1870.53056666255,3.65540337562561,160.344392001629,69.439680814743,62.3535014092922,56.057292163372,12369.2094068229,14.3173121809959,0,1014.12011578679,49.9161414802074,20.515271961689,10.9034851193428,318.837393581867,0,1746.83362957835,21.8047838509083,1.06056475639343,157.997989088297,83.8134635090828,136.038429617882,7234.96148765087,6569.06477579474,0.960816532373428,7.13665917515755,45.0261732935905,252.500877767801,17.5008971095085,219.337455898523,32.713141232729,153.196185410023,58.8305689394474,48.8175317645073,12.2609040141106,8.75200894474983,5.1656996011734,0,2.58029496669769,3.2303375005722,7.04198378324509,1.23220002651215,1.57557725906372,0,0,0.262421250343323,0,0,0,3.19462394714355,0.588469743728638,2.81364619731903,0.403217852115631,3.4132014811039,0,5.53771579265594,0.469002515077591,0,1.27895122766495,0,0,0,0,0.830042719841003,0,0.933068484067917,13.5025791227818,0,0,3.95160311460495,17.9892094731331,0.933308660984039,0.895816028118134,0,0,0,0,1.52336719632149
1.85777133703232,0,38.4469540417194,0,0.686709761619568,9.64931806921959,12.8849897384644,22.517276853323,2307.20623621345,8.53066158294678,768.994503617287,6.78925919532776,1186.69020709395,12.5236920118332,26.3897021412849,787.747290730476,25.1107592582703,12.8514882326126,8.88283312320709,2.51752749085426,88.2659297585487,3914.0988689661,118.513467609882,1591.82708308101,4827.79589918256,441.269433915615,31208.7380076349,109.87773758173,13.5806661844254,5.77115085721016,111.317971289158,17.0185918211937,0,167.870638102293,5.23084980249405,200.957426637411,540.663375139236,219.87787899375,47.7638225853443,18.0832377076149,2.88098728656769,2440.16766116023,223.993823826313,72.6280289292336,60.0458499193192,94.696746468544,7.89488607645035,0,55.7608386874199,0,7482.38664734364,354.034867852926,1.67573380470276,0,0,5.18711292743683,2.06927567720413,50.1603203117847,1.35016322135925,538.242341548204,0.947909593582153,651.497141242027,8.47047531604767,1.92608177661896,11.644923388958,44.8211598694324,13.45040589571,81.2684203982353,1.33948209881783,4.08768349885941,344.373943150043,79.1650452315807,53.6086999773979,122.968095511198,1168.89620798826,13731.2827837169,13.5345535874367,3.35699951648712,3.25947847962379,446.562308996916,0,0,36.494942933321,7.87183421850204
680.778467059135,38.4469540417194,0,1.69784918427467,22.3445401191711,226.899183064699,7028.21282017231,2275.74223101139,15.072983622551,388.679125636816,470.827390313148,27.9036247730255,528.523247510195,4579.9300301671,38.6467464864254,107.225716471672,33190.1873387694,559.213128596544,795.059692293406,9.86599189043045,1885.77915358543,46.849900752306,56675.2774670124,238.25306147337,4.40228921175003,33047.636901021,29965.5825541615,1957.28567767143,916.309308379889,3634.18693470955,16.6584424674511,44.1350006759167,122.041984826326,4406.6248909831,1064.25109922886,18841.5376548767,5996.09242072701,8390.71803855896,5985.13799086213,306.715224862099,280.194030761719,16.1410317718983,171.066891878843,31.2798635959625,36.6707385182381,60.0281228125095,12.1793210208416,9.74027568101883,2.16854697465897,0,293.688007742167,1793.22991931438,0,1.04097211360931,0,36.0747445821762,0,11.9675135612488,0,1.39652407169342,0,4.64003270864487,5.21415421366692,11.3056890964508,146.669276893139,82.2769722640514,2.55301710963249,43.2255781888962,0,32.8919161260128,93.0914968848228,684.433099836111,139.256249129772,0.862040638923645,570.774723857641,8398.90495616198,174.122383564711,14.3950902819633,43.6178751289845,0,0,2.26860958337784,39.841797798872,679.748295933008
1.94270566105843,0,1.69784918427467,0,46.6381334960461,395.768703401089,630.141405820847,139.85442468524,3249.60937675834,9020.78489470482,31.3874029815197,3575.21369719505,75.4044819772243,80.6227588355541,709.262159526348,0,2.22850903868675,9.42214971780777,2.22917598485947,26404.2852794826,0,0,0.462309956550598,3221.77368035913,3.20720455050468,8.10700404644012,1.73771077394485,9871.10144516826,55.2792543768883,1.79851520061493,0,16.2916503250599,0,65.1460275053978,82.1460655629635,864.584268450737,3.96682760119438,57.1574504673481,17.1966182291508,559.49527695775,38.8430312275887,10.328231960535,76.9590257406235,0,31.9207495450974,10.179132938385,698.145810782909,15.0005506277084,0,0.739103853702545,1.26113069057465,0.401941001415253,880.389673531055,21.1230051517487,127.498408734798,244.804529547691,241.581785053015,1266.08402165771,605.636624336243,3.13822689652443,284.036311179399,1.12784132361412,100.059561431408,251.938090473413,0,0,0.551279902458191,0,494.934182077646,0.527674734592438,0.791208386421204,0,1268.07261672616,0.535389721393585,2.23525655269623,1.31073564291,2679.76877465844,27.4876531362534,5.71563351154327,0.653302550315857,0,0,58.6699730455875,5.7243589758873
3.51585364341736,0.686709761619568,22.3445401191711,46.6381334960461,0,2815.34067189693,250.840728163719,569.665152579546,73.9657607078552,577.414713144302,15.2301216125488,865.132721483707,107.711828351021,66.9503228664398,4647.33785781264,11.7509981989861,17.8599427640438,10.4517941772938,3.67269715666771,95.4356778860092,126.395628929138,2.92339313030243,231.375589311123,148.47154930234,0.9685879945755,3.65706011652946,15.1382222473621,204.887676596642,20.3569955229759,105.712060034275,0.608080446720123,1577.67432242632,1.30711793899536,1142.09981417656,895.48963919282,727.397720187902,13.4625194966793,11.0086491405964,51.2956418395042,12875.6027100086,9237.8120971024,11.2261567115784,40.9967401027679,0,18.4474807679653,37.0954957008362,77.779215246439,7.18013364076614,3.01858270168304,0,0,1.79740017652512,3.33477780222893,0.600986301898956,1.498859167099,16.0012592971325,3.54483735561371,46.8136255443096,4.6982938349247,1.37432533502579,9.46337804198265,6.47365379333496,2.50239950418472,11.038364559412,8.71324014663696,0,0,1.67398047447205,5.64181712269783,3.02198946475983,0,0.897776663303375,138.222706645727,2.88390880823135,8.28849112987518,8.2844218313694,152.268450975418,0.587051868438721,6.93900209665298,0,0,0,9.61589854955673,318.90665319562
198.206273853779,9.64931806921959,226.899183064699,395.768703401089,2815.34067189693,0,5840.31833013892,15354.7773734927,468.897029608488,22358.1530578583,645.845968604088,11529.817633003,1509.31560137868,2335.7672495842,3587.53213709593,4.24253606796265,238.237375468016,258.136387348175,67.8881140947342,1026.6455861032,57.8979825079441,6.66177067160606,266.749669104815,270.271951854229,41.5250768959522,225.614982008934,83.3269937336445,1069.84426933527,676.311311632395,593.792120277882,29.7236766815186,202.551753789186,4.68606376647949,1059.13901428878,862.767360180616,6590.69278605282,127.905759975314,369.124963209033,429.648891121149,8329.81639623642,2844.2942943424,213.175295352936,385.795611292124,1.40902495384216,172.674775481224,88.4784646630287,619.637125939131,74.0767633318901,22.9218139648438,3.60086300969124,0.74714070558548,0,116.388890296221,4.96925139427185,62.7153099179268,336.269874036312,203.268721818924,442.892863094807,165.352847725153,33.6266219615936,90.3013207912445,43.6071375012398,96.6257979869843,88.4567201137543,28.1185360848904,0,0,0,88.7966569960117,12.1853742003441,7.18908858299255,5.32299536466599,1823.5767685473,8.49622631072998,4.97186380624771,2.93387347459793,2369.07547110319,56.7900016903877,37.0958544909954,6.19677895307541,2.21194577217102,2.28314352035522,231.159200668335,47.922559440136
8878.88988429308,12.8849897384644,7028.21282017231,630.141405820847,250.840728163719,5840.31833013892,0,8116.63917812705,1609.40106907487,49461.1253960133,967.635431110859,669.014496266842,1858.78364369273,32919.402733624,1175.76048466563,13.8467109203339,976.781053870916,542.25784778595,176.940102577209,611.112233012915,9059.01139581203,17.3239453732967,7113.62742355466,3280.16991207004,49.7765702605247,1153.00425061584,584.042009353638,71239.3955668509,3950.4445939064,14587.4483569562,49.1129914224148,417.113846868277,134.124722480774,2899.05691331625,2375.43414786458,12080.6529254317,423.786601752043,2321.61435037851,915.282026976347,2481.41916108131,1154.81593456864,193.782321363688,543.460149347782,1.31205666065216,254.550842255354,72.1917470097542,719.368216723204,107.890465348959,30.5765165388584,8.50777432322502,4.14119011163712,14.3843995034695,302.086613506079,8.93093287944794,209.657453864813,721.791806936264,780.629436701536,632.056533843279,533.162499010563,32.8664263784885,138.102443993092,36.4692988693714,290.381354868412,114.212409496307,64.8354587256908,1.36361509561539,0.470743834972382,0.832572340965271,194.113548368216,15.4355244934559,21.8283653259277,58.1839891672134,3580.61315080523,6.52138212323189,4.41751718521118,110.668021440506,4823.14241841435,127.193229854107,80.8710306882858,3.81381499767303,0.498730927705765,1.65145021677017,276.815115004778,124.664856404066
1870.53056666255,22.517276853323,2275.74223101139,139.85442468524,569.665152579546,15354.7773734927,8116.63917812705,0,338.830631434917,11018.3507685661,1570.3859834075,3344.56876522303,1545.59831008315,36055.3352759182,709.527433663607,3.52285793423653,2315.25267130136,756.699410676956,320.950757265091,520.290372431278,558.85077342391,6.91573846340179,3136.86768820882,192.826072096825,62.4235600233078,1042.89003187418,546.84177172184,881.998805224895,4281.76858958602,4881.30366426706,68.5048549771309,1134.11155104637,21.3804600536823,1109.34424498677,328.453771919012,4982.51597644389,250.267147809267,644.334067836404,438.623644560575,2474.67722150683,422.481161624193,216.223004639149,397.005529284477,2.89586752653122,222.639430314302,89.6368519365788,461.593531161547,85.2539423108101,17.8310091495514,1.11064875125885,5.77100786566734,1.21255493164062,51.830252379179,1.34389755129814,71.1203125715256,374.735076844692,269.885192006826,355.398262739182,110.098842710257,55.2554759681225,53.4990961551666,79.0336736142635,117.441027641296,44.977795958519,21.13394343853,0,0,0,39.2377708256245,9.00178241729736,7.15420323610306,4.95640915632248,2000.23630857468,9.55371227860451,17.3711151480675,38.0789348483086,2278.2774245441,59.2660809159279,81.2305515110493,24.3341337740421,4.51403510570526,1.4780946969986,193.257189631462,24.0134384930134
3.65540337562561,2307.20623621345,15.072983622551,3249.60937675834,73.9657607078552,468.897029608488,1609.40106907487,338.830631434917,0,1632.30865862966,246.761792868376,1766.5586014688,513.594561129808,175.866041272879,1703.90142038465,250.505061119795,9.524532943964,15.3982721567154,3.89815360307693,1482.5261451304,104.303510010242,11654.2323600352,63.7776541113853,46725.1602337062,1832.19713705778,46.5929555296898,3025.43608590961,9564.95796534419,156.952676087618,53.6312983632088,60.886652559042,18.9389788508415,8.76807236671448,139.951730310917,109.076044619083,797.188741058111,176.095412254333,143.449338942766,59.9537808895111,886.879291385412,49.2034102976322,550.634770721197,484.913262486458,10.2706479430199,173.38724192977,55.326202839613,177.955068677664,47.9597848951817,16.5353653430939,18.5168771445751,8.64307779073715,13.4208755195141,528.849003225565,3.80869835615158,138.487478584051,496.485904186964,343.955173462629,5572.73452749848,548.041073679924,125.788559734821,211.35704177618,133.75256511569,241.828270316124,72.3842796683311,1194.50614213943,27.3997493386269,38.6568292677402,24.2550247013569,168.15685865283,434.753200769424,2212.12151676416,213.57051435113,8720.03213146329,16.2872934341431,85.814041018486,157.404956936836,5640.03734955192,192.82172486186,337.690875738859,81.2045471668243,1.22087955474854,17.9346113204956,183.767088711262,123.781865924597
160.344392001629,8.53066158294678,388.679125636816,9020.78489470482,577.414713144302,22358.1530578583,49461.1253960133,11018.3507685661,1632.30865862966,0,1405.937897861,5534.3932441771,2650.44083333015,7666.14708611369,1295.64032921195,0.866297364234924,207.069315552711,601.853759407997,192.705851495266,7001.85617467761,157.565709292889,0.560689210891724,270.692865818739,833.23329398036,72.1602970063686,622.844395190477,167.284187406301,8606.55356985331,2361.99684782326,350.140037626028,49.6123411357403,471.656421422958,13.7615780234337,2547.97592958808,1602.87868654728,14340.4001685232,270.012825667858,1589.17289817333,464.555882126093,3822.67944163084,1067.82733669877,329.82742446661,252.686070382595,2.9911462366581,118.787019759417,46.6153320372105,1125.94278231263,50.3929595947266,17.7783999443054,6.06831327080727,3.77999800443649,0,866.064195379615,31.5965970158577,203.156496867537,752.447248309851,588.14642137289,1141.29100078344,948.468405768275,19.5735338926315,408.991079419851,45.1940938830376,125.920571833849,406.151711300015,14.31731107831,0,0,0,461.144832029939,4.23603111505508,6.58875399827957,4.15078940987587,3147.86855861545,13.0652485489845,0.576946318149567,6.68098431825638,5601.52189671993,28.430352628231,18.4348920881748,0.873219072818756,0,2.62958770990372,130.463616520166,56.612429022789
69.439680814743,768.994503617287,470.827390313148,31.3874029815197,15.2301216125488,645.845968604088,967.635431110859,1570.3859834075,246.761792868376,1405.937897861,0,853.980467319489,11278.5087925792,1359.03027099371,47.494796693325,62.1268556118011,2038.44573304057,24865.2144985497,1419.72249656916,144.007011085749,54.3919776678085,226.568169891834,423.511535912752,195.366343528032,3143.09448081255,7335.01655873656,1374.80937585235,265.21467640996,2425.74500238895,445.424905389547,723.918270587921,1615.9879065454,38.3883835077286,14259.1081695259,136.821461766958,1941.87680488825,6370.08396556973,7525.16383615136,2816.89006990194,150.527033954859,50.3908088803291,1620.70185312629,57.4766118228436,173.995357692242,23.6871611773968,18.2112762033939,33.231377363205,0,579.089795976877,0,400.177341282368,0.576654076576233,0,0,0,3.9460406601429,5.10516050457954,101.152293145657,2.36052641272545,6776.29982769489,7.68379566073418,8612.96755596995,8.27913707494736,2.79666796326637,3.65670531988144,0,379.558440417051,6.6013303399086,0.409377604722977,0,81.6622815430164,1.47033739089966,70.2602263092995,1057.30224707723,3503.86934345961,3844.60389822721,20.8917422890663,8.27202385663986,4.05744659900665,6146.35944831371,1.14427638053894,0,56.8866993188858,116.796893060207
62.3535014092922,6.78925919532776,27.9036247730255,3575.21369719505,865.132721483707,11529.817633003,669.014496266842,3344.56876522303,1766.5586014688,5534.3932441771,853.980467319489,0,1061.74631848931,2118.10266667604,4085.14972785115,1.20462870597839,81.5008881688118,387.305538833141,117.897266894579,7356.48467549682,3.33367431163788,2.97392624616623,13.8198881447315,540.968904584646,52.5194693803787,342.491214603186,81.1394879221916,460.528207480907,914.800516486168,142.088146477938,29.892441868782,174.904583722353,1.22299456596375,1016.86294284463,893.61476251483,4227.61490151286,144.442637324333,461.772825658321,209.625493198633,3569.58463138342,227.875300198793,226.31760469079,121.338936835527,2.41849654912949,69.4459158480167,26.0763642191887,741.673302680254,35.3873946666718,10.2740663588047,1.11168301105499,2.51913642883301,0,444.228229671717,28.254144847393,100.54035949707,260.120786160231,214.828237533569,842.44767037034,515.993515044451,20.7019799053669,493.118020802736,40.545270472765,75.2327350080013,287.349448889494,7.39853230118752,0,1.70606997609138,2.43595597147942,280.904024213552,3.96808776259422,0,6.60670086741447,973.146606832743,2.45224130153656,0.980526298284531,1.17963382601738,1819.48099902272,30.4440801739693,12.7548280358315,0.467453300952911,0,0.660737454891205,54.7341724932194,18.1292903423309
56.057292163372,1186.69020709395,528.523247510195,75.4044819772243,107.711828351021,1509.31560137868,1858.78364369273,1545.59831008315,513.594561129808,2650.44083333015,11278.5087925792,1061.74631848931,0,1019.43887680769,130.096307188272,1590.36386469007,238.287369012833,226.546476364136,67.5267586708069,259.508984982967,1945.8314474225,599.810046434402,4062.85240739584,1707.36780771613,12560.9297097921,660.013611346483,2760.35387638211,3210.79293572903,873.759535461664,1454.88819473982,1056.48473086953,1039.07472786307,54.1896649301052,4157.86351493001,600.557120472193,8397.30328762531,4959.55141767859,5468.08896970749,4044.09933942556,3182.56139761209,1651.75015774369,9955.1594850421,894.55930569768,220.377488255501,534.289449721575,533.777008473873,3142.06277114153,390.834378361702,1327.69269114733,4.36659720540047,553.83958029747,4.14241540431976,69.2677649855614,17.2612173557281,158.217036128044,178.084838479757,517.87819609046,163.311073690653,149.800142705441,9311.08694967628,150.65027949214,12637.3226892948,622.228022456169,246.590653210878,71.4284321963787,3.37560820579529,259.004523336887,1.98511147499084,84.2869313061237,34.0146287977695,115.993917733431,34.3708547353745,489.294091969728,2243.26888471842,3191.27420136333,6257.84560829401,863.192929118872,226.183407962322,90.4287948310375,7365.75165352225,75.2810961604118,0.655653059482574,1044.92006874084,111.14459758997
12369.2094068229,12.5236920118332,4579.9300301671,80.6227588355541,66.9503228664398,2335.7672495842,32919.402733624,36055.3352759182,175.866041272879,7666.14708611369,1359.03027099371,2118.10266667604,1019.43887680769,0,164.054889112711,5.98406690359116,5685.14438349009,712.041770011187,368.70711055398,387.400736153126,1484.70983070135,4.59066417813301,7506.3286640048,375.692718237638,37.9881179630756,1369.35007818043,750.851304501295,1863.75095760822,21589.8538419306,17245.756521672,51.1518370807171,761.014917433262,206.813981503248,1413.82614344358,247.19439804554,3701.36983624101,294.808347165585,948.383923828602,426.613139927387,630.647586017847,122.703900098801,94.4865699410439,203.212185442448,0.682413041591644,93.1158566772938,33.0680144429207,229.384815305471,25.1061248779297,11.6467156708241,1.53749001026154,10.484738945961,4.35929554700851,11.3039856553078,0,13.7153359651566,143.137480914593,43.8426959514618,198.75251853466,8.34148374199867,29.9188855290413,21.7747801840305,44.2721023261547,19.4114965796471,18.8460642397404,49.4204939603806,0,0.577209949493408,0,5.57872286438942,10.1817725300789,10.7176166772842,13.2104374170303,913.826679944992,8.10065579414368,17.9253286719322,29.7522315680981,910.196625947952,36.7258079349995,57.8483572006226,12.5571368634701,0.539457619190216,0,76.5138974189758,16.5633186399937
14.3173121809959,26.3897021412849,38.6467464864254,709.262159526348,4647.33785781264,3587.53213709593,1175.76048466563,709.527433663607,1703.90142038465,1295.64032921195,47.494796693325,4085.14972785115,130.096307188272,164.054889112711,0,25.290836930275,26.4745709896088,11.221827596426,6.03720366954803,692.96863758564,213.748914361,138.586109340191,204.099251896143,3861.77815037966,16.9440133571625,16.9890561401844,54.9530399441719,2204.78271055222,87.3153370916843,354.720133632421,1.0923273563385,126.274470597506,0,51.8284561932087,1589.28807958961,588.97040772438,31.9380285739899,52.3964920938015,19.5740331113338,13110.4934247136,43.5084412395954,17.3822481334209,112.746218144894,11.0125608444214,27.1546864211559,56.8961044549942,310.443732053041,17.6182966828346,7.69685056805611,0,0.636570811271667,4.5943478345871,134.741994768381,6.24454018473625,20.1249338984489,87.7959738075733,63.1913419365883,306.445711642504,113.879197210073,2.6122173666954,119.229739964008,1.6179176568985,42.690566599369,99.4460301399231,22.114800632,1.48127019405365,7.35555052757263,2.24325728416443,86.346598893404,12.8113712668419,16.6333000063896,9.31249701976776,415.599384278059,0,8.82232874631882,5.63993585109711,661.156537771225,20.5372547507286,25.4761437177658,0.612983524799347,0,1.02520847320557,37.342065423727,1038.33534121513
0,787.747290730476,107.225716471672,0,11.7509981989861,4.24253606796265,13.8467109203339,3.52285793423653,250.505061119795,0.866297364234924,62.1268556118011,1.20462870597839,1590.36386469007,5.98406690359116,25.290836930275,0,50.3950183391571,16.6311314404011,8.06829613447189,0,11483.9861035347,14833.5986352563,14732.6856230497,3659.82505691051,361.403042078018,71.2758401930332,13580.031740278,1593.93344986439,15.7048330903053,105.80526176095,6.13230264186859,1.59488010406494,2.07181280851364,113.016035914421,471.66940715909,5563.02531811595,1091.92859852314,1005.50506156683,662.808123171329,70.8200186789036,43.3489569723606,109.263118296862,585.948136121035,34.9324326217175,130.321909487247,78.6465721726418,66.0379998981953,17.0549967885017,29.3090813457966,13.6147864162922,82.8484612703323,64.4972997903824,0,1.60922205448151,0,43.6359044015408,22.3746913075447,65.1823406219482,1.31878826022148,45.7294021248817,1.09977054595947,57.659701436758,68.1007451415062,9.28008365631104,9564.19768342376,29.0727333128452,1.05297273397446,8.74477583169937,1.58227783441544,1753.30413299799,3169.84023606777,6392.92461320758,2040.90233388543,13.4148413836956,34.3282632231712,3380.88900828362,2188.42699110508,224.107785671949,367.759529292583,17.6434564590454,0,28.3567546010017,211.694874495268,121.858741551638
1014.12011578679,25.1107592582703,33190.1873387694,2.22850903868675,17.8599427640438,238.237375468016,976.781053870916,2315.25267130136,9.524532943964,207.069315552711,2038.44573304057,81.5008881688118,238.287369012833,5685.14438349009,26.4745709896088,50.3950183391571,0,3193.78710743785,7784.79072567821,15.9962696135044,961.296318382025,24.4094023108482,24951.8860267699,101.96697089076,7.87950450181961,20974.6414241493,11588.1063363552,455.985891193151,7050.01015231013,2780.92416194081,5.50248271226883,134.117586255074,1915.17561760545,16604.8519120216,302.586008518934,4062.53579634428,1403.99998641014,4722.39817562699,2610.92107576132,191.833408355713,194.359487265348,20.4730154871941,11.9055413901806,5.61144691705704,4.61211982369423,12.0325217247009,0.830082714557648,0,0.642638683319092,0,49.2900345027447,57.3038815557957,0,0,0,0,0,8.46116134524345,0,0.898212850093842,0,1.83883625268936,0,1.16167509555817,8.85403314232826,3.1421525478363,1.00746119022369,4.30091148614883,0,2.36142566800117,14.6616771221161,10.8516084551811,11.2376919686794,2.47206479310989,160.099442481995,574.831419050694,17.5856428146362,1.49089813232422,0,0.507724761962891,0,0.711154103279114,4.7417605817318,156.14466163516
49.9161414802074,12.8514882326126,559.213128596544,9.42214971780777,10.4517941772938,258.136387348175,542.25784778595,756.699410676956,15.3982721567154,601.853759407997,24865.2144985497,387.305538833141,226.546476364136,712.041770011187,11.221827596426,16.6311314404011,3193.78710743785,0,7362.49292850494,64.5940550863743,46.1057787239552,0,498.824368983507,35.915020018816,17.5003934502602,7464.70037090778,1184.45517921448,149.157253831625,1542.28235167265,298.856554567814,43.4592763781548,761.815621584654,32.1611322760582,5844.47551399469,206.217328190804,3658.85082873702,6047.77262610197,5412.41156831384,3391.83629596233,76.0104557573795,23.3436548113823,5.32757639884949,9.51047533750534,17.5790393948555,4.77266988158226,11.2461766302586,0.856208026409149,0,4.43193930387497,0.626343250274658,24.3241261839867,3.94583237171173,0,0,0,0,0,9.65676480531693,0,201.08073541522,0.775280177593231,78.2255032658577,0,3.08093565702438,0,0,172.962750315666,2.04202181100845,0,0,3.41061466932297,0,0.6167933344841,19.0766668915749,1373.16202384233,884.163533806801,0,0.744294881820679,0,599.078251391649,0,0,0,231.355453670025
20.515271961689,8.88283312320709,795.059692293406,2.22917598485947,3.67269715666771,67.8881140947342,176.940102577209,320.950757265091,3.89815360307693,192.705851495266,1419.72249656916,117.897266894579,67.5267586708069,368.70711055398,6.03720366954803,8.06829613447189,7784.79072567821,7362.49292850494,0,15.6441361308098,72.4195869266987,1.29645907878876,645.283976733685,18.0945082008839,0,7989.64933145046,1277.98167684674,77.9900217354298,802.332983344793,153.785841166973,2.18166437745094,193.305133402348,32.4735153615475,6043.07065501809,77.542132049799,2562.07680881023,1660.88650646806,1604.3956195116,1634.47809305787,40.5142233073711,19.1479083895683,0.605065047740936,8.42152151465416,2.70380139350891,1.03854018449783,4.30305162072182,0.596098065376282,0,0,0,22.2313107848167,3.16470232605934,0,0,0,0,0,4.5427280664444,0,6.43130648136139,0.448328584432602,0,0,4.1317685842514,2.48906517028809,0,2.27614712715149,1.83165872097015,0,0,0.435705870389938,0,1.29182028770447,1.42523729801178,151.501861512661,248.280241012573,0,0,0,6.36949741840363,0,0,1.19066178798676,131.420884728432
10.9034851193428,2.51752749085426,9.86599189043045,26404.2852794826,95.4356778860092,1026.6455861032,611.112233012915,520.290372431278,1482.5261451304,7001.85617467761,144.007011085749,7356.48467549682,259.508984982967,387.400736153126,692.96863758564,0,15.9962696135044,64.5940550863743,15.6441361308098,0,2.08618140220642,1.5896635055542,1.05118376016617,906.32675614953,9.26601696014404,60.0167387127876,13.374562472105,2783.52095124125,178.403953254223,29.9155695140362,5.9582986831665,53.7285295426846,1.19737645983696,167.049705415964,63.0575312077999,1554.59378479421,20.8871715068817,107.169418305159,55.6064835488796,718.787543386221,72.4124671518803,29.8456335067749,152.247080773115,0.902040779590607,63.3866890370846,7.63110727071762,755.850602149963,20.4973483383656,4.42313805222511,2.79927408695221,0.566672265529633,0,597.568783938885,31.1476045548916,144.206905022264,361.385060876608,469.017274916172,842.609646171331,756.352101355791,11.8423547148705,303.461780935526,5.52220556139946,158.039072185755,279.089063197374,4.61045321822166,0,9.85055097937584,2.34291076660156,434.135610222816,1.37164902687073,0.685715317726135,1.26809310913086,1368.69571506977,0,7.73767188191414,2.06408408284187,3051.39729900658,58.7390510439873,4.70388081669807,2.48377388715744,0.838418185710907,0.921022474765778,80.7307843565941,4.63895156979561
318.837393581867,88.2659297585487,1885.77915358543,0,126.395628929138,57.8979825079441,9059.01139581203,558.85077342391,104.303510010242,157.565709292889,54.3919776678085,3.33367431163788,1945.8314474225,1484.70983070135,213.748914361,11483.9861035347,961.296318382025,46.1057787239552,72.4195869266987,2.08618140220642,0,1444.19910770655,40487.2651411295,541.38318452239,68.589232057333,458.492258667946,2011.91487371922,22641.9440610707,1277.56866261363,23284.223133564,1.7136607170105,3.43814998865128,627.089030206203,7638.21879482269,3785.48259317875,21458.8663642108,1067.28610724211,14014.4118258655,5236.58807387948,491.010490834713,397.538279950619,52.9923114180565,439.597489029169,14.5794052183628,106.330585896969,45.9804862439632,77.968808889389,18.4642938375473,23.5509099662304,13.2121732234955,1.44788852334023,24.3510266542435,0.494309425354004,1.337681889534,4.14760833978653,57.3631371259689,33.997752815485,60.3610002994537,1.74350762367249,10.7813256382942,2.4336864054203,23.9545944333076,88.5438620746136,9.39381727576256,1372.6000392735,21.2386025488377,0,2.71658658981323,0,789.379549890757,532.239487528801,368.972026795149,1477.38175776601,7.54587256908417,0.983958780765533,234.657801687717,1534.36799049377,282.27060508728,434.23587551713,3.73423942923546,0,23.1703557372093,157.529745608568,366.402447253466
0,3914.0988689661,46.849900752306,0,2.92339313030243,6.66177067160606,17.3239453732967,6.91573846340179,11654.2323600352,0.560689210891724,226.568169891834,2.97392624616623,599.810046434402,4.59066417813301,138.586109340191,14833.5986352563,24.4094023108482,0,1.29645907878876,1.5896635055542,1444.19910770655,0,3551.31980997324,15872.582688272,1582.40101385117,39.316714912653,19715.8593831956,1731.95740014315,23.0115136504173,93.7603049874306,30.3722567856312,2.09983542561531,13.4406506717205,69.9225111305714,40.0412027239799,457.425318002701,370.430921733379,158.522575885057,58.9400043785572,85.138979434967,15.1979618966579,676.021370857954,410.841583192348,49.6212324798107,120.596485465765,76.4760810136795,20.9244747161865,6.38898491859436,18.629232108593,19.5358008146286,257.747653543949,205.862688481808,7.07069352269173,1.7345055937767,1.3843084871769,30.4901611506939,18.3568324148655,70.249042570591,15.8461336493492,147.374133378267,1.28636333346367,176.569180995226,33.0678378343582,5.40185475349426,6157.52518332005,27.4247028827667,3.09797781705856,15.903005361557,2.66615849733353,1335.74611863494,4009.86691200733,3435.87988618016,1987.32927307487,27.1092087626457,150.212427556515,7204.13138502836,1397.79830464721,134.782224476337,221.306907236576,127.296791195869,0,16.8953122496605,125.636261284351,78.6796943843365
1746.83362957835,118.513467609882,56675.2774670124,0.462309956550598,231.375589311123,266.749669104815,7113.62742355466,3136.86768820882,63.7776541113853,270.692865818739,423.511535912752,13.8198881447315,4062.85240739584,7506.3286640048,204.099251896143,14732.6856230497,24951.8860267699,498.824368983507,645.283976733685,1.05118376016617,40487.2651411295,3551.31980997324,0,1784.51275873184,64.888262540102,6251.82814875245,26527.3807609975,9669.16337844729,4365.21590560675,16988.9458042085,13.8407589197159,40.4483892321587,1435.80155655742,15984.8816504478,7324.77140522003,67746.1266328096,13139.4734346271,37849.844868809,20006.7170480192,1236.96132299304,1062.69068539143,76.8885865211487,492.514334589243,53.4482983648777,101.375600129366,94.7035582661629,48.3190321922302,8.147485435009,28.0309467613697,7.25031107664108,27.3905072808266,284.537057846785,0.871106028556824,2.95815944671631,0,36.978407561779,17.5507895946503,23.3351517021656,0.368719786405563,6.80785018205643,1.20329582691193,23.2758769989014,29.13832706213,18.738887399435,10588.2943024933,18.7336612045765,0.406933128833771,9.40727278590202,0.68784111738205,1612.05144947767,2211.46364930272,8478.27432733774,1270.23008337617,13.147173166275,32.7518627643585,8574.2938542366,1388.31043434143,80.5433619916439,131.203096091747,2.71562817692757,0,24.3290711641312,76.4195826649666,1427.58379718661
21.8047838509083,1591.82708308101,238.25306147337,3221.77368035913,148.47154930234,270.271951854229,3280.16991207004,192.826072096825,46725.1602337062,833.23329398036,195.366343528032,540.968904584646,1707.36780771613,375.692718237638,3861.77815037966,3659.82505691051,101.96697089076,35.915020018816,18.0945082008839,906.32675614953,541.38318452239,15872.582688272,1784.51275873184,0,1001.18603411317,81.8675504028797,6873.26718112826,15597.4715509713,834.622045129538,674.374515235424,21.3327924013138,28.1479216516018,100.643544644117,485.925142496824,1257.39250662923,5303.27469310164,513.638979405165,675.149901270866,449.807034015656,1383.92590743303,191.233531951904,361.997305572033,2255.90645688772,21.9355096518993,901.984501332045,257.690610855818,1062.52138230205,335.926496297121,80.0683464407921,43.6022330224514,42.3879391252995,92.8827260732651,571.405926719308,17.073706805706,378.443850636482,2086.50149360299,1430.99615052342,4896.90595972538,769.283750385046,106.751190543175,462.201444298029,115.500347077847,948.592355877161,172.137968301773,1561.81817904115,28.3922207355499,9.79728901386261,8.35807356238365,317.764850407839,462.071483492851,1271.41992348433,752.09500464797,18426.3411303461,26.1812654733658,30.5198817253113,1252.33798959851,14425.6801168621,771.806962698698,1143.99699175358,30.5579930245876,4.06739836931229,29.3877853453159,938.230402678251,253.761150062084
1.06056475639343,4827.79589918256,4.40228921175003,3.20720455050468,0.9685879945755,41.5250768959522,49.7765702605247,62.4235600233078,1832.19713705778,72.1602970063686,3143.09448081255,52.5194693803787,12560.9297097921,37.9881179630756,16.9440133571625,361.403042078018,7.87950450181961,17.5003934502602,0,9.26601696014404,68.589232057333,1582.40101385117,64.888262540102,1001.18603411317,0,193.322818338871,6452.39740753174,80.5824456512928,39.7257398366928,20.7997462153435,807.645836085081,40.1754635572433,1.51698023080826,720.325284421444,6.50050795078278,107.791599422693,454.630013585091,790.067537993193,34.8120364844799,46.2398388683796,7.31038010120392,5859.80770069361,32.7545314133167,56.7391121387482,6.95571690797806,12.3692416548729,32.6359171867371,0.54960685968399,417.9372189641,0,747.594945818186,2.67406702041626,3.29258579015732,0,0,0,2.3485002219677,47.6289754509926,1.74164825677872,930.536357164383,0.676311135292053,3498.47272852063,2.7670356631279,3.25319629907608,6.60539132356644,0,38.9471893906593,2.18312728404999,0.54089629650116,2.06840658187866,57.4991351366043,9.79126510024071,44.3462650477886,2720.26599749923,821.412921279669,3886.01376008987,6.40021824836731,6.88028347492218,0,1074.00865188241,0,0,12.485927850008,0.530964732170105
157.997989088297,441.269433915615,33047.636901021,8.10700404644012,3.65706011652946,225.614982008934,1153.00425061584,1042.89003187418,46.5929555296898,622.844395190477,7335.01655873656,342.491214603186,660.013611346483,1369.35007818043,16.9890561401844,71.2758401930332,20974.6414241493,7464.70037090778,7989.64933145046,60.0167387127876,458.492258667946,39.316714912653,6251.82814875245,81.8675504028797,193.322818338871,0,30256.7840990722,353.9805341959,1606.99084097147,916.449540942907,955.904212474823,519.470899194479,73.1435127258301,7224.9420902431,587.620504379272,17491.7049801648,17261.2376796603,7514.89349600673,6601.21931168437,163.200133651495,132.074150264263,10.5376470088959,426.883806377649,317.301429510117,183.783169925213,236.740036994219,1.96336761116982,0,29.0802559554577,1.01126158237457,1594.23945695162,849.432064175606,0,0.944481551647186,0,6.09051403403282,1.34478354454041,53.1558170318604,0,1027.76914948225,0,699.730166196823,3.92045125365257,16.2858872413635,10.0388442575932,83.7689265310764,1332.38909080625,364.696224540472,0,2.40130612254143,87.3439371287823,55.9003542661667,17.4765515625477,285.578726768494,23032.6166336238,26627.853138566,3.61773806810379,4.12744623422623,2.04121106863022,3718.61358931661,0.656088471412659,0,96.9153394699097,705.206921577454
83.8134635090828,31208.7380076349,29965.5825541615,1.73771077394485,15.1382222473621,83.3269937336445,584.042009353638,546.84177172184,3025.43608590961,167.284187406301,1374.80937585235,81.1394879221916,2760.35387638211,750.851304501295,54.9530399441719,13580.031740278,11588.1063363552,1184.45517921448,1277.98167684674,13.374562472105,2011.91487371922,19715.8593831956,26527.3807609975,6873.26718112826,6452.39740753174,30256.7840990722,0,5330.32084989548,891.428284853697,644.325920671225,808.824739962816,173.316168189049,92.772607088089,6315.69822695851,1598.35677629709,32209.7822741866,16345.7155760825,12846.9528894126,9324.73319607973,404.806914895773,325.530647963285,103.863412976265,2613.76166325808,944.834221094847,731.597586214542,912.831107318401,18.8632330298424,2.34488952159882,22.3530550003052,8.83960419893265,15628.175060451,16423.6229346097,0,1.10968637466431,0,122.214016884565,7.11196592450142,179.850974649191,0,397.539876461029,0.556651592254639,448.823646217585,43.3636863827705,16.0857154130936,3821.43926253915,872.349514454603,825.666837394238,1173.91339585185,0,362.620623081923,4053.63352614641,6692.65695813298,641.34419542551,789.047453224659,32379.1507946849,174391.485967934,697.017396897078,15.2409216761589,31.836271584034,1921.55979207158,0,3.48213815689087,537.640452086926,931.146920651197
136.038429617882,109.87773758173,1957.28567767143,9871.10144516826,204.887676596642,1069.84426933527,71239.3955668509,881.998805224895,9564.95796534419,8606.55356985331,265.21467640996,460.528207480907,3210.79293572903,1863.75095760822,2204.78271055222,1593.93344986439,455.985891193151,149.157253831625,77.9900217354298,2783.52095124125,22641.9440610707,1731.95740014315,9669.16337844729,15597.4715509713,80.5824456512928,353.9805341959,5330.32084989548,0,3086.88273066282,43862.3492219746,10.367505043745,121.353616446257,671.723143517971,2398.05222705007,5224.86858794093,18291.7037920654,1067.98858436942,3376.68969851732,2086.35582681,2270.03741541505,960.7723082304,139.633846998215,2626.40063112974,28.4220930933952,1063.07927939296,291.24056878686,2042.62738490105,416.022627174854,74.1714183688164,33.2515489161015,18.1551766693592,94.684243619442,993.798597484827,38.3611984550953,499.342051893473,2408.0837983191,1853.36137214303,3520.18383476138,1360.67576171458,60.0296058058739,467.073198795319,77.3725015521049,931.029502600431,376.684295386076,1194.70747804642,28.1535041332245,2.34782999753952,3.34150207042694,542.453919678926,481.256355792284,732.452664256096,540.526206195354,15573.4918272793,27.1876357197762,6.43840250372887,1261.98159471154,17012.2041537017,801.005209803581,1324.47524306178,1.10236883163452,5.513432264328,41.9112988114357,1158.20296359062,414.21018499136
7234.96148765087,13.5806661844254,916.309308379889,55.2792543768883,20.3569955229759,676.311311632395,3950.4445939064,4281.76858958602,156.952676087618,2361.99684782326,2425.74500238895,914.800516486168,873.759535461664,21589.8538419306,87.3153370916843,15.7048330903053,7050.01015231013,1542.28235167265,802.332983344793,178.403953254223,1277.56866261363,23.0115136504173,4365.21590560675,834.622045129538,39.7257398366928,1606.99084097147,891.428284853697,3086.88273066282,0,18589.8648266196,86.1143229901791,1004.91812759638,4756.33361279964,7006.38569700718,156.599151015282,1589.54678052664,196.946609765291,1511.8350045979,441.596451848745,256.151981055737,225.213813692331,161.021045416594,133.198928236961,2.66455084085464,59.752340734005,30.6709241569042,82.8555308580399,20.8438023328781,7.33684259653091,1.43523192405701,6.08828663825989,1.51051798462868,1.36165487766266,0.411635279655457,10.6367502212524,47.228641718626,10.6099118888378,113.812972486019,4.5290370285511,38.547188013792,5.89878496527672,50.0390581488609,13.2145530581474,6.364547342062,51.8229651749134,0,2.72650635242462,0.835307061672211,1.13230121135712,14.4112272560596,42.4780399799347,5.08017364144325,593.478099882603,3.88991320133209,34.1463346481323,50.1452898085117,672.534810841084,31.2234185934067,35.0320688784122,17.0990157425404,1.45161235332489,9.6565603017807,66.5130923092365,17.4592059254646
6569.06477579474,5.77115085721016,3634.18693470955,1.79851520061493,105.712060034275,593.792120277882,14587.4483569562,4881.30366426706,53.6312983632088,350.140037626028,445.424905389547,142.088146477938,1454.88819473982,17245.756521672,354.720133632421,105.80526176095,2780.92416194081,298.856554567814,153.785841166973,29.9155695140362,23284.223133564,93.7603049874306,16988.9458042085,674.374515235424,20.7997462153435,916.449540942907,644.325920671225,43862.3492219746,18589.8648266196,0,24.6468988358974,83.363174945116,3874.41057443619,12499.4228592813,2488.12531068921,8466.80235469341,394.737205803394,7018.80434149504,2031.77570217848,808.448239654303,730.699141740799,107.176285088062,167.138468056917,2.25820884108543,43.113804847002,31.2257850766182,51.4502159059048,12.1175450086594,18.6732607185841,1.93480524420738,2.23850420117378,7.74052536487579,0,0,2.65708148479462,20.4017100036144,16.6186402738094,53.8159486651421,0,8.8693530857563,0,21.9125843644142,19.9634341299534,8.96374359726906,257.112770140171,1.50900274515152,0,1.77099192142487,0,126.341195851564,134.101139992476,36.06747636199,531.312139570713,4.22313696146011,2.6885831952095,43.6253910660744,655.576632142067,69.4655530154705,55.6294150948524,2.84713640809059,0,1.63674944639206,64.8266853392124,207.420413523912
