0,1.72286933660507,140.993333935738,4.41017279028893,8.73375350236893,207.608569502831,7211.26846170425,3483.67418310046,5.27978283166885,264.17459204793,26.9195127487183,91.6810658574104,23.7058278620243,10042.803165108,10.1953103542328,1.66668075323105,1295.90028133988,31.0583462715149,100.425938606262,35.1685638427734,321.520871460438,0,779.963514775038,15.1476235985756,4.05625793337822,247.709043323994,99.3321834504604,56.0727387070656,13305.0972872674,8110.60555443168,1.19089686870575,20.582665771246,37.8404292464256,316.4816442132,39.9730231761932,294.670044541359,56.6233051717281,199.878533035517,47.5537095069885,81.2498127222061,11.685005158186,0,6.73428303003311,0.560148417949677,0.386782437562943,2.80275452136993,3.39978620409966,0,0,0,2.09474223852158,2.25071385502815,1.76469588279724,0,0,4.32641237974167,0,0,0,0.656307399272919,1.68233621120453,0,1.96990573406219,0,2.35860395431519,0,0,0,2.07949304580688,2.97659981250763,1.2660653591156,2.50644707679749,19.9940737783909,0,2.86237612366676,16.5418252050877,29.0525239706039,4.87377345561981,6.5281785428524,0,0,0,1.73362421989441,1.27735197544098
1.72286933660507,0,72.5800997614861,3.10030949115753,6.50328412652016,3.73769694566727,7.41150587797165,4.05765417218208,3062.49829211831,2.3813039958477,112.953447580338,0.872157871723175,1358.61963623762,7.32336193323135,36.6399108767509,306.838225841522,256.302765339613,2.67613309621811,21.8696226477623,0.664434909820557,48.540556371212,3340.90056756139,57.4912008047104,2236.45630535483,1555.15987342596,468.925705432892,21007.3710544407,200.217599481344,3.60107129812241,5.37960311770439,11.0014399290085,3.9714121222496,0.580585896968842,75.1507229208946,40.6272221207619,528.979848951101,213.941694498062,211.977172374725,182.27736133337,65.5161679983139,0,242.27911144495,235.865468710661,81.737568706274,49.3754760622978,107.70183968544,9.57898205518723,0.938691020011902,92.6094859838486,2.18034642934799,3326.60243541002,130.123115599155,16.9197928905487,0,0,12.5736087858677,2.54184594750404,42.3605881333351,1.59401914477348,56.7460513710976,4.54566898941994,141.301656544209,4.34559139609337,1.54947346448898,78.6588868498802,107.323337674141,1.18500423431396,20.8252237439156,4.57910317182541,19.6728138625622,108.37567448616,98.6501297056675,99.3962369263172,99.8885123431683,230.790727674961,6580.382145226,35.1088412702084,2.57792812585831,29.2684831619263,23.5606130957603,0,0,57.2918969094753,59.5097713172436
140.993333935738,72.5800997614861,0,4.85970863699913,5.65226852893829,54.6911317110062,1936.86077493429,385.3928694278,9.29735490679741,104.536941587925,34.6937825977802,10.1073103845119,13.6127065718174,373.008309155703,8.62523055076599,317.004252374172,20299.2760193646,34.8395031988621,318.240253686905,5.77163165807724,3046.03718584776,59.4484469294548,52346.3711127937,157.746720999479,2.90554502606392,23224.6347180307,40496.7560634911,4620.35645624995,132.359989136457,730.56667214632,6.48819231987,5.88384276628494,15.1158430278301,838.13870087266,299.278171122074,5037.79765480757,5195.57226866484,2038.09924837947,1245.49466690421,17.3240183591843,6.4827516078949,1.29082477092743,3199.96478551626,430.802307218313,746.130104243755,1244.38769888878,11.5345450639725,3.45375370979309,22.5804506242275,10.3578124642372,648.645839124918,4826.23548606038,0.450843572616577,4.07093107700348,0,254.296742916107,24.3073753416538,11.5644988715649,6.02062609791756,26.3786323070526,0,54.7970131337643,62.1787788271904,19.479221791029,300.068953335285,1359.73726898432,29.705300360918,83.9660158455372,0,162.72708722949,208.014201104641,1719.19801905751,140.07754650712,32.907294511795,985.269372582436,18022.5617961884,127.695143729448,17.2365680038929,233.475761890411,0,0,4.31961068511009,837.305986940861,411.591968148947
4.41017279028893,3.10030949115753,4.85970863699913,0,63.9080873727798,237.517265766859,481.803061574697,225.012750044465,2957.14719223976,4291.22781062126,9.85100638866425,1795.47739076614,92.1377454698086,75.0599927902222,291.711689114571,0,8.03018561005592,9.06049862504005,12.3189994096756,44123.3831238151,5.62180855870247,2.28647458553314,5.25244274735451,4328.39444962144,29.7745003402233,15.0826724469662,5.32013544440269,14543.4314719141,226.670471489429,15.3786344230175,0,64.8782616853714,50.9666283428669,194.063315957785,95.4333484768867,965.819735586643,6.66043078899384,199.712760001421,24.9294068217278,616.055522054434,38.2908733487129,0,122.759460985661,1.10982692241669,82.1254082024097,10.5883870124817,1659.0846785605,4.94589483737946,5.40533423423767,0.343560934066772,1.86370003223419,0,3384.86585986614,147.605476558208,58.9263582229614,218.429991900921,160.158038079739,304.480506449938,1898.2579318583,11.6436381340027,1847.85985422134,0,46.3458186388016,240.961738497019,2.35993036627769,0,0.650476515293121,0,1533.8565312326,0.371479481458664,0.881625115871429,0.323227971792221,3228.21651771665,0,0,1.17834040522575,2441.3647865057,33.8667451143265,6.88224703073502,0,6.3690065741539,0.669623851776123,63.615009367466,12.6169379353523
8.73375350236893,6.50328412652016,5.65226852893829,63.9080873727798,0,4673.73642450571,126.005695253611,626.59655085206,201.458216756582,171.929616987705,1.28521487116814,777.101147145033,25.5502066016197,39.4334263205528,951.85964101553,8.54595249891281,19.1476640701294,0.540654420852661,8.72194072604179,116.840109378099,175.175041437149,16.7066760957241,133.693619668484,373.537827134132,15.2249352931976,10.6728204190731,49.0170815587044,199.908012717962,32.2301765978336,115.530207157135,0,943.671433389187,2.91745555400848,1978.65321421623,5794.60815653205,492.153147429228,27.3124033212662,15.073912113905,29.3185015320778,13594.6568541527,1165.53256028891,0,29.282398968935,21.4953442811966,1.5285210609436,83.4321496486664,37.3890976309776,2.57899153232574,0,0,0,3.72337627410889,8.65814152359962,6.3912062048912,6.07974767684937,9.6179233789444,1.20926177501678,0.53242427110672,9.55195125937462,0,20.4735163450241,0,2.79888907074928,7.13105154037476,2.80932378768921,0,0,1.83022624254227,12.3781899213791,7.21924126148224,2.38795626163483,18.2240128517151,28.7045837044716,0,11.4005180001259,48.2789900898933,23.6970157623291,0,3.88782292604446,0,0.772037148475647,0,7.01638236641884,1268.29679131508
207.608569502831,3.73769694566727,54.6911317110062,237.517265766859,4673.73642450571,0,6746.1206381917,15315.1358339489,144.685848385096,31763.069973886,147.028952240944,11339.405105859,356.706819593906,1881.29990336299,3944.04464790225,0.618130326271057,260.826664716005,106.312112808228,126.800209283829,1294.9462390244,132.838211268187,2.8080327808857,155.637930899858,253.138122946024,149.169288665056,213.844489127398,64.5616274178028,1767.0131829679,991.525849550962,512.627575188875,6.19402155280113,869.342394441366,80.136958360672,605.873926579952,3865.89364719391,3125.98440408707,80.0140680372715,496.080922424793,104.968037247658,6036.92503991723,1249.21083894372,10.8518942892551,234.00518232584,3.40103042125702,103.044568300247,32.4142216145992,294.906278252602,15.1230204701424,4.43239229917526,3.15149009227753,1.13177561759949,0.375876307487488,461.206453889608,20.3547632098198,11.8455639183521,373.7081630826,142.217610731721,72.6711351573467,459.471958130598,64.5197271704674,313.695429265499,0,50.25847864151,23.2701340317726,3.94276118278503,0,0,0,218.042313098907,9.06003177165985,4.22542238235474,2.68579065799713,1832.687779814,0,0,4.50351095199585,1259.18981960416,37.6149887740612,43.7393042445183,1.15660306811333,2.54976940155029,3.85635381937027,141.490802049637,478.449363350868
7211.26846170425,7.41150587797165,1936.86077493429,481.803061574697,126.005695253611,6746.1206381917,0,18991.5729893595,195.204672038555,10728.7056670785,363.804611086845,458.190623253584,854.665466189384,21207.1864556819,497.448050528765,35.819368481636,3571.99624183774,262.229899168015,630.721512049437,491.769468069077,4709.34181308746,3.7186666727066,3417.84305199981,4347.16298362613,157.359552443027,1975.4631575346,745.578073740005,80032.1068468392,8910.05104875565,18881.0223509669,16.3028565347195,543.764296859503,2122.96501618624,3700.24732932448,2110.12993192673,12165.2096567452,495.704966157675,3541.97414699197,949.118935525417,1053.46281325817,355.074786305428,13.6416239738464,769.170647293329,15.8534589409828,363.058762311935,114.409574151039,346.109982728958,38.7678339481354,2.31940448284149,15.6589342355728,13.7348874211311,34.1115763187408,215.335483551025,13.2259596288204,5.36616402864456,702.564307361841,321.309838205576,114.678053319454,289.401995748281,122.660066366196,148.4988681674,0,187.121601015329,19.7026523947716,125.747492104769,11.5856388807297,0,0,103.793277770281,124.088252753019,14.9361926615238,79.0488650798798,2676.6595300138,0,3.88526666164398,157.350671768188,2214.77250349522,297.433372944593,246.001096308231,0,34.1897118389606,37.1058285832405,259.288465678692,211.484326303005
3483.67418310046,4.05765417218208,385.3928694278,225.012750044465,626.59655085206,15315.1358339489,18991.5729893595,0,224.972512155771,14245.2544978708,423.01762253046,6713.90807595849,1341.30266165733,38559.3527125418,554.511680141091,4.81163695454597,2509.78878217936,271.33027869463,342.003576546907,2154.70754674077,828.212860614061,1.18911761045456,1504.00124654174,632.021275952458,548.94534316659,873.077485918999,270.2782574296,2117.74279266596,8861.5370554924,5720.54987034202,27.9131788909435,807.047575056553,170.199074044824,1584.73645889759,374.759380817413,7961.39754252136,279.191659122705,971.167715907097,404.371040165424,2263.00408229232,385.626522064209,22.5992345511913,788.305162727833,10.5001657903194,236.000858724117,82.578401863575,453.283427864313,42.9852734804153,13.0028655529022,8.91307425498962,2.17156088352203,3.12539744377136,166.356771469116,11.1575849056244,7.600356310606,880.036574810743,131.078160107136,138.14476275444,192.022480726242,268.712132334709,278.996100902557,1.48912605643272,77.6820744276047,24.0499086380005,39.8523864746094,0.451053261756897,0,0,181.768701851368,45.121951341629,8.76808670163155,2.01445680856705,3224.53489810228,0,0.395918339490891,10.1134969592094,3075.21969796717,96.0961168110371,198.943688213825,2.51073551177979,9.47832959890366,17.0023008584976,337.885827571154,37.457268923521
5.27978283166885,3062.49829211831,9.29735490679741,2957.14719223976,201.458216756582,144.685848385096,195.204672038555,224.972512155771,0,606.77162066102,101.516260892153,2763.14483758807,2076.22124749422,70.3004425168037,782.436650872231,575.414363443851,10.9506836235523,9.36665463447571,15.1818682849407,1148.04162758589,174.186796605587,8086.98551094532,119.001301109791,44047.5793282986,2400.00122958422,82.6855694949627,6737.91354656219,7040.2834393084,129.372625946999,19.7913994789124,18.6007054448128,85.3355599939823,58.4097662568092,106.520244508982,100.299866706133,843.509040623903,31.4640791416168,112.440830469131,37.9646556675434,1002.58457008004,21.7460415959358,149.771659731865,408.518882721663,30.4048312902451,194.628787189722,83.563926756382,382.124091714621,18.5525251030922,32.4881536364555,12.7323335111141,34.5807583928108,7.61437165737152,1684.86219483614,24.0710496306419,14.9631939828396,325.600897789001,127.280018538237,1575.26664856076,549.80118316412,119.779037117958,362.853805810213,246.836584895849,104.761576265097,81.1379466354847,758.284884661436,11.2972282469273,6.38644808530807,5.01380443572998,247.066500216722,333.254223585129,600.039100438356,200.397308170795,6825.73224973679,26.7361090481281,70.6749047338963,193.786519482732,2372.62157055736,237.918995201588,156.238784402609,59.4664183557034,24.0431237220764,53.6665184497833,112.663551300764,75.5853132903576
264.17459204793,2.3813039958477,104.536941587925,4291.22781062126,171.929616987705,31763.069973886,10728.7056670785,14245.2544978708,606.77162066102,0,479.455430537462,7227.5263273716,954.169790565968,5939.52979172766,596.979243308306,6.63151961565018,344.375449508429,369.544818252325,530.308142870665,4830.1699026823,129.285613596439,0.421364784240723,178.204525738955,655.709990918636,104.282349854708,697.276045411825,250.34829801321,9769.42791202664,3411.49525147676,465.19550973177,32.3069560229778,850.874421566725,253.385559737682,2609.4698432982,1777.97453102469,8023.10007351637,202.669295847416,2351.82875597477,282.641580879688,1469.99104306102,398.448951423168,22.5732471644878,179.443485081196,8.6021716594696,72.124100625515,23.5122027397156,867.912991583347,10.9618121683598,3.01699161529541,0.913444429636002,4.08296024799347,1.81399166584015,2266.91871494055,47.8313079178333,25.0825637876987,517.790948003531,160.732993632555,203.53454965353,1476.41075444221,70.1316949725151,1061.02459284663,1.11461007595062,57.7116162180901,119.856857657433,8.54500988125801,0,0,0,902.31712025404,10.2831780314445,2.52534079551697,2.63293781876564,4118.76126918197,1.61171388626099,0,9.9417285323143,3289.71180406213,18.5303130745888,13.1545249521732,3.38124427199364,2.90811854600906,1.08246311545372,128.118636727333,175.271722584963
26.9195127487183,112.953447580338,34.6937825977802,9.85100638866425,1.28521487116814,147.028952240944,363.804611086845,423.01762253046,101.516260892153,479.455430537462,0,337.549464404583,13162.0732210875,372.556518226862,11.2924534976482,12.6202526688576,877.977778077126,21593.9280389845,3300.72566089034,163.917611628771,40.657804787159,110.260332077742,161.27948024869,83.9973567128181,1058.57639199495,9700.36966541409,676.790227264166,163.974343836308,1050.45061171055,127.267270982265,957.052330166101,713.628544956446,19.1325969696045,8348.34184402227,54.675407230854,808.491166859865,3945.00534167886,4439.09964841604,732.112345337868,23.799153149128,4.92655920982361,2809.64064589143,15.7564572095871,622.578763544559,98.9929815232754,8.73379725217819,11.8802883327007,0,736.082087576389,0.812547326087952,37.5022910237312,1.06641530990601,0,1.83495002985001,0,16.1603125035763,2.4219229221344,45.7487099766731,1.08963084220886,2049.99515089393,7.07774236798286,4914.57128712535,6.86466801166534,0,4.13012778759003,2.41977506875992,11.1716948747635,0.777856826782227,5.15499627590179,2.5862785577774,30.7384117841721,0.851659953594208,80.7227278351784,312.600226461887,411.689642757177,885.334188133478,59.4431379139423,9.61306494474411,3.30469745397568,929.478932738304,7.70737266540527,4.05964988470078,36.6042374968529,19.5577177107334
91.6810658574104,0.872157871723175,10.1073103845119,1795.47739076614,777.101147145033,11339.405105859,458.190623253584,6713.90807595849,2763.14483758807,7227.5263273716,337.549464404583,0,471.015136957169,1499.00533737242,4689.7623141408,1.85564941167831,138.636858403683,252.972977846861,317.018735080957,13570.3384428024,19.4715120494366,5.25376790761948,53.7568891346455,951.778961896896,234.476918160915,408.140515804291,173.664035081863,249.392709821463,1137.99961331487,193.547755599022,16.9978424906731,382.375287204981,8.32964381575584,1061.54479163885,1414.1783016026,2018.79589778185,102.404569387436,740.671237379313,108.005472928286,4864.86451858282,79.5654892325401,12.6715577244759,229.993280619383,5.71008267998695,47.8851916790009,24.369773209095,3160.46168082952,16.0659630298615,2.83819508552551,0,0.48367765545845,0,1978.64961931109,233.057498425245,97.9582044780254,136.928090423346,73.5175240933895,97.6617682874203,1004.6911624074,98.1326699852943,2975.32942590117,0.858051955699921,30.5425507128239,401.588084578514,0.546511292457581,0,0,0.519658923149109,781.404013991356,0.573234975337982,0,5.83234888315201,1377.36507478356,0,1.49574428796768,4.27821293473244,949.706437826157,20.1641870141029,9.27884924411774,0.499357163906097,20.0215938687325,0.929993689060211,68.8308294415474,1424.76350080967
23.7058278620243,1358.61963623762,13.6127065718174,92.1377454698086,25.5502066016197,356.706819593906,854.665466189384,1341.30266165733,2076.22124749422,954.169790565968,13162.0732210875,471.015136957169,0,367.290911883116,66.8569213747978,42.303022891283,71.3029096126556,66.6759786903858,31.1173071861267,252.369275093079,151.723590582609,1720.53333505988,127.429546535015,772.201010137796,6309.59356030822,446.54475364089,6597.32251128554,875.022578954697,677.983786016703,550.713847219944,2329.40733632445,1427.34627053142,46.4085842370987,5709.40071433783,383.929503530264,3467.81943452358,4254.511857301,4966.7556553781,1880.91635388136,2193.07892477512,962.249006420374,2434.95184350014,275.025569736958,1578.24812230468,348.703150719404,142.285683393478,542.831034690142,100.843067228794,889.871310859919,1.24765872955322,135.349666744471,2.29577726125717,20.428887039423,10.6917950510979,15.0776870846748,121.451363921165,74.0437279343605,183.746959716082,51.4241971075535,7102.00860375166,49.9533351957798,18388.8886231482,49.7000650167465,11.0514342784882,19.3824324309826,1.81685745716095,29.7025216817856,5.04454588890076,21.7419027388096,14.3451754748821,70.4806166887283,10.2503591179848,377.930686712265,2054.16047638655,1182.180814147,3282.23934754729,340.182179391384,48.6461887061596,40.3345214724541,2304.9459066093,95.4738228917122,7.46116918325424,407.880404114723,126.962684690952
10042.803165108,7.32336193323135,373.008309155703,75.0599927902222,39.4334263205528,1881.29990336299,21207.1864556819,38559.3527125418,70.3004425168037,5939.52979172766,372.556518226862,1499.00533737242,367.290911883116,0,78.5782541632652,5.07320538163185,3565.79481619596,260.212576240301,490.896207213402,609.005559802055,972.949257820845,2.10234904289246,2111.04775974154,240.410470813513,74.0346572995186,1014.82066580653,367.861171066761,926.280990928411,24186.7599087358,10970.0839882493,10.1957920491695,192.59691131115,210.040478259325,1915.35692504048,208.931686252356,2218.33025151491,226.150751501322,1023.62734720111,302.625046521425,334.227002501488,74.4678793251514,9.18025994300842,185.636971980333,5.64296442270279,70.1159293055534,28.7079131901264,108.754075318575,1.13028967380524,0.839578807353973,5.02376705408096,1.48605686426163,8.05791243910789,30.4310107529163,3.40497744083405,1.14896404743195,194.888567626476,23.1146536171436,37.8091399073601,18.7719032466412,56.3030727803707,49.2842680513859,4.91857635974884,7.89490211009979,1.90105867385864,28.4553788006306,0,0,0,35.2991190254688,27.8202247023582,1.91454005241394,12.1848556697369,726.587971270084,0,4.2027285695076,47.6526271700859,658.752018809319,33.1259635388851,61.6070339679718,0,2.25554776191711,11.4804453253746,58.7552936077118,15.9839050769806
10.1953103542328,36.6399108767509,8.62523055076599,291.711689114571,951.85964101553,3944.04464790225,497.448050528765,554.511680141091,782.436650872231,596.979243308306,11.2924534976482,4689.7623141408,66.8569213747978,78.5782541632652,0,17.5313079357147,33.5249722898006,7.75906223058701,16.3146563768387,654.834504514933,218.437063694,44.8362030982971,172.279147386551,1530.53504124284,36.3807218074799,24.3335773646832,112.263315588236,754.872711479664,117.755433440208,498.176886707544,0.871940553188324,342.296543121338,51.3789518177509,71.5470216274261,2385.33243349195,752.249084979296,46.77595230937,87.121148109436,74.1704291701317,2269.05903223157,33.9750171005726,6.41174566745758,29.3417090177536,5.56609272956848,13.1656365990639,16.1498606204987,132.402603894472,2.21706712245941,2.24341064691544,0,2.22796881198883,3.58165371417999,56.7193006873131,5.66595661640167,5.99587750434875,24.7752078175545,3.93894457817078,8.99782592058182,38.3348453938961,8.06105038523674,84.2221472263336,1.59593975543976,3.15765237808228,12.5508575439453,2.02237105369568,1.02621638774872,0,0,36.0701264739037,7.50734746456146,4.73049664497375,8.43504548072815,169.25995773077,0.38033202290535,5.267917573452,20.4110329151154,89.4173918366432,5.38817474246025,13.0711623430252,0,1.47442528605461,1.51205039024353,10.1097680330276,321.094883292913
1.66668075323105,306.838225841522,317.004252374172,0,8.54595249891281,0.618130326271057,35.819368481636,4.81163695454597,575.414363443851,6.63151961565018,12.6202526688576,1.85564941167831,42.303022891283,5.07320538163185,17.5313079357147,0,140.440893530846,5.9776024222374,55.0684463381767,0.436095595359802,11302.007620275,16231.0084601045,11299.4683252275,5703.81406888366,86.7994506061077,336.81251719594,7469.84296053648,3388.15150299668,7.40979588031769,24.7632169723511,0,1.23506164550781,2.31842517852783,494.027022093534,629.585754871368,4962.94126492739,1666.49375617504,1585.67007249594,1079.10281610489,44.4725980460644,5.24043774604797,4.8339626789093,1255.64094626904,150.761511772871,431.772691816092,501.735572397709,51.9041635990143,8.94948750734329,0,9.84665179252625,67.8024812340736,458.28465205431,1.22886270284653,11.1180222034454,2.19209888577461,85.9598619043827,34.6690534949303,83.1422562599182,5.67328524589539,8.00846362113953,2.86782750487328,4.78691554069519,53.7529673576355,10.6851063370705,12985.6696126759,83.7363330423832,10.8946419358253,17.3419775664806,1.10631215572357,2386.8958735168,2746.32643696666,9391.70377856493,2218.15356004238,2.66730833053589,68.9070012569427,5733.84804874659,1121.040558815,286.050070375204,596.229904472828,1.21975004673004,1.79621356725693,197.708758950233,371.123891949654,373.602850407362
1295.90028133988,256.302765339613,20299.2760193646,8.03018561005592,19.1476640701294,260.826664716005,3571.99624183774,2509.78878217936,10.9506836235523,344.375449508429,877.977778077126,138.636858403683,71.3029096126556,3565.79481619596,33.5249722898006,140.440893530846,0,869.535671263933,8997.31838709116,76.255756855011,3207.73560982943,50.1753289699554,16450.1767483056,92.1393629610538,19.6240706145763,22895.0637816191,18375.1963430047,1991.98059561849,3433.78376799822,3213.89320886135,1.44079613685608,111.191835165024,559.107671022415,13537.8493955135,886.721209019423,10739.5464955568,7701.07871374488,7561.59132567048,3676.62488994002,135.04448351264,36.0084708034992,4.19263529777527,480.273115903139,118.862352848053,120.355707705021,240.090343981981,9.49833437800407,0.403949767351151,8.66295671463013,0.892706722021103,523.68645465374,519.007341116667,0,8.50918596982956,0,32.2851909399033,3.74683248996735,3.66943725943565,0,6.51281809806824,0,11.7213436961174,4.03578519821167,6.48054984211922,64.5750978291035,331.186198592186,5.40875491499901,28.0699506103992,2.57746863365173,30.6838315725327,30.6171734929085,143.92969250679,72.7842373549938,18.6366042494774,410.850349485874,5057.26497173309,52.6769951879978,7.40527057647705,23.4271224141121,0,0,2.46427249908447,154.002477735281,414.974119514227
31.0583462715149,2.67613309621811,34.8395031988621,9.06049862504005,0.540654420852661,106.312112808228,262.229899168015,271.33027869463,9.36665463447571,369.544818252325,21593.9280389845,252.972977846861,66.6759786903858,260.212576240301,7.75906223058701,5.9776024222374,869.535671263933,0,1943.017380476,143.848149359226,37.2325848340988,0,121.892229378223,36.3036949038506,11.0265052914619,4555.20149356127,541.57930970192,117.619173333049,619.552444964647,128.219531685114,18.4017269611359,355.537096530199,10.2589198350906,4114.12510246038,185.696856051683,1699.95261263847,2166.1507101357,4971.8498505652,2226.61906483769,18.5165911912918,1.28950852155685,39.5240082740784,10.6660844683647,5.68577444553375,1.21861851215363,11.8132274746895,3.10081133246422,0,2.12513136863708,0,9.14089262485504,4.1192966401577,0,0,0.636066019535065,0,0,6.1305695772171,0,6.59768950939178,0,37.9187158942223,0.526347219944,0.632066249847412,0.482017487287521,1.65159511566162,2.92327147722244,0,2.13729465007782,0,0,1.84445425868034,5.89003348350525,1.40670609474182,42.0180380940437,174.757884353399,0,0,0,18.1549433767796,0,0,3.30728027224541,67.4231654405594
100.425938606262,21.8696226477623,318.240253686905,12.3189994096756,8.72194072604179,126.800209283829,630.721512049437,342.003576546907,15.1818682849407,530.308142870665,3300.72566089034,317.018735080957,31.1173071861267,490.896207213402,16.3146563768387,55.0684463381767,8997.31838709116,1943.017380476,0,160.148911863565,316.851100862026,2.79918760061264,836.228940248489,52.3541840314865,15.5128355026245,8757.13122341037,1654.47660046816,270.494172185659,859.627328008413,302.350046813488,5.07589709758759,239.915055751801,43.4586178064346,12770.7902349234,451.876904189587,5211.00317078829,3981.84047520161,7981.63104891777,3739.54477113485,36.7260109484196,12.6517120599747,1.56362646818161,35.590716958046,15.5163975656033,14.3968591094017,53.2904904782772,6.17981779575348,1.2463310956955,3.32213759422302,0,47.9898039102554,20.0933510959148,0,3.44553428888321,2.19105094671249,0.403694689273834,0,4.83976835012436,0,6.33141055703163,8.97282725572586,1.41127717494965,0.496106833219528,2.47557270526886,4.14711061120033,25.8732138574123,0.422615826129913,0.686531126499176,4.88989192247391,0.691189467906952,1.97063559293747,19.0509521663189,8.173448741436,2.93752616643906,111.954249233007,601.185795843601,2.05702722072601,0,0.397887915372849,0,0,0,11.7499089837074,215.17749273777
35.1685638427734,0.664434909820557,5.77163165807724,44123.3831238151,116.840109378099,1294.9462390244,491.769468069077,2154.70754674077,1148.04162758589,4830.1699026823,163.917611628771,13570.3384428024,252.369275093079,609.005559802055,654.834504514933,0.436095595359802,76.255756855011,143.848149359226,160.148911863565,0,13.6742416620255,1.31206196546555,37.541392147541,851.700083643198,92.683525711298,191.531559824944,80.7415953576565,3883.18936225772,811.897732824087,105.479975283146,12.4727393090725,208.3345669806,31.1939250230789,537.823227018118,171.282348752022,1868.64910423756,43.2477818727493,481.945224732161,53.7637750506401,983.681356161833,79.3124489486217,3.8694640994072,147.916345864534,2.59834629297256,74.9299979805946,12.0187762379646,1384.99184432626,11.8198572993279,1.75020217895508,0,5.17913234233856,0.379185646772385,2511.46533748507,84.433683514595,51.7017069756985,309.420875996351,189.025850728154,179.717215538025,1662.24296712875,50.5425609350204,1647.22180968523,0,72.2874959111214,175.811435520649,0,0,0,0.927768588066101,1197.60503047705,1.74995395541191,6.44959986209869,0,2884.13461998105,0,1.00430166721344,3.1695177257061,2205.40365004539,30.6796699166298,4.94567212462425,0,10.715158700943,0.412559926509857,95.9701360166073,11.8518224358559
321.520871460438,48.540556371212,3046.03718584776,5.62180855870247,175.175041437149,132.838211268187,4709.34181308746,828.212860614061,174.186796605587,129.285613596439,40.657804787159,19.4715120494366,151.723590582609,972.949257820845,218.437063694,11302.007620275,3207.73560982943,37.2325848340988,316.851100862026,13.6742416620255,0,1410.46039414406,32698.2820440829,242.012628495693,47.8501461744308,1366.78423678875,4039.0118149519,32548.4629384279,921.69454151392,27971.2163251042,0,45.2747052907944,603.326181709766,18766.0524984002,6046.61341398954,31785.341059655,2963.04553246498,9369.60439580679,6140.8502445519,528.9010823071,102.022704511881,0.552542328834534,818.185173302889,71.6140949130058,280.324821531773,257.773014366627,107.482834935188,17.8886587619781,0,34.5645209550858,14.4621166586876,155.503107458353,3.58945614099503,14.6720235347748,4.39069011807442,182.472361326218,82.548081278801,55.6294521093369,15.8724472224712,14.7054291665554,3.42802268266678,0,153.10253661871,9.23058348894119,2223.30138522387,60.2966183423996,2.43615174293518,10.7278671264648,0.39215213060379,2145.56909671426,626.094579994678,1755.8025457561,2354.20081573725,0,30.1317442059517,987.684068650007,1521.24105003476,649.902935773134,973.978110224009,0,22.6802253723145,296.294355422258,348.221526741982,1136.14133194089
0,3340.90056756139,59.4484469294548,2.28647458553314,16.7066760957241,2.8080327808857,3.7186666727066,1.18911761045456,8086.98551094532,0.421364784240723,110.260332077742,5.25376790761948,1720.53333505988,2.10234904289246,44.8362030982971,16231.0084601045,50.1753289699554,0,2.79918760061264,1.31206196546555,1410.46039414406,0,2048.00700515509,14852.785967648,1900.34049645066,79.2107064723969,11091.0091874897,1871.29170650244,1.96190905570984,2.32616233825684,8.33057653903961,2.08684635162354,0.976994097232819,25.5799408555031,35.4277283549309,215.449506223202,77.5122842490673,80.318453669548,35.4255153536797,67.7889653742313,0,167.952066838741,526.586265832186,60.0177268981934,136.898738801479,191.801965504885,37.1001542806625,1.00620758533478,39.4608544111252,3.08864963054657,176.205472141504,71.9083629250526,31.7644554972649,0.779195725917816,0,37.048753619194,6.36039391160011,110.441081047058,17.3775933682919,84.4593284130096,6.36436724662781,225.677718490362,9.14349383115768,9.65513122081757,3966.9454036653,20.6350215673447,4.17105066776276,6.75605773925781,5.01106822490692,397.9160631001,2035.21746835113,1617.39952686429,1071.09712284803,31.8269676566124,42.4888471961021,3685.32690304518,337.68149459362,70.4397059679031,112.747941613197,35.2583362460136,0,37.2541747689247,109.77868488431,105.990314424038
779.963514775038,57.4912008047104,52346.3711127937,5.25244274735451,133.693619668484,155.637930899858,3417.84305199981,1504.00124654174,119.001301109791,178.204525738955,161.27948024869,53.7568891346455,127.429546535015,2111.04775974154,172.279147386551,11299.4683252275,16450.1767483056,121.892229378223,836.228940248489,37.541392147541,32698.2820440829,2048.00700515509,0,963.357822388411,14.1363541483879,5562.13600155711,49693.2762872577,14352.6737163067,2477.31554892659,5703.98675230145,1.35821601748466,65.5573148131371,402.930188447237,22231.0995640755,9416.99543583393,53970.8545160592,20161.8925341964,28050.6089170277,20773.9159778059,582.966915249825,71.5779096186161,0.707018554210663,3289.74427962303,371.603567183018,1043.2024987042,1677.63893964887,113.033646851778,17.1952443122864,4.28122454881668,25.6331349909306,204.754417359829,3446.4439817965,3.67247778177261,75.8635841906071,7.00860190391541,245.707997113466,36.5738640129566,38.9540824592113,9.08137238025665,11.9856361150742,12.1004848480225,0.714958429336548,47.4854162633419,27.8463560640812,13705.1929184794,347.133880645037,12.4888469874859,52.7822309136391,1.33448892831802,2698.07735908031,1692.30092170835,16326.2760010362,1385.82581201196,2.61529672145844,174.859602123499,18096.4738945663,1064.33084726334,188.732522517443,772.547263681889,0,0.485877156257629,124.460476458073,909.555576533079,3658.11569491029
15.1476235985756,2236.45630535483,157.746720999479,4328.39444962144,373.537827134132,253.138122946024,4347.16298362613,632.021275952458,44047.5793282986,655.709990918636,83.9973567128181,951.778961896896,772.201010137796,240.410470813513,1530.53504124284,5703.81406888366,92.1393629610538,36.3036949038506,52.3541840314865,851.700083643198,242.012628495693,14852.785967648,963.357822388411,0,1191.49381902814,407.459071785212,7420.26991266012,20262.8800796568,719.761746108532,286.027457624674,9.6281718313694,171.049947440624,226.084279417992,469.613841950893,414.340046912432,3479.59558737278,338.533940494061,702.321970760822,310.262992560863,2206.82417547703,54.3980750143528,41.9419507682323,2669.65990301967,71.5838349163532,1664.5107653141,430.68974596262,1482.32406041026,137.851734489202,17.9767159223557,55.4730081558228,89.2776217162609,155.902384161949,4662.98411384225,118.297738403082,82.3786035776138,2803.45909878612,1169.04630088806,3623.19870039821,2939.21664896607,344.03705188632,1412.78587445617,57.8744411468506,755.35557718575,216.468009591103,1977.62685158849,23.7764427065849,10.2478918731213,3.53615590929985,1183.57598492503,1119.75434863567,889.384271115065,970.049751281738,28959.4576455355,16.7852385342121,69.4102049767971,1881.53332003951,14345.2035717368,1307.32090654969,774.795169234276,7.81177061796188,232.616824239492,194.385411053896,1006.04204168916,448.570744007826
4.05625793337822,1555.15987342596,2.90554502606392,29.7745003402233,15.2249352931976,149.169288665056,157.359552443027,548.94534316659,2400.00122958422,104.282349854708,1058.57639199495,234.476918160915,6309.59356030822,74.0346572995186,36.3807218074799,86.7994506061077,19.6240706145763,11.0265052914619,15.5128355026245,92.683525711298,47.8501461744308,1900.34049645066,14.1363541483879,1191.49381902814,0,197.453295588493,13788.2496940196,520.081865996122,136.610726803541,190.144484072924,678.094754219055,229.168354213238,12.3988968729973,122.880108475685,12.6407990455627,878.724795669317,321.533030301332,186.70523878932,164.881803631783,3439.8409511447,82.2981793284416,405.370331525803,423.426409006119,344.138434827328,290.487569153309,96.9335412979126,2035.74365052581,36.4527777433395,317.388991594315,2.17426425218582,75.2434313297272,1.52485048770905,31.167661100626,33.9789227843285,22.4623490869999,152.189760178328,188.768307447433,70.5917246341705,71.1923761069775,1471.23715183139,70.5032337903976,2673.58832597733,97.3227998912334,37.4139507710934,16.2506322264671,3.8640261888504,26.92945510149,1.10806065797806,28.5555230379105,9.54874631762505,19.3846568465233,10.4275266826153,188.481416553259,1832.49001264572,409.312347948551,2118.40125346184,306.192013323307,58.914072573185,37.665643632412,161.618257910013,132.934580862522,0.85560017824173,99.1905311942101,38.6862442493439
247.709043323994,468.925705432892,23224.6347180307,15.0826724469662,10.6728204190731,213.844489127398,1975.4631575346,873.077485918999,82.6855694949627,697.276045411825,9700.36966541409,408.140515804291,446.54475364089,1014.82066580653,24.3335773646832,336.81251719594,22895.0637816191,4555.20149356127,8757.13122341037,191.531559824944,1366.78423678875,79.2107064723969,5562.13600155711,407.459071785212,197.453295588493,0,65191.4952277839,1578.54554387927,1076.35462754965,669.249642699957,1460.2892999351,469.754315972328,42.1376039087772,6751.14249613881,1155.82169529796,15160.1776561737,35820.6379672587,12442.6931433976,8602.01610973477,79.2157003581524,14.9543875157833,147.350102305412,1323.52124723792,1068.39860856533,611.683373659849,828.422211527824,20.1774284541607,2.71854424476624,36.8152486681938,4.73659688234329,1413.18511915207,774.740911126137,0,11.9779612421989,3.70267236232758,50.4688094854355,9.03996887803078,156.570565551519,1.12154716253281,650.425883561373,5.81149902939796,3732.9330008924,29.2588061392307,10.3291285037994,166.31183463335,1069.66059082747,387.058508455753,301.696209877729,3.70083218812943,33.0404835939407,106.833483844995,238.806972116232,113.28109177947,577.63583996892,14024.7690979242,43861.7170323133,37.1870409548283,27.5683314800262,31.3715063035488,1897.87956643105,10.2753094434738,0,635.357569158077,624.90130880475
99.3321834504604,21007.3710544407,40496.7560634911,5.32013544440269,49.0170815587044,64.5616274178028,745.578073740005,270.2782574296,6737.91354656219,250.34829801321,676.790227264166,173.664035081863,6597.32251128554,367.861171066761,112.263315588236,7469.84296053648,18375.1963430047,541.57930970192,1654.47660046816,80.7415953576565,4039.0118149519,11091.0091874897,49693.2762872577,7420.26991266012,13788.2496940196,65191.4952277839,0,8700.7457729578,433.652770727873,540.561011314392,1350.25912961364,98.1289700567722,44.3935920000076,8275.99056863785,3959.16216364503,41110.5143799782,21362.3933311105,19542.0444712937,14276.0618955195,272.331855535507,14.5307139754295,49.4223151504993,11058.7189996243,2735.83977073431,3102.46360391378,4931.17822450399,116.689448595047,18.4788306951523,194.758122235537,43.0482521951199,13458.0052306056,9946.23727712035,15.7813174426556,61.6038457155228,7.44797736406326,693.779906749725,79.8898615092039,350.324094414711,16.4570865929127,1021.22101357579,12.4812660217285,5882.9635271728,205.59914149344,87.7164298295975,4544.4097302556,3634.16805207729,695.906536966562,759.711919009686,2.01208266615868,818.497893810272,3938.03276050091,9380.68893057108,1251.07029372454,3547.79998520017,22682.8553915024,160611.421554208,649.604061573744,83.3757567703724,724.312194764614,1960.85783335567,26.0551662445068,9.50018489360809,2929.2455329597,3025.15187600255
56.0727387070656,200.217599481344,4620.35645624995,14543.4314719141,199.908012717962,1767.0131829679,80032.1068468392,2117.74279266596,7040.2834393084,9769.42791202664,163.974343836308,249.392709821463,875.022578954697,926.280990928411,754.872711479664,3388.15150299668,1991.98059561849,117.619173333049,270.494172185659,3883.18936225772,32548.4629384279,1871.29170650244,14352.6737163067,20262.8800796568,520.081865996122,1578.54554387927,8700.7457729578,0,2831.99980193377,26408.9187451601,9.32583114504814,393.679038748145,1289.03858810663,3436.9585903883,3873.3324020505,21517.6538538635,1801.44310468435,4745.66924801469,2431.77649345994,1460.94783321023,281.053023308516,9.24981072545052,4954.41605764627,127.328085958958,2806.03537681699,865.840086936951,2930.93853887916,219.585316747427,30.5818398594856,123.945947945118,57.9111055135727,306.762590259314,5000.6691493988,179.706731468439,99.4245182275772,4574.62289592624,2002.07458354533,1871.22684887052,3653.47509026527,581.997071385384,2171.50254833698,1.65257185697556,1387.8481541574,293.683775097132,2476.86079493165,48.2625243365765,1.39795213937759,6.78943186998367,1690.93915739655,1849.97357600927,721.627395182848,1885.7106796205,27109.3951203525,1.56640368700027,38.5816625058651,2468.98832330108,16439.7109071314,2540.2274748385,2110.94425463676,1.97950148582458,305.129600346088,411.120394289494,1802.11564466357,883.84890511632
13305.0972872674,3.60107129812241,132.359989136457,226.670471489429,32.2301765978336,991.525849550962,8910.05104875565,8861.5370554924,129.372625946999,3411.49525147676,1050.45061171055,1137.99961331487,677.983786016703,24186.7599087358,117.755433440208,7.40979588031769,3433.78376799822,619.552444964647,859.627328008413,811.897732824087,921.69454151392,1.96190905570984,2477.31554892659,719.761746108532,136.610726803541,1076.35462754965,433.652770727873,2831.99980193377,0,26232.9184536338,42.6228353381157,1407.46313166618,6244.32019290328,9730.55742937326,689.983350992203,4430.33877497911,330.191582411528,2491.33018359542,629.890938609838,278.492851436138,193.52435156703,12.9984561800957,393.805918335915,9.61844596266747,117.580804169178,42.1075851917267,183.177361637354,9.50260722637177,6.67149472236633,12.8966815471649,7.40103089809418,4.54705518484116,51.4701462388039,3.86493903398514,4.95566236972809,302.984291732311,32.1779285371304,41.9878090023994,21.8478435575962,91.6392612457275,69.756089001894,7.73108077049255,52.4796365499496,6.40767168998718,91.6731282770634,3.272042542696,0,0.596184015274048,31.4505704045296,162.680098444223,7.00546479225159,34.7680144906044,1231.21571430564,0.655182123184204,8.19614803791046,50.0964113771915,1208.06415003538,138.437780916691,177.094992190599,2.04257273674011,7.28683066368103,33.1491646170616,92.9481714069843,86.7336652576923
8110.60555443168,5.37960311770439,730.56667214632,15.3786344230175,115.530207157135,512.627575188875,18881.0223509669,5720.54987034202,19.7913994789124,465.19550973177,127.267270982265,193.547755599022,550.713847219944,10970.0839882493,498.176886707544,24.7632169723511,3213.89320886135,128.219531685114,302.350046813488,105.479975283146,27971.2163251042,2.32616233825684,5703.98675230145,286.027457624674,190.144484072924,669.249642699957,540.561011314392,26408.9187451601,26232.9184536338,0,5.94269007444382,253.620867908001,11374.1265402436,12498.4695482254,4307.16448611021,15763.9243867397,783.209974259138,6807.2554666996,1941.97829034925,936.180961579084,287.838809758425,4.83848351240158,785.448477745056,16.1592682600021,302.19387614727,123.618783205748,299.150142401457,29.8500728309155,4.6123720407486,16.6031551063061,11.0409449934959,25.3471529781818,8.96841841936111,20.1006132364273,5.99835607409477,417.536999791861,140.690374702215,22.1307919621468,21.3215534090996,77.9913079440594,15.0880464017391,0,134.964693933725,13.5255592465401,228.738012760878,12.5276129543781,0,1.11760976910591,11.9671800434589,379.359757184982,25.6643511652946,92.979974925518,1397.72890341282,0,3.39967578649521,120.573282033205,1477.01943233609,403.855727255344,409.9715282619,0,30.2003447711468,81.6302043795586,204.463225275278,571.987367272377
