0,0.00015811189359498,0.04138169787999,0.00139864744725906,0,0.00181774085141156,0.459310896366893,0.0581214935457593,0.000427245617062569,0.0154815216113673,0.00271235753314587,0.00178865767856327,0.000151172509998894,0.573125113309624,0.000197324371702289,0.000268570963427829,0.141231817572676,0.00321970534811738,0.0194870811225402,0.00146390535370307,0.0368146022956981,0,0.159579986973266,0.0079856424108055,0,0.0728389256920885,0.0375822773798056,0.0181306099970461,1.23286633022297,0.876694845461133,0.000257841804845381,0.000176874835077047,0.00483859659478607,0.0492641426950665,0.000929016587878535,0.00589836389770456,0.000694715031027412,0.0236371126164673,0.00555393686515315,0.000173810004574644,0.000809105981602787,0.000434854414191115,0.000494781589217079,5.193699820894e-05,0.000193445941332078,0,0.000137572725398648,0,4.78886068635225e-05,0,0.000287022275906014,0.000593237383810818,0,0,0.000148081923171591,0.000332379457092821,0.00011131914207412,0.00133945268189378,0.000150898529221892,0,6.57737234158993e-05,0,4.54797247367382e-05,0,0.000422601267985213,0.000101555273332965,0,2.33715251101851e-05,6.2719350754297e-05,0.00080960703855033,0.000531856028622365,0.000585020251701975,0.00199347234961831,0,0.000322783836878336,0.00250852579839379,0.00349124257644019,2.45890705257535e-05,8.88126507272246e-05,0,0,0,0.000255963133415675,0.000251708803192305
0.00015811189359498,0,0.011972873440595,0.000235269736792731,0.000563306697287702,4.17280595141887e-05,0.000248885182513237,0.000135760848619377,0.156177869147251,0.000298707685898173,0.000713690783159528,0.000282702879964209,0.0223759857867209,0.00061578924863372,0.00614336773593784,0.0139747217679497,0.0049939369774194,7.9580835167885e-05,0.00219480039303401,9.99738298559667e-05,0.00533040547773757,0.290757853903489,0.0052874939752589,0.263824846292132,0.246336203861726,0.0665077524613277,2.30862554083429,0.00292761733075762,0.000431376870770741,0.000154388733772468,0.00215794433019439,7.60667222716333e-05,0.000148319991979694,0.00389718936115731,0.00105556400366154,0.0184191388503768,0.0102999948819994,0.00640019099104517,0.00728172619049089,0.00132007790178002,8.90255950764657e-05,0.000311435048481226,0.0279322474701769,0.00521181977000147,0.00842569482059082,0.00282675424743841,0.0019149836097323,0.000581200427364648,0,0.000391460341883123,0.0495749873920242,0.024055105890566,0.000116733265157199,5.32437173216581e-05,0.000185184747098195,0.0014496786224626,0.000365802741931474,0.00505188242824362,0.000269190908259761,0.000782516056902066,0.000353868688074684,0.00181220440638953,0.000773639392180397,0.000266676777397525,0.00197324834521269,0.0110920491838482,0.000790010312285665,0.0071039667576128,7.11483704393267e-05,0.00146574451427471,0.00539615691185005,0.00597647313335377,0.014649270671669,0.00692687498186274,0.0355410436994587,0.413553404270464,0.00106020314762794,0.000489368607155859,0.000818118308878529,0.00196675161399579,0,0.00012667773403244,0.00607850239046392,0.00183832243338674
0.04138169787999,0.011972873440595,0,0.00140111346289613,3.82073568961859e-05,0.00728893567575594,0.377661057273696,0.0982408020022022,0.00201609822701645,0.0119355679103805,0.00206195144135792,0.00337373218565328,2.7568507538259e-05,0.155367993333034,0.00167767948590869,0.00161383703081779,2.05913763198883,0.00312284133213122,0.116960705264262,0.00194028588668567,0.306444060360334,0.00500161344282186,2.50362089787587,0.0147238726643626,0.000224608255641675,2.31989919420567,1.08906796499473,0.0509918609949985,0.0855111498736226,0.0473991746723283,5.74833369710684e-05,0.000693688521608779,0.0061524408487264,0.154955826039628,0.0423528186946343,0.456444925223779,0.0840723702937952,0.202234303690705,0.254633923133904,0.00152733193837731,0.00315147250098295,0.00229933105577385,0.0979924963635554,0.0163654819731055,0.0261386510588965,0.00946454508110736,0.00912502825389509,0.00313831645117589,0.000642751783821212,0.00128665628726551,0.0352120072770745,0.242878300486154,0.000171792895874787,3.73685794561386e-05,0.000475931593078459,0.0139268524870294,0.00376331873521141,0.00372571728656363,0.00095407002316574,0.000639113750090217,0.000175635482041442,7.46688312998893e-05,0.00682821737291951,5.82401842797041e-05,0.00637336338581341,0.0538853743252247,0.00112333741275811,0.0111188159010034,0.000229001828993332,0.00612867222419963,0.00640591000689074,0.0513053362271947,0.0116415316284151,0.000280663069874382,0.062074324527464,0.751929136125154,0.0167955228043479,0.00259201514991276,0.00447189722762091,0.000164470542851901,9.23615034350875e-05,0.000137947790089739,0.0287717326221645,0.0215978865393572
0.00139864744725906,0.000235269736792731,0.00140111346289613,0,0.00980204327764678,0.00513864594839909,0.015184828404141,0.0118637133133439,0.33780779882475,1.27767956983695,0.00185273101200992,0.0404295427369252,0.000226283739100063,0.00809233591069998,0.0847485044266931,0.000100505743844104,0.000403049973804414,0.000967899235577081,0.00193870138827374,0.895327631048534,0.00101003762523326,0.000541695188322794,0.00260989558516197,0.376026788006562,0.000148310713622165,0.00675158274044203,0.00475733388790258,1.11133356488171,0.0268709788773619,0.00155953679318794,0.000219851341003299,0.00192151041777259,0.00380803441486116,0.0109587617153104,0.00947788091053843,0.0845572434140179,0.000801711634313002,0.0184833866832451,0.00638344939634414,0.0406683825919231,0.00692505867652677,0.00728205835422521,0.0163238715212602,0.000858006900129798,0.0102514798266625,0.00126378611580517,0.0174544063478948,0.00515343066130688,0.00522762388795583,0.000135524411673999,0.000681548389680359,7.13090768664478e-05,0.152203314110252,0.000119950192225146,0.0119826714099558,0.0261958640615986,0.0235799215477584,0.10577633912445,0.150428487395009,0.000536853612792826,0.0808234284015431,0,0.00816616037849771,0.00467462971326869,0,0,0.000198076601810109,0,0.218365790690192,3.06127611857772e-05,0.000708973115643837,0.000272012054588056,0.109906551312264,0.000306327821816981,0.000703009604271557,0.00109197007898143,0.250463654694222,0.00616885589872204,0.000159974213430524,0,0.000565297520360386,2.68808211725831e-05,0.00322707969730494,0.00129757932798931
0,0.000563306697287702,3.82073568961859e-05,0.00980204327764678,0,0.129596992365259,0.00155018446520747,0.00629184222923702,0.0295063645886716,0.00356111109580963,0,0.0418666774137793,2.54720291380644e-05,0.000133309843921566,0.235815468764379,0.000263086421164202,0,6.74373955581191e-05,2.91971010421515e-05,0.00612450530394299,0.00119945240593204,0.000840502540557335,0.0017964234861605,0.0195147303495912,0.000210429950980639,0.000104554076581657,0.00187392655165739,0.00908747382523806,0.000158699787251079,0.000399929757038677,0,0.00596425349619433,0,0.000652653060531904,0.00622330063587302,0.00745572982262895,0.000292368705074239,0.00043619764234035,0.000502617649328732,0.678112903812917,0.186299965999397,0.00245350909610536,0.000174925211501527,0.000512650356006789,9.28061869430778e-05,8.74645453047753e-05,0.000160412904284382,0,0.000651619078610565,0.000121763136766446,5.62790149549008e-05,0.000126897194843602,0.000659521319821574,0,0.000159919528630066,0.000165237547636032,3.04718037774563e-05,0.000240189870670414,0.000533776296983814,0,0.0015299162265162,0,0.000147621243379617,0.000103498470189857,0.000320944789859438,0,0,4.03640530455351e-05,0.00108695404981716,0.000208111779175949,0.000147430705549526,0.00154026635705073,0.000630501540536091,0,3.54843402793169e-05,0.000307423519651008,0.00146470249208697,0.000245406461441088,0.000244330607863641,0,0,0,4.69763644654751e-05,0.0356799765687014
0.00181774085141156,4.17280595141887e-05,0.00728893567575594,0.00513864594839909,0.129596992365259,0,0.438558708428712,0.741378070066058,0.0056727488193922,0.907756320006934,0.0198076884098551,0.782969373299027,0.00236990618818616,0.0763409990220129,0.104609312755745,0.000175155496452641,0.00433829115574332,0.0146864709641371,0.0158791884317661,0.0721128397531202,0.0068578826866957,0,0.0173964322790335,0.01749609985441,0.000103750762394047,0.0491511288919419,0.0148993774105735,0.0698535520509055,0.0704572315100013,0.0181306732010491,0.00221595794929087,0.0303549380420421,0.00121116543304879,0.052723062904265,0.555938015443993,0.140425125656332,0.00466738351933407,0.0356531245954186,0.0113763577050114,0.36706227429764,0.0991176202777193,0.0365290272787321,0.00937229001321701,0.00189274130249157,0.0030566726356653,0.00101896115426848,0.00489741177716021,0.00268336036367557,0.00254378515223923,7.69144044440747e-05,0.000196224199524116,0.000189837874534738,0.00603131344245387,0,0.00192353749347239,0.0101746408999903,0.00705075134239517,0.00172008496076032,0.0134445637941394,0.000233302985068846,0.00461079894128924,0,0.00372869711002175,0.000428244287745619,4.95741067722321e-05,5.58022436411619e-05,7.25875176846029e-05,0.000121987621370482,0.0189800709895998,3.45186145420313e-05,0.000131450798800445,0.00094620093202802,0.0100853039140044,7.31225635304928e-05,0.000148938174912703,0.00113131589913769,0.0272281822558506,0.00170037535391736,9.51049448926925e-05,0,0,0,0.000635106527106534,0.0437261924362739
0.459310896366893,0.000248885182513237,0.377661057273696,0.015184828404141,0.00155018446520747,0.438558708428712,0,0.774841852622143,0.0135679201582266,1.81550172092734,0.0179396846682397,0.033965544585544,0.00148125767531785,2.04566545307925,0.0322497784859287,0.00135901892291149,0.084128058671513,0.0134332738608586,0.0321944033342788,0.0154397490593265,0.777421636048861,0.000167535778114867,0.800486993658126,0.0773976135716434,7.14912209514617e-05,0.176162037747887,0.0840541708568561,3.23356509519218,0.423611475754571,1.22787152800299,0.00204345742938754,0.0116176439365173,0.0449219857169698,0.109073744228804,0.109288667457018,0.454420611621059,0.0220122875140057,0.175010603973113,0.0922714317427451,0.0419237020672888,0.0363806700689271,0.0155296530599168,0.0443299535617655,0.00196040843721506,0.0220630611552641,0.00278537349629704,0.0245800370282182,0.0127907105342883,0.00678648181159871,0.000267561798274064,0.000873482500857854,0.0123503796016165,0.0149901806682569,0.000135945622732306,0.0113936516879917,0.0484305712771436,0.0410865517134244,0.00807874616452801,0.0443722889764098,0.000405578423300517,0.0196022133307323,0,0.016246559812272,0.00139922562849313,0.00205016059398625,0.00190146915635109,0,0.000385328962935293,0.0561019324227098,0.000676176601621818,0.00200191838756196,0.00589611120187336,0.0529762259791945,6.32978085442302e-05,0.00287947279891806,0.0470525883245886,0.126445864879616,0.00848707953107947,0.000804423282835674,0,0.00084168877105837,2.90652956181526e-05,0.00637619619327523,0.0117550640085757
0.0581214935457593,0.000135760848619377,0.0982408020022022,0.0118637133133439,0.00629184222923702,0.741378070066058,0.774841852622143,0,0.00276025114182432,1.15151316612002,0.0362353209022667,0.325546857520139,0.00253331939205127,1.43583882076033,0.016052954812859,6.2603873115015e-05,0.143490174408928,0.0254516384931854,0.048322845545322,0.0664750704240322,0.0677821601490753,0.000120036437360573,0.243138007245442,0.0402211687131972,0.000105528185075044,0.165904812464074,0.0646783975586616,0.112120646588241,0.321731051355393,0.469014536606181,0.00465868933569263,0.0416761211936399,0.00474276504241127,0.144519234869471,0.0122316544089947,0.237416795948377,0.0103658775775816,0.0710170876418008,0.0211340515050915,0.0644798839601312,0.0108447336682942,0.0876081782939731,0.0167373802003309,0.00195404852788906,0.00415058573201704,0.000465943479659211,0.00923112390595405,0.00339578307594595,0.00332415781514566,0.000363580132081151,0.000320086640688717,0.00146174116856755,0.0064127825885104,0,0.00270550550274014,0.0160547423234186,0.00791226620892143,0.00575677136511485,0.0121654211339882,0,0.00465517666967803,0.000112568506065559,0.00250816065491524,0.000353256484975338,0.000406097399602592,0.000171730661648798,0,5.26092835267544e-05,0.0203509560435162,0.000511516171120822,0.000400831303501475,0.000827460878649582,0.0212821302029991,6.07167951197624e-05,0.000654576050496056,0.00569589024270085,0.05008660431739,0.000903778054303657,0.000304263777375234,0,0,2.54931426212072e-05,0.00110989421188803,0.00168105384652083
0.000427245617062569,0.156177869147251,0.00201609822701645,0.33780779882475,0.0295063645886716,0.0056727488193922,0.0135679201582266,0.00276025114182432,0,0.0862886257622465,0.00122610931392727,0.248271669605045,0.0149531094284747,0.00167871307039544,0.217217050110705,0.0229227275187589,0.000515978313842308,0.000463577203618336,0.00044742095679431,0.134820518202693,0.0210476361669324,0.404434332245914,0.00961920262534432,1.54313929404805,0.0959916387233938,0.00933306704063898,0.44804177907022,0.451881411321757,0.00850883331979266,0.00141002817327926,0.00144320876478301,0.000530340242436934,0.00146211887610703,0.00351140518910788,0.00523161441136116,0.0224285635978245,0.00275663401095445,0.00773801716001423,0.00334031750518172,0.115766449932682,0.00231805198091163,0.00203424720350025,0.0547988183456636,0.00243778322148144,0.0152331429564794,0.00230352940266626,0.0278890138442236,0.00919594098592122,0.00366227283381675,0.00250257483459897,0.00350729470089866,0.00167530306338129,0.0449811532644765,0.000779875411807081,0.00963693859587081,0.0508744865085231,0.0342509267276913,0.21053845117418,0.0502567492114003,0.00136925970216006,0.0296713356225388,0.00152272978329932,0.019950767897224,0.0072863942409549,0.0697767598823202,0.000415617007248473,0.00116865956109399,0.00101197014630135,0.0341710617084835,0.0232169366829353,0.0601225447338142,0.0266967708026779,0.253725223795543,0.00221055234449458,0.00793579035074197,0.0216471750701528,0.272423278957846,0.0146661611596494,0.01664746372176,0.000813613107691684,0.00110477794862369,0.000659589847066997,0.00421910133462466,0.00328112633137963
0.0154815216113673,0.000298707685898173,0.0119355679103805,1.27767956983695,0.00356111109580963,0.907756320006934,1.81550172092734,1.15151316612002,0.0862886257622465,0,0.0688682944790818,0.29004437411963,0.00597889369676052,0.455362510506904,0.0245436550205841,0.000411343611154222,0.00783687802835714,0.0523818288812784,0.0762812811979413,1.16410922132596,0.007854046636295,4.94871876463652e-05,0.0268832841461057,0.0473678003019449,9.17900657684088e-05,0.193845428912011,0.0792358367342964,0.583940114638723,0.424672591898257,0.020776078451498,0.00893548604138422,0.0289291737286052,0.014157908845844,0.201423097007273,0.0517204399595874,0.471149104601757,0.0103665578775249,0.218869256523523,0.0426352220352982,0.0739109846355912,0.0605202410531996,0.0475151452861668,0.0237730802189802,0.00209152336533372,0.0126743023724493,0.00163775675740792,0.0252306962492039,0.00963568382347241,0.00797963630799927,5.90370021518469e-05,0.000605128329751861,0.000295335420517182,0.153023148565457,0.0002079748528898,0.0189739995793177,0.036647432659227,0.0324229012803266,0.0798748844388181,0.215677247640395,0.000117206607910872,0.0852598151406198,2.12289259837151e-05,0.0112637418291394,0.00565602318983974,0.000175620353886449,2.81927911836505e-05,0,1.99304211294889e-05,0.277831180823447,0.000275374733920228,0.000944591439193428,0.000548798377236831,0.129667618902263,0.000420791438818204,0.000102049835796535,0.00115440425302514,0.306213497723327,0.00535584997033685,5.45038010577917e-05,0,0.000315507214473129,6.34773390847924e-05,0.00522727586529967,0.0050944529666508
0.00271235753314587,0.000713690783159528,0.00206195144135792,0.00185273101200992,0,0.0198076884098551,0.0179396846682397,0.0362353209022667,0.00122610931392727,0.0688682944790818,0,0.0535175828334737,0.583630497754546,0.0487712432241541,0.00124526813504976,0.000111105833257222,0.0128975965536913,1.05700512184167,0.362486463136005,0.0146625883802809,0.00124469175234452,0.000361155817771077,0.00601167598372346,0.013993907416822,0.0364275821204188,0.649069009576217,0.0456051543631853,0.0143913597370161,0.0634979315531781,0.00577120414512303,0.211262466487227,0.00787499712730403,0.000312721090006792,0.930206097344892,0.00286469327372202,0.0806946664454802,0.106344756546559,0.209167832157843,0.034838807704345,0.00840339301721024,0.000997925529841959,0.140777313359136,0.0024466862945405,0.00277631590360354,0.0125079183487593,0.000490881012400114,0.000715578895949888,0.000456677460916519,0.00419724858653248,0,0.0128907873839494,0.000209803161849046,0.000720826235702907,0,0.000253882422362494,0.00140921490857518,0.000984937759696996,0.0101321047680625,0.000592735086940646,0.0259616727333199,0.00109659169919638,0.269419293173217,0.000301456691439903,0.000287268113919139,0.000235359183382749,3.58787199247122e-05,0.00166692496660442,0.00093853680358101,0.00575387418424001,0,0.00573123972811572,0.000262009481509769,0.00547730970884137,0.0453295075880421,0.0337103679531848,0.0785760766075744,0.00495343747976779,0.000188713305001521,0,0.0998564578529997,0.000141442963488317,0,0.00930245486736336,0.00155494892377689
0.00178865767856327,0.000282702879964209,0.00337373218565328,0.0404295427369252,0.0418666774137793,0.782969373299027,0.033965544585544,0.325546857520139,0.248271669605045,0.29004437411963,0.0535175828334737,0,0.00564896527183795,0.101194474825366,0.33625120856209,0.000136507712444615,0.00287638457197305,0.0368156756108224,0.0452641333669652,0.890984701435638,0.00167172822358006,0.000651272817853321,0.00947438266938447,0.0523607001362813,0.000246747321466303,0.116468137986387,0.0361294244931373,0.0354625609485639,0.112595936000297,0.00501856804597447,0.00637953687268033,0.0174437957768314,0.000343157692435706,0.105268927564268,0.172467329940059,0.0878284163388229,0.00599753875035489,0.0761049636009442,0.0144121166462491,0.199247690392458,0.0150148079584362,0.0618705028000043,0.0193533919465424,0.00414742483773043,0.00622112968519215,0.0015484975239116,0.0208458320811383,0.00516662278059147,0.0115992240451804,0.000291361708411455,0,0.000105564999971354,0.053987582013978,0.000528813815261126,0.00610138777982254,0.0154806692167562,0.0106024457496317,0.0232473805637284,0.0437141122528648,0.000484206289099097,0.0560688516001062,0,0.0061499002197835,0.00559438163954289,5.0675718506074e-05,0,0.000270165624809742,0,0.0659201067805975,0.000152915756968975,0.000309320910798895,0.000535760876487446,0.0195065760615964,2.5608012203896e-05,0.000372680490200686,0.000299788931399143,0.0721492042617286,0.0032637016894917,0.000185399718913245,9.20281382395028e-05,0.000207410206409406,0,0.00269442356327554,0.157857012932336
0.000151172509998894,0.0223759857867209,2.7568507538259e-05,0.000226283739100063,2.54720291380644e-05,0.00236990618818616,0.00148125767531785,0.00253331939205127,0.0149531094284747,0.00597889369676052,0.583630497754546,0.00564896527183795,0,0.00266372123278953,0.000105447723803234,0.00183297215990892,3.57186215541839e-05,0.00204470070915006,0.000534408869979024,0.00126049050951079,0.000502014317994857,0.0131080485558809,0.000603947225607467,0.011640670851048,0.379189514065488,0.116822801554612,0.213460049008403,0.00123997352439112,0.00181018735996053,0.000390799305612278,0.322296922387589,0.000771653124037672,0,0.112842683797952,0.000470652136215758,0.0114596066543967,0.037323965717543,0.0688609648019071,0.00530340485110122,0.00142016604810696,0.000225559626115179,0.0864550047218508,0.0031995139040434,0.0049196923040545,0.0126346023922946,0.00102800209133951,0.000229896194161248,0.000325465630188596,0.00441209003388231,0,0.0173673025761197,0.000100050173925305,0,0,0.000160549519216251,0.000180993662086475,0.000500478768138659,0.00974164208587673,7.69212597327115e-05,0.0417001290243336,0.000203964708670378,0.378426536817461,0.000325453060633183,0.000347328753704262,0.000275791023749423,0.000148956766426182,0.00192395477047779,0.00319453357439451,0.000357157664354408,0,0.00951568066988432,0.000220165742891765,0.00408464563186314,0.154210089998199,0.0836046983784721,0.221663234319144,0.000198196004344809,0.000255338814971864,6.19727872943638e-05,0.154709875321749,0.000226871116274357,0,0.00916549993662062,9.69221439986468e-05
0.573125113309624,0.00061578924863372,0.155367993333034,0.00809233591069998,0.000133309843921566,0.0763409990220129,2.04566545307925,1.43583882076033,0.00167871307039544,0.455362510506904,0.0487712432241541,0.101194474825366,0.00266372123278953,0,0.00564517546754765,0.00030178745408001,0.261543670172529,0.036311218176382,0.0775093239688312,0.0281064948359395,0.120013122546813,0.000417211939691758,0.457280701221392,0.0268478015054545,7.86866513180493e-05,0.2654308688461,0.108365637686296,0.0970021208627218,1.57880330453047,1.33697638706641,0.00459331038935671,0.0251456253553072,0.00807824833284447,0.236330970495552,0.010089649080923,0.11350493526074,0.00695235730034403,0.0651225061637961,0.0224289102853203,0.0201165508185105,0.00548926997323401,0.0249271205171675,0.00830518435732864,0.000832248599046669,0.00161735123712032,0.000231592016380072,0.003411388974777,0.00172608494087621,0.00083646011256212,9.08082668243168e-05,0.000503776039262688,0.00336939794726982,0.00306049471091092,0,0.00101232312681655,0.00580859032159045,0.00424492459886246,0.00377757859088423,0.00596507909052788,6.54211824596884e-05,0.00208583516806736,0,0.00115889853300276,0.000148667336982429,0.00129710806215183,0.000462315088753402,2.95922718937158e-05,4.87408696068644e-05,0.00849639927675038,0.00100562949881628,0.000900409739459027,0.00143501327912258,0.00981851769740907,0,0.00118088796562364,0.0111906010422261,0.0233588986208942,0.00045003042616843,0.000555763163679135,0,0,8.60922275083543e-05,0.000682370548127867,0.000979497305199349
0.000197324371702289,0.00614336773593784,0.00167767948590869,0.0847485044266931,0.235815468764379,0.104609312755745,0.0322497784859287,0.016052954812859,0.217217050110705,0.0245436550205841,0.00124526813504976,0.33625120856209,0.000105447723803234,0.00564517546754765,0,0.00527064804390732,0.00217455574217665,0.000700318402567567,0.00107498302172393,0.0541033878426482,0.0268038181805205,0.0131478522005273,0.0361202245932231,0.18748580923065,0.0023902974283013,0.00423447282214464,0.0290275135382353,0.118917552207785,0.00904836698048028,0.0191037082849904,0.00040376579743948,0.00590276662304054,0.00377982143326824,0.00481795448004446,0.0810247783386588,0.0309055942885798,0.00669522247484066,0.00691822053252186,0.00806942299762304,0.563500986471662,0.0209944262700115,0.021666859748507,0.00848578443280741,0.00310052458191376,0.0016175117860388,0.00131111570254329,0.00538092862898369,0.00115516414611123,0.00741168027263973,0.000142012573322225,0.000135732106956386,0.000582640283398783,0.0100694306699055,7.7950921155548e-05,0.0025613284860415,0.0019550212316252,0.00182026354451648,0.00727730723810246,0.00684200446642282,0,0.0104541155379057,0.000115326467621565,0.00137065277080346,0.00202306742003755,0.00150361437778386,3.88734535898209e-05,0,3.65962193783998e-05,0.0117928602514497,0.00240740500530592,0.000761431330074166,0.00665475938183032,0.0103278764983901,0,0.000405042771229529,0.00336257121714655,0.0188555959790367,0.00138879322900048,0.00112717910515484,0,0,0,0.000692036638804782,0.146612209485489
0.000268570963427829,0.0139747217679497,0.00161383703081779,0.000100505743844104,0.000263086421164202,0.000175155496452641,0.00135901892291149,6.2603873115015e-05,0.0229227275187589,0.000411343611154222,0.000111105833257222,0.000136507712444615,0.00183297215990892,0.00030178745408001,0.00527064804390732,0,0.000312548200469863,0.000323422085678911,0.000980496345844543,3.67225339781046e-05,0.783273224072273,0.494261307910171,0.512051045580834,0.442470498205769,0.0090314449046924,0.00592617277990409,0.530702651263373,0.210683519526753,0.00405715989877584,0.000422810003557194,0.00022117704723258,5.70626826874733e-05,0.00162634522929199,0.00292851918124871,0.0658718710338589,0.456454713988042,0.131534398114969,0.0325846398194119,0.0645650623005582,0.000913467500214528,0.00254865693829179,0.000930380627314116,0.015724328868968,0.00176951135007337,0.00197491040197564,0.000674860714041319,0.000933959622779225,0.000722836875559734,0.000191437869232309,0.000441341729688299,0.00166111213605146,0.00469104397205816,5.59636570256472e-05,0,0.000111494982150721,0.00618364045778424,0.000891254344891848,0.0083676015332602,0.000534139149261165,1.63629512672067e-05,2.21553185180187e-05,0.000126712398752725,0.00175192882592479,0.00018357874326303,1.08679035651898,0.000653684824511876,0,0.000194936562765741,7.79695328154805e-05,0.0497055489666654,0.300746283528648,0.447674291344861,0.0809705299744834,0.000291620784475946,0.000669554575948358,0.2074266971771,0.0378212507783169,0.00294984109044076,0.0213320703250419,5.03725839795351e-05,0,0.000170278880745757,0.000902540485144924,0.0147948726708247
0.141231817572676,0.0049939369774194,2.05913763198883,0.000403049973804414,0,0.00433829115574332,0.084128058671513,0.143490174408928,0.000515978313842308,0.00783687802835714,0.0128975965536913,0.00287638457197305,3.57186215541839e-05,0.261543670172529,0.00217455574217665,0.000312548200469863,0,0.021759636809173,0.644568280237187,0.00148867655732486,0.171486932777036,0.000999834378827331,1.31259011883834,0.00580578940413284,0.000458941966232395,1.7176317608555,1.7074080088124,0.0165321257853119,0.372029189153073,0.289854920060673,8.10817532707212e-05,0.000407415986807847,0.0304650532503772,0.236801670488752,0.00617424181493889,0.050399779468163,0.0132420417949736,0.0491483415275529,0.0275529157804068,0.00102190517564744,0.00187678471800952,0.00109124250080657,0.00665302498464776,0.00119319905302947,0.00168135781620944,0.000919696855028139,0.000429067764870071,0.000201913797884738,3.29663339720488e-05,0.00014804191597817,0.00340522219301608,0.00884794608973592,6.58412616536141e-05,0,0,0.00088192616701449,0.000175750906567347,0.000577792229868305,2.57459513072014e-05,8.1232056801915e-05,0,0.00012703804968816,0.000121017454255975,0,0.000493880890736818,0.00318123663311298,0.000130472369808555,0.00141873038619811,2.83670268699646e-05,0.000462531560563481,0.000710897746628187,0.00264640423706501,0.00197176556258088,0.000381194374073338,0.0106972477687884,0.0550051534732183,0.00281798147065084,5.73772146121383e-05,0.000340674275757396,0.00015169285992279,0,0,0.00142205288617627,0.00187627898708479
0.00321970534811738,7.9580835167885e-05,0.00312284133213122,0.000967899235577081,6.74373955581191e-05,0.0146864709641371,0.0134332738608586,0.0254516384931854,0.000463577203618336,0.0523818288812784,1.05700512184167,0.0368156756108224,0.00204470070915006,0.036311218176382,0.000700318402567567,0.000323422085678911,0.021759636809173,0,0.484915276284291,0.0101473666075942,0.00246449279047431,0,0.010105610438283,0.0070414158678387,0.000572520802283025,0.240398768859072,0.0371869310489692,0.00912430032041005,0.0354789652916353,0.00569693368979229,0.00396014156095679,0.00424005670473839,0.000439224137804961,0.321066469212599,0.00667432234263913,0.102518909787798,0.0788420153288096,0.163547498744229,0.0786791516945517,0.00497028883234682,0.00103538539654136,0.00816065759087331,0.00066164789519162,0.000371359399340725,0.000352146448360991,0.000180876752217507,3.48523423737764e-05,0,5.29952089877129e-05,0,3.50157191217184e-05,0.000149010938407827,0,0,0,0,0,0.00134848516478038,0,0.000260838877330577,0.000236512686886013,0.00334265431245579,0,0,8.95525035866855e-05,3.12086108594656e-05,0.000216000621163964,0.000677272462458968,0.00139356026448443,0,7.34098373037336e-05,0,0.000648431257673262,0.000494474657999825,0.00938364752136544,0.0118546641400364,0.000260690128739285,0,0,0.00312016435016033,0,0,7.23460349684e-05,0.0023717376088567
0.0194870811225402,0.00219480039303401,0.116960705264262,0.00193870138827374,2.91971010421515e-05,0.0158791884317661,0.0321944033342788,0.048322845545322,0.00044742095679431,0.0762812811979413,0.362486463136005,0.0452641333669652,0.000534408869979024,0.0775093239688312,0.00107498302172393,0.000980496345844543,0.644568280237187,0.484915276284291,0,0.0152954812205845,0.0284543292821071,0.000607244337391365,0.161547444355985,0.0100915758950503,0.00097030437778952,1.32397365244448,0.514493186780547,0.0163771736779486,0.085294785984432,0.0288537478155652,0.000772450011506652,0.00298746525146748,0.00489535076018096,0.844348663710438,0.0115740425260686,0.199676571764173,0.0686397821997477,0.230210572699974,0.135370740483636,0.00501271952689509,0.000891199528223693,0.00455636193671338,0.00215909201320412,0.000714148058200882,0.000738249489317045,0.000665026898645518,0.000181954415312767,0,7.50479051352024e-05,0,0.00275881526379897,0.00168835120328956,6.70169244240997e-05,0,0,0.000297372012668955,0,0.00107801779188639,0,0.000120470708815157,0.000495112751123261,0.0015923719664225,0,4.8395337784934e-05,2.93382177906037e-05,0.00101621879888786,0.0002072207125319,0.000786724848814812,0.00204828320643507,2.67635578249336e-05,8.25588289617302e-05,0.000643605136304536,0.00104934480998641,0.00112045576663032,0.0155289759339557,0.0252301222272968,0.00110910753683942,5.57098117130518e-05,8.10113853720548e-05,0.00129442779264604,0,0,0.000485557423815537,0.00454323350769391
0.00146390535370307,9.99738298559667e-05,0.00194028588668567,0.895327631048534,0.00612450530394299,0.0721128397531202,0.0154397490593265,0.0664750704240322,0.134820518202693,1.16410922132596,0.0146625883802809,0.890984701435638,0.00126049050951079,0.0281064948359395,0.0541033878426482,3.67225339781046e-05,0.00148867655732486,0.0101473666075942,0.0152954812205845,0,0.00125924648799249,0.000212971360140753,0.00406624436134366,0.05990687069948,0,0.0353572951234252,0.01525079309762,0.119060711597819,0.0545766669371912,0.00190133497547709,0.00200509055470499,0.00604274912433591,0.00137568126146491,0.0242000255146937,0.00797088750915421,0.078540619098708,0.0024498926557094,0.0259321431443687,0.00598466900545981,0.0379213691717964,0.00924022581901346,0.0316830961496448,0.0154140180328783,0.00424989815930301,0.0071363254177745,0.00117187223542877,0.0209031720174857,0.00494917545726222,0.0145132885105963,0.00038098677402873,0.000300206798146188,0,0.145651646855635,0.000718928599134586,0.0158217192403526,0.0216105231696403,0.019926600043251,0.0550173599107877,0.162618112763802,0.000629312006016707,0.0656433531043606,8.61761832740784e-05,0.00735075623095408,0.00933986739539175,5.95252642699957e-05,0,0,7.16876415459393e-05,0.17096651619585,9.49903152359485e-05,0.000142224118408704,0.000198825855737317,0.074327872448152,0.000287885632019186,2.08294859155297e-05,0.000494280220915258,0.239392872784216,0.00413926280983458,4.71290306262017e-05,0,0.000326771158829069,0.000179433749673653,0.0030659122863635,0.00135345362450523
0.0368146022956981,0.00533040547773757,0.306444060360334,0.00101003762523326,0.00119945240593204,0.0068578826866957,0.777421636048861,0.0677821601490753,0.0210476361669324,0.007854046636295,0.00124469175234452,0.00167172822358006,0.000502014317994857,0.120013122546813,0.0268038181805205,0.783273224072273,0.171486932777036,0.00246449279047431,0.0284543292821071,0.00125924648799249,0,0.0630888612495085,2.47095992029846,0.157928635154685,0.00231915562743727,0.178493844343471,0.255556792628601,1.60677842722119,0.0953496794955542,1.9808308354046,0.000165131857510102,0.000554287155750155,0.0271360396454629,0.450225492553109,0.221609752161221,0.785773926323336,0.0435926287085783,0.960318274361781,0.390922016218432,0.0045501669242768,0.0271984917095573,0.00288431684971456,0.0306840058544322,0.00163592083492078,0.00392803561790627,0.00181571487827221,0.00435699258735597,0.00328023146987636,0.00101271470427343,0.00173464501690347,0.00148518254875759,0.00633916290391675,0.000140442278159929,0,0.000775507175367794,0.00547784801474972,0.00345317854507635,0.0208991281389458,0.00140891341323735,0,0.000791969679418635,1.96814970460057e-05,0.00333391691833484,0.00047378965878495,0.264907449761129,0.00177709371505508,0,0.000392138273702371,0.00101750258584214,0.0828329053409788,0.096316825367328,0.0825970503515464,0.101065827649142,3.36412145193577e-05,0.00216786141271351,0.0241199081867983,0.0929582025436893,0.00673999834659864,0.0364566949488465,0,0.00010544954064703,0.000242833817952251,0.00212285028715642,0.0517555880592228
0,0.290757853903489,0.00500161344282186,0.000541695188322794,0.000840502540557335,0,0.000167535778114867,0.000120036437360573,0.404434332245914,4.94871876463652e-05,0.000361155817771077,0.000651272817853321,0.0131080485558809,0.000417211939691758,0.0131478522005273,0.494261307910171,0.000999834378827331,0,0.000607244337391365,0.000212971360140753,0.0630888612495085,0,0.0436177358946031,0.961870685152945,0.151003849799597,0.00625019437092222,1.0162950000291,0.0279023406425491,0.00223395423214151,0.000873638742098305,0.000988821349390767,0,0.000676315469293476,0.00151188141265772,0.00113742815910126,0.00943015641302113,0.00269592677074808,0.00232638053389665,0.00235597468307352,0.00237842913429984,0.000218281313239383,0,0.0123648629290762,0.003358866011477,0.00229747172310789,0.000544546111109185,0.00123075118315936,0.000363869471781611,0.000318910692204892,0.000155382529013801,0.0546141760766211,0.0228639625230316,0.000296038456648839,0,0.00010280622523123,0.00318446297590064,0.000753313635364725,0.00355664711609789,0.000905897202958393,0.000243007751441765,0.000116339248147964,0.00176626402567027,0.000852716915829459,0.000250131713180733,0.204076272227393,0.00111033388076062,8.95958990472677e-05,0.000421126457854462,0.000279606212570977,0.00738713697485606,0.197977523546883,0.0859012695661026,0.0457905816039853,0.0016412366744468,0.00413466252471376,0.413793569483707,0.00761120216453194,0.000619708911468014,0.00400105469276874,0.000810039447373722,0,0,0.00100233507383666,0.00136086316405237
0.159579986973266,0.0052874939752589,2.50362089787587,0.00260989558516197,0.0017964234861605,0.0173964322790335,0.800486993658126,0.243138007245442,0.00961920262534432,0.0268832841461057,0.00601167598372346,0.00947438266938447,0.000603947225607467,0.457280701221392,0.0361202245932231,0.512051045580834,1.31259011883834,0.010105610438283,0.161547444355985,0.00406624436134366,2.47095992029846,0.0436177358946031,0,0.340072717939621,0.00151831092614866,1.06859857435653,2.0720474944103,0.777328567461686,0.345134072199112,1.19135566624106,0.000932633942190887,0.00238252697419933,0.0400229300368325,0.806579778221954,0.60234012735102,3.09146892039976,0.663285405785009,1.87315211875685,1.85110939884919,0.0112866837256368,0.0399452460836568,0.013737813311313,0.0588290973115456,0.0075919545030445,0.0126999868514328,0.00747583292084186,0.00756519813750346,0.00440826609051101,0.0018707814668422,0.00225370333702207,0.00618274463474567,0.101427563800155,0.000109168464219844,2.65745419678211e-05,0.000751068032916608,0.0178135635971976,0.00571391565549158,0.0171963565895261,0.00195272644985289,9.43253668901565e-05,0.000597926948855543,0,0.00689703852579659,0.000755463097105813,0.470170479028102,0.00788471940460795,0.00023894240594008,0.00280143232586149,0.000919080917508938,0.0393509233463,0.129482236337139,0.284239440549657,0.0757936712681071,0.000195989361474538,0.0137521494634362,0.48197658890414,0.0795515190306073,0.00595933831834418,0.0171038222954549,0,0.000171498004910672,0.000150930866111064,0.00653356250142903,0.177540699240318
0.0079856424108055,0.263824846292132,0.0147238726643626,0.376026788006562,0.0195147303495912,0.01749609985441,0.0773976135716434,0.0402211687131972,1.54313929404805,0.0473678003019449,0.013993907416822,0.0523607001362813,0.011640670851048,0.0268478015054545,0.18748580923065,0.442470498205769,0.00580578940413284,0.0070414158678387,0.0100915758950503,0.05990687069948,0.157928635154685,0.961870685152945,0.340072717939621,0,0.101966882011007,0.0449879555349739,0.895900955776722,1.06539709882712,0.137839223665648,0.00766802819965202,0.00289422960624068,0.00953138457937955,0.0515595111614083,0.0678037413129029,0.0983609476626435,0.350973889292674,0.0224698707466457,0.117605715014959,0.0450014519591108,0.0804545315013673,0.0244070271015782,0.0240153342439821,0.257447744675117,0.00788814320644817,0.0662532949932516,0.0099567034207762,0.0816286255884072,0.0513867299263181,0.0229636426066083,0.00800968788423166,0.0109882435113797,0.00480354565050637,0.0544098846016343,0.000589619901293767,0.0232547280650195,0.165641338341814,0.117640378878104,0.332319412421848,0.109479008014869,0.00321639582611819,0.0425261166661073,0.000997949418041181,0.0649494075030179,0.0064036634007829,0.122020424640892,0.00109129902992326,0.00113730383900044,0.00142955854078949,0.10967530755114,0.101024691602317,0.0908574555440879,0.0657564119036731,0.657213609991371,0.00308668870102634,0.00601166692331393,0.0437636036804238,0.787437386616444,0.052484097989242,0.0515008967109697,0.000201640833587885,0.00385239045101415,0.00163105899022722,0.0215639585180961,0.0211264334479204
0,0.246336203861726,0.000224608255641675,0.000148310713622165,0.000210429950980639,0.000103750762394047,7.14912209514617e-05,0.000105528185075044,0.0959916387233938,9.17900657684088e-05,0.0364275821204188,0.000246747321466303,0.379189514065488,7.86866513180493e-05,0.0023902974283013,0.0090314449046924,0.000458941966232395,0.000572520802283025,0.00097030437778952,0,0.00231915562743727,0.151003849799597,0.00151831092614866,0.101966882011007,0,0.0628295113837269,0.6251261737971,0.000674048081203272,0.000164006544389606,0.000229923252679634,0.0888817473370638,8.66035151912214e-05,0,0.00269168527931,0.000507707907184744,0.00676077758176497,0.012063468382119,0.00424463892764801,0.00245701377679844,0.000751901705977962,0,0.00566567070548664,0.00710239092400732,0.00478034901309498,0.00409892743068669,0.00137740075759795,0.000379896924160671,0.000275625031625533,0.000579221190334153,0.000128428019440735,0.0119721967633504,0.000359461112764669,8.56723973978518e-05,0,0.000160858364346576,0.000120895005943823,0.000225798420195603,0.00395457114351988,0.000364632317238867,0.00697769719805186,0.000177213625163079,0.107804125338373,0.00020476783604542,0.000107037282637954,0.000444659943966365,0.000643236241922665,0.00138392513158038,0.00613589256290858,0.000331872770127308,0.000110580003498006,0.0041408475261945,0.000369784208590257,0.00453315067297685,0.206073499593871,0.0663189678159029,0.256250752493632,0.00040967977600888,0.0001524144985569,0.000215249867241728,0.0403939741917968,6.53776148385049e-05,0,0.00290280869502544,0.000452844631127787
0.0728389256920885,0.0665077524613277,2.31989919420567,0.00675158274044203,0.000104554076581657,0.0491511288919419,0.176162037747887,0.165904812464074,0.00933306704063898,0.193845428912011,0.649069009576217,0.116468137986387,0.116822801554612,0.2654308688461,0.00423447282214464,0.00592617277990409,1.7176317608555,0.240398768859072,1.32397365244448,0.0353572951234252,0.178493844343471,0.00625019437092222,1.06859857435653,0.0449879555349739,0.0628295113837269,0,2.36127318069363,0.0619213505545703,0.21814548539007,0.0806745161514526,0.13380144887479,0.0105792500407887,0.0121178084639391,0.855179626230232,0.0867644141525031,1.39635809076546,0.708782848957534,0.826708465560682,0.744003346451892,0.0145967799829873,0.00954699110824515,0.0530902783741153,0.197407287147286,0.0554701795126944,0.0714090766833973,0.0313478139714025,0.00750542202607943,0.00528473636901307,0.0037920165576884,0.00267325737151615,0.111912723914665,0.115884645771746,0.000175455772014296,0.000179011831657982,0.000563232305592847,0.00937782844724344,0.00317793415138351,0.014823815171978,0.000520453493150627,0.0203488744808176,0.00134904799075398,0.211092297038352,0.00625948798114857,0.000250037050490785,0.00313380507052235,0.0765011812201019,0.0164225491612726,0.137952005445732,0.00336063391404302,0.00640076022359096,0.0120903502655591,0.0346722959448145,0.00862642350152392,0.122699100913717,1.01848962327071,2.41363913007625,0.00529647347297311,0.00524749544114855,0.00977752438271267,0.165366062008667,0.000320389201957082,0.000224991983307719,0.0567732791520596,0.0463859371053188
