0,0.439956843852997,80.6228558123112,3.44390711188316,5.95806816220284,17.2752494215965,6864.49420502782,675.712861657143,9.09094160795212,90.1133342981339,54.1161749958992,8.67120978236198,0,10186.8498973846,1.78835973143578,0.53336364030838,1798.95234358311,49.5125812292099,295.061662301421,3.87707698345184,502.203161120415,0,1236.40796306729,59.8294407725334,0,164.810113400221,105.473054856062,202.62790569663,9628.81687742472,13835.4824326038,0.425524324178696,6.35206687450409,28.5159356296062,626.302384749055,22.4586474299431,223.276621371508,17.533419162035,434.581718355417,136.294488102198,2.06222623586655,10.5307748913765,0,5.52889627218246,0,4.08844447135925,2.26587748527527,0.580015063285828,0,0,0,0.525582015514374,0,0,0,0,1.57765793800354,0,9.60267698764801,0,0,0.681484222412109,0,0,0.701681852340698,0,0.963678240776062,0,0,0,0,1.23949432373047,0.712768912315369,6.56894633173943,0,0,3.13001465797424,10.6581102311611,1.13429474830627,0,0,0,0,0,2.37524497509003
0.439956843852997,0,86.8212712109089,0,20.6281818449497,0,1.88201966881752,1.4218602180481,1325.31286999583,3.29339170455933,229.528253287077,15.0210202932358,2407.04097285867,6.86961030960083,59.0130642056465,145.807457387447,149.427471786737,38.2601309716702,128.65163308382,1.42719626426697,28.7302362322807,5953.82786026597,86.2904236912727,3782.49235740304,2851.55371981859,948.47570374608,24975.0357150137,88.0345219373703,5.09988981485367,2.84386029839516,90.6591087281704,2.71993213891983,0,677.373321384192,19.2952989935875,449.935989409685,231.303611606359,112.774674803019,97.4985349178314,43.9885881245136,0.910534977912903,448.084501266479,190.784594744444,68.6495328843594,48.7919226586819,37.7854878902435,7.48754066228867,0,24.4518549442291,0,1840.87874463201,61.9407114386559,0.619665145874023,0,0,4.77739503979683,0,49.0711826384068,1.08141911029816,153.779225736856,0,404.823434263468,4.31689715385437,0.926693499088287,95.7478411495686,145.941581904888,52.1307157874107,77.5086809098721,0,2.36113011837006,195.040409147739,74.1067269146442,115.154715418816,139.479020953178,1223.12231045961,4297.61201161146,12.5236656665802,2.89626812934875,3.05897930264473,126.517825305462,0,0,15.020862609148,8.05402612686157
80.6228558123112,86.8212712109089,0,0,9.48089253902435,58.1007154583931,757.452647417784,529.690796583891,20.5916529595852,53.0425075292587,95.2833821475506,2.66772082448006,1.63831102848053,666.1356998384,20.4359331727028,57.4836488366127,7463.69537380338,204.54564550519,468.413227081299,1.45810407400131,1809.11879235506,35.2670575082302,36021.5642597079,110.834906667471,4.65968030691147,28499.790015161,36721.7248286903,1060.16106182337,95.2135741114616,805.351071983576,1.75069925189018,2.14142420887947,3.20553159713745,312.754768878222,318.862421363592,3744.60609278083,932.546855449677,1466.40575960279,1519.99839860201,15.5563278794289,15.5087175369263,1.31493043899536,477.955376505852,87.9098640978336,100.840028166771,113.052202701569,9.7542906999588,1.54976779222488,0,1.11583471298218,269.194973289967,499.385760605335,0,2.71167230606079,0,9.58279001712799,0,13.9175674319267,0,3.03206032514572,0,0,2.12386274337769,2.24802076816559,153.115779161453,724.442313879728,17.1221631169319,145.678316831589,0,14.7370779514313,128.050721377134,517.587242752314,98.2360815703869,1.58901822566986,1532.00596010685,4385.66037517786,47.7852193415165,0.80586451292038,9.33520045876503,0,0,0,32.8585298061371,158.553003579378
3.44390711188316,0,0,0,185.300956040621,94.8358981907368,103.119261831045,188.602002263069,2210.45162910223,6730.49228584766,32.8730782568455,6930.23428189754,0.435525089502335,159.072020441294,568.96653047204,1.7205137014389,0.470493882894516,5.75451046228409,1.47827783226967,24156.7189326882,0.750429034233093,4.41153690218925,0.959683775901794,4554.1615613997,9.30983340740204,3.86400392651558,5.74012157320976,16029.3344267905,134.665486901999,2.14353173971176,0,66.8526983559132,0,156.430465906858,108.088202238083,1053.9426214993,16.379436314106,145.381110042334,49.276551514864,413.319390803576,70.7202436327934,5.09309053421021,194.20849224925,0,36.7711643278599,19.0319296121597,918.636058747768,9.49406987428665,0.964170217514038,2.19287919998169,0,0,623.625832557678,29.3936218619347,106.469339847565,45.5001154839993,59.3268502652645,389.505528122187,138.40059274435,2.79974326491356,548.936425447464,0,32.9364276528358,90.2262122929096,5.19887125492096,0,0,0,153.215581476688,0,6.72080564498901,0,1196.72685691714,0,0,2.79907366633415,700.867990463972,9.56973940134048,3.32353731989861,0,0,0,11.100388199091,1.35950458049774
5.95806816220284,20.6281818449497,9.48089253902435,185.300956040621,0,4044.31434416771,153.365161836147,429.762599557638,318.863870590925,413.694834649563,6.35679012537003,2625.97354403138,0.55052250623703,70.760470032692,5131.95342192054,21.2696965932846,15.8203345537186,1.72742646932602,4.46009945869446,390.219841778278,336.410204201937,34.6301817297935,368.738569617271,815.456854820251,28.4304783940315,10.6631609201431,110.373712033033,586.683067768812,41.1323263645172,147.042003273964,0,284.54902690649,0,2502.9915266633,3229.92803663015,1207.35104107857,50.3898787200451,30.3141422271729,103.507476717234,16397.6378964186,5113.97039145231,8.12644720077515,133.008944749832,8.08910471200943,42.4355846345425,42.2276538610458,473.703551203012,4.26787686347961,3.6641121506691,0,1.27272087335587,1.25688827037811,53.7693124115467,26.1984815597534,46.8006734848022,19.0402971506119,25.1622512042522,41.1709763407707,19.599000364542,9.72136926651001,115.343857824802,0,10.7511864006519,31.4375967979431,12.7615107297897,0,5.8998783826828,5.0233439207077,13.6762091517448,5.84772557020187,5.03296113014221,9.99057769775391,282.72307240963,0,2.56246626377106,8.72463017702103,244.507978826761,7.96441653370857,2.18200415372849,0,0.636541664600372,0,22.4003295898438,655.674539923668
17.2752494215965,0,58.1007154583931,94.8358981907368,4044.31434416771,0,1792.47294467688,24748.9323620945,104.550261616707,13369.1723095477,258.502130299807,13681.365065068,24.0176852941513,2385.38941344619,3777.53427872062,0,112.234750300646,56.0196004807949,31.9971577525139,673.549785584211,114.074015200138,0.469583988189697,271.385969042778,162.379827648401,64.5405271947384,160.255155056715,60.6533288955688,484.964137107134,473.583278924227,103.072373002768,5.08124449849129,1324.91605556011,2.69997635483742,972.426602572203,747.748247593641,4301.21278485656,161.612086355686,377.489444196224,299.246773451567,6550.18348219991,503.27040719986,83.8392387330532,106.265112698078,0.782043814659119,104.900568395853,58.8374207317829,146.72930598259,22.4597271680832,10.3675911128521,1.23185777664185,0.846934020519257,0,5.87360143661499,3.46243077516556,10.9370499849319,2.01614183187485,25.7467761039734,49.4936103522778,10.974293500185,25.7035247683525,32.4237942695618,3.18164885044098,20.8322708308697,1.22947210073471,11.7066467702389,0,0,0,0.735086262226105,4.14032089710236,1.77809372544289,3.41168513894081,211.769017606974,0,0,1.25202716886997,69.8011804819107,19.4858476519585,2.94037628173828,0,4.05219960212708,0,71.1985684335232,67.8485330939293
6864.49420502782,1.88201966881752,757.452647417784,103.119261831045,153.365161836147,1792.47294467688,0,10705.224903211,638.016421020031,45779.5594747514,722.904662430286,291.256552100182,29.840790450573,31226.9192938805,356.489489525557,25.7354288995266,594.84491276741,239.266530096531,254.103632092476,170.908373296261,2621.19369277358,9.77006942033768,2416.96162372828,1833.70373275876,25.9005610644817,797.00858643651,370.261127620935,63891.968880564,6757.13140544295,16506.1194294989,22.3658662736416,364.976665556431,168.622618317604,1806.42157195508,1615.24655452371,6129.6630114615,277.850033640862,2605.62594375014,976.915892511606,396.35426235199,719.139343887568,40.4636398851871,557.697507917881,6.77630540728569,133.994417518377,84.8806849420071,558.088739663363,33.2237474918365,3.62240070104599,13.9567623436451,0.796301484107971,6.75725123286247,121.689492851496,15.6003459990025,63.0810843110085,220.219925194979,59.5899527072906,351.070541858673,126.120723366737,19.9757728874683,125.266839742661,0,42.6544885933399,47.020897179842,46.8736184239388,10.8967991471291,0,0,28.2420462369919,8.23246508836746,12.0627161562443,22.6862137615681,2044.1071395874,0,0,119.026488363743,1803.30644890666,73.2641444206238,9.10098558664322,0,0,1.29055446386337,68.8121731281281,116.653003662825
675.712861657143,1.4218602180481,529.690796583891,188.602002263069,429.762599557638,24748.9323620945,10705.224903211,0,115.734051138163,17854.4827180058,353.933593854308,5694.64429673553,35.1152419149876,32534.6697327793,455.268926292658,10.5710816383362,3184.77952688932,141.580687642097,479.566015437245,1211.34896802902,1526.75443948805,4.20008099079132,3758.39737012982,236.549559026957,83.5267062783241,1096.86595261097,427.618984282017,1650.49498823285,1276.92174553871,4192.09947580099,17.2221613824368,754.78435087204,39.3585148453712,2540.10844220221,389.293667703867,6731.77731877565,305.380667001009,1309.47590772808,936.369601041079,2285.25471937656,649.447729676962,163.328610986471,143.958215385675,6.02073180675507,380.108543723822,245.031563997269,141.174642056227,59.587337911129,44.3957019150257,0,0,0.570551514625549,0.455642521381378,1.50130426883698,16.3950587511063,4.58819657564163,96.5394462049007,105.675637692213,2.46514558792114,75.6098581552505,33.2910709381104,4.98862880468369,54.2048040628433,4.03585857152939,20.1075351834297,1.37741062045097,0,0,0.599354922771454,5.65970468521118,3.62799915671349,9.96467033028603,383.26535731554,1.33643102645874,0,14.4189302623272,103.596423685551,68.079754948616,2.61762177944183,1.18478840589523,21.7475792765617,0,219.842190176249,39.6883158683777
9.09094160795212,1325.31286999583,20.5916529595852,2210.45162910223,318.863870590925,104.550261616707,638.016421020031,115.734051138163,0,1649.53382712603,49.9432072937489,1937.99981784821,190.284515202045,114.055383592844,705.055425077677,976.607492923737,50.4120115935802,42.4538766443729,40.4174979329109,870.645514398813,300.571276664734,4932.10812759399,330.748592466116,34547.1867544055,475.641720354557,255.862795352936,5872.7638193965,6858.8828342557,133.638431042433,4.86451929807663,18.9015662968159,42.8604037165642,3.23350843787193,169.992805361748,169.67863458395,1187.04309174418,87.6005274355412,129.525903195143,82.6405723690987,522.824380487204,48.9242133498192,16.3750171363354,1043.76988914609,16.5156846046448,205.667642891407,134.189952909946,418.217001914978,43.7420583963394,5.93929722905159,37.3453167378902,67.1812229752541,10.1229909062386,255.080197006464,54.4071297645569,128.035574883223,218.565748035908,263.471454709768,4058.58543774486,287.823448598385,71.2574562430382,215.196724772453,38.865446805954,248.101192086935,75.815350651741,2711.10174420476,17.6353634297848,29.035628169775,13.4253318607807,46.3187656402588,466.854078173637,1125.20773610473,599.0998493433,7031.28570315242,7.32989075779915,91.425507068634,428.076958596706,2640.72647714615,352.52596321702,138.270792394876,10.3753296434879,4.64449644088745,16.6240239143372,143.834602475166,144.559916496277
90.1133342981339,3.29339170455933,53.0425075292587,6730.49228584766,413.694834649563,13369.1723095477,45779.5594747514,17854.4827180058,1649.53382712603,0,1648.61185953021,11376.8800842166,71.514810115099,11824.6267114431,719.150872260332,0,100.955405026674,315.618929252028,147.809588521719,23653.0696213245,119.809157937765,0.375229328870773,137.117555052042,1619.99870145321,51.8416392505169,245.794173568487,68.9287002682686,7109.17509788275,4454.78617019951,134.110171705484,18.0584351718426,1529.17678587139,27.0754706859589,3801.13266259432,1499.00469586253,10685.7727000117,666.144534409046,2749.4895953238,970.238728314638,1155.31527671218,1392.06196007133,226.456656783819,428.893743246794,5.13681066036224,129.765991538763,108.702006459236,1293.17668911815,21.8887805938721,13.5225184559822,1.95718729496002,1.97137093544006,0,43.3480606377125,40.7763670086861,97.3009493947029,115.120673626661,22.9300373792648,590.396977782249,525.459640681744,29.4905744194984,409.23274102807,0,7.52426600456238,131.453612983227,7.23696208000183,0.705258250236511,0,0,36.7918230295181,1.34962791204453,5.99467223882675,0.437838643789291,2351.04974043369,0.588141798973083,0,0.392056196928024,812.785506427288,10.0631340146065,2.66537976264954,0,0,0,64.3471758067608,64.3051247894764
54.1161749958992,229.528253287077,95.2833821475506,32.8730782568455,6.35679012537003,258.502130299807,722.904662430286,353.933593854308,49.9432072937489,1648.61185953021,0,648.662798851728,9637.76944479346,940.16987888515,28.9423007667065,19.2384666204453,1521.33028095961,15851.2686261386,3150.76454845071,326.899643808603,558.551674365997,66.6173789203167,1788.06241506338,121.131832540035,1045.10018619895,5989.55936488509,1587.50142115355,559.021514281631,1277.03844475746,723.921412095428,1399.95655542612,502.001053988934,32.6778610050678,13198.7034231573,161.144825696945,2749.81259527802,5374.82103323936,6414.91213867068,2144.49609339237,25.0381594896317,38.7851929962635,1617.04223236442,17.5291636586189,1564.69684043527,37.6664812862873,27.5651977062225,2.8298956155777,1.69043707847595,831.998872309923,0,342.67575019598,5.38732358813286,0,0,2.5321524143219,0,1.93753391504288,19.6382947564125,1.49801328778267,2907.59617510438,2.78920251131058,5052.72109517455,7.47249740362167,0,5.27785098552704,13.5062676668167,136.988897621632,7.43642690777779,0.993190705776215,1.00877594947815,36.4912011921406,0,15.1710005402565,332.789720833302,1616.29828292131,1487.89448204637,0,75.5215749740601,0,1903.9267142415,44.5439855456352,0,180.750795334578,74.4426535964012
8.67120978236198,15.0210202932358,2.66772082448006,6930.23428189754,2625.97354403138,13681.365065068,291.256552100182,5694.64429673553,1937.99981784821,11376.8800842166,648.662798851728,0,34.1906188428402,3540.00834390521,5263.42784768343,2.83253872394562,20.6558564305305,179.779720455408,43.8993105590343,16867.9533288777,7.84156370162964,30.1229209601879,19.2482875287533,1629.55079266429,63.500481903553,147.507902622223,90.0883744359016,1410.81346404552,784.231161028147,18.2472946941853,10.7637439370155,1302.59712654352,0,1789.91167680919,2787.24048739672,5728.61924612522,348.993076533079,802.7719617486,469.826126158237,3002.0077381134,489.438939213753,133.4935374856,480.375881403685,6.76749855279922,139.465018302202,88.9982822537422,2012.20759609342,38.7079065740108,15.0433032214642,1.02664890885353,3.57693791389465,0,230.680858701468,82.4865361750126,279.536772757769,70.1342231035233,243.305136352777,211.328224986792,216.422728538513,46.9799477458,1253.35828021169,8.9999572634697,95.0913106501102,196.778039962053,9.75322505831718,0,1.58980056643486,0,92.7731249928474,6.65123137831688,7.80484211444855,4.51939854025841,1249.69436559081,1.2414630651474,39.5361524820328,60.950698941946,1040.03109914064,55.5411901473999,10.6305164992809,7.99633795022964,5.23253175616264,3.0485320687294,71.6612432003021,362.681346327066
0,2407.04097285867,1.63831102848053,0.435525089502335,0.55052250623703,24.0176852941513,29.840790450573,35.1152419149876,190.284515202045,71.514810115099,9637.76944479346,34.1906188428402,0,91.3936667442322,6.22976419329643,2.80674514174461,0.53869616985321,7.66372784972191,1.52302050590515,18.5954166650772,0.39549320936203,557.811264127493,3.67354792356491,312.112298905849,12580.9378070533,75.2335457801819,4106.696267277,14.8338545262814,83.6204347908497,11.5990627110004,2945.97015011311,63.4926531910896,0,3771.22216844559,3.51036655902863,43.5117931067944,1033.25536876917,377.99742102623,14.9094440042973,5.23684132099152,1.86110252141953,2543.32267734408,10.0333591103554,2630.7264816165,71.1211551725864,16.0533525645733,3.60266667604446,5.00079733133316,1711.93995603919,0,546.667734712362,0,0,0,2.70706206560135,0,4.71823716163635,14.5891758203506,0,5751.06448534131,0.814516365528107,11413.1540350318,13.6076247692108,0,0,0,163.699968785048,1.11362707614899,0,0,68.0155456066132,0,14.6003035902977,1332.72485801578,1939.78920051455,3527.95296311378,0,89.6942806839943,0,3981.08902233839,47.8204580545425,0,216.066817194223,1.71891307830811
10186.8498973846,6.86961030960083,666.1356998384,159.072020441294,70.760470032692,2385.38941344619,31226.9192938805,32534.6697327793,114.055383592844,11824.6267114431,940.16987888515,3540.00834390521,91.3936667442322,0,140.557391822338,11.1378632485867,6347.46544294059,305.177674382925,1087.88353055716,1143.01564586163,2376.61973214149,2.48875510692596,5944.37956126034,391.248383998871,25.9307370185852,1422.44225154817,594.877724170685,2210.56986874342,11786.8958553374,18514.3853529394,34.7962796986103,1219.48023220897,59.8965164124966,3906.59348519146,310.866609126329,3415.32136118412,507.623777210712,2351.43319883943,1099.14595478773,227.372255057096,277.221793621778,196.127118587494,99.1047214865685,16.7176307439804,234.408214986324,139.132491052151,97.632850676775,34.9402970671654,35.958499610424,1.0163825750351,0,0,0,0,17.6722979545593,4.40198439359665,48.1280691921711,82.5470016598701,4.30156630277634,40.4513269662857,20.1726328730583,8.04726266860962,27.2603556513786,1.99085718393326,7.06258815526962,0.459055423736572,0,0,0,0.918167173862457,8.72636687755585,0,270.942360907793,0.601885378360748,0,12.0349932610989,70.1194275319576,41.1048583388329,1.97678810358047,2.10832899808884,13.3676927089691,1.2818056344986,151.433519363403,25.2364946007729
1.78835973143578,59.0130642056465,20.4359331727028,568.96653047204,5131.95342192054,3777.53427872062,356.489489525557,455.268926292658,705.055425077677,719.150872260332,28.9423007667065,5263.42784768343,6.22976419329643,140.557391822338,0,34.4917244315147,47.0441695153713,27.6575068831444,21.1136654019356,659.347666978836,366.221712172031,128.834211945534,443.600020647049,2284.45103281736,27.7655639648438,55.0756587982178,418.818062990904,1446.35233047605,88.0685195028782,229.121656775475,0.926837801933289,183.037593066692,1.77786695957184,294.42950707674,3700.6364916563,2038.46332234144,345.130091637373,131.313684076071,742.778636455536,2418.23913118243,87.1523794531822,27.9593659043312,177.067378908396,19.6635212898254,228.230034470558,196.734073102474,492.822475463152,60.645742058754,8.30740994215012,3.92339015007019,4.60949271917343,1.01356422901154,64.2773652374744,21.5142039656639,78.0775096416473,33.19981944561,106.136621057987,57.027590483427,44.7395494878292,39.4286260604858,133.9575278759,0,67.7111941874027,42.3885115981102,31.5008766651154,3.17782890796661,8.99445044994354,6.99870336055756,17.9563855528831,21.2033328413963,14.1691658496857,33.5966883599758,395.626512795687,0,11.4220679998398,22.4965825676918,349.406447976828,59.3726342618465,8.6592401266098,0,4.50408929586411,0.999386608600616,156.312462568283,766.357349157333
0.53336364030838,145.807457387447,57.4836488366127,1.7205137014389,21.2696965932846,0,25.7354288995266,10.5710816383362,976.607492923737,0,19.2384666204453,2.83253872394562,2.80674514174461,11.1378632485867,34.4917244315147,0,159.093698740005,21.5591548383236,77.8502903580666,0,16521.8206190169,8942.7052385211,21379.3538474441,5004.73315998912,508.931669235229,230.129984676838,10331.4849227369,1940.43453985453,3.83156782388687,18.4174326360226,0,0.831575572490692,0,859.011022657156,401.226496458054,6378.75139901042,1093.03132268786,707.047200113535,889.05472689867,25.4989151954651,34.2472833693027,2.02461278438568,757.31360027194,74.6567299067974,183.89153021574,148.992064744234,470.543571919203,21.1911178827286,9.01254218816757,22.5705216825008,52.1582145690918,55.6722238063812,7.36159330606461,24.6394140720367,13.9546247422695,38.0315010845661,27.9617712199688,249.1245213449,13.5266188681126,70.176167935133,11.898986518383,0.974261879920959,40.8019872605801,21.5372957289219,11942.210146904,97.8899191319942,3.57755237817764,21.4216464459896,8.73415803909302,1470.78136369586,1789.55051597953,4529.87352091074,1770.8190484643,0,83.6145125031471,2779.84477335215,1388.31464663148,104.261661738157,240.021608024836,0,1.22216498851776,8.4224671125412,108.796532154083,126.026018261909
1798.95234358311,149.427471786737,7463.69537380338,0.470493882894516,15.8203345537186,112.234750300646,594.84491276741,3184.77952688932,50.4120115935802,100.955405026674,1521.33028095961,20.6558564305305,0.53869616985321,6347.46544294059,47.0441695153713,159.093698740005,0,1136.04829949141,8105.53561043739,10.5140859484673,2871.89080691338,148.93270739913,18887.1912368238,198.540588572621,3.33725395798683,4932.23612977564,12654.7504785955,1641.69495224953,3176.80559283495,6916.70050442219,15.8272382318974,17.7484957873821,113.677759826183,8534.13597781956,575.935075134039,8753.19377076626,2721.61936941743,4084.78989680111,2846.21346715093,30.7685336321592,49.0542586743832,0,379.829057782888,53.5405848324299,79.7552727460861,100.054884642363,8.7492333650589,3.58968961238861,0,0,180.409110486507,334.400636047125,0,1.59678626060486,0,2.13096711039543,2.06038093566895,8.72012427449226,0,10.5937548875809,0,0,0,8.99424839019775,99.0483458638191,690.098824083805,11.0329895019531,115.079462975264,0,6.71551921963692,70.6681759357452,235.584323704243,31.9264779686928,1.31797301769257,839.150090873241,2684.87712571025,10.4987767636776,0,2.9473203420639,0,0,0.401172697544098,27.0541667044163,246.972008943558
49.5125812292099,38.2601309716702,204.54564550519,5.75451046228409,1.72742646932602,56.0196004807949,239.266530096531,141.580687642097,42.4538766443729,315.618929252028,15851.2686261386,179.779720455408,7.66372784972191,305.177674382925,27.6575068831444,21.5591548383236,1136.04829949141,0,8607.61938327551,82.7936201989651,338.109594017267,11.8617016971111,1210.42282223701,37.0822534263134,6.75650423765182,7293.96740022302,3233.73708301783,192.222530126572,468.328983664513,392.847163766623,428.780808985233,107.839650064707,14.6089974045753,2460.85394757986,225.554835557938,4719.45703032613,5850.09968370199,4956.30679798126,2621.30275538564,12.5796894431114,19.925700545311,20.9839885234833,23.3510228991508,50.5695341825485,11.5133549571037,6.04291981458664,2.29429256916046,0,10.4220597147942,0,43.8515147566795,16.9765076339245,0,1.53307926654816,0,0,0,3.93364489078522,0,151.307941585779,0,80.0631830096245,0,2.63504004478455,1.4729445874691,22.7841608822346,27.2141932249069,13.8324728906155,0,0,7.82898211479187,3.23923134803772,0,5.85967496037483,806.570483624935,691.767320871353,0.452357560396194,0,0,256.22540473938,0,0,0,83.5463399291039
295.061662301421,128.65163308382,468.413227081299,1.47827783226967,4.46009945869446,31.9971577525139,254.103632092476,479.566015437245,40.4174979329109,147.809588521719,3150.76454845071,43.8993105590343,1.52302050590515,1087.88353055716,21.1136654019356,77.8502903580666,8105.53561043739,8607.61938327551,0,30.2771447300911,1238.99349473417,41.1994857788086,4218.55113604665,68.7585822343826,0.899798929691315,9829.65021461248,4444.38280254602,396.028883218765,1015.74294812977,1287.55281186104,41.4255217313766,18.3389694094658,36.4973050951958,3233.46762394905,532.419880151749,7824.99945417047,3703.37005192041,3910.2919832319,2723.22798267007,15.9632385969162,28.1707859635353,1.09270107746124,44.6324782371521,18.0159974694252,21.0661368668079,28.0630226135254,1.44676542282104,0.693450927734375,0,0,86.2215531170368,85.9866383671761,0,1.92585515975952,0,0,0,2.50179359316826,0,12.6663626432419,1.81404626369476,1.76958286762238,0,2.23327434062958,11.0493706762791,106.356379151344,19.5116938054562,50.6250790953636,0,0,15.7696495056152,8.09320402145386,5.13619494438171,3.48003107309341,858.34723764658,927.979969739914,0,0,1.06445902585983,8.20964157581329,0,0,2.63646918535233,198.651260316372
3.87707698345184,1.42719626426697,1.45810407400131,24156.7189326882,390.219841778278,673.549785584211,170.908373296261,1211.34896802902,870.645514398813,23653.0696213245,326.899643808603,16867.9533288777,18.5954166650772,1143.01564586163,659.347666978836,0,10.5140859484673,82.7936201989651,30.2771447300911,0,7.12835490703583,4.27563056349754,3.07744625210762,762.813857764006,21.8508931100368,51.9966810941696,9.04609224200249,4202.94932499528,507.378103941679,13.9609117209911,3.65365040302277,382.893574684858,0.895510137081146,668.067285001278,180.274853616953,2326.15159398317,119.643462687731,311.955942153931,205.43435844779,656.632829546928,214.617981791496,32.9346531331539,176.572554260492,1.12771442532539,50.4791224598885,50.5473532676697,729.668859213591,6.66817706823349,5.55856871604919,2.13051491975784,0,0,245.634238868952,41.170011729002,89.1896460950375,38.3290115296841,53.2592712044716,197.939315140247,239.109024465084,10.3965281248093,322.102861613035,0,31.2532171308994,66.9342355132103,4.84722205996513,0,0.580923557281494,0,156.147098660469,5.15491661429405,0.777802228927612,1.50577622652054,859.743835031986,0,0,0,525.635745495558,14.810873478651,1.68099188804626,0,0.997193962335587,0,36.1537610292435,8.43172818422318
502.203161120415,28.7302362322807,1809.11879235506,0.750429034233093,336.410204201937,114.074015200138,2621.19369277358,1526.75443948805,300.571276664734,119.809157937765,558.551674365997,7.84156370162964,0.39549320936203,2376.61973214149,366.221712172031,16521.8206190169,2871.89080691338,338.109594017267,1238.99349473417,7.12835490703583,0,890.371304452419,54186.7520315349,1126.78085234761,356.715748667717,1636.59671655297,2597.35522176325,13529.1723858118,1200.11070676148,28733.7812931538,6.2177482843399,16.2246823608875,66.4719212651253,8547.67516563833,3198.62558108568,27795.8191297352,1435.35947039723,13809.1104418486,7836.81854373217,240.952455759048,307.584145098925,10.4040166735649,531.573217004538,27.5802443027496,123.419510304928,141.388942062855,431.923280596733,27.6161577701569,4.92902708053589,25.098861426115,19.5159246325493,32.3613310158253,1.87863487005234,21.1447813510895,6.99418753385544,25.9778574705124,21.7853737771511,260.94490608573,0,71.1837749779224,18.451137393713,0,73.0597263276577,28.5593329966068,2343.08434453607,36.81576359272,0,5.14368277788162,2.2500493824482,964.021625488997,683.071530014277,758.526962757111,1828.2928288877,0,18.5262375175953,689.199496239424,1279.95000055432,157.024691104889,266.402347356081,0,0.725114107131958,21.2778869867325,119.87572991848,491.081983029842
0,5953.82786026597,35.2670575082302,4.41153690218925,34.6301817297935,0.469583988189697,9.77006942033768,4.20008099079132,4932.10812759399,0.375229328870773,66.6173789203167,30.1229209601879,557.811264127493,2.48875510692596,128.834211945534,8942.7052385211,148.93270739913,11.8617016971111,41.1994857788086,4.27563056349754,890.371304452419,0,1109.97734451294,25369.044626832,1157.25253584981,296.991824120283,17719.187147975,1454.27694091201,6.92793115973473,5.84532931447029,43.4290003180504,0,1.52826157212257,138.207456886768,16.1675804555416,382.774864971638,106.762451887131,95.8836558461189,70.5227053165436,92.9406386613846,0,47.1053915917873,195.483883321285,40.6353432238102,51.6387154459953,40.3290172815323,31.8941066265106,2.15014445781708,8.55267325043678,0.703790366649628,331.750694543123,67.648296713829,2.86527413129807,0,1.23913264274597,9.42061084508896,0.461565971374512,114.456310212612,1.60813167691231,39.9200059175491,1.25122553110123,77.9150470495224,7.16521316766739,5.13750660419464,2764.61470344663,81.6546981334686,2.32238215208054,25.0083746016026,0.896536946296692,188.005297601223,1497.37463092804,711.034235626459,611.998455137014,23.7639752924442,255.669796317816,3351.25741362572,224.165740251541,13.0950459241867,18.0099983811378,27.1499834656715,0.786378264427185,2.60339379310608,9.76587456464767,25.225067794323
1236.40796306729,86.2904236912727,36021.5642597079,0.959683775901794,368.738569617271,271.385969042778,2416.96162372828,3758.39737012982,330.748592466116,137.117555052042,1788.06241506338,19.2482875287533,3.67354792356491,5944.37956126034,443.600020647049,21379.3538474441,18887.1912368238,1210.42282223701,4218.55113604665,3.07744625210762,54186.7520315349,1109.97734451294,0,1003.02188378572,575.64809563756,11052.3214763105,44344.3288890123,12001.0983982682,2261.86302007735,14285.0980027914,26.3869913518429,39.9444631636143,102.552087217569,15649.5561753809,6959.90421149135,65264.9221382737,10364.1022875011,25298.4484811574,20063.1115950644,479.663216620684,386.447484821081,4.64146876335144,1286.83500647545,117.499009877443,278.486832737923,380.891590058804,444.025283455849,20.7524858117104,8.16425284743309,6.52894479036331,146.807955443859,630.443220376968,0.466407984495163,49.0567455887794,7.92410552501678,38.5542753040791,35.1375246345997,118.485559552908,4.89702993631363,92.3069818615913,20.0304472148418,0,24.2820553779602,43.1670809388161,9847.11290693283,548.636036753654,5.41429573297501,75.3211527168751,7.40233746170998,1044.25945141912,940.397289484739,5068.00918588042,1311.22578936815,0,264.329198509455,10035.221111685,982.811989605427,42.2935107350349,118.706056296825,0,2.79430139064789,3.99952945113182,98.0800713002682,1986.47710260749
59.8294407725334,3782.49235740304,110.834906667471,4554.1615613997,815.456854820251,162.379827648401,1833.70373275876,236.549559026957,34547.1867544055,1619.99870145321,121.131832540035,1629.55079266429,312.112298905849,391.248383998871,2284.45103281736,5004.73315998912,198.540588572621,37.0822534263134,68.7585822343826,762.813857764006,1126.78085234761,25369.044626832,1003.02188378572,0,1174.9666377604,369.832900255919,11282.6608090997,20076.7381988466,784.293972462416,52.8753232061863,22.0269778966904,86.5096020102501,54.5340940356255,1059.8086925149,611.035466820002,6425.25840756297,352.688841789961,764.44176620245,489.022844046354,1206.82310816646,177.761619836092,26.9124702215195,4952.10398316383,49.6444481015205,1058.43428656459,568.66012597084,2633.80201146007,224.128689080477,8.67524525523186,174.798292726278,102.528370499611,47.466060847044,717.379150658846,140.484368890524,367.846211969852,829.963681548834,669.943406492472,4731.53318470716,782.377096027136,155.651989400387,642.023632079363,14.679487735033,670.606782346964,257.391713172197,2658.95674648881,34.0481378138065,1.16738811135292,4.55116382241249,134.914083957672,785.169683277607,1275.52795788646,940.060539633036,18740.0146273077,10.4663557708263,35.0892974436283,1093.33333769441,10928.5017004907,1420.85577622056,434.756275594234,4.69393506646156,4.36807337403297,66.6013988554478,673.445021122694,345.490306049585
0,2851.55371981859,4.65968030691147,9.30983340740204,28.4304783940315,64.5405271947384,25.9005610644817,83.5267062783241,475.641720354557,51.8416392505169,1045.10018619895,63.500481903553,12580.9378070533,25.9307370185852,27.7655639648438,508.931669235229,3.33725395798683,6.75650423765182,0.899798929691315,21.8508931100368,356.715748667717,1157.25253584981,575.64809563756,1174.9666377604,0,90.9612654745579,7962.5932379365,335.16505497694,16.8292367458344,16.1931474208832,315.25104406476,43.7223398387432,0,3698.9264998138,7.6118221282959,467.976228475571,130.380905091763,106.513424396515,17.4545950293541,568.148095995188,16.4322261810303,1384.57047811151,224.747702479362,202.994575500488,63.2094303071499,29.2440164089203,403.181184142828,3.90380990505219,114.917516887188,2.12855786085129,502.966204196215,8.29185009002686,7.2857326567173,2.98437595367432,22.70124360919,10.7418967485428,22.8817728757858,28.9241327643394,29.3899145424366,535.856755465269,30.3672134578228,1980.78565984964,24.7946506142616,3.27480840682983,394.325342386961,4.17347246408463,43.2524979412556,4.23810219764709,8.48950892686844,162.834856897593,36.3203637003899,199.337946295738,149.337198376656,1907.7458229661,468.404328525066,2250.02713778615,203.996188610792,55.0627430677414,31.341136932373,669.329700499773,5.26109850406647,0.447978883981705,35.8179280459881,13.1378858685493
164.810113400221,948.47570374608,28499.790015161,3.86400392651558,10.6631609201431,160.255155056715,797.00858643651,1096.86595261097,255.862795352936,245.794173568487,5989.55936488509,147.507902622223,75.2335457801819,1422.44225154817,55.0756587982178,230.129984676838,4932.23612977564,7293.96740022302,9829.65021461248,51.9966810941696,1636.59671655297,296.991824120283,11052.3214763105,369.832900255919,90.9612654745579,0,47871.1982939094,929.721520572901,493.206776797771,1462.62704601884,381.055764436722,90.2196555435658,9.85688737034798,1563.23592081666,519.647828042507,12330.2179042101,9967.20469725132,3465.10084807873,2717.6036529243,31.5301700532436,45.203649520874,22.45813408494,750.99119630456,583.164751559496,342.354536324739,117.078082770109,7.14049166440964,1.64916777610779,44.5495846569538,0,1476.16389727592,591.315696626902,0,4.71244952082634,0,3.64730450510979,0,67.723450422287,0,1546.58662766218,2.08691269159317,1397.75536522269,0,2.51325100660324,145.138931274414,731.63380715251,895.351752579212,1006.21833097935,0,11.4583887755871,217.727654784918,143.055601269007,92.1866449415684,344.806341707706,21995.2764422894,18424.797940582,5.0974877178669,7.13282790780067,11.5095035135746,2405.16696533561,4.33278423547745,0.836879134178162,66.653827726841,222.483737558126
105.473054856062,24975.0357150137,36721.7248286903,5.74012157320976,110.373712033033,60.6533288955688,370.261127620935,427.618984282017,5872.7638193965,68.9287002682686,1587.50142115355,90.0883744359016,4106.696267277,594.877724170685,418.818062990904,10331.4849227369,12654.7504785955,3233.73708301783,4444.38280254602,9.04609224200249,2597.35522176325,17719.187147975,44344.3288890123,11282.6608090997,7962.5932379365,47871.1982939094,0,3986.29228106141,281.96781951189,1003.80424821377,4070.47755745053,22.4470277428627,8.27623808383942,2350.73531487584,2687.93740159273,36339.7045149803,8879.64633128047,10020.08599931,9531.61858710647,290.730090349913,122.547681391239,82.5265878140926,5233.3751475513,1575.69060692191,1555.38996459544,974.411335170269,66.0681410133839,16.2661136984825,116.900399029255,4.12141492962837,10190.7067046463,3849.91664198041,1.64626967906952,19.1850972771645,1.15156769752502,62.2856060564518,2.32400473952293,305.952137082815,0.521909415721893,1598.48827320337,0,2796.90081235766,8.03589388728142,17.8252114653587,7908.59970673919,5197.22779789567,1670.52958738804,1849.96849569678,0.588317394256592,192.42127636075,4539.94212988019,5771.88752189279,1643.85341498256,1979.94571608305,39306.9580892324,93397.7035753727,488.322209954262,22.1427299976349,59.6228445768356,3714.23401194811,2.61270451545715,0,356.906630188227,1186.02438911796
202.62790569663,88.0345219373703,1060.16106182337,16029.3344267905,586.683067768812,484.964137107134,63891.968880564,1650.49498823285,6858.8828342557,7109.17509788275,559.021514281631,1410.81346404552,14.8338545262814,2210.56986874342,1446.35233047605,1940.43453985453,1641.69495224953,192.222530126572,396.028883218765,4202.94932499528,13529.1723858118,1454.27694091201,12001.0983982682,20076.7381988466,335.16505497694,929.721520572901,3986.29228106141,0,4453.26747959852,45438.6643267572,11.7543667554855,299.087736576796,394.040745019913,4144.83824360371,3026.67103338242,20360.47494331,913.157080024481,6122.40476328135,2980.71166753769,1137.89083275199,973.233767300844,36.4511062800884,3895.87116968632,53.7460662126541,769.75788167119,367.426786720753,3874.21089145541,178.153626531363,12.3821070194244,145.092338263988,27.3768094778061,60.5588521361351,685.174383580685,150.586554586887,310.615288287401,824.072940170765,360.159565031528,2531.71227860451,607.665912270546,157.142599970102,993.67915776372,0,374.042868494987,321.291005969048,2351.80965277553,66.8522641658783,0,4.3407889008522,195.067749112844,656.12319496274,751.631972014904,854.727855443954,14722.6484434903,0,23.1112442910671,1458.289190799,9600.26537752151,941.162163317204,496.929468423128,0,3.48849046230316,62.0624397397041,497.123395264149,419.587494313717
9628.81687742472,5.09988981485367,95.2135741114616,134.665486901999,41.1323263645172,473.583278924227,6757.13140544295,1276.92174553871,133.638431042433,4454.78617019951,1277.03844475746,784.231161028147,83.6204347908497,11786.8958553374,88.0685195028782,3.83156782388687,3176.80559283495,468.328983664513,1015.74294812977,507.378103941679,1200.11070676148,6.92793115973473,2261.86302007735,784.293972462416,16.8292367458344,493.206776797771,281.96781951189,4453.26747959852,0,24592.3703398705,46.6908592581749,4724.98368757963,10369.2322020829,7109.88782663643,364.240740388632,1433.33429022133,421.283281832933,3539.495781973,782.144312500954,76.263551235199,311.321364343166,131.87974563241,134.963598996401,18.9484386444092,83.8072888255119,56.0791667699814,85.0951644778252,10.6198449730873,16.5121573507786,5.09046331048012,6.50734311342239,1.37789499759674,2.75503066182137,3.24372470378876,4.94739824533463,14.4806943535805,17.2833608984947,74.6872718632221,5.5007119178772,14.0206718444824,11.1524729132652,12.7004988193512,9.1777535378933,9.90308552980423,7.70738822221756,0,0,0.372134059667587,1.53871738910675,2.67715114355087,3.57063317298889,3.77666288614273,351.87565267086,0.373844742774963,5.63401779532433,4.27581381797791,197.85325729847,20.722258746624,7.06744053959846,4.58295631408691,2.3649514913559,2.790691614151,40.1693863868713,19.0134942233562
13835.4824326038,2.84386029839516,805.351071983576,2.14353173971176,147.042003273964,103.072373002768,16506.1194294989,4192.09947580099,4.86451929807663,134.110171705484,723.921412095428,18.2472946941853,11.5990627110004,18514.3853529394,229.121656775475,18.4174326360226,6916.70050442219,392.847163766623,1287.55281186104,13.9609117209911,28733.7812931538,5.84532931447029,14285.0980027914,52.8753232061863,16.1931474208832,1462.62704601884,1003.80424821377,45438.6643267572,24592.3703398705,0,21.3883656263351,65.3015592396259,1363.89579492807,15438.357316196,1756.39718684554,7147.93523454666,303.064934462309,9077.515710935,2400.94460837543,103.779257744551,400.275006234646,9.51416260004044,33.830542832613,1.96029359102249,22.8328293263912,37.2743942141533,36.2758369147778,3.2095113992691,2.01308923959732,5.31288105249405,4.74709743261337,9.47195461392403,1.24184930324554,1.54887557029724,0,4.2317299246788,1.26754850149155,11.1703411340714,0.384818434715271,8.41064912080765,0,0,0.571847796440125,8.80604153871536,66.5681482553482,11.9223982989788,0,0,0,30.5300728678703,16.5259076356888,24.7819976508617,132.541999012232,0,2.24157765507698,95.6156662106514,84.568766772747,10.1287223696709,10.2240442335606,0,0,0,14.407043248415,232.858881801367
0.425524324178696,90.6591087281704,1.75069925189018,0,0,5.08124449849129,22.3658662736416,17.2221613824368,18.9015662968159,18.0584351718426,1399.95655542612,10.7637439370155,2945.97015011311,34.7962796986103,0.926837801933289,0,15.8272382318974,428.780808985233,41.4255217313766,3.65365040302277,6.2177482843399,43.4290003180504,26.3869913518429,22.0269778966904,315.25104406476,381.055764436722,4070.47755745053,11.7543667554855,46.6908592581749,21.3883656263351,0,29.1819961667061,0.601410567760468,347.989247828722,11.9429622292519,231.813727319241,759.820367515087,286.551267504692,165.178097993135,3.54246044158936,2.42860868573189,88.2116704881191,12.6673194766045,462.128246515989,19.43345490098,2.5665647983551,0,0,123.508559316397,0,140.998246580362,0.469406872987747,0,0,0,0,0,4.15973109006882,0,1710.42296645045,0,2516.87170889974,0.613349556922913,0,0,0,156.089862555265,4.31760764122009,0,0,3.99498075246811,0,0.62503707408905,505.797291725874,2450.49977442622,3882.93922421336,0,3.96301713585854,0,2810.6111227572,1.2841163277626,0,19.7867216765881,3.74834197759628
