0,0.00142646286163965,0.0663703289861496,0,0.00473287917020524,0.0076901072955401,1.21559828993722,0.39010510387609,0.0190857477459775,0.00873671754339096,0.00707853290381723,0.000884260729058683,0.00458937602039033,1.659140511375,0.00439874838707668,0.00759581088582587,0.0814880332214014,0.00239842333575868,0.0147757376111708,0.000105764553989589,0.0438620576504236,0.0312638639421473,0.095498077226036,0.18944973731063,0.000467819427850753,0.00462211049076203,0.0540362879608057,0.111852653602352,1.11929466329257,0.767708464663511,0.000820113273941696,0.00659225469486398,0.00704241484185987,0.130092089017904,0.00928943131758749,0.0773182696474494,0.0114511056702382,0.086657869193325,0.0326414283835975,0.00710044617109251,0.00669337294247783,0.0110812603962306,0.0326937716429318,0.000799361756502629,0.00237446564927673,0.00256834274616006,0.00231150963258809,0.00265764288407028,0.00275846860890144,0.000121946222641826,6.5514477795124e-05,0.00718058679764637,4.78756748183369e-05,0.00100673403168529,0.00111295440533889,0.00440428218794096,0.000895290676258833,0.0127282539765004,4.52328094358146e-05,0.00105546458653057,7.19810054216087e-05,0.000588440703228951,0.00333055281315306,0.000291228707834065,0.00495054559095686,0.00376706190872043,0,0.00013314701559484,9.48513720800578e-05,0.0213023431708723,0.00467351688156054,0.00896076622223702,0.0296581622272602,0,0.00122514923440567,0.0134644517197189,0.0526773970599183,0.00478949169015348,0.0227958039967059,0,0.000104905220994651,0.00124950498991978,0.00317439374759585,0.00167704585926345
0.00142646286163965,0,0.422592435014561,8.70846612101197e-05,0.000787008093983888,0.00186162008681122,0.00972257625999364,0.00888314810420613,0.0301759855887705,0.00230821851708502,0.25852727508426,0.000338663076840878,0.237746094439466,0.012591983547129,0.00455325718846733,0.0448239447377498,0.194601323877568,0.112343135050573,0.216697435726349,0,0.00569118923453378,0.504816880459528,0.0299194833903933,0.064967935321267,0.29590670006717,0.382135900789292,1.78045933939758,0.00664018716427347,0.00428407360452586,0.00610814522890413,0.0115429929216016,0.00598600005355507,0,0.216764644327478,0.0100373404596872,0.0787911701479391,0.0286386328037636,0.144029390691124,0.101865133968869,0.00167804983993006,0.011635838536375,0.00676950256452084,0.00221481546643102,0.00121715673110926,0.000663461619652569,0.00167475822074112,0.000156382204810381,0.000470603928414345,0,0,0.0770911919526153,0.0421021567694151,0,0.00137842552932519,0,0.000298250884379089,0,0.00079767438961637,0,0.00116515464997029,0,0.00218612698909252,0.00014034985174656,0.000596181129396558,0.00165916614686796,0.0110817237647661,0.00145971455322763,0.00395926488212665,0,0.000328471384826034,0.00520046352754345,0.00395528886934635,0.000823679177352011,0.000259041923652828,0.0659934184143126,0.412308040399647,0.00186433892855412,0.000326493769763946,0.000725115354941368,0.000579795564215987,0,0,0.000239433997693419,0.00217945720978395
0.0663703289861496,0.422592435014561,0,0,0.000554315193667263,0.00306323369782162,0.134402980830749,0.18119106144672,0.000406541230474323,0.00357773291230256,0.0183952246537741,9.99383522538543e-05,0.00284789536445439,0.246326391510754,0.000933156582695962,0.00803512462618312,2.17009467696361,0.0647286226477025,0.386447047457559,0.000157544288298368,0.787957752794393,0.0376056790743633,3.74497262596007,0.00288543821576268,0.00373936758215377,1.52607616350134,5.02895597375433,0.0407962067206592,0.0509768661768355,0.415000005692744,0.000437987407155454,0.00190158722629532,7.74368568885327e-05,0.290177036002074,0.00781928821166235,0.0606004424192539,0.0338860584675487,0.129369947010434,0.0894604629471006,0.00243803584510598,0.0135803903784247,0.00325998942036089,0.0154805021837113,0.00786193516365146,0.00411741788280952,0.00672405924326849,0,0.000247862182843923,0.000736802259290279,0,0.103806116513243,0.519171455333718,0,0.000426301195775628,0,0.000490567629834473,0,0.00670503855406835,0,0.00159209683573204,0,0.00146571237389008,2.89365763114393e-05,0,0.00382196767148083,0.214524036352841,0.00509969528064797,0.0616531832988212,0,0.00164338452028486,0.0224098149171069,0.0346206061984437,0.00215530619134399,0.00261313966200122,0.27908226723707,2.07465883867724,0.000705133382878036,8.63168129670023e-05,0.0014157428544868,0.0025698605281122,0,3.71099445387125e-05,0.000758210551011264,0.00146988279016391
0,8.70846612101197e-05,0,0,6.45250398547053e-05,0.0288751265657164,0.0158325895923873,0.0170711517118054,0.0590417490706294,0.72386535035603,0,0.386660877662419,9.52603168770075e-05,0.00139674154917187,0.0175195968212745,0.000103676272406459,0,0,0,5.13122977791991,0,0.000274756107661485,0,0.247544646556154,0,6.01078431741e-05,5.34635721858144e-05,0.686648506584199,0.000115762942920148,0,0,0.000129975334596634,0,0.000772283880475223,0.000173236560367942,0.00158982235720592,0.000107334623025656,0.00185107301715123,0.000843356746704339,0.00516397686698914,0.000173620859847754,0.000912355877284705,0.00168661601575756,0,0.000309606966570675,0.000202397575249583,0.0042710905143385,0.00157871380292943,0.00149664153147089,0.00036116490585798,0,0,0.0824754354271843,0.00042257002244702,0.00369830269301981,0.0470736245535298,0.00256993376467815,0.0149418296346194,0.0941626986121683,4.59193332654834e-05,0.124587064147183,0,0.00264190992252437,0.00799107038070837,0,0,0,0,0.0519203037675616,0,0,9.89717630440593e-05,0.0424312177650611,0,4.39288309033513e-05,0,0.0573826636642842,0.00162113945235426,0,0,0.000220425429035872,5.08746364805996e-05,0.00111563670579537,0
0.00473287917020524,0.000787008093983888,0.000554315193667263,6.45250398547053e-05,0,1.1902366069946,0.00880567671917054,0.0415003268544092,0.0167504709196172,0.00856010644495011,0.001429676476892,0.00590962982045504,5.73896334446668e-05,0.00596435249500876,0.434593377081325,0.0544772917693454,0.00049394014995575,7.17971985803247e-05,8.30422998482287e-05,0.000118991527587981,0.0542954571116574,0.0110298029855833,0.106329349278738,0.0344300047295251,0.000152055799912513,0.000166189231611728,0.0205867382391316,0.0259073628720834,0.0132003771465934,0.0123012256861218,6.02562540528774e-05,0.288327721538342,0.000720431673149765,0.274552495943445,0.0285121290838671,0.0624995759061874,0.0450518386667517,0.0102059502098512,0.0289125413011571,1.73123587859774,0.825730940381969,0.00349976655645382,0.00512108127544704,0.000884709112137795,0.00175563934250844,0.00834931991109162,0.000941245501732528,0,0.00160903302580529,0,0,0.000984393686922044,0,0.000107111442066014,0.000463982538238585,0.000447894523074746,6.5532058677435e-05,0.00125472584145436,0,9.93533965178132e-05,0.000936490928562015,0,0.000249731422032773,0.000410917051125884,0.00463516015410429,0.000495991373733848,0,6.33367454527616e-05,7.24846752424836e-05,0.00831960956742615,0.00147014462339911,0.01870912151283,0.00296333547361082,0,0.00165377305401778,0.00373163645652956,0.00613231132262984,0.00066097309709251,0.00217235483810842,0,0,0.000180011103127599,0.000556682424180329,0.0625822784458604
0.0076901072955401,0.00186162008681122,0.00306323369782162,0.0288751265657164,1.1902366069946,0,0.406588819320896,2.26741062760338,0.224765262898202,3.08435016726504,0.00609775770575112,1.24060333659753,0.00572734826187185,0.10995772253339,0.907430438650207,0.00647416530073642,0.00160765374463239,0.000195637632963538,0.00121347617018929,0.0875655672917458,0.0114592497797708,0.0332530714498399,0.0104290319626275,0.175512113315352,0.000836120802029729,0.00139388577866292,0.00772108116887596,0.339635181827925,0.0169893395604085,0.00954357009357333,0.000361599362183422,0.0673512746866923,0.00103328331667033,0.135342032437278,0.0845445791163019,0.51909770415802,0.0122875594759945,0.0813158326594383,0.106340085833736,3.04626410716467,0.32910329710965,0.045541393669847,0.0993615744416706,0.000690141917500913,0.0124346708388321,0.0130079041077359,0.0790440127380865,0.0205845721076051,0.0398041812465145,0.0012903443079924,0,0.000709431141845584,0.0122445724702808,0.00523817655409285,0.0178588118511989,0.143657322314548,0.0192756382013464,0.0564137212148937,0.0139640506680457,0.000744942782066256,0.133829186009857,0.00024386994624576,0.0436487347470565,0.0515053836971103,0.00159985795793465,0,0,0,0.0399374785882776,0.0140253845756449,0.00333002702927711,0.0042382585631075,0.164836605847536,0,0,0.000891916308219999,0.323581495787855,0.0317846340263589,0.0432453174276282,0,0.000288673012187541,0.00576177016008541,0.0184709691871225,0.00519003290877145
1.21559828993722,0.00972257625999364,0.134402980830749,0.0158325895923873,0.00880567671917054,0.406588819320896,0,2.02277371826221,0.319134017416991,1.41258945860394,0.0167833375321351,0.00838151086912832,0.00849799969716373,2.91140838591013,0.0271033720731713,0.210468631256344,0.0209189261583143,0.00422049859320313,0.00874633722471723,0.000337868770653159,0.615863112586592,0.199493317286405,0.55102723495277,1.85779188237467,0.00282641733309478,0.0069653448479374,0.119168187980264,7.74470883264309,0.418263394675062,1.09061990058221,0.000607748596032411,0.0126195741304491,0.00984947454557848,0.173515747438628,0.038518318440167,0.280561721917755,0.0211321717715673,0.16019451562082,0.0962914066609987,0.0305785585125374,0.0256687836485466,0.0257053337831441,0.189379297757188,0.00178134442753172,0.0226111287977879,0.0139016603996584,0.0387865498043827,0.0419200561238856,0.0160751305105515,0.00257162267149571,0.00044293036204648,0.0134412090923144,0.00775209701175607,0.00809585719702721,0.030204147438479,0.198258913607087,0.049449932159546,0.163748051839678,0.00991393350633958,0.00227950615797866,0.0211809280673266,0.000831795606619567,0.111164011159267,0.00368227525169519,0.0161834823608611,0.00494947167816022,6.05497007943392e-05,0.000738837323414326,0.0172322646946396,0.077721102136261,0.0250180909050133,0.0352325397069573,0.526732833769592,4.06598037898243e-05,0.00089873112980765,0.0266760228739431,0.825961535456336,0.067297654866019,0.128271297755175,0,0.00273600823290995,0.0121435613922607,0.046425328546235,0.00871660347409603
0.39010510387609,0.00888314810420613,0.18119106144672,0.0170711517118054,0.0415003268544092,2.26741062760338,2.02277371826221,0,0.0936266968284851,1.8964992593544,0.114252692881059,0.4522079992019,0.0440373986167387,2.83896494417444,0.120937188786911,0.0136822682131919,0.0746418839724267,0.010850174317977,0.0232573339537392,0.0395910756531187,0.332518525021431,0.0854268933304943,0.20365285076791,0.403421646428253,0.00798151370823768,0.0268515535180875,0.17009096283192,0.472226889453034,0.428425787822299,0.237215211834958,0.00419262869842761,0.210396536193344,0.00440599286232904,0.425388583716335,0.03281530077839,0.623812346014362,0.0664139676747474,0.28143649731166,0.234518962491489,0.263603017413715,0.100007912371782,0.138808390857956,0.21216735315005,0.0053728425097965,0.0386929278589111,0.0290145051763773,0.0345403215000882,0.0262098913006235,0.0907445942851751,0.000687614056112588,0.000735030667786628,0.0118042216535669,0.00144682715372943,0.00279274681548402,0.0077147105468874,0.134990883902256,0.0141537873131517,0.0631530741928038,0.00260666577478641,0.00783009408923417,0.0150038854331371,0.00759958195299965,0.0401723505074209,0.00551332294130069,0.00811566139364684,0.00420541479932016,0.000361966221941292,0.000296393406415522,0.00554233798031992,0.0452987022041493,0.0101309986673326,0.0175918430670293,0.262887168778222,0.000297276865000784,0.00622690209181563,0.0239718467886612,0.567069064834,0.0359272722847749,0.0896109103529368,0.00080211002055788,0.000741698352147013,0.00896242224189681,0.0255811406114563,0.00331367095378089
0.0190857477459775,0.0301759855887705,0.000406541230474323,0.0590417490706294,0.0167504709196172,0.224765262898202,0.319134017416991,0.0936266968284851,0,0.180314228847367,0.00963406414021835,0.464361283914467,0.0103728738250741,0.0422395696994815,0.551115840777364,0.0204372700146517,0.00177969210691523,0.00278912455379641,0.00302922161382454,0.042079823226015,0.00599659292975477,0.942679695447096,0.00497497022631463,3.51857852928343,0.00501509045101065,0.00358420451849413,0.023225450930631,0.458474514662858,0.00851551921000421,0.0116011697037616,0.000392602712370873,0.00167644522831007,0.000127761208544612,0.0128510205911245,0.00788570743759292,0.0527512131661769,0.00415944704804814,0.0196220951463873,0.0153301681553168,0.324553817943713,0.00486864239112201,0.00414142613999364,0.0532329126653219,0.0012473507415297,0.00640856645074716,0.00518858550809598,0.0674180751258236,0.0100464774174664,0.00166042417770034,0.00102275617628789,0.000165496718090951,0.00355200039083666,0.0487972592536475,0.00442350137428531,0.0198740140472442,0.164833585654071,0.0222406629667576,0.540450586369429,0.0420855157328405,0.00163154290417162,0.184844392545963,0.000389883097454131,0.0303379860019294,0.0367474219171361,0.0623494068621822,0.000857555218043536,0.000265327717884242,0.00216001196152514,0.0994115605121271,0.0793057221435653,0.0745266811554544,0.0405143894537336,0.638915944029783,0.00118553524929088,0.0018721913205598,0.00331165417954919,0.509143179631489,0.0232017417666031,0.033460359227709,4.5956740763247e-05,0.00117379579157826,0.00392537374690023,0.0118132783552599,0.00820351713374761
0.00873671754339096,0.00230821851708502,0.00357773291230256,0.72386535035603,0.00856010644495011,3.08435016726504,1.41258945860394,1.8964992593544,0.180314228847367,0,0.0156011738886313,1.95089300457179,0.0075362346622257,0.252726673775967,0.0434706453851504,0.00879271855341285,0.000489424882108837,0.00133712856292015,0.000458905134512544,4.03235170920679,0.0272941209985319,0.0203956542118879,0.0219116266613434,0.569966218410759,0.00106312391606623,0.00327164026465192,0.0159381826718188,1.58052174181006,0.0156350314052326,0.0058339100864169,0.000659186837743252,0.0150765826124822,0.000497448873792082,0.101955079459904,0.0327636696634924,0.329033526919428,0.0142805024431578,0.131415211501442,0.100742549356132,0.0704571653925752,0.0325272469757853,0.0472973116244254,0.0492556938525276,0.000970646338456392,0.0119965675293892,0.00788783214015533,0.0403226504776682,0.0191838762490596,0.0323845209747568,0.00297530041897184,0,0.00103268808189288,0.0577106395216761,0.00402361899281556,0.0281588397748545,0.379065632335611,0.0368897766150633,0.068332361162621,0.0570896111805247,0.000849025314014464,0.229807818274139,0.000366782588063299,0.0526121778158266,0.0272715027827907,0.000677183408466876,0.000248360533485443,0,0,0.130626097946017,0.0071677371489223,0.00231275391953364,0.00218071629290271,0.336205298829509,0.00015514408721459,0.000265099281909048,0.000707393674787074,0.526040727610371,0.0237323157704838,0.0159897547078938,0,0.000267627191420228,0.0026890260583122,0.0201671724959221,0.00176078310764882
0.00707853290381723,0.25852727508426,0.0183952246537741,0,0.001429676476892,0.00609775770575112,0.0167833375321351,0.114252692881059,0.00963406414021835,0.0156011738886313,0,0.00191765047423079,1.95824741345339,0.140655770738082,0.00611526851477158,0.0259054564595947,0.0681757836720648,1.05441580025392,0.06473682725889,0.000251390210360705,0.0114683610944857,0.167082003204207,0.0231992346846627,0.0443021747504814,0.36772696938488,0.323496828562126,0.839983926383081,0.0111012461122519,0.030560555435604,0.00873566804652585,0.253908479087083,0.113402596817524,0.000413411290680885,0.95873276538632,0.0293487887559806,0.47518876918628,1.38608816470195,1.05361678371473,0.445459137557274,0.00619605099110654,0.0212765703930357,0.262431852941242,0.0110593919537888,0.0541676901043089,0.00691451610782584,0.00932696789367574,0.000254407237342,0.000975543602302551,0.0257674148333269,0,0.0290893000822176,0.00757475561533432,0,0.00680856755129537,0.000157638262605786,0.000253177082474291,0.000400501995284557,0.00225347680833882,0,0.528760210957628,0.000115166739269257,0.776456818052903,0.00048563770019567,0.00160991030541623,0.000158921923669696,0.00222502505373082,0.0539702603714859,0.00534633836725581,0.000101096704616636,0.000220898495930404,0.00320951899659669,0.00216484645392179,0.0012852518289806,0.0428567511831738,0.967565668328232,0.36617638706614,0.00132158938247886,0.000959393373914302,0.000819741207291126,0.142273546678913,0,0,0.00355202109007984,0.0135973613196143
0.000884260729058683,0.000338663076840878,9.99383522538543e-05,0.386660877662419,0.00590962982045504,1.24060333659753,0.00838151086912832,0.4522079992019,0.464361283914467,1.95089300457179,0.00191765047423079,0,0.00228219135543091,0.0251215561779584,0.390816855774606,0.000652922464597821,0.000168741205757618,0.000135548159886539,3.58928726706505e-05,4.21473679925431,0.00109001999678761,0.00512171482564008,0.00159059847616338,0.176613286846847,0.000419699420474768,0.000378235567223578,0.00165011093698329,0.758604161538089,0.00114732496609282,0.0010248165658654,4.45581077870428e-05,0.00197816455448932,7.15864782314301e-05,0.0156077961418102,0.492581772820857,0.0307682438650984,0.00272205135112577,0.0170686008893998,0.0193514353040995,0.215974695628813,0.00517721057137057,0.0138211938979765,0.0178212172838645,0.000151253912771344,0.00222506702327505,0.00547798284301016,0.0914868380489056,0.00377296210255091,0.0112521803802006,0.000611981305735409,0,0.000277884221436739,0.0432888075449378,0.00499781310519943,0.0171618378231733,0.139070216197805,0.0149956907047795,0.0832207076935926,0.0421680919211506,0.00050493054337889,0.361440213941183,3.97702849332691e-05,0.0167237859538521,0.0786856891626734,0.000116860012433678,0,0,0.000618886348047942,0.114218173826014,0.00106391081454277,0.00027865340428698,0.00101305147792125,0.0801746618844066,0,0.000230250226002752,0.000131995634629369,0.16446322918062,0.00832635976002216,0.00173679705755729,0,0.000248188298586219,0.00061654023384279,0.00556577000804535,0.0176418926981502
0.00458937602039033,0.237746094439466,0.00284789536445439,9.52603168770075e-05,5.73896334446668e-05,0.00572734826187185,0.00849799969716373,0.0440373986167387,0.0103728738250741,0.0075362346622257,1.95824741345339,0.00228219135543091,0,0.0372931121320577,0.00293145800387979,0.0221297636273521,0.00170645146014976,0.0818338046916908,0.0029010688424575,8.12502465074659e-05,0.00224362122878695,0.162314942538314,0.00341400133725295,0.0344608745933347,1.15607177804628,0.0491071557016366,0.215762257730377,0.00774383394573892,0.00861425825093096,0.00293893108193323,0.298703692739521,0.0343928673710012,0.000315451730894924,0.669501819763286,0.00421242986009932,0.109981668076872,0.273679492086505,0.0681713998405623,0.0483562559006709,0.0175129810871381,0.00164403064016712,0.307966976293167,0.0147017251508391,0.0518590080630911,0.0214719303956355,0.011653902597796,0.00116443734997201,0.00190183433714569,0.0538234705815933,9.59337865807414e-05,0.0172331018879139,0.0020158052844725,0,0.00136350947245878,0.00111665254393298,0.00220146517641762,0.000332023961414248,0.00356335106722775,0.000108713525632113,1.2255119867882,0.00111185129801139,1.8379600897996,0.00164536697971416,0.000765471266122431,0,0.000383588836808771,0.0810669244012641,0.000456774183999717,0.000348576740676373,0.000319378270174116,0.00746815574004936,0.000989726526752025,0.00106986966531882,0.101553219383168,1.14506434447808,0.31639879953457,0.000881122900883496,0.00184917954329359,0.000780023976199239,0.30816858381629,0.000233097629551649,7.04861267393231e-05,0.0147613970811694,0.00171623828497741
1.659140511375,0.012591983547129,0.246326391510754,0.00139674154917187,0.00596435249500876,0.10995772253339,2.91140838591013,2.83896494417444,0.0422395696994815,0.252726673775967,0.140655770738082,0.0251215561779584,0.0372931121320577,0,0.00741178088603953,0.00885920081386453,0.135542695376166,0.0227026383328778,0.0381017892136944,0.00248026070673877,0.291605900192476,0.0730790198690641,0.223938569436872,0.369724026233589,0.00810513233155846,0.0538778603807479,0.331215626850226,0.314490953597585,2.78477140253123,0.569762513696909,0.00603818834446978,0.124206510486088,0.16894858453901,0.69374479353881,0.0116462218952972,0.162344066075117,0.0876387819874607,0.426042773504289,0.100515579517444,0.023034594437861,0.0133913361795387,0.0633096426009736,0.0868752834856168,0.00287244254626152,0.0114175193997021,0.0129109791347511,0.00969460481316545,0.00912324955785074,0.0267473502811911,0.000167919832069158,0.000730590359303802,0.0182221004666844,4.23789221345187e-05,0.00124849617451054,0.00212782357966518,0.0375109925230549,0.00371650175829264,0.0380702424137316,0.000267739654527784,0.00960306172682243,0.000840009086848945,0.00687724786476615,0.0135440847929377,0.00142378812288746,0.00884712370375765,0.00801849578875177,0.000476977351152957,0.000446881597973854,0.000124832714780152,0.048451831585853,0.0100538930304169,0.0143774878183437,0.109545859191274,0.000324473071915627,0.0112838794296417,0.0357228825790066,0.213271316105076,0.0185802511527274,0.0568755477177803,0.00101483234430277,4.34848879594803e-05,0.00404677345113283,0.00983648380385748,0.00171213524390602
0.00439874838707668,0.00455325718846733,0.000933156582695962,0.0175195968212745,0.434593377081325,0.907430438650207,0.0271033720731713,0.120937188786911,0.551115840777364,0.0434706453851504,0.00611526851477158,0.390816855774606,0.00293145800387979,0.00741178088603953,0,0.0285596463589252,0.000813026551817983,0.0012367803002041,0.00107831780220419,0.00387401048701081,0.0302547994073104,0.107251697946661,0.0505033232125437,0.340602065475791,0.000941894557108819,0.00122488687181907,0.0255618319839773,0.0941501144957227,0.0139559718163099,0.01105129800431,0.000131725687881142,0.00357074388919508,0.000670823729615092,0.0191688061573569,0.185753281906362,0.0603351533504371,0.0500243724939725,0.0149914732724782,0.0218591241666966,1.58349009693997,0.0156182081338299,0.0210103229447677,0.023390259889739,0.00223058160387182,0.00579257588575637,0.0261260791217477,0.0747783850819023,0.00394252918469193,0.0239677741580247,5.21730231375396e-05,0,0.00517167158607092,0.00513088527371684,0.005236191200876,0.0119729492726389,0.0259638311453837,0.00540651626126299,0.0405258200974737,0.00498316790299907,0.00131434563548568,0.107624608367295,0.00037094332843548,0.00863667374594562,0.0479551090110328,0.00340557573469555,0.000891744952364892,0.000179971257405281,0.000832048139311373,0.0199710760869473,0.00983688498804233,0.004390035699619,0.0144443750855389,0.0143079015713111,0,0.00658036107398755,0.00789052494583064,0.0290952162544393,0.00406731727033818,0.00509663153279274,0,9.69380142779947e-05,0.000465143591897517,0.00270144063473833,0.223716002524835
0.00759581088582587,0.0448239447377498,0.00803512462618312,0.000103676272406459,0.0544772917693454,0.00647416530073642,0.210468631256344,0.0136822682131919,0.0204372700146517,0.00879271855341285,0.0259054564595947,0.000652922464597821,0.0221297636273521,0.00885920081386453,0.0285596463589252,0,0.0133549400926101,0.0141363123364076,0.0171862947200917,0,0.615706452514012,1.21317724477972,0.701965245669185,0.461083099984464,0.0129363610266934,0.0158597564636109,0.29967887459592,0.396183140249567,0.0299718905729175,0.298167493124392,0.0011753279494307,0.00295271591489321,0.00301860021039758,0.312727824545764,0.112472258193607,0.760216772927916,0.103236563638434,0.628425270619235,0.602276967895558,0.0250351268794265,0.0636047360583435,0.00619959044940501,0.0857756697745944,0.0158436438512528,0.0150676402635207,0.02831887840537,0.00127004408346096,0.00074780502991122,0.00103726771245164,4.02743942762017e-05,0.000899917547418326,0.0241810410720566,0,0.00263608407368955,0.000218889055621504,0.00433498987369072,7.19930361348689e-05,0.0226869206134435,3.97746641128958e-05,0.00182512331404138,0.00038489258755973,0.000247264644585907,0.000145154241694539,0.000905712036193907,0.48222718447366,0.0161978274817827,0.000129727610981941,0.00218445029585508,0.000219013793264777,0.303467739323552,0.201768332026223,1.0354659427347,0.0832433231342493,0.000320278257355303,0.00456785866143112,0.180847907173084,0.0747622247830051,0.00190788133936393,0.0512256604672609,0.000220508139387489,0,0.00050564510679093,0.00488837134284863,0.0101768918089332
0.0814880332214014,0.194601323877568,2.17009467696361,0,0.00049394014995575,0.00160765374463239,0.0209189261583143,0.0746418839724267,0.00177969210691523,0.000489424882108837,0.0681757836720648,0.000168741205757618,0.00170645146014976,0.135542695376166,0.000813026551817983,0.0133549400926101,0,0.15542125725118,1.53000331461129,0.000107087938864589,0.208216364962332,0.0742959069261213,0.768700221907288,0.0100858046320835,0.00203979217510986,0.581855249691992,2.28778098665194,0.0199324968875414,0.133188553945476,0.418573701498701,0.000515343485022873,0.00163286228843344,0.000131229005498529,0.126218512104966,0.00182187678596574,0.0236438336039763,0.0251575266695828,0.0323771838437633,0.0203426875819481,0.000536078438575924,0.00177276625628105,0.000889151868469745,0.00295147304275954,0.00167204481688062,0.000989184182198256,0.000977089455918967,4.42536024139523e-05,0,0.00051200140741843,0,0.0101163401928493,0.0593409240132407,0,0.00020640933689332,0,0.000171752063389152,0,0.000605496109650135,0,0.000525488209133148,0,0.00154932116954791,0,0,0.0020593294599292,0.0204903148923505,0.00593513545229342,0.0399982637525878,0,0.00153985370080582,0.00372169598184853,0.0103214324810433,0.000508404358897627,0.000122539192436993,0.23177937716821,0.323395398994943,0.000401751713696122,0,0.000848039283172041,0.00168775128198364,0,0,0.000102325492795318,0
0.00239842333575868,0.112343135050573,0.0647286226477025,0,7.17971985803247e-05,0.000195637632963538,0.00422049859320313,0.010850174317977,0.00278912455379641,0.00133712856292015,1.05441580025392,0.000135548159886539,0.0818338046916908,0.0227026383328778,0.0012367803002041,0.0141363123364076,0.15542125725118,0,0.420924471634798,0,0.00739135388024765,0.101440649452502,0.0199792981426691,0.0181076556311663,0.0760391246951408,1.5546749558763,0.718074173629392,0.00198597033469954,0.00740106133124149,0.010375290625334,0.0668306788938298,0.00938606640813016,6.32048310880065e-05,0.129507243325994,0.00703921505069912,0.0967916594673624,0.126183829576588,0.141059463458182,0.0804640266497738,0.000772060474942267,0.00785925937742517,0.000125372287457586,0.00237245547429227,0.00303407705570322,0.00116709772565666,0.00195696207137802,0.000311513722335755,0.000225175273334026,0.000151868531433999,0,0.0611548478336461,0.0247985308147045,0,0.000627933235887229,4.18848127204478e-05,0,5.39593787325024e-05,0.00124466713533979,0,0.0335678842183249,0,0.0700934138256188,6.55032170475125e-05,0.000811449049405217,0.000323092664667964,0.000979462642437146,0.0313939112043683,0.0199292601572788,0,8.55911428004801e-05,0.00182262663947001,0.00150607325455776,0.000228966869716913,0.0112850574097121,1.08328599697822,0.852864976364367,5.47457382330894e-05,7.14181380751133e-05,4.88563415667414e-05,0.0623539837497384,0,0,0.000487659363709241,0.0022756357010724
0.0147757376111708,0.216697435726349,0.386447047457559,0,8.30422998482287e-05,0.00121347617018929,0.00874633722471723,0.0232573339537392,0.00302922161382454,0.000458905134512544,0.06473682725889,3.58928726706505e-05,0.0029010688424575,0.0381017892136944,0.00107831780220419,0.0171862947200917,1.53000331461129,0.420924471634798,0,0,0.046551375512884,0.136157184928415,0.0802613051050611,0.0172817379615577,0.00974819935971629,0.803159007728186,0.873344932990655,0.00748313296106199,0.0350190723997409,0.0576385082863319,0.000838815462038978,0.00351067126232484,0.000359456788397491,0.159513797909615,0.00204567910146976,0.0314592204766935,0.0216655770835067,0.0477410747107373,0.023256729848316,0.00101429674978119,0.00392582012486047,0.000354671926703274,0.00237218701293611,0.00166737965276286,0.00047222525149709,0.00145537589304319,0,4.99299656262696e-05,0.000215558530709982,0,0.0254918370600317,0.0375242663699162,0,0.000311272938036472,0,0,0,0.00147015656107485,0,0.00460865479245132,0,0.00896651338058255,0,6.31530508981347e-05,0.000610160112403035,0.00345248501279551,0.0155440635794748,0.0351214885383463,0,0.000414377854225159,0.00559081317926601,0.0045035616356746,0.00081487533237791,0.00126173129691205,0.573514910663435,0.661683320553069,6.96475764005184e-05,0,0.000104740300769091,0.00926842393093881,5.76006938617229e-05,0,0.000186723942765087,0.00070195505771792
0.000105764553989589,0,0.000157544288298368,5.13122977791991,0.000118991527587981,0.0875655672917458,0.000337868770653159,0.0395910756531187,0.042079823226015,4.03235170920679,0.000251390210360705,4.21473679925431,8.12502465074659e-05,0.00248026070673877,0.00387401048701081,0,0.000107087938864589,0,0,0,8.4856675776422e-05,0.000257072787837445,0,0.0369183389624039,0,4.33902623894512e-05,0.000426499349643499,1.82157015431968,0.000122074521376222,6.03627146365643e-05,0,0.000377290905993819,0,0.00170302887942857,0,0.00188509884182694,0.000186459186868608,0.00301291666725558,0.00190852267904279,0.00679678395209375,0.00111942388770854,0.00188334541509622,0.00217926146526691,0,0.000376797409344077,0.000176465302237094,0.0072595190208621,0.000921805514905661,0.00187465217247936,0.00027300278038466,0,0,0.0962517559806043,0.000570212189978242,0.00369167765833998,0.0273785189576486,0.00261991136551255,0.00984833647218597,0.00743704252538841,0.000107397808331698,0.0938127266616547,0,0.00347600817878822,0.00714363199156129,0,0,0,0,0.0355361343743032,0.000176732846050859,3.95410533269048e-05,0.000127098139793515,0.0209537979378319,0,0,0,0.0374092353547376,0.00184561452855197,0.000369920515692384,0,7.03245430315733e-05,0.000153749162906259,0.000679202216691166,0.000129011491597652
0.0438620576504236,0.00569118923453378,0.787957752794393,0,0.0542954571116574,0.0114592497797708,0.615863112586592,0.332518525021431,0.00599659292975477,0.0272941209985319,0.0114683610944857,0.00109001999678761,0.00224362122878695,0.291605900192476,0.0302547994073104,0.615706452514012,0.208216364962332,0.00739135388024765,0.046551375512884,8.4856675776422e-05,0,0.096187909312568,4.54631811537026,0.0875479176482943,0.00112695408438036,0.0143889987614805,0.503259981480559,1.09114790395471,0.0721223318913676,4.21188916439811,0.000135393002183765,0.00289087326211613,0.000897049688448697,1.71865531483142,0.0823862381053537,0.429463394300387,0.343619339442817,1.00002668102063,0.515158974327116,0.0223960788101397,0.0441537221973131,0.00749893585152975,0.0402195755003105,0.0094618952559253,0.0102372033080214,0.0178635726001355,0.000877209832794964,0.000339305035700441,0.00242627876480457,0,0.00110190802578852,0.0287691996773025,0,0.00246335018860352,0,0.00349652177684185,0.000150986875851631,0.0063352199978688,0,0.00116493437883916,0,0,8.6472711761713e-05,0.000638217205076874,0.17065324061251,0.0188443357418228,5.36206483863294e-05,0.00103465412180471,0,0.131030997474985,0.0382695883873341,0.540753814308553,0.0264177335307563,0.000167699121415973,0.00477017792475785,0.108650505772439,0.0245499346909798,0.000223593988465011,0.0206158269029078,0,0,0.000301849248257875,0.00195225498904708,0.00621267645191771
0.0312638639421473,0.504816880459528,0.0376056790743633,0.000274756107661485,0.0110298029855833,0.0332530714498399,0.199493317286405,0.0854268933304943,0.942679695447096,0.0203956542118879,0.167082003204207,0.00512171482564008,0.162314942538314,0.0730790198690641,0.107251697946661,1.21317724477972,0.0742959069261213,0.101440649452502,0.136157184928415,0.000257072787837445,0.096187909312568,0,0.264950854941197,1.17544920088126,0.119529834672877,0.102638473225218,0.884619246334996,0.132227923326593,0.0863152831800025,0.213280577697836,0.00840006260754195,0.00349545830670431,0.00839406078947452,0.150871722347751,0.0333131405829909,0.335403420597486,0.301482535557028,0.233178721364891,0.177184058368746,0.018080353252405,0.030531467278722,0.00474981144949463,0.0568205145449541,0.00725560763707343,0.00832937468563888,0.0140895087457175,0.00230581216269243,0.00234443909034393,0.00224129076092541,0.000219173673423529,0.0284216285727188,0.0626608496963473,0.000100664510065287,0.00237583625871152,0.000618356091954857,0.00610657060744616,0.000798718318667382,0.0477562868450611,0.000517379935085088,0.00192781620877871,0.000521816329575866,0.00205032347972319,0.00259731750314311,0.00133933849907577,0.200687321086296,0.0270089961933776,0.000464792615889341,0.00218192164525196,0.00100635949472827,0.0865804960671348,0.136218928059925,0.304052228341707,0.0714643432164193,0.00123728688306168,0.0140152371085321,0.480536772402135,0.0670758523726697,0.00550510753615719,0.030543667692411,0.000654079511227191,0,0.002223224768174,0.00484709476128414,0.00664803987388999
0.095498077226036,0.0299194833903933,3.74497262596007,0,0.106329349278738,0.0104290319626275,0.55102723495277,0.20365285076791,0.00497497022631463,0.0219116266613434,0.0231992346846627,0.00159059847616338,0.00341400133725295,0.223938569436872,0.0505033232125437,0.701965245669185,0.768700221907288,0.0199792981426691,0.0802613051050611,0,4.54631811537026,0.264950854941197,0,0.186314652940114,0.00240824727934697,0.0525469995274911,4.22926476990173,0.658426752771825,0.128622234482271,2.09381758491257,0.000571647518233984,0.00332986845164358,0.0029540218151316,1.82966533421322,0.215235616735092,1.01684030982588,0.472339641777334,2.36907754235836,1.82013757232929,0.0405088807152512,0.17165810580603,0.00932000883185657,0.131761155357416,0.0311840545163172,0.0271898089911549,0.0550539907338385,0.00222370524919608,0.00127145299547858,0.000971042890014589,5.47330081343651e-05,0.0132269649170282,0.376174778486254,4.14912993183732e-05,0.00425335363698721,0.000223038907396138,0.0149060726352202,0.00026362635045594,0.00668700399516455,3.68464398364127e-05,0.00320440936339188,0,0.000828618952926546,0.00125661825660923,0.00157677552669561,0.417012242709371,0.297376911687205,0.0022269313154346,0.0103276993629935,0,0.145588362443287,0.0942882048672324,1.32878126941428,0.0242177465119335,0.00133292738651865,0.0228430803623452,1.35559055687276,0.0261944122320421,0.00122316112856162,0.0419915781110776,0.000996310823832661,0,0.00106848700592163,0.00387550046037028,0.0171646938663784
0.18944973731063,0.064967935321267,0.00288543821576268,0.247544646556154,0.0344300047295251,0.175512113315352,1.85779188237467,0.403421646428253,3.51857852928343,0.569966218410759,0.0443021747504814,0.176613286846847,0.0344608745933347,0.369724026233589,0.340602065475791,0.461083099984464,0.0100858046320835,0.0181076556311663,0.0172817379615577,0.0369183389624039,0.0875479176482943,1.17544920088126,0.186314652940114,0,0.0131549007553165,0.0175405657160572,0.113386031378743,3.43211607502815,0.221796072730919,0.235491030237864,0.00201535282057544,0.0164622425914655,0.0225907031843506,0.366081266743454,0.0970456309362292,0.659532281686196,0.0404028901923847,0.336488390115283,0.153351040088789,0.0874607279669779,0.055634495641741,0.0351764254799032,0.379520181071855,0.00287592787597489,0.0436128894743039,0.0254909418690949,0.0563302945963165,0.0649289893872226,0.0209310358572173,0.00655851945843226,0.000439124165189982,0.0172930266749632,0.0430453776725584,0.0128931125278125,0.058519627975817,0.428646720822315,0.0802980784013691,0.523218213436869,0.0479204858309658,0.005582149451999,0.149978447074222,0.000406318290128947,0.165691268631873,0.0148796629610482,0.0457259812562987,0.00330619741053986,0.000348451547470093,0.00210991070741576,0.103003806943255,0.202500189877312,0.125273171880999,0.0596577723238701,1.25808543588318,0.000198631021999418,0.00312728555849513,0.00999231042391312,1.58146404221606,0.134795621791164,0.252937548397105,4.86646393693685e-05,0.00453910945465618,0.0281748509827368,0.0761067658790131,0.0272864969879622
0.000467819427850753,0.29590670006717,0.00373936758215377,0,0.000152055799912513,0.000836120802029729,0.00282641733309478,0.00798151370823768,0.00501509045101065,0.00106312391606623,0.36772696938488,0.000419699420474768,1.15607177804628,0.00810513233155846,0.000941894557108819,0.0129363610266934,0.00203979217510986,0.0760391246951408,0.00974819935971629,0,0.00112695408438036,0.119529834672877,0.00240824727934697,0.0131549007553165,0,0.177861535689142,1.43292422770516,0.00149030720373809,0.00143512050617802,0.000773983460941583,0.0334152921758364,0.0057368220314995,0,0.118144071457541,0.000438471991452814,0.00600659147588664,0.00936155366303667,0.0262764359379173,0.00730730086253339,0.000231560970608353,0.000492785663462162,0.126230979975848,0.000848790811351598,0.00791423238385221,0.000202494298976004,6.82141955162287e-05,5.19245488063395e-05,0,0.0049259154421429,0,0.0931976804659484,0.000524614917302638,0,0,0,0,0,0.00139707140566394,0,0.107250838822199,0,0.30488492306288,0,0,0.000132937264119387,0,0.00208859214235836,0.000140827987581611,0,5.99010817319154e-05,0.00605362183750123,0.000217992674446106,0.00027752672638607,0.038825142186242,0.138140249156102,0.195262285617668,0.000348995239463747,0,4.25260946518779e-05,0.0331323629309373,0,0,0.00116835451812762,7.31053253027201e-05
0.00462211049076203,0.382135900789292,1.52607616350134,6.01078431741e-05,0.000166189231611728,0.00139388577866292,0.0069653448479374,0.0268515535180875,0.00358420451849413,0.00327164026465192,0.323496828562126,0.000378235567223578,0.0491071557016366,0.0538778603807479,0.00122488687181907,0.0158597564636109,0.581855249691992,1.5546749558763,0.803159007728186,4.33902623894512e-05,0.0143889987614805,0.102638473225218,0.0525469995274911,0.0175405657160572,0.177861535689142,0,7.5820718877243,0.00390251294385677,0.0157036957772063,0.0123973037738897,0.10501816364323,0.0254150940737284,0.00064820129831189,0.547920014769658,0.0066709301281195,0.07522587443622,0.0811059470944672,0.252125501709988,0.104205944737254,0.000324289338862718,0.00494970219625086,4.04967154408693e-05,0.00152146905456251,0.00101067917525947,0.00138526934011951,0.00185408368870774,0,0,0,0,0.0929917504904188,0.0257697513037124,0,0.0016383951460898,0,6.04778373337984e-05,0,0.00128464956185022,0,0.0180508650598701,0,0.037277944546663,0,0.000190200956849456,0.000394972599265427,0.00202542849159979,0.0148887114305253,0.0139769858471206,0,0.000170659777287215,0.00680898026250762,0.00198310270030323,0.000492340235126227,0.00822108327763268,0.688899856638339,0.795858706153366,0.000177322999055028,0,0.000216358666179299,0.0355788026623612,0,0,0.000378899900001615,0.00234213827899262
0.0540362879608057,1.78045933939758,5.02895597375433,5.34635721858144e-05,0.0205867382391316,0.00772108116887596,0.119168187980264,0.17009096283192,0.023225450930631,0.0159381826718188,0.839983926383081,0.00165011093698329,0.215762257730377,0.331215626850226,0.0255618319839773,0.29967887459592,2.28778098665194,0.718074173629392,0.873344932990655,0.000426499349643499,0.503259981480559,0.884619246334996,4.22926476990173,0.113386031378743,1.43292422770516,7.5820718877243,0,0.0702681143345073,0.100860858293132,0.203015371223609,0.361581182319167,0.127032254310981,0.00190477577274943,4.03144993575341,0.202686491795488,1.33667294793227,0.690409608724602,2.79325858274167,2.0116079314028,0.0228894196862066,0.245000975261049,0.00353209656387028,0.116803521808917,0.0414694510458232,0.0267399052683855,0.0435162786440955,0.00215278708510673,0.00107144403653795,0.00180710810694087,9.56960211884379e-05,0.740279536378872,1.05171545440286,0,0.0141661095803211,0.00109199234079319,0.00637403310642233,0.000254670183819204,0.0201387065851748,3.29493164531886e-05,0.125564133227886,5.23198363375962e-05,0.201346611558207,0.000802832434411347,0.00463906099898815,0.160965931929667,0.499415048062924,0.0921950450512402,0.147801214418712,0,0.0240475690924597,0.149234286670292,0.499774519422922,0.0111746839472199,0.0519241401823615,3.29154375271631,8.68464055043649,0.00747347108240997,0.00100428850529033,0.0174378334151196,0.180888607154644,0,6.88552240006327e-05,0.00444537852215118,0.0446790817451864
