0,4.85087011809945e-05,0.0209678035229793,0.000144316800424918,0,0.00209223742333604,0.225861476337508,0.0766729232486922,0,0.00469795023140213,0.00341634043263188,0.000379188711398899,0.000109759021923542,0.824049213384236,0.000906105688053265,0,0.0960226012638199,0.00107228294166564,0.00928201748146091,9.57237752076983e-05,0.0644716579760897,0,0.123659691969568,0,0,0.0294457831200418,0.00426412200005342,0.00190759500524406,0.513797261944952,0.603482682216188,0,0.00100931628045266,0.0070408152230013,0.017547782867894,0.00186069290155306,0.00698242362000745,0.000268169995962143,0.00722567512660759,0.00191912452864702,0.00169860197241931,0.000189531124523267,0,4.45384993059337e-05,0,8.210422128351e-05,0,0,0,0,0,0,9.67316551646887e-05,0,0,7.96242876136897e-05,3.13941661532819e-05,0,9.42499523795842e-05,0,0,0,0.000169106618410662,0,0,0.000231331609801427,3.18288868890703e-05,0,0,0,3.79649978344738e-05,4.40780173694491e-05,2.85478625500799e-05,0.000247269686957538,0,6.09856607168168e-05,0.000255473914527774,8.95706614147576e-05,0,0,7.42685593974591e-05,0,0,0.000240638329917431,7.34564236087498e-05
4.85087011809945e-05,0,0.0126974937496285,0.00209351563851925,0.0015834122311323,0.0003698030295811,0.00156063103592235,0.000467235770153224,0.250945374129386,0.00214779597876627,0.0440008561833119,0.00546657444387551,0.157619765482442,0.00111981715802188,0.0212266187217429,0.165801041739873,0.0036842677810649,0.000415673310529798,0.00209219513522343,0.000937399896348762,0.00641320509646405,0.279478475814852,0.0174386453136055,0.199669352558896,0.139116025902929,0.0273363209304369,2.50761173776228,0.0160175728633646,0.0012135059367941,0.000255321213142931,0.0242762351495396,0.0019317541706061,5.07941478351951e-05,0.0911100288264522,0.00141254489552072,0.0183314300186475,0.00828862797801155,0.0110852241119677,0.00459439834291282,0.00486907210155646,0.000133053089911669,0.0228834395724481,0.0225602696841501,0.0046413529550073,0.0131695979392201,0.0076525006933877,0.000254122024130896,0.000218570772679954,0.00144278827967599,0,0.318111553127984,0.039613522511018,0,7.71080709632038e-05,0,0.000904754370296063,0.000473219957138508,0.000884434852548048,3.42103587696552e-05,0.00927116069780148,0,0.0185239573683913,0.000610441405006319,3.71542727872133e-05,0.00224564403858696,0.00980806640273509,0.000840112429911138,0.00104402161511453,0,0.000611110574284643,0.0691728749765161,0.00103858171834701,0.00375297386088146,0.0030702100617097,0.0390769846663979,0.806228017547187,0.000276086536565587,0.000107580207602799,0.000263920323172301,0.00719672795406972,0,0,0.00604816977189651,0.00186403195969954
0.0209678035229793,0.0126974937496285,0,0.000339630337983191,2.94293844433874e-05,0.0457599263853064,0.80989683233189,0.135853219363249,0.000268753853305995,0.179983078046985,0.00686255351263413,0.00122309345323923,0.000453906679170936,0.154688920586935,0.00617422472905691,0.00762892625760213,1.47122648002576,0.00727261568248385,0.14876479845398,0.000485939928265766,0.414980753253514,0.00378324993100594,2.70970845563101,0.00554852421930895,0.000230984510520384,1.68799703274379,1.83238153254419,0.203888964551311,0.0569157894312945,0.149509149921235,9.74641826617717e-05,0.00115607089614092,0.00754826249814535,0.754203484890878,0.190342046596499,1.74837807334367,0.315106506305963,1.20733410194638,0.902851556718322,0.00753093511750161,0.00183470663639955,0.000425316373023301,0.107564207223584,0.0125057853675301,0.052949220643995,0.045233907791181,0.0026374641307217,0.000544859231992245,0.000434111460448369,0.000341845932077959,0.094087832901898,0.598101560342916,0.000228638836204052,0.000588256202550531,2.18041809106171e-05,0.0102827433599892,0.00375652024682459,0.000892765713124855,0.000116691058404103,0.000142998688184172,0,0.00148907982243198,0.00975535500607521,0.000417579755046949,0.0102086113012037,0.0539863410996635,0.000221485453631773,0.00268510735340105,0,0.00729675430487163,0.138591431562273,0.00702547452089843,0.00940804054145373,0.00251484326713976,0.0893185108600848,1.05777244152452,0.00246306439712353,0.000845905577095789,0.00677177163298185,0.000189859923984796,0,0.000135201368506223,0.0298609239723789,0.0447803070494963
0.000144316800424918,0.00209351563851925,0.000339630337983191,0,0.00849325030249794,0.0484027461930481,0.0244279999992607,0.0278178491175082,0.275133677993882,0.751977880453525,0.00625449965859046,0.520696977390851,0.000533646677921921,0.00815812669942576,0.0519281022949412,0.000344696947633445,7.35869456350951e-05,0.00164979689038773,0.000667799812439563,1.90171854492182,0.000386655121191621,0.00247418033626238,0.000120511370896429,0.21198628888212,0.000327652028145432,0.00156065335938884,0.00164869463865401,0.374080704997091,0.00497681840121092,0.000211675741616204,0.000107862704785526,0.00330266638513087,2.95889669851064e-05,0.0133568984274282,0.00231813227261506,0.0293079917060826,0.000496321792642712,0.0131373576657138,0.00262819469665387,0.0553427611010127,0.0016857543728026,0.000427582006724015,0.00799562322133008,0,0.00340999506549728,0.000381367645177588,0.0236910189734563,0.00100214956315023,0.00017927668385072,0,0.000167479462777138,0,0.0645319209001206,0.00241880190255581,0.00953237032299615,0.0365030404777395,0.00838264541024119,0.104123926243111,0.19965694639431,0,0.0649246547782224,0.000111234164477527,0.0021881927706148,0.00881826929739551,0.000333647813928351,2.78917634878904e-05,0,0,0.0281519779990108,0.000118739716656968,0.000883886053266883,9.79787088896038e-05,0.0931235487323578,5.65820635203123e-05,0,0.000188901998306647,0.109548422688576,0.00071632333019808,0.000225137867034003,0,0,0,0.00339265148218462,0.000280178822564512
0,0.0015834122311323,2.94293844433874e-05,0.00849325030249794,0,0.13223335907213,0.00432385313428719,0.00759094596535835,0.0102335205297308,0.0116448024893084,0.00132402490844971,0.122843685138559,0.000232703451571315,0.000634043130295828,0.284399120717677,0,0.000356274182160497,0.00020941945976606,0,0.00778772249109875,0.000136539836001605,0.00180973669669014,0,0.0101175710927969,0.000310461927434653,7.2484445504695e-05,0.00106199808093253,0.00413130571560851,0.000543288130577401,0.000453820650488794,0,0.0190251919695279,6.89907556846738e-05,0.253191555601684,0.0022471430632492,0.0196682167995209,0,0.00278020423227377,0.00189204391115343,1.01978149932998,0.880181688836775,0.000220050947636902,3.8006148252368e-05,0,0,0,0.000850221795545758,0,0,0,0,0,0.000323053945829466,0.000220310281355202,0.000120867738597095,0.000342710460604518,0.000213810915863782,0.00129511421609297,0.000881917534229842,0.000117231457705945,0.000608967275000632,3.34121559489072e-05,3.96376366066039e-05,0.000310613803990826,0,0,0,0,0,0,0,0,0.000964152979118108,3.26092999567688e-05,0,0.000113220860083818,0.000729669420235591,0,6.07427534140647e-05,0,0,0,0,0.000204105818669707
0.00209223742333604,0.0003698030295811,0.0457599263853064,0.0484027461930481,0.13223335907213,0,0.467485673798755,0.965918640924196,0.0117375611874806,1.20571714966156,0.0342772556569951,0.917911626846289,0.00288067562839097,0.126049140946453,0.260912147120962,0.000214609789924413,0.0114345132107353,0.0108008751206163,0.00477820810689188,0.0355373421792649,0.0228834880401392,0.000304765967821151,0.024139289526275,0.0136800258550633,0.000482300782280087,0.0214271859116512,0.00366960369065995,0.0528388601257191,0.034832158298667,0.0301836752269444,0.000381220410415858,0.056709855656718,0.00121038632478917,0.109689416332982,0.169858702166965,0.298518000200748,0.00344757279584259,0.0589961572060151,0.0234660526840586,0.490629596529021,0.225493222504926,0.0030862599628795,0.0125333365640008,0.000356795159117371,0.0057621922065855,0.00264417648593715,0.0159735370753268,0.00123006932509722,0.000788381204653474,0,0.000110088363686219,7.65884857861998e-05,0.00411223662105793,0.00201644913702482,0.00343076778393559,0.0190857272396604,0.00328189846966042,0.0121388303405096,0.0207533492672996,0.000259944353185028,0.0120061606499251,0.00179792770995703,0.00132804587995149,0.00467895248168722,0.00215030461836995,0,0,0,0.00263715765472667,0.00108343007449744,0.000375674645466506,0.000346519982062459,0.0322229511143717,0,0,0.00120082722795805,0.0289266409120599,0.00112679796178646,0.00106455899381611,0,0,0.000121178427854895,0.00261577105707709,0.00763541207125331
0.225861476337508,0.00156063103592235,0.80989683233189,0.0244279999992607,0.00432385313428719,0.467485673798755,0,0.612812041529829,0.0543676449296484,3.26975381223339,0.0930466078636469,0.033936100760688,0.0085614549983568,1.43800037372471,0.0808627016659665,0.00744024607563439,0.0698827158303005,0.0406066961482719,0.0238098128254201,0.00503847389675747,1.59277327360362,0.00292148667384733,0.378877197917304,0.100503059733069,0.00191406283194178,0.170721244166676,0.0684171754633343,2.09264745526028,0.653122160055632,0.854257874110759,0.00114403684874284,0.0415384148314268,0.0813569018684363,0.538882872521056,0.186508033984397,0.971967861833094,0.0414095293334235,0.425010356366821,0.156878012032087,0.164281395348348,0.0349249594897369,0.00635665998526813,0.189665931161007,0.00162945900455852,0.0810418806749335,0.0164081550640092,0.0895314581386165,0.0172410416477792,0.00291587826173842,3.58760955271721e-05,0.00113014393522066,0.0107138444688408,0.0203730737616459,0.00171551236898789,0.0109077910453395,0.247805981642666,0.0452421212018438,0.0457954804051478,0.161766805950199,0.00196722276284742,0.024183286280007,0.00174687621178466,0.0234675461112629,0.0190697165055274,0.0388241616677827,0.00390013317638617,8.97159583031536e-05,5.13666661550403e-05,0.0086887226982656,0.0239182057547244,0.00711561393296733,0.0128672843576873,0.470174077935463,0.000188502017079025,0.00305932498927119,0.026850302432974,0.443970644999226,0.0188134778079612,0.0303786729575148,0,0.000681210908457012,0.00120307614702722,0.0497889933150173,0.0165804731196615
0.0766729232486922,0.000467235770153224,0.135853219363249,0.0278178491175082,0.00759094596535835,0.965918640924196,0.612812041529829,0,0.00554469077402728,1.69700132109264,0.0355435994129821,0.417517967937189,0.00431372791298054,1.74733079891715,0.0314497560882286,0.000191428050327957,0.120075673923766,0.00719778087915285,0.0175900775582762,0.0333053740218676,0.0940715265833002,0.000134579800374836,0.186214728400375,0.00843521602666061,0.00104540087275781,0.0778361199117626,0.00868480285075866,0.0381573289242945,0.0733684165873688,0.491152166021479,0.000195706066885501,0.0915469230824886,0.00195228150346334,0.0798981951880345,0.0127770492161926,0.142051643232468,0.00252503638227477,0.0460182002632354,0.012977174800416,0.182067195492836,0.0168364329796297,0.00298541807078941,0.0104175420831659,9.12982261916396e-05,0.00387778419519133,0.000701644546465871,0.00978884217402914,0.000356602938010395,0.000176934081310123,0,0.000145622739332199,0.000466564837448091,0.00190231622311382,0.000874589130598544,0.00219865060076412,0.0141574879288026,0.000879618272169467,0.00742295532496815,0.0103710979319369,0.000969603955136001,0.0056033695235829,0.00180612131335477,0.000289477664144606,0.00195386268674953,0.00159994998148498,0.000115808618770391,0,0,0.00134302859124257,0.000970819361986217,0.000208837508060857,0.000533375815563828,0.0279543759781016,0.000301081251473606,5.74685761011093e-05,0.000423178123207674,0.0253032095470228,0.00058070341518262,0.00126210188588675,5.26331896288693e-05,8.45113690376876e-05,6.53105939083101e-05,0.0022548615406833,0.000941221646128746
0,0.250945374129386,0.000268753853305995,0.275133677993882,0.0102335205297308,0.0117375611874806,0.0543676449296484,0.00554469077402728,0,0.228240559131242,0.0183813209146203,0.281694777163229,0.0592943648169777,0.00343849788481738,0.0981420815133704,0.110192508209367,0.000418185909311086,0.00128500047033369,0.000246230239764482,0.0960105869421523,0.0105961653548102,0.500740835605531,0.00134341383173898,2.58218198756141,0.077997991074304,0.00797399839609531,0.283512514093138,0.510185075260588,0.00271990775288534,0.000539282297999978,0.0163296488231242,0.00254999378458841,0.000261041686285257,0.0295519020649661,0.00191071986581396,0.0259768053110645,0.00216295556935108,0.0108647732456764,0.00235588010917822,0.0464926223124036,0.0024362216109181,0.00466727198240307,0.0472945180655513,0.00109778923996449,0.0186193384699505,0.00456163458193672,0.0167353934870328,0.00333326944388612,0.000759967476310463,8.36023850900826e-05,0.00131995923502636,0.00121601952916211,0.0442435955699085,0.000522372138451129,0.00281414127695322,0.07024526586076,0.0141198121045227,0.35935398030181,0.108790711600301,0.00420057823655897,0.0152787206577869,0.00626787055795742,0.00632746309632468,0.0049854414672987,0.0258503978562616,0.00109107744032329,0.000675054901127176,0.000150931222879171,0.0107267772400764,0.00736408204857762,0.0173200967713764,0.00481862403097322,0.674884837150037,0.000811434578155069,0.00365000949121684,0.00717832928215785,0.256631391358603,0.0101849763021361,0.01520943821045,0.00133255455842432,0.000215903022677869,0.000505213072156057,0.0138736988728674,0.0105363493333813
0.00469795023140213,0.00214779597876627,0.179983078046985,0.751977880453525,0.0116448024893084,1.20571714966156,3.26975381223339,1.69700132109264,0.228240559131242,0,0.223617523724825,1.02195011319177,0.0169853503216873,0.771263790385896,0.0661991210468569,0.000499601478294253,0.0316992857014517,0.107961992442525,0.0464584255282281,0.634308416061237,0.100052071457008,0.00194662318258338,0.0893815419991978,0.0819040171774938,0.00293383213862783,0.117393681216332,0.0210900067634809,0.734583409794975,0.20242293759421,0.172469893443442,0.00238199335243903,0.0548406266895402,0.00399363720112108,0.356615267666907,0.216498834458932,0.639127625309102,0.0148585941750133,0.326449224567306,0.0480465106849233,0.161308258045433,0.032616203677924,0.00742624887911834,0.0274643699516731,0.000236918293837413,0.00985232372742841,0.00274251584594803,0.0647678107122458,0.00353468161862199,0.000643870980957494,0,0.000302031914867148,0.00101459276159534,0.12820002359717,0.00677919650174811,0.02518158267973,0.117353027675229,0.0182925388756887,0.135638176305045,0.527646779296756,0.00159498778376733,0.127997987100134,0.00567574020530443,0.00409598042739368,0.0216846780852291,0.00515814685680571,0.000213324490695447,0,0,0.0502587537672177,0.00257953641516387,0.000734025186850058,0.00106333927699907,0.225752949651332,0.000745676481510832,0.000107434768502563,0.0026896763410708,0.293807582715294,0.00277817154725472,0.00203931965264696,0,0,0.000120616273933917,0.0087509519123999,0.00925721589591948
0.00341634043263188,0.0440008561833119,0.00686255351263413,0.00625449965859046,0.00132402490844971,0.0342772556569951,0.0930466078636469,0.0355435994129821,0.0183813209146203,0.223617523724825,0,0.0654555006584337,0.301949712089267,0.128572455678067,0.00619923313991315,0.00361977784048641,0.0215391391048781,0.868086741190416,0.125442918551468,0.00777972770743731,0.0038718967994802,0.0164087934548531,0.00754406257484926,0.0119596797473644,0.13773367992287,0.302557752427497,0.0387084937439256,0.029041475736207,0.177195085071355,0.0121745890411114,0.067957876528362,0.16274627324828,0.000192573337260484,0.935786014677324,0.0165508985824378,0.300327937241686,0.456312566643792,0.365804552055911,0.0901840916992687,0.0162455310756007,0.00402516548251985,0.344609854465345,0.00357392977871552,0.0205386960117485,0.00377448825009006,0.00111793116925573,0.00404477283750621,0.000310992479988724,0.0402031341952884,0,0.0228998810700354,0.000385441126979008,2.97472809972167e-05,8.09144068759384e-05,0.000266848127432674,0.00197507420076687,0.00188611117072323,0.00795979764892906,0.000842746071825626,0.397177022865848,0.000525959856843308,0.910252689501884,0.00426151281288687,0.000602925241927489,0.0015592303535914,7.0401034470558e-05,0.00336397805795716,0.000290550051392019,0.00017276681554091,7.00473024293182e-05,0.00269351729703376,0.000186239902647301,0.0142919896112659,0.0541718190161053,0.081592321488401,0.172310576841655,0.00299749028594906,0.00258822960496166,0.000275002137158126,0.188838618338957,0.00427452353327586,8.45815799709555e-05,0.0110328254372469,0.00491616907339081
0.000379188711398899,0.00546657444387551,0.00122309345323923,0.520696977390851,0.122843685138559,0.917911626846289,0.033936100760688,0.417517967937189,0.281694777163229,1.02195011319177,0.0654555006584337,0,0.00720901207624729,0.0785235537505446,0.406145907708073,0.000147986838614464,0.000411908866432682,0.0205261999503184,0.00507383394154589,0.94632089431202,0.00159019494707748,0.00759909889048151,0.00092658182654442,0.0884099932573369,0.00224218935273413,0.0141403498378058,0.00729883791879465,0.0794750605437266,0.0170141982512189,0.00366014316559523,0.00108384510932232,0.0199732826314346,9.79913240278511e-05,0.0713327045627715,0.0841346864269374,0.155247668940134,0.00229715157599795,0.0587765288019882,0.00609962020840968,0.304695993996735,0.0120401036238902,0.00313902676147971,0.00766390063905096,3.29512568576932e-05,0.00147366823436365,0.000376250519985765,0.0487271436387759,0.00118613879278234,0.000525530936454415,0,0.000170469859208494,0.000116921621719181,0.0320873023531068,0.00764614251770674,0.0193357780497947,0.0176651751633982,0.00601073201023601,0.122835472016112,0.171408251858201,0.00100432665196732,0.117057122121263,0.00200317882504006,0.00106509344866305,0.0193516458344827,0.000553318430221543,0,0,0,0.025243155601394,0.000172549982304901,0.000642001991246568,0.000173501798562422,0.0330079065912952,0.000165905475410029,2.99478717449903e-05,0.000543779646929592,0.0558564535256599,0.000618416760634288,0.000552506576960355,7.62075325027109e-05,0.000214191952578217,0,0.0016478817557791,0.0031092837051222
0.000109759021923542,0.157619765482442,0.000453906679170936,0.000533646677921921,0.000232703451571315,0.00288067562839097,0.0085614549983568,0.00431372791298054,0.0592943648169777,0.0169853503216873,0.301949712089267,0.00720901207624729,0,0.0122615112876457,0.00532078927207632,0.0158830685016302,0.000290107146838903,0.00107772512519952,6.79931187724473e-05,0.000706576784889328,0.000876874135447966,0.0597947205318803,0.00218004256647818,0.0302137772677004,0.802829682153575,0.0257403004990987,0.214952789149002,0.00330797158453242,0.0194937766094985,0.00131771638176619,0.0822320688209087,0.0240359456197568,0,0.111259730916265,0.00117813832633582,0.0242664572019605,0.142794615789077,0.0300196055907174,0.0058743662604876,0.00276793926318678,0.00044321259912911,0.125999487421002,0.00378396725131698,0.0299390853893722,0.00533507544873883,0.00151730919493082,0.000580274534613043,0.000506648344198704,0.0364070212602793,0,0.0445040445646505,8.50529723997715e-05,3.84692317174375e-05,0,0.000109578037448049,9.67622553602455e-05,0.00183622448611704,0.0049035570220882,0.000533527544219688,0.594169362970243,0.00019009588945362,1.55695092681746,0.00287536885138607,0.000542677048198983,0.00097179735470301,0.000104572434780806,0.00617443062715053,0.000426768008908287,0,0,0.00353309183815606,0.0003301111438981,0.00153452103698763,0.144725122729616,0.161907943982287,0.440817403995624,0.00033284461473164,0.00258708101492214,0,0.354723901753543,0.00287172018479177,0,0.0103334603607456,0.000589119382908851
0.824049213384236,0.00111981715802188,0.154688920586935,0.00815812669942576,0.000634043130295828,0.126049140946453,1.43800037372471,1.74733079891715,0.00343849788481738,0.771263790385896,0.128572455678067,0.0785235537505446,0.0122615112876457,0,0.0104277113142966,0.000259520095448315,0.323085820719041,0.036199097613084,0.0443343592710954,0.0118304753194012,0.187146259202728,0.000455846266631335,0.389135255729028,0.00863922276918592,0.00237753112604147,0.149704106649288,0.0198982477132915,0.0596754713669063,1.14458874100068,1.49265752816637,0.00127642162643954,0.0676233099216616,0.00981774632274509,0.190401151951234,0.0178458167092617,0.117077649615294,0.00321458420574064,0.0983494227082746,0.010999738722664,0.0276114300090022,0.00392249483718864,0.00281882458208424,0.00799689107590669,0.000338058153862208,0.00291181509693192,0.000874420683518828,0.00450820914152662,0.00046088094877553,0.00046489503532812,0,0.000374137233088374,0.000269568592519447,0.000844671271240172,0,0.000194071224228009,0.00924432949522446,0.00063059840875256,0.00245226557521763,0.00316234589857091,0.00193339717622319,0.00106996473698823,0.00640584818599549,9.93603196647913e-05,0.000479607991617292,0.00155830698728642,0.000133397398048342,0,0,6.22874185960143e-05,0.00120672592097771,0.00036422096648182,0.000535352753541768,0.0221451869471553,0.00058493296973756,8.82157580230383e-05,0.00127804290967217,0.0216503025483558,0.00062157902860646,0.00128526567076441,0.000567213689291,0,0.000172830435429454,0.00229347860255603,0.0013977256121795
0.000906105688053265,0.0212266187217429,0.00617422472905691,0.0519281022949412,0.284399120717677,0.260912147120962,0.0808627016659665,0.0314497560882286,0.0981420815133704,0.0661991210468569,0.00619923313991315,0.406145907708073,0.00532078927207632,0.0104277113142966,0,0.00226300796198499,0.00498140970476253,0.00139134130554707,0.000652222572228195,0.0388759811838389,0.0301970291120869,0.0291913759099763,0.0326016313084671,0.147487572289656,0.00636526654909405,0.00255591971970806,0.0463730419038206,0.0641700402560492,0.00625320917336975,0.029886087871972,0.00168278873450443,0.028431230663178,0.000251770479309827,0.0249225175066833,0.114214041806289,0.0569264488362975,0.0060968352625787,0.015088237859218,0.0087986318200454,0.577073050821647,0.0316803247428878,0.00198750473287748,0.0138869502706775,0.00319611120444059,0.00472630020143707,0.0136021592052901,0.00637787774522946,0.000291083220643938,0.000138658045324802,0,0.000224486751074672,0.00210392662788093,0.000769693336433114,0.000465318625617266,0.000675982511033449,0.00491507917133324,0.000664638395842268,0.00776839228233764,0.00471542307769232,0.000127979047322601,0.00351464429467144,0.00023984626306352,0.000528678175479382,0.00158047955374622,0.00380788506991419,0.000175443382677048,0.000490897127711296,0.000107093676249623,0.000928495802600595,0.00122796556449692,0.000359420499652743,0.00127654784039523,0.016026895023894,0,0.00196135107490802,0.00620884357521835,0.011847618924425,0.000319909700837761,0.00145498414328974,0,0,0,0.000718246974763184,0.0842121434611045
0,0.165801041739873,0.00762892625760213,0.000344696947633445,0,0.000214609789924413,0.00744024607563439,0.000191428050327957,0.110192508209367,0.000499601478294253,0.00361977784048641,0.000147986838614464,0.0158830685016302,0.000259520095448315,0.00226300796198499,0,0.0105433560178045,0.000126586389531717,0.00121726703796491,0,0.0950586282206024,1.137049082973,0.793073648704117,0.37753206711083,0.0238059767046597,0.00816683235266913,1.62424779814203,0.113545674566714,0.000781723138333736,0.000558905609154731,0.00466166222971055,0.000116029134344965,0.000523409765332639,0.0333886185071614,0.0147533015131115,0.199109688479012,0.0266483538749987,0.0309485384501203,0.0231641708292284,0.00176460137032059,0.000427705018069074,0.00154899840703955,0.0713497337536303,0.00412804827568099,0.0270807923060664,0.0117891993625836,0.00557767650113872,0.00195943313019344,0.000173042702717334,0.000222546966413856,0.0101728018309754,0.041410121522485,7.03657052572969e-05,0.000234309838587791,0.000178211168279395,0.0120816012263924,0.00137264587165685,0.0815825652594136,0.000472521916960597,0.00100068310499925,0.000197139581189811,0.00147792666740281,0.00236372765618174,0.00603380692409091,0.37077583090209,0.0102324671097505,0.000116885841220349,0.000313962796108335,3.74667368487716e-05,0.114630302070589,0.226696240364061,0.18616543544451,0.237078100106798,0.000525433337417007,0.0114226258425247,0.351777969021857,0.0605012279610036,0.00855370406818086,0.0374070092451837,0.000295201736194551,6.93568203366399e-05,0.00195573148494851,0.0230483399249147,0.0116928720517057
0.0960226012638199,0.0036842677810649,1.47122648002576,7.35869456350951e-05,0.000356274182160497,0.0114345132107353,0.0698827158303005,0.120075673923766,0.000418185909311086,0.0316992857014517,0.0215391391048781,0.000411908866432682,0.000290107146838903,0.323085820719041,0.00498140970476253,0.0105433560178045,0,0.0119265664505444,0.499091571647375,8.81046450685562e-05,0.142797197019292,0.0015785043564412,0.625885013782562,0.00495913859308254,0.000380469012355745,2.00990547681552,1.67961224633431,0.0205326731014274,0.322920130383598,0.212255229247201,0.000777493813213899,0.00205145123650923,0.0993015521238511,0.967595968172279,0.0189941259069462,0.130305568906755,0.0300438435300616,0.225277107351484,0.0813415742327576,0.00423991231914981,0.00135761559145352,0.000107382203214347,0.0059070470645573,0.000873216725669771,0.00381651956035309,0.00272759801359431,0,0.000104424386567354,3.23208602153063e-05,0,0.0103163004753104,0.0215917760052879,2.88257236268371e-05,0,0,0.000227246231505588,0,0.000406068019500881,0,0.000127568058898598,0,0.000391500399919421,6.34370799647271e-05,0.000275812615704864,0.00434381764198357,0.00432195433318238,0.000227955733957767,0.000436021993081868,0,0.00117112896833001,0.00341670033666695,0.00390187485426602,0.00165633941432821,0.000138940041921854,0.0281466082117322,0.13641582154353,0.000143161179432049,9.4846733935416e-05,0.000467548823919877,0.000723415178655458,0,8.23130091217162e-05,0.00184671443907668,0.00109488732963586
0.00107228294166564,0.000415673310529798,0.00727261568248385,0.00164979689038773,0.00020941945976606,0.0108008751206163,0.0406066961482719,0.00719778087915285,0.00128500047033369,0.107961992442525,0.868086741190416,0.0205261999503184,0.00107772512519952,0.036199097613084,0.00139134130554707,0.000126586389531717,0.0119265664505444,0,0.241509894831726,0.00313403175264643,0.00130186524534415,0.000129646591118559,0.00410764543127578,0.00214151309003319,0.00102051326422271,0.445013613495849,0.0351897709521152,0.00877411406089338,0.0429367128083374,0.00749492674600208,0.00149321732041894,0.0144738393073835,0.000133871289613217,0.363254227668615,0.0211019384619661,0.438017302846097,0.440471009573343,0.451490767325826,0.17463912864772,0.00601601889464879,0.00145226390384576,0.00176069284666842,0.000740877313549894,0.000972958548503834,0.000616192063085631,0.00218588707299465,0.000396552466038883,0.000135575863476038,7.88895871196987e-05,0,0.000601378581987471,0.000309473763727099,0.000142188137583434,0,0,0,0,0.00132354984505927,4.27962563710511e-05,0.00737128698199367,0,0.00893584402793595,7.90164324959514e-05,0,0,3.52461350010932e-05,0.00101862612828106,0.000144023534961701,0,0,0,0,0.00119303304073289,0.000146210510345876,0.027303406330103,0.0348129498952945,0,0,0,0.00977281065800592,0,0,0.000247553099984512,0.00963871558194584
0.00928201748146091,0.00209219513522343,0.14876479845398,0.000667799812439563,0,0.00477820810689188,0.0238098128254201,0.0175900775582762,0.000246230239764482,0.0464584255282281,0.125442918551468,0.00507383394154589,6.79931187724473e-05,0.0443343592710954,0.000652222572228195,0.00121726703796491,0.499091571647375,0.241509894831726,0,0.00114670095812183,0.00482803483688268,0.000211947861126959,0.0693009259451064,0.0012108862942131,0.000693877011635605,1.95574138109689,0.338325743320999,0.00499717022000809,0.0340683493013385,0.0126973177008519,0.00226262723434429,0.00110566200965987,0.00513674817114977,0.918329787486458,0.0160794177206121,0.263194531762745,0.150148098391059,0.318914703305223,0.173709169999149,0.00130501994006182,0.000791935110758678,0.000163451384475693,0.00215889515966195,0.00120174557702933,0.0013720099704682,0.00169348412479134,0.000109698433991417,0.000142991951135293,0,0,0.00218214118469836,0.00426453342459373,0,0.000197460119091541,0,5.58466500709653e-05,0,0.000690257420725942,0,0.000865741092965218,8.10947049422858e-05,0.00126582668890762,0,0.000252837447338075,0.000335837620276213,0.00102845264025528,0.000905373526514651,0.000496727039500713,0,9.17853984461728e-05,0.000281537912672788,0,0.000190289217916787,0.00032898458721292,0.0327605589134687,0.111200212485435,5.78790620432794e-05,0,0,0.00230251413227864,0,0,0.00088527031487076,0.00574924402337891
9.57237752076983e-05,0.000937399896348762,0.000485939928265766,1.90171854492182,0.00778772249109875,0.0355373421792649,0.00503847389675747,0.0333053740218676,0.0960105869421523,0.634308416061237,0.00777972770743731,0.94632089431202,0.000706576784889328,0.0118304753194012,0.0388759811838389,0,8.81046450685562e-05,0.00313403175264643,0.00114670095812183,0,0.000232658197867811,0.00103595433754578,8.87131771146507e-05,0.0486134852383695,0.000654064765436231,0.0017415573467734,0.000987826339355441,0.0871748355129813,0.00196523512674683,0.000363222341671348,0.00019773811100319,0.00214073770557614,0,0.00842615376680068,0.000794135700556295,0.0220428417488785,0.000291750872995973,0.00797105535620653,0.00079441073256552,0.0354024258544814,0.00125289119099712,0.000279427056649774,0.0023015588517407,0,0.00104502381797488,6.00262465547472e-05,0.0124368854852109,0.000597036168116659,0.000146971366441399,0,2.8933044265598e-05,0,0.0201417764931594,0.00138215870413232,0.00532798265220252,0.0109239367897046,0.00292519202608088,0.0451163369781028,0.0950769007060526,9.2884883685574e-05,0.0353766335928233,0.000152609808002353,0.000686655278260919,0.00556112620770178,7.43878049730065e-05,0,0,0,0.011849112732757,8.30962967647311e-05,0.000125874058012008,8.38185186438414e-05,0.0274360055916961,0,0,9.47924431435465e-05,0.0393486374359992,0.00017334163390024,3.91935223047733e-05,0,0,0,0.00129023266576146,5.13338588317335e-05
0.0644716579760897,0.00641320509646405,0.414980753253514,0.000386655121191621,0.000136539836001605,0.0228834880401392,1.59277327360362,0.0940715265833002,0.0105961653548102,0.100052071457008,0.0038718967994802,0.00159019494707748,0.000876874135447966,0.187146259202728,0.0301970291120869,0.0950586282206024,0.142797197019292,0.00130186524534415,0.00482803483688268,0.000232658197867811,0,0.0660491716090102,3.89126844494301,0.0483032074221747,0.00131608359833613,0.0493568813378638,0.860136370802251,1.38255780366739,0.182295283601367,2.02068409292574,0.000218526895587057,0.00309775751516476,0.082694015209409,1.11436289649145,0.19097621618725,1.11579768938638,0.0844862131474655,0.656351078727485,0.274675539071404,0.0153656717543631,0.00464681717758401,0.00254300453912903,0.0850725303010644,0.00340218936669774,0.0294118423020082,0.0143693137892366,0.00734788409919434,0.00260136573723156,0.000729845567612378,0.0002129808158755,0.00229552559787845,0.0329610048459781,0.000106361055840805,0.000386439670254692,0.000381182267304331,0.0105356328530682,0.00227128660995895,0.0436960905207722,0.000390579932839811,6.86009321747122e-05,8.7917782503694e-05,7.4576724869147e-05,0.00248879828366578,0.00844318840911307,0.394648093603223,0.0112336851834554,0.000134447979480356,0.000843626196250589,0,0.204011193283759,0.10627981789441,0.224907609514199,0.226403352374677,0,0.0124751004364707,0.155027995881589,0.0642365689171175,0.0136549585647132,0.064325402043282,0,0.000160235093069911,0.00476158859231609,0.0273743521970925,0.0243324694804621
0,0.279478475814852,0.00378324993100594,0.00247418033626238,0.00180973669669014,0.000304765967821151,0.00292148667384733,0.000134579800374836,0.500740835605531,0.00194662318258338,0.0164087934548531,0.00759909889048151,0.0597947205318803,0.000455846266631335,0.0291913759099763,1.137049082973,0.0015785043564412,0.000129646591118559,0.000211947861126959,0.00103595433754578,0.0660491716090102,0,0.209570694912706,0.9120742647995,0.057520760138345,0.00413543904204817,1.12544105144438,0.0846372272191701,0.000842589244401275,0.000556187030745029,0.012080333121523,0.000539307547238052,0,0.0224381314761747,0.000990702355752317,0.00894241120192862,0.00371218628037863,0.00397760659525368,0.0022710379743633,0.00781217442702681,4.64118729338348e-05,0.00545492067852103,0.0295642782930118,0.00373430142548993,0.010164885675292,0.00551761702820978,0.00271298329724391,0.000694474381000369,0.000156841273884415,5.20018145690263e-05,0.00512504519670651,0.0249693734806458,0.000183641083671928,0.000247827604861855,0.000116668217286512,0.00262928625026494,0.000801794122878626,0.0275811153103498,0.000424149375083267,0.0037173569815108,0.000344539456553846,0.00749998180805093,0.000249537239570007,0.00229424836300887,0.185683375578567,0.00901077578940294,0.00022212045983392,0.000378920149080291,0,0.0326421549551726,0.384021057808645,0.0852449686925833,0.080167255693678,0.000871372848673553,0.00520816926080694,0.379936965655826,0.0130527144473393,0.00206655440312457,0.00835394071268207,0.00254555720562208,0.000117522658253253,0.00057238382157582,0.00535823547732778,0.00546359567658031
0.123659691969568,0.0174386453136055,2.70970845563101,0.000120511370896429,0,0.024139289526275,0.378877197917304,0.186214728400375,0.00134341383173898,0.0893815419991978,0.00754406257484926,0.00092658182654442,0.00218004256647818,0.389135255729028,0.0326016313084671,0.793073648704117,0.625885013782562,0.00410764543127578,0.0693009259451064,8.87131771146507e-05,3.89126844494301,0.209570694912706,0,0.0182260688845891,0.00535940194623977,0.499997023147693,3.04930827959333,0.101364182845438,0.266285688248019,0.510305922943524,0.000919438730628538,0.00209667313386208,0.0681814649310388,1.80277500681115,0.33591527811729,2.09109276307231,0.205075410878145,2.24072208318497,0.977478747425052,0.0148056131921096,0.00366375070831784,0.00219177405155105,0.0252682319610672,0.00256886419592603,0.00887858396662633,0.00675800360231253,0.00140672877827973,0.000494970173396408,0.000243534957550258,0.000319859778793603,0.00302106726448233,0.0359781071514618,3.99508856775165e-05,0.000826717640851289,0.000131198203822911,0.00227705140199895,0.000612443072675079,0.00884379628467278,0.000280990757360488,0.000165740098209888,0.000155228580246895,0.000243336702868968,0.000526507956442222,0.00273203996816818,0.402530258038374,0.0104908627039487,0,0.00014368166338788,0,0.100064290732483,0.203173081033033,0.300021008231785,0.0448477095226797,0.000111975622878134,0.00523355091516882,0.381693556754668,0.00915480816046029,0.00370760177834525,0.0105476780043667,0,0,0.00112706905737198,0.0073831028252336,0.0420373789010868
0,0.199669352558896,0.00554852421930895,0.21198628888212,0.0101175710927969,0.0136800258550633,0.100503059733069,0.00843521602666061,2.58218198756141,0.0819040171774938,0.0119596797473644,0.0884099932573369,0.0302137772677004,0.00863922276918592,0.147487572289656,0.37753206711083,0.00495913859308254,0.00214151309003319,0.0012108862942131,0.0486134852383695,0.0483032074221747,0.9120742647995,0.0182260688845891,0,0.0385909338280665,0.00681397737080649,0.302424976170945,0.800952621393623,0.00989874472941423,0.000496691825953081,0.00714364702468524,0.00192449733366095,0.00176822445774535,0.0442670202661078,0.0111192280910196,0.110653814437908,0.0116355789801839,0.032152787162207,0.0139101869362788,0.049366555218611,0.00306872640730308,0.00313095271841971,0.183154895259758,0.00174516710610455,0.079294327720616,0.0169531535555232,0.073310453555871,0.0164148262972491,0.00194935872591746,0.000313732765613615,0.0041265043367275,0.0135574031446236,0.0708218248626678,0.00239040879872185,0.00982626877869677,0.309539797748843,0.0558764282536471,0.259306872891274,0.368771995585483,0.00282915681263302,0.0389566995791882,0.00267543770487818,0.0247275351311993,0.019695744182145,0.0835911070029007,0.00453014770883331,0.000221108256637007,0.000375011096400082,0.0254730466450801,0.0359370938750811,0.0337375304468574,0.0212217957664816,1.26455503846944,0.000694407624866722,0.00509497716733404,0.0474988865798272,0.789286278831649,0.0252343649301206,0.0266019190244239,0.000245863968431309,0.000793132314493431,0.00191233266942863,0.0584589559716058,0.0110855609814771
0,0.139116025902929,0.000230984510520384,0.000327652028145432,0.000310461927434653,0.000482300782280087,0.00191406283194178,0.00104540087275781,0.077997991074304,0.00293383213862783,0.13773367992287,0.00224218935273413,0.802829682153575,0.00237753112604147,0.00636526654909405,0.0238059767046597,0.000380469012355745,0.00102051326422271,0.000693877011635605,0.000654064765436231,0.00131608359833613,0.057520760138345,0.00535940194623977,0.0385909338280665,0,0.0453980133330533,0.945805771004938,0.00253491690251334,0.00324360719046205,0.000202692409327194,0.100376256595629,0.00489253535991819,0,0.309861167174575,0.000197740128515154,0.00594259572206429,0.00964329524308819,0.00822944715619292,0.00238445821544618,0.00169201147189263,0.00019280762652576,0.0576826609055992,0.00121385760202327,0.00588354260647758,0.00211139838294266,0.000758710991096346,0.000165300902541548,0,0.0164444013862549,0,0.0378054487371871,0,0,0,0,0,0.000172955331555426,0.000973926586391854,0.000176447140386849,0.0368841471319567,0,0.177347441103278,0.00112444573434856,0.000106632238649577,0.000472379475685939,0.000178719693167597,0.00189921167229077,0.00041754708235085,0,0,0.000891280429918634,6.2317205339849e-05,0.000721957751904369,0.130303366502334,0.0465160620640964,0.314961730013397,0,0.000327416301592499,0,0.0424291741042535,0.000876485936945292,0,0.0039487815125282,0.000157071285417557
0.0294457831200418,0.0273363209304369,1.68799703274379,0.00156065335938884,7.2484445504695e-05,0.0214271859116512,0.170721244166676,0.0778361199117626,0.00797399839609531,0.117393681216332,0.302557752427497,0.0141403498378058,0.0257403004990987,0.149704106649288,0.00255591971970806,0.00816683235266913,2.00990547681552,0.445013613495849,1.95574138109689,0.0017415573467734,0.0493568813378638,0.00413543904204817,0.499997023147693,0.00681397737080649,0.0453980133330533,0,1.98332768444304,0.0420215379053171,0.0837364155659407,0.0622144524714245,0.0394519335441701,0.0065340108989608,0.00897754018471244,1.3229537218722,0.088716006915992,1.62045787797137,1.21112542803656,0.938365900393206,0.708849707199005,0.00676015678626749,0.00261770808662054,0.00806564582440708,0.0565092524426545,0.054861788300475,0.047688262329383,0.0272349633668397,0.000563700472837329,0.000946983808197797,0.000845504173749773,3.64695360528529e-05,0.135234554784263,0.0690743191340585,0.00015101191956541,0.000390342693152905,0,0.00261001618383886,0.000682327197447377,0.00209106021837824,5.00174341714829e-05,0.179319583741599,0,0.263573609260693,0.00146130264186746,0.000403615379127309,0.00451603284624121,0.0284434051836388,0.0765452721816913,0.0147564681119083,0,0.00137909491122249,0.0018531845335792,0.00126852602700351,0.00124191320113496,0.0347218981563517,1.09714907527815,3.53372737894768,0.000331708395226002,7.32396794921604e-05,0.00178029972003068,0.323618867807197,0,0,0.0225218698916297,0.0313092982629548
