0,14.2526484429836,56.1468165516853,3.54881539940834,7.75514829158783,112.721343815327,8459.15595197678,954.597471922636,21.0544638931751,217.187306523323,354.429232388735,37.9238732159138,127.694002270699,8109.20271652937,14.24330753088,3.93028807640076,1601.15842992067,247.919030547142,472.232040137053,13.3177108168602,393.159579873085,7.16627702116966,906.744389921427,135.002052813768,7.98891371488571,375.204958170652,316.218161910772,236.983759701252,12979.4061818421,10814.4678719044,19.1489920020103,46.5497087240219,239.946294039488,1480.52731746435,126.802597224712,564.93321827054,105.935936659575,771.937777817249,244.648162096739,28.8902066349983,18.4239767193794,78.7583090960979,57.7926044762135,6.55714979767799,9.88220953941345,9.6836334168911,10.2089329361916,5.33414015173912,8.86501583456993,0,13.2549359500408,14.0169040858746,0,1.32051688432693,0.83169025182724,45.1774727106094,7.31715878844261,8.95366507768631,1.21081531047821,4.66015607118607,1.31382846832275,3.98311415314674,8.6473802626133,0,10.6351124942303,10.5443868935108,3.23434591293335,5.72280749678612,1.79711198806763,2.13893404603004,1.71724945306778,1.5043303668499,142.158399015665,0.680704712867737,22.1403878629208,80.5464470386505,126.318718910217,6.77098521590233,4.6884930729866,3.67968457937241,0.550779938697815,1.72940409183502,37.1971710920334,40.5186602473259
14.2526484429836,0,225.03043615818,0,4.43437749147415,7.68691450357437,49.1369906067848,12.3775755763054,1624.28488636017,13.1617741882801,132.12447682023,6.31297039985657,1493.72976121306,38.2499613165855,117.992111444473,1610.67518091202,636.114075809717,35.7711286246777,218.966109156609,1.90021440386772,206.398874819279,2730.80646184087,334.974290579557,5025.20991286635,10047.2550582588,625.720862030983,22007.3272576034,503.448164075613,77.6061181128025,77.2984463274479,203.961532980204,2.38679903745651,14.4678978919983,353.144552111626,63.0825571417809,521.316110670567,322.006956011057,238.853233754635,126.32134911418,156.180168151855,0,108.253628194332,228.421600461006,47.9186972379684,81.8277110755444,56.8830219805241,5.15913882851601,6.69268640875816,66.5637489557266,1.6335417330265,1733.87807536125,200.790002405643,6.76626271009445,1.3677933216095,1.34846463799477,47.4398858249187,2.72340673208237,102.880488038063,10.3494534790516,73.4417424798012,0.940180063247681,131.22529026866,4.9970400929451,3.1395737528801,62.0875008404255,215.664437264204,24.8281394541264,66.4346961975098,2.17301133275032,21.1873755156994,378.187183707952,184.419416725636,113.817944020033,206.400928735733,307.031199485064,3882.26052728295,31.0741072297096,11.6630441844463,30.3714352548122,39.0361499190331,0,0,40.8088405430317,70.2596556544304
56.1468165516853,225.03043615818,0,0,0,2.89944016933441,3226.45084035397,19.4794936478138,1.23839393258095,20.7461156249046,101.166833072901,1.35890167951584,25.2893462181091,149.629602760077,2.19802176952362,95.5067673325539,31547.5623555183,120.896415263414,1373.86099770665,0.913311958312988,4061.02290436625,40.6090367436409,38453.9120748937,22.8046310842037,11.2880731225014,22833.2176009715,40888.2153981924,1191.11988705397,126.373597949743,1955.40844780207,1.98352402448654,0,39.0944483876228,1746.401350528,596.457136392593,5364.3099257648,3597.95843505859,1575.63792532682,2268.95413038135,31.6272096037865,50.3498924076557,2.37060797214508,2328.19152477384,238.114392161369,577.186729669571,615.534283220768,46.4385220110416,29.9911329746246,1.31682077050209,11.3230453133583,397.688840061426,4896.29830831289,0,11.0640127062798,0.482589453458786,614.988522648811,11.7500314414501,24.7342172265053,1.34729000926018,60.188423871994,0.351781845092773,1.86826568841934,52.7075134515762,4.99898076057434,790.280679047108,2394.52650040388,201.511062055826,357.522527962923,0,423.944750845432,203.771275877953,4755.17456701398,243.64403757453,0,1120.38382858038,17549.5328693092,399.275187969208,28.4255041182041,182.27781483531,1.34356692433357,0,0.901248514652252,300.212297588587,619.921061068773
3.54881539940834,0,0,0,92.8846440911293,165.610679268837,307.709121853113,94.9981852471828,3034.65014994144,21059.043916434,25.932769536972,2897.74281990528,25.8322035968304,86.4829300045967,699.210145950317,0,0,8.82349497079849,2.40328514575958,19880.4288935661,2.57037675380707,2.86794286966324,3.3494998216629,5640.10739028454,1.76792737841606,8.32516449689865,4.69927543401718,1572.33158913255,128.72347471118,3.15241378545761,1.32099801301956,37.3197496533394,5.3975755572319,73.9823735356331,54.4977878332138,541.620256662369,9.15898925065994,100.384765863419,20.691178381443,844.332140564919,12.3645300269127,8.98885750770569,51.3139703571796,0.397659838199615,8.1795881986618,9.545394718647,795.020682752132,43.2943726480007,2.08282220363617,0.887672007083893,2.99363622069359,0,1658.03264376521,40.6747447252274,528.343279421329,279.782862633467,281.689184457064,833.116532713175,2073.24514082074,18.6750464439392,1464.60156497359,0,239.408753216267,106.169643044472,0.433950901031494,0,0,0,660.69387024641,0,13.6388773322105,0,557.842247664928,1.97406649589539,0.825068414211273,6.95812624692917,1575.38197475672,82.9837986826897,0,0,12.3810140788555,2.52497780323029,105.716576606035,5.68337064981461
7.75514829158783,4.43437749147415,0,92.8846440911293,0,2053.37952435017,153.427666425705,169.123879641294,236.691296517849,235.649699419737,16.4937888979912,1122.17838340998,18.138642758131,47.9628510177135,5392.19503062963,8.94187778234482,4.55801504850388,2.91385245323181,3.314961373806,156.276331186295,34.9897094368935,20.2812200784683,23.8217183947563,417.483815848827,5.15394562482834,9.24083322286606,18.3384081125259,150.129188477993,20.377556592226,21.9789170026779,1.28839772939682,1477.75011882186,1.41497051715851,38.6151754260063,873.281177103519,991.924003094435,14.0155434608459,31.7494025826454,25.6183190643787,10410.6469504535,1170.88532224298,21.1172759234905,25.2343313097954,7.59301805496216,9.39759799838066,41.0585849881172,47.8426495790482,1.59132307767868,8.08279323577881,0,0,0.504338800907135,1.87719911336899,0,7.78668531775475,31.525507837534,6.67718210816383,19.2092862725258,8.41758996248245,7.85499721765518,29.9759654402733,1.31996589899063,15.9286996722221,2.33963370323181,3.08384782075882,0,1.29542756080627,2.128238260746,4.90271109342575,1.20122939348221,0.938981592655182,5.17289823293686,44.0076215267181,0,4.96266180276871,11.0134491622448,48.3858712613583,2.16337096691132,3.90159749984741,0.432821720838547,0,0,27.6088081896305,742.03009852767
112.721343815327,7.68691450357437,2.89944016933441,165.610679268837,2053.37952435017,0,8659.04568603635,18622.0828875303,313.571301937103,14190.9348435402,523.186879575253,9964.59275245667,404.149961829185,3529.06277394295,4673.79557624459,6.14164477586746,31.9674563407898,302.854913264513,116.946053832769,616.718749642372,14.4234045147896,12.2423114478588,24.0891717970371,410.864631831646,15.3266396820545,173.126601874828,55.5977367758751,497.498086005449,1097.40908119082,140.681163907051,52.5308907628059,983.308391422033,23.4205179810524,654.722270488739,6920.42855668068,3653.14702284336,141.937549054623,690.268240690231,187.233735114336,6652.6940882504,518.239473342896,309.202945619822,430.697513073683,6.79198598861694,89.798288166523,64.8753205239773,517.644488990307,157.09383559227,57.6399354338646,1.94475334882736,3.23908337950706,0.94207888841629,102.116198241711,4.95944505929947,399.993889480829,721.432730227709,332.357736617327,92.5036163926125,356.409215211868,74.3609944880009,244.274632662535,15.2102907896042,460.226618230343,27.9658575057983,2.83235922455788,0,23.8852256238461,0.724673211574554,91.7618226110935,13.202362626791,6.1451004743576,6.83033630251884,1014.09775298834,0.671811938285828,14.214547842741,9.83892706036568,1122.98048022389,181.379305273294,7.4022029042244,4.81893372535706,24.2960965633392,8.65536761283875,503.275448918343,617.782752662897
8459.15595197678,49.1369906067848,3226.45084035397,307.709121853113,153.427666425705,8659.04568603635,0,10821.382552892,1339.04330688715,29280.5673706234,1060.23281663656,852.180562734604,1269.4417206049,48013.3948935866,810.955123156309,212.413708090782,3543.12067380548,659.193091332912,702.321192771196,151.312554091215,8592.8533577323,113.784784674644,6739.93351757526,2959.02035298944,39.3808345198631,1469.66745948792,1851.65151920915,57284.0563002527,12219.2517135143,6593.28492605686,118.32986214757,722.063453882933,1674.17247113585,6292.41477811337,2737.33796718717,15771.7533913851,1055.82442462444,8704.96160072088,2815.67951574922,1707.30229470134,607.865966945887,555.486213982105,2004.94853168726,44.1988201439381,192.897905796766,273.670870989561,749.360381931067,596.759846419096,67.7349700629711,23.9800917506218,37.9084223508835,136.191078096628,924.979459524155,14.6226303577423,1247.54726332426,2986.6696896255,1317.62207645178,635.186102986336,2320.7397788465,589.806485623121,620.511132419109,12.9719637036324,1967.86790919304,38.1074546277523,250.474731743336,64.630541831255,70.6050387620926,22.0753310620785,362.732901155949,71.4762782752514,43.79620423913,276.833063542843,5195.91506889462,1.70197439193726,51.7446006536484,490.373549491167,5992.42022886872,919.189003527164,57.772077858448,1.18284186720848,231.647256970406,23.4293384253979,1568.18395492435,611.756624609232
954.597471922636,12.3775755763054,19.4794936478138,94.9981852471828,169.123879641294,18622.0828875303,10821.382552892,0,208.333968877792,14294.6293576658,661.620529711246,3541.48401486874,455.766855150461,22324.3272207081,545.274474382401,2.12689745426178,277.167650431395,293.042530417442,190.69567835331,518.200486421585,90.4004654288292,32.4892441034317,178.73043641448,881.559431999922,30.4189110398293,242.537701100111,107.724335968494,1306.57870337367,2784.65853008628,1355.51512351632,47.5919872522354,774.338688731194,89.3123184144497,951.442983180285,155.116146981716,3145.57878163457,153.973661422729,774.823256075382,236.297281116247,1421.45330888033,298.549560934305,288.527151376009,1268.89671289921,17.1450856626034,148.932241410017,154.831993788481,592.974631786346,424.031441658735,67.2111440598965,14.7444625496864,4.39780765771866,4.3459133207798,61.5502941608429,9.62796974182129,533.10361918807,2326.9163582027,636.624305427074,206.229031920433,349.20051112771,209.060168504715,144.527778089046,23.3503779470921,1232.37030369043,29.1139422953129,28.771960824728,2.69217184185982,27.3593215048313,0.536687076091766,59.7208336591721,31.4362596869469,7.32198080420494,15.8734659850597,3327.92044778168,0.773529052734375,30.6378641724586,20.6206079721451,3394.81568795443,593.696077257395,38.8261172771454,13.0325862765312,99.6084668040276,16.4285577237606,1196.90007442236,88.4501454532146
21.0544638931751,1624.28488636017,1.23839393258095,3034.65014994144,236.691296517849,313.571301937103,1339.04330688715,208.333968877792,0,2351.63865596056,49.4970033466816,2440.35974502563,374.581243574619,244.731018960476,1959.48995551467,42.6367003917694,24.1707027554512,18.114857852459,18.7597952485085,1413.04955607653,21.0441509187222,9140.23935362697,15.5799126625061,29548.6575098336,1180.95537757874,58.0276863873005,952.414375245571,5653.79870808125,248.957927107811,69.4073375761509,74.1115381717682,59.607690423727,42.2098006904125,109.571916341782,165.056815594435,453.561146527529,40.5746592581272,156.44506880641,44.7835151255131,1802.81360650063,29.5774098038673,49.8458114266396,818.269759625196,10.4218816161156,59.5609784722328,80.9255242049694,499.667852371931,133.043077021837,9.99413365125656,24.5135724246502,9.83655986189842,5.07742449641228,2094.40611234307,35.7122921645641,394.588693380356,639.56984692812,363.312556803226,4723.37023341656,1696.70928868651,242.227331221104,674.470138400793,24.4824221134186,581.101753741503,128.169995427132,140.200939714909,2.11622363328934,173.729425191879,8.25033822655678,396.833179563284,72.3558908104897,229.593410402536,21.5861656665802,5850.64455157518,10.9720621705055,94.3342707455158,108.376816511154,4401.20263892412,498.188533246517,47.3066321015358,23.070505797863,52.9328938424587,23.1700037121773,369.37514141202,202.536807626486
217.187306523323,13.1617741882801,20.7461156249046,21059.043916434,235.649699419737,14190.9348435402,29280.5673706234,14294.6293576658,2351.63865596056,0,1352.06253758073,10973.4136778712,1269.62764817476,14180.2880022824,1165.70920822024,7.40847504138947,70.5663315653801,814.480426520109,374.956141293049,10331.4527138174,20.6751615405083,7.22137880325317,64.0371177196503,1358.78562647104,46.5579892992973,556.360974490643,181.266896724701,2932.32340607047,5245.84822246432,206.239646494389,172.937315255404,951.659403532743,93.6937668323517,2880.70129811764,1127.62922427058,10680.8375560045,413.730506807566,3731.01531293988,721.319991260767,3048.37551707029,488.191148459911,712.631593316793,815.26672065258,9.33656549453735,157.372530460358,131.787125080824,2699.62471625209,511.657849043608,95.7204529941082,6.70003563165665,15.4528558850288,1.64570879936218,3213.05379587412,71.054560303688,3161.17707279325,2098.56378132105,2380.54737538099,1163.02584460378,7471.95349752903,110.41200658679,4369.06843462586,16.6608964502811,2321.98689299822,226.65970274806,7.67874619364738,0,13.7628099918365,0,1767.04359120131,6.15029960870743,34.6038402915001,7.75117164850235,2883.73051086068,3.78634005784988,4.21442353725433,11.4600465297699,5808.05403423309,819.353729128838,6.13323453068733,0.500199615955353,57.3131355643272,15.6474437713623,1374.09045115113,145.880457907915
354.429232388735,132.12447682023,101.166833072901,25.932769536972,16.4937888979912,523.186879575253,1060.23281663656,661.620529711246,49.4970033466816,1352.06253758073,0,836.869670838118,13532.7745273709,1688.30824041367,62.5694204866886,23.2079924046993,1192.275408566,11873.2054441571,1869.45567068458,123.117845326662,188.631346553564,52.4129602909088,363.083986848593,198.50118252635,1730.37658077478,3113.78459665179,834.890037447214,288.217780053616,5019.0304993093,441.994775891304,997.757540673018,2061.1167769134,75.9531161487103,20116.5622059107,100.990163117647,1624.24911364913,1292.5453902781,3248.89638713002,826.508817315102,231.354068398476,45.138550132513,3088.35390213132,139.13411206007,411.28775241971,38.4771267175674,31.7413952350616,32.3491950631142,6.11233389377594,2377.20254027843,0.786198794841766,193.727762758732,41.8103355467319,0,0,7.28656196594238,74.1288855969906,1.7285590171814,61.304563164711,0,2403.78740870953,14.3004561662674,5524.59468257427,7.3086002767086,0.513874471187592,19.3739738762379,25.2350238859653,197.783994436264,19.3179999291897,0,6.69447141885757,140.802896469831,36.9477722346783,247.710190832615,416.041571885347,938.651196926832,1276.00743824244,147.28862157464,6.92599368095398,5.33314147591591,1668.10342717171,1.98242294788361,0.872386634349823,326.925235927105,67.0584779977798
37.9238732159138,6.31297039985657,1.35890167951584,2897.74281990528,1122.17838340998,9964.59275245667,852.180562734604,3541.48401486874,2440.35974502563,10973.4136778712,836.869670838118,0,501.81241363287,1806.24953266978,6321.53746625781,0.711700439453125,11.6524685323238,400.122936755419,154.4544480443,12160.1644190848,13.7940976321697,21.8853394687176,19.3355073928833,855.273041635752,26.7748548984528,259.298125565052,81.5811638832092,657.991425812244,1283.40923404694,36.9842980802059,92.3828357458115,674.280473291874,7.28801861405373,949.002750068903,6506.76422503591,2783.74773517251,175.494901537895,935.883819311857,157.102512985468,7465.19293549657,149.659226596355,314.347608834505,178.123060464859,3.79963576793671,54.9491171836853,63.2782447934151,1482.56412112713,105.305188715458,65.9769578278065,0.465949505567551,2.07953226566315,0.420158356428146,383.552776962519,48.0867712795734,611.42400380969,233.951228737831,388.08688801527,207.822133302689,912.01008951664,89.8002821803093,1594.91359558702,9.3269644677639,407.28034734726,120.852908313274,3.66309916973114,0,39.4856549501419,0,409.535095244646,1.18175327777863,0,8.7914787530899,304.193081766367,1.91691470146179,15.5946066975594,8.26149374246597,549.368907719851,142.35806196928,0,5.98326274752617,32.2752977013588,7.93599790334702,347.371942609549,1737.90147474408
127.694002270699,1493.72976121306,25.2893462181091,25.8322035968304,18.138642758131,404.149961829185,1269.4417206049,455.766855150461,374.581243574619,1269.62764817476,13532.7745273709,501.81241363287,0,758.81951379776,91.5489031374454,180.907654732466,56.8219822645187,767.638096213341,41.6053547859192,129.464652508497,133.142477482557,507.166712403297,132.10061660409,969.179961770773,8326.19211429358,789.307704240084,3919.31994226575,558.080820560455,1535.42314168811,245.324471831322,689.541572123766,789.723876774311,35.5286025702953,4899.93127217889,148.944100618362,1443.9017431736,2098.14525857568,6805.63657695055,819.64150378108,837.886430561543,161.663281023502,8837.45911425352,417.789943754673,1433.87267890573,207.662809699774,153.033632278442,142.760510265827,17.7968761026859,5922.12447959185,3.05647772550583,1004.50258880854,13.0304708182812,3.66254317760468,0,25.3166817128658,111.025124877691,29.7109787166119,139.834555864334,16.1528286039829,8300.99875810742,24.3907177448273,20089.4368826449,42.0782725512981,3.43572461605072,35.4555062949657,29.67306214571,698.302374064922,63.2438409626484,4.54863280057907,17.3485703468323,428.146490365267,30.5620154738426,293.541140645742,4131.21707001328,4410.58048689365,10109.8552938402,165.193553268909,23.2964227497578,23.987340927124,8227.65858787298,7.15899604558945,1.97015464305878,549.545936703682,41.4293044507504
8109.20271652937,38.2499613165855,149.629602760077,86.4829300045967,47.9628510177135,3529.06277394295,48013.3948935866,22324.3272207081,244.731018960476,14180.2880022824,1688.30824041367,1806.24953266978,758.81951379776,0,201.385996282101,7.77159833908081,2093.28666901588,922.785555630922,865.66055059433,364.119678199291,736.760280907154,29.8186592161655,1195.44350159168,975.580586642027,41.9903213977814,878.541536182165,574.395018130541,1806.44841334224,25889.0210915506,10422.7019107938,127.764643549919,1323.18261516094,365.515124768019,2799.46311277151,308.617951691151,4308.91418343782,341.165071040392,1964.72238501906,654.506250679493,655.649506419897,216.382387280464,445.151661545038,1089.48673242331,18.3562538325787,143.432147562504,117.829775184393,427.740026026964,287.526385366917,82.5312366783619,15.0748385190964,23.2957239151001,25.227034509182,86.0579015612602,1.84962409734726,498.002449065447,1778.20969974995,564.020528256893,243.909316778183,384.667985886335,131.980119466782,129.652324050665,33.4213111698627,844.923396021128,9.23061513900757,57.4485785663128,15.7196673452854,23.970959186554,8.20284575223923,55.2718577384949,32.0048651993275,11.5154337286949,18.1337459087372,2845.5449115932,0,54.2069589793682,154.324134856462,2816.32719430327,452.571342051029,42.8428256809711,16.6516319215298,58.2482307851315,15.2680140733719,845.599711924791,119.020637303591
14.24330753088,117.992111444473,2.19802176952362,699.210145950317,5392.19503062963,4673.79557624459,810.955123156309,545.274474382401,1959.48995551467,1165.70920822024,62.5694204866886,6321.53746625781,91.5489031374454,201.385996282101,0,17.2774395048618,8.33611834049225,38.9198626279831,16.978933006525,967.484845221043,77.4729503393173,390.987135946751,50.6402130723,3448.25365802646,105.351577043533,14.0542467236519,106.39176812768,1178.7869079113,148.898903518915,102.949224770069,6.77603048086166,1614.07366457582,12.763851583004,80.5209435522556,2346.73323845863,502.495533019304,30.7051229774952,92.2083272337914,56.3372226059437,7312.1547677815,66.9461007714272,33.350394487381,146.923695027828,15.7364644110203,11.2935711443424,56.0213958024979,201.845537483692,47.805639564991,9.00054705142975,1.91045194864273,0,1.60030353069305,26.7742045521736,5.10539793968201,61.4801410138607,193.126713812351,69.9086666703224,49.9576907753944,57.1818147599697,53.8385427296162,114.201180934906,2.89152479171753,131.942604452372,7.60538935661316,20.3940703570843,0.912222892045975,18.3297721147537,0,31.5656667947769,10.4321998953819,3.5722576379776,13.3612877130508,323.704795479774,4.80529582500458,14.8615837097168,27.2081460654736,334.57882630825,58.8229002654552,4.76652574539185,3.18504711985588,12.3521502315998,0,139.629173129797,481.527044385672
3.93028807640076,1610.67518091202,95.5067673325539,0,8.94187778234482,6.14164477586746,212.413708090782,2.12689745426178,42.6367003917694,7.40847504138947,23.2079924046993,0.711700439453125,180.907654732466,7.77159833908081,17.2774395048618,0,161.129348784685,17.848361313343,57.850549697876,0,6257.62113249302,11072.3525530398,5687.52413788438,2169.93350490928,624.600463360548,163.866977274418,7975.23324361444,2626.5317299366,25.2618546485901,83.2181285619736,23.6062930822372,1.61334681510925,6.95177906751633,476.763417333364,1146.29550939798,7078.41228184104,1776.26951777935,2559.48389539123,1874.83477935195,79.2562525868416,43.6244234442711,13.6102426052094,1553.9742834866,135.073108911514,389.339912444353,447.939676344395,135.062641441822,29.717211663723,2.95653781294823,21.3677915334702,25.1749592721462,83.254206597805,1.67077028751373,24.9189407229424,1.98695650696754,211.591840416193,16.8113804757595,439.705356270075,6.0923715531826,26.5829525887966,6.47476673126221,5.18390879034996,114.769502103329,40.379224896431,16002.3808396161,109.302998423576,53.0402826666832,27.8133745789528,0.702131807804108,2368.76804167032,2673.63283649087,8249.82064214349,3146.91264605522,5.10083255171776,107.373115092516,1963.87759423256,1448.27250981331,178.735653936863,351.696063637733,3.36202952265739,3.99338513612747,12.5898896455765,153.598750829697,814.166010648012
1601.15842992067,636.114075809717,31547.5623555183,0,4.55801504850388,31.9674563407898,3543.12067380548,277.167650431395,24.1707027554512,70.5663315653801,1192.275408566,11.6524685323238,56.8219822645187,2093.28666901588,8.33611834049225,161.129348784685,0,487.130237817764,8596.10569393635,5.23024839162827,5108.31924670935,71.8144542574883,29659.3019311428,128.415769457817,60.2275493144989,15473.8459702432,36260.538775295,686.149782061577,2868.26845127344,16034.5982580483,9.04119980335236,11.0620503425598,265.525104373693,7897.24463871121,817.353987574577,6623.51205384731,5190.70261570811,2344.91258308291,2473.26501718163,45.4104729890823,31.66471144557,14.3357174694538,1444.35064825416,340.460985302925,434.06996306777,384.416371971369,15.1131257712841,34.9220524728298,1.94967824220657,9.48094353079796,772.059434980154,2449.80753049254,0,3.33250045776367,0,315.204884707928,2.73442149162292,22.1091403961182,0,24.169429153204,1.0201370716095,0.571918964385986,33.4993213713169,6.69519144296646,304.576151579618,1441.90961188078,82.5433122515678,708.331509798765,0,206.576044753194,109.61748316884,1172.64414083958,139.956389605999,0,1763.53665421903,9763.42394050956,172.659048676491,27.927999407053,233.559911668301,3.56825399398804,0,1.71195629239082,254.479765236378,491.710112184286
247.919030547142,35.7711286246777,120.896415263414,8.82349497079849,2.91385245323181,302.854913264513,659.193091332912,293.042530417442,18.114857852459,814.480426520109,11873.2054441571,400.122936755419,767.638096213341,922.785555630922,38.9198626279831,17.848361313343,487.130237817764,0,2528.55858948827,83.4163102209568,117.852723807096,16.9702129662037,339.036878079176,95.0643221139908,87.5191801190376,1342.1700732708,1170.10080245137,163.101454168558,2294.83243745565,274.122340351343,239.232528299093,434.138426274061,46.1463770568371,7892.03604128957,403.622454464436,2707.38540995121,3140.67736062407,4523.95103687048,3158.57779482007,108.266621768475,27.4864651560783,195.148193359375,135.988151580095,177.473966270685,78.7485918998718,79.4462500214577,14.1390180587769,10.2979867458344,183.610897362232,0,32.1416400969028,24.3759453594685,0,0,0,7.55062654614449,1.99650114774704,18.4719707369804,0,330.448844969273,7.52360737323761,938.542609214783,1.90702688694,7.02263796329498,7.26974883675575,27.9164891541004,161.616093695164,50.0149943828583,0,6.1182624399662,12.7510948777199,38.5872610807419,36.0720328092575,46.5305640697479,2011.09965381026,2762.16460371017,9.76267433166504,0,3.53285956382751,1020.34794169664,1.34279239177704,0.520424067974091,54.7195122539997,234.73543804884
472.232040137053,218.966109156609,1373.86099770665,2.40328514575958,3.314961373806,116.946053832769,702.321192771196,190.69567835331,18.7597952485085,374.956141293049,1869.45567068458,154.4544480443,41.6053547859192,865.66055059433,16.978933006525,57.850549697876,8596.10569393635,2528.55858948827,0,29.0632314383984,879.060877412558,28.6292139589787,2355.75583705306,79.181085973978,41.1167132258415,4466.01885604858,5676.84103193879,202.458615809679,1887.60489958525,2130.91694229841,21.5598893165588,90.2320939600468,226.565280497074,12438.6331004798,718.902739167213,5859.97073876858,4904.77406331897,5082.75608870387,4130.632478863,38.9917852282524,27.0191688239574,7.47052955627441,556.685468137264,161.121745586395,246.346110910177,234.091933339834,9.36441349983215,16.896618694067,1.61669367551804,3.02332878112793,236.904628872871,351.939637482166,0,0,0,116.093332618475,1.13945508003235,13.6142345070839,0.448589146137238,15.6722125709057,0,48.0707046091557,4.56175130605698,2.10791826248169,66.9704613685608,338.493711382151,35.5393740832806,395.876477181911,0,58.1442309319973,22.7184332609177,313.854440495372,24.9794798791409,11.6779304742813,1734.83917143941,3684.76088950038,22.1251008808613,11.6879844963551,73.5436634123325,90.618411898613,0,0.396987438201904,115.103408634663,469.855130821466
13.3177108168602,1.90021440386772,0.913311958312988,19880.4288935661,156.276331186295,616.718749642372,151.312554091215,518.200486421585,1413.04955607653,10331.4527138174,123.117845326662,12160.1644190848,129.464652508497,364.119678199291,967.484845221043,0,5.23024839162827,83.4163102209568,29.0632314383984,0,0,4.97470116615295,4.30224665999413,3432.17318928242,7.15761917829514,50.6050224304199,19.1983245909214,1931.90873542428,329.699642419815,13.9798366725445,16.1746424138546,117.588040858507,5.24094632267952,172.572578847408,41.5350361168385,865.668451547623,43.2649479210377,219.802740871906,57.3537157177925,1155.79248601198,33.5718963742256,73.7041878402233,161.166440248489,1.49163097143173,30.2794770896435,23.0648357272148,905.017609119415,94.1184136271477,16.0230923295021,1.26868432760239,1.07388907670975,0,988.115594804287,32.8943476080894,570.977161705494,297.293494880199,389.727602899075,258.643691718578,1342.10761484504,57.1099209785461,884.766596883535,1.02008575201035,422.050478339195,107.020220309496,1.38233196735382,0,10.2026261091232,0,348.857641637325,1.30531314015388,2.05365949869156,1.74982649087906,407.694872021675,0,1.44553405046463,2.81446167826653,1088.07207635045,153.153287142515,0,0,17.4399527013302,0.486343413591385,244.22592535615,9.7252881526947
393.159579873085,206.398874819279,4061.02290436625,2.57037675380707,34.9897094368935,14.4234045147896,8592.8533577323,90.4004654288292,21.0441509187222,20.6751615405083,188.631346553564,13.7940976321697,133.142477482557,736.760280907154,77.4729503393173,6257.62113249302,5108.31924670935,117.852723807096,879.060877412558,0,0,625.680533349514,42527.3979117572,208.000794142485,139.150344878435,1028.21999186277,4167.72491705418,5738.61067909002,625.117787122726,40374.3923946321,6.45589372515678,16.7890059053898,115.145115792751,15157.0143529475,3965.0492297411,19714.3737034202,5276.3529612124,20392.4539294541,7197.3905300498,365.798512220383,109.870847642422,16.432278752327,1086.03468349576,54.4374718666077,140.471446275711,184.001091331244,70.1088229119778,16.838126629591,3.37522259354591,19.3233517408371,46.9525626897812,134.966192662716,0,12.7845618724823,3.07646125555038,179.91506806016,17.3803117573261,118.918986052275,4.9226521551609,11.5066671967506,3.50782513618469,0.941725701093674,100.003784954548,11.8537914156914,4929.4551961422,103.664944857359,18.1529459357262,26.289623260498,1.12507498264313,1579.47661262751,432.650731265545,2925.15666121244,1998.83745723963,2.80920404195786,90.6304061412811,1047.39667776227,1296.70947802067,195.444848060608,307.191882133484,0.384258210659027,2.42316329479218,9.84558653831482,154.242398500443,1590.99090975523
7.16627702116966,2730.80646184087,40.6090367436409,2.86794286966324,20.2812200784683,12.2423114478588,113.784784674644,32.4892441034317,9140.23935362697,7.22137880325317,52.4129602909088,21.8853394687176,507.166712403297,29.8186592161655,390.987135946751,11072.3525530398,71.8144542574883,16.9702129662037,28.6292139589787,4.97470116615295,625.680533349514,0,1268.62773343921,20240.7186814249,1289.33773487806,110.144662886858,11066.1415923238,2048.42604216933,67.8500851690769,58.9859330356121,91.3594936132431,7.16909050941467,9.79706156253815,103.601689636707,69.0560687184334,509.428417414427,122.949123442173,266.064582079649,164.359713077545,589.472920924425,2.2515242099762,43.657517015934,517.402019709349,32.810107678175,121.029504358768,143.865712791681,68.1578997075558,8.60910719633102,9.84162178635597,5.58936673402786,60.7648186683655,57.9192686975002,27.0387454032898,14.5137965083122,5.01637351512909,88.5128370821476,9.92099863290787,391.81797015667,35.0574283003807,21.9391608536243,22.7769697904587,24.4821811616421,26.6130802929401,23.2144077420235,3871.2127096653,47.6072548031807,20.6702214181423,28.0663007199764,5.39886137843132,405.824466139078,1927.01811343431,1030.73220282793,1522.90930956602,18.5243669748306,82.2719728350639,2385.79225456715,438.41502520442,73.3062244355679,92.4799742102623,10.8255088627338,2.5332869887352,0,55.9094635248184,169.172674924135
906.744389921427,334.974290579557,38453.9120748937,3.3494998216629,23.8217183947563,24.0891717970371,6739.93351757526,178.73043641448,15.5799126625061,64.0371177196503,363.083986848593,19.3355073928833,132.10061660409,1195.44350159168,50.6402130723,5687.52413788438,29659.3019311428,339.036878079176,2355.75583705306,4.30224665999413,42527.3979117572,1268.62773343921,0,726.619868099689,94.1163078248501,7582.12736931443,33931.5108402371,6364.94662219286,1523.18030425906,16504.116327405,14.2910487353802,18.8839827477932,178.055160015821,18062.5870619714,5924.93183377385,42375.0922800601,15824.5439195037,26706.9721836448,19706.9411906004,644.11962223053,223.116852343082,28.1813321113586,3553.06231817603,301.849355250597,1205.56033375859,1597.97376534343,114.560498178005,40.9379552900791,4.14173069596291,9.93081343173981,162.065815210342,1086.69277659059,0,44.7052257061005,0.707151889801025,735.614311337471,23.4384906888008,276.336773961782,6.5664929151535,75.3166652321815,18.2752847671509,2.16095533967018,65.6895915269852,25.3666061460972,18911.6475076377,833.259303241968,220.93638920784,247.238964557648,1.93894201517105,2530.16929289699,1174.95213258266,22553.3633096218,2073.04331699014,2.59272947907448,673.885424777865,16360.8222140819,1536.57303667068,49.6683693230152,361.120749920607,5.88971552252769,3.90032076835632,9.62943655252457,444.145376980305,3538.21657621861
135.002052813768,5025.20991286635,22.8046310842037,5640.10739028454,417.483815848827,410.864631831646,2959.02035298944,881.559431999922,29548.6575098336,1358.78562647104,198.50118252635,855.273041635752,969.179961770773,975.580586642027,3448.25365802646,2169.93350490928,128.415769457817,95.0643221139908,79.181085973978,3432.17318928242,208.000794142485,20240.7186814249,726.619868099689,0,2746.37880399823,216.9945345819,5332.33789968491,11818.9803936481,1852.05231112242,893.813530057669,150.672280460596,163.845876663923,470.15025678277,1280.44012314081,1048.86862048507,5794.96147203445,451.913238674402,1979.26205578446,701.232647180557,2475.99551579356,142.838225513697,158.556127220392,4080.88207578659,73.3134915232658,323.260752946138,382.737828463316,1220.63203191757,763.605985313654,46.5398580431938,99.4409956336021,55.1464524567127,32.3821996152401,1963.6873113811,66.3289019167423,1913.36016204953,3569.86346468329,2186.67808651924,3771.96868312359,4041.54136809707,993.750932633877,1385.49638301134,33.6003849804401,3028.97619824111,140.596758961678,2112.69708284736,20.528892070055,400.426726132631,14.4330444335938,790.063108891249,758.199205100536,828.006727576256,697.74253949523,16612.4907972515,36.640810072422,142.967533290386,524.942927479744,11356.8247369528,2019.39761790633,290.189445614815,11.265320956707,324.185631066561,82.3431700766087,2032.91602799296,809.004078894854
7.98891371488571,10047.2550582588,11.2880731225014,1.76792737841606,5.15394562482834,15.3266396820545,39.3808345198631,30.4189110398293,1180.95537757874,46.5579892992973,1730.37658077478,26.7748548984528,8326.19211429358,41.9903213977814,105.351577043533,624.600463360548,60.2275493144989,87.5191801190376,41.1167132258415,7.15761917829514,139.150344878435,1289.33773487806,94.1163078248501,2746.37880399823,0,364.914313882589,2981.92140731215,353.714314311743,65.4672101736069,13.0694545805454,232.684366732836,53.6601829826832,2.36498254537582,340.403101474047,9.2953587770462,62.2183224260807,119.028896868229,536.418276369572,3.76142579317093,145.835499078035,2.54120734333992,1084.88324046135,218.785635322332,62.6326115429401,89.8996587693691,73.2806024551392,9.07201412320137,10.1839186549187,362.892181277275,1.16716337203979,1481.64340510964,63.3843356966972,1.30938413739204,1.56574416160583,0,53.8577069938183,0,32.3248466551304,6.30911925435066,547.257208824158,1.56894862651825,1593.43943446875,6.39346054196358,0.96782186627388,21.2725085318089,61.8678927123547,31.9171825349331,121.670408397913,0,18.6706636846066,93.929314494133,75.0456396341324,50.5335603356361,1439.84591752291,739.36721482873,5060.82651329041,25.7432960569859,4.45468330383301,36.4801735877991,397.328882813454,0,0.383236795663834,86.02082285285,15.0583522319794
375.204958170652,625.720862030983,22833.2176009715,8.32516449689865,9.24083322286606,173.126601874828,1469.66745948792,242.537701100111,58.0276863873005,556.360974490643,3113.78459665179,259.298125565052,789.307704240084,878.541536182165,14.0542467236519,163.866977274418,15473.8459702432,1342.1700732708,4466.01885604858,50.6050224304199,1028.21999186277,110.144662886858,7582.12736931443,216.9945345819,364.914313882589,0,41074.5485312343,409.906696349382,1684.2601506412,2021.22477549314,762.240363299847,222.259517937899,120.116928964853,5991.91835954785,1096.07621875405,10179.0313098431,11634.3540466726,5261.86013358831,4225.33636876941,73.9356903135777,66.7814857959747,157.150202572346,4275.89587661624,1521.09086346626,1747.83536095917,1515.30666220188,74.4849044680595,136.042689740658,447.737551510334,45.6960282623768,1796.23759126663,2721.63040336967,0,9.05039566755295,2.6540424823761,973.066924989223,16.3292102217674,94.4492006897926,0.440722405910492,1100.53475180268,5.96662312746048,3246.98544475436,113.676245748997,11.2919447422028,291.367535561323,2258.38375005126,807.530017197132,2676.88625285029,0.537597596645355,472.726364374161,227.58721780777,1918.90113329887,221.580960154533,348.972174346447,17192.9735622257,34111.3237227798,221.552110463381,135.028995677829,789.352878421545,4053.16738423705,2.83720308542252,4.9692941904068,859.800282537937,965.053484112024
316.218161910772,22007.3272576034,40888.2153981924,4.69927543401718,18.3384081125259,55.5977367758751,1851.65151920915,107.724335968494,952.414375245571,181.266896724701,834.890037447214,81.5811638832092,3919.31994226575,574.395018130541,106.39176812768,7975.23324361444,36260.538775295,1170.10080245137,5676.84103193879,19.1983245909214,4167.72491705418,11066.1415923238,33931.5108402371,5332.33789968491,2981.92140731215,41074.5485312343,0,3686.4977004528,1087.74266204238,2551.51791676879,1079.90890166163,54.8912152945995,195.396564304829,9823.93750309944,3381.26985254884,31899.281129986,13372.4864605367,11205.6205542088,12383.852958262,402.055460244417,191.813930153847,204.657262444496,11319.9179294258,2021.26647633314,3847.62590241432,3974.13587471843,216.947603136301,254.235152572393,249.506919801235,71.1291733980179,9538.58600768447,11208.3632553369,3.68384328484535,29.0963017344475,9.366455078125,2553.32641330361,48.7742739617825,531.228019744158,9.17931655049324,638.3365265131,9.34980341792107,1453.72936561704,205.623960703611,35.8565517067909,9769.14144942164,7719.38408529758,974.691737562418,4006.22109259665,1.73039865493774,1605.21192359924,3321.22986334562,16451.9010772705,1415.47604292631,750.170962512493,19726.3193766475,124165.526978746,1246.67345520854,180.5564866364,1383.83421118557,1649.23163184524,9.51780414581299,12.5934366881847,1870.51107950509,3052.77693748474
236.983759701252,503.448164075613,1191.11988705397,1572.33158913255,150.129188477993,497.498086005449,57284.0563002527,1306.57870337367,5653.79870808125,2932.32340607047,288.217780053616,657.991425812244,558.080820560455,1806.44841334224,1178.7869079113,2626.5317299366,686.149782061577,163.101454168558,202.458615809679,1931.90873542428,5738.61067909002,2048.42604216933,6364.94662219286,11818.9803936481,353.714314311743,409.906696349382,3686.4977004528,0,3887.82841512561,16524.7930178344,52.5047424733639,294.032726287842,1231.9668481648,6698.74146670103,3491.58561736345,17937.3781611323,1187.47734349966,10762.6115761101,3253.27562224865,1676.01689088345,341.497728735209,151.901160001755,3814.8411436677,74.848783403635,284.235265523195,367.036078214645,1469.40409985185,651.073146730661,46.320639193058,68.3939673602581,35.9676679372787,70.3600543439388,2542.47562295198,75.1554546356201,1854.74705320597,3625.73694130778,1870.49930104613,2273.14637970924,5071.40691930056,573.152822226286,1986.26686653495,0.434501826763153,2779.21788278222,166.896998524666,2709.46059122682,55.2960884273052,63.8241316378117,9.50412613153458,1197.35809156299,1042.91538727283,525.830777078867,1233.62697535753,11404.1257224381,10.6109279692173,30.7600051760674,729.381885260344,10989.3771972954,1768.63446733356,374.183445811272,0.29814738035202,254.728846371174,64.2981842160225,1975.02303847671,1146.87950643897
12979.4061818421,77.6061181128025,126.373597949743,128.72347471118,20.377556592226,1097.40908119082,12219.2517135143,2784.65853008628,248.957927107811,5245.84822246432,5019.0304993093,1283.40923404694,1535.42314168811,25889.0210915506,148.898903518915,25.2618546485901,2868.26845127344,2294.83243745565,1887.60489958525,329.699642419815,625.117787122726,67.8500851690769,1523.18030425906,1852.05231112242,65.4672101736069,1684.2601506412,1087.74266204238,3887.82841512561,0,21925.0608384907,291.854901224375,3997.8348737061,3317.42937877774,11233.4902922958,500.385562062263,4475.99076285958,461.460948586464,4019.54652860761,710.093818664551,496.058491915464,200.157353669405,421.045438826084,801.517635703087,22.3914595842361,81.2161617279053,37.429283708334,170.352508157492,78.3320345878601,92.1454342603683,5.04553633928299,51.0455781817436,47.1371548473835,20.5338087081909,3.47150728106499,86.7370018064976,822.502645432949,115.333012074232,196.10949870944,77.325341552496,64.7684712707996,34.0758674144745,49.6392986178398,184.719507873058,7.83884423971176,142.099411189556,33.4823693037033,15.0307370424271,13.7862241864204,8.44186249375343,118.608571469784,10.9125858545303,27.764818161726,2028.07691812515,3.25036451220512,84.9332082867622,363.753486275673,1965.14433476329,151.836890280247,69.8335231542587,19.3205527663231,16.620250493288,12.9991778433323,405.039379268885,144.873731821775
