0,0.891418933868408,263.299629211426,5.52233263850212,0,39.8751065731049,3437.01547053456,1428.93480545282,8.80313909053802,76.2927903532982,12.3025922477245,33.7067710757256,0,15480.7789567709,1.69060903787613,2.9754022359848,354.035238325596,10.6632011532784,47.4577547907829,13.0289502739906,325.282550126314,3.78389304876328,1446.48776257038,60.0381623506546,1.05368101596832,119.762114882469,76.225961625576,152.237381011248,6980.12282204628,15357.7979934216,0,9.01283156871796,24.3710489273071,310.184615314007,14.905487716198,109.161923229694,27.5708186626434,203.398256778717,73.4315041303635,32.4717742204666,3.88634312152863,1.98015415668488,20.8790710866451,2.63140940666199,13.0738497972488,6.49631607532501,7.19952541589737,2.2952099442482,0,0.976779609918594,0.436962634325027,7.55054184794426,0,2.3046703338623,2.37910234928131,16.723259806633,9.40654009580612,9.25738978385925,4.85361456871033,6.57543474435806,4.95709675550461,0,8.10225215554237,1.21886897087097,1.48856753110886,1.51960682868958,0,1.52092415094376,0,11.5166891813278,5.92143845558167,10.0480001866817,39.9592119753361,0,2.76905900239944,18.0271568596363,49.2229122817516,2.9235692024231,11.1507848501205,0,0,0,1.4692405462265,2.97796559333801
0.891418933868408,0,37.9958698153496,0.979879677295685,0,3.83712586760521,6.47008606791496,30.2480646073818,6417.77362653613,4.09625232219696,144.293278217316,2.93956369161606,1772.54798126221,30.400300770998,18.0440798699856,518.148785829544,78.3338982760906,1.62575578689575,16.1850911974907,1.37681829929352,83.7129880189896,5039.07663676143,70.7797175049782,3815.12411135435,1499.4190775156,214.164396166801,22732.8457925022,404.50763386488,15.3563123941422,4.61399954557419,56.1595871448517,2.89325428009033,0,204.970234781504,20.6512357592583,117.99891358614,77.3381644487381,106.962886691093,29.5133956074715,36.8510290682316,6.8634842634201,202.529945135117,248.217898488045,128.127561837435,86.975296497345,42.6401154994965,5.05280268192291,2.5491361618042,6.40643227100372,0,7395.08251410723,144.935750305653,0,2.88888359069824,2.44220873713493,8.94767045974731,7.04608625173569,40.5787712931633,4.33289331197739,11.1215518116951,4.70452827215195,27.1385622620583,7.03246438503265,0.623093783855438,115.057152062654,56.9146737158298,6.3171734213829,73.579225897789,0,24.5512512326241,1015.84590262175,106.480035066605,163.248706221581,91.096518933773,971.135668903589,11698.9384748042,56.7691215276718,0,6.61360675096512,12.3431468605995,0,0,67.8515611290932,20.995587348938
263.299629211426,37.9958698153496,0,16.4281273782253,22.9021525084972,72.8499271869659,824.626002073288,900.602547645569,32.1748998165131,150.728790253401,102.148822069168,114.067837327719,3.89835584163666,1441.18504697084,30.2371630072594,73.7999987304211,33428.6005310118,8.6314235329628,2808.67242306471,36.7970199882984,6978.77516245842,100.941467434168,53396.6927970052,115.014499247074,1.77915680408478,19353.6113673747,10663.0541840792,1904.95236352086,1514.31789425015,1227.11645293236,1.16986179351807,174.85429674387,62.9892918765545,7637.47000181675,728.702023863792,6697.2466929853,3683.19241860509,6050.80112123489,4447.35096809268,97.3297639787197,167.721408158541,10.7747817933559,531.445998579264,207.699805915356,184.624677449465,178.600427657366,49.3626202642918,8.73802226781845,1.17978417873383,8.42557752132416,142.415106922388,1223.03964698315,0.710067272186279,7.80067384243011,11.1420576274395,65.3949634730816,35.809828132391,27.6923377215862,1.07117208838463,8.08823201060295,2.32366973161697,0.852873802185059,47.6778030097485,3.16356801986694,262.964638739824,197.793263614178,15.1940100193024,116.325982451439,0.708594143390656,180.468886196613,152.837232530117,1415.17874830961,114.99254566431,17.6788202524185,1082.32149136066,8287.59518882632,203.865730345249,18.3710734248161,58.0203152596951,3.65240800380707,0,1.38186228275299,103.893197953701,402.412917733192
5.52233263850212,0.979879677295685,16.4281273782253,0,167.933927536011,1054.14945372939,207.362290263176,833.061218172312,4410.29961869121,10945.5840981007,80.5669391751289,10197.2764967978,4.35006028413773,391.978222966194,2046.17258813977,0,7.27845638990402,18.1512750089169,78.3043864369392,14995.2542396784,0.91279399394989,6.84232959151268,7.33602115511894,6163.86112108827,1.88618624210358,214.863483309746,80.3505262732506,6357.35524958372,274.919105947018,25.3786744475365,0,47.3462125658989,5.69885170459747,615.289563179016,103.730785638094,1401.69126498699,75.8100538849831,479.003957301378,91.9225064218044,2342.91896343231,152.987149834633,37.1035258769989,320.308996498585,8.91512206196785,163.784304261208,24.4082273840904,1333.44555389881,108.810484707355,10.0310951173306,1.77575010061264,0,2.03070217370987,1302.71182689071,54.3505431115627,634.546296864748,644.460707873106,709.093509435654,1861.17218619585,2955.1469335556,108.410174787045,1348.70595511794,4.69726538658142,169.798435181379,133.084953963757,0.68665885925293,0.531650483608246,2.8270682990551,1.23343133926392,754.282079398632,5.48588111996651,15.2716535925865,1.37782749533653,1721.03819236159,0.530011117458344,5.89686948060989,6.9054217338562,3571.93333253264,156.486680328846,11.5626328289509,0,11.5058675408363,0,150.644328057766,11.7938804924488
0,0,22.9021525084972,167.933927536011,0,4294.54224011302,230.83788600564,74.168746650219,119.784050703049,299.559426695108,90.2883225679398,501.848394066095,13.6186718344688,48.6002323925495,5925.86563283205,43.1167898774147,9.46679419279099,11.4285986423492,7.95476531982422,120.239020615816,353.976288229227,8.85482314229012,623.83236271143,468.827347695827,0,40.4436524510384,65.0102714896202,405.380979657173,12.582486063242,128.72487872839,3.36026912927628,0,2.77217292785645,511.28913834691,536.060626477003,1342.71625477076,184.814290106297,105.635756134987,313.942827165127,12369.1577166319,4541.88698124886,38.7736735343933,36.2501137852669,2.36955797672272,23.657028734684,5.23331832885742,108.669727385044,15.7479890584946,4.99094974994659,1.68864589929581,0,3.70962637662888,15.4148688316345,4.67004728317261,11.7969351708889,22.70652744174,26.8042300641537,36.3382754325867,44.2250543832779,25.4469858407974,24.4164924025536,1.76595532894135,11.7937584221363,10.0410835146904,18.1323983073235,0,0,0,7.21687626838684,17.6406243443489,3.60404318571091,31.7958191335201,55.1558249592781,0,1.04223453998566,11.1642020940781,91.1810608804226,7.54005861282349,23.0715617537498,1.69658637046814,1.33485651016235,0.696344077587128,3.77521884441376,517.427412062883
39.8751065731049,3.83712586760521,72.8499271869659,1054.14945372939,4294.54224011302,0,7294.70766407251,15201.7390044332,476.222220718861,20203.7484678775,126.63506937027,17902.5566684902,9.22206094861031,3599.42497009039,2800.99426624179,1.10291409492493,39.9721454679966,23.9077298045158,72.4462908804417,1252.71792012453,35.7703266739845,11.0099538266659,120.306176185608,430.334758430719,2.02271020412445,227.889847129583,114.859384059906,2122.01512032747,388.217690005898,491.659436553717,0.931116193532944,233.181033998728,17.1184648275375,513.453312247992,579.712691187859,556.073895484209,52.9877926409245,366.231227278709,69.7677703499794,3351.99060615897,94.6628704071045,30.1211595237255,148.879805415869,5.61339819431305,163.288607269526,24.1539540588856,364.625558137894,51.5217683911324,6.39141103625298,3.35333955287933,0,2.75250035524368,221.107926428318,11.4262565374374,412.965062230825,453.495179384947,617.609455645084,340.363646030426,959.801831871271,74.6753171682358,347.876750618219,1.81135439872742,186.233803659678,52.0533477067947,1.15990665555,0,0,0,119.510099500418,3.78225064277649,17.3864886164665,8.91435679793358,1196.4919603467,0,2.17027369141579,11.2811798453331,1996.39039126039,137.650479018688,8.37117367982864,0,0.783665716648102,1.36890625953674,128.112000077963,47.39780575037
3437.01547053456,6.47008606791496,824.626002073288,207.362290263176,230.83788600564,7294.70766407251,0,13664.2104719281,586.625361353159,21519.3088250756,341.731287032366,605.492726832628,24.88936445117,31563.3896417022,1072.88381698728,2.8171521127224,262.975696176291,92.9989549815655,291.285395413637,92.1604387462139,282.642636179924,14.9967570602894,1713.58753299713,1739.85205030441,4.14728516340256,1252.64328330755,723.556270360947,69591.8349510729,7042.87229272723,6030.22303795815,4.79096132516861,147.659117013216,802.482834279537,8533.28644412756,2069.00740149617,10332.0685455799,433.409779369831,6375.76477427781,1975.05389121175,1455.54657134414,986.335349678993,152.108548909426,318.077656507492,14.8156628012657,317.92955571413,58.4977315962315,431.030647963285,139.782186478376,26.1748345792294,8.95388036966324,4.29245287179947,25.8286790549755,144.103810846806,5.82577437162399,528.707972019911,543.188001990318,900.502917826176,347.862222760916,574.935177564621,180.854158073664,278.014064848423,5.52562344074249,283.959569245577,49.863786816597,38.4397421479225,2.84243595600128,6.5932594537735,5.46161824464798,73.5477300882339,51.9374561905861,54.7508675456047,135.957234531641,1393.35907357931,0,13.0767803192139,160.530008852482,2231.0430187881,251.274576485157,81.9097534716129,0,4.30349862575531,0.799392342567444,189.352652430534,228.197442024946
1428.93480545282,30.2480646073818,900.602547645569,833.061218172312,74.168746650219,15201.7390044332,13664.2104719281,0,945.288513988256,10497.9908922017,1696.5242459476,3859.58345639706,108.985321134329,19450.0272369981,304.430206149817,3.12242206931114,820.48634454608,590.371404469013,1132.81457650661,1032.74167647958,582.370691806078,56.7737933397293,2392.3239428699,1807.17718660831,15.072601377964,2835.62168517709,1081.81972077489,3631.01043112576,2885.03258910775,8430.59411591291,26.708674877882,207.079904764891,64.463555753231,3652.34567052126,124.741592764854,6846.23759168386,620.690335512161,1829.05545134842,408.326275259256,4539.26688364148,892.239421576262,285.670318812132,647.248808115721,25.1447829008102,493.775527358055,74.0487329363823,856.1512824893,220.191873878241,29.1752891242504,15.9628015160561,13.1733066439629,14.3078227639198,161.041495293379,13.4682431519032,984.011911019683,1029.40611901879,1620.56521695852,807.875385046005,849.570375949144,382.689790576696,415.078763872385,10.7777369320393,465.819246292114,63.0396834909916,15.380192399025,1.94132643938065,0,2.30790176987648,123.338063329458,50.0376869142056,64.6636774241924,49.7460597157478,2964.77776387334,0.520926058292389,39.8912679553032,126.105250388384,4312.44520145655,255.889958888292,222.011462926865,2.39285159111023,3.00843065977097,3.00131243467331,370.426025599241,33.7665267884731
8.80313909053802,6417.77362653613,32.1748998165131,4410.29961869121,119.784050703049,476.222220718861,586.625361353159,945.288513988256,0,4228.20328888297,207.435563951731,1013.9410866797,3529.43740519881,673.084416121244,754.327893257141,91.294645011425,14.577066719532,9.07373896241188,55.1123145520687,605.012835860252,152.937163889408,7229.52640333772,80.7750467658043,39644.6689169109,5132.03553712368,416.049718111753,9561.71981912851,6325.34539243579,340.467069357634,129.938032418489,94.8825167417526,26.4945881962776,20.8053176403046,509.013072133064,40.5384703278542,561.185037612915,90.0840446650982,322.015767991543,51.6972245573997,947.191750645638,76.437841117382,133.018954485655,659.954674422741,96.4876715242863,280.936145991087,70.780221760273,231.610749989748,68.2512389421463,14.6449311375618,39.8587554693222,1193.96602803469,30.3718742132187,622.782090097666,15.2436753511429,345.906800985336,757.204151630402,553.186620801687,4799.80263185501,1454.04872024059,152.625897556543,506.382826209068,53.3069851100445,332.861665606499,45.330701738596,630.140275746584,15.9770593047142,48.3259998261929,65.0402910709381,207.875256747007,883.688943356276,7170.6749509573,224.088815957308,7393.85693496466,217.30003964901,244.81382933259,482.578625261784,6116.92863067985,320.86583095789,365.042613208294,24.254781961441,4.23316764831543,15.8108730912209,179.219703733921,102.204916536808
76.2927903532982,4.09625232219696,150.728790253401,10945.5840981007,299.559426695108,20203.7484678775,21519.3088250756,10497.9908922017,4228.20328888297,0,404.758265048265,16134.2776307464,28.1037037074566,5944.95191323757,1739.28369349241,0.748465895652771,53.4829619824886,96.6972492039204,313.478853285313,6982.00942897797,23.0534828305244,9.44555678963661,93.2740657329559,1113.2469599247,0.311632543802261,1115.07401901484,494.961152940989,13515.3017359078,2586.72503598034,297.745010793209,3.46881386637688,217.295304447412,32.69059664011,4368.69938182831,1104.66887900233,7330.34584090114,445.670554220676,3808.96623262763,842.219064801931,2351.58957406878,1344.36922496557,197.799245029688,563.668901920319,7.75510382652283,491.004622727633,58.8801536858082,2713.086784482,233.482222676277,25.2052566409111,6.34532278776169,1.53471285104752,3.10837969183922,1823.80313593149,90.694556593895,1806.48489254713,1701.24647802114,2029.64329600334,2549.32081791759,5948.59907147288,279.560045599937,2622.24026980996,4.23131036758423,446.589164614677,322.062283933163,3.46983528137207,0.542583465576172,0,2.85635218024254,1279.58791023493,13.4872777760029,17.3727945387363,2.94770935177803,4246.59274399281,0,4.06700450181961,22.1385941207409,8743.01528584957,510.152487307787,42.1306140720844,0,17.227340221405,0.568274974822998,435.547440141439,118.417962431908
12.3025922477245,144.293278217316,102.148822069168,80.5669391751289,90.2883225679398,126.63506937027,341.731287032366,1696.5242459476,207.435563951731,404.758265048265,0,412.809162288904,9832.62658900023,732.22680798173,9.08777555823326,11.7564297020435,141.399493306875,11948.9540544152,3165.81335228682,97.3500161767006,15.4208409190178,143.266419529915,65.2322179675102,250.32515886426,252.743883371353,7214.0208286345,387.903307169676,319.829794794321,912.860858440399,143.625159502029,132.447719931602,1746.03209045529,0,9480.0913721621,105.908023476601,2025.6904348731,3964.64935776591,6017.74092397094,284.78619286418,175.079300016165,171.758148431778,2493.95942926407,49.7942883074284,1678.14221739769,148.055379986763,10.2973541021347,67.8597704172134,40.5590475797653,1076.6273316741,3.39723047614098,310.895458579063,4.52023735642433,3.32600915431976,0.646888911724091,5.29864856600761,50.3404872119427,45.6006162166595,229.536346524954,11.9091328382492,5979.50025510788,26.2535982131958,5761.92858922482,27.0158857703209,8.88179835677147,16.1798105537891,0,103.664970606565,10.0572753548622,5.86972233653069,6.7028381228447,172.423057556152,8.12816289067268,322.258495330811,956.345707684755,715.476441174746,1277.5508877635,192.715387105942,94.4599291980267,28.1455421745777,769.086206495762,19.584495306015,0,289.778440386057,20.3540052175522
33.7067710757256,2.93956369161606,114.067837327719,10197.2764967978,501.848394066095,17902.5566684902,605.492726832628,3859.58345639706,1013.9410866797,16134.2776307464,412.809162288904,0,31.493861079216,1518.59736017883,4124.1162994802,0.494782775640488,44.0613160431385,116.183678418398,298.4606988132,17358.6909388006,12.0842427313328,7.32235899567604,41.869442820549,1513.48774716258,3.214236587286,957.556714087725,396.426155358553,1990.73448589444,895.805811181664,139.715597003698,7.63669857382774,173.753280967474,3.70367354154587,1596.49641630054,2543.03262647986,1589.65450274944,138.148239642382,1111.27683034539,103.149981439114,4463.6614227891,368.529226839542,78.4122036099434,263.725409626961,19.3648589849472,134.993475019932,18.1383532583714,1183.54957976937,78.2663423418999,13.5920521318913,2.37291783094406,3.03258562088013,2.07449606060982,602.798885703087,45.0276626944542,400.496012300253,286.438245356083,476.595467031002,722.278590470552,1319.88614225388,135.161091536283,1405.57699549198,17.1288516521454,119.929574072361,137.418793588877,0,0,19.2283239662647,8.8044581413269,356.362473577261,5.44065710902214,5.19030213356018,7.05878505110741,662.014672368765,8.00777441263199,46.2332392632961,41.8595287799835,1440.78313294053,128.972312033176,21.9024822115898,14.8993577063084,14.476263076067,0,76.5809181034565,489.738869011402
0,1772.54798126221,3.89835584163666,4.35006028413773,13.6186718344688,9.22206094861031,24.88936445117,108.985321134329,3529.43740519881,28.1037037074566,9832.62658900023,31.493861079216,0,20.5935532748699,15.859661847353,151.204892605543,1.57660734653473,23.8313071131706,8.58336639404297,10.7875545918941,45.0129489600658,2584.63621330261,21.9972736239433,2029.96693840623,7964.99413186312,414.272209942341,4606.22134149075,85.1789073050022,20.8369017243385,16.1923712193966,3497.91789859533,85.5067746639252,0.889271914958954,4757.17504698038,41.0367592871189,587.259295880795,3022.35718101263,2130.85923305154,167.404546678066,54.5849916338921,25.1127410531044,3105.71961897612,71.5022384822369,3575.04704922438,123.527758926153,19.5377471446991,34.5461643636227,27.4304721355438,772.200933307409,0,920.034122109413,1.0291440486908,0.467471390962601,0,8.99907591938972,7.44562211632729,40.2970923781395,503.273170500994,1.92307767271996,8296.79486051202,21.2863950431347,19524.8002402186,19.5106282830238,18.8302407264709,38.1628658771515,0,450.082880795002,62.4825257658958,0.831129491329193,6.51820069551468,406.69927239418,4.07457828521729,459.787466049194,4729.9837411046,4552.12298440933,7444.42198801041,19.3399070501328,132.766257256269,2.27811941504478,3821.86799800396,24.2497477531433,0,297.352366119623,9.89249140024185
15480.7789567709,30.400300770998,1441.18504697084,391.978222966194,48.6002323925495,3599.42497009039,31563.3896417022,19450.0272369981,673.084416121244,5944.95191323757,732.22680798173,1518.59736017883,20.5935532748699,0,150.696092873812,10.1045594215393,2153.45933642983,308.21722048521,1026.24253490567,482.672854393721,1431.79662185907,45.0690250098705,6012.75977948308,1336.19657358527,7.12822771072388,2301.13012564182,1133.17023772001,3423.40345913172,17903.8176895976,26997.5368387401,8.10670682787895,72.8995766043663,145.659787267447,3278.30811858177,129.267687022686,2252.76212736964,318.718767493963,1618.07393778861,543.92303621769,477.626941055059,156.626306891441,80.9669921398163,397.063078999519,16.51261895895,263.157155156136,69.1666145026684,408.581112205982,111.194905608892,11.5540939867496,10.0578689575195,3.6957283616066,21.1076437234879,95.2583933472633,13.6100165843964,459.06361335516,679.777022957802,821.562780976295,519.066704303026,438.717516392469,129.38203600049,216.915761262178,3.19024977087975,252.825786799192,41.1857760548592,23.9884875416756,8.85936939716339,0,3.68166714906693,59.9845983982086,80.7432379126549,118.290168344975,56.798751950264,2095.53624376655,1.62362706661224,34.1943268477917,213.182187259197,2800.82934966683,136.568588942289,180.910989046097,2.489801466465,3.04764014482498,0.989830881357193,205.679829567671,32.4017296731472
1.69060903787613,18.0440798699856,30.2371630072594,2046.17258813977,5925.86563283205,2800.99426624179,1072.88381698728,304.430206149817,754.327893257141,1739.28369349241,9.08777555823326,4124.1162994802,15.859661847353,150.696092873812,0,40.6003501415253,24.5156562030315,3.63628530502319,7.23826104402542,796.147651672363,623.955599486828,47.7146703898907,491.234531074762,4204.6999001801,12.5419537425041,44.1807132959366,97.8838689923286,2806.52498522401,56.8632983565331,693.210182845592,1.07428228855133,25.234114408493,9.66878932714462,231.242455899715,2365.55477005243,610.326004683971,184.55235555768,163.102377325296,283.856169074774,6043.19165250659,130.392220705748,32.5368723273277,146.833149731159,33.4423394203186,66.6161969006062,64.266402900219,374.214403092861,36.3031547665596,10.2471091747284,6.11132073402405,0,10.2845878899097,130.314224272966,13.946573227644,117.063220351934,136.783570736647,194.666549652815,132.715442597866,369.48415851593,46.1383065581322,186.744636952877,2.05902194976807,55.243728607893,36.6012158691883,29.8542796969414,3.52344185113907,2.31223058700562,3.12531033158302,54.1208840310574,68.115110039711,59.8977470397949,53.5915242433548,318.209912389517,0,36.1267807483673,29.4451589882374,670.610530376434,57.5877531468868,68.3799071013927,0,4.4349867105484,0,38.5628578364849,2920.64726439118
2.9754022359848,518.148785829544,73.7999987304211,0,43.1167898774147,1.10291409492493,2.8171521127224,3.12242206931114,91.294645011425,0.748465895652771,11.7564297020435,0.494782775640488,151.204892605543,10.1045594215393,40.6003501415253,0,176.782035022974,0,24.4337687194347,0,11318.5777123272,12813.4950237572,11844.6544131041,4052.26007941365,118.860285907984,427.311763226986,13530.7699946165,1965.73733797669,19.1295128464699,71.6342775523663,1.4541015625,1.39464890956879,4.29972368478775,351.302474826574,280.612989008427,2208.35582587123,1117.46975976229,1164.18743523955,1150.04939246178,47.7555235624313,11.7882413268089,10.6286062598228,1044.11471351981,154.11268606782,247.319769054651,238.055822640657,44.5862746834755,10.8968828320503,2.57783091068268,22.3128467798233,19.9997863173485,166.741266578436,0.507790088653564,32.4695775806904,3.86766943335533,89.0662745535374,25.3158833384514,31.5480961799622,5.03176963329315,16.0263870358467,4.90461075305939,2.64679205417633,61.2669590711594,16.2501882314682,7241.62466284633,48.1404599249363,2.89662685990334,28.1930106282234,0.375828921794891,3329.26009622216,2901.30876296759,7159.09911322594,982.483649492264,0.605195343494415,80.1140230000019,1471.45544162393,1087.25894087553,134.4764072299,466.347403913736,0.626367688179016,0,17.3847475647926,158.829969972372,189.954399466515
354.035238325596,78.3338982760906,33428.6005310118,7.27845638990402,9.46679419279099,39.9721454679966,262.975696176291,820.48634454608,14.577066719532,53.4829619824886,141.399493306875,44.0613160431385,1.57660734653473,2153.45933642983,24.5156562030315,176.782035022974,0,28.2961481809616,12624.1639648974,9.98033526539803,3911.41361603141,167.292209506035,16641.5385842323,81.2906546294689,1.05646646022797,20861.4851083457,16069.4947550893,931.657772809267,6304.72692286968,4007.7487296164,0,144.029377162457,1239.13733133674,7132.86225196719,328.627178370953,3159.19264310598,2151.70249518752,2288.00666761398,1706.60644045472,44.0169796049595,95.4762815833092,9.77272963523865,181.531379163265,117.000081986189,73.6010799109936,58.4076921641827,15.2019873857498,7.05484116077423,0,1.6216336786747,73.8792781829834,280.42899107933,0,2.75684249401093,1.77923238277435,12.438412040472,6.17919805645943,4.3305589556694,0,4.87809073925018,0,0.820939362049103,20.5230230391026,5.87679988145828,177.974172562361,45.7060243487358,5.09321999549866,37.7600246965885,0,152.523983299732,151.71543726325,548.707377910614,52.4439433813095,21.0612856447697,759.495804816484,3539.06137832999,87.3332899808884,7.89688873291016,37.4453418552876,1.11212420463562,1.10237848758698,0.456643640995026,58.2083987891674,142.893902182579
10.6632011532784,1.62575578689575,8.6314235329628,18.1512750089169,11.4285986423492,23.9077298045158,92.9989549815655,590.371404469013,9.07373896241188,96.6972492039204,11948.9540544152,116.183678418398,23.8313071131706,308.21722048521,3.63628530502319,0,28.2961481809616,0,601.490318953991,32.5199612677097,6.67549332976341,5.83156722784042,36.0858213305473,54.1602292656898,4.14986109733582,1706.29595950246,112.592950791121,69.0230286121368,414.789440572262,35.2399036884308,22.3300244808197,632.116711974144,1.75340497493744,1074.82502645254,137.537538945675,1329.8692368269,2155.41093742847,3693.63718739152,822.029732584953,46.7150501310825,26.9942966103554,30.7495183348656,4.0772243142128,129.664574116468,3.5141966342926,0,1.26718628406525,1.15915679931641,0.803309202194214,0,2.5366353392601,0,0,1.62327647209167,0,2.72514265775681,0,9.75759536027908,0.808618605136871,81.5729771852493,1.01004254817963,198.338640213013,0,0.843307256698608,0,0,28.6829817295074,4.77879357337952,0,0,4.22039693593979,2.05955672264099,15.5774132609367,7.33198308944702,240.833380281925,149.817014068365,6.24337369203568,0,0.474263459444046,146.971919059753,0,0,1.313112616539,50.0936123132706
47.4577547907829,16.1850911974907,2808.67242306471,78.3043864369392,7.95476531982422,72.4462908804417,291.285395413637,1132.81457650661,55.1123145520687,313.478853285313,3165.81335228682,298.4606988132,8.58336639404297,1026.24253490567,7.23826104402542,24.4337687194347,12624.1639648974,601.490318953991,0,65.7214502692223,468.560732007027,21.6935364305973,1565.90511977673,153.252828031778,5.12785226106644,16454.321216166,2696.97656217217,303.538295090199,1728.03479227424,375.071441739798,14.3532222509384,959.913132995367,119.131892323494,10050.7579109371,320.483366191387,3556.33449211717,5229.90968698263,4333.710085392,1778.87621957064,98.1511740088463,60.6458232402802,20.8066796660423,41.1244407296181,111.87347856164,16.6366683840752,19.995659917593,14.0948358178139,2.701027572155,1.23388051986694,0.526706337928772,26.8292258381844,39.7610669732094,0.584097504615784,5.05428385734558,0.698921501636505,2.52364483475685,2.32272708415985,42.1243489384651,0,26.5863906145096,1.17866909503937,48.7110443115234,4.89862632751465,2.21511501073837,26.9015930294991,15.9207926392555,19.8095397353172,31.2938151359558,0.411919057369232,20.0064682662487,26.40878033638,58.7370603382587,20.4251323342323,19.0833924412727,741.682206273079,1297.55212560296,25.2785762250423,0.851735234260559,2.70918998122215,40.0005949735641,0,0,20.3889792263508,153.328989505768
13.0289502739906,1.37681829929352,36.7970199882984,14995.2542396784,120.239020615816,1252.71792012453,92.1604387462139,1032.74167647958,605.012835860252,6982.00942897797,97.3500161767006,17358.6909388006,10.7875545918941,482.672854393721,796.147651672363,0,9.98033526539803,32.5199612677097,65.7214502692223,0,3.16805037856102,1.76041889190674,7.77903211116791,354.066422343254,0,279.31726333499,121.214707612991,1273.81622153521,324.838145688176,39.8794163167477,0.929162502288818,51.5076189637184,0,596.123988926411,39.9548632502556,638.922264546156,50.4411286115646,366.492765754461,60.1408425867558,1017.44164416194,158.089181005955,44.4010833501816,86.1226172149181,1.02784621715546,44.6436465382576,6.4780720770359,381.540177702904,27.4781898856163,3.11553758382797,0.413811236619949,0,0,225.646421194077,23.5100671052933,145.174350857735,123.246992319822,192.442425996065,366.762717187405,539.243461966515,29.7542954683304,508.98439848423,1.69899934530258,56.0651389360428,51.3453636169434,0.316409438848495,0,0.43279755115509,0,131.403595775366,1.74926209449768,1.1192475259304,0,306.587558954954,0,2.63895484805107,3.20851731300354,725.05419537425,47.6406599581242,6.18589586019516,0,3.4825028181076,0,36.7826324403286,1.89358007907867
325.282550126314,83.7129880189896,6978.77516245842,0.91279399394989,353.976288229227,35.7703266739845,282.642636179924,582.370691806078,152.937163889408,23.0534828305244,15.4208409190178,12.0842427313328,45.0129489600658,1431.79662185907,623.955599486828,11318.5777123272,3911.41361603141,6.67549332976341,468.560732007027,3.16805037856102,0,2012.19484576583,64711.9505876005,3641.63847449422,46.1517251133919,1176.9713139236,4523.08560344577,17796.5305952728,3186.81417277455,21504.0446412861,1.76418173313141,20.0412947833538,580.604265987873,12816.4300968349,3241.6475430727,21112.8993036747,4686.33111912012,13213.5234706104,7749.83780780435,234.377456635237,135.914614677429,235.345755010843,1399.76951122284,138.961790055037,404.755762994289,248.693388193846,166.265689283609,84.7090908586979,29.0190852284431,125.809821605682,13.0548259913921,245.784719139338,0.577100276947021,58.2148285508156,37.2438190579414,309.585848748684,123.825893908739,122.224627405405,17.9674783051014,183.924451962113,10.4613798260689,4.91005992889404,311.147383987904,29.9402052760124,2333.04505196214,143.109395802021,4.8936792910099,35.1676687300205,1.12057113647461,4756.92441877723,1625.74535366893,2936.77119970322,2517.38382339478,0,171.323525875807,1201.91670623422,2851.15551546216,621.905848801136,2095.4676258266,0,1.71106058359146,49.5903582274914,336.392830312252,641.558620601892
3.78389304876328,5039.07663676143,100.941467434168,6.84232959151268,8.85482314229012,11.0099538266659,14.9967570602894,56.7737933397293,7229.52640333772,9.44555678963661,143.266419529915,7.32235899567604,2584.63621330261,45.0690250098705,47.7146703898907,12813.4950237572,167.292209506035,5.83156722784042,21.6935364305973,1.76041889190674,2012.19484576583,0,2967.30476590991,18719.5522639453,2769.36495164037,286.396670103073,23613.5532130897,1343.76126664877,56.9481478333473,63.9126263558865,44.8587753474712,5.47189217805862,6.23995590209961,519.074657797813,103.832088798285,747.546316415071,314.473960548639,559.836750298738,316.823916018009,96.4398228526115,8.62230345606804,156.83221334219,767.781071066856,136.328324526548,272.120745718479,254.061698019505,61.393778860569,5.26196932792664,3.19340318441391,13.5156938433647,2009.85640022159,264.515275120735,0,20.795718729496,5.4929119348526,71.344485193491,30.147717654705,126.878613352776,9.64177480340004,25.1617388129234,6.53525391221046,41.9366490840912,48.264889806509,11.3698790669441,5805.68472421169,86.624264985323,7.04635262489319,44.4205666482449,0,1279.08650249243,10299.8076752126,3710.06892737746,1234.94653522968,19.839026927948,217.358171015978,7820.34775283933,853.960210055113,71.2033696174622,178.522942841053,14.3803134560585,0,1.87150794267654,132.217503994703,144.200616717339
1446.48776257038,70.7797175049782,53396.6927970052,7.33602115511894,623.83236271143,120.306176185608,1713.58753299713,2392.3239428699,80.7750467658043,93.2740657329559,65.2322179675102,41.869442820549,21.9972736239433,6012.75977948308,491.234531074762,11844.6544131041,16641.5385842323,36.0858213305473,1565.90511977673,7.77903211116791,64711.9505876005,2967.30476590991,0,1675.03512710333,16.3631598055363,5709.66360044479,33091.1752080917,17430.1928041577,11235.806085825,17168.3170542121,1.65717831254005,70.3528804183006,1506.92464464903,21092.1448349655,4099.40729093552,31061.3718566298,13583.1682971716,27514.9618329108,21915.9402809739,713.047213822603,248.122597157955,90.7779983878136,2573.12874466181,406.302351802588,932.15634649992,816.2629981637,220.292839378119,54.8436390161514,5.48057118058205,53.4175904095173,34.3266905248165,1853.43963289261,3.53097629547119,61.862385481596,23.7209422290325,295.441177725792,132.139516681433,82.9291743934155,21.4413396716118,75.8779569715261,14.2360777854919,1.47256320714951,170.085174322128,33.8494140505791,10928.8326473534,318.290544778109,22.5728260874748,133.416133731604,0,6151.57604748011,3085.52717980742,20559.210308373,1775.30881202221,4.74990677833557,683.231546074152,10833.6927467287,2323.30736812949,359.497463822365,1141.99153998494,2.41186982393265,1.63023972511292,26.9049006700516,483.575242996216,1239.61413195729
60.0381623506546,3815.12411135435,115.014499247074,6163.86112108827,468.827347695827,430.334758430719,1739.85205030441,1807.17718660831,39644.6689169109,1113.2469599247,250.32515886426,1513.48774716258,2029.96693840623,1336.19657358527,4204.6999001801,4052.26007941365,81.2906546294689,54.1602292656898,153.252828031778,354.066422343254,3641.63847449422,18719.5522639453,1675.03512710333,0,2522.56495344639,633.649559378624,9826.68186682463,19067.3476739824,1464.34482821822,497.907081097364,54.6337202489376,42.3102205395699,297.270042657852,2338.77911248803,1035.27625447512,5389.90469136834,610.525265663862,1732.35503333807,852.29980430007,4963.88841083646,259.110574960709,221.826516479254,2442.02224704623,240.269306659698,1507.30106085539,319.800371050835,1262.00605657697,423.867147237062,92.3179492354393,89.0761217772961,194.871170371771,97.402279317379,758.086175382137,80.9110548198223,2242.1300662756,3079.80522587895,3549.68078830838,3932.77638071775,3050.17211046815,798.883544176817,1050.82389885187,49.5994625389576,1670.67370268703,184.557126283646,1461.19131034613,68.8777061998844,75.1229748427868,118.553264766932,447.704150170088,2041.11384958029,3765.23385125399,1224.34382969141,15617.9558052123,33.9578967392445,187.939882308245,722.583593606949,15147.9749717116,1659.87526032329,1619.58888277411,9.02525985240936,15.7256949543953,37.2145629823208,936.238890498877,379.264637798071
1.05368101596832,1499.4190775156,1.77915680408478,1.88618624210358,0,2.02271020412445,4.14728516340256,15.072601377964,5132.03553712368,0.311632543802261,252.743883371353,3.214236587286,7964.99413186312,7.12822771072388,12.5419537425041,118.860285907984,1.05646646022797,4.14986109733582,5.12785226106644,0,46.1517251133919,2769.36495164037,16.3631598055363,2522.56495344639,0,277.913324356079,8570.85214579105,217.641824185848,7.60176068544388,2.90949702262878,416.757933795452,4.0423635840416,0,795.502213418484,0.601056575775146,29.8051220178604,121.853452682495,50.6607296466827,24.3918745517731,33.7203152179718,1.73653030395508,4893.9159040451,21.8424500226974,104.857600390911,8.16561824083328,2.77929550409317,0,0,2.66560500860214,0,844.159258127213,2.63757884502411,0,0,0,1.20667934417725,0,9.63400113582611,0,47.4969503879547,0,269.529864311218,0.588307321071625,0,2.67761582136154,0.970144271850586,54.588243663311,24.6916381716728,0,1.16702246665955,102.838688194752,2.62430915236473,66.3446887731552,1768.55555397272,1620.66276112199,2680.82776665688,3.91603922843933,0.692823231220245,0,264.395392715931,0,0,4.3216038942337,7.81826102733612
119.762114882469,214.164396166801,19353.6113673747,214.863483309746,40.4436524510384,227.889847129583,1252.64328330755,2835.62168517709,416.049718111753,1115.07401901484,7214.0208286345,957.556714087725,414.272209942341,2301.13012564182,44.1807132959366,427.311763226986,20861.4851083457,1706.29595950246,16454.321216166,279.31726333499,1176.9713139236,286.396670103073,5709.66360044479,633.649559378624,277.913324356079,0,19741.8860251307,1088.67707231641,2964.54932102561,802.895512729883,2246.79857265949,1904.37437412143,102.018873751163,15388.2137494385,2093.08997669816,18376.6896455884,17785.9249506593,17841.6181490123,9609.33112153411,298.398684471846,355.186445593834,245.285843163729,557.898572146893,1984.46527338028,222.3237234056,186.187808066607,36.0602837204933,7.87069517374039,42.5470457077026,3.53441670536995,533.205650776625,204.860494703054,0.556249856948853,10.2323075532913,11.5715452730656,14.444216042757,27.9473142325878,200.961846798658,6.30944228172302,1196.58480420709,15.2825414538383,3821.37835496664,41.9379940629005,8.55452954769135,139.43195605278,134.084045350552,1375.10142841935,956.179475396872,0.290740042924881,54.1512302160263,154.678830325603,275.082908153534,132.444281756878,932.053143501282,18195.0548683107,23119.4148362875,43.781442373991,57.483982950449,15.7630781829357,2984.32075661421,9.49704736471176,1.05156624317169,154.224861443043,928.826069414616
76.225961625576,22732.8457925022,10663.0541840792,80.3505262732506,65.0102714896202,114.859384059906,723.556270360947,1081.81972077489,9561.71981912851,494.961152940989,387.903307169676,396.426155358553,4606.22134149075,1133.17023772001,97.8838689923286,13530.7699946165,16069.4947550893,112.592950791121,2696.97656217217,121.214707612991,4523.08560344577,23613.5532130897,33091.1752080917,9826.68186682463,8570.85214579105,19741.8860251307,0,4375.84481671453,1370.49504390359,553.259117364883,196.119631946087,481.185264825821,62.2532238066196,14249.7072791755,2725.08776426315,24828.8987193704,15491.2047964334,16986.9025464654,13469.8985756934,416.292920023203,530.354659169912,100.018758863211,6163.76590690017,3883.78759014606,2412.50631535053,2329.86872923374,263.987756967545,82.438435614109,19.3904066383839,53.1791321635246,11745.8572506905,7749.45897221565,1.39814072847366,68.424435377121,36.3233857452869,370.271486163139,177.579792320728,186.683428645134,35.2453657388687,554.531217724085,21.4887696802616,1900.74362954497,277.93406650424,28.463309019804,7968.00530967116,1688.7276930511,1593.95242157578,2457.50776779652,1.01797604560852,2552.01851394773,7368.77591699362,18947.0228253007,1683.24965167046,2987.9103551805,42504.1465389132,162353.56035763,2115.05652096868,158.479329794645,381.588550537825,2042.09881690145,11.3174042105675,13.404329508543,1398.60637065768,1644.98433408141
152.237381011248,404.50763386488,1904.95236352086,6357.35524958372,405.380979657173,2122.01512032747,69591.8349510729,3631.01043112576,6325.34539243579,13515.3017359078,319.829794794321,1990.73448589444,85.1789073050022,3423.40345913172,2806.52498522401,1965.73733797669,931.657772809267,69.0230286121368,303.538295090199,1273.81622153521,17796.5305952728,1343.76126664877,17430.1928041577,19067.3476739824,217.641824185848,1088.67707231641,4375.84481671453,0,4597.47407853603,25302.198171258,4.23127755522728,133.327008783817,1516.43070235848,11527.9708466828,4234.25375789404,22021.9143190682,2242.06822502613,9770.36570468545,4835.48771813512,3319.26271799207,948.239975571632,535.310288369656,3623.06608000398,268.304886639118,2443.96415394545,529.852061539888,2804.35415837169,805.398274302483,147.104130208492,205.552951127291,113.443959236145,251.436029851437,1265.6513120532,116.315738290548,3136.95337054133,4733.74547189474,5286.48541224003,3192.86226004362,4980.62202244997,1263.91475075483,2031.20731788874,29.1202642321587,2564.65115648508,306.736604243517,1158.58388981223,154.463485389948,52.9007492959499,86.7203716635704,786.671737134457,2022.43296554685,1897.08195641637,1784.81604924798,15203.1733784676,24.8401536345482,293.795997649431,1035.91422206163,19280.4529839158,2213.53104308248,3168.31088963151,2.89435705542564,22.0913174748421,51.4125346243382,1267.97045201063,683.376178383827
6980.12282204628,15.3563123941422,1514.31789425015,274.919105947018,12.582486063242,388.217690005898,7042.87229272723,2885.03258910775,340.467069357634,2586.72503598034,912.860858440399,895.805811181664,20.8369017243385,17903.8176895976,56.8632983565331,19.1295128464699,6304.72692286968,414.789440572262,1728.03479227424,324.838145688176,3186.81417277455,56.9481478333473,11235.806085825,1464.34482821822,7.60176068544388,2964.54932102561,1370.49504390359,4597.47407853603,0,30125.6610814929,14.0826218426228,327.865850329399,8308.97164082527,8612.83148093522,65.4257737696171,1784.26924321055,313.215348929167,1352.33300951123,385.338211506605,232.588325709105,105.866325080395,79.1611899733543,376.61865311861,20.7719815373421,175.33089697361,59.2161015570164,269.279665499926,54.3499991893768,5.27216827869415,14.3490342795849,5.86259782314301,24.9717701971531,21.8698734045029,6.60351455211639,156.567857176065,349.106467932463,327.941009044647,261.378354787827,135.573261648417,82.1940150856972,94.054695725441,4.37771379947662,148.212639272213,16.4450064599514,55.9004209637642,9.86871331930161,2.65765577554703,4.33882582187653,15.8432669043541,184.049945652485,181.8468362391,86.0478609502316,1297.03841209412,0,66.3567037880421,232.098182469606,1620.45103058219,102.127291023731,256.105910927057,0.913870990276337,1.1313990354538,1.8540598154068,106.529915302992,32.5754740834236
