0,8.49417874263762e-05,0.00896757048063721,0,0.000342905307262421,0.00464783343683202,0.577509427053114,0.342077021734131,0.000144321976871968,0.0062257731664618,0.0112121874667002,0.0045696203640643,0.00432765042142273,1.61142421395387,0.000192121031275654,5.80847373757601e-05,0.0707084815329408,0.00571824363528567,0.0137751489855787,0.000419280668247056,0.00136813061891255,0.000172932680598449,0.0115557406104288,7.45449884666442e-05,0,0.021569495221341,0.0170196598197511,0.00249228945817368,0.67302157049405,0.559148364738151,0.000703851773796487,0.00564820137098765,0.017407882893608,0.0717701028145682,0.000463890082015467,0.00474393180390687,0.0045044727225803,0.0330386168201797,0.00742356543228626,0.000999934550882998,0.000284459525750255,0.000467096247592497,0.00135439102654608,4.05216087568045e-05,0.000564996997264612,0.000857421737090944,0.000434569865934158,0.0004228474163576,0.000180144636059165,0,0,0.000848265097242366,0,0,0.000244627352935481,0.000643987689795458,0.000182951027029514,0.000334296850662756,0,0,7.93712520889756e-05,0,0.000119396971241069,0,3.6411330972898e-05,0.0002763051406255,3.55478574893951e-05,0,9.04815433480743e-05,9.67361785864354e-05,0.000273771219043613,0,0.00163342312048087,0,0,0.00134386316549485,0.00350262026027709,0.000447006574203396,0.000227669295152282,0,0.000417785688879967,0,0.00129812704312091,0.000121153027902317
8.49417874263762e-05,0,0.00745436271798428,0,0.00133414877904561,4.24112652211428e-05,0.00137572438843112,0.000219252885232699,0.442697647141727,6.71788973957777e-05,0.0108165333019013,0.000192953405092645,0.100900822684407,0.00033566009872458,0.0175012507139386,0.0137352488665854,0.00819665009940644,0.000345079872098374,0.00419520879765389,3.34821227129102e-05,0.00445855301477352,0.404525951946464,0.004077860519429,0.290162840187311,0.506562184980955,0.0492894852374897,2.43078661475932,0.0188705049670489,3.85242905962944e-05,0.000437272769511986,0.0338952476305343,5.43345385585785e-05,0,0.0108432706311563,0.00124960994664774,0.0142964584739751,0.0241126387234445,0.0159469403501367,0.00800812707492893,0.0139417756384141,0.000211901656008005,0.0955889383083949,0.0147809713696749,0.00675516897012122,0.00531995185611016,0.00332131113706005,8.47233984607699e-05,6.9111926862812e-05,0.00229787118612452,0,0.287004505490989,0.0211816455245897,0.00441327725183349,0,3.38590026996732e-05,0.00150635820521657,0.000419030304998934,0.00862890984827587,0.000226303613184309,0.00667753572579961,0.000343475667327714,0.0348014200174919,0.000487363673432457,0.000727556902131272,0.00291786366219359,0.0137896387864477,0.00100382440334788,0.0161763583118866,0.000233326300416791,0.000857628910652349,0.0109655198201542,0.00359252129713078,0.00818028261945337,0.0192027749083764,0.162098088271699,0.968357237502444,0.00240800389557611,0.000500764318968355,0.00164264504511337,0.0136101344885686,9.89303957789424e-05,0,0.0012436295852455,0.00176167985023589
0.00896757048063721,0.00745436271798428,0,0.000215853294792795,0.00194937286191789,0.0172321958351878,0.198842944993153,0.161988551442989,0.000169293535927391,0.00413596910775986,0.0106093312227127,0.000750192825654099,0.0233203449070136,0.180476148931997,0.00265264861493995,0.000725294601825356,1.77225592090307,0.00976207812465329,0.0414864432778865,0.000142818428034949,0.517536141665116,0.00908454490469337,2.58567305495807,0.000789822794316577,0.000197715035475802,4.69575620190143,1.21448628895853,0.0606625239517237,0.0215890909597597,0.377510815360298,0.000960752261931004,0.00201568870988641,0.0022383577303784,0.213070277537574,0.0405458120385859,0.329080056091258,0.302540951494569,0.307794174628741,0.17553221396905,0.00746933118338161,0.00489709630759063,0.00128292793971663,0.0653510560739237,0.0101685766002668,0.0185033729731924,0.0175159823814704,0.00124970597771798,0.0010913062965097,0,0.00140421348077791,0.028560347140282,0.319671725881832,0,0.000105600694481373,0.000874312980616527,0.0267936834563998,0.014053541169807,0.00169352776142938,0.000165389782368767,0.000400932702074325,0,0.000107034163606834,0.00983789223173874,0.00168536826333481,0.00875862228139702,0.0768688512239034,0.00207639801417913,0.0226998696208246,0,0.00679927916146788,0.00833172799028987,0.0573647597810626,0.00644505289533819,0.000181970823230374,0.0860217054130649,0.86628679013925,0.00578185020778958,0.00152188991448541,0.0153889312498235,0.000219620115731287,0,5.0519706502223e-05,0.0125171468863537,0.025517183113862
0,0,0.000215853294792795,0,0.00474692032261672,0.00264187791322167,0.0072007569260022,0.00314377391903917,0.103420470422693,0.537664774455232,0.00131725574101118,0.120923482452033,0.00637388062937287,0.00133657768928285,0.0221802160963556,0,0.000151965131273938,0.000106049529303396,0.000249987693310737,1.22066302207441,0,0,0.000155962179414844,0.130921105294213,0,0.000350088402603662,9.70390342551232e-05,0.450509290413024,0.00335553589268733,0.000188310896967375,0,0.00141330079626511,0.000260763868004918,0.00781167354051993,0.00154289321705198,0.0364211652016173,0.000672005085829699,0.010872596477026,0.00089298162717626,0.0679307159823949,0.00308230528572178,0.000477966858728742,0.00666482644875373,0.00016713415318842,0.0038351989123415,0.000985056451429462,0.0207761205032135,0.000997200560890411,0.000118785998955917,0,0,0,0.106557559176767,0.000614658318958259,0.00282038855897629,0.0169408668169404,0.00159410783247214,0.047747717867679,0.0561471987751237,3.72910599457502e-05,0.0486667627712502,0,0.000384039116300583,0.00804847060435813,3.44071925744652e-05,0,0,0,0.0331223301299193,3.20744967234373e-05,0,8.69337739630697e-05,0.0448255378783309,0,0,6.64839487225771e-05,0.0775070771599159,0.000960664612597464,0,0,0.000542336778852809,0,0.00151925397424746,0
0.000342905307262421,0.00133414877904561,0.00194937286191789,0.00474692032261672,0,0.0791541945760471,0.039861946232132,0.00556972916672551,0.0143078997698446,0.0507569340869542,0.00316252532613819,0.0707462122795786,0.0161814338675734,0.00322740269581686,0.299369005153809,0.00329850412451181,0.00267962476074494,0.000482317560942555,0.00042891393185339,0.0140925508214866,0.0798067193793969,0.0025775533251518,0.100573003606494,0.0271813036812989,0.000393722555478525,0.0025361962063287,0.00987890717692831,0.0398679731535846,0.00421707764760404,0.0690731253498636,0,0.0392805027943166,0.00254259652034723,0.274160620896648,0.102082792488566,0.0626667421942047,0.0132153205227495,0.0153172041636874,0.00786731944650925,0.871003676894839,0.437754340963636,0.00245716696443493,0.0023612422263057,0.00114070142573074,0.00172882899266631,0.00298657109903264,0.0020662204445673,0.00137713114201321,0.000618630361032533,8.36263119507788e-05,0,0.000430606570019913,0.000638001691978979,5.99907862642765e-05,0.00073882042346375,0.00145838057012718,0.00052696706790365,0.00121277458372583,0.000400234071621132,0,0.00144569770162561,0,0.000570834959696698,0.000452817346237469,0.00226932398923781,9.51952553756713e-05,9.9895795156193e-05,0.000126321769948625,0.000663547116189587,0.00219207580565467,0.000189404959868002,0.00264438036408783,0.0031934862379134,0,0.000180441683040762,0.000837268424344494,0.00311060473437387,0.000569543224744881,0.000452829054165328,0,0.00206047507216572,3.95456256424666e-05,0.00275887164508864,0.0364783767343022
0.00464783343683202,4.24112652211428e-05,0.0172321958351878,0.00264187791322167,0.0791541945760471,0,1.01392292952849,0.979078364872527,0.00136481526106135,1.10878731239049,0.0197952769511789,0.766017839983642,0.067681000915285,0.0840198829746175,0.0316020215984693,0.00020839829988867,0.00983780219488024,0.00519855958981024,0.00478945404070417,0.0154287412016494,0.0035149687560131,7.77844004949216e-05,0.0132513294508505,0.00127392049919849,1.84410454139531e-05,0.0234105179428183,0.0139096173883739,0.0364971167912709,0.0458315191289148,0.0477495792846478,0.000154572248939049,0.0304906335972941,0.00179052857982415,0.128131684194485,0.218146278640155,0.196671855784015,0.0172940175902992,0.0801704899677529,0.0239736400725802,0.196663222001098,0.0391714500258092,0.00858204930543323,0.00793088480604689,0.00157731933313633,0.00794511050601231,0.0149020360481092,0.00545267938434106,0.0038254643942638,0.00206713678814646,0,0,0.000719058642730737,0.000675969868149423,0.000281323210187649,0.00212424782612744,0.00567320216342039,0.00627822742196593,0.00236864334177196,0.000479483376619219,0,0.00169427258530102,0,0.00237527116417396,0.000613310531280327,0.00108254206108193,4.86179909384489e-05,0,0,0.00020218981831348,0.000752404612468591,0.000179112023767257,0.00116949508653589,0.00886881127548049,0,0.0001449790785254,0.00231324048185193,0.00974194005584535,0.00227188931306801,0.00103151077268535,0,0.00829213668142164,0,0.01205568422817,0.0203400545028007
0.577509427053114,0.00137572438843112,0.198842944993153,0.0072007569260022,0.039861946232132,1.01392292952849,0,1.03098272024549,0.0697234143255015,1.44770662015056,0.0594075827434741,0.0554930728745408,0.193031854645235,1.08311689316928,0.0547067486568763,0.00427390477992974,0.0597349163918358,0.0198294042423375,0.0199429506222215,0.00547374163735142,0.0977522045124841,0.00847138656984929,0.362906249119825,0.161548834718078,0.00016426979461298,0.140183093945655,0.218869802018683,4.25806638354245,0.383471193301984,1.1295071802582,0.000522256980231762,0.0663936016878818,0.0580388347494689,0.537521198068625,0.158235838323453,1.45431540474517,0.0997043662575917,0.559605196692212,0.138903111763435,0.254752246066457,0.0950315482882339,0.0183510490218688,0.100864432061513,0.00638279454782022,0.0706583702235223,0.0294086877438307,0.108525078728329,0.0301693269167662,0.00655159204395631,0.00065392629598366,0.00165025383329058,0.0271827386986714,0.022536726358127,0.000204469244307494,0.015373921074519,0.328396107836786,0.0260804071849779,0.0603393152883883,0.0842120325214674,0.00202052540705924,0.0357966772059185,0.000101467082560921,0.0186454144219659,0.0167307756977779,0.0224380328861054,0.00450697925057056,0,0.000348143837481618,0.0226360558548816,0.0127609270301296,0.00800807707163016,0.0450731576736007,0.355178234877089,0,0.00256864969448561,0.096591711476314,0.528531426554021,0.0261604425599432,0.0135263119799289,0,0.00604615732633015,0.00201838679203309,0.0617683389759252,0.0184741142916477
0.342077021734131,0.000219252885232699,0.161988551442989,0.00314377391903917,0.00556972916672551,0.979078364872527,1.03098272024549,0,0.00294632353441482,0.639339441644871,0.0445808660458709,0.320651978885852,0.0771520270651447,1.42170069605951,0.00745806856979458,0.000462247387514794,0.292260817229979,0.0151268445140709,0.0561451299615222,0.0239931935069712,0.0143029122389579,0.000729567328488696,0.104189980777159,0.00176914208722555,0.000170610347621882,0.161842665133677,0.184382530254524,0.0451224397564948,0.261334815607867,0.636740906496044,0.00109613214932754,0.0372038997655082,0.00305687191285206,0.292368104271355,0.00614268478752541,0.197842304716605,0.0774381600603941,0.262364780347686,0.0970044621245471,0.0464283983332738,0.00962801077525943,0.00990405940161265,0.0117559071636404,0.00153642079138573,0.0117940434803201,0.0210280969341716,0.0113878157756615,0.00814541504535876,0.00430159708826325,0,0.000725223678418565,0.0113999669394748,0.0003502298673249,0.000113458792391968,0.00368612561937105,0.0147879461120484,0.0102466928667365,0.00439791243740877,0.00077000549313638,0,0.00363972239910118,0.000229172256494713,0.00429940204946177,0.000876170491629816,0.00153102478390484,0.00146315035696715,0,0,0.000193800079764736,0.00228967721579112,0.000670661766202712,0.00343232998933518,0.0232274871424166,0,0.000735229122054959,0.0211081964034713,0.0220328665257578,0.0030947081953832,0.00119234717383336,0,0.0141506775978547,0,0.0171064436920406,0.00100601507348659
0.000144321976871968,0.442697647141727,0.000169293535927391,0.103420470422693,0.0143078997698446,0.00136481526106135,0.0697234143255015,0.00294632353441482,0,0.185228381670007,0.0048512074675446,0.13092066208918,0.0425027217890614,0.00236915622233857,0.0783701559530697,0.00445082147114822,0.000392159316307926,0.00132599586486594,0.000875552235295221,0.0824081781265734,0.00101947463412825,1.08960939960153,0.00160004715097239,2.89384010409511,0.165393261390243,0.00978718219686767,0.630047227138981,0.774313719032098,0.00551183423869143,0.000520017539207745,0.0186205627184323,0.00169433543617879,0.000603980322119045,0.0143735489815201,0.000118835039293623,0.0112247315672131,0.00700490420640613,0.00905217758829901,0.00158984568954588,0.050815972210989,0.000758061189259598,0.0195715254343621,0.0159245500258551,0.000826798285740827,0.00737831157891885,0.00317783767906311,0.00951861804395347,0.00195048667877188,0.00163733090257381,0.000218701203519774,0.00655550599032518,0.000958882094384875,0.0372377654669714,0.00061261164241786,0.00360599751523177,0.0298327638675722,0.00391675857514452,0.174897646518649,0.0291268091701501,0.00172540557335757,0.0187667670367984,0.00878513266988554,0.00335334607507836,0.0042599465666919,0.00256080677204612,0.000226035141409397,0.00132814691224938,0.000958113337838973,0.0122108961504926,0.00142751648452766,0.0115218881275939,0.00230245843000325,0.303945201344795,0.00304591116436478,0.00455347849307616,0.0165685191698158,0.154822416357114,0.0109377865373861,0.00367101084131777,0.000670940843800974,0.000924189187290202,0.00128708197701282,0.0057245767916052,0.000736988977553392
0.0062257731664618,6.71788973957777e-05,0.00413596910775986,0.537664774455232,0.0507569340869542,1.10878731239049,1.44770662015056,0.639339441644871,0.185228381670007,0,0.0881997857139313,1.17187089235768,0.229002967793469,0.170312475205972,0.0601511600554004,9.36691211264131e-05,0.00683866984976885,0.0274156259992789,0.0196649497292665,1.12738589153188,0.00170970399201641,0.000186567374260211,0.00660629999495842,0.0866828619950032,0.00022632138379128,0.0512411683467812,0.00786626017499389,0.536696868111578,0.240587460832963,0.0185601455767442,0.00079941861729038,0.145711034755965,0.00782741600574193,0.636676631878143,0.132238461143419,0.978538081217193,0.0152147337132549,0.545128189373755,0.0410074646607151,0.501552729377093,0.157042322647179,0.0213594350958309,0.0345151646466782,0.000502739056133878,0.0282310966207631,0.0257366864860259,0.102812588396621,0.0134435687496457,0.00589413453224155,0.000121637428233171,0.000191301268714666,0.000717098818209791,0.160970924234182,0.00135900677937272,0.00833372978754443,0.133082945668816,0.0085589432161759,0.140495776642941,0.262482045133211,0.000402421998646021,0.200931177512667,5.95428680221558e-05,0.00327995827867702,0.0298735697839543,0.000835550280961796,7.57063305407166e-05,0.000304668789626015,0.000202806780393076,0.136440904921462,0.000468145687407959,0.000377685101714563,0.00168284622195363,0.232015638681906,0,0.00050490464511267,0.00285095968023987,0.411689563500135,0.00287938024222643,0.000704989748604619,0,0.00337595918790907,0.000280334741709006,0.0272190920377443,0.00947854799767208
0.0112121874667002,0.0108165333019013,0.0106093312227127,0.00131725574101118,0.00316252532613819,0.0197952769511789,0.0594075827434741,0.0445808660458709,0.0048512074675446,0.0881997857139313,0,0.107170590409587,0.75544077814463,0.0761303187545064,0.00130245668387461,0.000430088335743225,0.118452948064218,1.37390507543469,0.841265158233217,0.0123176333753405,0.0074572486526297,0.00307164157869454,0.0216064708894554,0.000824099390819678,0.0529269789493682,0.933636153429662,0.0834605850989121,0.0105386603259539,0.17811700245349,0.0192715647821909,0.0488830707470988,0.134041779551097,0.00119227279613508,1.46197930520438,0.0179893660712358,0.125644505761432,0.544234012124416,0.614274373364029,0.107156776106019,0.00650674125825733,0.00121646624069509,0.366579372160999,0.00108587865487473,0.0266296246938183,0.00218943163165799,0.00092900200700443,0.00199386843867108,0.000348328500724077,0.0181738452556163,0,0.0220610784222559,0.000430604308386612,2.73740563310981e-05,0,0.000101488983299017,0.000423647990373552,0.000117148324662757,0.00687789703125842,0,0.0954085725910542,0.000702573904600394,0.449248055008622,6.54308050408602e-05,0.000215027577775383,0.000258282301908768,0.000195606742679715,0.000475671166202247,0.000118674993399572,0,5.30979331270933e-05,0.00409189216286445,2.85909674421311e-05,0.00408176886693027,0.0435765279867286,0.0660445237682391,0.117270078956032,0.000993177868389882,0,0,0.108660300188754,0.000181718304363012,0,0.00175912643973579,0.00780729885704205
0.0045696203640643,0.000192953405092645,0.000750192825654099,0.120923482452033,0.0707462122795786,0.766017839983642,0.0554930728745408,0.320651978885852,0.13092066208918,1.17187089235768,0.107170590409587,0,0.0733372578905875,0.0667644200634037,0.233607423046167,5.92579949885607e-05,0.00575839445986422,0.0325438145332241,0.0218518873713055,1.52946727195836,0.000116019206445968,4.55006165547371e-05,0.00112538696356773,0.0350725868200204,0.000446417531368482,0.0585369930661284,0.00462545484919045,0.221048879358602,0.0749435538062693,0.00596814028018705,0.00183790027829629,0.0503056032864444,0.00023833539853903,0.341515626602134,0.171140086447288,0.14406420176783,0.00751293295779536,0.0990859444173828,0.0179868300823798,0.490229851339492,0.0163696853834148,0.0143918807606709,0.0189530964094917,0.00181835062949066,0.0181613735273689,0.0243545045426092,0.0532751311818383,0.0114605636468959,0.00495189992744825,4.51961839268923e-05,0,0,0.0646222129296942,0.0016408569457022,0.00801419725674431,0.0293949961559561,0.0106823607998106,0.0331019222199881,0.0965402138453148,0.000879785825101051,0.0996097045113521,6.12870157705545e-05,0.00576248522664366,0.0187013413049721,0.000247736047417951,0,0.000340910632827556,5.88626928500771e-05,0.0510977090107406,0.000425490165790331,0.000169812554266405,0.000166470787870884,0.058470501652249,0,0.000701997278662372,0.00012799443329916,0.102048981384344,0.00363893156733571,0.000985704930605936,0.000204718046056842,0.00706828429312052,0,0.0210449275387587,0.0114781914175886
0.00432765042142273,0.100900822684407,0.0233203449070136,0.00637388062937287,0.0161814338675734,0.067681000915285,0.193031854645235,0.0771520270651447,0.0425027217890614,0.229002967793469,0.75544077814463,0.0733372578905875,0,0.0264619595647882,0.00651885402289425,0.011847566569587,0.0170807900561858,0.00664740213671311,0.011708999530677,0.0192037997705987,0.16969935503619,0.038140529908256,0.18021460379337,0.0316638802177617,0.317995367901517,0.0984554012231893,0.31593275118409,0.178031661551836,0.0472084448488072,0.20096881755544,0.178478625369244,0.0856193498797136,0.0139849263826313,0.306968646166171,0.0361816258676465,0.286689312184171,0.594602832150888,0.425133189132951,0.889300553842491,0.278807983997681,0.0517330769203095,0.312977892709409,0.0480349656604124,0.11087165284474,0.058878629089125,0.0686097533408951,0.0504971121737587,0.0353354537154563,0.113469074759792,0.000765647069565132,0.0467030941451157,0.00344710947583437,0.00249930283162918,0.00275496648242645,0.032889627629489,0.0458038503093216,0.0558482241796113,0.0139045197618848,0.0382265907469806,0.317370786549394,0.0356158946501251,1.5678788527008,0.0288631044544248,0.00299986324359438,0.00692380360215614,0.00200633776393308,0.00141095664426962,0.00110195680699498,0.00585593720446968,0.0217145235191029,0.0103365594446031,0.00976932601888067,0.042174849405954,0.236236718901425,0.146429784814956,0.324997921592875,0.0681909648473434,0.0331281583015111,0.0300981418385599,0.233588956529771,0.0821018033520529,0.00127358976624901,0.105545941496481,0.0153976871962769
1.61142421395387,0.00033566009872458,0.180476148931997,0.00133657768928285,0.00322740269581686,0.0840198829746175,1.08311689316928,1.42170069605951,0.00236915622233857,0.170312475205972,0.0761303187545064,0.0667644200634037,0.0264619595647882,0,0.00331804254024423,7.39018099932193e-05,0.341204292617941,0.0254722888115996,0.0599565482878124,0.00745649978918067,0.0198579505712341,0.00044053703079443,0.128221331554047,0.000991028152808092,0,0.174354846610744,0.160862209334696,0.0302408840954921,1.52295646421937,1.64862901609561,0.00122761550537336,0.053511575058728,0.0056976736541502,0.30025935060332,0.0057828664099883,0.0641778990198772,0.0534737454153275,0.192253337802171,0.0627345754214279,0.0105427410744046,0.00444319108039746,0.00268146730279368,0.00646510835931499,0.000775946549825511,0.00551631172267903,0.00667534859829743,0.00463829221993413,0.00237501456155662,0.000870249222023443,0,0.0007955522381055,0.0156383004637284,0.000312397391361129,0,0.000583628352274084,0.00994452000811185,0.00264278604954561,0.002883284545733,0.000155378722195768,0.000133219035921097,0.000869180898453366,0.00013305185174694,0.000625165423339808,0.00048861212372663,0.00128735269275203,0.00341080331301859,0,0.000117049881772638,5.87862147482157e-05,0.00167559569725235,0.000703562101418007,0.00361029108470123,0.0163034533241012,0.000116115354573393,0.00107278870121353,0.040691289104911,0.0192633608597876,0.00149372128276731,0.00122239142398722,0,0.00310920363487503,0.000131253826769304,0.00509730502789492,0.000934934017160359
0.000192121031275654,0.0175012507139386,0.00265264861493995,0.0221802160963556,0.299369005153809,0.0316020215984693,0.0547067486568763,0.00745806856979458,0.0783701559530697,0.0601511600554004,0.00130245668387461,0.233607423046167,0.00651885402289425,0.00331804254024423,0,0.00231126367299497,0.00236416580477732,0.000372389597772097,0.000497745471402562,0.0518498418164086,0.0441799594873058,0.0205349436804741,0.0448951882241058,0.189374518827096,0.00461295094125831,0.00385685381929072,0.0343267549114765,0.124744087669726,0.00530245103283829,0.0978371617382078,0.000286576396850776,0.00130178014189275,0.00245134639051747,0.00771387966848164,0.113357958409919,0.0117637655221689,0.0117402060394849,0.00630495356673751,0.0102551870688905,0.307836680575562,0.00222003793302512,0.000443963975070691,0.00337136981933186,0.00190677209435413,0.000614441727814436,0.00366576161693017,0.0016480574163063,0.000484698641169286,0.000314353273484182,0,5.28797385205984e-05,0.000635388001442087,0.003118104506967,7.93517631707672e-05,0.000514651756777358,0.00218147674290973,0.000622628983923971,0.00291566962831707,0.00226864509948622,0.000393320514821291,0.00280140594404479,8.382234961853e-05,0.000229937192117167,0.000529460591502428,0.00146310947087763,0.000281737667741775,0.000482291159024119,0.000658725634243131,0.00115754973024869,0.00387567684551381,0.000805366017154159,0.00543083073227816,0.00528847212256367,0,0.00138886521558983,0.00410994161552774,0.00558059117747107,0.000384258432889223,0.00126844879105217,0,0.000513834048238802,0,0.000908953184366823,0.0798279289477791
5.80847373757601e-05,0.0137352488665854,0.000725294601825356,0,0.00329850412451181,0.00020839829988867,0.00427390477992974,0.000462247387514794,0.00445082147114822,9.36691211264131e-05,0.000430088335743225,5.92579949885607e-05,0.011847566569587,7.39018099932193e-05,0.00231126367299497,0,0.00104113325598686,7.47499489845277e-05,3.44268471396447e-05,0,0.60269788861124,0.628668916453604,1.25568454359098,0.211602646679636,0.00261645236661914,0.00108677212371161,0.495872329874901,0.230916907441061,0.000122550628937149,0.00271785229589831,8.92615423688888e-05,0.000157694378495121,5.84993627854824e-05,0.00338232124189471,0.0137062962962244,0.110454327093447,0.0325850932656923,0.0227854674608069,0.0182182124515503,0.00139866983325672,0.00108504759298175,0.00173729370303379,0.0590569067159736,0.0172389213385039,0.0204447381756546,0.0211322789153597,0.00536353831811797,0.00109450347518643,0.000753068582949723,0.000291027876472676,0.00251012129930781,0.00550762845549034,0,0.000424014659881067,0.000527747311514783,0.0145447981985856,0.00085783116781168,0.0106577340073161,0.000415995555323994,0.000159770933331704,2.72903758989692e-05,4.77629256951571e-05,0.000311526172225296,0.00222469745640718,0.745008637140455,0.00503989867228671,0.000409170818429613,0.00094802114267562,0,0.2520276650559,0.248443256893381,0.486021831857926,0.10281854000171,0.000130961104277944,0.00136526560437512,0.146339576120879,0.0872603715182594,0.00144037253583233,0.0312326042595004,0,0.000216004093168652,0.000280771656575048,0.00818895012146776,0.00779391696495178
0.0707084815329408,0.00819665009940644,1.77225592090307,0.000151965131273938,0.00267962476074494,0.00983780219488024,0.0597349163918358,0.292260817229979,0.000392159316307926,0.00683866984976885,0.118452948064218,0.00575839445986422,0.0170807900561858,0.341204292617941,0.00236416580477732,0.00104113325598686,0,0.073487552774748,0.63948058344728,0.000576142350465751,0.29458154179876,0.00246831402932143,1.17612934620885,0.00097433897760429,0.000891608053786622,1.10886269605619,1.29050447470599,0.0249693480703406,0.302120752246508,0.674037205782579,0.00175193646010647,0.00359359579381128,0.0164625730837323,1.40288713450344,0.0187446328623658,0.173137570427041,0.152412179487372,0.363090510564576,0.0901855065369176,0.006092198660977,0.00381318830171419,0.00163109616705815,0.00799721452197976,0.00175894406683878,0.00221270968897402,0.00213786459899565,0.000225421620369529,0.000319868743351412,0.000174540613530254,0.000123738180779171,0.00481672083730907,0.026085757833901,0,0,3.02084968550802e-05,0.00117702381090648,0.00023894717697277,0.000600374545373678,0,7.65391460829616e-05,0,0.000209089822982526,0.000621889834013224,0.000972097473723341,0.00375960619353613,0.0091638771082699,0.000509480525609243,0.00587142306707439,0,0.00346910464153817,0.00165917791804465,0.00532311532010688,0.00140007595958896,0.000389500642679787,0.0324840725288316,0.107828209276911,0.00147830327137025,0.000161920871984744,0.00161378457225923,0.0003719403278507,0,3.79962124723196e-05,0.00142699583401383,0.0086412448934779
0.00571824363528567,0.000345079872098374,0.00976207812465329,0.000106049529303396,0.000482317560942555,0.00519855958981024,0.0198294042423375,0.0151268445140709,0.00132599586486594,0.0274156259992789,1.37390507543469,0.0325438145332241,0.00664740213671311,0.0254722888115996,0.000372389597772097,7.47499489845277e-05,0.073487552774748,0,0.579111288647991,0.00353509836799104,0.00856937171996576,0.000116225640117574,0.0169105665030741,0.0001007429756037,0,0.666651253388193,0.0393290025243614,0.00356939941177833,0.0412570481135769,0.00912407163332943,0.000312154095717073,0.0191868956496776,0.000877410681661734,0.3223314774499,0.0149294494224052,0.0966377373881233,0.0848976937202164,0.234342545164697,0.0851466373804284,0.00280461412168036,0.000952061951433132,0.000227488929896546,0.000530358972324133,7.61605588280918e-05,3.02579325368881e-05,0.000145446141140031,0.000104030418627476,0,0,0,0.00028730836651752,0.000129028998016691,0,0,0,0,0,0.00126737758522482,0,0,0,0,0,0.000368910410650039,0,8.74492121188997e-05,0,0.000115351558602095,0,2.7718822891891e-05,0,0,0,6.99787199115992e-05,0.00241753451990241,0.00342531160892392,0,0,0,7.74025488904235e-05,0,0,3.78286616662025e-05,0.00632969607357969
0.0137751489855787,0.00419520879765389,0.0414864432778865,0.000249987693310737,0.00042891393185339,0.00478945404070417,0.0199429506222215,0.0561451299615222,0.000875552235295221,0.0196649497292665,0.841265158233217,0.0218518873713055,0.011708999530677,0.0599565482878124,0.000497745471402562,3.44268471396447e-05,0.63948058344728,0.579111288647991,0,0.00251122539158033,0.0391219672185425,0.000457323844948387,0.0762199685866257,0.000149798826700234,0.000491307350119543,1.03997849432702,0.208822200510551,0.00767401439719356,0.0773192600587757,0.0417978901979753,0.00136725165191577,0.00443642078834927,0.0045383599338547,0.996462347872303,0.0186164603409046,0.160396690905416,0.114187842795895,0.364275143207832,0.113478067004961,0.00434637878150662,0.00154061164648186,0.000205858218448115,0.000984007225850753,0.000682888012266028,0.000272974759698403,0.000184335199616623,7.82914547054291e-05,0,4.67383837236404e-05,0,0.00275752978757224,0.0020624337393665,0,0,0,0,0,0.000496610668181753,0,3.84847031790257e-05,9.50509768645647e-05,0.000238348305750954,0,0.000930665257189801,7.36787188622833e-05,0.0015667109389454,0.000374921388029635,0.00261283714137058,0,0.000251789550254953,3.7199949694848e-05,0.000361302888015687,0.000285231378790188,0.000142296165223944,0.0200109500817009,0.0350732230302779,3.45941395364881e-05,0,0.000132365207508517,0.000367173604375362,0,0,0.000135669785054898,0.0103907872778007
0.000419280668247056,3.34821227129102e-05,0.000142818428034949,1.22066302207441,0.0140925508214866,0.0154287412016494,0.00547374163735142,0.0239931935069712,0.0824081781265734,1.12738589153188,0.0123176333753405,1.52946727195836,0.0192037997705987,0.00745649978918067,0.0518498418164086,0,0.000576142350465751,0.00353509836799104,0.00251122539158033,0,0,0,0.000209895790463829,0.0607623057375918,0,0.00553865262453056,0.000853327522645903,0.498162609113623,0.0101086376968422,0.000663611559486902,0.000189689894743132,0.00686553306409539,0.000208018586234402,0.0338803838186841,0.00212607508006515,0.0687888781216876,0.00123813003515643,0.019726970852654,0.00278420265586092,0.160643367287079,0.00567399264401428,0.00232081741501245,0.0143100291285181,0.000301219109750927,0.00604129713379105,0.0041014872172363,0.0376302993088704,0.00447221117729803,0.000899262118802369,0,0,0,0.0935192320287401,0.00120169470304185,0.00442526518933087,0.0262981161167646,0.00476752546066517,0.0433404025771823,0.0826519094199534,0.000724210519706845,0.0714782269316218,0,0.00167777348889129,0.0116220339259921,2.90358156937361e-05,0,0,4.88309422661781e-05,0.046597787193511,0.000115521883442807,0,8.44043336838839e-05,0.0617262477130428,0,0.000124054149062025,0.000198585044284439,0.106159977380384,0.00149019748360321,0.000161886576436019,0,0.00248993080875535,0.000159482888710785,0.00579079547547821,0.00019712706382463
0.00136813061891255,0.00445855301477352,0.517536141665116,0,0.0798067193793969,0.0035149687560131,0.0977522045124841,0.0143029122389579,0.00101947463412825,0.00170970399201641,0.0074572486526297,0.000116019206445968,0.16969935503619,0.0198579505712341,0.0441799594873058,0.60269788861124,0.29458154179876,0.00856937171996576,0.0391219672185425,0,0,0.12535856690664,5.55766699452516,0.0601933561805452,0.000905783624561596,0.188095181199323,0.398728570614692,0.666102163725685,0.0125651832156863,0.932076200147214,0.000408781696027434,0.00134410059502753,0.00283778648897611,1.31101324914239,0.223398957405376,1.35763380358213,0.251430348095189,1.22097153239176,0.408603606745608,0.0348105716790969,0.0410091421764175,0.0116425266272944,0.0426710056757842,0.0184812103693225,0.0124102400633031,0.0127973553564816,0.00690369863844737,0.00221240835284021,0.00481111746411629,0.000150941196674645,0.00314764444160692,0.0395078176734198,0,0.000553019027297592,0.00103558770021258,0.0137074114294196,0.0025320112129267,0.0138922673436002,0.000292097379449177,0,7.4842795215678e-05,4.29781400741816e-05,0.00198644842840707,0.0072063866238115,0.288623842808101,0.0150537686750871,8.34018735578182e-05,0.00208258192589138,0,0.307794433110899,0.134424572074559,0.180865874295774,0.127083253709081,0,0.00808496555613028,0.124302894935338,0.180566735142144,0.00481973879038123,0.0968292929514412,0.000118223470679379,0.00173034212252409,0.000675903174261939,0.0147868294714657,0.0705387939317057
0.000172932680598449,0.404525951946464,0.00908454490469337,0,0.0025775533251518,7.77844004949216e-05,0.00847138656984929,0.000729567328488696,1.08960939960153,0.000186567374260211,0.00307164157869454,4.55006165547371e-05,0.038140529908256,0.00044053703079443,0.0205349436804741,0.628668916453604,0.00246831402932143,0.000116225640117574,0.000457323844948387,0,0.12535856690664,0,0.0904648443687782,1.99176422925613,0.143042394214779,0.00962744539564638,0.998005469127809,0.29477146398798,0.00150879570701,0.00316586946901557,0.0151968330358659,0,0.00195415745759701,0.00342508744440062,0.00219560387851059,0.0118459643194506,0.0119065641012795,0.00765626558273821,0.00433974357124974,0.0195134810839263,0.000500270328782236,0.0183983558397356,0.0294057917864392,0.00627558942991419,0.0104713284016784,0.00857636779766893,0.00193357685296917,0.000861110604565224,0.000545415972714186,6.8800612155509e-05,0.0889140028513104,0.0358303471833388,0.00998153966764426,0.000118246943959379,0.000524842194950152,0.0120495979278001,0.00311061037741399,0.0569580021121131,0.00172510403182152,0.00185549586709555,0.000860949966759333,0.00912419212714422,0.00196836426497332,0.000904002248208783,0.413923602235338,0.00756622183991529,0.000279029567266333,0.00259002377018732,0.00055657000360794,0.0780832543426268,0.387273519414054,0.16440142996006,0.15143238288824,0.00412733464679449,0.0141244678122361,0.627426582572212,0.0776686552045137,0.00408453080487968,0.0113572132245418,0.00144220842770737,0.000158573385247183,0.000902506955216764,0.00449952384707058,0.00243262649830671
0.0115557406104288,0.004077860519429,2.58567305495807,0.000155962179414844,0.100573003606494,0.0132513294508505,0.362906249119825,0.104189980777159,0.00160004715097239,0.00660629999495842,0.0216064708894554,0.00112538696356773,0.18021460379337,0.128221331554047,0.0448951882241058,1.25568454359098,1.17612934620885,0.0169105665030741,0.0762199685866257,0.000209895790463829,5.55766699452516,0.0904648443687782,0,0.0387549599060563,0.000623594968587184,0.551440605332085,2.19660987472241,0.781400801848935,0.0319329073937131,0.854069129549569,0.000518231383387685,0.00166285523219491,0.00398055459477538,1.48706302137621,0.393510362513547,2.62651968700322,1.25329528132271,2.58984572767757,1.29250873740591,0.0482219165692504,0.0599738251652149,0.00556349156220433,0.1248532123246,0.0348726063789101,0.0478714277935023,0.0524619415544727,0.0111646314009415,0.00308404483290166,0.00106212032515035,0.00107475393907746,0.00862570728717691,0.167099494185947,0,0.00209682868289966,0.00207781382644187,0.0566823479839584,0.013952160415821,0.00842257535724163,0.00109589403732934,0.00018084107997235,0.000123581008307898,4.50539925676107e-05,0.0108634467523863,0.0165272132314892,0.859038886439066,0.0275475840332828,0.00121944057450273,0.00645141590234607,0,0.39471141102334,0.132069526522512,1.06342463671807,0.113004972693827,3.26649420360327e-05,0.0181374735805281,0.648917999199622,0.102329589902948,0.0029125017382333,0.055317248384351,0.000178193045296955,0.00093512802951782,0.000372768421349979,0.0215153314979382,0.241959271736628
7.45449884666442e-05,0.290162840187311,0.000789822794316577,0.130921105294213,0.0271813036812989,0.00127392049919849,0.161548834718078,0.00176914208722555,2.89384010409511,0.0866828619950032,0.000824099390819678,0.0350725868200204,0.0316638802177617,0.000991028152808092,0.189374518827096,0.211602646679636,0.00097433897760429,0.0001007429756037,0.000149798826700234,0.0607623057375918,0.0601933561805452,1.99176422925613,0.0387549599060563,0,0.0723674789642553,0.00250053993400157,0.493054008426675,0.873091223366447,0.00186608569115679,0.00162544328971614,0.00612778133083368,0.000697605045440173,0.000817815232873965,0.00493151193711744,0.00226840253268883,0.0379143719363052,0.0068128169494434,0.0104319578185024,0.00412058979812093,0.210953871220366,0.00137734163734853,0.00918668503077209,0.104872055482678,0.0064539029403138,0.062461161805481,0.0165079328186432,0.0757228236230374,0.0224081375614122,0.00521076879632188,0.00184996800683494,0.00489109057128117,0.00448563842794599,0.0814959927545949,0.000572019406210184,0.023641519957833,0.335253786087198,0.0202491551116571,0.376849590501991,0.141250485758146,0.0022255747868119,0.0648699488666808,0.00152718207235907,0.0209041876069428,0.0194868552240392,0.0998935792105348,0.00120602259677217,0.000137946445848823,0.000148423707272208,0.041159402601591,0.0491934761430887,0.142774851679616,0.0445676151098581,1.02774212635259,0.00115583743530836,0.000863784179794813,0.057658291588181,0.901116361828424,0.0457033281124171,0.0347925110397416,0.000165597916682601,0.00690059983640196,0.00513245011367179,0.0473290804066175,0.00326799183332188
0,0.506562184980955,0.000197715035475802,0,0.000393722555478525,1.84410454139531e-05,0.00016426979461298,0.000170610347621882,0.165393261390243,0.00022632138379128,0.0529269789493682,0.000446417531368482,0.317995367901517,0,0.00461295094125831,0.00261645236661914,0.000891608053786622,0,0.000491307350119543,0,0.000905783624561596,0.143042394214779,0.000623594968587184,0.0723674789642553,0,0.0394005972607769,0.314219818365991,0.00446199631834457,0.000172418821610403,3.36733764961601e-05,0.0415132748470159,0,0,0.00719989899175337,0.000841553282991937,0.00948262369941172,0.135525686500451,0.0206946789511175,0.00518543173391361,0.00401389704838021,0.000128874120308113,0.165589889501097,0.00451487273509125,0.0181305296484911,0.00274559622424501,0.00125400938440883,0,0,0.0113618182103153,0,0.0281233081361917,0.000283523697670138,0.00092490337088959,0,0,0,3.19634624549508e-05,0.00313880918780145,0,0.047333477271329,5.75920635308981e-05,0.338355464245487,9.76418125368119e-05,0.000259133066956711,0.000158227752904892,0.000581038950000286,0.00162468536869072,0.00167807169540168,0,4.13586516097307e-05,0.00244337332698363,0.000156129354754495,0.00155274177533852,0.237905119585588,0.245985854858227,0.463301990923994,0,0.000121909358716822,0,0.121000378372978,0.000253094788747787,0,0.0028162650824418,0.000642647599180078
0.021569495221341,0.0492894852374897,4.69575620190143,0.000350088402603662,0.0025361962063287,0.0234105179428183,0.140183093945655,0.161842665133677,0.00978718219686767,0.0512411683467812,0.933636153429662,0.0585369930661284,0.0984554012231893,0.174354846610744,0.00385685381929072,0.00108677212371161,1.10886269605619,0.666651253388193,1.03997849432702,0.00553865262453056,0.188095181199323,0.00962744539564638,0.551440605332085,0.00250053993400157,0.0394005972607769,0,2.40834895554407,0.0319336091736674,0.120918535352259,0.196634811202344,0.118964343389293,0.0587055461623073,0.00314506096728604,0.627492264509103,0.121559561137291,1.02897060495377,1.25831142985044,0.949625552020289,0.534773943607776,0.0230806543241072,0.00965096549189811,0.00124423885909705,0.0716707479517408,0.0432191650074836,0.0264986900466745,0.0169232375885545,0.000372180849460161,0.000997069346403696,0.000540397657994521,0.00104520725266702,0.0925851449954594,0.0540567472465875,7.51109511570334e-05,0,0,0.00503592435974463,0.000175285225373769,0.00533374153128593,0,0.039839975208922,0.000150685356033373,0.130066705207435,0.00264242473153955,0.00313115408473136,0.00237292831305934,0.0831860942453792,0.0106667469230187,0.131509824251754,0,0.00369618751107767,0.00569931061284845,0.0142201250525946,0.00317727158385514,0.0442944014275957,1.14680473420591,1.85109145210459,0.00111895223915192,0.00182361433363208,0.00941059407564907,0.185702712142639,0.000180848909552479,0.00014460298480959,0.0117208230779125,0.0645708566507764
