0,1.38359373807907,40.6465402543545,0.608751714229584,0,94.8113135099411,5301.18849804997,1093.06086242199,11.5612342059612,126.336323797703,77.0950782895088,45.1441745460033,20.9679825007915,16555.6647064686,1.64229184389114,4.85800987482071,379.211587101221,35.3833874762058,13.3493134379387,5.58164951205254,162.144967198372,2.93148356676102,272.579155176878,117.154754012823,0.685485661029816,44.1953779459,144.36253747344,106.444918513298,9823.79955494404,3475.9569658041,1.84143972396851,3.23560082912445,32.4105544090271,412.796881049871,21.8430129885674,151.88641962409,21.0948168337345,266.765026807785,78.4743325412273,30.0289614796638,8.44423675537109,1.4160618185997,20.329352915287,0.320712029933929,3.58797723054886,0.96724408864975,0.686233282089233,0.470630705356598,0,0,1.03569638729095,3.15570881962776,0,0,0,2.40985989570618,0.743378758430481,9.93027213215828,0.391045838594437,0,0,0,0,0,7.37871196866035,0.46210640668869,0,0,0,2.35828912258148,8.92877042293549,2.22897452116013,48.4407725036144,0,0.461259484291077,9.77994868159294,27.9900233745575,0,2.58226680755615,0,0,0,1.68765664100647,1.03530550003052
1.38359373807907,0,52.6463226079941,0.499905526638031,0,7.7337007522583,6.55910485982895,4.77517127990723,1468.40581864119,7.47893461585045,516.384968549013,7.51593953371048,2368.81392478943,18.7039931118488,24.9812169373035,84.924540668726,162.073119401932,14.2295616269112,17.2897326946259,0.872496962547302,23.2242031693459,4624.72709053755,131.818385839462,2358.86419257522,3232.05362504721,210.863223433495,10282.4927886426,10.6075124740601,27.03532153368,10.7314307391644,109.411591470242,8.21966379880905,0.787340223789215,339.177585035563,19.9309021830559,311.31878605485,242.356477379799,254.340225726366,91.0092637240887,5.96562814712524,0.528362691402435,1317.88451883197,412.776039242744,526.522552967072,152.272237986326,128.98755428195,3.38001304864883,0.671234250068665,80.4381827712059,0.618248462677002,2350.61787423491,271.776784330606,0.6638423204422,1.42225354909897,0,5.45263141393661,1.29349148273468,33.9864762127399,1.84633302688599,423.607527852058,0,904.16474032402,2.90268588066101,1.69460582733154,44.0814888775349,242.677562326193,27.3871242105961,100.111975312233,0,11.4695915579796,154.244602918625,78.2497317492962,72.2455509305,266.556869596243,1030.87648230791,6784.09522110224,15.6422500908375,7.72692820429802,8.93454307317734,124.007953196764,8.74981164932251,0,57.7257950305939,33.2409382462502
40.6465402543545,52.6463226079941,0,0.448674529790878,2.97205090522766,28.1313396394253,1020.83989816904,443.82133820653,27.2774475514889,77.8344476521015,110.087251424789,18.4098869860172,48.3280904889107,524.027721524239,33.1375885009766,69.0886861979961,41281.1862916648,332.072635382414,490.315833240747,2.58647066354752,1601.55069604516,52.6916114091873,37864.0390002429,98.7562308311462,4.99596476554871,38411.983096987,73537.9765174985,371.039760291576,403.467005610466,1511.08884307742,5.56628173589706,10.8178392648697,28.815587669611,2241.84462189674,614.820680350065,10117.3696469665,4546.72007209063,3031.48159953952,3552.24686789513,55.9924780130386,28.9186470210552,10.7465003728867,1091.41139447689,450.515271753073,361.812511563301,329.617852449417,11.7066477537155,5.75773394107819,1.9166601896286,0,620.330896854401,2577.90818309784,0,0,0,30.7295039892197,0.753976583480835,41.8338901102543,0,13.3575372695923,0,16.1299279034138,1.6847833096981,7.20186597108841,196.885396569967,724.733722031116,16.2005523145199,96.1225790679455,0,57.232957303524,106.118357598782,1053.96792796254,88.1377392113209,8.86676877737045,979.741504639387,13091.5909840167,51.3627853095531,4.26411962509155,37.0667319893837,13.4677986204624,0,0.384048372507095,109.529996216297,267.986829578876
0.608751714229584,0.499905526638031,0.448674529790878,0,14.8406968712807,317.026539176702,216.144972264767,162.496677488089,2918.29986447096,9974.40894585848,26.2371641397476,7210.02888229489,65.1915500760078,131.034413188696,251.127298951149,0,0.859625577926636,9.78588950634003,1.52283418178558,16267.7037004232,1.39220601320267,0,1.19942450523376,3321.92016327381,0.360884934663773,5.09077808260918,5.3753288090229,16553.3070470393,115.838293790817,6.04877582192421,0,7.22163510322571,2.33721545338631,57.715623408556,33.0249609649181,180.11932232976,7.37634170055389,100.257560223341,9.45322775840759,99.9131664335728,50.3576490283012,0.763777077198029,45.3408575057983,0,8.19018766283989,3.05199098587036,372.355514317751,4.41105496883392,7.93304988741875,0,0,0,1585.8900193572,32.1221551597118,138.265109300613,104.22919985652,82.2720318138599,463.915281027555,1304.6629319787,5.69963923096657,1142.46460065246,0,11.4450266957283,207.574497997761,0.48860502243042,0,1.00865060091019,0,656.920949369669,0.590258836746216,0,0,564.28853982687,0,0,0,929.538494616747,7.15463531017303,0,0,0,0.40720123052597,7.78319874405861,0
0,0,2.97205090522766,14.8406968712807,0,2452.03017666936,50.3392176032066,131.257917732,265.166978418827,92.3018470406532,13.5123135447502,177.945771872997,102.890659749508,16.2780733704567,7686.52803081274,32.614840388298,4.41126126050949,0,0,26.3036495447159,125.67915019393,1.58978450298309,135.975323319435,135.258739620447,3.17004364728928,2.12112313508987,23.350815653801,122.010518342257,7.85693383216858,46.5226212143898,0,897.092655658722,1.10883486270905,943.035180389881,315.30453401804,398.667979776859,30.0327914357185,47.3406417667866,35.112506210804,8857.28939968348,6659.24921572208,5.22990083694458,45.0124980211258,6.88682639598846,4.33129513263702,15.7691442966461,193.63052213192,0,4.25769764184952,0,0,2.64796197414398,19.5337343811989,5.89780974388123,14.4389159083366,25.2792626023293,3.62168204784393,5.05591112375259,18.0804732143879,6.93778824806213,71.8555634021759,0.350744128227234,1.75294768810272,40.7389249205589,7.56492054462433,1.25846183300018,0.733799636363983,0.790904879570007,17.3118858337402,9.21726310253143,0,23.5048953592777,33.6145352423191,0,3.17186924815178,13.6474022567272,35.0859394967556,0,10.5031014084816,0,0,0,2.90791031718254,871.148475646973
94.8113135099411,7.7337007522583,28.1313396394253,317.026539176702,2452.03017666936,0,10017.0489905775,21281.5155645907,1685.94442760944,22596.7810744345,544.34070032835,15378.1546246409,1243.74266421795,2461.63335633278,3811.14946851134,3.05984830856323,62.4829799234867,98.6072175204754,28.097310423851,620.35327783227,67.4440217614174,3.41720163822174,90.0065583735704,507.671189367771,8.13461062312126,143.697253644466,101.839214205742,1023.9817006886,998.73600423336,275.238320410252,9.38774648308754,114.424364477396,17.5232994258404,567.033553272486,1780.62141790986,5107.27901014686,143.97681415081,722.333184182644,278.70711389184,7480.45844215155,2378.78799939156,152.301716536283,546.493465036154,13.4678855836391,69.4390826523304,18.6042459905148,616.536493510008,49.066369920969,55.6119852662086,0.387571811676025,2.1868497133255,0,249.638643503189,27.0078684687614,84.9650547504425,378.866688340902,120.445804923773,210.423377305269,612.183310925961,57.7507821917534,377.967828720808,1.26245701313019,12.7841290235519,145.758967667818,24.8089754283428,0,0,0,168.962536305189,3.89108547568321,12.3861239552498,0.314396530389786,1043.0474613905,1.0114518404007,0,2.12691524624825,845.463574647903,28.2047210931778,7.59978756308556,0.570715010166168,1.53201958537102,2.0464563369751,29.18221783638,122.12060007453
5301.18849804997,6.55910485982895,1020.83989816904,216.144972264767,50.3392176032066,10017.0489905775,0,30874.4243207574,1233.39556008577,37790.3717461824,908.017032831907,979.517750531435,908.874092638493,37114.0681126416,489.090686529875,60.3590731620789,772.334221512079,305.606586664915,106.490877777338,137.64559468627,9064.25844809413,8.1387687921524,2734.47408661246,11613.9702377617,9.99300819635391,489.859622716904,889.861099243164,85459.7692346573,6683.14347037673,11207.7066116333,26.8309769034386,143.357467442751,295.345490425825,2350.33031183481,1391.55116578937,5711.5029450357,296.174953699112,3474.88513204455,935.444955766201,985.314419239759,1059.32716375589,91.3446443080902,1986.83656910062,46.3632545471191,428.577651381493,119.868311434984,769.706142097712,219.303849458694,51.396765768528,2.46116679906845,4.5930837392807,25.8996552526951,384.383398085833,9.33148539066315,209.553419560194,1664.34700763226,482.150292903185,652.940297603607,1258.90074852109,76.1290411055088,343.568121850491,5.46425184607506,219.16997641325,139.148873865604,111.6271443367,0.942637264728546,0,0,230.207492053509,32.7762888073921,52.3128289282322,62.5362709760666,4530.52665704489,0.537407875061035,1.08112815022469,116.600260138512,3172.36535730958,194.215503841639,119.543527841568,0,10.10591340065,11.4970190525055,173.49405631423,181.632724255323
1093.06086242199,4.77517127990723,443.82133820653,162.496677488089,131.257917732,21281.5155645907,30874.4243207574,0,780.199678659439,19054.1244314313,466.962687551975,5654.1339981854,740.337005406618,34622.7758420408,981.933507829905,6.99815502762794,1306.91818615794,106.772153407335,47.4599711000919,546.786692708731,1315.08500412107,4.12832489609718,1914.36968308687,910.706482708454,4.03245329856873,180.857491880655,617.602506875992,1913.25413605571,2566.46053467691,6098.54590442777,9.87009844183922,106.780772060156,83.4691912233829,957.057254135609,211.027608335018,3656.74337524176,173.965810358524,1054.28505754471,458.122395247221,1864.43574735522,329.921703696251,101.374903410673,1171.44445437193,14.4253886640072,280.821406304836,51.1392518877983,521.259735554457,112.31305912137,81.491654843092,0.849264591932297,4.27525249123573,6.63621747493744,357.986452996731,4.59548223018646,152.210668951273,1640.01516923308,395.755197167397,479.070282161236,1240.83109799027,55.0950267910957,316.473930835724,5.3990558385849,57.9499991238117,81.0300492942333,32.0231759548187,0.857802212238312,0,0,169.083758562803,14.0128706395626,14.4808467924595,7.22697088122368,3721.16617920995,0.565176784992218,0.9698446393013,28.3206161856651,2861.20794925094,82.5624282062054,30.2345996201038,0,0.425823926925659,10.9345923662186,107.774485766888,33.8670428991318
11.5612342059612,1468.40581864119,27.2774475514889,2918.29986447096,265.166978418827,1685.94442760944,1233.39556008577,780.199678659439,0,4985.78047850728,234.424064040184,4279.41774132848,737.610092163086,383.334779560566,1932.68306940794,337.533795565367,217.575635015965,33.1574802398682,16.7879598736763,990.641610175371,116.346634507179,6013.2474437356,100.726497650146,39477.5776710212,1043.68525862694,142.074492156506,5312.07335329056,7991.96553370357,479.888732880354,79.732479840517,55.6624027192593,30.1587209999561,73.7025752365589,356.256551474333,228.17296898365,1117.51924565434,250.347807914019,412.150393903255,156.856907337904,2232.14573326707,115.405202269554,192.420874595642,539.385335534811,149.118028134108,124.793462812901,51.2870262265205,1686.31238120794,38.1221308410168,12.5397917628288,1.73258262872696,134.724479317665,43.9377341866493,916.874380469322,117.420104026794,335.848671466112,454.543055981398,228.601031780243,2861.75834986567,1335.08322626352,124.468594580889,1135.40279841423,269.073950648308,103.355082839727,621.125264525414,1256.90577352047,39.3143197596073,20.3597277998924,13.573033541441,453.572630673647,198.453793555498,1826.97484144568,404.407240062952,3392.10798600316,79.6063770353794,195.435921102762,731.452346205711,1822.73529586196,102.684012979269,100.018266916275,28.2499715089798,16.9203115403652,8.79238474369049,65.6505825519562,93.6558045148849
126.336323797703,7.47893461585045,77.8344476521015,9974.40894585848,92.3018470406532,22596.7810744345,37790.3717461824,19054.1244314313,4985.78047850728,0,1893.1453999877,6009.17446371913,1612.65927475691,10665.9500778913,767.388959825039,2.4149549305439,180.960965067148,511.469462960958,137.061240524054,10359.735117346,90.2128958702087,4.72449213266373,156.329526126385,2339.26779255271,16.3423898220062,700.622351199389,434.478116065264,8400.94690847397,3659.76367412508,282.94480329752,20.7090167403221,362.165107309818,39.3080621957779,2426.4032099247,3233.07240319252,6851.02748280764,314.905418992043,3559.15287777781,402.81661272049,1659.13903015852,1967.34601014853,186.019589692354,383.125150561333,19.2395700514317,101.611416608095,35.4175060093403,1232.45377993584,53.3702096641064,70.0719142258167,1.55396169424057,3.19910818338394,0.715865075588226,2760.71408972144,67.075653553009,625.464715868235,820.852639913559,449.764599174261,1304.25763350725,6207.97381612659,49.9793381392956,1727.33519858122,5.25544884800911,37.656476855278,500.992480963469,10.6768333315849,0,0,0,1557.61211183667,1.86694461107254,9.30343073606491,4.76481729745865,2861.76873585582,0.716941475868225,0,2.82273355126381,4067.6380507946,26.8879663944244,7.68579483032227,0,2.3506130874157,1.79036092758179,31.2849652171135,259.86182641983
77.0950782895088,516.384968549013,110.087251424789,26.2371641397476,13.5123135447502,544.34070032835,908.017032831907,466.962687551975,234.424064040184,1893.1453999877,0,802.184854209423,7481.18656346202,3126.37001386285,28.68896946311,16.5411229431629,2045.09207838774,16938.6912315786,861.001737207174,120.713369041681,228.986562401056,353.641885191202,479.38316899538,330.610790222883,2337.95347899199,10318.236218065,1670.11741954088,354.471757054329,7305.15642049909,282.449261814356,966.709024488926,2565.51604393125,48.7938852608204,12323.2960912883,148.300998061895,2959.11263769865,3912.61420503259,7397.78749158978,1521.34840711951,81.4835116863251,56.6296119093895,2047.60860869288,51.4541564583778,2235.35716345906,91.9142532646656,22.7570893764496,7.73125568032265,4.78199449181557,305.788297235966,0,242.427243679762,10.6642170846462,0,1.71698907017708,1.64936870336533,6.50163191556931,11.1671688854694,61.32893922925,7.90551459789276,2481.09067347646,13.816286534071,5705.69435504079,26.386029779911,3.52761799097061,12.8696804642677,8.76701578497887,53.3958236575127,8.6551299393177,1.20428502559662,1.36892354488373,148.953505754471,11.4970365464687,109.101363956928,1157.67941600084,1041.326200068,1646.54618406296,17.6956548988819,136.030541867018,0,1509.85116419196,69.5222185254097,1.26547682285309,199.80014911294,59.7918494343758
45.1441745460033,7.51593953371048,18.4098869860172,7210.02888229489,177.945771872997,15378.1546246409,979.517750531435,5654.1339981854,4279.41774132848,6009.17446371913,802.184854209423,0,401.946596473455,3133.82943302393,1633.58108764887,1.80007404088974,62.3872178196907,201.678885042667,48.7564795911312,17077.3522679806,20.6448886990547,6.99643969535828,45.8286327123642,862.020179778337,8.29109346866608,305.563197433949,150.442520499229,6920.94561234117,1207.40558725595,91.6265330910683,11.4230932891369,151.001347482204,2.68119117617607,728.285378247499,1535.13509997725,1383.15199577808,100.414777338505,801.4092438519,142.139662474394,2320.47061300278,376.214135169983,86.9531850516796,137.685226529837,13.2257994115353,15.5004497468472,9.93157351016998,1312.99850282073,2.74109730124474,20.3943836092949,2.5012481212616,4.40014213323593,0,610.524874210358,101.281916648149,214.416467159986,68.4702328145504,65.6145126521587,199.512852787971,995.972920268774,13.0167651772499,1841.87402230501,1.57579061388969,21.907018661499,465.819591522217,2.69857600331306,0,2.32449516654015,1.13492476940155,440.784512639046,0.584283530712128,0.895148932933807,0,372.277781903744,0,1.0424667596817,1.86182168126106,520.926989227533,6.34762114286423,0,0,1.49814367294312,1.93143701553345,4.91601979732513,158.167242288589
20.9679825007915,2368.81392478943,48.3280904889107,65.1915500760078,102.890659749508,1243.74266421795,908.874092638493,740.337005406618,737.610092163086,1612.65927475691,7481.18656346202,401.946596473455,0,845.71408611536,139.134377151728,64.3640377819538,43.5108808577061,88.663702249527,19.6899615526199,107.048419654369,164.288298875093,1428.78704547882,287.530751049519,1232.08265951276,15709.9524936378,412.301553845406,2082.82695382833,811.822354137897,984.626617908478,235.537080973387,1857.80784663558,872.433036714792,12.8904929757118,2797.56794375181,301.990310877562,6118.52794522047,2936.30600100756,4987.5822532773,4269.59834426641,2650.3656385541,2508.42195665836,7481.23604464531,516.538149982691,4085.87700530887,1172.32510906458,282.501074701548,563.452407985926,377.153009474277,586.686355739832,0,419.957320004702,14.0760595202446,44.6565741598606,9.65315747261047,63.2830100357533,204.205673396587,134.070292502642,131.007920891047,141.949100106955,4894.93623524904,74.6640677452087,10024.7279206216,138.090416491032,21.1460606455803,42.7855961918831,9.58898550271988,57.280770778656,12.9841432273388,38.6321392059326,6.85989952087402,244.92771551013,19.567080706358,530.374015212059,2538.16411167383,1414.87312763929,2291.49153897166,277.298609048128,345.679640501738,30.9875767529011,2039.52760523558,219.734468996525,0.708807051181793,541.781077563763,95.8739132881165
16555.6647064686,18.7039931118488,524.027721524239,131.034413188696,16.2780733704567,2461.63335633278,37114.0681126416,34622.7758420408,383.334779560566,10665.9500778913,3126.37001386285,3133.82943302393,845.71408611536,0,106.321114838123,28.3364772498608,2374.9046780169,890.727387905121,249.812153548002,395.637966364622,1267.18892154098,20.1027528047562,2466.61538049579,1015.56120684743,22.6824205815792,1231.1831843406,1573.39294737577,1834.89739498496,27077.3708815128,14543.2505906969,49.6543999612331,231.089083075523,129.612502634525,2996.56799696386,184.267105609179,4044.19940671325,389.890478849411,2116.38298338652,629.130045801401,553.509561359882,327.859796404839,176.112527340651,410.974847942591,40.9589451849461,53.4756610095501,21.0839103162289,107.705671906471,15.2824456691742,27.5717155635357,0,17.0477083623409,12.978805989027,23.7955850660801,1.3451966047287,8.66432437300682,401.342606276274,18.5992964804173,257.829013645649,58.6411011517048,25.6580102145672,57.0064450502396,25.5265128612518,4.17254817485809,22.2916947007179,70.3302840590477,3.88600653409958,0,0,13.0397198200226,18.3078120648861,38.4679992198944,10.144518584013,1516.19127988815,0.794841885566711,26.1909704506397,126.031874269247,707.591513872147,10.9808837473392,20.4852105975151,2.91145184636116,0,4.79429450631142,13.7757394313812,16.5447129607201
1.64229184389114,24.9812169373035,33.1375885009766,251.127298951149,7686.52803081274,3811.14946851134,489.090686529875,981.933507829905,1932.68306940794,767.388959825039,28.68896946311,1633.58108764887,139.134377151728,106.321114838123,0,92.9493819475174,36.1878535151482,14.2881546020508,6.48339220881462,171.260642677546,307.871651470661,45.1635639965534,469.819159954786,2255.6537849009,8.39285236597061,27.1120372712612,228.17558452487,1077.77760118246,97.0336709916592,274.77641031146,3.41457033157349,198.109807014465,8.85498133301735,51.3374364674091,2454.33494573832,484.17796087265,207.289501309395,88.6624875366688,186.257965147495,6144.70611286163,296.599131286144,11.934120118618,239.316055893898,37.0154950618744,30.8185960352421,97.4522398114204,1417.41337284446,8.2034210562706,21.3123058080673,0,1.48434340953827,5.10937911272049,217.182992756367,68.8496566414833,112.171441257,113.680825144053,49.8021691143513,59.6213321685791,302.404250770807,16.5623169243336,524.882880717516,0,19.5959534943104,309.74551743269,39.9857403337955,1.81048363447189,6.39169049263,4.24502539634705,186.957591027021,42.4801900982857,10.480211853981,95.1244025528431,326.303936302662,2.02677321434021,24.4652759432793,70.7947927117348,281.364201843739,17.9470749795437,35.2432867288589,0,2.59236365556717,2.72795712947845,10.4294454455376,2134.36124268174
4.85800987482071,84.924540668726,69.0886861979961,0,32.614840388298,3.05984830856323,60.3590731620789,6.99815502762794,337.533795565367,2.4149549305439,16.5411229431629,1.80007404088974,64.3640377819538,28.3364772498608,92.9493819475174,0,163.831753581762,15.4797712564468,11.1169876754284,0.569465816020966,19752.2919108868,7137.14306637645,18879.0288039446,4338.61578738689,12.5279960632324,59.793800085783,8428.93808561563,5478.09238421917,184.792679041624,290.1882802248,0.544940412044525,0,68.4472717046738,347.184918254614,1225.57991635799,7062.93995037675,2309.74607309699,1852.45500835776,1882.04620170593,129.703743577003,18.0824296474457,5.83856236934662,1783.02237987518,206.5750246346,404.381828069687,295.160603284836,105.052830696106,24.4729419350624,13.776452422142,8.81231448054314,63.2586102485657,346.888920485973,0,0.615818977355957,0.503704726696014,125.608650118113,11.1326653659344,259.150890886784,8.8256898522377,8.03671285510063,4.55443567037582,2.93911126255989,23.5684911310673,71.2976456880569,18067.6725479364,80.9186499416828,4.66427570581436,12.9666509330273,2.79966270923615,2522.87903752923,4726.37131682038,11923.8933323026,3148.49928867817,8.24821093678474,47.3070403337479,2987.2614338994,1441.6865683794,174.18309661746,563.139573663473,0.495338141918182,0,32.5775366723537,156.348124325275,308.59598955512
379.211587101221,162.073119401932,41281.1862916648,0.859625577926636,4.41126126050949,62.4829799234867,772.334221512079,1306.91818615794,217.575635015965,180.960965067148,2045.09207838774,62.3872178196907,43.5108808577061,2374.9046780169,36.1878535151482,163.831753581762,0,3941.02601352334,16281.9646811187,12.3836097717285,2142.69982522726,268.293412148952,23113.9167861044,422.825572520494,10.0715133547783,10038.5463225842,21528.642149955,411.99094504118,2309.99177017808,5925.77054658532,10.2845529317856,32.2764427959919,156.233194857836,8089.909494102,322.571782380342,4275.46149802208,2487.13226348162,2317.02711516619,2336.16674399376,49.0446281433105,38.6424357891083,5.56455904245377,324.725412160158,175.874607682228,98.2114855051041,106.897207081318,2.88181284070015,2.40769970417023,0.879087865352631,0.528137385845184,259.396327495575,508.971935093403,0,0,0,0.867630124092102,0,11.7441643774509,0,5.79636943340302,0,10.2155535817146,0,0.799467623233795,76.5109807252884,292.254967570305,10.2792366445065,64.7792536616325,0,16.3663141429424,59.4015224277973,198.589663684368,31.3684030175209,5.01591664552689,906.686679124832,3702.08177044988,5.61558523774147,0.446195900440216,4.69623827934265,13.3984118402004,0,0,28.2454310953617,112.479762613773
35.3833874762058,14.2295616269112,332.072635382414,9.78588950634003,0,98.6072175204754,305.606586664915,106.772153407335,33.1574802398682,511.469462960958,16938.6912315786,201.678885042667,88.663702249527,890.727387905121,14.2881546020508,15.4797712564468,3941.02601352334,0,6515.22857829928,36.8188498914242,191.404074132442,8.25131937861443,519.136871606112,52.9145310223103,43.2478603124619,8128.69104999304,1963.8461818397,106.075699597597,1887.99044215679,186.759327769279,388.219119876623,267.001322746277,33.4614062607288,2922.01131060719,247.556028425694,4269.10879173875,4280.82805761695,3789.44556823373,1882.74943566322,34.5734524726868,23.6222102344036,12.6811929941177,41.749107927084,100.604465842247,16.3763561248779,23.9141820967197,1.36631429195404,0,2.15139490365982,0,37.2702706158161,16.2634675204754,0,0,0,0,0,8.89361429214478,0,150.791005730629,1.24099680781364,264.766960293055,0,0,2.57476985454559,7.16680175065994,20.1746454238892,9.59226873517036,0,0.607719302177429,6.82790169119835,5.49296605587006,0.491570353507996,74.4877099990845,505.824701696634,679.549551457167,0,2.18864274024963,0,211.846787810326,0,0,3.74362224340439,105.548804789782
13.3493134379387,17.2897326946259,490.315833240747,1.52283418178558,0,28.097310423851,106.490877777338,47.4599711000919,16.7879598736763,137.061240524054,861.001737207174,48.7564795911312,19.6899615526199,249.812153548002,6.48339220881462,11.1169876754284,16281.9646811187,6515.22857829928,0,11.2865305244923,152.628288805485,23.7444440424442,500.771424055099,39.0737888514996,9.35844963788986,13561.7895308435,3037.34852474928,36.3604796826839,458.02974948287,159.131649434566,35.1079334616661,32.0679689049721,27.5608640015125,2257.75526115298,84.4804031252861,1903.27636197209,1142.72788330913,1049.55227360129,753.374095261097,10.1379023492336,2.92647045850754,1.27611434459686,60.9314915239811,50.8980530202389,24.4505338072777,25.9478326737881,0.600422084331512,0,0,0,36.2330116033554,38.212870746851,0,0,0,1.23470687866211,0,2.65995466709137,0,3.54810038208961,0,6.69469168782234,0,0,1.15498000383377,37.2726798057556,5.88324326276779,22.4000955224037,0,1.88857007026672,10.5475242733955,11.9650731384754,0.427547544240952,3.05132853984833,339.73173353076,600.627488911152,0.772943735122681,0,0,8.25658464431763,0,0,6.619787722826,42.3053990602493
5.58164951205254,0.872496962547302,2.58647066354752,16267.7037004232,26.3036495447159,620.35327783227,137.64559468627,546.786692708731,990.641610175371,10359.735117346,120.713369041681,17077.3522679806,107.048419654369,395.637966364622,171.260642677546,0.569465816020966,12.3836097717285,36.8188498914242,11.2865305244923,0,3.22134095430374,0,18.6919418275356,650.468286216259,1.39937967061996,47.6688906848431,26.0411033630371,8065.79046297073,160.278371840715,13.5052324235439,0.458305984735489,25.3221965134144,1.08772882819176,95.9262450039387,47.1644009053707,365.691846191883,14.1357417106628,119.837588369846,20.7745317220688,146.754741609097,76.7330249249935,10.1592499315739,71.5291357338428,1.11711716651917,4.83972537517548,5.31454235315323,300.633493632078,7.04212817549706,12.5838946700096,0,1.15674269199371,0,551.924675107002,18.0394951999187,134.720696777105,110.690614789724,80.860618442297,184.11546432972,1098.38864150643,11.2730576395988,840.153621017933,0.356888175010681,7.1420638859272,133.511696398258,0,0,0,0,265.316462278366,0.84532231092453,3.99876439571381,0,377.998485416174,0,0,0,639.424277901649,12.2904331982136,0,0,0.724879145622253,0,1.6194780766964,3.30259329080582
162.144967198372,23.2242031693459,1601.55069604516,1.39220601320267,125.67915019393,67.4440217614174,9064.25844809413,1315.08500412107,116.346634507179,90.2128958702087,228.986562401056,20.6448886990547,164.288298875093,1267.18892154098,307.871651470661,19752.2919108868,2142.69982522726,191.404074132442,152.628288805485,3.22134095430374,0,595.599293082952,68710.7637614906,2200.12687960267,2.54925745725632,410.585083633661,2135.26768437028,30864.1756649315,1576.07940921187,53184.0318692029,9.09793183207512,5.88460028171539,343.001137763262,17490.518142283,3504.68347045779,14599.7307674289,2946.95793318748,17556.0387080014,7599.66368424892,383.155144751072,87.0267290174961,13.3450317382812,1245.67736637592,162.973075181246,182.357358723879,185.104023993015,76.4171662330627,13.6157138347626,9.62027543783188,2.91691017150879,25.5208094120026,86.2762671411037,3.70142737030983,0,3.62996077537537,72.7843151688576,15.9576562643051,170.141889810562,7.49521738290787,9.49518096446991,5.59247094392776,0,18.3566796779633,63.5677486658096,3416.68610566854,34.168955296278,1.02998244762421,3.68623718619347,1.59018039703369,1278.92674851418,921.43097537756,1914.57333749533,1841.90182933211,4.67528566718102,19.0355272293091,603.987618625164,1114.66365098953,174.596554607153,495.584320664406,0,1.09958600997925,46.3388982117176,120.783974349499,735.144078701735
2.93148356676102,4624.72709053755,52.6916114091873,0,1.58978450298309,3.41720163822174,8.1387687921524,4.12832489609718,6013.2474437356,4.72449213266373,353.641885191202,6.99643969535828,1428.78704547882,20.1027528047562,45.1635639965534,7137.14306637645,268.293412148952,8.25131937861443,23.7444440424442,0,595.599293082952,0,1058.36107817292,15011.8660971224,1692.31370609999,144.841477066278,9026.28387653828,309.162286311388,36.2673317790031,27.885076969862,111.19630715251,6.80695241689682,6.77134138345718,256.662474811077,43.391152381897,556.556830465794,250.549376815557,258.899488419294,165.869463652372,15.4072980284691,1.26484787464142,454.157103031874,401.366144031286,299.115124493837,142.715910077095,104.277358055115,18.2978452444077,1.88531595468521,26.3635052442551,3.55169838666916,256.638149946928,383.729299843311,0,0,0,22.1076977849007,4.3497588634491,115.072609305382,6.46951985359192,250.020060837269,0,613.028082221746,3.22907543182373,7.66825789213181,4411.70374724269,90.2559632360935,5.49172157049179,22.4981126785278,0.656075894832611,285.857460856438,2742.86558404565,1873.03278082609,775.315709263086,171.511433362961,289.688842922449,5760.87816628814,234.379442721605,16.5932630896568,59.8719732761383,94.8945888876915,1.56580114364624,2.75351482629776,35.932148963213,42.5235372781754
272.579155176878,131.818385839462,37864.0390002429,1.19942450523376,135.975323319435,90.0065583735704,2734.47408661246,1914.36968308687,100.726497650146,156.329526126385,479.38316899538,45.8286327123642,287.530751049519,2466.61538049579,469.819159954786,18879.0288039446,23113.9167861044,519.136871606112,500.771424055099,18.6919418275356,68710.7637614906,1058.36107817292,0,1199.99660289288,3.59965017437935,2008.99705797434,55324.8972920179,3218.76911824942,1772.51239231229,16754.3943094909,12.2854238152504,10.7748040258884,164.259226948023,12656.6505393982,5747.2704269588,32426.9444656372,15034.5642114878,27399.029645592,22536.3155025542,745.275111228228,261.728632867336,13.5205706357956,1704.34082725644,267.209219902754,580.576122999191,530.1877861619,68.6264040768147,12.7568171918392,4.32784652709961,0,222.25301477313,3385.63121131063,0.436933726072311,0,0,57.5071935355663,6.66013097763062,34.0258249640465,0,10.4511056244373,2.60282373428345,0.629450917243958,3.90437850356102,52.7290189564228,12613.9131810367,195.219928830862,7.52504241466522,24.27875867486,0,1198.18244314194,1915.82137534022,14973.2290905714,1028.34268337488,2.77927753329277,169.56842687726,16460.1744762063,439.34136235714,15.8864051699638,169.164712846279,0,0,6.50622236728668,122.288203626871,1542.3388645947
117.154754012823,2358.86419257522,98.7562308311462,3321.92016327381,135.258739620447,507.671189367771,11613.9702377617,910.706482708454,39477.5776710212,2339.26779255271,330.610790222883,862.020179778337,1232.08265951276,1015.56120684743,2255.6537849009,4338.61578738689,422.825572520494,52.9145310223103,39.0737888514996,650.468286216259,2200.12687960267,15011.8660971224,1199.99660289288,0,928.160231500864,235.571732461452,6046.67581957579,23408.6609623134,3140.16170325875,1900.8342243433,64.6255379021168,44.3522978127003,754.420379132032,1768.62945833802,2156.83079886436,6836.37020140886,987.202594906092,2290.22641175985,1177.20296701789,1015.98728352785,369.671738892794,236.119960784912,7921.87444415689,361.446010679007,1644.71423918009,480.522140443325,2416.79843840003,720.040632009506,115.59150236845,24.4189856648445,239.378577888012,149.448828488588,2006.15217140317,64.3694541752338,1034.2972201407,6424.6672090292,2308.36814340949,6730.74733349681,5552.66247346997,353.936562031507,1134.92844757438,215.381851702929,1169.45161747932,577.699662417173,3489.64297842979,72.2511803805828,24.8080893754959,22.0484103560448,929.795999497175,982.253915071487,3188.00586366653,1316.09162148833,28213.0937298536,88.8980577588081,191.351291179657,1804.02560707927,14305.5075269639,1346.18724969029,1306.14597189426,14.9591735005379,88.2092610001564,122.809874296188,853.767781287432,636.535953968763
0.685485661029816,3232.05362504721,4.99596476554871,0.360884934663773,3.17004364728928,8.13461062312126,9.99300819635391,4.03245329856873,1043.68525862694,16.3423898220062,2337.95347899199,8.29109346866608,15709.9524936378,22.6824205815792,8.39285236597061,12.5279960632324,10.0715133547783,43.2478603124619,9.35844963788986,1.39937967061996,2.54925745725632,1692.31370609999,3.59965017437935,928.160231500864,0,608.147537171841,13290.8848366141,11.6591048240662,49.1682249605656,1.67418307065964,1068.24480056763,23.2635665237904,0,770.336252897978,2.24106675386429,94.9957612156868,316.397833555937,542.795814096928,37.0762878656387,4.97693717479706,0.8267782330513,2073.58549267054,152.19164788723,802.194627046585,120.230971604586,48.5113855004311,2.5918602347374,0.671675860881805,141.468638300896,0,777.31221729517,11.4367396235466,0,0,1.02507936954498,0.427268385887146,4.61274778842926,43.9443944096565,6.20385470986366,967.556789338589,3.22732508182526,3114.27508121729,12.6317645609379,1.01749706268311,13.815298885107,38.8382884860039,39.4601721763611,40.5945733785629,2.67503398656845,2.10421067476273,149.258963793516,7.4655866920948,50.3526893854141,1817.81911155581,1281.02714672685,3448.54182088375,1.70760381221771,101.494526416063,0,764.950712323189,44.5533041357994,0,148.570796459913,2.49512165784836
44.1953779459,210.863223433495,38411.983096987,5.09077808260918,2.12112313508987,143.697253644466,489.859622716904,180.857491880655,142.074492156506,700.622351199389,10318.236218065,305.563197433949,412.301553845406,1231.1831843406,27.1120372712612,59.793800085783,10038.5463225842,8128.69104999304,13561.7895308435,47.6688906848431,410.585083633661,144.841477066278,2008.99705797434,235.571732461452,608.147537171841,0,40887.1061101854,158.613332211971,2023.41871458292,415.372633397579,1048.92117547989,307.995536655188,46.2228207290173,3076.53895317018,579.146755963564,11229.6229638755,10745.4321765006,6127.06308618188,4120.46937721968,58.5484425127506,49.0840685367584,26.8924722671509,1258.15968340635,1565.42215967178,438.738291025162,474.369685292244,6.80323693156242,5.54802858829498,20.1750484108925,0,741.702546238899,430.109446465969,0,0,0.381160199642181,6.49212384223938,0,45.7704437673092,0,1662.05471456051,0.688810706138611,4444.37577736378,4.50149780511856,7.72532761096954,24.1323956847191,711.016077846289,310.796383589506,429.432130873203,0,24.4198440015316,153.546525776386,170.686499804258,30.0971453785896,1404.4927264154,9597.6621850431,15226.7854563594,4.84327358007431,20.1558565497398,22.9025066196918,3371.0840035677,4.80843633413315,0.428650975227356,109.064930647612,261.208088487387
144.36253747344,10282.4927886426,73537.9765174985,5.3753288090229,23.350815653801,101.839214205742,889.861099243164,617.602506875992,5312.07335329056,434.478116065264,1670.11741954088,150.442520499229,2082.82695382833,1573.39294737577,228.17558452487,8428.93808561563,21528.642149955,1963.8461818397,3037.34852474928,26.0411033630371,2135.26768437028,9026.28387653828,55324.8972920179,6046.67581957579,13290.8848366141,40887.1061101854,0,593.706407487392,2019.6730813086,2271.15337222815,1411.20084747672,115.240531951189,120.816252529621,7549.1242312938,2698.66013634205,37303.7404459715,15535.8872227967,13503.030068934,13278.8412705362,289.688366383314,172.32364705205,95.1563222706318,8580.93669861555,5459.20385113358,2606.58765950799,2689.14893522859,71.535556435585,34.2230820059776,36.9175539314747,7.7742275595665,9808.75528901815,9315.7683249414,0.378110945224762,0.578560650348663,0.422838628292084,127.618268162012,9.48967921733856,359.762715876102,0,1392.616658777,4.38335371017456,3369.21370327473,12.5857582092285,61.511970102787,5302.10317054391,4859.48434838653,842.373579412699,1814.7640080303,0.847666651010513,423.4934027493,3173.79964479804,8882.34589731693,1026.69801589847,2651.03276905417,29831.5771216154,113729.923222601,319.273281753063,34.8338385820389,194.119542479515,3870.64196428657,2.35604560375214,6.1708767414093,710.889639168978,1027.95260760188
106.444918513298,10.6075124740601,371.039760291576,16553.3070470393,122.010518342257,1023.9817006886,85459.7692346573,1913.25413605571,7991.96553370357,8400.94690847397,354.471757054329,6920.94561234117,811.822354137897,1834.89739498496,1077.77760118246,5478.09238421917,411.99094504118,106.075699597597,36.3604796826839,8065.79046297073,30864.1756649315,309.162286311388,3218.76911824942,23408.6609623134,11.6591048240662,158.613332211971,593.706407487392,0,4656.47169014812,13406.7594442964,2.52044495940208,86.0523883104324,874.78404378891,2944.33589529991,2746.05059742928,8507.33788010478,721.976471096277,4687.32205229998,1886.15377014875,995.262400269508,867.773673981428,36.8081352412701,3035.67886346579,109.77323743701,536.787590503693,197.671187371016,1552.62671813369,274.033632457256,74.8092403709888,5.91477245092392,15.634692132473,36.3211529552937,2700.72898158431,47.8332148194313,870.837963491678,2673.11459115148,1229.91420277953,2547.81720271707,6832.34029099345,101.88497325778,1850.03323885798,2.15455204248428,337.959351658821,459.929635792971,1191.09826487303,9.3961868584156,2.1740905046463,0.574993968009949,1658.54396757483,535.533425748348,615.125507026911,518.038015902042,9556.34288409352,2.72066417336464,5.45897388458252,261.242332100868,7759.9810167253,490.150896698236,568.305062413216,0,14.4155705273151,43.9625609815121,285.437086999416,383.464109957218
9823.79955494404,27.03532153368,403.467005610466,115.838293790817,7.85693383216858,998.73600423336,6683.14347037673,2566.46053467691,479.888732880354,3659.76367412508,7305.15642049909,1207.40558725595,984.626617908478,27077.3708815128,97.0336709916592,184.792679041624,2309.99177017808,1887.99044215679,458.02974948287,160.278371840715,1576.07940921187,36.2673317790031,1772.51239231229,3140.16170325875,49.1682249605656,2023.41871458292,2019.6730813086,4656.47169014812,0,14843.6416533589,108.009199261665,848.300696641207,4547.21540677547,11647.5116478801,192.797899752855,2831.47053462267,476.515781372786,4188.61338868737,814.493385344744,277.378468692303,409.206481426954,234.27688318491,558.594512492418,74.3287028968334,62.6875738203526,32.5721936225891,79.0222176611423,9.18255162239075,24.3729720115662,1.47673285007477,26.7532503008842,19.7176302671432,23.5761850774288,0,8.64025422930717,217.620618373156,20.2425096333027,224.246473938227,52.3604957461357,43.1159633994102,24.1366749405861,61.8093777894974,10.9774346351624,11.6348083019257,287.334226638079,8.57105845212936,0,1.3048837184906,5.72487515211105,171.159701883793,182.058258086443,55.7545475065708,1582.1720046103,10.6028002500534,54.7828242480755,163.996415257454,759.28469222784,38.4235037565231,83.1246826052666,9.90740594267845,1.83638691902161,12.8274694681168,22.7051462829113,36.564989566803
3475.9569658041,10.7314307391644,1511.08884307742,6.04877582192421,46.5226212143898,275.238320410252,11207.7066116333,6098.54590442777,79.732479840517,282.94480329752,282.449261814356,91.6265330910683,235.537080973387,14543.2505906969,274.77641031146,290.1882802248,5925.77054658532,186.759327769279,159.131649434566,13.5052324235439,53184.0318692029,27.885076969862,16754.3943094909,1900.8342243433,1.67418307065964,415.372633397579,2271.15337222815,13406.7594442964,14843.6416533589,0,3.63841405510902,27.4875203967094,3779.47508475184,15569.0905698836,1906.55545267463,6058.14073210955,699.341176360846,10278.3833754659,3060.26508444548,361.939514964819,218.513670265675,9.28683724999428,339.56827890873,19.4002189338207,39.8075992166996,35.2716913819313,64.2272973060608,15.7060416340828,1.52843695878983,1.70607829093933,19.4058059453964,52.2877937853336,1.48757657408714,0,4.07086485624313,96.4190571010113,10.7959249317646,62.5225518941879,9.39960035681725,1.71034359931946,6.73187428712845,0.828170955181122,22.4030901789665,16.9482963681221,184.422045409679,7.11380702257156,0,0,3.5005270242691,87.7496801614761,90.6987502276897,113.448917686939,669.231792151928,0.522627592086792,16.3799476325512,371.273757070303,342.771208196878,21.4200654327869,39.7098441123962,0,0,4.5643253326416,13.7585313916206,310.862973183393
