0,0,272.984052836895,1.4229519367218,3.58603468537331,40.7794110178947,9360.36965614557,1498.15092727542,1.29351270198822,84.8853249251842,8.95630365610123,1.93323814868927,4.51499137282372,7978.88369685411,7.91845595836639,0,661.91418632865,6.63424509763718,26.0870855152607,1.81348344683647,624.692260861397,0,2773.78950452805,0,0,271.516604036093,128.853600651026,38.1612900495529,13411.1835274398,18160.7705660462,0,0.415738075971603,29.4233741760254,136.039558708668,17.4848245978355,224.728902280331,84.3889711201191,183.49580347538,72.9951246380806,7.34405860304832,6.08805865049362,0.666901588439941,1.58891904354095,0.852248787879944,0,0,0,0,0,0,0,1.32168182730675,0,0,0,1.39003765583038,0,0,0,0,0,0,0,1.92801237106323,1.35371363162994,0,0,0,0,1.48229169845581,0,1.95712769031525,10.5459161996841,0,0.990761131048203,31.2633846998215,1.82966408133507,0,0,0,0,0,1.754918217659,0.891984939575195
0,0,24.1881735622883,9.36901476979256,3.20517444610596,8.53469476103783,4.03905859589577,10.1650620102882,1108.88716828823,17.4121819138527,145.266792118549,35.6821651160717,2268.13853374124,4.90623509883881,95.6216489672661,261.321862131357,43.1446513533592,2.51378560066223,16.9237468242645,4.37079972028732,87.5940691530704,6397.22416394949,83.8505391180515,2212.24875709414,4533.94153556228,211.176738679409,9589.18333257735,99.7704822123051,1.25485599040985,1.02598986029625,22.4563641548157,0.849377393722534,0,107.663574069738,4.40404522418976,94.1101227104664,96.6912052929401,54.1713874042034,55.6337874829769,120.075641602278,4.91018116474152,299.228506147861,119.169319152832,260.215890258551,41.7769325971603,66.9437626302242,4.06666404008865,0,72.3962044119835,0,987.385195374489,12.4430509209633,1.81047362089157,0,2.47156262397766,0.938921064138412,0,72.1292281746864,3.24810290336609,102.125637769699,0.399525493383408,392.905423521996,2.34811973571777,0,90.5312699377537,89.6493664085865,4.26702603697777,20.7938901185989,0,26.1641167402267,200.260919541121,45.6068294048309,171.907590091228,278.515294909477,206.704311788082,4226.46706727147,10.4523600041866,0.977932751178741,2.34292542934418,30.2049181461334,0,0,48.7472038269043,7.09173440933228
272.984052836895,24.1881735622883,0,0,27.608793258667,37.7156194150448,1505.27932021022,598.954930722713,13.2563034892082,31.1269274652004,13.4894509017467,3.48586887121201,134.964715480804,1066.26537561417,65.3385691642761,7.24201795458794,13171.4386951625,29.2138085365295,316.652530014515,0.519003450870514,2389.35842466354,38.2954286932945,50328.047947377,35.8000637590885,0.388662785291672,18024.7573079765,36414.7661698312,1421.44409292936,293.510096997023,2502.83102357388,0.484756141901016,1.46317934989929,27.400293469429,1426.74840459228,337.734346061945,8134.23086366057,8446.25051566958,3854.72497680783,1988.58030441403,65.5688542723656,69.2808451354504,6.48005586862564,693.089985787868,475.236726492643,192.64158052206,309.418859124184,13.0163261890411,0,1.28381383419037,3.36516058444977,59.3793388903141,1114.57483267784,0,11.0085110664368,0,115.238434627652,8.83327901363373,15.270597755909,0,0.607540190219879,0,0,25.7088445872068,11.7564724683762,91.8033536374569,513.198167264462,1.07827618718147,49.6274744272232,0,46.6498652100563,47.7086510360241,793.249206185341,86.4882795810699,0.867176055908203,1107.32319501042,15810.2682271302,59.3765644431114,0,47.9672054052353,0,0,0,36.6414175927639,149.247874498367
1.4229519367218,9.36901476979256,0,0,30.90980681777,271.053925484419,248.466619521379,299.587201029062,1340.11017206311,2757.86435317993,18.0818360745907,9387.59864622355,44.0026489198208,138.423732370138,383.897053956985,0,2.92602497339249,5.00053268671036,7.5444096326828,15782.5383733213,0.679400026798248,21.3705874681473,2.20461094379425,2028.8218228519,3.79923075437546,1.95728754997253,13.2756573855877,10846.6524085999,34.6392262578011,3.52068343758583,0,2.76729229092598,0.600948393344879,38.8095145523548,9.52340963482857,593.348193109035,13.7783517837524,108.870434820652,20.1094518005848,1324.61481562257,9.3679273724556,7.27575749158859,111.910740047693,1.07187369465828,50.3947953879833,2.24800956249237,384.646344542503,0,0,0,0,0,1128.18778946996,37.8507347106934,326.202076941729,254.183924645185,69.2476907074451,232.471742153168,1610.98291540146,0,860.024906605482,0.889129459857941,12.0279738306999,114.065110474825,4.01757752895355,0,0,0,272.969860583544,0.448839455842972,2.99934494495392,0,1149.35841432214,0,0,0,1173.66210076213,6.97694218158722,1.62439823150635,0,1.18638706207275,3.41604745388031,24.6987735629082,0
3.58603468537331,3.20517444610596,27.608793258667,30.90980681777,0,4301.76620152593,198.73494681716,313.966466277838,222.890590965748,108.511295497417,56.3123225271702,602.440586030483,72.1053660213947,24.0087647140026,4557.82480114698,11.3406580686569,21.5058398246765,15.432044506073,24.1442406773567,25.9993889331818,516.706677228212,22.1729325950146,883.078036248684,179.837759166956,7.96854093670845,42.1809778809547,203.467226922512,246.348427176476,11.1155193448067,175.73299908638,1.17084729671478,175.454439371824,3.47921884059906,3308.43075338006,5308.27530768514,1998.21019512415,212.011886179447,318.495530635118,545.086136460304,32210.9531380534,10087.2220588923,16.4340690672398,86.0507436990738,141.523676335812,42.0875862240791,610.976196289062,32.206741720438,5.82435661554337,0,0,0,36.4742617607117,12.6286518275738,14.249788403511,24.1618646085262,32.4340651333332,8.89240926504135,9.53868332505226,62.6508087515831,6.82505160570145,26.0223403871059,0,5.00303035974503,12.72257822752,17.1830704808235,17.2344499826431,15.7423191070557,19.8777543902397,7.00473949313164,41.2908189296722,1.684889793396,164.891414403915,59.8853186368942,0,62.7901811599731,180.8156273067,65.5580787062645,3.29960876703262,15.5315926074982,1.21068555116653,0,0,32.7339817583561,4416.48529735208
40.7794110178947,8.53469476103783,37.7156194150448,271.053925484419,4301.76620152593,0,7444.77230972052,24580.6970503032,437.465345144272,31626.5760324299,611.21326598525,10062.7894585729,332.432607710361,2293.41405752301,4117.65727996826,2.03033852577209,71.4703127741814,241.441581487656,274.021498590708,308.692632108927,86.681994497776,10.890439927578,155.823566854,429.174235016108,26.706256121397,239.918065696955,110.531337589025,1169.03286850452,314.747678518295,424.705276846886,5.66934847831726,146.126727342606,17.776219278574,816.790275454521,11245.9960311353,7324.81854897738,271.343977868557,1658.54511150718,556.512058675289,11849.2634446323,1896.49035412073,179.383990883827,354.268346935511,37.8381410241127,246.210076779127,109.717934042215,528.315622776747,45.9121737480164,18.177821457386,0,0.870567858219147,0.526705920696259,280.329354852438,42.837601006031,305.048559993505,258.450190514326,170.531227216125,74.4943334162235,1384.23023077846,0.713546216487885,297.756909132004,0,78.9057891666889,101.63020029664,22.0771820247173,0,1.80932998657227,0,121.546933144331,6.06370207667351,3.29268789291382,4.35989630222321,1084.93591979146,0.783254384994507,2.14786219596863,12.0105875432491,1063.13092410564,36.0168168544769,0,1.59899574518204,11.010597974062,4.98227781057358,217.445910304785,599.471623539925
9360.36965614557,4.03905859589577,1505.27932021022,248.466619521379,198.73494681716,7444.77230972052,0,26645.1660369337,989.856017112732,23459.5231968164,1164.75421109796,571.999098002911,858.493683487177,41320.6550306678,1108.80076611042,53.8192566335201,496.210260152817,462.262831121683,966.927908837795,233.575504809618,4207.08632826805,15.2746704816818,3166.62463486195,3010.33498960733,41.0409060716629,636.994777917862,934.34963645041,44802.8730956316,6752.45563545823,19714.1486729383,8.29907163977623,151.986378550529,697.731533586979,2935.37573847175,1765.0521903038,24557.8900465667,1135.58644258976,7588.53000327945,2358.42776614428,2306.09764266014,601.386267870665,265.809862911701,1657.84846141934,42.4680455625057,1038.5575120151,194.700870513916,468.15936216712,128.623065590858,12.3454064130783,1.67229080200195,3.53519701957703,16.8323375880718,464.398864626884,55.9501109719276,174.074495822191,1178.62112259865,665.428308427334,374.199954301119,1494.2224535048,0,196.169259101152,1.77512535452843,566.234766870737,144.106684803963,415.820473432541,0,0,0,158.591283023357,122.40191039443,70.4288590848446,133.337451219559,7772.20845472813,0,0,320.280642837286,5269.28018677235,243.350139260292,8.42231628298759,4.35315135121346,1.87708419561386,8.51414227485657,681.276991069317,146.639720648527
1498.15092727542,10.1650620102882,598.954930722713,299.587201029062,313.966466277838,24580.6970503032,26645.1660369337,0,274.135331332684,14695.4726498574,3921.23511508107,3165.38449651003,697.730165526271,26177.6039265394,633.418743342161,10.5803540945053,860.069308966398,2013.26688876748,1932.01504921913,458.681927621365,1210.72050949931,14.2315373420715,3344.2959190011,944.766363233328,46.3006074428558,1450.0716625452,691.671691805124,3171.36243882775,1466.1529148519,9327.60416471958,26.7830071747303,154.870257407427,88.4327496886253,2084.66356554627,399.304543077946,9546.22722646594,805.828081339598,2880.01924209297,1047.12502259016,5236.46258747578,620.816320091486,373.871465235949,743.878145962954,78.5283724963665,471.938136339188,259.578937441111,364.800981044769,73.9346305429935,41.4334080219269,0,4.78904408216476,11.6588077843189,72.0861988961697,13.6729806661606,127.087814003229,465.354026317596,137.94646307826,119.810250550508,290.976503878832,12.3201170563698,79.3635310232639,7.83672642707825,72.558197170496,65.2315852046013,61.1492457091808,2.51428839564323,6.06314206123352,4.49875956773758,20.6238018274307,8.98906856775284,3.65656843781471,12.9941125810146,3695.96464055777,0.447365045547485,22.3818398714066,102.45135357976,1950.71929702163,22.3507371544838,3.10570374131203,5.77361169457436,14.880101531744,0,397.544512212276,49.4659752547741
1.29351270198822,1108.88716828823,13.2563034892082,1340.11017206311,222.890590965748,437.465345144272,989.856017112732,274.135331332684,0,3234.89735281467,25.3278590738773,3792.36826732755,257.191279530525,81.4262163639069,4208.01935476065,80.3321099281311,42.034842133522,10.8512653112411,9.91305503249168,496.063449531794,88.3925177752972,9308.24349996448,49.3072601258755,28766.53904742,627.143209934235,44.2538064718246,4786.37128920853,5850.9448634088,19.4696952700615,2.68576520681381,6.21360442042351,8.70189267396927,1.07075726985931,58.4455270469189,6.46144497394562,976.044100850821,77.4624145627022,119.372830867767,66.2659814655781,3072.48661091924,12.8599081039429,33.572530657053,454.291967689991,41.1126647591591,129.005940020084,61.7122621536255,324.187664121389,18.5947005748749,8.64171808958054,1.48844623565674,17.7914401292801,5.29070961475372,1330.2076535821,26.827420681715,238.766580969095,142.545791655779,160.346184045076,3730.54735922813,2589.67932656407,44.2007869184017,800.914875388145,21.6025267839432,102.455190956593,131.423067092896,1743.44438114762,5.73644196987152,27.7957808673382,15.8199947476387,386.491753816605,495.076032608747,1311.55283883214,569.755970686674,7699.877784729,6.6448609828949,52.3160679340363,309.964273750782,2370.36725822091,63.8345791995525,15.399833381176,1.08261144161224,7.98865383863449,2.11835956573486,93.0505302548409,40.377683699131
84.8853249251842,17.4121819138527,31.1269274652004,2757.86435317993,108.511295497417,31626.5760324299,23459.5231968164,14695.4726498574,3234.89735281467,0,731.601866558194,7157.49298602343,425.023226559162,6577.56450197101,724.521151423454,0.968517482280731,152.014775067568,269.494920939207,492.040473014116,8647.54301041365,53.6529552936554,43.8069380223751,126.102502465248,1811.08200025558,29.3028021156788,347.466379493475,153.713883459568,9943.30838266015,1238.39250814915,250.780056804419,9.32061606645584,74.3713595271111,14.230349957943,1363.8467206955,376.269410222769,10862.8484289348,286.856560051441,2680.2674575448,522.660242766142,2963.21959111094,169.937257498503,173.655222803354,922.445309787989,14.9881002604961,442.57128188014,77.3239817023277,2111.21907788515,21.1480752527714,5.153434664011,1.28857982158661,0,0,2285.74294024706,136.062904119492,1287.14123243093,2141.96502268314,571.69910249114,819.650028675795,6215.91423714161,0,1610.44661644101,0,132.134818464518,538.414339095354,31.2639212608337,0,0,0,926.085090190172,4.36033546924591,9.5140323638916,5.70415437221527,7933.69765132666,0,0,2.5521192252636,8190.31554657221,50.6582987010479,1.51668405532837,1.1182744204998,3.11761659383774,4.62586987018585,240.436530351639,16.2103116214275
8.95630365610123,145.266792118549,13.4894509017467,18.0818360745907,56.3123225271702,611.21326598525,1164.75421109796,3921.23511508107,25.3278590738773,731.601866558194,0,225.74962028861,10991.3025967777,3649.53852841258,32.9143625795841,3.73362308740616,341.865790784359,9901.65396791697,765.478231459856,36.990868344903,79.3742797076702,18.9024706184864,178.370911926031,102.737584024668,850.771461635828,3592.93315804005,316.97642031312,292.751676082611,857.470627695322,269.101029664278,443.939813733101,4067.35131418705,8.70190450549126,14236.507966876,62.4167728722095,1189.8782556653,7532.04957124591,7990.8804268539,1077.25741690397,140.489966213703,153.423055529594,4949.00780075788,79.301555454731,1266.14579880238,108.469070404768,49.6208133399487,26.5125008523464,9.93247264623642,352.540490120649,0,214.012691795826,0,0,2.65282565355301,1.50904285907745,1.16734850406647,9.18497037887573,29.20640578866,0,1423.82594162226,1.50828382372856,4111.5328015089,7.81364005804062,3.5625507235527,13.4600095152855,0,42.3301499783993,28.9307365715504,0,2.11960539221764,108.613204151392,4.65443006157875,37.7918293178082,690.530949622393,1341.42189651728,1113.0878739357,4.07652971148491,3.23797026276588,0,959.129439324141,5.00611710548401,0,333.301423072815,21.3400244414806
1.93323814868927,35.6821651160717,3.48586887121201,9387.59864622355,602.440586030483,10062.7894585729,571.999098002911,3165.38449651003,3792.36826732755,7157.49298602343,225.74962028861,0,132.611235767603,602.253870904446,9446.45359113812,0,24.1395089626312,81.5068885982037,102.804657518864,10671.8994631171,9.57135826349258,168.550217539072,13.9804581403732,2636.0816718936,11.2407198548317,74.6404792666435,94.7369827330112,4310.34510967135,52.2544677555561,19.9673622250557,1.73125702142715,31.6885423064232,0.354265004396439,308.205757915974,15882.118791759,1853.99275779724,74.5616428554058,490.000188320875,139.860553979874,7634.43648675084,48.4057019650936,58.7457393407822,386.999030560255,8.91165435314178,101.928780585527,44.6145386099815,983.475002169609,6.90935954451561,6.45120310783386,0,0,1.19099706411362,1161.32508736849,82.7145982682705,734.401906758547,276.312892138958,221.713744163513,279.493313550949,3588.58123791218,3.46614918112755,1745.74772441387,1.28635513782501,74.609348744154,246.322260320187,30.6304127573967,0,0.332052826881409,0.338460057973862,447.909282565117,8.75823348760605,4.26548022031784,10.1141204833984,1143.79646357894,0,0.393962323665619,5.63761088252068,1574.05608013272,29.8278818428516,0,0,9.34762611985207,0,99.9270630776882,1064.24338033795
4.51499137282372,2268.13853374124,134.964715480804,44.0026489198208,72.1053660213947,332.432607710361,858.493683487177,697.730165526271,257.191279530525,425.023226559162,10991.3025967777,132.611235767603,0,213.542012631893,76.1856614947319,63.4278788566589,110.536693155766,135.528690040112,138.197608083487,24.692937284708,431.864864945412,640.408674091101,833.898361176252,682.231835216284,8642.3528868258,381.642118513584,2145.47440814972,1014.58935964108,69.1847490668297,324.692587792873,579.992104202509,195.555548071861,7.82781794667244,3920.65258526802,374.231369823217,3697.57634308934,5679.06916850805,3773.87295141816,5994.11127516627,1321.98182883859,422.323664277792,8017.34207868576,705.81967523694,5235.1600189805,488.39209151268,384.702971726656,830.238001286983,52.4638718366623,1801.19912818074,0.405543923377991,634.447608679533,28.5634954273701,6.48821419477463,16.1544260978699,75.9601749777794,42.2851030826569,100.777478396893,92.4127464294434,42.0347389876842,4417.87141671777,15.3576716780663,12270.6939754784,53.3109297156334,30.3361946344376,162.53790768981,16.461357831955,55.2474289834499,65.84425316751,2.11992198228836,64.2101236581802,312.776734769344,160.777893692255,340.069666773081,3056.32826456428,2297.91657686234,3129.9197704494,154.378400653601,29.3373683094978,8.95002087950706,1838.54271361232,33.097424685955,0,1411.27362805605,188.983314365149
7978.88369685411,4.90623509883881,1066.26537561417,138.423732370138,24.0087647140026,2293.41405752301,41320.6550306678,26177.6039265394,81.4262163639069,6577.56450197101,3649.53852841258,602.253870904446,213.542012631893,0,119.503850787878,6.75649243593216,3571.0614502728,2112.61145317554,3251.70602637529,244.726563453674,2719.5180452764,2.57655131816864,9987.21561014652,361.67685046792,16.2399111390114,2427.440438658,1202.08972248435,1383.98251765966,25776.2454229593,20538.2085084319,21.9480088353157,580.583757787943,217.624496310949,3449.5468390733,115.263141304255,2568.86448445916,588.662085473537,2152.54006639123,574.029039680958,255.136323839426,126.906191974878,92.0240249633789,248.365223258734,18.640847414732,105.183823943138,55.6884704232216,102.307485431433,8.90159380435944,8.944415807724,0,6.95770013332367,4.27981150150299,2.99384263157845,6.78359887003899,28.2349637150764,146.225548148155,18.7731873691082,43.2987228631973,21.6121150553226,2.05709493160248,9.62839311361313,2.17133688926697,6.03549647331238,11.1305051743984,35.3857509195805,3.70868211984634,1.9260880947113,3.95843827724457,3.83032584190369,2.01171496510506,2.12198752164841,5.32650765776634,1418.19185888767,0,33.0510582923889,156.593766182661,683.23343527317,3.47995400428772,0,3.55418571829796,5.66729629039764,0,70.7481383681297,11.3597990870476
7.91845595836639,95.6216489672661,65.3385691642761,383.897053956985,4557.82480114698,4117.65727996826,1108.80076611042,633.418743342161,4208.01935476065,724.521151423454,32.9143625795841,9446.45359113812,76.1856614947319,119.503850787878,0,30.5543664097786,47.3236245512962,40.1497653126717,51.1959711611271,362.89023411274,1032.83499601483,342.974344044924,1282.7169457972,2401.86882054806,37.7728640437126,67.5449022352695,563.750372648239,1737.02640771866,64.3330502808094,690.111373245716,0,40.6464297473431,4.28118965029716,108.739391714334,9674.08439183235,1148.42616599798,390.795169591904,570.233483850956,677.351481050253,22352.4493320584,148.566584855318,25.8521808981895,184.778839081526,76.8362220823765,52.6819936335087,244.562376379967,152.863796412945,0.781377017498016,3.79800808429718,0,3.58255648612976,12.5414893627167,94.2859615981579,20.5862201452255,104.81865671277,67.0776246488094,51.1686297208071,29.3658996522427,440.558013409376,2.08536511659622,128.824156820774,0.421373069286346,25.0286811292171,38.752807199955,66.1699095666409,2.58391976356506,7.44658035039902,13.4529926776886,45.1772103011608,52.531458824873,29.332822561264,109.847248017788,261.940856486559,0,34.9642540812492,110.727642774582,237.815399974585,11.9446437358856,10.6502700150013,0,6.40914323925972,0,60.4213899970055,2999.85673454404
0,261.321862131357,7.24201795458794,0,11.3406580686569,2.03033852577209,53.8192566335201,10.5803540945053,80.3321099281311,0.968517482280731,3.73362308740616,0,63.4278788566589,6.75649243593216,30.5543664097786,0,21.654455691576,1.92848798632622,4.21597498655319,0,13936.6193734705,2476.73748284578,5684.03271156549,1135.95929628611,29.7934280335903,21.2196408808231,7674.80734395981,2799.09802603722,4.44976153969765,11.368905633688,0,2.37839668989182,0,58.1413879692554,133.887888163328,1456.62100052834,967.227853804827,326.843362599611,284.257830381393,20.3798757195473,11.7732263803482,20.2208468317986,528.224683016539,50.2634431123734,102.857554972172,87.4173368811607,116.016776323318,10.2970273196697,0.468748927116394,0,12.367308229208,39.8533184826374,0.463029086589813,5.11687350273132,3.84001299738884,78.708479821682,8.40630328655243,202.34658074379,3.1734607219696,1.068219602108,2.18355011940002,0.511979579925537,14.8516727387905,21.3112608194351,8514.52596965432,13.0982716679573,0,2.48768538236618,0,1049.74495786428,1136.4475363791,5910.47721248865,1290.52581903338,0,12.4883364439011,4491.27045151591,292.557899415493,1.90969708561897,99.5527312755585,0,0,2.49500393867493,33.3040052950382,54.8407426476479
661.91418632865,43.1446513533592,13171.4386951625,2.92602497339249,21.5058398246765,71.4703127741814,496.210260152817,860.069308966398,42.034842133522,152.014775067568,341.865790784359,24.1395089626312,110.536693155766,3571.0614502728,47.3236245512962,21.654455691576,0,1147.05996137857,6714.45590373874,8.20510512590408,707.475978314877,74.2688293159008,15169.1689168513,73.6727334856987,2.59521877765656,12340.4864572585,19149.0751934946,265.874646902084,2684.68340811133,1991.75061383843,0.656322777271271,49.6298680007458,321.312406480312,7720.84196975827,266.615252047777,5706.21621409059,6551.67729473114,3515.03121137619,2112.65148299932,90.6078788042068,76.8031294643879,10.2929607629776,239.125782102346,192.679521858692,59.8813004791737,109.90286976099,1.41857075691223,1.97755873203278,0.97538948059082,0,73.7809276282787,297.579503595829,0,4.0342024564743,0,6.72256699204445,0,15.1895371079445,0,0,0,0,0,2.1181498169899,25.2667392492294,205.76871073246,0,31.8308177888393,0,6.39415016770363,29.518590092659,77.6462048590183,27.2758312225342,0,742.711511224508,5327.08791622519,5.30931127071381,0,4.2127351462841,0,0,0,15.1432341337204,114.308438122272
6.63424509763718,2.51378560066223,29.2138085365295,5.00053268671036,15.432044506073,241.441581487656,462.262831121683,2013.26688876748,10.8512653112411,269.494920939207,9901.65396791697,81.5068885982037,135.528690040112,2112.61145317554,40.1497653126717,1.92848798632622,1147.05996137857,0,5379.22756838799,12.6410839557648,97.9488786160946,1.97805511951447,193.314603894949,33.2822771072388,2.90545684099197,2729.2969044745,1482.80224084854,88.4897004067898,579.487618356943,189.020085185766,7.9721662402153,1218.61435130239,15.9972464442253,3013.67909041047,121.964883029461,2331.3028408885,7886.71672287583,6120.95751839876,2790.95362299681,79.1220052242279,142.174590349197,28.2551764845848,59.5466927886009,43.7433891892433,16.4438906311989,28.9720254540443,3.55978322029114,5.22378587722778,4.18464303016663,0,6.68717548251152,3.40093791484833,0,10.204020857811,0,0,0,0,0,35.4292856454849,0,66.011548101902,0,1.41254830360413,0,0.595875859260559,16.4742975533009,26.7377862632275,0,0,1.74345505237579,0.612409472465515,0,8.91082286834717,460.869295299053,455.851105004549,0,0.520741939544678,0,54.4784861207008,0,0,5.60551655292511,70.9880659580231
26.0870855152607,16.9237468242645,316.652530014515,7.5444096326828,24.1442406773567,274.021498590708,966.927908837795,1932.01504921913,9.91305503249168,492.040473014116,765.478231459856,102.804657518864,138.197608083487,3251.70602637529,51.1959711611271,4.21597498655319,6714.45590373874,5379.22756838799,0,21.4509503245354,335.7366117239,10.3982101082802,995.822167545557,46.2808075249195,15.2879010438919,6018.05936479568,2721.79649820924,207.942390114069,1114.81277674437,528.648610830307,0.499630868434906,777.862406998873,48.6076609492302,9076.50841909647,189.590383648872,4155.33776012063,6012.02952435613,6248.78002640605,3492.06483286619,96.4049916863441,156.228865504265,12.8692761957645,79.4735041856766,44.5473398566246,42.2025870084763,50.8666332960129,4.08728063106537,4.61316746473312,0,0,22.409908413887,17.2855005264282,0,7.59248554706573,0,0,1.21608638763428,3.49038022756577,0,1.66397714614868,0,9.67103391885757,0,0,0.850652575492859,20.553018450737,19.4290335178375,49.0701013505459,0,0,1.55085456371307,3.44366490840912,0,16.8205415904522,948.104875534773,1289.39863246679,0.850258231163025,1.292316198349,0,17.6812734603882,0,0,4.79940903186798,105.317443668842
1.81348344683647,4.37079972028732,0.519003450870514,15782.5383733213,25.9993889331818,308.692632108927,233.575504809618,458.681927621365,496.063449531794,8647.54301041365,36.990868344903,10671.8994631171,24.692937284708,244.726563453674,362.89023411274,0,8.20510512590408,12.6410839557648,21.4509503245354,0,0,14.7944716215134,4.72176259756088,760.769910275936,4.57289171218872,10.3311026394367,16.6289772093296,2308.27991005778,27.5602855086327,8.05590280890465,0,3.61357721686363,0,64.811582505703,8.11352929472923,490.629044771194,14.4386061429977,122.684142053127,29.4301891624928,721.602596580982,5.87734061479568,9.56778314709663,69.8052600026131,4.125154286623,29.1934812068939,4.72884488105774,237.799510508776,1.34577333927155,0.669650793075562,2.71399760246277,0,0.292488813400269,896.276769042015,22.4571553468704,137.494870007038,138.819191932678,68.8953131437302,193.145674973726,828.286013305187,0,715.717486172915,0,12.2357576787472,76.9565868675709,1.24891576170921,0,0,0,119.402946710587,0,2.78721082210541,0.3798648416996,816.061549723148,0,0,0.491646409034729,730.573244720697,4.96602284908295,0,0,2.24104309082031,0,19.4602883756161,0.901244819164276
624.692260861397,87.5940691530704,2389.35842466354,0.679400026798248,516.706677228212,86.681994497776,4207.08632826805,1210.72050949931,88.3925177752972,53.6529552936554,79.3742797076702,9.57135826349258,431.864864945412,2719.5180452764,1032.83499601483,13936.6193734705,707.475978314877,97.9488786160946,335.7366117239,0,0,696.383481800556,57926.0659821033,288.534280091524,24.0438405573368,391.23326086998,6779.03982369602,7082.33169424534,1492.18076893687,42016.6247532964,1.79609251022339,26.5282578766346,306.034995079041,9875.93785265088,3517.24212884903,25742.7642455697,6503.13454768062,12969.8851689398,8223.08328288794,458.194000124931,202.7363512218,61.1362125873566,1898.3362865448,159.364845991135,248.472521096468,185.916246235371,374.152807056904,36.2645210325718,4.91224765777588,6.36133843660355,23.6014474928379,67.3598781228065,0,77.8239935040474,16.8812623620033,49.4143233001232,22.9587683677673,347.743782132864,8.33604472875595,4.64662557840347,6.46740525960922,1.28177964687347,19.386668920517,82.2256943881512,5194.39285549521,10.9533313810825,0,0,0,3234.19615629315,801.791511386633,3112.09336328506,3480.43499553204,0.589082181453705,14.9036527872086,1935.88735175133,994.975703507662,25.3690855503082,395.906437546015,1.56730329990387,3.16795566678047,2.22696137428284,132.843121379614,647.956788033247
0,6397.22416394949,38.2954286932945,21.3705874681473,22.1729325950146,10.890439927578,15.2746704816818,14.2315373420715,9308.24349996448,43.8069380223751,18.9024706184864,168.550217539072,640.408674091101,2.57655131816864,342.974344044924,2476.73748284578,74.2688293159008,1.97805511951447,10.3982101082802,14.7944716215134,696.383481800556,0,575.327057033777,13456.7903491855,2547.6521923542,82.1092486679554,14712.5375330746,588.336161017418,4.40869855880737,3.40644684433937,12.3834601342678,0,1.98811930418015,48.5122747421265,5.28718245029449,133.195030152798,129.117863088846,87.9309064745903,60.9864425063133,281.274473369122,5.59762546420097,76.8794246017933,502.648819297552,115.11089682579,95.1456553936005,81.6584087610245,100.861780047417,12.4317770004272,19.5743563175201,0,436.261056572199,24.3483785092831,11.1880003511906,3.42184209823608,8.24405962228775,30.7941789031029,14.6535311043262,547.818133056164,21.0715954899788,18.7162346243858,9.730338960886,92.4746023416519,15.5859376788139,34.7161883711815,4337.20997387171,59.8032525777817,0,12.2778287529945,3.95924425125122,900.547213852406,2485.17474040389,1564.25395175815,2658.29753363132,33.7739081978798,115.444007873535,4750.34924906492,268.896334946156,12.9970022439957,32.5644032359123,8.71456241607666,3.03139901161194,0,42.2154007554054,26.3406525850296
2773.78950452805,83.8505391180515,50328.047947377,2.20461094379425,883.078036248684,155.823566854,3166.62463486195,3344.2959190011,49.3072601258755,126.102502465248,178.370911926031,13.9804581403732,833.898361176252,9987.21561014652,1282.7169457972,5684.03271156549,15169.1689168513,193.314603894949,995.822167545557,4.72176259756088,57926.0659821033,575.327057033777,0,390.31451818347,26.1111516058445,5161.56302571297,27213.0567375869,6129.50541928411,6006.72840258479,20033.581435591,0,26.640281021595,786.287947803736,17540.2314640582,5699.7334548831,51393.6933144629,27001.8173417449,24325.2800935954,20024.5727949142,989.923294126987,401.677912920713,85.9660242497921,1108.29622256756,161.060897618532,210.259283065796,397.533367604017,287.568071573973,16.0781072378159,2.8059686422348,4.71368044614792,46.7652104198933,565.560688585043,0,123.456792533398,8.96402540802956,239.000255778432,42.7776372432709,294.632166206837,7.26811873912811,2.46609860658646,9.21404474973679,1.19404971599579,43.855081230402,59.2052491307259,12460.7021000087,61.7165938317776,1.40949177742004,4.88023656606674,0,2368.54712566733,1036.06822744012,13691.6150712371,1377.05619731545,0,98.8930246531963,13061.9326949418,559.65708309412,8.43727278709412,317.742839634418,0.555455088615417,2.08066260814667,2.36218267679214,113.491672307253,1592.31014290452
0,2212.24875709414,35.8000637590885,2028.8218228519,179.837759166956,429.174235016108,3010.33498960733,944.766363233328,28766.53904742,1811.08200025558,102.737584024668,2636.0816718936,682.231835216284,361.67685046792,2401.86882054806,1135.95929628611,73.6727334856987,33.2822771072388,46.2808075249195,760.769910275936,288.534280091524,13456.7903491855,390.31451818347,0,932.523230582476,88.414973706007,7529.25924782455,18721.4256976247,131.044234454632,36.8970427215099,1.74723917245865,14.7726553678513,26.9398217797279,292.861561328173,200.403780966997,3885.86202448606,383.145625889301,679.972858190536,375.699635952711,2765.77556431293,69.0479426681995,215.556767821312,6952.01223984361,165.034302800894,3054.84537395835,849.747251152992,1056.22978013754,331.455899089575,48.1330354511738,4.25325465202332,46.9913381040096,42.1516992151737,999.039603829384,134.911686986685,322.038312137127,1466.06802141666,1393.30568441749,4908.50964105129,2871.68302714825,108.135419279337,519.966838479042,21.1552692949772,1685.00484871864,426.190342724323,5034.40966823697,11.6111381947994,0.402580410242081,0.919027745723724,350.592800587416,1446.58423486352,1766.6631680429,1176.88430458307,41153.9900811911,10.8712087869644,30.6488581001759,1013.78393661976,10634.2682748437,782.881001681089,87.3966254591942,1.36072015762329,32.0260482728481,15.9998579323292,1686.0254598856,338.769774228334
0,4533.94153556228,0.388662785291672,3.79923075437546,7.96854093670845,26.706256121397,41.0409060716629,46.3006074428558,627.143209934235,29.3028021156788,850.771461635828,11.2407198548317,8642.3528868258,16.2399111390114,37.7728640437126,29.7934280335903,2.59521877765656,2.90545684099197,15.2879010438919,4.57289171218872,24.0438405573368,2547.6521923542,26.1111516058445,932.523230582476,0,176.390987932682,5897.86151120067,86.1697923839092,0.692179381847382,4.44118863344193,189.31029483676,11.5233924388885,0,361.266073644161,3.84203034639359,146.862188130617,445.024006783962,127.342154383659,97.7205853760242,138.01263359189,20.0253542363644,1875.39233028889,54.6235419213772,1268.85303643346,78.493034183979,22.8869218528271,53.4413760006428,3.24495738744736,729.936095178127,0,415.923721671104,0,3.84220734238625,0.425026625394821,4.0997422337532,0.786347508430481,13.5470250248909,47.2679498791695,3.18150135874748,624.985500961542,0.966750204563141,3248.49651020765,8.09017685055733,1.97828713059425,42.4136158823967,0,21.0730590522289,30.6099585592747,0,15.0242192447186,177.653816521168,34.6220662295818,151.775761425495,3503.00430235267,417.922263115644,3916.03202489018,23.6061978936195,3.03959363698959,3.35776048898697,361.147500932217,1.37099993228912,0,620.270799338818,3.26556819677353
271.516604036093,211.176738679409,18024.7573079765,1.95728754997253,42.1809778809547,239.918065696955,636.994777917862,1450.0716625452,44.2538064718246,347.466379493475,3592.93315804005,74.6404792666435,381.642118513584,2427.440438658,67.5449022352695,21.2196408808231,12340.4864572585,2729.2969044745,6018.05936479568,10.3311026394367,391.23326086998,82.1092486679554,5161.56302571297,88.414973706007,176.390987932682,0,31719.4754827917,200.116055458784,903.417781025171,825.095421820879,19.9131352305412,583.297897785902,40.6325713396072,2229.86632579565,283.004890978336,7842.91820952296,25472.9997984469,6655.72682148218,4399.60792931914,112.867183089256,212.2063113451,67.5233033299446,1021.84474000335,1317.40758532286,550.904318541288,642.533127903938,11.6903752684593,15.8678442835808,39.2806500792503,0,663.353249847889,393.279346227646,0,19.2823260426521,1.01112538576126,6.14421793818474,13.1635444164276,64.4302041530609,0,1256.90202662349,0,3390.24804884195,33.1126857697964,2.18300032615662,30.2879247069359,748.145531505346,380.631199032068,804.463693648577,0,7.14582240581512,366.301373809576,111.876362532377,46.8397313058376,612.750564604998,15871.3803501725,24151.5437434316,2.74438297748566,7.57712757587433,0.547712385654449,2124.44395810366,14.6949739456177,0,111.979743361473,195.835361629725
128.853600651026,9589.18333257735,36414.7661698312,13.2756573855877,203.467226922512,110.531337589025,934.34963645041,691.671691805124,4786.37128920853,153.713883459568,316.97642031312,94.7369827330112,2145.47440814972,1202.08972248435,563.750372648239,7674.80734395981,19149.0751934946,1482.80224084854,2721.79649820924,16.6289772093296,6779.03982369602,14712.5375330746,27213.0567375869,7529.25924782455,5897.86151120067,31719.4754827917,0,5036.82938107848,559.773541361094,955.523883864284,190.796668887138,98.7605513930321,66.8041378259659,5101.80137011409,1691.57132568955,30893.7929277271,14820.1508618444,13776.7087411135,10183.9041582644,672.544200241566,352.035235524178,163.663761585951,4862.33464348316,3830.76948413253,2078.00870735943,2675.85729572177,79.2856847047806,36.336567312479,92.3926435709,8.02372062206268,7164.17970988154,3772.05107392371,0,56.4623256027699,7.56749883294106,601.241148784757,104.689331203699,371.304987549782,1.06984442472458,933.867180943489,1.66151970624924,4420.53019630909,188.39773760736,33.7117770910263,6180.61111310124,3596.13001440465,494.547120958567,1629.44540041685,0,481.241369724274,5008.65363913774,7244.24487522244,1348.04066339135,3255.10675001144,27348.3816691488,189416.538966596,436.424247264862,33.6940989643335,150.622394144535,2290.77619567513,10.9900194108486,0.949341088533401,428.594397008419,733.666873425245
38.1612900495529,99.7704822123051,1421.44409292936,10846.6524085999,246.348427176476,1169.03286850452,44802.8730956316,3171.36243882775,5850.9448634088,9943.30838266015,292.751676082611,4310.34510967135,1014.58935964108,1383.98251765966,1737.02640771866,2799.09802603722,265.874646902084,88.4897004067898,207.942390114069,2308.27991005778,7082.33169424534,588.336161017418,6129.50541928411,18721.4256976247,86.1697923839092,200.116055458784,5036.82938107848,0,1049.41903871298,15870.3188276887,0.914388984441757,65.3086955845356,450.877891242504,2150.80064240098,1567.46114674211,20049.1260811985,2329.55932351947,4763.11724975705,2474.51012614369,3209.96424365044,333.029254287481,339.297273546457,5577.9795447588,204.438358873129,2258.21423918009,473.598839998245,1442.07180219889,286.065585315228,25.9775330126286,2.52688467502594,30.0755192637444,59.2645583450794,1825.34449911118,100.768487155437,508.711012780666,2102.30967086554,1057.65745988488,1709.42805987597,3579.75112840533,6.28567898273468,747.405262172222,5.70720586180687,1035.02203395963,405.331554055214,4100.12106746435,5.17889633774757,0,0,922.954771399498,1875.87027740479,678.262257963419,1688.33652955294,22646.0266370177,1.83689093589783,11.8034531474113,1697.45860606432,11654.9930998683,483.383860319853,178.712837457657,0,18.5429071187973,5.99888846278191,1386.47413951159,321.12454366684
13411.1835274398,1.25485599040985,293.510096997023,34.6392262578011,11.1155193448067,314.747678518295,6752.45563545823,1466.1529148519,19.4696952700615,1238.39250814915,857.470627695322,52.2544677555561,69.1847490668297,25776.2454229593,64.3330502808094,4.44976153969765,2684.68340811133,579.487618356943,1114.81277674437,27.5602855086327,1492.18076893687,4.40869855880737,6006.72840258479,131.044234454632,0.692179381847382,903.417781025171,559.773541361094,1049.41903871298,0,10976.6874490082,6.44834733009338,2374.83090901375,7945.32066050172,3253.92481674254,65.4959000945091,974.962831944227,228.760662168264,1402.75372117758,261.064490228891,53.0392672121525,34.3687626719475,11.140890032053,63.2036421597004,2.15278375148773,17.8045783638954,8.22520542144775,10.4582901597023,1.4910249710083,0,0,0,6.14363497495651,1.34783363342285,2.83177435398102,2.80991053581238,14.0547844171524,2.32096123695374,6.03021556138992,0,0,0,1.41995096206665,2.61541295051575,1.3022940158844,25.4751485288143,2.33071076869965,0,0.573687136173248,0,2.57699954509735,1.95511344075203,1.42306965589523,182.066150933504,0,11.6129105389118,79.7007507681847,78.9906589388847,0,0,0,0,1.07358312606812,11.1798800826073,8.26167196035385
18160.7705660462,1.02598986029625,2502.83102357388,3.52068343758583,175.73299908638,424.705276846886,19714.1486729383,9327.60416471958,2.68576520681381,250.780056804419,269.101029664278,19.9673622250557,324.692587792873,20538.2085084319,690.111373245716,11.368905633688,1991.75061383843,189.020085185766,528.648610830307,8.05590280890465,42016.6247532964,3.40644684433937,20033.581435591,36.8970427215099,4.44118863344193,825.095421820879,955.523883864284,15870.3188276887,10976.6874490082,0,4.44842505455017,36.8372581601143,3949.66117343307,12880.8935382664,1643.88270613551,11562.9422519207,1409.17445152998,8201.80668905377,3095.99800410867,355.877080529928,300.222485899925,41.4637767076492,155.62273272872,18.9675236642361,28.3320006728172,36.8718517422676,40.9470231533051,9.34213164448738,2.4912081360817,0.536284565925598,4.87296569347382,26.8193128407001,0,16.5407966971397,0,1.46437659859657,4.7102108001709,6.88275349140167,0,0,0.935727596282959,0,0,5.82767730951309,168.358002185822,0.655072093009949,0,0,0,66.1287069022655,9.6239800453186,75.8490586280823,293.072065651417,0,4.31611710786819,370.092865467072,77.4378853142262,1.71485877037048,6.17177945375443,0.460726320743561,0,0,21.1391862630844,197.906122744083
0,22.4563641548157,0.484756141901016,0,1.17084729671478,5.66934847831726,8.29907163977623,26.7830071747303,6.21360442042351,9.32061606645584,443.939813733101,1.73125702142715,579.992104202509,21.9480088353157,0,0,0.656322777271271,7.9721662402153,0.499630868434906,0,1.79609251022339,12.3834601342678,0,1.74723917245865,189.31029483676,19.9131352305412,190.796668887138,0.914388984441757,6.44834733009338,4.44842505455017,0,17.6516526639462,0,62.6167239546776,1.55697840452194,42.0074410438538,752.444323033094,115.766426682472,39.4669868052006,0.303312510251999,2.89296987652779,28.9658752977848,4.95303642749786,219.204619586468,20.4748394489288,2.46226680278778,0.439835280179977,0,25.1381722390652,0,231.306062757969,0,0,0.763653934001923,0,0,0,17.3728635311127,0,663.733439177275,0,2687.51849934459,0,0,6.04059851169586,0,19.4022497832775,15.2570678591728,0,0,127.98516356945,0,8.31721451878548,429.387249469757,1011.4881914854,1920.40969911218,0,4.3968887925148,0,944.627436310053,0.427143752574921,0,36.4726249277592,0
