0,7.41945063564181e-05,0.00332955119690934,0.000519010390174314,9.95718378309608e-05,0.00440022379877084,0.280707259582014,0.0834550363848044,0.00055074842155239,0.0118002613506665,0.00491071316569991,0.00342279799530362,0.00136627544433124,1.24339737630316,0.000549614874456927,0,0.0087336320280125,6.15303178783059e-05,0.00104441522976574,0.0017434404161818,0.00332263857532291,0.000248434207260936,0.00653847215746864,0.00537582607308279,4.96065611593425e-05,0.0040687327475311,0.00134923527148113,0.0137535721242646,1.05068954089438,0.434270102715785,0.000299177964183838,0.000410718864583984,0.00203668940398398,0.0241042661926731,0.00107427030853795,0.00896099996906388,0.000547160328276843,0.00976920384045885,0.00308640302220488,0.00180898348805954,0.0004725589247998,0.000412034783784464,0.000645993994444013,0,0.000146517035428524,0,0.000459807727980823,0,0,0,0,0,7.31971939712315e-05,0,0,0.000929584435416951,0.0001507972722466,0.000577794908074528,0.000277517210273772,0.000214217712137044,3.39738866802156e-05,0,0,0.000126487313448131,8.41820596378446e-05,0,0,0,0,4.25155786041171e-05,0.000222133792075515,0,0.0028250669033462,0,0,5.26267734937369e-05,0.00347474543690387,0,0.000455920060131669,0,0,0,0.000670331522141516,0.000281815232016757
7.41945063564181e-05,0,0.00494877508781055,0,0,0,0.00214893917209926,0.000380478818012625,0.0949513217514197,0.00033538540076232,0.014003790359651,3.88989995983988e-05,0.122884992888297,9.34699481631814e-05,0.00020654597569187,0.17080916345253,0.00291810425913009,0.0018922220511677,0.00631275295598081,9.30770460434109e-05,0.0182961984468693,0.722674287567037,0.0223905044585522,0.275368708502086,0.285988689915373,0.0455574270472544,2.21273931963813,0.0373383482241889,0.00205045121790044,0.000433988164074033,0.00429483415299864,8.9264598325491e-05,0.000322297822863967,0.00883045803121768,0.00111804901659165,0.0115302480994052,0.0291569344792735,0.0129635774866957,0.00551473424162911,0.000259928540531486,0.000392531400166989,0.0164336896614857,0.0036133903096714,0.0147440539442514,0.00244260662135433,0.00481985055202647,0.000104356150539637,0,3.61077471837103e-05,0,0.284258166069426,0.00290461769711007,0.000107210725602448,0,0,5.40170732853115e-05,9.30041526377055e-05,0.00114389614140186,4.60124072035551e-05,0.00268867856788549,0,0.00937380688457708,0.000161137765537188,0.000149753241451591,0.0130689735103078,0.00390548395165179,0.000451186322387039,0.00309288717182171,0,0.000981356980817231,0.00832093634756992,0.002406206439686,0.00398991047471723,0.0152884016211682,0.0306021465044726,0.647927538109117,0.00214703375180015,0,0,0.00245237786378748,0,0,0.00278259086841522,0.000162249921682954
0.00332955119690934,0.00494877508781055,0,0.000459857956467987,0,0.00109658051204297,0.104531327721699,0.0489676736882745,0.000189908936690391,0.00175946669639529,0.00873271721177308,0.000102199278640717,8.04592401590645e-05,0.0565292462294598,0.00291499798193803,0.0105140243689767,1.14628860280511,0.0197253735097061,0.166966389068818,0.00025591320394668,0.123821037966207,0.00290680686065446,3.61432295400142,0.0308750120520448,0.000507784427236274,4.44646360159629,2.76875801426997,0.0863595513395254,0.0370234242049639,0.115750516887431,9.31594915502518e-05,0.000322420158520832,0.000857838571807578,0.371081942156161,0.0727598042916833,0.517159514731392,0.481310425104399,0.379384362741807,0.37143599040095,0.0138841333662037,0.00405360940739557,0.000404838245714322,0.00962195873183506,0.0112073742560585,0.00358694100004345,0.00887461874869101,0.00124027981889256,0.000348553004159749,0,0,0.0217690757790343,0.0512001001006015,0,0.000731774799696475,5.05615740475654e-05,0.000210353583394259,0,0.00158619459615067,2.6858528143689e-05,0.000422705533509224,0,8.1648700627774e-05,0,0.00183679367093089,0.0152813882734216,0.0175634542501636,0.000151559137598753,0.00410134920441508,0,0.00103319592984467,0.00790527074191465,0.00874152143456142,0.00523716173897527,7.18635911237001e-05,0.1552113169256,1.041546097554,0.00635114869257668,0,0.000303411058824211,9.82062205194677e-05,0,0,0.00428073532368359,0.0451733985336005
0.000519010390174314,0,0.000459857956467987,0,0.000799153559402868,0.0165418818388278,0.0251285152045579,0.0248288547499933,0.102971246136719,0.894829851499811,0.00247034109902682,0.48252015529696,0.000991632091254841,0.00890093700477068,0.00933639105656603,0,0.000252662592480913,7.1778000672847e-05,0.000502981636648923,4.20891843230526,0.00042097825829716,0.000360149198968604,0.000959936927062783,0.528089932648624,4.667213117069e-05,0.000258898152930036,0.000213622038419485,0.870569504899419,0.0119274308464467,0.00380660534210251,0,0.00226277775526866,7.9577872264862e-05,0.0212361796708125,0.00262894069219047,0.0310260325620122,0.00218196288590679,0.0267584533120415,0.00986327896380179,0.019346409944375,0.00452456527427617,0.00195374965320028,0.00515755319551067,0,0.00269612375908831,0.000437133164055541,0.00501096245645358,0.000944731807722107,4.35426267014593e-05,0,0.000292165863753974,0,0.0796439405130726,0.000252037452237084,0.00220659930855016,0.0139237636825539,0.00450966619263556,0.0548804470225454,0.0228462677192379,0.00654497193319288,0.0451242311878592,0,0.00170686479194611,0.00152829205914222,0,0,0,0,0.0285628198037441,4.23358210669607e-05,0.00114447391825582,9.99885002692643e-05,0.0744300656959346,0.000183948537520677,0,0.000253587565823406,0.0644761554157654,0.000489746574202434,0.000457120365326807,0,0,0,0.00388714620421952,0.000110862482672587
9.95718378309608e-05,0,0,0.000799153559402868,0,0.209835159096384,0.00329425849927927,0.029273778256337,0.0463835533415771,0.00635776681947364,0.000173720801133752,0.0447981518416718,5.72350119810403e-05,0.00053130936270079,0.599776776812779,0.00137426192037666,0.000800330277517915,0,0,0.00460125772970524,0.00855437848945576,0.00018951236458087,0.0115031253453256,0.00654747391205821,0,6.71935091780424e-05,0.000961588433111013,0.00559041966199863,0.00219543098337416,0.00490745211728436,0,0.0400017905593125,0.000174898460066796,0.0691231622462347,0.101614188587251,0.0197563793661357,0.00228832491905028,0.00119439059221642,0.00306860006983667,0.612593566343112,0.440768799503024,0,0.000689108895433783,5.80891787747442e-05,0,0.00132698667423105,0,0,0,0,0,0,0.000192347078522682,0,8.19930719971061e-05,0.000196751759176195,0,0.000138140826194212,0,0.000412819956369996,4.1313106595859e-05,0,0,0.000131733890283287,0.000132724600951254,7.19423160018623e-05,5.80386784364879e-05,0,0,0.000800398656063318,0,0.00098923830645916,0.00134043570214385,0,0,0.000858808725735575,0.0014084399672274,0,0.000314792605873823,0,0,0,0.000177269529305011,0.0175896262983292
0.00440022379877084,0,0.00109658051204297,0.0165418818388278,0.209835159096384,0,0.162897320585188,1.41027971461109,0.0326672804158743,2.14025405683069,0.0276344701986111,0.682842167747294,0.0108755825988102,0.100301216896263,0.259404241390245,0.000370482304305971,0.00113038626948326,0.0012268136563653,0.00343343261281992,0.0758933192095096,0.00275234250639868,0.000187148518053055,0.00440774341853848,0.0139447047906526,0.000337865031868711,0.00363374101849675,0.00137207561126875,0.111296556973479,0.0896253092461081,0.0184552771642576,0.000941212812597797,0.00944914471667265,0.000569337708536282,0.079926983923017,1.11640153015766,0.261024471311422,0.0141245777659107,0.0600095750573744,0.0403696153033068,0.8003640326231,0.155908668466094,0.00681749937796215,0.00143806686965069,0.000280714485621258,0.000235711432207167,0.000465108360540092,0.00165516541446784,0.000320669754644245,0.000343229730668798,0,0,0,0.0012803394414222,0.000247377703298152,0.00171190366388571,0.00198208857578587,0.00103581541767737,0.00541538850928138,0.00164930496854837,0.0137991581436903,0.00446336905606022,0,0.000146375990019992,0.000453963435879707,0.000802785100879505,0,0,0,0.00055378605634357,0.000373661096444368,7.1430900131762e-05,0.000124953726809114,0.00776219334241306,0,3.48323471220583e-05,0.000340393937318235,0.00446441431684816,0.000257224746877611,0.000228695477888286,0,0,0,0.000730892200476736,0.0865717627412929
0.280707259582014,0.00214893917209926,0.104531327721699,0.0251285152045579,0.00329425849927927,0.162897320585188,0,1.95219226173511,0.0419034644358752,1.50668232777503,0.0360688171664353,0.0218549429343216,0.010752897770537,3.22120536300924,0.0261726292526304,0.000877768908226773,0.0683227438996235,0.00218907114433242,0.0136384913148624,0.0291253710988964,0.325416093782415,0.00670797523154436,0.380674456546908,0.245583108408685,0.00133955177565112,0.0550170987950408,0.0210905038772574,2.07342050793776,0.551175827280683,1.99989826142856,0.000808196435468003,0.0136592985549545,0.0184161193730799,0.372077120964688,0.0465213241517822,0.345854428994094,0.0498856993004122,0.27178397990086,0.0972463539965081,0.102812240824455,0.0335410455651747,0.0103384014843827,0.0639417503247611,0.00183144385464552,0.0269052947457796,0.00644105997934289,0.0247411869650075,0.00502587185777487,5.04911859362423e-05,0.000531671303113281,0.000723275609825253,0.000407815830731317,0.054082687331646,0.000670523851459101,0.0083823328454153,0.14039627735465,0.0415569213387816,0.0589433494329981,0.0761919349376603,0.0185920870847935,0.0164510051928406,0.000165909109349623,0.0135534358882812,0.00472986444757524,0.00377385079818953,0.000109000475926876,0,0,0.0151385977194659,0.00116917185653712,0.00479470618627743,0.0043373163418921,0.289804089259196,0.000336691261472375,2.53209863377959e-05,0.00202842214040762,0.346021021121318,0.0138659520370927,0.0125844464344395,0,0.000381436533420533,0.00141975527589266,0.0313504810921517,0.0106085690431214
0.0834550363848044,0.000380478818012625,0.0489676736882745,0.0248288547499933,0.029273778256337,1.41027971461109,1.95219226173511,0,0.00860480845026163,1.64942531501616,0.0631867965307762,0.279560469044696,0.026161182607905,2.40804414822648,0.067647517470685,0.000401304117545858,0.0803787094860331,0.00225257579942702,0.0149458041042021,0.132676261024291,0.0668377424092484,0.000273109054190606,0.11165376176659,0.0364250539990834,0.00230736094000068,0.0354575034424139,0.0144660856583893,0.229395403405543,0.382342487752758,0.676193834097524,0.00279495303565989,0.119924139959573,0.0017515799710444,0.176116555695825,0.068353246279834,0.557308079950351,0.0282463157406605,0.149203462451035,0.147247303808034,0.484507877873369,0.103666954148129,0.0283869127921152,0.00558445991846979,0.000768274212344006,0.00117539105528176,0.00056425713410604,0.00282435291843402,0.000325136220121563,0.000619310277213677,6.34675927289724e-05,0.000184587227675825,0,0.00237125504577226,0.000216541015539169,3.20930502485335e-05,0.0131087161131528,0.00185286575805348,0.00810079665788424,0.00468005620888549,0.0405033743829519,0.00329712924148647,0.000508465091733158,0.000863358796084687,0.00124082953111902,0.000756046019714251,0,0,0,0.00136360248178951,0,0.000534550259487808,0.000197595233160258,0.0249350735362674,6.03098717154562e-05,0.000107874831169545,0.00031173832686624,0.0293771436882131,0.00062937367161952,0.00120313942934245,0,0,0.000399076183238298,0.00237205329652751,0.0130109189285823
0.00055074842155239,0.0949513217514197,0.000189908936690391,0.102971246136719,0.0463835533415771,0.0326672804158743,0.0419034644358752,0.00860480845026163,0,0.181587493361854,0.00144170422127813,0.364464098530702,0.0200556250612197,0.00337502091470631,0.293969925599215,0.00101423133110583,4.11813147853017e-05,3.39187035736293e-05,0.000143729663554921,0.181761731940707,0.000850560718278274,0.692415829211466,0.00226653103806105,2.41929215854132,0.0690103722140509,0.00197470916988225,0.13938384797785,0.271929653377017,0.00861684202682636,0.0016023681663522,0.000334632650417387,0.000397231646923095,0.000850581717442572,0.0078320326396844,0.00258993602247326,0.0192152027895705,0.00779957292894214,0.00790523519338648,0.0056443287757525,0.128160861294888,0.00687254128722317,0.0102072867429584,0.0267115760958734,0.00102266536999707,0.00668568916681723,0.00355895748011809,0.0097607271982371,0.0030164589876371,0.00034815286067313,0.00045006292706424,0.00150564111427951,0.000582671964649081,0.0400949985389699,0.000359634400951088,0.00688867576950192,0.0264867153068538,0.0139809497240254,0.321493193578579,0.0226558176256348,0.0375366307635414,0.0122717819615398,0.000667684374792755,0.00439562914217735,0.00206862196081004,0.0167177690266487,0.000519203449758559,0.000217891108021111,8.9484104756713e-05,0.0118459419502854,0.00184770153077772,0.0178813725066176,0.00190579251123226,0.236939092892903,0.000708066972411617,0.000337375742545382,0.00267834652330043,0.15834117989446,0.0069552469102512,0.00828957982721779,8.36699907920808e-05,0.000387375387058556,0,0.0121590219822279,0.00203941021231801
0.0118002613506665,0.00033538540076232,0.00175946669639529,0.894829851499811,0.00635776681947364,2.14025405683069,1.50668232777503,1.64942531501616,0.181587493361854,0,0.103448922802257,0.733348268119433,0.0250248097269432,0.547382333018273,0.0579485503697971,0,0.00382007880996157,0.00419116035136658,0.0181006387200864,1.77533841480524,0.00376008436680232,0.000692165274624318,0.00505104357387597,0.185579242059012,0.00134169857573358,0.0122677433257172,0.00202926535853183,2.13312537878064,0.375801702636887,0.0302238824479829,0.000683175987872109,0.0182662252061541,0.0004955395450816,0.323648690638571,0.0761929977768196,0.363057222175001,0.0283298637955768,0.275730052262729,0.0704498899289959,0.227332972179068,0.035559982804971,0.0131658625083407,0.00495956105709004,0.000297652874224066,0.00246348745846665,0.000195283342173606,0.00648268149300766,0.00097725880427498,0.000380060199312537,8.83212057388723e-05,7.97938819447756e-05,0,0.0380688119100527,0.000339232416212306,0.00162504035824344,0.0171021206246654,0.00656424603973104,0.0841265464693841,0.0248418607472444,0.0170982175998946,0.0421227342873512,2.94006876665801e-05,0.00151706917451802,0.00180274851395591,0.000474783383677706,0,0,0,0.0156826912475938,8.25952701408863e-05,0.00101952618549678,3.73005604825616e-05,0.0764694636589622,0,2.56628071042299e-05,0.000101088519063309,0.067817123276489,0.00104996042703048,0.000160186078827038,0,0,0.000107930565973937,0.00282402179314244,0.0037202400916487
0.00491071316569991,0.014003790359651,0.00873271721177308,0.00247034109902682,0.000173720801133752,0.0276344701986111,0.0360688171664353,0.0631867965307762,0.00144170422127813,0.103448922802257,0,0.0271048914213092,0.945758101176806,0.0623992411011223,0.00477052966105691,0.000516957901099324,0.0325817627011797,0.813292770012252,0.542622339723217,0.0164956253626472,0.0016092854893634,0.0032675248360737,0.00990084945109767,0.0054413610107494,0.0680742149122788,0.689593421296983,0.0703831217868215,0.0188374268230611,0.165834103991414,0.0149029632237832,0.0873367581949222,0.0276224824689336,0.000659394867400527,1.13876517478745,0.0189730797600057,0.17661276245144,0.537693312866241,0.876896789732844,0.202194223721146,0.0213633916339978,0.00779989916357927,0.130321952296112,0.00126620268887973,0.203611155482296,0.0013814911951818,0.0010308934097251,0.00027566734354499,0.000298813731693506,0.0371921580044126,0,0.00148346832084096,8.8958776507169e-05,0,0.00046648871911034,7.16026247356534e-05,0,0,0.00043806344648996,0,0.0460768694461277,0.000222870004812315,0.142577749330787,0.000102734526789934,0.000427235185709119,0.000141350715965435,0,0.000264290295364439,0.000177405859962732,0,0,0.000483307389289349,7.2617727376163e-05,0.000180776829501927,0.00851411015191719,0.0198885781830871,0.039413348832405,0.00019307337935543,0,0,0.0177477512901241,0,0,0.00129495402289879,0.0091070657636612
0.00342279799530362,3.88989995983988e-05,0.000102199278640717,0.48252015529696,0.0447981518416718,0.682842167747294,0.0218549429343216,0.279560469044696,0.364464098530702,0.733348268119433,0.0271048914213092,0,0.00757106631826783,0.0638974266205643,0.300864847214199,0,0.00095539132893066,0.00108253671391772,0.00401600485076134,2.70087391755843,0.000585307752886504,0.000764982575350121,0.000991915317449998,0.157362787649698,0,0.00315069760727912,0.00168645235959671,0.258772869109371,0.0765249842100454,0.00646340555813764,0.000405475968399406,0.00542460546865842,2.77989063814282e-05,0.0782348197560835,1.90287612009342,0.0769929671267037,0.00796716375978938,0.0649419080180864,0.0174302006163253,0.469379286796727,0.0143802002357746,0.00904714581969479,0.00619244403429615,0.000538361582488462,0.000905660702395244,0.00101068194995891,0.00679079225488579,0.00164140523432315,0.000185149447717756,0,4.23482142785341e-05,0.000166793648839906,0.0252465058147728,0.000502481809097946,0.00691367120083033,0.00785605045450578,0.00497860260834454,0.0661071058140963,0.0214031377615788,0.0381766352281055,0.0581228359575668,0,0.00208423334028691,0.0029778449572791,0,0,0,0,0.015489462209501,0.00021067975673163,0.000206239847374767,8.82046988892555e-05,0.0402070046565456,0,0.00010340825641875,0.000627327754944473,0.0313140197333268,0.000715323880080759,0.000566253368661314,0,0,0,0.00422685091906186,0.233753986088053
0.00136627544433124,0.122884992888297,8.04592401590645e-05,0.000991632091254841,5.72350119810403e-05,0.0108755825988102,0.010752897770537,0.026161182607905,0.0200556250612197,0.0250248097269432,0.945758101176806,0.00757106631826783,0,0.0191093339929215,0.00115959884418939,0.000627232340541392,5.17708529939652e-05,0.00224897249848153,0.00162856842839687,0.00562955963360374,0.000479244779931709,0.0333305035063518,0.000942539411281884,0.0286311531165906,0.803703061223394,0.0450132787491271,0.317812909025139,0.00830289734583194,0.0456166224440942,0.00408214084586322,0.238102002518266,0.0126572566723674,3.06797897004634e-05,0.335914396821474,0.0031667077496655,0.0476922813397309,0.443622683642957,0.293222169947755,0.0312836515809258,0.0117512020364173,0.0325561040224808,0.736891885399535,0.000930801622031901,0.805789630310934,0.00434076467705398,0.00131514030712165,0.000120289225806474,0.000108792579136431,0.195906411146647,0.000161688714419603,0.00899110294138484,0,7.58376969594657e-05,0,0.000130723734266579,0,0.000192608839142352,0.000817100571528479,0,0.223901142714785,0.000503137428646624,0.775835637135455,0.00105073357153777,0,0.000710841599266351,0,0.000921044982266751,0.00101837658586082,0,0,0.0013716914723489,0,0.000328217956089496,0.0618298644405888,0.104016842562147,0.225310250164396,0,0.000974377705074194,0,0.0909526250120776,0.00114310670182025,0,0.00647340766611335,0.000754604593260825
1.24339737630316,9.34699481631814e-05,0.0565292462294598,0.00890093700477068,0.00053130936270079,0.100301216896263,3.22120536300924,2.40804414822648,0.00337502091470631,0.547382333018273,0.0623992411011223,0.0638974266205643,0.0191093339929215,0,0.0068190975025836,8.57365654849559e-05,0.120087986390762,0.00338014777311768,0.0174744256852166,0.0534638454831821,0.0717218092945452,0.000264399094436019,0.128110134440707,0.0202842206058468,0.00089638756045908,0.0418140619250918,0.0182180864703214,0.11226070077088,1.86509285493544,2.31346041879703,0.00227582954210503,0.0704845541522084,0.00227957556487413,0.235496051974472,0.00902667611471663,0.0948251030854859,0.0125610792419041,0.0964587248805495,0.0426373874215617,0.0311834867932187,0.0142959439128148,0.00832581762050161,0.00234427491223836,0.000554552385917097,0.00183000642600228,0,0.0010345829487667,0.000175575721094608,9.39884428225161e-05,0,3.37717067583352e-05,0,0.00106048006219545,0,0.000177392120821729,0.00566054286242765,0.000734057114883378,0.00412464583027035,0.00292170028939146,0.00840518363014832,0.00142169659652724,0.000314762939457044,0.000189163528990164,0.000284492208359912,0.000168466463216424,0,0,0,7.58420199248791e-05,0,3.2965852168113e-05,0.000219383994287238,0.0129402485718602,0,0,0.000835901745117381,0.0142116105733744,0.000414976393840208,0.000677624258185536,0,0,0,0.00184791597864646,0.00159768885479543
0.000549614874456927,0.00020654597569187,0.00291499798193803,0.00933639105656603,0.599776776812779,0.259404241390245,0.0261726292526304,0.067647517470685,0.293969925599215,0.0579485503697971,0.00477052966105691,0.300864847214199,0.00115959884418939,0.0068190975025836,0,0.00577936715465681,0.00452260524388992,0.000718442534493148,0.00141432334192088,0.0349289673606385,0.0355744761808384,0.00165587357323797,0.0410601346075174,0.0649523995113329,0.000194354240425796,0.00621912942527635,0.0108375277101803,0.060587002193564,0.012328976131892,0.0266582515632465,0.000182830152786642,0.0140826653795725,0.000536940392950193,0.0136385354107088,0.263397491342417,0.0417560154069495,0.0250076402515856,0.0180705919649723,0.0163589664340716,0.598632889967619,0.0325100681134839,0.00233011039090635,0.00251589413385325,0.00181275835636172,0.00048908522179395,0.00648063287914334,0.000475218865141154,8.90114942974746e-05,0,0,0,0.000482108456675708,0,0,0.000315595867217838,0.00262162483814275,0.00030142808100751,0.00236889099402352,0.000704006908326462,0.00234984259851798,0.00130064634490874,0,0.000222001507201702,0.000296013921299815,0.00109756392537475,0.00107946897295064,0.000112730400846958,0.000278717752672315,0,0.00168954342911883,0.00105521403468114,0.0052512045882869,0.00699942393612488,0,0.00130513680257758,0.00383036924000782,0.0114184106307847,0.000821075026506335,0.00184553168998256,0,0,0.000278437351596355,0.000435809726306707,0.0765610835618278
0,0.17080916345253,0.0105140243689767,0,0.00137426192037666,0.000370482304305971,0.000877768908226773,0.000401304117545858,0.00101423133110583,0,0.000516957901099324,0,0.000627232340541392,8.57365654849559e-05,0.00577936715465681,0,0.00377031018823816,0,0.000488827317728505,0,1.68126838218717,0.267172196427335,1.26526959200027,0.318734699750922,0.00820861111678958,0.00363301921653306,0.84474009426088,0.155828194287451,0.000516317478559762,0.00202159777181363,4.97278227378726e-05,0.000233343838398606,0,0.0260820776739198,0.0647965318803937,0.385620215484159,0.222879720271971,0.0968735871595633,0.070509391083689,0.00986771779908035,0.00185245267232269,0.000411059693893492,0.0227340919532544,0.015826952862437,0.0038050127211331,0.00407388508798458,0.00311971237155449,0.000132915904164224,0,0.000206302591673016,0.0312450688854041,0.0123402557054646,5.82880565054118e-05,8.32756974343658e-05,0.000106963874149561,0.00220763835007806,0.00081287333501263,0.00366637077476261,0.000717064849125311,0.000233334515505255,0.000200691169349968,3.56154834896028e-05,0.000297067637456298,0.00135430429757035,1.16111502859787,0.00101015159779456,8.63879500200451e-05,0.000149646883709431,0.000106983276854992,0.0915000481510659,0.349663961212989,0.42080834782224,0.0979695801241039,0.00031471536818105,0.00241299463342823,0.482425988040084,0.188385211044645,0.000147040631293654,0.00330953220238628,0,0,8.72055555070042e-05,0.00274830247134255,0.0244182951021977
0.0087336320280125,0.00291810425913009,1.14628860280511,0.000252662592480913,0.000800330277517915,0.00113038626948326,0.0683227438996235,0.0803787094860331,4.11813147853017e-05,0.00382007880996157,0.0325817627011797,0.00095539132893066,5.17708529939652e-05,0.120087986390762,0.00452260524388992,0.00377031018823816,0,0.0370387178571437,0.447826211222797,0.000987663704952855,0.235459226937519,0.000908222989559815,0.846140642273621,0.00655381602747479,0.000222428729189306,1.23501691198092,1.3079115747847,0.0821973533998926,0.0920716062327181,0.491162657726875,0.000289882018738374,0.000343393942054749,0.0019842839972358,1.42271642757774,0.0476760003483697,0.263592410500075,0.1705615107452,0.614872064252942,0.293041660449155,0.0116227433308064,0.00316047413748254,0.000301699351085008,0.0027472777366447,0.00154148787375352,8.67394961260557e-05,0.00119544731739137,0.000760088666673034,0,0,0,0.00288038408849052,0.00373057884988966,0,0.000669773550439209,0,0,0.000138357142372906,0,0,0.000110198059945882,0.000100076340154648,8.43844740979224e-05,0,0.00135129531375216,0.00100985941117417,0.000723074965062484,0,8.00392142297924e-05,0,0,0.000594199605008885,0.000395858252538189,0.000518619537598565,0,0.0073750393807346,0.06165073582827,0.000297374042954907,0,0.000175847865359933,0,0,0,0.000342674573424861,0.0204708823971728
6.15303178783059e-05,0.0018922220511677,0.0197253735097061,7.1778000672847e-05,0,0.0012268136563653,0.00218907114433242,0.00225257579942702,3.39187035736293e-05,0.00419116035136658,0.813292770012252,0.00108253671391772,0.00224897249848153,0.00338014777311768,0.000718442534493148,0,0.0370387178571437,0,0.342956251579962,0.000676317440666243,0.000905929035414858,0.000276727658753484,0.00860926984918084,0.000231047160412312,0.000482463203695074,0.39243238018421,0.0840045549280272,0.00111384641724737,0.00803135309851269,0.00415440605966331,0.00824550825824638,0.000397044112312526,0.000141505870978713,0.0788126675098783,0.00595007536594759,0.0453190326979581,0.227195128733983,0.157969558302204,0.0710353280558029,0.00103681737018758,0.000512593976788044,0.000146514754011512,0.000509353557073042,0.00190632535803016,3.9150760362193e-05,0.000122875457188845,4.23027005421817e-05,0,0,0,0.000402752286972464,0.00021114066693306,0,5.27123692750037e-05,0,0,4.6100817443192e-05,0,0,0.000699558931388646,0,0.000846659321948946,0,6.80678142742514e-05,0,0,3.72843080515564e-05,0,0,0,0,0,3.17252197290361e-05,0.000136126380280941,0.00387424216845197,0.0172817954018204,0,0,0,0.000392243499199122,0,0,0,0.00250339944986178
0.00104441522976574,0.00631275295598081,0.166966389068818,0.000502981636648923,0,0.00343343261281992,0.0136384913148624,0.0149458041042021,0.000143729663554921,0.0181006387200864,0.542622339723217,0.00401600485076134,0.00162856842839687,0.0174744256852166,0.00141432334192088,0.000488827317728505,0.447826211222797,0.342956251579962,0,0.0032865284347835,0.0128568467008712,0.000996174533782125,0.096412483826588,0.00144771106167616,0.00160306189302756,1.77148140369308,0.507048757362119,0.00830578027336459,0.0263013760351128,0.0395521534550024,0.00308818064317321,0.00122533674534868,0.000103909973601341,1.13681135957816,0.0544197807621621,0.349942963106022,0.423868987113955,0.771829225645895,0.466949962294711,0.0049323552045279,0.00394582538515178,0.000324703108026951,0.00360341484043756,0.00188697913899187,0,0.001035664231157,0.000814551661036789,0,4.39614186399877e-05,0,0.00361288297956331,0.000316187564446866,0,0.000504161411756158,0,0,0,0.000323799693542183,0,0.000388790308030456,0,0.00134222905049744,0,0.00152492694772755,0.000115540136470735,0.000126739378045499,7.91353519902825e-05,0.000218575106691688,0,0,0,0.000173873794664323,0.000234475895643472,0.000686344052553177,0.00942912630582989,0.0538414882066758,0,0,0.000106627780912518,0.00113749676401739,0,0,0,0.033288489847486
0.0017434404161818,9.30770460434109e-05,0.00025591320394668,4.20891843230526,0.00460125772970524,0.0758933192095096,0.0291253710988964,0.132676261024291,0.181761731940707,1.77533841480524,0.0164956253626472,2.70087391755843,0.00562955963360374,0.0534638454831821,0.0349289673606385,0,0.000987663704952855,0.000676317440666243,0.0032865284347835,0,0.000457099078320175,0.000382014904615611,0.000458326091552555,0.331509430977509,0.000468157943453312,0.00240826388604562,0.000774101945515334,0.861078989540999,0.0684533379489255,0.00394439877191768,0.000175383410433471,0.00323296293281503,3.13095540780723e-05,0.05286495584982,0.00497932225948634,0.0686511315760814,0.00784998063793652,0.0477049608478176,0.0127133706610596,0.0553429534509699,0.00722454083019544,0.00529449333805038,0.00475110687862317,6.85292681778669e-05,0.0011252411597358,0.000370423384579465,0.00621089228919755,0.000533500605106473,0,0,6.74073147319407e-05,0,0.0588977221295193,4.81942147772014e-05,0.00334499300793461,0.00888605929808853,0.0060546857025892,0.0563144074028739,0.0201572149270019,0.00992319104540826,0.0779166134574057,0,0.00095376007845403,0.00237300651573156,0.000298179039348542,0,0,0,0.011794767530593,0,0.000230601572484717,4.65194148216247e-05,0.0571622681813873,6.51440131302774e-05,0,8.27072434737533e-05,0.0421103291649687,0.000391031411124766,0.000258091408160746,0,0,0,0.00297323675077428,0.000631723552463755
0.00332263857532291,0.0182961984468693,0.123821037966207,0.00042097825829716,0.00855437848945576,0.00275234250639868,0.325416093782415,0.0668377424092484,0.000850560718278274,0.00376008436680232,0.0016092854893634,0.000585307752886504,0.000479244779931709,0.0717218092945452,0.0355744761808384,1.68126838218717,0.235459226937519,0.000905929035414858,0.0128568467008712,0.000457099078320175,0,0.0498400554539948,3.43279472779177,0.14266233956951,0.00224991391348471,0.0405947896219228,0.136332935976643,1.24901758085039,0.0494377176559846,2.71409885701649,0,0.00112431226587411,0.001188184748823,1.33720817491361,0.245195609398675,0.929330579043705,0.0941817725121433,0.91149083282147,0.314730582348767,0.0503178516327365,0.010566097757589,0.00159573800871179,0.0143802565435985,0.00218429182622127,0.0013132214088718,0.00190268086897893,0.00170400295686001,9.32463000006079e-05,4.81354736195505e-05,0,0.00287892538083626,0.00242709340677394,5.22844649944603e-05,0.000868599117679507,0.000161860231137365,0.000491566361407384,0.000340816404576927,0.0028040677683653,0.000154006087939486,0.00122200146026319,7.27259614239037e-05,8.20316055568754e-05,0.000403385593409896,0.00377138368822464,0.155526357704869,0.000116718946773112,0,0,0,0.0264085833998895,0.0860563813579836,0.0290855663341007,0.0293150798199222,9.81485641009806e-05,0.000164977057217896,0.0565053091104371,0.05634095676703,0.000177222909507841,0.00263152296041034,0,0,0.000133328408879936,0.000704105742189854,0.0768457155922663
0.000248434207260936,0.722674287567037,0.00290680686065446,0.000360149198968604,0.00018951236458087,0.000187148518053055,0.00670797523154436,0.000273109054190606,0.692415829211466,0.000692165274624318,0.0032675248360737,0.000764982575350121,0.0333305035063518,0.000264399094436019,0.00165587357323797,0.267172196427335,0.000908222989559815,0.000276727658753484,0.000996174533782125,0.000382014904615611,0.0498400554539948,0,0.0454110829251119,1.28824793408996,0.261404664539201,0.00698810598090927,0.683485152534042,0.105755299254848,0.00780961726978464,0.00183011433756,0.000999189863457679,0,0.000476633514261961,0.007884663600218,0.00271007062630781,0.0173204927998468,0.00913228669280576,0.00588588938005442,0.00376047517007174,0.00220856197482592,0.000859439931990057,0.0025387563843059,0.0110977122997933,0.00369003552964054,0.0032415095580367,0.00150801191699705,0.00111434840095064,0.000251061013751477,0,0,0.024711190211838,0.00218118357677619,0.000258254582781255,0,0.000168351336943924,0.00163458336569312,0.000986782995364725,0.0142661401339429,0.000316358206976802,0.0004192814837116,0,0.000984751012390779,0.000708182253266111,0.00015056240356344,0.270041851992413,0.000292604047737107,0,0.000485278778786927,0,0.0434682446418358,0.106061173820278,0.0396326293447082,0.0889609884022621,0.000250179198102534,0.0023523130932955,0.109289261575488,0.132195194181068,0.00207897632383676,0.0079983215863101,3.21832355158925e-05,0,0.00061418036447534,0.00227300490531009,0.0017483284427475
0.00653847215746864,0.0223905044585522,3.61432295400142,0.000959936927062783,0.0115031253453256,0.00440774341853848,0.380674456546908,0.11165376176659,0.00226653103806105,0.00505104357387597,0.00990084945109767,0.000991915317449998,0.000942539411281884,0.128110134440707,0.0410601346075174,1.26526959200027,0.846140642273621,0.00860926984918084,0.096412483826588,0.000458326091552555,3.43279472779177,0.0454110829251119,0,0.219175318232971,0.00247368770324554,0.372293112916979,2.71661146546742,0.710604109426939,0.0876596181525415,0.940451894118988,0.000304587137289628,0.00166655019174808,0.0030432564798801,2.52162698050036,0.619663315662252,2.54835897542508,1.02880710473557,2.4273704487232,1.14379900061908,0.0924455723754053,0.0223710273911865,0.00310453111381021,0.0414738847503744,0.00890590451579848,0.00272356952290486,0.00910688003606091,0.00878526820011174,0.000488783674967319,0,0,0.0139885901549517,0.0407694802171817,0,0.00211973047793421,0.000252972779907957,0.00228512119123715,0.000545995046564132,0.00769253722746959,0.000569733561039969,0.00121512906464284,0.000845417378228128,0,0.000101902960949809,0.0146003344671168,0.590321311496905,0.00262729922864142,0,0.000370824516857803,0,0.0337591639193875,0.126862652590753,0.32096687652399,0.054341185812831,9.90569518616195e-05,0.00639806632660562,0.816396087321595,0.100685877395744,0.000567095861849278,0.00259377014898321,0,0,0.000123449281541139,0.00228483277854958,0.244690628555765
0.00537582607308279,0.275368708502086,0.0308750120520448,0.528089932648624,0.00654747391205821,0.0139447047906526,0.245583108408685,0.0364250539990834,2.41929215854132,0.185579242059012,0.0054413610107494,0.157362787649698,0.0286311531165906,0.0202842206058468,0.0649523995113329,0.318734699750922,0.00655381602747479,0.000231047160412312,0.00144771106167616,0.331509430977509,0.14266233956951,1.28824793408996,0.219175318232971,0,0.142975934124953,0.0109512008439752,0.341737500275414,2.23459168384629,0.125419476341117,0.0935094852319417,0.000575866375102133,0.00346420188150795,0.0134171057049674,0.122456821382128,0.0706761236673109,0.379946569468364,0.101300630036087,0.130926507719351,0.0713790799324643,0.0628681445882014,0.0136871697257528,0.00871085041872171,0.236688109050214,0.0132322442861475,0.0866384539442777,0.0242957480304679,0.0574956909478563,0.0137608330510656,0.00092438828962468,0.00278565324698624,0.0161664004301327,0.00462469892970283,0.170125041678716,0.00237989297298293,0.0330122869412974,0.302034635824907,0.102008670532334,0.530172197147351,0.178099297359213,0.0333562263285825,0.0426130624656446,0.00132797530337252,0.0356427632430189,0.010386654368357,0.372741663746966,0.00126042880088118,3.93353072759509e-05,0.00035414619113794,0.0463683503010977,0.0604675881763588,0.260460353391728,0.0503683809284645,1.4092278867936,0.00438095188569788,0.000602188514388099,0.0783569660606684,1.33495652471385,0.0515355671686302,0.11052769575467,8.71144720649571e-05,0.00229580893965082,0.00812786328004367,0.094344154982555,0.0282238972897817
4.96065611593425e-05,0.285988689915373,0.000507784427236274,4.667213117069e-05,0,0.000337865031868711,0.00133955177565112,0.00230736094000068,0.0690103722140509,0.00134169857573358,0.0680742149122788,0,0.803703061223394,0.00089638756045908,0.000194354240425796,0.00820861111678958,0.000222428729189306,0.000482463203695074,0.00160306189302756,0.000468157943453312,0.00224991391348471,0.261404664539201,0.00247368770324554,0.142975934124953,0,0.0160332855496252,0.423109287276965,0.0135840378739325,0.00253388663839357,0.000585257500412479,0.0065397185973933,0.000594589463462501,0.000134027441982016,0.0293864002072545,0.000260035575236171,0.00472270351933302,0.00945774617585888,0.0330966776706356,0.00201002979354906,0.0008941102798478,0.00547332034757328,0.271623039632476,0.000454033989233851,0.0263551029553305,0.0011925456987635,0.000530790089801073,3.18536080705225e-05,0,0.00578861847387979,0,0.00530080787657231,0,0,0,0,0,0,0.000661748495525509,4.35922208694071e-05,0.023306523801631,3.42543757079989e-05,0.181186895516112,3.88274414612948e-05,0,0.00107198172211947,0,0.000362211005606532,0.000496791099538103,0,0,0.00154761268419969,0.000126988638845325,0.000638027350202322,0.0496673703868674,0.0262621836575466,0.227739193866998,0.000342034718574345,0.000255654359063238,0,0.0259962030347318,0,0,0.000893213930826232,3.68129342482686e-05
0.0040687327475311,0.0455574270472544,4.44646360159629,0.000258898152930036,6.71935091780424e-05,0.00363374101849675,0.0550170987950408,0.0354575034424139,0.00197470916988225,0.0122677433257172,0.689593421296983,0.00315069760727912,0.0450132787491271,0.0418140619250918,0.00621912942527635,0.00363301921653306,1.23501691198092,0.39243238018421,1.77148140369308,0.00240826388604562,0.0405947896219228,0.00698810598090927,0.372293112916979,0.0109512008439752,0.0160332855496252,0,1.57664311113659,0.0282386521144397,0.0477182023947123,0.0680661600337011,0.0286878435348748,0.00222370329178124,0.000802814399497747,0.58242768219968,0.0957357686571122,0.703938365116588,2.13685604750663,0.923650000785066,0.649074512420439,0.0117324327893405,0.006800100582882,0.0050599203702452,0.00941369832189742,0.138785988033805,0.0062787618387387,0.00696955625625497,0.00152054931092733,0,0.00463443857877469,0,0.0435320157696357,0.00453886708574035,0,0.000539632057247966,0,0,6.60966273323894e-05,0.000372210093902945,0,0.0263972683950578,0,0.0843846828609051,0,0.00329619917759901,0.00308318601366631,0.00321227736474338,0.00467052559864519,0.00507428146390401,0,0.000170895372772396,0.00232965043751416,0.00135208217341359,0.000783499507300079,0.0199832354249059,0.285996561425058,1.35364541960115,0.00032383546328251,0.000192543989330739,3.63214274728894e-05,0.0281101194600011,0,0,0.00463511640216114,0.0471114963414891
0.00134923527148113,2.21273931963813,2.76875801426997,0.000213622038419485,0.000961588433111013,0.00137207561126875,0.0210905038772574,0.0144660856583893,0.13938384797785,0.00202926535853183,0.0703831217868215,0.00168645235959671,0.317812909025139,0.0182180864703214,0.0108375277101803,0.84474009426088,1.3079115747847,0.0840045549280272,0.507048757362119,0.000774101945515334,0.136332935976643,0.683485152534042,2.71661146546742,0.341737500275414,0.423109287276965,1.57664311113659,0,0.129017134398853,0.0206993997966043,0.0507873834556423,0.0685964781633534,0.00181886857213551,0.000727262993721247,0.962961526708677,0.348021778281985,2.05668526924018,2.30351524887596,1.4571778042762,1.32039149572935,0.0512501569857609,0.0194291417877074,0.0104703836493393,0.0849634102262228,0.443964801097547,0.0491979060469974,0.0752527469945996,0.0108932932817193,0.00113700209364155,0.0115605752369388,7.05226882747709e-05,1.31153845013722,0.266918391068808,9.89213194880788e-05,0.00234249206213431,0.000241086519983321,0.00140027950914795,0.000573554665349543,0.0051431029346935,0.000478752470929086,0.110853766884025,0.000553780861855537,0.414369140145625,0.000456496720263987,0.00772284473309002,0.461799066298029,0.102100233706273,0.0191376701703442,0.0581343035481524,7.23854332827627e-05,0.015256010360932,0.245121843215036,0.341672459728276,0.0490634525503884,0.18124689834801,1.74775461780886,15.1788988123853,0.078546856079721,0.000319818791429102,0.00100008118323404,0.143610238748959,0,0,0.0560964479749419,0.180537285552995
0.0137535721242646,0.0373383482241889,0.0863595513395254,0.870569504899419,0.00559041966199863,0.111296556973479,2.07342050793776,0.229395403405543,0.271929653377017,2.13312537878064,0.0188374268230611,0.258772869109371,0.00830289734583194,0.11226070077088,0.060587002193564,0.155828194287451,0.0821973533998926,0.00111384641724737,0.00830578027336459,0.861078989540999,1.24901758085039,0.105755299254848,0.710604109426939,2.23459168384629,0.0135840378739325,0.0282386521144397,0.129017134398853,0,0.298704864976312,3.3646753379882,0.000277268506502166,0.0152156060525386,0.0215352873281738,0.469595036756237,0.177167837244539,0.956124511034171,0.126998443152313,0.509091225876574,0.221995916886484,0.142350236026692,0.0455538540523753,0.0135956846556988,0.112917179962019,0.00727655901970993,0.0444413236982495,0.0120037014729342,0.0415588444373973,0.00516372750151214,5.45829553213715e-05,0.000889364319464833,0.00627532208021225,0.00462727474545707,0.110551302881114,0.00181300796630363,0.00869684983159414,0.180272963156547,0.0477663666219152,0.231117732326956,0.115920246069656,0.0231817987229124,0.0330604265433223,0.000137899345133007,0.0144305891390699,0.0100140483313333,0.224441718700326,0.000431974605674625,0,0,0.0333206231316962,0.033711824916165,0.136431780450224,0.0451581825988506,0.643387052435297,0.000700337201088593,0.000388983911316887,0.0944031138289668,0.712631434288385,0.0225854510145349,0.0503353222951177,0,0.000557521207734168,0.00305024018253161,0.0485561794803877,0.04449890044038
