0,0,0.00325126579514307,0.000102283628887695,4.665829949013e-05,0.00509660889343703,1.13832605130275,0.0599794459326043,0.000297211092776895,0.00560337554523842,0.00148190843657901,0.00249173866357968,0,0.890219508422586,0.000108009128090209,7.74023462101218e-05,0.00448042585289218,0.000371305273413041,0.000531236277515149,0.000511391406761175,0.0106269135483424,0.000110777023927229,0.0171376648831499,0.000256297644012806,0,0.00194040487097383,0.00111904666927213,0.00666815097343334,0.552876592647637,0.531116636735892,0,0.00162564596139493,0.00177066153602182,0.0069920561781611,0.000674102150462668,0.0055071933797513,0.000810595042604665,0.00530291504319259,0.000734742925473649,0.00136757191051891,0.00100314469526709,0.000153295979306674,0.000351691809560942,0,0.000104445110535395,0,0.000289056157020188,0,0,0,0,0,4.76344360293388e-05,0,0,0.000307350996057868,0.000326499837943876,0.000100656370498032,0,0.000312565526923737,9.73026260755539e-05,0,0.000169086806556607,3.37120285784781e-05,0,3.32717659681082e-05,0,0,0.000143684625601244,0,4.70106459381879e-05,0.000123930202835572,0.00102323839467674,0,0,0.000125822342056394,0.000253370540179449,8.97923689711929e-05,0,0,0,0,0,0
0,0,0.0283451909874913,0.000428500891128379,0.0018889476129409,0.0012575109368206,0.00100229304083689,0.00053786776971558,0.205143392482144,0.000100565902574092,0.000360583690088457,0.0025295651227024,0.0301067480014995,0.00029557659177005,0.00756491940091409,0.0270655108520189,0.0117960460054446,0.00081463982401143,0.00440189710328003,0.000489999582353371,0.00874641959074083,0.438189533929648,0.0106100939803861,0.197755240809898,0.256688284344903,0.0690905649138782,2.63013481041815,0.0129726959861911,0.00045733386375885,0.000537078882640713,0.00820875056737184,0.000371762674691153,0,0.0118639320670184,0.00148704970596985,0.0363722765610354,0.0251426180612229,0.00950758431333491,0.00568923489398144,0.00908273404216509,0.000510207712323487,0.00467837452081187,0.0208697147190599,0.026091297673233,0.00739843656741983,0.0115831914851301,0.000209909777428937,0.000120153787009442,0.00543443104923163,0.000121869695192886,0.203328067051687,0.015899772836662,0.000307633645522919,0,4.32963017136395e-05,0.00129769464156623,0.000519216182441035,0.00370871342560565,0.000489922700566533,0.0335463853124369,0.000207760025910467,0.0522890406713014,0.000743953529002658,0,0.00322477431898171,0.0159497424196598,0.000100911929424995,0.0103234761053625,0.000463366477441016,0.00139461244404633,0.00832739719624745,0.00595330417124466,0.00637734060190184,0.0134303756136504,0.0868092880780019,0.322425423884256,0.00234319086076587,0.000351135976071626,0.000562719085142544,0.0227108835021475,0.000245101576562154,0,0.00178351856106413,0.000930409772262151
0.00325126579514307,0.0283451909874913,0,0.000144166515816721,0.00224584162118222,0.00539958188589734,0.0529606624855396,0.0449464580591595,0.00283474538697667,0.00326091910738519,0.00248414006767749,0.000619921032422856,0.000144254635322538,0.0733099634923882,0.00223812682842206,0.0153981523265213,0.910212627352721,0.00396956731575924,0.0596857024924966,0.000113280599124512,0.118767644964677,0.0195693338798935,2.36858588388833,0.014868117803138,8.94412824554382e-05,2.09462480883056,3.86296366711891,0.0216607167677253,0.0523965290944895,0.102388134618518,2.70220093328506e-05,0.00101523816345581,0.00368104670572344,0.104031652785424,0.023496180832519,0.386712212417736,0.211574222164332,0.185759179329229,0.0967475948162345,0.00469351124583351,0.00503652581589749,0.0003226123028667,0.117139005844707,0.0348797113399286,0.0342035017314029,0.0512610467219522,0.00153662079949259,0.000600699586937863,0,0.00134688740054359,0.104396775134434,0.319401071442428,7.3265348523995e-05,0.000101015479114401,0,0.00498573000637535,0.000525341231694582,0.000811210238442403,5.13373730819881e-05,0.00170677405302081,2.94990581705928e-05,0.00026230005121671,0.00456604738941292,0.000654734176046926,0.0139255680169602,0.125711053067348,0.00142028550047911,0.0233743981045521,0,0.00718619750011276,0.011187581495592,0.0821080064468889,0.00607152291554735,0.000239026749167133,0.0809508298203392,0.956846238541137,0.00382060034822045,0.0045524690092685,0.00712195180161193,0.0001161890910465,0,0.000494417672531244,0.00729658943530053,0.0219171390014995
0.000102283628887695,0.000428500891128379,0.000144166515816721,0,0.00762585994810938,0.0243685589681563,0.0188339055652017,0.00354385523494541,0.220445131361871,0.266185077158639,0.0013319112471159,1.21142277464583,0.000154322515131583,0.00567571874293014,0.0503839990718614,0,0.00012516704967053,0.000850294971223485,0.000158180264372453,1.5521314721707,0.000315193213427162,0.00117220874329969,0.00025046410362171,0.144330935122323,0.000254766289995485,0.00027414032285153,0.0010609482542416,0.526338476300312,0.00446007629552101,0.000368492821425733,3.11314679290414e-05,0.00291718830567798,9.31704069617866e-05,0.00552288956854189,0.00153817100863606,0.0295396872653948,0.000689865693798828,0.00470291108042925,0.000468872620834651,0.0482333358807302,0.00109076043948018,7.18003682188746e-05,0.00280368372567664,0,0.000918860190135069,0.000241800599779138,0.00591732702759939,0.000398397111304108,3.3956291973114e-05,5.06073818616152e-05,0.000996792892089516,0,0.0960745754041463,0.0003941973761661,0.00497825591451136,0.0314772830694526,0.0176365501879123,0.0356667752967396,0.0525956425299524,0.00057809987818957,0.0187774346717113,3.59941806412518e-05,0.00458834577099719,0.00284914793030689,5.19908094599813e-05,0,0,0,0.0598069593661862,0,0.00212517707316676,2.97582413964927e-05,0.123852516013792,0.000276120356305462,4.26209341405988e-05,0.00102140165459955,0.111059327638548,0.000827636213116285,0,0,9.60577132815782e-05,0,0.00160197253116083,0.000542764927222631
4.665829949013e-05,0.0018889476129409,0.00224584162118222,0.00762585994810938,0,0.0884142592859226,0.0100854289296385,0.0145552423069513,0.0303135959919203,0.0142271570056822,0,0.0520381619004345,0.000223672321000982,0.00232494694930829,0.239829150632734,0.00393144312586154,0.00286771656938004,0.000306705799078941,0.00098606385682355,0.00303084170521485,0.0495492601339211,0.00385358367740788,0.0612244472707153,0.0224216193606061,0.000656014159614766,0.0015170216972739,0.0109361290568144,0.0253015744399071,0.00124965872970325,0.0141122358231878,8.10640523768546e-05,0.0297451245443034,0.00016787407586259,0.0470321451199919,0.143458899415155,0.0167681943562502,0.0093544874990232,0.00395693518464597,0.00452414676973415,0.721104734159834,0.240608653984987,6.35302563088477e-05,0.00121406376020719,0.000565286809234858,0.000357349423929918,0.00146365537466372,0.0008319256366948,0,0,0,0.000143151873593271,0.000167201010855704,0.00233581890714814,0,6.344134336465e-05,0.000729767359109915,0.00035215745023812,0.00240299826631356,0.00131268140274673,8.4121286085379e-05,0.00136254135369211,0,8.22741296374917e-05,0.000356165418496281,0.000530050007393068,0,0,0.000138642496136748,0.00223735148561945,0.000428184014166939,0.000552498217256129,0.00123431628285537,0.00337661286960283,0,0.000126443656141341,0.00142818902790862,0.00261842810619838,0.000144359885521841,0.000103211413531196,0,0,0,0.000155592473067218,0.0307929199844588
0.00509660889343703,0.0012575109368206,0.00539958188589734,0.0243685589681563,0.0884142592859226,0,0.504334605562577,1.55267025558226,0.0678574794772302,1.38927383750927,0.0265572932805176,0.811106289183006,0.00302307000019614,0.179020991404379,0.401223500018635,8.64693094822821e-05,0.00255025014303006,0.00829816339369805,0.00583209029274491,0.0301864047832553,0.0100959237331227,0.00171484234450889,0.0150968459673287,0.0414475069670063,0.000605981274986493,0.00992321755173248,0.00467868301085052,0.242388209002369,0.057743437760093,0.023650044929655,0.000636873730567873,0.174807070592876,0.000682749757627727,0.0796735855586385,0.283668661571179,0.156820551847875,0.00366196837618802,0.0452800549023929,0.00446283541569031,0.405903514612464,0.034204555612942,0.00289529269375023,0.0123868517287615,0.000416034331467003,0.00250315048247592,0.000964811079501663,0.00757231519157384,0.00137878061716388,0.000393326288476252,0,0.000108089943178368,6.44269712609738e-05,0.0275699613973793,0.000458009853323788,0.00487298900116967,0.0386608262949019,0.0262162513437989,0.0184994500362387,0.0204021300261447,0.00306635811633693,0.00864593300808205,0.000308316100215167,0.00943296183630581,0.00319347991309852,0.000725338603365865,0,0,0,0.0196165121666028,0.00121056135772786,0.00165459317918444,0.000741358863889537,0.0675047540427318,0,0,0.000519526464693519,0.0410344148585602,0.00156435557565483,0,0,8.84003032610059e-05,0.00018111675980357,0.00432726292801873,0.0294364701821683
1.13832605130275,0.00100229304083689,0.0529606624855396,0.0188339055652017,0.0100854289296385,0.504334605562577,0,1.26348865749108,0.0956348254526554,0.934596116277455,0.0360695710868911,0.035402903938494,0.00287550302876421,3.0260841254146,0.0649420832059622,0.00487819587076997,0.0107036659927631,0.0206250920702774,0.0150681544998482,0.00591700280435545,0.105955665233403,0.00635581777443794,0.109431979289319,0.381002870935956,0.000224214010155341,0.0273447221651576,0.0462061656819704,5.17983655235337,0.347705089050343,0.478757219914278,0.000941496580456755,0.0368038099278038,0.0225306335797558,0.231843084822716,0.0930604828123508,0.747877507502099,0.0494301248646231,0.296662900143045,0.0360824789896744,0.0837517065324707,0.056575883687171,0.0053777068315992,0.0414619944540952,0.00230784665966304,0.0102299235980134,0.00655913560798454,0.0201150776857942,0.00473202578349187,0.000437404978246865,0.000250272043687988,0.00120832845267093,0.00370704224501898,0.0243193420611411,0.000390186768429506,0.0124877616466806,0.0847651452095751,0.0613014587588124,0.0353187773874067,0.043459277786724,0.00439966417828746,0.0147932756852205,0.000475215881591472,0.0274996515151204,0.00456013123374558,0.00716903922766524,0.000618196681496841,0,8.90963022255153e-05,0.0284362240309399,0.00597508053815542,0.00740008582877283,0.0152408724013999,0.179553928173849,0.000239309528213829,5.15824897219181e-05,0.0178601478698857,0.107110682284152,0.00426964827516006,0.000351578349866029,0,0.00136901580290646,0.000750287485797355,0.0128135445073884,0.016926962745858
0.0599794459326043,0.00053786776971558,0.0449464580591595,0.00354385523494541,0.0145552423069513,1.55267025558226,1.26348865749108,0,0.0539893552826558,0.439863834278156,0.0300269218286237,0.124135006765251,0.00363052091045916,1.13020882814875,0.0759081438266011,0.000863531696402356,0.020631750419769,0.00959836388910493,0.00792786494973203,0.0134896067317445,0.105898048227142,0.000639575374300083,0.15286822680736,0.0225144807233185,0.000146924996052051,0.0267139001884776,0.0161041769072877,0.180299640432784,0.127889932964728,0.25935976041952,0.000758908809817657,0.23762054885058,0.00540888412358509,0.109380821127653,0.00904556762210359,0.253048247502669,0.00957857497768603,0.0682256089856137,0.00916459268121567,0.164292843621461,0.0299533812765953,0.00330421913905665,0.0794014832719783,0.00404337882898826,0.016806367408396,0.00880448949581588,0.0423948019951511,0.0137959868363295,0.00125368411971521,0.000350197103226429,0.000404391003997144,0.00106711123902015,0.0271993831128796,0.000997499353276693,0.0189335342515822,0.121048560569361,0.107999080120121,0.0275066898956801,0.0515786215064674,0.00879481667057155,0.014350639868756,0.000645133747070962,0.0561727911690071,0.00797714206037964,0.00385889571148423,0.000123768608543402,0,0,0.0249983089497767,0.00790777164504801,0.00481884721215594,0.00499979519485707,0.191657506741166,0,1.90492354657411e-05,0.00487748032092556,0.101292194661132,0.00827054202340448,0.000295189814482099,0,0.00113111173715136,0.00215928547006849,0.0234919368980787,0.00561259460147782
0.000297211092776895,0.205143392482144,0.00283474538697667,0.220445131361871,0.0303135959919203,0.0678574794772302,0.0956348254526554,0.0539893552826558,0,0.0944770625110259,0.00718310412508662,0.311898383229869,0.00938585474175238,0.0409059229232964,0.123225317582481,0.00611517817835364,0.00157450420875156,0.00315450333115202,0.00213025484954506,0.0379733493131366,0.0161826891023463,0.676371564982649,0.00659112222506108,1.90934925254836,0.103737116522947,0.0107580149050784,0.499588738559518,0.599243627923468,0.0125450325134541,0.00839633822385915,0.00396707158124827,0.0126549144970227,0.000478665733729798,0.023221508756435,0.00269234751109871,0.0668063871092201,0.00821412073576134,0.0237546528465694,0.002137327421717,0.0744240298585888,0.00798716017086918,0.00113847070668825,0.075921313111511,0.0087758079343538,0.0150405593229891,0.00923981618183765,0.0280500819362648,0.00768897217602457,0.00207145974777051,0.000411204851462859,0.00886380669400003,0.00233007345835297,0.0197086268320304,0.000781985626221937,0.00486140358074668,0.0438350193395908,0.0323533320138688,0.191826006891743,0.0154303387106491,0.016934848909347,0.00706847427402746,0.00696577470400742,0.0262336152782657,0.00405377442277141,0.0301500149699159,0.000385842681332385,0.00647564968263444,0.00223547955714814,0.0119974185673087,0.0301761328681749,0.114192182180903,0.0226038479269378,0.278325917601837,0.0031498329774081,0.00726640625581842,0.0358271379392952,0.101649374695935,0.00744895236296825,0.000796677156556437,0.00181949058922475,0.00413034046897949,0.00121225559188598,0.0144435962267757,0.00895467545184535
0.00560337554523842,0.000100565902574092,0.00326091910738519,0.266185077158639,0.0142271570056822,1.38927383750927,0.934596116277455,0.439863834278156,0.0944770625110259,0,0.0885485880150735,0.554661997548645,0.00638380002761961,0.494149482282554,0.0837807631570397,0.000140416417025935,0.00489830980086477,0.0331622071452139,0.0241929148538944,0.241535999992626,0.00673532365017301,0.000193895583319819,0.00800668127789564,0.0849418245755228,7.7027021946037e-05,0.0235719782083825,0.00373086621324058,0.955037854673809,0.189829067759861,0.0257396792288124,0.00159908356220885,0.0669362435192716,0.00116581502743738,0.232037210251977,0.0191569720377797,0.542895704485704,0.0168013531967986,0.182070809426477,0.0125693077128739,0.10680098582842,0.0565373888698455,0.00990412093324306,0.021509496574734,0.00119302903290991,0.00573991078665561,0.00218425504170481,0.0189046015569047,0.0028062265421832,0.000363419937252939,5.49528006593347e-05,0.00075933449947686,0.000182158929155573,0.175248813697464,0.00236885445175787,0.0198285557410593,0.125575664198861,0.0835881513131621,0.0494313504956683,0.132923401147207,0.00202931190425491,0.0460560562987254,0.000631094542699435,0.023212881078927,0.00939122997379387,0.00149013572275211,0,0.000135185867875164,9.13206110354663e-05,0.140278681017201,0.00060929812651782,0.00406821484381328,0.00342740141258503,0.269903358007778,0.00021542366382426,0.000199588527625948,0.00117788986377909,0.241774868897395,0.00240471967872657,9.48602114212093e-05,2.74285687541038e-05,0.000410485147031546,0.000816635768097819,0.00688964193496223,0.00329505197727578
0.00148190843657901,0.000360583690088457,0.00248414006767749,0.0013319112471159,0,0.0265572932805176,0.0360695710868911,0.0300269218286237,0.00718310412508662,0.0885485880150735,0,0.0630908467184991,0.187170700194369,0.0564663691353474,0.00325654409612685,0.000725797635379139,0.0230424400903525,0.572654771121907,0.163513575641307,0.00846825418289259,0.00727975949283834,8.2685393869245e-05,0.0218535793700285,0.00384322554866869,0.0137116960375166,0.287950982919272,0.0100158810432728,0.0146255138828823,0.0924430093499384,0.022460746572244,0.0104322472313394,0.0540789335209488,0.00211600201687336,0.978930293262555,0.00750489732841953,0.162923184708837,0.238321024811089,0.830406566738343,0.0504197899269401,0.0184791590657197,0.00809838167977482,0.31729876719824,0.00290042839711103,0.0998619154115128,0.00244821836902784,0.000698722515513862,0.00151943790852603,0.00031751987778182,0.0292799054141592,0,0.00557608354756404,0.000304446509205496,8.86470426618457e-05,0,4.90927677992821e-05,0.000580508155057895,5.70441826241464e-05,0.00275007864589496,0.000414969939859641,0.134615678456026,0.000453403704294681,0.288719845698659,0.00065082320662762,0.000299796122996307,0.000728244994071636,0,0.00638635139452118,0.00147621164070768,0,0.000404454792057133,0.00192240623564128,0.000805618012965119,0.00486773722455186,0.00862890866125514,0.105824431988468,0.0658448153814582,0.00107332751973256,0.000660708017475551,0,0.162579152380609,0.00192729039710611,0.000121807751179385,0.00639927603725948,0.00306302184948804
0.00249173866357968,0.0025295651227024,0.000619921032422856,1.21142277464583,0.0520381619004345,0.811106289183006,0.035402903938494,0.124135006765251,0.311898383229869,0.554661997548645,0.0630908467184991,0,0.00531857523021503,0.204599695721349,0.389988859000902,0,0.00269730880354584,0.0257523645601684,0.0170876846146502,0.646394851205131,0.00154279860442421,0.00558362665062509,0.00229342596294111,0.0547300730782371,0.00117712590422561,0.0177522594221784,0.008951242198119,0.197762627523862,0.102935960841327,0.0141661476685755,0.00111997555834996,0.0801014747885175,0.000289348166267145,0.134204984477208,0.062486530332412,0.223819491227307,0.00638326629876539,0.0733284991898139,0.00604011967304363,0.255825621936003,0.0319556065501477,0.00642092372959664,0.0098342207223585,0.000320264548600906,0.00150428685775513,0.00104716311362421,0.00858917113402359,0.00130543231445779,0.000188298818497834,0,0.000472618951789909,5.95185979641468e-05,0.067987482043416,0.00101565977428353,0.00673936319249414,0.0278518068342389,0.0221360589475623,0.0239814758954326,0.0318380504385327,0.00310330449879076,0.046772941264694,0.000620787349514598,0.00605515594637397,0.004392318226722,0.000320477933686289,3.4356029419142e-05,0.0008783146296422,0.000309610006832385,0.0446194653624123,0.000815901211616407,0.00161641299406754,0.00168478933477318,0.0797648389307547,0.000245460920419049,0.000363941832312614,0.000630403617354724,0.067592871682573,0.000919874216347314,0.000220942203197426,3.34311135139078e-05,0.000564336860149348,0.000179493791563141,0.00285125655460476,0.00850153838869864
0,0.0301067480014995,0.000144254635322538,0.000154322515131583,0.000223672321000982,0.00302307000019614,0.00287550302876421,0.00363052091045916,0.00938585474175238,0.00638380002761961,0.187170700194369,0.00531857523021503,0,0.00437969694258921,0.000385122482497257,4.32677618546903e-05,0.000104360025233638,0.000284142261551714,0.000155531234775293,0.0003589460532058,0.000311833779373681,0.0114688420587188,0.000531647194866807,0.0066699557108313,0.154138947643965,0.00878323082950658,0.010507725904137,0.00163788156868697,0.00769842201318678,0.00165030391509103,0.0823459262378751,0.00670225803863448,0.000289171209572554,0.339210192681855,0.000639922683012492,0.0165247905165378,0.105858334892803,0.0897461988815155,0.00311294628026003,0.002041761167757,0.000918567146228513,0.371667025899665,0.001480176536027,0.274971810171332,0.00439310932067196,0.000805140903315567,0.000721695028661631,0.000357449596522296,0.0775999063982506,0,0.0189868708381951,8.91454655016778e-05,0.00015050036097185,0,4.41256960107744e-05,9.946305910871e-05,0.000465091863026628,0.00411520794040959,0.000234767960683093,0.416781349966735,0.000541074672217796,0.586998927668096,0.0022553489706657,0,0.00024097482978094,7.91004159849408e-05,0.00524043877408178,0.000896077374547952,0.00040469927275022,2.44138198831082e-05,0.00394673309613028,5.90387770678639e-05,0.00294060338998297,0.0407763558730457,0.137074789224897,0.077753102492038,4.51146033195019e-05,0.00226078141798741,4.57766538865507e-05,0.318716500889246,0.00784464192161711,0,0.0221198804279786,0.000287165927633459
0.890219508422586,0.00029557659177005,0.0733099634923882,0.00567571874293014,0.00232494694930829,0.179020991404379,3.0260841254146,1.13020882814875,0.0409059229232964,0.494149482282554,0.0564663691353474,0.204599695721349,0.00437969694258921,0,0.0159443998382058,0.00106360766831244,0.0833041194192879,0.0220248453869954,0.0258168342235976,0.0242458136419417,0.213685541369681,0.000512975347003654,0.33615755737537,0.0192420606867301,4.9655239855957e-05,0.0583605687900502,0.0333608992409738,0.209930457295902,1.2845317058418,1.31683124427846,0.000842867462964142,0.0406621619127115,0.0161532328280478,0.156552358230062,0.0132951790782155,0.323617493616273,0.0164813672905995,0.112989156639761,0.0153837410434075,0.0701955335022914,0.0257982510016054,0.00648887107531434,0.0449728206474359,0.0021789616972888,0.00920169239264624,0.0034818817485984,0.0239273567792197,0.0049958194565444,0.000461811714997893,0.000105998997804022,0.000241076760696563,0.00155625602109968,0.011887743449872,0.000363943921567446,0.00569584767060518,0.0604400318630526,0.044417466574322,0.0161716445636843,0.015411800397668,0.00546121343419274,0.00661870267745822,0.000307518750462091,0.0220705993441584,0.00336532599930953,0.00401477918904227,0.000282625207367325,0,0,0.00973370811173112,0.00764390249567109,0.00437668936855422,0.00701517962800914,0.108331856508197,0.000101180655840668,0.000273522631071955,0.00535316843391603,0.0511429327533807,0.00318874089304406,0.000191317327230102,0,0.000412212298914659,0.000820918333816954,0.0128843538810373,0.00388173939456042
0.000108009128090209,0.00756491940091409,0.00223812682842206,0.0503839990718614,0.239829150632734,0.401223500018635,0.0649420832059622,0.0759081438266011,0.123225317582481,0.0837807631570397,0.00325654409612685,0.389988859000902,0.000385122482497257,0.0159443998382058,0,0.000625103331349671,0.00213475830611717,0.000825105708859583,0.00125534146895643,0.0233018204577803,0.0119392743302149,0.0124819204868888,0.00992352323283978,0.119648164067169,0.00234314977142298,0.0024668648926504,0.0225043813192856,0.0919661673522691,0.00734269416598982,0.0284072686754231,0.000160312095746184,0.0626835802738738,0.000330135532090521,0.0239421673532212,0.10828766872663,0.0904579027486826,0.0058985199144408,0.0211605667760098,0.00774837775088428,0.249050995277751,0.00971961060359355,0.00084626099891949,0.00967097325746353,0.00252835867173426,0.000891287634244026,0.00543063309494252,0.00333581637923808,0.00071628114739933,0,0.000257712382523763,6.74343040747404e-05,0.000862852417457196,0.0113960219726631,0.000215535415035022,0.000953166426311897,0.00511108115567946,0.00568288118894402,0.00814136724669699,0.00568209720005534,0.00159955990632991,0.00342160818604052,0,0.00244833147586196,0.000905842890539812,0.00087352839402338,0.000130269039874384,8.66140461992028e-05,0.000100878074725032,0.00609919279921528,0.00147732236672421,0.00112871991914553,0.00421062672647031,0.0195409518872723,7.37890357975009e-05,0.000621157101767942,0.00456637528280776,0.0120006681639727,0.000444245657087377,0.000326227437390172,4.85419780263066e-05,0.000103465162302256,0.000243793112942278,0.00133888949381801,0.0623325659649991
7.74023462101218e-05,0.0270655108520189,0.0153981523265213,0,0.00393144312586154,8.64693094822821e-05,0.00487819587076997,0.000863531696402356,0.00611517817835364,0.000140416417025935,0.000725797635379139,0,4.32677618546903e-05,0.00106360766831244,0.000625103331349671,0,0.0263192670631296,0.00165033050524461,0.0122433319549355,2.0508354693374e-05,0.977747834969962,0.70740496177476,0.93607931023173,0.385647914374303,0.00123261034249078,0.018590541622681,0.927115231825362,0.204043119418211,0.000765085922982654,0.00465188302670844,0.000116097887497529,0,3.58098796577275e-05,0.0404056459256203,0.0178243656668738,0.227463568070382,0.0603395885128178,0.106406608628814,0.0371684383594278,0.00184364073438279,0.00145563437648899,0.000109724972479612,0.0475977884860815,0.00993296712519492,0.0218107862856755,0.0232289640808896,0.00467495958993012,0.000609378668487743,0.000162939509131372,0.00025113704502764,0.00581906587812055,0.0399793440529518,7.42106565930455e-05,0.000622108589884683,4.09695416679204e-05,0.00585426538835843,0.000916385222577908,0.00170656480657381,0.000408756667434961,0.00266814560106379,0.000446617617204481,0,0.00118048997431165,0.000956326015565133,0.366613613765316,0.00703425267460059,0.000231563312901503,0.0027226902065828,0.000459514188571316,0.0581129382961081,0.237155885215019,0.609399342113856,0.0407426561128586,0.000201774147343791,0.00590051826675223,0.249578645054299,0.0292301397009669,0.000291403753794444,0.00196089160148098,0,3.44988164306938e-05,0.000358759056924057,0.00463578815008315,0.014185708753533
0.00448042585289218,0.0117960460054446,0.910212627352721,0.00012516704967053,0.00286771656938004,0.00255025014303006,0.0107036659927631,0.020631750419769,0.00157450420875156,0.00489830980086477,0.0230424400903525,0.00269730880354584,0.000104360025233638,0.0833041194192879,0.00213475830611717,0.0263192670631296,0,0.047523629335202,1.01558251812137,0.000363153423693052,0.133339977499757,0.00945791924520955,0.9354300125001,0.00830877196787309,4.52305091171622e-05,0.637685917030571,1.18441409698163,0.0120761050775899,0.23948576426502,0.320111146207159,9.02231621536492e-05,0.00133664788685521,0.039501272999295,1.19341845237558,0.0267182771474478,0.48317311215221,0.343015514219776,0.488806805761455,0.153004247035499,0.00555051874164403,0.00781424047879902,0.000265671865301209,0.0264812225053251,0.00852020731997797,0.00820980126319613,0.0128590481148066,0.000474387490056914,0.000284072004377288,0,0.000166075341085142,0.0257237941139703,0.0840933696158146,0,0,0,0.00104864949483641,0,7.68470888607352e-05,0,0.00049094378997522,0,0.000139899386261862,0.000579976318095693,0.000432933117666954,0.00851557679763823,0.0275368159436117,0.000194472143891666,0.00469808206093833,0,0.00212267741133516,0.00570545384702551,0.0264701858292786,0.0015625928605876,8.995344892391e-05,0.0162944916473745,0.233426193151032,0.000472159429359946,0.000703206833873777,0.00209849798271889,0.000346505310195261,0,0.000136040684097511,0.0013913814732487,0.0250798984916087
0.000371305273413041,0.00081463982401143,0.00396956731575924,0.000850294971223485,0.000306705799078941,0.00829816339369805,0.0206250920702774,0.00959836388910493,0.00315450333115202,0.0331622071452139,0.572654771121907,0.0257523645601684,0.000284142261551714,0.0220248453869954,0.000825105708859583,0.00165033050524461,0.047523629335202,0,0.792035230393952,0.00390822728828768,0.00635418560988783,0.000182358474921256,0.0248553132778856,0.0013049431118504,0.000253017388331628,0.286877187175204,0.0225216002638529,0.00621070948115361,0.0343399281282253,0.0134214632073903,0.000441091944860142,0.014139986745223,0.000895696799236891,0.352839576901411,0.0151539953523066,0.242720795674942,0.181427195454805,0.571936043931568,0.110353988134011,0.006645701051099,0.00349255279906851,0.00136931827038896,0.00116138561581085,0.000373039410743609,0.00012614311842857,0.00119334142834,0.000142837476625162,6.19222437838316e-05,0,0,0.000880802744752436,0.00164207646145858,9.24023506347656e-05,0.000126058639170199,0,0,0,0.000971174457310503,0,0.000250711983341026,4.9762617187804e-05,0.000331663231905449,0,0.000531525495772827,4.86753434554756e-05,0.000555390736745182,0,0.000253962285726541,0,0,0.000286352952327543,0.000588169833298501,0.000365920326735315,0.00020767889982636,0.00326482612356754,0.00764921013593289,0,0,0,0.00115795049212167,0,0,2.62918626145035e-05,0.0100107023327607
0.000531236277515149,0.00440189710328003,0.0596857024924966,0.000158180264372453,0.00098606385682355,0.00583209029274491,0.0150681544998482,0.00792786494973203,0.00213025484954506,0.0241929148538944,0.163513575641307,0.0170876846146502,0.000155531234775293,0.0258168342235976,0.00125534146895643,0.0122433319549355,1.01558251812137,0.792035230393952,0,0.00314419395501486,0.0323860238062839,0.00242993319279376,0.201644797713598,0.00258396517590913,0.000628145768827885,0.706207092733834,0.25279586021007,0.0100747351904191,0.0521335970476731,0.0581505115247863,0.000198528501923245,0.00554698023373124,0.00757221795151378,0.712654237315301,0.0255515677076244,0.516038058024653,0.264846498864112,0.533632054882166,0.176094168105317,0.0045758531016311,0.00518157379390993,7.52812581515548e-05,0.00919439022173477,0.00400386438154272,0.00281388636441593,0.00501415451772473,0.000389848261301148,5.33794482340455e-05,0,2.31686937778086e-05,0.00792997633511572,0.0156792423701709,9.98361326392981e-05,0,0,7.84380424605608e-05,2.72322126904548e-05,0.000331902617049536,0,0.00039523710140892,0,0.0012622645258391,7.32716103078005e-05,0.000519714096922105,0.00224615991756107,0.00797452705692895,9.36421120599565e-05,0.00567414907261713,0,0.000355776266873879,0.00182444978045567,0.00563001389721063,0.000547396675604123,0.000254942764247644,0.028817790472131,0.083811668975479,6.80643419947506e-05,9.20558014701547e-05,0.000364734602849707,0.00204927666992764,0,0,0.000702267452669821,0.0197790435852559
0.000511391406761175,0.000489999582353371,0.000113280599124512,1.5521314721707,0.00303084170521485,0.0301864047832553,0.00591700280435545,0.0134896067317445,0.0379733493131366,0.241535999992626,0.00846825418289259,0.646394851205131,0.0003589460532058,0.0242458136419417,0.0233018204577803,2.0508354693374e-05,0.000363153423693052,0.00390822728828768,0.00314419395501486,0,0.000352088147980741,0.000286794941364139,0.000784404106149644,0.0111573695410103,3.51296756989777e-05,0.00281258012561323,0.000637832991589758,0.109564756206502,0.0151858029493501,0.00191294025659318,0.000156744063153935,0.00616404780257288,0.000121786882553828,0.0185597793288718,0.0008809426311287,0.04758420672884,0.00133731752293241,0.0106784906155709,0.00144059566702373,0.0237681770077599,0.00428497583606726,0.000988498831497904,0.00231706365455749,0.000200430545168882,0.000789897239546114,0.000194375509874982,0.00245044058260226,0.00024739212950266,0.000101596202247402,2.9392986623016e-05,0.000174054310948453,2.84549690166771e-05,0.0378942332895409,0.000488523994295424,0.00262526796369062,0.0151659364145386,0.0115531047064176,0.00677757547996845,0.0200682805206325,0.000274688690444523,0.00693608598416035,4.10570391818404e-05,0.00367546329379159,0.000978109924127646,0.00024036821025455,0,0,0,0.0197773652896402,4.62666120546103e-05,0.000549868965805143,0.000441101262777209,0.0386620028364328,0,0,0.000138492245222437,0.0357595577043588,0.000766925952440059,0,0,0.000132473026295251,0.000101386333808511,0.00116628718906165,0.000318601286449534
0.0106269135483424,0.00874641959074083,0.118767644964677,0.000315193213427162,0.0495492601339211,0.0100959237331227,0.105955665233403,0.105898048227142,0.0161826891023463,0.00673532365017301,0.00727975949283834,0.00154279860442421,0.000311833779373681,0.213685541369681,0.0119392743302149,0.977747834969962,0.133339977499757,0.00635418560988783,0.0323860238062839,0.000352088147980741,0,0.146559782025024,3.65613681597192,0.153172715719667,0.000700917253792395,0.0442706393466245,0.332648713448275,0.553874299158106,0.157864547475739,2.84446798769267,9.56753138596681e-05,0.00307695147164618,0.0231422433710545,0.709387916437559,0.153533425741891,1.43066041825682,0.242922622845102,0.961279340062822,0.259150667472949,0.0132802599187825,0.0327005779868313,0.00110870836253751,0.0501524015374442,0.0076904061922972,0.00898227405962773,0.0139198522084712,0.0094321206082141,0.00174958384343815,0.000581084023863113,6.7390585221237e-05,0.00537467379377417,0.0102060164842275,0.000447943335118798,0.000285576842002886,8.05368863345683e-05,0.0034358474385558,0.00177245337506218,0.00462139356206916,0.000432020232919079,0.00687594645886263,0.0009919828293965,0,0.00179008996725249,0.00342796115944003,0.176748668320706,0.00249480500388752,2.45652091223329e-05,0.00053413473782424,0.000600354172111037,0.122339855498424,0.140849981361712,0.179119579619924,0.0750612963012844,0,0.0012325509781488,0.109999250444087,0.0512090421449408,0.000871558768965901,0.00156745309729361,0,0.000126018088089529,0.000695906295691027,0.00403801768147484,0.0730639422848582
0.000110777023927229,0.438189533929648,0.0195693338798935,0.00117220874329969,0.00385358367740788,0.00171484234450889,0.00635581777443794,0.000639575374300083,0.676371564982649,0.000193895583319819,8.2685393869245e-05,0.00558362665062509,0.0114688420587188,0.000512975347003654,0.0124819204868888,0.70740496177476,0.00945791924520955,0.000182358474921256,0.00242993319279376,0.000286794941364139,0.146559782025024,0,0.145767963879132,1.16459206059681,0.110261128595409,0.0194799244206966,1.24285459625778,0.10252627066174,0.000344929896425033,0.00127001518480508,0.00461229619296237,0.000570399159989631,0,0.00670592509552635,0.00299498088402207,0.0331606995744124,0.01145009581903,0.0114646180519419,0.00511878553206892,0.010260313727357,0.000372441174152878,0.000565130186890733,0.0369098505751421,0.0118255516204465,0.0143494152584155,0.0145155757665385,0.00261598917031282,0.000230104155796159,0.000696561380746259,0.00028894405892933,0.132422603844339,0.0329220459087437,0.000375753484345934,8.70427182298066e-05,0.000430821311641306,0.00500827294241456,0.00148038089226206,0.00984682506917351,0.000674767398706004,0.00498862444566632,0.000282990133202779,0.00894452730517819,0.00149873037288915,0.000702440113234486,0.223487894006284,0.0120705326781044,0.000505252801273984,0.00456999084594745,0.000661604660659382,0.0462182604479691,0.306509650090748,0.221193538542242,0.0628103791312465,0.0032639807827538,0.021338407133691,0.406827066026962,0.0238265559869878,0.00112078204659937,0.00179521368132076,0.00488919103483801,0.000101674694833768,0.00027953446384537,0.00334090341771365,0.00316893573408041
0.0171376648831499,0.0106100939803861,2.36858588388833,0.00025046410362171,0.0612244472707153,0.0150968459673287,0.109431979289319,0.15286822680736,0.00659112222506108,0.00800668127789564,0.0218535793700285,0.00229342596294111,0.000531647194866807,0.33615755737537,0.00992352323283978,0.93607931023173,0.9354300125001,0.0248553132778856,0.201644797713598,0.000784404106149644,3.65613681597192,0.145767963879132,0,0.147660989011784,0.000222954765631414,0.765239245745487,3.08490414558599,0.39130864867058,0.380043469306024,1.82886873322866,0.000357968333776957,0.00424392327642322,0.0466796609425937,1.44499885635305,0.263338729593342,2.96327343950977,0.806930998697341,1.98040518460242,0.737405241876308,0.0300632634037006,0.04236880900363,0.00264772337231246,0.0943927959439812,0.0210897370101971,0.0372139517392956,0.0595710256651008,0.00696997464049539,0.0014064300030091,0.00034424241197139,0.00079721546662021,0.0225366872534456,0.15522841828955,0.000379293032899019,0.000357115943721721,0.000203734143488258,0.00756765250706972,0.00139622955120927,0.00349110794179609,0.000670050072612504,0.00293314159242676,0.000804894518769079,0.000361709832333633,0.00283117747599181,0.00222659824848931,0.456975117596297,0.0300015296134936,0.00126216938898881,0.00663683123533531,0.000423370735855565,0.0826575809453832,0.209305443549328,0.96778169238986,0.0565691298100907,0.000131859351546675,0.0146472731779097,0.668844222912173,0.0318794322073237,0.0024964556368124,0.00558876898059186,4.82001815177262e-05,0.000504595335903609,0.000185416759237888,0.0079292316553175,0.190327363115277
0.000256297644012806,0.197755240809898,0.014868117803138,0.144330935122323,0.0224216193606061,0.0414475069670063,0.381002870935956,0.0225144807233185,1.90934925254836,0.0849418245755228,0.00384322554866869,0.0547300730782371,0.0066699557108313,0.0192420606867301,0.119648164067169,0.385647914374303,0.00830877196787309,0.0013049431118504,0.00258396517590913,0.0111573695410103,0.153172715719667,1.16459206059681,0.147660989011784,0,0.0603449133435799,0.0154276825899455,0.766555020971816,1.55891921827875,0.0147759409624435,0.026422942179594,0.00253826294175816,0.00802087692220019,0.00335891154839044,0.0577398048808584,0.0256288021040611,0.260301109039667,0.0373621178364476,0.0586630166818003,0.0147682836620689,0.0649251263053847,0.00869119317943461,0.00131673846450633,0.32087839903827,0.0249584993891054,0.0583782011957565,0.0382471050516203,0.0932291584623282,0.0317426685114726,0.00307234403278132,0.000932815194347152,0.0161897361369664,0.0207987657082302,0.0962683401379147,0.00211949219681322,0.0278856522342272,0.234815246079996,0.182603777459015,0.211295758166483,0.106096553738291,0.0345533731999422,0.029721074844856,0.00377341300076383,0.128869317671215,0.0217031558988177,0.15019264095119,0.00433416085802363,0.00168381185058486,0.00222522256090228,0.0767490048533527,0.149405613293188,0.205446902207759,0.176308355873236,0.800094728828442,0.0032831378460968,0.00479219721378419,0.190071198234638,0.419989104837076,0.0261877181692689,0.00192501795170533,0.000481495264577934,0.0129024328031636,0.00736700033940997,0.0638856536510813,0.0300213329244237
0,0.256688284344903,8.94412824554382e-05,0.000254766289995485,0.000656014159614766,0.000605981274986493,0.000224214010155341,0.000146924996052051,0.103737116522947,7.7027021946037e-05,0.0137116960375166,0.00117712590422561,0.154138947643965,4.9655239855957e-05,0.00234314977142298,0.00123261034249078,4.52305091171622e-05,0.000253017388331628,0.000628145768827885,3.51296756989777e-05,0.000700917253792395,0.110261128595409,0.000222954765631414,0.0603449133435799,0,0.0183599826492654,0.503843530584143,0.00245323851546462,0.000120491576454842,7.9198762472904e-05,0.0239753923162926,0.000126036729904353,0,0.0400775441056818,0,0.00329641826819997,0.00718910360972602,0.00299633538700368,0.000361340399050492,0.00359653409104401,0,0.0431285609693155,0.0024839869101472,0.0285703359620244,0.00123645859240028,0.000522338372437918,0.000150875641377533,4.73711540363252e-05,0.0159535037960408,0,0.0387997085988183,6.37413029439271e-05,0,0,7.10048166603207e-05,0.000465906130161866,0.000343201119787446,0.00329926745159976,0.00025586594176527,0.0795416482288448,0.000163184286865461,0.1686087199691,0.000496342837129501,0,3.42408054202914e-05,0.000227322308999866,0.000484521145509028,0.000810062828858914,8.36240115382793e-05,0.000160223485823679,0.00243860831512599,0.000201836402353239,0.00226584228695135,0.109803423424417,0.0371468964256487,0.143161680330181,0.000496213995096528,0.000508693102248282,0,0.044185958546931,0.00273597735397335,0,0.00663242780383184,6.02916840525627e-05
0.00194040487097383,0.0690905649138782,2.09462480883056,0.00027414032285153,0.0015170216972739,0.00992321755173248,0.0273447221651576,0.0267139001884776,0.0107580149050784,0.0235719782083825,0.287950982919272,0.0177522594221784,0.00878323082950658,0.0583605687900502,0.0024668648926504,0.018590541622681,0.637685917030571,0.286877187175204,0.706207092733834,0.00281258012561323,0.0442706393466245,0.0194799244206966,0.765239245745487,0.0154276825899455,0.0183599826492654,0,3.36160809688265,0.0156088415554877,0.0795178772635028,0.0580391810496784,0.0714366948578016,0.0115947665928477,0.00623379724022943,0.294676499890348,0.0568408012098704,1.32131222887943,1.31820170834165,0.660183165275018,0.287036880355122,0.0105983560244247,0.00883198487885973,0.00736958862113189,0.115541836195422,0.0770378719946106,0.04348127985097,0.0616919890581509,0.00134364716565512,5.52338732154429e-05,0.00114807906207377,0.000361364794290361,0.183153606124928,0.0955325026861236,8.7162405817941e-05,5.9585683378613e-05,0,0.0010018277091621,0.000122774043500692,0.00415483628613407,0,0.0844492608774274,0.000103906936033964,0.293106940636789,0.000489560300576377,0.00124982080045716,0.00638101509279304,0.1016125138892,0.0152513432641767,0.0916681533297541,0,0.00366528232708405,0.0106560319036139,0.0291630897609711,0.00460132803968986,0.0527153555499798,0.92375821847862,1.73105499371691,0.00152396091797163,0.00117670370928371,0.00302234131276647,0.361535397889945,0,0.000417702960292047,0.00895455021816281,0.0443159404737511
