0,1.39849430322647,191.390350371599,3.63100105524063,0.590897738933563,26.4176470935345,3558.67880603671,1931.27947625518,8.04415363073349,63.9721953570843,44.1364052593708,8.93568018078804,10.6303472816944,16733.0915415585,0.952344983816147,1.88799870014191,463.620717436075,36.8647573143244,113.16823130846,5.10477742552757,206.467981785536,1.21392595767975,1403.30741477013,14.8801198601723,0,133.232220947742,128.353418380022,301.777069956064,4455.65263000131,9762.13398632407,0.811935245990753,13.2525940239429,20.8540307581425,380.776742428541,7.86805653572083,56.2272889316082,8.92694121599197,159.96903449297,50.5008347630501,6.51475805044174,0,1.10967004299164,4.17610627412796,0.38395419716835,0.487468838691711,1.50392192602158,0.845452845096588,0,0,0,0.54842609167099,0.379264235496521,0,0,0,0,0,0,2.20655798912048,1.14961457252502,0,0,0,0,0,0,0,0,0.750246107578278,0,2.09615695476532,0.367268651723862,13.0367432534695,0,0,4.60298198461533,11.3986696004868,0,0,0,0,0,0,0
1.39849430322647,0,40.4786980450153,1.12682077288628,0.504333555698395,3.4694037437439,10.02750608325,11.3147509992123,1696.92907816172,8.94862973690033,756.548251748085,6.65145218372345,5684.78244099021,16.7433213889599,17.8681100904942,492.422068446875,181.350224077702,149.84541657567,337.639293432236,2.42426615953445,74.0512253046036,1526.02310732007,65.2497724890709,2456.35865074396,4853.30318465829,733.494018942118,27002.8435882032,121.524067848921,20.0024876594543,12.1821322441101,183.710805773735,8.90603384375572,1.07356691360474,195.725504219532,29.8442892432213,520.735721170902,404.8760612607,417.523241579533,226.883756816387,8.37045615911484,5.11768585443497,39.932540923357,524.855812072754,194.197024226189,249.51641947031,221.610266983509,1.83047941327095,3.32156419754028,38.2367043793201,0,2953.2631085515,44.6129024624825,0,0,0,3.23862671852112,1.101402759552,12.0152960717678,0.402025520801544,212.169785290956,0,330.022710770369,6.44307106733322,0,58.7562022507191,357.574799925089,164.608839511871,614.237093061209,0,17.0305158793926,113.846014857292,79.7873838543892,45.0676528215408,554.376822113991,974.337995320559,5027.21220761538,18.24662566185,3.21801364421844,7.91993090510368,61.7764639258385,0,0,111.864554494619,29.7189584970474
191.390350371599,40.4786980450153,0,0,0.285914361476898,36.6931212246418,2175.15419986844,699.178296744823,19.9126086831093,16.7336518168449,194.219062626362,1.74188673496246,83.7381773889065,477.250374138355,8.38696327805519,113.031321525574,16496.3510617018,418.269797623158,1912.83088000119,0.867857813835144,5838.27111417055,45.7443359196186,50181.6524647176,82.0264868140221,3.08642303943634,29237.5453797281,42247.7299312055,2131.47509092093,492.963199824095,1824.45028951764,0.869297981262207,1.43587139248848,27.5547903478146,2936.89931192994,568.042849630117,8305.56270456314,902.573923707008,4155.91024801135,3508.84964168072,19.9510888159275,71.7675956487656,2.08075457811356,1678.13315328956,142.980576425791,958.129210054874,580.507298439741,10.3891862332821,2.85381066799164,0,3.54514646530151,465.067399859428,713.679919987917,0,2.46425890922546,0,23.2968934178352,2.74217656254768,6.46015799045563,0,52.3969539999962,0,0.490805447101593,15.3815797269344,0,149.082509219646,1194.22225433588,50.032949090004,365.04885211587,0,107.497566044331,797.853286921978,841.854376137257,118.880282074213,1.89897072315216,308.665028512478,11364.4710457027,141.724380612373,7.05514779686928,48.6890374422073,0,0,1.92255085706711,410.919938802719,241.314302444458
3.63100105524063,1.12682077288628,0,0,78.235429674387,278.483173459768,141.745725482702,222.811290919781,3512.51633059978,6088.08116778731,54.9968365132809,5386.22217857838,115.872044920921,197.867038935423,591.537070155144,0.658924162387848,1.06527510285378,4.49263259768486,3.14234572649002,25072.6981501281,1.27523827552795,2.52677541971207,1.09212589263916,4418.13989493251,0.579737365245819,2.33526206016541,2.2398669719696,12087.9594600797,145.089545190334,4.83763325214386,0,40.7413763105869,2.58910399675369,70.03957259655,22.0109910070896,318.370658397675,12.2853638827801,69.5501802563667,21.2017275989056,334.241763919592,22.4996702969074,2.45747429132462,178.544005483389,1.38126218318939,35.091514736414,5.29986649751663,277.935244202614,9.68069440126419,4.42489182949066,0,0,0,2200.37971460819,34.0351222753525,79.6123063564301,202.919437378645,87.3349642753601,512.455452382565,1453.2441021502,2.63607031106949,598.178367286921,0,29.100497841835,109.701496034861,0,0,0,0,882.837406754494,0,4.2699066400528,0,2476.1755695641,0,0.600664794445038,0.424397617578506,2920.5834262073,19.571560561657,3.61765325069427,0,5.71112167835236,1.07400298118591,43.5638947486877,7.40994274616241
0.590897738933563,0.504333555698395,0.285914361476898,78.235429674387,0,1837.85490003228,96.6627794206142,150.158245146275,280.0759344697,246.846035808325,26.9887949824333,1043.38540247083,103.026389926672,85.5981740951538,5800.4609746933,3.9093656539917,0,2.66247051954269,0,104.748616889119,9.91678750514984,10.6710914373398,17.5215599536896,315.408728659153,0,1.07126691937447,23.4049235284328,261.840093106031,27.5492314994335,23.1582195460796,1.03290858864784,426.043641164899,0,1528.9329880178,2467.17853936553,1039.53330183029,15.5541196465492,38.3911538720131,36.2850754261017,14724.7501389086,9051.6880826056,6.41198489069939,23.7886534929276,13.89928150177,6.85091644525528,57.295977473259,20.4541456103325,1.09431767463684,1.05395549535751,0.717563509941101,2.43564033508301,1.81001836061478,12.6826448440552,2.116046667099,2.72086834907532,4.51511806249619,10.4562205672264,22.6416299641132,28.9441533684731,1.46026867628098,19.0896599292755,0.463018745183945,1.25242912769318,6.98332488536835,5.31930905580521,0,0.745505392551422,2.04357087612152,23.3417199254036,6.33056831359863,1.03005766868591,25.5829347372055,40.0105429291725,0,1.63883328437805,7.48415714502335,38.3379348516464,1.41604679822922,2.85478886961937,0.778588950634003,0,0,9.56102246046066,1318.89648926258
26.4176470935345,3.4694037437439,36.6931212246418,278.483173459768,1837.85490003228,0,4025.63420835137,12386.8526825905,704.69791162014,13102.9630142748,462.461586833,7797.10430312157,766.916920185089,2009.80144883692,5909.67825964093,3.69358575344086,15.1622312963009,56.7482439875603,12.4976795613766,508.9256041646,51.2620784193277,15.6874369382858,67.9169727265835,360.169884085655,6.82000333070755,48.0091552436352,33.54198127985,3387.06947085261,562.836555629969,228.219959139824,9.46499824523926,578.395182043314,27.4282858967781,501.860921621323,6057.29770174623,5831.81964039803,130.222711890936,343.178549677134,109.325083017349,7796.73730948567,1689.03814730048,80.0301247239113,480.922333806753,10.4640789330006,45.0809608697891,25.710705190897,200.450223952532,19.8341239690781,18.6287321448326,0,0.409599155187607,0,164.207749426365,29.6302264928818,34.4739428162575,57.3834561109543,27.242318302393,271.625117897987,233.755805164576,17.5181306898594,160.466084748507,12.0364136993885,7.37306332588196,57.0313799977303,0,0,0.587654113769531,0,133.628040999174,0,13.9322388768196,2.1396070420742,1330.12911653519,1.21985042095184,0.925868839025497,3.32830104231834,922.082513093948,20.4551541209221,3.32345712184906,0.973673820495605,1.20167541503906,4.26023292541504,87.2485449612141,381.362595707178
3558.67880603671,10.02750608325,2175.15419986844,141.745725482702,96.6627794206142,4025.63420835137,0,34875.7871728688,307.837901592255,26930.3628653288,1311.28110772371,625.991319328547,978.895683050156,20849.472482428,278.336947441101,25.4856093525887,611.398277640343,287.693451493979,236.50606828928,143.787937313318,2543.86236527562,11.6282005906105,3654.7704975605,212.078840464354,7.36540201306343,464.873523741961,436.216348022223,49991.466772899,8526.88999758661,21918.0390645415,19.7940919399261,446.465860009193,777.544583588839,2830.04009827971,1224.51638528705,5579.69506567717,356.820708870888,3079.57849600911,1078.87520596385,557.136727154255,342.890469968319,71.2709187865257,700.169887840748,14.5970656275749,82.0825738608837,33.0097101926804,172.144856482744,45.9651788473129,9.85702866315842,0,3.84170562028885,7.51318782567978,110.195404261351,10.2252964377403,21.2317742407322,124.093489944935,45.7361982762814,153.932485103607,275.441204249859,13.9674284160137,64.2126590013504,8.0847362279892,21.1194817721844,33.5634278655052,26.2904599010944,10.1147470772266,0,0.375479400157928,100.938588708639,3.05181807279587,21.4165558218956,56.1928456425667,1717.81878888607,0,0,222.3950330019,1516.15366497636,54.8136882483959,2.92073720693588,0,0,9.95693814754486,108.063765376806,107.357040435076
1931.27947625518,11.3147509992123,699.178296744823,222.811290919781,150.158245146275,12386.8526825905,34875.7871728688,0,398.53210952878,10290.9915191829,326.583222866058,4276.13949540257,584.140775501728,22298.4179109037,537.129513829947,10.3909070491791,792.609969109297,67.2622298002243,182.497046038508,534.871332734823,947.219199061394,5.94658106565475,3116.15253168344,275.425530046225,7.80049222707748,295.908376544714,245.422118037939,8264.4648720324,1677.28424608707,12639.3472827673,5.48091802000999,368.673616200686,139.56399667263,1379.24587211013,202.257057368755,2645.75626346469,113.342476427555,856.493375957012,346.73719009757,1056.95798355341,411.865464746952,66.7304835319519,199.963093191385,13.0782937705517,15.5358345508575,6.79513347148895,64.1165589392185,10.0906572937965,9.42075663805008,0.464714527130127,1.03592675924301,0.860585123300552,27.5084937810898,2.22135162353516,0.942405074834824,32.3862256407738,2.66585409641266,236.863063156605,25.2637632787228,17.7233105897903,22.8918943107128,13.2714144289494,4.19930267333984,11.3065577745438,1.56921896338463,0.383907973766327,0,0,9.49174636602402,0,7.6972793340683,1.38182401657104,1323.72918170691,0.977761924266815,2.29044437408447,14.4094853997231,415.303678512573,9.51176369190216,2.39413106441498,0,0,2.4669440984726,39.8324879705906,25.5456148982048
8.04415363073349,1696.92907816172,19.9126086831093,3512.51633059978,280.0759344697,704.69791162014,307.837901592255,398.53210952878,0,2471.97649312019,287.619580239058,3734.68718159199,1457.39223109186,437.015082836151,1274.71348425746,516.245121032,39.8123368918896,39.2653688192368,58.1257480978966,1464.0129044354,150.900808244944,10012.6935706735,131.889367222786,38769.8642292023,1008.0751978755,108.913286685944,4713.84497287869,6715.26303428411,278.192265480757,99.0949575304985,31.3422607928514,96.6391876637936,33.0989257693291,215.059227615595,184.966990828514,1433.78677758574,146.277571767569,298.560211569071,162.553749144077,1477.9751444459,50.8041667342186,14.9760772883892,1354.12895670533,81.4759024083614,145.150836497545,89.5188337564468,768.882885158062,47.2960601449013,7.18398627638817,1.68814170360565,36.1727729737759,4.19144409894943,826.855544865131,161.426591813564,156.707317262888,232.05001860857,272.617303162813,3965.54068368673,918.928333133459,56.5292654037476,908.630204081535,21.0968845188618,96.5872507691383,355.373153030872,1028.30436012149,17.6596232056618,7.38799372315407,8.99079671502113,504.613623946905,202.1332898736,998.824620842934,355.80396464467,7822.22527828813,1.87338319420815,22.2550254464149,88.1001242399216,3552.0451310277,117.039716899395,43.6911945343018,0.994946956634521,48.3200066387653,16.5830481946468,190.117358952761,190.512096941471
63.9721953570843,8.94862973690033,16.7336518168449,6088.08116778731,246.846035808325,13102.9630142748,26930.3628653288,10290.9915191829,2471.97649312019,0,2231.50797349215,12764.1541135311,1531.26630735397,4947.23119728267,635.515959918499,2.61298704147339,26.3334741294384,426.237645566463,135.817054867744,3970.79126566648,24.9501067698002,2.14908576011658,25.8236834704876,935.419972091913,18.4607834219933,198.150673866272,75.2679860591888,14650.0342952609,5915.14270079136,146.405019462109,25.4182338118553,872.457893162966,42.49577075243,1860.0724298954,1137.07813304663,7579.96810829639,465.896320849657,1930.84042117,214.290899932384,1140.14565372467,506.395991742611,185.966884166002,399.863966137171,11.6955226361752,33.2581088542938,16.8764407038689,510.780901283026,23.7452605068684,16.6377561688423,0.603801369667053,1.5543726682663,0,1784.20098942518,66.3809064030647,107.104327201843,380.299342215061,103.133063912392,764.927894592285,2445.36647301912,27.8297809958458,793.163550108671,14.8250494301319,12.4101194143295,162.507912158966,2.55527412891388,0,0,0,1353.01207685471,0.524443924427032,5.45342808961868,0,4407.61386993527,1.96408477425575,0,0,4988.4649118185,25.9170554280281,1.63049808144569,0,5.7177985906601,3.04650890827179,66.2935999333858,68.3634101450443
44.1364052593708,756.548251748085,194.219062626362,54.9968365132809,26.9887949824333,462.461586833,1311.28110772371,326.583222866058,287.619580239058,2231.50797349215,0,1641.46679240465,15637.6763022542,2102.09316124022,107.822053968906,46.4307610094547,374.934345245361,15698.6572592556,1198.72781163454,316.498779565096,544.686108797789,170.203143626451,584.041391193867,236.963183969259,1723.06067955494,5306.05737733841,1906.27515159547,979.142034217715,3928.73575076461,697.18648698926,1350.4109583497,700.600875020027,19.2379763126373,12150.6629537344,222.708637744188,5997.18808206916,6119.93389651179,6763.88103325665,2349.0429661572,402.132104158401,135.690752476454,4228.93789359927,192.131357550621,967.473994612694,106.582168996334,49.7596307992935,48.2691554129124,79.114760518074,248.394325494766,0,167.064764171839,5.77568373084068,0.864755362272263,0,3.67648333311081,2.48369282484055,27.6583938002586,92.3951396346092,10.8114813864231,4029.52529007196,8.79425287246704,6010.34854236245,53.4409027695656,0,6.58518305420876,18.6481982469559,129.26764267683,66.9549839198589,4.94899109005928,0,40.2751739025116,15.0743717551231,118.076727002859,166.988394141197,1281.27318933606,2499.21386995912,9.81541270017624,112.186650723219,0.354133993387222,828.574941456318,37.9136446118355,0,670.711206108332,85.7329134345055
8.93568018078804,6.65145218372345,1.74188673496246,5386.22217857838,1043.38540247083,7797.10430312157,625.991319328547,4276.13949540257,3734.68718159199,12764.1541135311,1641.46679240465,0,879.62436234951,4322.08327323198,5277.37824371457,0.53948438167572,5.58106940984726,263.005720764399,93.5516663491726,6870.83219867945,2.43472146987915,0.646969020366669,2.03497630357742,222.707264393568,8.919439047575,121.951607078314,46.2104051113129,944.563266336918,1759.140427351,22.0366872549057,22.1182422041893,717.242366269231,3.88946580886841,894.561397850513,6011.16874414682,3666.97517508268,308.024567782879,588.92000195384,67.3167724013329,3183.51131987572,204.277396321297,134.822631090879,89.1867708563805,14.0681446194649,13.7264347672462,3.58757948875427,722.96473634243,4.65501737594604,17.1234821081161,0,1.17366477847099,0,889.165358036757,139.740402579308,140.586137592793,33.9992814958096,153.185714185238,208.288640886545,992.11635184288,33.043982565403,1092.75770422816,14.769344419241,47.7281883656979,339.918673992157,0,0,2.56197065114975,0,762.833150297403,0,3.10611599683762,0,612.583184123039,3.93102991580963,0,0,938.253312081099,15.2833481132984,0.472589313983917,0,12.7275469005108,0,31.6234337985516,932.220794320107
10.6303472816944,5684.78244099021,83.7381773889065,115.872044920921,103.026389926672,766.916920185089,978.895683050156,584.140775501728,1457.39223109186,1531.26630735397,15637.6763022542,879.62436234951,0,1075.23663988709,183.245374381542,221.139588266611,49.6595465242863,196.482642173767,67.8082259595394,306.051230624318,84.0104240179062,1380.52922287583,230.850138068199,1615.60720936954,16666.8747220039,369.941873282194,3075.82493618131,1879.70712834597,1133.28225818276,360.92834174633,729.792310804129,1003.09479725361,6.49933430552483,3163.20710912347,311.223654150963,6035.53347435594,4830.44915047288,4222.5387403667,1933.87374147773,4550.83686852455,2729.50993338227,6264.72817099094,1100.19202724099,2312.00656190515,832.745884746313,255.426811099052,2387.41649803519,607.470034897327,1113.03423890471,1.31865072250366,381.221169114113,5.37052965164185,57.5594748854637,29.6145929098129,109.575167179108,123.066540956497,373.900510281324,186.895147532225,213.173726886511,13376.5839529037,237.310506731272,17162.5316351652,293.999668896198,62.8383606672287,37.9809762835503,17.8004506826401,246.463853061199,101.918581843376,98.9470518827438,23.1925744712353,95.3793767392635,22.1094953715801,923.623797267675,1318.6514518857,2251.67956072092,7306.0863032043,934.850021541119,441.715858221054,11.3389294147491,1839.22218301892,250.52774399519,1.41704523563385,4617.79034397006,123.733877152205
16733.0915415585,16.7433213889599,477.250374138355,197.867038935423,85.5981740951538,2009.80144883692,20849.472482428,22298.4179109037,437.015082836151,4947.23119728267,2102.09316124022,4322.08327323198,1075.23663988709,0,614.6509296,6.27798148989677,1034.15476593375,214.683345884085,247.770448297262,610.071679413319,648.528595685959,11.6923041641712,2991.83072578907,361.812586158514,21.2428040504456,359.045873254538,306.290798336267,3457.77949149907,21089.2805472314,20634.5192655176,33.8154879808426,175.382181197405,116.675685316324,2945.40126721561,192.120041757822,3856.57724639773,292.992629289627,769.515166372061,232.779735654593,901.278196275234,100.490735769272,157.428800433874,272.336707860231,23.9975470900536,21.1975120604038,2.9052526652813,59.6378747820854,6.39634761214256,27.7380278706551,0,7.79473084211349,0.496818095445633,20.0231560766697,1.7448468208313,1.99409222602844,11.7139323353767,0.890894651412964,351.407503128052,0,75.2302131056786,16.2305417060852,47.899123519659,0,10.6520610451698,1.37891244888306,0,2.14659082889557,0.323158890008926,6.00018039345741,1.28411066532135,16.3222758471966,0,1423.25324642658,2.97351130843163,6.44424477219582,26.6148995161057,244.148726552725,2.93066537380219,1.27950739860535,0,0,1.55732804536819,65.190304338932,20.3773066699505
0.952344983816147,17.8681100904942,8.38696327805519,591.537070155144,5800.4609746933,5909.67825964093,278.336947441101,537.129513829947,1274.71348425746,635.515959918499,107.822053968906,5277.37824371457,183.245374381542,614.6509296,0,14.9812336564064,7.57215255498886,10.2404512166977,7.48910647630692,432.028189301491,60.0044583380222,51.7152355313301,43.7126291692257,2360.59540474415,20.6558055579662,7.72743284702301,97.7492861449718,1541.34820568562,122.222447603941,120.772521048784,5.16236156225204,261.115606188774,5.02454656362534,106.194106906652,1396.56207501888,583.80776694417,31.0418522953987,153.783002614975,59.3107883930206,5783.52795407176,156.319145470858,17.040871322155,124.74020844698,10.6916236281395,19.7370616197586,44.1508045196533,88.7226418852806,2.16052407026291,2.63714981079102,1.432448387146,0.494483053684235,0,99.7426012158394,6.84119820594788,13.4862703680992,15.2605117857456,9.23048055171967,64.5032076835632,64.1337552666664,6.23782655596733,66.1845319867134,6.64192098379135,2.78837847709656,24.0379345417023,6.89903151988983,0.664764225482941,0.78404825925827,3.24554347991943,62.1526343822479,8.93507289886475,1.09501624107361,26.1724991798401,320.096623986959,0,1.00936126708984,10.6565077006817,220.505572319031,2.4834351837635,6.98690640926361,0,3.12141764163971,0,22.0609301924706,778.327238857746
1.88799870014191,492.422068446875,113.031321525574,0.658924162387848,3.9093656539917,3.69358575344086,25.4856093525887,10.3909070491791,516.245121032,2.61298704147339,46.4307610094547,0.53948438167572,221.139588266611,6.27798148989677,14.9812336564064,0,267.591742694378,43.4865518808365,77.6278271973133,0.600262105464935,12852.3676226735,5507.33946979046,13116.2288856208,5572.97983053327,213.130161166191,113.199584513903,10396.6725038588,2946.14139595628,7.71406602859497,192.394501298666,1.62702697515488,0.461386352777481,4.1787605881691,458.435118034482,899.765155941248,6632.09559297562,2123.31166616082,1481.80684426427,2311.06641510129,26.3520175218582,24.3918820619583,1.46214032173157,3258.47460982203,396.527213335037,516.058380842209,560.749881744385,50.9635542035103,12.7196753621101,0,0.44241738319397,22.969917088747,69.3157674074173,0,2.6559431552887,0.323577702045441,55.0749018192291,13.6477324962616,74.6962946355343,3.76234391331673,7.78946390748024,0,1.97473573684692,9.51703044772148,5.3263019323349,8227.11034747958,95.7035611569881,2.09714061021805,23.8041435480118,1.3547351360321,1543.36126601696,2721.79240342975,5878.92621403933,2176.58481681347,3.1750123500824,33.1494568884373,1162.21209400892,1408.79408156872,6.33064863085747,141.022171080112,1.34427964687347,0,2.73495861887932,112.024920850992,255.356866002083
463.620717436075,181.350224077702,16496.3510617018,1.06527510285378,0,15.1622312963009,611.398277640343,792.609969109297,39.8123368918896,26.3334741294384,374.934345245361,5.58106940984726,49.6595465242863,1034.15476593375,7.57215255498886,267.591742694378,0,907.526838630438,14316.7379308641,2.06287842988968,1865.67784713209,43.8478499650955,20317.5258831978,193.974318981171,3.18327257037163,8782.95952868462,24919.6987171173,1087.00042870641,1272.38986578584,3068.57718610764,1.44282424449921,6.58352908492088,97.4629031419754,8353.26590508223,284.413115084171,3448.73692849278,889.654550522566,3631.50990512967,2941.53936311603,19.9217737615108,39.3583587706089,5.37339860200882,558.980662465096,75.4772389829159,305.75549185276,206.737644910812,1.51618295907974,0,0,0,447.114433288574,250.878148555756,0,1.98816823959351,0,0.942444801330566,0,10.7172675132751,0,12.5836082696915,0,0.780531644821167,0,0,87.9090131223202,756.46225348115,20.2566453814507,487.719118505716,0,7.78804492950439,125.811647504568,174.94988489151,31.2131002545357,2.98369413614273,620.140779137611,4012.23279255629,15.2020774185658,0,5.48581591248512,0,0,0,143.925020962954,115.353396087885
36.8647573143244,149.84541657567,418.269797623158,4.49263259768486,2.66247051954269,56.7482439875603,287.693451493979,67.2622298002243,39.2653688192368,426.237645566463,15698.6572592556,263.005720764399,196.482642173767,214.683345884085,10.2404512166977,43.4865518808365,907.526838630438,0,4871.17485883832,79.6245197057724,398.669933974743,19.3720790445805,756.634779304266,41.8109235465527,132.045895397663,7214.45085155964,2917.55238056183,203.077736437321,353.32898452878,377.750976800919,105.106898218393,31.3544229865074,18.7129716575146,2958.08372367918,245.911000341177,3582.10372900963,5350.73773351312,4870.74540965259,2057.38635101914,36.7859612703323,39.6663824915886,13.3050512671471,230.906708985567,252.182544142008,110.992614388466,87.8602766990662,0,1.74617671966553,6.88727509975433,0,164.124790221453,11.1148981153965,0,0,0,0,0,6.48528310656548,0,126.874929457903,0,459.206702142954,1.02127122879028,1.07892298698425,7.77812305092812,55.0647495985031,280.090688616037,229.787685513496,0,0.45197993516922,14.2283263504505,6.3352432847023,0,32.6800268292427,1306.9728038013,2092.66166305542,0,2.50092697143555,0,206.38789254427,0,0,23.4637674689293,140.734023034573
113.16823130846,337.639293432236,1912.83088000119,3.14234572649002,0,12.4976795613766,236.50606828928,182.497046038508,58.1257480978966,135.817054867744,1198.72781163454,93.5516663491726,67.8082259595394,247.770448297262,7.48910647630692,77.6278271973133,14316.7379308641,4871.17485883832,0,23.9401572644711,715.833144292235,30.5999016463757,2280.46769109368,75.6271972358227,57.2349397838116,21350.7770498097,9834.11491832137,339.75095897913,363.941336721182,775.551152229309,11.1805120408535,3.26924553513527,31.2614048421383,5034.22431205213,259.117874324322,4015.56396621466,2383.50636856258,5216.32932415605,2785.44211733341,24.210887670517,37.4003923535347,4.42294651269913,587.45608356595,142.21401026845,352.819025039673,238.508326977491,5.24618679285049,1.32601034641266,1.1839245557785,0,584.428529709578,87.8769761621952,0,0,0,0,0,10.3935725390911,0,17.8393313586712,0,15.6502905189991,0,0,64.3238302469254,682.751149564981,163.358438849449,1251.17581379414,0,3.41081887483597,97.7280097305775,52.9227769672871,34.1390014588833,15.2733818888664,1644.38095715642,3723.41594451666,1.36335968971252,0,1.61087909340858,4.58898252248764,0,0.803321778774261,129.595728367567,184.166407287121
5.10477742552757,2.42426615953445,0.867857813835144,25072.6981501281,104.748616889119,508.9256041646,143.787937313318,534.871332734823,1464.0129044354,3970.79126566648,316.498779565096,6870.83219867945,306.051230624318,610.071679413319,432.028189301491,0.600262105464935,2.06287842988968,79.6245197057724,23.9401572644711,0,0.725409030914307,2.8686443567276,0.553772330284119,579.321831315756,3.69489812850952,34.2823204994202,14.5536118447781,1842.04833704233,651.905298799276,12.7363196611404,6.3753208220005,115.746247917414,1.4448034465313,206.552110880613,52.7031435668468,997.771380037069,75.8867087364197,148.046227097511,34.1639260351658,369.018725007772,62.3501661121845,29.6766129732132,82.5301311910152,2.73560425639153,14.1302037835121,5.45743817090988,337.412979543209,7.75400605797768,6.16095194220543,0,0,0,867.112194687128,74.5041655898094,72.5407720506191,71.445952475071,74.3280889689922,238.62353721261,1042.40186518431,6.40414747595787,579.258603841066,2.28516414761543,21.9717541337013,115.800029247999,0,0,0,0,515.564484715462,0,5.19353210926056,0,1043.43382823467,0,0,0,1518.26217234135,6.99286216497421,0,0,4.50790831446648,0,26.7011570632458,2.01991349458694
206.467981785536,74.0512253046036,5838.27111417055,1.27523827552795,9.91678750514984,51.2620784193277,2543.86236527562,947.219199061394,150.900808244944,24.9501067698002,544.686108797789,2.43472146987915,84.0104240179062,648.528595685959,60.0044583380222,12852.3676226735,1865.67784713209,398.669933974743,715.833144292235,0.725409030914307,0,452.150334388018,55064.9391352534,781.090346097946,39.3635617792606,913.826697647572,3901.63557641208,11234.7276670635,807.457532465458,36674.0218421519,7.75173541903496,12.0812288224697,219.284963816404,15879.5993989706,2321.77222383022,10082.463514775,1183.51563549042,15130.9317314029,7465.04574874043,115.516517281532,37.2309412658215,3.25433242321014,2516.64150980115,212.714993268251,267.453104704618,286.267514258623,26.7722374200821,4.96587872505188,0,0,30.6476112008095,29.4393567144871,0,3.10366427898407,0,56.6304616928101,3.86812502145767,65.4170944988728,1.75866585969925,2.65904226899147,0,0,2.15066918730736,15.6265419125557,2336.93504244089,45.646353662014,0.298495560884476,8.38205814361572,0,705.981694996357,945.373010396957,1383.49719202518,1902.93604880571,0,9.72791451215744,814.985144615173,1377.25357961655,4.12087732553482,88.6951357722282,0,0,2.40643465518951,95.4826547801495,300.816191345453
1.21392595767975,1526.02310732007,45.7443359196186,2.52677541971207,10.6710914373398,15.6874369382858,11.6282005906105,5.94658106565475,10012.6935706735,2.14908576011658,170.203143626451,0.646969020366669,1380.52922287583,11.6923041641712,51.7152355313301,5507.33946979046,43.8478499650955,19.3720790445805,30.5999016463757,2.8686443567276,452.150334388018,0,828.897649198771,17461.1142226756,973.751531988382,72.87950065732,11418.8134885132,856.298432648182,4.20824393630028,28.9642842113972,16.4546571969986,1.37010481953621,1.03435081243515,70.7247594892979,63.7325177788734,473.638648331165,118.214357167482,132.746476620436,119.445294767618,21.8535171151161,2.39453411102295,8.95190268754959,920.729044467211,115.402827590704,179.690899223089,177.919120073318,15.8372509479523,7.51952636241913,7.50000634789467,0,165.259818613529,22.8220843672752,0,0,0,25.6992571651936,8.03889608383179,135.514752089977,1.81945365667343,41.0214324593544,2.33322644233704,43.88550812006,9.4188237786293,7.35419297218323,2152.41918462515,73.0104119479656,6.36563807725906,35.6741522848606,0,361.082598537207,2243.82331639528,1107.14334619045,1056.62589797378,2.87488526105881,55.8578123152256,2305.33387383819,490.38067650795,10.0064686536789,32.5258246660233,7.76313307881355,0.365635484457016,4.57935577630997,56.8859528005123,79.8006464838982
1403.30741477013,65.2497724890709,50181.6524647176,1.09212589263916,17.5215599536896,67.9169727265835,3654.7704975605,3116.15253168344,131.889367222786,25.8236834704876,584.041391193867,2.03497630357742,230.850138068199,2991.83072578907,43.7126291692257,13116.2288856208,20317.5258831978,756.634779304266,2280.46769109368,0.553772330284119,55064.9391352534,828.897649198771,0,1343.00490027666,27.3298133611679,11161.349812299,48993.0420342237,11625.9746814072,2480.50070273876,14188.9450449646,8.81067571043968,21.3274882733822,192.775967687368,12147.5780711472,4427.05024945736,27835.5779661536,7315.74930122495,17342.1540208757,17641.3365822136,157.087112337351,121.13862106204,6.17184942960739,3983.38633647561,480.519378781319,1496.04958260059,1031.53128489852,33.5776526033878,8.56182038784027,0,3.0974625647068,52.9689888656139,447.718280732632,0,3.40162217617035,0,66.0642599463463,5.7238509953022,39.9538314938545,1.9715236723423,30.640866458416,0,0,12.1540324985981,16.7648590505123,7598.25900432467,420.159894824028,18.7810535728931,124.743223175406,0,1394.90573573112,1562.62648999691,8776.98061773181,1271.57119095325,4.88896715641022,75.3745447397232,10628.6662041247,924.111773908138,5.53582739830017,161.944869637489,0,0,0,428.254452034831,834.311495751143
14.8801198601723,2456.35865074396,82.0264868140221,4418.13989493251,315.408728659153,360.169884085655,212.078840464354,275.425530046225,38769.8642292023,935.419972091913,236.963183969259,222.707264393568,1615.60720936954,361.812586158514,2360.59540474415,5572.97983053327,193.974318981171,41.8109235465527,75.6271972358227,579.321831315756,781.090346097946,17461.1142226756,1343.00490027666,0,1178.25292056799,194.615881234407,8222.43827727437,20136.2483515143,310.882969766855,808.512880295515,17.5475446283817,100.339500516653,79.8496429622173,421.632339864969,822.675155907869,3948.4826657176,524.066273212433,817.274933427572,691.651023387909,759.975608438253,65.6951081454754,25.3275262713432,9334.8032066226,335.063717603683,884.124827802181,529.749032557011,1336.63569033146,323.386458963156,28.9399275779724,7.86367124319077,53.9369373619556,31.9906126260757,783.546239435673,30.6511934399605,138.281712830067,956.645593702793,674.930327296257,5305.98744356632,1274.61019855738,79.8776124119759,269.558549761772,9.6713005900383,438.245366543531,332.511861562729,1623.02309569716,24.4075767099857,1.83279061317444,7.6768681704998,489.626605898142,515.584328323603,2061.9197704792,839.935808539391,26083.9233728945,11.3680754005909,17.3933326005936,760.319889992476,13323.9692385197,642.345820397139,121.968986868858,0,49.7642215490341,102.03602963686,1117.73872211576,653.920693516731
0,4853.30318465829,3.08642303943634,0.579737365245819,0,6.82000333070755,7.36540201306343,7.80049222707748,1008.0751978755,18.4607834219933,1723.06067955494,8.919439047575,16666.8747220039,21.2428040504456,20.6558055579662,213.130161166191,3.18327257037163,132.045895397663,57.2349397838116,3.69489812850952,39.3635617792606,973.751531988382,27.3298133611679,1178.25292056799,0,375.817770749331,16040.7099553943,65.2020696401596,12.5015307664871,6.19582584500313,926.937303453684,8.64689469337463,0,153.621094107628,3.62637716531754,167.892054349184,463.793965399265,204.870382934809,76.5341262817383,7.22722274065018,3.97810649871826,49.9926441609859,187.363163650036,462.361170768738,118.376030504704,61.800671339035,4.64854490756989,24.6617265343666,72.4993861317635,0,256.315307378769,6.06870079040527,0,0,2.88025283813477,1.6770376265049,8.65935504436493,23.8742170333862,5.08712953329086,1912.0150155127,4.53063687682152,10205.1074334681,10.3005213141441,1.63175618648529,36.7773658335209,17.2275373637676,151.888311773539,170.936978936195,0,0.433378428220749,45.6184121966362,10.5492599010468,13.9231857061386,1443.40335059166,798.557166159153,5666.45194089413,1.63828837871552,35.9914683103561,0.430345833301544,779.203985840082,10.5032733082771,0,200.523503631353,5.31403493881226
133.232220947742,733.494018942118,29237.5453797281,2.33526206016541,1.07126691937447,48.0091552436352,464.873523741961,295.908376544714,108.913286685944,198.150673866272,5306.05737733841,121.951607078314,369.941873282194,359.045873254538,7.72743284702301,113.199584513903,8782.95952868462,7214.45085155964,21350.7770498097,34.2823204994202,913.826697647572,72.87950065732,11161.349812299,194.615881234407,375.817770749331,0,50579.3564209938,592.360651940107,377.222174197435,674.930763274431,99.4881435036659,21.7183822691441,20.7434113025665,1892.10495571792,341.964590251446,7377.50254032016,7345.13198375702,4617.0180066824,2949.4515735805,38.6389646530151,61.0991722047329,44.3215683996677,3498.90353134274,1789.94665253162,1738.39358557761,1265.52138265967,8.5520079433918,10.2291825115681,4.72394749522209,0.474091410636902,1783.34560096264,762.07386508584,0,0,0,7.57293802499771,0,39.6280565261841,0,844.217666774988,0,2522.18867859244,1.8873752951622,1.09558522701263,70.5816979110241,2670.26541939378,1955.72342884541,3627.50525951385,0,35.7647069096565,133.578474402428,178.985849022865,52.2464399039745,262.861440181732,10028.0541268289,24746.8946761787,21.8449217379093,6.59431722760201,31.5894627273083,1366.0868563354,0,1.71853303909302,568.613384783268,155.037423074245
128.353418380022,27002.8435882032,42247.7299312055,2.2398669719696,23.4049235284328,33.54198127985,436.216348022223,245.422118037939,4713.84497287869,75.2679860591888,1906.27515159547,46.2104051113129,3075.82493618131,306.290798336267,97.7492861449718,10396.6725038588,24919.6987171173,2917.55238056183,9834.11491832137,14.5536118447781,3901.63557641208,11418.8134885132,48993.0420342237,8222.43827727437,16040.7099553943,50579.3564209938,0,5618.29511770606,417.785822182894,1496.74613511562,511.629080981016,15.4660301804543,47.1138266921043,7836.71205787361,2709.11844828725,35989.872641027,9095.08522552252,17022.8354366124,15854.0612108111,129.924729764462,233.497389763594,71.1967990398407,12593.2244009376,2963.82112658024,6855.31387858093,4787.66959449649,69.0548752248287,24.8430827260017,13.5162513852119,23.2595937252045,12911.3598621488,2649.512383461,0,6.75273865461349,0,127.058840811253,19.5637141466141,118.653314083815,0.357282191514969,1148.19039386511,0,2483.7128970921,55.5610576570034,11.7362287640572,5883.2029312253,7663.47207909822,2818.65553864837,9683.61226886511,0,690.514484554529,9407.37835159898,7822.49343806505,1018.96082541347,587.72803747654,17061.7133792639,94362.4192442894,776.711511820555,50.6103059053421,275.660868674517,938.028385162354,1.98417621850967,1.50865238904953,2184.73514914513,897.169042617083
301.777069956064,121.524067848921,2131.47509092093,12087.9594600797,261.840093106031,3387.06947085261,49991.466772899,8264.4648720324,6715.26303428411,14650.0342952609,979.142034217715,944.563266336918,1879.70712834597,3457.77949149907,1541.34820568562,2946.14139595628,1087.00042870641,203.077736437321,339.75095897913,1842.04833704233,11234.7276670635,856.298432648182,11625.9746814072,20136.2483515143,65.2020696401596,592.360651940107,5618.29511770606,0,5194.83638855815,25734.2857840061,7.84507048130035,600.22265252471,1121.48110952973,5299.53060370684,3876.84367725253,15191.731646955,1320.98157152534,7743.40863367915,5061.0588465929,1243.18704593182,417.977906793356,86.0553266406059,9167.49007552862,260.713205367327,953.180329561234,422.664144992828,1771.49927940965,380.049156367779,58.1258416771889,10.2441961169243,40.1039639413357,36.9407822191715,1156.06062084436,48.9404054284096,116.429033070803,1207.82978901267,454.591800898314,2695.1781475842,1959.36930501461,19.7271955609322,434.195073962212,0.556954503059387,265.375836014748,309.072479784489,899.139216065407,46.741857022047,0.617245197296143,1.40301087498665,807.773780703545,384.399163454771,859.274151355028,540.238808840513,24345.534476012,2.26732409000397,4.18158784508705,785.851791411638,16270.1531754434,613.80753198266,100.102103829384,0,6.72486436367035,88.6845077574253,1139.74961081147,698.309131681919
4455.65263000131,20.0024876594543,492.963199824095,145.089545190334,27.5492314994335,562.836555629969,8526.88999758661,1677.28424608707,278.192265480757,5915.14270079136,3928.73575076461,1759.140427351,1133.28225818276,21089.2805472314,122.222447603941,7.71406602859497,1272.38986578584,353.32898452878,363.941336721182,651.905298799276,807.457532465458,4.20824393630028,2480.50070273876,310.882969766855,12.5015307664871,377.222174197435,417.785822182894,5194.83638855815,0,19797.2637986094,41.6183779835701,2000.82548648119,6018.53184682131,8973.98204931617,272.703674674034,2964.10734438896,256.042528837919,1567.16739845276,310.276154369116,457.017062664032,296.551072657108,136.114236712456,248.737079918385,21.0577495396137,20.7213370800018,19.5601677298546,35.2724289298058,2.4103462100029,26.4598296582699,0,8.61274021863937,0,5.11371392011642,4.13392245769501,0,23.1701342761517,1.95340511202812,156.9496537745,6.79704761505127,100.963531970978,5.59890121221542,45.6827397942543,5.20019429922104,6.34007209539413,0,0.451097667217255,6.15249884128571,4.16380590200424,2.44654411077499,0.432873338460922,6.81393003463745,1.43830913305283,956.642052412033,3.61838555335999,8.08957728743553,31.6282158792019,377.7880654037,10.0409272909164,1.38732314109802,0,0,0.902296423912048,53.9536825716496,35.8807660341263
9762.13398632407,12.1821322441101,1824.45028951764,4.83763325214386,23.1582195460796,228.219959139824,21918.0390645415,12639.3472827673,99.0949575304985,146.405019462109,697.18648698926,22.0366872549057,360.92834174633,20634.5192655176,120.772521048784,192.394501298666,3068.57718610764,377.750976800919,775.551152229309,12.7363196611404,36674.0218421519,28.9642842113972,14188.9450449646,808.512880295515,6.19582584500313,674.930763274431,1496.74613511562,25734.2857840061,19797.2637986094,0,13.0940143167973,127.58348479867,3668.13573727012,12959.9253916442,1263.68658703566,2790.90695369244,199.782245337963,7686.50741934776,3232.95581334829,212.911683946848,130.801766633987,18.5547607243061,339.507028251886,13.6271960735321,37.5641565322876,39.5881752669811,15.0735832452774,5.98407173156738,2.60242035984993,0,4.39281260967255,9.39969092607498,0.854163825511932,3.81252217292786,0,11.1796814799309,0,66.5750179886818,1.20313835144043,3.43713048100471,0,4.08793994784355,0,4.05063199996948,66.2973694205284,5.35549840331078,0,1.22961077094078,0,41.0165831446648,44.9478030204773,59.4688997268677,433.936031907797,0,0.461597055196762,184.602327495813,255.753839343786,0,5.07421469688416,0,0,0.588862895965576,19.9990836679935,173.093813061714
0.811935245990753,183.710805773735,0.869297981262207,0,1.03290858864784,9.46499824523926,19.7940919399261,5.48091802000999,31.3422607928514,25.4182338118553,1350.4109583497,22.1182422041893,729.792310804129,33.8154879808426,5.16236156225204,1.62702697515488,1.44282424449921,105.106898218393,11.1805120408535,6.3753208220005,7.75173541903496,16.4546571969986,8.81067571043968,17.5475446283817,926.937303453684,99.4881435036659,511.629080981016,7.84507048130035,41.6183779835701,13.0940143167973,0,8.8018339574337,0,109.588309526443,8.87746301293373,332.409565985203,617.16215467453,298.198517292738,150.916291356087,7.7701610326767,5.36169254779816,70.814373344183,149.301576584578,454.390186727047,89.0392837524414,39.548622995615,3.56101495027542,4.68109545111656,11.2041794061661,0,32.3857218325138,0,0,0,0,0,3.6366411447525,0.802176952362061,0,919.073660433292,0,3501.08963489532,2.23439794778824,0,0,0.992551922798157,173.082289814949,71.5546992719173,0,0,10.8588426709175,0,0.429673582315445,188.018276780844,1955.06853735447,4266.1085319519,0,8.9539361000061,0,1189.87753927708,3.65112915635109,0,53.6618705391884,4.21826463937759
