0,2.39421266317368,314.05042681098,12.3535612225533,0.626856327056885,88.5029053390026,18571.5560128689,3440.56239321828,26.6599651575089,183.34389898181,79.5232911407948,58.8020505905151,19.213616579771,17079.4350142479,7.48696637153625,5.85050448775291,217.57895258069,21.275458753109,46.8786179423332,23.1271914839745,606.721515029669,8.86635845899582,888.943385601044,224.953027278185,18.9964925050735,150.332211136818,88.5906659066677,1603.89488899708,4024.51829430461,5854.93659955263,4.56428837776184,54.2575798034668,16.2409991919994,139.187005549669,39.5169781148434,329.739851415157,12.2976179122925,187.463233619928,52.145699352026,22.66612008214,11.4499415159225,14.5333968400955,54.495833337307,1.54286408424377,30.9089865684509,12.2172365188599,4.98073077201843,3.68521732091904,1.08766010403633,0,0,2.60904401540756,6.31974369287491,0,2.00858402252197,9.65776681900024,5.18511289358139,14.3553955554962,0,1.80318105220795,7.77841293811798,1.41675913333893,0,1.82480737566948,6.80662214756012,0,0,0,0,3.96254259347916,10.467772603035,5.0898802280426,116.82907268405,0,1.62158858776093,30.2825291454792,43.2278132140636,10.5864393115044,5.26899963617325,0,0,1.25793218612671,11.5296528339386,8.51608377695084
2.39421266317368,0,479.982466816902,1.92076766490936,14.6499462723732,4.57390674948692,12.2856032252312,9.4453190267086,1802.8753285408,12.1181345582008,534.484442412853,10.3957359790802,4211.83173066378,36.9568659961224,53.2580859959126,344.960269570351,366.958618998528,37.4227520227432,52.1561541259289,2.16419011354446,84.0784820318222,3106.1094340384,214.074369668961,1732.6136932075,3851.94286334515,438.261002123356,31818.9228206277,135.236255794764,42.5133300423622,15.5059210062027,182.500541806221,22.3931456506252,2.1401281952858,256.169425934553,32.840220272541,696.403565078974,590.95582523942,579.618528842926,236.727157771587,70.0174826681614,0,372.13541585207,147.211029291153,59.9290786385536,101.265480309725,127.298369169235,1.95638054609299,2.21196126937866,8.87135052680969,1.43624633550644,2139.9329739809,77.8687869310379,1.34671092033386,4.11269509792328,0,3.19519317150116,0.663812756538391,28.8537203669548,0,54.9741837978363,0.698713779449463,138.48868483305,0.718070149421692,4.17407447099686,73.4604689180851,76.7696243822575,34.215671479702,160.304990321398,0,15.733233332634,384.586034595966,66.1736837923527,86.8499724566936,96.0963156819344,638.730283468962,6313.14031106234,19.8117122650146,1.87547618150711,4.2834979891777,179.619928479195,0,0,27.3332236707211,48.6625600457191
314.05042681098,479.982466816902,0,0,7.56567314267159,82.0366639792919,299.284850388765,2056.18625217676,28.7070364356041,30.2240349054337,349.696613818407,12.3699631094933,7.78526744246483,2102.59201145172,4.20146343111992,86.0791252553463,13578.0578801036,512.366966843605,1436.15516474843,9.91066867113113,2068.47036510706,137.593629956245,56418.7000869215,148.423650354147,25.2728644311428,35229.5016297698,29822.9864450097,1858.03232654929,1296.54516977072,2381.09834852815,23.4380934238434,41.837384223938,36.3633902072906,2496.78507009149,361.768969118595,6357.90763172507,1147.63510671258,4022.50082999468,2305.35314226151,23.2275762856007,24.7289809882641,23.8189321160316,451.983842402697,83.3052769601345,249.769298344851,309.789147675037,4.40233045816422,0,0,2.66436180472374,384.806368768215,997.92844632268,0.496978789567947,8.79947555065155,0,11.4935911297798,0.563978016376495,21.3195973038673,0,9.26027196645737,1.74373257160187,1.07178255915642,5.72761633992195,3.49190098047256,165.647596389055,403.558508038521,47.1546460986137,208.659245312214,0,19.4045951068401,215.072476804256,461.126607954502,96.7793814837933,4.5893896818161,1158.55641525984,10279.8147526979,36.2828921377659,0,14.9800390005112,8.99200391769409,0,0,114.683042377234,506.846472650766
12.3535612225533,1.92076766490936,0,0,92.8868484795094,485.223096430302,201.698286563158,293.279363781214,2252.52301120758,11465.0384881794,110.252696216106,1670.30345800519,11.8223468661308,213.525909513235,216.4182959795,0,0.460803836584091,12.6556955575943,3.7345977127552,40708.3258701265,2.09046119451523,0,3.44395372271538,5511.16225758195,66.3316344022751,25.5606323182583,2.35146737098694,17904.1662509739,107.64362257719,3.97065871953964,3.24704459309578,62.0942471921444,2.35338667035103,88.5168801546097,25.9518158733845,445.501640051603,6.43314069509506,108.08840456605,57.1649835705757,314.914902240038,47.7263793349266,37.3474100828171,115.384376347065,0,72.2898982465267,14.9011079072952,641.558432757854,15.7564415335655,8.58070319890976,0.746031165122986,0,0,2818.04243323207,42.796374797821,110.171941459179,79.8080533444881,253.760815709829,640.143390834332,465.432172298431,9.88489472866058,1117.19234073162,4.00252789258957,57.1269444227219,188.202812492847,0,0,1.10101881623268,0,1155.01075214148,0,1.69965481758118,0,1746.5042258203,0,0,1.00672912597656,821.387942969799,11.9695108234882,1.05371689796448,0.434293508529663,2.69672226905823,2.46701753139496,12.5057366788387,8.3888036608696
0.626856327056885,14.6499462723732,7.56567314267159,92.8868484795094,0,2082.91028612852,152.1427064538,101.518441230059,756.35526740551,387.881433546543,45.1227431297302,1327.5170994401,6.0821408033371,36.7634563446045,3769.29320934415,27.103961288929,4.26475781202316,2.52095291018486,2.98908376693726,223.040571480989,90.2046491503716,74.6801792383194,96.2788457274437,856.007417321205,103.343207240105,10.3851110041142,78.1897184252739,279.806856662035,19.8608094453812,12.2766469717026,1.64694964885712,374.528886705637,0,2972.70635980368,754.658567100763,1265.08475878835,25.5068696141243,36.1454413831234,57.6683728396893,14937.535246253,6009.22111594677,14.8895924687386,54.9893210232258,1.23866736888885,7.26375287771225,9.45902365446091,328.424994260073,0,2.98354756832123,0,0,0.812772810459137,126.789037644863,13.4054529070854,17.6163906157017,4.39596831798553,12.9296052455902,82.4861344993114,12.478998363018,6.59301966428757,163.247441768646,0.602343082427979,0.572552025318146,63.6863880753517,17.2066332101822,0.645617485046387,0.950602173805237,0,42.4159866571426,3.28283214569092,3.46297979354858,13.9421151280403,120.441580682993,0,1.59077960252762,13.5342103540897,31.7496805489063,0,5.3250207901001,1.02164077758789,1.17802345752716,0,0,929.020786017179
88.5029053390026,4.57390674948692,82.0366639792919,485.223096430302,2082.91028612852,0,11091.7900831699,8167.53608047962,622.722040235996,31273.872364819,324.711476802826,12240.704485625,66.3623650968075,3894.9171590209,2804.36703687906,0,58.074516415596,20.1411804258823,12.5489010214806,1705.64632979035,96.6200729608536,11.0085861682892,207.97276327014,1077.88460195065,211.155041694641,78.276887357235,24.5106355249882,6467.28314599395,325.497055649757,208.750859111547,11.2939793169498,535.401533067226,11.6247675120831,267.726596713066,2542.97285029292,2468.70187273622,27.0164586305618,313.230583697557,238.418717265129,5945.98907482624,510.984172165394,108.923677861691,203.791092574596,2.30461233854294,104.961992502213,20.5230497121811,338.01177161932,14.3778313994408,10.782563239336,1.33712583780289,0.831740617752075,0,483.98366060853,12.3814215660095,28.6263914704323,80.4028432667255,150.897035002708,189.790557831526,64.3862979710102,5.01605343818665,475.432063609362,4.59257030487061,34.4967319369316,72.2970188260078,1.78305685520172,0,0,0,174.263391017914,0,8.88684856891632,1.0493950843811,1450.02550628781,3.36574396491051,0,3.17593598365784,519.002975344658,14.897637039423,1.48433929681778,0.464583694934845,0,4.20992404222488,19.3275871276855,292.748803108931
18571.5560128689,12.2856032252312,299.284850388765,201.698286563158,152.1427064538,11091.7900831699,0,15691.2021294236,567.964716076851,22469.6700321138,1573.4847612977,441.787504792213,207.022452771664,24195.2143002748,305.986242681742,5.77898970246315,120.518262386322,335.339550286531,121.805699825287,261.521818608046,875.386960685253,37.8272815942764,650.261415719986,10268.0596344471,232.295253247023,760.082484334707,393.188017845154,68521.7437876761,4593.60760480165,17208.7333160341,84.2176031768322,584.502276033163,673.435147583485,979.646876394749,797.273349314928,3829.94094106555,122.473006725311,2001.46632069349,519.770577162504,529.465766966343,281.737375944853,241.233185946941,413.793101817369,3.38853907585144,145.799913764,56.7841013073921,87.0787259936333,28.3723437786102,9.13740253448486,2.38800966739655,0.43224823474884,5.05049723386765,508.539581656456,6.0248409807682,38.581521987915,73.5766496956348,143.434030473232,226.89939686656,80.1729351878166,6.10970863699913,222.347875863314,14.6007156968117,31.6607669889927,25.840628683567,25.1833271980286,2.37576550245285,0,0,130.796262800694,12.7144876122475,40.4900444149971,14.9699753820896,1179.46724945307,7.81121230125427,0.514948308467865,51.7287019491196,523.264811992645,39.6640284657478,21.3098892569542,0,0,8.53783285617828,37.3659033179283,113.914137035608
3440.56239321828,9.4453190267086,2056.18625217676,293.279363781214,101.518441230059,8167.53608047962,15691.2021294236,0,506.379290014505,6333.41910585761,694.632581055164,3626.50012075901,139.185095578432,31944.8910622895,176.397172600031,21.8089206218719,1667.61482939124,90.5253940522671,315.32675781846,1125.00271517038,2585.30853998661,43.818322211504,5572.0394988656,1429.20722284913,671.474930524826,1028.11858019233,522.200005143881,5530.37999013066,1010.843598634,5349.10631874204,17.792231887579,644.264238059521,26.7915947139263,874.115903675556,390.124170690775,6199.01066827774,175.310946583748,998.811249345541,705.55480915308,2384.58132234216,146.734964609146,283.004450321198,409.902093797922,9.84056550264359,246.788311034441,43.4788217544556,111.354785233736,18.4988393187523,13.0647463798523,2.00637704133987,1.67824038863182,3.31726083159447,232.953982263803,5.18227654695511,12.7916418910027,142.683237493038,166.940484106541,269.962491214275,57.6565486192703,6.75451526045799,497.363198399544,17.1062208712101,34.6672357022762,9.6377489566803,30.4335627555847,0,0,0,77.8676450550556,10.983525454998,47.3997451663017,7.56893041729927,2224.99547219276,11.4030304551125,0,47.7970917522907,648.709012031555,36.6083531081676,11.335120588541,3.45142370462418,0,16.1720888316631,40.9163089096546,83.8666363358498
26.6599651575089,1802.8753285408,28.7070364356041,2252.52301120758,756.35526740551,622.722040235996,567.964716076851,506.379290014505,0,1004.14714094996,351.547984063625,2674.15735703707,1191.43528729677,430.542917847633,2139.58619332314,71.9039246737957,28.6911171674728,52.7514744699001,21.4293242096901,1500.96365922689,60.7685087919235,10389.050773263,65.1038831174374,42556.3909013569,1979.39624068141,230.643272936344,6910.41043350101,4326.98066079617,568.556483745575,151.646130591631,147.644313335419,180.12158280611,123.070599675179,204.137770265341,434.809478759766,2933.58932778239,186.039962857962,564.321142852306,178.139030516148,3084.11076211929,156.907928735018,119.457694858313,1297.59135118127,59.1978253126144,520.370581507683,137.328812122345,850.589395940304,82.5831190645695,27.9094008207321,21.9974376857281,38.6112730205059,7.97016793489456,2839.68836832047,75.2308297455311,176.932285070419,368.41674888134,477.805513620377,4831.4521727562,372.118266403675,89.8873167037964,946.143376410007,26.2585726082325,284.018120229244,315.24847650528,696.688042223454,8.71804547309875,41.8357248306274,13.4416941702366,694.778923004866,227.702441900969,697.566874295473,150.375011026859,6822.97105357051,32.9346055090427,96.1501076221466,206.095617175102,2053.74207624793,373.623078107834,169.961795270443,8.03855419158936,61.7268494069576,43.3346462249756,182.870368897915,395.051778167486
183.34389898181,12.1181345582008,30.2240349054337,11465.0384881794,387.881433546543,31273.872364819,22469.6700321138,6333.41910585761,1004.14714094996,0,1960.21985784173,9216.0124899745,294.5715688169,3683.13575160503,905.329368203878,0,26.0986750125885,214.699151486158,59.1445314586163,17684.0812771618,16.2373197078705,11.106869250536,39.1656672656536,1738.62862956524,443.110835343599,503.705508798361,113.771689236164,27907.5597142875,1205.83507680893,72.8931490778923,68.0068393647671,854.336214482784,8.45468544960022,971.917096555233,652.509648948908,4823.73862197995,125.003234446049,1201.51783773303,597.4871943295,1078.52390128374,347.675433933735,344.460733443499,154.671431899071,4.4456650018692,158.364116817713,30.064025580883,476.405341923237,20.3355896472931,19.4746561944485,1.16386717557907,1.56911182403564,0,1511.72668296099,22.0898027122021,81.9378532469273,120.661321014166,260.392036318779,433.864521592855,260.544803828001,4.60691398382187,745.208694189787,9.2244499027729,47.9334920048714,87.474521458149,2.73109871149063,0,0,0,509.945738017559,0,9.32587844133377,0,2362.85867699981,14.6156900525093,0,0,977.184467494488,12.2195461690426,1.6914279460907,0,0,9.02098345756531,12.1913094520569,77.3948747813702
79.5232911407948,534.484442412853,349.696613818407,110.252696216106,45.1227431297302,324.711476802826,1573.4847612977,694.632581055164,351.547984063625,1960.21985784173,0,1575.89951497316,5794.51375201344,4125.54215884209,28.8413287401199,60.4486632049084,381.740865468979,10827.2083391845,1322.70658069849,568.320334732533,610.968948662281,263.893098503351,1458.17278972268,788.635295957327,1410.02087372541,6306.19388371706,2061.08344951272,1373.61098498106,5721.73978120089,736.779693573713,1169.84676662087,2706.01025477052,21.3766915798187,8641.44838353992,142.155415534973,1933.49525618553,7230.79368582368,11565.4538712502,1039.37393948436,68.7524779736996,51.8401769399643,2844.54744356871,34.2587766647339,359.891396671534,71.3666184842587,12.3821110725403,2.84540295600891,2.80038237571716,286.450203359127,0,151.389577686787,25.4965571165085,7.11247053742409,1.30091369152069,0.426185339689255,0,10.8038311898708,80.7586712539196,0.551451802253723,1669.78789877892,32.9788799583912,4777.80295103788,16.4498339891434,1.28732812404633,28.2793056666851,2.68806463479996,4.04088258743286,8.88593077659607,0,1.75292646884918,55.742762863636,31.0897809565067,77.5452049672604,1240.51341587305,315.381608605385,905.275804758072,9.06175071001053,43.5862691998482,1.06633377075195,1774.84910437465,38.9448240399361,0,53.6518633961678,94.2482417225838
58.8020505905151,10.3957359790802,12.3699631094933,1670.30345800519,1327.5170994401,12240.704485625,441.787504792213,3626.50012075901,2674.15735703707,9216.0124899745,1575.89951497316,0,284.090999096632,2527.64101466537,3940.69669643044,0.831180214881897,4.36862200498581,128.653063297272,26.3795414865017,19891.3304138482,7.89713624119759,17.5457470417023,19.7043223679066,1270.13889655471,470.713549882174,298.704521149397,67.0008789896965,2072.24164733291,585.493163049221,84.3233027756214,50.0843831598759,932.327350944281,1.45427995920181,879.865949779749,3590.31600210071,3653.21758460999,101.616960257292,715.420541763306,466.817172765732,2929.45355284214,204.537766069174,260.213339090347,36.9399652481079,5.18909165263176,16.7074572741985,12.015839099884,1512.34535458684,5.80720654129982,17.7799764871597,0,1.62612462043762,0,1048.18089100718,73.8127699494362,160.038788944483,15.7221230864525,84.5527627468109,448.033653348684,683.047083497047,17.6752055287361,1468.70361894369,9.46988329291344,33.7271073758602,408.016745090485,0.916506886482239,0,3.5253289937973,0,597.234732240438,0,3.37435460090637,0,655.267759472132,19.4014596939087,1.84017762541771,0,183.593257844448,9.50897458195686,0,1.44710806012154,5.35161480307579,0.462006956338882,2.22893178462982,299.496796786785
19.213616579771,4211.83173066378,7.78526744246483,11.8223468661308,6.0821408033371,66.3623650968075,207.022452771664,139.185095578432,1191.43528729677,294.5715688169,5794.51375201344,284.090999096632,0,447.542088270187,29.4548721015453,95.8936383426189,2.91819104552269,22.5917532444,1.78528654575348,100.793231785297,31.1358325779438,1818.00198841095,28.7881756126881,770.97661331296,12120.9514372349,288.141137868166,4285.48586249352,186.653736501932,496.072141855955,57.9376299083233,2481.97771757841,357.545912653208,0.402858525514603,681.125411599874,17.8326851129532,404.682802855968,5306.90660652518,1930.99987950921,78.6772420406342,36.3806172609329,4.99324452877045,5560.93339660764,33.0889478325844,644.444826573133,100.823070913553,16.7521420717239,3.92500746250153,1.9338344335556,534.777739226818,3.65756982564926,380.621894359589,0,2.36272555589676,0,0.612205147743225,0,18.8029169440269,47.9326881766319,1.61984187364578,3955.6417799294,14.2247504591942,11636.6647812724,30.4374452531338,1.1159805059433,1.9237956404686,0,6.30706718564034,13.4622756838799,1.48262274265289,0,98.0067012310028,0.638686418533325,35.2569851279259,5472.0282766521,624.884505867958,1829.889256984,0.478678405284882,76.9211013317108,0,4534.46659943461,76.463915348053,0,126.812725901604,7.38758534193039
17079.4350142479,36.9568659961224,2102.59201145172,213.525909513235,36.7634563446045,3894.9171590209,24195.2143002748,31944.8910622895,430.542917847633,3683.13575160503,4125.54215884209,2527.64101466537,447.542088270187,0,93.604716360569,29.0481478869915,2651.54631784558,720.032325476408,646.355187356472,768.871355086565,2881.9769218564,65.7846787571907,6308.20829033852,1746.52742451429,485.96871599555,2218.73455244303,1063.04108673334,6002.76236322522,16643.7808887661,13783.0316815078,147.690316230059,1097.63473528624,107.866049438715,2203.41393312812,281.638527423143,3437.33180132508,204.438363075256,1562.97656837106,504.703643500805,298.104580551386,81.3697808384895,235.777358531952,361.286837786436,4.42983722686768,149.607160449028,42.2801441848278,83.6820049583912,16.847989320755,16.0070917010307,2.81302601099014,9.00524637103081,11.8022952973843,95.1021989583969,1.95565700531006,6.3908753991127,58.4155802428722,58.3694857954979,181.007847964764,13.6621289253235,21.2545490264893,257.864365458488,37.6550504267216,17.5006790757179,12.2460693120956,27.8483196794987,0.522992372512817,0.469569444656372,2.43820691108704,40.2188425064087,14.1685182750225,52.1381709575653,13.4357383549213,1368.97804132104,26.6793015301228,14.6232994794846,121.636150479317,377.848307520151,17.0881455242634,18.6687496304512,3.90362691879272,0,13.2223755717278,43.9552435278893,53.2725051641464
7.48696637153625,53.2580859959126,4.20146343111992,216.4182959795,3769.29320934415,2804.36703687906,305.986242681742,176.397172600031,2139.58619332314,905.329368203878,28.8413287401199,3940.69669643044,29.4548721015453,93.604716360569,0,24.4385079741478,5.58770370483398,4.18190324306488,1.85317981243134,624.246971577406,128.809622436762,283.740151941776,70.8548905849457,3199.91270369291,135.132919758558,17.5758405327797,199.009544909,1025.71199211478,73.7185826599598,80.8572348058224,1.91720643639565,198.063854753971,4.10277980566025,49.2353762388229,1568.871337533,598.884628415108,29.4717329740524,67.0847699046135,63.4609077274799,3457.55274000764,219.571063905954,28.6777323186398,133.140083581209,23.4147020876408,49.6861663460732,82.4319105148315,630.207590579987,12.1562317013741,8.05904418230057,0,1.02557396888733,2.86532354354858,361.410041064024,35.4068967998028,55.3626544475555,34.1591660380363,31.0700163841248,196.208753198385,40.9629512727261,3.97423905134201,445.117422670126,3.28468376398087,9.22134011983871,155.026747405529,34.3848447799683,0,2.14591687917709,1.34174633026123,187.868525207043,15.1747537851334,5.23262810707092,16.7365253567696,478.741226643324,0.822322010993958,4.84870785474777,13.4843319654465,155.999487638474,5.38798463344574,7.08883261680603,0,6.106729388237,0,3.72872972488403,2254.60015943646
5.85050448775291,344.960269570351,86.0791252553463,0,27.103961288929,0,5.77898970246315,21.8089206218719,71.9039246737957,0,60.4486632049084,0.831180214881897,95.8936383426189,29.0481478869915,24.4385079741478,0,319.870250880718,61.389178365469,101.003051936626,0,10957.8213204443,8258.28835403919,14070.994345516,5312.57423397899,183.176394075155,282.123602867126,12936.1355722845,1187.92179274559,38.1073884963989,243.523081362247,15.8074455857277,0.629790008068085,1.75024199485779,442.129497736692,685.887125492096,7495.67238134146,1111.57678413391,2065.66895020008,1797.58392783999,27.277537882328,26.4460740685463,10.0716866254807,1991.30299320817,326.85060992837,614.873256087303,463.58447059989,76.4453517198563,5.34803676605225,2.80781531333923,1.13801610469818,74.3406154811382,58.310780197382,0,6.10877066850662,1.38968420028687,23.9856378138065,3.19608423113823,21.1236064136028,0,7.63861039280891,1.5130210518837,3.4393612742424,15.3930522501469,14.1718770861626,6643.84267967939,26.8665708005428,16.545003503561,21.7940777242184,0,1269.62775149941,1132.23787179589,3298.03210917115,701.886370778084,7.76062026619911,82.1181465983391,1607.46579518914,833.623167276382,31.9187158346176,85.0599062144756,1.77835977077484,0.810030877590179,7.84584403038025,193.716852277517,537.580327689648
217.57895258069,366.958618998528,13578.0578801036,0.460803836584091,4.26475781202316,58.074516415596,120.518262386322,1667.61482939124,28.6911171674728,26.0986750125885,381.740865468979,4.36862200498581,2.91819104552269,2651.54631784558,5.58770370483398,319.870250880718,0,909.079655557871,5117.02030900121,5.10187387466431,1958.30234494805,136.924601256847,11531.691853404,244.04613044858,21.8306403160095,25671.1720689535,18003.2847526073,1030.39849087596,3521.92431974411,3984.55017521977,8.9040462076664,75.1129408478737,283.406604081392,3327.07671353221,72.9925507605076,904.931863337755,362.122158139944,1428.40164586902,517.3849850595,26.5769974291325,16.5927673578262,20.8619830310345,118.193666368723,21.519718170166,71.8852514028549,59.048066586256,1.96612930297852,0,0,0,214.570447385311,184.813466131687,0.519257843494415,1.36999773979187,0,0.687468349933624,0,6.56760931015015,0,1.42344209551811,0,0.925664842128754,0,1.32788813114166,148.462226897478,73.1237078011036,7.93313127756119,37.9143578410149,0,21.7622479498386,62.567051500082,144.147037386894,42.9095718562603,1.91356992721558,290.732643216848,2598.13544389606,32.8418020009995,2.06746172904968,4.16358894109726,5.35724472999573,0,0,17.4074552357197,29.7902928590775
21.275458753109,37.4227520227432,512.366966843605,12.6556955575943,2.52095291018486,20.1411804258823,335.339550286531,90.5253940522671,52.7514744699001,214.699151486158,10827.2083391845,128.653063297272,22.5917532444,720.032325476408,4.18190324306488,61.389178365469,909.079655557871,0,4904.15429165959,69.571233779192,547.752234905958,40.4159333407879,1476.46964499354,152.433750867844,104.079582184553,5148.21481579542,2898.76466247439,415.505017161369,1255.6713540256,284.52114662528,93.9106712937355,187.803409308195,21.8513506352901,3423.6595954299,185.320965141058,1586.40678444505,2666.68324068189,3861.63586044312,1406.17302981019,7.85397323966026,16.0337516069412,10.9748214483261,32.5075626671314,27.3496699929237,31.2736154794693,39.852166891098,2.85369980335236,0,0,0,45.4473847448826,21.7790962159634,0.433700382709503,8.53011608123779,0,0,0,6.57552829384804,0,10.8123059868813,0.808020114898682,31.0377647280693,0,3.82544493675232,22.4932129979134,8.80655452609062,10.4681099951267,45.9698456823826,0,0.578249096870422,17.3151634037495,30.0311095714569,2.95212045311928,16.3924670815468,360.944036126137,793.788558423519,0,0,0.947372704744339,136.062708854675,0,0,6.35196620225906,169.0133664608
46.8786179423332,52.1561541259289,1436.15516474843,3.7345977127552,2.98908376693726,12.5489010214806,121.805699825287,315.32675781846,21.4293242096901,59.1445314586163,1322.70658069849,26.3795414865017,1.78528654575348,646.355187356472,1.85317981243134,101.003051936626,5117.02030900121,4904.15429165959,0,24.8104604482651,771.943316668272,31.4597612023354,2824.95000311732,109.637647151947,26.2047346234322,11896.9220695794,4789.22299417853,391.740616440773,975.485751181841,672.703073561192,9.0728667974472,30.0816322863102,46.8137365877628,4027.25754508376,60.1409217119217,853.353437900543,554.130231231451,1528.48428055644,635.104597330093,7.12337517738342,13.2012023925781,3.67546725273132,28.0444697141647,5.32047528028488,10.7279604077339,12.6399128437042,2.12349486351013,0,0,0,31.1380734443665,35.8788147568703,0,3.20488619804382,0,0,0,3.36013951897621,0,0,0.491897374391556,1.78100436925888,0,0.922457158565521,35.3067862689495,13.0986634194851,2.54878383874893,25.9840438365936,0,1.7721241414547,14.2821446061134,31.4039396047592,2.95082265138626,1.54452192783356,186.703459888697,646.56511554122,4.22571885585785,1.61919939517975,0.58120721578598,15.9991928935051,0,0,2.28717568516731,67.299241900444
23.1271914839745,2.16419011354446,9.91066867113113,40708.3258701265,223.040571480989,1705.64632979035,261.521818608046,1125.00271517038,1500.96365922689,17684.0812771618,568.320334732533,19891.3304138482,100.793231785297,768.871355086565,624.246971577406,0,5.10187387466431,69.571233779192,24.8104604482651,0,2.37430375814438,2.37678349018097,11.9553707838058,3154.21749094129,236.359686642885,158.02662050724,63.2434359192848,10120.9145763218,343.065472334623,25.4876672923565,23.2612135410309,285.666364610195,7.76727229356766,317.453949183226,171.310351639986,1585.7481393218,41.5895857810974,385.619088411331,184.212794005871,589.678257673979,138.78091186285,131.904136955738,292.955326676369,7.4794334769249,210.950058579445,48.861170232296,806.939518392086,35.7196788787842,23.2206877470016,0.623184621334076,2.58889883756638,0,2516.5350881815,35.6523054540157,161.571091353893,209.299480259418,544.155762523413,543.842927485704,495.419717282057,14.3459185361862,1117.0811586678,4.5695943236351,160.131310462952,219.739487946033,0,0,0.320068657398224,0,847.086289912462,0,8.95117765665054,0,2614.91625148058,5.07697409391403,0,4.6772478222847,1201.54645293951,52.8971366584301,0,0,11.4679698944092,4.77286726236343,45.1235233545303,34.3725438117981
606.721515029669,84.0784820318222,2068.47036510706,2.09046119451523,90.2046491503716,96.6200729608536,875.386960685253,2585.30853998661,60.7685087919235,16.2373197078705,610.968948662281,7.89713624119759,31.1358325779438,2881.9769218564,128.809622436762,10957.8213204443,1958.30234494805,547.752234905958,771.943316668272,2.37430375814438,0,626.33951073885,66809.6284806728,1613.02284106612,50.1133491396904,1496.60880115628,6045.72578978539,23640.1382417679,2591.94267070293,49305.9934100807,19.2925209105015,51.4522580206394,350.453082919121,11865.8916499019,2439.09791240096,12403.9446366727,536.887378245592,15193.9656238854,6405.79388311505,164.888713657856,107.771485239267,68.8248829245567,763.968855440617,88.7442708313465,231.261770427227,170.668513327837,34.3373729586601,11.9763085246086,1.83346313238144,3.75724029541016,24.6297383010387,56.6603089869022,0.569560527801514,7.20638543367386,2.43211603164673,13.6868911683559,6.22967213392258,27.5756878256798,0,0.799326300621033,4.43472450971603,0.89734148979187,8.97614723443985,13.975456058979,1385.98755908012,9.4009016752243,1.86901503801346,4.17551836371422,1.26621997356415,513.713588088751,366.922972530127,713.674061149359,567.553603947163,0,29.8859920203686,806.519687086344,546.958056718111,43.9367501437664,86.0643189549446,0,1.85612684488297,24.3069457113743,93.5659664273262,977.074138641357
8.86635845899582,3106.1094340384,137.593629956245,0,74.6801792383194,11.0085861682892,37.8272815942764,43.818322211504,10389.050773263,11.106869250536,263.893098503351,17.5457470417023,1818.00198841095,65.7846787571907,283.740151941776,8258.28835403919,136.924601256847,40.4159333407879,31.4597612023354,2.37678349018097,626.33951073885,0,1601.96316114068,24140.2992720008,2452.12897580862,252.329112797976,16545.8526970744,1622.47298839688,66.3583599627018,132.107367187738,141.554356396198,22.6607356667519,9.8233650624752,180.518023371696,176.63114708662,2116.15007966757,365.661828517914,585.775148034096,374.299299508333,321.373448550701,23.5245496928692,133.659482419491,773.702582597733,99.5759773552418,309.704585641623,196.644419193268,30.0654258728027,8.0172159075737,13.5757389068604,0.64503675699234,174.263801068068,101.489070773125,16.2829146385193,3.14502108097076,0.568223893642426,13.8427626788616,6.75094884634018,53.6120052337646,3.52440845966339,28.1474628448486,16.7968657314777,66.3746911883354,11.4453382492065,6.04241788387299,2974.22499474883,43.8677701950073,26.9252943694592,33.4739882349968,5.35144546627998,344.698235809803,2105.63523772359,1334.30080115795,1142.78484272957,48.58097833395,200.642241895199,4126.08966219425,398.439240396023,20.715292006731,34.8142920732498,71.0839857459068,0.611752033233643,3.75127971172333,50.4694061279297,177.191724330187
888.943385601044,214.074369668961,56418.7000869215,3.44395372271538,96.2788457274437,207.97276327014,650.261415719986,5572.0394988656,65.1038831174374,39.1656672656536,1458.17278972268,19.7043223679066,28.7881756126881,6308.20829033852,70.8548905849457,14070.994345516,11531.691853404,1476.46964499354,2824.95000311732,11.9553707838058,66809.6284806728,1601.96316114068,0,1838.47492063046,66.8189752995968,11913.4359183609,50953.8894122541,7993.32605674863,5286.50857156515,23233.6176664829,41.0217398405075,136.21283531189,414.885694891214,15716.8937201798,2805.22136044502,28018.9437355101,3730.88820004463,23782.1458125561,15292.9163177609,168.061582744122,265.768820226192,83.4878706634045,1759.18209347129,276.340151816607,751.473354190588,651.473996967077,76.3980237841606,5.36047953367233,1.3949923813343,8.47280189394951,88.5636740922928,802.817189633846,0,24.6814309358597,0,39.4163564741611,5.33349588513374,15.9792982637882,0,14.3219320178032,2.21284860372543,3.83236446976662,21.0376778244972,21.3271197676659,5152.55153304338,142.263713568449,36.0619127750397,66.9409986138344,0,696.829458922148,1059.86938238144,5198.45629656315,432.083875060081,6.39949324727058,265.971028417349,10128.6086273789,665.810398876667,9.15763571858406,79.0401129126549,2.08096033334732,0,6.65961045026779,174.213634371758,2554.12384802103
224.953027278185,1732.6136932075,148.423650354147,5511.16225758195,856.007417321205,1077.88460195065,10268.0596344471,1429.20722284913,42556.3909013569,1738.62862956524,788.635295957327,1270.13889655471,770.97661331296,1746.52742451429,3199.91270369291,5312.57423397899,244.04613044858,152.433750867844,109.637647151947,3154.21749094129,1613.02284106612,24140.2992720008,1838.47492063046,0,1722.81695580482,566.397348284721,10540.0649967194,21224.5856008828,2911.63734957576,1228.60376703739,113.843334436417,316.813742756844,695.270229458809,1013.62491354346,1695.15944552422,11202.1882897615,659.279562711716,3264.08977133036,995.464860349894,3536.36944586039,348.970427334309,243.027438044548,6156.12371450663,193.44188401103,2438.62828394771,648.785373747349,1558.02904811502,471.274511784315,105.00852188468,69.6773608326912,64.4307278096676,31.209490776062,4532.4890755415,85.1828193664551,319.05573874712,948.49829608202,1623.72786736488,3355.94136488438,588.312591731548,145.959961026907,1900.28119048476,28.9097002446651,815.564918965101,412.813823491335,1812.8177587688,16.8510504066944,14.6773997843266,10.2901131808758,1130.18139359355,713.738292694092,1246.4615368247,737.320156723261,15473.6942356527,15.6073527038097,42.945487678051,850.228832751513,5874.49644061923,1037.83395424485,474.314023137093,0,157.441130906343,194.397198289633,709.212263762951,919.103719204664
18.9964925050735,3851.94286334515,25.2728644311428,66.3316344022751,103.343207240105,211.155041694641,232.295253247023,671.474930524826,1979.39624068141,443.110835343599,1410.02087372541,470.713549882174,12120.9514372349,485.96871599555,135.132919758558,183.176394075155,21.8306403160095,104.079582184553,26.2047346234322,236.359686642885,50.1133491396904,2452.12897580862,66.8189752995968,1722.81695580482,0,755.818366736174,12789.958550334,429.224523216486,189.093889385462,58.2442763149738,1081.2055118382,1118.67505431175,2.37947750091553,627.717592716217,80.4616940021515,1162.01119300723,580.269476801157,1793.05637264252,562.121965020895,1654.05441313982,1677.37993583083,1956.46077007055,423.701282918453,209.898738265038,444.398416936398,364.879882067442,1922.14140743017,69.8680313229561,624.103804796934,1.69749373197556,1033.52020159364,5.77533614635468,239.308857947588,21.198462843895,72.2486807405949,54.5853444635868,264.808245897293,50.0072948038578,63.5240774154663,1295.78445932269,372.853541493416,3490.54834461212,129.807361245155,64.9117238521576,4.92795893549919,6.50314235687256,35.9928556084633,45.8007010519505,144.667853027582,1.69292035698891,48.6298998594284,17.7221287786961,295.944679737091,4785.1725178659,637.245082557201,2766.38282957673,200.397721081972,50.8598613142967,4.17756199836731,1476.26789444685,71.9648938775063,1.22640526294708,66.4891718327999,21.9638782739639
150.332211136818,438.261002123356,35229.5016297698,25.5606323182583,10.3851110041142,78.276887357235,760.082484334707,1028.11858019233,230.643272936344,503.705508798361,6306.19388371706,298.704521149397,288.141137868166,2218.73455244303,17.5758405327797,282.123602867126,25671.1720689535,5148.21481579542,11896.9220695794,158.02662050724,1496.60880115628,252.329112797976,11913.4359183609,566.397348284721,755.818366736174,0,30238.3667841852,1469.10393959284,2866.95309095085,1370.74618816376,3998.76002687216,326.138357460499,41.0716149508953,6716.04836621881,739.762324035168,10287.5708275735,12202.4525039792,10778.7101599872,5297.5817475915,39.5964268445969,41.4775961637497,59.6158664822578,416.08366933465,442.496619492769,327.278877645731,382.281813263893,2.23542284965515,1.09250330924988,48.1250432133675,1.89117461442947,704.746094584465,189.198300719261,1.27972602844238,50.4422823786736,0,2.81881806254387,2.65034574270248,26.0983486771584,0,415.040014714003,8.86592996120453,1248.40113013983,2.9631165266037,16.17322742939,88.0979948937893,246.277689963579,141.237622827291,774.852085709572,0,9.70181182026863,107.66182795167,137.375588804483,53.8408612310886,434.413783490658,5169.73513019085,12722.2623211145,11.4128503501415,3.34501931071281,10.0629880130291,3786.44703099132,2.55051529407501,0.46813577413559,63.7596878707409,930.562628805637
88.5906659066677,31818.9228206277,29822.9864450097,2.35146737098694,78.1897184252739,24.5106355249882,393.188017845154,522.200005143881,6910.41043350101,113.771689236164,2061.08344951272,67.0008789896965,4285.48586249352,1063.04108673334,199.009544909,12936.1355722845,18003.2847526073,2898.76466247439,4789.22299417853,63.2434359192848,6045.72578978539,16545.8526970744,50953.8894122541,10540.0649967194,12789.958550334,30238.3667841852,0,3944.37565848231,1648.47407585382,1117.94437196851,2565.54448828101,89.2194765806198,51.2511222064495,9427.21370950341,2018.42010506988,33692.5431426466,13095.6227189898,18796.4901129305,13414.0336526632,356.258047670126,160.551693677902,106.982973247766,4321.01324445009,1472.87717673182,2696.64234814048,2719.95419234037,102.179030388594,21.7826120257378,39.8289812207222,30.5631857812405,7716.58675599098,4106.53664976358,7.0090351998806,86.6173048615456,0,123.452434629202,20.0218543410301,181.673336327076,0.547140538692474,839.695725589991,11.7214921116829,2931.87075412273,85.9254631698132,35.5517461299896,5004.64823111892,1954.79913601279,765.440664172173,3974.23009037971,0.473376750946045,568.994973272085,2962.45215860009,7333.4025016427,989.613663524389,1915.00866159797,16414.1240773499,94783.8622819781,740.804857224226,29.2824900150299,158.035153925419,5382.13391813636,4.72857213020325,4.0309009552002,642.710241168737,2628.24884271622
1603.89488899708,135.236255794764,1858.03232654929,17904.1662509739,279.806856662035,6467.28314599395,68521.7437876761,5530.37999013066,4326.98066079617,27907.5597142875,1373.61098498106,2072.24164733291,186.653736501932,6002.76236322522,1025.71199211478,1187.92179274559,1030.39849087596,415.505017161369,391.740616440773,10120.9145763218,23640.1382417679,1622.47298839688,7993.32605674863,21224.5856008828,429.224523216486,1469.10393959284,3944.37565848231,0,5188.66401362419,51524.0379000008,54.1365950405598,552.815273940563,2091.80882546306,4300.62223595381,4307.84144464135,21408.8458524048,1030.51146283746,11816.1600607336,3019.37338161469,1226.52727758884,650.939375728369,379.628394246101,5136.44829922915,105.29159206152,1960.16125717759,526.25400236249,1416.24133783579,345.124749451876,75.095775604248,64.6600834429264,17.1762911379337,65.4627906084061,3481.30418512225,59.3612166345119,177.110925734043,764.778274297714,743.402341455221,1500.72977051139,542.319403201342,63.197780162096,1362.74459215999,22.2390341758728,437.190465778112,344.962647527456,956.856657892466,10.3227582573891,0,7.12963804602623,1147.55282968283,431.812121778727,606.932542920113,550.919433653355,9359.2085261941,8.93181377649307,18.1878673732281,786.610810339451,4566.059748739,751.329413741827,491.969767302275,0,46.2220146656036,169.590785980225,550.550422489643,1072.57816579938
4024.51829430461,42.5133300423622,1296.54516977072,107.64362257719,19.8608094453812,325.497055649757,4593.60760480165,1010.843598634,568.556483745575,1205.83507680893,5721.73978120089,585.493163049221,496.072141855955,16643.7808887661,73.7185826599598,38.1073884963989,3521.92431974411,1255.6713540256,975.485751181841,343.065472334623,2591.94267070293,66.3583599627018,5286.50857156515,2911.63734957576,189.093889385462,2866.95309095085,1648.47407585382,5188.66401362419,0,24614.0131731033,205.359611958265,1446.92426043749,6341.45290148258,8187.70342943072,176.457797169685,930.399810612202,149.701699495316,2173.21574118733,351.831044137478,133.302612483501,80.963455080986,96.9591573178768,244.411283135414,6.56102412939072,126.409257143736,30.5471768081188,57.1041908860207,11.6399719715118,11.7695232629776,0.657803952693939,23.5735191702843,12.4986464381218,116.949180930853,1.86127084493637,3.7421173453331,44.8902995884418,37.2654008567333,134.825973242521,6.85646760463715,14.0029565691948,122.635495752096,44.2041199207306,8.3858300447464,9.34705013036728,34.0625822246075,3.31177949905396,0,6.56646305322647,26.7999220192432,8.24172738194466,37.2084064483643,19.8341079056263,923.043368935585,35.8374316692352,22.2057805359364,188.070036411285,331.037919789553,17.6681527793407,17.7701195478439,5.47633790969849,1.70314180850983,14.0628385841846,32.2535656392574,33.157336294651
5854.93659955263,15.5059210062027,2381.09834852815,3.97065871953964,12.2766469717026,208.750859111547,17208.7333160341,5349.10631874204,151.646130591631,72.8931490778923,736.779693573713,84.3233027756214,57.9376299083233,13783.0316815078,80.8572348058224,243.523081362247,3984.55017521977,284.52114662528,672.703073561192,25.4876672923565,49305.9934100807,132.107367187738,23233.6176664829,1228.60376703739,58.2442763149738,1370.74618816376,1117.94437196851,51524.0379000008,24614.0131731033,0,22.3862662315369,177.315256625414,2264.11630102992,5787.00774294138,620.352901041508,2051.24086895585,80.4132350981236,4520.06273975968,809.58346760273,117.567737907171,86.2405470013618,68.0274364650249,561.43261796236,23.2127529978752,199.681884050369,78.1042569279671,46.1994396448135,25.9753525853157,2.82903379201889,3.36237305402756,4.52459540963173,22.7849279940128,7.90976470708847,2.82744997739792,1.77404737472534,13.8277299106121,10.1893213689327,54.0071358680725,0,2.37050211429596,2.46667242050171,3.30375212430954,15.1811765432358,12.5765705108643,161.977839767933,0,0.486140161752701,1.85625353455544,3.03654003143311,85.5247405469418,139.45285820961,67.8864753842354,582.182736039162,1.04020702838898,4.16047430038452,235.380258500576,337.151266396046,56.2021320164204,52.3518211841583,0,0,19.5809670984745,64.6931347846985,244.952327668667
