0,0,0.00852288459438021,0.00167628762198801,0.00127100623211329,0.0100429418193513,2.10704878411933,0.195065738262025,0.0118258236693821,0.0627291522687459,0.00804305885817786,0.0013893085776673,0.00477185104685769,2.25051136060825,0.00309195861792861,0.000149648640828961,0.049776035957355,0.00459370943519365,0.00642137001199243,0.00336320881547455,0.07124555938775,0.000215096094648391,0.156127259764649,0.0113654316160218,0,0.0439561362748541,0.0241298671005472,0.0507927287050044,0.657349303329927,0.695940541146551,0.000353895335143742,0.000989961598415194,0.0040747210584372,0.0571563746674305,0.00717319262160558,0.0683484330928583,0.00595812187999261,0.0521955550649922,0.0205211805022021,0.00362709144079521,0.00425967466916081,0.000379286099371469,0.0107708934015819,0.000234878389287001,0.00398960803166955,0.000776218567487782,0.000816500928214484,0.000797050041901273,0.000209943374636006,0.000130215137097937,4.62901892690867e-05,0.000596301880003962,0.0013133068368906,0.000203673947040439,0.000487288034691805,0.0242103263255825,0.00340683641009955,0.0063295008600092,0.00369103722743344,0.000284187319406462,0.000121348038215515,0.00013043529102484,0.0062111155977764,9.57804561302275e-05,0.000561555058363611,0.00010155109170442,0,0,0.000423389785892368,0.000689024757544863,0.00111542980777117,0.00111926742386367,0.0315027192704781,0,3.96097957358957e-05,0.00391252080736017,0.0271493859447966,0.00209777184524431,0.00143111844454872,0,0.000116400547186578,0,0.00408184170109926,0.00153787738136654
0,0,0.00783999816100275,0.000797259786832592,0.00028246095298801,3.54994933215708e-05,0.000725705652779573,4.43464965295852e-05,0.183350878381965,0.000442034528530404,0.0194176069984553,0.000274668693742925,0.281589007982529,0.000288046158692217,0.00275266234099611,0.0274633566010771,0.0201075110621416,0.000761404625912982,0.00214055178353418,0.000299553595466522,0.00335641811595063,0.375451592720486,0.00913038215219794,0.241885616707678,0.297719845850461,0.0197655350164564,1.75332348651326,0.00884245272106862,0.000367997489340428,0.00090273879596948,0.00897813656239889,0,0,0.0157044121318461,0.00244781343255457,0.0168906416607945,0.00880899594835256,0.013878942118625,0.00603595806163077,0.000933024151800352,0.000225954482834041,0.0264110029957165,0.0437491126014574,0.00917711289596558,0.0300659537417561,0.0148246241111534,0,0.00064302759104426,0.016034832404259,0.000116680559444642,0.199152504680621,0.00654644117028528,0,0.000273314819617772,0,0.00111345747194226,0,0.00556633507902341,0.000158712670860833,0.0155735158529798,8.32065127875477e-05,0.0225560178424432,0.000676601660955107,0.000157600620165377,0.00406652281312938,0.0497009948362078,0.000886702201147563,0.0129760348173133,0.000150552126964388,0.00211462975826584,0.0106107283484456,0.018961686473423,0.010371003783332,0.0162176026686999,0.0637399544791753,0.47930751431819,0.00181085337863526,0.000620084808231777,0.00195977456133592,0.00291189958706315,0,0,0.00757788048732225,0.0019788128374132
0.00852288459438021,0.00783999816100275,0,5.77304858196914e-05,0.00142540443156151,0.000481266106291368,0.0271970396978059,0.0060441038773123,0.00149992172037312,0.000705493632521314,0.00166650298996455,0.000761436061373269,0.001804448501966,0.0285751731102809,0.00109854190685911,0.00504515859339166,1.02212478620507,0.00137294614164427,0.0203359362999225,0.000346271792650768,0.114085991224716,0.00549719150685398,2.73578613561387,0.00408559503809436,0.000313069231390476,3.40972396047086,5.31473521772033,0.0555189839292177,0.0119749253813565,0.0436387845242908,6.58166868785679e-05,0,0.000516365486044195,0.133813455379464,0.0147243971640733,0.286466056417202,0.341995750433578,0.214811367508784,0.0911086803556752,0.00149166492336405,0.00131445559067345,0.000162098439648855,0.191296810670387,0.0277734019986968,0.138202517633871,0.0634559477771299,0.000399801692333651,0.00207530166313003,4.80610985543936e-05,0.000171546636492062,0.0245183513430319,0.0938113398051293,7.59411366388023e-05,0.00074720947783784,0,0.00123930354398729,0,0.00137315406610246,0,0.000763345526281595,0,0.000245759495215622,0,0.000700555775318753,0.00564526169764292,0.428728227405725,0.00112302879149431,0.0425729781509905,0,0.0060370711356083,0.0116608811926426,0.0919434362573572,0.0061768830686053,0.000841152835803086,0.179391504086903,0.900656326026017,0.00342417717425756,0.000305670276557363,0.006983698852185,0.000115197613774252,0,0.000243499803574931,0.0239849253722863,0.012297155353946
0.00167628762198801,0.000797259786832592,5.77304858196914e-05,0,0.0249460662912121,0.101466372701445,0.0114403303057001,0.0692321188727907,0.406201658382345,0.881449850105297,0.0159441397389114,0.985878130602894,0.0115181391332613,0.054562651223381,0.157750291946769,0,0.00170978352900395,0.00424876541049604,0.00218392439153423,1.82933539133208,0.000121482309854174,0.00343981566096743,0,0.303129869459751,0.00208733515497903,0.00169113156319831,0.00417536211911164,0.450921231233563,0.0423174186627753,0.000520878714951882,6.08093345822215e-05,0.00391474775103817,0.000171027778158748,0.044891653157942,0.0101967428448864,0.0409892563995443,0.00179658480676786,0.0219105610737094,0.00464490212044279,0.0548479666694352,0.00518612847502895,0.00189460598051073,0.0149116402253009,0.000102622184690595,0.0087660119467693,0.0005450219324305,0.0180389669160082,0.00213110339583492,0.00258319037441309,0.000186158182561761,0.000238867042988482,3.78023918367356e-05,0.176472363585565,0.00176553114667679,0.0208970851402599,0.087678248482037,0.0171185942949411,0.0805922717215893,0.24842570626775,9.06486510051608e-05,0.0816465301496517,0,0.0176780195847208,0.0189339072895502,0.000182031246308231,0,5.41159129211307e-05,4.76028502314717e-05,0.060002987809778,0,0.000538883687541756,0,0.218246568452403,0.000193594656758928,2.95940399667799e-05,0.000821267402552664,0.306439569457797,0.00857409463284906,0.00102755477678131,0,0.000679653434584131,0,0.0169933081710697,9.37881450130462e-05
0.00127100623211329,0.00028246095298801,0.00142540443156151,0.0249460662912121,0,0.135551090420913,0.029404777795309,0.0163468672075794,0.0426579406510562,0.0306262376870522,0.000340613292349168,0.0358366352740858,0.00454319294120036,0.00789665019560132,0.320893055152714,0.0007054921820153,0.00139749434686165,0.000149351756895685,0.000101508938942614,0.00761687747950235,0.0281000924901561,0.00155887957505259,0.0244448109964467,0.0390073447380803,0.00182144336154721,0.00061683318776004,0.00712742635569587,0.0345096224326339,0.00835154626405844,0.0373284266381178,0,0.0292786672525612,0.000287608000171209,0.148647712098453,0.8141389353209,0.10197914287637,0.00532301519985535,0.0059321210311738,0.0124441742567347,1.48289531247696,0.779473615085346,0.000557719477090272,0.00437667578162572,0.00651830463634495,0.00466779758857125,0.0206260878710298,0.00562731224361115,0.0005423693151537,0.00211934375306155,0,0,0.000611390163943886,0.00853686786580872,0.000607730654721374,0.00707731206587917,0.00354640187305599,0.00138747117413262,0.00769829415889274,0.00963394148474241,0.000252678840528953,0.0134355210560943,7.36541232198596e-05,0.00157551149688821,0.00451871820381895,0.00156574164593212,0.000791297100151449,0.000758498487198472,0.000202476545517445,0.00473348423494307,0.00329570085913781,0.000307244921221286,0.00951017170047851,0.00953735292939651,0,0.0047153493745313,0.00766628143538319,0.00987459489342037,0.000808699678181112,0.00207560810454727,0,0.000584550229694908,0,0.0011297869104216,0.128801467541906
0.0100429418193513,3.54994933215708e-05,0.000481266106291368,0.101466372701445,0.135551090420913,0,0.575410364783305,1.35009887036881,0.160235046520002,1.92119890942956,0.025640365235435,1.41325029531066,0.0281250567733171,0.356426946381694,0.632843494976322,0,0.00300864278279308,0.0114143659162602,0.00484281402336772,0.0854565239507675,0.00293569075146377,0.000262740113998926,0.00519456846155155,0.028426417822599,0.00678583280903368,0.00712544542840828,0.00473936790721769,0.118137360378366,0.0984295223510235,0.0167834423896967,0.000793098379039386,0.080360240379046,0.000498520835476285,0.0508917469812456,0.573256405617401,0.192783533070852,0.0040956245854156,0.0351161778985407,0.0124312047304524,0.702763029910337,0.190383192955993,0.00482532386002656,0.0113727082438691,0.00102643695636052,0.00633833707544576,0.00333884029389181,0.0372015851313628,0.000836347840840628,0.00845181033117296,0,0.000213331803663802,0.000295170198592043,0.0565402999210771,0.00341036534148213,0.0312341355140598,0.0214319097628974,0.0103178433310543,0.0472063478530697,0.0628689902447856,0.000807705978793129,0.0796525534581098,0.000163397946224719,0.00935789128679015,0.0284245697252528,0.000163446922824532,0,0,0,0.02941924653407,0.000319077791058362,0.00205563646014894,0.000153931773677432,0.057485974526008,0.000328516547867492,0,0.000571940293836612,0.0584941445789295,0.00747256811901085,0.00259780779004052,0,0.00143820056071401,0.000126936459110176,0.00707610094621024,0.0228373322996223
2.10704878411933,0.000725705652779573,0.0271970396978059,0.0114403303057001,0.029404777795309,0.575410364783305,0,1.36664365520793,0.26991763818971,2.56377590308564,0.0892452513282667,0.0607602637729243,0.0926855495584909,2.87800322749168,0.0954271592844354,0.00239551804268416,0.0322745467040806,0.0396548172844172,0.0237254815390758,0.0178386747327149,0.110523323330243,0.00357013381041855,0.186188695743932,0.48776076920654,0.00213412088878032,0.0442272103298792,0.0293214398091261,6.09581196889891,0.706442542535696,0.750468923713178,0.00100732901195089,0.028278351589871,0.0334034722282762,0.44632362933612,0.127874473008536,1.46153134893169,0.0425809440598827,0.412306014203537,0.151170378180333,0.113110525927612,0.0784481248001753,0.00419303116742825,0.198821092670233,0.00299890051494122,0.0597608071151639,0.0184737373808923,0.0406747658425628,0.0179138522836424,0.00383193510054952,0.00229921236830964,0.00227848341002359,0.000822964943834403,0.0392587999035482,0.00170514973192232,0.0156664914767893,0.428158954877263,0.0690442101350077,0.111945253617854,0.121915985301531,0.001101852898245,0.0132242154889453,4.49222681383282e-05,0.102026382313184,0.00602124112484781,0.00933372707808179,0.000751407024959013,0,0,0.0196185856410601,0.00636378874037233,0.0157546385481266,0.0117424672934844,0.559902659583216,0.00017349039089275,8.4357031254834e-05,0.0108831955880706,0.510601899556327,0.0533784102119186,0.0273147181672167,0,0.000358650807364446,0.00162232935029534,0.090966912190696,0.0143762141770647
0.195065738262025,4.43464965295852e-05,0.0060441038773123,0.0692321188727907,0.0163468672075794,1.35009887036881,1.36664365520793,0,0.064369745559807,0.870207297762679,0.0313585755319344,0.3083410104135,0.0237703531569535,1.99571853709403,0.108227802000575,0.00016734218919046,0.0399974755230471,0.0150587792675715,0.0119615634168551,0.0807256558414236,0.0392102979157631,0.000588356025678769,0.0988162044102565,0.0770906447523076,0.00232633741214145,0.0331497468388496,0.0198002172935154,0.14361457548095,0.175214313998418,0.16856565395752,0.00104258827916112,0.0430415717969802,0.0013081009972339,0.0819649746700446,0.0097912647411445,0.294056741287466,0.00922062518123501,0.0702213447475423,0.0224615538086077,0.215786501403435,0.0780472497422004,0.00220075538504336,0.0480389821871056,0.000633135380803543,0.0153789982486404,0.0042066827515879,0.00946854983855568,0.00478119093142188,0.00412403382916772,0.000711153524603986,0.000234123838407707,3.67028348722279e-05,0.00767672034838744,0.000361382189466783,0.00749991242708674,0.149721151718543,0.0144499416007545,0.0367020628888503,0.0308306297490831,0.000163854209644675,0.00808180234653773,0.000236708088109565,0.0197150211533404,0.0033057988122052,0.000852204147161042,3.36948788570523e-05,0,0,0.00450387867578787,0.000393992310044164,0.00418951118866276,0.000544210594534397,0.199859869501135,4.47558416588694e-05,0.000164471573192048,0.000576173783557203,0.159818477148453,0.00703841789225997,0.00575668695635029,0,0,0.000664661853002614,0.023681100588624,0.00166586245355593
0.0118258236693821,0.183350878381965,0.00149992172037312,0.406201658382345,0.0426579406510562,0.160235046520002,0.26991763818971,0.064369745559807,0,0.232785669005124,0.0140415591083013,0.183077161604815,0.0688433395609733,0.0553525918478924,0.132323162361718,0.0298005635650152,0.00401177167253419,0.00501155587745516,0.0028279394160154,0.0695813289090805,0.0198400753782968,1.12413466458155,0.0130278636228556,3.46060778243926,0.115475608548754,0.00772610267000044,0.451802128688755,0.898244160839993,0.0424815841160692,0.0145735430176797,0.00492814500774953,0.00467380893180128,0.00493102646437183,0.0396425769398402,0.00925550725815676,0.180017571833112,0.00452085925639997,0.032355888168568,0.0107561612168683,0.285075664798959,0.00682286825609258,0.00352113903523718,0.122176355779057,0.00722242753481089,0.0371100110369673,0.0109636586302269,0.0286365540528736,0.00778700967003008,0.00577489511135946,0.00187078713610971,0.00848033112882076,0.000868755454335522,0.0680773183150236,0.00172343354227146,0.0217904745411612,0.143566808145098,0.0295800812276951,0.395568278829222,0.0633125036111769,0.0072948312220146,0.0518674140366887,0.00392228942215629,0.0459933414134776,0.0166671875332134,0.294410441417974,0.00174240399985198,0.0112612066133774,0.00563998162672603,0.0247037149624766,0.0667195997558128,0.384864300018376,0.076666335004998,0.806891124717764,0.00449202944518257,0.00651398378153138,0.0273044844508972,0.360840809138342,0.0513782395719462,0.0367186773282713,0.0002336703086337,0.00259025307611327,0.00249037640861802,0.0383037782731004,0.00898819885474657
0.0627291522687459,0.000442034528530404,0.000705493632521314,0.881449850105297,0.0306262376870522,1.92119890942956,2.56377590308564,0.870207297762679,0.232785669005124,0,0.171966274679217,1.82279793523026,0.0997477455400439,1.26644958028794,0.148371805456552,8.06692606550306e-05,0.0208577102824545,0.0729314112118274,0.0357331191020189,0.598542925141734,0.00223072261613022,0.00179670589172128,0.00342384983850674,0.0847907898978136,0.00440769312327776,0.0370000602381765,0.0107862968123576,0.666562210450879,0.534302701697201,0.0302760155734044,0.0017248959019142,0.034780276469272,0.00168222738245265,0.458190631363466,0.0462912336069903,0.688155621411978,0.0157188270609447,0.222959408093309,0.0585291678775866,0.107830583650644,0.062433757303383,0.0121927516747997,0.0553056475039012,0.000450495559135184,0.0289047392460616,0.00697399330356988,0.0380655221897046,0.00572812292246554,0.0100798164951423,0.000997116319159826,0.000261056229201943,0,0.269396909652047,0.00332351083836902,0.0474345028239963,0.324233662033735,0.0682189777860118,0.100101309023489,0.515534183682819,0.000281016219635964,0.102351099122545,0.000138735491636926,0.057471062933667,0.0251631747515447,0.00036590775354808,5.32269993795216e-05,0,0,0.100651640685867,7.34635373001576e-05,0.00168394250891761,7.3034357822448e-05,0.486947789745768,5.45965941710651e-05,0,0.000250863966817448,0.698909431774077,0.0146602699085623,0.00335482726907582,0,0.000428242450824725,0.000528259697017163,0.0523749320350442,0.0024689104523372
0.00804305885817786,0.0194176069984553,0.00166650298996455,0.0159441397389114,0.000340613292349168,0.025640365235435,0.0892452513282667,0.0313585755319344,0.0140415591083013,0.171966274679217,0,0.0801597109822308,1.08760402249926,0.122962026988866,0.00548640424925169,0.000105726772594249,0.0640797281340798,1.47679014660689,0.28449774746313,0.0323084525141128,0.00308260079289529,0.00691699655651082,0.0102254742389771,0.012195877265678,0.116729160982945,0.861393313879432,0.0611012512693988,0.024926857827323,0.212264300680011,0.0212272013819144,0.0572469038190557,0.0267417704529099,0.000403161404865872,1.20116401163093,0.0105275550710377,0.283778714296571,0.378938940268468,0.671276197339272,0.084107451752199,0.0170631427860323,0.00623657189610072,0.372406048004721,0.00417399189009075,0.097811879604733,0.0127282040875976,0.00204603337040445,0.00214505438910025,0.000405874135927322,0.143902470649012,0,0.0430735655611429,0.000147736542107084,0.000308235129411596,5.52884679220855e-05,8.95867837070316e-05,0.00148326294068626,0,0.0085478164408207,8.97087818332673e-05,0.382527644023569,0.000525876075199718,0.670498580851018,0.000266634158886105,0.000110550826735926,0.00012407348909893,0.000678956865774173,0.00527954117682048,0.00168150024143901,0.000101427014715314,6.5296982906121e-05,0.0100945596731647,0.000230610789185112,0.00945384629986775,0.0418897503730279,0.10274175574443,0.0952835567050209,0.00212289751041243,0.00462118467933162,0.000287982835589605,0.142395342961576,0.000776538859182072,0,0.032322698864463,0.00246130983899698
0.0013893085776673,0.000274668693742925,0.000761436061373269,0.985878130602894,0.0358366352740858,1.41325029531066,0.0607602637729243,0.3083410104135,0.183077161604815,1.82279793523026,0.0801597109822308,0,0.0312356168154319,0.244619056261771,0.337181403656586,0.000182214227348226,0.00867779838999134,0.0355548489062265,0.0174421201507776,0.847575771736153,0.000963272293636858,0.000889304361956066,0.00127751940931658,0.115024802173194,0.00207620661445271,0.0222483431221961,0.0106372306025456,0.0904510196811896,0.159465961226911,0.00473083418394615,0.00140304641114606,0.0160076109487573,3.80952208129168e-05,0.116993968772713,0.53631220990357,0.0916342921891995,0.00489239968595737,0.0524935016025643,0.0115473849431437,0.112712338953841,0.0131038120707493,0.0041292969227045,0.00276360295877875,0.00055316098299897,0.00159266202160366,0.00212404025663394,0.01578320387396,0.000669865875122428,0.00641503995970524,0,3.1694968732658e-05,3.06046169024676e-05,0.0734409346551328,0.00140957555566049,0.01822003344075,0.00518309833566775,0.00530369980078705,0.0464588155290026,0.0548228473201344,0.00039904336250448,0.100689005386046,0,0.0063831073428861,0.0176411932131289,0.000108255398033106,0,0.000919053371166545,4.27718518656611e-05,0.0325433033437855,0.000126525196611607,0.000485072689189423,3.48218456872225e-05,0.0427941391783128,0.000129395930059898,0.000186695621466035,0.000233277400615073,0.0493794881816383,0.00416427860886918,0.000186602087318132,0,0.000967775122357702,0,0.00332810988790376,0.0324808235254375
0.00477185104685769,0.281589007982529,0.001804448501966,0.0115181391332613,0.00454319294120036,0.0281250567733171,0.0926855495584909,0.0237703531569535,0.0688433395609733,0.0997477455400439,1.08760402249926,0.0312356168154319,0,0.0407077344143003,0.0132435014873725,0.00661017193262008,0.006349844570945,0.00949693960618151,0.00300787726209503,0.0156875527800635,0.0188714976621866,0.13221052601564,0.0319564644622458,0.0732220318483915,1.11018272202463,0.0253088633406541,0.384864857097837,0.0519223510798896,0.0510794813999171,0.0514497324705682,0.174227597146721,0.0262454099494124,0.000909813571517289,0.378306284658677,0.0286956478469801,0.442152799220279,0.276274801494284,0.78556413446214,0.218946222145112,0.21798417697369,0.398497252654368,0.981975931978035,0.0208846324433642,0.143153211415322,0.028476270768816,0.0130604535126912,0.0373863049434197,0.00506274974894809,0.151665716006621,0.000123563322056711,0.0503445761711358,0.000624287866688553,0.00142827459244164,0.000346894732131177,0.00370684851815123,0.0212332460838465,0.00263548998367042,0.0113724615433331,0.00625247027884052,0.635142158225336,0.00354931777772799,1.25445808736784,0.00453690624847248,0.00121409216683324,0.00109280895801505,0.00155249305286326,0.00398082530878067,0.00205168761608417,0.00156534382263602,0.00147761716901537,0.0147246921599998,0.00383778475640274,0.0408347891571843,0.133827840523274,0.11126989196043,0.179241685566569,0.0245004548647684,0.00952954196038559,0.00373443653766363,0.187344302231028,0.00365843753346912,0.000198810376886756,0.0508216749296063,0.0141569494309019
2.25051136060825,0.000288046158692217,0.0285751731102809,0.054562651223381,0.00789665019560132,0.356426946381694,2.87800322749168,1.99571853709403,0.0553525918478924,1.26644958028794,0.122962026988866,0.244619056261771,0.0407077344143003,0,0.0380126502266301,0.0010376818985263,0.239369261014039,0.0505164919496634,0.0495954105156363,0.100630886828206,0.22612847284204,0.000909948136780646,0.482894189114874,0.0603577071938311,0.00246469916945261,0.160611115153327,0.107898635062255,0.20246561736403,2.64910502236629,1.17498878855803,0.00388277074403702,0.0289487498212542,0.0178918321107421,0.292765245809336,0.0292781450997587,0.501809044859447,0.0248186365954599,0.228069001942775,0.0681539336198441,0.0739094246016874,0.0361483258200641,0.00495212254749167,0.0410120131329387,0.00064512983524879,0.00972325429017895,0.00265359963052928,0.00846906363921433,0.00291931327011117,0.00220490721479888,0.000373044137430257,0.000181335854933316,0.00075363052441929,0.00454334417260164,0.00027609647907734,0.00328019150269812,0.0996916580341642,0.00738242591775922,0.0305388187110088,0.0135155551008201,4.51038280347794e-05,0.00476795302335583,0.000469002442040738,0.00955469031099798,0.0011334664888923,0.00265571536972499,0.000426852093830707,3.8109112197432e-05,0.000504823389810407,0.00329666396870464,0.00190741531983844,0.00637534750861654,0.00191437325330972,0.170479323762394,0.000362920151597047,0.00163059603364802,0.00677777522463799,0.115601507091533,0.00371805515403877,0.00652158608027738,6.77846124644876e-05,0,0.000152240971082539,0.0103351045728351,0.00267094422355337
0.00309195861792861,0.00275266234099611,0.00109854190685911,0.157750291946769,0.320893055152714,0.632843494976322,0.0954271592844354,0.108227802000575,0.132323162361718,0.148371805456552,0.00548640424925169,0.337181403656586,0.0132435014873725,0.0380126502266301,0,0.00157015380334587,0.00506227933869012,0.00147280786657858,0.00134771803375487,0.0476755032618336,0.0378787575781794,0.00847192788062053,0.0246290998643415,0.214309949293418,0.00437519541398019,0.00263138009820317,0.0129441505869083,0.154097330190952,0.0390375358991077,0.0716825284850186,0.000496218850133934,0.0866032484610177,0.00134541393137844,0.0114191065721786,0.38326831779438,0.0543397525192169,0.010309907354264,0.0148196936826557,0.0159623433280565,0.378636860378942,0.00943941200034768,0.00230989256153788,0.00964359106114926,0.00544595085801025,0.00474293351526142,0.0139778733380791,0.0216866734151324,0.00149647610793517,0.00570344328496036,0,0.00045115050958029,0.00108472460679178,0.0295108333365426,0.00192277208833073,0.0194221503679383,0.0143586653210825,0.00571499289798644,0.0267689112673244,0.0344850968864345,0.000564494259219241,0.0436180676662786,5.71226592025459e-05,0.0064159088069349,0.0147726973817739,0.00210716484358033,0.000882013998345426,0.000938681242703396,0,0.0199673551668952,0.00246759354849791,0.00170224869053258,0.00739874747241539,0.0364895284201207,0.000145623885970723,0.00259476257598727,0.00580705208681118,0.033224683262238,0.00293717614009166,0.00180630927802671,0,0.0012948563005648,0.000169178494568753,0.00410297435223912,0.0825581391745429
0.000149648640828961,0.0274633566010771,0.00504515859339166,0,0.0007054921820153,0,0.00239551804268416,0.00016734218919046,0.0298005635650152,8.06692606550306e-05,0.000105726772594249,0.000182214227348226,0.00661017193262008,0.0010376818985263,0.00157015380334587,0,0.0203780484593042,0.000374710974377209,0.00129311172354251,0,1.07526485260146,1.06655046812471,0.858273890722921,0.467055793628036,0.00981423224128416,0.0127269908655757,0.875664190979667,0.332510349015486,0.00050719820288688,0.00270173094062173,6.18435747324109e-05,0,0.000276558209789193,0.0166107098441523,0.0218894656717989,0.317101556483642,0.0960086537589504,0.114928465374601,0.0659975514306242,0.00154792518627157,0.00156466843003936,0.000265252126152307,0.132745180362378,0.0148902467796395,0.0632180434473149,0.0354641883193774,0.00162770278212156,0.00114829191412909,0.000151591954792601,0.000155714850770271,0.00638244410928823,0.0113949488496399,0,0.00118107394315906,0,0.00538782614579703,0.0001712098254722,0.000639679629372495,3.39882363576919e-05,0.000129117148089322,0,0.000603999718354553,0.00148357284981119,0.000824422802210501,1.18212641344499,0.0108262330512253,5.87841169450104e-05,0.00244050574508669,0,0.207256965769182,0.327598673097058,0.913167754394663,0.146996646723606,0.0017309714403122,0.0115831061524755,0.443808748457683,0.0682720735204695,0.00182828272349249,0.0457530962047926,8.18512556900621e-05,0,0.000408894911596861,0.0175554769637794,0.0136137657094739
0.049776035957355,0.0201075110621416,1.02212478620507,0.00170978352900395,0.00139749434686165,0.00300864278279308,0.0322745467040806,0.0399974755230471,0.00401177167253419,0.0208577102824545,0.0640797281340798,0.00867779838999134,0.006349844570945,0.239369261014039,0.00506227933869012,0.0203780484593042,0,0.0548903215478019,0.44030993354389,0.00470429246668657,0.178914253078154,0.0169188170148563,1.67294297189782,0.0140789568676852,0.00132394878256554,1.35728654179756,2.65177420622462,0.0388507490660651,0.200149168756083,0.349871118032714,0.00012951952256825,0.00247514867349975,0.0197885890654124,1.01039680881188,0.0336444676891748,0.596421280088943,0.383517076921351,0.56233256806937,0.204047245456859,0.00276910354478092,0.00435954424855581,0.000591407405850697,0.0851463536936488,0.017397430503871,0.0814285251180454,0.0410540394687571,0.000203626083278236,0.000961571343372362,7.8945727714926e-05,0,0.0232048209432316,0.0360871881925146,9.52824128518343e-05,0.00061966651635791,0.000271513208933925,5.46562587099254e-05,0,0.000546581881178233,0,0.000387039685307435,0,0.00132059140434968,0.000138227432820046,0.000346348173243749,0.00755311388698993,0.208996275789791,0.00191647277854954,0.0536608315549347,3.80470252548039e-05,0.00346168168236892,0.0060141177485398,0.0453300333876202,0.0028801250753995,0.00164925206615574,0.231896867217076,0.655585450862081,0.00187469462607186,0.000160816071946677,0.0022274257451561,0.000956092142057031,0,0,0.0162036877809957,0.016397754076832
0.00459370943519365,0.000761404625912982,0.00137294614164427,0.00424876541049604,0.000149351756895685,0.0114143659162602,0.0396548172844172,0.0150587792675715,0.00501155587745516,0.0729314112118274,1.47679014660689,0.0355548489062265,0.00949693960618151,0.0505164919496634,0.00147280786657858,0.000374710974377209,0.0548903215478019,0,0.436950948132128,0.0154364239755124,0.00239352017031518,0.000352465338815343,0.00944921870413976,0.00563428766243327,0.00173677062501588,0.26248340239052,0.130250128156602,0.010117091269821,0.0756687095229923,0.010152148329446,0.0108891653922145,0.00761823917872573,0.000133758053824925,0.34046608409662,0.0161809589522247,0.293360342738725,0.284897445109552,0.460710779691361,0.121165256869678,0.00484167621884991,0.00289174865835978,0.00921990932421856,0.00147254047724633,0.0016394748892634,0.000829082805296535,0.000763920986648157,7.42415605378985e-05,0,0.000483889452121913,0,0.000367695587361044,9.77507042875171e-05,7.04287263700008e-05,0.000138307639342856,0.000110098668189263,0,0,0.00187111283637095,0,0.00360854504775015,0,0.0192524960486721,0,0,0,0.00112319912024601,0.000551485989157877,0.00044761807525506,0,0,0.00027349013705312,0.00021124963457995,4.85403704057723e-05,0.0012061220591079,0.0150904694972014,0.0200809280054606,0,0.000106242401055872,0,0.00659036448021725,0,0,0.00028592020722948,0.00440752929244064
0.00642137001199243,0.00214055178353418,0.0203359362999225,0.00218392439153423,0.000101508938942614,0.00484281402336772,0.0237254815390758,0.0119615634168551,0.0028279394160154,0.0357331191020189,0.28449774746313,0.0174421201507776,0.00300787726209503,0.0495954105156363,0.00134771803375487,0.00129311172354251,0.44030993354389,0.436950948132128,0,0.0092904816125127,0.0132377341022237,0.00141534455574511,0.0754232481919137,0.00395782033625691,0.0012464253963831,1.80090117280265,0.427707272815954,0.00617852590173309,0.0737657174889438,0.017513487539522,0.000875986543928153,0.00438135310856901,0.000417643303885925,0.569386102219195,0.0184687200571011,0.340356300232279,0.198637269543964,0.422005029807102,0.132787890679316,0.00230733725442262,0.00169992977772633,0.00018738100023871,0.0113573185424305,0.00394947994429601,0.0126965011234644,0.0067073126315952,7.36086407539666e-05,0.000234187320067656,0,0,0.00417971983556993,0.00207103982394474,8.1008182836479e-05,0.000186670346251934,0,0,0,0.00103225266332602,0,0.000316812394289768,0,0.00392384923877291,0,0,5.29649393355608e-05,0.0135167308416491,0.000720250179276178,0.0160437500682508,0,0.000624297938015732,0.00100413734377022,0.0029152417496471,0.000312492775636184,0.00183402972227841,0.0954971368359015,0.135382176200319,0.000147313519939316,0,0.000174652762989139,0.00193469863031933,0,0,0.00277430836262367,0.00708150368178143
0.00336320881547455,0.000299553595466522,0.000346271792650768,1.82933539133208,0.00761687747950235,0.0854565239507675,0.0178386747327149,0.0807256558414236,0.0695813289090805,0.598542925141734,0.0323084525141128,0.847575771736153,0.0156875527800635,0.100630886828206,0.0476755032618336,0,0.00470429246668657,0.0154364239755124,0.0092904816125127,0,0.000133070549209428,0.000487079352681896,0.000549388710147008,0.0338311622858907,0.00199089916409054,0.00939086114460389,0.0043290755211641,0.0940136896134178,0.0678452440210594,0.00505980692769991,0.000273519144237146,0.00564332023351488,0,0.0467599217707706,0.00863581664695603,0.0577640285128669,0.00280132441003092,0.0227335693036969,0.00759899599077969,0.0193865290879003,0.00808204074923968,0.00274327455743475,0.0109821161372032,0.000260571628062275,0.00541130558647209,0.00105721890202753,0.012153170983144,0.000958994401989266,0.00349321552307981,0,2.79921851019889e-05,6.45405909999638e-05,0.0760667942801329,0.000859850416205728,0.0132627822886425,0.0590150270111701,0.0128441967959496,0.0235509382070758,0.110937373636773,0.000495840640967744,0.0329585286747004,0,0.0150367525468403,0.00759463262498219,0,4.77807926716298e-05,0,0,0.0243466056701013,5.24789258610904e-05,0.000135798399006635,0,0.0861524919488037,0,0,6.89530156121969e-05,0.128958563703092,0.00320077763150791,0.000586690263398216,0,0.000452718638712141,4.44004588767886e-05,0.0116731842994991,0.000122928846061873
0.07124555938775,0.00335641811595063,0.114085991224716,0.000121482309854174,0.0281000924901561,0.00293569075146377,0.110523323330243,0.0392102979157631,0.0198400753782968,0.00223072261613022,0.00308260079289529,0.000963272293636858,0.0188714976621866,0.22612847284204,0.0378787575781794,1.07526485260146,0.178914253078154,0.00239352017031518,0.0132377341022237,0.000133070549209428,0,0.115556942138227,5.87241268480326,0.23363484856243,0.00239116438411921,0.0890671255371015,0.193859597143737,2.07488600074757,0.156569280616142,3.7437760227338,0.000113830373852796,0.000308827658181917,0.0189363160368331,1.3956193461377,0.298389227488538,2.9102369370018,0.74095711102647,1.71969090996668,0.779163418810142,0.0202496828788673,0.0142086354291354,0.000402117342969498,0.0958809207899914,0.0234454447545399,0.0305063143804743,0.0245416126411092,0.00238089890347974,0.00111480445469573,0,0.000954916412973079,0.00105434379944371,0.0121663370206924,0,0.00420732222213887,0.000264558564059266,0.0144723481426515,0.00121510681340725,0.00178430747722373,0.000274232578849822,4.87596875022828e-05,3.41343498804658e-05,0,0.00260070230415319,0.00101341850633084,0.522983950284795,0.00969707808281733,5.07644629879415e-05,0.00137182509869241,0.000110175374705661,0.478800515730182,0.0786394249325955,0.45058953410772,0.223304592796299,0.00034963553665011,0.0100437311911836,0.107178160500856,0.161003075051928,0.0103807314081202,0.180280500941585,0,5.60570658069849e-05,0.00313593028491228,0.0122480701071223,0.0922639884231809
0.000215096094648391,0.375451592720486,0.00549719150685398,0.00343981566096743,0.00155887957505259,0.000262740113998926,0.00357013381041855,0.000588356025678769,1.12413466458155,0.00179670589172128,0.00691699655651082,0.000889304361956066,0.13221052601564,0.000909948136780646,0.00847192788062053,1.06655046812471,0.0169188170148563,0.000352465338815343,0.00141534455574511,0.000487079352681896,0.115556942138227,0,0.0772618938412746,1.8443128705333,0.165583847001167,0.0163729428308641,1.44510881262488,0.104064128502295,0.00191346746222041,0.00331302431118355,0.00780926926451014,0,0,0.00873701780848903,0.0023141644250704,0.0259344565423688,0.00719345570319902,0.0115850988834761,0.0056451887642039,0.00289935462447827,0.000162559571366322,0.00787695711882753,0.0596456678475536,0.00708849697060274,0.0320379421656575,0.0114996643347266,0.00137252735648092,0.000475558297594047,0.00464720522449524,0,0.0116424091160089,0.0063312847974224,0.000409216368981207,0.000117422161474704,0.000201910871662104,0.00458107118510562,0.000848889914158467,0.017894814955973,0.000127804155331028,0.00398911989822475,0,0.00647776812582369,0.00141154664945691,0.000101193782744312,0.224866124736112,0.0116642753502882,0.000344418668449709,0.00345919143221012,8.49621800147235e-05,0.042993649588781,0.168416611513691,0.153411934608262,0.0896382351549193,0.00368344195219025,0.0166789138495833,0.308108075244216,0.0241139124064626,0.00289520576620471,0.0101710261954139,0.000449097931993616,0,0.000447788771037645,0.00692490773963153,0.00354559570001835
0.156127259764649,0.00913038215219794,2.73578613561387,0,0.0244448109964467,0.00519456846155155,0.186188695743932,0.0988162044102565,0.0130278636228556,0.00342384983850674,0.0102254742389771,0.00127751940931658,0.0319564644622458,0.482894189114874,0.0246290998643415,0.858273890722921,1.67294297189782,0.00944921870413976,0.0754232481919137,0.000549388710147008,5.87241268480326,0.0772618938412746,0,0.141471932969172,0.00176518069678965,1.5031922924576,4.29907669940694,1.02015470410722,0.259745664623013,1.40548850029757,0.000177709343254489,0.00169547030269231,0.0232122672450475,1.84869676175726,0.360824437059683,4.75378998212854,1.34340227515911,2.86237280624416,1.2480813296532,0.0331818095578367,0.0245259604891059,0.000739519414669281,0.305998154286526,0.0416091897913913,0.19018935277907,0.0979500874058057,0.0035186145822053,0.00540760707214454,0.000569838968677389,0.00053945232407031,0.0145700863678892,0.123957410202921,0,0.00330878126985151,0.000703247042414698,0.0125590791619189,0.000688486983908432,0.00218286956242014,0.000326387008310932,0.000520696926028165,0.000221896019860345,0.000116249753286099,0.00160581504864169,0.0021366082070965,0.904791487990509,0.128595780788743,0.000104771767069116,0.0119728060511308,3.79991585563541e-05,0.28201287446812,0.229374712059789,1.40016612034595,0.144885837140124,0.00167263338332885,0.0500913312515494,1.51955312021886,0.0817929097492556,0.00328723502483296,0.083634419002857,0,0,0.00101342911499122,0.0367683666785509,0.141507038614876
0.0113654316160218,0.241885616707678,0.00408559503809436,0.303129869459751,0.0390073447380803,0.028426417822599,0.48776076920654,0.0770906447523076,3.46060778243926,0.0847907898978136,0.012195877265678,0.115024802173194,0.0732220318483915,0.0603577071938311,0.214309949293418,0.467055793628036,0.0140789568676852,0.00563428766243327,0.00395782033625691,0.0338311622858907,0.23363484856243,1.8443128705333,0.141471932969172,0,0.125270538201815,0.0132828002376559,0.82791180012602,1.76298245897214,0.110301895406878,0.0192078457122402,0.00395545693637249,0.00416438865940641,0.0203757099999017,0.0815692050364836,0.0268473634941349,0.385181171401867,0.0250425418450926,0.0790442616219909,0.032253813887566,0.0785709315306611,0.0116693214228737,0.00275756871575844,0.317465540681233,0.0164116228669265,0.0806960462246665,0.0240579457799993,0.0406706734453826,0.0209690936732161,0.00654894513418565,0.00390500518075287,0.0111152306479025,0.00540634859374788,0.0800405925420606,0.00103843499596334,0.0186883077581344,0.424185948039605,0.0782944736612404,0.249780701563582,0.131813005176479,0.00317027013684717,0.0238276800203893,0.00160572486181536,0.130144803494224,0.0105379236315641,0.211469338212823,0.00754979142662328,0.000545330056317258,0.000933913265006757,0.0240492100370622,0.155325576539342,0.21883778888979,0.130893855478794,1.38396616014665,0.0034328702593983,0.00832189156122882,0.0977182731135763,0.854939266691789,0.112706515774127,0.138587731108617,7.43743846067905e-05,0.00232687538544268,0.00759810950551434,0.10942115895198,0.00788718948740968
0,0.297719845850461,0.000313069231390476,0.00208733515497903,0.00182144336154721,0.00678583280903368,0.00213412088878032,0.00232633741214145,0.115475608548754,0.00440769312327776,0.116729160982945,0.00207620661445271,1.11018272202463,0.00246469916945261,0.00437519541398019,0.00981423224128416,0.00132394878256554,0.00173677062501588,0.0012464253963831,0.00199089916409054,0.00239116438411921,0.165583847001167,0.00176518069678965,0.125270538201815,0,0.0430700993979123,1.48248028168122,0.00586908554276403,0.00470712918664973,0.000782140455016983,0.0727912118454443,0.00551004989618768,0,0.0342811255386813,0.000203643750676382,0.0306706346488589,0.0280085630825035,0.0219468067584151,0.00280486398237259,0.0801392711121423,0.00543682428298121,0.129943113616256,0.0143397170967641,0.0236662117169622,0.0176485988860951,0.0055628595697186,0.0664720792582092,0.00097968697723884,0.0646359776202214,0,0.0900762367100361,0.000527078791329765,0.00251484315647137,0.00017799529260397,0.00528681076648366,0.00594517586423996,0.0028684234851654,0.008280325073988,0.00747766118916561,0.122736530745546,0.00519533534173196,0.315563342420451,0.00389452039476187,0.00402529997249142,0.000357071361936691,0.00242239636836254,0.00331598214252635,0.00604788681461334,0.00283868557790479,0.000165311228254133,0.00940686423391139,0.00214527387062659,0.00841525026250193,0.151955062884559,0.0998692748269133,0.331922700120297,0.00532917132355203,0.00692094365350863,0.000284086036502749,0.0352700070562583,0.00131011669262211,0,0.0248406710238395,0.000711022468155783
0.0439561362748541,0.0197655350164564,3.40972396047086,0.00169113156319831,0.00061683318776004,0.00712544542840828,0.0442272103298792,0.0331497468388496,0.00772610267000044,0.0370000602381765,0.861393313879432,0.0222483431221961,0.0253088633406541,0.160611115153327,0.00263138009820317,0.0127269908655757,1.35728654179756,0.26248340239052,1.80090117280265,0.00939086114460389,0.0890671255371015,0.0163729428308641,1.5031922924576,0.0132828002376559,0.0430700993979123,0,3.79839140278996,0.0359585315683395,0.108376538575556,0.104572647443761,0.0348689553595368,0.00542070142415895,0.00333813165710671,0.441973057186639,0.0511220296154669,1.06274341770274,1.11741806628906,0.788795310198427,0.321950656776918,0.00578281239012894,0.00536238042383437,0.00974074106215483,0.127655741928201,0.0580831206944718,0.132588880399798,0.0562684413243458,0.00151588456254311,0.00242227778215531,0.00175548455150552,0,0.0493921232253446,0.0195046741798104,0,0.000510815864717274,0,0.000277561813138276,0.000153539905090239,0.00200728432079278,0,0.0661257436521025,0,0.427363657272717,0.000331181523807877,0.000338717134512207,0.00314599418925956,0.162742256555943,0.0354820116938996,0.15562241696331,0,0.00374293898109597,0.00856895663224284,0.0258567918551725,0.00172470940031406,0.0663893564950497,1.14239838009605,1.68538303973386,0.000494209937476266,0.0013592895629285,0.00460995945700062,0.16316893987136,0.000329548624003648,4.8788536128971e-05,0.0291234573158872,0.0168360503195693
