0,0.435152053833008,15.0121692717075,0.427752554416656,4.62093204259872,233.98947173357,3964.15783163905,4550.56766870618,0,50.8798579871655,145.604065060616,35.6834019124508,9.15664118528366,15215.2761031985,3.40900307893753,0,237.814856231213,57.2430421411991,51.4354898333549,3.80052354931831,69.9021384716034,0,491.549717396498,2.63163164258003,3.78542163968086,66.343523234129,76.7193821072578,39.097046226263,4703.63142949343,7573.90567901731,1.8458559513092,72.1699008345604,16.4554327726364,200.908175677061,12.2033081054688,83.1248242557049,8.7252584695816,108.881552785635,25.5435676574707,23.6074277758598,2.43483859300613,11.6413415372372,0,0.579407930374146,0,0,0,0,0,0,1.32602989673615,0,0,0,0,0,0,2.59647119045258,0,0,0,2.0875837802887,0,0,0,0,0,0,0,0,0,0,0.929517149925232,0,0,1.52810919284821,0,0,0,0,0,0,0,0
0.435152053833008,0,61.2306750416756,0.953240394592285,8.12325146794319,6.02220517396927,5.1143858730793,13.0460598766804,2222.72804129124,3.70482614636421,1038.73744529486,33.7859960198402,951.626183062792,0,48.5613851249218,292.223212718964,106.625402539968,61.6225691437721,61.7148786783218,4.67049467563629,15.7145975232124,2912.33307784796,96.3436668813229,3269.7894833684,3846.96467891335,368.732156395912,20723.8301737607,41.9061246812344,5.32922583818436,2.56587398052216,7.0944539308548,9.95120942592621,0,189.709311932325,5.21646082401276,399.281826138496,836.998271346092,365.967902213335,171.044951289892,45.3810565769672,1.38469517230988,1775.78046488762,527.763585865498,353.453969657421,412.92301595211,163.419905394316,0,0,5.49958080053329,0.603793919086456,2883.20119982958,566.417173743248,0,2.15070700645447,0.68477076292038,4.2618602514267,1.44893962144852,31.8427378535271,0,17.5657454133034,15.342340618372,81.1913653314114,4.58084851503372,2.25802040100098,36.8184968233109,150.449872463942,23.6113393306732,55.0408064424992,0.347873985767365,2.02885955572128,119.222958445549,84.4657593369484,126.764364212751,217.695124685764,1355.32561388612,9955.333789289,7.43264931440353,3.43206542730331,11.872601121664,27.8098928034306,1.02705135941505,0,101.986639201641,40.5268802046776
15.0121692717075,61.2306750416756,0,3.51383429765701,23.5366644263268,87.5374634861946,753.306695729494,372.786600321531,13.6238273978233,101.73160430789,150.108195453882,43.9011662900448,8.98772895336151,144.019155204296,33.1732688248158,145.272217452526,22679.8299866021,563.82902982831,2284.73855128884,2.96027788519859,3102.13845553994,111.178555965424,36152.8206967711,215.993893802166,0,19300.1316005588,42637.290263474,968.827816694975,128.673815608025,341.30377843976,2.06216394901276,7.69517496228218,22.2372691035271,2997.94531518221,554.507009625435,10583.9183645844,1947.25368866324,6503.28584089875,4334.55210471153,85.9896382689476,97.1911505758762,80.4633632600307,902.257914423943,185.109764009714,535.443256944418,306.596298962831,1.67613363265991,1.7515721321106,1.23000276088715,0.733415305614471,172.198456197977,2529.86299267411,0,12.4130143523216,0,24.1622439622879,1.25025004148483,5.19885498285294,0,21.3312792479992,0,1.41700720787048,3.57190707325935,5.67050516605377,136.588416695595,244.728187441826,15.2281367480755,40.1715679168701,0,13.9585675895214,191.092115491629,1159.24838709831,47.4926931858063,1.70728147029877,161.07284989953,7385.43607339263,19.6953101158142,1.01443800330162,14.4273844361305,0.589266955852509,2.6446436047554,0,130.741870731115,397.766456127167
0.427752554416656,0.953240394592285,3.51383429765701,0,93.2727082371712,183.707706034184,65.7100566029549,122.294591724873,886.681461423635,11755.5192435384,53.0021878778934,4471.3888207376,5.21793156862259,47.6881163418293,490.635098308325,0,4.72865667939186,11.7955139875412,6.14013031125069,28577.9472372532,4.69044622778893,5.21214166283607,19.6723935902119,2324.45418828726,53.2548722922802,10.423937112093,3.67015504837036,14019.381148845,73.0888303518295,24.0537233352661,0,20.1906312704086,2.13766983151436,55.572084069252,50.0583535432816,468.3974198699,12.290019005537,119.173785984516,30.0251494646072,441.703566014767,39.147748619318,45.3437754511833,131.912656635046,4.60299494862556,117.243498533964,11.7245311141014,562.249916046858,20.5431418120861,34.7035869061947,0,0,0,661.921822041273,64.0617824792862,53.75202947855,121.035053819418,40.9407039284706,177.934416979551,374.349725335836,4.30959519743919,524.067273020744,0.561943233013153,13.9019402265549,160.090401053429,1.21914267539978,0,2.04544073343277,0,432.498460888863,0.384999543428421,3.27604755759239,0,1001.32064241171,1.45094895362854,0.414588272571564,0.432581573724747,860.304022490978,11.2777216136456,0.325644999742508,0,0.64396071434021,4.22115862369537,24.7009508609772,4.02954852581024
4.62093204259872,8.12325146794319,23.5366644263268,93.2727082371712,0,3146.6189788878,335.357797652483,593.774931520224,192.828285992146,666.173221170902,67.8380950391293,1722.03088125587,10.0967723429203,27.3621591925621,3913.77887833118,24.2521278858185,30.4003614783287,3.68590784072876,4.63399881124496,187.52215179801,199.861688166857,13.970380872488,445.073393404484,304.968142360449,93.7037248909473,15.0191031992435,129.754537522793,447.447261691093,39.0830660760403,272.103858500719,3.31424850225449,1436.92889022827,4.94625043869019,2562.36161068082,1074.41953539848,2080.4368018508,72.7655625343323,407.130131334066,474.694414049387,18523.8052633107,7705.8260396719,117.960684120655,23.0186214148998,6.21408358216286,41.6151181459427,40.4471496045589,113.532260596752,13.1604193747044,41.9624847769737,0,1.02603483200073,0.533152997493744,19.7467315495014,13.6918199658394,4.69052875041962,5.67746955156326,2.70425090193748,32.6019643545151,20.9361556768417,2.63617208600044,27.4251234829426,2.66073366999626,0.857395648956299,21.1503830850124,7.77789324522018,0.838152527809143,2.04898631572723,2.81819152832031,7.58151963353157,11.4306735992432,0,23.0703614354134,167.787682533264,0,4.11237633228302,12.0029427707195,35.8517833650112,3.39374122023582,1.36746251583099,0.488134264945984,0,0,0.607674539089203,784.016649514437
233.98947173357,6.02220517396927,87.5374634861946,183.707706034184,3146.6189788878,0,8314.40581095219,15355.459534049,177.791090667248,17204.3591985404,1357.61499944329,7522.25268721581,164.015027016401,2899.61660373211,6198.0035020113,5.49078196287155,219.411256760359,242.512955009937,89.9838989973068,378.336441501975,261.51492293179,4.85586020350456,725.472290545702,263.266304582357,211.610617518425,263.982467114925,204.031288534403,2492.51957345009,708.738975942135,1461.29434844851,21.900053948164,1177.89515975118,52.733381062746,1419.76685264707,4799.32066869736,4410.178927809,209.83512583375,1330.08003652096,752.958643198013,8232.34030994773,1249.36411657929,406.958651930094,102.774476528168,6.05673325061798,109.822287976742,34.849701166153,105.364270240068,23.7381101846695,73.6169629991055,0,5.25306284427643,0,19.4711773395538,7.52532568573952,0,37.7623973488808,3.86125361919403,87.5274389982224,29.1365166902542,13.731329023838,28.0069011747837,35.3555085062981,1.29925465583801,19.966274946928,0.961754381656647,0,0,0,14.4506472349167,0,0.436883807182312,1.00391921401024,588.476691007614,2.65766787528992,2.92645543813705,11.198343783617,185.390456050634,1.82601976394653,0,1.12128186225891,2.11977505683899,0,20.7376715540886,68.994880437851
3964.15783163905,5.1143858730793,753.306695729494,65.7100566029549,335.357797652483,8314.40581095219,0,22025.0834747553,447.012069374323,33632.2193550766,1020.09075599909,320.131814599037,70.3367850780487,14079.5675640106,400.98238953948,58.9493215084076,723.948153764009,392.783279567957,268.793265968561,97.7098828554153,2661.90532639623,8.52536171674728,5543.01471853256,1684.67418637872,57.8482508659363,456.078492581844,598.525153130293,57735.0097828805,2407.41902083158,34184.982023716,14.9504918456078,494.011138528585,416.23357257247,1582.33609881997,1312.0958506465,5112.3933467567,103.653820723295,3167.9782269001,859.968338489532,1566.60505342484,581.687972217798,210.478255927563,627.531894862652,19.0009184479713,385.547547787428,41.5715032219887,339.048100411892,115.478453546762,71.9322818219662,0.78875869512558,0.756482005119324,5.36844262480736,186.581248223782,19.6439193785191,23.0721160173416,234.73817461729,123.441233456135,139.750853478909,285.60181581974,12.1337775886059,44.2846268415451,7.42413464188576,43.2002310752869,42.6974831521511,16.068003475666,0.518664240837097,0,1.80493795871735,74.7498019635677,2.96815344691277,5.99183598160744,30.7456711530685,1840.50287511945,0,0,36.9597844183445,1146.69233092666,50.3267656564713,2.12775582075119,0,7.08861267566681,4.4962545633316,187.692652374506,75.9212865829468
4550.56766870618,13.0460598766804,372.786600321531,122.294591724873,593.774931520224,15355.459534049,22025.0834747553,0,171.999618023634,10269.9283384532,2376.37943801284,4480.57201462984,266.845718562603,37942.8925306201,475.589109510183,10.4581484496593,2942.77810126543,376.916432231665,547.255036026239,453.955369710922,1565.70422893763,5.49601969122887,6682.48266792297,208.88841548562,191.894989311695,594.833530157804,500.86703518033,2711.54806089401,5876.84625247121,16050.2977111638,42.6267045736313,965.097072571516,130.683203905821,1818.33135536313,555.140276491642,3325.16061091423,241.402552425861,1952.02347192168,667.022004455328,2066.40355998278,281.338983565569,398.319268167019,150.468884766102,24.1898873448372,149.036279946566,22.7671953737736,87.9168174266815,30.0935887098312,115.107051551342,0,1.46041524410248,0,4.98427534103394,1.89798906445503,0,69.8607762157917,9.53312367200851,94.1189260184765,5.12802886962891,32.8672054111958,11.8593893349171,70.6509236991405,0,8.24214300513268,1.21087059378624,0,0,0,3.93392440676689,0,1.46872386336327,2.21191734075546,1159.66937550902,2.28139406442642,3.92403334379196,21.6627417802811,287.916506797075,3.34409028291702,0,6.41897287964821,1.51036584377289,1.23007941246033,15.9927641451359,34.0595328807831
0,2222.72804129124,13.6238273978233,886.681461423635,192.828285992146,177.791090667248,447.012069374323,171.999618023634,0,1416.04218345881,294.110071063042,1666.30924373865,176.58948636055,15.2665610015392,1262.27836480737,573.706974446774,90.0871996283531,27.5918130576611,30.063349634409,784.206452518702,128.294245988131,7659.53505474329,360.377677381039,41054.2235339284,741.455955892801,74.3132089078426,6622.61197003722,5253.62510722876,27.2428135275841,18.5500358045101,1.15665864944458,31.8668368160725,5.35418432950974,136.970274150372,39.8982670009136,957.270865082741,228.819292634726,307.530014246702,138.181362867355,1347.98988509178,46.5545341074467,352.251377999783,1211.08182874322,45.7464098632336,268.537038058043,49.5376465320587,922.459746569395,50.6606467664242,16.8487809300423,2.5472417473793,113.506008177996,60.9421311914921,1926.41935247183,150.993249386549,97.9994190335274,199.106037318707,260.601584345102,2029.88046994805,2016.5600053966,20.928327023983,627.852783977985,14.5579254627228,75.6755864620209,310.696007907391,1407.0499368012,25.1321138143539,3.4743495285511,6.20011913776398,646.269723504782,179.722701460123,1255.58226940036,811.3362878263,7945.31012114882,35.665955722332,50.8144433796406,713.467134326696,3801.18733993173,90.6006637215614,37.5681627988815,3.30675530433655,8.37367042899132,10.5939539670944,125.27829888463,185.443926841021
50.8798579871655,3.70482614636421,101.73160430789,11755.5192435384,666.173221170902,17204.3591985404,33632.2193550766,10269.9283384532,1416.04218345881,0,1791.64653286338,8939.92542213202,132.330443412066,4457.00124996901,841.161960065365,8.37083646655083,81.3025011122227,547.948944658041,234.25885745883,3690.07706740499,158.084964364767,1.16357690095901,326.625043392181,998.487438052893,202.466925919056,497.397814959288,251.615319728851,11514.4722407758,979.067361295223,490.748636990786,16.7803292870522,811.760472893715,32.2335391938686,1466.55945844948,1462.5528177619,6121.13901305199,120.760542780161,2219.21145063639,506.745228469372,2821.65428626537,851.696913421154,384.54453548789,496.906139671803,16.2809164226055,447.64200091362,52.9444646835327,1502.72853603959,58.9426779747009,174.391924381256,0,0.589556813240051,0.581863105297089,720.226242691278,147.967462211847,73.034564614296,573.249868035316,78.2257876694202,350.478519499302,750.826735526323,14.337140828371,1114.0511943996,20.5655671954155,28.2392677664757,301.527901113033,1.89070916175842,0.486562162637711,2.33612823486328,0.629738628864288,375.883916348219,0,3.85413646697998,0.473361045122147,3521.04420727491,0.503642559051514,2.1475775539875,1.98050266504288,2669.44027402997,36.4345467090607,0.770033359527588,0,1.80854624509811,7.92053309082985,105.509314745665,65.8251940011978
145.604065060616,1038.73744529486,150.108195453882,53.0021878778934,67.8380950391293,1357.61499944329,1020.09075599909,2376.37943801284,294.110071063042,1791.64653286338,0,2109.960706532,22958.1574082971,737.924303561449,24.8694892525673,10.7275795340538,296.682480573654,12736.2097991109,791.692421764135,155.347694516182,152.956363856792,408.803848028183,418.264325946569,234.254173666239,5356.62098041177,6846.97945332527,3564.31025156379,493.939794719219,1036.09205687046,862.763216018677,1178.10159370303,2830.90885749459,30.5167461931705,18752.0357764959,118.360485315323,2067.17577505112,7259.15204066038,16732.4964754879,2009.88394281268,154.738025218248,22.2239546477795,8016.39982607961,50.4715483784676,1277.74147173762,500.880782067776,27.8350018262863,9.08088970184326,12.0477330684662,940.341387033463,0,116.767974883318,4.19272711873055,0,2.96120625734329,0.476647108793259,1.26836356520653,6.83463910222054,63.7063303291798,2.81773844361305,2736.41924029589,4.36790382862091,7863.78797578812,10.6382095217705,3.94968897104263,1.96590775251389,0.372805923223495,49.1025632619858,17.5692467689514,0,0,15.9443908035755,0.481915563344955,49.8152317106724,523.701735079288,1557.42346903682,5442.88693282008,0.744798719882965,5.04993909597397,0,1519.82094982266,17.5003862380981,0,129.45825150609,104.16196835041
35.6834019124508,33.7859960198402,43.9011662900448,4471.3888207376,1722.03088125587,7522.25268721581,320.131814599037,4480.57201462984,1666.30924373865,8939.92542213202,2109.960706532,0,181.474631369114,1073.45511621237,7830.62937945127,3.44000059366226,43.0809811651707,618.690512627363,218.240491509438,10092.500436902,10.5894665122032,55.8426316380501,52.9510050415993,1206.53047907352,169.225316226482,627.450237840414,393.671194940805,2743.46392324567,378.867950767279,151.406399846077,33.0029426813126,639.719811528921,0.435968160629272,1071.2239561975,9548.27836424112,2428.79998597503,134.797047376633,1159.41561207175,266.598647117615,6374.90124708414,378.317203521729,248.963841795921,95.7762388885021,8.91960245370865,79.2889269292355,23.625341296196,800.979626059532,23.9154433906078,71.3509372770786,0,1.67222309112549,0,236.592721879482,80.9690084457397,40.3243756890297,44.014374434948,30.4282143414021,148.231394141912,237.899294257164,10.8091094195843,834.309212237597,22.1769534349442,7.25486248731613,165.423928678036,1.32804870605469,0,3.40295353531837,0.335091918706894,126.338169753551,2.84528255462646,3.4844878911972,0.34215646982193,474.57233518362,2.3708803653717,1.84324944019318,4.92850556969643,332.383425593376,11.2251830995083,0,0,4.98741927742958,0.845679581165314,19.5946125388145,535.309363484383
9.15664118528366,951.626183062792,8.98772895336151,5.21793156862259,10.0967723429203,164.015027016401,70.3367850780487,266.845718562603,176.58948636055,132.330443412066,22958.1574082971,181.474631369114,0,61.1223144233227,8.40276122093201,3.66675844788551,1.52690577507019,35.9114772975445,5.31906914710999,10.2085130512714,7.78052994608879,262.328868240118,13.5928091406822,127.371261298656,10245.7218272388,267.869270294905,3817.24440079927,45.4721330106258,81.5000062584877,52.3297818005085,204.564595639706,295.327480465174,1.02965134382248,2023.08172249794,24.4499761164188,710.239948570728,3354.87395480275,5291.37439993024,338.91550797224,89.3082271516323,17.81552952528,8912.34945777059,64.2400842905045,1348.98327457905,460.428808629513,76.100763887167,8.28132155537605,6.98592489957809,652.929016470909,0,211.498740553856,0.965444564819336,0.524819552898407,0,0.545660078525543,0.755035996437073,7.63702857494354,18.7089344263077,6.0622418820858,2938.1294118166,4.440025806427,9945.47317972779,10.7144265770912,0.820156335830688,2.23031520843506,7.18641144037247,103.222316592932,16.5861949324608,0.356065839529037,0,30.7968822717667,0.469190567731857,10.0430712103844,979.696759134531,2421.0864777863,9966.22224852443,1.56051540374756,8.40257167816162,0,2704.64798608422,16.8239602446556,0,151.466411858797,15.5556181669235
15215.2761031985,0,144.019155204296,47.6881163418293,27.3621591925621,2899.61660373211,14079.5675640106,37942.8925306201,15.2665610015392,4457.00124996901,737.924303561449,1073.45511621237,61.1223144233227,0,50.4400269985199,1.46287199854851,1591.09667605162,227.19486707449,268.169182747602,121.746066749096,614.77058583498,2.18180310726166,3089.27243620157,55.835436552763,36.5598759949207,310.141119509935,299.391253232956,811.207842290401,23328.8690139651,12664.3549339473,11.5607458651066,2300.38669455051,115.141435652971,1210.2331033349,84.3477113842964,616.149087309837,56.8584553301334,767.833869963884,138.08845102787,202.184104293585,56.9775557816029,60.8722676932812,46.7832013368607,4.39554139971733,29.4454305768013,13.086688965559,17.3607390224934,3.14359819889069,22.6634446680546,0,0.498100608587265,0,0.398130416870117,0,0,13.9131955504417,0,28.4297322332859,0.40909144282341,0.568764328956604,2.39996150135994,7.72260323166847,0,0.779050052165985,0.716553151607513,0,0,0,0,0,0.917161107063293,0,278.369722336531,1.87101912498474,1.86644005775452,8.35724234580994,88.8350620865822,0,0,3.23001527786255,0,0,9.65749594569206,1.27642095088959
3.40900307893753,48.5613851249218,33.1732688248158,490.635098308325,3913.77887833118,6198.0035020113,400.98238953948,475.589109510183,1262.27836480737,841.161960065365,24.8694892525673,7830.62937945127,8.40276122093201,50.4400269985199,0,54.0194511115551,32.0116519629955,7.37293195724487,10.1373786628246,682.362552285194,568.968891650438,112.314095079899,662.87640491128,2195.32094752789,120.310519695282,10.0985499918461,263.76093095541,1643.69946086407,28.4207198321819,676.039242237806,0.695561408996582,45.0591530203819,14.4486558437347,114.69203594327,2655.59845152497,622.443724900484,73.2407888174057,144.133520483971,143.716251045465,7115.66131180525,454.238107681274,93.3890506625175,113.83516779542,23.3345880508423,45.1737326979637,67.1641395390034,538.054653257132,9.69930770993233,39.7986969649792,0.61136782169342,0,6.12538334727287,145.66454526782,32.4807968139648,9.68296405673027,30.3403332233429,20.4754420518875,89.5211482644081,103.570172667503,0,165.62977078557,0.513412237167358,4.96551331877708,113.282141238451,13.3476036190987,2.0084488093853,1.22558259963989,1.52966487407684,77.5741235017776,9.95591133832932,2.77127248048782,27.2038026154041,303.25985994935,1.07872366905212,6.92411527037621,17.2963103055954,202.227225154638,1.96187371015549,5.9422687292099,0.535110473632812,3.18748712539673,0.831125319004059,11.1402703821659,1263.27449718118
0,292.223212718964,145.272217452526,0,24.2521278858185,5.49078196287155,58.9493215084076,10.4581484496593,573.706974446774,8.37083646655083,10.7275795340538,3.44000059366226,3.66675844788551,1.46287199854851,54.0194511115551,0,112.547890424728,4.02683264017105,16.1611801087856,0,9314.6569506228,13351.2945739329,15764.3934514225,4099.56701800227,26.9609341621399,26.0706736147404,8417.75778016448,3665.67439121008,4.56114685535431,35.2525047361851,0,1.05219098925591,1.31879198551178,99.2717743813992,615.925991386175,7137.94892761111,1078.4045778811,858.375028938055,1131.46131786704,51.4431550204754,13.7520941793919,29.135958969593,2293.47877043486,116.131301045418,203.995763719082,142.999758124352,75.38738322258,17.0718001127243,6.1605658531189,0,100.458469003439,267.291488051414,0.492521822452545,6.07127684354782,1.2514466047287,19.1261579394341,8.32248705625534,266.73030307889,5.07047963142395,2.24476587772369,1.37893533706665,0.865569829940796,3.57980585098267,11.5287963747978,5092.84981817007,30.8184493482113,0,1.51917690038681,0,462.09963914752,2842.66119164228,6840.76500827074,1793.07043728232,5.08593273162842,16.363793939352,4537.17158609629,827.319233089685,1.62351712584496,76.7205029428005,0,2.39641427993774,1.63184875249863,45.8885908424854,170.60627579689
237.814856231213,106.625402539968,22679.8299866021,4.72865667939186,30.4003614783287,219.411256760359,723.948153764009,2942.77810126543,90.0871996283531,81.3025011122227,296.682480573654,43.0809811651707,1.52690577507019,1591.09667605162,32.0116519629955,112.547890424728,0,1162.18443360925,11740.3577784896,10.7785204052925,1564.50472274423,90.4927231669426,17831.9828818142,134.360548496246,7.69327232241631,21937.147148937,22484.8946718574,623.848289519548,2099.13826811314,1826.20899525285,0,69.6543490290642,399.63385400176,4014.67850524187,234.339592427015,2110.83285045624,375.562910526991,3052.33529093862,1954.87223035097,109.989193886518,87.1672522127628,41.0211724340916,61.9814974665642,47.846532523632,51.7146451175213,26.9274140298367,1.08569371700287,0.816526293754578,0.654990553855896,0,86.6490439772606,231.031323581934,0,2.53642094135284,0,0,0,0,0,0,0,2.17242062091827,0,4.88895803689957,11.0000171661377,20.2850072681904,0,5.27727273106575,0,0.529205501079559,18.3008413314819,45.8099364042282,1.79734122753143,1.5501201748848,88.420201420784,1052.5302682817,0,0,0.767425715923309,0,0,0,14.1970020532608,71.9240816235542
57.2430421411991,61.6225691437721,563.82902982831,11.7955139875412,3.68590784072876,242.512955009937,392.783279567957,376.916432231665,27.5918130576611,547.948944658041,12736.2097991109,618.690512627363,35.9114772975445,227.19486707449,7.37293195724487,4.02683264017105,1162.18443360925,0,5939.96547141671,49.3945543020964,180.064463406801,11.8376491963863,556.60183775425,29.2575737833977,3.57735568284988,12471.3540401757,3670.31510782242,178.53830575943,353.169940918684,439.126801460981,29.4763490557671,204.752074956894,40.1196634471416,3700.97061307728,150.369156628847,3220.84348624945,4760.42838087678,6551.42721930146,2111.96035897732,26.6907223165035,15.4969109892845,25.0967122614384,50.2577431797981,64.4072006940842,49.8849766552448,13.0697554349899,0.46381464600563,0.678664922714233,0,0,49.427938491106,19.2838933765888,0,7.99992847442627,0,0,0,7.27943235635757,0,2.87401044368744,0.724190294742584,9.25592893362045,0,0.50477522611618,0,4.54549258947372,5.55191770195961,2.36848765611649,0,0.399019032716751,2.61466380953789,1.07677248120308,0,22.3425582051277,252.873767107725,1202.88012614846,0,1.03312492370605,0,3.4538688659668,0,0,1.93298438191414,182.634303033352
51.4354898333549,61.7148786783218,2284.73855128884,6.14013031125069,4.63399881124496,89.9838989973068,268.793265968561,547.255036026239,30.063349634409,234.25885745883,791.692421764135,218.240491509438,5.31906914710999,268.169182747602,10.1373786628246,16.1611801087856,11740.3577784896,5939.96547141671,0,16.1448649168015,325.49183306098,20.096239566803,1977.32131224871,40.368536144495,3.52326059341431,7520.7673920393,6101.24962255359,175.916171342134,435.926767647266,479.898137331009,6.30103754997253,29.2419405579567,65.1781669557095,4655.57949665189,84.1722456812859,1381.71070456505,780.151647537947,2174.16978234053,964.809325814247,27.8738841414452,21.9617945551872,19.1442783474922,25.6867888867855,27.8908225595951,24.7477766275406,12.8497625589371,1.84657311439514,0,0,0,42.031700193882,31.3893673419952,0,3.26170843839645,0,0,0,0.930539131164551,0,1.6823422908783,0.471810191869736,1.6926726102829,0,0.692146182060242,0.925715535879135,3.54637783765793,0,2.45684361457825,0,0,6.87160235643387,7.49264878034592,0,7.93990612030029,128.94769346714,511.658260256052,0,0,0,0.570652604103088,0,0,8.40049403905869,70.8088411092758
3.80052354931831,4.67049467563629,2.96027788519859,28577.9472372532,187.52215179801,378.336441501975,97.7098828554153,453.955369710922,784.206452518702,3690.07706740499,155.347694516182,10092.500436902,10.2085130512714,121.746066749096,682.362552285194,0,10.7785204052925,49.3945543020964,16.1448649168015,0,4.15009930729866,13.4572156071663,18.9826444983482,1254.58004915714,71.84972012043,38.4703313112259,25.9868087768555,4714.15012446046,81.8542411923409,37.1275616288185,1.14354252815247,72.9059508740902,1.08808788657188,139.091465711594,65.5480786561966,731.972572565079,19.9422247707844,207.511568129063,57.268701672554,675.491126716137,88.725812792778,95.0773879885674,200.60848146677,5.31301724910736,200.784550368786,16.5543266832829,662.684628397226,33.4029797613621,56.5303326249123,0,1.10070717334747,0,484.116357594728,66.9666479229927,37.13416197896,196.504508435726,35.9372556507587,154.980207592249,399.988243371248,2.19602993130684,404.612283378839,2.01996609568596,6.12762317061424,171.418078660965,1.20360112190247,0,0,0,213.596352249384,0.993789434432983,2.2519303560257,0,1227.83742335439,2.09155923128128,0,0,1037.40578624606,8.14540046453476,0,0,0,2.67470347881317,40.1598379015923,5.74295315146446
69.9021384716034,15.7145975232124,3102.13845553994,4.69044622778893,199.861688166857,261.51492293179,2661.90532639623,1565.70422893763,128.294245988131,158.084964364767,152.956363856792,10.5894665122032,7.78052994608879,614.77058583498,568.968891650438,9314.6569506228,1564.50472274423,180.064463406801,325.49183306098,4.15009930729866,0,724.740613937378,53372.926209569,578.674260079861,8.44781532883644,299.538344323635,2281.04371419549,15563.3846379817,440.682703256607,19001.2179926634,1.02088057994843,61.9692299664021,52.1567072868347,6876.99399361014,6268.61800295115,18669.7758642733,747.166177719831,12413.623527199,6584.99366489053,332.741941332817,187.975591808558,65.6843982338905,1695.62271171808,47.5626262128353,105.946931004524,54.8620110452175,42.8709586262703,23.7662951648235,1.86269640922546,0,11.9859676361084,33.5925743877888,0.909882456064224,19.3954085111618,0.450505256652832,3.24637496471405,3.49597677588463,133.427937328815,1.76151871681213,0.388498693704605,1.20768678188324,0,6.51346749067307,32.3401422798634,1352.88931310177,5.9434297978878,0,0,0,250.791929155588,374.648639112711,1041.30576953292,1048.57311075926,0,0.798928916454315,356.663483589888,545.329854905605,3.23893982172012,40.914869427681,0,0,0,10.7479897737503,418.232964903116
0,2912.33307784796,111.178555965424,5.21214166283607,13.970380872488,4.85586020350456,8.52536171674728,5.49601969122887,7659.53505474329,1.16357690095901,408.803848028183,55.8426316380501,262.328868240118,2.18180310726166,112.314095079899,13351.2945739329,90.4927231669426,11.8376491963863,20.096239566803,13.4572156071663,724.740613937378,0,4237.50722107291,19224.5392260849,918.281775325537,48.1041615605354,13264.2001317441,822.200377047062,2.5382187962532,2.77749022841454,2.03408545255661,2.78214937448502,1.00411546230316,107.105783909559,35.2240918874741,600.57279369235,298.191967993975,276.609043091536,175.702656179667,124.744187802076,0,596.400101721287,704.691581785679,65.2540463209152,154.358337402344,104.732494860888,13.4701862335205,2.52132195234299,1.22462344169617,1.13355982303619,274.833015859127,450.131908982992,5.28515782952309,1.22117531299591,0.532629549503326,13.1926036477089,4.28407797217369,86.9810461699963,8.12761783599854,10.8423020839691,46.312032610178,24.3639159500599,2.96448823809624,1.45420056581497,1981.86103078723,55.1811286509037,2.90252339839935,7.89046332240105,1.34818410873413,116.02104601264,3260.53643590212,2053.04678246379,973.735934078693,24.3381423950195,79.5205324888229,7485.80995225906,209.733291119337,1.5631078183651,20.9328455328941,17.864019036293,0,0,53.2901565730572,47.1546850502491
491.549717396498,96.3436668813229,36152.8206967711,19.6723935902119,445.073393404484,725.472290545702,5543.01471853256,6682.48266792297,360.377677381039,326.625043392181,418.264325946569,52.9510050415993,13.5928091406822,3089.27243620157,662.87640491128,15764.3934514225,17831.9828818142,556.60183775425,1977.32131224871,18.9826444983482,53372.926209569,4237.50722107291,0,1713.309764117,11.3194350600243,2829.08821070194,32348.4216101468,14781.9568646848,2855.59406119585,11346.2119993269,2.08924898505211,194.282037109137,477.088704943657,14910.4610696137,7547.21701210737,57661.5776557922,7264.94594740868,25161.0201839507,20860.7215762138,554.78870344162,370.037085533142,227.653459727764,2068.88543319702,215.912385255098,260.562695503235,221.73452398181,31.5799647569656,7.5542571246624,6.17337495088577,0,122.051599115133,793.339372068644,1.336146235466,56.3930296301842,0,54.8795635700226,4.10876533389091,125.523062288761,0.514457821846008,0,1.57197508215904,0,3.08789214491844,41.2687858939171,8642.5220784843,59.7535023093224,0.830203890800476,7.14684116840363,0,718.236378192902,3495.74064821005,13597.2522318363,1333.5646866262,2.03523141145706,16.0294078290462,7309.42039108276,678.301070034504,2.39733707904816,181.591755717993,0,0,0,56.7331754565239,1247.13937690854
2.63163164258003,3269.7894833684,215.993893802166,2324.45418828726,304.968142360449,263.266304582357,1684.67418637872,208.88841548562,41054.2235339284,998.487438052893,234.254173666239,1206.53047907352,127.371261298656,55.835436552763,2195.32094752789,4099.56701800227,134.360548496246,29.2575737833977,40.368536144495,1254.58004915714,578.674260079861,19224.5392260849,1713.309764117,0,803.383325308561,61.8304412662983,8258.86541292071,19574.519426167,113.119763731956,65.8937130868435,0.437016636133194,41.0325189232826,55.9394308924675,226.34224781394,843.433252930641,5814.96718043089,513.430582493544,719.594709157944,409.833408206701,1776.05945041776,90.2107111811638,361.93757879734,7163.71513527632,145.280558586121,2476.04632806778,382.494173318148,2249.59262537956,512.868164032698,194.562083244324,1.17595398426056,151.365990847349,125.560347467661,1821.50085616112,140.92855912447,173.881551146507,1326.39923855662,948.28714582324,4577.24910187721,2008.83370220661,40.0105032622814,1203.93580362201,16.1045092642307,376.840018063784,422.876170814037,1008.40410920978,15.9753860831261,1.68440759181976,2.28848192095757,956.301875948906,218.972326278687,376.188500344753,614.66035670042,26361.7010344863,51.1801279187202,41.2088260650635,1327.60937690735,9803.90227240324,407.791671723127,35.4641705155373,0.996504485607147,24.2332988381386,36.1805491149426,1053.81667086482,551.275866657495
3.78542163968086,3846.96467891335,0,53.2548722922802,93.7037248909473,211.610617518425,57.8482508659363,191.894989311695,741.455955892801,202.466925919056,5356.62098041177,169.225316226482,10245.7218272388,36.5598759949207,120.310519695282,26.9609341621399,7.69327232241631,3.57735568284988,3.52326059341431,71.84972012043,8.44781532883644,918.281775325537,11.3194350600243,803.383325308561,0,76.8827431797981,8902.65815374255,216.339684665203,12.8917923271656,10.6643302738667,47.8338667750359,93.2557442486286,0.63360333442688,790.337275862694,9.67745167016983,868.583430677652,1148.08083182573,1922.67220032215,422.102170288563,1104.03213095665,410.560708463192,10422.1205793023,100.384328305721,169.29527387023,449.554750591516,46.9501966238022,273.53265619278,51.6726754307747,1028.8692137599,0,124.336277365685,3.31887343525887,10.0379875600338,1.6439805328846,9.75000631809235,7.77976647019386,39.53597047925,46.2320303320885,14.9361951649189,770.137628287077,19.9224287569523,2723.7975731492,19.2292705476284,8.9723347723484,4.04412806034088,1.62306761741638,10.7685936689377,3.00289833545685,2.40486893057823,1.34750950336456,40.0480058193207,0.934983134269714,56.6072297990322,899.277976870537,272.907110780478,2363.51281502843,14.545560836792,3.01340931653976,0.760363578796387,270.212187498808,7.64955851435661,0,77.5879723131657,1.0958948135376
66.343523234129,368.732156395912,19300.1316005588,10.423937112093,15.0191031992435,263.982467114925,456.078492581844,594.833530157804,74.3132089078426,497.397814959288,6846.97945332527,627.450237840414,267.869270294905,310.141119509935,10.0985499918461,26.0706736147404,21937.147148937,12471.3540401757,7520.7673920393,38.4703313112259,299.538344323635,48.1041615605354,2829.08821070194,61.8304412662983,76.8827431797981,0,30333.3686016798,216.330864071846,445.756157338619,503.733387798071,432.216410368681,273.002429753542,41.1853348910809,4522.19997689128,346.092643976212,7076.71024480462,6852.84108531475,11046.923206687,4423.1352943778,50.7156745493412,38.650121062994,93.632336884737,894.078402042389,1060.33031147718,650.554209977388,330.137245178223,3.65943115949631,5.70418637990952,8.2643566429615,0,741.816386163235,862.495665609837,0,15.7145385146141,1.08130609989166,5.17113852500916,0,11.9182635545731,0,73.7223690450191,1.4852549135685,283.623181968927,2.662333548069,3.03196102380753,13.614153444767,173.699420750141,141.66660669446,95.0355030596256,0,2.85544681549072,20.374191403389,91.0749828219414,7.07040768861771,388.004398882389,3328.84938669205,15466.9250784218,1.17010647058487,1.51584714651108,4.48307022452354,183.199370622635,0.898621469736099,0,146.17158421874,384.812797665596
76.7193821072578,20723.8301737607,42637.290263474,3.67015504837036,129.754537522793,204.031288534403,598.525153130293,500.86703518033,6622.61197003722,251.615319728851,3564.31025156379,393.671194940805,3817.24440079927,299.391253232956,263.76093095541,8417.75778016448,22484.8946718574,3670.31510782242,6101.24962255359,25.9868087768555,2281.04371419549,13264.2001317441,32348.4216101468,8258.86541292071,8902.65815374255,30333.3686016798,0,3812.60562908649,531.523780271411,1175.08872261643,239.904542773962,135.770465523005,123.898685991764,10309.8736939579,2704.10922053456,47236.8254342079,12347.3251162171,26826.8788860738,20179.5057149827,409.619827777147,414.740238785744,515.479725301266,6989.36974984407,3725.6247638166,4485.97915652394,2343.71231472492,36.0441637635231,46.9981358647346,48.737977206707,4.0824513733387,8529.36547490954,13587.9060635269,0.420070707798004,62.3137581944466,0.375753879547119,138.736759483814,6.52742567658424,111.07991194725,3.1422378718853,386.912753969431,35.8723718523979,1731.73944312334,19.1751997470856,47.4629960656166,1573.28185737133,1864.16085261106,362.094850152731,461.072561264038,0.364174664020538,115.498934149742,3735.3727875948,6496.71777197719,963.995678156614,3413.80217149854,11217.1750298738,107991.869949073,175.312507629395,21.2153329849243,92.7588156461716,1048.61679643393,13.9890590310097,0.465541929006577,1131.46787020564,2015.55771499872
39.097046226263,41.9061246812344,968.827816694975,14019.381148845,447.447261691093,2492.51957345009,57735.0097828805,2711.54806089401,5253.62510722876,11514.4722407758,493.939794719219,2743.46392324567,45.4721330106258,811.207842290401,1643.69946086407,3665.67439121008,623.848289519548,178.53830575943,175.916171342134,4714.15012446046,15563.3846379817,822.200377047062,14781.9568646848,19574.519426167,216.339684665203,216.330864071846,3812.60562908649,0,1383.2061881423,32736.9576730132,3.12242570519447,310.813147991896,506.856776714325,2173.86626836658,6026.56851869822,19744.4638698697,607.407212764025,6082.71752887964,2619.60042390227,2729.3443312943,749.213400989771,381.26913395524,4763.76852598786,83.589044213295,1825.10358405113,276.188348382711,2325.17604348063,437.683515965939,265.987418860197,0,4.24545368552208,39.2408848106861,1585.38742646575,157.019081413746,82.4788173735142,1214.95928120613,496.762388050556,1473.59215334058,1986.40791454911,10.0184680521488,531.640322953463,6.76719224452972,144.424857676029,403.036964356899,636.672374010086,2.73912820219994,0,0,730.613708466291,121.835892438889,204.623222351074,614.468894779682,12771.0365184546,3.57717689871788,2.92564433813095,560.228600472212,7097.89743885398,214.469621628523,25.829874753952,0,10.292441368103,35.0324717760086,747.069452822208,365.522199183702
4703.63142949343,5.32922583818436,128.673815608025,73.0888303518295,39.0830660760403,708.738975942135,2407.41902083158,5876.84625247121,27.2428135275841,979.067361295223,1036.09205687046,378.867950767279,81.5000062584877,23328.8690139651,28.4207198321819,4.56114685535431,2099.13826811314,353.169940918684,435.926767647266,81.8542411923409,440.682703256607,2.5382187962532,2855.59406119585,113.119763731956,12.8917923271656,445.756157338619,531.523780271411,1383.2061881423,0,8961.9524962008,23.7876842617989,5455.80289283395,7207.7406899035,4364.56581529975,181.899303048849,479.132799714804,53.5834615826607,1721.45964878798,230.922829210758,129.459498614073,93.5287146568298,41.7903872728348,38.2209390997887,2.06709551811218,27.0331982970238,3.92090368270874,20.9601443111897,5.10866731405258,10.6947622597218,0,0,0,0,1.65845930576324,0,7.06466236710548,1.62949562072754,15.3722679316998,1.38812673091888,8.19502899050713,3.23443210124969,16.879580616951,0.544990241527557,0,0.389509648084641,0.48816055059433,0,0,0,0,1.6145031452179,0.882885277271271,148.872700065374,0.94801253080368,2.01762509346008,9.74398937821388,46.9139196872711,0.986189424991608,0,2.36434996128082,0,0,2.18140679597855,9.16226649284363
7573.90567901731,2.56587398052216,341.30377843976,24.0537233352661,272.103858500719,1461.29434844851,34184.982023716,16050.2977111638,18.5500358045101,490.748636990786,862.763216018677,151.406399846077,52.3297818005085,12664.3549339473,676.039242237806,35.2525047361851,1826.20899525285,439.126801460981,479.898137331009,37.1275616288185,19001.2179926634,2.77749022841454,11346.2119993269,65.8937130868435,10.6643302738667,503.733387798071,1175.08872261643,32736.9576730132,8961.9524962008,0,9.81967061758041,342.023847579956,3667.05648705363,13654.206489861,4949.0431060493,6759.65642383695,102.346332013607,9986.16613972187,2140.26992616057,1178.12299486995,687.428165107965,184.657474309206,25.5664026141167,8.68984496593475,8.20058923959732,9.67441779375076,4.05834531784058,0,3.21199584007263,0,0,0.441713005304337,0.96186962723732,15.501270711422,0,1.18634784221649,2.00485923886299,4.89036339521408,0.377367049455643,1.80321162939072,0,2.56771695613861,0,8.1619373857975,9.34304216504097,0,0,0,0.652298152446747,0.565077602863312,1.93594300746918,11.4711076319218,26.8547751009464,0,0.598305583000183,9.22276505827904,10.963842779398,0,0,0,0,0,3.72017139196396,225.171595901251
1.8458559513092,7.0944539308548,2.06216394901276,0,3.31424850225449,21.900053948164,14.9504918456078,42.6267045736313,1.15665864944458,16.7803292870522,1178.10159370303,33.0029426813126,204.564595639706,11.5607458651066,0.695561408996582,0,0,29.4763490557671,6.30103754997253,1.14354252815247,1.02088057994843,2.03408545255661,2.08924898505211,0.437016636133194,47.8338667750359,432.216410368681,239.904542773962,3.12242570519447,23.7876842617989,9.81967061758041,0,47.5797219574451,2.45874857902527,152.75255510211,8.46362888813019,118.683791726828,298.273476719856,761.806649923325,204.998127132654,3.11014586687088,1.86206543445587,27.2810240983963,8.34144270420074,71.6285505890846,34.5329191684723,18.9519438743591,0,0,10.0893906056881,0,46.4240355789661,0,0,0.515644431114197,0,0,0,1.14574611186981,0,38.2537929415703,0,187.896561533213,0,0,0,1.31138092279434,19.4136657714844,12.9601423442364,0,0,1.37262201309204,0,0,149.564094603062,428.762614905834,1829.96830457449,0,0,0,156.862996339798,0,0,4.47879701852798,4.87267881631851
