0,1.25025832653046,53.2030532956123,1.24901840090752,0,8.9350471496582,4678.89471027255,931.478847742081,14.9646351933479,52.2778042554855,106.588258385658,8.65356096625328,15.6140403151512,11553.4621171653,0,1.34712797403336,890.767386943102,56.3341134190559,163.144134908915,7.76035079360008,167.250159710646,0,596.537326872349,24.3286131024361,0,208.782044142485,93.6734948158264,51.4497805535793,9690.87170824409,16305.1044871807,11.2290586829185,15.0322530269623,93.9769541919231,407.78697514534,39.280324190855,249.853323817253,27.8960636258125,177.32156547904,42.605471521616,9.03881260752678,25.9490294754505,32.349378824234,14.2643283307552,0.379715740680695,9.23153448104858,3.36012461781502,4.508674710989,1.64775454998016,0,0.816730946302414,0.682535588741302,2.18129736185074,0.385528653860092,0,0,34.9321168959141,8.5584644973278,23.2298502624035,2.89440461993217,2.04146254062653,0,3.86105281114578,4.10582518577576,0,2.55842643976212,0.323580235242844,0,0,1.11449468135834,0.695591032505035,0,2.25577715039253,93.4174824953079,1.15203619003296,0,6.54103350639343,109.768779963255,12.2984141409397,12.8750159740448,0,0,1.62457218766212,17.0197521150112,6.16892147064209
1.25025832653046,0,52.5594837069511,3.4994038939476,1.4910079240799,8.62122988700867,17.6955074965954,3.43277233839035,2075.71285516024,8.97222265601158,517.383252203465,31.961878746748,1864.00231102109,4.64153188467026,67.3264371454716,1779.37366846204,53.1068132519722,1.04693198204041,9.8114600777626,0.886920094490051,34.962172806263,7391.87363982201,21.1246762871742,3841.87028840184,6576.52578017116,317.895408838987,33280.9361492693,245.986692249775,4.1214679479599,5.70074599981308,366.673736274242,4.75667238235474,1.11666065454483,58.886649787426,2.20057189464569,103.927111536264,110.106263548136,48.9795386493206,19.74590036273,65.7946915030479,0.625519394874573,985.155348598957,48.8666540086269,26.4162002503872,17.0695464015007,26.0960679650307,11.1099449396133,0,24.8066198825836,0,1280.04935353994,225.512676298618,0,0,0,7.94355416297913,0.755122900009155,77.8592769503593,2.2998298406601,319.015639424324,3.46360448002815,482.615769684315,1.23013949394226,5.78165170550346,108.082092583179,14.4945950508118,9.12157762050629,8.10802948474884,0,4.16093116998672,230.186760962009,36.326448559761,177.268042087555,139.257043451071,721.367461740971,7466.17294579744,39.8209343254566,2.57600498199463,3.76870033144951,230.066596567631,0.772162735462189,0,23.0317173302174,2.03459680080414
53.2030532956123,52.5594837069511,0,0.321873962879181,0,12.1242278218269,1149.41658765078,254.83787599206,26.1909565031528,32.1260624527931,54.1182687878609,7.54265886545181,4.88699185848236,401.026244014502,4.16983756422997,176.01893094182,18613.6247205734,213.557154715061,1671.20339027047,0.696135461330414,2709.14127522707,77.3517094552517,49168.0121218264,178.116172671318,0,49683.4814785719,35856.0453089178,2839.45784914494,196.623991131783,3559.02970725298,3.72230756282806,12.0903915762901,31.6556500196457,2778.63229879737,203.679943561554,6576.20427048206,1293.97307115793,2860.76414206624,2924.33354958892,23.5294623374939,34.2598246634007,5.18736442923546,247.613414168358,85.0591621994972,58.7409744560719,107.529941082001,8.07063183188438,0,0,1.13924315571785,68.2086246609688,4338.42663770914,2.51123085618019,0,0,39.3872138857841,3.3188838660717,15.5723485946655,0.53233015537262,0.438121765851974,0.470325410366058,0,5.49023523926735,0,294.139464586973,89.6832191646099,3.15861612558365,37.4161822199821,1.50335577130318,64.7939578592777,47.4294631481171,694.189502477646,106.298338383436,0,416.411536514759,11536.6322054267,145.601467430592,2.39156326651573,24.5907560884953,0,0,0,76.9730040132999,144.912384539843
1.24901840090752,3.4994038939476,0.321873962879181,0,4.9339884519577,48.4033396244049,1117.63305842876,169.385426461697,4203.97008863091,7014.80349993706,52.1540218889713,5021.56241363287,1.61245274543762,225.166722118855,44.3360783755779,0,2.84672665596008,18.1063805520535,13.5847077071667,14807.78058815,1.94024381041527,6.71203124523163,2.09206664562225,4623.25728863478,1.63835895061493,36.7469265162945,11.3803040087223,15868.3215082288,121.997661113739,12.9552364945412,1.88224536180496,42.8119493424892,7.29512569308281,167.728780716658,73.9557673037052,672.221818834543,12.8714308440685,159.945486068726,45.9456740319729,160.493261694908,103.837153404951,59.2751373648643,92.3057512640953,3.30342042446136,60.4749087691307,15.7849089503288,306.546027034521,16.0204870700836,7.96680808067322,1.59012803435326,0,0,2474.33730119467,0,134.235868543386,97.009536921978,300.799520105124,1065.6497631371,1562.04040974379,0.977925062179565,1163.28550592065,0,118.486925959587,18.9986237883568,1.72266882658005,0,0,0,773.34666004777,2.71436008810997,0,2.19761943817139,694.87072506547,1.53756809234619,1.44800445437431,0,1270.75740492344,44.1906581819057,5.20481914281845,0,2.21400284767151,1.38904190063477,124.900559037924,4.79408678412437
0,1.4910079240799,0,4.9339884519577,0,1523.88076069951,22.9173772633076,53.7325021624565,148.669358938932,37.4068818688393,9.00381553173065,327.142267972231,2.75014644861221,14.4225733578205,4747.96304166317,0,0,2.5380140542984,0.442332774400711,8.35443022847176,3.21508932113647,2.9586226940155,3.10385382175446,33.4993612170219,2.53756710886955,2.69985350966454,5.27972573041916,4.79173868894577,4.60449814796448,9.17539590597153,0,1262.12386989594,0,804.005524516106,451.352417290211,143.642870813608,6.62203723192215,10.543938934803,3.72005987167358,14232.9059574008,4708.13067859411,8.5333759188652,3.35429435968399,6.52039402723312,0.562938094139099,17.1493237018585,0,0,0,0,0,1.35864198207855,0.507201135158539,0,0,3.83389508724213,0,1.25972032546997,0,0,0,0,0,0,1.02357709407806,0,1.04075813293457,0,0,0,0,2.67026913166046,10.5599845051765,0,5.10833323001862,0.597116112709045,6.9088830947876,0,6.49765038490295,0,0,0,0,848.951246917248
8.9350471496582,8.62122988700867,12.1242278218269,48.4033396244049,1523.88076069951,0,8669.86352203786,18712.1999231577,321.598178774118,51559.5243464559,286.196468770504,8547.51715120673,38.844712048769,595.957568690181,2036.05416074395,0.318957358598709,65.6853042244911,68.2873013913631,41.5990685522556,227.923190206289,19.1120939105749,13.5997420847416,49.7026515603065,232.868736356497,8.89950424432755,129.09206277132,28.2626710534096,263.073980271816,149.041504070163,242.166535496712,12.9849055409431,5514.11392916739,8.71262934803963,270.238627225161,5380.79070466757,1871.27698627114,38.0988098084927,287.709081679583,106.671411693096,6097.13687112927,756.993047237396,220.363261401653,196.305488139391,12.9196781516075,101.496500313282,33.9189457297325,155.114132553339,38.3216601014137,3.48022127151489,6.18039900064468,3.10131454467773,0,348.077889233828,0,56.899164378643,347.662449210882,218.31563487649,79.7603930830956,326.247022420168,5.47743409872055,127.522803783417,7.51887363195419,133.886065900326,14.4443606436253,2.1116880774498,0.922936975955963,0,0,77.859237074852,4.17309734225273,0,1.26719683408737,610.815091580153,1.26561331748962,5.00089466571808,3.43949699401855,633.060622483492,79.2713876068592,11.3612896203995,0,0,13.6982936263084,188.08008223772,394.979037225246
4678.89471027255,17.6955074965954,1149.41658765078,1117.63305842876,22.9173772633076,8669.86352203786,0,36856.4328422844,3607.49812218547,18306.8987679332,1536.99734067917,636.286215811968,200.761475741863,28521.2004451156,364.428402632475,26.011001765728,1320.41352370381,662.539305984974,533.084261834621,430.783563584089,1742.13596200943,59.2922261357307,1828.88640668988,19851.6015518606,49.7501683533192,2236.0817719996,616.821959763765,70932.4459066093,7341.8054291904,13337.1544533968,83.3242268264294,781.273917734623,855.048596084118,4787.58031630516,1668.74866724014,9597.70718121529,394.495174467564,4879.15372088552,1125.73836147785,1057.14038583636,1870.1206638813,729.953569293022,1209.60808086395,45.643143504858,580.638660788536,185.060682654381,558.265452772379,125.537021428347,40.1241106688976,65.125329464674,0.761676073074341,32.1144046485424,807.248570859432,0,109.685029238462,2635.4782037437,748.02835136652,648.636688321829,751.0203589499,20.207480430603,171.083326518536,33.6149706840515,629.424613252282,44.9895032346249,99.5163976550102,27.5095499753952,0.567909717559814,3.79006803035736,226.540868967772,69.1738843023777,20.162935167551,89.1055892109871,4674.14295470715,0.992737054824829,9.7724769115448,95.2074627876282,5311.12505176663,770.921248495579,695.990606427193,0,3.91203850507736,76.0624335408211,802.511843502522,235.110320568085
931.478847742081,3.43277233839035,254.83787599206,169.385426461697,53.7325021624565,18712.1999231577,36856.4328422844,0,423.766167402267,15328.6032824963,1244.74009267986,3686.57523605227,170.562186986208,20749.3449542969,539.704738885164,4.96159920096397,1903.67252504826,387.136175841093,400.282463014126,316.495435386896,321.488106846809,3.50628310441971,1459.62158691883,289.146791696548,31.3821842372417,1052.80122737586,322.23322789371,869.35415199399,1653.36123636365,9267.56526732445,40.870971351862,3510.27622236311,116.141010254622,969.162786096334,130.011620163918,2212.77946723998,143.803113788366,575.908164963126,209.768326073885,1997.29566293955,568.50448718667,329.741100549698,647.191376537085,16.6789706945419,344.648106575012,86.0577835142612,472.966608196497,76.8415532410145,13.2156192958355,25.5702551603317,2.56253907084465,4.92704784870148,715.412191927433,0,152.074260532856,1124.27704522014,636.245832651854,198.021788805723,646.510192930698,22.2329317331314,144.070444226265,45.6662704944611,334.08607250452,34.1821643710136,11.9346851110458,1.24234440922737,0.795386910438538,0,151.854385733604,9.23750308156013,0.542495965957642,7.49370178580284,2065.91107055545,5.69947779178619,5.4945555627346,23.9056822061539,1968.57425570488,289.795951068401,55.2087439894676,6.98421737551689,0,40.2102528810501,655.497418344021,34.3292880952358
14.9646351933479,2075.71285516024,26.1909565031528,4203.97008863091,148.669358938932,321.598178774118,3607.49812218547,423.766167402267,0,2515.39399069548,203.918089032173,4998.95945009589,252.802135974169,497.263862550259,2264.0917108357,114.183793842793,86.806078851223,58.5886229276657,43.1924315989017,2250.07545718551,101.363326221704,7245.59291285276,107.645354777575,27032.8464137614,2029.98228341341,188.427228927612,4368.16778901219,5208.36251017451,698.333603918552,383.378623753786,57.8563070893288,127.052175760269,126.197347193956,323.004387170076,282.353161096573,897.869538873434,48.9438678622246,373.303575605154,106.963632911444,2252.31418195367,166.432738989592,112.527701467276,314.397241860628,14.9497858285904,161.190899759531,57.4495939016342,186.199081897736,48.3856348395348,13.4662994146347,30.5142793953419,37.1325714886189,17.7058629095554,2015.25529104471,0,82.1848132312298,956.509564340115,392.553738087416,3012.89664831758,713.850761681795,94.8272789120674,410.88921007514,65.7669789195061,362.136482149363,30.3003880381584,301.919918328524,7.76249304413795,96.5147542655468,52.8657639324665,329.263052225113,124.962149888277,351.760437756777,25.799732118845,7319.91246694326,3.80603390932083,170.745559006929,160.220184445381,2574.90247324109,440.356717795134,221.097568511963,13.1104117929935,1.21826148033142,28.9594510793686,282.456465661526,131.322333365679
52.2778042554855,8.97222265601158,32.1260624527931,7014.80349993706,37.4068818688393,51559.5243464559,18306.8987679332,15328.6032824963,2515.39399069548,0,1718.56221562624,3902.57761365175,197.714527457952,5513.270451352,289.139260023832,2.66259878873825,104.731677383184,590.491415977478,288.117030650377,7798.54712644219,10.916361540556,4.35997670888901,59.6318381726742,1231.31503415108,36.3943195044994,1118.54114422202,223.23986813426,7778.65328156948,1627.14793077111,320.604080945253,83.3425034284592,1581.19019576907,25.1890924870968,3018.31275957823,1243.6927369535,11208.9924578369,285.798927366734,3644.82666420937,877.1868031919,2291.860417068,2247.54390749335,1004.54301512241,471.433403491974,18.483749806881,238.133427739143,86.8036722242832,623.88310778141,83.1087813079357,14.0758416056633,19.548500418663,1.08805584907532,0.910144090652466,3967.1588011086,0,329.15705794096,499.304609209299,995.860153496265,1148.22295090556,3034.92916479707,17.2333704531193,1644.03007355332,30.9902812540531,423.743531733751,69.8618959486485,7.90979865193367,0.445848524570465,0,0,1192.59848460555,9.36568579077721,0.374583095312119,3.76678472757339,1791.24597921968,2.18878120183945,0,1.24197068810463,2667.07493785024,183.387905687094,28.3637113273144,0.65511417388916,3.30498421192169,21.4208006262779,532.007058262825,72.8932812809944
106.588258385658,517.383252203465,54.1182687878609,52.1540218889713,9.00381553173065,286.196468770504,1536.99734067917,1244.74009267986,203.918089032173,1718.56221562624,0,770.935218274593,8937.60315576196,3483.22076568007,100.082465916872,17.0330088436604,502.967338681221,10638.7406260371,2226.02372318506,101.259973078966,99.2328486144543,118.846017330885,330.20946508646,124.037899941206,2308.30872240663,6700.26197564602,1326.88696974516,302.377555012703,1729.44937840104,409.601860761642,2613.48090612888,2559.95782852173,16.8689892292023,16463.7071821988,167.379327237606,2099.83292406797,5170.03323668242,11178.5817387998,1868.81338462234,654.76814186573,181.946306854486,5068.35869693756,78.9289872646332,240.951775550842,82.2112572789192,67.8312337398529,118.234753519297,4.4525465965271,758.694423109293,0,1105.20785278082,4.68854194879532,1.57596492767334,0,2.96723121404648,15.0818557739258,19.6438920795918,185.274689793587,2.42018359899521,7076.54858103395,8.82041645050049,11999.4015360475,8.51095986366272,0.822435796260834,4.30621984601021,0,209.818518102169,4.3935324549675,4.53175413608551,0,235.1642113626,2.99435526132584,233.989551335573,1385.02881011367,4576.55114540458,2399.63084691763,32.4355747699738,18.7732762992382,0.603574097156525,4521.14367619157,2.1678478717804,0,101.859193205833,54.8564985394478
8.65356096625328,31.961878746748,7.54265886545181,5021.56241363287,327.142267972231,8547.51715120673,636.286215811968,3686.57523605227,4998.95945009589,3902.57761365175,770.935218274593,0,95.4460780024529,1199.62847027183,3778.59728968143,1.35962224006653,43.5085984766483,214.411810189486,88.2378804385662,10426.5887772441,4.20957434177399,66.6252834200859,23.1197347939014,2423.64837548137,40.4154450595379,358.833039134741,98.7922469079494,1150.88287837803,417.602421015501,78.2286257445812,15.779438585043,1043.32996341586,2.88562124967575,602.680300027132,4070.95889240503,3375.80317568779,111.140597164631,657.790172666311,225.229664057493,6514.15763929486,531.48829293251,382.717783898115,136.988194853067,12.846407532692,62.5266478657722,20.4007992148399,367.138226538897,21.8583007454872,7.42305913567543,1.52124637365341,2.93044996261597,1.23567020893097,1896.30319967866,2.31162858009338,167.274646908045,96.6481210887432,208.111295908689,421.917403966188,980.003543764353,16.3897396326065,1618.94282931089,13.4524873793125,89.8622952103615,43.0802769362926,2.3611341714859,0,2.98163861036301,1.93474137783051,549.426184237003,4.62227576971054,0,1.25167760252953,407.833401560783,3.31247371435165,9.28494271636009,3.39299130439758,874.31384575367,27.9259406924248,9.49932986497879,0,0,1.08759784698486,95.5646708011627,177.329180210829
15.6140403151512,1864.00231102109,4.88699185848236,1.61245274543762,2.75014644861221,38.844712048769,200.761475741863,170.562186986208,252.802135974169,197.714527457952,8937.60315576196,95.4460780024529,0,380.496532052755,23.7236512303352,11.4872314929962,6.39738446474075,113.992566168308,8.34388065338135,12.9820767343044,1.31694650650024,640.71788340807,4.68490105867386,194.106777071953,7464.84676271677,531.271604180336,3441.08801645041,36.1002161800861,166.872035861015,33.6116960048676,3118.73613077402,306.875572681427,0,2988.94204458594,11.3796659111977,235.390746027231,1053.09146714211,4278.09056314826,142.117330729961,106.429384529591,48.1166205108166,5261.82974207401,45.5324622392654,204.26344743371,83.1482002139091,42.7743408679962,33.1440095901489,3.80864959955215,547.997841119766,0,1155.93363142014,0,2.0620573759079,0,0,1.90416476130486,9.19813075661659,119.05732178688,3.0087925195694,8515.17965191603,1.81336197257042,14210.6571984291,27.8508643507957,0,6.11414158344269,0,202.179162800312,3.38396966457367,0.936156690120697,0,215.247653067112,0,88.3824026882648,2298.17519336939,4328.89813378453,3443.56956103444,8.69271549582481,45.3428207039833,1.35532867908478,5011.71704384685,13.0574054718018,0,142.708763897419,2.65178340673447
11553.4621171653,4.64153188467026,401.026244014502,225.166722118855,14.4225733578205,595.957568690181,28521.2004451156,20749.3449542969,497.263862550259,5513.270451352,3483.22076568007,1199.62847027183,380.496532052755,0,149.161177963018,7.29370608925819,3740.36032773554,971.101952046156,1160.31843876839,290.345759034157,620.5528229177,6.77150636911392,2594.83238703012,497.431829124689,65.1479651629925,2393.77264758945,684.246949702501,1235.85687807202,29536.7620756328,26428.1171274185,111.336107969284,1191.0552059412,326.271009847522,6406.84486748278,226.348912745714,3076.62938266993,247.156537860632,1300.39245596528,387.858736425638,800.013621538877,677.88831704855,408.683502405882,557.403542131186,23.9219430983067,261.259288176894,57.7676944434643,357.173942655325,63.2595261931419,16.2941387891769,16.9718067646027,5.4857462644577,12.9991589486599,326.137197732925,0,74.8619071543217,1065.32498565316,369.359855949879,201.389175385237,344.748291313648,43.3009830415249,65.2080761790276,110.060764968395,204.709936231375,19.9966786503792,13.3874255716801,3.10415795445442,0.871105551719666,2.19593089818954,92.7025294601917,15.4074273705482,0.599291563034058,9.61438480019569,2034.9993609488,10.811169564724,17.6276285648346,58.378616631031,1835.64337784052,236.611719429493,100.910073906183,8.46224281191826,0,29.5391961932182,496.026098519564,28.8828909397125
0,67.3264371454716,4.16983756422997,44.3360783755779,4747.96304166317,2036.05416074395,364.428402632475,539.704738885164,2264.0917108357,289.139260023832,100.082465916872,3778.59728968143,23.7236512303352,149.161177963018,0,5.08452570438385,11.4884480237961,15.9733712077141,15.6276488900185,89.4557784795761,17.3758419454098,85.5831246376038,28.6120488941669,1019.38328850269,49.9813816845417,44.3675821125507,114.563131690025,229.850370109081,84.0547974705696,77.6017749905586,3.18041476607323,445.951193034649,8.50515872240067,81.6484263241291,1384.67414286733,263.121281474829,10.3181858062744,105.479143172503,27.5463918447495,8264.65638467669,121.574247658253,59.7235829234123,18.2589474022388,32.6121513843536,10.5570068955421,67.925998210907,0.668019115924835,1.53084141016006,0,0,0,2.82472717761993,0.989912450313568,1.13446831703186,6.05063891410828,21.4978023469448,1.45427125692368,11.0215203166008,2.2025999724865,2.96447795629501,12.3856837451458,5.41156387329102,8.95504450798035,0,0,0,12.929227232933,1.25795650482178,0.527440011501312,0,1.99880659580231,5.46687591075897,48.2695575356483,0.57624489068985,32.7528808116913,10.7150050997734,29.8416054844856,6.19095051288605,3.6669664978981,0,0.454221963882446,0.872153341770172,6.02904549241066,3721.0476809442
1.34712797403336,1779.37366846204,176.01893094182,0,0,0.318957358598709,26.011001765728,4.96159920096397,114.183793842793,2.66259878873825,17.0330088436604,1.35962224006653,11.4872314929962,7.29370608925819,5.08452570438385,0,248.120296627283,42.7575607895851,111.335329502821,0,9201.19541305304,17775.6353693008,6817.80067437887,6550.21200758219,198.364667475224,389.035519689322,13865.1828821301,6096.3438269794,3.01660203933716,80.4823415875435,8.33758315443993,0,1.3002570271492,702.242669135332,651.019741415977,19804.5857708156,2694.64906033874,3549.26575821638,2258.95251685381,81.7254323363304,41.7434412240982,85.4330419301987,249.665571987629,54.8689725995064,62.5427630841732,101.132180511951,12.5036450922489,0.734126389026642,1.97330218553543,21.4847328066826,79.1552998423576,235.045053750277,0,0,2.67443391680717,183.077958405018,129.029906228185,51.948316693306,1.48702037334442,3.55798023939133,0.676816284656525,2.53724780678749,175.387572109699,3.47370576858521,25933.1328205764,37.6332715749741,2.21740823984146,7.2073400914669,0,3901.25427821279,2373.77651306987,9040.57422208786,5086.56007650495,1.07322037220001,59.1969275474548,3383.94047167897,3843.47263589501,105.545111328363,1520.07904040813,1.97286027669907,0,11.5760514438152,78.296580016613,261.665277600288
890.767386943102,53.1068132519722,18613.6247205734,2.84672665596008,0,65.6853042244911,1320.41352370381,1903.67252504826,86.806078851223,104.731677383184,502.967338681221,43.5085984766483,6.39738446474075,3740.36032773554,11.4884480237961,248.120296627283,0,1024.50297763944,8148.21951660514,9.81347048282623,2199.48908746243,61.1666409373283,13984.8360149562,219.204678595066,1.16688096523285,18321.9389423728,21277.4942952096,1098.05771842599,3671.34922417998,10794.4757595658,1.29127341508865,88.7167876064777,928.122650206089,10132.6855728328,130.424877345562,3773.63082829118,2391.40438398719,3592.01458057761,1877.00903916359,42.567938119173,57.8927356004715,39.5229978263378,100.557482838631,21.6406710147858,29.5633509755135,29.5516000390053,20.5644284486771,0,0,0,16.9936171174049,1108.264413625,2.20392465591431,0,0,36.7610321044922,1.19330471754074,26.765780299902,3.68979519605637,0,1.90849554538727,1.17840147018433,1.23042005300522,0.371171057224274,93.9454317092896,24.1318316161633,0,15.2025953233242,0.795548319816589,19.878366112709,23.48900192976,162.305150389671,147.321404576302,0,496.269169688225,2968.08225110173,143.931391328573,5.09791529178619,18.6403183937073,0,0,1.83810359239578,40.5207560360432,64.8292506337166
56.3341134190559,1.04693198204041,213.557154715061,18.1063805520535,2.5380140542984,68.2873013913631,662.539305984974,387.136175841093,58.5886229276657,590.491415977478,10638.7406260371,214.411810189486,113.992566168308,971.101952046156,15.9733712077141,42.7575607895851,1024.50297763944,0,4705.74719673395,34.2329383790493,110.135716021061,3.68216276168823,461.482266783714,37.8143639266491,27.2702328562737,3406.62258118391,655.39821305871,136.052981585264,566.266690909863,396.809424340725,176.324019223452,390.878507912159,33.094357162714,6842.53905564547,289.616358786821,3040.02489945292,5561.96332702041,6025.71065843105,2632.20868101716,149.054686754942,50.1451402902603,168.188639372587,9.40368068218231,20.084710329771,5.99675014615059,12.5607833564281,3.78333443403244,1.21767926216125,23.383592069149,0,8.6737411916256,20.993962675333,0,0,0,0,1.23685240745544,15.35460460186,0,151.187646746635,0,197.055004864931,0,0,6.63220793008804,1.11787307262421,45.4776550531387,6.64793422818184,0,0,2.87141090631485,2.06843319535255,20.526228427887,18.4158464074135,1184.02944728732,1048.54360190034,0,0,0,259.253098338842,0,0,12.1641487777233,83.1281034946442
163.144134908915,9.8114600777626,1671.20339027047,13.5847077071667,0.442332774400711,41.5990685522556,533.084261834621,400.282463014126,43.1924315989017,288.117030650377,2226.02372318506,88.2378804385662,8.34388065338135,1160.31843876839,15.6276488900185,111.335329502821,8148.21951660514,4705.74719673395,0,20.563807696104,634.019081383944,4.8546194434166,2817.81708467007,46.4474933743477,0.620926380157471,20146.6228021681,4256.12623339891,324.952171862125,991.463664114475,2022.97650423646,15.9757332205772,178.830229192972,179.225349664688,8645.73235040903,199.557102054358,3388.29631766677,4171.91587507725,3933.93354016542,2208.69265601039,76.1503248810768,30.9630887508392,19.6995199918747,35.5542056560516,8.17589977383614,13.7798856794834,16.1973951756954,2.40085580945015,0,0.726562261581421,1.41727936267853,11.245573580265,207.266729325056,0,0,0,2.7357223033905,0.352055251598358,9.84230387210846,0,2.60376626253128,0,3.63330256938934,1.54296219348907,0,31.125296652317,15.2069254517555,5.29811894893646,46.3748700022697,0,2.78052514791489,15.1194531023502,41.3694595098495,28.9769447445869,0.450241148471832,1099.53946265578,1503.41993796825,9.63521540164948,0,2.08819890022278,4.70169177651405,0,0,12.12326836586,52.0323039293289
7.76035079360008,0.886920094490051,0.696135461330414,14807.78058815,8.35443022847176,227.923190206289,430.783563584089,316.495435386896,2250.07545718551,7798.54712644219,101.259973078966,10426.5887772441,12.9820767343044,290.345759034157,89.4557784795761,0,9.81347048282623,34.2329383790493,20.563807696104,0,0,3.32758194208145,4.85160449147224,1208.24650716782,2.12324276566505,57.4695314764977,16.9252698719501,2810.7036986053,125.3050609231,18.9230405986309,5.48055151104927,84.8165332078934,4.67359313368797,122.589701294899,66.2193101346493,957.321939885616,19.7097114920616,210.878768593073,49.7869361042976,399.584204286337,142.287229597569,98.4568929970264,132.570529162884,13.6167379021645,71.2579137682915,17.8705952167511,310.659748733044,36.6587506830692,5.21092015504837,4.60265019536018,0,0,2218.40093961358,0,149.903399407864,188.791892230511,368.549957662821,611.172045886517,1372.35371038318,2.99921980500221,1047.11388078332,0.646215856075287,159.614135980606,35.1951823234558,1.03416180610657,0,0,0,613.035216540098,5.72273707389832,0,2.11832416057587,643.954451173544,0,0,0,1050.24853092432,59.1540838181973,7.29820996522903,0,1.34311354160309,3.90492784976959,176.864603370428,9.01649308204651
167.250159710646,34.962172806263,2709.14127522707,1.94024381041527,3.21508932113647,19.1120939105749,1742.13596200943,321.488106846809,101.363326221704,10.916361540556,99.2328486144543,4.20957434177399,1.31694650650024,620.5528229177,17.3758419454098,9201.19541305304,2199.48908746243,110.135716021061,634.019081383944,0,0,1101.72046023607,38679.3702149689,189.526661008596,6.34821581840515,1512.27431833744,2087.84331816435,30046.7988949418,769.169269859791,43021.9123509526,3.25294816493988,8.91932982206345,331.856826990843,12818.2482249737,1485.23155832291,19791.3400675058,1243.60497793555,18188.9953498542,7162.67250952125,175.207086265087,156.041983067989,63.9392378628254,108.902095675468,23.8373671174049,16.352387458086,21.6624774634838,9.49074992537498,1.48131132125854,5.69659787416458,6.73047089576721,2.53591167926788,73.7327992022038,3.10432833433151,1.65939801931381,1.24811056256294,134.376962408423,48.3902847021818,27.9976534843445,5.34826529026031,0,0,0.671066164970398,61.228435754776,0.531721115112305,2938.55178755522,12.4024447798729,0,5.38904896378517,0.680863529443741,1265.57993033528,246.738430857658,876.51318281889,2157.88531905413,0,11.1624860167503,566.903464376926,2073.28988960385,53.1095578372478,1105.08806371689,0,0,5.49272552132607,29.7376573383808,308.987170547247
0,7391.87363982201,77.3517094552517,6.71203124523163,2.9586226940155,13.5997420847416,59.2922261357307,3.50628310441971,7245.59291285276,4.35997670888901,118.846017330885,66.6252834200859,640.71788340807,6.77150636911392,85.5831246376038,17775.6353693008,61.1666409373283,3.68216276168823,4.8546194434166,3.32758194208145,1101.72046023607,0,761.408304303885,15487.8415009081,3707.93146640062,144.12122797966,22581.5285159349,2037.68785008788,5.99195179343224,26.6339649856091,180.365686476231,0.599850714206696,3.77129167318344,62.4892818927765,7.9657034277916,287.263156712055,62.4038563370705,114.816188275814,45.0278586745262,90.859863191843,0.752196609973907,159.071042060852,127.209641516209,22.3428032696247,40.8900382518768,47.2878151237965,7.53470581769943,3.41303706169128,9.08184415102005,4.1029597222805,891.794833034277,191.164355516434,1.37349382042885,0,0,86.3452179729939,22.5388891994953,103.156772762537,3.26866608858109,104.974380195141,1.77825617790222,172.383011043072,39.7063710987568,0,5453.29647263885,26.5124305188656,7.57492193579674,13.9333292841911,0.362267106771469,781.051227480173,1218.57444185019,875.279428690672,2282.97620508075,13.0846182703972,209.862301409245,7504.22480529547,1225.73106372356,42.7511325776577,315.417101681232,84.9406664967537,1.59583580493927,1.9902029633522,30.9829130768776,12.759231120348
596.537326872349,21.1246762871742,49168.0121218264,2.09206664562225,3.10385382175446,49.7026515603065,1828.88640668988,1459.62158691883,107.645354777575,59.6318381726742,330.20946508646,23.1197347939014,4.68490105867386,2594.83238703012,28.6120488941669,6817.80067437887,13984.8360149562,461.482266783714,2817.81708467007,4.85160449147224,38679.3702149689,761.408304303885,0,1127.78046402335,2.3380743265152,12812.9546386898,37929.827696234,14822.2126036584,2177.20462664962,22944.5603744984,13.8493204116821,50.5047819018364,593.221799224615,16778.3379573226,2541.89722073078,46762.7306328118,7803.92104768753,27614.2776784897,14808.3144848347,362.555632770061,223.89473181963,90.426409214735,469.924417823553,112.750167697668,137.451104491949,224.590926915407,25.5894069969654,2.74900570511818,1.70803159475327,11.2121692895889,12.7526743113995,840.533758282661,11.7179136872292,2.55595088005066,2.70570850372314,89.2216907739639,64.7617049664259,32.6129543185234,3.79104363918304,0.432262450456619,0.583186209201813,0,77.9018750488758,0,13710.7885470986,75.5797672569752,4.73887771368027,39.6945124566555,1.94577747583389,1620.91459855437,514.038972228765,9143.42836365104,1788.22556266189,0,164.652386963367,10107.8414668441,1672.65385693312,41.7281085252762,650.087238103151,1.32377374172211,0,6.15632289648056,148.112103641033,1027.60705345869
24.3286131024361,3841.87028840184,178.116172671318,4623.25728863478,33.4993612170219,232.868736356497,19851.6015518606,289.146791696548,27032.8464137614,1231.31503415108,124.037899941206,2423.64837548137,194.106777071953,497.431829124689,1019.38328850269,6550.21200758219,219.204678595066,37.8143639266491,46.4474933743477,1208.24650716782,189.526661008596,15487.8415009081,1127.78046402335,0,2063.30818268657,204.114384323359,9948.21207076311,23178.3937423229,1017.7172331214,733.629526495934,57.6856657862663,108.845647931099,691.081509798765,928.197747796774,817.083680301905,5001.08297938108,328.62239331007,1349.23225143552,562.27229309082,1612.37155511975,260.420646071434,130.488478064537,2453.23185300827,91.0633373558521,1350.36452960968,399.307165950537,1082.11305209994,335.223795384169,85.0808101296425,136.337607681751,111.702428072691,158.206137597561,3039.52882477641,4.82150065898895,245.937949419022,4686.11241731048,1969.85075888038,4326.63663184643,2419.62915617228,190.476776987314,662.385747104883,21.688085526228,1780.65215528011,122.378566026688,2054.8307081759,52.3637733161449,59.0970991551876,55.2468990981579,725.458593517542,503.958019405603,649.460319042206,807.197721779346,21345.4786191881,12.2499036192894,93.0060847401619,1500.37282136083,14532.135242939,2033.56630143523,1499.15569353104,12.6340495944023,19.8515223860741,166.503392606974,2130.376706779,534.077234536409
0,6576.52578017116,0,1.63835895061493,2.53756710886955,8.89950424432755,49.7501683533192,31.3821842372417,2029.98228341341,36.3943195044994,2308.30872240663,40.4154450595379,7464.84676271677,65.1479651629925,49.9813816845417,198.364667475224,1.16688096523285,27.2702328562737,0.620926380157471,2.12324276566505,6.34821581840515,3707.93146640062,2.3380743265152,2063.30818268657,0,267.468634456396,4185.56577882171,76.5296566486359,33.7903712391853,11.4597692191601,865.259150952101,49.3738892972469,0.863852739334106,549.122624248266,0,30.7021401524544,56.2317309975624,652.048235625029,6.92373594641685,99.1640847623348,5.50526496767998,2461.48620891571,16.4188169836998,38.5810032188892,18.6430740952492,11.8242291808128,3.55695390701294,0,82.5089475512505,1.00515747070312,803.794518589973,1.96253198385239,0,0,0,2.75709918141365,6.0188100039959,38.1954679787159,0,1421.56496340036,0.401318341493607,4622.02570647001,5.20348674058914,5.0607545375824,2.49708366394043,0,19.7819848358631,1.04040563106537,0,0,94.2604156732559,3.92023873329163,53.1406381130219,1787.15598911047,765.286202609539,3000.74576839805,11.4290124177933,4.24286425113678,2.05387938022614,930.522141963243,3.64479023218155,0,23.5586165785789,0
208.782044142485,317.895408838987,49683.4814785719,36.7469265162945,2.69985350966454,129.09206277132,2236.0817719996,1052.80122737586,188.427228927612,1118.54114422202,6700.26197564602,358.833039134741,531.271604180336,2393.77264758945,44.3675821125507,389.035519689322,18321.9389423728,3406.62258118391,20146.6228021681,57.4695314764977,1512.27431833744,144.12122797966,12812.9546386898,204.114384323359,267.468634456396,0,21835.893050462,1089.67961719632,1349.15576913953,4163.46481648088,576.818442314863,515.312535792589,117.432460665703,11099.9452989995,1343.89711967111,24244.4894656837,18179.1695318222,14532.1069685817,11417.6449556053,254.065697699785,118.255680888891,457.135574221611,580.724162757397,425.019986182451,223.73666420579,258.084025174379,34.1644360125065,3.95968890190125,146.332789003849,1.42433696985245,456.745823919773,2943.9415461719,1.22802904248238,1.0283020734787,0.76857802271843,10.833797544241,9.6784351170063,103.185727357864,3.74227863550186,948.039197415113,1.65901806950569,1440.0083167851,8.80018362402916,0.75815537571907,172.426682710648,136.143546432257,448.363484978676,720.245972305536,1.27360111474991,24.7771755754948,181.659997403622,186.207208931446,147.571440517902,302.009236186743,16003.8706596792,30319.8326740861,65.6045615673065,8.74722403287888,11.7213015258312,1748.47318410873,2.12994337081909,0,239.420797735453,546.488132834435
93.6734948158264,33280.9361492693,35856.0453089178,11.3803040087223,5.27972573041916,28.2626710534096,616.821959763765,322.23322789371,4368.16778901219,223.23986813426,1326.88696974516,98.7922469079494,3441.08801645041,684.246949702501,114.563131690025,13865.1828821301,21277.4942952096,655.39821305871,4256.12623339891,16.9252698719501,2087.84331816435,22581.5285159349,37929.827696234,9948.21207076311,4185.56577882171,21835.893050462,0,5226.63107550144,420.873041450977,1271.32338985801,3922.63200750947,88.0764279663563,46.9562373459339,12108.0201900005,1370.9653840065,46227.6897774041,10917.6313287318,18119.6899658442,11295.5945422053,352.826707959175,120.19336104393,181.723274052143,2265.13164764643,991.542763292789,776.942241072655,993.572157651186,80.0906719863415,5.28051978349686,150.850543767214,6.62715753912926,5641.03600215912,16180.198128134,1.41561141610146,4.33428102731705,1.08638793230057,103.639647096395,15.7976289391518,233.092690557241,4.50662297010422,1259.894934237,2.95898559689522,2145.28290757537,40.0826885998249,10.8899140954018,11080.7251500487,557.316918700933,503.589670240879,869.166890859604,2.15944540500641,512.682717502117,2653.16609075665,8932.25207558274,1434.86871194839,1013.00700294971,28103.1383673251,153986.938581258,1108.13729462028,11.4635681509972,71.3161380887032,2300.58939871192,0.820028841495514,0.901567816734314,724.494936436415,944.303203314543
51.4497805535793,245.986692249775,2839.45784914494,15868.3215082288,4.79173868894577,263.073980271816,70932.4459066093,869.35415199399,5208.36251017451,7778.65328156948,302.377555012703,1150.88287837803,36.1002161800861,1235.85687807202,229.850370109081,6096.3438269794,1098.05771842599,136.052981585264,324.952171862125,2810.7036986053,30046.7988949418,2037.68785008788,14822.2126036584,23178.3937423229,76.5296566486359,1089.67961719632,5226.63107550144,0,1381.38455276191,15709.5598847568,16.3515431582928,216.984229758382,879.185876369476,2833.3303848505,1892.66810551286,15912.4266846776,993.094887644053,5617.94966983795,2892.19193288684,701.318921536207,594.831655263901,366.573956757784,1940.72450307012,78.5924152135849,870.818260222673,274.381129413843,844.475618630648,177.031003445387,36.5118403732777,125.736923098564,7.2939604818821,209.991287738085,2903.25684034824,0,213.28696885705,4210.43816322088,1045.60872590542,1944.06593823433,1918.62938311696,22.2564266622066,950.862332761288,2.64836448431015,934.304667681456,67.4973526000977,2869.3296148181,83.2937179803848,2.046102643013,14.3218854963779,729.793979078531,719.197181016207,392.335976481438,1505.09366562963,12150.2807111144,0.60857629776001,37.9426045119762,1857.55554094911,11751.9969395399,1430.94970369339,2407.12148964405,0,10.3953902423382,139.106750398874,1282.46265077591,499.521622180939
9690.87170824409,4.1214679479599,196.623991131783,121.997661113739,4.60449814796448,149.041504070163,7341.8054291904,1653.36123636365,698.333603918552,1627.14793077111,1729.44937840104,417.602421015501,166.872035861015,29536.7620756328,84.0547974705696,3.01660203933716,3671.34922417998,566.266690909863,991.463664114475,125.3050609231,769.169269859791,5.99195179343224,2177.20462664962,1017.7172331214,33.7903712391853,1349.15576913953,420.873041450977,1381.38455276191,0,14151.0773032904,52.0886598229408,2830.05307814479,4640.9082865417,6102.81679448485,371.954653948545,2818.69785930216,182.230296999216,1734.59585747123,454.590588480234,324.716805070639,513.256834834814,190.135717868805,304.587364256382,8.75044679641724,155.968223810196,41.6184231638908,153.934759944677,26.7403120100498,6.99457341432571,16.3428474962711,0,13.6364693343639,111.801118552685,0,13.4288574457169,584.461667865515,87.0724562257528,229.534785926342,96.8302277028561,23.2318301796913,17.8233122229576,38.7001982331276,55.3017418384552,9.43472656607628,20.0975795388222,4.71218559145927,0,0.422532111406326,24.488144159317,16.1306667029858,0.379767894744873,13.1579024493694,1560.27023075521,2.2505516409874,10.9809222519398,28.837332457304,1526.98978666961,125.162695765495,123.33971811831,5.28710305690765,0,23.360176295042,210.257190614939,37.0884918570518
16305.1044871807,5.70074599981308,3559.02970725298,12.9552364945412,9.17539590597153,242.166535496712,13337.1544533968,9267.56526732445,383.378623753786,320.604080945253,409.601860761642,78.2286257445812,33.6116960048676,26428.1171274185,77.6017749905586,80.4823415875435,10794.4757595658,396.809424340725,2022.97650423646,18.9230405986309,43021.9123509526,26.6339649856091,22944.5603744984,733.629526495934,11.4597692191601,4163.46481648088,1271.32338985801,15709.5598847568,14151.0773032904,0,19.8754539787769,217.026208922267,8244.70650917292,17698.1847859621,2638.70874428749,15750.2369383276,1046.37684553862,12187.8177134395,3971.23362138867,206.596834480762,704.471112549305,224.610222935677,494.838701874018,29.4934597313404,183.943222880363,63.9467875659466,140.415725290775,31.6965162456036,7.86733582615852,22.8836805820465,1.81771713495255,90.057247787714,62.6744336783886,0,11.1028060019016,957.397610962391,110.66245752573,201.486357927322,65.5840308666229,2.38599815964699,9.08193510770798,6.79884856939316,123.18718072772,10.3415110707283,873.733192890882,29.0715506970882,0,1.97092455625534,10.5488839149475,610.297562032938,73.3541186153889,376.167065650225,3158.48505795002,0,22.5406900644302,373.987029135227,3906.35096475482,248.031616792083,1094.40076649189,0,1.30656117200851,34.7981123030186,217.166357457638,289.147394478321
