0,0,126.138671666384,2.38274770975113,4.43643987178802,37.5177559554577,17261.724735111,3136.04637691379,8.15140336751938,74.0827367603779,57.2405227720737,58.3204502463341,14.0654735267162,12882.016570121,9.71465769410133,1.66612261533737,535.68090942502,25.0374738872051,115.8343116045,10.9042077064514,244.508686542511,0,401.315520495176,4.92974019050598,0,82.1827149689198,43.6430336833,47.9187027812004,12854.4904318452,5684.21617794037,2.03576302528381,30.4234475195408,19.4163183569908,248.501403391361,28.8566098213196,320.397743105888,27.2308903932571,145.749746531248,36.1805213391781,7.98559039831161,20.7859191298485,8.2983512878418,13.6294396221638,2.03125536441803,2.86253115534782,2.40681958198547,6.98959758877754,0,0,0,0,0.837426424026489,0,0,0.481886982917786,10.2860720455647,2.33992671966553,2.26130169630051,3.57655656337738,2.40758043527603,0,0.875857472419739,2.75779712200165,0,0.497656852006912,0,0,0,0,0.515391528606415,0.54508501291275,1.48837676644325,16.0129721462727,0,0,4.3571865260601,40.2279477715492,1.60607606172562,0.410866737365723,0,0,0,0,3.11919048428535
0,0,119.470521181822,0.603426456451416,0.54322338104248,1.50348162651062,3.16909784078598,0,1278.73244917393,4.08902806043625,362.473954916,11.3724316060543,2839.67065256834,2.03833240270615,27.1714632213116,768.394679993391,63.8881556987762,23.8173764050007,46.8270116150379,0.954702764749527,95.8959989547729,5173.4961027801,212.651089638472,2795.17697826028,2396.65638130903,264.616526633501,23400.6974887252,272.07097274065,10.2888753414154,2.54247456789017,63.5937971770763,0,0,56.081001073122,8.00844037532806,269.562760949135,136.294972330332,107.310498178005,97.0726562738419,35.274795114994,0,246.653699874878,377.17122527957,154.772870868444,132.127514749765,128.791756987572,6.48092085123062,0,35.5272363424301,0.470875084400177,2458.94825285673,314.280971616507,1.96711909770966,0,0,25.8633328676224,0.730654239654541,39.3050686717033,5.79574710130692,27.8792871236801,5.20048052072525,53.7498603463173,8.32801124453545,0,167.991523683071,245.396180808544,28.6905771195889,123.126530796289,0,62.0886081755161,138.569763183594,292.057754397392,111.400902867317,115.961230844259,897.544852375984,6434.30937018991,84.0150357484818,3.15823614597321,13.3978407084942,19.8496107459068,0,0,92.472995698452,17.9199678897858
126.138671666384,119.470521181822,0,0,10.6077874302864,23.8110808730125,2671.64244380593,357.705946594477,6.61776688694954,24.2905701398849,48.2344797253609,19.1516824364662,7.11668837070465,411.569016128778,25.7100255489349,65.7283001542091,20691.1749264598,145.232791960239,3409.23508304358,3.05616304278374,3409.73436444998,27.1325022280216,42105.6049658656,92.3134987354279,1.61680674552917,32151.0498538315,32666.808485806,1680.30740886927,230.970908850431,2029.2624489069,0.664985656738281,23.7995316982269,30.9239068925381,1161.68825349212,239.773790419102,6099.04765850306,4718.35321623087,2639.74357008934,1679.61520263553,33.2325475215912,44.0088165402412,7.59645459055901,1770.33854624629,288.929543614388,641.084221720695,579.65858772397,20.2894521653652,4.17059063911438,2.271518856287,3.21792089939117,248.443171858788,3231.98288169503,0,38.4184596836567,1.17536699771881,152.07144010067,0.929196655750275,8.96428272128105,0,18.7036522626877,0,0,11.6484884619713,12.5935300588608,615.102478146553,475.976320236921,34.0868261158466,156.772833257914,0,356.817880362272,106.182116359472,3593.53579583764,190.778942167759,0,374.305764168501,9897.34627753496,364.819109201431,7.57142907381058,42.1913012862206,0,0,0,302.205509006977,392.644738435745
2.38274770975113,0.603426456451416,0,0,130.525622367859,324.322888940573,54.0820580124855,233.653711348772,1515.76060941815,3887.86631301045,15.5525551438332,12093.3621623516,4.42502900958061,36.6909514665604,851.530778974295,1.70910853147507,1.38772332668304,5.10427072644234,0.448940336704254,17249.4005947113,0.74806934595108,2.1802659034729,1.14863049983978,2414.24687540531,0,4.53217074275017,1.76882153749466,6368.91168436408,16.3622061908245,3.50909224152565,0.743611693382263,13.7699258029461,0,40.8119838833809,3.45143413543701,361.999732077122,6.86643975973129,22.4522195756435,9.78743848204613,801.337812483311,15.6421566605568,10.6834713816643,142.921591550112,0,37.1702465415001,7.42549845576286,582.468174636364,19.6008235216141,3.61816442012787,2.3176708817482,0,0,1355.59792205691,47.1094360649586,266.038786143064,190.44497808814,188.409934669733,159.756305426359,1772.12789931893,30.4296279251575,962.677150994539,1.58478665351868,58.6805422008038,216.779846578836,0.434739768505096,0,0.495188593864441,0,532.843639016151,0.397561013698578,0,1.18595707416534,588.057078778744,0,2.29644149541855,0,1276.59309440851,27.1921503245831,0.42420494556427,0,0.556865036487579,0,49.6007688343525,1.35859394073486
4.43643987178802,0.54322338104248,10.6077874302864,130.525622367859,0,4852.05974078178,550.094816178083,277.009519428015,85.7049473822117,585.496095716953,24.959389269352,1993.5922563374,8.9644051194191,61.4921417236328,7299.16257676482,8.16566413640976,36.0322113633156,10.6132372021675,20.293825507164,112.260073721409,182.18176561594,1.67407369613647,172.301346987486,184.036059200764,0,12.7425109148026,42.8223278820515,351.92311757803,73.007906883955,278.294908314943,0,815.904575020075,8.93005323410034,7011.70722743869,1925.09388959408,3694.85235962272,43.5502606332302,77.8679275214672,92.7174721956253,18084.2718812525,5762.45236232877,42.6832426190376,48.7775477170944,64.4059419631958,16.2012878060341,175.883372008801,38.1387149691582,0.412670612335205,0.536063313484192,0,2.00750172138214,20.5189191699028,6.65269243717194,2.85492533445358,5.49879288673401,30.994170576334,3.37473541498184,12.8795830607414,10.7748867273331,138.12359893322,10.7761825025082,0,5.75429067015648,2.2327789068222,12.5931491851807,0.615376472473145,4.55390608310699,2.64566868543625,0.929926335811615,41.2365072965622,6.6341050863266,69.4128130078316,53.4270748496056,0,18.787079513073,57.5260633230209,87.1354424059391,8.0245808660984,16.8924155235291,0.765032827854156,0,0,3.44309318065643,1224.37573134899
37.5177559554577,1.50348162651062,23.8110808730125,324.322888940573,4852.05974078178,0,4353.67763218284,9371.41343876719,116.581205636263,21259.7658427358,122.775635093451,9443.49294671416,30.1771365106106,1256.07764913142,4706.50297090411,0,65.3508663475513,24.5752781927586,26.9349263310432,764.330355525017,54.5508224666119,1.11239862442017,71.0981744527817,136.141640990973,1.59020256996155,34.455204218626,15.1544291377068,743.877778232098,221.943045467138,271.891203194857,3.47880917787552,323.07621499896,8.03094759583473,445.839325994253,2564.73379778862,3803.31295049191,62.9453490674496,242.714133113623,206.695900976658,3286.01730749011,504.302040338516,80.0061601400375,329.3757789433,6.2922335267067,89.7604102492332,36.0414243042469,176.331668406725,34.9693259596825,4.97396224737167,0,0,0,25.1597834527493,9.31742811203003,27.129642188549,384.908369600773,98.138939499855,86.4858147799969,119.658317863941,342.001256734133,35.1356294751167,0.574261903762817,47.8616752326488,35.958595097065,10.5718472003937,0,0,1.01028966903687,24.5269486904144,3.75176811218262,9.39217859506607,1.47630858421326,515.505471974611,0,1.55581265687943,4.44639459252357,731.21279156208,16.5564210414886,8.81178817152977,0,0,1.41035056114197,58.571362644434,150.240170627832
17261.724735111,3.16909784078598,2671.64244380593,54.0820580124855,550.094816178083,4353.67763218284,0,21832.3751272261,1785.22543001175,23408.6218618453,1806.69132968783,524.566090285778,445.500620722771,29179.564473629,546.344566583633,19.0368887782097,2921.06166937947,737.248202204704,1442.94988906384,277.305927485228,9379.40487527847,23.4770406782627,6541.50705212355,3898.13591840863,2.65322762727737,2157.83489599824,841.519406825304,63819.5603760183,6397.78974416852,16518.0329259038,39.6964210867882,875.120470821857,336.397440820932,3687.10646051168,1788.43006688356,18936.9488444328,715.582990735769,4436.06293457747,1811.50100556016,841.400784671307,1404.91346395016,227.187799245119,2701.16628542542,47.1379901468754,908.059575408697,281.73469877243,1000.11681157351,381.107574284077,18.2652072906494,7.97037541866302,4.47844064235687,40.9849794209003,407.276361197233,41.496339738369,236.014574110508,2660.13794481754,1270.17113563418,745.631656855345,1709.22785764933,688.353021532297,141.534422904253,9.02325981855392,581.375014841557,141.853560745716,122.983929604292,1.05024230480194,0,1.63113412261009,194.816314607859,30.9843702614307,102.217413932085,116.853763192892,4700.3217214942,0,3.12384214997292,95.4393436908722,6410.3387363255,351.283280968666,41.3175449967384,0,1.64629411697388,17.6791858971119,664.243997305632,270.710777074099
3136.04637691379,0,357.705946594477,233.653711348772,277.009519428015,9371.41343876719,21832.3751272261,0,717.897752046585,9954.4574880898,605.447781920433,9145.43221959472,139.187025606632,31170.0187199414,432.436410784721,6.29673725366592,1804.67620196939,122.292621463537,379.480641275644,2089.24035680294,915.619964927435,3.25991475582123,1397.4955739677,461.597762852907,0,281.945061773062,130.702149868011,2341.55172368884,5647.71851605177,7467.51924705505,13.9408406615257,990.378227770329,126.065770506859,1975.28569123149,343.373887181282,8021.44792830944,200.225686997175,1087.0366230607,735.344220489264,1123.40451991558,645.117598742247,306.172002315521,2644.69575613737,28.8345502912998,705.786931633949,153.779257774353,1231.33554875851,241.560667365789,34.9247881770134,16.7097037434578,0,0.910410106182098,83.6468608677387,10.5135945081711,130.276521354914,3296.25301826,610.133119732141,825.095948129892,558.782165378332,1082.15684404969,63.1658683419228,10.2760939002037,262.758851200342,99.9788463413715,71.8114756643772,0.396949946880341,0,0,45.9758553206921,10.3383417725563,111.834497362375,4.61312639713287,5016.29763433337,1.58618438243866,1.47575876116753,5.34823542833328,5538.2077562809,185.419367641211,33.3348469734192,0,0,23.9384141862392,516.610257893801,49.9848946630955
8.15140336751938,1278.73244917393,6.61776688694954,1515.76060941815,85.7049473822117,116.581205636263,1785.22543001175,717.897752046585,0,3284.03434887528,67.5569704771042,1175.42609390616,221.661063015461,208.218074887991,1296.70103514194,455.606496840715,4.52753007411957,22.9067578911781,14.5195067226887,545.538646936417,165.390016198158,10291.5153562725,237.573511689901,36899.1173145473,673.003620058298,50.1670835316181,3572.0297382772,9788.88879045844,58.2084055542946,61.1640385389328,11.7404488027096,20.7661546468735,1.07332521677017,122.871527016163,29.3155425488949,542.945195347071,24.8962961733341,100.731644302607,55.5117193460464,572.534870743752,38.7070669531822,19.551216840744,633.504136741161,22.7277025878429,223.752477437258,88.0781821608543,311.654113233089,72.8591964542866,0.692422330379486,10.2888114452362,41.6766160428524,14.0906303524971,1106.16207891703,27.7248448133469,393.179033666849,697.190068840981,404.89002379775,3400.25049567223,3138.46026778221,174.812934666872,650.266098797321,5.01670497655869,138.297015666962,157.961862057447,1708.42178970575,2.90687376260757,42.4554626643658,5.61232531070709,562.712263047695,268.055333256721,1925.33705112338,316.843595206738,7577.59481677413,6.15018528699875,67.3520257771015,111.418872117996,4989.37755605578,139.670876204967,34.3925034105778,1.25461256504059,8.8403106033802,13.6241550445557,151.356029033661,50.5041814744473
74.0827367603779,4.08902806043625,24.2905701398849,3887.86631301045,585.496095716953,21259.7658427358,23408.6218618453,9954.4574880898,3284.03434887528,0,1162.28533798456,10402.8780514896,218.275645166636,3444.24948507547,1443.84140583873,2.73379075527191,119.744853138924,362.670407503843,279.671461343765,4854.24929797649,15.8720514774323,4.48183214664459,64.8555019199848,1820.01662182808,0.500031590461731,276.94876074791,97.114113420248,17242.4441442788,968.601361125708,139.30235144496,14.451903373003,365.130264371634,5.47066709399223,1728.27874273062,330.328853815794,6108.74732133746,193.881118863821,1343.03662520647,553.688874900341,1077.77500662208,490.868983179331,122.39006242156,673.679533451796,12.4934980273247,240.718832135201,16.9631208181381,2201.44087412953,41.0867011547089,5.04905319213867,1.78811997175217,1.73158800601959,0,1421.34362906218,132.041488945484,759.431161493063,1309.95270201564,527.84895080328,545.216228783131,5594.95033079386,338.379975050688,1308.05375498533,4.58173337578773,172.011412262917,715.754550695419,2.13651931285858,0,0,0,1135.26539674401,1.47223493456841,7.65074011683464,0,2985.24446943402,0.508585929870605,0,0,5818.37634661794,90.3515868782997,3.61057049036026,0,0,2.29441577196121,223.951301217079,26.3032853603363
57.2405227720737,362.473954916,48.2344797253609,15.5525551438332,24.959389269352,122.775635093451,1806.69132968783,605.447781920433,67.5569704771042,1162.28533798456,0,888.735519200563,8468.23003745079,1347.92934152484,96.5644567012787,7.58445990085602,292.198056459427,18513.3084442616,3537.46576094627,341.593481570482,148.205227375031,97.742442458868,304.931573748589,75.6147356033325,820.578920245171,6903.77409332991,802.293005883694,325.881977856159,2634.86835891008,669.480602651834,396.566585600376,1158.82851657271,71.8655641078949,13306.9877943397,165.984723865986,2622.84371611476,6532.25477564335,5369.58960652351,1870.50326707959,36.4276275634766,72.5644826889038,4149.96816271544,31.6559488475323,3034.48343193531,47.6625119447708,23.2238003313541,21.1677915453911,0,1197.57794564962,0.531539380550385,148.514413058758,6.44296675920486,0,2.23263156414032,1.92860633134842,11.6336619257927,1.97379249334335,79.0562302172184,0,1841.03457298875,2.9267729818821,4753.7611502111,0,0.702004671096802,9.81469878554344,2.83430397510529,34.5077547132969,0,0,1.09878861904144,42.2884563207626,5.9227554500103,59.421701669693,673.132101476192,964.11464548111,726.593699842691,19.0658152699471,6.09221887588501,1.13237810134888,1435.60434579849,0.822691857814789,0.764188468456268,38.8767985701561,142.627033889294
58.3204502463341,11.3724316060543,19.1516824364662,12093.3621623516,1993.5922563374,9443.49294671416,524.566090285778,9145.43221959472,1175.42609390616,10402.8780514896,888.735519200563,0,171.669330686331,1963.33248180151,11593.2728295624,0,51.8005910217762,255.12461322546,170.798119008541,10618.5334500074,9.11689481139183,35.0567620992661,46.6319637596607,1335.86768448353,3.7129533290863,218.224725097418,73.9726598262787,2018.31480357051,560.907602339983,130.657886207104,14.4025020897388,270.895787984133,6.57602912187576,1186.59018725157,12937.1794053912,2871.26084816456,128.842774659395,709.751464247704,360.104972034693,4589.5932854414,304.934071689844,130.832056105137,242.479979634285,18.3431934714317,95.4672344326973,43.061901807785,1148.36087983847,55.2266785502434,5.45933717489243,0.342007666826248,1.65623247623444,0,327.318255275488,85.4807533621788,381.804724991322,265.232630968094,342.411797136068,94.865818887949,1216.55176562071,363.624386847019,1344.50240439177,1.97027018666267,88.0253801941872,293.213361561298,2.94219064712524,1.54141914844513,5.94832766056061,1.03241610527039,365.104581594467,2.76679956912994,5.43517255783081,3.52669841051102,279.380217045546,0,3.8384630382061,0.541176438331604,710.68738541007,50.3164247870445,4.64343222975731,0,6.9724443256855,1.44503426551819,82.3516244590282,1249.26423677802
14.0654735267162,2839.67065256834,7.11668837070465,4.42502900958061,8.9644051194191,30.1771365106106,445.500620722771,139.187025606632,221.661063015461,218.275645166636,8468.23003745079,171.669330686331,0,292.369856357574,8.23052442073822,37.8120180666447,13.1632009446621,32.3316605389118,8.03636181354523,69.8342463076115,72.8887792229652,849.696408808231,180.065671086311,315.83693087101,9677.0587387383,535.613323092461,2656.47985222936,128.760701447725,423.396121352911,167.114276707172,1673.96885374188,201.619150161743,14.8740012645721,2223.9811603725,50.6919184029102,600.846754074097,5582.11091461778,1138.8950830698,204.76241517067,19.6454640626907,25.5931152105331,7054.86965960264,77.9812267422676,5934.56449639797,122.657619357109,61.9448215961456,2.41583651304245,1.55610531568527,2620.79788923264,0,730.439892202616,2.56491905450821,0,2.71663731336594,0,5.52348977327347,1.50919270515442,61.5239599943161,0,4598.2382081449,4.77575385570526,14458.4589072466,7.65820407867432,0,29.6613681316376,2.45164206624031,76.2473829388618,3.55838084220886,0,4.30098894238472,128.948330551386,2.36405459046364,37.3748399913311,3875.18878278136,2818.28606927395,3716.16058012843,9.98456257581711,5.87225210666656,0,3957.52226930857,0.570270895957947,0,115.857160121202,24.4068586826324
12882.016570121,2.03833240270615,411.569016128778,36.6909514665604,61.4921417236328,1256.07764913142,29179.564473629,31170.0187199414,208.218074887991,3444.24948507547,1347.92934152484,1963.33248180151,292.369856357574,0,75.4254785776138,6.32887187600136,2461.26447337866,322.01306322217,636.482120484114,679.370288610458,1279.79697152972,0,1918.8796248436,135.431537479162,2.48084092140198,511.770916879177,262.877776056528,792.589208066463,30477.8189171553,12817.3906784952,24.0393975675106,626.960806161165,222.311785429716,2879.97437345982,261.597685158253,3165.12125989795,201.311583846807,1240.18727004528,453.26815789938,157.906761586666,368.422275185585,105.527443379164,506.289115786552,34.3963948786259,132.757640600204,37.3260763287544,217.359798163176,25.9567812979221,11.1193818151951,3.01868131756783,0.493660598993301,1.39956611394882,12.4258357584476,8.20544159412384,15.6151648759842,702.296420156956,75.0421667695045,200.146158218384,66.9915134906769,292.14987295866,15.2520790100098,15.336397767067,30.4626435935497,14.0108729600906,27.8793553411961,0,0,0.307852804660797,8.24843525886536,1.78854522109032,50.4031823277473,1.2419598698616,1227.13195034862,3.41080170869827,1.68708050251007,11.2061717510223,1163.12531921268,28.0446383655071,8.0973447561264,1.42111551761627,0,4.01282674074173,73.3769938647747,28.2209930717945
9.71465769410133,27.1714632213116,25.7100255489349,851.530778974295,7299.16257676482,4706.50297090411,546.344566583633,432.436410784721,1296.70103514194,1443.84140583873,96.5644567012787,11593.2728295624,8.23052442073822,75.4254785776138,0,5.7632805109024,41.5558199882507,79.4545914530754,45.5588485002518,393.519848048687,139.581129461527,132.091829746962,259.313846349716,3075.33391684294,12.3506157398224,92.4684247374535,251.919052064419,1335.58608031273,44.210483700037,217.801022231579,3.48534846305847,121.37469920516,5.43346187472343,251.908078163862,6289.46094581485,685.876968175173,206.275224745274,75.7532313466072,213.942228317261,9288.62348765135,320.278776049614,7.57452100515366,65.2527901232243,81.0462134480476,28.460485637188,253.354564130306,111.389608502388,10.3457320332527,0,0,5.04453885555267,24.6891398429871,41.6655625998974,9.81517648696899,26.1512739062309,52.0788012742996,21.996955871582,17.873022288084,54.5775144100189,33.028605401516,79.0145539939404,0,6.27999353408813,36.6478510499001,13.4818707108498,7.79919612407684,12.4377203583717,8.25837725400925,7.04100322723389,35.5739323496819,6.00275385379791,103.772993952036,75.2091854512691,0,30.269119977951,92.2543420791626,112.633988022804,14.5246638655663,13.68359375,0,0,0,6.89834797382355,1999.82993006706
1.66612261533737,768.394679993391,65.7283001542091,1.70910853147507,8.16566413640976,0,19.0368887782097,6.29673725366592,455.606496840715,2.73379075527191,7.58445990085602,0,37.8120180666447,6.32887187600136,5.7632805109024,0,123.027939736843,9.38237807154655,67.0465436279774,0.867544233798981,7716.92029881477,5140.68055194616,6125.57730382681,5455.01404955983,125.71943411231,53.4604829549789,14864.3515096605,4380.32964739203,11.3688807487488,32.0428713560104,0,4.49958819150925,1.38582956790924,238.604762881994,115.004559099674,2063.01037466526,453.365399628878,906.489248096943,583.845223486423,23.3535708189011,10.4734292030334,1.65316331386566,603.200950741768,59.284296631813,145.198340386152,177.186782509089,32.1453553140163,1.68490445613861,0,3.30356079339981,97.0288372337818,102.390467435122,0,11.5377403497696,3.17998796701431,114.81877374649,6.70744279026985,141.321733534336,1.4922408759594,16.7339015305042,0,0,15.5089517533779,16.5032732486725,6251.74318796396,22.8117677271366,2.65198323130608,8.18097534775734,0,1343.61050340533,1917.78958168626,4790.49956539273,2372.87071877718,2.94322991371155,25.3609840869904,1345.96974730492,2116.15164408088,29.1553995609283,68.1372284889221,0,0,4.29016488790512,65.2304656505585,112.976762771606
535.68090942502,63.8881556987762,20691.1749264598,1.38772332668304,36.0322113633156,65.3508663475513,2921.06166937947,1804.67620196939,4.52753007411957,119.744853138924,292.198056459427,51.8005910217762,13.1632009446621,2461.26447337866,41.5558199882507,123.027939736843,0,260.382668972015,11141.9843304753,58.5623465180397,2785.69414386153,13.3300307691097,21851.2918633223,89.493623316288,0,7542.04327002168,11677.6716727614,891.846676558256,2648.22399398685,7045.05863031745,2.91600608825684,177.151964217424,319.761383801699,12637.5649157763,301.775133043528,4624.65781798959,3744.32453602552,6030.43767684698,2255.84014436603,34.0666315555573,115.72332572937,5.7614817917347,488.865589499474,82.2052107453346,157.202846378088,199.253240227699,9.62671685218811,4.51469206809998,1.35080939531326,0.456452637910843,106.792853504419,881.489885866642,0,27.4724054336548,0,42.6569771170616,0.676651000976562,9.22597888112068,0,14.4056026935577,1.36552917957306,0.351687163114548,1.41328260302544,4.54111009836197,218.88383820653,148.706142753363,9.35957142710686,41.9033779799938,0,107.203550755978,34.8721005320549,930.293122142553,151.744613587856,0,143.938640624285,2833.96025663614,206.314216703176,2.83302360773087,18.8534862697124,0,0,0,84.3986008167267,302.891357928514
25.0374738872051,23.8173764050007,145.232791960239,5.10427072644234,10.6132372021675,24.5752781927586,737.248202204704,122.292621463537,22.9067578911781,362.670407503843,18513.3084442616,255.12461322546,32.3316605389118,322.01306322217,79.4545914530754,9.38237807154655,260.382668972015,0,1231.09686324,157.235182642937,137.482787668705,1.62446916103363,361.625654548407,14.1228348910809,13.9108444452286,3888.46422252059,1186.13960793614,112.852552503347,798.293600678444,315.536679029465,6.38554906845093,228.869502931833,47.6388157010078,3338.6790342927,212.990866929293,3074.41389548779,3337.01237177849,3926.50707140565,2654.59967511892,11.9940352737904,31.7116015255451,1.41439974308014,29.5311380624771,79.8446775078773,22.114272326231,22.3482314050198,0.686193823814392,0.530422747135162,0,0,50.6735874712467,11.8973270952702,0.373086273670197,6.76742053031921,0,0,0,22.3588756322861,0,29.9381456375122,0.472505033016205,72.6947254836559,0,4.97727805376053,2.56834506988525,8.25617262721062,25.8780187666416,13.5101226270199,0,0.518323838710785,4.54019331932068,11.4431952834129,0,35.4268054366112,476.206359535456,481.850639522076,0.350216209888458,0,0,76.6900324225426,0,0,6.11864352226257,205.42268705368
115.8343116045,46.8270116150379,3409.23508304358,0.448940336704254,20.293825507164,26.9349263310432,1442.94988906384,379.480641275644,14.5195067226887,279.671461343765,3537.46576094627,170.798119008541,8.03636181354523,636.482120484114,45.5588485002518,67.0465436279774,11141.9843304753,1231.09686324,0,90.42157548666,842.959764927626,9.62522503733635,4131.46930292249,46.7563823461533,11.8362633287907,7660.38442581892,5425.18661519885,405.18339189887,957.089158922434,1240.59433090687,1.50791245698929,206.522883743048,62.8560397028923,7480.50337362289,269.286109566689,6207.76651257277,3757.84590655565,4617.60531395674,3080.37317475677,14.3753993809223,46.3808930516243,2.55660343170166,238.207678794861,54.0757488012314,81.9516651630402,127.740708470345,7.61823636293411,2.55687391757965,0,0.517669975757599,101.380548119545,463.394518822432,0,37.2456120252609,1.0391001701355,3.19770526885986,0,17.3817891478539,0,9.67679536342621,0,1.74167019128799,0.965518027544022,3.55980467796326,62.2057867050171,201.641610264778,11.8421824574471,74.4595487415791,0,24.6833583414555,17.6360110938549,227.019735962152,26.2036734819412,7.01197445392609,383.624282330275,1696.63193497062,52.1732484698296,0.887272298336029,8.54638814926147,7.15286323428154,0,0,53.3970039784908,324.919298529625
10.9042077064514,0.954702764749527,3.05616304278374,17249.4005947113,112.260073721409,764.330355525017,277.305927485228,2089.24035680294,545.538646936417,4854.24929797649,341.593481570482,10618.5334500074,69.8342463076115,679.370288610458,393.519848048687,0.867544233798981,58.5623465180397,157.235182642937,90.42157548666,0,7.9748477935791,0,28.0065539181232,850.171219080687,0,100.129432052374,33.3332427144051,2006.0562415719,288.942294150591,33.1802196502686,1.79547336697578,88.895880907774,0,402.361094594002,20.2738870978355,1021.53811940551,46.6607320308685,282.183443456888,141.973242998123,384.251861721277,114.77491542697,40.2336775064468,122.739641070366,3.23315337300301,45.0913465023041,4.50297665596008,441.059559285641,9.43441423773766,4.24533352255821,0.822519958019257,0,0,254.565153837204,16.992411583662,136.023727864027,203.205858796835,116.683967351913,61.3091530799866,1000.27638673782,120.365723222494,247.261728584766,0,28.006125241518,130.290496408939,0,0,0,0,172.668495029211,0,0.44390282034874,0.744711697101593,369.801039934158,0,0,0.82287260890007,777.197113752365,12.0153921842575,0.516024768352509,0,0,0,31.303890645504,1.42550849914551
244.508686542511,95.8959989547729,3409.73436444998,0.74806934595108,182.18176561594,54.5508224666119,9379.40487527847,915.619964927435,165.390016198158,15.8720514774323,148.205227375031,9.11689481139183,72.8887792229652,1279.79697152972,139.581129461527,7716.92029881477,2785.69414386153,137.482787668705,842.959764927626,7.9748477935791,0,677.401866823435,52563.5233497918,936.887504190207,12.7740082740784,1133.80458670855,4225.48767739534,11444.5009891987,1750.07163375616,40298.6261558235,2.18538698554039,49.0057497918606,247.510839819908,11529.0603619814,2180.46288242936,22355.7832104564,2197.60705402493,13919.9508270323,6786.86372110248,264.26657757163,388.374495744705,56.4843727946281,564.923698872328,46.2927553653717,98.8917324841022,204.410198032856,112.343629300594,19.0103933215141,3.60944950580597,12.8577970564365,23.0288326740265,90.4661213457584,1.48687481880188,92.1130886077881,6.39168632030487,236.583036452532,31.6241230666637,240.409465461969,0.334501087665558,91.0338987112045,0.571790993213654,0,57.619731336832,43.538367241621,2600.33519756794,20.208169490099,0.487305790185928,1.55467423796654,1.0179950594902,995.720854818821,882.294448047876,1428.88843417168,3154.4679480195,1.03788840770721,10.1932093203068,578.209579259157,3711.88696420193,134.994961202145,244.310251414776,0,1.69951963424683,13.6277835667133,77.6895489692688,1063.97751450539
0,5173.4961027801,27.1325022280216,2.1802659034729,1.67407369613647,1.11239862442017,23.4770406782627,3.25991475582123,10291.5153562725,4.48183214664459,97.742442458868,35.0567620992661,849.696408808231,0,132.091829746962,5140.68055194616,13.3300307691097,1.62446916103363,9.62522503733635,0,677.401866823435,0,1145.18159529567,18786.6426717937,1526.29258969426,55.7063796818256,13052.2578456104,1366.57993102074,0.63440603017807,9.92870855331421,26.0811694264412,0.530552089214325,0,22.0934080481529,7.23348957300186,99.1390836536884,65.4195736646652,45.1935893297195,21.2894652485847,83.6105010509491,0.875980615615845,23.9469311833382,321.475982248783,51.6307491958141,69.9331088066101,103.074057549238,17.6148612499237,2.53836244344711,0,4.0156098306179,160.582648396492,59.660524636507,9.48277598619461,3.25711500644684,0.530732810497284,53.359105527401,9.10967445373535,159.204924941063,15.8225514888763,8.39184939861298,34.6864160895348,18.7090044021606,10.6672011613846,9.93322032690048,3212.91163623333,12.0207629799843,2.96776813268661,6.24896219372749,4.38331478834152,474.539720803499,1386.5565752089,1155.8404019475,1258.08631190658,8.86722785234451,107.710923045874,2007.37998053432,812.10947611928,22.822305649519,22.5957151055336,5.29879096150398,0,2.27433294057846,45.9127931594849,36.4410534203053
401.315520495176,212.651089638472,42105.6049658656,1.14863049983978,172.301346987486,71.0981744527817,6541.50705212355,1397.4955739677,237.573511689901,64.8555019199848,304.931573748589,46.6319637596607,180.065671086311,1918.8796248436,259.313846349716,6125.57730382681,21851.2918633223,361.625654548407,4131.46930292249,28.0065539181232,52563.5233497918,1145.18159529567,0,1460.54303830862,27.6248970627785,6287.38615822792,30307.5815171003,13028.7425295115,2327.25067186356,17098.8297434747,1.81699466705322,210.078595221043,278.71782746911,20989.9841923714,3571.08148482442,46605.6590908468,13859.3899242282,31651.5510610044,19499.6957445443,759.038574129343,481.772878736258,29.7534012794495,2120.96098777652,305.791575908661,580.44238063693,1121.9227963984,67.2457669377327,27.6697574853897,7.00271981954575,3.25093391537666,57.9225756525993,712.746308922768,0,330.632409095764,7.16993451118469,354.336545944214,11.4986033737659,213.043235421181,3.69450908899307,70.2393133342266,3.05658280849457,0,31.6049969494343,72.4351361989975,11026.3944056928,139.912068456411,18.7916964888573,43.6135315001011,0,3560.72824725509,1890.21282219887,12950.2994337678,3737.66166031361,1.08313465118408,123.497612982988,4228.67040809989,4282.94622406363,45.9834323227406,172.584575653076,0,0,4.28504395484924,222.900350749493,3763.64987140894
4.92974019050598,2795.17697826028,92.3134987354279,2414.24687540531,184.036059200764,136.141640990973,3898.13591840863,461.597762852907,36899.1173145473,1820.01662182808,75.6147356033325,1335.86768448353,315.83693087101,135.431537479162,3075.33391684294,5455.01404955983,89.493623316288,14.1228348910809,46.7563823461533,850.171219080687,936.887504190207,18786.6426717937,1460.54303830862,0,891.84259852767,129.250940710306,9095.67492702603,21584.4432462156,124.247483849525,161.435419619083,23.2815342247486,50.7856256365776,28.7650527060032,251.32962039113,197.102555692196,2892.80358853936,306.704700261354,534.670190662146,262.709744066,1947.43928858638,82.3354409337044,55.214078694582,4014.78311637044,81.8660246729851,1368.67302566767,568.858361214399,1297.8493963778,515.666458457708,18.1136520504951,24.20478489995,147.086490601301,95.148801445961,1079.19892045856,50.3026824891567,547.365078568459,3833.35437211394,1926.94978779554,4337.72010195255,2885.59842035174,541.691302955151,742.177899718285,3.64539057016373,867.899378061295,319.548597127199,3216.59149923921,14.9746547341347,1.8036926984787,5.50714635848999,538.226142853498,649.426648646593,3344.71451231837,1246.36628523469,20119.8755376637,9.00693833827972,20.2132755219936,1134.94294396043,16176.2556307614,817.905323833227,264.96747648716,0,35.0357377231121,47.9771928787231,867.704863965511,188.99881747365
0,2396.65638130903,1.61680674552917,0,0,1.59020256996155,2.65322762727737,0,673.003620058298,0.500031590461731,820.578920245171,3.7129533290863,9677.0587387383,2.48084092140198,12.3506157398224,125.71943411231,0,13.9108444452286,11.8362633287907,0,12.7740082740784,1526.29258969426,27.6248970627785,891.84259852767,0,356.033218562603,8409.82372677326,27.202060341835,6.6905061006546,0,294.506925791502,3.11847686767578,0,72.792072892189,0,34.9957774281502,95.8190626502037,38.0116148591042,12.7920068800449,18.3788419365883,0,1697.07514816523,56.0006359517574,276.637615740299,50.3926519155502,23.8180957436562,1.72927618026733,0,626.228460729122,0,866.032783031464,6.36432772874832,0,0,0,7.14869272708893,1.6802031993866,20.0167506933212,0.844556093215942,870.159980237484,1.04802048206329,2907.76160740852,3.68997392058372,0,12.0649724602699,7.5527668595314,23.6790415048599,12.0330583453178,0,1.46310305595398,60.8419229388237,3.12169918417931,32.5068311989307,2357.87790948153,634.825977891684,2527.19270098209,8.60329765081406,0.547168731689453,2.79415035247803,437.401500344276,0,0,79.9047254323959,0.539508461952209
82.1827149689198,264.616526633501,32151.0498538315,4.53217074275017,12.7425109148026,34.455204218626,2157.83489599824,281.945061773062,50.1670835316181,276.94876074791,6903.77409332991,218.224725097418,535.613323092461,511.770916879177,92.4684247374535,53.4604829549789,7542.04327002168,3888.46422252059,7660.38442581892,100.129432052374,1133.80458670855,55.7063796818256,6287.38615822792,129.250940710306,356.033218562603,0,27742.5288799405,1059.51746407151,783.004546910524,1136.68553760648,463.441380918026,219.603863358498,51.0085844099522,2950.74557706714,593.120054155588,14697.7211886346,14250.0152446926,6197.84398317337,5052.67058041692,33.4906654953957,87.9629712700844,15.5032643675804,1528.05783519149,2283.90596169233,733.29155677557,680.262154042721,6.85804036259651,7.95964646339417,42.7249008715153,2.45310482382774,1600.76361310482,1386.40894889832,0,45.7412068247795,0.981132984161377,43.4159424901009,2.04691419005394,38.8850308656693,0,925.720143020153,0.87147444486618,2344.10453343391,10.7065322697163,12.8385981917381,195.171807289124,1575.6403362155,491.650692820549,842.530905544758,0,91.2761588990688,187.421223223209,589.811003744602,89.4979260861874,1582.48415327072,12704.1979137361,20334.1593653262,77.5601755678654,6.07167106866837,49.5591193139553,2147.98703455925,0,0,525.007412999868,607.810322791338
43.6430336833,23400.6974887252,32666.808485806,1.76882153749466,42.8223278820515,15.1544291377068,841.519406825304,130.702149868011,3572.0297382772,97.114113420248,802.293005883694,73.9726598262787,2656.47985222936,262.877776056528,251.919052064419,14864.3515096605,11677.6716727614,1186.13960793614,5425.18661519885,33.3332427144051,4225.48767739534,13052.2578456104,30307.5815171003,9095.67492702603,8409.82372677326,27742.5288799405,0,5656.83758583665,670.896984636784,870.456489264965,1913.04252746701,168.290539741516,34.7801163494587,5359.86736044288,1503.582939744,34718.5452793241,9522.31172612309,14603.3936602771,10851.8037567735,217.348863780499,227.953870713711,36.0545637607574,9187.01498323679,3164.025316149,3507.28909379244,3434.31628167629,72.2298611700535,32.8030312657356,52.7366264462471,5.59785285592079,10683.3651410043,9283.686873734,0,207.578708529472,2.15947735309601,547.236982822418,9.05260530114174,181.036431729794,2.43591225147247,780.263987988234,20.8459900021553,2837.47397887707,43.577546954155,62.3246119022369,9470.73387822509,4535.07591962814,819.242233395576,2091.57823967934,0.574640035629272,2027.24859806895,2499.81855270267,15750.9902391732,1686.90806731582,4577.82902431488,24304.894654572,99448.6122727096,2271.37882918119,23.8312302231789,195.834565132856,2051.12589859962,3.77835518121719,0,2072.61912217736,2528.20835623145
47.9187027812004,272.07097274065,1680.30740886927,6368.91168436408,351.92311757803,743.877778232098,63819.5603760183,2341.55172368884,9788.88879045844,17242.4441442788,325.881977856159,2018.31480357051,128.760701447725,792.589208066463,1335.58608031273,4380.32964739203,891.846676558256,112.852552503347,405.18339189887,2006.0562415719,11444.5009891987,1366.57993102074,13028.7425295115,21584.4432462156,27.202060341835,1059.51746407151,5656.83758583665,0,672.885046094656,18754.1545862556,10.6429315507412,241.756081312895,263.333402901888,3080.79210013151,2064.52694728971,25153.9671858549,1695.77766156197,5824.48233437538,3197.1658962369,1249.70937228203,809.819772779942,253.273576289415,6339.66619282961,115.049338102341,1832.51538068056,749.165823280811,2645.08374628425,835.738512396812,34.9939560890198,70.9749156534672,72.1895874738693,201.039343029261,1646.56780996919,145.386660546064,849.494196087122,6301.64287832379,2519.19141411781,3392.50312232971,5833.71204301715,1004.34552803636,1021.17134290934,0,1221.17289051414,626.141357809305,3502.48266553879,22.3838655948639,0.266856700181961,6.18615821003914,919.34922593832,824.48367908597,1976.9842042625,2306.31551703811,19328.4299243093,0.536580324172974,13.5494519770145,1516.24565845728,22187.1994754374,1211.74977824092,505.925466001034,2.12531733512878,17.9791918098927,57.4994229674339,1359.09498539567,613.930749207735
12854.4904318452,10.2888753414154,230.970908850431,16.3622061908245,73.007906883955,221.943045467138,6397.78974416852,5647.71851605177,58.2084055542946,968.601361125708,2634.86835891008,560.907602339983,423.396121352911,30477.8189171553,44.210483700037,11.3688807487488,2648.22399398685,798.293600678444,957.089158922434,288.942294150591,1750.07163375616,0.63440603017807,2327.25067186356,124.247483849525,6.6905061006546,783.004546910524,670.896984636784,672.885046094656,0,17826.6336327195,39.3891212940216,1050.6162352562,5461.2435349822,7376.90109959245,243.27703550458,1963.73558321595,255.517319917679,1595.20547196269,337.263011485338,92.9728281795979,284.097162336111,64.0403846204281,167.281696468592,36.9633499383926,30.4781539738178,14.1537185311317,71.4505173265934,8.99853301048279,11.9816233515739,0.957235813140869,5.86184757947922,11.0076783299446,3.99825888872147,4.32855430245399,9.63672256469727,145.755788266659,12.972353965044,80.5771228969097,7.21340492367744,140.366358429193,3.14200913906097,30.6966356039047,8.5365928709507,1.53051835298538,25.9495792388916,1.74183955788612,0,0,1.46896094083786,4.5897521674633,33.6782821714878,14.4432398974895,401.340895026922,2.95619666576385,8.10894897580147,52.0703685283661,491.040997356176,9.52890220284462,10.5103040337563,6.80789592862129,0.849678635597229,1.24096119403839,24.2734741270542,36.1146264076233
5684.21617794037,2.54247456789017,2029.2624489069,3.50909224152565,278.294908314943,271.891203194857,16518.0329259038,7467.51924705505,61.1640385389328,139.30235144496,669.480602651834,130.657886207104,167.114276707172,12817.3906784952,217.801022231579,32.0428713560104,7045.05863031745,315.536679029465,1240.59433090687,33.1802196502686,40298.6261558235,9.92870855331421,17098.8297434747,161.435419619083,0,1136.68553760648,870.456489264965,18754.1545862556,17826.6336327195,0,12.0726525187492,335.17414021492,3999.79243701696,14494.9713972509,2771.85389897227,14206.65384534,806.187125295401,7539.96341133118,2468.57254755497,292.808792352676,1175.28117373586,140.651191055775,718.063616722822,33.0810853242874,135.040522992611,117.311071306467,218.354853600264,75.8622590601444,19.4029289484024,19.1452355384827,3.4187068939209,19.3440191149712,1.40023970603943,45.3354157805443,30.9275444447994,560.278808265924,120.816407293081,162.225176244974,3.85509517788887,324.577711641788,4.06507304310799,5.42097881436348,89.1173024475574,38.5638212263584,252.484589904547,3.97587952017784,0,2.57298988103867,0.896768569946289,77.9719805717468,151.089476674795,88.6202549338341,1426.77851316333,0,5.48580667376518,80.5571261048317,1962.47091060877,138.911351561546,122.197020083666,0,5.08979946374893,12.8697623312473,97.1846549808979,556.03200340271
2.03576302528381,63.5937971770763,0.664985656738281,0.743611693382263,0,3.47880917787552,39.6964210867882,13.9408406615257,11.7404488027096,14.451903373003,396.566585600376,14.4025020897388,1673.96885374188,24.0393975675106,3.48534846305847,0,2.91600608825684,6.38554906845093,1.50791245698929,1.79547336697578,2.18538698554039,26.0811694264412,1.81699466705322,23.2815342247486,294.506925791502,463.441380918026,1913.04252746701,10.6429315507412,39.3891212940216,12.0726525187492,0,16.7616049945354,0.562666416168213,115.807227045298,11.8713997602463,111.445169150829,691.902804911137,156.87222930789,68.1991846263409,1.87164205312729,2.47224575281143,18.2974032759666,21.1533647179604,1068.21312430501,59.4427536725998,18.7868167757988,0,0.95146769285202,53.7059910595417,0,198.252481967211,0,0,0.555065512657166,0,0,0,3.28539395332336,0,531.61766910553,0,2013.77089580894,1.61496382951736,0,4.9562970995903,0.817906141281128,45.0915230512619,0,0,0,18.9865268468857,0,0.679501116275787,567.292995512486,1653.21385872364,2059.55430734158,0,0,0,1244.08389484882,0,0,32.8040342926979,4.04194164276123
