0,0.00600810798941265,0.0683015294366325,0.0147802025724659,0.000373244361779487,0.0134986529316001,0.820478126989404,0.0626910345587863,0.110377687183127,0.138595478075347,0.000509744663960338,0.0292576421376991,0.00148308020041729,1.09462068214364,0.00438997804704382,0.00875784643656247,0.0858896412784559,0.00156563445385762,0.00824977810285409,0.0519814133130473,0.0466196734905612,0.0234358624767427,0.0711441044373057,0.0799469430458016,0.00129401934339094,0.0848267202586939,0.0883307089034592,0.0664389324283166,0.763023259111373,0.735957254963562,0.00014166168624804,0.00419518739718282,0.00180258281444622,0.0310867516905548,0.0042970151493384,0.109240116542932,0.0155824121445409,0.0417242901356395,0.00627558009999981,0.0185604019965293,0.00589911686306305,0.00835496165891044,0.0296429418904155,0.00468012889164789,0.00882716182571264,0.00283217032597213,0.0323181752171895,0.00280498041004846,0.000130265316524586,0.0252316213981962,0.000583855306422013,0.0100517976296384,0.00340813737843708,0,0.0024352527397652,0.0363807483471591,0.0166716066513093,0.0139762733189899,0.00211280480815594,8.00371791188865e-05,0.00496558373336182,0.0158540531547868,0.0265696847818475,0.00222928774698644,0.0194525539476989,0.00181702203193261,3.68260117037296e-05,0.000650141253222636,0.0025966848275836,0.0533052095455306,0.00843019759783415,0.018812255077443,0.0962967551846217,0,0.00632325268405871,0.0276923934841695,0.0204910216939677,0.0256162592239668,0.224740681484558,0,0.000143823635946792,0.000231561098983843,0.00706907622410142,0.00271888271370125
0.00600810798941265,0,0.0449229266383877,0.000859958935781244,0.00054770262107535,0.000186604930403152,0.00487526153516417,0.00359387140117594,0.111588110232777,0.000683788224048362,0.0103284166119795,0.00214127503442707,0.0438813326467271,0.00982951303145462,0.00060887985197475,0.146159397451555,0.12967100442136,0.00034784795605737,0.00698011173002034,0.000648913656310582,0.0629103858527679,0.254204755838114,0.121348587139438,0.117905777111949,0.0597646063659503,0.0652031610179683,2.46608728283149,0.00574548685599028,0.0176877047831138,0.0489418980091266,0.00216015492100624,0.000182402882195747,0.00101313838741908,0.061302820021244,0.00572120946276585,0.165290386131218,0.0471341779562016,0.0660992095363241,0.034625669435759,0.00230527588295186,0.000666484557180378,0.00106685969601676,0.023934520196101,0.00996949274008781,0.00439554406635612,0.00380410405738838,0.000291849730355305,0,0.00145327040892898,0.000310603176554736,0.0860656324204606,0.0151993050257165,6.25612393908769e-05,0,0.000103930843092218,0.000562367039887023,0.000473487590110674,9.49328625316769e-05,3.43522460912049e-05,0.00141920438454099,0.000217206376910207,0.00600455015931136,0.00102267163102781,3.41529756679416e-05,0.00211672029796865,0.00617755321260146,0.000277059207855361,0.00236290035675677,6.88800753703535e-05,0.00210700080173045,0.0047760214323895,0.00874443884457543,0.00048122265227735,0.00189584881369791,0.0232119627271278,0.192436642606827,0.000305916646295258,0.000897310491749922,0.0014084233425319,0.00101901561716636,6.8304791306442e-05,0.000481375317810482,0.00362894142538653,0.00306232058866166
0.0683015294366325,0.0449229266383877,0,0.00877096770640472,0.00229292722525481,0.00175791378710429,0.271008172871795,0.073965121150935,0.0108053007315124,0.0212205702557867,0.00145396695850959,0.000689535855872351,0.00641452855094791,0.182741525473803,0.00203423735804555,0.0673875096148548,0.592504044020361,0.00025421022112726,0.00344738670013133,0.000368471460254768,0.188988450161563,0.255361181506306,3.4551806360641,0.184209430949969,0.00721381529869634,2.38272302413547,6.17330658155691,0.0486384196258842,0.210695190244355,0.628197674996198,6.87364580668628e-05,0.000243859875414923,0.00141143081505556,0.0601531681610659,0.00545518792372536,0.0933920403662777,0.0231291820133059,0.112191969570699,0.0277607557422027,0.00393773046302104,0.0022169218388028,0.00148135791602343,0.0165137523404399,0.0132326043101163,0.00628798407978384,0.00121691476396865,0.00136688618248048,0.000174199521802372,9.05760126393646e-05,0.000225796573170113,0.000868863358552689,0.0270526920092704,3.90344785830706e-05,0,4.51882055916547e-05,0.00163603031706396,0.000135960082128802,0.000506791760919189,3.12914207012713e-05,0,0.00027022196886535,0.00275226367845877,0.00231406811390032,0,0.0468304448927395,0.00298489472635362,0,0.000280845645807415,4.49859304092049e-05,0.0310593698463454,0.00999016076678106,0.0694749611562371,0.00301075458647219,5.5588186417371e-05,0.0158459147645301,0.126905454798391,0.00116213266220453,0.00129377473279258,0.0109680950815143,0.000256310225253857,0,0.000344907468160582,0.00193248019509614,0.000963574712047912
0.0147802025724659,0.000859958935781244,0.00877096770640472,0,0.000915179780485373,0.0166568100400695,0.569010814921723,0.0535486096616672,0.623437323773415,1.36485602752068,0.000177277552409455,0.66181806893629,0.000806472861348844,0.0763435329319025,0.0367590285509415,0.00335218030548678,0.000568918192982134,0.000166990383032217,0.000674212565802184,2.65685074974778,0.00305804689590424,0.00935000542611914,0.0156541910174816,0.961212410308789,0.00021824071857605,0.0018363685672332,0.0131054720831571,1.61882547766354,0.0497382207118926,0.00669446478177228,0,0.00126741401440144,0.00356974838240606,0.0240699499580387,0.0150230018301335,0.192072341540123,0.00221284636395412,0.0376678743726246,0.0193755312776725,0.0431328224926455,0.0110382924665126,0.0102844768583659,0.0194844819868987,0.000133680298902893,0.00446567576539466,0.00150879771926476,0.0536531373483949,0.00165045429006589,0.000160171698854584,0.011848476740202,0,0.000340322004758826,0.0971687513597086,0,0.0078220434022763,0.0850591961370897,0.0137514335465909,0.0607304860168869,0.00986904209566328,0,0.0518738270219617,0.00406862959699754,0.0229402922606221,0.00899823825966682,0.000781413022607696,0,0,0,0.0555552537474057,0.00202841756673164,0.00083050856102455,0.00112302525172169,0.192017916778355,0,0,0.000671489419323879,0.0313723814901725,0.00810366226853703,0.0197224373747039,0,0,0.000194632215303406,0.00540905734699717,0.00076599807889432
0.000373244361779487,0.00054770262107535,0.00229292722525481,0.000915179780485373,0,0.548330306246646,0.00427590448087451,0.124026197575908,0.00101262410392773,0.00352891876392153,0,0.00214561066143929,0,0.0164898331473308,0.162332501677497,0.0267108580617488,0.000113338362144255,0,0,0.00112207319009531,0.0291832651807711,0.00515986264330823,0.0806769729377878,0.00275651124508971,0.000101923146186393,4.58753108350098e-05,0.0431741175036244,0.00692233358343722,0.0207569522244545,0.00194929984392383,0,0.0579563313436233,0.000676141782472306,0.00557022467931568,0.228859214419206,0.0104927734763691,0.00571360676844642,0.0290337425040872,0.00800067345140187,1.45439623987317,0.167739567559512,0.00021077721930154,0.00207784702669648,0.00137741446539172,0.0021302100115521,0.0203476495075273,0.000446231982568556,0.000917828897279954,0.000244275106538701,5.02084055878401e-05,7.43176765941739e-05,0.000883902359358919,0,0,0.000166040191599637,0.000177049660381737,8.04887050174713e-05,0.000310652398584461,0,0,0.00113645679407269,0.000230294663720232,3.22076685406685e-05,0.000199933829953986,0.00171398793120913,0.00051948660252421,9.45707720736623e-05,0.000683615869137471,0,0.00111175516959362,0.000565770455923,0.00423461078270938,0.000679720665693283,0,0.000804436101461509,0.00596684073143075,0.000279907408336759,0.000595011561368516,0.00112695496179774,0,0,0,0.000759587374241787,0.179159335082453
0.0134986529316001,0.000186604930403152,0.00175791378710429,0.0166568100400695,0.548330306246646,0,0.0750383011060892,3.33009278070371,0.118203780597606,2.10874313865071,0.00291641705670837,1.30557661061822,0.00257726482280863,0.6277818963555,0.577042655404717,0.000315684631764093,0.0013526709270684,0.00897708036668733,0.0101819971102482,0.0254444768385348,0.00211792285805016,0.00169610025459237,0.0037477038843143,0.0241260413567396,0.00117944165389058,0.0220202090470065,0.0337097782205348,0.0326366299030614,0.146176629343724,0.00760038399347174,0.00155455832299342,0.374366675955796,0.000409723626536566,0.0415236147469626,0.505352891701416,0.253861553067169,0.00475994046201652,0.194186846965586,0.0126714489605912,0.545282066664037,0.231873563925599,0.0371717919497484,0.0240684860970816,0.000712328838642507,0.00521451562530753,0.00186728378472804,0.0287745885090986,0.00206585461121145,0.000231798721112165,0.00952402552531907,8.5827205774939e-05,0.00019325784071497,0.0148722545245153,0.000172094232468468,0.0121677874881907,0.0237594254512854,0.00529691877218112,0.00984963020543569,0.00192871713598134,0,0.0185381225276701,0.0121967463584733,0.00950028910192177,0.00363815063316159,0.00092537267907981,0.000210567757595235,0,0.00045934052462436,0.00865230654209654,0.00298130916306066,0.000452636015637133,0.00115590153293882,0.0521426783566262,0,0.00148714881128688,0.00107577573322932,0.00794927281282389,0.00754277942407444,0.0357793323778344,0.000202542249520564,0,9.83104976206603e-05,0.00325571766969099,0.123905439801267
0.820478126989404,0.00487526153516417,0.271008172871795,0.569010814921723,0.00427590448087451,0.0750383011060892,0,1.02183039407314,0.293711078857885,2.37412607348249,0.00141911976746662,0.0226332357071525,0.00265320425451356,2.93469647495617,0.0257757945702807,0.082341458182881,0.00849418001475741,0.00456130083164054,0.0101524553760997,0.0150137379425316,1.13017519462236,0.0413633499826241,1.1153633290661,1.47673310022712,0.00152550195930975,0.0312761170298454,0.319927720556898,5.45222335110776,0.300798451131407,1.43022969293096,0.000447691636296955,0.00516557381908503,0.0146670073975654,0.105726991616633,0.0513130494572442,0.547672738883878,0.014875762793066,0.201057854389994,0.0622889272696472,0.0927236747195023,0.0345927555469533,0.0254977770875681,0.0649165272722855,0.00294894910343286,0.0174503127140934,0.00387834899447792,0.0500542956482941,0.00759374199309535,0.0001232488162045,0.0495912601922352,0.000280064043434051,0.00728997516145916,0.0263909645107248,0.000259632549573218,0.00967280055595482,0.128185642626939,0.0354883169972399,0.0367542465813817,0.00683040042689063,0.000407359744005516,0.0113787094182665,0.0171082470124948,0.052086703190046,0.0060748433344481,0.0105960466280377,0.000915680616123226,4.04646647343248e-05,0.000324241430493457,0.0120771749798935,0.0258506277865933,0.0056207539179242,0.0173692232694391,0.24366218108688,0,0.00146733422674152,0.0125878297407077,0.0314831919953802,0.0464070990093531,0.236693863933567,0,0.000451205979440904,0.000864588635915468,0.0155693323514097,0.00604594110472508
0.0626910345587863,0.00359387140117594,0.073965121150935,0.0535486096616672,0.124026197575908,3.33009278070371,1.02183039407314,0,0.211315960944164,1.05217272775494,0.0246936212520489,0.545538099795039,0.0174459975715035,2.09155894076749,0.397372828556905,0.00336193970673774,0.0257792090829885,0.046933658628266,0.0440482269057587,0.0792102161510674,0.0482468738247917,0.0150577587199577,0.106568565794694,0.149790480862817,0.00719929026449537,0.111787767537177,0.163570167642269,0.191763265245246,0.305002985454494,0.16346075119537,0.00958165340564946,1.28466551925543,0.00283818343760707,0.114565811741058,0.0369098689673131,0.360039852474217,0.0201466436264627,0.410224268118469,0.0173048692441578,0.652029852961428,0.286076292134406,0.0907989807749939,0.0687063528554867,0.00369563748786403,0.0193629828402709,0.00575328657706627,0.0737053314343485,0.00774801782816875,0.00043386788516258,0.0615995801477356,0.000896368601601195,0.00569207825737784,0.0422990292827943,0.000614542674329233,0.0179111666668841,0.184901345673972,0.0449800541527506,0.031413501254655,0.0122662294312937,0.000273006155526978,0.0196545433186998,0.0264820979528774,0.0682254097363525,0.00868065272726833,0.00697248297747859,0.000799236164806112,0.000402485280488557,0.000726528971231743,0.0260806642475653,0.0156487614742184,0.00377838575764305,0.0107426807663384,0.299802854066936,0.000382069970453098,0.007895728001291,0.0180007041674103,0.0448613662639106,0.0449111476173917,0.217751151382138,0.000661134402371037,0.000173287891446018,0.00124803429377081,0.0192833613619463,0.00506970045843995
0.110377687183127,0.111588110232777,0.0108053007315124,0.623437323773415,0.00101262410392773,0.118203780597606,0.293711078857885,0.211315960944164,0,0.183799526019319,0.00293891124701724,0.661015181386423,0.0210317691717923,0.219131481431575,0.176526313062595,0.0200622669695996,0.00899246755740365,0.0010528088592166,0.0019332553692088,0.32092946185877,0.0162982321229091,0.874961400189852,0.0202968326183989,3.14938169827877,0.0209554098264058,0.00831292638504634,0.107207850145641,0.615377014227008,0.228939126332121,0.290882442974688,0.00091742054428196,0.00482771225091751,0.0055107617710471,0.0263044426694179,0.0204280206760983,0.276609985554559,0.00558579348254371,0.0592782720071592,0.0182474288571916,0.278519310427445,0.0231809977981274,0.0149221321943921,0.0470025050656118,0.0047082842293419,0.0204891192852951,0.00693485051613673,0.0399097337349666,0.00464893500395856,0.000626542177311206,0.0251829039699609,0.000179157979938888,0.00714143811369259,0.090762370302419,0.000133904835333252,0.0134660194049343,0.14130973910302,0.0308860033473434,0.198721406227023,0.0121427312653463,0.00157308816078604,0.0266463214591508,0.00865481402495504,0.0361467853152638,0.00850144096440348,0.0554191169390356,0.00162193614326148,0.0020301977705467,0.00474568208180264,0.0541375400233313,0.0782016103919531,0.0394111298664385,0.0364121642121407,0.407776873262834,0.000537865260187256,0.0099844045479099,0.0139555653250385,0.0759112372006894,0.0276695549207303,0.2047470915682,0.00087354774417237,0.00191316800232569,0.000720917993705258,0.0136877551648961,0.00945220584197668
0.138595478075347,0.000683788224048362,0.0212205702557867,1.36485602752068,0.00352891876392153,2.10874313865071,2.37412607348249,1.05217272775494,0.183799526019319,0,0.00237121056434969,1.14381822155314,0.00328491117431866,0.515944263108067,0.0439098769422927,0.00613733083840663,0.00344551297247925,0.00761949065165995,0.0164327115321419,1.18748888925162,0.0184298789525856,0.00824851950061855,0.0528213525682486,0.247889843165917,0.00176986031069288,0.0308530733086644,0.0802306411417593,1.57653127712638,0.241134924683413,0.0235968605169109,0.00180082159833257,0.0117310597315189,0.0038915011677874,0.163644642887643,0.164171809102927,0.704724428464121,0.0100750717077405,0.430560663215583,0.071728516787036,0.152025493867206,0.0718485227635726,0.04881160984851,0.0600628193670713,0.00176732813618333,0.00990915776978418,0.0030603744497084,0.0322800407516924,0.0010418526895433,0.000281498733894744,0.0145245189894574,0.00031997558632547,0.000599198322651359,0.0382803613333171,0.000304305554967332,0.00487170531637207,0.057660221763057,0.00727136495343164,0.0264734222115196,0.0184986617241207,0,0.0261751705446367,0.017101192296278,0.0151064728322064,0.00558542233536803,0.0013483135763829,3.56281568148106e-05,0,0,0.0204484927540136,0.00391907323701974,0.00150583165130412,0.00218762307989406,0.112566696379371,0,0.000543348634475219,0.00174550425898432,0.0159542142813269,0.00726034139736518,0.0353840484016733,0,0.000268468476850176,0.000422041993318502,0.00502380504231419,0.0100127839070943
0.000509744663960338,0.0103284166119795,0.00145396695850959,0.000177277552409455,0,0.00291641705670837,0.00141911976746662,0.0246936212520489,0.00293891124701724,0.00237121056434969,0,0.00217211934017098,2.29128145920958,0.093955372553489,0.000352695407864392,0.00629109874751588,0.0613929880345529,2.26632768427464,0.314019116885356,0.000487630555883184,0.00526169581930877,0.00894079113172874,0.00519535769381802,0.00369687179880014,0.33552547836593,1.05240523573502,0.317046374327933,0.000477552121071845,0.0544016637598647,0.00303384722182302,0.88729751566273,0.0168608814375699,0.000314799201097068,0.536860649708175,0.0013389512164282,0.0111073120198619,0.0215277990425056,0.0647871100532853,0.0131590168324444,0.00118221304910562,0.000345634054015696,0.132062588701616,0.00196742084207196,0.126887114311356,0.00189432801510061,0.000776560848632046,0.000296835423719627,8.40442518413008e-05,0.0357098385280575,0,0.0102173345636851,7.77360626686215e-05,0,0,5.62589097815454e-05,0,0.0010431366355928,0.00119785865477067,0,0.0486631863761138,0.000219255133199566,0.179397146374796,0.00151294062011736,0,0.000113475539869678,0,0.0166193908402376,0.00316265624304591,0,6.14298004314721e-05,0.00129227709234399,0.000103697399899223,0,0.0203021698402946,0.106904809710294,0.0622337769603918,0.000120125632158757,0.000441569719559118,8.67692006092489e-05,0.0705434585789896,0.00104418549743203,0,0.00291995781174215,8.55782747742355e-05
0.0292576421376991,0.00214127503442707,0.000689535855872351,0.66181806893629,0.00214561066143929,1.30557661061822,0.0226332357071525,0.545538099795039,0.661015181386423,1.14381822155314,0.00217211934017098,0,0.00340309808605389,0.172882503817137,0.280235471690787,0.000303010792350638,0.000596458030372048,0.00598524539355866,0.00981891201469736,1.31053899840539,0.00120498447230421,0.00873446231127714,0.00179377357350509,0.148252668682395,0.000958334867550399,0.0178679026615425,0.0287918444563164,0.0392350831279007,0.0914907326237903,0.00363410209646001,0.00122611404075996,0.0114512774479187,0.0015806127653187,0.050238242928613,0.195947874509374,0.404104114113273,0.00624895490621346,0.220304031217576,0.027454967431945,0.299634285710002,0.0539211060590977,0.0372202356845982,0.0510562616478695,0.000859081000036144,0.00761898202119012,0.00209905740393483,0.13330196710468,0.00333775902318728,0,0.0224965961193879,0,0.000499653050082811,0.105777138535001,0.000757944631086159,0.0125235036381839,0.0945704285832861,0.0185352105283987,0.0355207917300221,0.00985153870567759,0.000119851050360704,0.0890733053632584,0.0200783625252209,0.0318650506961786,0.0235896801341389,0.000373942761748523,3.11804964226394e-05,0.000392835807588503,0.000718261396135452,0.0742800323882413,0.00311574221355592,0.000782785461927504,0.00078958618545418,0.182108411237402,0,0.000937949489103865,0.00054433916946829,0.0438260590263421,0.0128234417558683,0.0255063289010002,0,0.000429330364928823,0.000624985757322037,0.00861300819642638,0.122708572966009
0.00148308020041729,0.0438813326467271,0.00641452855094791,0.000806472861348844,0,0.00257726482280863,0.00265320425451356,0.0174459975715035,0.0210317691717923,0.00328491117431866,2.29128145920958,0.00340309808605389,0,0.0520582845483035,0.00038623297093778,0.0418695313275634,0.00557902878217519,0.104127339214534,0.00132238360521664,0.00078509284819543,0.022217427731856,0.0393107842075077,0.0282705060903073,0.0214556212722215,1.18465592656046,0.310422323669928,0.302750782978233,0.00126938916257875,0.0334899517388834,0.012382997106424,0.458644197704328,0.0124659314364373,0.000237600481041613,0.333568812289786,0.00100404523351625,0.0171349332832459,0.0621172012701341,0.2049772133649,0.00484885210685387,0.0016602985177624,0.000968451207031063,0.445897619609572,0.00261501007579358,0.225128846826881,0.00739185091054018,0.00152729163292612,0.00151298074581867,0.000423701426751381,0.0738713355348858,0,0.0573831711210287,0.000338027449548253,0.000145892517332286,0.000117021348104882,0.000969484286811227,0.000249303174929705,0.00577880725023493,0.0085445664735471,0,0.187266617084222,0.000618096563159764,0.708631667055318,0.00683837667049547,0,0.000204386894385749,0.000133142050900894,0.0647954265391839,0.00832473918836312,5.000189205392e-05,0.000738362762593382,0.00603193370678348,0.000223483222653255,0.00118915464830523,0.0919049102144888,0.351835184594682,0.250179887517127,0.000245439549750375,0.00218860894081728,0.000445013380128681,0.208390558279599,0.00757514983908701,0,0.0109914140895372,4.63860435045331e-05
1.09462068214364,0.00982951303145462,0.182741525473803,0.0763435329319025,0.0164898331473308,0.6277818963555,2.93469647495617,2.09155894076749,0.219131481431575,0.515944263108067,0.093955372553489,0.172882503817137,0.0520582845483035,0,0.182574003132392,0.0106559693493421,0.15676796827238,0.175271916943852,0.182033637592845,0.0848805098901964,0.0960010243720587,0.0456019585493323,0.180523355024579,0.188273484219504,0.0239090483403663,0.434268632792529,0.584197250954293,0.198837286872909,3.16391821244232,1.15129891917233,0.0298284853401225,0.862008375789126,0.0195580179875568,0.333691063639114,0.0509316946704056,0.982854534273204,0.0694200845714897,0.759106184381562,0.0383544215229861,0.470704359692438,0.488740470009662,0.127008061979988,0.0821695383339603,0.0113171559841607,0.0172444819565263,0.00665944413237578,0.0636010243053067,0.00695058512718266,0.00105941959538488,0.0364480922167607,0.0032094721142398,0.0139003588873341,0.0108636785539005,0.000149977478958321,0.00518261207404622,0.0662150643121388,0.0158523499684385,0.0248166432655217,0.00289633969720119,0.00112840909265427,0.0176610831344906,0.0558654838443455,0.0373446830262453,0.00364967792211017,0.0264259716882185,0.00290477495030918,0.0017486882370608,0.00323238893722614,0.00750107065888725,0.0776141904593548,0.0151788112552507,0.0301934628199941,0.154769238603506,0.00200601468205716,0.0391034925032038,0.0801748705562736,0.0345072655334434,0.0354064519031439,0.321305725250928,0.00182652231938785,9.53692118499636e-05,0.0014894427129199,0.01093491197251,0.00637110018075194
0.00438997804704382,0.00060887985197475,0.00203423735804555,0.0367590285509415,0.162332501677497,0.577042655404717,0.0257757945702807,0.397372828556905,0.176526313062595,0.0439098769422927,0.000352695407864392,0.280235471690787,0.00038623297093778,0.182574003132392,0,0.0348116075953861,0.00144840722033232,0.00103639744738396,0.00111981723274239,0.0225219817764469,0.0495810544003379,0.00547860816270773,0.0544440091152572,0.0904735084683832,0.000276311257653149,0.00337444041883046,0.0284134793030121,0.0481511009566483,0.0373843232467384,0.00783553016910204,0.000569279055506545,0.0140930545721232,0.00290931067391198,0.00951003606539368,0.413172546719227,0.0460037535415699,0.0122898082208367,0.0495653134798636,0.0124440892166265,2.73814954008277,0.0712935373050761,0.00612513963348616,0.012836567460701,0.00449207601249633,0.0104853624783296,0.0335511877097126,0.0533110775374824,0.00335044829382164,0.000151450750300622,0.00610848105616104,0.000349702039601129,0.00142638065769655,0.021658031680152,9.67346626997231e-05,0.00341763098582035,0.0202330249415202,0.00687426522845576,0.0100128220465989,0.00420986768010443,0.000180907242090612,0.0330390339730011,0.00594149875372415,0.0101961501258368,0.00877478566179082,0.00491135864944193,0.00278206181306587,0.000978989876449821,0.00155717241821623,0.0195845977223357,0.0188685914941672,0.00143535112292461,0.0198797766834295,0.0412639744280215,0,0.00318716228090252,0.010827279848944,0.0276139868197983,0.0168899815315342,0.0191886594612763,0,0.000261862018644124,0.0036463888934651,0.00764942246409877,0.118392486007465
0.00875784643656247,0.146159397451555,0.0673875096148548,0.00335218030548678,0.0267108580617488,0.000315684631764093,0.082341458182881,0.00336193970673774,0.0200622669695996,0.00613733083840663,0.00629109874751588,0.000303010792350638,0.0418695313275634,0.0106559693493421,0.0348116075953861,0,0.0151436172691623,0.000188300828371245,0.00262837081390857,0.000229102255311006,1.05719202565564,1.3274346162427,3.02231046673147,1.77184436015805,0.0505867369446768,0.00753674695975321,1.47385381258074,0.770939513646888,0.0360667745904749,0.0909532495225703,0.00204138876130162,0.00018678796324358,0.00529674759993439,0.0410913853241641,0.146409895004115,0.720607254055484,0.0570917764843699,0.170367286646246,0.163639044704393,0.041212886468306,0.0118216973388922,0.0112868627122067,0.0433656288917223,0.00944013187359261,0.00547940011763652,0.00462647747058003,0.0115651641927612,0.000276342530349279,0.00112319447172375,0.00255387855571284,0.000562417608682635,0.0472116013909358,0.000164688757300735,0,0.000706863258074435,0.00490602409136989,0.00297110449724075,0.00306766859317252,7.15778426679581e-05,0.00128018321389363,0.00529195261258085,0.0175805870477248,0.00852757388696447,0.000285469885315245,0.297054037053806,0.000854565633535373,0.000696798189065731,0.000751856024169323,0.000474219679032285,0.241218143166881,0.0359669052283152,0.360426308204759,0.0197272652163547,0.000722388475318221,0.00967607177248928,0.13151373741373,0.0144214097273141,0.0113550231647279,0.0825153729768718,0.00203375771699439,3.82865000874579e-05,0.000559035607921877,0.00245663992812511,0.0179893973434717
0.0858896412784559,0.12967100442136,0.592504044020361,0.000568918192982134,0.000113338362144255,0.0013526709270684,0.00849418001475741,0.0257792090829885,0.00899246755740365,0.00344551297247925,0.0613929880345529,0.000596458030372048,0.00557902878217519,0.15676796827238,0.00144840722033232,0.0151436172691623,0,0.0890411302094942,1.07127382158183,0.000618254358286497,0.150443504036597,0.0349102268560626,1.12820980325745,0.0113564201712078,0.00793563520397471,2.01016925097536,2.81939834273465,0.0091386229798474,0.507423447388524,0.609778464735356,0.000512044362911212,0.00163926099056946,0.0981059520257588,0.511515722581443,0.0174457662842676,0.586428285719764,0.330972299794479,0.168531197880943,0.16895895151405,0.00434612587565291,0.00208129398344726,0.00363018793360781,0.0995714542689316,0.126185899137603,0.0199638699026599,0.01732450719583,0.00246509992098294,0.000614834820670629,0,0.000762028271410367,0.058583716619015,0.0673997214145418,0,0,0.000820924774084264,0.00168928525704489,0.00132309947919014,0.00119877592683119,0,0.000221263568563157,0.000226812430757082,0.00437618236296324,0.00351297933977509,0,0.0310828979227964,0.0690658665797144,0.00125941632156929,0.0565616944247418,3.78162750801504e-05,0.0336252418106417,0.00629206818411982,0.0544919914922516,0.00357321094862617,0.000312078697222418,0.588969761676411,1.0168183597364,0.00379006624969937,0.00414832581234093,0.0208526019483994,0.000355917118020448,0,0.000162044518288487,0.0330867247355701,0.00460089423504307
0.00156563445385762,0.00034784795605737,0.00025421022112726,0.000166990383032217,0,0.00897708036668733,0.00456130083164054,0.046933658628266,0.0010528088592166,0.00761949065165995,2.26632768427464,0.00598524539355866,0.104127339214534,0.175271916943852,0.00103639744738396,0.000188300828371245,0.0890411302094942,0,0.0783810977863011,0.000794208110561809,0.00117334079593111,0.000116558009711379,0.00222954932796673,0.00102263790246448,0.0631520160667168,0.949919318801523,0.186430047276,0.00053778947065399,0.0976347612543305,0.00269940425758915,0.110801970537233,0.0289505399130216,0.00185849854507898,0.498906693214989,0.00320989220051119,0.0232762454643561,0.0713163283440896,0.204009193120124,0.0190513691168006,0.00298898439600158,0.000301226044615376,0.0370999464430188,0.00434415755184392,0.0442162726552831,0.00545840269916883,0.0022574251240295,0.000341339002569854,0.000137881472844208,0.00621059473293912,0,0.0077376827071355,0.000114329533738849,0,0,0.000621591129216411,0,0.00364821222774065,0.00149562559061954,0,0.0197407001935245,0.00016908181142897,0.0933776237099492,0.00300430432198637,2.65043356946289e-05,0.00054441195707171,0.000207272181857181,0.0229154543213663,0.0147680247588121,0,0.000244396074974689,0.00136762653590451,0.000436386348690009,0.000278429892984307,0.0311150338534188,0.217438285630403,0.14213349553302,0,0.00141979098030663,0,0.0314159631738205,0.00243553096009463,0,0.0031592087204271,0.00046054095704211
0.00824977810285409,0.00698011173002034,0.00344738670013133,0.000674212565802184,0,0.0101819971102482,0.0101524553760997,0.0440482269057587,0.0019332553692088,0.0164327115321419,0.314019116885356,0.00981891201469736,0.00132238360521664,0.182033637592845,0.00111981723274239,0.00262837081390857,1.07127382158183,0.0783810977863011,0,0.00158774380015538,0.0109301249073087,0.00126855123936135,0.0212983695117665,0.00135495868337471,0.0253927684328287,1.66180512661929,0.64321183976166,0.00160573661787962,0.16892522940444,0.0176213420593403,0.00229016358243166,0.00967609293595318,0.0209734519029411,1.51760553311503,0.0109016652061827,0.161537958519309,0.207734253818249,0.307940047490091,0.11627638395709,0.00458406810702656,0.000961621072514048,0.00929062285130403,0.0200567485143238,0.0314506060836789,0.00625118867871065,0.00519665019296263,0.00129193371797074,0,0.00152656192913822,6.49908588098168e-05,0.0234513208253625,0.00157010438115638,0,0,0.000614843817972147,8.51928054789722e-05,0.00267893554658863,0.000280018901312751,0,0.00191902587938668,0.00067260635791527,0.0110689478176072,0.00271499842302183,7.84689268294185e-05,0.00307314193179116,0.00558871775549238,0.0107022937075737,0.0377428912725258,0,0.00256616114265987,0.000606610871169343,0.00445672464436485,0,0.0112214265775105,0.507431574039849,0.459355986846346,7.03836687505096e-05,0.00101389697028139,0.000993266868062879,0.00220410342293956,0.00045944972017619,0,0.0113547199726427,0.00234153970477767
0.0519814133130473,0.000648913656310582,0.000368471460254768,2.65685074974778,0.00112207319009531,0.0254444768385348,0.0150137379425316,0.0792102161510674,0.32092946185877,1.18748888925162,0.000487630555883184,1.31053899840539,0.00078509284819543,0.0848805098901964,0.0225219817764469,0.000229102255311006,0.000618254358286497,0.000794208110561809,0.00158774380015538,0,0.000610844200560897,0.00408991152258835,0.000791263633295479,0.169167922270432,0.000399879265861064,0.00391600218922403,0.00616403256584269,0.0891828198637691,0.0762398908342849,0.00213672328544195,9.58348476676282e-05,0.00297900490321355,0.00106517407704125,0.032075561892436,0.0196607727305561,0.221417072081752,0.00369764472358741,0.065268386075405,0.0178098020777029,0.0514752407503797,0.019768955664394,0.0142484736784564,0.0248407257143838,0.000175336342166647,0.00376290658225072,0.000860010330744165,0.0566385050753385,0.000971548247974278,0.000164374858992648,0.0106617435118882,0,0.000205422271590069,0.0814724965387119,0.000304024612812733,0.00854137943695397,0.0600896992707856,0.0124311823216396,0.026602094029553,0.00950692463584141,0,0.0678716396743845,0.00491921089155819,0.021964545936834,0.0102321420339322,0.000157988481006298,0,0,3.34249015799344e-05,0.0536335000531296,0.000608410291862365,0.000467129545136088,0.000404344120153025,0.13638581929122,0,4.27673854204267e-05,0.000306447478596854,0.0299648003290148,0.00796303407232347,0.0110921301812353,0,0,0.000243207497491958,0.00371750984580565,0.00147876788150882
0.0466196734905612,0.0629103858527679,0.188988450161563,0.00305804689590424,0.0291832651807711,0.00211792285805016,1.13017519462236,0.0482468738247917,0.0162982321229091,0.0184298789525856,0.00526169581930877,0.00120498447230421,0.022217427731856,0.0960010243720587,0.0495810544003379,1.05719202565564,0.150443504036597,0.00117334079593111,0.0109301249073087,0.000610844200560897,0,0.432088750492898,5.16226147361902,0.369346461637492,0.0285606788396624,0.0450962879115985,0.404365587652203,1.77462272342379,0.279750769960261,2.8706511029126,0.00124557590279238,0.000714341155860716,0.100982829945807,0.552540286729711,0.173662954711326,0.955873547523106,0.490478417703889,1.45215241125052,0.392594306157627,0.0778828928518977,0.0514069151407889,0.0312913884750875,0.0714365423818091,0.0177934687867798,0.0105896299619656,0.00635373785317566,0.0127837594885518,0.00074392552250588,0.000465906568536419,0.00389886007909044,0.00143500201064964,0.0904117478303845,0.000292081009103122,0.00017182994946838,0.00127831679442704,0.00706581324660533,0.00439590669721809,0.00321788066403592,0.000119136245877767,0.000668197185036483,0.00917039964369324,0.032632339879353,0.013532821612935,0.000546847837820292,0.415265355101149,0.0029644561987533,0.000297624037197759,0.00147953784397701,0.000999662267400142,0.335803685040957,0.0340979632578933,0.585603239179997,0.0164965898463255,0.000740124932194644,0.0179204551471101,0.206980807161711,0.0123853989983099,0.017137609233502,0.0886165304276502,0.000254005323146537,0.000110427480462277,0.00171893744297226,0.00355752131277048,0.0220113422601171
0.0234358624767427,0.254204755838114,0.255361181506306,0.00935000542611914,0.00515986264330823,0.00169610025459237,0.0413633499826241,0.0150577587199577,0.874961400189852,0.00824851950061855,0.00894079113172874,0.00873446231127714,0.0393107842075077,0.0456019585493323,0.00547860816270773,1.3274346162427,0.0349102268560626,0.000116558009711379,0.00126855123936135,0.00408991152258835,0.432088750492898,0,0.436683986489117,2.25729074269367,0.0471419742113359,0.0222869166670692,1.22625544126983,0.0587113068369148,0.0646167273961584,0.52944881382457,0.00121966371119933,0.000427173329793826,0.00166813228711716,0.036206689691127,0.021296360968888,0.239230435430034,0.0363918134421823,0.0884280749673545,0.0493397185990318,0.0143561942019244,0.00441032681100012,0.00418222087102402,0.0202277595282762,0.00632696266475323,0.00382651147749505,0.00233492949769598,0.00190001749549752,0.000354643357595318,0.00053675691713109,0.00106504642853329,0.000319168316178716,0.0241530563458822,0.00103646073689266,0,9.82857295774226e-05,0.0025990736196249,0.00100215025186134,0.0023413302883408,0.000182321063338726,0.00108773148329597,0.000878909363467797,0.00563834011137723,0.00279394946940434,0.000191221856066823,0.203311443407006,0.00093983304871279,0,0.000404595874835148,0.000217736179332006,0.0561996986477643,0.0268431113292147,0.107664724727777,0.00984744848430833,0.000132398664424264,0.00733226727150019,0.122318433267726,0.00331001404166405,0.00295793350316091,0.0188431191659329,0.00166718147888844,4.42365598782629e-05,0.000422677655500152,0.000621835431416711,0.00367981843799215
0.0711441044373057,0.121348587139438,3.4551806360641,0.0156541910174816,0.0806769729377878,0.0037477038843143,1.1153633290661,0.106568565794694,0.0202968326183989,0.0528213525682486,0.00519535769381802,0.00179377357350509,0.0282705060903073,0.180523355024579,0.0544440091152572,3.02231046673147,1.12820980325745,0.00222954932796673,0.0212983695117665,0.000791263633295479,5.16226147361902,0.436683986489117,0,0.630000788048785,0.0383703892999497,0.951639760624434,6.0477528608458,0.663999177420992,0.269842769022764,1.96173063866549,0.00105470939769546,0.000639819710192519,0.0240638593734131,0.368757015023115,0.283562932006548,2.24198690282018,0.49497588256242,1.83440707262787,0.960655835997573,0.0733935944054072,0.037102474812066,0.0237092540902476,0.171458585859504,0.1239434648194,0.0480827436018615,0.0221892574552463,0.00537990218841587,0.00123480735514916,0.000553037036265713,0.00675467778488286,0.00466037028276707,0.33690936255035,0.000616562497786727,0.00012409713158809,0.00045335817923367,0.0167493462449944,0.00237600011088222,0.00216612067797593,0.00012101752220923,0.00120543862100107,0.00668986599783733,0.0158852986071994,0.0130832907527884,0.000532378156829042,0.265734625147689,0.0240289256866139,0.000341643702693275,0.00513320314377316,0.000672129152925935,0.102271774191517,0.0404070521126256,0.554618691338705,0.00996683358762396,0.000445326944574636,0.111669030547969,1.12428333734237,0.00571768972124099,0.0132806294412689,0.0516430374472418,0.000967761626115125,0,0.00163739031294601,0.0150393543096411,0.0485963846066608
0.0799469430458016,0.117905777111949,0.184209430949969,0.961212410308789,0.00275651124508971,0.0241260413567396,1.47673310022712,0.149790480862817,3.14938169827877,0.247889843165917,0.00369687179880014,0.148252668682395,0.0214556212722215,0.188273484219504,0.0904735084683832,1.77184436015805,0.0113564201712078,0.00102263790246448,0.00135495868337471,0.169167922270432,0.369346461637492,2.25729074269367,0.630000788048785,0,0.0237093867693222,0.00681554688083996,0.785170209766644,4.07784557255695,0.209599388761612,0.752268915643868,0.00100399329249069,0.00264287621531858,0.00897909944885771,0.0622030973363884,0.0537153043164134,0.531414089427026,0.0138360008359018,0.156782102051285,0.0565930228701876,0.0861845815847123,0.0207626221795754,0.0227354212038998,0.0915105251196775,0.00398032333191474,0.0316175803309845,0.00938574926899197,0.112702535360085,0.0135155363198016,0.000888279843628582,0.0886214753389063,0.000332439434946022,0.012904601076735,0.0945174588662513,0.000333641290521842,0.0262935421670111,0.245715904557231,0.0659737200836433,0.147492803008603,0.0156944606897549,0.00129156747970014,0.062647932694438,0.0362325863411548,0.111311164014619,0.0123727361904935,0.10541698774241,0.00221568528702933,0,0.00093930123180084,0.0501444265406609,0.205132572211947,0.0695752863760151,0.0757597525152836,0.607894626736341,4.09962213469863e-05,0.00363651189069287,0.0198770361365096,0.114859046648422,0.0830021392825279,0.613049036389645,0.00027329904881416,0.000681598809945256,0.00139298816620746,0.0284374890265164,0.00871095872842343
0.00129401934339094,0.0597646063659503,0.00721381529869634,0.00021824071857605,0.000101923146186393,0.00117944165389058,0.00152550195930975,0.00719929026449537,0.0209554098264058,0.00176986031069288,0.33552547836593,0.000958334867550399,1.18465592656046,0.0239090483403663,0.000276311257653149,0.0505867369446768,0.00793563520397471,0.0631520160667168,0.0253927684328287,0.000399879265861064,0.0285606788396624,0.0471419742113359,0.0383703892999497,0.0237093867693222,0,0.226342694221195,1.80202536854547,0.00130161357515413,0.0132034730424827,0.0123626858651761,0.075157438891128,0.0026118047050766,9.06688857281566e-05,0.0784857143001613,0.00108613508190185,0.0123618719687148,0.0561335497372221,0.0721905717664058,0.00797179903409203,0.000327656721269834,0.000280205411412161,0.0192469070434809,0.00361905478588191,0.0414625318349448,0.00456270111449628,0.00190862635691406,0.000325019872493929,0.000133146753264141,0.0201386518101698,0,0.0952805229873655,0.000180326749211576,3.16800050999851e-05,0,0.000795839094979981,0.000211895343386433,0.00312168268754246,0.00353625236253336,5.0888539337188e-05,0.0375870983254852,0.000131791773802093,0.188919506963615,0.00289633059238475,0.000131491982583746,0.000326493166470951,0.000623404959738565,0.0178105007209952,0.00940741726369815,0,0,0.00308650061580522,0.00044246382781223,0.000547787806847089,0.0764213509520658,0.203565293523872,0.259558566234086,0.000161570128492552,0.00215587345322223,8.93093453698664e-05,0.0411722804808629,0.00268031373795687,4.27107590076596e-05,0.00558201263536769,0.000248207244188559
0.0848267202586939,0.0652031610179683,2.38272302413547,0.0018363685672332,4.58753108350098e-05,0.0220202090470065,0.0312761170298454,0.111787767537177,0.00831292638504634,0.0308530733086644,1.05240523573502,0.0178679026615425,0.310422323669928,0.434268632792529,0.00337444041883046,0.00753674695975321,2.01016925097536,0.949919318801523,1.66180512661929,0.00391600218922403,0.0450962879115985,0.0222869166670692,0.951639760624434,0.00681554688083996,0.226342694221195,0,7.77678071765644,0.0083839642085454,0.489775884470733,0.258878108697886,0.222042350353229,0.0246835392890505,0.0314264762320527,1.44300687716044,0.0233844257216383,0.487060593400577,0.525012719941659,0.699217136740069,0.285390990210576,0.0100795118760402,0.00180297452526574,0.0391300505708963,0.0893869484139396,0.151161965834891,0.0263789094890168,0.0222422572764597,0.00390159574398401,0.000696029989276421,0.00957552272078662,0.000643065152853337,0.11521397279856,0.0201803134979671,0,0,0.00312769442411811,0.000880518720410243,0.013036117153979,0.00354116118272716,0,0.0313573536397957,0.000965753050699198,0.127326649441131,0.0105711140275502,0.000809253027518189,0.0193681570242727,0.0476828066570731,0.048794936015383,0.138603879365057,9.70458448413134e-05,0.019734259664798,0.00614041318941604,0.0339632680959164,0.00226045028275812,0.0632592663199081,1.51554688754073,1.67191336503152,0.00170552646426511,0.00522646484808658,0.00889350430838714,0.0380524439264186,0.00447632453292473,0.000245914264920422,0.0399806914937995,0.00694681168721903
