0,0,221.586409837008,0,3.71752637624741,153.241300970316,6994.11669644713,1747.29927787185,0,23.5789192318916,19.4259322881699,24.3905213177204,0.698064267635345,10152.9148373902,4.50055170059204,0,770.271532654762,5.6286269724369,190.298890352249,9.19077014923096,180.283695399761,0,1210.41910964251,3.95043134689331,0,239.450884103775,1.37706911563873,287.371960908175,6366.04329773784,7068.13272950053,0,28.9121882617474,4.16437867283821,106.144682705402,6.34506559371948,25.3677839636803,14.444360345602,82.99378952384,22.3778356909752,2.1003942489624,4.19196063280106,0.892780959606171,0,0,0,0,0,0,0,0,0,0,0,0,0,0,0,0,0,0,1.03998124599457,0,0,0,0,0,0,0,0,0,0,1.10972547531128,1.09537971019745,0,0,0.820391535758972,3.7671993970871,0,0,0,0,0,0,0
0,0,115.817435353994,0,13.2066310048103,17.7912568747997,39.2929384708405,11.9882142543793,4772.39619749784,16.0108600854874,1771.84567224979,20.0537765622139,661.409716486931,2.94229072332382,129.918625473976,340.519552648067,3.19412970542908,2.61670970916748,9.28641870617867,5.66500440239906,84.5616495013237,7682.29041612148,114.368166208267,4105.57916116714,5505.65903890133,420.811263412237,13905.2893773317,240.707992196083,5.38806009292603,7.02184861898422,9.81102278828621,61.4836948215961,1.61374473571777,211.944816082716,12.0799201726913,163.113226145506,251.388714760542,382.382311910391,33.2386343479156,181.395168423653,17.9529855847359,1648.64520317316,140.448359757662,341.815273463726,92.0832836031914,86.2837238311768,13.524339556694,0,86.9061835408211,0,3288.52681559324,169.554539293051,7.77919226884842,0,2.57396233081818,8.58429086208344,0,125.114935874939,10.0006737709045,121.320059508085,5.59383815526962,419.767730474472,1.87769997119904,2.72444492578506,419.912088632584,55.3008397221565,6.84644764661789,22.9191167056561,8.30647480487823,14.008432418108,302.701482117176,99.0364543199539,252.083507835865,247.898384839296,641.918278366327,12420.7630753517,106.994674682617,4.31539246439934,12.9759625792503,27.9806377291679,0.624288558959961,0,33.1126491725445,13.3880970478058
221.586409837008,115.817435353994,0,1.31511187553406,19.6409479081631,242.367370277643,987.628297030926,2351.42436188459,3.03094643354416,132.1316408813,375.092586100101,77.553928732872,2.85415056347847,1616.95499184728,67.9420809447765,31.5043367743492,34603.5765494406,413.726496070623,5653.69897136092,40.185118407011,5157.24138909578,26.7385725975037,44857.5129869282,17.1607311367989,20.3513389229774,52486.5959537029,13249.7856040895,525.296292215586,605.566612631083,709.337291240692,2.09736341238022,149.488505363464,99.9691237807274,6314.36182227731,2109.62953013182,14017.0798769295,8479.90082487464,14078.4861933589,9071.70230966806,150.952764302492,77.6541632115841,42.4517485499382,246.437330961227,178.705144256353,169.546152412891,186.570679694414,4.77216619253159,0,2.44014143943787,2.01036590337753,110.184366226196,1147.16056975722,0,0,0,7.99789264798164,2.11160129308701,17.733929336071,0,0.493763476610184,0,8.50608882308006,3.7737957239151,13.7529672384262,184.834151834249,238.519614011049,1.54426556825638,74.4669709801674,0,23.4397114515305,43.0867234170437,404.111637532711,107.726822912693,25.4018952846527,1723.08252769709,8235.99872559309,71.1886941194534,0,30.6101300120354,2.17632696032524,0,0,82.5923232138157,494.233716309071
0,0,1.31511187553406,0,98.0990189611912,114.257656678557,57.9254566133022,95.2862158715725,2113.29172617197,7175.35885161161,38.9183536469936,1260.19885447621,6.90362733602524,48.1077228188515,1125.1130541563,1.35126852989197,1.42794770002365,8.82998234033585,1.98679301142693,16183.1337510049,2.94451290369034,0,4.11630576848984,5407.89395955205,0,5.34962365031242,0.570976555347443,3498.63487893343,52.0076059699059,6.19240733981133,1.25800979137421,44.6649054586887,0,29.4747308194637,31.835602581501,354.525759905577,14.2329450547695,133.096691250801,9.64587816596031,969.063641190529,45.2247973382473,36.8217585682869,158.279480695724,0,80.1049571037292,4.20587277412415,1838.59535929561,36.3380914926529,7.91384822130203,0.451815605163574,3.65090620517731,0,1247.37967285514,100.410632282495,115.210374325514,156.816298216581,69.0883860886097,361.119803905487,997.027049303055,4.9127699136734,748.797407537699,22.1214597821236,76.462406039238,344.680138081312,2.66132420301437,0,1.08277344703674,0.993361383676529,877.367315411568,5.04738265275955,17.806342124939,12.7203270792961,1159.85676118731,3.37547987699509,0.539632499217987,11.7419858574867,2422.49324512482,40.4596060812473,11.6071608662605,0,2.42473298311234,0,26.0807916522026,2.84983646869659
3.71752637624741,13.2066310048103,19.6409479081631,98.0990189611912,0,3667.22797633708,540.101018816233,184.921377450228,121.551790058613,477.217866778374,20.6594372987747,1785.82403033972,3.54738557338715,49.562766507268,4430.48490670323,21.1601996421814,31.341808617115,0.852854579687119,16.225996941328,195.181105673313,270.953380391002,12.9171372056007,430.748229652643,481.837061926723,4.12327063083649,14.9890735447407,80.7921075224876,452.949933379889,16.0041004121304,96.2374303936958,0.561539590358734,416.305166453123,3.68216305971146,387.098707139492,1086.36658576131,1888.85701742768,66.4133456945419,146.316830039024,64.870549172163,16985.3695819676,6796.53573763371,101.673188924789,26.2631425857544,3.94233536720276,5.95090663433075,14.1519403457642,149.947794020176,0.533647119998932,11.8747763633728,0,0,1.63255941867828,33.2618417143822,9.19278690218925,5.5354930460453,11.1519673466682,14.7831366658211,18.7691470384598,19.1818781793118,0,29.0971428453922,42.4337378740311,1.18315804004669,20.1635696291924,3.82379418611526,1.44396924972534,0,1.82820951938629,27.2117213308811,3.40946173667908,1.28664326667786,11.2858314216137,126.364262074232,0,1.03719210624695,4.0148069858551,112.367442965508,0,16.6201268732548,0,1.19434857368469,0,3.65044498443604,596.651552259922
153.241300970316,17.7912568747997,242.367370277643,114.257656678557,3667.22797633708,0,18125.4959704131,10429.2093450278,356.399959892035,20167.8781383187,724.716070577502,14366.2397381663,56.9548690617085,1937.75328966975,2496.76121233404,34.4099853932858,636.928687915206,145.836097404361,237.148193761706,802.048219576478,660.848680704832,24.016413807869,1067.07364816964,522.602017089725,7.59463512897491,359.146216154099,129.468353688717,8490.77763235569,662.109252244234,1264.49132344127,11.4301916360855,905.09480535984,42.1358152925968,370.073933437467,12235.6052502096,5656.17893151939,242.584865912795,1098.68491643667,189.861723870039,7259.90520958602,341.027704849839,438.527226030827,213.330741137266,2.31345534324646,51.3837449252605,15.9840461909771,350.187851756811,22.1014039814472,44.0695422589779,0,1.61905038356781,0.374410420656204,150.218457788229,9.16562679409981,42.0413825213909,155.526866018772,76.1195361018181,323.215294569731,284.665571659803,2.48145815730095,308.758596032858,154.661353290081,22.66333553195,57.1961548924446,4.51716986298561,0,1.35601842403412,0,227.227345377207,16.5669516026974,9.20756602287292,26.6617583334446,1465.00762224197,0.332226276397705,3.53429114818573,9.26869609951973,1675.42283451557,22.9626294374466,54.7579564154148,0,0,0,37.0564800798893,471.903757303953
6994.11669644713,39.2929384708405,987.628297030926,57.9254566133022,540.101018816233,18125.4959704131,0,25044.5161686093,319.033018559217,19390.2326553464,2192.70240783691,950.103077203035,168.193331092596,26693.7151788175,1502.69056159258,105.611442744732,736.507396131754,792.488506019115,734.618975460529,332.926615804434,2971.48379513621,77.8418574929237,3157.46383440495,2368.110250175,7.11469882726669,1369.4116179347,742.956492125988,78826.9457364678,11386.0842758417,15654.9882582426,33.5789849162102,1262.66827346385,1129.98728296161,2875.15947440267,2936.61673215032,9284.86103585362,519.722238242626,8923.51546120644,1305.85026571155,2738.55476480722,1526.17206078768,525.387282580137,218.915003448725,1.87663412094116,135.350222498178,14.0379320383072,225.541274487972,34.2009574174881,28.1612846553326,0,7.57989838719368,2.3897767663002,130.351864427328,4.32073995471001,39.7058382034302,156.135371208191,93.8421930074692,260.347457885742,305.680620640516,1.08079838752747,196.379437148571,95.7358934879303,88.1798897981644,40.6211408078671,85.7850783765316,1.72833472490311,0,0,218.690151721239,36.7740099430084,31.2332778871059,169.849950432777,1171.99699941278,0,1.09492647647858,126.369864046574,1847.18109387159,72.8258227109909,125.967046290636,0,1.95487916469574,0,70.7086298465729,128.409484565258
1747.29927787185,11.9882142543793,2351.42436188459,95.2862158715725,184.921377450228,10429.2093450278,25044.5161686093,0,339.379976779222,10422.191936627,724.160408198833,4896.48951710761,44.0122852623463,20562.2172155827,106.377249628305,19.0033299922943,8218.89023987949,211.102324962616,3510.9971845448,672.276877492666,1938.05794002116,28.2754206955433,10025.1466528475,459.061660885811,4.38592976331711,3313.35238076746,161.112267315388,7824.53184518218,3014.86136490107,16692.1053808033,9.23346349596977,308.151937305927,69.1426207721233,1167.88189558685,107.305212393403,2145.62307822704,245.431447580457,1663.94498240948,375.365244179964,381.485594898462,71.9831718355417,272.619679689407,328.785271465778,3.96575123071671,101.585606753826,13.6739937663078,310.08986055851,16.5031317770481,38.446113973856,0.369229525327682,0.52128791809082,0.384197950363159,55.1630952954292,5.93446508049965,26.8566148877144,225.568776279688,77.5583836436272,560.616352796555,142.150849342346,5.38768869638443,193.020244389772,122.514973700047,21.5741347074509,26.1436031758785,10.4664171338081,0,0,0,139.698249638081,15.8350295424461,13.6654858291149,52.4607882201672,2138.9352850318,1.47856932878494,0.696961343288422,7.54387882351875,2241.96781338751,45.8015648126602,53.7188617885113,0,0,0,41.6243762671947,6.61201843619347
0,4772.39619749784,3.03094643354416,2113.29172617197,121.551790058613,356.399959892035,319.033018559217,339.379976779222,0,1234.31358042359,804.35252559185,314.886941045523,301.175311952829,62.6963094174862,1555.45669335127,217.606659919024,3.12878227233887,42.1607332229614,16.649589240551,764.145774692297,162.107299268246,9831.46450307965,67.9522328972816,34244.7853370905,2717.71783745289,75.1875858604908,6562.23403662443,7434.06581658125,23.6010636985302,20.9686031341553,6.23315751552582,80.4883990883827,0.538082003593445,123.59586417675,31.6882402896881,521.083429008722,111.213407099247,366.549409359694,50.010105907917,358.615245640278,50.4165754020214,279.284291058779,472.6058588624,94.2586205601692,264.254736810923,35.1936286687851,239.837430804968,24.1243758797646,57.12672534585,2.52143430709839,160.87839537859,19.16840082407,935.481383651495,21.4517470598221,127.482023328543,338.607450842857,206.657737910748,5623.80128774047,658.96108058095,137.520912230015,363.974628984928,131.319042444229,190.144964993,70.5800698101521,105.336678206921,4.66456496715546,46.7795153856277,11.6194095611572,366.623293042183,66.7679449021816,609.146083295345,138.692425817251,5455.0271512568,88.7407715916634,116.849644988775,593.382980108261,4019.64746844769,136.85316118598,196.983957141638,11.5981645584106,9.03720706701279,0,94.9539337158203,40.5791111588478
23.5789192318916,16.0108600854874,132.1316408813,7175.35885161161,477.217866778374,20167.8781383187,19390.2326553464,10422.191936627,1234.31358042359,0,2165.73845383525,4981.57091218233,160.714510470629,2212.33558803797,748.812471389771,20.0860491394997,66.7683211863041,619.821399241686,305.224912673235,5899.24900379777,138.981304585934,10.3084287047386,239.139308303595,790.914997160435,8.38316890597343,528.428326070309,139.626844108105,19524.164684087,1896.0296998024,228.281893879175,30.5870878696442,1323.03840497136,19.4687279164791,778.748603105545,3944.77705314755,7726.29183420539,392.078684002161,3403.64927098155,235.164524942636,2253.31361728907,1029.37836423516,443.277788639069,210.077442348003,1.48987036943436,106.396262228489,6.61884450912476,1398.83160930872,23.3970763087273,25.7313464283943,0,4.19166868925095,0,963.593397349119,78.1785046458244,92.4008975923061,427.521501600742,197.953475415707,512.19278010726,1503.47639149427,2.52330654859543,1110.32932412624,70.3982633650303,37.6811366975307,347.924130231142,5.61745023727417,0,0,0,1354.7768702209,15.3028855323792,27.3122833073139,15.326928704977,2259.0226585269,1.50732070207596,0,5.02888756990433,4706.30737620592,28.6082191467285,31.0807830691338,0,3.98530507087708,0,60.058070063591,166.208397656679
19.4259322881699,1771.84567224979,375.092586100101,38.9183536469936,20.6594372987747,724.716070577502,2192.70240783691,724.160408198833,804.35252559185,2165.73845383525,0,2204.95855811238,5509.18864777684,517.773132383823,80.2087667882442,10.6764916181564,280.522825360298,5179.35155445337,2713.696919173,402.504223823547,222.521437346935,749.659923881292,561.358639866114,465.335804641247,1002.83711266518,4247.73077425361,1248.60079613328,1674.9725522995,1057.35148686171,327.50725466013,402.328869849443,3884.10817879438,35.9414834082127,12780.0190291703,292.958426892757,3372.54722735286,7714.109839499,11079.380022198,1184.35357871652,310.300588190556,175.857545852661,3763.30986380577,66.2870960533619,2269.78337997198,11.9188435077667,8.76585668325424,95.577833712101,2.67851120233536,662.291928291321,0,132.019006311893,3.33339619636536,7.08395904302597,0,0,5.37258613109589,2.2031632065773,319.561435908079,3.09757781028748,1283.48254489899,55.4880349934101,2610.52210593224,3.73474514484406,3.69998079538345,3.81798541545868,0,3.19802016019821,0.688490808010101,10.1843919754028,2.93338572978973,21.5747611522675,4.20645740628242,382.261762946844,247.436286985874,427.625642180443,1417.71535885334,142.029819309711,7.99971333146095,10.6560415029526,758.749162077904,0,0,5.00350946187973,49.7607676386833
24.3905213177204,20.0537765622139,77.553928732872,1260.19885447621,1785.82403033972,14366.2397381663,950.103077203035,4896.48951710761,314.886941045523,4981.57091218233,2204.95855811238,0,169.622747808695,966.320591330528,7293.37425214052,7.34972569346428,28.8148559331894,546.197057068348,214.993522286415,4789.54251745343,52.6712146699429,1.61130547523499,125.191025286913,740.182605117559,13.1565326452255,389.028638154268,112.030312120914,1079.44936141372,498.871287256479,129.396738290787,47.4982576370239,1472.20079270005,1.28314346075058,357.69726601243,9227.74707072973,3438.57306998968,328.971810400486,1335.90972557664,83.1413940191269,3358.55890867114,277.578595817089,454.029386758804,302.416354447603,9.43056690692902,140.819613009691,28.1312988400459,2021.08397912979,41.2285599708557,32.612583398819,2.62384355068207,3.32336294651031,0.646554589271545,739.457201868296,89.8817072510719,179.959574997425,191.707990020514,191.881931602955,165.184423774481,764.028609633446,52.1300920844078,1055.34962135553,120.138756066561,205.117883950472,351.608291476965,6.81018322706223,0.56302148103714,4.62048047780991,6.21818715333939,570.094240248203,24.7790171802044,6.59249976277351,25.1521222889423,874.170026808977,4.6338986158371,17.1802592873573,16.7856819629669,2049.63259759545,118.013072550297,68.7775940597057,1.70048701763153,14.7070247530937,0,53.3080864846706,1659.52837535739
0.698064267635345,661.409716486931,2.85415056347847,6.90362733602524,3.54738557338715,56.9548690617085,168.193331092596,44.0122852623463,301.175311952829,160.714510470629,5509.18864777684,169.622747808695,0,20.6800394654274,14.2775292098522,6.35392379760742,0.71305251121521,5.34629744291306,1.33754503726959,31.9474547207355,8.06177204847336,338.243402987719,8.44266086816788,122.963246077299,3379.88183426857,54.4029313027859,1557.41375875473,109.059708744287,57.5163661837578,21.178236335516,467.360874384642,275.634926855564,0,554.540335774422,24.2755516171455,312.674805760384,3453.53338307142,1068.92243382335,44.3221098780632,54.7363823950291,22.200499266386,5313.0938809216,16.9240894317627,5424.3179346323,38.985170841217,5.1926304101944,9.61544623970985,0.584580898284912,2626.13723057508,0,569.271935373545,1.14844369888306,0,0,0.550649344921112,2.76304057240486,5.37452983856201,292.258762419224,6.10880982875824,6331.18120083213,6.8074027299881,13387.8980818093,27.9126891791821,1.34831058979034,3.80911523103714,0.65527731180191,11.1830339729786,4.09782674908638,2.71508204936981,0,112.009104251862,0.814915180206299,48.4654339849949,1695.70995557308,856.812715172768,5465.68165117502,2.35953071713448,57.9853236079216,0,2288.30718684196,18.422435104847,0,36.8229921162128,0.910554170608521
10152.9148373902,2.94229072332382,1616.95499184728,48.1077228188515,49.562766507268,1937.75328966975,26693.7151788175,20562.2172155827,62.6963094174862,2212.33558803797,517.773132383823,966.320591330528,20.6800394654274,0,25.6245665848255,9.62301188707352,7967.75634238124,249.606318086386,3100.83802866936,208.129475742579,1384.94797292352,2.11052939295769,8569.66001135111,107.339533835649,0,2247.07691019773,118.409728273749,3882.46877163649,20410.6754545867,24470.6410894692,8.73985460400581,463.270599231124,70.5925871133804,1439.18138092756,56.6316201090813,723.274965912104,141.113165616989,1057.38574029505,203.625125080347,140.749051451683,40.9451159238815,38.4652841091156,58.3768820762634,2.30439418554306,33.1633424758911,2.63645151257515,61.2208053171635,3.20972889661789,10.9831159114838,0,0,2.0522113442421,12.4267946481705,2.55634152889252,10.1665086746216,33.0673779249191,15.3285470604897,104.878447026014,15.7121636867523,0,38.7869951725006,25.0156069397926,0.779828906059265,7.30939209461212,0,0,0,0,27.6893377900124,1.97201579809189,4.57350337505341,5.61234724521637,472.343654721975,0.450392693281174,0,4.42358222603798,436.484681129456,0,18.9750082492828,0.827814102172852,0,0,10.7170437574387,0.983591854572296
4.50055170059204,129.918625473976,67.9420809447765,1125.1130541563,4430.48490670323,2496.76121233404,1502.69056159258,106.377249628305,1555.45669335127,748.812471389771,80.2087667882442,7293.37425214052,14.2775292098522,25.6245665848255,0,45.7132151126862,44.5992308855057,20.9633077681065,48.6158732175827,664.887347221375,920.812652915716,220.630060017109,602.701089501381,4457.67488586903,65.7155283689499,66.230038434267,338.640901088715,2915.99121999741,25.9314124882221,711.64360833168,0,320.644738018513,1.97122293710709,60.1358471810818,2069.893645823,762.892996490002,151.150428205729,259.467712014914,108.419820904732,7677.56009545922,183.826633930206,124.995501250029,152.418434649706,9.18587237596512,83.3877521455288,42.5893631279469,1086.44789499044,20.1623340547085,6.3599534034729,0,1.81637954711914,3.24250841140747,332.192179739475,52.1008344888687,76.6455606222153,46.4398795068264,60.3657685220242,75.7879177033901,239.017847210169,14.6191290616989,304.824361592531,60.6340611875057,75.9151599109173,171.389052867889,14.6090541481972,0.79519510269165,3.11501058936119,0,191.743452459574,16.4132789671421,4.69713246822357,58.1344511210918,411.821450859308,0,5.94610396027565,21.0383592545986,768.570389658213,46.5936223864555,58.9547531604767,0,5.12269625067711,0,27.5434350371361,2382.2103971839
0,340.519552648067,31.5043367743492,1.35126852989197,21.1601996421814,34.4099853932858,105.611442744732,19.0033299922943,217.606659919024,20.0860491394997,10.6764916181564,7.34972569346428,6.35392379760742,9.62301188707352,45.7132151126862,0,22.9718133211136,7.79203703999519,14.1822006702423,4.2866632938385,5868.24522334337,7699.16788777709,9076.41768762469,2680.69659692049,60.304237395525,37.5096048414707,13675.9969883561,2252.35267364979,10.2146303355694,19.8483509421349,0,12.2596456706524,2.221570789814,91.399284183979,548.633719801903,3132.40847319365,1614.93155011535,664.419820219278,857.879897713661,88.3285057544708,30.616474032402,153.758198857307,525.16607105732,120.116573661566,287.185079693794,162.958044826984,57.7224218845367,19.0676828622818,35.3583202362061,3.03623551130295,122.63133713603,165.38106623292,1.15074396133423,2.04102528095245,10.1788513958454,96.2486208379269,20.8431521654129,356.152891546488,21.5208807885647,1.92079937458038,12.1577479243279,75.5277641415596,23.5654961764812,16.4732014536858,10831.4203962386,55.7033278644085,0,8.30733156204224,5.17946922779083,1730.97222444415,3895.24769544601,11059.9884280264,3643.21841329336,28.6266089081764,84.0296013057232,4619.59086829424,1696.28642117977,35.748262822628,555.362051486969,0,3.5081729888916,0,131.401220560074,98.2112478911877
770.271532654762,3.19412970542908,34603.5765494406,1.42794770002365,31.341808617115,636.928687915206,736.507396131754,8218.89023987949,3.12878227233887,66.7683211863041,280.522825360298,28.8148559331894,0.71305251121521,7967.75634238124,44.5992308855057,22.9718133211136,0,283.016366899014,11261.3273982704,15.5101314485073,2521.27922153473,4.64872473478317,21644.9327671528,24.2111527323723,0,5381.04997226596,7189.27897512913,478.005659639835,6447.7283641398,3744.32306841016,0.513112485408783,173.41951777041,1782.64517727494,6643.60749149323,223.025463402271,2293.41045165062,2950.60822862387,2212.58119416237,653.088715732098,56.8107298612595,68.5185520648956,16.1644389033318,8.945621997118,4.18708702921867,1.71864247322083,4.13337057828903,2.92374300956726,1.06479573249817,0,0,3.8707377910614,35.7045792341232,0,0,0,0,0,1.47555816173553,0,0,0.723498046398163,3.00833594799042,0,0.909040808677673,46.8502270579338,2.58349806070328,0,1.62911027669907,0,10.2020409107208,11.1850013136864,59.6944982111454,38.7998574674129,1.03755486011505,69.1242652535439,318.315509676933,22.2516994774342,1.23543214797974,4.66232603788376,0,0,0,1.25026047229767,29.8726651072502
5.6286269724369,2.61670970916748,413.726496070623,8.82998234033585,0.852854579687119,145.836097404361,792.488506019115,211.102324962616,42.1607332229614,619.821399241686,5179.35155445337,546.197057068348,5.34629744291306,249.606318086386,20.9633077681065,7.79203703999519,283.016366899014,0,4771.17628890276,133.335923731327,206.788690567017,2.11193460226059,581.747215718031,39.3533696532249,0,3828.97718942165,831.279222339392,436.633727073669,312.835542947054,179.644926130772,48.6231442093849,515.367996841669,44.3039573729038,3440.38066506386,499.798944681883,3658.28972890973,4598.95480388403,7733.45695626736,2834.42981594801,63.0420201420784,28.349093824625,55.9621658325195,7.44083750247955,103.126884162426,1.52114796638489,3.46797114610672,4.22589802742004,0,5.47652578353882,0,5.46534156799316,1.32304728031158,0,0,0,0,0,67.7183663845062,0,12.2009855508804,0.823838591575623,24.0729193091393,0,1.99995100498199,0.637608766555786,1.16902959346771,1.97682154178619,0,0,1.7812904715538,0,1.16737079620361,14.9302700459957,1.50143426656723,136.742694377899,208.913242816925,0,0,0,44.6411203742027,0,0,0.419887989759445,146.31900331378
190.298890352249,9.28641870617867,5653.69897136092,1.98679301142693,16.225996941328,237.148193761706,734.618975460529,3510.9971845448,16.649589240551,305.224912673235,2713.696919173,214.993522286415,1.33754503726959,3100.83802866936,48.6158732175827,14.1822006702423,11261.3273982704,4771.17628890276,0,57.3305402696133,1884.13469851017,2.25805300474167,4762.09222057462,13.9407322704792,0.635182440280914,10834.8150791228,1849.31438019872,513.409182488918,2749.79818946123,845.874134868383,3.09596765041351,289.770138412714,803.857131451368,12248.7300137877,445.116790682077,4832.34608432651,4252.80940586329,6710.18482509255,2321.40010133386,60.0128663182259,98.1012381911278,32.3069831728935,16.7797966003418,15.7504159808159,0.51233983039856,5.16782331466675,7.26942697167397,0,1.96382421255112,0,6.97418063879013,8.50658836960793,0,0,0,0,0,27.1575100421906,0,1.73991501331329,4.25885778665543,6.9308357834816,0.472370058298111,0.903574466705322,26.084469974041,0.896667152643204,0,0,0,25.0218997001648,5.72381281852722,29.2771957218647,66.9354846179485,0,85.2854370474815,187.209085524082,31.1397450864315,0,11.5226866006851,1.20702624320984,0,0,0.827331304550171,94.1495930850506
9.19077014923096,5.66500440239906,40.185118407011,16183.1337510049,195.181105673313,802.048219576478,332.926615804434,672.276877492666,764.145774692297,5899.24900379777,402.504223823547,4789.54251745343,31.9474547207355,208.129475742579,664.887347221375,4.2866632938385,15.5101314485073,133.335923731327,57.3305402696133,0,18.5317199528217,1.54168871045113,33.4360124468803,599.955937147141,4.39724573493004,83.2517167925835,26.7571356594563,3980.10915052891,262.603361099958,48.5277681946754,7.9556086063385,212.349106758833,0,86.5447454154491,141.98742133379,1425.34280854464,94.5308376848698,384.968996733427,42.0190321803093,800.2327003479,129.403965085745,141.321759641171,234.927946865559,1.41301542520523,144.310381412506,12.0506100654602,1495.28124502301,28.1782066524029,9.45236161351204,0,6.70657396316528,0,1385.40961185098,76.7053815126419,132.670586854219,318.082882374525,191.809326708317,310.745812356472,1364.58605057001,14.3457105755806,997.891426444054,55.6262691318989,117.561834126711,328.186719506979,6.89380952715874,0,0,0,1021.93725791574,11.4692207276821,9.19353124499321,40.0672715306282,1544.34878486395,0.785147368907928,0,9.08364763855934,3573.0182351172,70.2889970839024,33.337267190218,0,10.472652733326,1.1478363275528,63.0749672651291,8.0145343542099
180.283695399761,84.5616495013237,5157.24138909578,2.94451290369034,270.953380391002,660.848680704832,2971.48379513621,1938.05794002116,162.107299268246,138.981304585934,222.521437346935,52.6712146699429,8.06177204847336,1384.94797292352,920.812652915716,5868.24522334337,2521.27922153473,206.788690567017,1884.13469851017,18.5317199528217,0,1771.12185060978,69483.5010498166,663.724837183952,23.9356088936329,3460.74369049072,4126.47276869416,3465.7093808949,946.82850804925,14880.7526547909,2.60464373230934,513.66824439168,288.142821103334,13729.0421477854,7098.11264517903,21093.513430059,1875.55574423075,22409.3150772154,8539.21317595243,1026.39160880446,351.966253399849,496.441749721766,677.085430592299,50.4990952014923,265.687333792448,87.3668613135815,185.495417505503,25.5986377596855,80.1239078938961,8.35817444324493,19.0671095252037,118.327909439802,0,1.37913733720779,5.19247204065323,179.270677566528,19.3250030577183,434.468267351389,10.9005098342896,0.516018211841583,18.1884423494339,229.242435246706,22.4965052306652,58.3037988841534,2344.15863972902,38.0847842097282,0,8.47093045711517,2.09112918376923,2311.30893594027,1388.76773816347,2556.4231389761,4639.41464072466,1.64887428283691,35.3286790251732,1493.39925286174,2717.9757270515,138.211255729198,2101.68310514092,0,5.27150493860245,8.8399583697319,211.443142384291,497.088362425566
0,7682.29041612148,26.7385725975037,0,12.9171372056007,24.016413807869,77.8418574929237,28.2754206955433,9831.46450307965,10.3084287047386,749.659923881292,1.61130547523499,338.243402987719,2.11052939295769,220.630060017109,7699.16788777709,4.64872473478317,2.11193460226059,2.25805300474167,1.54168871045113,1771.12185060978,0,1795.84870436788,17157.4667739272,3499.19609037042,48.6221286356449,11999.6092790961,1695.39436507225,10.8702054619789,9.26935696601868,6.27136379480362,30.1864926218987,0,63.7087355852127,20.5937153100967,309.303376495838,129.436929881573,175.602061837912,47.1543092727661,249.409470289946,8.52717524766922,337.057892143726,232.244368970394,147.108751177788,150.957231998444,89.4278700947762,19.6117769777775,3.70020186901093,35.4202152788639,1.22941926121712,265.510629236698,71.852847546339,63.7887192666531,0.713173806667328,7.42828178405762,51.1295647621155,12.0668258070946,349.46516290307,28.3894000649452,26.4167147278786,13.2584251761436,87.8733424246311,15.4732405245304,13.7598007321358,4835.82596838474,28.7591109275818,0,13.5312954187393,15.6456396579742,543.053738981485,5663.76325908303,2204.9762121737,2004.81177735329,19.3531575202942,126.510481029749,6127.42134836316,789.285139322281,14.4011236429214,140.641984939575,4.65762263536453,1.15498971939087,1.24379873275757,52.9818871617317,34.3050438165665
1210.41910964251,114.368166208267,44857.5129869282,4.11630576848984,430.748229652643,1067.07364816964,3157.46383440495,10025.1466528475,67.9522328972816,239.139308303595,561.358639866114,125.191025286913,8.44266086816788,8569.66001135111,602.701089501381,9076.41768762469,21644.9327671528,581.747215718031,4762.09222057462,33.4360124468803,69483.5010498166,1795.84870436788,0,639.417367041111,9.24285733699799,9478.44016486406,20257.0506305993,7194.1159324944,5173.76142427325,12713.7922789752,2.14026769995689,1417.97200152278,1075.78418189287,20630.4208879769,11028.1064147651,48782.0438014567,20414.8352912366,40130.1837721169,28547.3753072321,1674.40853402019,572.443019717932,392.620254546404,677.020927399397,211.221234083176,455.978580713272,318.356714814901,99.335430175066,7.57025933265686,67.9540119767189,4.25426852703094,74.4575974345207,662.363447070122,1.74813228845596,1.08075153827667,3.94653558731079,95.580270588398,17.3320347070694,112.186855822802,6.80768102407455,4.92797654867172,20.678321480751,95.4300639033318,22.710973829031,47.1228128671646,12415.1636693776,143.040392011404,2.19534415006638,27.5295602977276,1.97325897216797,3352.61224448681,2476.7657032609,16613.3059084117,3527.56532907486,1.32218790054321,190.184438735247,8251.91858506203,1675.07594865561,16.9211550354958,481.713423103094,0,0.620882987976074,2.95643955469131,159.422457486391,1264.0614644289
3.95043134689331,4105.57916116714,17.1607311367989,5407.89395955205,481.837061926723,522.602017089725,2368.110250175,459.061660885811,34244.7853370905,790.914997160435,465.335804641247,740.182605117559,122.963246077299,107.339533835649,4457.67488586903,2680.69659692049,24.2111527323723,39.3533696532249,13.9407322704792,599.955937147141,663.724837183952,17157.4667739272,639.417367041111,0,1469.30202710629,67.0680111944675,6392.68625220656,12955.6175419688,82.6652699112892,26.2790870666504,2.76383715867996,165.601109564304,14.151120364666,146.555462449789,285.09836563468,2238.12777876854,348.449274420738,728.633404642344,245.988968610764,3317.93991562724,103.522578001022,491.69133746624,2146.23265591264,52.8937546610832,1419.72423601151,217.906918227673,1750.4634411037,225.2366065979,95.3092132806778,1.21141278743744,139.988267689943,64.1917563676834,1814.80632573366,93.2001243829727,401.38168117404,1135.38323912024,871.106969296932,5505.39800989628,2540.83865427971,196.749351590872,1661.8510671556,366.932051420212,1027.8804885149,508.779910326004,1718.27318298817,26.7089954018593,11.4908794462681,8.98481684923172,1745.2241832912,713.379034787416,1382.870352,2276.08848825097,16227.5285585523,32.7019374966621,59.5281915962696,2001.71470558643,15728.1937223077,791.629024684429,1225.74060326815,1.93434900045395,67.5126197338104,8.79041224718094,534.395863056183,131.193128228188
0,5505.65903890133,20.3513389229774,0,4.12327063083649,7.59463512897491,7.11469882726669,4.38592976331711,2717.71783745289,8.38316890597343,1002.83711266518,13.1565326452255,3379.88183426857,0,65.7155283689499,60.304237395525,0,0,0.635182440280914,4.39724573493004,23.9356088936329,3499.19609037042,9.24285733699799,1469.30202710629,0,119.989030152559,3178.21821755171,63.1914941966534,3.81131827831268,0.525453925132751,3.90689235925674,37.0602775514126,0,166.307694971561,1.08961474895477,37.1499061286449,87.5626438558102,262.688319295645,5.15522009134293,83.5291556119919,10.6843066811562,2666.70839586854,20.6396048665047,103.515342652798,18.1814986467361,18.7774514555931,4.01715862751007,0,96.2284336090088,0,501.170155584812,17.0667178630829,6.39879190921783,0,0,0.912783205509186,0,50.3581427931786,0,134.663300991058,2.1922402381897,800.724203675985,3.30805695056915,0,11.6504091620445,1.12124243378639,3.69559979438782,1.82668805122375,0,0,31.2201045751572,5.09444427490234,38.594773799181,1411.65191489458,370.372168689966,4714.94930404425,20.4315573871136,3.94179475307465,0,38.672120153904,0,0,10.8240888118744,0
239.450884103775,420.811263412237,52486.5959537029,5.34962365031242,14.9890735447407,359.146216154099,1369.4116179347,3313.35238076746,75.1875858604908,528.428326070309,4247.73077425361,389.028638154268,54.4029313027859,2247.07691019773,66.230038434267,37.5096048414707,5381.04997226596,3828.97718942165,10834.8150791228,83.2517167925835,3460.74369049072,48.6221286356449,9478.44016486406,67.0680111944675,119.989030152559,0,25843.925434649,698.716800361872,1261.28061500192,833.35765093565,349.473333925009,438.870613858104,198.732203900814,6416.49658760428,1466.9936798811,13261.3229770064,17474.5359494686,13025.0385743082,7093.86842903495,157.16655293107,109.311563044786,265.002272367477,289.6984847188,2221.97316533327,200.407180696726,199.732266813517,8.71670705080032,2.35879993438721,41.3447647094727,0,637.221955806017,263.989582568407,0,0,0,0.841832399368286,0,75.2832823991776,0,198.650329113007,12.8606958985329,598.184037297964,0.4659284055233,4.06568598747253,50.38937240839,101.363717079163,70.2553683519363,79.6640675961971,0.63008838891983,9.57483401894569,66.2163770496845,63.9069389104843,66.0338079631329,175.047220915556,8382.64552161098,22595.4344654083,10.2246959805489,7.37500607967377,8.90968239307404,680.750610113144,0,0,57.6872366070747,370.223698854446
1.37706911563873,13905.2893773317,13249.7856040895,0.570976555347443,80.7921075224876,129.468353688717,742.956492125988,161.112267315388,6562.23403662443,139.626844108105,1248.60079613328,112.030312120914,1557.41375875473,118.409728273749,338.640901088715,13675.9969883561,7189.27897512913,831.279222339392,1849.31438019872,26.7571356594563,4126.47276869416,11999.6092790961,20257.0506305993,6392.68625220656,3178.21821755171,25843.925434649,0,5191.11478501558,175.284130632877,229.481121957302,844.276898175478,328.88911730051,47.9500196576118,5734.85328638554,4892.66559204459,35346.9944835603,29085.5986700356,24287.0562507212,16857.1986238658,688.269422769547,189.474795728922,455.383893698454,3728.59725195169,8005.93140694499,3045.88879057765,2666.25074657798,81.9260841906071,10.8912233114243,194.813159793615,29.1255594789982,8253.17173856497,10093.4771627486,17.1077823936939,0.443636536598206,1.42472898960114,196.148414373398,40.3944885730743,463.154371470213,32.9469788074493,1302.62471005321,47.2333096265793,5609.35233271122,78.1508823335171,37.6003722250462,15278.2184074819,2278.16725337505,239.200135082006,800.273209482431,8.58965882658958,627.399821311235,4235.3098500073,17286.8420825005,3964.39626350999,2856.14023643732,33147.2751911581,222556.345389381,1962.6947017312,28.758386105299,217.519585460424,2663.61366337538,4.47140693664551,0.397441625595093,1113.15360793471,985.728609800339
287.371960908175,240.707992196083,525.296292215586,3498.63487893343,452.949933379889,8490.77763235569,78826.9457364678,7824.53184518218,7434.06581658125,19524.164684087,1674.9725522995,1079.44936141372,109.059708744287,3882.46877163649,2915.99121999741,2252.35267364979,478.005659639835,436.633727073669,513.409182488918,3980.10915052891,3465.7093808949,1695.39436507225,7194.1159324944,12955.6175419688,63.1914941966534,698.716800361872,5191.11478501558,0,3437.04684883356,12877.5437289476,16.4375943243504,1153.14756397903,1348.98667696118,4298.71963092685,5560.93721866608,20684.788536191,1518.1572842896,11027.7269298732,2905.10006147623,4385.75974622369,1310.63181978464,1837.94427427649,3094.93871811032,62.1429508328438,1561.55978426337,308.74871006608,4140.43039858341,310.139764994383,271.632334291935,9.63357338309288,69.6620928049088,156.522581338882,2717.01103764772,196.581347167492,502.741083741188,1598.71994811296,997.329215198755,3684.02111846209,4337.38787665963,101.508334994316,2784.09559926391,796.029733270407,826.565900444984,970.14438071847,1776.0156494379,40.5013013184071,11.0459930598736,15.5689224302769,3015.64036795497,1271.38669335842,1033.45737040043,2598.61643713713,16099.8283875883,14.760698735714,40.5458709597588,2293.7468072176,21303.5700229406,854.617370814085,2635.12160646915,0.676221311092377,31.5040522217751,13.5633614063263,697.075177192688,467.19570940733
6366.04329773784,5.38806009292603,605.566612631083,52.0076059699059,16.0041004121304,662.109252244234,11386.0842758417,3014.86136490107,23.6010636985302,1896.0296998024,1057.35148686171,498.871287256479,57.5163661837578,20410.6754545867,25.9314124882221,10.2146303355694,6447.7283641398,312.835542947054,2749.79818946123,262.603361099958,946.82850804925,10.8702054619789,5173.76142427325,82.6652699112892,3.81131827831268,1261.28061500192,175.284130632877,3437.04684883356,0,23754.3388528526,15.5562168955803,1376.40395608544,1589.02451834083,4927.32997554541,43.958769261837,397.097546905279,125.308520704508,935.706613510847,122.406780570745,79.0593082904816,29.8510436415672,30.957488656044,18.8327679038048,6.49056941270828,9.44194626808167,1.41182768344879,34.770371735096,0,2.42241823673248,2.18458318710327,0,0,0,0,3.88133072853088,23.8702238202095,10.035094499588,55.4740823507309,8.20850205421448,0,13.6668317317963,10.0349729061127,0,0.738943994045258,2.39696955680847,0,0,0,10.2084176838398,0,2.25111311674118,4.11338913440704,202.557053804398,0,1.01391744613647,5.28812557458878,167.530549049377,2.13053822517395,11.6711991429329,0,0,0,4.44174528121948,4.20264559984207
7068.13272950053,7.02184861898422,709.337291240692,6.19240733981133,96.2374303936958,1264.49132344127,15654.9882582426,16692.1053808033,20.9686031341553,228.281893879175,327.50725466013,129.396738290787,21.178236335516,24470.6410894692,711.64360833168,19.8483509421349,3744.32306841016,179.644926130772,845.874134868383,48.5277681946754,14880.7526547909,9.26935696601868,12713.7922789752,26.2790870666504,0.525453925132751,833.35765093565,229.481121957302,12877.5437289476,23754.3388528526,0,11.5809949040413,412.783977270126,4169.38765707612,14423.8301958144,2355.67460590601,8972.812941432,275.970535457134,7854.8176586628,1303.51823583245,703.408583164215,392.451613515615,186.180506587029,87.1255924403667,2.33591198921204,21.57142329216,6.49400663375854,53.4147498011589,3.23728328943253,24.3328111171722,0,1.66122221946716,0.802613437175751,0,4.66326281428337,4.51588582992554,20.1334697604179,5.45918542146683,26.0174450278282,1.38262975215912,0.874602198600769,5.02943414449692,43.6961234211922,2.17606949806213,10.1004485487938,96.4738282859325,2.4741627573967,0,1.921442091465,0.710525155067444,104.374777972698,24.347449362278,89.9744741618633,330.187095224857,0,0.893255233764648,23.9895149469376,318.206000506878,8.81657636165619,114.741866648197,0,3.24054968357086,2.99287128448486,16.2049615383148,179.701411545277
0,9.81102278828621,2.09736341238022,1.25800979137421,0.561539590358734,11.4301916360855,33.5789849162102,9.23346349596977,6.23315751552582,30.5870878696442,402.328869849443,47.4982576370239,467.360874384642,8.73985460400581,0,0,0.513112485408783,48.6231442093849,3.09596765041351,7.9556086063385,2.60464373230934,6.27136379480362,2.14026769995689,2.76383715867996,3.90689235925674,349.473333925009,844.276898175478,16.4375943243504,15.5562168955803,11.5809949040413,0,55.9670960307121,0,73.8266877532005,9.95519423484802,116.574038386345,1509.08550605178,294.533027023077,55.7148320972919,2.95611649751663,5.46024167537689,99.3612079918385,3.50417912006378,1096.55250903964,9.51509165763855,7.23179244995117,1.04895031452179,0,68.1747049987316,0,18.8068414628506,0,0,0,0,0,0,9.53525388240814,0,494.513695061207,0,1295.70928063989,0.549998939037323,0,0,0,3.04862922430038,1.08565747737885,0,0,3.2922335267067,0,0,61.7229382693768,564.642962694168,1990.61069092155,0,0.602328717708588,0,669.745852589607,0,0,0.846250861883163,7.87296217679977
