0,0.461028784513474,679.556078821421,14.1171677708626,0.762364506721497,94.9318685829639,2469.64997172356,1685.88287326694,19.5783649086952,488.34552949667,31.8994809389114,51.0476388037205,1.32713711261749,14638.3166538477,13.0144785344601,2.87738180160522,1284.4954058826,24.1026923954487,111.680663764477,29.7466565966606,524.565371930599,6.0098679959774,2047.81596755981,152.444990456104,1.5084582567215,208.500074028969,272.046215415001,225.52040758729,10995.6282326877,8547.32723930478,3.46164232492447,1.00958037376404,61.6112725734711,455.467587500811,14.8871003985405,170.162845224142,43.8501169979572,258.227021813393,60.2591442167759,32.3019272387028,26.0335766077042,6.96246895194054,4.05782917141914,0.428149372339249,2.33402138948441,2.22898399829865,3.03097021579742,2.46023392677307,1.46493935585022,0,1.38986486196518,1.14866879582405,2.50965094566345,0,0.882349669933319,13.9965038299561,3.12298774719238,10.7024252712727,4.43854689598083,0,0.722330629825592,3.78421080112457,3.53624624013901,1.11903500556946,6.41003850102425,0,0,0,0.736085951328278,0.985307186841965,0,2.53206720948219,28.9023690521717,0,3.65028747916222,13.7864436209202,25.9861468970776,1.38009664416313,0,0,0.434732139110565,0,0.482254296541214,4.57322931289673
0.461028784513474,0,239.935383290052,0,2.60013502836227,3.68930214643478,4.31838876008987,1.66869840025902,3530.37655875087,5.82765424251556,140.914397895336,2.16482025384903,1017.24212184548,9.78492450714111,55.1534498035908,9.30066043138504,248.76799967885,3.79454928636551,160.151073992252,0,8.68564507365227,7318.74055069685,19.3029603362083,1358.10237747431,5215.18015402555,527.967522412539,29287.5515840948,3.66764628887177,22.2237424552441,2.74282401800156,33.6688304543495,1.55098947882652,1.09677359461784,234.998810023069,20.4012277722359,322.950560331345,162.666109293699,94.1108137071133,79.0383639633656,9.94862398505211,1.89974841475487,172.949098229408,175.651789009571,104.339444100857,66.1952108442783,105.3383885324,9.1477530002594,4.51354509592056,33.2836219072342,0.512277543544769,1068.49109452963,403.801405459642,2.49268543720245,0,2.46132972836494,7.61116108298302,0.923354804515839,55.8976542055607,5.25319743156433,83.8785666525364,3.83752754330635,210.264353692532,2.21203592419624,2.35702073574066,29.3171155154705,194.908598423004,11.3358730077744,52.3589206933975,0.866782128810883,11.0199027359486,88.807641685009,27.2034176886082,62.0349448025227,203.065994620323,718.4422057271,7348.40641957521,12.8807745277882,5.54408338665962,10.7507333755493,82.4931167066097,0,0,79.348382294178,22.8340827822685
679.556078821421,239.935383290052,0,42.3027537763119,24.597502887249,156.845180600882,4351.28744086623,1778.93298631907,45.3615956008434,313.863278284669,30.7749861180782,49.717342466116,2.59100848436356,3096.46734797955,83.8663346767426,38.7302891016006,35578.7698055506,83.7186826765537,3388.58328449726,16.922266960144,3106.274456352,39.6907332241535,57822.0146281123,332.124235451221,5.20420211553574,25371.2646949887,28796.002245158,1105.14610299468,2263.70020666718,2110.57263281941,0.518821895122528,49.0819484293461,233.530103206635,4980.72662857175,1476.09679925442,12827.4089241624,8356.61514049768,6582.02556934953,4540.28824678063,136.018758445978,234.967536151409,80.9147699773312,465.832947611809,356.592353343964,207.063004553318,218.432957172394,61.970754802227,36.0987764298916,6.47210615873337,7.70262938737869,312.070513308048,1724.01143452525,4.04009768366814,1.55911409854889,5.41888445615768,152.304575949907,28.0200887918472,42.3552331924438,14.5303657948971,0.51580673456192,5.56357645988464,0,51.7796389460564,7.04051610827446,233.326733618975,443.826700896025,10.2524097263813,72.542076677084,4.31427979469299,124.442772120237,364.11025634408,478.728103160858,227.778618067503,0,1514.4945333004,10930.0161614418,536.257111877203,70.2498353421688,95.3031330406666,0,0,2.91520497202873,178.590424060822,878.590400218964
14.1171677708626,0,42.3027537763119,0,63.0215218067169,120.915385574102,206.819012314081,154.125769197941,2640.87897190452,24436.5057972968,8.00047385692596,1375.06272932887,1.12507784366608,194.822570770979,862.547255158424,1.72876131534576,15.6113691926003,4.51410105824471,6.08108580112457,19154.6864027679,36.0319991707802,0,53.8035895526409,2154.50435352325,0,31.0532887578011,24.8191517591476,13374.1733177006,285.594584733248,33.1528132557869,0,19.4978551864624,11.0531882941723,126.543934226036,52.3827155530453,609.848116129637,22.6106357574463,209.497521668673,42.3309156298637,458.215418279171,116.924440562725,71.3119553923607,115.918566465378,18.6975438892841,86.282553166151,9.75813037157059,666.019609242678,40.6943857371807,33.6579652130604,0.737849831581116,1.21498787403107,0,3398.87255465984,9.31853586435318,289.831482946873,258.262651532888,141.238864094019,1299.52882775664,3616.89950838685,7.85534870624542,2190.93836382031,1.68633472919464,132.917054027319,76.4675560295582,1.7987676858902,0,1.59353223443031,2.63303896784782,1285.92400640249,5.79808247089386,1.18966144323349,3.48576447367668,1890.30132564902,1.40273749828339,9.20462647080421,5.7593794465065,2596.19126346707,75.9050718545914,1.93511155247688,0,2.30678898096085,0,64.6804035007954,9.09478259086609
0.762364506721497,2.60013502836227,24.597502887249,63.0215218067169,0,925.493209302425,41.531118363142,119.72772526741,89.9087041020393,175.357839286327,3.2381517291069,1096.62486183643,1.93563026189804,39.127891600132,4302.60744667053,41.3150119185448,14.0385137498379,0.659841597080231,1.19462615251541,103.282872289419,301.956252545118,11.6244524121284,644.020034790039,193.369835555553,1.74023288488388,3.36585569381714,75.3097804784775,241.909190148115,29.2731097340584,60.4366083443165,0,192.287868380547,2.75375401973724,115.706093251705,261.004186987877,366.649551391602,52.9105363786221,23.196442514658,12.0059295296669,11688.4122238159,2001.54718869925,32.3529409766197,8.43361866474152,7.67610520124435,2.77555012702942,9.81643027067184,42.6332495808601,8.01592648029327,23.0041764378548,0,0,0,13.8413856625557,0.719831049442291,13.5500849485397,14.0570065975189,4.11575311422348,6.96338725090027,35.1130530238152,0,58.6334479153156,0,2.99206280708313,1.42175400257111,7.72766554355621,0,0,0,9.70706990361214,5.70628577470779,0,3.15904253721237,32.0061565339565,0,0,3.71011400222778,22.3997650146484,2.89422434568405,2.05326467752457,0,0,0,2.77929455041885,981.88248950243
94.9318685829639,3.68930214643478,156.845180600882,120.915385574102,925.493209302425,0,3392.87238286436,19201.8788229972,245.77953311801,20624.7581147552,234.696190267801,9503.45810827613,11.8177318274975,2560.06255614758,2998.29286155105,4.89417195320129,71.9913553595543,153.538947999477,121.893283218145,817.639601677656,151.686633437872,3.39875465631485,318.387939333916,143.303555727005,0.90650886297226,325.756909608841,167.727752298117,698.602612197399,922.043479710817,502.315394818783,18.1639170348644,100.185516506433,8.7755723297596,523.487855494022,9333.47960099578,3919.46390867233,169.651647567749,546.74296438694,212.049542576075,6580.07309901714,2297.58962237835,388.686353057623,232.677900463343,75.4562000930309,204.256485641003,76.398483812809,424.591098129749,183.178041756153,127.69695058465,3.07113003730774,0,5.26865056157112,379.783952772617,4.37090176343918,215.362621635199,608.790752917528,306.685220062733,253.618601113558,1267.86810734868,9.15873628854752,803.272018611431,2.23761296272278,245.559896826744,45.0931452810764,5.85782700777054,0.88385272026062,0.36576372385025,3.00198543071747,206.504731208086,42.0367255210876,8.74378681182861,21.3280004262924,1331.22112578154,0,8.9184675514698,13.9108342826366,1103.3667319119,118.774631351233,18.1338122487068,0.406306654214859,10.6163366436958,2.55700644850731,99.6154584884644,705.939809530973
2469.64997172356,4.31838876008987,4351.28744086623,206.819012314081,41.531118363142,3392.87238286436,0,11340.8315736353,505.154823064804,34080.0325522125,194.979248404503,607.237649410963,9.86822855472565,25001.5298381746,294.217720150948,22.841605246067,731.793777227402,124.933096826077,169.624387860298,187.609869748354,8204.12169715762,5.99711260199547,7507.23729468882,2664.81688579917,1.91959446668625,685.854037106037,685.393776804209,59131.7834031284,4915.97963187099,28976.8921639025,12.367132216692,101.451553046703,217.841785132885,1691.66079282761,531.980775684118,5686.39917695522,413.841358661652,2017.5890506506,474.641996413469,773.639125287533,854.538966804743,276.783243685961,178.218792319298,24.8474383950233,118.035666942596,32.074669778347,141.411535024643,82.9195176362991,28.8245303332806,2.82115989923477,6.87713080644608,27.3119895756245,246.682124495506,0.710699081420898,122.663626849651,489.616943240166,225.407560616732,361.054793894291,998.79543620348,3.96515938639641,401.924985766411,1.67480909824371,186.477730631828,8.5397407412529,57.9177851974964,4.72497019171715,0.854773849248886,3.01387715339661,140.4757989645,44.4105113148689,12.9653977751732,48.2468722611666,1213.23989424109,1.43963944911957,19.6030833721161,218.986195415258,1210.41535553336,95.0513716340065,20.8771458268166,0,6.06431764364243,2.50553506612778,73.5058916211128,79.5019962787628
1685.88287326694,1.66869840025902,1778.93298631907,154.125769197941,119.72772526741,19201.8788229972,11340.8315736353,0,561.966787189245,11279.293757692,485.510684400797,6069.07162296772,19.8788036108017,18681.8316397965,527.237530559301,6.17030102014542,1182.3175175786,306.385077536106,318.946263879538,1272.01865190268,1142.72726503015,9.59426361322403,3341.70361024141,363.146742403507,3.50618705153465,873.954933315516,531.473114907742,1308.39196397364,2746.9080838412,6895.46220959723,35.2788136303425,302.06770414114,28.7077229917049,1424.07540363073,321.795708835125,7201.04222166538,390.388519525528,1155.38696330786,482.774961978197,4492.45655089617,1035.96173843741,984.898551046848,540.91752359271,75.7568819224834,526.175303667784,142.016587167978,386.518735855818,675.174734890461,186.418587267399,7.80610129237175,6.9961054623127,10.7315731942654,319.00467774272,7.29997336864471,286.662195444107,1376.689861238,616.223043680191,626.560838609934,1439.09847199917,5.95246580243111,647.487689167261,1.31690388917923,489.542370289564,46.731122225523,17.3542957901955,2.00319689512253,0,2.28972345590591,190.960713684559,92.597035586834,26.0431618094444,58.4480111598969,2847.33372110128,4.40514355897903,21.1590465605259,53.306003510952,2101.41886050999,203.227177202702,56.0865260660648,0,33.1268416941166,8.08914536237717,243.251027569175,109.535603612661
19.5783649086952,3530.37655875087,45.3615956008434,2640.87897190452,89.9087041020393,245.77953311801,505.154823064804,561.966787189245,0,1849.53714123368,78.6292218565941,724.396385371685,322.599351227283,276.895867049694,686.639579832554,539.49916306138,35.7731869220734,22.0591461360455,30.8003955483437,876.305728912354,254.531887739897,10769.4298196137,261.224979549646,19130.1783144772,2085.59700128436,155.611349850893,10006.1035155058,6538.09904402494,312.58805719018,84.4039360284805,17.6453882455826,18.8981597721577,31.7714572250843,159.547001361847,78.7509434521198,596.827826708555,92.8457836210728,154.319832354784,46.9998328387737,289.375548809767,84.6580570936203,56.419713050127,268.502036809921,40.9457858204842,109.038063645363,27.6556888222694,421.769576102495,78.671893119812,14.1888942718506,21.8269373178482,52.0315786004066,56.835576236248,1000.75394135714,4.50404816865921,154.5283665061,382.873013108969,158.428335249424,3731.25275844336,1774.76009371877,33.6388799548149,751.249546378851,46.5032942891121,158.603181391954,90.1402479410172,2377.61996090412,14.0182933211327,24.944310516119,13.5125939846039,327.72393321991,532.311009973288,1050.52595150471,656.71615165472,3693.60623374581,39.6431658267975,161.452920645475,720.296750962734,3020.82143858075,221.416251450777,127.560938477516,35.8599321842194,4.23694518208504,12.9143086969852,79.3276475667953,49.8881495296955
488.34552949667,5.82765424251556,313.863278284669,24436.5057972968,175.357839286327,20624.7581147552,34080.0325522125,11279.293757692,1849.53714123368,0,487.712528496981,7625.28905820847,34.5763390660286,8507.59650123119,1041.66465699673,9.20993387699127,107.660552382469,413.233671575785,306.993339836597,10392.9532074928,301.029104053974,10.568543702364,589.456196844578,812.135547727346,4.06687232851982,957.031428337097,473.50584936142,6193.38555029035,6055.92946964502,767.978700399399,52.1369194686413,296.303495913744,77.5387622117996,2338.96906864643,1620.92588630319,7751.79068976641,391.957960903645,2908.93347263336,530.670506119728,1993.62531480193,1578.69398447871,772.326879888773,403.159667551517,102.875299960375,342.880498081446,60.8746944069862,1453.16870501637,236.069078177214,152.373365014791,4.03525504469872,10.1691486537457,5.74452948570251,2646.75991344452,21.2521241009235,723.444068580866,1182.61724919081,608.212227374315,1440.94413596392,7495.93073272705,4.91564676165581,3966.14049291611,1.20495808124542,481.55843809247,90.4521218240261,10.4944749176502,0.65657502412796,0,1.45993292331696,1397.16928654909,26.7835923135281,15.4832783043385,18.9790323674679,3853.33230176568,0.56821072101593,13.7640599012375,35.6432503759861,4417.71687623858,245.776254832745,14.6623380184174,0,8.99574878811836,1.40439820289612,256.29213693738,238.048018038273
31.8994809389114,140.914397895336,30.7749861180782,8.00047385692596,3.2381517291069,234.696190267801,194.979248404503,485.510684400797,78.6292218565941,487.712528496981,0,337.990016460419,7067.61561650038,1203.38613238931,14.35016015172,0.985130488872528,156.959426105022,18360.5744104683,5052.8380458951,93.3464406430721,11.990386813879,75.0717807412148,31.7732736766338,27.1540020704269,768.223897904158,24358.1603108048,694.361766844988,41.3320651650429,1845.51992997527,86.7988852858543,6111.20115879178,453.286600589752,1.07643020153046,17365.5264739096,69.7261561155319,822.148019105196,2489.93353840709,3464.13734185696,463.733535856009,129.886038035154,31.5489957928658,3352.46415325999,13.3716251254082,555.116392314434,58.8191977441311,12.1404348015785,13.7579516172409,2.05925393104553,569.527070373297,0,261.632767289877,3.12697944045067,0.861640959978104,0,2.76140394806862,18.5001039505005,0,104.656637936831,0.950999855995178,1066.63636139035,9.04337280988693,2749.49863651395,4.25159156322479,0,3.85727322101593,2.89419385790825,15.3238742947578,20.5408498346806,0.357603996992111,0.771773278713226,88.041710793972,0.456418395042419,111.428183168173,713.199752271175,804.066334813833,1169.97648689151,18.6406540870667,2.26385945081711,1.767502784729,1036.38416269422,0,0,68.1455412507057,41.1193835139275
51.0476388037205,2.16482025384903,49.717342466116,1375.06272932887,1096.62486183643,9503.45810827613,607.237649410963,6069.07162296772,724.396385371685,7625.28905820847,337.990016460419,0,18.3929450511932,3052.07911074162,6074.77110004425,8.15122228860855,23.0324897766113,290.620349168777,178.889445394278,11947.5010256767,45.2639466524124,9.37275731563568,124.565066307783,302.011353254318,0.4965580701828,595.982828497887,268.992036551237,297.576786339283,1556.28652992845,135.87928161025,31.809778958559,168.071272045374,2.09601008892059,1003.07214158773,6059.13027071953,3129.19511723518,261.952451616526,918.468314766884,313.736624211073,5307.25412043929,459.094778001308,473.93880879879,187.150995880365,89.541441231966,149.191480845213,40.5735716223717,1151.67961135507,115.009459644556,126.535557031631,1.7528929412365,3.05417880415916,2.58508917689323,974.966402888298,11.7357290685177,410.22392231226,322.75528600812,226.544880837202,227.756317555904,2196.61347359419,15.8800900280476,2264.49720227718,2.29063820838928,182.689215630293,200.824329555035,2.88218474388123,3.87745979428291,11.1659082770348,8.41661536693573,910.618605971336,18.0277591049671,3.81578314304352,19.1716338694096,1119.36763340235,0,27.8656539618969,14.4025500714779,1184.26201722026,104.130387544632,8.75040274858475,0,8.37611496448517,0,86.2401439845562,3090.85940757394
1.32713711261749,1017.24212184548,2.59100848436356,1.12507784366608,1.93563026189804,11.8177318274975,9.86822855472565,19.8788036108017,322.599351227283,34.5763390660286,7067.61561650038,18.3929450511932,0,40.0992784500122,6.49787828326225,1.01667085289955,1.06666564941406,23.4413211941719,6.42322039604187,4.75476974248886,3.47065615653992,456.78472340107,0.52531498670578,62.8618281781673,5743.92318120599,2460.01507240534,5233.49784901738,5.7718086540699,44.0421169996262,5.67685982584953,11662.4964076579,16.1392868161201,0,1411.4868003428,1.33816182613373,73.8042075335979,704.435456097126,1538.20929309726,11.3301274180412,10.2501920461655,7.45924055576324,2040.0914850831,28.8046273589134,1253.5586386323,62.6964256763458,25.7004027068615,9.88942486047745,10.0528295636177,685.624055624008,0,424.718002855778,5.98329520225525,0,1.25086569786072,2.24762162566185,0.540978848934174,1.01350438594818,119.174947887659,0.49137607216835,2230.86004817486,2.20817786455154,5008.79940611124,6.73448064923286,1.59514409303665,1.55192950367928,1.47363179922104,45.0121847987175,51.5006585419178,0,0,106.421970784664,3.58166056871414,87.905046492815,2843.58602106571,1877.18917196989,2897.30015766621,0.638957619667053,7.60497152805328,0.674298405647278,2066.67903757095,6.96822422742844,0,84.984033703804,2.38068327307701
14638.3166538477,9.78492450714111,3096.46734797955,194.822570770979,39.127891600132,2560.06255614758,25001.5298381746,18681.8316397965,276.895867049694,8507.59650123119,1203.38613238931,3052.07911074162,40.0992784500122,0,157.321064382792,8.53082573413849,3682.97204807401,923.256997019053,908.107315450907,877.896704792976,2243.03089265525,16.8910363316536,7777.98105818033,503.459425896406,9.19357138872147,2176.6753397882,1465.36412790418,1693.68874448538,22887.7214877009,21014.958946377,70.8301558494568,181.838122159243,127.14170396328,2412.25372618437,165.700897067785,4233.19519108534,417.640873283148,1497.30941489339,462.813615977764,957.407812923193,432.935541599989,540.914942681789,271.523403018713,48.1315465867519,236.264385789633,48.8585721254349,186.690821141005,234.244164645672,88.5005189776421,6.71002316474915,10.9027858972549,22.0973480343819,135.797674328089,1.1970166862011,136.981325566769,739.286168217659,230.494279533625,226.855277985334,542.634628713131,1.39831849932671,284.338487505913,4.97077453136444,187.216890990734,13.8630456030369,14.2115679383278,5.42869946360588,0.423909038305283,1.90042996406555,77.4518592357635,62.6814299821854,11.8255397975445,37.8385767936707,1346.50877216458,3.6687650680542,75.1609213650227,130.131543427706,1098.15700161457,80.296153485775,35.7278534173965,0.568354427814484,17.3186522722244,7.1760433614254,105.020933002234,26.3842515647411
13.0144785344601,55.1534498035908,83.8663346767426,862.547255158424,4302.60744667053,2998.29286155105,294.217720150948,527.237530559301,686.639579832554,1041.66465699673,14.35016015172,6074.77110004425,6.49787828326225,157.321064382792,0,67.4479658901691,51.0146211981773,9.21214237809181,8.55309280753136,825.171290338039,604.261651307344,157.658988237381,779.58724245429,1923.04862177372,36.8653011620045,35.5401027500629,348.011237621307,1993.65175047517,122.318547606468,310.43621969223,0.645475327968597,95.2748572230339,11.1167225837708,85.7203103601933,3755.16148564219,545.670185178518,145.404753267765,88.0277610421181,61.7771302461624,8302.92393347621,124.710102498531,102.228704750538,73.9572694897652,74.6102473139763,23.5615419447422,56.0998748540878,163.846889913082,18.4608376324177,35.8224869668484,1.25755727291107,0.53969407081604,11.6678985357285,59.5657546520233,3.8558167219162,57.7625072002411,172.822237998247,25.0465648174286,39.3080883920193,174.062003970146,3.29396241903305,160.727539479733,0,45.5816243290901,10.7202091813087,46.7544960677624,4.31993210315704,4.40583893656731,2.55461910367012,28.61466178298,75.4671068787575,8.22128361463547,109.016849935055,144.98115041852,0,3.99701511859894,53.0304993391037,221.980474978685,26.3362644612789,69.225861042738,0,2.87293255329132,0.834692299365997,18.6768084168434,2741.01001572609
2.87738180160522,9.30066043138504,38.7302891016006,1.72876131534576,41.3150119185448,4.89417195320129,22.841605246067,6.17030102014542,539.49916306138,9.20993387699127,0.985130488872528,8.15122228860855,1.01667085289955,8.53082573413849,67.4479658901691,0,18.3763754367828,0,4.62345224618912,3.65621110796928,15985.5861025453,8990.78545859456,13587.0574575961,3054.42774301767,5.96745944023132,18.855112105608,4792.30724182725,3153.74562242627,16.8065287470818,112.759891927242,0.587579667568207,0,4.50943121314049,61.6146197021008,728.296246469021,5551.05355241895,2414.30503079295,417.070703089237,534.264800459146,37.1225124895573,103.937313824892,21.9956601560116,132.781398922205,19.3463121652603,65.2202424705029,47.5119637846947,17.3240967392921,8.1315213739872,1.17157411575317,7.52727037668228,6.95120441913605,17.3369856774807,3.26052343845367,0.459791421890259,2.14569145441055,100.239170432091,7.2916025519371,60.3717984259129,5.29695197939873,0.816490411758423,1.22307115793228,0,30.1859434247017,3.95985341072083,15610.4955684245,5.11371719837189,0.938513338565826,1.66362872719765,0,837.445728808641,3358.36579081416,7627.53295201063,920.99061653018,0,4.27591574192047,2565.49289983511,792.338202118874,60.6998410820961,71.9606007933617,0.369284510612488,0.917642056941986,8.44231504201889,18.7878588140011,216.034137874842
1284.4954058826,248.76799967885,35578.7698055506,15.6113691926003,14.0385137498379,71.9913553595543,731.793777227402,1182.3175175786,35.7731869220734,107.660552382469,156.959426105022,23.0324897766113,1.06666564941406,3682.97204807401,51.0146211981773,18.3763754367828,0,156.420965671539,7705.23281532526,5.37357693910599,1918.82584685087,23.1121094822884,24141.3040591478,96.9337765872478,9.22378849983215,18040.476891011,37588.0718152523,248.980122059584,6239.23565903306,3199.0507979095,0,24.2203613221645,1041.21439668536,5344.55756741762,343.166862905025,2103.07670360804,1069.17546933889,1895.69306367636,1373.9776815474,55.3070669472218,143.00095692277,23.0850097835064,165.303942859173,153.299081534147,53.7096424102783,89.3302010297775,10.5390329360962,5.1569758951664,2.80664569139481,2.09022688865662,218.08367189765,693.842159211636,0.373791426420212,0,2.49902456998825,13.8319634199142,0.986090451478958,10.6812180876732,2.1388011276722,0.884030073881149,2.33758223056793,4.03204518556595,3.01994773745537,1.73734104633331,60.2057017683983,190.231277048588,6.2566973567009,42.8465918600559,0.484100103378296,20.1253717243671,14.2347652614117,59.6247806549072,44.9458153545856,4.97267612814903,1377.53798025846,2620.67611011863,70.5198022127151,1.50603353977203,13.6527216136456,1.94970545172691,0,0.493819445371628,82.6205585002899,147.20266109705
24.1026923954487,3.79454928636551,83.7186826765537,4.51410105824471,0.659841597080231,153.538947999477,124.933096826077,306.385077536106,22.0591461360455,413.233671575785,18360.5744104683,290.620349168777,23.4413211941719,923.256997019053,9.21214237809181,0,156.420965671539,0,5912.1533485055,55.9297157526016,11.9289046227932,4.26985669136047,74.1767725944519,25.9301256537437,38.5009952485561,2167.04925099015,546.009651988745,40.7047816812992,1361.0051907599,54.1700486242771,27.009046792984,291.866467893124,1.60151302814484,7057.22742158175,150.792885065079,1729.67345803976,4398.36494034529,3437.12279260159,1204.28503257036,77.4885582625866,35.6166503429413,182.522574871778,20.8649930655956,52.4485539495945,13.0679957270622,4.02807262539864,2.13293454051018,2.43357163667679,4.45354843139648,0,14.1802777647972,14.7100206315517,0,0,0,0.49181467294693,0,18.0310046970844,0,68.7869909107685,1.76977530121803,102.467251569033,1.2038659453392,0,1.37510785460472,2.44995859265327,21.6489529013634,24.9909307956696,0,0,2.39520877599716,0.326827675104141,24.2210825681686,44.9830528497696,528.574716597795,621.716761857271,0.7225441634655,1.64171582460403,1.08227550983429,99.5865341722965,0,0,8.41005343198776,104.046811968088
111.680663764477,160.151073992252,3388.58328449726,6.08108580112457,1.19462615251541,121.893283218145,169.624387860298,318.946263879538,30.8003955483437,306.993339836597,5052.8380458951,178.889445394278,6.42322039604187,908.107315450907,8.55309280753136,4.62345224618912,7705.23281532526,5912.1533485055,0,55.0046499967575,136.373063087463,21.5613965988159,1186.24271073937,21.6918092370033,16.97862803936,14563.4404285252,12270.2566426694,39.2301133275032,1376.09306520224,161.275069266558,7.35161796212196,183.249766141176,49.486493229866,17566.6084335446,329.729266881943,4497.30253854394,2955.65082409978,3006.93940612674,2208.43038740754,52.5785733759403,53.3617676496506,43.8206993937492,89.5211299657822,144.591144025326,45.4246713519096,40.7719528079033,4.23233404755592,2.04920357465744,3.62535259127617,1.47566738724709,184.612477779388,369.008355170488,0,0,0,3.08697128295898,0,21.2531014382839,0.408138513565063,10.873595893383,3.81759732961655,13.4629820287228,1.50054290890694,0,3.33523645997047,98.9578160345554,3.37599322199821,51.2368966937065,0,1.80210414528847,3.84452646970749,13.7038831710815,25.2227321267128,11.5916236341,1847.36976084113,2246.67944175005,10.4984845519066,0.670214772224426,2.12245348095894,8.92054039239883,0,0,32.2150785624981,280.328611522913
29.7466565966606,0,16.922266960144,19154.6864027679,103.282872289419,817.639601677656,187.609869748354,1272.01865190268,876.305728912354,10392.9532074928,93.3464406430721,11947.5010256767,4.75476974248886,877.896704792976,825.171290338039,3.65621110796928,5.37357693910599,55.9297157526016,55.0046499967575,0,14.9076617658138,2.56192180514336,35.6030680835247,706.884659707546,0.340540796518326,164.573503732681,83.7053564786911,4246.95787498355,661.643476366997,62.7826272845268,7.14413148164749,49.3931381702423,3.745924025774,265.114462345839,76.7222138345242,1369.8498351872,81.5245951116085,326.700117528439,79.885461807251,816.717185795307,230.723599374294,207.799300789833,203.951882302761,60.1578558981419,139.569895207882,23.4969117939472,793.248261421919,74.7528088092804,99.7125554978848,0.835935294628143,2.97306481003761,1.77092000842094,2131.8894701004,13.5123863220215,355.469064682722,374.576284319162,275.869879037142,402.024756580591,3369.11134681106,8.27509588003159,1842.99712410569,2.14067029953003,227.962908387184,73.1235039532185,2.45820260047913,0.512713074684143,4.89788153767586,10.8037660717964,667.19880142808,14.0030823647976,1.09976109862328,6.78079605102539,1443.11957210302,0,10.3347168564796,7.83631062507629,1845.23941904306,112.408862382174,5.71883326768875,0,9.88880297541618,0.605709850788116,101.273584276438,19.3204048871994
524.565371930599,8.68564507365227,3106.274456352,36.0319991707802,301.956252545118,151.686633437872,8204.12169715762,1142.72726503015,254.531887739897,301.029104053974,11.990386813879,45.2639466524124,3.47065615653992,2243.03089265525,604.261651307344,15985.5861025453,1918.82584685087,11.9289046227932,136.373063087463,14.9076617658138,0,1226.71693116426,40652.8501735032,2166.58547544479,4.00897681713104,324.257650285959,1687.90719094872,16716.757507354,3158.75862431526,43284.7099917233,0.467066764831543,34.9443277716637,959.976307690144,14126.8351614624,4346.34810817242,18992.6928220391,1898.39288067818,17064.6712486148,6016.61389932036,366.74839258194,1635.4362257719,249.506150245667,236.299071758986,19.2857555150986,83.3502811491489,50.0201073884964,89.451320707798,59.4401393532753,2.76420211791992,12.3707473874092,1.66484391689301,14.07163849473,2.04305297136307,3.70882093906403,10.4814217090607,189.506295800209,31.1204248666763,87.3147356808186,21.9259062707424,0,17.295850276947,0,49.0292853415012,16.3811611831188,6036.78847572207,4.59837481379509,0,0.906937658786774,2.12029623985291,1834.99003496766,1192.59738665819,1533.19847255945,789.963292270899,0,16.4830257594585,142.740933001041,1927.26479560137,84.039999961853,153.7319201231,0,0.675119876861572,9.94675424695015,52.5123321712017,934.744881957769
6.0098679959774,7318.74055069685,39.6907332241535,0,11.6244524121284,3.39875465631485,5.99711260199547,9.59426361322403,10769.4298196137,10.568543702364,75.0717807412148,9.37275731563568,456.78472340107,16.8910363316536,157.658988237381,8990.78545859456,23.1121094822884,4.26985669136047,21.5613965988159,2.56192180514336,1226.71693116426,0,2285.04041606188,10605.5390350521,3334.21475955844,108.952304780483,24353.213295877,667.544203788042,62.2092305421829,18.7439576387405,25.0928950607777,3.48431107401848,12.5288509726524,86.1969184577465,48.7056161463261,312.354002565145,161.825823575258,89.9690560400486,53.8886044323444,52.1430804729462,30.8929831683636,84.9874120950699,69.5459088683128,42.9647338092327,33.2190496623516,20.1247470080853,8.82253152132034,6.06104475259781,6.47831785678864,2.54998958110809,131.71584764123,53.7220596969128,5.44544193148613,0,0,61.8584133982658,25.7006548047066,111.12179929018,18.002688139677,43.6791728436947,10.3335336148739,73.5178489387035,27.7581453025341,1.14607012271881,4322.51372420788,17.5685984492302,2.12194269895554,5.22677344083786,1.71000277996063,267.101748287678,2433.53598749638,1698.20273828506,411.518583446741,72.1672491431236,147.21180588007,6004.22369137406,289.998332560062,18.964005112648,21.4308761358261,46.7488714456558,0.507200837135315,1.54252284765244,26.9667403101921,14.2541390657425
2047.81596755981,19.3029603362083,57822.0146281123,53.8035895526409,644.020034790039,318.387939333916,7507.23729468882,3341.70361024141,261.224979549646,589.456196844578,31.7732736766338,124.565066307783,0.52531498670578,7777.98105818033,779.58724245429,13587.0574575961,24141.3040591478,74.1767725944519,1186.24271073937,35.6030680835247,40652.8501735032,2285.04041606188,0,2675.49091312289,3.66452392935753,4557.38303732872,26766.5186187029,10363.2176585793,8698.8642116785,19020.4287753701,3.18726894259453,94.9648904502392,1489.30291372538,21689.6191350818,10242.3325790167,61250.7670511007,25439.467544049,35942.1967847049,18995.4758438468,655.41445940733,2404.68994140625,471.206836551428,409.681952029467,95.5277297198772,169.895672976971,176.275794833899,120.290592759848,62.8220870792866,9.15946164727211,10.540589094162,15.509428858757,117.682261288166,3.80169928073883,6.06209632754326,13.0031638741493,362.257796049118,52.2431406378746,87.396303743124,31.5318761765957,0.657766401767731,13.2604494690895,0,105.754129767418,24.0090883970261,15650.0606037974,30.8484387993813,1.21211731433868,4.95316904783249,0.527444183826447,826.832533091307,2753.77148854733,9070.79388645291,963.281774878502,0,97.9069628715515,7881.89132848382,1185.46178013086,72.7524238824844,110.593891888857,0,0.60010689496994,2.54228529334068,70.3182719051838,3280.73722201586
152.444990456104,1358.10237747431,332.124235451221,2154.50435352325,193.369835555553,143.303555727005,2664.81688579917,363.146742403507,19130.1783144772,812.135547727346,27.1540020704269,302.011353254318,62.8618281781673,503.459425896406,1923.04862177372,3054.42774301767,96.9337765872478,25.9301256537437,21.6918092370033,706.884659707546,2166.58547544479,10605.5390350521,2675.49091312289,0,500.950809836388,97.4185384809971,6397.31793171167,21442.1233021319,2363.6615087986,892.981133729219,8.89594975113869,44.7406958043575,703.491795569658,1146.32522967458,1070.39278817177,4282.41132482886,415.494289577007,1214.99318158627,323.752833485603,870.909218847752,478.671695709229,181.832231462002,1902.01121106744,122.880515754223,919.187047243118,156.933635026217,967.767551392317,568.149769544601,95.0458559989929,107.144576072693,155.852834433317,82.4484822452068,1141.31016284227,15.2067545950413,464.704910367727,3475.88823673129,1235.20762002468,3926.29911890626,3424.56853997707,80.1896794140339,1405.81946903467,29.8108661770821,1336.61382645369,100.785189688206,2388.78039804101,51.3177688121796,45.3672241866589,56.1322107315063,567.100752055645,1681.37362882495,1284.16374066472,854.776951819658,12382.3756212592,25.3190885186195,125.789607942104,700.292991101742,10789.0332962275,1279.90917789936,822.136242330074,8.24797311425209,52.057569861412,79.9748977422714,612.514749154449,327.644820034504
1.5084582567215,5215.18015402555,5.20420211553574,0,1.74023288488388,0.90650886297226,1.91959446668625,3.50618705153465,2085.59700128436,4.06687232851982,768.223897904158,0.4965580701828,5743.92318120599,9.19357138872147,36.8653011620045,5.96745944023132,9.22378849983215,38.5009952485561,16.97862803936,0.340540796518326,4.00897681713104,3334.21475955844,3.66452392935753,500.950809836388,0,1970.61617681384,10279.4253740311,2.50397941470146,16.5828368663788,0,2829.88435187936,3.96121841669083,1.62816560268402,215.662149637938,4.23164558410645,89.8199662268162,225.394120961428,88.2401606738567,19.447762966156,8.91122424602509,1.00099885463715,349.694043457508,73.590743035078,277.396091341972,80.859802544117,66.090360045433,13.7592111229897,2.03090214729309,147.993219733238,1.88140428066254,356.561341047287,10.9539840519428,0,0,2.74797469377518,4.66017201542854,1.33918279409409,59.5809157788754,4.05662560462952,485.358303636312,1.07139137387276,1607.67209804058,7.00195759534836,0,6.69289612770081,15.5817169845104,53.8392810821533,102.357694655657,0.468844681978226,1.3926140666008,66.1886369585991,6.20394572615623,49.3082763254642,2168.49653044343,1707.1299443543,4161.55017539859,5.1473568379879,10.4649796485901,1.97447571158409,858.427194327116,3.150355219841,0.696261882781982,71.9016285538673,5.74544060230255
208.500074028969,527.967522412539,25371.2646949887,31.0532887578011,3.36585569381714,325.756909608841,685.854037106037,873.954933315516,155.611349850893,957.031428337097,24358.1603108048,595.982828497887,2460.01507240534,2176.6753397882,35.5401027500629,18.855112105608,18040.476891011,2167.04925099015,14563.4404285252,164.573503732681,324.257650285959,108.952304780483,4557.38303732872,97.4185384809971,1970.61617681384,0,54911.0215174854,188.467454940081,2891.85488909483,454.924381300807,2814.95602276921,515.300194233656,61.1915676891804,13057.4018264115,923.739053040743,13672.4054530561,15821.2878799438,8387.89989048243,4849.34244483709,173.402384400368,133.951759308577,1752.49726906419,706.881146222353,1346.32652488351,378.753822341561,377.586386039853,43.8588438034058,15.8853454291821,99.5062839984894,1.90892773866653,1056.86201965809,1324.73636814952,0.667223155498505,0,11.675735861063,14.8182747066021,5.29796081781387,161.211388796568,4.99008126556873,1375.40520352125,12.623564094305,2859.22427520156,19.5450791418552,4.63011461496353,39.3439911603928,402.357859224081,319.214400619268,670.008724272251,0.463789641857147,19.4010086357594,110.761777073145,90.6136037409306,123.95997107029,1316.25317519903,17235.7346238196,22718.537116006,34.4125863611698,32.9457767605782,24.0462189018726,2457.83900678158,4.32676935195923,0,341.627190098166,681.195911258459
272.046215415001,29287.5515840948,28796.002245158,24.8191517591476,75.3097804784775,167.727752298117,685.393776804209,531.473114907742,10006.1035155058,473.50584936142,694.361766844988,268.992036551237,5233.49784901738,1465.36412790418,348.011237621307,4792.30724182725,37588.0718152523,546.009651988745,12270.2566426694,83.7053564786911,1687.90719094872,24353.213295877,26766.5186187029,6397.31793171167,10279.4253740311,54911.0215174854,0,653.854767680168,2290.15446481109,667.884368211031,1194.00933203101,215.509010285139,134.202955007553,16974.9392587841,4566.67751288414,50007.003649801,25823.2733332515,18536.8005164564,14751.4971848726,308.945019364357,469.925995141268,234.291195034981,3422.94026389718,2448.89000502229,1566.15122924745,1709.6426768899,162.044174134731,98.9075866341591,51.6568790376186,40.1672993898392,8440.41019895673,9198.15300995111,9.7828157544136,2.53874850273132,38.6589508056641,619.641843035817,125.050088465214,505.990483045578,57.3084232807159,676.237766385078,10.8020249605179,1523.87600585818,311.18378841877,26.3132208585739,5174.67571610212,2661.68648970127,531.342682182789,1460.25577300787,5.3843829035759,269.531448662281,8029.37887242436,7379.96173417568,765.553276747465,2191.18894451857,27598.0987856388,152786.508783996,324.027723759413,141.97518633306,249.566263645887,1298.93928653002,4.39313393831253,8.69681203365326,1296.13129705191,3257.58382073045
225.52040758729,3.66764628887177,1105.14610299468,13374.1733177006,241.909190148115,698.602612197399,59131.7834031284,1308.39196397364,6538.09904402494,6193.38555029035,41.3320651650429,297.576786339283,5.7718086540699,1693.68874448538,1993.65175047517,3153.74562242627,248.980122059584,40.7047816812992,39.2301133275032,4246.95787498355,16716.757507354,667.544203788042,10363.2176585793,21442.1233021319,2.50397941470146,188.467454940081,653.854767680168,0,3111.55783477426,12503.0932998955,5.90890821814537,99.5334202349186,733.173651576042,2336.59490090609,1829.95771610737,9941.39132976532,660.360479384661,3417.21534621716,932.828869968653,1117.47114151716,1163.97809094191,325.300157427788,1413.21381506324,87.73389929533,755.950390070677,112.471905499697,1097.21887746453,455.823955595493,77.0547039210796,80.7694976627827,6.58021381497383,50.608595430851,1978.69970920682,11.304368108511,533.675879865885,2737.41661980748,862.52692347765,3084.61158064008,5739.82746961713,17.3238065540791,2388.20991069078,2.27772057056427,948.828262776136,95.4370166957378,4505.92486870289,30.1298898756504,6.2264156639576,21.5789900422096,1031.36540421844,2925.33665421605,977.991707444191,1286.65061557293,8036.72384059429,0.906155705451965,27.1404891908169,214.899607867002,11739.518643856,927.216232836246,851.007000476122,0,33.5393760502338,63.6154029071331,517.028670117259,380.944252103567
10995.6282326877,22.2237424552441,2263.70020666718,285.594584733248,29.2731097340584,922.043479710817,4915.97963187099,2746.9080838412,312.58805719018,6055.92946964502,1845.51992997527,1556.28652992845,44.0421169996262,22887.7214877009,122.318547606468,16.8065287470818,6239.23565903306,1361.0051907599,1376.09306520224,661.643476366997,3158.75862431526,62.2092305421829,8698.8642116785,2363.6615087986,16.5828368663788,2891.85488909483,2290.15446481109,3111.55783477426,0,22600.1175170243,100.101239830256,416.508100807667,8954.8691316843,7858.76834505796,308.919912904501,4153.93431156874,495.59413138032,2877.19009059668,524.086596608162,515.86854237318,718.468729376793,332.65103495121,126.577644854784,32.4359865188599,102.301256775856,35.0698239505291,106.194284200668,134.081859797239,36.8279077410698,4.29119965434074,9.63959738612175,33.4008742123842,43.1949758827686,0,41.7168995141983,360.319420486689,95.266477227211,168.942186415195,205.838051587343,2.84235173463821,104.989922374487,3.66340336203575,88.6220726072788,9.23243641853333,65.6346393823624,9.85620057582855,0,1.91215223073959,37.5407716631889,50.6575520932674,19.0341728925705,32.7203384935856,655.17909322679,9.2538021504879,130.574534982443,181.812304317951,630.727499574423,55.7951432466507,35.2471875548363,3.40248364210129,1.97436052560806,1.60523468255997,59.4074775576591,46.392061650753
