0,1.12658393383026,882.261676847935,7.52631857991219,3.1124347448349,43.1189556717873,3248.25571101904,1236.85692328215,3.29664921760559,141.763478428125,40.889600455761,19.1166210472584,9.94447484612465,12822.7846249044,18.9922029674053,3.44946426153183,808.994711279869,33.7815901041031,110.265636116266,1.89521086215973,1410.5821582973,1.48163938522339,1798.22348988056,12.0053812563419,0,95.171897560358,159.271990835667,161.322483837605,13779.6311538517,9687.97737017274,2.42710942029953,21.3782072365284,117.206328213215,372.232042700052,58.5169430971146,395.493478506804,66.2593391537666,177.789852231741,89.2930484116077,33.3345977067947,29.0097931623459,19.7340358197689,8.93867734074593,0.490835875272751,6.60071793198586,4.43414425849915,6.41459235548973,2.6333212852478,8.54141885042191,0,0,7.79662749171257,0,0,1.00291442871094,4.08305922150612,1.25705432891846,8.79541209340096,1.08957925438881,2.40763771533966,0,0,4.86538869142532,0,8.30151757597923,0.791124999523163,0,0,0.32567834854126,19.2285404205322,0,9.44399356842041,25.953184068203,0,0.519570112228394,37.9130806326866,38.5450045764446,4.18317055702209,24.4505571126938,0,6.58800780773163,0,1.82063925266266,5.51490527391434
1.12658393383026,0,350.151917278767,6.31016153097153,10.1831123232841,1.01894932985306,16.1425486505032,1.83265602588654,2063.88878950477,9.14574152231216,477.983776718378,0,1866.79323598742,5.23110604286194,215.830589234829,439.09799388051,113.144228607416,10.6381178796291,37.8497848212719,2.26418912410736,35.5934800505638,4545.40784725547,175.142114907503,3948.53774812818,5531.95504322648,738.623467803001,37942.640448451,136.014994800091,6.87032017111778,3.89300584793091,144.527015268803,2.98128837347031,0.782192766666412,173.840109854937,8.64236056804657,210.182770699263,387.44168356061,167.254206806421,72.4392649233341,95.9110213220119,0,1163.19549268484,436.633302748203,431.191522151232,129.241544544697,199.664712458849,12.5545918941498,0,442.775753855705,5.44030600786209,3034.36176916957,224.27402895689,0.530598342418671,0,0,7.76198628544807,2.24913737177849,44.3931441009045,1.08639746904373,175.130519807339,1.1905729174614,756.207333296537,11.9869303107262,7.59699913859367,61.3803928494453,349.861567229033,5.60765218734741,33.1015173494816,0.464417487382889,22.3145593106747,149.826600700617,113.613967001438,82.6843849122524,239.38917028904,1187.31125593185,9685.56798481941,18.3247197568417,8.16089171171188,16.7799823880196,243.454423934221,1.11449348926544,0.657380640506744,119.890190303326,4.8208881020546
882.261676847935,350.151917278767,0,6.61276081204414,17.9771886467934,39.7924847453833,469.505191355944,971.488233953714,29.7048366963863,191.46200838685,42.4791892766953,23.5494692623615,18.2912995517254,2748.53083451092,46.945076495409,105.284807890654,29607.5407679975,207.168792843819,3677.70731034875,6.33442389965057,4016.50096866488,86.4654275774956,41483.9737614691,118.137623071671,3.05420875549316,15430.5823163688,33241.8310515285,439.88116016984,1874.0240342319,1629.56531098485,0,80.5836350023746,107.020669132471,5881.97899547219,539.273800820112,10069.0063686073,7283.46946880221,4025.09860989451,3910.27193573117,69.0942488014698,34.9523945748806,42.0015497505665,1714.03735876083,363.685561150312,626.363975733519,801.786507666111,54.5596544742584,4.31050741672516,9.16581183671951,48.878689289093,500.397265642881,4036.72478353977,0,0.620298027992249,0,54.4943681061268,19.1785511672497,22.4751709699631,4.27564379572868,7.24187499284744,2.67309075593948,0,89.1924552321434,8.77076956629753,271.466600686312,2439.82868283987,3.91766571998596,121.114493191242,0,379.10713404417,237.92973035574,1761.21843490005,132.637772023678,2.18253272771835,1433.98545616865,15700.8269147575,134.109162479639,38.847930252552,295.802320301533,2.34063827991486,1.87682494521141,3.83493191003799,557.748940765858,269.59981623292
7.52631857991219,6.31016153097153,6.61276081204414,0,52.0496635735035,473.997567683458,1249.7029915154,696.361254274845,5668.91793066263,7814.8765412569,101.485398560762,7542.98337367177,45.4576527476311,496.048153311014,584.534442067146,0,5.43455672264099,46.9622745215893,17.468502342701,16029.591573447,9.11344993114471,15.1064378619194,2.86091789603233,6240.0350151062,0.722041308879852,43.2566004097462,25.0522403120995,6856.15856340528,439.976580411196,21.3526724874973,7.07818040251732,116.071871221066,10.910888582468,494.032240837812,124.774850189686,1273.70634520054,21.8180285096169,297.488469272852,69.243074208498,331.983510524035,102.549894332886,131.989566087723,277.27283424139,0,52.4770450294018,29.3194464445114,673.418626993895,39.6806125938892,44.245429366827,0.657865762710571,0,0.957285463809967,1995.70100811124,3.64734220504761,94.5657063424587,518.93176817894,135.247137010098,796.748117625713,2250.55912294984,42.5258434712887,903.746433258057,0,119.599586188793,169.807613104582,0.618052244186401,1.2425274848938,1.7888320684433,0,440.213159352541,2.15928959846497,3.53167164325714,0.81439283490181,1560.11918589473,0,1.00945323705673,0,2071.76537233591,55.6462796330452,21.7602369785309,0,5.41095590591431,0.49367693066597,127.698774278164,10.494933873415
3.1124347448349,10.1831123232841,17.9771886467934,52.0496635735035,0,1222.10177415609,166.058050841093,426.186574816704,293.514989972115,345.4285633564,9.89335095882416,289.611989438534,4.25426495075226,67.2778986394405,4070.82714363933,33.9382448792458,17.9183991551399,4.50493088364601,2.9533419907093,43.5954539179802,374.164188861847,25.5443739295006,599.006584584713,417.582684934139,4.77164959907532,5.13898468017578,77.3368660211563,197.105077445507,28.2703026533127,115.804951250553,0,288.754791975021,0.947510182857513,1597.91214770079,1826.15165925026,639.592373549938,109.230829387903,61.1465458869934,98.0935977399349,12123.8103744388,9141.67425650358,49.2923005819321,45.9498871564865,14.8843507170677,14.5075843334198,126.05755597353,342.510815471411,29.6025629639626,26.0485926866531,0,0,10.1188390254974,102.073858469725,3.89175593852997,33.2973098754883,30.4930315315723,33.295013487339,27.4006477892399,253.393030941486,15.9490936994553,165.822178989649,0,24.0063263177872,102.237593621016,12.0921146273613,1.42693501710892,0,3.97760808467865,50.7682656645775,11.552209675312,0.654188454151154,37.6826753020287,74.9326464235783,0,9.02409076690674,27.1632355153561,86.4535439312458,4.70409083366394,16.2883740067482,0,28.1247693896294,0,25.328388273716,1744.88009294868
43.1189556717873,1.01894932985306,39.7924847453833,473.997567683458,1222.10177415609,0,6178.44543835521,18633.4934166372,879.7768009305,27922.4989383221,268.190023750067,4287.40328806639,52.6650519967079,1922.07123830914,4431.47004964948,0,31.0229632854462,116.739674121141,58.9318565130234,451.565900415182,131.473992347717,3.2933546602726,46.0757314264774,370.848337650299,0.409198254346848,118.621264517307,42.9181850254536,712.045780301094,856.743035644293,319.894726514816,8.94707179069519,358.895698517561,13.6200026273727,992.860146701336,1037.40110638738,2154.05337709188,65.3231552541256,400.694416940212,196.819453299046,6631.64640927315,996.706910103559,366.708330392838,107.677514135838,3.57827031612396,51.6533463597298,78.9547172486782,770.832809388638,98.7353954315186,189.745699107647,2.45234441757202,0,0,310.817941337824,15.1975513100624,117.24968329072,164.897709488869,153.263863354921,190.009861826897,623.000160604715,59.1193471252918,433.67113506794,0,70.5775590837002,271.106377005577,4.85863268375397,0,0.967481732368469,0,183.462127178907,3.80974805355072,1.38151013851166,1.80130103230476,274.346782445908,0,0.984997391700745,1.97771805524826,384.76711165905,17.2706721425056,52.6178234815598,0,69.7711844444275,1.25964272022247,67.4192657768726,214.230755776167
3248.25571101904,16.1425486505032,469.505191355944,1249.7029915154,166.058050841093,6178.44543835521,0,22193.0057123899,1139.30146923661,27700.6633967757,1200.50970625877,370.871192485094,445.830021321774,28373.1398934424,730.126687258482,13.0543200671673,232.027951776981,621.17090138793,283.614027708769,78.6663959622383,3269.49261406064,56.9396086335182,802.706499189138,3214.36559584737,7.4247839152813,662.007591843605,390.385670155287,55774.4397996664,15630.2037891299,19593.0171146989,73.6720311939716,1027.04056364298,1851.07572510839,6758.1885894835,2395.63827088475,13454.307711035,375.583164274693,4295.84534782171,933.82993131876,1131.94063332677,1045.84575900435,1092.19284316897,2003.05131456256,25.1942637264729,409.607368350029,370.442661970854,1393.53583699465,301.061385214329,559.168636351824,42.7401358187199,5.17213818430901,8.83723759651184,749.52104178071,5.70332533121109,127.344458967447,2506.15466296673,652.731066733599,599.531158536673,801.798224300146,299.167404532433,157.712259501219,0,815.476268082857,104.463403970003,83.3774676918983,3.95587888360023,0.448974043130875,3.5897735953331,126.721589922905,97.5917556583881,42.5176270008087,74.0307627618313,4186.85876020789,2.60743820667267,1.24110573530197,60.9163919389248,4807.09333008528,476.203850477934,681.329709738493,1.72493040561676,142.504986822605,13.6792091727257,650.752014696598,247.774758011103
1236.85692328215,1.83265602588654,971.488233953714,696.361254274845,426.186574816704,18633.4934166372,22193.0057123899,0,776.831858932972,22644.2330929935,556.899315357208,2627.72821244597,56.9739900529385,22826.6569983661,1409.69383919239,7.48696520924568,493.983482033014,339.749560236931,256.158131450415,427.356332302094,2786.48835811019,7.59507769346237,1463.47343164682,749.066060334444,1.04076516628265,345.866121828556,190.863946378231,3499.20407864451,3211.7773142755,7715.25506058335,21.8008324205875,921.970376998186,91.4056435525417,1652.7928711772,192.602418899536,5694.39500430226,249.041363507509,748.053962141275,635.902783185244,4229.70987862349,648.823502749205,1027.00020799041,713.785106867552,4.81101775169373,288.703684657812,309.998656213284,831.880499988794,360.560592472553,641.397135198116,24.7578496932983,0,5.29136008024216,278.406823426485,14.4736456274986,130.200783848763,1192.43090626597,470.577522784472,368.207938492298,407.600210398436,273.570647329092,224.777473807335,0,247.941399306059,133.067144036293,28.1097313761711,1.97903060913086,0,0,100.638727724552,40.4032327830791,11.7143504023552,15.2373943924904,1807.63097843528,0,2.66703122854233,29.8614936769009,2102.48345980048,101.882613331079,300.370835542679,0,412.23553353548,4.99199026823044,229.272566050291,15.4574612677097
3.29664921760559,2063.88878950477,29.7048366963863,5668.91793066263,293.514989972115,879.7768009305,1139.30146923661,776.831858932972,0,8552.62749540806,188.199928879738,4316.12512138486,541.243700861931,479.632373481989,3621.37888330221,1173.44604122639,24.8721264302731,43.3572197854519,23.2367748916149,2503.22509020567,527.485465496778,8338.45048817992,700.327484607697,39490.1622384191,1470.87682387233,171.848305284977,6985.84730005264,7028.92287802696,296.346375375986,207.21978494525,55.5810358226299,132.453916102648,36.6752388477325,405.733370691538,78.6083028912544,2230.33195087314,118.667960047722,262.156646549702,112.591406732798,2044.01911702752,124.044938951731,274.968462944031,1450.49692210555,98.0380342304707,265.08294275403,260.892407208681,581.367335796356,80.8007128834724,249.177302122116,43.8229129314423,42.7342144548893,50.4345584213734,2053.3157902658,16.615040063858,220.10531488061,1236.82633972168,365.167839378119,9601.94885346293,1602.08713597059,147.483238339424,708.86364364624,89.6358296573162,377.144821494818,261.089895099401,3011.45553138852,28.0969663262367,91.4508846104145,24.3251495957375,415.58027485013,1533.05052509904,2057.4407543242,1603.05131965876,9472.39485257864,39.1877927482128,136.165879040956,1397.44815275073,5459.81153473258,313.55157661438,530.072258353233,40.4211541414261,83.1285191774368,14.9869101047516,310.942678451538,126.957202732563
141.763478428125,9.14574152231216,191.46200838685,7814.8765412569,345.4285633564,27922.4989383221,27700.6633967757,22644.2330929935,8552.62749540806,0,1930.51203197241,2446.63892504573,440.898775756359,9295.71009324491,1334.17338618636,0,309.141052603722,1032.0635086,492.327777922153,3110.81924846768,112.876854091883,18.0232050418854,100.651005730033,2056.65307974815,20.9154945611954,1076.28000760078,280.797200620174,9080.87819257379,6163.21984699368,537.178523629904,100.550727665424,1222.02384346724,38.5748798549175,5963.94741347432,1490.84775137901,7946.36393669248,284.54979005456,2735.24582397938,580.642604768276,1464.17096552253,851.547360450029,1652.1400911212,385.160873770714,3.11123031377792,132.716564893723,194.334008425474,2128.16204088926,261.117173582315,497.716453313828,6.3952599465847,0,1.88268637657166,5940.84101054072,52.9610433876514,482.058894395828,953.822485566139,374.142001926899,1990.54406777024,7994.5906380415,142.866772919893,2480.29339364171,0,201.300339132547,912.608604043722,8.80784010887146,2.93040263652802,0,0,1507.98311492801,15.4971198737621,7.21528452634811,7.19132542610168,3356.25965556502,0.466220676898956,1.93339890241623,16.1565016806126,4420.68574497104,55.139725714922,76.5028501451015,0,14.536290794611,0,209.89461889863,241.602783203125
40.889600455761,477.983776718378,42.4791892766953,101.485398560762,9.89335095882416,268.190023750067,1200.50970625877,556.899315357208,188.199928879738,1930.51203197241,0,313.7713932693,8776.51025772095,1550.77934536338,62.5141388773918,6.36421185731888,177.072688668966,15458.5401898324,2590.65143641829,57.7822734117508,57.2153412103653,299.729034900665,125.177037000656,227.983293682337,883.348676472902,5671.4201297462,189.028595656157,447.098601073027,1746.61038833857,222.855878919363,591.896326988935,874.965241163969,8.68216797709465,11103.3748581409,40.2805664241314,1022.28321474791,2727.32004761696,6788.03112563491,695.75514113903,96.8678949475288,27.9911551475525,4909.41122180223,26.7992803454399,1907.16583812237,56.7588932216167,24.135455340147,30.1717385649681,5.63642072677612,1276.6284981668,0,105.737557113171,0.781114041805267,0,0,2.89503943920135,15.3600063323975,1.86494779586792,103.256057471037,1.122110247612,914.449738025665,3.62403154373169,4251.69705706835,3.84434950351715,1.28397735953331,8.09617403149605,0,52.9427614808083,4.88431662321091,0,0.472361356019974,45.264567553997,4.8419386446476,66.2569400370121,243.174777030945,1144.84838747978,666.236151278019,23.6644664108753,0,8.47060784697533,2190.48810109496,1.88034582138062,0,15.7795573174953,15.9029492139816
19.1166210472584,0,23.5494692623615,7542.98337367177,289.611989438534,4287.40328806639,370.871192485094,2627.72821244597,4316.12512138486,2446.63892504573,313.7713932693,0,43.3194845318794,1459.99155363441,3824.78331092,0,55.2159561216831,186.642322391272,99.8189469873905,14032.127335757,19.6486895680428,3.55600509047508,22.9701660871506,1032.94882068038,4.80827230215073,185.313001304865,42.0223064720631,711.134525090456,739.418567508459,75.386141628027,10.2160891890526,132.896003752947,0.52066969871521,805.364756047726,1100.88455870748,757.22084903717,44.8189569115639,265.254528850317,99.5544314682484,1454.63541683555,91.6469222605228,258.636809378862,64.0676242411137,1.85617828369141,35.8598497509956,62.5159316062927,1120.10817959905,67.3521519601345,137.90360185504,1.57567375898361,0.382497578859329,0,1223.75984245539,34.2114110887051,331.593835651875,92.6944253146648,219.173993617296,740.975846022367,2360.62405708432,53.7485334575176,1660.63228368759,0,84.2868632674217,640.861401587725,0.469811856746674,0.552342057228088,2.29028075933456,1.2158440053463,569.536187440157,0.652356922626495,2.73145732283592,1.03792309761047,539.999584674835,0,1.94307029247284,3.78140571713448,563.744526416063,19.5216771960258,8.81992518901825,0,29.9544333219528,0,53.9467059671879,550.953495502472
9.94447484612465,1866.79323598742,18.2912995517254,45.4576527476311,4.25426495075226,52.6650519967079,445.830021321774,56.9739900529385,541.243700861931,440.898775756359,8776.51025772095,43.3194845318794,0,107.035549104214,65.0561518967152,35.6408090591431,12.3825635313988,113.058053135872,9.0340781211853,11.5243797600269,86.8334558010101,960.107545912266,60.6821804344654,660.724479287863,7223.24393036962,567.347293883562,1700.32069283724,242.955367207527,97.584292858839,201.626076996326,1603.47585514188,34.1523122191429,4.08855777978897,2489.572180897,7.20481586456299,235.796036154032,1813.34273186326,2257.46529850364,153.826991707087,206.274818271399,9.69715195894241,4218.29721599817,119.061107158661,5368.7743897438,102.370006501675,60.094775557518,69.5508733987808,5.91985374689102,3429.92789614201,2.56127727031708,350.002273738384,5.7658486366272,2.35306388139725,0,1.25270289182663,39.6674962639809,6.16514521837234,157.476324975491,4.10566064715385,2850.92295235395,2.08937585353851,12650.0774239004,10.8645017743111,8.98788398504257,11.4451799094677,3.95090755820274,128.411686182022,8.54969191551208,0.543517053127289,8.86411508917809,242.08761882782,4.1274419426918,191.327733784914,1001.43616336584,3171.08195111156,2662.69677037001,82.0172896385193,5.13876706361771,20.3969678580761,5628.64796766639,4.1169219315052,0,42.3992821574211,1.28046298027039
12822.7846249044,5.23110604286194,2748.53083451092,496.048153311014,67.2778986394405,1922.07123830914,28373.1398934424,22826.6569983661,479.632373481989,9295.71009324491,1550.77934536338,1459.99155363441,107.035549104214,0,337.773314893246,5.05580249428749,2278.07000374794,1049.59188729525,1044.43790414929,236.68065404892,5984.64937669039,11.117181122303,4833.51685942709,516.666539698839,2.27470025420189,1112.61479836702,748.778974235058,3125.59267494082,26246.9819905162,24499.4845938683,43.0775529146194,458.129146575928,253.377889573574,2772.09765082598,163.083032399416,3158.76069134474,354.12626260519,965.237159878016,452.084121376276,628.437535822392,242.694360762835,573.337569355965,498.648130118847,8.59484049677849,162.27195546031,113.230115950108,512.037442266941,148.439953237772,244.810852557421,7.22575306892395,3.78254681825638,31.335040807724,192.079435050488,6.3746395111084,67.7594678997993,845.142289876938,197.136401474476,224.184586971998,180.147366434336,108.745558291674,95.214775711298,6.72726961970329,107.376305371523,63.3373100459576,42.422445088625,5.57632952928543,0,0,48.7425977289677,58.583486944437,19.027097761631,35.2586407065392,1219.05601903796,1.1012966632843,10.4328970313072,123.798733383417,1522.20711109042,71.5800235271454,305.262843132019,0,165.120220810175,2.04665350914001,151.150536358356,16.6450896859169
18.9922029674053,215.830589234829,46.945076495409,584.534442067146,4070.82714363933,4431.47004964948,730.126687258482,1409.69383919239,3621.37888330221,1334.17338618636,62.5141388773918,3824.78331092,65.0561518967152,337.773314893246,0,60.809567630291,69.8970468938351,40.7567626535892,34.4235570728779,480.442775398493,921.685964584351,573.182028800249,839.215333998203,6174.45940306783,131.590800285339,46.9179048836231,944.105307817459,1214.04172077775,182.79512989521,696.887113183737,8.86295932531357,130.339264541864,1.94781500101089,175.972433745861,4594.00898861885,501.411206394434,108.779353916645,112.920791774988,76.7335813939571,4129.69685488939,140.315107673407,123.772007912397,99.509138405323,20.5319620966911,49.5145272314548,218.15024676919,948.329579383135,36.3583821058273,85.1556750833988,2.50896465778351,0,7.15517961978912,372.313014268875,36.8233995437622,162.625076949596,105.164789617062,167.394276499748,114.169480234385,839.823740929365,34.9577365517616,601.634484708309,3.60408395528793,89.5649088919163,346.975073337555,31.3585145175457,2.76700645685196,3.60067313909531,3.20811420679092,242.820476353168,41.8874143660069,18.6116632223129,49.5569495856762,219.707857906818,2.08190625905991,18.9449279308319,47.2699671983719,346.599124342203,36.2903408706188,59.2118614017963,0,39.1088970005512,0.827105224132538,47.0486127436161,1174.62976369262
3.44946426153183,439.09799388051,105.284807890654,0,33.9382448792458,0,13.0543200671673,7.48696520924568,1173.44604122639,0,6.36421185731888,0,35.6408090591431,5.05580249428749,60.809567630291,0,106.024180352688,1.9952078461647,10.8048590421677,0,12826.6756059229,11211.1334440708,10768.5798782706,4108.11763527989,129.407960504293,56.4515263736248,6649.11985456944,2086.32612791657,11.1710888743401,106.450059890747,4.74760544300079,3.47026759386063,3.13728886842728,467.835029989481,222.3962444067,3474.77342623472,1464.06445536017,1211.66500404477,911.848069250584,38.4714481830597,19.9631785154343,65.7098564505577,1025.21864780784,96.9388418495655,340.978351265192,462.960118144751,116.873675465584,6.54439383745193,9.78808197379112,5.72176116704941,29.6932738125324,237.844529509544,0.497848451137543,1.39810651540756,6.30602741241455,76.8373011052608,26.0178170800209,51.3493972718716,10.940020263195,8.19152507185936,4.06356036663055,1.35219189524651,51.9513437449932,4.03903651237488,7720.3082908988,61.8043382465839,2.15233039855957,8.83894968032837,0.527905166149139,3032.91535788774,2101.51795917749,9880.02995368838,826.760779619217,3.33925300836563,15.1313868761063,4101.97644782066,845.012469023466,22.1000687777996,755.860634595156,2.60133808851242,1.68344134092331,9.11631202697754,235.58639600873,67.3319379985332
808.994711279869,113.144228607416,29607.5407679975,5.43455672264099,17.9183991551399,31.0229632854462,232.027951776981,493.983482033014,24.8721264302731,309.141052603722,177.072688668966,55.2159561216831,12.3825635313988,2278.07000374794,69.8970468938351,106.024180352688,0,744.1697691679,8670.57033148408,9.39477491378784,1579.93491396308,73.2755734622478,12439.7102347016,111.576787501574,0,14520.9612943232,12392.8846946061,174.762934654951,3907.41373744607,1735.25918278098,3.37225604057312,198.943771779537,387.559165418148,16349.1440449655,503.537420243025,7027.11277118325,6957.48584908247,4822.44243457913,3554.76594755054,92.7946494221687,42.0101792216301,30.8355504274368,350.425871223211,93.3653747439384,125.717266589403,172.741070240736,26.1773369014263,2.71715569496155,11.8535879552364,4.27598655223846,66.178520321846,859.909249156713,0,0,0,11.6807700097561,0.709834456443787,13.5455878078938,0,1.3688268661499,1.09525585174561,0.958943367004395,6.63165554404259,0.589083909988403,134.716692477465,485.000086098909,1.77286863327026,23.1603485047817,0,172.038832873106,41.2448853254318,406.908115237951,49.5042313933372,1.16673851013184,724.554418981075,3734.50461888313,88.0354520976543,1.08189511299133,80.8033684492111,1.01420569419861,2.1062924861908,0,82.2306495606899,160.198768645525
33.7815901041031,10.6381178796291,207.168792843819,46.9622745215893,4.50493088364601,116.739674121141,621.17090138793,339.749560236931,43.3572197854519,1032.0635086,15458.5401898324,186.642322391272,113.058053135872,1049.59188729525,40.7567626535892,1.9952078461647,744.1697691679,0,12995.231698066,32.2416698038578,41.4209098815918,3.27313530445099,165.304804682732,52.3271380662918,30.4413916170597,2001.42426127195,295.487946182489,208.968220233917,1262.5818246007,138.868336886168,39.8073962032795,644.443633705378,12.5911828577518,5126.01072725654,183.682366102934,2553.67250019312,6488.61349472404,7665.18066117167,2612.88258469105,46.8534310162067,18.9939754009247,83.6297696232796,33.471507191658,136.525680840015,27.2373701930046,20.0319097042084,5.84744969010353,1.80686819553375,16.7669970989227,0.444864302873611,9.02225250005722,6.57011282444,0,0.776954293251038,0,0,0.872370481491089,34.1396102309227,0,33.6131874322891,3.74209544062614,310.143340617418,0.599619686603546,1.98821711540222,1.0017923116684,9.64381429553032,36.2415932416916,15.1282739043236,0,0,4.41450661420822,3.0492779314518,4.28415548801422,31.1178961992264,1484.01965221763,1096.22657746077,0,0,0,345.211063325405,0,0,7.8524788916111,62.4412708282471
110.265636116266,37.8497848212719,3677.70731034875,17.468502342701,2.9533419907093,58.9318565130234,283.614027708769,256.158131450415,23.2367748916149,492.327777922153,2590.65143641829,99.8189469873905,9.0340781211853,1044.43790414929,34.4235570728779,10.8048590421677,8670.57033148408,12995.231698066,0,16.8909831941128,159.752131909132,4.19287770986557,1420.50616133213,30.3429900407791,7.51471051573753,14174.3149322569,1679.42905083299,103.115372657776,1507.43890532851,233.87829375267,5.13154894113541,552.754753053188,45.2671168148518,9647.98370414972,219.757873475552,4333.41793352365,5495.61609643698,4911.37433430552,2899.97527456284,49.0283552110195,10.9448185563087,10.6851761937141,54.1548027396202,38.3992418348789,29.0747872889042,37.0619038939476,5.78105574846268,0,3.57564383745193,0,40.6924229264259,115.866917669773,0,1.03240418434143,0,0.468869209289551,0,19.1405099034309,0,6.34180474281311,0.481059283018112,23.0747894346714,0,1.80524009466171,17.1952619254589,86.7418605685234,11.8838452100754,16.5149390697479,0.794201850891113,14.7588523626328,4.85718405246735,45.0333322882652,4.52573722600937,12.0283156633377,785.041471689939,1288.96155714989,5.65995728969574,0,7.22429692745209,29.0452409684658,1.011967420578,0,15.3371583223343,94.6346651315689
1.89521086215973,2.26418912410736,6.33442389965057,16029.591573447,43.5954539179802,451.565900415182,78.6663959622383,427.356332302094,2503.22509020567,3110.81924846768,57.7822734117508,14032.127335757,11.5243797600269,236.68065404892,480.442775398493,0,9.39477491378784,32.2416698038578,16.8909831941128,0,0.621802896261215,5.08382514119148,3.79999569058418,1697.60579824448,0,31.9139856398106,10.7925323545933,975.267879039049,169.073553770781,11.0807937383652,3.04150861501694,26.0403323769569,0.739886939525604,169.225409239531,14.7719630300999,202.335925787687,8.06284070014954,60.6843714416027,16.852978348732,226.251480042934,20.1927736103535,67.7391341924667,39.2241953909397,1.12983250617981,13.0553933382034,15.4651149511337,321.716072380543,19.4881326258183,20.1615645289421,1.82859021425247,0,0,1062.65096873045,12.1380706429482,82.1122234463692,110.262723863125,79.0672400891781,444.286505758762,1431.88573741913,9.43464279174805,524.121251732111,0,42.8874633610249,175.125393122435,0.925731480121613,0,0,0,298.062436312437,0.535309374332428,0.820860922336578,0,500.217243015766,0,0.659702777862549,0.36337885260582,590.150275081396,10.956607311964,6.37530609965324,0,3.65975040197372,0,23.2834966480732,1.33269572257996
1410.5821582973,35.5934800505638,4016.50096866488,9.11344993114471,374.164188861847,131.473992347717,3269.49261406064,2786.48835811019,527.485465496778,112.876854091883,57.2153412103653,19.6486895680428,86.8334558010101,5984.64937669039,921.685964584351,12826.6756059229,1579.93491396308,41.4209098815918,159.752131909132,0.621802896261215,0,1252.39266619086,51867.8795107305,819.198609232903,8.04337114095688,245.676606804132,4910.47081905603,7957.27654957771,3295.76797841489,35910.5731664002,1.13848301768303,79.0904125273228,521.430692881346,22142.6852008104,2519.371596843,26883.544164747,7793.23650658131,14238.7138065398,9492.43678176403,618.220009386539,326.777783215046,344.281817615032,803.65588966012,71.5925135910511,180.60756868124,230.767558127642,486.026125192642,22.3743323683739,49.5760484337807,7.45678287744522,17.7961162924767,129.006311774254,5.05022364854813,2.67862260341644,14.5946217477322,85.3452395200729,58.4552139341831,75.0532101690769,30.8847218453884,25.9616757035255,10.0929280817509,0.397426038980484,39.0376223623753,21.8624187409878,4743.52090728283,115.5715046525,0,3.20255255699158,2.82265055179596,9185.796692729,1289.46685501933,5808.26366761327,1828.08454343677,10.2552464604378,16.1516378819942,1261.60117310286,3004.05372315645,68.859852284193,3012.66371712089,0.498594015836716,15.2466121315956,38.6634920239449,152.054941445589,413.667634546757
1.48163938522339,4545.40784725547,86.4654275774956,15.1064378619194,25.5443739295006,3.2933546602726,56.9396086335182,7.59507769346237,8338.45048817992,18.0232050418854,299.729034900665,3.55600509047508,960.107545912266,11.117181122303,573.182028800249,11211.1334440708,73.2755734622478,3.27313530445099,4.19287770986557,5.08382514119148,1252.39266619086,0,2261.05075636506,23780.0093885362,2696.43375331163,98.3495931923389,21957.1748581231,1387.1322901547,10.8148999810219,31.2121001183987,87.1649830341339,2.34886991977692,2.41093695163727,133.318422794342,15.5250111222267,394.113975197077,220.369976818562,198.498655468225,108.175096601248,166.474289238453,1.30238920450211,435.775030195713,499.28321620822,166.433985084295,170.763041824102,185.347008287907,32.1972207427025,2.57369357347488,167.887423992157,2.53679016232491,221.113114178181,224.002920091152,4.93251386284828,3.01204359531403,2.45287442207336,46.5272888839245,8.94786873459816,123.650169759989,1.6443178653717,78.746138125658,0.51954311132431,322.728936582804,25.0097678601742,16.8375901579857,2551.93941000104,107.465819090605,2.3922752737999,3.55067771673203,0,937.003595709801,2181.8200725615,1953.28947380185,1332.8868816793,104.661989271641,222.213548839092,4102.72730788589,341.264740526676,13.6327944993973,179.520727992058,93.1512930989265,1.05263662338257,0,116.640606254339,22.9387947916985
1798.22348988056,175.142114907503,41483.9737614691,2.86091789603233,599.006584584713,46.0757314264774,802.706499189138,1463.47343164682,700.327484607697,100.651005730033,125.177037000656,22.9701660871506,60.6821804344654,4833.51685942709,839.215333998203,10768.5798782706,12439.7102347016,165.304804682732,1420.50616133213,3.79999569058418,51867.8795107305,2261.05075636506,0,1706.4297413826,28.1605904996395,1972.52334663272,42791.0044818521,5827.60875013471,4941.10307273269,9159.28893887997,3.19329524040222,87.4382621645927,530.247741788626,28371.6388202608,3694.08154043555,52447.9036364853,15264.2382794917,28155.9170606136,25285.6293043196,584.435547113419,233.453680932522,313.553595811129,2900.47335699201,233.432049959898,1156.15261548758,1426.31017714739,486.876973062754,17.3931408822536,44.54802313447,42.7061552107334,41.362801104784,2021.63704368472,5.02064913511276,3.7250382900238,9.04244947433472,228.319016844034,83.6221166551113,32.8596276938915,31.3123784065247,29.2424364387989,11.0452145934105,1.28158754110336,192.790698498487,26.1634031832218,11273.6955435574,362.239691317081,0.651055097579956,28.3603551089764,2.76570811867714,4629.62060278654,2154.02887308598,21433.8617245555,1008.39482390881,0,95.9873465299606,14226.161265105,854.107197463512,52.1898809969425,1059.75885644555,0.502324759960175,17.8898018300533,7.90033012628555,676.626105606556,1162.69402295351
12.0053812563419,3948.53774812818,118.137623071671,6240.0350151062,417.582684934139,370.848337650299,3214.36559584737,749.066060334444,39490.1622384191,2056.65307974815,227.983293682337,1032.94882068038,660.724479287863,516.666539698839,6174.45940306783,4108.11763527989,111.576787501574,52.3271380662918,30.3429900407791,1697.60579824448,819.198609232903,23780.0093885362,1706.4297413826,0,2208.41762042046,140.04474195838,12344.2039070725,17274.0578095019,446.93908393383,333.600369751453,49.1033929288387,117.120208978653,240.897441387177,1111.91837495565,512.610878616571,4901.42373374104,589.464119136333,857.341565847397,357.760990411043,1665.36666122079,172.593782931566,415.881972819567,4109.96132555604,106.212273359299,721.779228359461,507.986821591854,2051.54540365934,294.239410847425,668.165331691504,105.778487563133,86.2733586728573,116.23833668232,2258.46479043365,16.9089162349701,317.575798779726,4482.70979040861,1162.84109583497,4575.39527902007,2135.91145253181,413.763882249594,474.955779910088,66.7269834280014,1434.45447558165,309.985049664974,2343.19260630012,52.4770745337009,13.8911494016647,28.8823408186436,327.908946275711,3233.39440816641,1452.60052895546,1447.29621884227,17807.7889094353,30.0019497275352,38.789902985096,1275.69834160805,15608.1761150956,1132.26849859953,3149.13377872109,22.1967025399208,217.9600469172,80.5530391931534,1191.1577296257,255.531889051199
0,5531.95504322648,3.05420875549316,0.722041308879852,4.77164959907532,0.409198254346848,7.4247839152813,1.04076516628265,1470.87682387233,20.9154945611954,883.348676472902,4.80827230215073,7223.24393036962,2.27470025420189,131.590800285339,129.407960504293,0,30.4413916170597,7.51471051573753,0,8.04337114095688,2696.43375331163,28.1605904996395,2208.41762042046,0,618.84484025836,4561.70634961128,65.2266134023666,5.62860757112503,4.07473826408386,509.282058238983,5.23075187206268,0,126.998465001583,0,16.1483824551105,218.636284857988,131.519693076611,19.201339662075,57.2741307616234,0,1716.38191100955,49.7537563741207,507.598556667566,75.0227410793304,33.5172591805458,15.1501253247261,1.21604800224304,948.580415219069,0,1440.26976686716,0,0,7.40530651807785,1.52015721797943,0,0.430884212255478,235.824077546597,0,886.396605849266,0,5533.0174138248,3.51092535257339,20.3568620085716,16.8541977405548,6.94467490911484,16.1016361117363,10.741955280304,0,2.76970702409744,248.974190950394,4.10922187566757,169.117936909199,1841.8428683579,1137.0320943296,2464.70693168044,11.4820311069489,2.64809346199036,0.96158754825592,1167.14192503691,4.59579980373383,0,28.3309751749039,3.01706928014755
95.171897560358,738.623467803001,15430.5823163688,43.2566004097462,5.13898468017578,118.621264517307,662.007591843605,345.866121828556,171.848305284977,1076.28000760078,5671.4201297462,185.313001304865,567.347293883562,1112.61479836702,46.9179048836231,56.4515263736248,14520.9612943232,2001.42426127195,14174.3149322569,31.9139856398106,245.676606804132,98.3495931923389,1972.52334663272,140.04474195838,618.84484025836,0,28282.916682899,280.196478277445,1497.00909811258,235.795624375343,618.818586140871,539.56414192915,23.7847133874893,8681.38331583142,733.750488758087,13891.6334627569,23976.240449816,11198.0568042397,7209.9581104815,90.8154168128967,25.1037005186081,146.59634873271,867.578893721104,1911.44863909483,597.447008132935,644.932130426168,8.61114329099655,7.54031056165695,66.7329052090645,4.98647493124008,1054.62806656957,593.822770446539,0,2.02718186378479,0.594386637210846,2.22452336549759,2.25525256991386,65.2787342965603,0,341.266381084919,4.56229826807976,3578.19848999381,7.64784938097,4.40616601705551,31.7582214474678,901.662519365549,359.930936694145,509.046864509583,0,8.11206021904945,127.057354450226,107.471939027309,70.3529598414898,700.037926644087,24013.8922834396,30065.1101292372,5.15824913978577,12.4312614798546,15.5914950966835,3471.81638681889,1.13334584236145,0,234.658589482307,307.514322251081
159.271990835667,37942.640448451,33241.8310515285,25.0522403120995,77.3368660211563,42.9181850254536,390.385670155287,190.863946378231,6985.84730005264,280.797200620174,189.028595656157,42.0223064720631,1700.32069283724,748.778974235058,944.105307817459,6649.11985456944,12392.8846946061,295.487946182489,1679.42905083299,10.7925323545933,4910.47081905603,21957.1748581231,42791.0044818521,12344.2039070725,4561.70634961128,28282.916682899,0,5553.84723678231,910.526998847723,407.70706230402,453.326331019402,138.10653552413,32.1746774017811,12002.543076694,1509.33557066321,30675.5855780244,17189.2101492584,12800.8393658996,10383.0725994408,406.11664968729,53.1086402833462,96.5340785086155,6813.21730035543,2587.92215192318,2891.17718860507,3336.09763142467,129.306287825108,29.8065028786659,98.9272408187389,107.396121621132,7220.23793339729,8560.37469255924,4.19818156957626,3.76764124631882,5.00039687752724,219.406803280115,46.5214728415012,160.764704018831,10.9059533178806,153.926304042339,3.14907151460648,2955.76955226064,316.01248550415,25.8026908636093,3102.00282284617,5918.34281429648,207.749149411917,793.343041658401,1.29369336366653,587.944428950548,2523.65715757012,8238.89709478617,842.743870615959,1563.24401944876,28015.582005024,111800.536581486,389.552848249674,128.436749309301,856.932816118002,1615.76247832179,8.47660803794861,4.17799744009972,1943.22333699465,719.176201015711
161.322483837605,136.014994800091,439.88116016984,6856.15856340528,197.105077445507,712.045780301094,55774.4397996664,3499.20407864451,7028.92287802696,9080.87819257379,447.098601073027,711.134525090456,242.955367207527,3125.59267494082,1214.04172077775,2086.32612791657,174.762934654951,208.968220233917,103.115372657776,975.267879039049,7957.27654957771,1387.1322901547,5827.60875013471,17274.0578095019,65.2266134023666,280.196478277445,5553.84723678231,0,2581.69612690806,37050.6961958408,25.3601437807083,490.393762767315,962.125795096159,5580.26552194357,2000.71936628222,16709.1879238784,1295.71940475702,3855.23777106404,1498.94301259518,1013.92431527376,699.344620347023,849.605774968863,4488.09160467982,88.1147685945034,780.921890705824,566.963260412216,2613.61689171195,367.704847276211,628.83193820715,126.782482385635,41.0377471148968,120.753676623106,2152.07299503684,17.3642307519913,285.468211054802,4788.96555414796,993.58474829793,2403.72718793154,2433.65098839998,413.079027116299,501.982414156199,1.46399980783463,1251.90141189098,255.202179133892,1795.13425228,41.1551829278469,1.61294716596603,11.3311519920826,336.555065631866,3459.07906404138,942.712126374245,1243.77564835548,13498.0956681371,6.75335183739662,3.84102687239647,916.85232719779,15377.8287457228,1267.92205426097,4921.95710605383,0,150.321404695511,117.70100826025,1322.63227584958,366.430073708296
13779.6311538517,6.87032017111778,1874.0240342319,439.976580411196,28.2703026533127,856.743035644293,15630.2037891299,3211.7773142755,296.346375375986,6163.21984699368,1746.61038833857,739.418567508459,97.584292858839,26246.9819905162,182.79512989521,11.1710888743401,3907.41373744607,1262.5818246007,1507.43890532851,169.073553770781,3295.76797841489,10.8148999810219,4941.10307273269,446.93908393383,5.62860757112503,1497.00909811258,910.526998847723,2581.69612690806,0,20774.6700630784,42.6192819476128,783.426735639572,6257.58163672686,5514.01129159331,253.983869969845,2355.25419971347,418.253522336483,1226.29794755578,420.031456142664,269.884435147047,152.367888629436,263.044908463955,282.617883950472,6.68951231241226,59.6052979826927,60.2512165606022,243.931769371033,62.3985875844955,121.706018149853,3.25664973258972,1.99868574738503,30.6729981303215,55.800645172596,0.692741990089417,20.04300609231,461.20948278904,72.0237560272217,189.263391554356,49.0360957980156,32.8210260272026,31.5573427677155,4.04071685671806,50.8176192939281,33.5177688002586,43.2836348116398,4.03548258543015,0,0.937463641166687,14.5094686448574,47.1904157400131,11.5564944148064,29.4768996238708,749.767356187105,0.529455065727234,22.3102026879787,124.505734980106,854.507919281721,38.3642253875732,219.820058256388,0,42.9162201285362,2.02432191371918,54.570398837328,37.9568737745285
9687.97737017274,3.89300584793091,1629.56531098485,21.3526724874973,115.804951250553,319.894726514816,19593.0171146989,7715.25506058335,207.21978494525,537.178523629904,222.855878919363,75.386141628027,201.626076996326,24499.4845938683,696.887113183737,106.450059890747,1735.25918278098,138.868336886168,233.87829375267,11.0807937383652,35910.5731664002,31.2121001183987,9159.28893887997,333.600369751453,4.07473826408386,235.795624375343,407.70706230402,37050.6961958408,20774.6700630784,0,14.2221330106258,284.175448596478,5586.33078330755,15517.7913880646,3028.64556357265,20389.9346029758,1973.56028500199,6163.21589139104,1921.12868386507,743.85439568758,710.569837152958,687.979777127504,1123.18251907825,36.2214779257774,165.828873425722,140.95096552372,727.010007202625,91.8589404821396,107.693822205067,22.8370550870895,9.3255627155304,50.1917418539524,18.5861898958683,2.31870865821838,17.8231722712517,704.156303495169,109.572507679462,248.981123924255,53.4026935696602,57.9568321704865,14.2857308983803,0,128.667385607958,37.0415143370628,1200.09116569161,34.4073166251183,0.673373878002167,0.825545132160187,5.1641902923584,3277.7940941751,314.27666246891,799.019023567438,2914.40508368611,0,3.43683031201363,272.626355797052,4976.26636573672,259.579490810633,3817.43610578775,0,43.8246092796326,59.5049738287926,231.050469338894,423.340131223202
