0,3.41069552725881e-05,0.0292252412863618,0.000614937333338407,0.000438354409742147,0.0155427873583117,1.40156769766984,0.0656659270091958,0.00167001946266642,0.0256461291956337,0.00561313245153973,0.00327185993020126,0.00253377489239518,0.471656756799292,0.000888197681342454,0.000474305265274834,0.0436154862127442,0.00116740342946999,0.036272040071288,0.000924720802251458,0.0496030604402549,0.000608944434582269,0.0735782059394162,0.00825627680898117,4.91645151828826e-05,0.0238712791817547,0.0300115429686118,0.0620368466318598,1.35979359238561,1.50448523133077,0.000133000416374099,0.00200830421822542,0.0100933485258655,0.0555560276727898,0.00115023103565997,0.0154427801242954,0.00645961330308603,0.0145599239384973,0.00743840033808357,0.00170114764082743,0.00129203116152408,0.000828260409464514,0.00121044853533789,0.000139710381315174,0.000394920460050324,0.000195050039940286,0.00064640013467699,0,0,0,0,0.00176728734248679,0,0,0,0.000113827290735388,0,0.000637326505698761,0,0.00038648446905936,0,0,0,9.65427631503941e-05,0.000301936430132079,2.80492183775395e-05,0,0,0.000110790194501996,5.69120111166596e-05,0.000888021770663904,0.000270847237594798,0.0031063683574557,0,7.35286773485631e-05,0.00517975565695953,0.00143522260032531,8.04262933659435e-05,0.000147720184818259,0,0,0.00013219169337408,0.000490662674025446,0.000315964229450816
3.41069552725881e-05,0,0.0156056494615996,0.000193339076751345,4.58585178453505e-05,0.000115739423545745,0.00015318128132864,0.000225429194085991,0.225271950169653,0.000566849699651903,0.0170270733892265,0.00295228435028807,0.145543800137248,0.000583805287963864,0.00346396466691083,0.038400351639292,0.0123564212615585,0.000639363201328516,0.0038132833869552,0.000516077207360586,0.00845566139657973,0.400595213597057,0.0146022142439406,0.150157523253478,0.121042090431562,0.0248157318693239,1.50364964022619,0.00570245975997277,0.000847578690513485,0.00076150283243534,0.00626210002542646,0.000274034186425385,0.000206485804057294,0.0105345724054791,0.00154351484212144,0.0292904843161059,0.0253747853769864,0.0130983274840623,0.0102058706538752,0.00140521850165282,0,0.0455962778970343,0.0138391804651791,0.00560494222775029,0.00763503301653253,0.00548095770709618,9.78633202125427e-05,0.000240608117692196,0.0204432953547717,0.000120572482008898,0.276791366085967,0.043380312198155,0,0,2.23603571227789e-05,0.000315394554208213,0,0.00274444666345422,0,0.0194682587511665,0.000217612828346837,0.0246537803900982,0.000129837220714205,5.53718682740331e-05,0.00247583921315427,0.0155291495668353,0.00341853394510862,0.00491540578006631,0,0.00113312992448821,0.0330690335217276,0.00845605359627134,0.0047984427624502,0.0103957946470324,0.0688675755526773,0.852419457856968,0.00039561316150522,0.000787648474694258,0.000285796068419772,0.00598938704873581,5.28188289743424e-05,0,0.00972615438342593,0.00107216838320498
0.0292252412863618,0.0156056494615996,0,0.000123123054514575,0.000580949999588457,0.00855391594004459,0.0711385149124679,0.127817884486943,0.0019385165290734,0.00220989806397333,0.00894001005179911,0.000238768362159956,0.00312878145771799,0.140169991986152,0.00237762652810034,0.0119256920641456,2.30117621442591,0.0117676717269609,0.402272186232567,0.00024354714344607,0.30932986894543,0.0192520348897329,3.72977879080296,0.0417395815923758,0.000134253301053798,1.63608892053519,5.04564046536728,0.199448687780627,0.0654596882931026,0.225487198596494,0.000271555312829471,0.000903147218801128,0.00314717345761472,0.213154590875273,0.0213749490713211,0.503541710413272,0.412557225698155,0.23436042751852,0.178997565044338,0.00287392743500299,0.00215508625044524,6.80640630871355e-05,0.0916107330570345,0.0149401708876304,0.0429452169192337,0.0221983005992414,0.00141295055185865,0.000649312526764244,3.624610508039e-05,0.000956111162072496,0.0230066589839798,0.459000641030215,0,6.90621793367326e-05,0,0.00959482821740797,0.000419898762705498,0.00126494965359034,2.18764851986289e-05,0.00362817186223979,0,0.000303049316542754,0.00304527361443486,0.000477422426961019,0.0128592746054782,0.0541652363880893,0.0126336226508992,0.0156002616969653,0,0.0118927425414722,0.0370521532791297,0.126526750814459,0.00984531798686864,0.000644485450276574,0.113832440318212,1.28496934262184,0.0074104429461132,0.000496970931839654,0.00515487557510413,0.000919834211788625,0,0,0.052378620676394,0.0141127073734025
0.000614937333338407,0.000193339076751345,0.000123123054514575,0,0.00666338703671703,0.0477689897915634,0.0168465334351,0.0293453665283377,0.165283446844688,0.504353249042814,0.0100999951892748,1.19587702824048,0.00951468208631775,0.0157173892304703,0.0852326953806065,0,6.98295192975908e-05,0.00039309454682991,0.000358238179535875,2.72435588015501,6.88212043964923e-05,0.000354435930051735,0,0.210812510661335,0.000203383381465342,0.000414803531575835,0.000260922258902073,0.472346030790371,0.0314600471810536,8.52257648868501e-05,0.00016658748709951,0.00457355223908955,0.000208778946050995,0.016787976047965,0.00402635047667166,0.0520127470987252,0.00346990975097633,0.00544116422631442,0.00175540511691861,0.0509608173060243,0.00485965011461777,0.00125274942229967,0.0142457810895329,0,0.00388518518024704,0.000647063283425683,0.0453033919208646,0.000608265765587905,0,0,4.6608253633511e-05,0,0.0365368549054483,0.0011760711038104,0.00906499117008274,0.0135834273757029,0.00438449115103498,0.0385394941723339,0.0546468852785872,0.00232649974508835,0.0210807096269458,0,0.00191622482077237,0.0117885223162119,0.000499666652046859,0,0,0,0.012121802763842,0.000128002090420741,0.000339771114583391,4.07172052048028e-05,0.142958742745469,0,0,0,0.128904343454977,0.00240324285032498,0.000295103061250877,0,4.31448645595789e-05,0.000199426255860781,0.00550408426071801,0.000535222411974553
0.000438354409742147,4.58585178453505e-05,0.000580949999588457,0.00666338703671703,0,0.301081766035715,0.0114828033555302,0.0144991667454024,0.0180435294429006,0.024580021586564,0.000561584744100559,0.0735688691292124,0.00319219253059626,0.00241511845666257,0.233013698344898,0.00144321096841624,0.00032070272490719,0.000274123355889836,0.000685423225409883,0.00560005501288022,0.0159101866532172,0.000353264382765493,0.0142673819901574,0.00952531350342454,5.04816752641081e-05,0.000742556585036909,0.00232148485564101,0.026099850850718,0.0028535142134698,0.00927229403541778,0,0.0131083976130262,0,0.00995035128285349,0.494856093304412,0.0686936304053247,0.00261670330375148,0.00144553515347087,0.00523391701801936,1.42218308267006,0.212273567815498,0.000373383583008838,0.00360680357001254,0.00627194550140378,0.00216606325511507,0.0141108167428133,0.0140613861453524,0.000264895339010834,0,0,0,0.00105288981753964,0.00135566512722855,0.000229717088502479,0.00196940397383442,0.00100780900789873,0.000287267146169162,0.00736778861125203,0.00455462317188359,0.00136906337501915,0.00405743700455749,0,0.000148308805552805,0.00299424373531438,0.00111466543168241,0.000327240099063331,0.000895395051376189,0.000462234815614646,0.00110384152755522,0.00182132932099466,0.000307869581081537,0.00605196025960977,0.00838724322778148,0,0.00161658072321721,0.00367375395268968,0.0092869933294716,6.21022742009222e-05,0.000124377295930982,0,0,0.000124539189566457,0.000574575472380895,0.106070447504963
0.0155427873583117,0.000115739423545745,0.00855391594004459,0.0477689897915634,0.301081766035715,0,0.58538664053924,1.12553077716531,0.0282804102619694,1.57148338399176,0.0287183376568199,0.488744117285192,0.0419698686490527,0.181846592781335,0.526575550144822,0.000152866536399496,0.00362848814120646,0.00354835934062903,0.00312062515234624,0.0367312573965425,0.0234538830059873,3.89659664644301e-05,0.0115680757813677,0.030782929304196,0.00107598329556506,0.00366913757124573,0.00354600172280678,0.225986844378436,0.150060405629679,0.0518325883516395,0.00065873677453748,0.0563258767357489,0.00181392598136949,0.0559383960467878,0.378209940056033,0.280635140809665,0.0143327226329962,0.0183926392845923,0.0162719614830397,0.60496271971545,0.221114629401829,0.00473975315387129,0.0113134963667875,0.000162876452463192,0.00195887409099708,0.000852796016383743,0.0281120595053696,0.00041643439590748,8.13985879352838e-05,0,0,4.88213173265338e-05,0.00398401962330177,0.000872349352067317,0.00409023905920119,0.0058783442750834,0.00152800585119785,0.0193889722014311,0.0157167944967118,0.0035742929670816,0.00969701512731728,0.000114120890614593,0.000262995072507515,0.00803687979477642,0.000139286390815714,0,0,0,0.00261028621920802,0.000105922017628646,0.000841055001924968,3.54128194928914e-05,0.0586243751979204,0.000119177432906681,0.000230786438568384,9.40753832728389e-05,0.0418709086718785,0.00146791398585298,9.79167982511047e-05,0,5.9677133031702e-05,0.000393495190151858,0.00208434886872403,0.0181227817016297
1.40156769766984,0.00015318128132864,0.0711385149124679,0.0168465334351,0.0114828033555302,0.58538664053924,0,2.73436548931998,0.0227308797771906,2.39623317869659,0.0651158901501393,0.0194479431864109,0.0515252757006982,3.194554110452,0.0275266007073912,0.00179602628417938,0.0136486194430243,0.0118458707622899,0.0140537493519391,0.011587495360285,0.34654138630924,0.000813999449289491,0.101475137854877,0.1319671626686,0.000674997867829731,0.0258852445200805,0.0217717781669873,6.30450067740878,0.725439282538459,1.50850277752924,0.0010779867485759,0.0259806615874784,0.0168732842384612,0.177715317717207,0.0771030873367553,0.381685608591596,0.0255902377845662,0.0826952176582346,0.0349341896422087,0.0515726870936406,0.0370472484446695,0.00246788014852056,0.0202119289677914,0.000143522505684102,0.00350430384878087,0.00398682165976139,0.012146735660785,0.00127891192355392,7.33469953998566e-05,0.000161830161782163,9.33928676215588e-05,0.00115223297518989,0.00436681484516902,6.27834382546485e-05,0.00215575632934336,0.00742033171432546,0.00328524756563845,0.0150319653780836,0.0144377437517552,0.00184497044013907,0.00377682372946135,0.000418916707597551,0.00145663420534412,0.00112250253390875,0.00349838593285403,2.92704407282382e-05,2.71273286325514e-05,0,0.00337103894326651,0.000838371906050044,0.00463289868553579,0.00294756461788367,0.0882187530471378,0,5.82589757226437e-05,0.00591280703969674,0.0539165975402582,0.00473628646802995,0.00136395284077308,0,0,0.000190659691345751,0.00551524744409648,0.007855701830074
0.0656659270091958,0.000225429194085991,0.127817884486943,0.0293453665283377,0.0144991667454024,1.12553077716531,2.73436548931998,0,0.0169655534480049,1.55584359285733,0.0164185970159604,0.192282351834848,0.0303952694463326,2.38107089533506,0.0175841840345061,0.000581043375450617,0.0320002757407743,0.00253330874541386,0.0189039151677669,0.0403459116746921,0.360214743387044,0.000923046339905195,0.195122306068775,0.0289196978483527,0.000538921182019383,0.0353127289634639,0.0412405700565797,0.225213258317834,0.181497778263709,0.584637439224401,7.11619812104344e-05,0.0301231791115773,0.00393083440346819,0.0617020820144849,0.0230177360454122,0.210146830948579,0.0178675996826765,0.0355411114984178,0.0280638186195354,0.111676838288119,0.0311097163482733,0.00494731420517394,0.0122940614540625,0,0.00329373688563251,0.000756162372430551,0.00666438910497621,0.000423081326552767,0,0.000270596858002379,5.58361446032346e-05,0.0012178297560434,0.00121869588596537,5.02898254988253e-05,0.00102834184067626,0.00332739601500847,0.00169039743474098,0.00900848793242999,0.00564931444567152,0.00234089316182361,0.00100502395891329,0.000144025528666362,0.000513123190693924,0.000692657363522312,0.000968278225261992,0,0,0,0.00136112592566799,0.000217081758430553,0.00257722428781494,0.000570460104509914,0.05125778994018,0,6.18075488469481e-05,0.00282227692592605,0.028041193344153,0.00171830620260393,0.000610162917763782,0,0,0.000386840936211842,0.00304747546706301,0.000935875973688528
0.00167001946266642,0.225271950169653,0.0019385165290734,0.165283446844688,0.0180435294429006,0.0282804102619694,0.0227308797771906,0.0169655534480049,0,0.258354924698093,0.020149762102131,0.437919278000926,0.114123439388394,0.00922282320608821,0.288012393746384,0.0458644506416983,0.00793502609606208,0.00160555212400882,0.00318276408156447,0.139522098361874,0.031943972007657,0.576583809610477,0.0231714452900384,3.91655227390419,0.0823236181917051,0.00720206393932003,0.256305283983456,0.573985251961265,0.0361629285121254,0.0225466982209706,0.00699059851840023,0.00373956633134001,0.00267308425779973,0.0298196401569793,0.0213467414385155,0.166921122318372,0.0126325496353316,0.0166335242456642,0.00958965294909082,0.142225352779836,0.00767227228371787,0.0139026422101177,0.0645852755115254,0.00204901956048682,0.0175910079833177,0.00532295005591358,0.031671821760642,0.00406513885195412,0.00427430392578604,0.00102786666934016,0.00518631943352035,0.0034809081036927,0.0259485853432905,0.00403183656745847,0.0101694674859642,0.0185834694493915,0.00850694263173194,0.480598485952131,0.0592672022534163,0.0105444504688332,0.0394003918957152,0.00563607653435268,0.0102038238186942,0.0217233501285748,0.0844381711621351,0.000865990458166827,8.9340978583205e-05,0.000417951941889108,0.0193445210435318,0.0403400388959566,0.149710703785689,0.0446518648991529,0.579494465388233,0.00184131405783805,0.00558861151690572,0.0309828312838518,0.181133580569362,0.0280545665411364,0.0122842643169695,0.000942816416847399,0.00241724162113124,0.00190703240538407,0.0208578612235922,0.0121113029142218
0.0256461291956337,0.000566849699651903,0.00220989806397333,0.504353249042814,0.024580021586564,1.57148338399176,2.39623317869659,1.55584359285733,0.258354924698093,0,0.171136248454475,1.25701204491769,0.133244280499292,0.49563011473874,0.141753919356153,0,0.00350428026777185,0.0218239775146062,0.013773923934877,0.540760937649268,0.00471535085404233,0.000443285613202554,0.00336564744889098,0.229290361423965,0.00209866573004882,0.0284934261502927,0.00853421937613357,2.00032430855532,0.654481111421171,0.0264596017711264,0.00188826256202298,0.0458305225572571,0.00452648427012618,0.249952577100416,0.0497570060474305,0.6315391357154,0.0474759859257661,0.0823239667111557,0.024964202977075,0.165187724840437,0.0397277851184474,0.0133041936346024,0.0550052766999925,0.000297023393581754,0.0139393206080011,0.00301373660114011,0.130936090143481,0.00319330616732345,0.000183476667260954,9.43659304944517e-05,0,2.46174864934534e-05,0.0396711140077532,0.00558052558197238,0.0238640622084172,0.0435377466280786,0.00997449576673389,0.082155359695771,0.124977252742901,0.0105991918733792,0.046425627079998,0.000464845755195084,0.00283217124185527,0.034661635457674,0.000676418926191333,0,0,3.08963072324276e-05,0.028714256022357,0.000509988376013077,0.0018502052494119,0.00018818899671374,0.427951086118586,0.000108308021569088,0.000176446962132856,0.000572611560022438,0.349850812164115,0.00854825927045171,0.00150945799360226,0,0,0.00115697492672746,0.0176313108390763,0.00300887222981045
0.00561313245153973,0.0170270733892265,0.00894001005179911,0.0100999951892748,0.000561584744100559,0.0287183376568199,0.0651158901501393,0.0164185970159604,0.020149762102131,0.171136248454475,0,0.061370473878465,0.996801396507862,0.0222428950007856,0.00261242938526482,0.00194584372955959,0.0609035185235988,1.75681997203844,0.256456693993622,0.0181156878033265,0.0122000391120001,0.00834841775037529,0.0269887869128874,0.016829079148404,0.0320090393939585,0.723623660718431,0.094117694122051,0.0574936725473504,0.181928439868396,0.0330323062145137,0.0623268697907931,0.010745406730555,0.00173820582734511,1.25389289528589,0.0127576078178019,0.204054309881075,0.299085727560149,0.368814497324291,0.0914752446990265,0.0116132981284543,0.00668062523225738,0.113056415059569,0.00329095416468392,0.00851337528534303,0.00355927065406035,0.00182257539629505,0.00196147968071801,0.000268786177235002,0.0324698899475555,4.1507907760635e-05,0.00585420987165393,0.000347272283147833,0,0,0.0002650532395235,0,0.000169739839144051,0.00773551031870479,0.000487928548918935,0.268979370292965,0.000327542157990343,0.327964973509562,0.000585482173421332,0.000244654590062028,0.000174064005710852,3.00886146328241e-05,0.00648122182507615,0.000167168098462242,0,0.000116668986047947,0.00292962959157803,0.000420494749132795,0.0116346127422159,0.0234450316891108,0.0282005055028192,0.0356338686166913,0.00080339292624563,0.00407434417432819,7.62160155952752e-05,0.0331345866120618,0.000111268120424741,0.000286594960217815,0.0121450615119272,0.00429168911655385
0.00327185993020126,0.00295228435028807,0.000238768362159956,1.19587702824048,0.0735688691292124,0.488744117285192,0.0194479431864109,0.192282351834848,0.437919278000926,1.25701204491769,0.061370473878465,0,0.0555124757255481,0.0889849928641178,0.672668341002051,0,0.00100583493286285,0.00767492243504482,0.00451483320885287,1.37374669083217,0.000357919351548723,0.0017333806960273,0.000740663325770336,0.148112370819158,0.0021093006597675,0.00661878797139044,0.00680019510639591,0.340680229896821,0.168306642069404,0.00516815756494852,0.000626779167724195,0.0263683948196158,0.000317692606663748,0.0769000538725904,0.0629298220049877,0.198899926785978,0.0205926456279093,0.0267911666740116,0.0113431944262581,0.300913908640487,0.016916907378406,0.00609010051303041,0.00637477785182119,3.8503301260069e-05,0.00117304439894679,0.000623537422661996,0.0698745520175963,0.000580500249078589,0.000122569698656121,0.000118766603781116,0,4.2209407447514e-05,0.0505170936261789,0.00481393289267789,0.0148289782716591,0.00595435533863977,0.00281274613063845,0.0583047406205171,0.040080877578518,0.00483807578855966,0.0645740380622297,0.000155922095044336,0.00106659075123405,0.0274111021611417,5.23462837460399e-05,0,0,0,0.0301033034070293,6.38337528934121e-05,0.0002807541213256,0.000205467758167726,0.0787155640830368,0.000202490854277852,6.35226413462848e-05,0.000140870977063826,0.0732078460240309,0.00096525747924767,5.01700061187506e-05,0,0.000134035883996391,0,0.00138501808221656,0.0021426227300068
0.00253377489239518,0.145543800137248,0.00312878145771799,0.00951468208631775,0.00319219253059626,0.0419698686490527,0.0515252757006982,0.0303952694463326,0.114123439388394,0.133244280499292,0.996801396507862,0.0555124757255481,0,0.0235883655364444,0.026210583820738,0.0165364426833097,0.00341114140798557,0.0195525146831389,0.00828400428804071,0.0154050278847253,0.0407574784204895,0.0743104002448516,0.0605923054756064,0.0781113644933359,0.600371473098658,0.0524663710045271,0.395870241375273,0.102747585204248,0.104448444190348,0.0481680787866045,0.160165462752218,0.0199923640085971,0.0016297832309028,0.204875496473481,0.0294600231475119,0.61110983034605,0.412934212020974,0.588962890117227,0.474030019350368,0.407524090608899,0.607178719633387,0.845007373228603,0.0260874895429174,0.0251713305689865,0.0155302629080612,0.0043801958613756,0.0758787399434774,0.00305683209641491,0.178360824199222,0.000231421494130665,0.0179906814595045,0.000651400356978247,0.00067050456912877,0.000161648559490347,0.00302060987298407,0.00219352402748931,0.00444261614386858,0.0106342808259443,0.00337878362808295,0.662018884246059,0.00191762531737804,0.975335973939979,0.0056147469656523,0.00189903442964436,0.00155211778110603,9.79919018505213e-05,0.0101526349932431,0.000790341992773891,0.000961783146344884,0.000132140163074959,0.00852386952043729,0.00130834449945788,0.0317599029937747,0.124500134564146,0.0535934425805609,0.0966566865690087,0.0150200132240442,0.0192242285426435,0.000626725067847976,0.0779017018414556,0.00276706629090618,0.000443053857904941,0.0402476561522184,0.00788198725989662
0.471656756799292,0.000583805287963864,0.140169991986152,0.0157173892304703,0.00241511845666257,0.181846592781335,3.194554110452,2.38107089533506,0.00922282320608821,0.49563011473874,0.0222428950007856,0.0889849928641178,0.0235883655364444,0,0.00569585340551944,0.00148447226615406,0.0770886521078615,0.00351724313926687,0.0546820618974141,0.028086539105458,0.249455286325607,0.00149324042894604,0.28719933216447,0.0233601104370972,0.000259499576567745,0.0561888168153947,0.0708704704950537,0.164482455743269,1.86944885446736,1.64039951883556,0.00015296442443904,0.0274924565369334,0.00490268134219977,0.0972806879082591,0.01435182342247,0.122445163177024,0.016959927554237,0.037401131059976,0.0249852703255716,0.0238048976880295,0.00842046922924182,0.00342800743625737,0.00640393699645658,0.000364542189839139,0.00144452697989651,0.000731319030388501,0.00193659844769206,0.000381108404994303,0.0001967476207717,8.504698142111e-05,0.000309646379405302,0.00212813632541552,3.02347105083019e-05,0,8.99727759217259e-05,0.00103318723310947,0,0.00413810365616517,0.0012078052216556,0.00191076477521903,0.000255773337743738,0.000454528905716622,8.03809146343947e-05,0.000601031177799484,0.00141324404381562,0,0,5.71757011184454e-05,5.69817931219071e-05,0.00033852490823457,0.00284342886490081,0.000679372398107651,0.0254060842264583,0,3.68994251966834e-05,0.00643765921151989,0.00647696587821172,0.000635188609844583,0.000263131262663281,0,0,9.34820884775522e-05,0.00158092634549008,0.000837497239992962
0.000888197681342454,0.00346396466691083,0.00237762652810034,0.0852326953806065,0.233013698344898,0.526575550144822,0.0275266007073912,0.0175841840345061,0.288012393746384,0.141753919356153,0.00261242938526482,0.672668341002051,0.026210583820738,0.00569585340551944,0,0.00247374725619945,0.000956416564019316,0.000225540531292066,0.00101561727690045,0.0658568704717883,0.0294411836917376,0.00338514744529317,0.0254820533622252,0.0779608269548089,0.00189826710510096,0.00095068533300779,0.00994735039453093,0.104769834644579,0.0127127111414863,0.0215711546243865,2.85769504131735e-05,0.0133390126813587,0.00024751504585698,0.0085324989132181,0.128820408360401,0.0521350113414734,0.00504726917656163,0.00334736620033676,0.00882225480786794,0.620869138841878,0.0168626347032663,0.00100756740598168,0.018504531866213,0.00689416124923758,0.0082589179873449,0.0214972698576133,0.169009617592889,0.00167728022673673,0.000289095204986453,0.000251906974741429,0.000394868587997449,0.000865346355123576,0.0256405209317342,0.00893471661248568,0.0305454756173362,0.0120950708263158,0.00845124649824561,0.0800242381076313,0.0652276938552273,0.0157345244938912,0.070003758188719,0.000396155375677377,0.00464762549976035,0.0494062028364443,0.00179862637757488,0.000591745890186125,0.0007779732306301,0.000168874636839419,0.0215446812865299,0.00457672946977955,0.00164818878531872,0.00895940006259274,0.0844906769575186,0,0.00146811918200171,0.00781787881664187,0.0916372429394165,0.00704816575112023,0.00191343698636536,3.69917860758901e-05,0.000778745249790853,0.000200421730585123,0.00616717162221401,0.0833323294680581
0.000474305265274834,0.038400351639292,0.0119256920641456,0,0.00144321096841624,0.000152866536399496,0.00179602628417938,0.000581043375450617,0.0458644506416983,0,0.00194584372955959,0,0.0165364426833097,0.00148447226615406,0.00247374725619945,0,0.0132282731794737,0.000271151817276943,0.00336929142784335,0,1.56715858718607,1.21575574947838,1.3141866145357,0.391832358549221,0.00760308416426841,0.00491600922212155,0.643868911852594,0.11875086142634,0.00119629395051557,0.0177652278287403,0.000458003516133741,0,0.000228405843587733,0.0391462170122272,0.0214205017786568,0.3279904676818,0.0876490769154609,0.0917362884423952,0.0565714530125593,0.00208315477596834,0.00135359596499217,0.000793003370583183,0.0665856651393576,0.00453234565792645,0.0170829544114937,0.0138643545015153,0.00243059773299659,0.00150514726849326,0.000255302992073432,0.000588289641966948,0.00335464473560229,0.0156975018703205,0,0,0,0.00216900959131579,0.000399840411332619,0.00443384112544489,0,0.00730068703979761,0.000213797897999719,0.000691640353172314,0.000842985454535245,0.000878950708693198,0.499041355239898,0.0018058490168298,0.000120288502626348,0.000423445039912665,0,0.117026817861713,0.235607955534461,0.582309626574451,0.118528275921558,0.000539122528941619,0.00466823027555746,0.20197063588351,0.0439732684567982,0.00416857787952434,0.0149958694724932,0,0.00016512305941565,0.00106035124759425,0.018196286720882,0.0140367887272561
0.0436154862127442,0.0123564212615585,2.30117621442591,6.98295192975908e-05,0.00032070272490719,0.00362848814120646,0.0136486194430243,0.0320002757407743,0.00793502609606208,0.00350428026777185,0.0609035185235988,0.00100583493286285,0.00341114140798557,0.0770886521078615,0.000956416564019316,0.0132282731794737,0,0.0578198675017641,1.07043202220038,0.000296054791494703,0.194171107920127,0.0160234632553152,1.35165878897549,0.0532181936156274,0.00108550654143514,1.43075916764937,1.92120755923937,0.0539971830060775,0.0977679700877681,0.178935857634481,0.000204043898967088,0.000623682297988352,0.00856429977582842,0.740722678805179,0.0197328491970067,0.506713069141664,0.288205251176465,0.225346271068177,0.174608626708233,0.00223216621953068,0.0020340672684415,0.000118481154600465,0.0157706851785202,0.00295511640711694,0.00656146704548316,0.00560760286038223,0.00102757004763829,0.000371787474777019,0,0.000118627104010049,0.0116301236087995,0.0728771273137189,0,0,0,0.000826384510260815,0,0.000492057019063538,0,0.00121568744051662,0,0.000187774189882827,0.000155449292858323,0.000179686189009499,0.00326141627466261,0.0114608332400814,0.00280324834156868,0.00341007059069114,0,0.00279307360769076,0.00795629377906764,0.0145498284298205,0.00333526755470708,0.000199947715558719,0.0376275747115371,0.277834483799233,0.00175857462859901,0.000269618070111713,0.000912404636781285,0.000346229543622354,0,0,0.00871357483744434,0.0124489815630741
0.00116740342946999,0.000639363201328516,0.0117676717269609,0.00039309454682991,0.000274123355889836,0.00354835934062903,0.0118458707622899,0.00253330874541386,0.00160555212400882,0.0218239775146062,1.75681997203844,0.00767492243504482,0.0195525146831389,0.00351724313926687,0.000225540531292066,0.000271151817276943,0.0578198675017641,0,0.518201473011249,0.00246944277259322,0.00379244832565858,0.000136993927190367,0.0132303367631582,0.00169679908383481,0.00127561122211479,0.262979374413704,0.0406008207762922,0.0110045460883876,0.0188686262327251,0.00793607722525679,0.00418362525877017,0.000469856944451395,0.000736697224632972,0.303034415084652,0.0168228570664969,0.300141667172772,0.380500077864644,0.311391479176738,0.203889006370537,0.00231255178509962,0.0021306442403718,0.00266011669168736,0.00186298375631972,0.0018009609642776,0.00066882453336978,0.00308088619028177,0.000408838628362179,8.70145862618563e-05,5.00362956048846e-05,0,0.000628714968909201,0.000495570281059363,3.65708533731759e-05,0,0,0,0,0.000551854619008744,2.79131875355542e-05,0.0461561268070092,0,0.0340255526118732,0,6.01850973107218e-05,0.000139071484235132,0.000121838944333983,0.011823918364075,0.00063590477410796,0,0,0.000508438314602852,8.68461350656275e-05,0,0.0018313642082086,0.0657572792009127,0.045195079333157,0,0.000241566847464037,0,0.0304066741057188,0,0,0.000888000980215608,0.0106086910423118
0.036272040071288,0.0038132833869552,0.402272186232567,0.000358238179535875,0.000685423225409883,0.00312062515234624,0.0140537493519391,0.0189039151677669,0.00318276408156447,0.013773923934877,0.256456693993622,0.00451483320885287,0.00828400428804071,0.0546820618974141,0.00101561727690045,0.00336929142784335,1.07043202220038,0.518201473011249,0,0.00179799117040756,0.050122009735886,0.00352538790209828,0.223408842140876,0.00920326805628321,0.000432686708954788,1.32210323454287,0.436830256640332,0.0249441533044487,0.105593665421754,0.0575850567637067,0.00048516883082453,0.000524946737399506,0.00804931489569214,0.672149482921268,0.0261720055392182,0.610911733694733,0.401980854331487,0.280591433927203,0.230826909096756,0.00154064162066747,0.00233841607665336,0.000593026449211168,0.00300344101491214,0.00185027655003722,0.00113926293714435,0.00340528535462736,0.00115427995940634,0.000321371030797118,0.000211863111797666,0,0.00453982984672543,0.00919686684658707,0,6.45271686907411e-05,0,0,0,0.00077396289936215,3.3858741833663e-05,0.0107614644238328,0,0.00584606156023653,0,0.000230429364995706,0.00108311555508471,0.00105021447150923,0.00765997438794087,0.00379754652593457,0,0.000588133648080489,0.00182833309908985,0.00193399655045344,0.00111381242459068,0.00143659485984825,0.0741117820824445,0.141589379107657,5.88175683792233e-05,0.000159429698831391,4.73566737981975e-05,0.0127487734036036,0,0,0.00156608807071974,0.01741542275713
0.000924720802251458,0.000516077207360586,0.00024354714344607,2.72435588015501,0.00560005501288022,0.0367312573965425,0.011587495360285,0.0403459116746921,0.139522098361874,0.540760937649268,0.0181156878033265,1.37374669083217,0.0154050278847253,0.028086539105458,0.0658568704717883,0,0.000296054791494703,0.00246944277259322,0.00179799117040756,0,0.0005184047816874,0.000556025245635215,0.000313786258472219,0.0634862107789733,0.000392357831088904,0.00249900176655124,0.00172664662588347,0.283134370785497,0.0571183929993103,0.000925089826927221,0.000147345712639051,0.00475197962054413,0.000325366800271654,0.0271239267797098,0.00384095057345771,0.0835566290888998,0.00587683944593883,0.0100437909553219,0.0029661422029167,0.0452346696143514,0.00435597698309904,0.00183476572186601,0.00696779672077992,0,0.00206809439980155,0.000324734656040225,0.0273790875919433,7.66292935278148e-05,2.70271922130466e-05,0,0,0,0.0488697158662013,0.00143893589875905,0.00709496107125126,0.0088031722983656,0.0017927023845982,0.0236656528704017,0.0315154595946847,0.00115716076882149,0.0331210042283763,2.9629125425756e-05,0.000597529227082044,0.00981438072314686,3.97434588244021e-05,0,0,0,0.0500725962158344,0.00017018972070235,0.000229582761290109,0,0.069375117619345,2.87937430633455e-05,4.4606326951468e-05,0,0.0633874862444397,0.0016588575537982,0.000133753112315077,0,4.49366255307854e-05,7.92363016552925e-05,0.00233542570304034,0.000437979888740975
0.0496030604402549,0.00845566139657973,0.30932986894543,6.88212043964923e-05,0.0159101866532172,0.0234538830059873,0.34654138630924,0.360214743387044,0.031943972007657,0.00471535085404233,0.0122000391120001,0.000357919351548723,0.0407574784204895,0.249455286325607,0.0294411836917376,1.56715858718607,0.194171107920127,0.00379244832565858,0.050122009735886,0.0005184047816874,0,0.171071440425868,3.92466491466302,0.134935761004355,0.00205764239313731,0.0566313448568837,0.315238672779296,1.69057948169041,0.176722359207557,2.74444515608891,0.000114375060333231,0.00279169056622232,0.026626520584636,1.41866186106485,0.22431435177233,1.86834581814505,0.159182579158654,1.12969259421511,0.637834504967712,0.0310404496537257,0.013751119364683,0.000901026102285402,0.0685174792631857,0.00337153832772761,0.016726215765204,0.0206864622881729,0.00570917879295143,0.00302660028695916,7.39940457480311e-05,0.0007943036793778,0.00118003106108893,0.0166587010520046,0,0.000231665742712128,4.71715511857569e-05,0.00227108458457937,0.000260187164564216,0.00427913518554522,0.000162019102786171,0.0139951351861438,0.000159152138252431,7.59732984817624e-05,0.00120470306629966,0.003222169741214,0.175122554410391,0.00100214331909024,3.04994283409267e-05,0.000456294618884787,0,0.0949708910104485,0.104068290254767,0.172175273535489,0.117545445489974,3.2489889569959e-05,0.0012170429104228,0.0747740868329829,0.0467165928574549,0.00709028442166126,0.0175396826156788,0,7.02042021821201e-05,0.00153407952461007,0.0162233918069679,0.0713552046305206
0.000608944434582269,0.400595213597057,0.0192520348897329,0.000354435930051735,0.000353264382765493,3.89659664644301e-05,0.000813999449289491,0.000923046339905195,0.576583809610477,0.000443285613202554,0.00834841775037529,0.0017333806960273,0.0743104002448516,0.00149324042894604,0.00338514744529317,1.21575574947838,0.0160234632553152,0.000136993927190367,0.00352538790209828,0.000556025245635215,0.171071440425868,0,0.343587243440368,1.07650797191871,0.0638973677825762,0.00617311306775834,1.41748753380711,0.0545763621559132,0.00248357034345151,0.00865815043416655,0.00357663808648084,0.000247120096717879,0.000151401841479617,0.0197882755557328,0.00532094193655072,0.08706034137478,0.0235298861475375,0.0330999642946977,0.0169759628999028,0.00233901871443097,0.000381383133899301,0.0128296695903943,0.0374136517843398,0.0050360130207446,0.0102057333973449,0.0111829706150421,0.00157082585954241,0.000445696981438529,0.00469975920496266,0.000148274861439342,0.0194759394072608,0.0258947160737681,0.000143111820454854,0.00016147823764199,0,0.00114764272120587,0.000351387237316901,0.00870694486343837,4.57285126616597e-05,0.00630095621955727,0.000433190824007315,0.00721924777545686,0.00054895464054845,0.000147138846265209,0.20645918086941,0.00574682288159107,0.00056226838265703,0.000976902296448629,0,0.0276752475536591,0.35022315154037,0.135256064992567,0.0820589931310917,0.00148854904411619,0.0122755526052168,0.490058795740805,0.0132103368195576,0.00131754298932646,0.0032667196967831,0.000654419016495961,6.62327563243925e-05,0.000595936906406867,0.012227521121929,0.00455314724534221
0.0735782059394162,0.0146022142439406,3.72977879080296,0,0.0142673819901574,0.0115680757813677,0.101475137854877,0.195122306068775,0.0231714452900384,0.00336564744889098,0.0269887869128874,0.000740663325770336,0.0605923054756064,0.28719933216447,0.0254820533622252,1.3141866145357,1.35165878897549,0.0132303367631582,0.223408842140876,0.000313786258472219,3.92466491466302,0.343587243440368,0,0.181246089196814,0.00116378493815284,0.434128240272881,4.86523212278663,0.452932334521528,0.133625849831171,0.823953014632784,0.000168454122977772,0.00104600430679996,0.0101104527385168,2.06457379160064,0.340621422272705,4.3024617452891,1.35425222870806,2.22671344030196,1.5196226546917,0.0387492685828309,0.0116271068147947,0.000516067203996945,0.131820237611149,0.020071184036193,0.0465142686042777,0.0672250601623289,0.0149057487917138,0.0024567771035245,0.000147670183417511,0.00030844177964885,0.00536905571311463,0.174821499255268,0,0.00052453051730119,6.16247542713582e-05,0.00439409805205706,0.00028650105759235,0.00206391839248063,6.89781438873232e-05,0.00910754247518065,0,0.000122951237172347,0.000528302741276941,0.00330429374902937,0.759178539240066,0.00891852627763791,0.00141176576868078,0.00167168708479845,0,0.154705165719499,0.259646825890408,1.15531958909857,0.111836153681883,0,0.0119119797253832,1.11841870562577,0.0461525041221423,0.00137545969994924,0.00874469982162109,0.000213455075301626,0,0.000333049789541966,0.0413478756861229,0.183667484760308
0.00825627680898117,0.150157523253478,0.0417395815923758,0.210812510661335,0.00952531350342454,0.030782929304196,0.1319671626686,0.0289196978483527,3.91655227390419,0.229290361423965,0.016829079148404,0.148112370819158,0.0781113644933359,0.0233601104370972,0.0779608269548089,0.391832358549221,0.0532181936156274,0.00169679908383481,0.00920326805628321,0.0634862107789733,0.134935761004355,1.07650797191871,0.181246089196814,0,0.0385123813258379,0.0283695152660095,0.587740902867666,1.57275607049938,0.0906034857561194,0.178944639007469,0.00190780681939067,0.00479690423073242,0.0130715110948152,0.130881525556674,0.116085137349548,0.732073493432788,0.0678792062152193,0.112816745091906,0.084833025401614,0.0652544733684735,0.0224987227107807,0.0055911961080426,0.42920159800711,0.005998469141901,0.126213418993406,0.0392377812325983,0.12341395480379,0.0258672078618615,0.00148086246514667,0.00588679938629755,0.0105961476414302,0.0253336082842901,0.0527405976908208,0.00521135119237268,0.0321123922970131,0.0955881412535372,0.0408706650385671,0.54441716865873,0.182813777944474,0.0379697623784783,0.0555874921597709,0.00246817203449184,0.0420313059423965,0.0337064893234068,0.174435512091882,0.00215659310955572,0.00021948179997068,0.000614295766467759,0.0381364518418145,0.0730669219081126,0.282416890271669,0.119023439448841,1.89544589545916,0.00215699657941247,0.00837968485015252,0.158845892094186,0.772101245331143,0.127546813392931,0.0488313147082004,0.000161893008498823,0.00354407945301477,0.0164918362587143,0.146493453975201,0.0427154450113734
4.91645151828826e-05,0.121042090431562,0.000134253301053798,0.000203383381465342,5.04816752641081e-05,0.00107598329556506,0.000674997867829731,0.000538921182019383,0.0823236181917051,0.00209866573004882,0.0320090393939585,0.0021093006597675,0.600371473098658,0.000259499576567745,0.00189826710510096,0.00760308416426841,0.00108550654143514,0.00127561122211479,0.000432686708954788,0.000392357831088904,0.00205764239313731,0.0638973677825762,0.00116378493815284,0.0385123813258379,0,0.0247521718354917,0.889893594240812,0.00155405792487633,0.00255309232291414,0.000493739855661565,0.0285906825569513,0.000317818271831721,0,0.00629865501423064,0.000167108710396355,0.00726159915460861,0.0191365063770753,0.00803052935478457,0.00191730173824283,0.00129447231372819,0.000487261386490816,0.0917258501906769,0.00444804763114206,0.0076451041836055,0.004144467493932,0.000741662796187064,0,0.000161569426794041,0.0523561914263395,0,0.0502743962624357,0.00098422803484545,0,0,0,8.42089857987911e-05,0.000215519599451352,0.00123276201823524,0.000207861370625955,0.103354364910168,0.00017604929952034,0.313012455734597,0.000296850373677444,0.000135991332167888,3.57286693401873e-05,8.22879750995606e-05,0.00576967707802757,0.00202225410025782,0,3.81049834053934e-05,0.00604241983611679,0.000103843656306249,0.00340489878487918,0.169689051630012,0.0677841025334442,0.247830657938737,4.92880964238286e-05,0.00280654705672471,0,0.0290072078516486,0.000167386450845712,0,0.0113197638531219,0
0.0238712791817547,0.0248157318693239,1.63608892053519,0.000414803531575835,0.000742556585036909,0.00366913757124573,0.0258852445200805,0.0353127289634639,0.00720206393932003,0.0284934261502927,0.723623660718431,0.00661878797139044,0.0524663710045271,0.0561888168153947,0.00095068533300779,0.00491600922212155,1.43075916764937,0.262979374413704,1.32210323454287,0.00249900176655124,0.0566313448568837,0.00617311306775834,0.434128240272881,0.0283695152660095,0.0247521718354917,0,2.84363798548499,0.0486766237977572,0.0677852801282302,0.0634903443857025,0.095052675006683,0.000603420725186744,0.00408012245686596,0.423384999801172,0.0410063690894459,1.32371158977229,1.51221029980549,0.4882213716758,0.398546141558097,0.00206301860880741,0.00295354981304766,0.00558832232642082,0.0353922772271964,0.0259673617776168,0.0177469150591838,0.0188717246801812,0.00281902522889176,0.000269462417979008,0.00356512159909929,9.65277362635259e-05,0.0525610340526518,0.0834080795961994,0,0,0,0.000458294574701196,0,0.00282283356570404,0,0.330337273003697,0.000133938867043483,0.325608416845574,0.000147720279892612,0.000809830580253756,0.00156842186085355,0.0253713758436789,0.146237310083883,0.0633938404668491,0,0.000947320063235336,0.0118682108428798,0.0122320934813782,0.0031256329266346,0.0438904177623012,1.04595013948519,1.72549639208037,0.000400089431618753,0.00174735144816489,0.000415656972926089,0.286130717013033,0,6.24446857666791e-05,0.022797163408572,0.031157234216782
