0,0,44.5577651262283,0.469960480928421,0.73958694934845,32.7732672989368,3807.02605500817,3860.317956388,1.81937789916992,29.9178496301174,3.82184162735939,18.8952595293522,0.444200128316879,8198.63711056113,1.38852429389954,0,131.20170801878,0,33.6439848840237,0,23.9479985833168,0,138.757348924875,5.50105947256088,0,42.1105525791645,15.6292251050472,78.6027244627476,6077.16327211261,4519.44504362345,0,3.30538076162338,17.0337765812874,78.7074122130871,4.73607665300369,14.0824100375175,0,26.9422191679478,5.21386635303497,5.15959239006042,0,0,1.54324638843536,0,0,0,0,0,0,0,0,1.04763984680176,0,0,0,0,0,0.74065637588501,0,0,0,0,0,0,0,0,0,0,0,0,0,1.28702419996262,1.25998955965042,0,0,1.95280611515045,0.63279515504837,0,0,0,0,0,0.411689072847366,0
0,0,48.4529148936272,11.2140924930573,19.9748531579971,4.085657954216,5.38601422309875,15.9923597872257,1385.94091564417,26.1143182516098,901.029781252146,43.9284189939499,2376.84962400794,11.3591595292091,45.8010517954826,160.392611503601,8.85194045305252,3.85821670293808,25.4787824749947,8.31161803007126,60.4255364537239,2494.87215492129,35.3484890460968,1262.52077001333,4021.49889954925,192.727842330933,32565.0135140717,82.9437990784645,16.2005830109119,0.523151218891144,30.4547387063503,31.8072755038738,0,394.041548669338,10.7521476745605,149.185849189758,188.048152476549,122.046044558287,80.9204488694668,28.5975506901741,2.95021757483482,1583.70418000221,134.151995956898,105.690359324217,95.3607455790043,54.6313533782959,0.443542897701263,0,28.2571579813957,0,2304.54318451881,124.579737007618,0.403982371091843,0,1.21325552463531,0,1.03646206855774,25.6525655090809,3.48764258623123,50.0321183800697,3.45869082212448,215.807007849216,4.17770308256149,1.59146368503571,74.7778781950474,22.1635084748268,12.7296800017357,82.9873834252357,0,6.88411977887154,82.7480915784836,18.0527971386909,83.9507574439049,130.115104645491,714.346570879221,6804.09877818823,17.5665236711502,4.99514722824097,8.26037800312042,98.4436537027359,0,0,104.586705625057,15.383661866188
44.5577651262283,48.4529148936272,0,0.61513489484787,10.5807033479214,193.405204623938,388.59354019165,2167.09286424518,10.2291024923325,206.060326993465,65.21022772789,28.181814968586,70.888892352581,458.834194034338,34.5002084374428,210.762809991837,29076.0212118328,82.7291009426117,3518.9058277905,5.30362087488174,1953.03215679526,70.0538836121559,36017.0466729701,75.248466193676,3.67407256364822,37673.8310672343,17631.0052044392,515.652870118618,468.253992795944,1636.29657718539,1.24429130554199,18.3106645047665,38.8127736449242,7990.36793658137,776.98405739665,9963.15706250072,2424.43648672104,2719.33325350285,3510.1993740797,115.650866627693,51.1966410279274,6.41011348366737,495.003599286079,89.1333065330982,205.523040503263,256.707704812288,8.97463697195053,0,0,0.390335291624069,443.035521328449,2918.82666170597,0,19.7493617534637,0,18.147698789835,1.56795167922974,3.34018790721893,0,0.467331290245056,3.21842956542969,0.764539659023285,11.0736972987652,13.0472409725189,125.798029363155,432.82189682126,6.85127002000809,214.277645766735,0,19.4609684944153,67.7000368535519,437.670679539442,54.5795453190804,5.4414039850235,1148.57292699814,9479.00911977887,35.7386367022991,3.87682157754898,19.8228842914104,0,0,0.917617321014404,325.072261244059,589.45294958353
0.469960480928421,11.2140924930573,0.61513489484787,0,312.7392809093,157.632210701704,195.998610556126,205.582410484552,4259.92923009396,11923.8680463135,15.7711502015591,15050.9012715816,42.0501135587692,48.6770797967911,514.316241025925,0,1.33924502134323,8.10883778333664,0,30428.7323438227,5.9442523419857,50.4043034315109,5.91383457183838,8930.27027720213,64.9136082231998,25.1921573281288,74.0759178996086,8818.34572467208,86.4546644687653,11.2459462881088,1.95661395788193,51.8581233620644,0.928129553794861,140.448288112879,99.1946733593941,474.464434176683,9.94780737161636,67.1077966988087,26.2047607600689,969.506393969059,62.1071174740791,2.55101531744003,167.52832198143,0.788741528987885,30.7641473114491,8.6889950633049,1043.97290715575,7.65278255939484,5.54394882917404,0,5.57359918951988,0,1248.52049234509,31.7728970348835,118.334069818258,81.4567326009274,57.1731139719486,1139.48579335213,948.428808480501,4.28134071826935,647.677926748991,3.55086216330528,35.6687314808369,65.5120224952698,0.867819964885712,0,1.0302392244339,0,370.873231291771,1.08490741252899,22.8628599643707,0.398820430040359,2435.83269095421,3.57550489902496,1.29525703191757,7.19972950220108,2428.41007307172,22.160363048315,0,0,20.5658246278763,2.26148319244385,65.7292504906654,16.2181502282619
0.73958694934845,19.9748531579971,10.5807033479214,312.7392809093,0,3844.70146167278,187.703822433949,673.3540584445,649.025750935078,651.990578174591,2.82761886715889,2987.87323907018,44.5329997241497,17.3354550004005,3512.51854082942,65.2167784869671,6.42142063379288,1.23795810341835,1.78488081693649,231.565142154694,268.069768995047,55.5312965512276,277.348868757486,462.881352096796,69.3575016260147,2.76908385753632,92.0798481106758,593.430614024401,25.867761194706,144.751807242632,0,669.044214308262,6.05563449859619,897.135092437267,3239.56599605083,1138.88228702545,27.4970582723618,35.8535806536674,34.5244635641575,16666.4190147519,4626.36813014746,3.05060815811157,46.4356343150139,6.66001260280609,2.1496889591217,30.3164987266064,52.667278110981,3.53584146499634,2.73787200450897,0,1.3116112947464,6.72420474886894,37.5446723401546,4.41890221834183,8.36012291908264,8.01832604408264,3.82902520895004,21.6660009026527,21.4914665222168,2.99973571300507,31.737223893404,0,1.76447212696075,0.998919725418091,9.43447536230087,0,1.19550824165344,1.4856333732605,2.7482353746891,12.9574584960938,8.12331336736679,32.4722532331944,101.634905487299,0,0,10.3075997829437,53.3110045790672,0,0,0,1.38519513607025,0,3.25286388397217,1412.01185914874
32.7732672989368,4.085657954216,193.405204623938,157.632210701704,3844.70146167278,0,7370.39241224527,17118.026265353,136.858576655388,24900.3098752499,212.422195792198,14604.013493821,277.504844158888,762.605554372072,1024.15812575817,9.40582230687141,136.090299606323,60.3540683090687,52.3363663256168,436.210249066353,103.614989340305,8.97282573580742,644.54981648922,265.89556029439,319.900808751583,298.389098227024,92.8399782478809,3654.90861302614,613.253439098597,595.69326749444,5.64854857325554,752.578636825085,14.2152681350708,674.94027915597,2542.9858802855,4625.72791713476,66.6712102293968,393.439518541098,180.513936728239,3556.36686632037,696.37008318305,54.2450516223907,250.041822522879,0,42.270975112915,25.8592834472656,247.19363501668,15.3296885192394,5.05028647184372,0,0.402624696493149,0.350928515195847,87.6102807819843,9.40709209442139,30.3068781197071,78.2429650723934,12.2904502153397,64.2729874849319,175.708121031523,9.5068921148777,36.0818881690502,3.68848484754562,9.56688007712364,7.7653600871563,2.92373922467232,0.489535450935364,0,0,9.71933081746101,0.97158294916153,2.37208265066147,3.13476738333702,808.681257218122,0,0.689271926879883,2.89071515202522,725.978680104017,9.59249138832092,0,0,2.47991320490837,1.55728042125702,51.9311553537846,318.932214230299
3807.02605500817,5.38601422309875,388.59354019165,195.998610556126,187.703822433949,7370.39241224527,0,23574.3580079079,304.588353872299,45914.3548289835,245.478004515171,470.85820582509,213.88324701786,15847.8805158436,410.824652165174,21.0865341722965,188.183833688498,123.0069244802,105.716522186995,74.8421131670475,692.091186493635,6.58082774281502,3428.14904466271,2635.72360408306,129.405595093966,463.225356400013,266.011579632759,83139.3517464697,3461.49028298259,14075.0831128061,6.53143131732941,276.315111994743,208.677670806646,2609.12606030703,1549.99919372797,4936.88300549984,176.358772277832,1475.98616269231,453.943597465754,424.592764824629,675.300403982401,40.2933146357536,670.442345708609,3.74107381701469,131.730241000652,44.9303248524666,459.288553357124,48.768223285675,1.4534028172493,0.605679154396057,1.80244851112366,1.58692562580109,147.823875159025,12.9471196532249,65.9077250361443,205.154595792294,59.1921556591988,119.138189285994,294.612813562155,21.5422410070896,28.5094227790833,12.3763525485992,34.331142604351,23.8934717476368,20.1908075213432,1.29785072803497,0,0,18.6132281720638,7.09106403589249,9.23874714970589,24.6230875551701,1804.74650722742,0,0.39819124341011,38.0457948744297,1246.89535608888,34.4150687158108,2.51140165328979,0,24.659786939621,2.32566291093826,130.539961218834,252.228549450636
3860.317956388,15.9923597872257,2167.09286424518,205.582410484552,673.3540584445,17118.026265353,23574.3580079079,0,129.702129930258,19700.6600260735,513.09248572588,8531.30917620659,420.572138637304,30939.9930587709,168.852191090584,11.3545283377171,4353.20269697905,211.000506818295,1055.6115436852,998.069550961256,811.059574812651,15.4959533214569,6902.95251572132,293.209566548467,379.433546155691,2514.55350500345,843.255978167057,4861.94572864473,9273.51272535324,22938.9084313512,12.4684175848961,500.620590627193,122.220203340054,2882.92993992567,233.897858023643,6252.04524481297,146.40839266777,1274.04356494546,616.035239726305,674.099944472313,350.82504928112,105.057911604643,188.681400805712,3.11801272630692,24.5707300305367,10.6862949430943,205.798881530762,7.81409260630608,9.9886334836483,0,4.42624080181122,10.7229386568069,52.4697118103504,6.20351395010948,8.35213059186935,88.7239283919334,5.66530674695969,37.940914452076,70.6607314646244,10.342561006546,24.0747414529324,16.2018423080444,0.651327192783356,1.0053793489933,5.28418090939522,0,0,0,8.63723549246788,2.64995750784874,10.9140537381172,7.43492099642754,755.381015270948,2.97286111116409,0.97003248333931,53.3516353368759,379.731137275696,4.39500945806503,0,0,0,0,35.6906750798225,25.9049314558506
1.81937789916992,1385.94091564417,10.2291024923325,4259.92923009396,649.025750935078,136.858576655388,304.588353872299,129.702129930258,0,1476.91760292649,274.012447029352,2134.48870277405,716.805330395699,27.6714774668217,1001.40738242865,125.23423743248,7.17509284615517,2.56474307179451,2.10393786430359,1258.73394170403,119.635820060968,6567.53870010376,51.2878644764423,29903.6042115986,1291.4009655416,57.7892562747002,7048.47492113709,7431.69841173291,91.0062549114227,11.6432864665985,11.8457811772823,55.2332022190094,7.74739021062851,194.915720432997,145.462562829256,865.274404555559,104.628218859434,131.463920563459,38.2578916549683,1079.15773764253,73.0631753504276,318.315794825554,471.785800457001,8.54130518436432,95.0833891034126,28.143764436245,246.648566573858,21.9022009372711,11.3083427846432,0,68.2291344702244,6.51498410105705,355.011704236269,17.4053307771683,72.9561394453049,111.561242222786,42.7213532626629,1867.45683190227,382.908153802156,15.7290753722191,153.323734164238,36.3273111879826,24.96695291996,28.5972819924355,371.877772182226,1.67822760343552,3.16692465543747,0,53.8901438117027,123.871054381132,671.393254727125,80.9383121430874,4642.13696360588,22.7034664154053,44.9726581275463,201.086356729269,1953.75349506736,18.9188604950905,1.68782842159271,4.84108805656433,25.6280490159988,1.53756439685822,89.8719293177128,86.5014528632164
29.9178496301174,26.1143182516098,206.060326993465,11923.8680463135,651.990578174591,24900.3098752499,45914.3548289835,19700.6600260735,1476.91760292649,0,1031.35531407595,22386.017066747,757.514910399914,8561.63721820712,1028.64327988029,27.4895186722279,73.1295387744904,444.493344277143,213.168114811182,20465.3076057732,204.529743522406,11.1226980984211,899.745630949736,1223.1368881762,226.852347254753,1351.04989373684,512.567297011614,20998.6261744797,3030.25090539455,548.974588662386,38.7856958210468,1607.50950428843,26.7723954916,5295.05474552512,2243.15326496959,11141.6167051196,265.836118459702,3229.34939563274,684.583487302065,1586.17719531059,2094.55252510309,232.890085756779,748.7516015172,2.4276174902916,123.065603196621,43.728956580162,1261.85136136413,46.3754522204399,12.5427945256233,0,1.2822390794754,2.86486783623695,802.08179628849,47.5632016658783,158.135729074478,296.97120898962,132.886943459511,658.979317516088,1786.51618996263,17.5277333855629,348.236014544964,6.52926191687584,44.4698594808578,68.8855637311935,9.57309621572495,0,1.23224577307701,0.971981704235077,166.111106216908,2.43450963497162,15.3561315536499,9.51816856861115,3244.99064028263,0,7.89229118824005,14.2191013097763,3682.70406284928,33.646113216877,0,0.517276287078857,29.4776825904846,0,160.77571323514,271.5788603127
3.82184162735939,901.029781252146,65.21022772789,15.7711502015591,2.82761886715889,212.422195792198,245.478004515171,513.09248572588,274.012447029352,1031.35531407595,0,877.919623672962,9299.32206851244,334.684055268764,9.48137930035591,21.7929388582706,78.6759450137615,13500.2204346061,3715.43716835976,122.354400068521,67.2135363519192,302.055434316397,285.043086796999,126.214894771576,1517.44153356552,12898.879152,1387.98416477442,176.091010391712,482.282177954912,83.19775390625,1080.20143929124,892.133050441742,4.58657160401344,11837.2494260073,63.4259020984173,1671.0596357584,2652.45904630423,4988.62784025073,1091.23359966278,39.4717067182064,60.795633494854,6020.62143027782,25.7759482562542,125.407994449139,20.6589763760567,6.07570526003838,0,1.18381559848785,714.942719191313,0,157.241131097078,3.44514727592468,2.47273433208466,0,0,0,0,13.6477457880974,2.09881985187531,1227.44242408872,1.55888909101486,3419.83024442196,0.613600730895996,0,6.43724066019058,0,5.79736906290054,0,0,0,34.2052057683468,0.499686241149902,17.9227424561977,599.197452664375,997.78516292572,1943.27057301998,3.36953485012054,0,0,1247.53352206945,0,0,8.31153208017349,35.8698204159737
18.8952595293522,43.9284189939499,28.181814968586,15050.9012715816,2987.87323907018,14604.013493821,470.85820582509,8531.30917620659,2134.48870277405,22386.017066747,877.919623672962,0,495.338349193335,1370.48151567578,4062.33120313287,6.59749448299408,5.81511035561562,316.861099302769,123.6978302598,25649.6678298712,17.5756921768188,59.4570145606995,52.6747556328773,1640.6579143405,221.33713811636,952.864446014166,415.648213922977,6376.32324567437,1071.01344969869,84.6800921559334,36.3407190740108,1686.74216340482,0,2252.18500158191,5983.34957876801,3555.84244832397,81.636070638895,1068.00644946098,210.527540028095,4644.99195185304,612.634437054396,181.004873305559,152.908824265003,0,40.3995897769928,16.9789925813675,881.924193203449,15.835133254528,7.79538697004318,0,2.89151799678802,0,814.698235481977,56.8117617666721,82.216339468956,18.0122922956944,76.1848559677601,259.558745205402,357.641817480326,23.3139159679413,1090.93163278699,11.7987374663353,42.1846456229687,84.5191838443279,9.66778004169464,0,1.71536418795586,0,279.324493467808,1.89413064718246,0.430085897445679,5.12122625112534,807.474425554276,2.08879446983337,12.9064263999462,1.72271433472633,761.079702883959,8.50861188769341,0,0,25.8075919747353,0,24.0022352039814,822.593189895153
0.444200128316879,2376.84962400794,70.888892352581,42.0501135587692,44.5329997241497,277.504844158888,213.88324701786,420.572138637304,716.805330395699,757.514910399914,9299.32206851244,495.338349193335,0,70.573994487524,25.2573179900646,78.8329784274101,24.2860445976257,122.430770576,38.1605455875397,84.3274713158607,169.51503610611,832.511477559805,343.396549791098,587.64996188879,8731.7112442553,954.267926156521,4365.52439972758,649.847676664591,111.910123080015,71.2685015499592,1427.85984286666,720.098020285368,3.13324254751205,4811.27363365889,156.763382107019,6001.79418072104,3804.74973556399,3408.08736532927,1874.30913797021,2196.37609067559,2612.43928524852,8784.21365597844,362.957631528378,353.170213937759,174.071095734835,93.4904839992523,404.668852984905,30.8733283877373,1966.48593950272,0,668.916953355074,9.39881211519241,12.5059570968151,2.53084254264832,18.7612848579884,22.8157452940941,47.1337161660194,112.468669176102,50.5811702609062,4016.57776236534,27.2233071327209,12846.1801746786,15.9219191372395,7.10427451133728,55.8676616549492,2.28660535812378,4.2618627846241,5.27273279428482,5.34946721792221,8.73453563451767,124.495739132166,10.8623813688755,318.71793371439,3375.7805686295,2613.82194900513,6479.91715845466,130.176362872124,20.1522119045258,1.42946469783783,4213.26246550679,37.8295388519764,0,61.3502038121223,87.5504085421562
8198.63711056113,11.3591595292091,458.834194034338,48.6770797967911,17.3354550004005,762.605554372072,15847.8805158436,30939.9930587709,27.6714774668217,8561.63721820712,334.684055268764,1370.48151567578,70.573994487524,0,34.2681883275509,4.26749435067177,1689.87516325712,116.157894164324,405.074403643608,226.896432876587,299.210477024317,3.59936195611954,1940.79306897521,150.12497228384,42.9850848317146,832.018110126257,303.345347881317,1607.67993417382,23987.1991747916,14580.7615698278,7.65402594208717,295.074250310659,141.412475794554,1451.85805267096,59.6394581794739,1160.80878895521,37.8429011106491,406.301063150167,167.805763095617,84.989598095417,64.0615797638893,22.2933505177498,31.6315095722675,0,3.42525804042816,3.7257137298584,27.4241492152214,0,0,0,0.553487241268158,1.53413304686546,5.39252585172653,0,0,6.24472716450691,0,7.8406640291214,7.52501142024994,2.41713926196098,0.340073883533478,6.75004523992538,0,0,1.20197102427483,0,0,0,0,0,0.563732862472534,0,115.071327537298,1.5516209602356,1.23273101449013,22.4135908484459,30.0680630207062,0.581150650978088,0,1.06541216373444,0,0,3.60626566410065,12.0496131181717
1.38852429389954,45.8010517954826,34.5002084374428,514.316241025925,3512.51854082942,1024.15812575817,410.824652165174,168.852191090584,1001.40738242865,1028.64327988029,9.48137930035591,4062.33120313287,25.2573179900646,34.2681883275509,0,87.549480676651,22.3003272712231,5.47871541976929,5.01292020082474,329.017402261496,358.841596364975,123.206799983978,379.391996204853,1066.37488204241,51.9761293232441,28.7566740214825,234.373854070902,1405.11562928557,50.2238611578941,181.076207637787,0.749536514282227,77.8854613602161,13.2418888807297,96.9412915408611,2071.56290909648,520.123304128647,84.4633297622204,50.4698978364468,88.202102959156,5661.43341857195,83.5367306470871,7.27527612447739,70.8008416891098,14.9837153553963,11.549718439579,60.0718169808388,83.8801927566528,6.94732797145844,2.27765172719955,0,0,8.14942729473114,30.4064461290836,2.91201204061508,10.2491637766361,8.08276081085205,2.08963602781296,44.8744225502014,29.3286320567131,0,49.8271755874157,0.461794257164001,2.67219096422195,4.94998037815094,24.3057091236115,0,0,0,10.2755738794804,19.5620228052139,9.73250365257263,25.783086836338,287.724003374577,1.68424010276794,4.43059042096138,30.2407018840313,173.006354749203,5.23862689733505,1.03502452373505,0,1.34443330764771,0,5.2135021686554,1340.3806527853
0,160.392611503601,210.762809991837,0,65.2167784869671,9.40582230687141,21.0865341722965,11.3545283377171,125.23423743248,27.4895186722279,21.7929388582706,6.59749448299408,78.8329784274101,4.26749435067177,87.549480676651,0,126.691899299622,14.8719715774059,80.9337735772133,0,19177.7971664667,6577.52005052567,11986.2290872931,3743.00656566024,76.2671875953674,140.850671648979,9544.26745548844,4342.0272937417,8.5810289978981,65.1444332301617,2.20757621526718,2.711017370224,6.95431822538376,1425.28513792157,2157.79806208611,10833.1607426703,2587.13820800185,2930.00098058581,3072.69416105747,499.761810779572,80.2545847296715,10.2534486651421,968.019586473703,189.851764112711,384.294991016388,377.286622732878,66.7597025036812,7.81463980674744,4.16261106729507,0,72.7423689365387,444.148705929518,1.58123579621315,23.1315822601318,6.70350340008736,142.917885601521,41.752287209034,39.606470644474,22.542869746685,1.16871231794357,7.4620743393898,4.1783213019371,34.3930666744709,19.9783420562744,17634.4954494238,89.6469257175922,5.61325681209564,22.3547703325748,0,999.406595945358,2410.12622916698,8376.82057327032,1839.10223406553,9.48287117481232,65.4489901065826,5249.88803842664,909.362517237663,7.55175983905792,55.0553453564644,0,3.1861178278923,1.39582943916321,321.141160994768,798.269622564316
131.20170801878,8.85194045305252,29076.0212118328,1.33924502134323,6.42142063379288,136.090299606323,188.183833688498,4353.20269697905,7.17509284615517,73.1295387744904,78.6759450137615,5.81511035561562,24.2860445976257,1689.87516325712,22.3003272712231,126.691899299622,0,120.229744672775,3998.18652099371,1.23055696487427,3414.48921224475,33.7643300592899,23407.5951298177,71.7949123382568,1.25689405202866,15579.1346291304,16520.291675508,619.877942889929,3627.07318681479,4910.08405360579,0,19.412644058466,396.304275035858,3308.68254062533,196.012299209833,1172.50611189008,230.543532073498,832.558301627636,1024.25070253015,70.9224241673946,35.9017757773399,1.81174468994141,28.051522731781,4.01030933856964,10.308886796236,18.0364812016487,0,3.26123714447021,0,0,31.9619608223438,85.8995488286018,0,9.5926256775856,0,0.542815208435059,0,0.971400678157806,0,0,0,0,1.53323829174042,6.48036229610443,39.4751845002174,14.0780470371246,1.1878457069397,3.39501324295998,0,0.759661078453064,12.7344333529472,57.4051714837551,7.06839963793755,2.12853276729584,60.5399506390095,610.800463438034,3.54243436455727,0,0.524946510791779,0.705411553382874,0,0,23.1060325801373,85.4177221655846
0,3.85821670293808,82.7291009426117,8.10883778333664,1.23795810341835,60.3540683090687,123.0069244802,211.000506818295,2.56474307179451,444.493344277143,13500.2204346061,316.861099302769,122.430770576,116.157894164324,5.47871541976929,14.8719715774059,120.229744672775,0,7085.8563554287,36.0173637270927,64.906863629818,3.13786977529526,268.303155243397,9.74393776059151,5.57129055261612,5634.733058393,480.098129630089,101.542014151812,185.913701415062,62.8013255000114,29.2024475634098,229.237321764231,1.14437639713287,3800.4274405539,121.707397580147,1723.32840391994,1721.66449475288,3453.76300105453,1502.26243466139,22.8531503677368,22.9556751847267,80.2580907940865,10.2558469176292,0.58602637052536,0.713216722011566,3.69401669502258,0,0,0,0,3.72755986452103,4.57388019561768,0,1.63879299163818,0,0,0,0,0.459528028964996,4.68089997768402,0.523897051811218,15.3260042071342,0,0,0,0,0,0,0,0,0,0,0,4.77092576026917,59.5840443372726,124.724177539349,0,0,0,6.48263901472092,0,0,0,86.2681748867035
33.6439848840237,25.4787824749947,3518.9058277905,0,1.78488081693649,52.3363663256168,105.716522186995,1055.6115436852,2.10393786430359,213.168114811182,3715.43716835976,123.6978302598,38.1605455875397,405.074403643608,5.01292020082474,80.9337735772133,3998.18652099371,7085.8563554287,0,12.2375738024712,933.852785438299,14.0336061120033,4266.33815738559,18.3683285117149,13.329030841589,17295.514647454,6789.84833773971,191.013804972172,925.301619887352,536.025898784399,5.24905872344971,65.2582551240921,100.319283425808,11533.4348653555,109.754284024239,1703.97038331628,936.950192451477,1999.48994296789,1538.93395662308,19.4585754275322,25.6235208213329,16.89562022686,19.8667443990707,3.11753660440445,10.4768757820129,11.3942380547523,0,2.38995867967606,0.693705081939697,0,14.4828279614449,58.4796839058399,0,2.68676364421844,0,0,0,0,0.735074400901794,0.495954006910324,0,1.03356111049652,0,0,12.1917409002781,5.5737062394619,1.73194873332977,2.64889168739319,0,0,4.91004234552383,17.9825235903263,2.36215931177139,0.436157375574112,76.4426312446594,425.176453590393,0,0,0,1.02516567707062,0,0,5.29925537109375,97.5282937884331
0,8.31161803007126,5.30362087488174,30428.7323438227,231.565142154694,436.210249066353,74.8421131670475,998.069550961256,1258.73394170403,20465.3076057732,122.354400068521,25649.6678298712,84.3274713158607,226.896432876587,329.017402261496,0,1.23055696487427,36.0173637270927,12.2375738024712,0,4.39175836741924,15.2118012309074,12.5109356045723,2814.16814300418,49.5961444377899,114.967625796795,80.6846350133419,10843.0826300681,166.745599269867,7.25785839557648,5.25850135087967,191.418338596821,0,416.727694481611,85.4779381752014,888.860892474651,17.0189560949802,238.571137607098,44.5774585306644,705.468053728342,149.891835302114,24.0783334076405,57.792916238308,0,17.8525959551334,3.75639265775681,418.760087966919,4.54677248001099,1.34158319234848,0,0,0,832.06777459383,22.8475826084614,37.648010969162,33.0523406565189,16.8467209339142,241.409272760153,257.136038869619,1.23043555021286,547.032099545002,4.37275689840317,6.09789955615997,29.401319026947,0.468293607234955,0,0,0,191.544735133648,0,3.83643084764481,2.20232439041138,620.165874749422,0,1.4580285847187,1.03990602493286,689.020983725786,1.29387041926384,0,0,5.80098584294319,0,5.81979903578758,14.8921196758747
23.9479985833168,60.4255364537239,1953.03215679526,5.9442523419857,268.069768995047,103.614989340305,692.091186493635,811.059574812651,119.635820060968,204.529743522406,67.2135363519192,17.5756921768188,169.51503610611,299.210477024317,358.841596364975,19177.7971664667,3414.48921224475,64.906863629818,933.852785438299,4.39175836741924,0,839.433125406504,71936.4879891276,711.496664971113,25.6489043533802,1187.25934031606,3044.56642830372,7585.09613794088,1212.15870729089,26717.4496080279,2.5304397046566,14.2733225226402,390.728695631027,17200.2611878514,4631.12148815393,13414.106343329,1953.58599498868,11994.7305591404,7279.81246635318,1621.15335708857,223.392758816481,29.4827525019646,433.045396089554,26.2154900431633,56.1564434468746,82.176692456007,64.2838542759418,10.1923995018005,0,1.30530214309692,17.6790266036987,45.7274131178856,5.05555820465088,17.8098828196526,5.90585988759995,8.78339794278145,5.65570151805878,38.5253992676735,13.0439797639847,0.65776801109314,7.17693191766739,1.31893122196198,6.84385049343109,18.5843976736069,2992.10044565797,13.6984936892986,1.77759552001953,1.69336342811584,1.93129378557205,706.880748778582,815.686507582664,767.229717820883,1595.81327936053,1.8385443687439,6.76941981911659,640.908149510622,769.939894884825,9.2764957845211,8.08277481794357,0,2.15067231655121,6.61850488185883,50.5823648571968,1274.10806342959
0,2494.87215492129,70.0538836121559,50.4043034315109,55.5312965512276,8.97282573580742,6.58082774281502,15.4959533214569,6567.53870010376,11.1226980984211,302.055434316397,59.4570145606995,832.511477559805,3.59936195611954,123.206799983978,6577.52005052567,33.7643300592899,3.13786977529526,14.0336061120033,15.2118012309074,839.433125406504,0,802.891159504652,12436.4391109347,1597.69490024447,69.8481946885586,22013.6979706883,1072.73352950811,15.2877604365349,3.99895650148392,15.8532646894455,21.2077163755894,1.08678841590881,238.841196447611,53.9585539698601,448.277625709772,134.14445078373,151.952212125063,135.454397648573,105.058707177639,7.04774016141891,383.522211402655,428.600042372942,79.589074999094,202.766568630934,145.792962551117,30.3745886087418,1.00506091117859,11.0785222947598,0,1730.33205267787,259.598873913288,6.704350233078,3.88290113210678,4.04676511883736,36.7474755942822,16.4650191366673,55.5544444918633,15.0999291539192,17.7208416461945,3.41731834411621,42.0145588517189,20.8195542395115,1.16827666759491,4598.2822034359,73.8256694674492,5.02630662918091,64.5934997200966,1.22990918159485,280.642921835184,1614.02269288898,1162.71985948086,1028.2900274992,34.0173554420471,226.087955981493,7008.84447681904,411.812217831612,5.94708970189095,26.2902029454708,18.2145795226097,2.59864491224289,0.35175833106041,211.023139536381,68.434047460556
138.757348924875,35.3484890460968,36017.0466729701,5.91383457183838,277.348868757486,644.54981648922,3428.14904466271,6902.95251572132,51.2878644764423,899.745630949736,285.043086796999,52.6747556328773,343.396549791098,1940.79306897521,379.391996204853,11986.2290872931,23407.5951298177,268.303155243397,4266.33815738559,12.5109356045723,71936.4879891276,802.891159504652,0,1237.826269418,33.3922729194164,9427.58657798171,28296.1092776358,14691.0705623329,3424.20026522875,18108.9505075216,3.0897741317749,53.2491821348667,543.211743324995,34985.3666401207,9372.27600860596,43678.8665151894,7750.86649155617,25007.4762447178,23929.2050245404,2740.1216070652,456.432872444391,32.9372721910477,1448.22019016743,187.658436715603,637.014460265636,662.479236811399,41.5899629592896,10.7857275605202,2.08007496595383,6.47855147719383,152.240767419338,2000.71527671814,3.19010353088379,105.763110637665,6.02520680427551,151.690592259169,43.5462671220303,13.412977874279,19.617013156414,9.34057372808456,6.15870040655136,0.939834535121918,78.9191532433033,57.8880398273468,7488.58844840527,524.910014420748,8.96615043282509,61.5622593164444,0.422377198934555,524.247614562511,976.511394739151,7520.60753166676,919.479896754026,0.586177468299866,218.939379274845,10398.8894670904,546.504465013742,16.8348591923714,104.309681981802,0.455233424901962,2.24990755319595,4.90070351958275,730.942828774452,3744.22611284256
5.50105947256088,1262.52077001333,75.248466193676,8930.27027720213,462.881352096796,265.89556029439,2635.72360408306,293.209566548467,29903.6042115986,1223.1368881762,126.214894771576,1640.6579143405,587.64996188879,150.12497228384,1066.37488204241,3743.00656566024,71.7949123382568,9.74393776059151,18.3683285117149,2814.16814300418,711.496664971113,12436.4391109347,1237.826269418,0,1086.07403314114,99.9447858631611,5881.63479536772,18883.4972961545,698.929205626249,84.0190566778183,4.37033230066299,64.7735022306442,204.4612878263,939.67659714818,1562.98622527719,5126.61152142286,930.393585473299,769.641946226358,583.127477288246,1248.21207225323,313.341516256332,131.433532506227,4718.70620504022,124.617889463902,787.376142472029,280.854782491922,1532.10876408219,260.637322902679,31.000907599926,0.974864482879639,123.258447945118,56.4948444962502,956.60584846139,100.000042259693,363.626974016428,894.032996505499,323.056280881166,3039.02195692062,1548.35068136454,78.6710808873177,389.521798491478,72.5641908049583,163.653909265995,113.627945035696,4211.99533510208,9.08267349004745,1.19411945343018,1.52517268061638,172.196413636208,974.095015347004,2235.47107580304,1191.96091127396,23048.5972394645,35.7135625481606,31.4611518681049,975.6353944242,10285.135997057,242.150000274181,19.8857040405273,2.1344358921051,164.647493481636,32.831834346056,872.075846076012,621.101099282503
0,4021.49889954925,3.67407256364822,64.9136082231998,69.3575016260147,319.900808751583,129.405595093966,379.433546155691,1291.4009655416,226.852347254753,1517.44153356552,221.33713811636,8731.7112442553,42.9850848317146,51.9761293232441,76.2671875953674,1.25689405202866,5.57129055261612,13.329030841589,49.5961444377899,25.6489043533802,1597.69490024447,33.3922729194164,1086.07403314114,0,375.945082485676,12841.7799137533,452.204435020685,40.6858870387077,3.04668569564819,161.112699866295,422.076784431934,2.55429166555405,569.145244449377,33.2897257208824,1439.65334898233,366.058505862951,1846.71204847097,672.280992209911,3088.75880998373,661.570489048958,2073.8748177588,873.939078301191,57.6017896234989,858.500532448292,257.031458556652,2117.58079987764,175.43787586689,578.916074663401,0,410.114281922579,13.208419829607,44.8406656384468,19.8785872459412,165.565123647451,101.519860833883,268.314511090517,61.8223918676376,376.519558906555,469.360293865204,214.556890517473,1450.23891419172,156.28887924552,23.0400496125221,307.630991876125,1.00793540477753,15.6581090986729,9.11084294319153,39.525706589222,65.715595126152,42.3376435041428,70.449867606163,758.602757543325,1584.69882470369,1025.57294684649,4250.01738780737,599.263294756413,53.4998284578323,1.0019403398037,447.393084675074,228.807789713144,3.4410982131958,204.487841039896,63.4170038700104
42.1105525791645,192.727842330933,37673.8310672343,25.1921573281288,2.76908385753632,298.389098227024,463.225356400013,2514.55350500345,57.7892562747002,1351.04989373684,12898.879152,952.864446014166,954.267926156521,832.018110126257,28.7566740214825,140.850671648979,15579.1346291304,5634.733058393,17295.514647454,114.967625796795,1187.25934031606,69.8481946885586,9427.58657798171,99.9447858631611,375.945082485676,0,14857.5698306859,490.031064122915,1217.53397324681,1343.08370360732,349.413736224174,519.288350701332,75.0898561477661,17551.6952306032,1037.47713270783,14077.1102782786,12975.4914673865,10789.292111963,9478.67573717237,73.6536223292351,197.126642495394,561.352412432432,168.996687740088,182.801702201366,150.522276252508,119.305285125971,4.32922637462616,2.04410082101822,61.9192689955235,0,522.642666131258,417.567931652069,2.63095825910568,21.3819864988327,0,0,0,15.5201826989651,3.14984080195427,340.779521912336,6.66879239678383,1289.46326166391,1.72661727666855,8.48826414346695,34.0745578408241,35.4980037808418,32.4440939128399,96.3919453620911,0,0.399833917617798,49.1206751167774,53.7176503837109,27.3747334182262,369.555113852024,5739.42467921972,15080.9940115809,4.7452700138092,3.9238708615303,0.78344064950943,1386.59763023257,0.774413585662842,0,110.669925332069,816.210020780563
15.6292251050472,32565.0135140717,17631.0052044392,74.0759178996086,92.0798481106758,92.8399782478809,266.011579632759,843.255978167057,7048.47492113709,512.567297011614,1387.98416477442,415.648213922977,4365.52439972758,303.345347881317,234.373854070902,9544.26745548844,16520.291675508,480.098129630089,6789.84833773971,80.6846350133419,3044.56642830372,22013.6979706883,28296.1092776358,5881.63479536772,12841.7799137533,14857.5698306859,0,3388.58021906018,503.122851103544,622.695071429014,328.226796269417,105.260356098413,55.7980784475803,24465.1806778014,4027.59842604399,42866.0857003033,15611.9012837708,14139.7133119702,16685.2043362558,792.474122107029,322.026569783688,485.698674350977,4057.63119059801,1674.68087619543,2561.4182510674,2138.07215994596,46.6723471879959,19.5142588615417,291.598343610764,11.1788404285908,11654.3152063787,12107.8746676147,3.05862239003181,91.826332628727,9.60093435645103,244.864360660315,59.9112280905247,123.753556549549,20.5890847444534,1055.38103222847,9.96776375174522,3752.92953461409,127.746902376413,57.4448683857918,3967.41513726115,1914.84001320601,183.066904842854,1753.69742494822,0.931309103965759,351.616990298033,2095.12447857857,7187.80382296443,815.834377765656,2528.49876523018,24779.1131363213,137257.300919443,440.265570789576,59.0907754898071,281.100914865732,2806.84101364017,8.79849278926849,6.98334339261055,2878.86569458246,2772.5037355125
78.6027244627476,82.9437990784645,515.652870118618,8818.34572467208,593.430614024401,3654.90861302614,83139.3517464697,4861.94572864473,7431.69841173291,20998.6261744797,176.091010391712,6376.32324567437,649.847676664591,1607.67993417382,1405.11562928557,4342.0272937417,619.877942889929,101.542014151812,191.013804972172,10843.0826300681,7585.09613794088,1072.73352950811,14691.0705623329,18883.4972961545,452.204435020685,490.031064122915,3388.58021906018,0,4374.14051696658,20412.4354456365,3.61787462234497,328.156516373158,1353.64320605993,7631.00388681889,5978.09069129825,16074.1543238163,2326.62965592742,5258.30501231551,3090.07043603063,2376.65835425258,1314.09943330288,121.379250228405,3543.86720073223,103.76407533884,613.433029711246,252.846412330866,2483.77644398808,229.008677870035,28.7941255271435,0,38.7457010149956,88.1195409297943,1452.69689419866,124.87349909544,515.324003309011,894.229784458876,266.526721358299,2240.88985297084,2581.39123404026,70.1872039139271,730.783536285162,41.3093532323837,179.784573078156,160.152103632689,2757.05348789692,20.7373584508896,0,0.422290593385696,272.55789527297,778.062010258436,982.414917260408,951.179256349802,15735.0899196565,2.46453905105591,11.2460483312607,954.339341938496,10736.6015051603,178.444430232048,17.2462697029114,0,92.9694267213345,18.0859723091125,699.68319773674,1241.31310838461
6077.16327211261,16.2005830109119,468.253992795944,86.4546644687653,25.867761194706,613.253439098597,3461.49028298259,9273.51272535324,91.0062549114227,3030.25090539455,482.282177954912,1071.01344969869,111.910123080015,23987.1991747916,50.2238611578941,8.5810289978981,3627.07318681479,185.913701415062,925.301619887352,166.745599269867,1212.15870729089,15.2877604365349,3424.20026522875,698.929205626249,40.6858870387077,1217.53397324681,503.122851103544,4374.14051696658,0,17924.887694627,9.14181181788445,3832.19418460131,8681.71946448088,6069.75378754735,238.511879354715,1238.54151377082,54.0514529943466,1225.37123855948,412.423860222101,133.51122879982,109.816874951124,43.0397624373436,57.2972197830677,1.26008498668671,9.2925420999527,0,38.4202292859554,0,1.66988199949265,0,0,3.31949126720428,8.72947999835014,0,1.73632219433784,19.8373310863972,3.40789219737053,28.798267185688,21.470328271389,0,0.857895582914352,7.85353261232376,0,0.574186861515045,5.95402717590332,0,0,0,0.990039944648743,1.6864225268364,7.66294828057289,3.69859179854393,266.116091638803,0,2.21124929189682,26.7013039588928,136.090171664953,1.33122500777245,0,0,0,0,8.90255081653595,55.3397670388222
4519.44504362345,0.523151218891144,1636.29657718539,11.2459462881088,144.751807242632,595.69326749444,14075.0831128061,22938.9084313512,11.6432864665985,548.974588662386,83.19775390625,84.6800921559334,71.2685015499592,14580.7615698278,181.076207637787,65.1444332301617,4910.08405360579,62.8013255000114,536.025898784399,7.25785839557648,26717.4496080279,3.99895650148392,18108.9505075216,84.0190566778183,3.04668569564819,1343.08370360732,622.695071429014,20412.4354456365,17924.887694627,0,2.74281886219978,76.9547334760427,2616.8123395741,12408.6384052336,1218.34337925911,2225.21043562889,162.66312327981,3940.23890548944,1625.53053352237,589.881443887949,318.449564188719,8.51782643795013,57.7558228969574,0,3.34058177471161,10.759187400341,5.17202001810074,0,0,0,1.21672964096069,4.68586283922195,2.51521742343903,8.53777205944061,0,1.1148236989975,0,0,1.18713676929474,1.35603737831116,1.63349032402039,0,0,1.40916049480438,12.6875407099724,1.33956611156464,0,0.891513645648956,0,0,3.62225604057312,10.5856867432594,16.6940770447254,0,1.12790387868881,58.7469126880169,6.60719880461693,0,0,0,0,0,3.87239563465118,289.78623226285
0,30.4547387063503,1.24429130554199,1.95661395788193,0,5.64854857325554,6.53143131732941,12.4684175848961,11.8457811772823,38.7856958210468,1080.20143929124,36.3407190740108,1427.85984286666,7.65402594208717,0.749536514282227,2.20757621526718,0,29.2024475634098,5.24905872344971,5.25850135087967,2.5304397046566,15.8532646894455,3.0897741317749,4.37033230066299,161.112699866295,349.413736224174,328.226796269417,3.61787462234497,9.14181181788445,2.74281886219978,0,27.9805102348328,0.582037091255188,197.105663001537,5.68760049343109,163.514152616262,524.22435554862,362.408269256353,129.412458509207,0.901393294334412,11.7813287973404,282.77842977643,8.37361457943916,45.1807703971863,11.8846215009689,2.89375168085098,0.623570740222931,0,113.132005125284,0,73.7266984283924,0,0,1.79815489053726,0,0,0,5.60694169998169,0.704441726207733,481.953462123871,0,1536.22928929329,0,0,0,0,1.14088606834412,0,0,0,11.019872367382,0,1.97515168786049,208.429279059172,878.381718814373,1687.44582596421,0,1.80695772171021,0,925.80256742239,0.572788238525391,0,1.23122251033783,4.11985671520233
