0,0.000151121493708694,0.00971992580429117,0.000190587873948085,3.28079268230647e-05,0.00559847781785843,0.954262008912912,0.272757911602052,0,0.00142555799087582,0.00146386685307298,0.000630915612511697,0.00158866778108336,1.42928179902618,0.00040305063522619,0.000109059357401901,0.083588560659444,0.000962904630513556,0.00852141885740064,0.000266790273258167,0.039111121572153,0,0.0574323257214936,0.00119532212342916,0.000105506031117362,0.00526084547346962,0.0173176795243782,0.0109918786925771,0.277013822417429,0.979960873127662,3.37346164181888e-05,0.000588190291362843,0.00315954623551391,0.0333170052641397,0.00199865296602043,0.0176834947287912,0.00391727748002552,0.0199520338557353,0.011851758954871,0.00136264874118339,0.000763376764085225,0,0.000193703328240177,8.51130655819473e-05,0.000139105872358459,0.000330197229979849,0.0001157021361586,0,0.000137326640280679,0,4.52910173088193e-05,0.0012460992735853,0,5.98452492603182e-05,0,1.84026693996697e-05,0,0.000174915405529452,6.32991247142553e-05,0,3.90425355445385e-05,0,0,7.24604747931361e-05,0,7.56721979164184e-05,0,0,0,7.83741999356029e-05,9.87852172364831e-05,0.000589397119519019,0.000203402155396897,0,0.000106134285160407,0.00253918083177543,0.000248995102722034,0,0,0,0,0,0.00013217653566837,0.000350015980088711
0.000151121493708694,0,0.0423351036991992,0.000273829207975245,0.000521791964482766,0.000167198430047637,0.000536065171896994,0.000324909369908837,0.232091928362328,8.73015731876016e-05,0.0082040171352708,0.00065943416655226,0.168340746792696,0.000210165844198382,0.00817469229145257,0.0377033927630165,0.0276593570083233,0.000716696237443291,0.00416871626732534,0.000136747775456601,0.00650765665465616,0.294018083444168,0.0156740268666245,0.30746311406853,0.180352359102517,0.018255249312887,1.61301135066187,0.0141910583207807,0.000753735849713332,0.00019079109869861,0.0101010541702583,0.000187796423928022,0,0.00737049414340432,0.00251005099171852,0.0281435837472335,0.0111616283247675,0.00933784360384155,0.0166595041382037,0.00378637906788985,0.000602372344085396,0.0285241609924844,0.0391491633758041,0.0251168154353887,0.00650446933938666,0.0110601002873217,0.000850826386272206,0.00011155117342884,0.00620006700445146,0.000361373382414487,0.145206033765461,0.0426436291123447,5.98868110376e-05,0,0.000223357931220656,0.00638503336917699,0.00104352225473703,0.00190912769733684,0.000338534574711883,0.0136694954127926,3.76066766028285e-05,0.0131551360491568,0.00331201642234325,0.000204400480520117,0.00496693912872722,0.0310841759110264,0.000847742595741818,0.00790001038080699,0,0.00377048735990947,0.00670966534744658,0.0240167934962525,0.00481430498685669,0.00573822029775,0.0392643129871326,0.437916649359445,0.00635746389145209,0.000929281164558364,0.00185287274409196,0.00930565990659366,7.03516852709529e-05,7.87750408907651e-05,0.00880670039768036,0.00181319107954181
0.00971992580429117,0.0423351036991992,0,0.000876250840420707,0.000284334928085453,0.0071307364660585,0.131262812050435,0.0429174306414736,0.00160785250248275,0.00319697152826212,0.00173307954550205,0.000607736502925408,0.00346694306130053,0.0493651852751746,0.000519088936075953,0.00681741627816045,0.819504930597152,0.0235366638752629,0.0926824656384523,0.000516053787222102,0.287415039077493,0.0129446949372889,1.70505265017236,0.0115990501384597,0.0019958326406906,1.34307148630351,3.32743579328274,0.170415970235661,0.0131404616705239,0.0489138161232411,0.00277208481858376,0.000910546473592935,0.00120524542096704,0.0327629586096092,0.0103161148946338,0.162765565005599,0.0477989734414095,0.0649354249836518,0.0840323652297377,0.00337740942330588,0.00250103340116933,0.000192746084331244,0.133020665355927,0.024222343673306,0.0230274647476147,0.0398999923138109,0.00165468504524079,0.00028511477503275,0.00022603251939531,0.00191000439058197,0.037223305174479,0.333595490608248,0,0.000481214490959507,0.000275196055697883,0.0346212743189393,0.00260004901375293,7.88622541748405e-05,0.00114541476658283,0.00147721116781729,8.92632946126518e-05,0.000368257880401859,0.0102103043526989,0.000545461728885812,0.00958948521245624,0.17524344245672,0.00160023632657212,0.0288903407741341,2.32049492409319e-05,0.0127356066399132,0.0120081766799394,0.120995319748249,0.00370537426019284,0.000159423585288757,0.08004804684287,0.665485850097361,0.0211565377027411,0.00230745244839443,0.0117219605435178,0.000971317633263936,0,0,0.0227554074426372,0.0101491727074984
0.000190587873948085,0.000273829207975245,0.000876250840420707,0,0.00099404305380911,0.0214403516688993,0.0573720921061398,0.0227677185350789,0.21666763798649,0.831332066653219,0.00270409162376214,0.269109436008246,0.0187412226451439,0.00995570466131798,0.0302437169613797,0,0.000424014339522546,0.000844258767172225,0.00148042560424274,2.70104217765097,0.000464585004081246,0.000305703776650035,0.000989896032486951,0.379202157235586,8.13526779534338e-05,0.000622314500002411,0.000370916056262576,1.48208358184853,0.0344745175336785,0.000658185758820173,4.12664505569518e-05,0.00371452764637388,0.00174591399279797,0.0193800521195982,0.00884589573248076,0.0717248177390739,0.00141754243547527,0.0183216268153706,0.00767222209979322,0.0426744135663869,0.00743846196726859,0.000415888575008729,0.00741620884917564,0,0.00315533083185759,0.00110116623675204,0.0487460900528248,0.00126033963066252,0.000746421777850065,0,0,2.29167597665131e-05,0.255226364961028,0.000944405555826539,0.00342249228959908,0.00416120659445781,0.00108197436030363,0.0802994652388737,0.0583691510052003,0.000183561908498967,0.0477583320312543,6.67919752113341e-05,0.000941707607939607,0.0137191278223447,3.35674714670896e-05,0,0.000156369943658957,0,0.153933794678736,0,0.000109461351312724,0.000106421027012968,0.16936097458493,0,0.000109807330959189,0.000176165144203493,0.256077686993644,0.00368598825211591,0.00019478311571255,0,5.28977124828518e-05,0.00032873849782173,0.00196725419426209,0.00108207278079135
3.28079268230647e-05,0.000521791964482766,0.000284334928085453,0.00099404305380911,0,0.0968005468836098,0.00299341725786784,0.00577518075358221,0.00814291336667932,0.00126248746246712,0.000220478567837095,0.0177540953872232,0.000618821611930448,0.00111690956546957,0.402163280038423,0.000366452262844801,0.000792399652178053,0.000167481135566575,0.000217494360638222,0.0024276973920196,0.00487506676665,0.00125579365701754,0.00427953139821147,0.0140780047037375,0.000124096972441232,7.72938547728417e-05,0.000808048062782615,0.00844266973329189,0.00224687732282767,0.00227543814070256,0.000121245078275716,0.0166044976797064,7.42918034591791e-05,0.00181613594979208,0.326943990095974,0.00609937568057393,0.000533716804912543,0.00116746029728344,0.00096500269141746,1.0653647611155,0.0995245069571872,0,0.0018844150281768,0.000589916451882994,0.000315537590589773,0.000723421475272389,0.0112267547101722,0.000361425823109585,0.000149036680917943,0,5.59761515586614e-05,0,0.00288955090570799,0.000148868210957766,0.000663596726077889,0.00041597445735085,4.63669642324924e-05,0.000605765526213068,0.00113657389664736,0.000172753362508094,0.00436448301638135,0,0,0.00193274794595289,0.000108799770324934,0,0.000233747022845262,9.96927574839947e-05,0.00387779844693825,4.78836605937004e-05,0,0.000425255240188277,0.00407130681888007,0,0.000409433184177637,0.000199605092703685,0.0067350386206474,0.000173954501035738,3.57310451705754e-05,0,0,5.51141481156647e-05,4.16416773067772e-05,0.062204486314689
0.00559847781785843,0.000167198430047637,0.0071307364660585,0.0214403516688993,0.0968005468836098,0,0.70639116076717,1.49123539466533,0.00949955246590638,2.40118034289064,0.015427424117233,1.1981897154835,0.0262814354471682,0.150678349186728,0.229776558668274,8.24005307294069e-05,0.0149699864494324,0.00492402539722038,0.00651953000167345,0.111539938603697,0.0122944960306129,0.000247624155381757,0.0159109010374614,0.0118081474874272,0.00155575228725469,0.00476890019675348,0.00598713114769332,0.0655913633807318,0.0738654956436453,0.0321563602390522,0.00104157539121227,0.0585035884908736,0.00222859524507509,0.0378288170118832,0.546059002838213,0.114662706767912,0.00695426333437185,0.0349467983407831,0.0190334651898307,0.448438299769017,0.170857871493699,0.00170883851233442,0.00703771660261214,6.3772959826225e-05,0.00360091528289075,0.00221622127996383,0.0633625726908849,0.000981194262795515,0.00253427942741177,0,0,0.000279866928258261,0.0141538639197635,0.000962740802040403,0.00299094673097929,0.00140243884882724,0.00171704438452394,0.00301482384941489,0.00713671230248476,0.000126762700853694,0.0220625158515659,0.000111958413980085,0.000403302351353711,0.012864489916937,0.000157471261540032,0,0.000228116082326752,2.31929964724749e-05,0.0183332669489245,0.000134486297425646,0.000211188403144348,0.000504237397796529,0.0231875938962822,0,0,0.00103340346694191,0.0372745979113764,0.00175519723184625,0.000287050476839239,0,0.000513987368326026,3.53937374118805e-05,0.000884273871245612,0.0412627627560892
0.954262008912912,0.000536065171896994,0.131262812050435,0.0573720921061398,0.00299341725786784,0.70639116076717,0,1.23645714229738,0.0179704687229423,1.47591272873717,0.0373982590131822,0.0511010754220219,0.138277231164777,2.56659467729602,0.044049799028525,0.00136792431624486,0.130659080003788,0.0128007329758772,0.030701215156386,0.0282860464964708,0.345154896637265,0.00112776097847055,0.299633377476304,0.157800018667085,0.00312894764662578,0.0286555015166416,0.0593996338653791,5.44790492552916,0.716324734605766,1.34974464622105,0.0022450089829006,0.0347389977406251,0.0916829629974627,0.313789493828439,0.111672980852834,0.639426453174946,0.0301705739388134,0.337304146629171,0.180190235651045,0.146405913178508,0.0473411277855153,0.00442584035809074,0.0395722814198577,0.00103366540343797,0.0167894229493742,0.0102557226302079,0.0372738512371191,0.00458654007148806,0.00576420576074204,0,0.000145752335431445,0.00821469966696554,0.00818064276087662,0.000904375997288453,0.00124339154831795,0.00871206524730929,0.00118578452812333,0.00938746571589775,0.00896756339570387,0.000156048694219235,0.00615439206081828,3.48509227228462e-05,0.000758022214527467,0.00497611263724761,0.00210274873658041,0.00116518092767468,0,0,0.0129970966672319,0.000837325680904205,0.00416105855930181,0.00983920365345486,0.106374507387913,7.99959240312934e-05,0.000519851105029002,0.0207088128399543,0.118419082522074,0.00902211467403043,0.00132071694226209,0,0.000964113436295222,0.00156755569752417,0.00868748386479499,0.0264216377309189
0.272757911602052,0.000324909369908837,0.0429174306414736,0.0227677185350789,0.00577518075358221,1.49123539466533,1.23645714229738,0,0.00475457702463127,1.31372928740658,0.0402457747890371,0.299549599557108,0.0340435167357313,1.21889396565865,0.0257523652018883,0.00112778584315582,0.187069521892206,0.0152975727806665,0.0387925400530411,0.0837384552184778,0.109297801364389,0.000737318902201653,0.135091206547074,0.021352857860626,0.00170394112848338,0.0215401814323219,0.0516966772208783,0.15763085469484,0.381152861251685,0.531444962075204,0.00257603853018722,0.0515826380106648,0.0118102641558093,0.1525248008775,0.0108915245993309,0.17293196585292,0.0167877686359881,0.109254554420786,0.0666666739539631,0.136390784195627,0.0399422901197919,0.00364920713527356,0.0055163551000025,0.00031076812746588,0.0044105612077399,0.00324260459963081,0.0173299936663183,0.00126396504337377,0.00234733872203294,0,0.000106236629257101,0.00303580754750494,0.0025396438433431,0.00029756322345281,0.000896726690217999,0.00131592152873652,0.000290815772934216,0.00156284607734758,0.000923307357175912,0,0.00342340099071275,5.90262057758242e-05,0.000276540000539729,0.0021736193942875,0.000367219166233271,0.000394555383031717,0,3.10267645828068e-05,0.0022407308608295,0.000447015132551348,0.00104046810485747,0.0026698596800188,0.0142966098194856,0,0.000175172732180485,0.00707427218906609,0.0160633859516677,0.000737448867793556,0.000327503490479958,0,0.000368316649498522,3.77494888499081e-05,0.000895358990138779,0.0020989238823162
0,0.232091928362328,0.00160785250248275,0.21666763798649,0.00814291336667932,0.00949955246590638,0.0179704687229423,0.00475457702463127,0,0.0280116503012902,0.00151804648217421,0.140945107763038,0.0560428037572809,0.00472471778685329,0.114562941322803,0.0159290651201891,0.00104888143787131,0.000177709224744851,0.00107047833434156,0.109357421215761,0.00630936989852186,0.665020705547876,0.00602906270336668,2.66008538432597,0.0684495766411079,0.000778882328823073,0.379938768836077,0.374461689756017,0.0104047687602204,0.000157121186231178,0.00121239855169037,0.00127584436875291,0.00222993520895682,0.00735040115399126,0.00791995490789695,0.0526144339231976,0.00271857601586949,0.00710353027615834,0.00435635432300418,0.046827669335104,0.00354562916837305,0.00376645777987699,0.0967666017806003,0.00384877799330241,0.018904514637943,0.00836941517660322,0.0368503738051183,0.00372584614880628,0.00190994625234785,0.000946495565817074,0.00241623843071445,0.000979943557062609,0.063566069483572,0.000778611993351567,0.00291654560833833,0.0184508073255503,0.00316862992423983,0.304339745872966,0.0114501796611431,0.00125782374495576,0.0211175056130144,0.000397847579691407,0.00439949412083595,0.0106370051046188,0.0791768283374862,0.00123745114500763,0.00104279588080533,0.000391088765736753,0.0471757717509259,0.0618532723721391,0.345095394288488,0.0222037877221966,0.468228454437714,0.000604423270263389,0.00162398862321971,0.0148516306246454,0.356719596720276,0.0238511966481849,0.026145882021051,0.000277382103137428,0.000336913693084651,0.00530914228573716,0.0170278676416053,0.0162836283316926
0.00142555799087582,8.73015731876016e-05,0.00319697152826212,0.831332066653219,0.00126248746246712,2.40118034289064,1.47591272873717,1.31372928740658,0.0280116503012902,0,0.0562115815111337,0.580615415607443,0.148682939666921,0.324125865736744,0.0348094503184156,5.71212560456932e-05,0.00881956595698054,0.016131279456366,0.0279571815334543,1.77275804573473,0.00395066392163296,0.000235804489030748,0.00473293180685981,0.139303324701004,0.00348985898848672,0.0122447249895139,0.00407661807821588,0.589406452473595,0.340401762077833,0.00721263768985962,0.00458264979341742,0.0575311807667085,0.00417093487241331,0.190657537490881,0.040938214678581,0.524000033642401,0.0181499527202194,0.121823830873502,0.0553221409113559,0.177008898583217,0.0683259348389493,0.00713223381135433,0.00638294327019331,0.000273235257823935,0.0108414898972465,0.0092151155022338,0.0238946086226575,0.00357469741923935,0.00836889013483446,0,0,0.00020990023920705,0.112918365950481,0.000383238858224803,0.00138149880088699,0.00215999876966509,0.000456895129979137,0.0146501476657926,0.0107853803370499,9.9778681356251e-05,0.0209112298253927,0.000133499679845321,0.000399659408970126,0.0047017086462673,0.000237472881132734,0,0,0,0.0230423199029712,0.000150134104854429,0.000202546108561873,0.000687774793627559,0.065387389705412,0,0,0.00083589607125904,0.0782306899268777,0.00131702565880104,7.99551671475856e-05,0,0.000145879512571407,0.000222149627755865,0.00122009592890358,0.00341016312759328
0.00146386685307298,0.0082040171352708,0.00173307954550205,0.00270409162376214,0.000220478567837095,0.015427424117233,0.0373982590131822,0.0402457747890371,0.00151804648217421,0.0562115815111337,0,0.0708627967031204,0.194467631693857,0.0197946364901493,0.00321176542666903,0.000511492704518384,0.0407111896225723,0.505013513237441,0.144507545462613,0.0208171079776054,0.0104198218422687,0.00521502983562627,0.0305675306812821,0.00323655833600568,0.0160162786218032,0.222948871574337,0.0247016369367,0.0132665203109943,0.266105051857892,0.00891942487258049,0.0625804757318291,0.15123582352504,0.000942246617677197,1.05249310758049,0.0114230234161747,0.121136342515196,0.25967089329857,0.658969237961459,0.149085040343811,0.027426555765092,0.00333549037413611,0.166061705556787,0.00316463537388764,0.12770946763898,0.00567215091920568,0.00248956349766234,0.00129723672930694,0.000368575607690585,0.0409261760673344,0,0.0010126645810888,0.00104985549357453,0.000331277796636665,5.0630159186393e-05,0.000107814177154613,0,0.000557907570795476,0.000244014079156178,0.00024218673342787,0.142639745193938,0.00093615529187767,0.13867425182608,0.000134125242340076,0.000297321037502521,0.000303636825772703,0.00028352223673403,0.000907017616468573,0.00055250725700627,0.000287227211296335,2.8363810778907e-05,0.000272797500533766,0.000892199719576347,0.000497945637676043,0.00481470810405879,0.0534896196343061,0.0261774678287176,0.000296040414251214,0.00251168459738815,7.23504555319191e-05,0.0566244994237005,0.00606722790887068,0,0.0181616497302823,0.00382965078125224
0.000630915612511697,0.00065943416655226,0.000607736502925408,0.269109436008246,0.0177540953872232,1.1981897154835,0.0511010754220219,0.299549599557108,0.140945107763038,0.580615415607443,0.0708627967031204,0,0.102086601726658,0.091178113943834,0.241379404785688,0,0.00894095570053838,0.0229403317096489,0.0345168219765708,2.17689084657936,0.000481471728617394,0.000971573061394495,0.0017980888515225,0.0849117178175283,0.00362357204225657,0.0175800998544138,0.00514956606138026,0.166396899340625,0.242448818876694,0.00335613827537334,0.005322726757388,0.0587892186865271,0.000317054207845962,0.169235784183356,0.259973368146755,0.24706545470799,0.0167718923376656,0.0803400266975855,0.0389967212692791,0.402019991312147,0.0763254567970809,0.00817613222825804,0.0142005062189048,0.000198067297056133,0.0164943688758358,0.0100701271749037,0.119174866106078,0.00503862530381256,0.009567823222443,7.8384175078571e-05,0,3.73206724045753e-05,0.0705865002254063,0.00127305534132408,0.0117239992024849,0.00184157296977294,0.00529943413209863,0.0212974500529238,0.0214205129408177,0.00267226878383727,0.106652914116616,6.73154684993384e-05,0.00461172917238235,0.0308520092917699,0.00053530631942189,0,0.00142292726841214,0.000435854854001462,0.090099619640768,0.000211695290311119,0.00041429383956809,0.000670356325149863,0.0677221086889705,0,0.000873988316225866,0.000298338644474262,0.101074542219864,0.0046353785632876,0.00014000692006149,0,0.00139055503028298,0,0.00187733943817128,0.0357351507883303
0.00158866778108336,0.168340746792696,0.00346694306130053,0.0187412226451439,0.000618821611930448,0.0262814354471682,0.138277231164777,0.0340435167357313,0.0560428037572809,0.148682939666921,0.194467631693857,0.102086601726658,0,0.015429573578601,0.00916330175990124,0.0430152977460767,0.0099815822764816,0.00575070013701945,0.00967559543042948,0.0475550278988424,0.0434161692001791,0.0960692443927767,0.120022863020502,0.101551296888477,0.312086777916074,0.0232424978663161,0.110672395382784,0.192953327707734,0.0499474745496163,0.0278814490318039,0.150734898663782,0.033427468492391,0.00208598202622471,0.108545103742348,0.028573130183575,0.370056714341583,0.232249541463124,0.222123081776459,0.17645951193024,0.479328037082511,0.0509546157651027,0.227220999737462,0.0523890173787687,0.235410498423937,0.0776787465541824,0.025161660591098,0.134116259757454,0.0143280221597325,0.0757523036144856,0,0.00336102313492215,0.00157716421839055,0.00198010055279635,6.08192495900214e-05,0.00710130964202664,0.00880815573425556,0.0075750929065889,0.00608531290437751,0.0144630579226016,0.460140742592622,0.0235121623947512,0.650754002706048,0.00536042703896048,0.00386475426652631,0.00807302041734969,0.000755124413741472,0.0065860505418535,0.00251659673630296,0.0103870981009851,0.00953285988753215,0.00719539657681345,0.0107232405359499,0.0402402623379498,0.0432225849012619,0.222901427025707,0.203993830377096,0.0589528918013777,0.0170125132841347,0.0073285423309131,0.326246662857051,0.0234299991454608,0.00100818696406886,0.0409888532367428,0.0118676820537008
1.42928179902618,0.000210165844198382,0.0493651852751746,0.00995570466131798,0.00111690956546957,0.150678349186728,2.56659467729602,1.21889396565865,0.00472471778685329,0.324125865736744,0.0197946364901493,0.091178113943834,0.015429573578601,0,0.0069025837877721,0.000933418552866769,0.264574985925685,0.00943728316593412,0.0441065087624603,0.0365778913363697,0.153621515932152,0.000267890507400474,0.187667758933389,0.0257197527119266,0.0011709977115933,0.0247930900362406,0.0670820946148704,0.170254746823303,1.27009263075012,1.25433902851043,0.000964300816310325,0.0319800706438655,0.0147298586515658,0.17825834931301,0.0113649905202638,0.113395343546928,0.0158775182465506,0.110608658864663,0.0635282723912989,0.035360080949244,0.010338967122503,0.00199493252247155,0.00535975624619316,0.000138810719664693,0.00198660073882239,0.00160684082047698,0.00622394823041519,0.000460087086735654,0.000921382973320096,0,0.000208655005563873,0.00461926072965354,0.000818179831711437,7.41872424443125e-05,9.80667775382519e-05,0.000773182659885933,0.000113117272852394,0.00119128477923901,0.00015145079999466,0,0.00128938949356702,0.000101635351315313,8.96909106393131e-05,0.000648584274345284,0.0011399848516953,0.000365097356024867,0,0.000218016226340449,0.00052225797215305,0.000235303046266949,0.00165411190959776,0.00294005412111423,0.0100636344603468,0,0.000281373730559146,0.0113304453760165,0.0123024001705487,0.00130083999459033,0.000166054607061923,0,0.000249425740560443,0.000124509730567592,0.000879891267264667,0.00172650655714886
0.00040305063522619,0.00817469229145257,0.000519088936075953,0.0302437169613797,0.402163280038423,0.229776558668274,0.044049799028525,0.0257523652018883,0.114562941322803,0.0348094503184156,0.00321176542666903,0.241379404785688,0.00916330175990124,0.0069025837877721,0,0.00100346057362812,0.00229382676698363,0.00104692445879218,0.0011821265458979,0.0267777267279504,0.0128198049370265,0.0262178567356504,0.00962858285849028,0.250698979358173,0.00248678175185056,0.000922962249662286,0.0165283321255368,0.110498223681118,0.0182425105589333,0.0132921516504781,0.000228776575620523,0.0205479587689322,0.000651208090940753,0.0109685983483421,0.0610041047864853,0.0434482086395357,0.00311990516370456,0.00870301959029916,0.00437583639819451,0.489684106724089,0.0140572590326513,0.000552785773914421,0.012880443710492,0.00112844064286581,0.00354567619235193,0.00325976033462938,0.0752514141151478,0.00105729469178012,0.00058692061822387,6.94098371764541e-05,0.000112299922215319,0.000221567717388534,0.0239974852978504,0.000673706529520405,0.00444611450393151,0.00325433793076346,0.00235382737059188,0.00912814682076716,0.00896102016468139,0.00069057328003911,0.0300046723564565,0,0.000811646561988574,0.0177592850660991,0.000549785810973275,0.000542363905124956,0.000826121742316394,0.000796223671884309,0.0269669897688293,0.000852439582846781,0.00233109846547059,0.00191248302573503,0.0403037672899697,0,0.00115076335953262,0.00161532033868305,0.0657409138329309,0.0034668548117407,0.00119155685699857,0,0.000821421658249918,0.000536734756335139,0.00212666162432823,0.0521317003864579
0.000109059357401901,0.0377033927630165,0.00681741627816045,0,0.000366452262844801,8.24005307294069e-05,0.00136792431624486,0.00112778584315582,0.0159290651201891,5.71212560456932e-05,0.000511492704518384,0,0.0430152977460767,0.000933418552866769,0.00100346057362812,0,0.0116911251142011,0.000505481510126054,0.00364039567658436,0,0.482522785176324,0.823451556703917,0.452347296709624,0.370124802064925,0.0269427043162156,0.00391883989513279,0.436055599497837,0.447687726553807,0.00150061351770168,0.00192765542583958,0.000713122144113489,3.81259377722859e-05,0.000502547206328776,0.0136183318860341,0.0151314354198659,0.288049409740168,0.10463012597181,0.0549152897960996,0.0739659949796406,0.00279144682817538,0.00140363323376384,0.00177633888683939,0.0585891079861803,0.00588867254914976,0.0097108611126357,0.00986181712259874,0.0221296432340377,0.0011844713472236,0.00172490115044108,0.000873874624514119,0.00259303221262033,0.0130604567799387,0,0.000259714412317955,0.000138044075345162,0.00609506016951534,0.00147408589263702,0.0016901886318381,0.00059954120905464,0.000467610620780238,0.000944154790936878,5.2252306493938e-05,0.00440350569261072,0.00120707990790099,0.466667531310443,0.0030017068192128,0.000289497005242473,0.000488173197365737,0.00025387555612126,0.151890068392421,0.229835439526487,0.60058032803921,0.0435443090205422,0.000166328448863417,0.00162216329071415,0.177195217337245,0.0993122683261385,0.0153160831258412,0.0325163926480071,6.87788797193647e-05,0.000194387612368584,0.00454130162737525,0.00844339877504039,0.0140877294279
0.083588560659444,0.0276593570083233,0.819504930597152,0.000424014339522546,0.000792399652178053,0.0149699864494324,0.130659080003788,0.187069521892206,0.00104888143787131,0.00881956595698054,0.0407111896225723,0.00894095570053838,0.0099815822764816,0.264574985925685,0.00229382676698363,0.0116911251142011,0,0.0872305039486085,0.831625883682458,0.00378755657577051,0.21202629105429,0.00932167794726791,1.4966191224507,0.0114732426781803,0.00140953780052267,0.441012468828508,1.19474437779873,0.11555688471813,0.175205207557717,0.538380891045383,0.0052100975664616,0.00811396481357336,0.0253567579198588,1.47103390930552,0.04021011278475,0.522092968369157,0.150725289254961,0.441420370250774,0.354111066084124,0.0116092340811041,0.00738775219481286,0.000255574690411475,0.0912886758397759,0.0203261629621079,0.0165755188293779,0.0267275581643518,0.00129507936139223,0.000239142823693103,0.000222091926576966,0.00116675317553588,0.0251546157136164,0.161821055646188,0,0.00086734419861671,9.48428425775739e-05,0.0157330567715488,0.000699865453999355,0.000139902495502782,0.00031163813040398,0.00105632683988806,8.1766610789335e-05,0.00122532745631254,0.00460779109609243,0.000931388205859618,0.00496119877014564,0.129618507440752,0.00165243001229131,0.0352722086432283,0,0.00805549223812036,0.00513694284624047,0.0618510867637325,0.00168444942225693,0.000323947759402823,0.104484718902102,0.460984949627089,0.00816835063584094,0.000885290078058502,0.00658346046157126,0.00168361007053629,0,2.74694514052809e-05,0.0165579652495268,0.0266282027680224
0.000962904630513556,0.000716696237443291,0.0235366638752629,0.000844258767172225,0.000167481135566575,0.00492402539722038,0.0128007329758772,0.0152975727806665,0.000177709224744851,0.016131279456366,0.505013513237441,0.0229403317096489,0.00575070013701945,0.00943728316593412,0.00104692445879218,0.000505481510126054,0.0872305039486085,0,0.450396786937879,0.0069999558353641,0.00794523375739121,0.000655764676524109,0.0423102988667584,0.00109651526503695,0.000417408247696299,0.58812074116963,0.0746255376149956,0.00697019624815693,0.0669287889880636,0.00766028558346255,0.0161072317795978,0.0360048853187748,0.000800711402481004,0.174779952030772,0.010189482032804,0.176224178426563,0.313502792491492,0.2917471909864,0.177013674244219,0.00853219716747542,0.00132566366786908,0.000733601891810619,0.00253699761036271,0.00162791325066748,0.000325027208701238,0.00106440061460539,0.000307951504250965,3.98612013025641e-05,0.000196530025479335,2.3581613724488e-05,0.0011284112751273,0.0044127668890453,3.46998993747354e-05,0,0,2.79362422152579e-05,0,0,7.12622394197109e-05,0.000796842379929119,0,0.0020801014737722,0,0.000230918986753648,4.97622821956932e-05,0.00387530265192883,0.000563668595563417,0.0025569582768543,0,0.000208366499669376,0.000240774159048671,0.00131651902872559,0,0.00101422694675543,0.0256415100636385,0.0480030187028169,4.26931313387662e-05,0,0.000128192494418028,0.00367770210613017,0,0,0.000408776151728472,0.00512990706385842
0.00852141885740064,0.00416871626732534,0.0926824656384523,0.00148042560424274,0.000217494360638222,0.00651953000167345,0.030701215156386,0.0387925400530411,0.00107047833434156,0.0279571815334543,0.144507545462613,0.0345168219765708,0.00967559543042948,0.0441065087624603,0.0011821265458979,0.00364039567658436,0.831625883682458,0.450396786937879,0,0.00990954653235951,0.0630640977227528,0.00135450362164891,0.255951746470811,0.00226938617360552,0.00204359239315927,0.73170493345942,0.374126700763208,0.0253393654314472,0.106722507720685,0.0514602236712067,0.0211390048978458,0.0307951588636244,0.00811759618684785,0.644320555957425,0.022642222936451,0.500859155709833,0.35970730557008,0.429056390943862,0.318503889246774,0.012340021709007,0.00251002410392237,0.00065776981473915,0.0179948431429939,0.00684186597652629,0.00260162434670989,0.00421834727474106,0.000396170452417636,0.000122790766626596,0,0,0.00518959122958977,0.0194923254180304,0,0.000305642244810563,0,0.000701181040680496,0,7.46687863404396e-05,0,0.00281236501346586,6.79216819063069e-05,0.00583041508595411,9.37748180216103e-05,0.000877933823443552,0.000735110116024235,0.0173947766034372,0.00220925368017577,0.0111128908045926,0,0.000886791663383348,0.0017132158973617,0.00901390769041537,0.000299589957338193,0.00226298884981404,0.092608547750577,0.220344719414861,0.000572825956771687,0.000113128478078416,0.00115983225166463,0.0116970687786159,0,0,0.00182606267059968,0.0122593743215199
0.000266790273258167,0.000136747775456601,0.000516053787222102,2.70104217765097,0.0024276973920196,0.111539938603697,0.0282860464964708,0.0837384552184778,0.109357421215761,1.77275804573473,0.0208171079776054,2.17689084657936,0.0475550278988424,0.0365778913363697,0.0267777267279504,0,0.00378755657577051,0.0069999558353641,0.00990954653235951,0,0.0002165354416805,5.01789955730319e-05,0.0010608316037731,0.248877459722467,0.00234230609628519,0.00368646362582051,0.00117539081478796,0.714816543001224,0.0793375213724425,0.0017196838500699,0.00111578822215279,0.0147908549105029,0.000829208107715166,0.0446390112400607,0.0117260159177196,0.170662137377441,0.00641636618317001,0.0289390446667652,0.014969320578975,0.0802233910371586,0.019322309804111,0.00226976044911749,0.00701817667001053,0.000179199140101683,0.00621665100198821,0.0030536743555468,0.0456176248815568,0.00185810174607316,0.00269629104811802,0,0,2.64156519094616e-05,0.0924029022579076,0.00048389008772316,0.00309827517760462,0.00424261243493965,0.00120246420318126,0.036814791981679,0.0261862413862143,0.000233155677226722,0.0329097883771611,2.90618512702167e-05,0.000452311763391406,0.0137404692887068,0.000263428857728728,0,0.000127064751505166,0,0.083654517963974,9.65119525576112e-05,0.000184551951326638,0.000506166711872688,0.122086984378524,0,0,0.000112216256791371,0.153187578026134,0.0020241394325714,0.000119788917030733,0,0.000359078231354326,0.000100176429305148,0.000760067500517562,0.00236784037786524
0.039111121572153,0.00650765665465616,0.287415039077493,0.000464585004081246,0.00487506676665,0.0122944960306129,0.345154896637265,0.109297801364389,0.00630936989852186,0.00395066392163296,0.0104198218422687,0.000481471728617394,0.0434161692001791,0.153621515932152,0.0128198049370265,0.482522785176324,0.21202629105429,0.00794523375739121,0.0630640977227528,0.0002165354416805,0,0.0714483955278859,2.82809891965622,0.013400546011533,0.0129425911531368,0.0584615691306061,0.281546914328111,1.01330083323075,0.133854403507513,1.56700116930399,0.000561866434895715,0.00188731542162981,0.047652109945455,0.864728457985194,0.14500484906813,1.64421481553236,0.208669306206885,0.810814600142181,0.766210970490981,0.0416183378176967,0.0121143748977766,0.00118696776320742,0.037752774233648,0.00309126814989718,0.0051114828838263,0.00914201655896195,0.0137521664194049,0.000505759411992678,0.00112425309801975,0.000617320346980933,0.00172415429028695,0.0238354479699904,0,0.00200517721381581,0.000146781946589905,0.00401196394977804,0.000764359701304518,0.00102196918047,0.000267173671556514,5.67664166370362e-05,0.00051767960302493,0,0.00218689294959181,0.0026092895479564,0.0708610791452712,0.00437712298200904,4.3864037905556e-05,0.00081785060848574,0.000189359187097376,0.0679824237002166,0.0433456843020552,0.0848423300902052,0.0229752819981645,0.000122328674654782,0.0033400392113828,0.0818457341474253,0.0675570168255945,0.0105713206629655,0.0224986546016168,0,0.000177395466550481,0.00296255943589771,0.00562619772959905,0.104884061542931
0,0.294018083444168,0.0129446949372889,0.000305703776650035,0.00125579365701754,0.000247624155381757,0.00112776097847055,0.000737318902201653,0.665020705547876,0.000235804489030748,0.00521502983562627,0.000971573061394495,0.0960692443927767,0.000267890507400474,0.0262178567356504,0.823451556703917,0.00932167794726791,0.000655764676524109,0.00135450362164891,5.01789955730319e-05,0.0714483955278859,0,0.205556413693278,1.30746037877334,0.104305368803914,0.00391368898958216,1.21454891383513,0.0884358201507698,0.00102573778711004,0.000646338502615964,0.00180962873726267,0.000576501201690012,0.000196650569663406,0.00326366920237962,0.0014873764456324,0.0232370453234377,0.00933336891172966,0.00747641461956263,0.0090823304452695,0.00970926321497193,0.000258394766560495,0.0132510692871898,0.0456200542026406,0.0150800239997301,0.00710213402312236,0.00842446236429741,0.00704809345471265,0.000404303900006479,0.00335460227540973,0.0005435529168531,0.0238743719963275,0.0248620911100942,0.000306500415615362,0.000123721737780904,2.68665999616444e-05,0.00330802397816221,0.000688614161169203,0.00386688368861523,0.000426839150106987,0.005879399034086,0.000270946249268544,0.0049329514217318,0.0018115976572445,0.0012622290125248,0.25592982176314,0.00530510293030188,0.000160490856369409,0.00190273209605717,0.000349247793221298,0.0775528651999264,0.270425790757599,0.238050554858689,0.0473156817080097,0.0014218813576644,0.00733796109663614,0.356303728888581,0.0702814566691373,0.00938953408275499,0.0199954226227728,0.00297975470956268,0.000228417480361813,0.00302067706515026,0.00613412555454478,0.00340921614953826
0.0574323257214936,0.0156740268666245,1.70505265017236,0.000989896032486951,0.00427953139821147,0.0159109010374614,0.299633377476304,0.135091206547074,0.00602906270336668,0.00473293180685981,0.0305675306812821,0.0017980888515225,0.120022863020502,0.187667758933389,0.00962858285849028,0.452347296709624,1.4966191224507,0.0423102988667584,0.255951746470811,0.0010608316037731,2.82809891965622,0.205556413693278,0,0.116435114321175,0.0773249530048544,0.297814179956581,2.19776385593253,1.16772309573152,0.102458808931094,0.963959858038896,0.00287485176324877,0.00304216350134881,0.0227751674750676,1.10648416968986,0.250810545446853,3.01636052184829,1.07118738156462,1.39666580652558,1.57670123773317,0.0584095072753797,0.0263048983183255,0.00510930690052287,0.11394211118103,0.0209453249965572,0.0217082835680012,0.0324311175694122,0.0196131627959569,0.00136807005933292,0.0065466080414419,0.00227187141205008,0.0107107223643657,0.19055502939366,0,0.00463553406991269,0.000417480466623914,0.0308693642586931,0.00428540669809068,0.00133934129754623,0.00108276670584401,0.000976888497475332,0.00118503945969789,0.000168893421212453,0.0144486332231421,0.00628368284932802,0.663404270308981,0.0309347301483879,0.00150404582121678,0.00826214825094038,0.000299046049022264,0.179631957823272,0.199747798388393,1.19916006827086,0.0374117482799644,0.000245616125878251,0.0198870889075812,0.717285873875266,0.10068265604982,0.0140338415084466,0.0403861908956333,0.0003183034264045,0.000175962354530576,0.00615707857407464,0.0153950224540142,0.222148487195962
0.00119532212342916,0.30746311406853,0.0115990501384597,0.379202157235586,0.0140780047037375,0.0118081474874272,0.157800018667085,0.021352857860626,2.66008538432597,0.139303324701004,0.00323655833600568,0.0849117178175283,0.101551296888477,0.0257197527119266,0.250698979358173,0.370124802064925,0.0114732426781803,0.00109651526503695,0.00226938617360552,0.248877459722467,0.013400546011533,1.30746037877334,0.116435114321175,0,0.0904365513302446,0.00525290937510597,0.597752411918269,1.02538263084821,0.0822995576987113,0.0133474414315134,0.0013077766227856,0.00509157654863978,0.0233652418838538,0.0394009441716784,0.0402230446142803,0.353709515829849,0.0360759246283836,0.0598158943368163,0.0417461459981757,0.130572857308365,0.00832712750990798,0.00504868675826711,0.370985160863147,0.00431112494828186,0.0887136405669098,0.0395427666211559,0.197260094450001,0.0197167446291153,0.00490099997879899,0.00151803693419835,0.0104030604853452,0.00823533832478125,0.0945135847513429,0.00131669538150096,0.0065247795452506,0.0723863314520002,0.00774383203148308,0.276814843664427,0.0590514084016992,0.00165992313243349,0.0389461237527791,0.000660048830352944,0.0125092877010183,0.0287287441739578,0.096339743939955,0.00399152016124518,0.000278738457579219,0.000596492657832849,0.0993231482406783,0.0789357864672754,0.237159051405673,0.0672177447092995,1.19951626615595,0.00491821976908715,0.00276308500491009,0.0801139543725449,1.18589087023913,0.0851966446667217,0.0493860699357577,0.000219398072374797,0.00299115349370182,0.0152928990603254,0.0612146657760774,0.0438891954791447
0.000105506031117362,0.180352359102517,0.0019958326406906,8.13526779534338e-05,0.000124096972441232,0.00155575228725469,0.00312894764662578,0.00170394112848338,0.0684495766411079,0.00348985898848672,0.0160162786218032,0.00362357204225657,0.312086777916074,0.0011709977115933,0.00248678175185056,0.0269427043162156,0.00140953780052267,0.000417408247696299,0.00204359239315927,0.00234230609628519,0.0129425911531368,0.104305368803914,0.0773249530048544,0.0904365513302446,0,0.0104908463987914,0.239571582700281,0.0248195537484047,0.00159680791106873,0.000839747568093846,0.0187939196602816,0.00104215738463988,0.000224252935300192,0.00314298690885513,0.00109645982230636,0.0127967768092581,0.00608613310675054,0.00415764992598619,0.00456005815923658,0.0599603172016468,0.0019770811853939,0.0274864279970744,0.0192868859197762,0.0257458047457478,0.00767964000292752,0.00243146022597084,0.077841020415939,0.00211726091234826,0.0136081552447829,9.48582383920071e-05,0.0143764853318338,0.000355414199572524,0.00015307810494948,4.14291616717041e-05,0.00132728273601374,0.0015933772806248,0.00175222659709112,0.00167544374887894,0.00354523842715126,0.0699459422944084,0.00746082517383963,0.104020764351183,0.00160318390616931,0.00114876079816359,0.00970714503568389,0.000518746229399672,0.00101408729475388,0.000563150619850528,0.00226127207708209,0.00974254483254028,0.00251217146109684,0.0119788621850354,0.00729908303229307,0.0594919520554361,0.0203411822544471,0.117404963899754,0.0222358658814827,0.00693077275272623,0.00503264193461086,0.0308147884854973,0.00447878988633903,0.000463820566791761,0.0107557156323585,0.00250111759857453
0.00526084547346962,0.018255249312887,1.34307148630351,0.000622314500002411,7.72938547728417e-05,0.00476890019675348,0.0286555015166416,0.0215401814323219,0.000778882328823073,0.0122447249895139,0.222948871574337,0.0175800998544138,0.0232424978663161,0.0247930900362406,0.000922962249662286,0.00391883989513279,0.441012468828508,0.58812074116963,0.73170493345942,0.00368646362582051,0.0584615691306061,0.00391368898958216,0.297814179956581,0.00525290937510597,0.0104908463987914,0,2.71396618807722,0.0325130623721686,0.0491070939000956,0.0192355128991944,0.123169055500087,0.0228747891586692,0.00227636338663108,0.157576792819493,0.0219732981194668,0.507594740936277,0.89087954542504,0.299165680959338,0.266350409019645,0.00861180607613131,0.00157295640881611,0.00367866710430864,0.0477369402461893,0.0374965203673147,0.0057384047133045,0.0114838503626831,0.000572647992231536,0,0.000315379131369823,0.000193335893334779,0.0198023867767549,0.0367377267740323,0,0.000188531993818241,0,0.00149618561917535,5.5329404739666e-05,0.000649745969132545,9.15488087038041e-05,0.0253874882996872,0,0.0678704451460987,0.000651206084639694,0.00104041812235086,0.00122369132323753,0.0448941067755477,0.0178787464487963,0.0369935746101211,3.9728043823123e-05,0.0023811053403868,0.00623845791833017,0.016958000644655,0.000480705189112013,0.0126464202749321,0.565724990989292,0.972167439792699,0.00116949725153735,0.000590725856420853,0.00289159414287808,0.154706253100526,0.00011828222349925,6.14945157461971e-05,0.00595169511282748,0.0124588779106178
