0,0,133.542499870062,1.1665204167366,2.55966031551361,25.2516220808029,4934.36392566562,1156.10194310546,16.1281590461731,31.0742582678795,24.4621950685978,12.9131528437138,2.57558351755142,29976.0595366657,3.40802216529846,2.49518230557442,485.010331600904,6.44244506955147,38.3386548757553,4.96869307756424,133.310601711273,0.632901072502136,602.021895974874,28.7798115611076,0,32.5138846337795,10.8612632453442,428.133192449808,10430.5336965919,8476.29483687878,2.50844064354897,4.9512557387352,151.053708404303,371.179514557123,104.537903875113,163.100591182709,12.5214075446129,202.76515173912,82.2491518259048,18.7131686210632,38.3772486448288,12.4864891171455,7.19080829620361,0,1.46832430362701,0,1.16624391078949,4.07300555706024,0.752898216247559,0,0,0.954860150814056,0.72375077009201,0,0,10.3306517899036,1.54379665851593,4.14597767591476,1.4107768535614,0,1.252681016922,0,3.67281222343445,1.03890681266785,19.7222979366779,0,0,0,1.47660458087921,8.71215856075287,2.13582599163055,9.0386957526207,28.339625030756,0,0.61272782087326,2.84645226597786,45.2908786535263,1.09142506122589,5.83190947771072,0,0,0,1.34218454360962,9.74617201089859
0,0,48.2498632073402,10.8798162341118,21.1679259538651,1.25433906912804,1.10584279894829,1.22870343923569,2326.12962818146,3.14822670817375,66.0577370524406,15.6306995153427,1136.99335753918,0,31.680566072464,810.858554035425,150.17848443985,3.8725865483284,26.4729315638542,7.47392797470093,84.7855536341667,4232.41758814454,60.9300271570683,2888.9485655427,2043.52951881289,278.533284693956,23057.1658219397,133.770123302937,0.68802273273468,0.904554188251495,238.776035010815,0,0,24.7906003594398,23.761412858963,124.975821793079,55.8129704892635,53.3390514552593,61.2197728157043,128.46254336834,8.54861444234848,125.914825320244,151.892819523811,61.2366860806942,66.1997190713882,84.3693664669991,0.653612434864044,1.18749499320984,15.3488489985466,0,1779.72783327103,245.0450476408,0,0,0,2.04781034588814,1.29214724898338,19.4705568253994,0,62.0767739117146,0.785367906093597,92.0765765011311,0.912593901157379,4.90517109632492,195.193899333477,143.218518793583,20.0446506142616,94.9448055624962,0,18.9333476424217,173.304958820343,137.601975470781,107.052750945091,130.279038131237,459.719665914774,7992.46008831263,16.7538283765316,1.85513916611671,7.61216098070145,62.820446908474,0,0,41.8329010605812,21.5955809354782
133.542499870062,48.2498632073402,0,0.616790592670441,0.658473908901215,17.1578853130341,550.823568373919,471.801108181477,32.9055475592613,19.092618316412,4.62616062164307,7.52371308207512,0.646484315395355,938.592688918114,10.186495244503,60.9485957622528,18429.6210843027,28.1515372097492,686.624529451132,1.6128888130188,7581.27116855979,83.1389143466949,38284.6518747211,9.49005705118179,0.649540543556213,40304.7122277021,46342.6607460976,332.578560858965,203.282939493656,1622.73381233215,0.692148208618164,4.3427808880806,23.5015400052071,816.054076999426,500.569411575794,1954.82337129116,658.386855572462,1837.2946087718,1422.59845885634,13.3659513294697,50.2726795077324,24.1461879014969,239.84884172678,36.9853560626507,93.2671636044979,71.6665134727955,8.64931350946426,2.45472913980484,0.833731174468994,0,21.7868800163269,1420.65375992656,0,4.05423140525818,0,12.7818767428398,0,11.3797971010208,0,2.85100358724594,2.00562596321106,0,0.888918936252594,1.71398043632507,51.6048607230186,202.240339368582,5.44450050592422,39.9882762730122,0,13.1858679950237,29.9494523108006,217.850635439157,41.4764884710312,0,92.7445532083511,4235.77630183101,109.71693277359,2.59417474269867,24.6669966876507,0,0,0.614897608757019,25.524090886116,312.441796600819
1.1665204167366,10.8798162341118,0.616790592670441,0,65.0382984876633,216.811412662268,97.1828875243664,876.116755947471,1906.99697157741,8631.10370823741,20.5445352494717,177.300912499428,4.07473912835121,321.863207548857,180.148395717144,0,7.89524999260902,8.6902816593647,12.9402507543564,65186.4320871532,1.37986466288567,11.6361465454102,0.645805418491364,4430.53239008784,2.9662139415741,11.2354092895985,46.5263439416885,10438.5798016191,152.509091317654,13.7889865636826,6.99621412158012,26.1627642214298,1.44641107320786,288.706892460585,371.53825879097,1453.44112578034,9.89539250731468,197.041437983513,56.6029224991798,419.776050269604,239.81203392148,100.396990716457,237.320310354233,0,22.2633310556412,8.84636336565018,1275.04330018163,68.8712118566036,7.2893700003624,0.532325863838196,0.647863924503326,0,1241.87294095755,61.2938378453255,28.5025814175606,428.054646551609,109.779771089554,863.800951331854,576.214415848255,0.530382335186005,314.843530237675,0,36.324501901865,283.108535140753,3.09187382459641,0,0,0,749.116033315659,5.02461072802544,1.44044464826584,5.87954467535019,2672.95359346271,0,0,0,1425.17954733968,11.9138703048229,25.7257476449013,0,0,2.54532569646835,37.5974307060242,42.205587387085
2.55966031551361,21.1679259538651,0.658473908901215,65.0382984876633,0,4847.31886199117,63.2639928162098,1278.41410934925,1626.30855992436,378.901419252157,7.1470627784729,1517.16083338857,3.78785479068756,40.4075227379799,2261.58319336176,6.14487165212631,1.78189250826836,2.4754430949688,2.05257743597031,259.384307652712,14.511950314045,46.1153625249863,15.4990180134773,714.199006676674,9.81236535310745,7.02272561192513,58.2383019924164,365.516069471836,19.9199724495411,24.1885845661163,2.84017330408096,836.942475378513,0,5897.01116880774,2045.90116772056,861.586426436901,22.2740707397461,61.1444768309593,65.2672394216061,23560.1246746778,4359.24194306135,97.970877379179,15.166033744812,7.51771318912506,2.99454328417778,16.2673612833023,276.28190523386,11.8419890999794,3.8178568482399,0,0,0.775529623031616,50.9001871645451,12.3619726896286,6.79098874330521,3.80877947807312,6.43182078003883,86.0071812868118,27.2204443514347,0,72.8194535672665,0,2.68930327892303,52.8357210159302,0,0,1.12837886810303,0,28.8003650307655,5.07390785217285,0,2.08461058139801,247.547340512276,0,4.01733732223511,7.12094169855118,54.6151632070541,1.13887560367584,3.6536049246788,0,0,1.4149022102356,4.22247290611267,266.042277157307
25.2516220808029,1.25433906912804,17.1578853130341,216.811412662268,4847.31886199117,0,489.429450660944,20946.3039687425,219.657688766718,18361.1123300493,147.16109162569,12188.6636860818,38.4264424741268,894.413578554988,4135.83127355576,3.02118733525276,45.2508659660816,62.5320677161217,100.484331309795,843.634177446365,13.1026113629341,0.432177692651749,27.6608638465405,215.476716637611,0.74892395734787,69.9954669773579,19.3491529226303,1375.80872447789,46.4308553636074,120.08348184824,22.545824110508,87.5672893226147,0.330513745546341,314.139749109745,1013.56745871902,1129.13906887174,26.1142600178719,240.53391367197,128.019909799099,5544.43516558409,1136.06062677503,246.598780065775,8.44484978914261,0.706040859222412,1.83843523263931,1.88919770717621,62.2982823550701,0,2.75363883376122,0,0.959677934646606,0,14.7055813372135,0,0,13.6061625778675,3.27299791574478,33.417425006628,10.9089838266373,1.01219445466995,72.2851371467113,1.75760331749916,1.2038745880127,16.2353621423244,0.613637506961823,0,0,0,4.45614647865295,1.17023566365242,0,0.402234733104706,84.8432254493237,0.698155283927917,0,3.98124396800995,43.4351606070995,0,0,0,0,0,0,59.771646887064
4934.36392566562,1.10584279894829,550.823568373919,97.1828875243664,63.2639928162098,489.429450660944,0,20633.9263349771,1047.5779504776,10052.5498153567,179.413713186979,398.997542232275,53.5662421286106,22097.397613585,195.446695297956,179.14811989665,384.00563877821,95.6534084677696,142.110056608915,180.375281184912,279.210653573275,17.3408845067024,1340.21966394782,2115.23396673799,1.87171483039856,199.746414333582,234.73872089386,49584.4211344719,1939.33382323384,21997.8017446697,21.7604712843895,114.40883988142,98.6502061784267,1725.68480730057,1524.04209014773,2905.53236755729,92.3058322370052,1249.47801357508,588.239561110735,486.571714192629,580.525722205639,206.172139436007,469.636142969131,6.22569897770882,89.3812436759472,18.4983037114143,400.92532479763,100.03461137414,10.8324176669121,2.94423538446426,1.53296518325806,1.28518810868263,298.910750627518,14.8561668992043,19.7397624254227,545.786054223776,113.246742933989,313.735069513321,269.284517526627,0.362032651901245,111.300641566515,0,67.894491225481,59.1438230574131,161.743343889713,2.01001989841461,0,0,137.547917515039,78.7260518074036,16.8968054354191,121.914248555899,1758.11159753799,0,0.936201989650726,126.118622452021,1849.29491251707,40.4872470796108,101.210998058319,0,0.864791989326477,14.1229390501976,98.8425249159336,209.826910316944
1156.10194310546,1.22870343923569,471.801108181477,876.116755947471,1278.41410934925,20946.3039687425,20633.9263349771,0,830.20836853981,37275.7563681751,504.154276788235,7985.52950252593,153.205682128668,24548.175475508,1708.77405835688,33.0633823871613,899.378994852304,263.920686736703,465.393346607685,2502.58292169869,265.059222817421,6.70237195491791,1424.2346111834,1509.03192147613,2.14706486463547,310.150139868259,174.768243819475,12362.5504933596,2366.15100800991,5637.38664418459,70.9035907685757,710.207151859999,47.2827967405319,2234.98218992352,1042.26320579648,5867.74923482537,150.247224837542,1160.61403048038,676.635621726513,5010.44342172146,1487.39052316546,1123.84223818779,289.396056979895,5.88806077837944,50.2634161412716,13.1210506558418,376.943040043116,61.4498881697655,23.754474490881,1.8701451420784,0,1.72497841715813,178.4168151021,10.3829728960991,8.09351402521133,414.723743528128,49.8687039911747,273.459708571434,125.771519362926,2.66778630018234,175.360713869333,9.37382000684738,24.7542898654938,56.3103851079941,92.6260569989681,1.30009377002716,0,0,80.4142242074013,56.7959589660168,11.0994881987572,71.8527782261372,1370.7849150598,0.798429250717163,1.08477973937988,49.4672698974609,1453.66830837727,25.4995357096195,93.9939426183701,1.2477947473526,0,3.8439462184906,69.029928535223,125.581960529089
16.1281590461731,2326.12962818146,32.9055475592613,1906.99697157741,1626.30855992436,219.657688766718,1047.5779504776,830.20836853981,0,1301.3737988174,45.1360431909561,5577.4695622623,331.805539667606,391.368313759565,2718.28472813964,903.283724337816,57.2466751337051,19.8024713397026,31.5047298073769,2237.20833358169,608.136305272579,7681.2907114923,262.325827389956,44449.0063280165,1254.17855104804,67.136021822691,6849.3521014154,9901.34116876125,261.156451433897,186.647949099541,150.276527255774,39.8476979136467,20.6279728114605,302.255759030581,296.371060341597,1493.00636044145,51.9143270254135,196.518813312054,114.356701374054,6913.83843252063,421.824703902006,94.3515078127384,673.922995626926,45.2568345069885,114.069570869207,46.1883502602577,976.571923881769,129.086434185505,17.5018726885319,18.0164952874184,54.3583748042583,37.1972644329071,1014.40501898527,76.2050342857838,59.7081044614315,797.017998158932,272.091241925955,4030.49469941854,732.92050409317,24.0681934356689,323.902534872293,18.643666267395,136.242651611567,341.558055102825,3957.31194338202,26.3784925937653,10.1044363379478,7.64566153287888,308.58256071806,932.582893550396,2502.97112315893,937.291285544634,8072.85124289989,11.2138332724571,39.825055450201,2649.18394064903,3663.25327035785,114.614427864552,478.38702827692,8.99635857343674,8.17226696014404,14.4567252099514,142.298801481724,170.144052803516
31.0742582678795,3.14822670817375,19.092618316412,8631.10370823741,378.901419252157,18361.1123300493,10052.5498153567,37275.7563681751,1301.3737988174,0,596.897176206112,12994.0393935293,191.305784732103,6500.6002921164,918.538385480642,4.42011067271233,101.799124598503,325.54144090414,523.517432123423,26727.5059046149,22.4156237840652,7.17994648218155,54.8437094092369,2856.28139609098,2.57118764519691,291.016996443272,95.8594637811184,38204.7249357104,1345.16014701128,204.122821956873,101.784431070089,349.134890884161,3.72923475503922,2894.82906493545,2272.76859489083,7958.51043403149,129.769265115261,1766.66478168964,508.619306206703,2038.0056117624,1721.70530863106,762.056873381138,315.769169896841,0.445931106805801,40.2716779112816,21.6658723652363,965.893794059753,76.1238934397697,14.1899836659431,1.48525232076645,0.566722273826599,0,1348.96742740273,48.2917614579201,57.0608906149864,436.753364086151,121.737560525537,574.796314537525,1400.73750129342,6.91669800877571,643.213215261698,0.552060604095459,52.7363359928131,202.320908099413,8.49147719144821,1.49597904086113,0.406201392412186,0.852813005447388,595.851948946714,11.8236014842987,2.31906083226204,4.10566312074661,2041.08617126942,0.602342128753662,3.18046462535858,4.43476375937462,1427.01421061158,16.7429316043854,19.0073656737804,2.10651639103889,5.65721940994263,2.09055233001709,61.2075508832932,187.989546179771
24.4621950685978,66.0577370524406,4.62616062164307,20.5445352494717,7.1470627784729,147.16109162569,179.413713186979,504.154276788235,45.1360431909561,596.897176206112,0,668.701946228743,12038.3685670495,459.05854678154,28.332993388176,3.90904277563095,136.137495070696,18971.2440093458,4472.69668480754,263.162018090487,14.4454459249973,41.7548162341118,46.2436673045158,60.0788606107235,398.608097583055,7235.04840767384,267.38059553504,206.416145354509,177.128698527813,96.222817927599,2472.95131626725,150.319528162479,0,7583.35540476441,42.032756626606,191.348152756691,788.48253852129,3366.8065508604,395.477210193872,47.4704805016518,22.9535033106804,415.855385512114,16.1674202084541,8.97833606600761,5.5204941034317,3.71176427602768,11.0723128914833,2.93798208236694,198.109449446201,0,101.291270136833,1.46618312597275,0.609084844589233,0,0.437151074409485,3.85629045963287,0,38.6247557401657,0,1832.97346290946,13.5439669489861,3943.62081646919,1.91496068239212,2.0136353969574,0.885994076728821,0,24.519228041172,7.05247837305069,1.56965756416321,0.608729660511017,40.4318177700043,3.23203003406525,51.612831890583,508.158818304539,234.422659546137,336.700556367636,11.8135980665684,3.97459760308266,0.722487688064575,587.218326568604,0,0,26.8097384572029,31.6223729252815
12.9131528437138,15.6306995153427,7.52371308207512,177.300912499428,1517.16083338857,12188.6636860818,398.997542232275,7985.52950252593,5577.4695622623,12994.0393935293,668.701946228743,0,223.618876606226,2102.34604343772,10103.3527375162,14.344321846962,93.6928877234459,355.677055388689,519.579495206475,23965.9632328153,98.4509484469891,18.9159292578697,58.0511219203472,1182.94713559747,6.48205730319023,341.613248854876,156.464834302664,1076.16700553894,307.90105471015,151.300719410181,103.997949838638,207.671988457441,1.69243216514587,1576.63506808877,4209.44949346781,5057.60863173008,151.009998381138,1170.14741748571,504.18692690134,6905.15647338331,1207.3646222353,942.321207880974,112.093200743198,5.18297398090363,41.8178826868534,20.5081824958324,1162.78832763433,85.0476002693176,20.0456736385822,0,2.09963577985764,0,303.425233483315,80.3059037327766,161.406904682517,60.9102256596088,205.035405367613,687.173430144787,426.948004156351,29.7871854305267,3619.63533043861,6.37479194998741,95.9930499196053,280.563413962722,4.6604397892952,1.49495229125023,19.7888014912605,5.74177408218384,743.029227107763,21.8158020377159,0.606372892856598,9.41294521093369,1239.11658126116,4.35920512676239,6.64702522754669,8.99469989538193,383.477412760258,25.9268802404404,21.5466986000538,4.35369220376015,12.9551397264004,3.84238028526306,48.8541465401649,448.34358265996
2.57558351755142,1136.99335753918,0.646484315395355,4.07473912835121,3.78785479068756,38.4264424741268,53.5662421286106,153.205682128668,331.805539667606,191.305784732103,12038.3685670495,223.618876606226,0,95.9733275473118,9.27390989661217,20.7890311181545,5.65394771099091,95.6506687700748,8.88604861497879,78.5678543448448,6.73175573348999,659.634367883205,8.24688050150871,287.492175072432,6320.6806203723,204.177108705044,1766.13484942913,76.5320571660995,64.954922914505,33.902284681797,1865.47897261381,37.2084480524063,0,938.535804480314,6.3372443318367,39.3796901404858,311.857840627432,1276.19031339884,9.28255039453506,20.1590658128262,4.09502813220024,1631.84437698126,15.0016084611416,24.9739683270454,12.0382270216942,10.1823207139969,9.7872514128685,1.44101190567017,1153.32024639845,0,309.054290831089,0.913441479206085,0,0,2.92332649230957,1.20817700028419,1.50414782762527,113.594693779945,2.36384528875351,6531.40962424874,8.72507151961327,12799.721696496,12.7477698922157,0.672794759273529,12.5014907717705,2.57225131988525,75.215674996376,25.1849467158318,1.40199539065361,0,125.475338041782,2.01420551538467,100.539786607027,2493.25748360157,670.908363342285,1241.850574404,6.30734410881996,18.985614836216,0,1824.37722703815,14.2460460066795,0,97.4894023835659,1.76119256019592
29976.0595366657,0,938.592688918114,321.863207548857,40.4075227379799,894.413578554988,22097.397613585,24548.175475508,391.368313759565,6500.6002921164,459.05854678154,2102.34604343772,95.9733275473118,0,122.671821430326,32.4461348950863,3178.95027166605,240.075137913227,595.412279367447,1045.55307509005,1026.12328994274,9.07055765390396,4320.66997399926,630.052976965904,2.21446645259857,405.922389149666,187.209359586239,6981.06495717168,36611.1128616333,27312.9407115281,51.681674093008,1230.24680602551,317.539407670498,3102.8636842519,775.117031037807,1809.09602016211,100.307022541761,1503.43053755164,749.616694718599,360.423383206129,325.206050634384,357.979503840208,189.614776968956,2.58916634321213,25.5270169079304,13.7919385433197,114.30419537425,42.9895031452179,11.5868514180183,2.61331534385681,0,0,44.8648706972599,1.60413348674774,2.70533812046051,212.546027094126,29.3523024022579,169.724665820599,38.8849183619022,2.87884104251862,64.4106303751469,5.6894026696682,16.3145840466022,12.4487940073013,124.593537867069,1.97990518808365,0,0.741813123226166,22.5811425447464,96.7094621062279,18.3635124564171,57.5588607788086,660.361535489559,1.46281278133392,2.46264714002609,43.0236102342606,944.456455737352,16.9019030928612,126.216765105724,1.17135691642761,0,7.02392971515656,33.1328679919243,79.6121916174889
3.40802216529846,31.680566072464,10.186495244503,180.148395717144,2261.58319336176,4135.83127355576,195.446695297956,1708.77405835688,2718.28472813964,918.538385480642,28.332993388176,10103.3527375162,9.27390989661217,122.671821430326,0,52.3346791863441,35.6974785327911,16.1852473914623,39.2076896727085,695.174251645803,280.400013923645,68.7899082899094,175.051858723164,1314.17695352435,23.7616747021675,24.8144142925739,191.472647637129,909.532788991928,58.8235909044743,199.915845781565,5.73360514640808,40.2032527923584,1.73777556419373,101.368711918592,6017.54795593023,348.043514668941,47.2985624074936,74.6001192629337,90.0428541600704,8145.10791423917,425.426043987274,67.132721811533,50.3386545777321,8.53989613056183,6.66360747814178,45.2380138039589,503.809950858355,12.2716154456139,3.0917010307312,0,0.540976464748383,3.19082963466644,67.3529512286186,35.7880055308342,17.1372521221638,41.9860090613365,15.3083840310574,157.023203641176,69.1519950926304,0,162.909085512161,0,7.32510823011398,104.800340861082,7.3100158572197,1.83359462022781,1.87426698207855,2.74944758415222,31.8984706103802,20.8362030684948,3.70115983486176,13.869957447052,414.68338689208,0,4.7171722650528,20.0233745276928,178.668617814779,3.60950970649719,17.3913196921349,0,1.80455648899078,1.60544502735138,9.2652952671051,736.396644204855
2.49518230557442,810.858554035425,60.9485957622528,0,6.14487165212631,3.02118733525276,179.14811989665,33.0633823871613,903.283724337816,4.42011067271233,3.90904277563095,14.344321846962,20.7890311181545,32.4461348950863,52.3346791863441,0,427.7416472435,17.1153102517128,83.038048774004,1.96596592664719,15699.1209090352,10629.2097101212,16778.1403186619,7130.43707048893,125.581803321838,48.5840374231339,7660.90300258994,3206.63835278153,28.4057123959064,69.9864291548729,13.8326363563538,0.908113360404968,4.82229292392731,757.371310353279,4365.38982626796,10235.5140133202,1540.85884478688,2828.39465186,3549.14963379502,81.8339547514915,167.295592784882,131.982776075602,610.480096697807,136.539759069681,108.919781774282,90.9661093652248,28.8730289638042,58.80871540308,32.4599884748459,24.5081854760647,25.6902679800987,8.67680686712265,0.499645620584488,8.67436105012894,2.45147654414177,112.266347110271,67.3005691468716,232.393502116203,2.19484895467758,0.587474286556244,14.0869796872139,5.55679297447205,119.682901412249,7.26812919974327,14304.6192238331,20.6494635641575,4.05290955305099,4.16738310456276,0,3547.0131469965,2673.07644248009,6958.0972982049,2432.16921982169,0,1.78338944911957,3255.26728305221,1566.72669863701,60.5581604540348,1566.78851214051,0,1.7041243314743,13.9708775281906,73.1665445566177,1228.62354430556
485.010331600904,150.17848443985,18429.6210843027,7.89524999260902,1.78189250826836,45.2508659660816,384.00563877821,899.378994852304,57.2466751337051,101.799124598503,136.137495070696,93.6928877234459,5.65394771099091,3178.95027166605,35.6974785327911,427.7416472435,0,276.194869637489,14456.3031848669,44.0502077639103,6244.67524826527,351.350934684277,7666.44435188174,31.3350421786308,3.45609718561172,8435.73542103171,31973.896332562,353.7104845047,2755.01016944647,5705.39950081706,5.55935323238373,35.3235171437263,533.702891021967,24266.7412625849,1528.61955976486,4248.43986609578,1224.31386294961,9671.30080163479,5301.18318212032,46.135501742363,195.198219448328,33.413502573967,427.422795951366,81.710221350193,168.862228304148,226.343031466007,4.93042904138565,2.00111836194992,1.96739134192467,0,68.4289254844189,1291.77676552534,0,1.30452585220337,0,7.10135394334793,0,7.52487081289291,0,0.940981388092041,4.72174197435379,1.5946159362793,1.76861172914505,3.690669298172,74.5918224453926,391.060297757387,14.4367995858192,104.013125002384,0,22.780729830265,55.4250007271767,269.034781962633,36.8087391257286,6.62269884347916,380.510868042707,5771.08175987005,39.7725405693054,0.911861658096313,11.3943293690681,3.85716301202774,0,0,78.2450956404209,1061.8956618607
6.44244506955147,3.8725865483284,28.1515372097492,8.6902816593647,2.4754430949688,62.5320677161217,95.6534084677696,263.920686736703,19.8024713397026,325.54144090414,18971.2440093458,355.677055388689,95.6506687700748,240.075137913227,16.1852473914623,17.1153102517128,276.194869637489,0,5009.07724630833,128.918942987919,22.2292948067188,4.59133785963058,63.2144078910351,16.6437244415283,23.5275285542011,7236.52667334676,863.930493205786,110.25853100419,99.8506566286087,61.1605290770531,648.434772700071,92.5104901492596,0,4774.98304849863,194.383603960276,774.533421009779,2227.15410503745,4064.497004807,1537.5528101325,16.2246673107147,29.2909434735775,26.1654410362244,36.8072511851788,18.7999300062656,7.02401679754257,22.2030235528946,0.528253674507141,1.99131768941879,1.86793214082718,0,7.57179629802704,9.17145800590515,0,0,0,0,0,4.48578968644142,0,111.038856387138,1.56559839844704,195.52869784832,0,0,0,1.60459440946579,48.6456877589226,23.3010149598122,0,0,1.2287003993988,7.4615306854248,1.79426109790802,37.4399295151234,498.565353572369,539.770812422037,0,0,0,237.031643629074,0,0,3.82874068617821,200.409208714962
38.3386548757553,26.4729315638542,686.624529451132,12.9402507543564,2.05257743597031,100.484331309795,142.110056608915,465.393346607685,31.5047298073769,523.517432123423,4472.69668480754,519.579495206475,8.88604861497879,595.412279367447,39.2076896727085,83.038048774004,14456.3031848669,5009.07724630833,0,185.178635597229,306.847815662622,19.9736021757126,687.059100717306,36.3342142701149,20.8527963161469,10888.2729867697,9567.66288098693,208.598811358213,238.852851867676,229.191011041403,117.52821084857,148.318663716316,14.6848628222942,21958.3859514296,1054.13646119833,4467.54803982377,4790.57204732299,6714.57518583536,6559.63262739778,26.8953997194767,69.9387909471989,36.4679135084152,316.104132652283,81.6088001430035,87.1940165758133,171.734079957008,3.13794186711311,1.03259301185608,0,0,47.3850640058517,217.063687205315,0,4.48742187023163,0,0.851031839847565,0,9.04658210277557,0,20.2889485061169,8.21919190883636,35.6775815188885,1.36119431257248,3.64383846521378,5.74353194236755,176.589527696371,55.1227805614471,88.072459936142,0,1.44187730550766,4.56018072366714,31.7267649769783,9.88456726074219,51.6397282779217,977.6468937397,2874.74179074168,2.13528740406036,0,1.12921273708344,64.8351189792156,0,0.936756670475006,63.7944536805153,972.952737599611
4.96869307756424,7.47392797470093,1.6128888130188,65186.4320871532,259.384307652712,843.634177446365,180.375281184912,2502.58292169869,2237.20833358169,26727.5059046149,263.162018090487,23965.9632328153,78.5678543448448,1045.55307509005,695.174251645803,1.96596592664719,44.0502077639103,128.918942987919,185.178635597229,0,12.4286004900932,9.65373003482819,24.8103285729885,2299.27131840587,3.38929104804993,109.612036019564,89.2660695910454,3617.58570715785,429.339951515198,45.0132975876331,40.8060852885246,150.122609376907,0.993188291788101,647.719501137733,658.745144844055,3773.83083233237,60.2415290176868,468.605424374342,209.652550637722,1278.11628228426,569.587624877691,450.054492980242,328.139098525047,4.01488894224167,43.7870232760906,19.6213341355324,1634.86301487684,89.6585339009762,20.7061220407486,0,0,1.24174010753632,1137.85478952527,96.1840465664864,48.250000923872,426.206973791122,160.914992272854,824.048154979944,868.245221793652,4.05780607461929,785.865413278341,1.4778288602829,37.5588124394417,318.557189166546,4.32095205783844,1.02605652809143,0,0.846464395523071,481.29878666997,12.7537227571011,2.90783244371414,7.77429383993149,2825.14822345972,0.766607761383057,0,3.61033675074577,1592.91930022836,22.6830888986588,34.2604173123837,1.08577162027359,5.78267168998718,3.57216829061508,69.3911401331425,70.8302197158337
133.310601711273,84.7855536341667,7581.27116855979,1.37986466288567,14.511950314045,13.1026113629341,279.210653573275,265.059222817421,608.136305272579,22.4156237840652,14.4454459249973,98.4509484469891,6.73175573348999,1026.12328994274,280.400013923645,15699.1209090352,6244.67524826527,22.2292948067188,306.847815662622,12.4286004900932,0,1434.00075447559,69265.4002441764,1035.9280500114,23.1503725647926,1068.02635550499,2672.6061873734,16480.2551087439,1423.81067281961,15821.2095146477,2.03315848112106,10.4303541183472,439.111014187336,14948.8711271286,10756.387833178,18325.8243469,1252.93438708782,11305.0816478729,9288.62607270479,374.447737187147,714.155941784382,421.123364448547,883.127176940441,75.6007021963596,218.734184414148,112.504984557629,77.1893936693668,134.805102199316,98.5431101918221,30.7182133197784,4.735207259655,14.6891419291496,0,7.73562461137772,2.67725658416748,253.918210744858,100.716705262661,506.423963218927,3.78809788823128,3.08067038655281,33.4443608820438,0.60197114944458,224.580989718437,40.5354859232903,5456.42418992519,32.4455637931824,2.71963930130005,3.93020811676979,2.26175528764725,3830.47098836303,935.176341056824,2327.18551620841,4418.07906243205,1.29142343997955,11.0261661410332,1124.6832690537,3660.68703430891,166.493407934904,2679.97022810578,0,9.38231211900711,38.0388510525227,203.692570656538,1644.53843316436
0.632901072502136,4232.41758814454,83.1389143466949,11.6361465454102,46.1153625249863,0.432177692651749,17.3408845067024,6.70237195491791,7681.2907114923,7.17994648218155,41.7548162341118,18.9159292578697,659.634367883205,9.07055765390396,68.7899082899094,10629.2097101212,351.350934684277,4.59133785963058,19.9736021757126,9.65373003482819,1434.00075447559,0,1231.05176198483,15365.8414282501,1718.76687422395,64.5093258917332,14055.4184504747,878.781267136335,2.92915192246437,40.5916532874107,227.081513613462,0,0,79.9779899716377,165.61874461174,861.208601146936,176.573185950518,296.666077315807,232.563667744398,203.774616539478,13.1128353178501,52.3222659230232,210.964963614941,62.1028370857239,48.9236463904381,29.1480281352997,8.62303936481476,6.83291327953339,10.0948448181152,4.08905214071274,62.8833805322647,315.005572080612,0,1.44602113962173,0.40054577589035,26.920120537281,6.08964613080025,132.660324692726,1.02948117256165,29.6526917517185,1.38693416118622,46.3085387349129,16.6498276293278,4.58233237266541,4048.77088823915,27.0818753540516,2.54925942420959,3.51586717367172,1.34304040670395,736.500920176506,1972.62193596363,1791.01118534803,1202.43162959814,10.8998050689697,51.2974852323532,5742.9991184473,373.223476499319,10.6761242747307,289.1943564713,20.929857224226,0,0,18.0325309634209,88.1601767539978
602.021895974874,60.9300271570683,38284.6518747211,0.645805418491364,15.4990180134773,27.6608638465405,1340.21966394782,1424.2346111834,262.325827389956,54.8437094092369,46.2436673045158,58.0511219203472,8.24688050150871,4320.66997399926,175.051858723164,16778.1403186619,7666.44435188174,63.2144078910351,687.059100717306,24.8103285729885,69265.4002441764,1231.05176198483,0,556.144290804863,15.614787876606,1965.44338881969,41484.81935817,3734.01480728388,2506.14197650552,12772.0096367896,6.21858781576157,22.8379022181034,417.872780233622,23125.1928365827,12594.7320781946,23299.6261858344,4878.0835454762,26969.4509955943,20800.195306778,248.891214251518,688.415534377098,138.255535840988,624.365491122007,161.441576361656,68.9538540542126,194.566159009933,18.1294538378716,37.1912508904934,25.7095312476158,5.376977622509,7.54696053266525,86.1972153186798,0,23.4976823925972,1.68734586238861,72.7803960442543,31.2762263119221,68.0802743732929,0.782901287078857,2.27043268084526,12.9484822154045,1.47171449661255,62.4102025926113,11.1301671862602,7830.0552828908,29.1351720094681,3.4502632021904,9.93275734782219,2.06317675113678,1591.29246452451,975.951119244099,5078.18681332469,856.297977924347,2.33463698625565,15.133976906538,5908.05292871594,641.257039159536,25.9874890744686,769.506797224283,0,1.86062979698181,3.77864208817482,40.79786875844,4026.16218063235
28.7798115611076,2888.9485655427,9.49005705118179,4430.53239008784,714.199006676674,215.476716637611,2115.23396673799,1509.03192147613,44449.0063280165,2856.28139609098,60.0788606107235,1182.94713559747,287.492175072432,630.052976965904,1314.17695352435,7130.43707048893,31.3350421786308,16.6437244415283,36.3342142701149,2299.27131840587,1035.9280500114,15365.8414282501,556.144290804863,0,1203.5281252861,42.3004866838455,4983.91654708982,28804.1137138009,623.79464161396,190.902359127998,114.631723105907,33.579612404108,88.1438726782799,606.419467508793,1071.07748049498,3327.3150754571,179.816232830286,426.241489052773,266.702501177788,3145.10442894697,384.070557951927,237.331304222345,2793.61467275023,46.7341887354851,542.891385555267,170.292382925749,2850.04002851248,621.664761453867,59.1882691085339,44.9286699593067,56.7218362987041,15.0321303904057,1946.31169018149,154.628025203943,112.665545046329,2885.74198520184,791.534637123346,6979.10499605536,1705.17785730958,19.4825631678104,849.960596114397,15.6283137202263,506.183714091778,793.093246459961,2422.96129998565,31.1034330427647,2.54133749008179,3.80044957995415,790.337510406971,1962.81391832232,1053.76995411515,944.845855385065,19346.1077084839,14.0639573931694,9.94633120298386,454.934523403645,14851.2884414196,429.052830427885,1720.40025234222,0,18.3216150105,76.4863507449627,621.469293385744,611.763077944517
0,2043.52951881289,0.649540543556213,2.9662139415741,9.81236535310745,0.74892395734787,1.87171483039856,2.14706486463547,1254.17855104804,2.57118764519691,398.608097583055,6.48205730319023,6320.6806203723,2.21446645259857,23.7616747021675,125.581803321838,3.45609718561172,23.5275285542011,20.8527963161469,3.38929104804993,23.1503725647926,1718.76687422395,15.614787876606,1203.5281252861,0,257.062805056572,8167.70800465345,47.8481450676918,0,0,567.286164492369,2.3413645029068,0,18.0968667268753,5.52828121185303,12.5112575292587,29.0637856423855,34.3789877295494,5.59838235378265,61.6860119402409,2.81925785541534,359.29324889183,111.309210836887,88.5197449922562,53.1090364158154,60.0825023651123,0,0.578996181488037,84.3337067365646,0,594.339677244425,21.2115788161755,0,0,2.34074211120605,4.35457509756088,0,34.2618724703789,1.02009186148643,936.019202947617,1.15496468544006,3027.58182960749,1.768524736166,0,25.2821341753006,16.7616844475269,93.2514745593071,165.775611370802,0,2.55189388990402,49.7792421579361,16.12796407938,56.2137964069843,4449.18866121769,1786.4093567729,4546.11437264085,1.98555845022202,8.20894855260849,0.591396808624268,1103.93817967176,0,0,72.1898545622826,3.8518545627594
32.5138846337795,278.533284693956,40304.7122277021,11.2354092895985,7.02272561192513,69.9954669773579,199.746414333582,310.150139868259,67.136021822691,291.016996443272,7235.04840767384,341.613248854876,204.177108705044,405.922389149666,24.8144142925739,48.5840374231339,8435.73542103171,7236.52667334676,10888.2729867697,109.612036019564,1068.02635550499,64.5093258917332,1965.44338881969,42.3004866838455,257.062805056572,0,42095.4208687842,188.75714674592,123.234199553728,350.512327462435,1184.11559429765,55.8476936221123,6.12338945269585,2946.58619531989,710.46419274807,4144.42059227824,6209.86259967089,3104.86215278506,2904.93791675568,19.0133745372295,63.8926366865635,75.8268139958382,940.624041616917,471.553466528654,341.164379864931,563.513560682535,9.19438320398331,7.3570739030838,6.5511127114296,0,561.305302798748,401.394122183323,0,0.584303557872772,0,8.2461873292923,0,55.1181592941284,0,1206.45648005605,3.24083343148232,3066.0025716722,3.70757418870926,6.0802880525589,10.5101043581963,490.955922782421,661.803783148527,878.928774416447,0.515344440937042,5.07682308554649,42.9702154695988,50.1171934604645,27.5447595119476,963.862597852945,10766.917783469,22004.9528095722,17.0849372148514,2.2810914516449,14.9834048449993,2969.9447107017,0,0,249.363083153963,703.931525945663
10.8612632453442,23057.1658219397,46342.6607460976,46.5263439416885,58.2383019924164,19.3491529226303,234.73872089386,174.768243819475,6849.3521014154,95.8594637811184,267.38059553504,156.464834302664,1766.13484942913,187.209359586239,191.472647637129,7660.90300258994,31973.896332562,863.930493205786,9567.66288098693,89.2660695910454,2672.6061873734,14055.4184504747,41484.81935817,4983.91654708982,8167.70800465345,42095.4208687842,0,935.400562644005,62.1728451550007,262.309370279312,2944.70915806293,23.567275583744,4.76672497391701,7520.74874591827,7560.68111100793,27843.2549640536,8269.68542167544,19003.6964563727,15547.8610010743,373.721469193697,434.731685042381,94.4382454454899,6284.02493369579,1872.33779415488,2587.13434296846,2875.94442468882,88.3848868310452,42.6713925898075,58.4357261657715,3.39169445633888,5527.84418106079,12816.6529538333,0.300947546958923,28.921461224556,1.43575137853622,45.5367907583714,6.96942773461342,197.547251731157,3.43192887306213,1085.94878152013,15.5196138322353,2722.61761820316,26.5048597157001,44.2436830103397,9572.72621050477,4768.80364769697,1032.75339302421,2987.11371296644,0,549.325448453426,3473.21183431149,12699.3686146438,575.95544975996,3665.60638603568,22329.2078566253,157832.346075445,400.742611527443,12.6585854589939,153.680969685316,3266.98482245207,2.28061354160309,4.37706813216209,1258.32595700026,5121.10561040044
428.133192449808,133.770123302937,332.578560858965,10438.5798016191,365.516069471836,1375.80872447789,49584.4211344719,12362.5504933596,9901.34116876125,38204.7249357104,206.416145354509,1076.16700553894,76.5320571660995,6981.06495717168,909.532788991928,3206.63835278153,353.7104845047,110.25853100419,208.598811358213,3617.58570715785,16480.2551087439,878.781267136335,3734.01480728388,28804.1137138009,47.8481450676918,188.75714674592,935.400562644005,0,4278.77214413881,16232.3810043037,32.5489238202572,241.952207714319,727.266194134951,4736.46473932266,5935.34897130728,13882.7868722975,607.109764665365,3020.51552054286,1577.98138204217,2266.25189507008,1819.045930475,769.803666085005,3699.54560619593,55.0710408389568,696.807400137186,199.230449676514,2382.00517255068,692.021169930696,117.143541991711,59.6051040589809,14.6407264471054,5.13063254952431,1880.76303619146,84.8086367249489,87.9615616798401,4069.14901560545,844.714820414782,3796.10210642219,1579.89416307211,7.64806646108627,741.763996571302,1.05222797393799,601.921153604984,504.662106335163,1289.30021268129,47.5045832693577,0,3.21840754151344,790.439449042082,1556.57187840343,275.061202853918,694.04765099287,15779.3670260012,0,6.06317409873009,299.482050895691,16936.6417142153,542.504279643297,2101.21302801371,0,11.1826089024544,97.8861683607101,729.021709859371,1049.81074273586
10430.5336965919,0.68802273273468,203.282939493656,152.509091317654,19.9199724495411,46.4308553636074,1939.33382323384,2366.15100800991,261.156451433897,1345.16014701128,177.128698527813,307.90105471015,64.954922914505,36611.1128616333,58.8235909044743,28.4057123959064,2755.01016944647,99.8506566286087,238.852851867676,429.339951515198,1423.81067281961,2.92915192246437,2506.14197650552,623.79464161396,0,123.234199553728,62.1728451550007,4278.77214413881,0,15397.9491248131,30.9791486859322,1393.13404026628,7301.83476758003,5532.23076957464,478.059491336346,719.773714929819,50.3916171789169,1446.65060567856,459.274924397469,143.439949244261,273.89626160264,156.730840742588,139.100287288427,0.919108539819717,27.501761585474,9.56064903736115,38.9550221562386,22.0092208981514,11.6715981960297,2.31924664974213,1.08883941173553,0,12.9490487873554,0,1.19726943969727,133.406215369701,4.9524639248848,127.029899954796,14.6781944036484,0,11.2645307481289,1.55493971705437,10.2569302916527,11.7948506772518,52.563607364893,1.41361972689629,0,0,8.35579198598862,72.7563310563564,6.9752856194973,26.8544374704361,389.133815020323,0,0,12.7357122004032,712.71793794632,8.71092894673347,87.1398598849773,0,0,5.82607060670853,40.2907891869545,56.7808277904987
8476.29483687878,0.904554188251495,1622.73381233215,13.7889865636826,24.1885845661163,120.08348184824,21997.8017446697,5637.38664418459,186.647949099541,204.122821956873,96.222817927599,151.300719410181,33.902284681797,27312.9407115281,199.915845781565,69.9864291548729,5705.39950081706,61.1605290770531,229.191011041403,45.0132975876331,15821.2095146477,40.5916532874107,12772.0096367896,190.902359127998,0,350.512327462435,262.309370279312,16232.3810043037,15397.9491248131,0,17.036368906498,61.5305457413197,1982.77421885729,12428.8085589111,4364.30458053946,5591.22410842776,345.971236139536,5164.37987977266,2538.25606286526,384.399326682091,751.509825199842,220.325652897358,354.706141322851,12.0231497883797,71.2612171173096,34.8747366368771,51.833748459816,59.4421623647213,26.4442499876022,6.58829775452614,1.1756064593792,5.11413332819939,10.1419392824173,2.49189448356628,0.404864728450775,132.604087650776,39.506043702364,144.786578685045,11.9104944169521,0.766645669937134,37.1195849776268,0,58.3155218064785,23.6464764773846,658.583435028791,9.81973600387573,1.26816892623901,0,2.78237628936768,666.140999019146,86.2548456788063,311.082967638969,959.388614118099,1.18168342113495,2.02206668257713,81.175036251545,1517.02992108464,54.690143764019,626.978805691004,0,0,13.5608839988708,78.3368539810181,516.712129801512
