0,6.60433006286621,89.4027116000652,3.43723285198212,13.0671455860138,229.878967434168,4017.55577406287,2895.39724045992,9.74456632137299,70.7662684619427,240.432447344065,16.1877357363701,97.1922081410885,16496.602817595,22.8555440604687,1.61561059951782,324.510389566422,162.373015910387,175.825468719006,14.9201240539551,73.807753354311,2.75879853963852,201.588598847389,23.0068535208702,6.30800342559814,142.564175635576,73.2859237790108,46.8655666708946,7853.21184161305,4141.88168290257,12.9163043498993,100.547467976809,176.060500055552,1173.98910108209,50.5937225222588,260.59982547164,31.7708058953285,770.673798114061,70.5033721029758,40.4931853711605,38.6064570248127,35.1839939057827,20.3265680968761,2.30057835578918,20.036872446537,1.58580246567726,10.414166033268,4.06978350877762,9.44373869895935,0,0,0,0,1.7753923535347,1.0527768433094,18.178681820631,3.52980071306229,5.93640339374542,3.13587474822998,1.27594894170761,0.948350995779037,3.64930135011673,2.43155437707901,0,2.15030646324158,0.573698461055756,0,0,1.08603191375732,0,0,2.21878069639206,55.2106943428516,0,1.34339055418968,2.86096066236496,30.0148566365242,1.94309836626053,0.62772125005722,0,0.380089849233627,0,9.73164257407188,5.82690873742104
6.60433006286621,0,280.960416227579,0,0.956856608390808,3.87956511974335,20.0851074457169,4.85637158155441,1284.93075814843,8.86543622612953,566.011831045151,3.52176916599274,2348.53441807628,7.56836986541748,20.1241037845612,847.676560521126,100.121257543564,2.97463148832321,38.7650175094604,0.953270852565765,277.855245739222,7232.87754073739,256.646659851074,4768.80865040421,3628.32218617201,571.367856472731,35261.8737879694,508.206524372101,6.74399614334106,10.2381475269794,18.0991348028183,3.89696437120438,1.28897625207901,101.100104391575,28.8466699123383,204.356051564217,112.688056051731,93.9861943125725,53.401855558157,15.3692618012428,0,773.394195646048,460.411366283894,287.598330497742,114.471544623375,130.505090743303,5.05323886871338,5.5992785692215,30.734070956707,7.54561072587967,1594.84786942601,251.612001717091,2.88811564445496,0,0,98.2496256828308,19.9775642454624,23.7133646309376,3.07735243439674,77.7154887616634,0.40613517165184,96.6177679896355,54.1382800638676,1.57648158073425,101.218165934086,371.940472602844,10.7421625554562,233.206361442804,0.602853775024414,71.6579015851021,94.7961631417274,110.803020983934,86.2094597816467,164.646922767162,836.782702803612,5910.2547737658,60.2673205733299,22.2502524554729,67.9500269889832,9.10476100444794,0,3.26498639583588,80.5263884067535,51.1917814910412
89.4027116000652,280.960416227579,0,2.92140680551529,14.1453513205051,47.847132563591,4262.96242380142,1944.43963810802,12.7786263823509,36.416136264801,26.3868753314018,7.71268784999847,94.4035812616348,1261.71342813969,70.0874986946583,144.482320278883,24695.4186637998,119.333019047976,992.390413045883,0.484773188829422,10271.4158526957,111.600272119045,48694.1879004836,90.5997018814087,1.25730764865875,17975.204670012,30455.3913823962,4138.74331641197,614.859655559063,8775.1637313664,1.73029273748398,11.6784380376339,98.9726166427135,1840.16731268167,391.564844489098,6154.49433270097,5204.25378811359,3032.59787774086,2706.26849189401,59.6089172065258,17.9388642907143,22.6530900597572,1183.47331875563,2510.9808177948,385.054497599602,529.152314126492,16.1130904853344,22.8508737385273,3.71979641914368,8.57993268966675,499.929766476154,3577.34408357739,8.39660307765007,3.82822853326797,0.946491301059723,299.458711445332,24.0832513272762,3.54634189605713,17.319179058075,11.270136654377,1.0617261826992,0,69.0565440654755,7.39725732803345,371.924874097109,3002.05850324035,26.0258879065514,305.069170683622,4.0814180970192,120.780375748873,161.924110352993,1270.7465608418,141.14738202095,0.92550253868103,2031.8457544446,14020.3864663839,189.89376655221,15.6235929131508,100.86765936017,0,0,1.64466118812561,323.395738333464,361.466827660799
3.43723285198212,0,2.92140680551529,0,247.78152808547,835.823333621025,681.792643904686,707.807550519705,5714.34841659665,9786.05886292458,129.497455149889,2986.70993563533,163.473502546549,157.602557480335,1322.68375527859,0,8.23215010762215,38.0147422254086,22.574995726347,27239.1456778944,0.599586009979248,0,2.1858469247818,13210.521389395,24.1567469239235,18.1385941505432,0,5358.44911116362,145.719054818153,6.82457014918327,1.6769799888134,86.7366809248924,5.57823675870895,222.744681715965,116.929027915001,978.288992673159,4.95391076803207,220.894852340221,8.43120962381363,1438.27282473445,101.422960668802,40.9012214839458,119.901779592037,0,64.3881422281265,9.57098859548569,950.83174264431,29.9682929813862,6.67178964614868,0,11.3911551237106,0.331432551145554,4059.54420593381,211.541466504335,361.921522110701,72.9942665696144,79.9901388287544,1009.12662360072,3672.26140797138,11.9012945890427,1538.09222736955,0.856918513774872,57.9828533232212,381.136064678431,0.375275880098343,1.37818956375122,5.15553522109985,2.83764779567719,2328.54570949078,0.645656168460846,13.6499170958996,0,1165.70525819063,5.80134212970734,3.20153924822807,17.8974257111549,722.458940058947,13.4371081292629,0.383815407752991,0,4.09389221668243,0.500682175159454,81.5344860255718,12.3628542423248
13.0671455860138,0.956856608390808,14.1453513205051,247.78152808547,0,5288.87165161967,565.570018351078,351.019956797361,672.154821515083,765.71513530612,46.0681165754795,1396.23890659213,399.412670135498,47.6132654845715,9020.80675256252,13.4033471345901,17.4961859583855,26.3901280462742,5.42604851722717,383.056165188551,199.359286665916,18.4303221106529,243.977164983749,302.542054802179,47.6808796525002,28.2245045602322,50.2946535050869,204.319254875183,65.7873103320599,257.540825784206,1.85484397411346,1167.71459063888,3.2432667016983,5901.82890403271,671.428506910801,2565.10790920258,45.7591971755028,146.316294133663,66.5850515365601,12836.499162823,8971.37297275662,27.9458556175232,44.1975944936275,8.22584009170532,94.8817957639694,52.8939729332924,220.429879158735,19.7637578845024,38.330801486969,0.727119445800781,1.2108508348465,0.51399552822113,56.6874105334282,27.800023496151,58.0866675078869,47.9369677305222,30.2633989453316,13.0247632861137,100.334954470396,3.13313186168671,116.237916857004,1.84314036369324,17.822473436594,43.5349593162537,1.73433169722557,0,7.28306430578232,1.93337666988373,55.0408705472946,13.8955190777779,1.00323569774628,10.8104021549225,80.9717168211937,0,5.70995718240738,5.30254125595093,69.6926335394382,12.1534436643124,5.0224232673645,0,2.51282489299774,1.08980014920235,95.1133603751659,1110.43830031157
229.878967434168,3.87956511974335,47.847132563591,835.823333621025,5288.87165161967,0,2791.35270351171,21378.2471886873,781.633493214846,21203.3092931956,1177.66069746017,8318.75128498673,946.653558492661,1317.37879216671,4406.52304884791,0.893980622291565,138.845051348209,601.031536370516,403.876259416342,1802.75023433566,38.7431117892265,2.67801988124847,53.5593331456184,292.058919519186,123.152480244637,415.446436494589,123.231219887733,119.335385769606,751.946147054434,375.8227635324,46.7756466269493,670.181450456381,4.44104054570198,1734.02015319467,1250.64194726944,3568.45331290364,34.5352108478546,672.475414484739,37.6094551980495,11153.0272132158,1322.80836966634,288.811935484409,159.908573746681,16.9598192572594,276.97833186388,26.7157069146633,635.626112997532,82.7291613817215,79.7499965727329,5.24282845854759,1.91125673055649,0.575673818588257,384.729268282652,83.3381733298302,146.571184664965,298.885317862034,95.9466251730919,69.8589620888233,629.459985285997,15.8447583019733,328.86122366786,21.1021403670311,63.2111640274525,110.975671619177,2.71537113189697,0.637796998023987,1.45383310317993,3.06295335292816,287.235600173473,3.25370764732361,2.28674077987671,0.893516302108765,655.509018957615,1.11897420883179,1.70090454816818,4.91805952787399,491.519017666578,17.6742369830608,12.7253849804401,2.93302571773529,9.26590326428413,4.72919002175331,290.629872232676,132.555966496468
4017.55577406287,20.0851074457169,4262.96242380142,681.792643904686,565.570018351078,2791.35270351171,0,38353.887758106,3848.26015526056,23689.8753513098,1134.06943321228,233.082546502352,2677.52581444383,27793.5778510571,1698.28882360458,33.0043199658394,576.714419752359,582.337362468243,602.239215791225,136.742520689964,2394.56827956438,123.633647054434,4609.78699922562,15743.013938576,310.587371319532,805.338745504618,2037.89184898138,70521.7859120965,8062.81703773141,3892.49662685394,46.1704824566841,609.984403848648,1153.73745656013,5770.29429978132,3925.32533794641,18833.6057525575,568.262543559074,7309.30820721388,1263.3038520813,1808.98304736614,1067.70306953788,363.614861667156,1926.16992357373,88.8769596517086,784.565531790257,153.996545881033,1022.52128604054,355.74508574605,112.821085602045,152.631370097399,13.0389885306358,140.564730554819,1738.4717553854,31.9389304816723,143.190693706274,3325.06859067082,589.418155401945,851.691911429167,2321.49258589745,50.5206185281277,160.47665810585,13.2130890190601,797.548878788948,83.0720627307892,351.264866143465,36.312480956316,10.1019113957882,26.8208594024181,465.158196091652,192.481906920671,83.15931853652,575.651065438986,9214.25260829926,3.0499404668808,26.186929166317,578.960226684809,6279.76272508502,561.957271933556,314.479897260666,0.675640344619751,56.7675738930702,53.2245264351368,1018.12695667148,560.586562842131
2895.39724045992,4.85637158155441,1944.43963810802,707.807550519705,351.019956797361,21378.2471886873,38353.887758106,0,833.091353207827,9461.40827105939,2523.85983321071,4035.86571601033,1539.56061753631,17653.1546690613,421.621335953474,16.2429684400558,2188.95970827341,1172.50106799603,1296.33423438668,1501.80391892791,984.996441155672,11.1726379394531,1615.4524666369,2264.08876642585,387.904612123966,1616.70409393311,721.302325695753,1417.9337490499,5208.73242801428,9421.10755875707,129.41496476531,897.402331858873,170.959353774786,2740.06575244665,421.503849059343,5485.96707966924,251.018194884062,1860.27544096112,653.417121708393,4154.05348831415,555.44886097312,461.923658967018,1848.92969322205,56.2078837156296,742.095731317997,116.134940505028,1229.79195147753,346.002873897552,114.283576339483,61.8161229491234,3.90198305249214,26.3307644724846,1872.06886297464,49.5280932188034,192.378974109888,2925.72574231029,479.349344462156,387.649939775467,3223.50601893663,47.4499967992306,285.59756436944,33.1687049269676,595.524723321199,101.631546169519,40.2311725020409,12.0196335613728,1.22720482945442,16.7071353197098,651.30045735836,21.5186749696732,14.1670572459698,86.5791812837124,6823.784424752,0.796963930130005,12.3703194260597,104.144213706255,5124.71241490543,249.994550347328,72.2687610089779,0,43.0447942316532,25.6957192718983,892.229549944401,92.1950243711472
9.74456632137299,1284.93075814843,12.7786263823509,5714.34841659665,672.154821515083,781.633493214846,3848.26015526056,833.091353207827,0,5051.22567841411,123.172525137663,3506.38086718321,505.414143711329,111.346828132868,3030.28837612271,82.4331710338593,6.49970996379852,22.6550472080708,11.6025127470493,2043.85254091024,88.2608464956284,11373.3607229292,44.7375644445419,32717.4956190884,728.684139698744,38.8621515333652,1518.34839999676,6160.95539629459,128.876919955015,56.8865131735802,13.5862660109997,86.6103793978691,9.01445245742798,107.512331604958,48.2845235466957,731.651234537363,12.2915514409542,106.860520720482,12.3203529119492,4584.15937951207,165.657099366188,77.3933508098125,423.935855954885,25.996483117342,114.182634621859,34.3776285648346,469.322962284088,69.6789561808109,18.4714788198471,30.2347008883953,60.6788747012615,6.39870399236679,3227.66158655286,128.956338316202,154.726432144642,674.932863324881,159.298275202513,4512.20263132453,1789.19297400117,55.5017748177052,1118.13463869691,36.7609978318214,182.289287894964,197.423240482807,728.518810272217,12.8071283102036,47.1487366855145,34.0944019556046,1201.38899457455,666.319213628769,613.705756574869,199.625417590141,7809.29467093945,18.5872770547867,49.2821182310581,125.612190335989,2792.87061837316,124.295569628477,108.672246068716,6.71775081753731,15.0593874454498,11.5450715720654,171.964314520359,37.2598945200443
70.7662684619427,8.86543622612953,36.416136264801,9786.05886292458,765.71513530612,21203.3092931956,23689.8753513098,9461.40827105939,5051.22567841411,0,1891.69801208377,10404.6975493729,2939.0997826159,3196.31655222178,1700.60384780169,0,234.085793405771,922.668145865202,786.814652860165,19634.5846609473,25.3879116773605,1.99255275726318,65.1047950387001,8987.49461823702,292.921958833933,730.572338432074,221.13060849905,9715.10168874264,3216.68326929212,143.07204797864,76.9525023400784,1114.08327254653,142.990105509758,4168.15928965807,2461.09787663817,19484.8128966987,110.263148069382,4527.20666480064,158.717513501644,3795.05362258852,1375.92287158966,508.184724986553,817.190609693527,24.4497056901455,528.551867127419,69.5851197838783,2345.323854357,227.086690485477,84.6413804292679,8.25194212794304,9.82350420951843,0.713471114635468,9834.72140368819,434.400748759508,700.724721163511,821.649201691151,297.133831828833,2135.74234598875,11839.7039790154,23.3305962383747,2336.41013452411,15.8049463629723,256.692366451025,619.017252117395,4.68001270294189,0,0,1.21343982219696,4587.06661820412,10.8925615847111,22.3019980192184,0.338390856981277,5117.41757363081,5.07380655407906,1.092649102211,19.5385872125626,4326.00312960148,60.6170550584793,12.8083887398243,2.00028431415558,26.7560311257839,2.48317378759384,706.549004644156,235.982136815786
240.432447344065,566.011831045151,26.3868753314018,129.497455149889,46.0681165754795,1177.66069746017,1134.06943321228,2523.85983321071,123.172525137663,1891.69801208377,0,919.749466210604,3956.45629513264,1195.575843364,72.9532890021801,62.0206969082355,107.970354646444,16311.5514518023,4647.49620807171,362.445814788342,94.1175159215927,353.74533444643,153.239282101393,233.761564284563,2535.72690942883,6157.21129688621,138.647428065538,129.972724735737,1527.20105552673,338.506968140602,1336.01418527961,1217.5982824266,4.9075021147728,13879.1650753915,170.632057517767,1991.72055593133,2420.70558482409,11434.6965446472,594.201494276524,381.216640949249,82.2864725887775,12988.0089752078,70.0451440215111,3365.95774888992,117.793483674526,27.2359603643417,65.3390668332577,31.1593518257141,1168.464430511,0.786977171897888,137.917941331863,0.655143201351166,9.40394598245621,1.87467461824417,5.66577637195587,109.840332955122,42.9507247209549,61.6376752257347,16.452795445919,2507.34975558519,15.8073201477528,4792.27375197411,24.2268003821373,2.33511626720428,2.25668865442276,0.834769308567047,42.0695118308067,0.67323887348175,6.44173684716225,0,44.6221578717232,1.47014713287354,292.485154926777,374.738200306892,1011.47235238552,636.631563067436,159.394437789917,22.0688634812832,3.34142753481865,1156.46581274271,38.5156994462013,0.931910753250122,338.702622354031,74.0824469923973
16.1877357363701,3.52176916599274,7.71268784999847,2986.70993563533,1396.23890659213,8318.75128498673,233.082546502352,4035.86571601033,3506.38086718321,10404.6975493729,919.749466210604,0,551.287858039141,689.209484696388,4916.4519187808,0,67.2349842786789,427.586946099997,336.826721936464,12671.9556566477,1.87382310628891,4.43056854605675,9.87502270936966,963.873409360647,124.936082273722,311.844657540321,89.5010254979134,46.0786010921001,540.907998621464,51.6019507050514,32.0652710795403,532.560748368502,1.70646905899048,1168.85794177651,503.993899255991,1640.07435339689,19.3537929058075,712.045922011137,5.52700424194336,4592.17639389634,315.336595952511,220.95309445262,73.0056458115578,7.57105705142021,103.236472606659,15.9712229967117,1290.65307551622,39.5363459587097,26.0535438656807,1.51897832751274,1.22111210227013,0,906.109377920628,298.652887195349,392.610036879778,44.0119576752186,115.616460204124,123.861168682575,1459.88478544354,9.32471200823784,2507.46003431082,13.6875514388084,42.8944367170334,352.123114019632,0.367581278085709,0,5.76291757822037,2.92725002765656,881.821753621101,3.28395190834999,4.59033966064453,0,230.305756479502,2.5222555398941,4.29701679944992,3.04458099603653,172.706047922373,7.94285580515862,4.38838693499565,0.840648412704468,11.062655121088,0,114.159085541964,65.670174062252
97.1922081410885,2348.53441807628,94.4035812616348,163.473502546549,399.412670135498,946.653558492661,2677.52581444383,1539.56061753631,505.414143711329,2939.0997826159,3956.45629513264,551.287858039141,0,284.036850601435,220.553049266338,235.758111208677,75.8019922375679,53.5047596693039,60.2358971238136,315.106270432472,686.314008563757,1530.58275645971,556.373260945082,1345.12334960699,12654.5857214928,164.086471617222,880.685613036156,1062.77842289209,400.501116007566,1283.48884299397,983.501212865114,503.533370494843,33.2791426479816,5086.09322482347,175.272926211357,4854.87654492259,1048.03418695927,3691.33571124077,1316.64930313826,4637.36454284191,1460.36022090912,11739.836255163,467.727311789989,6078.34207135439,1514.43327692151,224.489993721247,1619.69289493561,356.326622396708,1622.95750802755,8.16125398874283,239.391307294369,4.79493403434753,118.203043192625,54.1189166307449,239.570775002241,363.460030645132,511.728434294462,90.2814713418484,543.855162590742,7176.98726612329,193.706315070391,12984.8890653849,181.506117850542,65.0938420295715,14.7114599347115,4.9385686814785,60.077911734581,7.6436373591423,164.262722104788,8.45163297653198,94.5875483453274,7.537781894207,440.552351862192,1138.08867925406,1905.62956213951,1823.51960021257,366.462181180716,78.7341676354408,21.6043335199356,3403.67978230119,179.135189890862,5.74217063188553,1050.92857724428,52.5997949242592
16496.602817595,7.56836986541748,1261.71342813969,157.602557480335,47.6132654845715,1317.37879216671,27793.5778510571,17653.1546690613,111.346828132868,3196.31655222178,1195.575843364,689.209484696388,284.036850601435,0,76.8951828181744,10.9119926095009,2007.66353911161,757.890891343355,935.507963120937,285.105572551489,845.034566521645,2.78202816843987,1397.66563227773,217.403009861708,47.6726846396923,1085.51077887416,561.521772503853,447.503811329603,19403.2574443221,20980.094748348,29.7518737316132,514.454734295607,245.028634518385,1947.17413985729,221.725224882364,1672.31996932626,216.023301184177,1644.74847534299,518.09857749939,226.554903358221,122.825558304787,125.052695512772,217.345242887735,22.7953164875507,115.485855966806,13.3324310481548,159.508772104979,44.8760950267315,18.7724398076534,13.2000223696232,1.62190467119217,20.4260990619659,80.9306276142597,9.73208963871002,20.8809311687946,391.030869662762,57.8226106464863,51.5996795892715,164.057305425406,11.2797350287437,17.2440913617611,6.99279367923737,73.437641531229,11.9975332319736,20.5878286361694,6.55137100815773,0,0,51.8163957595825,5.1918573975563,3.07795920968056,42.4420619904995,850.234579861164,0,15.3404691815376,73.6925318837166,604.943879306316,51.1620709598064,16.6570247709751,0,1.71918109059334,4.72312983870506,121.710257381201,39.5112722814083
22.8555440604687,20.1241037845612,70.0874986946583,1322.68375527859,9020.80675256252,4406.52304884791,1698.28882360458,421.621335953474,3030.28837612271,1700.60384780169,72.9532890021801,4916.4519187808,220.553049266338,76.8951828181744,0,31.0667270421982,85.2777220010757,34.7711737155914,45.8277856111526,1255.99615445733,483.484701246023,113.848547577858,582.150937139988,1864.7950258553,81.8380871117115,111.521045804024,289.400279194117,809.608897328377,121.835763156414,963.767789006233,3.22615206241608,117.428974896669,22.6939996480942,119.336506515741,2475.33797824383,2317.98974633217,186.679216563702,154.821216017008,281.242538571358,6265.66243433952,165.172618478537,31.9393550157547,157.181821316481,29.5206392407417,65.4577483534813,184.641161680222,551.686320722103,37.7590872645378,8.96187555789948,6.0423309803009,5.0169934630394,10.6000648140907,214.595763891935,84.5359707474709,188.555182635784,189.205142736435,56.1754016280174,41.0931090116501,361.39642432332,4.39477127790451,352.239408522844,0.37377068400383,47.4505150914192,110.310924470425,11.0942110419273,11.3400262594223,22.5671091079712,20.1029631495476,194.146044522524,27.6134309768677,13.3986546397209,16.2113415002823,390.926952719688,0,50.7024411559105,71.6038295924664,281.2393925488,26.5566800534725,13.0171188414097,0.903364777565002,2.81908163428307,0,60.4028785824776,2575.88508293033
1.61561059951782,847.676560521126,144.482320278883,0,13.4033471345901,0.893980622291565,33.0043199658394,16.2429684400558,82.4331710338593,0,62.0206969082355,0,235.758111208677,10.9119926095009,31.0667270421982,0,143.787109345198,6.18601357936859,63.9086570739746,0,12343.2069287896,12184.0461782813,17411.0351517498,2866.56276497245,217.03290528059,122.653252571821,10036.5797271729,5510.10267013311,13.5276164114475,112.79624068737,4.15116888284683,0.639072418212891,1.95441228151321,135.437853395939,222.464692473412,4244.36820524931,1439.79757681489,1582.40502417088,1431.97580578923,54.452124774456,5.14873257279396,65.1835091114044,405.762940347195,295.409173339605,177.494574338198,161.273437410593,34.9437538385391,5.48155462741852,4.64974895119667,6.31789740920067,137.114693492651,392.168102324009,0.487183511257172,1.63806518912315,0.295450419187546,214.004949837923,9.55054503679276,32.8273801803589,13.1643830239773,12.2468214035034,1.55969899892807,11.4961541891098,40.2841895222664,6.56422999501228,11860.4688186944,79.9061613082886,3.53011655807495,26.5949910283089,1.32954889535904,3540.23415225744,3355.06670132279,8783.30317640305,1478.21305698156,3.79575979709625,81.7216658294201,2785.68998140097,1365.76459407806,27.4343630373478,280.961000651121,3.19033586978912,3.30630165338516,3.97124379873276,78.7537018656731,161.274768620729
324.510389566422,100.121257543564,24695.4186637998,8.23215010762215,17.4961859583855,138.845051348209,576.714419752359,2188.95970827341,6.49970996379852,234.085793405771,107.970354646444,67.2349842786789,75.8019922375679,2007.66353911161,85.2777220010757,143.787109345198,0,444.625821530819,6116.40977504849,24.0521899163723,4025.92217767239,26.7610808610916,19853.9624664485,52.0013760626316,0.484058141708374,6257.90350118279,24623.6428244114,511.772301077843,3147.55624517798,9096.1005705595,3.94058704376221,125.393310904503,361.175333082676,11329.2224657238,392.182849317789,6495.9916267097,6388.69219148159,5956.57819435,2864.92357602715,70.2775219678879,22.7144759893417,27.5481073856354,459.959661334753,867.839850723743,117.518521994352,156.850742101669,2.93727797269821,4.61150711774826,2.33494806289673,7.85672396421432,170.991967111826,469.012816160917,1.40041774511337,0.770192384719849,0,85.8987189233303,9.57319673895836,2.7186171412468,0.951506584882736,1.70024561882019,0,1.25214684009552,33.5744242072105,0,87.3491834998131,521.326525181532,14.7464801073074,322.453313618898,0,70.0054770410061,26.1451377868652,226.179934293032,39.388922393322,2.94614189863205,1211.01570019126,2864.19487839937,39.4304759502411,10.2929844260216,60.6519409716129,0,0,0.915690004825592,79.8412061035633,302.000367581844
162.373015910387,2.97463148832321,119.333019047976,38.0147422254086,26.3901280462742,601.031536370516,582.337362468243,1172.50106799603,22.6550472080708,922.668145865202,16311.5514518023,427.586946099997,53.5047596693039,757.890891343355,34.7711737155914,6.18601357936859,444.625821530819,0,5767.11798906326,167.952759116888,173.410127460957,3.01595115661621,358.458595693111,32.5293104946613,10.9029097557068,3503.77350103855,704.264227598906,65.4165542721748,1109.78975021839,292.001465290785,20.8103284835815,635.411208897829,14.187754034996,3298.38725236058,261.930666059256,2890.73806241155,995.937622159719,7850.42583936453,1466.01334327459,150.724062174559,32.6681275367737,75.1183496713638,12.7286424934864,31.8968802690506,3.36642134189606,13.2938811480999,18.3955625295639,1.32749176025391,0,0,8.00397887825966,7.9075214266777,0,0.719406127929688,0,3.1193365752697,0,10.8060990869999,3.23702037334442,7.92684352397919,2.58848464488983,16.2386345863342,0,3.83220484852791,0.874201238155365,8.04823076725006,5.23558896780014,9.39236527681351,0,0.598552286624908,1.19456267356873,6.37939947843552,43.6156276166439,0,134.276523679495,243.011691451073,5.24678179621696,0,0,19.8179383277893,0,0,6.70140787959099,198.537960380316
175.825468719006,38.7650175094604,992.390413045883,22.574995726347,5.42604851722717,403.876259416342,602.239215791225,1296.33423438668,11.6025127470493,786.814652860165,4647.49620807171,336.826721936464,60.2358971238136,935.507963120937,45.8277856111526,63.9086570739746,6116.40977504849,5767.11798906326,0,139.383986502886,871.38384193182,5.53704005479813,2747.64273056388,26.6082970201969,6.17793303728104,6001.20841237903,3652.40123310685,113.445418983698,1835.01435559988,957.174518972635,10.684053003788,565.202166676521,61.9238239526749,9141.63833484054,303.455107539892,5694.3396872282,2097.72594085336,7839.0294290483,2369.2860185504,102.063442766666,23.7287135124207,23.1770308613777,104.060709536076,173.060601890087,25.9665557742119,39.0265120565891,16.8611997961998,1.8764756321907,0,2.79280591011047,66.4675024747849,63.0042590200901,3.25321215391159,2.09205651283264,1.43195897340775,20.8773423731327,2.3433021903038,10.2313300073147,4.61351835727692,2.0747218132019,8.49600932002068,1.52609717845917,13.7476649880409,2.78499108552933,11.2960979938507,82.5085688233376,8.52473676204681,79.4884707629681,2.85742777585983,15.3865575194359,6.78571605682373,36.4779077172279,60.6774023771286,0,590.89981713891,844.544490724802,48.3918873071671,3.02588844299316,9.85252302885056,1.29985797405243,0,0.5171959400177,26.2287098765373,249.872231602669
14.9201240539551,0.953270852565765,0.484773188829422,27239.1456778944,383.056165188551,1802.75023433566,136.742520689964,1501.80391892791,2043.85254091024,19634.5846609473,362.445814788342,12671.9556566477,315.106270432472,285.105572551489,1255.99615445733,0,24.0521899163723,167.952759116888,139.383986502886,0,1.15289986133575,0.847033560276031,3.50170159339905,2086.22766655684,78.9575531482697,135.799998342991,27.5444312095642,72.8434672653675,257.240712106228,15.8885276019573,16.0252578556538,189.185128033161,1.26673227548599,460.141759246588,75.5335345566273,1222.12802049518,7.80408057570457,325.732649177313,10.0278664827347,1584.90215948224,153.918462514877,78.2167975902557,135.572568535805,3.02171468734741,77.6794055700302,8.98634231090546,965.487855106592,25.8880619108677,15.4002491831779,0.590767800807953,4.01010996103287,0,2128.16008448601,197.129735827446,331.971100568771,94.7001338005066,99.2027086019516,311.177665531635,2466.40483564138,10.9333330690861,1145.37876915932,6.05538064241409,67.9272773265839,277.973055362701,0.783035397529602,0,10.0411341488361,6.37885510921478,1286.78424891829,0.848416835069656,10.3388390541077,0.519564807415009,701.385800510645,0.392857700586319,4.08378580212593,12.319473028183,524.600821375847,10.9173903763294,3.09771260619164,1.86418521404266,9.67655199766159,0,121.705087870359,7.64464062452316
73.807753354311,277.855245739222,10271.4158526957,0.599586009979248,199.359286665916,38.7431117892265,2394.56827956438,984.996441155672,88.2608464956284,25.3879116773605,94.1175159215927,1.87382310628891,686.314008563757,845.034566521645,483.484701246023,12343.2069287896,4025.92217767239,173.410127460957,871.38384193182,1.15289986133575,0,2246.15496373177,51277.1716587245,169.380915880203,88.935783803463,1965.85274505615,5936.00444754958,8645.33808973432,863.72613582015,23301.5571690798,14.537771910429,12.6764090061188,189.404126733541,11521.4137048125,2895.15445482731,25990.4165747464,4136.99193477631,20401.9904260039,8693.94956159592,418.743552774191,124.711204528809,203.576899260283,165.32837536931,186.124444633722,129.540008097887,91.8388656377792,123.231083899736,37.7999410331249,24.3336044549942,22.1497289538383,33.803590118885,206.617194622755,2.19483011960983,3.99451321363449,7.32917630672455,127.957297861576,28.0231845974922,35.8438583612442,22.8181279599667,4.17153897881508,6.53409498929977,3.44522666931152,39.9776273071766,10.2194156050682,4171.54115670919,119.566168427467,3.71705612540245,21.8243083059788,2.78186044096947,4261.27277314663,1447.40104216337,2021.14210274816,2952.92231318355,2.37355124950409,94.9142567515373,951.301541775465,2843.09128078818,78.7373519837856,597.246950924397,0,4.0067475438118,13.2448494434357,162.312899887562,715.82615250349
2.75879853963852,7232.87754073739,111.600272119045,0,18.4303221106529,2.67801988124847,123.633647054434,11.1726379394531,11373.3607229292,1.99255275726318,353.74533444643,4.43056854605675,1530.58275645971,2.78202816843987,113.848547577858,12184.0461782813,26.7610808610916,3.01595115661621,5.53704005479813,0.847033560276031,2246.15496373177,0,3244.21898192167,24348.9437946379,2319.05022829771,64.128300845623,18310.4574682117,3838.37639063597,1.28941428661346,30.6415227353573,27.8113100528717,0.913532942533493,0,40.8631573319435,6.23635238409042,124.547859728336,44.5918758809566,72.4964796304703,48.5404943227768,83.4199160933495,1.02825975418091,314.808189153671,169.517554789782,95.8933017253876,64.8961207270622,73.9040726721287,9.67100563645363,6.05849424004555,21.564365953207,4.86004638671875,448.442298352718,177.3924716115,20.2344630658627,1.19820928573608,0.847799360752106,94.538736730814,4.65921983122826,108.709433406591,15.977663397789,42.3100190460682,4.39405599236488,52.3706700205803,12.7159753143787,5.77051851153374,4761.62054046988,112.453553199768,3.8397162258625,10.154049038887,6.80105885863304,996.611223101616,2128.5000448823,1981.53740242124,1306.60938504338,16.3851009607315,97.2945194542408,3872.30414575338,610.879339188337,17.503039419651,82.8092086315155,13.5964176654816,1.46370208263397,2.77056539058685,44.2792594432831,47.020191848278
201.588598847389,256.646659851074,48694.1879004836,2.1858469247818,243.977164983749,53.5593331456184,4609.78699922562,1615.4524666369,44.7375644445419,65.1047950387001,153.239282101393,9.87502270936966,556.373260945082,1397.66563227773,582.150937139988,17411.0351517498,19853.9624664485,358.458595693111,2747.64273056388,3.50170159339905,51277.1716587245,3244.21898192167,0,927.356508642435,56.5643824934959,6303.99884811044,41776.8991779387,19490.8660452068,1768.35871842504,22811.7129583359,10.6609514951706,23.1671372354031,261.003764867783,13996.3925915956,3312.40213048458,50402.522145927,14766.9130755663,30914.370221585,27279.5812810063,941.100596606731,115.093438595533,246.200033545494,617.777471244335,1264.33508166671,331.280301183462,406.304030746222,48.6298743486404,20.7188776731491,11.5711469352245,6.61548087000847,144.084448546171,1794.43259039521,5.55614057183266,12.6015972495079,4.34197106957436,656.615325272083,44.5664158165455,7.4340705871582,12.9928333163261,7.61001029610634,1.49928173422813,2.70712184906006,75.6291759908199,14.3892321884632,15741.3995043039,399.226604610682,7.26714736223221,61.9571780264378,3.28309494256973,2468.57782942057,2644.53742191195,17773.660212487,1092.52250266075,4.33092570304871,290.204102367163,7670.52570900321,1252.94651797414,22.4556368589401,242.271169751883,0,0.867959797382355,3.83408331871033,207.670798152685,1525.40345782042
23.0068535208702,4768.80865040421,90.5997018814087,13210.521389395,302.542054802179,292.058919519186,15743.013938576,2264.08876642585,32717.4956190884,8987.49461823702,233.761564284563,963.873409360647,1345.12334960699,217.403009861708,1864.7950258553,2866.56276497245,52.0013760626316,32.5293104946613,26.6082970201969,2086.22766655684,169.380915880203,24348.9437946379,927.356508642435,0,2198.38390982151,91.0637004077435,7341.98007288575,15435.083419919,363.493936985731,125.766524702311,22.876749008894,52.7910247147083,93.0668487846851,286.747158259153,313.67431601882,2997.26442235708,186.72127661109,504.543494313955,163.527285903692,1020.81191891432,74.5621125400066,177.898932665586,2969.74965360761,126.578225135803,922.805793642998,134.99391373992,1441.77254837751,416.737373322248,48.2257293760777,297.109726160765,73.4714493155479,112.162777513266,2560.72231668234,104.853375375271,234.369575321674,4907.47674527764,820.837725639343,4110.44511124492,3181.048145473,179.265969365835,464.294303715229,43.7222546935081,1160.82914464176,217.919556975365,2100.03969377279,57.4836857616901,125.266842752695,98.962040990591,1002.15549492836,1765.29197901487,1675.98077794909,906.534802615643,25987.825730592,18.4911549389362,126.178510546684,686.318377554417,13693.7088757157,1052.50597286224,930.846174508333,9.5021850168705,68.0282083451748,125.837586015463,1178.89176788926,254.503332257271
6.30800342559814,3628.32218617201,1.25730764865875,24.1567469239235,47.6808796525002,123.152480244637,310.587371319532,387.904612123966,728.684139698744,292.921958833933,2535.72690942883,124.936082273722,12654.5857214928,47.6726846396923,81.8380871117115,217.03290528059,0.484058141708374,10.9029097557068,6.17793303728104,78.9575531482697,88.935783803463,2319.05022829771,56.5643824934959,2198.38390982151,0,23.9355717301369,8076.45722073317,395.093430668116,35.8210540413857,35.1168634295464,176.291418641806,64.5321571826935,0.981525540351868,578.201294749975,8.53811365365982,222.12511947751,34.3508040904999,308.263983011246,14.4789941310883,1411.80973029137,66.375004529953,2064.61684662104,456.293726325035,261.24190300703,110.465904921293,34.2554776072502,3083.7785744369,144.299035310745,605.565714836121,9.50726836919785,135.028585553169,0,115.20418176055,78.9855079352856,273.674131602049,301.39321538806,293.043480336666,43.2993287742138,482.162247985601,1074.52017980814,169.535843402147,3223.31554496288,92.9325061440468,90.0897463262081,5.07076904177666,0.476739257574081,56.5292963087559,18.412956237793,144.195496052504,7.50027650594711,56.2771520614624,1.42424392700195,167.277001678944,1640.03215944767,203.161466807127,1542.64991998672,268.792734980583,53.1987231075764,16.182907730341,548.341648310423,51.4935716986656,5.40030774474144,301.688148796558,14.1820652782917
142.564175635576,571.367856472731,17975.204670012,18.1385941505432,28.2245045602322,415.446436494589,805.338745504618,1616.70409393311,38.8621515333652,730.572338432074,6157.21129688621,311.844657540321,164.086471617222,1085.51077887416,111.521045804024,122.653252571821,6257.90350118279,3503.77350103855,6001.20841237903,135.799998342991,1965.85274505615,64.128300845623,6303.99884811044,91.0637004077435,23.9355717301369,0,52640.1162010729,379.166224122047,1475.9234393239,2209.14273545146,611.898359835148,398.530672550201,75.6124098598957,4677.2759205997,1067.94201734662,22690.5800594687,19347.8037005961,15089.9097995758,6610.96387335658,141.044846504927,46.2174321711063,422.736809432507,1865.67307385802,3479.11640998721,471.777373075485,574.71901345253,24.0091842412949,25.3832901120186,4.85394239425659,33.2684850990772,1726.14174878597,546.376644015312,0.747126758098602,13.4162206053734,0,281.436529397964,44.3473492264748,23.2707987129688,5.10000368952751,526.31936275959,7.24699327349663,1977.80605208874,174.914288043976,13.4212992191315,117.172454625368,1192.68187892437,453.122269272804,1217.82740053535,2.6142920255661,243.66989132762,55.7869689166546,366.584168225527,66.2125763893127,58.6189172267914,16728.6877107024,24363.2477620542,76.4472805857658,62.8657597303391,231.220232129097,1984.00710120797,1.69219997525215,0,321.245760560036,1059.10160809755
73.2859237790108,35261.8737879694,30455.3913823962,0,50.2946535050869,123.231219887733,2037.89184898138,721.302325695753,1518.34839999676,221.13060849905,138.647428065538,89.5010254979134,880.685613036156,561.521772503853,289.400279194117,10036.5797271729,24623.6428244114,704.264227598906,3652.40123310685,27.5444312095642,5936.00444754958,18310.4574682117,41776.8991779387,7341.98007288575,8076.45722073317,52640.1162010729,0,10043.5653738379,743.048824697733,2264.73862043023,592.716852515936,104.90509852767,58.6236985325813,7277.75936433673,2214.25486898422,48165.4517450631,15589.7239999473,18740.1406339705,16247.6526913941,320.346822917461,76.2212304472923,308.285039901733,6337.16437759995,9058.28498059511,1801.14253759384,2452.90171420574,60.796328663826,44.1609172224998,19.2394974827766,57.3033398389816,11143.0551610887,9012.91485986114,1.28271123766899,17.0718205869198,6.59529975056648,1407.19787496328,117.400790154934,65.5413921773434,11.4952427446842,1702.64747425914,1.22338932752609,10365.3673651516,489.848404616117,39.510013461113,4857.20450100303,7657.81545758247,869.955253869295,3079.88857033849,1.96804627776146,922.116938054562,2369.34601795673,7371.05782046914,660.84972423315,2379.66915950179,36554.196826905,129962.672496736,977.738506406546,139.646811783314,677.09118142724,6924.9053466022,1.96461755037308,11.2074804902077,1259.65994527936,2684.64858043194
46.8655666708946,508.206524372101,4138.74331641197,5358.44911116362,204.319254875183,119.335385769606,70521.7859120965,1417.9337490499,6160.95539629459,9715.10168874264,129.972724735737,46.0786010921001,1062.77842289209,447.503811329603,809.608897328377,5510.10267013311,511.772301077843,65.4165542721748,113.445418983698,72.8434672653675,8645.33808973432,3838.37639063597,19490.8660452068,15435.083419919,395.093430668116,379.166224122047,10043.5653738379,0,1015.56484791636,10197.7020351887,10.11591142416,74.2282679975033,377.016002506018,1566.6144939959,2356.08935973048,18720.726382792,1479.4681404531,5124.46862009168,2072.93382892013,617.76364171505,215.553088098764,141.85280957818,2556.59485116601,216.031677007675,854.677122086287,154.217332154512,1380.46637505293,467.477128386497,50.4566939175129,537.722079187632,87.6419315040112,377.224374622107,1256.74549618363,46.3075049221516,176.999146103859,5061.28341886401,908.001219063997,2040.0195017755,1521.25669759512,68.0743212401867,166.744488120079,5.91145175695419,1593.48018488288,132.415241628885,3004.40225231647,144.167875081301,37.106934428215,50.8056812286377,379.851662456989,2815.06839028001,1320.11449843645,1816.59817546606,22429.9006045163,0.722794771194458,119.259554505348,1595.56609797478,14839.2343476415,1946.09554573894,2182.88111010194,2.10805648565292,57.3545077741146,264.184111237526,1247.76443123817,539.20592752099
7853.21184161305,6.74399614334106,614.859655559063,145.719054818153,65.7873103320599,751.946147054434,8062.81703773141,5208.73242801428,128.876919955015,3216.68326929212,1527.20105552673,540.907998621464,400.501116007566,19403.2574443221,121.835763156414,13.5276164114475,3147.55624517798,1109.78975021839,1835.01435559988,257.240712106228,863.72613582015,1.28941428661346,1768.35871842504,363.493936985731,35.8210540413857,1475.9234393239,743.048824697733,1015.56484791636,0,26498.1508487463,75.0446863174438,1614.07782500982,3991.89164349437,7504.92178818583,378.108562350273,1765.8037314117,197.558778345585,4125.42085328698,623.51410356164,202.456407397985,132.885872930288,154.733688741922,157.656577259302,37.1861807405949,104.415105074644,9.57302793860435,113.335272729397,27.2647570073605,18.6208929419518,10.3043646514416,0.956891804933548,8.02152395248413,32.4190592467785,4.48617044091225,10.1472183167934,311.184925347567,38.7650986909866,69.3269229829311,71.4592914879322,6.71205902099609,10.7568672299385,6.51521843671799,44.8128947615623,9.20506164431572,12.1296995580196,4.81948289275169,0,1.98072162270546,12.3482611179352,4.69477275013924,1.55630606412888,16.9763379693031,736.014380007982,0.426991879940033,18.3293733596802,66.5239588022232,505.588399842381,34.3522031903267,20.2505043148994,0,0.417563140392303,4.69117769598961,117.015754491091,76.6877115666866
