0,0,202.342345476151,1.2976935505867,3.16670167446136,51.0665020048618,2851.10980820656,1915.10249686241,3.73976072669029,240.279852211475,73.2039144337177,16.9117137491703,10.7923591136932,10629.8258674443,17.044694185257,6.56870967149734,181.529513716698,77.141394585371,141.911732286215,7.35971570014954,209.374348729849,3.35720610618591,900.456670373678,22.8058773577213,0.400670170783997,249.894359976053,200.349821299314,67.0909814834595,12432.2062203586,5492.71531999111,6.93021047115326,44.0048205256462,38.5114378631115,551.539060413837,10.9296519458294,135.539770483971,17.978074669838,216.485320240259,46.5375844240189,21.8034255206585,29.1128615140915,3.38686460256577,15.8546370863914,3.33499139547348,0,1.62806725502014,0,0.437362760305405,1.44122686982155,0,1.12709221243858,2.13042911887169,0,0,0,2.08613324165344,2.00471132993698,0.960847645998001,0,4.56091237068176,1.02498555183411,3.75773954391479,0,0,2.91539373993874,0,0,0,0,0,0,2.23074811697006,18.2220145463943,0,0,8.35816890001297,18.8703705966473,0.642278611660004,1.55152761936188,1.02395474910736,0,0,3.20827987790108,0.565103054046631
0,0,59.0462803840637,1.39704656600952,3.82176792621613,1.59441396594048,14.0903313755989,5.29396960139275,3130.33438619971,7.56869247555733,302.419161200523,10.1612298190594,1525.62675344944,12.055942595005,40.9478214979172,444.796416372061,53.9075970649719,0,0.612224996089935,1.16131162643433,91.8577220439911,4946.26249843836,139.141277879477,1760.57293632627,3012.93266317248,85.3233745396137,20816.8877349794,138.395003408194,8.75133123993874,11.279575586319,78.3010905385017,5.42926490306854,0.352055370807648,137.386148124933,12.8163504004478,125.007377207279,82.7050664126873,121.999036997557,36.8374006152153,14.7023261487484,8.78340721130371,131.58945158124,477.554663479328,152.729771137238,227.831557333469,218.48451936245,9.03160291910172,5.93699443340302,21.3137129545212,1.96284258365631,3485.45209610462,317.553935468197,4.29796630144119,0,0.687048256397247,16.417690128088,2.25181257724762,31.3149138092995,4.53551980853081,190.878841817379,3.73783275485039,336.729054421186,10.694144397974,2.09741139411926,23.2163713276386,190.129843711853,9.31315764784813,18.967371404171,1.05233004689217,14.8877958953381,401.795563459396,289.315237164497,40.2915886044502,199.558479934931,322.347892343998,7437.56875801086,27.265097796917,4.94807291030884,23.0793840885162,78.4064187407494,0,0,109.856078177691,21.1573857963085
202.342345476151,59.0462803840637,0,0.70979243516922,68.8774490952492,51.7370889782906,1296.68485656381,921.576749414206,6.53560936450958,287.702957570553,18.8828045725822,55.0008008182049,13.26477637887,1181.48327061534,295.076705992222,83.0856201052666,25037.8785568178,39.6165115535259,837.847530990839,18.3074583411217,3716.30589827895,27.2349077165127,42786.680695653,26.5779203772545,5.18158239126205,18963.6773667336,33484.1150915027,205.173400789499,732.287566512823,2089.28555801511,2.29959961771965,29.0089717209339,51.4225407838821,8621.71592432261,853.558153629303,10224.7375413179,2626.85804778337,8268.12835010886,4841.42320159078,135.622711092234,407.948999404907,16.2736372351646,1045.79919305444,129.214717894793,420.806995302439,385.128357499838,10.1802908182144,6.98646685481071,2.55006980895996,5.00643816590309,490.810319632292,2404.25269511342,0,38.6617290377617,0.66639906167984,26.9489252567291,1.28099358081818,9.38533571362495,0,35.8713231682777,2.28462490439415,5.63308191299438,17.2518100738525,35.7032706737518,245.653785586357,270.615760564804,10.4935143887997,28.9313734173775,0,29.2772003412247,172.765089988708,1111.01849733293,25.3202726244926,30.1352837085724,706.313253998756,9829.25466799736,20.4232237040997,15.767959177494,74.2819497585297,21.4844389855862,0,1.53318452835083,209.868500292301,455.848601907492
1.2976935505867,1.39704656600952,0.70979243516922,0,15.5950419604778,131.059405744076,541.629708200693,132.28485801816,2673.59910064936,6925.32466122508,5.80528828501701,1207.44718655944,31.0412535369396,101.445358753204,239.704984128475,0,1.25047743320465,0.70690393447876,12.9069303870201,18483.514216572,3.52379333972931,1.74577295780182,2.28943499922752,3915.42419964075,1.16870924830437,4.29426670074463,4.71366819739342,8350.84247267246,83.5258014798164,4.67418831586838,2.35949185490608,27.981466203928,6.90862631797791,240.236670255661,5.80894404649734,269.173263251781,4.85272565484047,142.767497718334,26.7821203172207,153.850955665112,38.1456413865089,4.3281706571579,149.684391319752,5.02640888094902,35.304553091526,13.6578193902969,262.57689383626,17.8908435702324,6.55547121167183,3.90256071090698,1.44431084394455,0,2049.00820201635,5.07119464874268,213.335699677467,420.915845125914,527.253342866898,740.072749942541,1197.92850059271,32.6350464522839,900.055204749107,28.1985013484955,77.9034132659435,103.067522585392,0,0,1.30691468715668,0,908.824993222952,0,1.75339597463608,0,1172.6558752358,0,1.24000871181488,0,2125.4366004169,30.9681920409203,1.86066216230392,0,3.10489997267723,0,144.986944139004,0.859517902135849
3.16670167446136,3.82176792621613,68.8774490952492,15.5950419604778,0,3396.17760533094,65.2810461521149,83.3098458051682,94.9098558723927,151.321145325899,3.10223907232285,480.016286492348,17.9519494175911,17.4114629328251,3599.3824904561,37.2803122997284,6.63499853014946,1.97187846899033,1.38209563493729,29.7354584336281,162.333352029324,6.23957085609436,400.406168788671,43.1622794568539,0,36.0425518751144,283.149944424629,87.6996776461601,9.67288392782211,89.1102679669857,0.842447936534882,941.076885610819,3.01074331998825,856.867883950472,2559.36386081576,1015.02160453796,165.674201965332,99.9654126167297,157.626944184303,15419.8713941276,6480.20512294769,3.34773850440979,43.6471926867962,65.9311619997025,10.0497942566872,239.382011830807,15.0367707014084,3.99332740902901,2.72709995508194,0,0,22.7400516867638,7.88917207717896,3.76188915967941,6.43519771099091,20.012600839138,2.72696241736412,14.0370658040047,6.34417754411697,8.3513400554657,22.2077476382256,9.45138943195343,0,12.9920746684074,33.7911829352379,1.28176951408386,4.44933199882507,0,16.2627512812614,18.8254736661911,9.05545935034752,117.861906349659,41.7110357880592,0,28.6921763420105,115.625628888607,43.6045793890953,1.34188383817673,8.03165912628174,0.582309722900391,0,0,3.39142459630966,1447.34899866581
51.0665020048618,1.59441396594048,51.7370889782906,131.059405744076,3396.17760533094,0,3067.83284205198,18993.3388239145,488.366400808096,15216.8800792098,254.575935572386,6111.51243758202,151.667369544506,1096.17113354802,3735.13340675831,7.179044932127,26.3072492182255,102.188543856144,201.467872321606,365.261999070644,71.6303398609161,8.17438745498657,126.558566719294,427.644169151783,6.69030785560608,273.261370629072,197.314764976501,1368.89954420924,565.45088917017,198.493501216173,23.6843641400337,455.280580431223,20.1735754311085,1711.99638438225,10061.8534442186,3554.12364768982,174.13024815917,751.752738624811,147.37762978673,13360.2423021197,1260.54009094834,50.1136209368706,157.918908119202,5.83887907862663,23.7098912000656,23.9478634893894,94.9497164189816,6.31365042924881,5.06198298931122,0,0.968991547822952,0,92.9194867014885,1.7346456348896,31.1099182665348,157.310469061136,63.3181050419807,97.9444456398487,99.3362558186054,63.2279596924782,155.390123158693,49.1976848244667,22.6051388382912,33.2976396977901,5.466263204813,0,0,0,86.4709592759609,0.792907953262329,0.727711617946625,2.26176387071609,338.511716127396,0.371051132678986,0,5.39206656813622,339.867996901274,9.53058043122292,0.802867472171783,0.466904938220978,5.38175296783447,0.905555665493011,50.2756509482861,404.025256484747
2851.10980820656,14.0903313755989,1296.68485656381,541.629708200693,65.2810461521149,3067.83284205198,0,9042.58725053072,918.930974692106,63761.4110947847,133.288248151541,370.945212393999,88.0031796991825,22894.0832061172,605.042317301035,85.4979549348354,108.306817531586,72.8408703505993,151.191518843174,489.714285105467,3946.89783152938,86.0925943255424,2079.03468301892,4290.17097783089,7.09154659509659,232.23858307302,1106.27047240734,60569.7046151757,3020.73660776019,12031.2209774554,10.0070459544659,331.049950182438,308.007680892944,3051.8908572346,174.302492797375,4448.67836940289,252.05065870285,2507.3765117228,572.935107380152,966.172016352415,407.781024754047,30.0513980686665,682.192752569914,8.18032130599022,97.0215349793434,35.7467370033264,143.405364274979,63.1823641955853,8.26452878117561,8.9562620818615,0.367482274770737,13.1622163653374,433.342826038599,4.32746189832687,49.7841696441174,739.299904853106,465.362786114216,422.11983704567,466.085637807846,108.16913947463,284.715679734945,62.3969033956528,126.821068674326,42.977058917284,66.2998861074448,0,0,0,243.591609627008,20.6340724825859,28.1445445716381,38.50832888484,1811.90310975909,0.80062335729599,1.05108365416527,83.9869940578938,1730.4697265625,65.774501234293,18.7060205936432,0,16.5265196859837,4.05419397354126,261.718412041664,46.482628017664
1915.10249686241,5.29396960139275,921.576749414206,132.28485801816,83.3098458051682,18993.3388239145,9042.58725053072,0,273.577603936195,23637.6091705859,444.964724838734,3605.89126491547,230.289923965931,17795.6381411999,356.116697430611,15.8251516819,389.457852035761,209.325306355953,300.677353471518,623.740267038345,839.727806895971,18.9871155023575,3065.88619583845,696.139710664749,5.50155752897263,640.333623081446,739.13903580606,1649.16750898957,2686.46692740917,6181.05922995508,38.9065124690533,774.798832297325,64.2482430934906,2661.60357367992,157.48540225625,3831.05730381608,250.019586890936,1659.32929745317,374.064968079329,2109.28596636653,399.247346252203,59.9240237474442,538.833784013987,12.9961471557617,78.7965478301048,32.2835547327995,93.89635643363,34.2671450376511,14.0186567306519,5.18049877882004,0,3.80251520872116,179.076062351465,2.29925599694252,8.95323416590691,648.394236236811,200.014917194843,212.345924735069,136.283685475588,107.12847623229,226.498837888241,78.3835742175579,76.3764029443264,31.9795589148998,10.522901237011,0,0,0,119.128231197596,2.1503564119339,4.15823835134506,7.70918297767639,1514.70548027754,0,3.05747091770172,38.663143157959,1184.7171728611,25.2243809401989,10.3575463891029,1.27356123924255,0.517082691192627,0.796748220920563,171.271169781685,27.2987600564957
3.73976072669029,3130.33438619971,6.53560936450958,2673.59910064936,94.9098558723927,488.366400808096,918.930974692106,273.577603936195,0,2189.10131657124,139.011838048697,6118.93773296475,681.065558463335,118.158412873745,2585.04345992208,230.124378740788,3.33887705206871,8.33639377355576,18.0212650895119,1545.63407084346,108.887544304132,9311.54911366105,148.47743538022,28682.7519828379,1132.90504533052,21.3181350231171,2572.12197124958,4201.0671325624,91.1601817905903,72.1584394574165,79.1504080295563,38.3564655482769,19.0029762983322,318.79445925355,50.2215059399605,1073.65004295111,47.4936507344246,203.889555722475,24.3403389155865,3360.14286857843,49.3786274492741,55.6105291247368,649.518829107285,58.2392171025276,105.415893256664,42.5084121525288,751.127914905548,55.2580141425133,34.0802035927773,13.5807740688324,56.4421049654484,19.7740738391876,1454.85475936532,21.7634949088097,240.570615440607,569.784754544497,484.332825303078,3988.6944412291,874.618895292282,144.682190835476,1093.23335546255,196.333474487066,130.197019398212,331.155017971992,789.402989864349,2.70381250977516,16.5711742639542,3.42886054515839,580.523119926453,253.93898203969,1128.81709992886,240.470263272524,5960.07741111517,64.0769107341766,35.7191758453846,148.123849630356,3327.29258713126,117.259274750948,108.096796363592,23.0850898623466,26.5348718464375,6.24814391136169,172.900937080383,46.6382373571396
240.279852211475,7.56869247555733,287.702957570553,6925.32466122508,151.321145325899,15216.8800792098,63761.4110947847,23637.6091705859,2189.10131657124,0,708.702306360006,6586.37399277091,491.366729468107,8697.24493978918,924.082820236683,10.7450825870037,71.3181849420071,376.642477363348,688.452116936445,6300.10689479113,302.431621447206,22.4811770915985,441.800375401974,2268.05588509142,21.3029008209705,825.881396859884,628.943056896329,12058.9688240439,2849.65085503459,442.943746507168,52.9639293551445,967.319521248341,53.7389254271984,6005.40950147808,726.507278323174,4763.23148587346,413.361647218466,2971.35974824429,458.90438362956,2157.16282513738,873.252715945244,131.978678971529,741.476303696632,29.497969597578,139.413241416216,77.2630977928638,491.608296394348,68.4401591420174,25.5942533016205,6.45074111223221,5.35988968610764,1.68631720542908,1984.43754076958,6.3593113720417,231.629523217678,1712.43864166737,954.124794840813,940.784388720989,1884.50746846199,183.462832808495,1444.81391516328,242.822401642799,247.879337400198,152.235254466534,3.01765421032906,0.315832138061523,0,0,1278.45270875096,2.85682183504105,5.79896891117096,1.43423518538475,3241.04188606143,1.99799954891205,0,3.51225039362907,4185.81244152784,46.4482630193233,12.1015903055668,0,0.430335193872452,0,483.056125372648,71.6977303624153
73.2039144337177,302.419161200523,18.8828045725822,5.80528828501701,3.10223907232285,254.575935572386,133.288248151541,444.964724838734,139.011838048697,708.702306360006,0,265.645209789276,10042.1218637228,987.528881520033,24.561882764101,5.70197978615761,78.6851904690266,10782.1231276393,1207.84567132592,53.284351170063,18.7819628417492,111.269947946072,62.1793478131294,66.9104809165001,1961.44731041789,9644.68763369322,376.681389659643,73.1356466710567,1633.09616804123,131.975794434547,951.100149929523,913.334612309933,3.85544979572296,11987.8103571832,55.0059943795204,853.714426547289,3523.53158584237,3005.38154938817,337.892687737942,68.3090622723103,40.7102307677269,3144.43430268764,43.8913281559944,723.151622712612,47.1831958591938,15.7666593492031,31.4028742909431,0.709417045116425,451.648287117481,0,32.5677052736282,0,1.05844065546989,5.52793145179749,3.50129315257072,9.1970608830452,2.89644998311996,7.83565804362297,4.62282899022102,1839.82407742739,11.7387727499008,3510.16049915552,6.38301733136177,2.25451865792274,0,0,8.60948252677917,0.934070110321045,3.43980649113655,1.87373012304306,10.3758234083652,4.24793687462807,15.8062817752361,407.012279123068,277.795073091984,267.003096461296,4.69390124082565,11.0455459058285,0.507132232189178,483.769301205873,5.06127136945724,0,137.251748770475,18.2370491027832
16.9117137491703,10.1612298190594,55.0008008182049,1207.44718655944,480.016286492348,6111.51243758202,370.945212393999,3605.89126491547,6118.93773296475,6586.37399277091,265.645209789276,0,482.891835361719,937.175776928663,5825.86801102757,3.96843966841698,17.5198569893837,135.293123155832,223.497647583485,12633.1916614771,28.3871766328812,16.1068573892117,67.0353052020073,1115.47943693399,10.6025709211826,284.547966241837,217.562156140804,680.8194026649,486.603473871946,52.5237598419189,26.483530074358,275.237351357937,2.36159870028496,1682.35067087412,6954.01538833976,1416.7867346108,112.547985881567,615.223899066448,76.8187599778175,6180.63363072276,174.652492821217,42.5072442293167,222.954663932323,24.8443832993507,52.3306775391102,51.7897315323353,1723.46070188284,11.1410084664822,12.3817024827003,2.07646250724792,1.35666331648827,1.18549406528473,1094.58726999164,22.4468042254448,324.65394192934,122.778927385807,274.858400285244,477.167619109154,723.532749921083,157.788135796785,2061.63488888741,272.294383913279,64.4468492865562,553.553252011538,1.51370108127594,0,2.65558326244354,0.94934606552124,835.351299673319,0,0,3.39959317445755,491.840300858021,3.16692534089088,3.77934476733208,4.46356904506683,879.998675197363,31.8786019086838,2.10320979356766,1.94699221849442,9.7895984351635,0,126.505389243364,1082.84961596131
10.7923591136932,1525.62675344944,13.26477637887,31.0412535369396,17.9519494175911,151.667369544506,88.0031796991825,230.289923965931,681.065558463335,491.366729468107,10042.1218637228,482.891835361719,0,162.784902244806,168.747999072075,38.6419999599457,2.73381495475769,16.731451779604,8.41512781381607,221.608431071043,28.3003076314926,599.044486492872,62.1559979915619,299.965718179941,8061.56736341119,289.900671809912,1235.15046930313,128.023234933615,199.755717903376,45.4863197803497,962.303379267454,203.785863131285,0.745022118091583,4263.24151498079,35.8641040027142,1501.16302710772,4509.90969932079,2421.34144169092,277.62828040123,1841.67778158188,87.6633932590485,5000.71952015162,264.311691850424,2496.25760939717,152.5566829741,64.5506030023098,845.680211275816,24.6602690815926,1081.97106546164,3.44784477353096,102.894616633654,0.444910615682602,31.2863256037235,5.02380949258804,34.2853006720543,51.9022453725338,64.6372710466385,9.57554912567139,43.6762729287148,6906.72936815023,197.279232144356,16798.2874810398,36.4151923060417,74.0994630753994,4.96598017215729,0,33.6309735178947,2.79735398292542,83.8379030227661,7.77805835008621,20.9298949241638,6.34260636568069,76.680595934391,3734.02900895476,1801.53732550144,2433.69672334194,120.460056751966,28.7409420907497,4.41351443529129,3009.88991898298,14.3727456331253,2.00892823934555,474.552028894424,22.3201042413712
10629.8258674443,12.055942595005,1181.48327061534,101.445358753204,17.4114629328251,1096.17113354802,22894.0832061172,17795.6381411999,118.158412873745,8697.24493978918,987.528881520033,937.175776928663,162.784902244806,0,152.411923199892,20.818578928709,695.194424629211,628.829684972763,1058.31435665488,366.400632321835,1008.70864728093,15.5708946883678,4076.05648005009,375.750574111938,9.07379186153412,1605.31804561615,1601.05919659138,1195.09387198091,13655.6579347849,13750.9054947495,61.5090224742889,1299.48550182581,181.917977452278,3318.60403749347,50.4016637206078,2114.82480677962,200.468349546194,1720.94852818549,342.374036222696,293.777267456055,175.549135863781,43.0498003065586,222.34814363718,5.00770470499992,35.0873277783394,7.21363973617554,49.0990552604198,10.3012398779392,3.72710689902306,0,11.0320441126823,6.56122496724129,40.8907569646835,3.69920164346695,3.2054415345192,229.412669211626,52.7213032245636,82.8949730098248,40.7768117487431,48.968783468008,76.8428952693939,43.8154068589211,16.678791731596,9.38083606958389,11.5495309233665,2.1774286031723,0,0,18.8423048853874,5.16362810134888,5.10762351751328,5.33566349744797,635.709794104099,3.76233556866646,4.31837165355682,78.7060984075069,429.479106158018,0.743093252182007,4.74816572666168,3.13443022966385,0.958161354064941,0,63.4725781679153,6.79998922348022
17.044694185257,40.9478214979172,295.076705992222,239.704984128475,3599.3824904561,3735.13340675831,605.042317301035,356.116697430611,2585.04345992208,924.082820236683,24.561882764101,5825.86801102757,168.747999072075,152.411923199892,0,385.187426805496,39.9920806884766,36.0023325681686,34.598181784153,320.337082117796,1965.19153800607,98.7482217848301,2489.03456258774,1119.58278134465,1.03268352150917,210.628274321556,1145.10737532377,1279.66807061434,121.773680478334,1258.94221797585,8.9222719669342,201.016983151436,33.0715125203133,705.824039876461,14034.6195952296,1915.30502289534,1055.73486596346,1799.84050616622,2095.08898404241,17448.4248405099,323.306774049997,34.6797360181808,385.097470015287,178.13061439991,78.8666543662548,548.961581617594,550.189050883055,32.4214003682137,11.6270447671413,3.8030691742897,8.14360702037811,41.2506221830845,236.805123627186,14.3286207914352,81.3152168095112,116.981571346521,76.2354053556919,172.195856332779,175.499192744493,114.380832999945,510.701938867569,79.4937843680382,32.1335425078869,183.901049166918,156.378364950418,0.826832711696625,13.4828797280788,1.22433841228485,185.112437278032,60.0868521928787,65.7590594291687,249.260849058628,435.144103646278,0.804728984832764,61.3042811453342,303.350787550211,484.759799689054,26.4416004121304,35.4063792824745,3.18391138315201,6.14038360118866,0.818133771419525,81.4507921338081,3027.91663068533
6.56870967149734,444.796416372061,83.0856201052666,0,37.2803122997284,7.179044932127,85.4979549348354,15.8251516819,230.124378740788,10.7450825870037,5.70197978615761,3.96843966841698,38.6419999599457,20.818578928709,385.187426805496,0,10.0034668445587,1.12345719337463,0.593499660491943,0.64710658788681,25445.0563509464,6833.19171839952,21394.8007522523,3743.76920542121,82.1290877461433,35.8623890578747,9683.63187280297,4085.50160929561,25.7620323002338,181.050826966763,4.83713719248772,13.9056755900383,10.6143711805344,551.483028054237,552.925869077444,5963.25211459398,1299.00822973251,1668.49462926388,1205.1191033721,117.511897742748,83.7529161572456,11.0332080721855,868.186286479235,113.592812210321,154.039213687181,154.846049338579,22.8132972717285,18.4548406004906,2.18842843174934,5.81055733561516,62.4021162688732,59.9861710369587,2.77074611186981,13.5612835884094,0,84.2175822257996,3.72694572806358,146.646729588509,1.83433556556702,21.6290353238583,5.4341453909874,13.1729599833488,20.2253498733044,31.0547876656055,11917.7592324913,6.51371532678604,0.551539123058319,3.51353660225868,0.678338289260864,1109.07527342439,3791.73530527949,3602.1121366024,2361.08205232024,5.63455531001091,7.90179881453514,1973.58175483346,846.598724603653,78.644967764616,178.822200208902,0,7.00105580687523,8.49936193227768,87.1645056009293,207.349606126547
181.529513716698,53.9075970649719,25037.8785568178,1.25047743320465,6.63499853014946,26.3072492182255,108.306817531586,389.457852035761,3.33887705206871,71.3181849420071,78.6851904690266,17.5198569893837,2.73381495475769,695.194424629211,39.9920806884766,10.0034668445587,0,450.541842758656,9673.30428221822,2.0923222899437,1228.79215401411,9.26921200752258,9883.89320734143,9.66658741235733,0,20341.251208812,12200.5222278535,29.3181126713753,850.270040854812,1388.69210204482,0,13.4361163824797,102.289279669523,4357.90102255344,58.3638622164726,932.643592566252,627.120953947306,2014.04590430856,574.821031928062,21.0276602804661,42.8211817443371,2.40244308114052,46.2443621754646,7.1771314740181,19.9702011048794,24.9838380217552,0,0,0.578481078147888,1.36007332801819,68.2225325405598,138.743243038654,0,4.1816263794899,0,0.768050968647003,0,0.902578115463257,0,0,0,3.04862749576569,0,1.27353477478027,15.5303207337856,15.1692001223564,1.17371287941933,1.33244109153748,0,0.995046824216843,11.1877610087395,33.6213540434837,5.76050424575806,0,61.9366316795349,912.362354636192,2.6016817688942,0,0.775304913520813,0,0,0,10.6803278923035,12.8114255964756
77.141394585371,0,39.6165115535259,0.70690393447876,1.97187846899033,102.188543856144,72.8408703505993,209.325306355953,8.33639377355576,376.642477363348,10782.1231276393,135.293123155832,16.731451779604,628.829684972763,36.0023325681686,1.12345719337463,450.541842758656,0,1879.05566197634,23.4890650212765,18.1486359238625,1.3036852478981,45.7748215794563,11.9366802871227,0.987323820590973,886.198273420334,113.957445025444,23.4849428832531,945.510873645544,82.332924336195,27.9434973299503,375.827319741249,0.422101885080338,4487.64846754074,94.2133824527264,932.491479575634,1468.50134953856,3328.3719137609,912.381467670202,35.5372239053249,49.9556086063385,22.847475528717,10.4736570119858,2.2646901011467,1.18014430999756,8.81439048051834,0,0,1.23784840106964,0,0.621321082115173,0,0,4.01812118291855,0,0,0,0,0,9.17827552556992,1.24106562137604,9.82875221967697,0.944177210330963,3.15917187929153,0.653177201747894,0,0,0,0,0,0,2.79148063063622,0,3.12808191776276,18.8900500535965,31.9898678660393,0,0,0,5.57047906517982,0,0,0,40.9479207396507
141.911732286215,0.612224996089935,837.847530990839,12.9069303870201,1.38209563493729,201.467872321606,151.191518843174,300.677353471518,18.0212650895119,688.452116936445,1207.84567132592,223.497647583485,8.41512781381607,1058.31435665488,34.598181784153,0.593499660491943,9673.30428221822,1879.05566197634,0,44.3589546382427,224.679397255182,3.53704091906548,715.660378426313,34.1342256367207,0,2371.57528239489,1175.38664597273,86.2453388869762,1185.0955016762,435.803425341845,2.61233043670654,236.765511929989,26.4923092126846,11306.2333295345,115.533457458019,1801.05924391747,1674.48589232564,6357.84117871523,1701.11554956436,44.188316911459,51.8764241933823,2.03662520647049,14.2943239808083,5.77738988399506,3.44178634881973,8.24042391777039,1.20259690284729,0,0,0,10.7959066033363,13.0666655302048,0,6.50353065133095,0,0,0,5.3893911242485,0,3.78424352407455,0,1.7668833732605,0,9.96363240480423,2.79877015948296,0.883827447891235,0,0.668562531471252,0,0,1.07481718063354,4.31858307123184,1.43889760971069,0,16.2608869671822,102.652900308371,2.36433482170105,0,0,2.18555355072021,0,0,1.64486742019653,45.0471404194832
7.35971570014954,1.16131162643433,18.3074583411217,18483.514216572,29.7354584336281,365.261999070644,489.714285105467,623.740267038345,1545.63407084346,6300.10689479113,53.284351170063,12633.1916614771,221.608431071043,366.400632321835,320.337082117796,0.64710658788681,2.0923222899437,23.4890650212765,44.3589546382427,0,12.4157096147537,0,19.9158346951008,791.213495463133,5.51646411418915,52.5459214746952,19.2640956044197,2031.80804091692,164.2424236238,17.2713466286659,0.391819179058075,63.5899640023708,4.36221894621849,586.530031114817,4.50676760077477,407.271654069424,34.5475306212902,223.510290205479,37.893390506506,413.321240752935,66.111602306366,14.1741119027138,573.276039093733,29.311627805233,105.272764593363,47.6252638697624,585.425875365734,73.0722670257092,25.0199334025383,2.15987986326218,0.967576682567596,0,2020.79548811913,8.51459869742393,284.875702470541,863.037199050188,1025.5972174108,533.747442573309,1706.37945196033,163.648302197456,2278.68169724941,202.976491481066,236.348764210939,241.742843985558,1.33805882930756,0,0,0,1059.60339298844,7.34667551517487,3.3837662935257,2.74974727630615,1755.33433827758,0,0.521927058696747,0.340988487005234,2934.06756666303,104.109662801027,7.12057948112488,0,22.7007455825806,3.22221723198891,431.144006997347,10.3792858421803
209.374348729849,91.8577220439911,3716.30589827895,3.52379333972931,162.333352029324,71.6303398609161,3946.89783152938,839.727806895971,108.887544304132,302.431621447206,18.7819628417492,28.3871766328812,28.3003076314926,1008.70864728093,1965.19153800607,25445.0563509464,1228.79215401411,18.1486359238625,224.679397255182,12.4157096147537,0,572.405850827694,57333.1454278529,2815.33526322246,27.7595475316048,684.181316882372,2573.15107885003,9923.13241097331,1133.50616177917,30419.2261690795,1.89800956845284,102.304139345884,377.305945813656,16120.3063077629,1769.10204011202,15039.5895110369,698.86499157548,14813.0893345177,3380.39433178306,714.29994019866,412.548529565334,11.386402785778,820.027019888163,36.7398098409176,63.9146870970726,74.9305329024792,33.207665681839,26.6463012993336,1.14867779612541,11.0197545289993,18.5151480436325,24.8518177270889,0,22.475236415863,0,115.972003906965,8.58214247226715,206.469656407833,0,47.4465446770191,1.87137597799301,6.10728406906128,20.028462857008,53.3531962633133,1035.05261260271,1.69915923476219,0,0,4.0111398100853,801.428101420403,602.195831596851,499.507267147303,2380.21606609225,2.49265593290329,10.9739937782288,277.77029311657,1445.07808542252,101.655459582806,143.491483509541,0,3.86501291394234,7.69865304231644,62.880639821291,451.64388948679
3.35720610618591,4946.26249843836,27.2349077165127,1.74577295780182,6.23957085609436,8.17438745498657,86.0925943255424,18.9871155023575,9311.54911366105,22.4811770915985,111.269947946072,16.1068573892117,599.044486492872,15.5708946883678,98.7482217848301,6833.19171839952,9.26921200752258,1.3036852478981,3.53704091906548,0,572.405850827694,0,1555.68357005715,17801.7697451115,863.721211105585,22.0283606350422,5377.4438816011,849.060838103294,26.5505037605762,54.0277571082115,67.2806380987167,10.3935182094574,7.07885709404945,132.207203537226,46.04466599226,617.633907407522,110.142184048891,225.818999528885,77.0091742575169,65.6196917593479,23.9686619341373,41.8437957167625,388.112727791071,79.0079417228699,87.4238313436508,67.2093603014946,26.2365825176239,7.6907300055027,14.0085199475288,0.607365608215332,79.9675323665142,166.206905096769,5.19226956367493,11.369634270668,2.16895174980164,54.1659951806068,17.2737548947334,100.619516134262,4.67912396788597,68.7930393815041,2.80302000045776,133.763450920582,10.0823031663895,15.6108790636063,3123.98109224439,9.12507748603821,1.93876796960831,0,3.43374690413475,284.287344843149,2197.33200359344,826.590191334486,935.208344310522,52.3114162683487,27.9177877604961,3311.13967987895,272.388294667006,19.5546918511391,48.3320502638817,26.6292621195316,0,3.79554414749146,47.5019552111626,28.7663642764091
900.456670373678,139.141277879477,42786.680695653,2.28943499922752,400.406168788671,126.558566719294,2079.03468301892,3065.88619583845,148.47743538022,441.800375401974,62.1793478131294,67.0353052020073,62.1559979915619,4076.05648005009,2489.03456258774,21394.8007522523,9883.89320734143,45.7748215794563,715.660378426313,19.9158346951008,57333.1454278529,1555.68357005715,0,1923.07552659512,33.105163872242,4494.39251554012,35809.0471010208,5331.82790514827,2931.52118800581,16288.0082837939,10.9931465387344,150.642309069633,378.579308837652,23314.3811229765,4700.51128426194,33604.6658859849,5768.85169073939,27972.5623625815,14206.5207544565,1035.49095445871,1197.50649878383,45.1104824244976,1047.13170394301,147.210920155048,226.211728185415,284.940963685513,24.0907411277294,22.978287935257,0.824044227600098,8.02275627851486,38.9344820976257,293.768666982651,1.12162339687347,102.677629113197,1.13636708259583,54.3066674470901,3.86406993865967,121.048011243343,0.865432918071747,75.338638484478,5.28886407613754,3.28096732497215,10.5685770213604,118.431912481785,8367.10716229677,12.561000674963,1.38923886418343,1.86140331625938,0.945637404918671,995.165807276964,2282.712988168,3521.94619908929,1875.22392478585,0.690832257270813,34.111201018095,5941.62017011642,772.717455118895,96.3112562596798,171.462410956621,0.610052645206451,4.1266083419323,12.8787800073624,102.067812174559,1537.96631371975
22.8058773577213,1760.57293632627,26.5779203772545,3915.42419964075,43.1622794568539,427.644169151783,4290.17097783089,696.139710664749,28682.7519828379,2268.05588509142,66.9104809165001,1115.47943693399,299.965718179941,375.750574111938,1119.58278134465,3743.76920542121,9.66658741235733,11.9366802871227,34.1342256367207,791.213495463133,2815.33526322246,17801.7697451115,1923.07552659512,0,404.831082165241,47.7843386828899,2752.99906501174,22536.0677464604,703.439798951149,697.888270199299,28.4025397598743,93.1954198777676,304.092315196991,1255.46279346943,164.839944064617,3770.74445340037,244.723510801792,1331.07047429681,262.410503387451,636.319595366716,174.793351709843,11.901788443327,4873.41459187865,122.617019981146,545.17318803072,143.671620249748,962.468707114458,334.293985545635,79.9493416845798,36.2585187554359,54.329708635807,25.85156711936,2191.18441903591,30.3554521799088,354.578236997128,3059.59329119325,1678.32867065072,4018.77412196994,1920.27563092113,484.926898002625,1212.59854978323,173.679721325636,707.105960577726,414.105627626181,1427.34349623322,5.18617707490921,10.0548361539841,2.48891013860703,1031.50196331739,737.517187207937,1002.13489636779,518.517346084118,16124.1308005154,15.7319622933865,7.14358356595039,249.005598217249,11480.4677065015,509.511831223965,386.182790875435,2.24800825119019,184.951412260532,20.6876792609692,1086.40857198834,158.969452232122
0.400670170783997,3012.93266317248,5.18158239126205,1.16870924830437,0,6.69030785560608,7.09154659509659,5.50155752897263,1132.90504533052,21.3029008209705,1961.44731041789,10.6025709211826,8061.56736341119,9.07379186153412,1.03268352150917,82.1290877461433,0,0.987323820590973,0,5.51646411418915,27.7595475316048,863.721211105585,33.105163872242,404.831082165241,0,279.098937481642,7171.76699128747,32.5571571290493,11.9280423521996,2.07512584328651,342.135969102383,10.2887488901615,0,836.411312252283,4.15504401922226,85.9487806558609,161.032054841518,404.448942869902,25.0808776021004,6.41426810622215,5.11875551939011,1572.91284254193,31.8204804956913,301.495565831661,44.0842025279999,24.766753077507,13.8191846609116,1.04297614097595,178.223964333534,0.630208551883698,301.964053660631,7.45296409726143,0.494125127792358,0,0.734437167644501,3.67228227853775,3.35348978638649,15.0134542882442,0.923545658588409,1295.82027375698,11.6401577889919,3360.15622344613,10.2410045862198,0,0.933380126953125,0,7.53213846683502,0,4.52604708075523,0,30.7915068566799,0.885167092084885,12.1991463899612,2109.86257103086,584.255014330149,3278.93497923017,7.92798805236816,9.29546713829041,0,338.487446427345,2.97202694416046,0,118.65634599328,4.18005704879761
249.894359976053,85.3233745396137,18963.6773667336,4.29426670074463,36.0425518751144,273.261370629072,232.23858307302,640.333623081446,21.3181350231171,825.881396859884,9644.68763369322,284.547966241837,289.900671809912,1605.31804561615,210.628274321556,35.8623890578747,20341.251208812,886.198273420334,2371.57528239489,52.5459214746952,684.181316882372,22.0283606350422,4494.39251554012,47.7843386828899,279.098937481642,0,19539.0779807866,105.979652523994,2087.19004552066,977.345441877842,561.3629758358,668.271045029163,63.4476473927498,11528.7885001004,609.216074615717,8038.68962855637,14767.6998850405,11927.4664865732,5007.97589915991,112.27991220355,300.532404869795,260.906195193529,618.945507347584,475.25059774518,296.347392827272,428.803964138031,7.77561485767365,3.39594930410385,17.7736121118069,0.994704693555832,734.256528496742,848.403347730637,0,24.2375138401985,0,4.21639820933342,0.326605319976807,42.1285598874092,0,621.553050994873,3.52633631229401,2033.70288988948,3.62875586748123,31.9358765482903,23.9093757867813,239.025204122066,73.3583657443523,89.5865234434605,0,6.13910400867462,126.586364239454,92.3275724053383,16.619578063488,602.733999311924,6267.22314122319,11814.5137320757,0.427820682525635,5.60271841287613,8.35691240429878,1740.21730276942,0.594357311725616,0,206.025156974792,272.377460896969
200.349821299314,20816.8877349794,33484.1150915027,4.71366819739342,283.149944424629,197.314764976501,1106.27047240734,739.13903580606,2572.12197124958,628.943056896329,376.681389659643,217.562156140804,1235.15046930313,1601.05919659138,1145.10737532377,9683.63187280297,12200.5222278535,113.957445025444,1175.38664597273,19.2640956044197,2573.15107885003,5377.4438816011,35809.0471010208,2752.99906501174,7171.76699128747,19539.0779807866,0,1286.13904859126,1396.94677259028,1247.32513706386,2376.17877709866,231.287588626146,50.8527669012547,23115.9274700284,3105.36554086208,33728.6017044485,13776.26558429,31627.6054645777,17126.6936777234,520.562359184027,1486.6011262238,82.426981985569,9159.89719468355,2084.51650249958,4095.76612383127,4128.48121166229,113.53447881341,87.1690155267715,57.2566132843494,44.7395163178444,13970.2892040014,12496.9424355179,1.88707238435745,159.001102387905,1.46230262517929,218.437610536814,19.6947349309921,309.214266747236,1.29216966032982,878.536710828543,10.9339081048965,2082.35610625148,121.906160980463,141.668201595545,7614.61100825667,2136.34548684955,219.468993812799,443.489554107189,0.450503885746002,436.476710468531,5150.81222108006,14112.2024241984,452.250994622707,1889.63612046838,17120.1229889095,122136.826746032,222.331235408783,87.9018496870995,602.546206861734,2093.81164562702,6.27602261304855,5.38083425164223,2018.6401617229,1520.54608887434
67.0909814834595,138.395003408194,205.173400789499,8350.84247267246,87.6996776461601,1368.89954420924,60569.7046151757,1649.16750898957,4201.0671325624,12058.9688240439,73.1356466710567,680.8194026649,128.023234933615,1195.09387198091,1279.66807061434,4085.50160929561,29.3181126713753,23.4849428832531,86.2453388869762,2031.80804091692,9923.13241097331,849.060838103294,5331.82790514827,22536.0677464604,32.5571571290493,105.979652523994,1286.13904859126,0,2144.03720203042,31025.7079847157,10.7260061502457,315.549830555916,836.975084662437,4060.54756599665,414.305433630943,7775.3174187839,363.916745692492,4218.63418927789,632.267504692078,1300.62020030618,527.244579732418,18.415724337101,3368.24105897546,61.8098356425762,327.092674404383,93.6753939390182,485.042830765247,226.120159596205,27.3735525608063,24.6613241136074,11.0275536179543,5.71851295232773,1692.78849554062,23.3782502710819,244.098882138729,1947.88444325328,1047.29381281137,1708.73991695046,1473.59815922379,286.615293771029,816.703875005245,144.490304410458,396.78667140007,201.281010866165,579.306690901518,0.669341683387756,0,0,855.665580391884,494.961897581816,433.235852301121,299.675551921129,7558.19256064296,5.24314692616463,0.555047452449799,92.5960291326046,7260.0834326148,280.911347270012,272.159264832735,0,77.5161517858505,13.7570052146912,717.518315434456,127.127612650394
12432.2062203586,8.75133123993874,732.287566512823,83.5258014798164,9.67288392782211,565.45088917017,3020.73660776019,2686.46692740917,91.1601817905903,2849.65085503459,1633.09616804123,486.603473871946,199.755717903376,13655.6579347849,121.773680478334,25.7620323002338,850.270040854812,945.510873645544,1185.0955016762,164.2424236238,1133.50616177917,26.5505037605762,2931.52118800581,703.439798951149,11.9280423521996,2087.19004552066,1396.94677259028,2144.03720203042,0,11837.9543450773,100.26544624567,1125.94616344571,6438.316611588,6263.09324486554,50.6522587537766,1168.53321912885,153.923954039812,1843.75905564427,229.218751847744,172.014947324991,161.839155912399,36.4881995618343,250.012068450451,15.2172105610371,27.2252081930637,9.26586148142815,27.1942166388035,8.42341250181198,3.89498633146286,0,5.20687568187714,8.83241707086563,15.2970421016216,0.502064883708954,2.77621120214462,126.729018270969,14.0648982524872,57.1050454974174,6.58743035793304,59.6147030889988,32.2288485169411,54.4958511590958,21.6732197999954,10.5625846385956,11.3654294312,1.34280145168304,0.496280670166016,0,10.6406477689743,19.284608155489,3.82201072573662,12.2684769630432,500.444619268179,4.65740865468979,4.88468831777573,60.9652867913246,463.605096846819,7.98829066753387,10.3407018482685,4.93790590763092,2.75833165645599,0,37.746169000864,10.2927637398243
5492.71531999111,11.279575586319,2089.28555801511,4.67418831586838,89.1102679669857,198.493501216173,12031.2209774554,6181.05922995508,72.1584394574165,442.943746507168,131.975794434547,52.5237598419189,45.4863197803497,13750.9054947495,1258.94221797585,181.050826966763,1388.69210204482,82.332924336195,435.803425341845,17.2713466286659,30419.2261690795,54.0277571082115,16288.0082837939,697.888270199299,2.07512584328651,977.345441877842,1247.32513706386,31025.7079847157,11837.9543450773,0,7.24294543266296,235.224463909864,2673.12719741464,13403.5797186196,652.851181745529,7599.94691482186,294.906312853098,8406.23432484269,1125.55640569329,919.361431002617,502.492788016796,16.5397402942181,277.21129617095,15.5116230249405,40.7251742184162,20.1415139436722,8.46031600236893,9.05444860458374,2.2350697517395,0,3.8988082408905,10.128441542387,0.994211733341217,11.8738345205784,0,58.5891207456589,8.73860687017441,54.6495542824268,0,46.483037352562,0.921890020370483,7.10353720188141,8.19992449879646,19.6291933357716,113.931570053101,0,0.361457496881485,0,1.76356416940689,128.552894294262,76.8884850144386,50.8511661291122,588.125566661358,0,1.75583311915398,103.876882195473,504.358293443918,19.9173549115658,24.0077902376652,0,8.04163643717766,2.27680316567421,27.2627485990524,150.46652674675
