0,0,0.0116939035521873,0,0,0.00113518986713352,0.129168392975023,0.0442727900968604,0,0.00151863119806333,0.00209235285234423,0.000418936113617146,0,0.792908561749443,0.000315951740856504,0,0.0392940824918016,0.00306589268230953,0.0107117845144128,0.000272851350278413,0.00788758234564812,0,0.0767751009715966,4.04399010677457e-05,0,0.0197228441849601,0.00953680330406482,0.00306329027253564,0.446258347661843,0.812449801893904,0,0.000139475009392792,0.00304105194606405,0.029874181976664,0.000440219114889124,0.00430131740703381,0.00108447733361948,0.010611961973747,0.00327364578179374,0.000513995767166481,0.000142076363432037,0,0,0,0,0.000185270690507722,0,0,0,0,0,3.39881251514733e-05,0,0,0,0.000191478787582344,0,0,0,0.0001598324920547,8.44082297242878e-05,0,0,0.000196226884859705,4.89645617910266e-05,0,0,0,0,0.00021488262360003,0.000224038713956922,0,0.000463291615038991,0,0,0.000941822635407504,0.000705564664805481,0,4.97838644198239e-05,0,0,0,7.06282604966104e-05,0
0,0,0.00474661346859806,0,0.000415807104837772,0.000336531073493823,6.89347044898391e-05,0.000419727355679077,0.213697810739028,0.000122743344645983,0.0184007692275247,0,0.20170505027867,0.000287565596892011,0.004124626683891,0.0106195445919411,0.00245592663552999,8.05361509558943e-05,0.000912057018880288,0,0.0105571466619488,0.239572085828732,0.012909923291418,0.266590095844424,0.279411198611278,0.0318350578693905,1.50272759743454,0.0439773332824179,0.000835457800328424,0,0.000746691412021297,6.24983776497066e-05,0,0.00425865901098905,0.000107730974812019,0.0136086496882759,0.0104228446209241,0.00837666113915227,0.00501869289532534,0.00194838015780973,0.00011578289571625,0.00363399345727569,0.00505791705346414,0.0164410684940455,0.00197260747401252,0.00240628959465845,0.000271948291109121,0,0.0110863889952875,0,0.225450697949107,0.0075969829615088,3.62841043631852e-05,6.87620512709618e-05,4.61968793865859e-05,0.000378032573067409,0,0.00307041171144387,0.000136225864221549,0.0203312524522841,0,0.0445507546136332,0,9.39409976021171e-05,0.0033628028277459,0.00162682295805214,0.000581642850395846,0.00197049641317212,3.76949695059508e-05,7.58542257882088e-05,0.006353376608609,0.00141118779867943,0.00859150597605092,0.0244465809324706,0.0545920968176194,0.862961127196817,0.00145838127006965,0.000225186407383829,4.71547364385008e-05,0.00837249025642966,9.01918211548091e-05,0,0.00113826496179003,0.000620143080304462
0.0116939035521873,0.00474661346859806,0,0.000704774339942876,0.000546435313518119,0.00304142856626004,0.432492236998299,0.0955694109646913,0.00305927306847084,0.00723785604011254,0.00284799750319346,0.00157458098033149,0,0.114487638613748,0.00371839857234394,0.000991486645283168,1.36118438706119,0.0222863092694312,0.124026012034077,0.00109798112314295,0.402370310842063,0.00115658042913474,3.1388310130944,0.00200146776464607,0.000148112184677088,3.72461559363424,0.84359797928235,0.211043978691325,0.0531622191336331,0.151505977572907,4.30506086292803e-05,0.000386053619704759,0.00366909943104789,0.412696275116229,0.0502546901465885,0.783476340787168,0.250721648967381,0.605115820883557,0.429219077482626,0.00300383727849451,0.00293038592624462,0,0.0171536565171449,0.0109810882619041,0.00616401542168933,0.00806053515192077,0.00146300482887609,0.000208417519631058,0.000105311159360117,0.000175769752312738,0.0161515518852069,0.0845027275502569,0,0.00109691552860985,0,0.00623036968858391,0.000461857521345598,0.000681023031081736,5.149140771631e-05,0.000232375344041384,0,0,0.000439648067544446,0.00288463728981177,0.00831076436841506,0.00569916816732652,0.000113591472450573,0.00180643237903523,0,0.00445812588096944,0.00448758729544221,0.0223735491036649,0.0115975018186675,0.000510036554462158,0.0504184673003624,0.903271342819754,0.0244401772306971,0.00192512184597462,0.00931546045389435,5.17361996175587e-05,0,0.000718894805088928,0.00130959402668895,0.0407162658121427
0,0,0.000704774339942876,0,0.00393377976065652,0.0435881799159362,0.026239182700455,0.0381229663164179,0.146353002313348,1.97001758289159,0.0021756135438967,0.268267684363965,0.000198325606502924,0.0154914953236996,0.0354802989563268,0,0.000321050654933193,0.00159380262627861,0.000796874363243497,1.50743852806116,0,8.19682884351012e-05,0.000256557870343772,0.445566453368111,0,0.00231667608439819,0.000571478165622264,0.706550973557226,0.00646552972859952,0.000295330852401826,0,0.00100618890859203,0,0.0199731904757381,0.00163989120687712,0.0749813516391664,0.000326624921891594,0.0208669678147671,0.00424690965657758,0.0363298076412451,0.00274952750669141,0.000146897714839908,0.00785431145126092,0.000198936021762404,0.00220884029090075,0.000368762558910954,0.0607059261304368,0.000630839592597396,0.000136676092051944,0,8.75471963265479e-05,0,0.113981786537577,0.00182482476453066,0.00876802776970856,0.0309962349053418,0.00610414724925244,0.0290429671189187,0.116571121900206,0.000427028584763435,0.0279804128937703,2.75172170305193e-05,0.00365817649711416,0.0160720635198305,0,0,7.05194959432542e-05,6.63676737691045e-05,0.0454846542901832,0,0.000815651222454132,0.000124511544913492,0.12813262074088,5.1148403831029e-05,4.91072674965084e-05,0.000466373552862352,0.185483956366874,0.00125171505178624,0,0,0.00013109100023067,0,0.00119443151838631,0.00053204281995022
0,0.000415807104837772,0.000546435313518119,0.00393377976065652,0,0.238638158156106,0.00959743043983532,0.0137680183640966,0.0334794227518061,0.0177440225613128,0.000664073263978636,0.0393662658995828,0,0.00249752130487986,0.229798314646565,0.000558095281600517,0.000334545341731063,0.000198276942390791,0.00025653925645225,0.00566060552964714,0.00765959414750993,0.000648663622632628,0.01092118836488,0.0386586245283066,0.000174193122500196,0.000551171539752125,0.00323417944003928,0.0188734062103772,0.000789929160364011,0.00455759485323795,0,0.0373714837202478,0,0.19619275054158,0.15771393238848,0.0252669545992834,0.00221875717182425,0.00409946429730703,0.00672846151801264,1.38365689768465,0.719220322812698,0,0.00271196267678247,0.00159683227418625,0.000299875271715414,0.00529172943388008,0.0131148144065536,0,3.84999815004647e-05,0,0,0.000394213650702411,0.00446918211692702,0.000981257474709082,0.00190630786168816,0.00294495470122353,0.000600409135540301,0.000691372120690554,0.00644050675153597,0.000330471388346529,0.00276690184631773,0,0.000363704374216816,0.00304731137286135,0.000267730253831577,0.000100504485529995,0.00035001063844552,0.000139436673327232,0.00132507926532312,0.000998314838369527,0.000224582541500783,0.00241895265396159,0.00438482583316871,0,0.000443832020357469,0.00117805405977696,0.0103674917276139,0.000125619868037057,0.000296908155782622,0,0,0,0,0.0837139046708148
0.00113518986713352,0.000336531073493823,0.00304142856626004,0.0435881799159362,0.238638158156106,0,1.12067101860293,1.01902765599524,0.0829243330533787,3.46910052060981,0.00779347717892089,0.820202809286342,0.000694579196508357,0.0724938561445727,0.331715167051691,0,0.00483754393377744,0.00667630176100133,0.00442785169413597,0.0974779975328645,0.00150086142132361,0.000396469674418503,0.00746859151535871,0.0607123595981946,4.1488111807388e-05,0.00897671972302118,0.00401670248336585,0.340384290533406,0.0259381981239261,0.0151193984896665,6.25805338684618e-05,0.0368157003565858,0.00134012856437263,0.0676546388463106,0.144618843593075,0.243608597132812,0.0029319330050414,0.0544992952849242,0.0309521163303592,0.531772065666326,0.0799418511895202,0.000914340959850844,0.00884677114470986,0.000644611713082928,0.00196725184922043,0.00248968221721288,0.0679588779147573,0.000643593117849633,0.00108514278322704,8.38241743912575e-05,0,0.000126711535871828,0.0295210651399952,0.00234681820408293,0.00862483288169905,0.0255975383899296,0.00349451252669246,0.0161470571570776,0.0447710778797148,0.000958473003809919,0.0201019741774664,0,0.00204704128049832,0.0158095185162392,4.50360298818529e-05,0,0,0,0.0109254483329757,0.000233430147151178,0.000312302706333476,0.000123965627397209,0.0818709095069107,0,4.25618369303525e-05,0.000283198268704453,0.100373361360111,0.000533339622758108,0.000102145156874612,0,9.50477227924821e-05,0,0.00144938570870305,0.0169813786549259
0.129168392975023,6.89347044898391e-05,0.432492236998299,0.026239182700455,0.00959743043983532,1.12067101860293,0,3.30198519148364,0.0885086440370704,1.69561283734172,0.0447945692533317,0.0535403215046138,0.0013035748965608,2.13274405581013,0.0864207762297145,0.000961805680998909,0.0902488728493597,0.0440483531774723,0.0443148226691747,0.0268570751336467,0.454173481084463,0.00226036652591749,0.72582798316758,0.143384708099487,0.000204619086713719,0.127205087280358,0.0808468956057018,4.47182908245035,0.793091658302548,1.37661728750486,0.000476786337664958,0.030640086459774,0.145006662656673,0.86803469570024,0.23154355545874,1.39968075517848,0.056345187640255,0.814663221025367,0.287635355067132,0.110421060132812,0.0796963081497947,0.00150747777719387,0.086302896726213,0.00260903539490276,0.018784311462323,0.00822570421299614,0.0574228262521042,0.0049833994880493,0.00311332374893025,0.000357813367757988,0.000243772950122952,0.00251886551726412,0.0235509029032537,0.0029817944970083,0.0131714201105436,0.253418216551414,0.0220220626723963,0.0617256294145612,0.0706323481984306,0.00383613802380794,0.0127079280970062,0.000123794404913738,0.0189189889842102,0.0111499853465173,0.0127194599175338,0,0,3.85543757198423e-05,0.0139313026928193,0.00224267380586383,0.0085475994508646,0.0107862733648009,0.390860292500643,0,0.000403990147581228,0.0250839764198275,0.538129537880434,0.0101014393227506,0.00684937274745166,0,0.00046416119882144,0.000473242752401891,0.0119795341785668,0.0261635558708318
0.0442727900968604,0.000419727355679077,0.0955694109646913,0.0381229663164179,0.0137680183640966,1.01902765599524,3.30198519148364,0,0.0386333301892237,1.36656453917009,0.0693772173936488,0.285583700142656,0.00307569643242873,1.50515923845439,0.0325453208423589,0,0.101863698026658,0.0395506241367939,0.0457912703559211,0.102903815666968,0.0401705176361746,0.000231711370551494,0.262157618845459,0.0630671124960315,0.000231156593940684,0.10001806515036,0.0498338894216789,0.446386736481794,0.184719590652829,0.540925397582075,0.000516452977599219,0.0093965275414442,0.010615849561305,0.301032878691232,0.0236035556119088,0.614445902700914,0.0179544626511577,0.238521963777065,0.127116563066113,0.174121543720242,0.0499127782444294,0.00596569663685639,0.0233571696110667,0.00361623987244803,0.0139702494626527,0.0194272655334853,0.0222017763985288,0.00404864913062159,0.00361308526807498,0,0,7.29924086373627e-05,0.00819648420825211,0.000974764580078258,0.00549337748267848,0.0699941979778444,0.00732359760775118,0.0239548685038103,0.0168879193278936,0.00651432605358196,0.00588394423421254,0.000731381764510095,0.00478367125208923,0.00266234930156437,0.00161774301912467,0,0,0,0.00427767021940444,0.000128994528592047,0.00153260083885674,0.000249416386808616,0.138841737991884,0.000329236962258398,0.000309856468853086,0.00215988563438473,0.1406413517511,0.00216938641254754,0.000890981459910975,0.000106612068068111,0.0019957817880646,0,0.00369774040833542,0.00275767901776721
0,0.213697810739028,0.00305927306847084,0.146353002313348,0.0334794227518061,0.0829243330533787,0.0885086440370704,0.0386333301892237,0,0.259895809488569,0.00803097235348295,0.171945220720278,0.0757599540685936,0.0115044795132284,0.199618754935514,0.0364182699039311,0.000980582580814726,0.000830466571185052,0.000811765294931342,0.0825794486013582,0.0162251273412134,0.690143175792759,0.0159880344063264,3.29723861480572,0.122099340142739,0.00537513261139237,0.567207376007677,0.678450147289334,0.00785892233647459,0.00614895072850009,0.000170643790410104,0.00132455773479932,0.0012400897748575,0.0129646219469271,0.00197537688333132,0.0443423427811156,0.00349560840313455,0.014621044417664,0.00404695620041228,0.278825486981075,0.000940588144828791,0.00109468828918821,0.0854804174515963,0.00848515115850819,0.0201197425712415,0.0078131052325452,0.0595409123592366,0.00132755758567158,0.00295309139379771,0.000781817738542073,0.0782528047198257,0.00527489974106681,0.116799665902027,0.00240620989624726,0.0123487219023588,0.0987840406068395,0.00849431641130418,0.398905864780443,0.12199298693985,0.00923966089223053,0.0293408777186278,0.0152045936286413,0.00852916617595444,0.017257844606536,0.197847968180238,0.00270663453930767,0.00239230626991989,0.000643331747092867,0.029403557078335,0.034205316826764,0.335702207593105,0.0627585739590104,0.815379065882343,0.00429711992791928,0.00351155576452787,0.317588382973146,0.72798008040628,0.00938718197060476,0.0223193171378034,0.00178681265186104,0.000491826414561882,0.0019777797305957,0.0092500683052069,0.00545771420283171
0.00151863119806333,0.000122743344645983,0.00723785604011254,1.97001758289159,0.0177440225613128,3.46910052060981,1.69561283734172,1.36656453917009,0.259895809488569,0,0.0445075931361468,1.39204642710885,0.00193069700863549,0.286117585988664,0.087436371559589,0.000175404339146018,0.0105342541120072,0.0308071474570385,0.0225844863155443,0.868377934267932,0.0032424420421063,0.000124206229799455,0.00849615263718838,0.217783338992744,5.25136789125264e-05,0.0447426729068902,0.0163251946952774,1.28225374853416,0.145791745080227,0.00909444730344183,0.000130856373955279,0.0127684289339518,0.00138159690145811,0.191622539797925,0.515618540816103,0.402252979520414,0.0107788055613317,0.195867503926643,0.0406610732280771,0.136582117000928,0.0205163267140467,0.000791150647731447,0.0210214969695569,0.00112902366027185,0.00706301712568825,0.00326145958492954,0.16351473654524,0.00106832986274102,0.00104431198804881,0.000166655174779486,0.000224851784885094,0.000181173475133002,0.179335392756202,0.00475218947202498,0.0241255344789791,0.119830687829198,0.0155847283389641,0.0631948820762618,0.284272710486126,0.00144670146038622,0.0799134498353336,8.65389100315065e-05,0.00913225162985901,0.0432083872421401,0.000252744210484505,0,0.000395247747559724,0.000222405444697487,0.0682853232041164,0.000207279074630684,0.00171567786564835,0.000301106184261337,0.371626009550805,0,0.000311764210010696,0.000450784859399047,0.549660666278506,0.00191520633846156,0,9.2669924146143e-05,0.000351557115330234,0,0.00238968673909193,0.0604734360576579
0.00209235285234423,0.0184007692275247,0.00284799750319346,0.0021756135438967,0.000664073263978636,0.00779347717892089,0.0447945692533317,0.0693772173936488,0.00803097235348295,0.0445075931361468,0,0.0167070242490299,0.199601350108564,0.261809668081444,0.000823432634047901,0.0001929218621858,0.0359472286138282,0.598018159032651,0.136055193180287,0.00939643285255656,0.00334579480176584,0.00967076422576232,0.0107487749171931,0.00677419304294559,0.0499228771822534,0.489660828605346,0.0195299267750127,0.0152861460053989,0.482445244773143,0.0079315123382391,0.0210608953692936,0.115231940716749,0.000491205074120852,1.19896625271037,0.00424406121763877,0.0766851566819983,0.51634173695641,0.449141033624421,0.0493738508594624,0.00943348100545476,0.000265300602372324,0.0782321706466307,0.000875254768554351,0.0679468642731819,0.00249056223174911,0.000214993170004159,0.000518978184986123,0,0.0793247977930741,0,0.00527756567644815,0,0,0,0,0.000315732616205132,0.000213367983563781,0.00149953511765929,0,0.169408369690962,3.30942045358777e-05,0.376476017241727,0.000101541264717627,0,0.000249061707740253,0,0.011462705715328,4.84441897090853e-05,0,0,0.00149869372820194,0,0.003840195849771,0.0398340734912022,0.0812494283450519,0.0427664574454131,0.000419797786555412,0.00166686388696743,0,0.113876136635488,0.00135168444227429,0,0.00914836514047702,0.00170903391736505
0.000418936113617146,0,0.00157458098033149,0.268267684363965,0.0393662658995828,0.820202809286342,0.0535403215046138,0.285583700142656,0.171945220720278,1.39204642710885,0.0167070242490299,0,0.000854476530256004,0.082435402411451,0.219706430821037,0,0.00271567029263535,0.0136526086084737,0.00982507159267867,1.14521468741523,0.000256099671955695,0,0.00209286173077212,0.0875996791001427,0,0.0188059078519739,0.00692771195522614,0.0624007946446659,0.032694781307656,0.0032696783931173,0.000175168960480556,0.00410822174035289,5.88832460621655e-05,0.0464177590630398,0.337965697887345,0.0716078592187277,0.00268179779670093,0.0445474650113729,0.0126859765290821,0.15557612400699,0.00294575365826936,0.000864323116449952,0.00974275421674713,0.000549194659918272,0.0018218301923316,0.00175452853257845,0.0971053446551007,0.000799109659210247,0.000386162642220425,0.000141247000273138,0,0,0.0926549554603152,0.00386372008491995,0.0224111318213493,0.0205780995679215,0.0108398348054075,0.0132239655713682,0.109833384504171,0.00167868810777384,0.0812172473032089,0.000123421630267015,0.00464426208757614,0.0237169518594384,9.2037885434854e-05,0,0.000437851441263464,0.000229217701445565,0.0395898277797633,0.000134532876687277,0.000623931469411477,0.000477444932162971,0.081891434438163,0.000117478372109109,0.000348514846377704,0.000522324866184604,0.157447145156479,0.00137101855262308,0.000132342341958446,8.75871900388063e-05,0.000383261507314115,0,0.00118059561433101,0.163495437711237
0,0.20170505027867,0,0.000198325606502924,0,0.000694579196508357,0.0013035748965608,0.00307569643242873,0.0757599540685936,0.00193069700863549,0.199601350108564,0.000854476530256004,0,0.00999560336056704,0.00115837347021731,0.00113416270181902,9.09649819696191e-05,0.000917821000398138,6.893228251037e-05,0.000275826568138581,0.00130873449149391,0.112514290728191,0,0.0564227957661223,0.514169946516659,0.00504795000364835,0.153478665323357,0.00734741865242354,0.0170005300897424,0.000398567552907133,0.0629502510169021,0.0053685279187625,0,0.135776086583156,0.000264332008833513,0.00487170134191798,0.319322571884565,0.0853068744275579,0.00137674666304856,0.00138389320312271,5.80362459245682e-05,0.0606273314253251,0.000205767539696318,0.194377716330485,0.00555527898331292,3.42213469653964e-05,0,0,0.230659840957143,0,0.0138367923556786,0.000101812793934631,0,0,9.58452276060584e-05,0,0.000632104157282114,0.00306708751834865,0,0.464899377732795,0,0.850988142045957,0.0010228487594979,0.000102716130174553,0.000265992184995037,0,0.00869288920302542,0,0,0,0.00323493691053542,0,0.00405019062023497,0.127986800286203,0.0909311834849818,0.0443960857865836,0.000401006311869064,0.00723333402052622,0,0.178320769803314,0.00312970584369557,0,0.0283433814113886,9.15009034463764e-05
0.792908561749443,0.000287565596892011,0.114487638613748,0.0154914953236996,0.00249752130487986,0.0724938561445727,2.13274405581013,1.50515923845439,0.0115044795132284,0.286117585988664,0.261809668081444,0.082435402411451,0.00999560336056704,0,0.0130798202976596,0.000136327928920457,0.254696549374922,0.163179177757968,0.145995631346175,0.0339759922357688,0.0609799060920967,0.000291728005075044,0.456645071260743,0.019562997605297,0.00108969502978591,0.262504466600852,0.12852135820285,0.143383024300666,0.902078361644295,2.04209486957866,0.00147648701883314,0.0126052107247908,0.00809492250240995,0.455413521278009,0.0151933728676662,0.321681462684165,0.0218613073106223,0.248795621984207,0.108014238729742,0.0424509744483483,0.0392735070190448,0.00688841760745355,0.0157393138107478,0.0021578266628227,0.0108455695464198,0.0165155500928264,0.0084951599623902,0.00379701779581772,0.00349486990242238,0.000112534182870731,0.000243837149298662,0.00039145290222933,0.00129481668679362,0.000763155471922174,0.00208793932024065,0.0273414060615618,0.00548492594471601,0.0082279524309638,0.001626528379425,0.00602820044126877,0.00131041400766308,0.00202326148113313,0.00343584469826772,0.0011863997973641,0.000749965665524077,0,4.40167061438859e-05,0,0.000802861983753159,0.000353404767989319,0.00140234920499011,0.00052655163118698,0.0459326736789658,0.000130194170373463,0.000713150703388745,0.00692873921608223,0.0585120383024005,0.00158989632689892,0.000658942735187694,0.00041117516225625,0.00182046529463941,0.000155638428552237,0.00351843408590133,0.00270979088731486
0.000315951740856504,0.004124626683891,0.00371839857234394,0.0354802989563268,0.229798314646565,0.331715167051691,0.0864207762297145,0.0325453208423589,0.199618754935514,0.087436371559589,0.000823432634047901,0.219706430821037,0.00115837347021731,0.0130798202976596,0,0.00143350527180948,0.0014475597224895,0.00129742860773344,0.00132190978273497,0.0387512165239496,0.0422569774971832,0.00862818441402205,0.0369580818273289,0.316149898558206,0.00187906710382102,0.00299895062201695,0.0190495632453281,0.158502820959935,0.0137716942123686,0.035244560655576,0.000103020755000556,0.00721239681295414,0.000259541973572406,0.0227657710393122,0.138092702137176,0.0596953897185384,0.0129583023098157,0.0151817388343502,0.0220365879472863,0.337699927678918,0.00456239333915326,0.000154704913110548,0.0122759194280266,0.00417270683145527,0.00257884270505105,0.0109525052162635,0.0470350344288883,0.000944231709595425,0.000495983460472816,0.00026737914801892,0,0.000637126540151536,0.0174259172125545,0.00143512169230839,0.00586038884533754,0.0113366476290393,0.00262346363535896,0.00441246568500384,0.0259511051343644,0.00163609192602812,0.0120630757767439,0.00014403783240639,0.0017305425425055,0.0118851013591003,0.00191554250156855,0.000141257036917842,0.000233710136576546,0.000127489722174609,0.00863732576231066,0.00128398928729068,0.00183584867637764,0.00489489348403196,0.0295174062909617,4.52811370703697e-05,0.00153100914452298,0.00411534094119922,0.0496837963277011,0.00141952501873324,0.000815397795981112,8.3730686939168e-05,0.00045690130580877,5.29440125940084e-05,0.000648060817261302,0.111250260562876
0,0.0106195445919411,0.000991486645283168,0,0.000558095281600517,0,0.000961805680998909,0,0.0364182699039311,0.000175404339146018,0.0001929218621858,0,0.00113416270181902,0.000136327928920457,0.00143350527180948,0,0.000118196682493419,4.34983882062674e-05,0.000279527562958819,0,0.910231004587046,0.374795640120949,0.798274699375108,0.341484595686774,0.00346490937148432,0.00110033579833442,1.02374465276561,0.467716435341585,0.000338679471990096,0.00219358680273991,0,0,0.000140002907763991,0.0168317943533886,0.0127216745693502,0.1130849024844,0.0589626666694417,0.0342357700991543,0.0356748718608975,0.000190698480256122,0.000887912472751008,0,0.0268877859169132,0.00456605004566648,0.0119639862598682,0.00988351718179604,0.00991712710314957,0.000269947086384821,0.00134688151367474,0.000133208842135871,0.00212732947234904,0.00842783772775427,9.53406079448257e-05,0.000396183799630797,0.000154649723507381,0.00438175112306711,0.000197222667148316,0.000231863135988855,0.000595633302537501,0.00132066548719993,0.000154661742640209,0.000106284016442668,0.000960672311645847,0.000798132956578439,0.524308678062871,0.00345308258299751,2.48609910639137e-05,0.000848176634427008,3.53732298913062e-05,0.0911181083062571,0.140406013762473,0.324653986813513,0.0356888862748715,0,0.00159657988195101,0.305212898799567,0.0905514557006493,0.00113874321197066,0.0192948445249649,0,4.66826701877058e-05,0.000336530079861221,0.00356896262063191,0.00638600703990465
0.0392940824918016,0.00245592663552999,1.36118438706119,0.000321050654933193,0.000334545341731063,0.00483754393377744,0.0902488728493597,0.101863698026658,0.000980582580814726,0.0105342541120072,0.0359472286138282,0.00271567029263535,9.09649819696191e-05,0.254696549374922,0.0014475597224895,0.000118196682493419,0,0.0805309408194566,0.691529727627109,0.0025488688771113,0.156166841641844,0.000360649644251573,0.906057410365245,0.00144846016143051,0.00022631509281013,1.05171477486687,0.886788759266389,0.0316467198445924,0.20478613083356,0.250131800789716,0,0.00125274968367649,0.0085403230028818,0.646444200840021,0.00979684065126051,0.180931195385769,0.0644031823674011,0.291741095821526,0.112799360663935,0.00232941673780885,0.00106118158142128,5.04070058199465e-05,0.000714646813132369,0.000511339722728908,0.000532647856217822,0.000706439426942456,5.92127594740332e-05,0.000111506549402416,8.42675733860496e-05,0,0.00104205542929978,0.00663914563893353,0,0.000428879586155474,0,0.000197014682647085,0,0.000182385248308623,0,5.08416627586663e-05,0.000123002009187031,0,0,0.000630983611999827,0.00127930745288751,9.86561569141148e-05,0.000158103265592909,0.000294442270172929,0,0.000847345931297215,0.000363958526805973,0.00114722533040959,0.00112858018723231,8.93289849976064e-05,0.00907921858682841,0.0675078802101784,0.00162251946120515,4.5268105196619e-05,0.000257818391230423,0,0,0,6.72202678671717e-05,0.00638090942758222
0.00306589268230953,8.05361509558943e-05,0.0222863092694312,0.00159380262627861,0.000198276942390791,0.00667630176100133,0.0440483531774723,0.0395506241367939,0.000830466571185052,0.0308071474570385,0.598018159032651,0.0136526086084737,0.000917821000398138,0.163179177757968,0.00129742860773344,4.34983882062674e-05,0.0805309408194566,0,0.545112793183978,0.00652971107624712,0.0073198170912717,3.93692070019275e-05,0.025255642911371,0.00222585065764991,0.000475539025404012,0.164137794293918,0.0439863234194103,0.0104499484557409,0.299085549588913,0.0121543425841707,0.000435189344265759,0.0338886701235008,0.000409773884712684,0.518480363369826,0.0177911667905642,0.254785804152762,0.270973415583753,0.35795777429258,0.217646572807355,0.00644340650347767,0.00168474033589953,9.87489660208704e-05,0.00176142582373587,0.000701206014183416,0.000281480041468948,0.000745192500520358,0.000181693156926909,0.00015666426583854,0,0,0.000516375175688719,0.000236621394114995,0,0.000146865242639828,0,0,0,0.000389796824802291,0,0.00250094222906437,0,0.00854704256039589,0,0.000771577031320226,3.58954793656171e-05,0,0.00168120490033464,3.25875665584206e-05,0,0,9.11564043351113e-05,0,3.77498796499491e-05,0.0011573181631256,0.0129644508701445,0.0186286337709517,0.000110751837669874,0,0,0.00968363689138525,0,0,0,0.0121845375264156
0.0107117845144128,0.000912057018880288,0.124026012034077,0.000796874363243497,0.00025653925645225,0.00442785169413597,0.0443148226691747,0.0457912703559211,0.000811765294931342,0.0225844863155443,0.136055193180287,0.00982507159267867,6.893228251037e-05,0.145995631346175,0.00132190978273497,0.000279527562958819,0.691529727627109,0.545112793183978,0,0.00423627912531113,0.0440175684736726,0.000242682638978851,0.128721885321811,0.00155977825742254,5.51502686925292e-05,0.365978461516776,0.175622530470643,0.0157478058893982,0.205974604022102,0.0589724445827246,0,0.00426298748718642,0.00498464091494791,0.567367547211411,0.00989601662133822,0.19645039839106,0.107915676898658,0.316457250143758,0.160386360461426,0.00325555702032609,0.00119240009385506,5.93278106644332e-05,0.000988039502096055,0.000576471195724728,5.37237610018909e-05,0.000196784589820445,3.86820981144667e-05,0,3.50085523948788e-05,0,0.000509302116656375,0.000877647134905607,0,0.000126589328615856,0,0.000146010183568573,0,0.000396932946065348,0,0,0,0,0,0.000517270878155088,0.00022703312373527,0,0,0.00022420124454366,0,2.67499845717669e-05,0.000122342710069746,0.00012286541336664,0.000210840690981534,0.000403702803841477,0.00708793668852784,0.0225871274053335,4.36196543775141e-05,0,3.69213094862998e-05,0,0,0,0.000151856939937022,0.00667846963804057
0.000272851350278413,0,0.00109798112314295,1.50743852806116,0.00566060552964714,0.0974779975328645,0.0268570751336467,0.102903815666968,0.0825794486013582,0.868377934267932,0.00939643285255656,1.14521468741523,0.000275826568138581,0.0339759922357688,0.0387512165239496,0,0.0025488688771113,0.00652971107624712,0.00423627912531113,0,0.000353912012655914,0,0.00127647242321176,0.094026534049114,0,0.00704152956030419,0.00422430689624064,0.155252982870876,0.0208294697254403,0.00178592219701685,5.61583615158379e-05,0.00184602597503049,9.91077915945175e-05,0.0244374783406306,0.00101198480816871,0.0572712449616155,0.00135344334634446,0.02276745855709,0.00505004449279885,0.0325031000172716,0.00222958846942433,0.00046782296665073,0.00637629532739382,0.000360015682765657,0.00122058952961524,0.000765392958180022,0.0601105091507933,0.000426672575278342,0.00037071593790063,0,7.11511238256782e-05,0,0.0709048243449173,0.00225802272335969,0.0124253429067832,0.0253416860799441,0.00418791325104863,0.0110901406247652,0.0910435964781145,0.000409388068638051,0.0265221837832471,0,0.00341830343791832,0.0185854683667059,2.7291960997197e-05,0,0,0,0.0209856905445133,0,0.000666730165902037,4.27729981896638e-05,0.0895624325524366,0,0,0.000745271329503018,0.166296453778505,0.00123135588998077,0,0,0.000163518964552283,0,0.00101212422007766,9.25339230721889e-05
0.00788758234564812,0.0105571466619488,0.402370310842063,0,0.00765959414750993,0.00150086142132361,0.454173481084463,0.0401705176361746,0.0162251273412134,0.0032424420421063,0.00334579480176584,0.000256099671955695,0.00130873449149391,0.0609799060920967,0.0422569774971832,0.910231004587046,0.156166841641844,0.0073198170912717,0.0440175684736726,0.000353912012655914,0,0.108991008035253,3.92162358717053,0.0505106161693042,0.00286752756935649,0.0937863684678235,0.471205425826744,2.3418900064226,0.0577338833444286,2.0896954515671,0,0.000373640346739826,0.00739815791369917,0.820804786505502,0.197549758196159,1.53346165540074,0.526631018650877,0.997446280316876,0.603115630068175,0.00566091454699803,0.0120091586395509,7.33023742386043e-05,0.0456964135347925,0.00796818485024272,0.0152518695691491,0.0111022656821734,0.0240853124796303,0.000944284914321928,0.0022304233907156,0.000963845417649044,0.00260931001011334,0.00720675548296068,8.75050577054504e-05,0.00147432879627222,0.000314484054737812,0.0117735040929521,0.00103174710729015,0.000804096166210215,0.000591660780888799,0.00061810945115088,0.000144115803903222,0.000102223364836896,0.00164698183123197,0.00327611953764243,0.379704891670135,0.00596950691454314,0.000196772866866565,0.000327745780072609,0.000147047108457139,0.214206217728856,0.0892277219189665,0.18350506162763,0.0775361743198394,0,0.00283801771051725,0.127361137261503,0.208609867572486,0.00569769147641238,0.078777399291283,0,6.83087302813828e-05,0.00184364080534999,0.00697285235713646,0.0589124487284984
0,0.239572085828732,0.00115658042913474,8.19682884351012e-05,0.000648663622632628,0.000396469674418503,0.00226036652591749,0.000231711370551494,0.690143175792759,0.000124206229799455,0.00967076422576232,0,0.112514290728191,0.000291728005075044,0.00862818441402205,0.374795640120949,0.000360649644251573,3.93692070019275e-05,0.000242682638978851,0,0.108991008035253,0,0.046541728433279,1.68716453783093,0.179540577881492,0.00336808134569261,1.38175756215727,0.352372329328069,0.00192401544562569,0.00272071445660021,0.00040820345316121,0,0.000831383237866215,0.00538142586708041,0.00112190665449369,0.0167160742165585,0.00770523346285963,0.00712470271903457,0.0042056545086218,0.00353339645881789,7.60416807889104e-05,0.00178691589649866,0.0141744640262472,0.00512662081003005,0.00809757433346313,0.00425577733790592,0.00254298515808774,0.000240654802034551,0.00376030675427681,0.000153981930742174,0.026544395647085,0.00476652127279376,0.000363307057322514,0,3.5824902788347e-05,0.00695175327582611,0.000280557979076129,0.00545624601034255,0.000611070106359369,0.00796713919285225,6.08092452188492e-05,0.0154145598966586,0.000464235544514689,0.000402194541206789,0.224497378874614,0.00256606247353407,0.000350570299620447,0.000510187818306139,0.000177453326611224,0.0404902587024457,0.146254035715514,0.105204139305547,0.059462252272622,0.00438777586148698,0.00864783013089904,0.29580817550651,0.0665761903988106,0.00159324594839003,0.0122466518244592,0.00346190714879193,0,0.000406071179697871,0.00212145891179185,0.00125568026689135
0.0767751009715966,0.012909923291418,3.1388310130944,0.000256557870343772,0.01092118836488,0.00746859151535871,0.72582798316758,0.262157618845459,0.0159880344063264,0.00849615263718838,0.0107487749171931,0.00209286173077212,0,0.456645071260743,0.0369580818273289,0.798274699375108,0.906057410365245,0.025255642911371,0.128721885321811,0.00127647242321176,3.92162358717053,0.046541728433279,0,0.0206663300849112,0.000192593538266808,0.537284904644964,2.52177293528915,0.740762311888327,0.325229161395124,1.72737834460489,3.60878834210128e-05,0.000892287179138352,0.0325226089329137,1.65045618546112,0.285985985957139,2.65699707961521,0.900393506608324,2.41037281568293,1.57199234775613,0.0106661306456894,0.024648688223449,0.000674367106659329,0.0502150407232499,0.0124512454254521,0.0191865419916606,0.0235759831264533,0.0142643370848083,0.000968196644689068,0.00215638705876773,0.000439386739781397,0.00920411157917703,0.0720278635853229,0,0.00590098590277723,0.000526461373040849,0.0102215031698856,0.000553004906554007,0.000839277261951136,0.000447867460924488,0.00165169850248972,0.000307531344677389,0,0.00143801060744452,0.00853598764052383,0.525280080550891,0.00715298026325496,0.000359247872280246,0.000898885164748157,0.000131252881134552,0.104456509567564,0.0726374185476641,0.485585398651713,0.034080991860257,8.71934774512294e-05,0.0189758743623383,1.01850889739829,0.104462206574423,0.001941508493297,0.024372265552182,0,7.90511598655522e-05,0.000955085550235176,0.00507640252035988,0.150593350228021
4.04399010677457e-05,0.266590095844424,0.00200146776464607,0.445566453368111,0.0386586245283066,0.0607123595981946,0.143384708099487,0.0630671124960315,3.29723861480572,0.217783338992744,0.00677419304294559,0.0875996791001427,0.0564227957661223,0.019562997605297,0.316149898558206,0.341484595686774,0.00144846016143051,0.00222585065764991,0.00155977825742254,0.094026534049114,0.0505106161693042,1.68716453783093,0.0206663300849112,0,0.117921013265569,0.00503802188703311,0.623168761831393,1.39216302209858,0.017558464923563,0.00688311524471292,0.00014168028380141,0.0015617730202547,0.00538526145134752,0.0504312620016541,0.016340066912755,0.17120713960769,0.0253588036993009,0.0411277185561761,0.0209028959311421,0.147469001038579,0.0037409707522044,0.00144135060311979,0.251154195098446,0.00918580290006275,0.0583221876463282,0.0208947467584468,0.0805685060148128,0.00745662386989631,0.00493595126215786,0.00217974615265581,0.0122274388536891,0.00809640029444095,0.0643623945635527,0.00309105625122074,0.0214054054487338,0.472249531968035,0.0435309550570191,0.291976856483787,0.135741937205287,0.00872779243275292,0.0238767516643244,0.00981113309366867,0.0414642012712909,0.0146717566430563,0.236900850829083,0.00255394601486963,0.000273946223533743,0.000546939531904647,0.0278257820277856,0.0896559763764564,0.292148522712592,0.0599893537743588,1.4272817518395,0.00368218963533172,0.00162601026690182,0.0974456641559178,1.64000641014347,0.0438571224923075,0.0981717563530959,0.00137525133196895,0.00182090680191059,0.00709871191515352,0.0341560411743694,0.0104940286874922
0,0.279411198611278,0.000148112184677088,0,0.000174193122500196,4.1488111807388e-05,0.000204619086713719,0.000231156593940684,0.122099340142739,5.25136789125264e-05,0.0499228771822534,0,0.514169946516659,0.00108969502978591,0.00187906710382102,0.00346490937148432,0.00022631509281013,0.000475539025404012,5.51502686925292e-05,0,0.00286752756935649,0.179540577881492,0.000192593538266808,0.117921013265569,0,0.0860346054855672,1.40150271290212,0.0148397058666572,0.000507358466189754,0,0.0476100497617669,0.00043858287667458,0,0.00720802289717351,0,0.00175051886196852,0.0141028653497558,0.00359740070339675,0.000400717611438644,0.000337164349468786,0,0.0747620441593951,0.000413344317164344,0.016784306231715,0.00121237380742104,0.000115018629824066,0,0,0.0193099556871981,0,0.0291632096073422,0.000201117921919459,0,0,0,5.23344572088957e-05,0.000187422024519545,0.00199255349962386,0,0.0715756861140031,0,0.261236820802356,0.000260517596584174,0,0.000239606094478607,0,0.00398767842965897,0.000155448026093286,0,0,0.00329763925277369,0.000119799903920781,0.00532777388647991,0.201476402681096,0.0626361066794187,0.201955703637751,0.000182890111600926,0.00107523707350469,0,0.0478650114282136,0.000698059191673392,0,0.00679963769284491,0
0.0197228441849601,0.0318350578693905,3.72461559363424,0.00231667608439819,0.000551171539752125,0.00897671972302118,0.127205087280358,0.10001806515036,0.00537513261139237,0.0447426729068902,0.489660828605346,0.0188059078519739,0.00504795000364835,0.262504466600852,0.00299895062201695,0.00110033579833442,1.05171477486687,0.164137794293918,0.365978461516776,0.00704152956030419,0.0937863684678235,0.00336808134569261,0.537284904644964,0.00503802188703311,0.0860346054855672,0,1.95822113693251,0.0344177060559401,0.30380328102161,0.0974542639481644,0.054155580973829,0.0274523003183124,0.00301095619271606,0.554955577414744,0.051043167999052,1.16309877463523,1.59637087823591,0.926525035084914,0.664419048752559,0.00799521717217459,0.0061881674248402,0.00108048068771769,0.0169492213862209,0.0552320000378052,0.0135164681273883,0.00990498814443918,0.000791609944847882,0,0.000543078497744798,0,0.064379992370196,0.0170045189896093,0,0.00105716981845039,0.000152519743042356,0.000303690407692346,0,0.0020314524484997,0,0.109530704673384,0.000298566679074528,0.441410661872956,0.000105020669913304,0.00350463185070461,0.00226625072503757,0.00652877970571427,0.0717126220887515,0.010205934267864,0,0.000437380012752825,0.00594952412691405,0.00112622235439108,0.00201267107017155,0.140094885216977,1.15809401786948,2.40443099611156,0.000809343833775439,0.000818701767697456,0.000695423535812494,0.345679057306292,0,0,0.00198619321434031,0.0395852891454934
0.00953680330406482,1.50272759743454,0.84359797928235,0.000571478165622264,0.00323417944003928,0.00401670248336585,0.0808468956057018,0.0498338894216789,0.567207376007677,0.0163251946952774,0.0195299267750127,0.00692771195522614,0.153478665323357,0.12852135820285,0.0190495632453281,1.02374465276561,0.886788759266389,0.0439863234194103,0.175622530470643,0.00422430689624064,0.471205425826744,1.38175756215727,2.52177293528915,0.623168761831393,1.40150271290212,1.95822113693251,0,0.580272996036684,0.138706543291392,0.0731236151139439,0.095196061747527,0.00345584503688809,0.00248153429611257,0.794064437263126,0.141563770571399,2.62194212541378,1.22211187290767,1.64175155368235,1.26974010915801,0.0123668133819849,0.0100579824808075,0.00152092148538443,0.133379871575157,0.182492024249637,0.0747351878394151,0.0589598158539057,0.00385913460182822,0.000852424645491883,0.00648566334535833,0.000941345784911269,0.808205840770417,0.52512459728428,8.82640401473522e-05,0.0025886085753158,0.000144069619095517,0.0194615438089109,0.000413005684307098,0.0126196701595783,0.000191735194953177,0.115247481536707,0.000174979635253104,0.620867948573184,0.00287025546824018,0.00630572146589367,0.282926341783611,0.0557821463230748,0.103285528167933,0.0352779661131361,5.51230871083498e-05,0.0319411949643547,0.176518998827111,0.397664138819918,0.0341955600807217,0.39031518085623,2.15703182228686,13.7210038230941,0.0484025721455803,0.00188047521258873,0.00681571777345834,0.512574795459283,3.94231211247832e-05,0.000165951744998818,0.0125582750556788,0.108871963280168
