0,0,0.000270264574305341,0.00069234897547549,0.000617106759518981,0.00179964917254861,0.143890962432863,0.0744173261852419,0.00216496559315868,0.00130368613820882,0.00166565587230317,5.84186549416781e-05,0.000149987698035747,0.970700968727862,0.000443672520021289,0.000258917339821994,0.023080720395647,0.000637311686154798,0.00111129193517455,9.08296750075668e-05,0.00648186119871765,0,0.0201975651929348,0.0106633087400455,0,0.00173806349262411,0.000879126397809238,0.0196582358282748,0.626314626811294,0.300531726403767,0,0.000218750566689626,0.00788806582882334,0.0224571562497303,0.00540383719793299,0.0253081260178072,0.000621193639321626,0.0156107061376696,0.00325679231457518,0.000805778391498062,0.000427660827501208,0.000678007281738013,0.00161797313923354,0.000127419367504835,0.000390652629667104,0.000290191773877144,0.000459675477829367,0.000237952182929635,0.0001511472678321,0,0,0,0.00063788515447703,0,0,0.000494781625464812,0.000280788215092376,0.000566509413955986,0.000480549276529983,8.57616135123971e-05,0,0,0.000694219854245335,0,0,7.40518402100801e-05,0,0,0,7.80850796865818e-05,0,0.000153939962134748,0.00454791861501079,0,0,0.000126840711223394,0.00226064074391484,0.00162616552446288,0.000889812396204961,0,0,0.000103279469201177,0.00031061493269518,0.00134326350906538
0,0,0.0101936108169053,0.000119337336167246,0.00381883588405377,0.00085956320356858,0.000699731912644744,0.000148864740474343,0.0864904441664615,0.00018928535583061,0.00843141123477167,0.000721596560984909,0.23452494512967,4.46386261721849e-05,0.0121524167997083,0.0783475264407964,0.0147638855112439,3.49900610142947e-05,0.00264059097231652,0.000486739049740792,0.00701458505695175,0.328681257560478,0.0129004732996441,0.377596396270634,0.286403856712895,0.00469474879280953,0.413272090510419,0.0147467058199303,0.000487894164834023,0.00119165054546553,0.000445448339839831,5.32654598863721e-05,0,0.0057375672909083,0.00182588634876005,0.0148115260464601,0.00549964242004395,0.00648352440051516,0.00195414354754176,0.0154525293414146,0.000309764613078743,0.126567763301887,0.0197507002391132,0.00266918414400811,0.0102594201530279,0.00514927091927822,0.000883452958109291,9.24643924494979e-05,0.00302772021913988,0,0.0743511579880737,0.0118296961285282,0,0,3.02385569752157e-05,0.000373604901463106,0,0.000425774440020338,7.93708384881016e-05,0.00226122686607644,5.71594082897008e-05,0.007080468394474,0.000273806295447081,0.000107841526531309,0.00187006875402841,0.0184002178491589,4.2946772220701e-05,0.00577840731725313,0,0.000264408048746377,0.0167166134998651,0.00555360268259673,0.00761107332420757,0.000607640414245158,0.00764522200029637,0.24358973203536,0.000471349514666542,9.87195633685294e-05,0.00032963673569414,0.000484337082092196,0,0,0.00871376716057182,0.00194432481180516
0.000270264574305341,0.0101936108169053,0,7.39685777171999e-05,0.000205546819739073,0.000460456675991938,0.0233411631793652,0.0196096646485708,0.00105082004596107,0.000327612365048289,0.00124065217867291,0,0.000534230901769817,0.0117492154115606,0.000310937907865986,0.00910142235428687,0.25082722820001,0.00304243421388629,0.0461304201213101,4.23135883502662e-05,0.0607015329360597,0.00522173386250666,3.5497803088157,0.0117305258976938,0.000122590244056553,4.29005584663265,5.0944160782773,0.087453958779938,0.0029313355822067,0.045321776424768,0,0.000242241551745415,0.000165510007628292,0.0216169939586478,0.00488182391251726,0.0624110913488614,0.21749438199324,0.0388068701348512,0.0144354710996546,0.000463056078013748,0.000249237869873866,0.000123767848734587,0.173508468992749,0.020215432729027,0.0909478095623983,0.0475470874193159,0.000872233654976291,0.000550013000086248,0,0.000503246793451443,0.0100268646268619,0.131893952146539,0,4.62289643813074e-05,4.8261830683887e-05,0.00192044124971554,0.000146782171361849,0.000148429692052692,6.42578535903543e-05,0.000118456063489795,0,0.000378901446934059,0.000651527075956687,0.000190115755706459,0.00739530552375103,0.150928079031118,0.000490466383512631,0.037911716264575,0,0.00282610633680019,0.0156983848825506,0.0730626027547139,0.00529117503441569,0,0.0211308375509754,0.674605310752117,0.00228300589585009,0.000855166931072294,0.0034697401385457,0,0.000172621007928148,0.000186115924204767,0.076904531415199,0.0128324383175277
0.00069234897547549,0.000119337336167246,7.39685777171999e-05,0,0.00298796733114141,0.034527875239999,0.0229308986732297,0.0616539120858471,0.319079384600927,0.653885898738988,0.0137707494665838,0.0768582895280411,0.00731937316210878,0.037258462230319,0.00239970148962839,0,0.000506437312510952,0.00414640018749855,0.00371176957470591,1.42688290073345,0.000493806978716031,9.17749570337536e-05,0.000284982237630799,0.319368499299765,0.00012427029235518,0.00166444657441221,0.000477408007454529,1.55221057123681,0.0699137021475905,0.00179739444456111,0,0.00544994381658241,0.000592379502402395,0.0505717622558306,0.0398183379540534,0.249537676202691,0.00400550187904563,0.0842874728069967,0.0139334118960362,0.0375718491675425,0.0192185646522396,0.0104792626805444,0.0648953129712947,0.000289102592067898,0.0268718656497104,0.00449838921671243,0.106253876250515,0.00414823662851702,0.00366913687054838,0.00191219720556052,3.09307001516819e-05,0,0.329604212944466,0.00237713455895,0.00490470641914595,0.00403963833803067,0.00934225663129657,0.0524446852034301,0.133801663898194,0.00198561696523221,0.0437649606979321,0.000108273660317481,0.0133605680781289,0.00771332167214967,6.13511161294431e-05,0,8.34528360464575e-05,3.23001512858569e-05,0.0971396043878207,3.06230980740041e-05,0,0.000166757356683075,0.162770523444234,0,0,5.31261940978915e-05,0.141280277834126,0.00971318761445,0.0020910223208216,0,0.00045024589649865,0.000431957632315233,0.0264410053914448,0.0036894934317846
0.000617106759518981,0.00381883588405377,0.000205546819739073,0.00298796733114141,0,0.222858234543682,0.00513741787831016,0.0107019585948203,0.0474987019051101,0.0250998556528027,0.00161932228675953,0.106305955860615,0.00316775604374059,0.00221728889942492,0.604346837254029,0.000541464742002368,0.000789646169146747,0.000795799805934548,0.000377650436196059,0.00983940229737098,0.010523947373128,0.00744296006438837,0.00613661300650053,0.0341987743857821,0.0035160593531895,0.000102169843568623,0.0106707561738684,0.0204763401189725,0.0039026726842483,0.0107653274317214,0,0.0303169646829832,0.000199451006744743,0.101572598192621,0.175933560317969,0.0614699522241619,0.00209796913611907,0.00520943948642291,0.00353784200557003,1.27361588982457,0.48942122412091,0.00297217828183312,0.00182247784576803,0.000362326137927443,0.000886548563029829,0.0015782740225819,0.00230435561452872,0.000164288435168356,0.000352924355966985,0.000387717021684408,0,0,0.000545535839559585,0,0.000277350129009962,0.000227026290265918,0.000183034547670365,0.00137834953008548,0.000231721271523893,0.00029145731641759,0.000819165891504493,0.000123351262735784,0.000387037962187082,8.48501509119274e-05,0.000467105888158366,0,0,8.2786257992864e-05,0.000135425549361706,0.000230460857178837,0.000260987999844253,0.00139275741455108,0.00645067051216176,9.02754644266963e-05,5.12663371554315e-05,0.000275349833988726,0.00256486685080567,0.000603127349454939,0.000756557471047193,0,0,0,0.000331807490918755,0.0453955456924475
0.00179964917254861,0.00085956320356858,0.000460456675991938,0.034527875239999,0.222858234543682,0,0.177272932220913,1.15242795868627,0.0313225975214832,2.73516385061951,0.0439517417175881,0.769706657085825,0.014783122335269,0.0365196067311966,0.326993897758536,8.06734139088389e-05,0.00359658398277238,0.0176133575957185,0.00965396069523159,0.0361373018933757,0.00829011371550098,0.000649533614698291,0.00714067174416134,0.0200344667496452,0.00115189890561144,0.00762809191525121,0.00471753461996797,0.344095985824368,0.0431478654406497,0.0169422688770819,4.60224711923004e-05,0.0143365732975918,0.000915449288528324,0.0875621734280817,0.668863066599881,0.407212055124022,0.0107712857580502,0.0881282586361519,0.0244534738508967,0.620128225725701,0.0799364093871353,0.0221486746417202,0.022732610877277,0.000670230590647415,0.00802555842709353,0.00290973224426919,0.024394465747707,0.00147562338828403,0.00518001873065079,0.000862216714832648,0,7.83011396838429e-05,0.0227850707484669,0.000277213780155569,0.000903389129149767,0.0016266007016066,0.00247431351909985,0.00542844699156198,0.0112940957733256,0.0026459309752783,0.0101209433917702,0.000119502408432484,0.00487961170648697,0.0010725282762967,3.3350780834645e-05,5.31196223764121e-05,0,0.000104379118873179,0.00791925252499502,0.000179113176868558,0,0.000288121626444563,0.0423512667763441,0,0,0.000672377433448612,0.0228946046047616,0.00357909724334581,0.00190302090099603,5.09755356067121e-05,0.0002745519180471,0.000326476942133412,0.00622420332161683,0.0263438414641941
0.143890962432863,0.000699731912644744,0.0233411631793652,0.0229308986732297,0.00513741787831016,0.177272932220913,0,1.86947473550557,0.0605085839408966,0.52190685149148,0.0544221256024561,0.0158789037159346,0.0144503958951822,1.9417133461025,0.00586709165964523,0.00179429835003698,0.056854866974637,0.0308217990815983,0.021984604310012,0.00383554516515367,0.459930106283081,0.000730327558438361,0.192471651755705,0.105764561764043,0.000558275734226346,0.0395469433493686,0.0188042631828819,5.49778169895574,0.256089831120286,0.796143635253255,0.000460099318236351,0.00970531701601095,0.00867536848853092,0.145194109239383,0.0862709871638483,0.295159490616937,0.0224234050053363,0.203523162100868,0.0411601244991729,0.0318497722033891,0.0255439672277201,0.0231793068006297,0.107748397983539,0.00220139399919878,0.0444857220572482,0.0134319448966973,0.0476221695257028,0.00829380771025623,0.0076346193655323,0.0232852284190735,0,0.000406612647171244,0.0847273018606522,0.000694964373513311,0.00520375463243397,0.0240280818004776,0.0419874851779525,0.0248821310607879,0.0601159351100299,0.00579308668116506,0.00530761661498152,0.000272914040018589,0.0807195253269832,0.00256885830617827,0.00555898880024068,0.000374839640352086,0,3.49514995594025e-05,0.0206850418477295,0.0038112728716021,0.000368072721045569,0.00631313749286252,0.235220898311659,0,2.45724826170802e-05,0.00540732296864712,0.135158003094138,0.0782476414277913,0.0567572331727484,0,0.00213857480094637,0.00228317725940658,0.0355886853967461,0.0247137123342982
0.0744173261852419,0.000148864740474343,0.0196096646485708,0.0616539120858471,0.0107019585948203,1.15242795868627,1.86947473550557,0,0.0251130380479796,1.47422654929486,0.0519010750207777,0.255538327647332,0.0138029702676083,1.82795128192586,0.0284572737552179,0.000985670746052381,0.322350503831486,0.0189968390955092,0.0269896979237424,0.0312803200396741,0.227389056764351,0.00051932605126749,0.309371212460409,0.040956090361456,0.000395309789622098,0.0597117408908422,0.0243688472051747,0.310529686739988,0.275272306752571,0.717655608535634,0.000110884042791724,0.0164348918152952,0.0277452973899658,0.192761720942496,0.0954681730251001,0.480147010408824,0.0194853516526684,0.1686234939938,0.0557397446452833,0.13471363355674,0.0517083252988745,0.0252510051962571,0.0285627262161898,0.000689466885992691,0.0109850950797699,0.00628491951382926,0.0239940704294643,0.00137020744760285,0.00679357776478391,0.00812086195263159,6.0209408819139e-05,2.43447847653777e-05,0.016140314914874,0.000316062057705269,0.000396603156817496,0.00610307844157878,0.0027597168043284,0.00979795230310082,0.00736005958394578,0.00344812778776458,0.00188787069243349,0.000224416110069215,0.00877359274086075,0.00137644926590556,0.00218444380324875,0.000272576926107377,0,0,0.00383476359001931,0.00195714081569539,0.000237112243828833,0.00134029728131989,0.0945337829733111,0,0.000203049069077522,0.00274091629525807,0.0438914600336243,0.0174750690629072,0.0247776960604454,0,0.000120025721118942,0.000797131373703313,0.00940205293650864,0.00963918938238557
0.00216496559315868,0.0864904441664615,0.00105082004596107,0.319079384600927,0.0474987019051101,0.0313225975214832,0.0605085839408966,0.0251130380479796,0,0.0481354822127614,0.00495757684478608,0.361889405297012,0.0894020353804103,0.0161793732921294,0.183918823794629,0.0132020630773688,0.00197644001016153,0.00110473817042425,0.000844235032144771,0.340319689123289,0.0168900795199229,0.580476690895923,0.0057334502096896,3.22061265753001,0.127201090722716,0.00191145126575254,0.256622984724052,0.542062006746445,0.0352267046523174,0.0123871409640807,0.000860549768602029,0.0016062695813684,0.00269547808895176,0.0200476573025835,0.018684208269436,0.0753730394596499,0.0035141287174965,0.0245740889834859,0.00553709187943827,0.124045525962471,0.00577349129491344,0.00901159489094029,0.0879532674043574,0.00292325913648758,0.0386451828072721,0.0103783101776976,0.0311639459315683,0.00380003409235995,0.000674908932279021,0.0167508522331332,0.000329145336887017,0.000162982970396832,0.235431881154129,0.000913801754045826,0.00758204975647777,0.0205317859790445,0.0313308431792613,0.24493628417269,0.0514202435555847,0.0116032460028522,0.0150635478989107,0.00144901655216472,0.0601905954378616,0.00352373638121612,0.0277302410680643,0.00157566994059335,0.00464503766423071,0.00579717909831539,0.0445403203721241,0.0291639822110629,0.00413496661038704,0.00877437531129262,0.694002223781335,3.65828748246879e-05,0.00411970583186357,0.00824469328893083,0.208305609714604,0.0606877280616318,0.048165016200283,0.00173855943348147,0.00269047931900749,0.00165084487857995,0.0326227655935296,0.0236440506663566
0.00130368613820882,0.00018928535583061,0.000327612365048289,0.653885898738988,0.0250998556528027,2.73516385061951,0.52190685149148,1.47422654929486,0.0481354822127614,0,0.204905235829423,0.57102662381643,0.0497941845279486,0.241995405115404,0.0242875870094037,0.000134584267873585,0.00861797701043631,0.0915546222546462,0.050093020839422,0.324575790247014,0.00458136801763978,0.000154214783757717,0.00372185848657787,0.0173521174155443,0.00111420950827557,0.0309727000098644,0.0137035910725808,1.10951726847821,0.283506461210361,0.00821884923912058,0.000146689937400296,0.0422286758863785,0.00128783450928622,0.352704078149694,0.252574738012432,0.674246305498825,0.0471064813279785,0.541246352772325,0.0673111859940756,0.171425776346142,0.114513765743162,0.0351659414420697,0.0520186026326521,0.000365108152895362,0.0226635256241947,0.00738229325318066,0.0546934276835548,0.00429109542469052,0.00810780153540922,0.00253620079943544,0.000128229994751036,0,0.127311409431961,0.000408875719107315,0.00198997024915378,0.00287737846644884,0.0042886799136411,0.00964026555866833,0.0333755932919814,0.00605274325805287,0.0163910532266802,0.000458281923487276,0.00600590582903611,0.00276142196262543,3.33706040336788e-05,0,0,0,0.0292711757024147,0.000155530684211478,2.95501628290862e-05,0.000209300143876344,0.0825352346030437,5.32162880550027e-05,5.1209864943713e-05,0.000191383583063677,0.0739737767085801,0.00552905376991041,0.00374563727809561,0,2.55618818347156e-05,0.000154913666454077,0.0174727582052007,0.0159101803060843
0.00166565587230317,0.00843141123477167,0.00124065217867291,0.0137707494665838,0.00161932228675953,0.0439517417175881,0.0544221256024561,0.0519010750207777,0.00495757684478608,0.204905235829423,0,0.0785073365546408,0.601666290235806,0.0463714866772981,0.00383950578239567,0.00123756948733449,0.0341481039099922,1.24231932818326,0.107446901202914,0.00995197875957186,0.015267598106199,0.00323773486705542,0.0370124690071358,0.00636082284404715,0.112986007727586,0.193526105156833,0.0399971215817311,0.0363872409974223,0.101748041323936,0.0144909345233935,0.000905945406978966,0.0825335382966881,0.000735124565729767,1.49227571112686,0.00506824216119477,0.0998869136486771,0.776655631475384,0.594593620796744,0.0360972474831188,0.0102128723969431,0.0044302694963965,0.359026634054948,0.00569255970130661,0.0643834903065764,0.00425624613505322,0.00191049406544168,0.00267729846849543,0,0.0498442863211191,0,0.00305264964806163,0.00285227833826843,0.000391929269889012,0,0,4.97407001761794e-05,0.000167584763770759,0.00173459573150696,0.000110429433212399,0.123454146642059,8.05930085862277e-05,0.519825644174604,0.000465968681523353,0.000225221809098959,0.00110042351461722,0.00187109971438493,0.00271336157968506,0.00226391273944849,0,3.77330111320764e-05,0.0014956749494673,0.00442051669394388,0.00160406742485413,0.00601923667524075,0.0335157352594232,0.0746374117193421,0.000364309476114347,0,6.28752291313112e-05,0.0627230489975762,8.2234518416047e-05,0,0.00247461065561338,0.00199704483949622
5.84186549416781e-05,0.000721596560984909,0,0.0768582895280411,0.106305955860615,0.769706657085825,0.0158789037159346,0.255538327647332,0.361889405297012,0.57102662381643,0.0785073365546408,0,0.0192235078602211,0.0280206355654126,0.287081233311649,3.55848581240773e-05,0.00219488988668901,0.0295037310263033,0.017811650188867,0.983674745197159,0.00101992188031299,0.00116879859423861,0.00122211831277679,0.0716605858834386,0.000768387889111162,0.0118030999188756,0.00716508119567746,0.0586591231354146,0.0425728093431566,0.00251054012800795,4.58592791887522e-05,0.021605232882704,9.74649668013897e-05,0.12699544477319,2.25337033257404,0.27589895241179,0.016839485590092,0.148331848636104,0.0300224166186047,0.497180571799511,0.0588269273381369,0.0153974979871008,0.0112674299526155,0.000509125790206343,0.00599135167032494,0.00294991157929659,0.0539047402593837,0.00093681072781129,0.00350313844310948,0.000740804709870055,0,0,0.102479094470303,0.000926727537175697,0.00599453830013899,0.00066029287664026,0.00297896590240708,0.0194551397595509,0.0199715746878044,0.00361937503007054,0.0969418874466731,0.000619690190809474,0.00311834911989619,0.0050163162751303,0.000102419766665161,8.97508760125637e-05,0.000343970556697771,0.000162403141825095,0.0484896184548525,0.000108458852302238,6.25328973789811e-05,0.000354373187244416,0.0345382312547668,0,9.24357793718575e-05,0.00031967325658518,0.0226792258805583,0.00244187297111016,0.000699441504158064,0,0.000151068094563603,0,0.00415750819431035,0.244100144223381
0.000149987698035747,0.23452494512967,0.000534230901769817,0.00731937316210878,0.00316775604374059,0.014783122335269,0.0144503958951822,0.0138029702676083,0.0894020353804103,0.0497941845279486,0.601666290235806,0.0192235078602211,0,0.00570494412767391,0.0141083459085712,0.0108101764954947,0.00250393435034627,0.00370746834966789,0.00125057061884844,0.00518367931513265,0.0103054347032156,0.117135806044457,0.0158235627160802,0.109242140543475,0.386585663375818,0.0216334753051393,0.445047960009612,0.0255357405978225,0.00966569065261449,0.0139562728141345,0.0245863052666471,0.0118419869164842,0.000368497234944821,0.424778272366314,0.0241500803505458,0.0693412502585094,0.647860216565753,0.194137815413595,0.0469316047553693,0.0460448620725596,0.00589720870298481,0.438511843928804,0.0192423121413078,0.183219997694605,0.017030065798019,0.00817154360885293,0.00977804413600672,0.00181809151245457,0.11168580220891,0.00036335822230348,0.014661669794347,0.000159340317359269,0.000380630260210365,9.46103824669722e-05,0.00104463587675759,0.000366440688378275,0.00318502354649305,0.00259044547110692,0.000960751748215642,0.407860341449429,0.000987188121832967,2.31459222991175,0.000520177189188525,0.000354544189919383,0.000830387261086462,0.000492729388789058,0.0242939280563333,0.0139567994965809,0.000366716965020374,0.000370574777000696,0.00431042724790321,0.00179243616920141,0.00920949492084659,0.065887716670117,0.305217515905932,0.680829579055394,0.00315766746516685,0.000419695891873867,0.000440647903024659,0.289041676082939,0.00198255331326735,0.000154616189746499,0.0060239398349475,0.00726046425076837
0.970700968727862,4.46386261721849e-05,0.0117492154115606,0.037258462230319,0.00221728889942492,0.0365196067311966,1.9417133461025,1.82795128192586,0.0161793732921294,0.241995405115404,0.0463714866772981,0.0280206355654126,0.00570494412767391,0,0.00293882080515213,0.000797894950733719,0.262948737136241,0.0235466837558919,0.0293583336860645,0.0102394110379478,0.116419650919426,0.000262656467753649,0.247333551631381,0.04813328849214,0.000151973663532078,0.037632682643951,0.0276919879186239,0.172210338485361,1.51595573912494,1.30392048401305,0,0.0226767559384614,0.0407502635022529,0.171473513960786,0.0392517773500879,0.162142905978197,0.0118647325455786,0.126388052730481,0.0281788770743905,0.00954542542569234,0.0100092615985366,0.00619684283385828,0.0155003926715508,0.000297003835554466,0.00535560952686887,0.00271783476132054,0.00890237901953752,0.000583559562594652,0.0014857002428055,0.00332383377377048,5.04236719050407e-05,0.00055533075941433,0.00483178767795762,0.000290441448723972,0,0.00304865263810178,0.00192166176941281,0.00662999672176029,0.00296080188030749,0.0013966060022158,0.000584464219015584,0.000177723180772305,0.00395622743779626,0.000396819812154338,0.00101915116610344,0.000757940387429505,0.000158687963094592,4.31457443629503e-05,0.00120308785551712,0.00111155212845352,0.000489395080279693,0.000517998457792684,0.043466017308084,0,0.000870508376959742,0.00350367757711771,0.0220481299257992,0.00981159230294379,0.0124599938524363,0.000131648209363639,0,0.000611292551341071,0.00445252220270634,0.0026444665663316
0.000443672520021289,0.0121524167997083,0.000310937907865986,0.00239970148962839,0.604346837254029,0.326993897758536,0.00586709165964523,0.0284572737552179,0.183918823794629,0.0242875870094037,0.00383950578239567,0.287081233311649,0.0141083459085712,0.00293882080515213,0,0.000268835117998302,0.000897888393695444,0.000956240724589709,0.000440142050567776,0.0234835784107728,0.00270364244724861,0.0326069394538758,0.00210320041720109,0.152917257200497,0.0187144762853768,0.00133074410611291,0.0543781128551767,0.0301306061774372,0.00507665770222557,0.00457115644972381,7.9704633208752e-05,0.00204241884337069,0.000385196979118377,0.00857994878902457,0.452414425341718,0.0167623121385056,0.00186810420236814,0.00646546963357249,0.00275858473738182,0.228888421605558,0.0048447988314043,0.00201148255530193,0.00285009724850035,0.000526529046473622,0.000324781090901881,0.00137495853099659,0.00150065862674868,0.00015684997741127,0.000296808971025467,0.000422792034668773,9.8999170694232e-05,0,0.00188829005515127,0,4.7192122685194e-05,0.000255305030714214,0.000191785864822269,0.00195835662554401,0.000700207207401261,0.00016580765903011,0.00176228965540324,0.000136414190038562,0.000564585501692623,0.000291974004514575,0.00098528771743794,3.71142625225336e-05,0,0,0.00046311824157992,0.000949376654598225,0.000302950163147271,0.00110683970075762,0.00561806713511207,0,0.000205603710297525,0.000714325779816404,0.00304792179440461,0.000371647767412216,0.00104848569187921,0.000209639689715266,0.000201647621314108,0.000118568796441257,0.000398238294904769,0.0390359896850574
0.000258917339821994,0.0783475264407964,0.00910142235428687,0,0.000541464742002368,8.06734139088389e-05,0.00179429835003698,0.000985670746052381,0.0132020630773688,0.000134584267873585,0.00123756948733449,3.55848581240773e-05,0.0108101764954947,0.000797894950733719,0.000268835117998302,0,0.0197204501799014,0.00122393846815458,0.00912822866134651,0,2.38994861649125,0.535706862722539,1.35248738943512,0.21453883279176,0.0287457595639865,0.0118383584573536,0.966413492760953,0.147861163175619,0.000542209481936753,0.00505406903360733,0.000274557531248867,0.000232570896960586,0,0.0344232366909848,0.0355287383189118,0.267182940287719,0.0860880261509598,0.110880445517814,0.0568926248452192,0.00223511554787055,0.00126124962717595,0.00123521657198963,0.114936526348958,0.0151314329634872,0.0452283877572747,0.0320059631237935,0.00364419075143087,0.000578869445192099,0.000212684474702194,0.0037614430313913,0.00204115697860372,0.0143314620705291,0,0.000734441483667701,4.10629706743061e-05,0.00304784391065544,0.00204247674301824,0.00343231672698202,0.000151585557291627,0.000125992255778387,0,0.000457362859388754,0.0049221306295276,0.000833517933577087,0.51571818697192,0.0152189048611934,0.000107993717394948,0.00555307967332658,0,0.100052328891576,0.156337987543476,0.350800114628459,0.105863072554003,0,0.00654740573055289,0.214455172090255,0.0230507183528361,0.0121263507479981,0.0338728363202128,0.000224080756892055,5.50568803602755e-05,0.000437624750241593,0.0471165020033608,0.0264052017080976
0.023080720395647,0.0147638855112439,0.25082722820001,0.000506437312510952,0.000789646169146747,0.00359658398277238,0.056854866974637,0.322350503831486,0.00197644001016153,0.00861797701043631,0.0341481039099922,0.00219488988668901,0.00250393435034627,0.262948737136241,0.000897888393695444,0.0197204501799014,0,0.00741310324880688,0.135941537930086,0.000388686781591684,0.279653837557026,0.00368005349752155,1.7983391462967,0.020413286069599,0.000280259059343309,0.346391615797201,1.40168251265308,0.0561015187126344,0.195175253257841,0.443775601067716,0,0.00383787539553201,0.0213427447673299,0.2786600825247,0.0272300549199978,0.366144812207831,0.442065292012153,0.206884897605927,0.0952389897528713,0.00321542510468732,0.00341852016891937,0.000856135601439174,0.332431907687494,0.040995087779616,0.13480401540881,0.0743788133666053,0.00269852023973344,0.00102980888931696,0.000115401155431375,0.000848919637484326,0.0179688505914308,0.111729311788507,0,0.000250387672883034,2.4736527404353e-05,0.00156757473133367,6.83395845101327e-05,0.00067169115632084,0,0.000149809578869104,0.000117537888952732,0.000289638278163492,0.000892234281295538,0.000145891239931807,0.0134316750653532,0.231372556855481,0.0014286710725197,0.0733098551463964,0,0.00499164375247747,0.0236969397475027,0.0548210995095212,0.0131010820487915,0.000327792769031703,0.0595624044069613,0.755717152802425,0.00399763411249213,0.00143907710960403,0.00611137060365321,0,0.00142019797893123,0.000487990071971833,0.102728563467552,0.0199422518780358
0.000637311686154798,3.49900610142947e-05,0.00304243421388629,0.00414640018749855,0.000795799805934548,0.0176133575957185,0.0308217990815983,0.0189968390955092,0.00110473817042425,0.0915546222546462,1.24231932818326,0.0295037310263033,0.00370746834966789,0.0235466837558919,0.000956240724589709,0.00122393846815458,0.00741310324880688,0,0.109940688688873,0.00514903764270388,0.00645730288012567,0.00053186524293986,0.021414627486626,0.00279107052198525,6.56546236856282e-05,0.178883212738361,0.0981323083147854,0.0136889791774234,0.0485153488637609,0.0070280987045884,0.000659778496346131,0.0335112785289282,0.000231163199280873,0.331797821748872,0.00762298643241093,0.370366573182704,0.323016576885407,0.872059494268498,0.101865042090163,0.00380279420618682,0.00254655073898122,0.000739486501613438,0.0259517953721292,0.00354598057577898,0.0172429998441307,0.00449450822326617,0.000257558080717564,0,9.69424310445788e-05,0,0.00210466168624869,0.00168816788462913,0.000132948876939386,0,0.000162415496845364,0,0,0.000357736143310547,0,0.00436135993055311,8.03780703098771e-05,0.0276411716053241,0.000254658179318101,0,0.000605596806545422,0.00332043503296843,0.0161979511970642,0.023877878973381,0,0.000175489220711902,0.00117509952585411,0.00187136507263702,0.000104709316271648,0.00045962480270809,0.0894096759157291,0.156821414493863,0,0,0.000209853460298539,0.0167356175323223,0,0,0.0033743617496299,0.00671097496332644
0.00111129193517455,0.00264059097231652,0.0461304201213101,0.00371176957470591,0.000377650436196059,0.00965396069523159,0.021984604310012,0.0269896979237424,0.000844235032144771,0.050093020839422,0.107446901202914,0.017811650188867,0.00125057061884844,0.0293583336860645,0.000440142050567776,0.00912822866134651,0.135941537930086,0.109940688688873,0,0.00181284924172568,0.0372786050485553,0.00223829159948865,0.123753903433574,0.00794454101264261,0,0.853049532730116,0.607460764665028,0.0187026197390309,0.0499583685350378,0.0289202926647335,0.000200469575303256,0.0196509320735685,0.00151077082122535,0.549706876255139,0.0074049781001725,0.287535486431973,0.270125618081949,0.452471496904089,0.054424048020624,0.00168912959021249,0.00168580794243832,0.000181823751086712,0.134586948827935,0.0175554813571979,0.0556784458247941,0.022756485808092,0.00120725879083255,0.00029115665154013,0.000145627132122696,0,0.00538133987141624,0.0142398645017044,0,0.000125789267967224,0,0.000182092458411276,4.82515650986731e-05,0.00012731555545266,0,0.000267374159262836,3.67020025047809e-05,0.000209144997002273,0.000457955084355712,0.000192873929507822,0.00332384906871093,0.0547612752509321,0.00505378912976115,0.0505362292543126,0,0.000740747336603835,0.00625099151564205,0.0114932390423748,0.00309483233525947,0.000568241750999004,0.0769544064230652,0.253060016976908,0,0.000266556661476061,0.000641166900707603,0.000326621549887866,0.000677220891019017,0,0.0259675132703124,0.00791992584716575
9.08296750075668e-05,0.000486739049740792,4.23135883502662e-05,1.42688290073345,0.00983940229737098,0.0361373018933757,0.00383554516515367,0.0312803200396741,0.340319689123289,0.324575790247014,0.00995197875957186,0.983674745197159,0.00518367931513265,0.0102394110379478,0.0234835784107728,0,0.000388686781591684,0.00514903764270388,0.00181284924172568,0,0.000284049395673394,0.00029358697941944,0.000188215863901108,0.296677086682358,8.9132743430078e-05,0.00103300001980631,0.000893187095861524,0.341974312125693,0.0177547895054292,0.00108880722801805,5.81383488390148e-05,0.00274804368003876,0.000100663604545846,0.0213138762039604,0.0115603266093564,0.0857173810618261,0.00234405449212508,0.0346007867382721,0.00578296327637511,0.104375274687349,0.00837409587969215,0.00614768581931878,0.0562514830843918,0.000307402917049706,0.0253960637147186,0.00533740925111724,0.0874691034488541,0.00591834258922841,0.00286977904403977,0.00177190628599432,4.03782382113934e-05,0,0.230430457262999,0.00159551586826717,0.00907181319767266,0.00397379122197993,0.0118648275125855,0.0303027554373616,0.0654215727082083,0.00274216833117544,0.084738205043065,0.000253426994077742,0.0164701842168725,0.00731383457546957,0,5.7500521779567e-05,0.000326898219592005,0.000340269748867124,0.0721199108303794,0.000172340835144773,8.58636441430449e-05,0.000105597838760063,0.0917472367264295,0,0.000110955267472297,7.02424599092155e-05,0.0857161099601013,0.0112475711067624,0.00380117587322572,0.000105395655461848,0.00141091667163541,0.00018629969564952,0.0198331686202487,0.0056877146301131
0.00648186119871765,0.00701458505695175,0.0607015329360597,0.000493806978716031,0.010523947373128,0.00829011371550098,0.459930106283081,0.227389056764351,0.0168900795199229,0.00458136801763978,0.015267598106199,0.00101992188031299,0.0103054347032156,0.116419650919426,0.00270364244724861,2.38994861649125,0.279653837557026,0.00645730288012567,0.0372786050485553,0.000284049395673394,0,0.0558798291911882,4.09435237931045,0.166660835421455,0.00488379567950937,0.0924551074391442,0.197777626755121,2.26117459469114,0.0967737400628619,2.25402925771891,0,0.00199626687547571,0.0307951914961327,1.33137695343259,0.377405910218305,1.52988975458727,0.135612406552647,1.2953666133986,0.483670067512175,0.0281458389801554,0.0198216381039242,0.00628962651910789,0.0732332903663203,0.00717139714640039,0.0233176359061782,0.0233723349138946,0.00562414777729082,0.00115408841977939,0.0026535310596866,0.0193737008331834,0.000246134796774566,0.0044090253229208,0.000100754001919269,0.00180594234636068,0.000123674447079956,0.00977466522989676,0.00794090812179504,0.00870557752677678,0.00065331510368456,0.0018753629916965,0.0002742865850797,0,0.0222861357674438,0.00236577222950515,0.139398286600467,0.0071576474661579,0,0.00151679521645599,2.97786789853871e-05,0.12277208221072,0.0368741771551339,0.081237456578063,0.142704159985859,0,0.00122747344977643,0.0356861317724026,0.0529584425861699,0.0634758070803733,0.133697938988562,0,0.000261208045628518,0.00356945654172733,0.0269839533013372,0.10640748453035
0,0.328681257560478,0.00522173386250666,9.17749570337536e-05,0.00744296006438837,0.000649533614698291,0.000730327558438361,0.00051932605126749,0.580476690895923,0.000154214783757717,0.00323773486705542,0.00116879859423861,0.117135806044457,0.000262656467753649,0.0326069394538758,0.535706862722539,0.00368005349752155,0.00053186524293986,0.00223829159948865,0.00029358697941944,0.0558798291911882,0,0.0996658405749335,1.43228195984623,0.159734920754342,0.00342778775352292,0.508952166855733,0.0747029888776253,0.000452526819427729,0.00186698752460494,0.000651141716553301,4.80338501033485e-05,0,0.00308441451320976,0.00474820238689944,0.0252442045172887,0.00503979598091457,0.0111156841386434,0.00476724708863551,0.0252370150746778,0,0.0203169965467837,0.0622765380823196,0.00740606938980568,0.0242094559690416,0.0198138637620115,0.00149056319832185,0.000445685144778103,0.000406318790771932,0.000868012692747158,0.00767943289971516,0.00908661163179947,0.000162195717699677,7.89961377319692e-05,7.77900050248055e-05,0.00202554154778677,0.000593782110963061,0.00296831806780699,0.000301088910949499,0.000211099416396618,0,0.00316715383591725,0.00241719000128205,0.000228741815286934,0.135328300988179,0.00573460173205787,0.00020822973710069,0.00352007442446503,0.000117603826833933,0.0288105245779419,0.111422201748649,0.0865999779583946,0.0624136073688627,0.000346206884324848,0.00304777253886392,0.198557807206513,0.00748954071355967,0.00438211575547506,0.0109790223172208,0.000414021188539714,0,0.000291335161470204,0.0210668632192409,0.0104922634052047
0.0201975651929348,0.0129004732996441,3.5497803088157,0.000284982237630799,0.00613661300650053,0.00714067174416134,0.192471651755705,0.309371212460409,0.0057334502096896,0.00372185848657787,0.0370124690071358,0.00122211831277679,0.0158235627160802,0.247333551631381,0.00210320041720109,1.35248738943512,1.7983391462967,0.021414627486626,0.123753903433574,0.000188215863901108,4.09435237931045,0.0996658405749335,0,0.091128684567456,0.00327402228564933,0.992750513162119,3.52145714131664,1.2492625293971,0.178522976603245,1.40417964472922,0.000183722898142934,0.0036218221837635,0.0268339832841975,1.06013040836613,0.422320987234927,2.69098329522984,1.01070409564246,1.53142429775472,0.794431342808931,0.0357840087992429,0.0196603643764516,0.00475359146744965,0.353860785036153,0.0474981596105152,0.159545591053758,0.119204347020986,0.01268188808565,0.00197143661541711,0.00149452486832651,0.00950697717036918,0.00318300608086691,0.09882417321482,0,0.00273553625513479,0.000322923623362877,0.0109743221767363,0.00259413137016334,0.00166315223950267,0.000927250679765136,0.00164519115004765,7.45826670474708e-05,0.000305538800785839,0.00846979262357585,0.00502914233313377,0.652254390726768,0.0399016443112782,0.000326007586981058,0.0155134957026747,0.000156718584356636,0.242456587179346,0.14107302795242,0.856154126935842,0.144323920435654,0,0.00899467260469376,0.946387618487716,0.043064791965788,0.0257312450042394,0.0777361885700914,0,0.000231589699177801,0.00172430231244368,0.161414296641047,0.18179672773585
0.0106633087400455,0.377596396270634,0.0117305258976938,0.319368499299765,0.0341987743857821,0.0200344667496452,0.105764561764043,0.040956090361456,3.22061265753001,0.0173521174155443,0.00636082284404715,0.0716605858834386,0.109242140543475,0.04813328849214,0.152917257200497,0.21453883279176,0.020413286069599,0.00279107052198525,0.00794454101264261,0.296677086682358,0.166660835421455,1.43228195984623,0.091128684567456,0,0.232229537616161,0.0137390978538727,0.643226157951804,0.869669284822589,0.119710741947157,0.0186126996164802,0.000874495510948511,0.001849085681782,0.0130181130629221,0.0481798273089367,0.0542144251475279,0.200310333099699,0.0182392353002068,0.0702630483402778,0.0204924351406451,0.123983217517309,0.00670599071139296,0.0131058926799351,0.380544429057052,0.00607362862335107,0.172500313663665,0.0361348167413869,0.130593315799687,0.0258394381695885,0.0042242406377838,0.039625210632849,0.00418611735512214,0.00624368396823183,0.516029015514296,0.00311285275639509,0.0187172643089071,0.0552226242467135,0.104648809597593,0.355422173826056,0.280615396712137,0.0115809828194852,0.0378040339419617,0.00249664716400945,0.183398307659538,0.0096677774442706,0.0747250095164289,0.0106392395699229,8.46281857896298e-05,0.00666170426421158,0.120002733890012,0.0495196984512411,0.0523973808603831,0.0429168780688229,1.37355662993151,0.000255545934071303,0.00310955227190866,0.0682197211650113,0.586791887592543,0.171281906656464,0.118151530877263,0.000140953104979098,0.00780906477896521,0.00598637170069894,0.138998176728016,0.0677258983718693
0,0.286403856712895,0.000122590244056553,0.00012427029235518,0.0035160593531895,0.00115189890561144,0.000558275734226346,0.000395309789622098,0.127201090722716,0.00111420950827557,0.112986007727586,0.000768387889111162,0.386585663375818,0.000151973663532078,0.0187144762853768,0.0287457595639865,0.000280259059343309,6.56546236856282e-05,0,8.9132743430078e-05,0.00488379567950937,0.159734920754342,0.00327402228564933,0.232229537616161,0,0.000761694621815711,0.173524254757346,0.00916149364892038,0.000247860628755748,0.000307230615660981,7.26513164872527e-05,0.00010818234120208,0,0.0326985371744085,0,0.00259638776004472,0.00548448648564782,0.0100072738883965,0,0.0144187998651213,0.000132783970173955,0.0796588983624313,0.00224371459600613,0.00474121168886858,0.00148605100700283,0.000140551731170833,0.000362761480570972,0,0.00835802765979373,0,0.00111212348435461,0.000154513572970703,0,0,0,2.68270060284287e-05,0,0.000313429036236674,5.39901099831462e-05,0.0144447853735924,0,0.15506616632884,0,0,0,0.000517182054143518,0.00056455562438035,0.000919386384110346,0.000135563980755329,0,0.00113639040375969,0.000222475551283658,0.00367845715075001,0.00478187474305236,0.027305383223437,0.10231287725212,4.19523436478377e-05,0,0,0.0168268830418756,5.68889034533501e-05,0,0.000508879041488037,6.13981663452387e-05
0.00173806349262411,0.00469474879280953,4.29005584663265,0.00166444657441221,0.000102169843568623,0.00762809191525121,0.0395469433493686,0.0597117408908422,0.00191145126575254,0.0309727000098644,0.193526105156833,0.0118030999188756,0.0216334753051393,0.037632682643951,0.00133074410611291,0.0118383584573536,0.346391615797201,0.178883212738361,0.853049532730116,0.00103300001980631,0.0924551074391442,0.00342778775352292,0.992750513162119,0.0137390978538727,0.000761694621815711,0,3.00593334684069,0.0354134342681932,0.0279586707162372,0.0921807896872329,0.0239959812580485,0.0124317392680639,0.000840853222892361,0.162509240004248,0.0125582223319071,0.499682518823585,0.827239753226874,0.512235054966012,0.094896825166839,0.00263989349177129,0.00155094460741201,0.00151015360348901,0.203453452352655,0.0329821696760696,0.100630817457353,0.0349749132445556,0.0016335505533658,0.000405633046921313,0.0011813845694882,0.000159642554484889,0.0100649437969293,0.0230394199442436,3.84059333449155e-05,0.000124720221967757,6.50364566240162e-05,0.000401688656705462,8.23539357208016e-05,0.00050593448961997,0,0.0452063153423164,0,0.220426228866411,0.00064312760909459,0.000192243338467687,0.00394263466516189,0.0906792501831674,0.0361357702846118,0.107938889118091,0,0.00166247075957067,0.00531463208281673,0.0129648309909927,0.00406703236708331,0.00129395996743338,0.302242423515,0.692233563394773,0.00104468557267168,0.00110645937070946,0.00227242857336196,0.0909959012523853,0.000587883176078707,7.98302245757278e-05,0.0426272517250343,0.0139181743449508
