0,0,0.00656497356014564,0.000106644532029498,0.00251674965835508,0.0545561981230682,0.721469152605818,0.316323213559181,0.00236341787123079,0.00674702360087703,0.0645273938125206,0.00180572471841869,0.00578290522577012,1.28160367121983,0.00196932015743573,0,0.00669358350287629,0.00494873844048541,0.00687847196477451,0.000777651764364409,0.0179774867161199,0,0.01712743369229,0.0097783464323584,0.00180342789124228,0.0029917670561753,0.00548359691129991,0.0533899872509188,0.656048652132013,1.23675998644818,0,0.0605427820499244,0.00452089272509362,0.190593726836404,0.0108925786487424,0.103269543269123,0.00205435843912021,0.0578523525432245,0.0189473437492752,0.0240359804477529,0.0364019234545648,0.0144368230648958,0.00606521808499206,0.000109918986813015,0.0020637544427604,0.00282623762656991,0.00374741112566895,0.00293360041178906,0.000309278465509593,0,0,0,0,0.000253285226940751,0.00121991370069224,0.0101393053211943,0.00514225172009618,0.004351247676327,0.000411821678169787,0.000243724773192645,0.00010674135947678,0.000148914171762872,0.0034796501328384,0.00045458000916565,0.000604339689261907,6.46921786201e-05,6.78848384938002e-05,0,3.89031266007185e-05,0.000293446202551943,0.00093184794114929,0.000214940184856493,0.0279407908185684,0,0,0.000133248269553405,0.0210928473790306,0.00219243759252303,0.00443672509516818,0,3.87724578130603e-05,0,0.0140383774591039,0.00162314510772618
0,0,0.00351275319831434,0,4.11734949106515e-05,0,0.000122739360473943,0,0.00517973143970725,0,0.0144262940915928,0,0.0607799272457731,9.16356474894043e-05,0,0.0770770954776288,0.00326915217409049,0.00113090595882502,0.000617648439079731,0,0.0284743044262136,1.10978700567534,0.0997522043641196,0.12063796358204,0.760870303454048,0.0196883874861362,2.8117608442495,0.0457941641312667,0.000124903580713212,0.000290384351512831,0.0246094466036645,0,0.00010456250933497,0.000523814807536662,0.000459006224909091,0.00332383689166846,0.00478732306701747,0.00325023496235357,0.00110619131434411,0.000208307649766195,5.81077271428228e-05,0,0.00100929604433316,0.00291172236536404,0.000646226073064613,0.00044567988919816,0,0.00011028243110472,0,0,0.137152305142088,0.00345877097364467,0,0,0,8.31690853089452e-05,0,0.00054532339265365,0,0.00238662186698699,0,0.00318819367705894,0,0.000142741433252335,0.00729325688593944,0.00028107972099216,0.00165371765771577,0.000201335948519897,0,0.000960119840181115,0.00641597740340926,0.00480380908655169,0.000421376932675606,0.00159487954081628,0.0207575294225785,0.557541699364421,0.000499154841378683,0,0.000358133877162731,0.00269443615684519,0,0,0.00108840322348033,0.00044874397598648
0.00656497356014564,0.00351275319831434,0,0,0.00031616778915081,0.00162580854525526,0.0104176242195232,0.0100611248425884,0.000417868979645848,0.00181138890526143,0.0501183775082868,0.00108057684582839,0.00532811897499204,0.0358191658325441,0,0.00057949093484019,2.48542595252502,0.334760962201,0.450511810985395,0.000276942139471256,0.139069894259235,0.00347159932747979,3.09330114483381,0.000701624677369023,0.000581914401954174,3.01749030302559,0.921206233288402,0.0150616195393121,0.0270558596244176,0.0682564129574598,0.00103929313648442,0.0199960352977068,0.000641394413955403,0.470167699303425,0.00941625894782526,0.212461757159987,0.378951619650459,0.584791188302333,0.0948936032240216,0.00232327089030928,0.0186144536414052,0.000912774121932557,0.00209577547564267,0.0492630022334484,0.000498502422750467,0.000285824528497035,0.000258017767835033,3.99882552318693e-05,0,0,0.00639403074649257,0.00757905990973016,0,0.000405469336973637,0,4.51783944692731e-05,0,0.000762370821156317,0,0.000189825803922218,0,0.000134412212095427,0,0.00140522696744435,0.0162244568334614,0.000392574520866733,0.000129966607354653,0.000378566971878379,0,0.00097858053643777,0.00180183370452363,0.0098444851132074,0.000823004957409418,0,0.00621844109066323,0.492747654293446,0.000382410677420211,0,0.000358999167125022,0,0,0,0.000681676155035609,0.0169323860209982
0.000106644532029498,0,0,0,0.000360720994116461,0.00682255160312703,0.0156329215074953,0.00697086675165471,0.133137354575331,0.956760061285128,0.000609424478195983,0.132671113363447,0,0.00220167858421806,0.0294557272050987,0,0,7.69753597655654e-05,0,0.729961927527777,0,0,0,0.24317491329979,0,0,0.000131756787251437,2.42733508648742,0.000682152001993918,0,0,0.000281899950854623,0,0.00154130998193266,0.00014636656054768,0.00440096360384261,0,0.000320427266519523,0.000225530506217551,0.0194555693928176,0.00117026564592108,5.95723279366851e-05,0.00318008159116496,0,0.000928978046935716,0.000622559304731387,0.00995634828152381,0.000640383687756819,4.70858186551094e-05,0.000110891850323653,0,0,0.0480479832329907,0,0.011478945162618,0.00612373215330151,0.0115672403582079,0.0105507684292058,0.0215181616861369,7.27551955708623e-05,0.0618856697247106,0,0.00740913285646266,0.00222384855596848,0,0,0,0,0.00925726198477678,0,0,0,0.0458742797358415,0,0,0,0.0508970411817461,0.000829981560298276,7.46634050198436e-05,0,0.000162378423690104,0,0.00274508181091606,0
0.00251674965835508,4.11734949106515e-05,0.00031616778915081,0.000360720994116461,0,0.140448836876184,0.0363519480701041,0.00730453713099682,0.00345104472454623,0.00659249700586762,0.00114420070895149,0.0159000630352405,0,0.00416344095400749,0.244028783747855,0.000979228738653051,0.00123959576373403,0.000494147408366901,0.00123132756802701,0.00315376176378053,0.0475038356368514,0.000907806399728035,0.0467681791552821,0.00254135713692425,0.00140013597643193,0.000744126960062027,0.00417334827149109,0.0393789632655785,0.0135911006272636,0.0482742979444987,0,0.105009135791366,0.000609231836140823,0.0390855923282482,0.218003570754942,0.0286401428843758,0.00441514773450422,0.00562729017351412,0.00172068973533958,2.26902990186679,0.204388911535595,0.00065232271607523,0.00789865505990401,0.0200058785537231,0.00243056886881143,0.0018736137058028,0.0136628580284694,0.000599388642645443,0,0,0,0.00154961820855421,0.00245754144243386,0.000336455082507813,0.00126814035414587,0.00338892382507254,0.00191272567488751,0.000747693620264804,0.00351850532837722,0.00134132785708475,0.00318778341957994,0.000113213868441654,0.00105891067540391,0.00143288718149797,0.00637014833339588,0.00015834552724961,0.00515380568187718,0.00218117467327161,0.000981564788973301,0.00867465930717852,0.000621511746190131,0.0284583341895204,0.0070739958006311,0,0.00588652667475182,0.0243066974611583,0.0158017712322455,0.0010603230211869,0.0024880252726931,0,0,0.00026506126313982,0.0053642956729551,0.108516124232887
0.0545561981230682,0,0.00162580854525526,0.00682255160312703,0.140448836876184,0,1.89324459848468,0.969318080615016,0.127178244475069,3.46657764105413,0.0127364306337679,1.04302341059741,0.00127316402759989,0.334469964396417,0.271898642314228,0,0.00052081544243685,0.000723456448286927,0.000353164006738329,0.366432080250352,0.00260352783058417,0,0.00535211675925008,0.0401432315575853,0.00495151369298415,0.000892956863586257,0.00164065669093108,0.188725283450697,0.0444008918048727,0.0579345497878655,0,0.0341526588590749,0.00111077788632359,0.24395740939251,1.01084623618645,0.187205677279303,0.00169587528741412,0.0244779611048229,0.0376508067981057,1.41891563379379,0.48009757916527,0.01650479322286,0.0341153996758665,0.00134885939593497,0.010758277521372,0.00984171476485212,0.111217248390909,0.00920560873305571,0.000602771161141562,0.000552941197912109,0,0,0.0516845369223683,0.00301364843121575,0.038489763623553,0.053591986811818,0.0577300458127266,0.0253273516541548,0.0680802171760152,0.00117095991607391,0.0208307063619775,0.000451444110812974,0.0288715271247041,0.0166196415065011,0.00107258933918145,0.000154876829874587,0.000133414362711918,0,0.0156759593971724,0.00114773240493761,0.0001290299459755,0.00169475548216269,0.221985501126493,3.02686006348908e-05,0.000120503708797699,0.00089360799678372,0.196123607214987,0.0101389227254849,0.00459592593403631,0,0.00122920669231267,0.000100185580107647,0.0494801006540387,0.101094482144528
0.721469152605818,0.000122739360473943,0.0104176242195232,0.0156329215074953,0.0363519480701041,1.89324459848468,0,2.70576034580836,0.25639715168227,3.46685135448164,0.163436378447677,0.103079602879303,0.0503403583850086,3.23280512161341,0.0843487559765288,0.00127950384960081,0.0128846800802786,0.0123011960923496,0.0109744036861553,0.0217199979598178,0.0516134665638933,0.00117999060979722,0.0489987518945527,0.172343774228322,0.0222950837409726,0.0107530383081897,0.0156625210714332,2.01868557989312,0.691503836547859,0.773560891048122,0.000101993308384966,0.130749402390049,0.0775316257276199,0.550070260423928,0.280106176000654,2.33285713232664,0.044788443755155,0.248167638337868,0.0900094990802599,1.02478065909745,0.561084731671891,0.110376539878464,0.162947611272248,0.00362876354636802,0.0414284733474939,0.0246775804756104,0.181427269830756,0.028950789013195,0.00248664506768061,0.00349479737124145,0.000138824425646675,0.000181084662229013,0.0686049761149342,0.00669821594022546,0.0772185840610459,0.228739025883434,0.192369700282546,0.113989028801137,0.0931411995362034,0.00720303007805809,0.0181745403146063,0.000826987379435724,0.145055130166865,0.0156857505457274,0.0043127253698407,0.000578689878902989,0.000252322099192607,0.000174591476335215,0.0180968910089987,0.00555854098537312,0.00342749517299283,0.00233764789060232,0.931730180562227,0,9.02351056619707e-05,0.00239585726430733,0.704319904851044,0.0709502401977545,0.0700617088671829,0,0.00408155124492288,0.00229667293722376,0.187019703808813,0.0275909783049294
0.316323213559181,0,0.0100611248425884,0.00697086675165471,0.00730453713099682,0.969318080615016,2.70576034580836,0,0.129369983593531,0.842613125411166,0.0422308974506729,0.340530228096174,0.00200043048263605,3.31895701604419,0.0624209692458229,0.000204464997077179,0.00428704707493649,0.00405155679365659,0.00480307350505525,0.145322693753544,0.01098617475569,0.000170340906951607,0.0151994767483405,0.0978607034167274,0.0072761762196366,0.00399948035512385,0.00858810251913619,0.483245837662383,0.136857416291099,0.474732696195509,0,0.0296039284304503,0.00353949097825641,0.135951944541222,0.0114180236050488,0.258778289416501,0.00263797891278616,0.0446690563004187,0.0721239951279493,0.912100113559534,0.0922490977316513,0.0406141866566122,0.0516819047728239,0.000449540225312966,0.0199436396947207,0.0211942531255211,0.0838209519521885,0.0181214486758758,0.00147030317975574,0.00126186316063203,0,0,0.0192964401754502,0.00098988698277531,0.0316982958542489,0.119258227169087,0.0751467311094412,0.0642660725901841,0.0284120416591995,0.000952717789722987,0.00623454011801475,0.000820084333696175,0.0488505441320105,0.00632463109037704,0.000399671789191085,0,0.000109276649062943,0,0.00691599059742551,0.00121387001792883,0.00037172513665073,0.00172525415239486,0.438129186646099,0,0,0.000630030315798497,0.257614460149938,0.0180774144648271,0.00916630947370923,0,0.00134258338031584,0.000306054335089982,0.10017409443625,0.0013116264515193
0.00236341787123079,0.00517973143970725,0.000417868979645848,0.133137354575331,0.00345104472454623,0.127178244475069,0.25639715168227,0.129369983593531,0,0.470031065591895,0.00746949652958243,0.0617609876807353,0.00138777038767133,0.0443067312037608,0.0362046715221158,0.00756480454269694,0.000760404297165888,0.000148737342506647,7.49539298759401e-05,0.0478810006089137,0.0205639862079364,0.33115168273633,0.00683509445378884,2.19442415691158,0.00714585354296163,0.000388178865364159,0.00220672225937474,1.80012643982207,0.0128355029908298,0.0275415523670906,7.68766066729903e-05,0.00382457683922287,0.000526051862183046,0.0188730216536295,0.00552806891155352,0.0401068372492001,0.000954473428044752,0.00564911571234362,0.00424386994109804,0.112736783941138,0.0085636235136189,0.00264558770752516,0.0196197815309931,0.000798002824089789,0.00561411220252083,0.00260747221986555,0.0446690166246232,0.00274738650322811,0.000146280879335546,0.000850412386753824,7.53521783306658e-05,0.000160584372496033,0.150050823472122,0.00175473514910038,0.0375398836147823,0.0536382060475775,0.021805241877912,0.558291589765836,0.105991230545433,0.0019484068593019,0.030505917343214,8.71978628691849e-05,0.0149430940834353,0.0157469464452296,0.0227352619915486,0.000408847211413515,9.24333448011158e-05,0,0.0265912995558923,0.0343215907463582,0.0521089106517831,0.00848666439929725,0.523633215539423,0,0.000200345416588497,0.00151294270343878,0.326667461762594,0.00749727599609805,0.0302750095750535,0,0.000370149593679678,0.000498269229606467,0.0178240792036196,0.00201058496044411
0.00674702360087703,0,0.00181138890526143,0.956760061285128,0.00659249700586762,3.46657764105413,3.46685135448164,0.842613125411166,0.470031065591895,0,0.0489310325515171,1.75664956337862,0.00411259742612827,0.142575175973824,0.210042231146683,8.64592428545236e-05,0.000282441012166536,0.00136551670036748,0.00045865366676538,2.51891257283928,0.00139828986279152,0.000164462832184124,0.0037065012616021,0.192220359715397,0.00322776153891522,0.000924267333355865,0.00234540424228826,0.537811101811014,0.0393237410353778,0.00724242390159341,0,0.0337530899718668,0.000159730671417225,0.131115800541604,0.329359871822986,0.133111766455645,0.0011638121358228,0.0203396200669025,0.024666536559748,0.283451291277799,0.0321242065987238,0.0130252122556993,0.0266014579350076,0.000904744878799542,0.00777338834750385,0.00717989549806341,0.144338725321599,0.00642383777745354,0.000642606782725256,0.00019834938521002,0,0,0.207241276294977,0.00324599518408611,0.107136444356379,0.0443349654476742,0.0979723364404211,0.0526612538518035,0.229525510317664,0.000365100756793285,0.0541421493135774,0.000467773532870722,0.0460195890345963,0.0266617495914943,0.000543728995864606,0,9.57419435264108e-05,0,0.0526331586669894,0.000496832383113188,7.96874836096286e-05,0.00100130755485687,0.36534928635158,0,0.000125231645649147,0.000240572126727605,0.436402712657432,0.0112352605603868,0.0022095466208301,0,0.000144433002604312,2.93813708204627e-05,0.0397971696782997,0.0296845173211252
0.0645273938125206,0.0144262940915928,0.0501183775082868,0.000609424478195983,0.00114420070895149,0.0127364306337679,0.163436378447677,0.0422308974506729,0.00746949652958243,0.0489310325515171,0,0.0230905243739614,0.106169406632986,0.156089348562179,0.00129295024804527,0.00305873462228728,0.0369863530993874,0.71937910957114,0.171006976891934,0.0097318282839319,0.148452439604491,0.0049794914334422,0.252539495245435,0.00947944102290332,0.235805690394819,0.286141884121733,0.459345967983418,0.0666536381534077,0.115950637814536,0.192047816740523,0.0125654451283087,0.0596211604981811,0.00393369593799005,1.18231714093255,0.0060973028367268,0.32915870738694,1.61778305721059,1.79906717255218,0.0648660193148452,0.00533084597382077,0.0110106547890518,0.108072907246517,0.00133634596513188,0.0410594197610908,0.000513185035455501,0.000532701725580132,0.00243879485287315,0.000162190735795104,0.0212954054170778,0,0.00754973322973682,0.00015766025011037,6.46747227705717e-05,0.000469636132035506,8.27046146628857e-05,0.00250142669356538,0.000360032878526044,0.00370120947080083,4.47906495343208e-05,0.527013009099905,0.000187298104379511,0.276994076197971,0,0.000613860417197728,0.000796193062631143,0,0.00484258494550449,0,0,0.00088531141156325,0.00186126824628759,0.000848268635873915,0.0163655322259165,0.0831242001452388,0.548193802202416,0.142074901267174,0.00811749497907781,0.000110235485373008,0.000634708060830456,0.335076787625424,0,0,0.00434158614620778,0.00559872776713206
0.00180572471841869,0,0.00108057684582839,0.132671113363447,0.0159000630352405,1.04302341059741,0.103079602879303,0.340530228096174,0.0617609876807353,1.75664956337862,0.0230905243739614,0,0.00111056095612938,0.0298527540454564,0.263282732841866,0,0.000300431733432609,0.000699043992570734,0.000207613597186268,2.00674930105357,0.00163900236906089,0,0.00244753924565581,0.0611057386915537,0.0012713310958768,0.000776349442951047,0.00166580175464729,0.249441765373176,0.00963385892148809,0.00327769862554218,0,0.0189587421214174,0,0.0558055372918581,1.20775837542682,0.0485664538871791,0.000773129819041586,0.00975034594427754,0.0111529838466153,0.0907495066298903,0.00611272801326808,0.00558645664002596,0.0113158956190327,0.00140370327184757,0.0015801659152187,0.00143942604519859,0.0539840972321626,0.00259113777862585,0.000276219552329278,2.8998137397337e-05,0,0,0.0460679593636963,0.0013803251652461,0.0241940141605122,0.0054635054835783,0.0174611903230354,0.00523550411186337,0.0712220796422912,0.000232396764629513,0.0191593067514652,0.000168586343990206,0.00737756767133687,0.011392831315507,0.000483476317439622,0,5.62421569824457e-05,0,0.029767590641843,0.000843229687301142,7.68042324200749e-05,0.000555927228543484,0.0425168918811047,0,3.34342314510405e-05,3.55163416749001e-05,0.0662308437207219,0.00309995771381797,0.00186748800805582,0,0.000269408054767907,8.60234568207979e-05,0.0114871760383189,0.0668465623706212
0.00578290522577012,0.0607799272457731,0.00532811897499204,0,0,0.00127316402759989,0.0503403583850086,0.00200043048263605,0.00138777038767133,0.00411259742612827,0.106169406632986,0.00111056095612938,0,0.00788198563641035,0.000252532147080535,0.0122920817806055,0.0145711287662991,0.00954027807465427,0.00506799230295437,0.000393115394615793,0.0343982663931887,0.0206335009201077,0.0995718967872952,0.00956352935625615,1.21111271566279,0.0309194232807862,0.872042979631118,0.0251916655551745,0.0130570178838986,0.023519183581958,0.0271798745273312,0.00162435921958015,0.00119850853022994,0.0697349175330376,0.00307331144204065,0.0696903995723824,0.788663680921285,0.350669097851408,0.0322704755965778,0.0060403761053406,0.00430247942138044,0.623343998960711,0.00131265385580678,0.101680914575493,0.000955322127447476,0.00104078094005363,0.000533135881067455,0.000104189244252276,0.0979679643753238,0,0.014031072006016,0.000174344523580313,9.06819579040288e-05,0,0,0.000302701831652033,0.000144991077117419,0.00117347445120517,0,0.983753623458405,0.00029650594038291,0.687641771563702,0,0.000169802291459298,0.00134679404132599,0,0.00636769369083488,0.000101760280296278,0,0.000196084138616395,0.00262592848213636,0.000375919377158296,0.0037262838158189,0.221567036809846,0.724281769818129,0.306196522385039,0.00153847303876112,8.07410966797829e-05,0.000249128053854632,0.506548878754086,0,0,0.00112543023638749,0.00219215116904132
1.28160367121983,9.16356474894043e-05,0.0358191658325441,0.00220167858421806,0.00416344095400749,0.334469964396417,3.23280512161341,3.31895701604419,0.0443067312037608,0.142575175973824,0.156089348562179,0.0298527540454564,0.00788198563641035,0,0.00602303672734238,0.000555053305688274,0.0140169371893797,0.0171482141108954,0.0160295748802024,0.0130001775664701,0.0446453094077355,0.00034246237557689,0.0631984322069185,0.114131594803102,0.0120081847130086,0.0115152423684638,0.0337658853471507,0.585648792126467,1.11889328167658,1.40072482976665,0,0.144946297931727,0.0131006919592643,0.368741300109603,0.0273250387949854,0.378959440613797,0.00788055625491863,0.120731001897069,0.0874352246776216,0.65362162645554,0.102039024794727,0.051617311307283,0.0515074442078577,0.000495914870650918,0.0218251976576773,0.0165203200909786,0.0440985371620651,0.0130376853729932,0.00236260079992678,0.000908281226344425,0,0,0.00277034667727863,0.0014634900991639,0.0131818365386528,0.0729194753442026,0.0412082228531305,0.0419017819476889,0.00559254677085432,0.00117522094146137,0.000781384290149438,0.000756164573916864,0.0291138088193151,0.0028810940841987,0.00139733664086285,5.91196587453425e-05,0,0,0.00112586788304472,0.00202852061575734,0.0011676018007554,0.00196662064781874,0.290438333777515,0,0,0.00104874062987904,0.172910926828535,0.0187231878361895,0.0249345553989839,0,0.0017020652591996,0.000628088680148256,0.101025698004674,0.00265270246170909
0.00196932015743573,0,0,0.0294557272050987,0.244028783747855,0.271898642314228,0.0843487559765288,0.0624209692458229,0.0362046715221158,0.210042231146683,0.00129295024804527,0.263282732841866,0.000252532147080535,0.00602303672734238,0,0.00111715964487762,0.000762499256695604,0.000365040426576376,0.000247166391493356,0.0658178084533733,0.0127978538444432,0.000854278819911774,0.00901404360377828,0.0613772085247321,0.00198020377958311,0.0002127136612391,0.00193728320421848,0.149957148646295,0.0134377043035128,0.0308176191758041,0,0.00262986145259124,0.000550651195522714,0.00810258021857908,0.254855279907078,0.0173075118497351,0.00072160526794864,0.00327906037937159,0.00148587248459503,1.01040832424282,0.00165484136177371,0.00122241621929671,0.0182076556466928,0.0270433883377371,0.00279559677119089,0.00285408863455937,0.0652559431749644,0.00251399191422347,0.000653428766717434,0.00010751492870307,8.2911879118073e-05,0.0017020216345808,0.0203405611797734,0.00156239572535362,0.0127235187044263,0.00786347974000693,0.0120647745865124,0.00276590506137454,0.0228190597950436,0.00306018194479111,0.00781152114346354,0,0.00902734927256359,0.00798849724639712,0.00524254943528077,0.000218037485274839,0.011840194776377,0.0043200234904715,0.00637608474021068,0.00567336785433801,0.000582888643426573,0.01837501815307,0.0291398629351585,5.85030896304488e-05,0.0150409771719684,0.0339743684282046,0.0404457818484554,0.00329735527256695,0.00409569436684229,0,0.000292109317056012,0.00040568488170358,0.0141905752887343,0.0734587633368684
0,0.0770770954776288,0.00057949093484019,0,0.000979228738653051,0,0.00127950384960081,0.000204464997077179,0.00756480454269694,8.64592428545236e-05,0.00305873462228728,0,0.0122920817806055,0.000555053305688274,0.00111715964487762,0,0.000757117483240771,0.000678261135648305,0.000468097696499312,0,1.39784609040153,0.657540783071343,1.41014634621629,0.13321936199136,0.215765679748289,0.00487771653574757,0.681863862622208,0.202204588352245,0.00132623236102076,0.00663380286263328,0.0101757802465947,0,0.000576073374601436,0.00152570395478757,0.00963757409145715,0.0732356063510275,0.0951494417365787,0.0191956289856981,0.0271340652739584,0.00362474101340037,0.00740389522381001,0.0195766621690143,0.0305887200032324,0.00787382466663519,0.0360627408905665,0.0178793697117006,0.00825672098179464,0.00208147109468468,0.00291533620137563,0.000307337265005172,0.00196343603564186,0.00149258062252015,0,0.000931355326071916,7.98997522417367e-05,0.00697472309143032,0.000241064334168381,0.0109472440123348,0,0.00152331675232603,0,0.000401457670147276,0.000611441631652557,0.00057170158209545,0.376022272936603,0.00435829229700891,0.00155356998030948,0.00188253447518999,0,0.227628684450868,0.124461474976728,0.397979882916204,0.0629232682833349,0.000148502126184672,0.00190902844342976,0.0476698293245316,0.0936596639683068,0.00203936575500895,0.0503052138754362,0.000181247191693318,0,0.000409029620039409,0.0834406210767186,0.0071493050070617
0.00669358350287629,0.00326915217409049,2.48542595252502,0,0.00123959576373403,0.00052081544243685,0.0128846800802786,0.00428704707493649,0.000760404297165888,0.000282441012166536,0.0369863530993874,0.000300431733432609,0.0145711287662991,0.0140169371893797,0.000762499256695604,0.000757117483240771,0,0.467495613396242,0.570191590055791,0.000160528253690386,0.679019819288871,0.00185455586444031,2.0408981743641,0.00228392425758781,0.000773870424721653,0.813735645226569,0.722142421511049,0.0445512305740242,0.0144249840050773,0.454732072280137,0.000249930202658057,0.00321214447307102,0.000652436456690187,0.227074830164476,0.0232055071826823,0.462099693500877,0.500693272585926,0.14946640761692,0.203409553065969,0.00869760781231877,0.0412650101502917,0.00288267460133661,0.00243077171928747,0.00856284608309868,0.00021689820599758,9.63549064328488e-05,0.000503737959700834,5.57669827495694e-05,6.9494898031497e-05,0,0.000627115268954087,0.000599061745600873,0,0.000917683729662678,0,0.000406181703190541,0,0.000397506556112408,0,7.23775390165687e-05,0.000561448968901813,0,0,0.00170576766989293,0.00447343629974665,0.00014015466641593,0.000117504531260741,0.000205404169297725,0,0.000681071222320122,0.000558794646927398,0.00442003304909361,0.00115487963250352,0,0.000250278146755582,0.0573769697454572,0.0021072350232851,0.000311088762147582,0.00143270781139029,0,0,0,0.00121728003313921,0.0416963641013079
0.00494873844048541,0.00113090595882502,0.334760962201,7.69753597655654e-05,0.000494147408366901,0.000723456448286927,0.0123011960923496,0.00405155679365659,0.000148737342506647,0.00136551670036748,0.71937910957114,0.000699043992570734,0.00954027807465427,0.0171482141108954,0.000365040426576376,0.000678261135648305,0.467495613396242,0,0.956335523385698,0.000465608987522507,0.128527585862522,0.000962461604916284,0.395488734471923,0.00100661212243969,0.00482053054748331,0.343074522902523,0.31713133338602,0.0270648271719804,0.0147519994618269,0.191593373792287,0.00310788516784102,0.00377806380000855,0.000984451506324379,0.383157704039461,0.0128322965988544,0.49054940190486,0.420466605201055,0.374223737092206,0.0545936094497605,0.00228688497473652,0.0160828318268283,0.00992658257691144,0.000494274933601141,0.00475071962605104,0.000231191070596391,0.000288306707785714,0.000146052497803938,0,0.000275319015555632,0,0.000963484112562883,7.67979478140772e-05,0,0.000319456236123168,0,0,4.33454352369547e-05,0.000446418201609742,9.17735036855933e-05,0.0156264954741046,8.51742622521396e-05,0.00717702711935768,0,0.0014791896101358,0.000867722629988855,0,0.00131305501773782,6.25271180992484e-05,0,0.000454629170639866,0.00137330340472473,0.000571953253931737,0.000541029093616051,0.00156363091927228,0.065444116840248,0.0432312999847535,0.00046543943820582,0,0.000484392216861355,0.0109155589295308,0,0,0.000581737357625878,0.0128522466792099
0.00687847196477451,0.000617648439079731,0.450511810985395,0,0.00123132756802701,0.000353164006738329,0.0109744036861553,0.00480307350505525,7.49539298759401e-05,0.00045865366676538,0.171006976891934,0.000207613597186268,0.00506799230295437,0.0160295748802024,0.000247166391493356,0.000468097696499312,0.570191590055791,0.956335523385698,0,0.000335602461791039,0.207459758306714,0.000761421590565169,0.488548141964269,0.000671832671443015,3.2781405186224e-05,0.350758004224306,0.259580559167956,0.0291403982145328,0.018431610707472,0.300141330364824,0.000281686369282544,0.00505746838634582,0.000866304442248203,0.363182515777684,0.0104934079074546,0.264079397212434,0.142957664397297,0.100326946172508,0.0649803155309861,0.00317717263636202,0.014415717847449,0.00288981558180909,0.000611329404044616,0.00215056541598124,0,0.000151297487922102,0.000164547250473047,0,0.000144803054110122,0,0.000345436764807183,8.67872452695069e-05,0,0.000781112684133124,0,3.76807469761848e-05,0,0.00073181138806225,0,0,0,0,0,0.00100593911941355,0.000934519581427147,0,0.000203152192150748,0,0,0.000813798842401707,0.000879809230259247,0.00103864581206329,0.000863940755166759,0,0.00332236054944,0.0159989642099385,0.000972295020134924,3.8222756105715e-05,0.000801057765313393,0,0,0,0.000639672251851666,0.0135359946710268
0.000777651764364409,0,0.000276942139471256,0.729961927527777,0.00315376176378053,0.366432080250352,0.0217199979598178,0.145322693753544,0.0478810006089137,2.51891257283928,0.0097318282839319,2.00674930105357,0.000393115394615793,0.0130001775664701,0.0658178084533733,0,0.000160528253690386,0.000465608987522507,0.000335602461791039,0,7.86149592022061e-05,0,0.000610603520798099,0.0482780307103642,0.000533937009528959,0.000134618796322667,0.000899721290374018,0.948193639156185,0.00452643334677915,0.000734561234547329,0,0.00688686076839775,4.03425039420962e-05,0.026187572120137,0.000290539093367476,0.0132261436961669,0.00033209190538888,0.00352260471709955,0.00461970305434894,0.0384680502823214,0.00309480103579355,0.00206583034840507,0.00373208176623637,0,0.000810672092114586,0.0011043724373308,0.0256967057937745,0.00139682074048248,4.88004732430458e-05,0,0,0,0.0277351024440323,0.00112544002966926,0.0154220622176638,0.00415134835672747,0.0108539237478232,0.00558556787969865,0.0321355148431639,4.35282765078306e-05,0.0101613356061351,0,0.00417533463963137,0.00546376262724822,8.92657783363221e-05,0,0,0,0.00813765016316444,0.000114142377088791,0.000136037196634555,0.000155760598529166,0.036116551997894,0,0,3.35437156396508e-05,0.0498245663309302,0.00124045582944565,0.000563544518629307,0,9.30169303630833e-05,0.000134955154037547,0.005232954727554,0
0.0179774867161199,0.0284743044262136,0.139069894259235,0,0.0475038356368514,0.00260352783058417,0.0516134665638933,0.01098617475569,0.0205639862079364,0.00139828986279152,0.148452439604491,0.00163900236906089,0.0343982663931887,0.0446453094077355,0.0127978538444432,1.39784609040153,0.679019819288871,0.128527585862522,0.207459758306714,7.86149592022061e-05,0,0.214399117107423,4.79470253714133,0.0411278454108128,0.103884421822503,0.162791999148473,0.254932871978506,0.873465458629793,0.0645459597840554,3.67808260696436,0.00264743863277796,0.00422301040347959,0.0138884061605934,0.663261647887111,0.280211144861159,1.51394286423185,1.11913438115753,1.57588842181024,0.936752990531897,0.10814558715686,0.205289024094585,0.0633249024901403,0.0332508866439274,0.0103021020150485,0.0301860621058839,0.0133767806877539,0.0103815772825436,0.00422705132510936,0.00393386598497351,0.000982479603031326,0.000678411428512073,0.00271371690540481,0,0.00237006475112809,0.00041167119274149,0.0251898983554785,0.0016704908234739,0.019367400609589,0.000123916685000325,0.00128370583020211,0.000268617960003841,0.000791901319450021,0.0022170986690531,0.00655646076747315,0.325480779622937,0.00528629270383333,0.000836384971108067,0.00267856247250706,0,0.291229989454649,0.138202128852411,0.365330717243995,0.1325623213868,0,0.00171137372850666,0.0683726351515039,0.250289577361026,0.0131944991094333,0.160604176452422,0.00011786204606545,0.000144107576052511,0.00135663129283018,0.125314068869514,0.0976940768919805
0,1.10978700567534,0.00347159932747979,0,0.000907806399728035,0,0.00117999060979722,0.000170340906951607,0.33115168273633,0.000164462832184124,0.0049794914334422,0,0.0206335009201077,0.00034246237557689,0.000854278819911774,0.657540783071343,0.00185455586444031,0.000962461604916284,0.000761421590565169,0,0.214399117107423,0,0.532786166616677,1.76635423732302,0.516184823767133,0.00381444853518575,1.14622673421855,0.472157931233483,0.000572259313993746,0.00551007046519874,0.0151849923970737,0.000109830124534893,5.54954867701292e-05,0.00175153835534139,0.00389106496717311,0.00893681589945095,0.00541496425720997,0.00483016124477031,0.0021364849950732,0.000923731326237632,0.00054017936636889,0.00181834662057098,0.0199524640392955,0.00847912186676299,0.022305884210255,0.0102526093448474,0.00446693915252539,0.00231179502469863,0.000437113000897998,3.61553207994818e-05,0.0112791717051954,0.00385060009222397,0,0.00039690965608871,0,0.00553118135204537,0.000673438972221136,0.0326596257699314,0.000409726075924695,0.00230848720373397,0,0.000512882621615356,0.000566826838548464,0.000587860764605212,0.349505267324422,0.00310695025204682,0.00272392403335615,0.00243965712682476,0,0.167319564056944,0.169017548421118,0.206563932126608,0.0977398587861858,0.000878499388825895,0.00382779666820104,0.206169367848966,0.091803156609913,0.00208458398782822,0.0402479651492506,0.000547787936032462,0,0.000129877502495241,0.0227017616529448,0.00313628642522136
0.01712743369229,0.0997522043641196,3.09330114483381,0,0.0467681791552821,0.00535211675925008,0.0489987518945527,0.0151994767483405,0.00683509445378884,0.0037065012616021,0.252539495245435,0.00244753924565581,0.0995718967872952,0.0631984322069185,0.00901404360377828,1.41014634621629,2.0408981743641,0.395488734471923,0.488548141964269,0.000610603520798099,4.79470253714133,0.532786166616677,0,0.0112783048247001,0.241180730793377,0.929354623086712,2.06356682154274,0.206601707712865,0.0550670307902352,1.81681952090849,0.00851186632706887,0.0158473842348538,0.00455540552797846,1.1175780866042,0.32937492515492,2.62189711539597,3.34426338145827,3.96538728330514,2.46055748942384,0.212238911748556,0.34233123776706,0.107479482749982,0.0919630998100496,0.0892437649845559,0.103519824086774,0.0530157354725798,0.0205129118452034,0.00960279328126194,0.00992909923525427,0.000336445399262917,0.0107761544545071,0.0263390267482174,0,0.00693225948419763,0.000179111388476711,0.0101235773706923,0.00108961346153618,0.019661541217339,0.000572620252445734,0.00628041894970346,0.00138044679350424,0.00140395301053605,0.00149519773952703,0.0110138960852237,1.16018358459508,0.0170944426793634,0.00783715216752709,0.0130608158065984,0,0.49852947574854,0.327606749176741,1.35465610591677,0.0983051509829691,0.000187233787826764,0.0137413197813315,0.99271388507712,0.179009558868183,0.0024468441027105,0.0786163986295642,9.6773701772922e-05,0,0.000693681958230561,0.29284053449504,0.275205213870211
0.0097783464323584,0.12063796358204,0.000701624677369023,0.24317491329979,0.00254135713692425,0.0401432315575853,0.172343774228322,0.0978607034167274,2.19442415691158,0.192220359715397,0.00947944102290332,0.0611057386915537,0.00956352935625615,0.114131594803102,0.0613772085247321,0.13321936199136,0.00228392425758781,0.00100661212243969,0.000671832671443015,0.0482780307103642,0.0411278454108128,1.76635423732302,0.0112783048247001,0,0.140833532911937,0.00224042328522971,0.0320632290598951,3.0079744139638,0.080617080886571,0.0419362181524054,0.00449424722107358,0.00553989990366854,0.0100021571197574,0.0281862279680855,0.0168066598271238,0.131694288010179,0.0126010000729195,0.014768390674591,0.00461216253999098,0.0558029580050282,0.0214037741093807,0.00915650836681725,0.0837673019488476,0.00316332081705934,0.0260103862694161,0.0100065832429699,0.044799764013621,0.00950298998175808,0.00106349556181855,0.00375321639103769,0.000415949246335173,0.000760931236245382,0.0243619024205716,0.00224351838991225,0.0194424215269127,0.208584229241636,0.0670589146357549,0.399451412121806,0.0260274572199631,0.00498099546494946,0.00617492734152358,0.000389088607722634,0.0479478291209281,0.00439008983749795,0.0916285848351793,0.00206081620814567,0.000237418052284044,0.000423390389893555,0.00534690112897053,0.115319140727217,0.0896064133320363,0.0552996928137541,0.996366638960252,4.38178785546899e-05,0.00115024540955599,0.0115924686298075,0.706233010078121,0.0454591051816089,0.158970198729641,0.000140439942012978,0.00188646943131028,0.0034916510944109,0.0686126188460454,0.00499700171371048
0.00180342789124228,0.760870303454048,0.000581914401954174,0,0.00140013597643193,0.00495151369298415,0.0222950837409726,0.0072761762196366,0.00714585354296163,0.00322776153891522,0.235805690394819,0.0012713310958768,1.21111271566279,0.0120081847130086,0.00198020377958311,0.215765679748289,0.000773870424721653,0.00482053054748331,3.2781405186224e-05,0.000533937009528959,0.103884421822503,0.516184823767133,0.241180730793377,0.140833532911937,0,0.075241217769817,0.816331750674882,0.103987541300772,0.0103021121484443,0.00342855019903648,0.287933061080137,0.00163348404234649,0.000686833230693268,0.00981009334338125,0.000335130598667729,0.0219982239094992,0.047301947285719,0.0266875642846061,0.0060028533963236,0.0522698966763743,0.00410026357050158,0.0103310073588503,0.00262850127178895,0.0128828813150048,0.00164855953170614,0.000849872498334946,0.00906855467816768,0.000739192601537811,0.0187132912498019,7.35799519501805e-05,0.045072114344358,0.000143847471390348,0,0.000201072320176935,0.000197969560429144,0.00146517946027588,0.00145779933966655,0.00142417123074636,5.76813692685127e-05,0.162482424221118,0.000132252898500395,0.292715131226879,0.0006370381941679,5.95368560499072e-05,0.00418971358307556,0.00012014378068428,0.0046108401068381,0,0,0.0033485220662739,0.0092656396671732,0.00153081874127396,0.00467151145556125,0.261740399369457,0.402470679678514,0.479415403772937,0.0134853279649013,0.00095641678927324,0.00722161752929088,0.233535820421882,0,9.53227630572798e-05,0.00275996993999049,0.000116541723619866
0.0029917670561753,0.0196883874861362,3.01749030302559,0,0.000744126960062027,0.000892956863586257,0.0107530383081897,0.00399948035512385,0.000388178865364159,0.000924267333355865,0.286141884121733,0.000776349442951047,0.0309194232807862,0.0115152423684638,0.0002127136612391,0.00487771653574757,0.813735645226569,0.343074522902523,0.350758004224306,0.000134618796322667,0.162791999148473,0.00381444853518575,0.929354623086712,0.00224042328522971,0.075241217769817,0,2.38296609729575,0.0290832764152785,0.0109679476827215,0.090889176023689,0.0971179572493747,0.00546452553290111,0.000417764034478283,0.148726914314616,0.0206845507071052,0.636322080450193,1.02932857835674,0.264526443874644,0.102728109529909,0.00314093837160809,0.0253638861570197,0.00861446542345587,0.00494666883445176,0.0842928210925142,0.00635701529996136,0.0041981664631711,0.000367798725894034,0.00014618869094283,0.00115993167546428,0,0.0533256008297593,0.00328793367785108,0,0.000973107542414547,0,0.000107549930432295,0,0.000954819058867088,0.000268622156410074,0.143536519784163,0.00199267485619313,0.0682728091994091,0,0.00180686131679757,0.0106408368877736,0.000623518198560726,0.0439151116404043,0.00182095459451398,0,0.000276936600114996,0.024606326035449,0.00312786251733454,0.0017358148500789,0.0323097075858818,1.34553352674727,1.33798479355015,0.000292091386047256,0,0.000294048234295303,0.170899573348056,0,0,0.00322111410633271,0.0235409946259302
0.00548359691129991,2.8117608442495,0.921206233288402,0.000131756787251437,0.00417334827149109,0.00164065669093108,0.0156625210714332,0.00858810251913619,0.00220672225937474,0.00234540424228826,0.459345967983418,0.00166580175464729,0.872042979631118,0.0337658853471507,0.00193728320421848,0.681863862622208,0.722142421511049,0.31713133338602,0.259580559167956,0.000899721290374018,0.254932871978506,1.14622673421855,2.06356682154274,0.0320632290598951,0.816331750674882,2.38296609729575,0,0.086320535458094,0.0238560783743144,0.0572002356686275,0.310168605091597,0.0162935260588482,0.000535485998601687,0.333168477412675,0.0508107665007391,0.841984657008777,1.96003202149996,1.23135913389236,0.445729691719693,0.0274859111414827,0.0874394691349571,0.0123849905797333,0.102566289600873,0.514684542489091,0.0919794609552375,0.0580308524768001,0.0124111459144956,0.0105940538418289,0.00174658412265727,8.31079298154831e-05,0.619461518820349,0.146631208629861,3.50233364667892e-05,0.0035712904343874,0,0.00613403723657809,7.33305633790254e-05,0.0274137257193454,0,0.0442274195711003,0.000725255603691441,0.0310387373734386,0.000230909988904739,0.00497458294858836,1.12331701653866,0.025482371444436,0.0675122465141667,0.0298895070990586,0,0.142283457960396,0.423405710972714,1.00313669780033,0.0552814021594792,0.0371428930465795,1.26349123962312,11.4044904275218,0.0666738026756235,0.00118386790159394,0.0359063019272144,0.0362910136057097,0.000128270533993364,0.000579976882683348,0.127525117096038,0.0820454346714087
