0,2.30109125375748,159.50789770484,1.6403671503067,4.16472119092941,53.5630068778992,2377.11164876819,1810.91433927417,12.9754938483238,48.7563340067863,47.6291826069355,11.2418494522572,11.0803624391556,12774.796954751,4.83182516694069,0,377.00304043293,29.0068777501583,93.8273933827877,6.65569695830345,77.4400309324265,0,360.140959173441,81.9856325387955,0,165.087004303932,181.61981984973,45.2493843436241,6695.5103174746,9081.33362862468,17.9148911237717,115.306949019432,23.7592291235924,243.123855471611,23.9511877298355,86.5298908948898,22.1097252964973,133.014269083738,42.0707148015499,14.9294948875904,16.321937084198,16.5199838280678,0.507386386394501,0.539891242980957,1.01491117477417,0,1.70859816670418,1.89125728607178,1.69857722520828,0,4.44283211231232,5.07094115018845,0.459589928388596,0,0.615782976150513,0.759768426418304,0,2.22585672140121,0,0,1.55300933122635,2.98079943656921,0,0,0,0,0,0,2.09403043985367,0.498794764280319,0.4289211332798,2.95455896854401,7.47434377670288,0,1.45381772518158,23.9187645018101,4.45065686106682,0.73393189907074,0,0,0.518366515636444,0,0,8.05286431312561
2.30109125375748,0,79.865209788084,19.3880123496056,31.7428161799908,4.92336151003838,9.29752153158188,17.6865209341049,2195.79318541288,9.59637859463692,699.051363766193,13.9256528019905,648.825047343969,16.7703139781952,237.054184526205,1328.20300984383,293.371883541346,15.6155373454094,74.8925581276417,17.9152620732784,151.834046810865,6995.52939921618,171.146156400442,5922.65571120381,3390.78937330842,540.923033863306,36203.2625282407,339.528280168772,49.2981767058372,22.2259251773357,35.6152940094471,3.46990492939949,6.55559495091438,230.524192005396,41.232062548399,432.21589115262,258.452348619699,160.51737716794,92.6555700302124,76.7051033377647,11.6539172530174,429.068330943584,113.386339575052,172.172870069742,45.3458722233772,69.0035820305347,6.1902411878109,0,35.1233705878258,0,1276.57232117653,103.016137033701,9.45377498865128,1.14831340312958,0,3.90287977457047,6.30686944723129,19.6929385662079,0,137.159148395061,13.0575985610485,519.994411170483,2.52095752954483,1.61023938655853,99.4462353885174,42.4863834679127,21.6251021623611,15.4415537118912,0,18.0178636014462,95.8607540130615,87.050608843565,90.4587356448174,561.170653581619,709.397982507944,4728.62869051099,22.4671519994736,5.80053073167801,10.07386469841,144.308295547962,3.17291986942291,0,32.0510365068913,43.9152546525002
159.50789770484,79.865209788084,0,2.60537993907928,19.2843993008137,292.568290561438,1452.51604273915,2678.42993892729,23.5379840433598,68.6994990110397,123.04726177454,6.36862978339195,5.66634339094162,1156.01338744164,33.9050925076008,61.1518650054932,9392.08244644105,157.309997260571,813.107863098383,2.88132762908936,3054.87890127301,73.3008047640324,54519.3269222975,235.234460681677,6.57498395442963,28118.1642494202,22407.6756585389,1642.285874933,963.211545526981,2600.48227345943,9.95286309719086,59.7240838110447,108.424288183451,2500.42537286878,665.246473640203,3835.54003457725,1117.46110144258,2141.67968016863,1744.10755294561,106.145825356245,196.126697301865,74.1697324812412,354.182554244995,58.6707079410553,68.9263472855091,168.038954079151,10.0450212955475,10.209229528904,15.360013127327,1.63405132293701,133.754033952951,618.859230548143,0,9.0858166217804,0.539230704307556,34.5254549086094,10.5478394329548,5.91612502932549,2.92452612519264,3.66618371009827,2.17269378900528,5.21890708804131,10.4361997246742,3.11843329668045,35.7949670553207,182.838995635509,6.63254746794701,30.6382166147232,1.44754922389984,33.088318169117,34.2990172803402,268.869087398052,62.603967666626,7.07576069235802,325.367910087109,3609.4689424336,50.5509829223156,2.60001710057259,43.6835106015205,0,0,0.616103708744049,19.2170065939426,711.918121486902
1.6403671503067,19.3880123496056,2.60537993907928,0,51.2867603003979,12.7890149354935,137.689494639635,34.0285122096539,3527.62436309457,1152.88320940733,7.06692391633987,119.135006129742,2.13158810138702,29.4502317011356,311.799593776464,0,0.472399294376373,3.70299708843231,2.40526327490807,12240.4870503545,1.50514334440231,35.6952214837074,7.64908328652382,2996.91238051653,3.98664504289627,3.53139740228653,19.2259175777435,9550.30449986458,64.9927680790424,1.90185675024986,0,7.71344354748726,3.1818268597126,25.992212831974,27.2056878209114,366.315494507551,9.29052233695984,16.3193984925747,23.7482568621635,283.367776781321,21.4581670165062,10.9768152236938,128.275977253914,4.79584264755249,29.8514451384544,4.73741662502289,369.516436874866,27.6179002225399,9.9292408823967,0,0,0.694926202297211,1074.61532860994,31.2575897574425,46.3079805970192,270.752421945333,52.363605260849,541.937566131353,1088.2393541038,0,491.220305085182,0,13.1893597245216,225.960900425911,2.45188897848129,0,0,0,685.657400757074,4.74448424577713,0.944635003805161,6.53438448905945,959.057878047228,0,0,2.54058229923248,1020.85154527426,7.73044171929359,7.96612286567688,0,10.3760502040386,0,25.8268226087093,9.32302278280258
4.16472119092941,31.7428161799908,19.2843993008137,51.2867603003979,0,3203.28584575653,289.937263011932,103.731766432524,850.584350883961,497.244552701712,9.83724617958069,1279.74439740181,6.07294410467148,24.677110940218,4039.11067253351,85.8136501312256,26.1450843811035,0,13.5467608571053,290.01037093997,855.047248840332,64.6431810557842,611.308927327394,501.006597876549,14.6766368150711,19.6853848099709,165.938987582922,556.129181683064,115.641886293888,449.204818338156,3.37545120716095,113.542684823275,40.633814483881,106.065081685781,2549.70748010278,912.557678490877,134.059442460537,66.952486872673,32.373134970665,18386.941925317,1522.42829290032,42.1842841506004,77.7382145524025,101.44419580698,14.4122785329819,191.004877507687,206.852553486824,9.93925762176514,37.3179731965065,0,0.869398474693298,21.5083885192871,51.6814903914928,16.3170910477638,25.2230021357536,45.1415489315987,12.2997236847878,33.3236913383007,148.2429074049,8.02676719427109,122.56220343709,0,12.3478478491306,81.180599629879,29.1162684261799,6.70154732465744,9.5884775519371,8.99826854467392,85.2627560794353,47.046459376812,19.1702598035336,145.301418840885,162.513291865587,0,45.2551856040955,187.566609293222,179.992066055536,9.45930710434914,41.9555036723614,0,14.859495818615,0.61512702703476,8.06330472230911,2794.35221040249
53.5630068778992,4.92336151003838,292.568290561438,12.7890149354935,3203.28584575653,0,5775.64238394797,10043.9346220791,238.834313705564,32970.5564460903,663.959464728832,10573.8864395022,137.789862573147,912.403875023127,6204.3789896667,2.5281874537468,148.253630936146,101.60007250309,114.759172514081,870.1823592484,43.6534611880779,4.2606058716774,469.18519872427,183.079199403524,16.7665863037109,311.697553768754,188.683696359396,528.451999157667,1280.02722671628,712.751267939806,188.772676944733,2800.58478760719,6.40097549557686,923.320718660951,1550.9362295568,3328.84615513682,258.237738132477,436.584473967552,329.539989858866,9117.33310689032,1340.46163749695,581.795421898365,276.664613693953,40.2179335951805,90.0001488924026,19.1456021666527,348.404351741076,59.539969265461,179.754570871592,0.714727401733398,1.29029470682144,13.367235571146,87.623032823205,12.2309468686581,32.5391944944859,342.203486055136,49.4969381093979,129.245873898268,475.66662992537,6.53688764572144,158.370543420315,21.0403959751129,49.7415989935398,62.9688209295273,55.6891331970692,0,0,0,171.309945464134,55.3847115635872,15.7857867181301,68.8805370032787,904.425636783242,7.11096328496933,1.03741681575775,78.9565422683954,906.710671275854,27.4318424165249,113.24207893014,0,18.3254151940346,2.8314768075943,62.6111980974674,132.253434091806
2377.11164876819,9.29752153158188,1452.51604273915,137.689494639635,289.937263011932,5775.64238394797,0,26210.6029948592,856.231839343905,22949.1336085796,1119.43355169892,287.731765508652,241.698879659176,39917.6769939065,477.245656132698,53.4505107104778,299.060459077358,268.116858720779,279.549352675676,152.388905018568,265.877414941788,35.895937204361,5250.34852722287,10965.821123451,13.5926623344421,819.766867920756,1073.25462421775,75986.1453899443,4561.70734551549,9854.36298537254,324.228976458311,1147.00598177314,178.141739338636,2756.95201531053,1572.89820238948,9975.28642046452,866.431488633156,1919.56260427833,1866.56357774138,2338.92521318793,1605.18842619658,917.401345223188,265.222566992044,29.9704456031322,114.975752055645,29.5046924948692,309.145350813866,93.8606212437153,165.550743669271,2.42704498767853,24.3021421432495,61.4268237054348,211.069732487202,18.802990436554,30.3782189190388,383.791573822498,61.1084190905094,298.168622195721,942.425507485867,7.49642565846443,207.830689758062,16.4991192519665,32.7433196604252,93.2573710083961,73.599255785346,6.5305067896843,0,2.74121195077896,361.237892627716,37.4452679157257,50.4840661883354,135.989067643881,1096.02368474007,4.44411164522171,4.01248887181282,670.604232937098,1146.56224215031,29.96851593256,36.3981667459011,0,13.9406144618988,3.25113528966904,53.15901735425,188.219329833984
1810.91433927417,17.6865209341049,2678.42993892729,34.0285122096539,103.731766432524,10043.9346220791,26210.6029948592,0,158.445485949516,8446.08787733316,974.432419061661,993.854106485844,170.807189762592,17655.0968542397,104.325123518705,9.46830257773399,2552.93575412035,248.829686522484,843.999211370945,298.827633872628,516.594309836626,16.7610790133476,4655.6274766326,668.367754787207,13.1647220849991,1936.721029073,1789.60867284238,2206.54034337401,4136.19732570648,14312.9997847378,209.25445407629,2044.2547763586,88.0746296942234,1991.92583449185,136.659971028566,2652.18483775854,355.159993678331,1177.36860407889,550.762392282486,1529.64566299319,832.466339856386,547.705516755581,63.7288912832737,31.179483383894,34.3241707384586,19.9035473763943,67.3947219252586,31.915728777647,99.5563403666019,0,18.8945672512054,41.0561770200729,21.5805214643478,1.51105904579163,3.26922678947449,52.283280313015,5.97861233353615,36.2088614404202,81.391153305769,6.86820948123932,24.9744690060616,20.5629180073738,2.10170292854309,8.29562717676163,19.6631914973259,1.7144593000412,0,0,42.0715328752995,15.4666499197483,8.22287681698799,32.3826450109482,241.82397121191,7.47597193717957,14.5771315395832,294.530740857124,189.540320470929,6.22905343770981,26.1717582643032,0.75483775138855,5.26916164159775,1.77049291133881,13.4223640561104,22.7663305401802
12.9754938483238,2195.79318541288,23.5379840433598,3527.62436309457,850.584350883961,238.834313705564,856.231839343905,158.445485949516,0,2257.980787009,240.135778993368,1846.88284265995,151.119806200266,214.227338790894,5304.71219915152,371.553946048021,12.4662878513336,12.4843851029873,15.5524999797344,2544.13678100705,211.503021329641,5620.75045618415,92.4728921949863,27924.137622118,1179.31174963713,42.5773769915104,2524.39615628123,7300.87933593988,748.380511045456,113.169144690037,20.691535115242,34.0838848948479,123.441341727972,227.195406138897,326.785548716784,942.252131134272,94.9204391539097,91.0397039055824,98.2638509273529,2286.40066227317,76.8204229474068,137.621628910303,369.071049869061,87.700704574585,66.4724181890488,41.572783946991,221.508052051067,64.5983411371708,27.0961331725121,3.93837106227875,18.0904185771942,23.9474010467529,685.412310510874,26.6699247360229,54.5274305343628,824.280401915312,116.060088992119,5110.38340711594,1595.36674299836,41.3588229119778,357.970741301775,160.716806173325,77.9914281666279,160.175111144781,604.339310139418,5.77358761429787,14.1591748893261,3.15215775370598,548.982426792383,503.819543242455,1302.40391883254,337.99707493186,5713.83725169301,33.0974964499474,46.5486939251423,244.351067841053,4165.47086852789,86.3530422747135,254.648425251245,32.0713494420052,10.364698857069,7.65168243646622,98.8420704305172,110.696628928185
48.7563340067863,9.59637859463692,68.6994990110397,1152.88320940733,497.244552701712,32970.5564460903,22949.1336085796,8446.08787733316,2257.980787009,0,1560.5142929256,6950.18219575286,355.475732624531,3106.83635741472,1341.97606509924,21.6197653412819,45.1112370491028,336.258577883244,225.022340625525,8659.10255229473,55.7482071518898,13.9250763356686,278.160475343466,481.46892413497,23.1634833812714,532.151247173548,285.338994532824,5007.35410714149,3387.32757350802,257.610777765512,421.035958588123,2116.81932717562,38.1802087724209,2755.36176605523,1322.93359139562,15786.312736094,956.811580330133,1433.30899125338,1858.23381966352,4361.62882432342,2827.51898279786,1588.91851368546,822.076078951359,56.6595304310322,233.121187508106,52.2391621768475,1333.86222499609,198.858766108751,339.41174146533,1.57038545608521,3.61220836639404,16.7897593080997,999.828261554241,65.6639220416546,144.695754796267,1202.73892059922,196.748606145382,803.80020776391,3394.63851854205,19.6670987308025,963.686662763357,32.0931778848171,84.1291691362858,471.02506506443,99.4654474854469,1.13908886909485,0,0,1442.31479334831,85.7462829351425,26.9462536275387,147.93429222703,3216.44828337431,5.76892572641373,0.77074807882309,72.609337747097,3726.55333560705,78.7599512934685,128.688480079174,0,42.9854395091534,2.42262157797813,179.070453494787,109.630516767502
47.6291826069355,699.051363766193,123.04726177454,7.06692391633987,9.83724617958069,663.959464728832,1119.43355169892,974.432419061661,240.135778993368,1560.5142929256,0,450.069734156132,15860.7571914494,448.669787228107,36.4890534281731,42.2284948527813,1446.52314311266,17603.4934310615,5860.65036119521,113.651772171259,257.582665711641,627.899290204048,826.855211734772,485.942820459604,1498.86684286594,12835.1157116294,2556.79211938381,184.008943170309,1772.01226347685,572.492842525244,7810.70984902978,760.803391247988,56.6736222505569,12093.8791925311,220.713990002871,1492.46629446745,4917.64422556758,7460.56433838606,1490.52504694462,159.091465860605,184.018906384706,4885.6932951808,27.7032778561115,1346.66695868969,107.879383474588,38.0028693079948,18.3056817650795,33.5691371560097,1033.55583822727,0,290.919406831264,13.5395792424679,0.522704303264618,0.686755836009979,3.70544582605362,3.72047245502472,6.56268700957298,61.2719373106956,5.98171931505203,1519.26970681548,11.3269543945789,3318.14777320623,8.17623823881149,8.92856329679489,1.75695264339447,3.82397615909576,61.2534646391869,3.35652589797974,2.63834267854691,4.40692090988159,64.2338439524174,7.99307146668434,68.913848400116,721.604405552149,454.883837014437,569.469917684793,7.90523865818977,23.6278282999992,0.84079784154892,453.287328124046,33.978309571743,0,169.312690496445,134.984368979931
11.2418494522572,13.9256528019905,6.36862978339195,119.135006129742,1279.74439740181,10573.8864395022,287.731765508652,993.854106485844,1846.88284265995,6950.18219575286,450.069734156132,0,100.70282971859,300.005865931511,6942.86334216595,2.11354246735573,10.0399005413055,82.3154399394989,55.4166396260262,7369.82161593437,4.34297430515289,23.9097121655941,22.4664041996002,653.578192651272,10.5456552505493,123.216768592596,55.6933116912842,98.0586029589176,616.450644284487,48.8312809467316,110.139721214771,828.810810804367,5.08579006791115,588.013813316822,3169.4125533402,4247.98164606094,303.859431236982,317.482614606619,380.118358016014,4113.74470812082,775.514313995838,477.58400028944,71.7694878876209,12.2004824578762,41.4830976724625,7.89731308817863,348.074645996094,39.3366969525814,110.341708123684,0,1.16502261161804,0.62446391582489,245.487108588219,37.6945168375969,52.4898526668549,88.8281757831573,26.8603481054306,111.909844279289,491.295304238796,3.74404472112656,911.525384128094,6.4175129532814,17.5492067635059,223.056103557348,30.5761239230633,0,2.10423362255096,0,342.636257588863,15.6253804266453,3.30528938770294,38.7516950070858,304.712175607681,4.67638349533081,0,12.6751008331776,412.576810419559,16.745815217495,15.3523473143578,0.520614624023438,11.1142742335796,0,14.5839043259621,316.945704162121
11.0803624391556,648.825047343969,5.66634339094162,2.13158810138702,6.07294410467148,137.789862573147,241.698879659176,170.807189762592,151.119806200266,355.475732624531,15860.7571914494,100.70282971859,0,79.0066808462143,26.366308093071,25.9906325340271,5.56336015462875,163.402272582054,31.118772059679,33.0083263218403,13.2986676990986,458.400425612926,26.6763578057289,290.934134989977,4345.80874675512,187.750430613756,2452.85656991601,51.3285670280457,231.696197032928,87.3026969432831,2538.01189357042,146.574902892113,4.07108515501022,1348.15304225683,55.2652577757835,298.084138929844,4103.75778630376,1143.83338099718,174.3726785779,38.6254185438156,55.5719444155693,6802.43869164586,61.5022791624069,3413.92360860109,260.666208416224,53.6708755791187,24.6547210216522,23.0200726389885,1308.47352316976,0,507.861155211926,0.61612468957901,0,0.525519728660583,6.20045933127403,3.22428461909294,13.1761508584023,137.4176877141,10.2637652158737,4170.24617218971,11.7384052574635,14569.9779027402,7.89172118902206,12.7127987146378,1.49636098742485,3.29385459423065,401.372621387243,8.74508893489838,0.648277938365936,1.10921210050583,186.914769649506,0.72987562417984,118.892320871353,1995.44380030036,2768.24881383777,2771.1321208477,3.90239250659943,85.1607940196991,0,3786.57952857018,60.078397154808,0,465.18246948719,20.7455062270164
12774.796954751,16.7703139781952,1156.01338744164,29.4502317011356,24.677110940218,912.403875023127,39917.6769939065,17655.0968542397,214.227338790894,3106.83635741472,448.669787228107,300.005865931511,79.0066808462143,0,75.5736680626869,1.73724946379662,1857.6900562644,144.586106479168,506.266764968634,125.230442762375,416.525354087353,7.01144823431969,2376.540438205,850.897839426994,11.1062409579754,1067.65772384405,1047.73957186937,1048.72423747182,18067.5109031796,19877.3115150928,111.34734198451,1074.64242997766,181.779998481274,1491.89817282557,125.285662591457,806.351695001125,176.371073693037,956.008097320795,325.361147403717,199.186180949211,287.126973241568,185.309455960989,30.7547261118889,9.05135059356689,12.4376559853554,4.6665586233139,30.1890516579151,5.62354421615601,25.7296851873398,0,17.5483613908291,17.5808309018612,9.84139502048492,2.37711849808693,1.49099689722061,32.6234679818153,3.78215155005455,40.339497178793,26.6901165246964,1.89659255743027,8.38894551992416,7.55586993694305,0.787826061248779,5.96625137329102,9.14737415313721,4.78358462452888,0,0.366628646850586,11.5789180696011,4.17828387022018,7.06074032187462,15.6635553240776,146.107827335596,0,6.51655730605125,117.31066429615,112.049748048186,5.2316674888134,18.6725881397724,0,1.27218717336655,0,2.67692574858665,15.2246106266975
4.83182516694069,237.054184526205,33.9050925076008,311.799593776464,4039.11067253351,6204.3789896667,477.245656132698,104.325123518705,5304.71219915152,1341.97606509924,36.4890534281731,6942.86334216595,26.366308093071,75.5736680626869,0,21.1990354061127,29.5869885087013,4.4926278591156,18.676462739706,1120.39577895403,470.979131668806,437.731887608767,300.476467192173,2509.55064830184,93.2706177532673,32.6083062291145,341.524868756533,1442.61545723677,237.81057754159,620.897741615772,7.75685623288155,332.894522219896,61.7832163870335,147.267944276333,2164.29187816381,626.558380275965,68.8612866103649,452.688139498234,203.246129661798,5679.16198945045,129.966893792152,273.222593873739,156.455031335354,30.6494542062283,34.9778235554695,31.2828833460808,793.134177088737,53.8552355766296,69.5856259763241,0.830383718013763,1.81375473737717,12.1137907505035,321.399078071117,54.9655517041683,96.2866746783257,190.723789334297,66.0480388998985,213.218784987926,924.666551589966,5.51431196928024,612.392490833998,3.65248334407806,37.2064054906368,391.433412373066,40.9256472885609,0,3.91102331876755,2.41447299718857,489.940997034311,55.8630919158459,40.3864160776138,43.8740727007389,729.931157648563,2.33486902713776,3.99889403581619,37.8641559183598,948.350758433342,26.1762017011642,46.024499475956,0.972307562828064,39.7339130342007,0,26.370099902153,306.473198890686
0,1328.20300984383,61.1518650054932,0,85.8136501312256,2.5281874537468,53.4505107104778,9.46830257773399,371.553946048021,21.6197653412819,42.2284948527813,2.11354246735573,25.9906325340271,1.73724946379662,21.1990354061127,0,31.0508804321289,15.3523346483707,49.1262735426426,1.32843106985092,21334.532140851,9869.46228840947,11747.28399086,5653.57835265994,215.47717961669,81.8042252659798,17272.8538330495,3957.54849019647,8.78523313999176,32.0639137327671,2.63559544086456,0,4.60276049375534,85.90650421381,992.506024807692,7254.07118362188,2579.96094956994,897.799789100885,830.994659513235,95.7320987284184,101.25912976265,161.824387133121,703.381788402796,220.07836163044,192.833996266127,198.094344973564,490.83229470253,44.3744907975197,148.728937327862,0.741902112960815,138.807883352041,147.024185717106,6.07539245486259,21.6572643518448,30.4197733104229,184.636988252401,42.2684821784496,88.9470116198063,62.0906292796135,10.8695266544819,34.3406679332256,27.3200401067734,50.4936557412148,30.625440120697,8042.96346276999,34.1118206083775,7.89287438988686,10.8435326814651,19.1519934237003,1681.32185852528,4656.5902312696,8745.53946906328,1009.43523529172,6.21336781978607,25.8447469472885,8385.04491659999,1199.88787472248,57.7286870181561,294.341352969408,3.4485896229744,46.5470597147942,7.69573873281479,41.0859469473362,580.330163419247
377.00304043293,293.371883541346,9392.08244644105,0.472399294376373,26.1450843811035,148.253630936146,299.060459077358,2552.93575412035,12.4662878513336,45.1112370491028,1446.52314311266,10.0399005413055,5.56336015462875,1857.6900562644,29.5869885087013,31.0508804321289,0,2028.24359172583,11974.1190226376,4.74405783414841,1783.44933503866,65.7833436727524,11007.8388348371,78.7178379297256,10.1489733755589,11153.9928022474,19798.6804598719,435.91185849905,2418.53943657875,4866.90699759126,30.2248158752918,79.0672859549522,341.090920835733,8424.03297278285,307.273296952248,1811.63400483131,1296.01126208901,2372.54997715354,992.346526235342,65.8488433659077,155.288416147232,90.3614150285721,319.013459414244,61.2081870138645,110.308535844088,132.899341881275,4.22902736067772,5.03467032313347,9.20727968215942,0,267.867245644331,801.569599241018,1.54260742664337,8.65817677974701,0.403773427009583,22.938412040472,12.071426898241,7.54988998174667,0.434160500764847,4.09297528862953,0,14.998743057251,11.3427127599716,1.68223351240158,5.57851052284241,261.395125091076,11.1742999255657,24.9465949237347,0,19.9481147527695,16.3087024688721,224.861958473921,17.3752696216106,39.8638783693314,934.350093483925,5129.16401299834,9.45836421847343,5.38128045201302,30.0650597512722,3.43597882986069,0,4.47165530920029,26.5981341600418,210.94046241045
29.0068777501583,15.6155373454094,157.309997260571,3.70299708843231,0,101.60007250309,268.116858720779,248.829686522484,12.4843851029873,336.258577883244,17603.4934310615,82.3154399394989,163.402272582054,144.586106479168,4.4926278591156,15.3523346483707,2028.24359172583,0,10348.5937772691,24.283135175705,182.492699861526,5.61040338873863,640.788570195436,48.4627971053123,16.8832341432571,17159.0277112424,2838.01034969091,58.7841199338436,358.593684583902,251.5264993608,1906.23794060946,75.2329734861851,34.2273597121239,3158.17843225598,152.825068682432,1073.39556610584,2553.68881079555,4769.47671207786,1145.11132618785,41.4079902470112,74.0317159891129,24.2581048607826,10.8057289719582,23.007739007473,3.89859208464622,23.2646486759186,0,1.23627579212189,5.37459599971771,0,15.1355218589306,25.3470356166363,0.402410417795181,6.19139862060547,0,0,0,1.45085975527763,1.14090526103973,8.08745962381363,0,56.511696845293,0.783575475215912,0.541731119155884,2.87343254685402,8.18351206183434,10.7456856667995,3.39791205525398,0,1.47649121284485,0.92039355635643,6.41716891527176,2.01147156953812,21.7113950550556,196.927472293377,379.795434474945,0.567734479904175,0,0.481817781925201,35.3835803866386,0,0,0.799724757671356,132.891238808632
93.8273933827877,74.8925581276417,813.107863098383,2.40526327490807,13.5467608571053,114.759172514081,279.549352675676,843.999211370945,15.5524999797344,225.022340625525,5860.65036119521,55.4166396260262,31.118772059679,506.266764968634,18.676462739706,49.1262735426426,11974.1190226376,10348.5937772691,0,13.6557045578957,999.725820600986,26.4468974769115,3585.57978837192,82.0880698859692,37.8632929623127,17760.1089015901,6214.49276492,208.484925717115,868.806539490819,806.479775369167,329.207843780518,60.595893830061,132.147205889225,11201.5283819586,502.411736369133,3376.27116113901,2916.02924078703,4538.92847391963,2413.17376625538,58.4200811982155,205.763612419367,49.5219439864159,51.247434347868,43.0847365260124,16.9849277734756,87.8562278151512,1.88256007432938,12.5699970722198,5.02048650383949,0,43.6144194602966,123.919858962297,0,8.87675034999847,0,0,0,2.66177880764008,0,5.49251186847687,0,79.0743152797222,0.512243330478668,1.5535301566124,4.8730029463768,40.751497477293,18.6973851025105,18.4152056872845,0,2.58228784799576,9.6735235452652,36.2367908358574,2.67931738495827,48.0296961069107,706.406691282988,1575.37934219837,2.50206661224365,0,2.50138720870018,53.1890548169613,0,0,5.62927740812302,414.531448453665
6.65569695830345,17.9152620732784,2.88132762908936,12240.4870503545,290.01037093997,870.1823592484,152.388905018568,298.827633872628,2544.13678100705,8659.10255229473,113.651772171259,7369.82161593437,33.0083263218403,125.230442762375,1120.39577895403,1.32843106985092,4.74405783414841,24.283135175705,13.6557045578957,0,5.075035572052,41.8939646780491,22.5977364778519,2510.29399651289,5.47071498632431,39.0337251722813,39.3983237147331,2144.04487785697,228.579205214977,13.425003349781,63.9392450749874,206.190294981003,4.48927262425423,189.633227348328,80.8159846961498,1869.63041824102,115.567451387644,92.4612784981728,148.631346732378,1284.73888212442,255.883615165949,166.94277086854,154.286330252886,14.4721845388412,34.69190710783,8.30281206965446,430.710164248943,46.1004371345043,40.6612385809422,0,0.49484583735466,3.85956314206123,449.698539584875,38.1176401674747,78.8373499214649,284.189937084913,57.4108276665211,307.784303456545,1217.00642776489,5.47179165482521,543.092970848083,1.14501655101776,26.8547082841396,285.926062643528,19.7544969022274,0,0,0,584.478468030691,21.7087219953537,6.66475260257721,28.6600886583328,960.86141616106,0.777360498905182,0,15.2926296293736,1286.70811876655,25.6543238162994,30.8533281385899,0,25.409942060709,1.05433022975922,32.6157199442387,20.3169593513012
77.4400309324265,151.834046810865,3054.87890127301,1.50514334440231,855.047248840332,43.6534611880779,265.877414941788,516.594309836626,211.503021329641,55.7482071518898,257.582665711641,4.34297430515289,13.2986676990986,416.525354087353,470.979131668806,21334.532140851,1783.44933503866,182.492699861526,999.725820600986,5.075035572052,0,811.423543095589,69740.1848715544,971.236067831516,22.5798371434212,1233.6997461915,7822.18948933482,6480.253452003,970.671539336443,26841.3778316677,28.7458379566669,20.5724966824055,342.693267792463,11681.474606961,6794.15064671636,17715.5202468634,2705.01928707957,16414.2114938796,6215.37674203515,446.91417658329,932.543861180544,332.948021113873,170.165642946959,95.6308550536633,53.1606432199478,189.078809678555,254.599281430244,50.3535300195217,222.969764381647,2.12786686420441,38.1644743382931,125.281763285398,1.76519042253494,42.8090818822384,15.1927682459354,51.6826326847076,23.072904586792,55.5322846472263,31.9913747012615,3.36813592910767,13.1657478511333,0.485835611820221,29.7582775056362,23.3240948319435,1772.22870498896,31.8972714841366,1.64471954107285,4.35887312889099,4.28345862030983,1091.84242916107,871.351144939661,1081.17785280943,648.462794780731,4.19504714012146,81.9995145797729,1673.88607609272,794.141276955605,40.6472491621971,243.266071408987,0,23.9795745015144,6.92847037315369,23.3522607386112,1772.71277907491
0,6995.52939921618,73.3008047640324,35.6952214837074,64.6431810557842,4.2606058716774,35.895937204361,16.7610790133476,5620.75045618415,13.9250763356686,627.899290204048,23.9097121655941,458.400425612926,7.01144823431969,437.731887608767,9869.46228840947,65.7833436727524,5.61040338873863,26.4468974769115,41.8939646780491,811.423543095589,0,1337.66861835122,22890.7471178174,2481.19249418378,98.1279680728912,22070.5474347174,1408.83184233308,40.9141470193863,20.2799266278744,34.9319995045662,7.76957497000694,11.0716999769211,105.886877924204,92.8121598958969,540.031980603933,268.697778970003,145.157744735479,63.1605114042759,142.469596922398,13.7460677027702,356.330967217684,427.904384851456,223.9842877388,97.6508752703667,99.1447561979294,75.2245426177979,13.9970684349537,69.9202832579613,0.573194622993469,790.182849168777,165.785775959492,21.0614998042583,6.10647130012512,8.39550068974495,45.6472907364368,16.2957699298859,62.9101410806179,8.68977922201157,154.815902382135,30.4769194722176,484.830219745636,18.3550587594509,23.9017878770828,3498.104093045,98.3728639185429,19.015588670969,12.2590358257294,5.93861925601959,855.805675923824,3418.11477056146,2952.36088380218,771.886727809906,81.7334645688534,177.570824116468,7152.11698722839,509.777540951967,23.3856920897961,145.927302062511,129.32658675313,14.3991368710995,2.04597836732864,42.7643448412418,55.9271438717842
360.140959173441,171.146156400442,54519.3269222975,7.64908328652382,611.308927327394,469.18519872427,5250.34852722287,4655.6274766326,92.4728921949863,278.160475343466,826.855211734772,22.4664041996002,26.6763578057289,2376.540438205,300.476467192173,11747.28399086,11007.8388348371,640.788570195436,3585.57978837192,22.5977364778519,69740.1848715544,1337.66861835122,0,1783.68679603934,8.36592984199524,8581.35197724402,45114.6009785384,19460.4810113013,2072.23782145977,18558.2935045063,74.2617452144623,119.959949612617,362.488628804684,14111.7867465317,7798.82373455167,37438.2364891469,13142.4142377377,26693.3946320713,13090.675452739,1165.74996626377,1321.33013346791,426.605605900288,1304.69782781601,352.657976597548,329.813126176596,961.463469386101,238.214320600033,84.8995771110058,124.406430870295,5.25040549039841,388.237448006868,1345.5876288414,1.57780504226685,118.140893042088,14.0512999594212,230.166593492031,47.1224230527878,68.1528396010399,47.1777895092964,6.6037150323391,20.4773120880127,4.6547224521637,54.254248291254,39.6699972748756,3661.30195873976,202.111650794744,15.1665866374969,43.9462493062019,14.8298283815384,531.41424369812,1735.89353901148,5313.77356955409,593.872503638268,11.572314530611,289.075934410095,16336.5016007125,675.318880558014,28.2255365848541,198.865708142519,2.59028279781342,21.2160412967205,4.49503660202026,69.6332424879074,6090.54309332371
81.9856325387955,5922.65571120381,235.234460681677,2996.91238051653,501.006597876549,183.079199403524,10965.821123451,668.367754787207,27924.137622118,481.46892413497,485.942820459604,653.578192651272,290.934134989977,850.897839426994,2509.55064830184,5653.57835265994,78.7178379297256,48.4627971053123,82.0880698859692,2510.29399651289,971.236067831516,22890.7471178174,1783.68679603934,0,2392.3587462306,198.721479922533,10566.4303168654,22067.8891052604,3617.05405807495,348.381211996078,61.4696079194546,89.3723908364773,1148.84345901012,1294.87896603346,2061.36135646701,6253.44009295106,1031.76690402627,789.516475647688,664.481482177973,1476.62789040804,339.434842258692,532.230583399534,1456.04516884685,255.244477421045,368.775511592627,149.712720543146,1104.44330835342,182.23691034317,394.855659127235,14.1977093815804,150.561205744743,149.066790789366,738.864922404289,49.9031261503696,116.22022369504,1427.45396232605,245.507179290056,2980.27505221963,1675.62162190676,85.6287365555763,507.320341050625,286.268715828657,276.263539224863,374.673202186823,2342.60562357306,27.6580830514431,3.18481948971748,3.07271614670753,658.613393723965,1929.8590528667,2396.31948268414,1623.18424740434,10193.4238310158,60.1122157275677,70.2277834415436,2184.19963008165,8295.02018579841,418.221799969673,1137.31558868289,44.6875344216824,72.6933351755142,41.8559816777706,317.956190615892,339.396305054426
0,3390.78937330842,6.57498395442963,3.98664504289627,14.6766368150711,16.7665863037109,13.5926623344421,13.1647220849991,1179.31174963713,23.1634833812714,1498.86684286594,10.5456552505493,4345.80874675512,11.1062409579754,93.2706177532673,215.47717961669,10.1489733755589,16.8832341432571,37.8632929623127,5.47071498632431,22.5798371434212,2481.19249418378,8.36592984199524,2392.3587462306,0,301.371168702841,11341.539346844,84.7313528358936,33.1590726971626,8.67529997229576,216.783532440662,7.3261661529541,3.59679347276688,231.46101474762,9.57966729998589,50.3785844147205,304.739486545324,105.759379476309,18.2968448400497,32.9414513111115,5.97290372848511,1584.6096944809,19.8218476176262,223.607626646757,31.0491308271885,17.7787487506866,2.4605485200882,0,121.347750067711,0,103.081007659435,2.0885988175869,4.19910818338394,0,0,1.93057289719582,0,23.708814740181,2.21764630079269,411.357524096966,9.79155844449997,2526.41548612714,1.48038935661316,3.24283236265182,9.04738566279411,1.14381673932076,34.5127259492874,2.5963676571846,0,0.758383691310883,32.2647136747837,11.0097149610519,41.5220835506916,2397.99838006496,497.461732000113,1706.88649389148,1.8855936229229,6.31483834981918,0,501.078869909048,5.49790555238724,0,42.5779522657394,1.20176124572754
165.087004303932,540.923033863306,28118.1642494202,3.53139740228653,19.6853848099709,311.697553768754,819.766867920756,1936.721029073,42.5773769915104,532.151247173548,12835.1157116294,123.216768592596,187.750430613756,1067.65772384405,32.6083062291145,81.8042252659798,11153.9928022474,17159.0277112424,17760.1089015901,39.0337251722813,1233.6997461915,98.1279680728912,8581.35197724402,198.721479922533,301.371168702841,0,45673.9607885033,530.3260858953,1304.04563605785,1538.61104333401,937.700894862413,167.523851037025,151.102462410927,5596.78033618629,1114.22658711672,8755.85289919376,12334.434985891,7309.758146137,4214.23751661181,101.702978700399,408.33848747611,117.183165609837,520.888903290033,594.078490287066,247.398815363646,392.785308510065,8.80016785860062,13.1589960455894,27.5996448397636,1.60711520910263,663.079770505428,811.081414699554,1.02204683423042,23.3450669050217,0,12.9972588121891,6.51395237445831,45.0304975807667,0.82393741607666,125.997379362583,3.49412342905998,1588.33957028389,9.84267631173134,10.059602946043,8.17996662855148,386.719453960657,386.352229326963,175.442395418882,0,34.0632438659668,69.317472755909,184.56407135725,83.0474197268486,919.332213461399,9319.46160054207,19268.7951124012,16.7079032957554,8.98338139057159,50.3549619317055,837.098981767893,2.87994080781937,2.33788692951202,124.26978713274,884.855951845646
181.61981984973,36203.2625282407,22407.6756585389,19.2259175777435,165.938987582922,188.683696359396,1073.25462421775,1789.60867284238,2524.39615628123,285.338994532824,2556.79211938381,55.6933116912842,2452.85656991601,1047.73957186937,341.524868756533,17272.8538330495,19798.6804598719,2838.01034969091,6214.49276492,39.3983237147331,7822.18948933482,22070.5474347174,45114.6009785384,10566.4303168654,11341.539346844,45673.9607885033,0,7106.6675978899,1498.64875543118,2535.43050387502,2697.68125200272,88.952671289444,298.748025923967,10743.8165835738,5050.69001296163,41207.6271042228,18751.9277625084,15938.8333881497,9147.64087077975,591.747194856405,1066.49682322145,875.09310477972,5470.97340852022,2661.63578820229,1686.72425633669,2142.98430356383,177.600260466337,83.558886051178,170.563653558493,17.9032405614853,7351.15431115031,7526.21419718862,11.6030267775059,100.600466012955,14.3247757554054,494.334992676973,165.439390599728,282.13504627347,27.1900429129601,1012.75557881594,29.7481253147125,9488.38314035535,144.484663546085,49.7573437988758,3329.35583776236,2300.53572976589,864.063212007284,582.819029778242,8.97176375985146,558.368961960077,3591.49404299259,7709.96273228526,947.11941075325,6427.63267245889,26241.8564362526,120196.317175746,713.15715867281,90.4167959690094,517.195493549109,3900.61720317602,32.7287731468678,12.9566423892975,576.782897293568,4758.89467969537
45.2493843436241,339.528280168772,1642.285874933,9550.30449986458,556.129181683064,528.451999157667,75986.1453899443,2206.54034337401,7300.87933593988,5007.35410714149,184.008943170309,98.0586029589176,51.3285670280457,1048.72423747182,1442.61545723677,3957.54849019647,435.91185849905,58.7841199338436,208.484925717115,2144.04487785697,6480.253452003,1408.83184233308,19460.4810113013,22067.8891052604,84.7313528358936,530.3260858953,7106.6675978899,0,2021.32600200176,35713.1179821342,41.6284847259521,139.505644381046,696.762344390154,2021.12006041408,4746.79746899009,13744.2963223457,1856.45935180783,3138.25022163987,1719.07046157122,1461.33459237218,685.842082738876,581.46303114295,1384.18447956443,235.168012648821,372.494286626577,156.85773485899,2067.81933033466,223.007101118565,626.614920943975,13.931387335062,74.9691433310509,191.648978680372,1324.45445328951,102.602662116289,188.770777106285,1900.14172759652,321.983658343554,2067.24132421613,3921.28732895851,13.2823414504528,1121.08445674181,9.0866012275219,260.295280307531,677.777520477772,2132.11091578007,24.9640074968338,0.445724576711655,1.27934789657593,1692.46980330348,1888.40064880252,1172.43708181381,1444.66332578659,7759.81621351838,2.49847716093063,19.3884562849998,1823.17227604985,8044.48680901527,373.386530041695,1156.97353744507,0,112.682153105736,31.1324700415134,330.481164455414,640.196088939905
6695.5103174746,49.2981767058372,963.211545526981,64.9927680790424,115.641886293888,1280.02722671628,4561.70734551549,4136.19732570648,748.380511045456,3387.32757350802,1772.01226347685,616.450644284487,231.696197032928,18067.5109031796,237.81057754159,8.78523313999176,2418.53943657875,358.593684583902,868.806539490819,228.579205214977,970.671539336443,40.9141470193863,2072.23782145977,3617.05405807495,33.1590726971626,1304.04563605785,1498.64875543118,2021.32600200176,0,12949.4481961727,339.955149561167,1226.11824691296,6629.17436602712,6844.9721802026,441.334321767092,1763.40606883168,331.347053706646,2638.66235840321,713.790441662073,530.585720211267,786.810802936554,438.201511144638,96.0537385642529,35.490720719099,32.6982587873936,14.6757782697678,132.676276981831,26.2550963759422,100.896709442139,2.51093548536301,12.9141552746296,31.3594216406345,67.7259038686752,3.05256921052933,5.89814922213554,120.389619410038,23.3665544688702,110.51466023922,119.155355155468,17.2488594055176,34.5147855579853,23.6390880346298,13.9268190264702,19.0036528110504,48.374497115612,9.1171735227108,0,0,37.0209372937679,50.6746217906475,26.0793322920799,38.6502896249294,471.282630801201,8.43703103065491,30.4261043667793,202.71636557579,461.05668091774,17.3289717435837,67.7770413458347,0,4.18976029753685,1.36246731877327,24.9509390294552,60.042554974556
