0,0,0.0467594356690715,0.000130807993903542,0.000317099904079628,0.00507048602306099,0.262036785171743,0.201815401900334,0.00115301784640445,0.00494177620818128,0.00711522436359444,0.00409004860881958,0.000775749360898876,1.96535139627176,0.00152641797208243,0.00023194170708847,0.208718385581262,0.00773841543958769,0.0320162923381207,0.000554097253843403,0.0453847552287489,0,0.246784732022374,0.00581628584074402,0,0.064189795014384,0.0294588245797219,0.0140165574606591,0.759103909367048,1.15834571865789,6.90346156362533e-05,0.00083158188525381,0.00299925551567516,0.0503619498139031,0.00235959734161377,0.0149073210652196,0.00358624130625629,0.0335162357635611,0.0117882714687842,0.00275004085403996,0.00142128424848289,0.000675809996024323,0.000184356114601135,0.000156420176657867,2.32730747114181e-05,6.51628778549194e-05,0.000130086703030014,0,0,0,0.00031841539439106,0.000254243549505043,0,0,0,0.000202811418119431,0.00023388056020031,0.000203387027950287,0.000116460222370147,0.000134488307066345,4.3660510734272e-05,9.69332494571687e-05,8.28224831943512e-05,0.000177929503340721,0.000177047241024685,0,0,0,0.000134802728302002,0,0,0.000193454736131287,0.00175171081810656,0,0,0.00148492529844818,0.00119854224357348,5.00998164751053e-05,0,0,0,0,0.000141758146812629,0.000278344798542022
0,0,0.00443819395499611,0,0,5.94186892770767e-05,0.000227270700381375,0.000453763393394566,0.185268300175346,3.64589985197067e-05,0.0137827945260209,0,0.0453709739243051,0.000757502374483108,0.000663187766885376,0.0957279183602447,0.00361679526966391,0,0.0011188606518053,0,0.0219328349368367,0.470633116775045,0.0308239267155093,0.269392109617056,0.240984513681893,0.0105141169923781,2.59983615700667,0.0372060057223206,0.000406401093423557,0.00149127934344234,0.00166216661431875,0.000385938859078217,9.7566184031582e-05,0.0258923435532786,0.000696328344046211,0.0181922389911604,0.0104144398452341,0.010533624650673,0.00663627864563341,0.000786050441629886,0.00048619091004982,0.018334418909709,0.0114968906743573,0.0107781579490774,0.00667732841902857,0.00646993594172373,0.000664012465502929,0.000146185834951401,0.00633715711276389,5.67822941528321e-05,0.185650995071963,0.00339093111499758,0,0,2.91630176476478e-05,0.000533663224325466,0.000135976635104656,0.00346912681715383,0.0001589423567585,0.00123291022900171,0.000149649111872292,0.00596577881186485,0.000545195009815693,3.78333450585365e-05,0.0269546709562715,0.00790606081170473,0.000182446017542267,0.0043076636620162,0,0.00208745590797758,0.0275363831039695,0.0157007515699859,0.00664914645255089,0.00319278426809463,0.049699628451416,0.556414034136293,0.0019982504499507,0.000392460476644707,0.000368319713152314,0.00155935076978932,0,0,0.00599314161641922,0.00134872828173266
0.0467594356690715,0.00443819395499611,0,0.000547027033783436,0.00248505256053829,0.013360167179371,0.40810850659292,0.0884189806434045,0.000756169489339256,0.0512668218494852,0.00870443555998936,0.00753072550413151,0.00102017415747471,0.262901354241388,0.00851496684454794,0.00277747052524252,1.95157121983094,0.0413410861200147,0.103541185001958,0.00157829775836706,0.349185108797079,0.00110402823623657,3.23004224998354,0.00670157593834935,0.00116796189193898,4.56057452798475,3.05298888823705,0.114437081438342,0.0357636830920129,0.0897147711632043,0.000328963815193177,0.000801373238867569,0.00181717662563753,0.328022082945608,0.0431734841662628,0.630778519338876,0.293829857660274,0.582813115198632,0.381793816668685,0.0110731376572148,0.0079585030815917,0.00150540280147018,0.0919852647737048,0.0558030698855936,0.0476307824290704,0.056721326875429,0.00197791076961279,0.00206816451475182,9.90872298869133e-05,0.000388245317189026,0.0208965567597261,0.0967028747920433,0,0,0,0.00138594107985735,0.000225337269917107,0.00114314195609408,0,0.00011337006813469,0.000162577675794982,0.000176840555875683,0.00166025325878362,0.00189303458016472,0.00416475309805184,0.158067529152962,0.00168413972264271,0.0664250478728829,0,0.0019087993109602,0.041026228169793,0.0274400481460533,0.00201108441759224,0.000564661204000283,0.132616144957255,1.23288720133914,0.000846834470474339,0.000706667532657051,0.00117465753929157,0.000853279744657517,0,0,0.0489056941129046,0.0392427555498768
0.000130807993903542,0,0.000547027033783436,0,0.00247709056341162,0.0114058755319327,0.0274918606855342,0.0125649662629921,0.628279422259613,0.768613598014576,0.00160784249293127,0.5454699102582,0.000433673594739246,0.0116406090688937,0.0504408741846663,0,0.000156378169468117,0.000124579853716564,0.000147134624491024,1.31056438348011,0.000949333439049339,0.000116751899441528,0.00100437407221184,0.429606590690914,0,0.000240937708339691,7.12723959291458e-05,0.844381948134912,0.00909760849160614,0.000411939400609875,0,0.00202639423523283,0.000157382315088558,0.0508721282901841,0.00132399636819305,0.0344234294933458,0.000937985130210968,0.0102794311106323,0.00561205761270933,0.0364992252780304,0.00989424276552889,0.000559537467317391,0.00681422153588075,0.00100146039161968,0.0025493731168499,0.00188884402763557,0.0689397619707822,0.00040914657147131,0.00513408574740114,0.000124463050919724,0,0,0.165144540170712,0.000179568598360062,0.00466147217475843,0.00745052991488772,0.00923239609514747,0.0528662289973054,0.079398742682858,0.000142635279743957,0.128804112765887,0.000140236541585541,0.00529189241656809,0.0279098457163604,3.38865319842338e-05,5.1225935008049e-05,4.07187583691597e-05,0,0.0693934091126054,4.00125162251473e-05,0.000233679205375386,0,0.0978859576457693,0,0,0.000123049249664211,0.0766318210508966,0.00133566899045791,0.000122998137748718,0,0.000145849972941971,0,0.00360515747507944,0.00129604793127794
0.000317099904079628,0,0.00248505256053829,0.00247709056341162,0,0.086553141501592,0.00858403476181154,0.00167064973683786,0.0101812743848024,0.00395766918487158,0.000434855256715393,0.0113059128390835,0,0.00211424519355669,0.55081191105832,0.00394951257525043,0.00149184166955166,7.43604375858306e-05,0.000769818089622116,0.00162762161216784,0.0218594880374291,0.000390669536631775,0.0482514456280603,0.00837195979710159,0,0.0014275282112875,0.0148946617872056,0.0156642217159001,0.00283149513292322,0.0130727713764985,0,0.0996091226450783,0.000459448872376442,0.112222844187633,0.136256948870061,0.0195943368779688,0.0152572192462446,0.00344076808920078,0.0264045914199457,1.37440540291013,0.776194441612519,9.55160512401579e-05,0.00929886114157677,0.0117100229032814,0.00397654668101235,0.0253683229693868,0.000696725267185306,0.00051473073053627,0.000125995816427993,0.000101949467285156,0,0.00241946733799868,0.000100748925154495,0,0.000869889830094623,0.000875086548499489,0.000655458894727135,0.00114877146531544,0.000423567867806053,0.00015023598516941,0.000694528747348023,0,0.000366410607213307,0.00024870267898407,0.00318296089355993,0.000782523746614838,7.69414440444946e-05,0.0010104880000906,0.000144798500669289,0.00192072956465035,0.000166210659590149,0.00713165074428634,0.0057917283235691,0,0.00208191958846178,0.0158838611680719,0.00292321883644066,0.000455593644208145,0.000929625598980901,0.000201805795323086,0,0,0.000938778734818841,0.227101862681203
0.00507048602306099,5.94186892770767e-05,0.013360167179371,0.0114058755319327,0.086553141501592,0,0.34933056768227,1.48938612250721,0.0729270179381387,1.07151345075792,0.073813237513381,1.26706357803951,0.0127184865206892,0.232052985288164,0.117024694688426,0.000789189883034134,0.013343202256731,0.0192191952297858,0.00750849570390959,0.0841434362163202,0.0140658638870427,0.000338165871621322,0.0262595232966586,0.0300673021853914,0.00115250611900063,0.0297843018660507,0.0192545073532789,0.154457737024908,0.105117133822546,0.0137308771857974,0.000575933650080585,0.116232062982822,0.000470796200956535,0.150725877621596,0.345270395656667,0.431546600588979,0.0169957541413496,0.0634156262697172,0.0318237776615281,0.231519949201041,0.167710642168897,0.00977719964791805,0.0294297389726086,0.00204058072576847,0.0111084019679995,0.00405690214467831,0.0171544541760904,0.0012234405186184,0.00438215105255241,0.000421598922665977,8.41078326004028e-05,2.74124827403069e-05,0.0294142788821892,0.000203673377412986,0.00166031139000006,0.0256122274198892,0.0160861968079268,0.0216180195205916,0.025075050618631,0.000580247745021629,0.0151624263893712,0.00147676550366649,0.0113530037242747,0.00493013235011558,0.00041673977425518,0.000113868321739197,7.19108020282746e-05,4.17277455422401e-05,0.0212701720914685,9.37962682024959e-05,0.000542835479272842,9.34415314693451e-05,0.135100343585213,3.72090970387459e-05,0.000576540245305252,0.000611285328759956,0.112202147307697,0.00818070379657144,0.0004052927471632,0,0.000126097108877849,0,0.00750893174505615,0.0249198986164939
0.262036785171743,0.000227270700381375,0.40810850659292,0.0274918606855342,0.00858403476181154,0.34933056768227,0,0.4072122988973,0.0851176174158863,3.08802826055133,0.0417429772379125,0.0337697752133703,0.00496154706174974,2.35771128940515,0.0489056503298452,0.00407979942475376,0.145043168159891,0.0169027482572943,0.0250728409834267,0.0141474357534725,0.752520456402626,0.00127656404628267,0.73469010670094,0.144119641070766,0.000342814709828282,0.113360436590725,0.114861113698753,7.23660238115064,0.563221487599755,2.75270575160996,0,0.02610299501462,0.0339982798634102,0.498892401634587,0.0729117550642794,0.575070537403197,0.109498109787098,0.394636759058069,0.198159410028753,0.108564896942466,0.127782034995722,0.00691206003891936,0.0967452582652013,0.00334369421205454,0.0318071858534274,0.0147211237920556,0.0383082224684206,0.00432517718986502,0.0033400294255311,0.00114755290652647,0.000188286809079552,0.00598679306874604,0.0321336400933923,0,0.00592597069713993,0.0543338868154469,0.039869541526224,0.048024586258714,0.0340469919220013,0.00035097320393486,0.0102923057603499,0.000534399504189777,0.0420977586909341,0.00676530717207584,0.0125719344330065,0.00111053197563,0,0.00020775450216322,0.0270547478614288,0.00262571276920681,0.00825239942512006,0.00797593477009392,0.27715905622316,0,0.000700819553464222,0.0640125367924525,0.195442568779171,0.0252008204108533,0.00252633044356384,0,0,0.000629407616004753,0.0229111328056981,0.023314153971308
0.201815401900334,0.000453763393394566,0.0884189806434045,0.0125649662629921,0.00167064973683786,1.48938612250721,0.4072122988973,0,0.0811513865520639,0.587445524591903,0.0595523255469097,0.629056905233066,0.00730702424454289,2.0246136270172,0.0366494867173302,0.000584717388757611,0.203654481920553,0.0182453981041008,0.0344165683588457,0.0959422439436441,0.0664521018770731,0.000104495474993419,0.244992136763241,0.0435360049783055,0.000766020922069931,0.0791668523497208,0.0472543829846135,0.140571308179431,0.103798761410587,0.265757438772962,0.000331415487298393,0.0265561745515234,0.00326488094990101,0.168761766295114,0.00744466409553737,0.277350072991794,0.0204556323221572,0.116207564783491,0.0518975791806636,0.109211477952991,0.0385775832406116,0.00965324860951878,0.0469552730274808,0.00126642143611364,0.0127375473794351,0.00296038484556169,0.0199846731159259,0.00176230025497856,0.00442892459745626,0.000689961688748931,0.000275556835394669,0.000233457933114338,0.0146319963147963,4.22595777445793e-05,0.0009908389863802,0.0447088292173929,0.00860482140190687,0.0372650551230526,0.0112732377271099,0.00079026871564579,0.00663101039281311,0.00184749865613594,0.00757112812241879,0.00216553398728714,0.00216843796848163,2.91459649552346e-05,0.000112746276301575,0,0.0173020115661527,0.000693986469013882,0.00196708641561041,0.000329698058509827,0.243054842308219,0.000476460719789887,0.000321188955073357,0.00200966651880283,0.13844896252523,0.00778789204260921,0.000542603209654426,6.79987243108749e-05,0,0.000208611147425079,0.0119039320475037,0.00248986471629067
0.00115301784640445,0.185268300175346,0.000756169489339256,0.628279422259613,0.0101812743848024,0.0729270179381387,0.0851176174158863,0.0811513865520639,0,0.530834912702123,0.0185141796223984,0.544015106029157,0.0249322554183031,0.0456197715199871,0.178049962924526,0.00789029487798843,0.00263622409225674,0.00490260283920049,0.00259064318767863,0.363743972430128,0.00878997052915935,0.622614302039167,0.00970059117398532,4.68085145475589,0.118427736433613,0.00513355162068844,0.0549987749285591,0.951295590084483,0.0601480821590249,0.00674263155256319,0.00162550301879024,0.0114463010192926,0.00509639366814995,0.0984993473609505,0.0114327129723601,0.225127066746067,0.0122056649178151,0.0425717202083119,0.0193619909297467,0.303632865002236,0.0327729774025812,0.00745352106032209,0.0577193843479697,0.00269659542422161,0.0165533587216976,0.00867275179053984,0.0818231546689691,0.00263751401439113,0.00493471177191668,0.000636391714537239,0.00101376005333233,0.000211415440969276,0.0870529320967652,0.000911767253743743,0.00620695843762808,0.0230449584608865,0.013887585012593,0.372737985293966,0.0363597931591939,0.00203674344094276,0.0965676766232089,0.000804674436464023,0.0185127889373165,0.0407759563498441,0.0205944683978013,0.000414404723015213,0.000605548965955925,0.000266081346646786,0.0298755291298488,0.00890619912546015,0.0253586569168013,0.00456289979498176,0.430169396727619,0.000112487097100067,0.00146979149826422,0.00404279163909359,0.179861916340347,0.0190636958197718,0.00434157535486794,0.000161775808234406,0.000501370679187584,0.000966817282179455,0.0145174824400334,0.00820842420260267
0.00494177620818128,3.64589985197067e-05,0.0512668218494852,0.768613598014576,0.00395766918487158,1.07151345075792,3.08802826055133,0.587445524591903,0.530834912702123,0,0.146859210227543,1.19679112997433,0.0210905740174753,0.531037300743707,0.0528846588466933,0.00151900293463411,0.0287378553259472,0.0479038320380551,0.0201873343210052,0.425520282459836,0.0504665345114073,0.000423879619806576,0.0621759911838387,0.208209641583984,0.00119469974518576,0.0657127953770903,0.0435100681223346,1.74127564174338,0.305197431460193,0.0296456445558449,0.000477592209377861,0.0628371086479645,0.00243560644056215,0.567355343024893,0.0279620534221186,0.607539473917359,0.0373585745796239,0.248481459108459,0.0785335441733545,0.106921377686257,0.190044110299733,0.0161378527504695,0.0354338572360643,0.00383800312421265,0.0146604859113021,0.00819727256181421,0.0868377959320968,0.002308914260604,0.0179663901649095,0.000120907173534393,0.000206398256459999,8.01311773143768e-05,0.291335133526747,0.00127293070133972,0.0114825901452988,0.0543045993457295,0.0373931814724582,0.131629515642514,0.172777424605129,0.00107753118166981,0.128162474252881,0.00192458940627794,0.0232825195256851,0.0424196779357064,0.00131225709108095,0,0,3.31709651673317e-05,0.15964103510476,0.000241724825864411,0.0025287529088602,0.000602096219344139,0.476062408839957,0.000267211573575211,0,0.00243846263891773,0.422822424680189,0.00729462652170267,3.95083729248047e-05,0,0,0.000210660549774742,0.0168555873691715,0.00627621837418213
0.00711522436359444,0.0137827945260209,0.00870443555998936,0.00160784249293127,0.000434855256715393,0.073813237513381,0.0417429772379125,0.0595523255469097,0.0185141796223984,0.146859210227543,0,0.150852699087031,0.580912272538182,0.126066128624285,0.00448670144916315,0.00165851221690378,0.0329111266321612,0.78352839539289,0.134836090338786,0.0277724047057334,0.0155497430299653,0.0129349623942939,0.0542188314959767,0.0118763317842075,0.0563703443712599,0.561939364967702,0.0596428557846208,0.0170723662674912,0.388317873880787,0.0139975878446792,0.00741215107918052,0.0840754602117351,0.000806762571234798,1.46699115566593,0.00334470902103853,0.175795753782646,0.570246881442683,0.840098808501081,0.143742685667805,0.022437800098207,0.0122634925175743,0.470313748124287,0.00108823941987076,0.0759130896561613,0.00211943375762472,0.00252864341048098,0.000590627811217117,0.000197397514125824,0.119024297074745,0,0.023543769449481,4.25870763316155e-05,6.13803462919235e-05,0,0,0,0.000344246443564797,0.00612906170066843,0.000138574197338104,0.120497193803128,0.000700018989294147,0.520789941606524,0.000125792970850182,0.000113786311322594,0.0007506094508317,0.000440015211361885,0,0.000109859440122986,0.000390158857371139,0.000131243157976913,0.0056785828051795,3.88184421698571e-05,0.00860360970764122,0.0264937793365088,0.0178477619588079,0.0815965645312234,0.000130260339083576,0,0,0.0410254869424756,0,0,0.00385527689609385,0.00215697488796329
0.00409004860881958,0,0.00753072550413151,0.5454699102582,0.0113059128390835,1.26706357803951,0.0337697752133703,0.629056905233066,0.544015106029157,1.19679112997433,0.150852699087031,0,0.01897121045286,0.323027529412004,0.507751112786078,0,0.0158215429698589,0.0402578989784426,0.0142491121278625,1.47292592680687,0.00223839902051038,0,0.00832116425792999,0.0368000475155591,0.00118922168451004,0.0395073784487126,0.0201776474114562,0.103321909247329,0.177484497707802,0.0040167442814043,0.000230124541772461,0.0439639415585455,2.47431281287193e-05,0.329489694906127,0.961684121901763,0.154154770682848,0.0183670229543155,0.0905741663862322,0.0293565225697443,0.626385843296681,0.0535158981553874,0.0147466915020399,0.0138117494818134,0.0044293647578599,0.00596308681355867,0.00504569178030138,0.0844114832061845,0.00143556512892952,0.0199552658374672,0,0.00031107967911644,0,0.0539652198627723,0.000826229218890667,0.00831246291525593,0.00455779419443464,0.00843379284893074,0.0280648009391164,0.0256721796086222,0.0018230985776722,0.19779540139102,0.00259550580636663,0.0050147939770483,0.0335575058371053,0,0.000198236229622078,0.000237783391991329,7.80494400186539e-05,0.0433178358429445,0.000206095875294113,0.000153622313173485,0.00014311642091732,0.0568980927171596,0.00016883401537857,0.000301177840473461,0.000440177915227604,0.0469435928346894,0.00137728104380064,0,8.02912228065491e-05,0.000105447104838181,0,0.0126466484587125,0.231256827859657
0.000775749360898876,0.0453709739243051,0.00102017415747471,0.000433673594739246,0,0.0127184865206892,0.00496154706174974,0.00730702424454289,0.0249322554183031,0.0210905740174753,0.580912272538182,0.01897121045286,0,0.0130267032428273,0.000782153293164539,0.0119835362395993,0.000670035872911263,0.000699075101045894,0.000321681039296151,0.00277235905129194,0.00302946951682405,0.0931098391174654,0.0056478194439414,0.0276303977932663,0.406812293758306,0.017855600997333,0.123541738836858,0.00639213722244529,0.0362370778055918,0.00109200283503971,0.0114001490314502,0.0142784883720502,0,1.16384177063554,0.000858855165888405,0.0605457036954827,0.511431974689861,0.278883909553064,0.045620430052608,0.00455535108940658,0.00553552313877239,0.369920200164596,0.00239200392255907,0.34257994382332,0.0126577229930912,0.00628092157463465,0.000809923192734718,0.000328289696194267,0.271988545984503,0,0.0518982615979153,0.000103479875828934,0,0,0,9.60608576087953e-05,0,0.00203891387939301,0.000129955109466362,0.368117136529131,0.000368393653409385,1.79006587379887,0.000246683184015656,0.000145892099609184,0.00143207499944887,0,0.000176225586367035,0.000112732069345092,0,6.01906168716431e-05,0.00616072304908591,0.000167725992250443,0.00234023152207489,0.10346096290501,0.125577035318833,0.69533257256312,0.000227472815517426,0.000163207715756321,0,0.282228823048918,0,0,0.0119639118463924,0.000329262041801834
1.96535139627176,0.000757502374483108,0.262901354241388,0.0116406090688937,0.00211424519355669,0.232052985288164,2.35771128940515,2.0246136270172,0.0456197715199871,0.531037300743707,0.126066128624285,0.323027529412004,0.0130267032428273,0,0.0240270458425965,0.00104353897730055,0.615473271768259,0.0554329480395624,0.110996869649784,0.068103922878152,0.258530194868309,0.00048633383224926,0.795123789676883,0.0653903420273286,0.000970109928991126,0.244340103553481,0.13397509362084,0.271440785500298,1.52203204085256,1.90830909478111,0.000489146763470936,0.0310422462811421,0.0245562621130422,0.36163365436166,0.0151937176644939,0.282883906043109,0.0410401140224476,0.247197751037629,0.0866329462474703,0.0601015805312493,0.0391015613774194,0.0110487400416161,0.0227749644201273,0.00145022670801888,0.00646231998662939,0.00327873668880415,0.00784696448891459,0.000390023445959472,0.00223807846519318,0.000349047324989319,0.000383197003369903,0.00080932137932396,0.00352606362282,7.64138478612899e-05,0.00153457532300692,0.0208977716961757,0.00102115938220968,0.0263099010828815,0.0029654954288621,0.000726085403638744,0.00288992685146513,0.00275334774310828,0.00163180588398399,0.00249141224812717,0.00277732233788853,7.50288651128769e-05,0,3.71302582056999e-05,0.00633796139702769,0.0010306868192153,0.00187678428481436,0.000865181470388031,0.135411626767034,6.11618545972824e-05,0.000199332310434723,0.00883711817429152,0.073278855776033,0.00282621262426929,0.000353430046155739,0,0.000115164880303574,0.000428892451534653,0.00523932615351333,0.00430565864825935
0.00152641797208243,0.000663187766885376,0.00851496684454794,0.0504408741846663,0.55081191105832,0.117024694688426,0.0489056503298452,0.0366494867173302,0.178049962924526,0.0528846588466933,0.00448670144916315,0.507751112786078,0.000782153293164539,0.0240270458425965,0,0.0159340783548617,0.00716849817218371,0.00199945646360607,0.00261568089563799,0.029089804921431,0.0931461213355018,0.00164975083137388,0.175190391502941,0.0924932446365771,4.29517812867165e-05,0.00874867755395794,0.0536397962842783,0.130736876347689,0.0208885973395111,0.0623102474765339,5.30918471288681e-05,0.0278757142338544,0.00171657310998602,0.0246045593703212,0.635356523778826,0.0967458025094824,0.0489166226566853,0.0163430885346631,0.0636797475750103,1.62453740210722,0.0206733363942097,0.00153546319533291,0.0235044567806402,0.0187031160956125,0.00936893638419056,0.0225756978222971,0.00818825092178564,0.000678991735165786,0.000543260781024742,0.000212640171855354,0,0.00252881100749188,0.00263102995076351,4.4559953366375e-05,0.00122518325219049,0.00527700509838982,0.0016788040872488,0.0108791964984633,0.00114192565108452,0.000169651192346764,0.0068613072129407,8.96512827484131e-05,0.00121052622139092,0.00355024186693554,0.00691894760780812,0.00105031717814913,0.00019663114766407,0.00122413274388371,0.0012208851319293,0.00575017030119352,0.00298345465380878,0.00988794064978466,0.0463255766425947,0,0.003840136549088,0.016091965923848,0.0179951065106318,0.0041252035651411,0.00180389413960075,0.000179163097282219,0.000211065415449715,0.000222137831818772,0.00322765181323328,0.262908622468189
0.00023194170708847,0.0957279183602447,0.00277747052524252,0,0.00394951257525043,0.000789189883034134,0.00407979942475376,0.000584717388757611,0.00789029487798843,0.00151900293463411,0.00165851221690378,0,0.0119835362395993,0.00104353897730055,0.0159340783548617,0,0.00382203442638044,0.000754369773163604,0.00134715330266447,7.57984466045379e-05,1.83258187492125,0.494088258013714,0.864867541413098,0.527945388340361,0.0430843870552868,0.00287606224407577,1.21946014961439,0.416571981564636,0.00165494830465908,0.0208685928151794,0.000724690691623306,7.52143593046188e-05,0.000545400701129436,0.027044434493527,0.0498790942692887,0.321529437167656,0.120040218407494,0.0826843920471105,0.111026530041247,0.0135619545860264,0.00299015773048725,0.00334638757348995,0.0965985564966965,0.0131868321492763,0.0344935798872837,0.0266842698096348,0.0263164648895693,0.00188102569401168,0.0019414149258728,0.00087438963645916,0.010408020139228,0.0216370166408266,0.000246772173002243,0.000456920674956322,0.000739217502850056,0.0100314736560298,0.00346613896549587,0.018909364785297,0.00255402612319107,0.000524308320922279,0.00499790166140556,0.00141294263344145,0.0108998097903371,0.00671494129015274,1.17465242181388,0.00322263441963844,0.000182767585702515,0.000336582447668838,0.00212822408656997,0.13807837212932,0.305347996630211,0.526632917960285,0.186997875368624,0.000587933795371056,0.00164954357870693,0.284143800895196,0.0497598059719285,0.0181504186424383,0.0216617863934218,0,0.000740160356532097,0.0018797763399067,0.0390043254128025,0.0281191054797769
0.208718385581262,0.00361679526966391,1.95157121983094,0.000156378169468117,0.00149184166955166,0.013343202256731,0.145043168159891,0.203654481920553,0.00263622409225674,0.0287378553259472,0.0329111266321612,0.0158215429698589,0.000670035872911263,0.615473271768259,0.00716849817218371,0.00382203442638044,0,0.109180875299802,1.00590039898189,0.00279687319543248,0.217073539165241,0.00102363850969276,1.38022542196811,0.00623162215125961,0.0018443836777422,0.673317824477912,1.59990927832726,0.0687528182920389,0.289251543656933,0.208252623234636,0.00025540457718029,0.00202894435676736,0.0206670075671064,0.777567234713524,0.0126686838256562,0.198684429786373,0.0650661547527423,0.356087057170492,0.157858822304089,0.011139766599569,0.0074280658247921,0.000277410115489197,0.00976237486532989,0.00849483148153296,0.00499134868372049,0.00539185045522699,0,0.000156606661969471,0.000215439452776909,4.96225094421386e-05,0.00564215154986973,0.00425334122417478,0,0,0,0,0.00010656903079834,0.00129638158838511,0,0.000127784529815483,8.50549141553879e-05,0.000180847615460587,7.54611074192047e-05,0.000346821975783349,0.00697979044400282,0.0124207138829436,8.31014467775344e-05,0.0102876192894576,0,0.00361415088041124,0.0028000709011076,0.00364840734448957,0.00390047696625938,0.000133290089315414,0.0366266953404485,0.213665729873672,0.00148738469857292,0.000155230984886169,3.9104835078907e-05,0.0001949759720644,0,0,0.00453865753266936,0.00754400251321278
0.00773841543958769,0,0.0413410861200147,0.000124579853716564,7.43604375858306e-05,0.0192191952297858,0.0169027482572943,0.0182453981041008,0.00490260283920049,0.0479038320380551,0.78352839539289,0.0402578989784426,0.000699075101045894,0.0554329480395624,0.00199945646360607,0.000754369773163604,0.109180875299802,0,0.148980583609452,0.00800688853767672,0.0208735179558807,0,0.084016670910724,0.00227294950233221,0.000257045974856186,0.695113344909031,0.071176244553782,0.008256186540273,0.120884252584203,0.0125264508075216,0.00096142891377811,0.01352854813078,0.000932991995971867,0.358112163938309,0.00411711871259794,0.128297998011378,0.122954961075547,0.521207308944298,0.138018372646519,0.00628350366996746,0.00437220856713352,0.00132133816300106,0.00068402887784214,0.00152285029629765,0.000251065639073181,0.000674211653681374,0.000107569089746476,0,0.000150236177962589,0,0.000222244329684448,0.000127608159357262,0,0,0,0,0,0.000934327830036734,0,0.000389991681246757,0.000108752774693298,0.00104166936952458,0,0.000133802940893554,0,0.000488205435841942,4.49188718107224e-05,0.000317930761217308,0,0,0,0,0,0.000189458041216278,0.00261220548360843,0.00938774081443203,0,0,0,0.000328486290928459,0,0,0.000250012809102059,0.00458157952605228
0.0320162923381207,0.0011188606518053,0.103541185001958,0.000147134624491024,0.000769818089622116,0.00750849570390959,0.0250728409834267,0.0344165683588457,0.00259064318767863,0.0201873343210052,0.134836090338786,0.0142491121278625,0.000321681039296151,0.110996869649784,0.00261568089563799,0.00134715330266447,1.00590039898189,0.148980583609452,0,0.00264926233649025,0.0514859419494186,0.000146393291273117,0.213281217817169,0.00129068906566372,0.00121502596530132,0.942374808601637,0.325094485607728,0.0200421905277532,0.096112086031107,0.0284416313387815,0.000365393892020702,0.00281462066829958,0.00501109793902216,0.293698922257233,0.00459136948762836,0.120907660730902,0.0441705075912326,0.248920745021242,0.100536741867173,0.00371007073560619,0.00241609469559488,0.000494432612063026,0.002255938320191,0.0019812699056325,0.00129766569957018,0.00171058667270622,0,0,0.000322919854945851,0,0.00147138963423701,0.000530367302745152,0,0.000101218743122864,0,0,0,0.000868224561364746,0,0.000264786191942597,0.000121340871293449,0.00023308267341156,0,0.000273417379622841,0.00154783314780922,0.00226503569535399,0,0.00230525332451334,0,0.000161877521570778,0.000293726294514084,0.000586122951498985,0.000429101738033867,0,0.0153121955842398,0.0600824392125784,0.00013424275915718,9.6486208237839e-05,0,0.000284410598726463,0,0,0.000690308013182544,0.0041564349766242
0.000554097253843403,0,0.00157829775836706,1.31056438348011,0.00162762161216784,0.0841434362163202,0.0141474357534725,0.0959422439436441,0.363743972430128,0.425520282459836,0.0277724047057334,1.47292592680687,0.00277235905129194,0.068103922878152,0.029089804921431,7.57984466045379e-05,0.00279687319543248,0.00800688853767672,0.00264926233649025,0,0.000819306496473884,0,0.00211202993748093,0.0932748974114962,0.000259749815008163,0.00636486355350895,0.00273640423408813,0.168445499947277,0.0398577668702059,0.00077817097356062,0,0.00866631773094577,0,0.096310948577881,0.00288879031938515,0.0697266980228124,0.00426251454627313,0.0336040883782771,0.0107030100844116,0.0298076091792014,0.0258726511692493,0.00346919927208882,0.00740547230530415,0.00107693744113398,0.00282061701949339,0.0019767910458395,0.0507516401322579,0.000648873009147263,0.00827834329631882,6.08996450128555e-05,0,0,0.134923210252531,0.000426739277577782,0.00249362311883698,0.00911912422934099,0.00494299888351192,0.048449499499774,0.0469921099413614,0.000478708536189651,0.100260454845265,0.000156504449000072,0.00393983395852346,0.0261484032036641,9.10212547828674e-05,0,7.63713464693069e-05,0,0.0721957151872249,0,4.09845522774697e-05,0,0.102708772704891,0.000154500046207524,0,0,0.0878217927021469,0.000577806831318855,0,3.48516057589531e-05,0,0,0.00381033040598144,0.000776141352877236
0.0453847552287489,0.0219328349368367,0.349185108797079,0.000949333439049339,0.0218594880374291,0.0140658638870427,0.752520456402626,0.0664521018770731,0.00878997052915935,0.0504665345114073,0.0155497430299653,0.00223839902051038,0.00302946951682405,0.258530194868309,0.0931461213355018,1.83258187492125,0.217073539165241,0.0208735179558807,0.0514859419494186,0.000819306496473884,0,0.0629992837960413,3.98511164671763,0.2548329243018,0.00920614818639076,0.106021805570453,0.342504734275698,1.66897853874021,0.0513649817115984,3.35296676145109,0.000245625832908726,0.00141027459579735,0.00676316888392467,0.939793748500313,0.229978052736294,0.834546801909405,0.147369492806709,1.09898972489701,0.673889065170016,0.0874239181857387,0.0203416923573866,0.00195453755649519,0.0484963294489019,0.00852814209684648,0.0161335470243816,0.0136450091704845,0.00541598427001877,0.00194926225450459,0.000476327377510643,0.000494505995663738,0.00119436501549683,0.00535456573710051,0.000558012484136581,0.000306609924049186,9.42085767803195e-05,0.00368164203459091,0.000876022458911705,0.0108372584291402,0.000384137337163639,0,0.000728743448622322,9.65061881280903e-05,0.00257370850369835,0.00545591563117733,0.150472698605423,0.00192487195146961,0,0.000375417472767448,0.000467189111186027,0.0732543814993495,0.050033488306402,0.0484583251153018,0.103083506628086,0,0.00140689300073004,0.0672996059942876,0.0332650267623942,0.0172713294631662,0.0165941078409193,0,0.00012103185912838,0.00333368146031055,0.0172439867797027,0.0856733176092395
0,0.470633116775045,0.00110402823623657,0.000116751899441528,0.000390669536631775,0.000338165871621322,0.00127656404628267,0.000104495474993419,0.622614302039167,0.000423879619806576,0.0129349623942939,0,0.0931098391174654,0.00048633383224926,0.00164975083137388,0.494088258013714,0.00102363850969276,0,0.000146393291273117,0,0.0629992837960413,0,0.107843610329396,1.570523289354,0.368623244201885,0.00216544097951317,0.634666492396699,0.105807443464967,0.00124909896358938,0.00929161634593594,0.0045809295007699,0.000140630811781883,0.000409262714426708,0.0329539643151864,0.00279984515930329,0.0254383766544648,0.0134847638631174,0.0139304523314599,0.00590082714301014,0.00131748932959242,0.000696971836083699,0.0244513225647583,0.0387495563443928,0.00982410613322236,0.0157163093223696,0.0163111499252163,0.00396428286253853,0.000613924651082038,0.00508197320544204,0.00020595047393732,0.0232045361390533,0.0139921086163828,0.00094083609328136,0,0.000131125201136398,0.00316823615705452,0.000707860327760411,0.0245355068819427,0.000473167931777572,0.00265717853030233,0.00068141095284748,0.00789292218467931,0.00252919782935457,0.00123819576260777,0.395707681669733,0.00622956842056732,9.8656918227768e-05,0.000997370873577694,0.000337590511606979,0.0459582458335402,0.274700545575545,0.116530735315731,0.102957744479706,0.00185334997255154,0.00413706053841563,0.361129295120738,0.0154629049092473,0.00373500635821981,0.00836281752556658,0.00136471303842201,0,0.000238229284597778,0.0197059207064427,0.00575650787187481
0.246784732022374,0.0308239267155093,3.23004224998354,0.00100437407221184,0.0482514456280603,0.0262595232966586,0.73469010670094,0.244992136763241,0.00970059117398532,0.0621759911838387,0.0542188314959767,0.00832116425792999,0.0056478194439414,0.795123789676883,0.175190391502941,0.864867541413098,1.38022542196811,0.084016670910724,0.213281217817169,0.00211202993748093,3.98511164671763,0.107843610329396,0,0.230801945839509,0.0155689655580107,0.87414189881322,2.37640729490547,1.06207067642195,0.235668570199537,1.00590169582556,0.000801108791796112,0.00547982611272183,0.0233640904485145,1.46196374314997,0.632940267104376,3.24934551992894,1.43861885652856,3.12605962552012,2.48866928631824,0.218815610818621,0.055666886524609,0.00686223932179728,0.168482970219333,0.0444199738724044,0.0673840580550353,0.0783368607108541,0.032535929769098,0.00561764971462326,0.00232870319871569,0.00101053141928673,0.00951769277675341,0.112083343543042,0.000565879700335121,0.00177093267544899,0.00107707459039964,0.0122411584596892,0.00515554594169283,0.0113949172491254,0.00237253798090639,0.000858677462170314,0.0041602261322877,0.000783213658362007,0.0133275862780921,0.0178228739371015,1.0556923966111,0.0299059311342161,0.000426082330748749,0.00679898095814524,0.00138746999764824,0.114378739322465,0.277120837582292,0.649248789019613,0.133480662447937,0.000971474166107371,0.0131014257921642,0.894701083221755,0.0422332990405065,0.0127144569558949,0.0195751116725421,0,0.000451668510862541,0.00134108988931389,0.0753973046917937,0.326222712051678
0.00581628584074402,0.269392109617056,0.00670157593834935,0.429606590690914,0.00837195979710159,0.0300673021853914,0.144119641070766,0.0435360049783055,4.68085145475589,0.208209641583984,0.0118763317842075,0.0368000475155591,0.0276303977932663,0.0653903420273286,0.0924932446365771,0.527945388340361,0.00623162215125961,0.00227294950233221,0.00129068906566372,0.0932748974114962,0.2548329243018,1.570523289354,0.230801945839509,0,0.141577423423861,0.0064396826189126,0.31050003240551,2.55071179104612,0.16885020597049,0.0547500952707098,0.00118086907482662,0.00999853421374688,0.0233062424208246,0.165074849232788,0.0624776976279076,0.532557601304056,0.0661406996413919,0.119907617868777,0.0763426735672194,0.0917958374219039,0.0455162811355722,0.00977875261869454,0.510764084996044,0.0170415678722025,0.145618383019979,0.0586549055053276,0.149781295836541,0.0172288675123229,0.00634257477758217,0.00738788324326028,0.00388788096242352,0.00310410608040333,0.204665023309419,0.000563748703024578,0.0219310287254317,0.180578865622824,0.118538147091156,0.803697274755232,0.130880591225787,0.00241261430624284,0.0981893886872753,0.00122014002430973,0.143551113147037,0.0491732417575747,0.187002195909918,0.00236489648750438,0.000199633513118362,0.000492944240578365,0.108345947749613,0.0809310253528319,0.135362952914077,0.0331368825809772,2.10263445382362,0.000805377585770988,0.00113051327517214,0.0519810406456212,0.903192261544094,0.190012784096461,0.0336748559140411,0.000124891478093433,0.00279138280685491,0.0112291987742277,0.126077764534385,0.04537231506154
0,0.240984513681893,0.00116796189193898,0,0,0.00115250611900063,0.000342814709828282,0.000766020922069931,0.118427736433613,0.00119469974518576,0.0563703443712599,0.00118922168451004,0.406812293758306,0.000970109928991126,4.29517812867165e-05,0.0430843870552868,0.0018443836777422,0.000257045974856186,0.00121502596530132,0.000259749815008163,0.00920614818639076,0.368623244201885,0.0155689655580107,0.141577423423861,0,0.0294582729712841,0.800841222517875,0.0143804758413148,0.00282172402434769,0.000862210589960575,0.0303596264444647,0.000848156371837807,0,0.249486414634036,6.14130885475159e-05,0.0139788148641643,0.0391047529272897,0.0339753229287807,0.00476937404453888,0.000734395430468273,0.000855628047034264,0.10055792164786,0.00184649480649376,0.0364130049589799,0.00488119570919466,0.00304586743744125,0.000342992511300659,3.84558335011483e-05,0.0458177916773331,0,0.0757806884873151,0.000275212957533646,0.00010450485125885,0,0,0,5.93398721672058e-05,0.00226620556979227,0,0.0451386027065995,0,0.390972476677931,0.000102689977737808,0,0.00151821791068039,0.000100196162672996,0,0.00085283409372139,0,0.000185093969395638,0.00385997837226934,0.000173943865521812,0.00185001255427609,0.0980243319980438,0.0714170311747238,0.379947295943728,0.000121015202883912,4.9208579772377e-05,0,0.0446233376294034,0,0,0.00274507686958637,0
0.064189795014384,0.0105141169923781,4.56057452798475,0.000240937708339691,0.0014275282112875,0.0297843018660507,0.113360436590725,0.0791668523497208,0.00513355162068844,0.0657127953770903,0.561939364967702,0.0395073784487126,0.017855600997333,0.244340103553481,0.00874867755395794,0.00287606224407577,0.673317824477912,0.695113344909031,0.942374808601637,0.00636486355350895,0.106021805570453,0.00216544097951317,0.87414189881322,0.0064396826189126,0.0294582729712841,0,3.22579443979472,0.0292839486515053,0.175812577290131,0.0562972941479693,0.011031131882186,0.0188615474581244,0.00290271770403499,0.535705429466818,0.0306797079982358,0.856751336672168,1.00763423247142,1.19058591378693,0.612910133117991,0.0150723451696884,0.016685885637858,0.0121863814182481,0.0257909036926723,0.249422993007146,0.0323897535276438,0.0223297782377538,0.000574054435230446,0.000385323126543045,0.022643073960411,9.95618350999833e-05,0.0494113333009503,0.0034987168608304,0,6.49457221355438e-05,0,0.000269322713188362,9.24190433429719e-05,0.001404423760007,0,0.0554329634168549,0.000168896474937629,0.190097090356689,0.0002200844324049,0.00149568200105267,0.00115409280414477,0.0265274593462678,0.00369153824964695,0.0389373154975505,0,0.000888279054429817,0.00393022664540319,0.000737728601863002,0.000848700846928024,0.0237265918590466,0.619654684198186,1.31583633223525,0.000166873058936119,0.000373072942076969,0.000108924137959671,0.144070250923266,0.000197332344600677,0,0.0194923274927361,0.0232367344463425
0.0294588245797219,2.59983615700667,3.05298888823705,7.12723959291458e-05,0.0148946617872056,0.0192545073532789,0.114861113698753,0.0472543829846135,0.0549987749285591,0.0435100681223346,0.0596428557846208,0.0201776474114562,0.123541738836858,0.13397509362084,0.0536397962842783,1.21946014961439,1.59990927832726,0.071176244553782,0.325094485607728,0.00273640423408813,0.342504734275698,0.634666492396699,2.37640729490547,0.31050003240551,0.800841222517875,3.22579443979472,0,0.456927104293841,0.085869306584549,0.062872316559956,0.0361656473409794,0.00504817649064045,0.00418666488999882,1.00973172888792,0.271243550385914,3.33996489376579,1.44989087896893,2.48348941852594,1.84207850628147,0.0715726717147754,0.0421761155383184,0.021146511958968,0.559618262539581,0.500865604734204,0.319765377188867,0.329980193429466,0.0184161593724157,0.0103358480209809,0.0409081004493521,0.00327735665622425,0.799374359211284,0.563270200081948,0.000235234267007446,0.00199576998106155,0.000393434304858971,0.0193691066001197,0.00431813325484686,0.0125381134887185,0.00106166176960917,0.0600672108161133,0.00248010158555117,0.272491372412397,0.0200019799884951,0.0139854344722581,0.525786488852403,0.557103422455413,0.00973818149645375,0.228897758958715,0.00040807436714344,0.0350025324569118,0.982835862265104,0.642074072860112,0.0695292970682788,0.0894019148542165,2.36886330539086,12.8957378155809,0.0215686110658856,0.00767935385215445,0.0100736341598038,0.205795849110481,0.000374750180276299,0.000674791352899933,0.340118348691218,0.21558957608397
