0,0,365.189331740141,11.8418166637421,11.5148308873177,59.01865914464,3875.45295384526,1274.3629463315,4.25681018829346,159.026171386242,55.9306564331055,25.8947683572769,6.1150084733963,9571.11322388053,30.4844703376293,1.2786038517952,427.603456765413,5.2197699546814,21.6518125534058,19.3263695240021,277.996054589748,4.06944978237152,1132.35369026661,28.6853053569794,0.391411662101746,138.000905275345,198.633479177952,200.581312090158,10196.2626111209,14102.4126242101,4.07255306839943,30.612176656723,88.6517155766487,224.072710156441,50.4013840556145,286.311233192682,54.7282612621784,255.047278314829,104.808294087648,17.1382127404213,9.10552525520325,3.2977951169014,5.45080882310867,1.57781410217285,3.10638973116875,0,2.97364556789398,1.24809646606445,0,0,0,5.35145977139473,0,0,0.607894599437714,15.0636812150478,3.41055810451508,6.8150726556778,2.32688161730766,0.576637983322144,0.442318081855774,2.07557779550552,1.47389107942581,0,2.83123806118965,0,0,0,1.97180032730103,2.62536126375198,0,9.75120815634727,24.7148142755032,1.69553458690643,3.61194309592247,30.6276241540909,22.5143815279007,0.505545675754547,4.1975149512291,0,0,0,0,1.60054272413254
0,0,306.7632394135,1.34492659568787,15.4755029678345,2.38890832662582,2.28357192873955,4.29886114597321,2429.18199297786,5.76880064606667,832.756059974432,22.0203089118004,2598.27096301317,6.47983875870705,64.637986779213,379.299610704184,232.126861542463,4.93326246738434,19.991612046957,4.64423853158951,55.8039911687374,6720.5881793499,183.005294531584,2514.09943309426,3602.87528592348,257.503716468811,23851.3722351789,58.4277856349945,14.571453332901,8.64623230695724,59.7086664736271,6.58300584554672,0,766.934130996466,19.7548133432865,235.278657615185,110.165450304747,149.920549124479,96.2091127038002,71.3514790832996,0.404794722795486,299.874885857105,337.590657144785,191.983021438122,123.196488052607,151.423321336508,7.54684600234032,3.2293746471405,57.7489185333252,0,1125.27179384232,572.981760829687,0,0,0,10.8313607275486,1.40199080109596,16.4909840226173,2.23893448710442,157.539581954479,5.03409790992737,514.296784669161,2.51893374323845,0,87.9033730328083,284.532145529985,4.62971246242523,122.006761103868,0.360116988420486,31.2700221836567,68.6864580512047,256.316099196672,121.637419193983,217.132707417011,853.470069020987,7736.71645078063,51.6605154871941,5.11925598978996,32.4674865603447,143.527960479259,0,0.558295547962189,54.6826527714729,49.9878810048103
365.189331740141,306.7632394135,0,0.41137284040451,19.8281870186329,38.2361889481544,695.445636510849,781.05965089798,26.0992391705513,30.4853531420231,66.2419483661652,13.6083120405674,0,1577.87695935369,69.1463530957699,159.358555197716,14679.2360347807,21.6704994738102,405.456486344337,6.27758663892746,5184.87749049067,262.995119810104,50267.163577795,158.547262787819,7.48680600523949,32532.0796380341,63716.506280899,1819.98002418876,1196.89645177126,1469.07044973969,0,21.8719766736031,149.773134678602,1709.22770825028,554.852434366941,6465.69216570258,3841.38239946961,3368.56867682934,2578.47009137273,57.1405003666878,40.882925093174,4.83180230855942,1263.08364805579,284.103537797928,492.714750781655,488.653299838305,506.052270412445,4.06916391849518,0,0.480441689491272,206.154121100903,6530.55749085546,0.695949703454971,3.92239481210709,3.96618339419365,125.251380980015,15.2593881189823,6.39145389199257,8.38156679272652,12.0099568068981,5.47400403022766,0.552955806255341,29.3287981748581,4.4003818333149,604.238060116768,1125.86670127511,18.7690514624119,191.974522382021,5.02030929923058,121.145411729813,133.252896368504,4310.34887315333,147.102556824684,2.61159461736679,1578.11231870949,15724.9772672504,250.958459615707,32.6437870562077,155.523482531309,0,5.35026550292969,2.80795592069626,214.847583994269,518.881777316332
11.8418166637421,1.34492659568787,0.41137284040451,0,189.587830305099,394.119837075472,770.94802942872,410.50040641427,3072.30057224631,17982.3511005342,43.6287971436977,4794.77328953147,1.18345606327057,238.126580923796,487.179743111134,0,7.48641774058342,7.10058999061584,12.8677663803101,17112.2007886469,3.56229129433632,2.55112141370773,1.57835066318512,6933.0941645503,6.83021679520607,13.9902643561363,11.8107796609402,10109.2196296751,339.908742189407,20.8974659144878,0.596558094024658,98.4376397132874,11.6344176530838,222.755387067795,85.1868270635605,1090.81657731533,38.9435266554356,222.140732377768,74.6699463129044,673.757773578167,61.8228758573532,8.06234753131866,235.172373533249,2.7647756934166,130.826404303312,14.2527455687523,668.486072182655,32.583458930254,0.687160849571228,0.499033480882645,1.16780519485474,0.38416451215744,2122.67085468769,21.0666856467724,218.715524792671,825.926162064075,134.794764101505,1850.42951500416,2609.06314083934,36.1714861989021,1318.95601689816,0,180.413345605135,345.171383142471,0.876505017280579,0,0,0,852.82841488719,0,6.03677323460579,1.18806767463684,4113.24253025651,0,0,0,3759.23606026173,102.8903247118,7.12031686306,0,6.63306611776352,4.43313756585121,31.2666730582714,12.6187233030796
11.5148308873177,15.4755029678345,19.8281870186329,189.587830305099,0,3858.33420276642,357.238485217094,902.886757910252,1128.36724248528,1316.52547094226,22.6890235841274,1256.61994040012,3.2498317360878,78.9146097004414,5119.51203155518,51.9486931562424,34.8289957940578,0.684275150299072,2.40777051448822,135.569502770901,1076.75277489424,47.5701207220554,813.314470440149,587.389457583427,13.3207233548164,27.7883238494396,128.219457954168,544.60652256012,81.1523906886578,614.876716822386,1.11050355434418,432.353661358356,11.9607753455639,1968.67021632195,3079.3176484704,1063.8119289875,114.694133400917,105.713500052691,45.9909144341946,13511.213861376,3544.71218907833,6.07814651727676,20.4970980584621,2.36267989873886,8.85237389802933,7.8636668920517,229.684758812189,3.60462820529938,0,0,0,4.0000456571579,89.0416565537453,5.01411634683609,33.9218164086342,38.2003867030144,6.03141844272614,59.8079235255718,117.450397968292,28.6933372318745,152.364918708801,0,7.79535827040672,91.9841879606247,6.40894436836243,0,0.930998921394348,0,59.4081026911736,9.06359758973122,0.58942186832428,7.32155644893646,69.432857722044,0,3.16919732093811,6.0693981051445,101.007763087749,0.680324375629425,9.16085571050644,0,0.839241862297058,0,2.27885448932648,493.410489678383
59.01865914464,2.38890832662582,38.2361889481544,394.119837075472,3858.33420276642,0,3200.93371409178,10383.0045368075,738.498351246119,29242.3565111458,157.809902399778,6160.03214037418,14.3562382459641,1018.41690891981,2147.56070896983,0,50.8208614587784,27.4542125463486,25.3580463826656,765.030844092369,27.9420059025288,3.89384680986404,105.473455369473,313.759637802839,10.1145561337471,66.3958191871643,37.7224635183811,692.72949308157,573.173302382231,415.964043200016,15.8060877323151,749.613420695066,8.2464365363121,332.054097801447,966.568964749575,1787.07706573606,54.9171780049801,220.321302741766,76.5918252766132,5623.52822214365,144.27128598094,30.947349190712,112.304436832666,5.37738859653473,36.7662214040756,5.88432502746582,700.340223819017,12.0358204245567,4.19696438312531,0.732032597064972,0,0.392599284648895,298.68056204915,13.6189325451851,106.966130763292,249.109743744135,30.3734606206417,154.386037379503,446.386084854603,64.4533227682114,441.660413086414,5.72996658086777,51.9991928040981,208.237034499645,2.73105800151825,0.777842551469803,0,0,140.941091686487,7.12528452277184,0,2.23863506317139,445.341780662537,0,4.46224644780159,1.5224683880806,505.626782208681,31.3873362243176,29.7893289923668,1.73654389381409,5.4845649600029,3.00478214025497,13.7750439941883,54.9043810963631
3875.45295384526,2.28357192873955,695.445636510849,770.94802942872,357.238485217094,3200.93371409178,0,17227.4950526953,1167.6246496141,25012.8908714652,800.720748066902,433.803404569626,74.9492692947388,28788.818023771,1651.87767016888,5.13045755028725,335.452747404575,162.312173873186,264.781850546598,301.276295870543,450.351640313864,10.3430386185646,1524.15023815632,4167.94825327396,41.0584486722946,452.235382467508,294.947904706001,67775.7461367548,7516.09793844819,24412.5231633186,60.269422262907,830.317103654146,663.135837584734,3207.41887381673,1379.49672299623,11472.3347902894,789.796122014523,3253.88043114543,1252.66249543428,1007.16469329596,758.221028387547,136.118676483631,2172.0004619658,40.6925733983517,876.118967473507,169.274866253138,1493.40275520086,271.914143741131,12.1039171218872,28.453421831131,4.26836258172989,20.3409951329231,696.988163918257,12.1043098270893,165.411701381207,4827.63787323236,444.422089338303,706.732875466347,1124.00311750174,317.338410526514,263.40398222208,12.5261908769608,973.939926743507,128.19912391901,62.2923086583614,6.12910860776901,0,3.44860783219337,263.721738606691,62.8795500397682,26.4269102215767,123.447228878736,5562.4536588788,0.869377553462982,16.845033198595,63.8911337852478,5253.11961379647,1067.79909533262,569.350999742746,0.953421294689178,55.5711797177792,67.0156948566437,301.029659152031,270.85677048564
1274.3629463315,4.29886114597321,781.05965089798,410.50040641427,902.886757910252,10383.0045368075,17227.4950526953,0,285.743314325809,17984.5881076157,287.865747213364,4935.71471256018,35.5304660201073,22939.284845978,389.331109166145,8.14645066857338,635.116274148226,58.6889793872833,46.6965809464455,1455.63924574852,492.193551242352,11.3022566139698,2127.96723121405,468.293519437313,32.1533250510693,288.567625254393,327.445621907711,2447.32871112227,2643.16457384825,8780.94551411271,20.2087776064873,863.384929060936,90.7005004286766,834.572321146727,148.759133785963,3707.04830166698,238.186903059483,775.471240967512,324.267360329628,1693.08900037408,147.586000204086,61.2515561282635,795.881994724274,11.2354406416416,295.487487882376,61.3767626881599,736.343431591988,74.0254458487034,1.68776720762253,5.03795117139816,0.867848992347717,8.70989972352982,296.761758595705,9.90215802192688,66.6059655249119,1780.53857660294,110.127575129271,190.95928171277,426.428129643202,170.842947393656,229.731015175581,10.3828127980232,202.91930475831,98.6063640415668,13.5594724714756,0,0,0.410795331001282,133.827895343304,16.6564930379391,5.17488610744476,40.3267252743244,1744.02544155717,0,11.1842873692513,43.3082075119019,1756.5520671308,244.315280437469,212.167471200228,4.15675261616707,4.08963671326637,34.5223169326782,97.5982797443867,39.5650134086609
4.25681018829346,2429.18199297786,26.0992391705513,3072.30057224631,1128.36724248528,738.498351246119,1167.6246496141,285.743314325809,0,1614.14534533024,119.214224249125,4298.36979159713,314.344617962837,114.31118118763,4089.43686363101,885.227739572525,42.8263550698757,7.617959856987,16.3665958344936,827.08977201581,677.617711365223,11511.2239039242,349.384894818068,22225.6593358219,608.567301422358,73.5470433831215,7490.39769950509,4118.37288686633,175.255203306675,32.9755766093731,13.0228663086891,110.595002859831,21.571653842926,189.638308703899,47.3164114952087,684.520706325769,45.3794478774071,129.57079988718,55.512800514698,3154.72228196263,94.4110471606255,30.108302116394,555.323284804821,26.8446636199951,212.595272824168,74.0454992651939,404.731589108706,40.5688808858395,9.48408186435699,13.4859729409218,22.9463506340981,30.4297090172768,1218.91240170598,30.1607015728951,172.169374227524,859.421914100647,118.503651380539,3946.36973726749,1048.37547132373,70.7056004106998,597.076065629721,49.8907690048218,152.96603012085,252.765264511108,2199.36306598783,18.8228415846825,6.70666351914406,15.7761998176575,269.397005259991,1297.59746000171,2361.76229566336,548.425203621387,7199.0399813652,13.3247236013412,65.0063311159611,307.08277618885,4590.13478720188,391.304970830679,349.373137772083,19.8500592112541,22.3444771766663,44.623761177063,111.756698310375,95.6045408248901
159.026171386242,5.76880064606667,30.4853531420231,17982.3511005342,1316.52547094226,29242.3565111458,25012.8908714652,17984.5881076157,1614.14534533024,0,1335.98225748539,6708.44542682171,150.124433398247,5521.63970521092,1511.37727811933,0.809205710887909,213.480869144201,256.038190722466,379.341112017632,14002.0385488868,31.7784622609615,5.55737239122391,66.2385397851467,998.332262605429,55.1046372354031,499.469540268183,156.577173292637,8374.17766460776,4977.29750931263,487.819773375988,99.1592127680779,1643.28997221589,42.6581039130688,2735.01903507113,594.033303678036,9992.894071877,532.297332853079,2593.03690209985,711.537473767996,2282.92687261105,670.873548209667,189.40863597393,494.326296955347,45.2866600751877,281.754503130913,32.9849677085876,1507.77354055643,82.6924594640732,21.9755209386349,1.54713889956474,0,0,2235.35331007838,33.4288828969002,349.131603300571,1635.5182493329,207.243331223726,1283.50603079796,3233.09671244025,139.562003344297,1503.08604228497,15.3342266976833,254.201784610748,513.263759464025,6.38729214668274,2.4549252986908,0,0,1040.06996336579,9.50903177261353,3.37766891717911,4.65313267707825,4344.92254170775,0,2.46045529842377,7.81180787086487,4476.76359078288,187.221571952105,37.4302151203156,1.13049763441086,6.38436180353165,7.46653512120247,82.0281610190868,66.085900247097
55.9306564331055,832.756059974432,66.2419483661652,43.6287971436977,22.6890235841274,157.809902399778,800.720748066902,287.865747213364,119.214224249125,1335.98225748539,0,838.048134148121,5652.17472627759,1426.36592504382,51.8907551765442,9.37691706418991,1406.36261618137,15000.4319742918,4857.43360188603,315.14410468936,79.7192770540714,178.515087425709,256.80400505662,135.596314996481,2113.20673280954,11339.5535537302,932.464941114187,259.821552574635,2758.08435034752,319.376627087593,2038.91190508008,1527.70675966144,5.13109666109085,18218.3524953127,194.330487906933,2821.46199822426,5592.335744977,10441.6405965686,2285.0772510767,317.212775290012,56.4933497905731,3747.08738791943,55.4912654459476,3570.34159725904,50.1486290097237,33.1864911019802,56.8745356798172,1.73932313919067,814.455981642008,0,99.9806842207909,10.1954542696476,0,0,1.25152826309204,12.8461902141571,0,55.7512293756008,0.855825483798981,2766.32783722878,13.0052872002125,5691.65136453509,4.88622814416885,4.0587700009346,5.86769071221352,15.9471061229706,6.88079288601875,35.7321013510227,0.546521127223969,1.32411909103394,16.5808152556419,10.1335839629173,57.057121515274,409.444683730602,2810.95205497742,2282.16598701477,13.9694993197918,26.1063375473022,7.13090923428535,3004.29080685973,17.8832269310951,1.36670243740082,69.3846643865108,129.974982887506
25.8947683572769,22.0203089118004,13.6083120405674,4794.77328953147,1256.61994040012,6160.03214037418,433.803404569626,4935.71471256018,4298.36979159713,6708.44542682171,838.048134148121,0,64.4286446869373,2143.63000938296,2595.64035582542,0.813355207443237,123.641312748194,134.101744920015,197.979206353426,9456.92232841253,23.2510478496552,54.571936070919,18.6964508593082,972.045674830675,32.1834550797939,318.118044674397,174.824965238571,1132.23921602964,1998.66693511605,181.229362517595,70.8280434310436,1053.34855046868,8.10883915424347,1064.8258574307,123.844076156616,4159.42189234495,317.638650178909,860.662562817335,215.523198097944,4551.95217180252,242.402908891439,130.676559835672,90.3541285693645,24.0559852421284,40.6455489397049,2.67411917448044,1030.405664891,9.84861946105957,8.26572221517563,1.54283457994461,0,0,1964.18568795919,45.5444900691509,301.841909110546,184.02865639329,79.4372779726982,696.054456800222,1455.17790606618,101.903263628483,1917.36495918036,13.2530407905579,81.98936226964,579.657305210829,3.03254392743111,0,0,0.908705979585648,801.008498847485,3.00604665279388,0,5.09275469183922,935.52071544528,0.529888331890106,4.53043788671494,1.14795958995819,1076.6537039578,38.0413613319397,5.207359790802,2.8988122344017,12.2333478033543,0.938107192516327,10.7183472216129,14.7725460827351
6.1150084733963,2598.27096301317,0,1.18345606327057,3.2498317360878,14.3562382459641,74.9492692947388,35.5304660201073,314.344617962837,150.124433398247,5652.17472627759,64.4286446869373,0,91.8909075856209,13.0862581133842,14.1619018316269,1.05356958508492,124.571567326784,0.568047940731049,40.1757453978062,5.74814212322235,750.15565353632,1.38119998574257,183.47361984849,7987.50886499882,149.791056632996,1103.76260876656,46.1379338502884,205.485516279936,34.2134547829628,2450.18826019764,153.468755751848,0,3267.5542241931,15.7843772768974,221.470651954412,1350.42043286562,1305.20637774467,78.8489184081554,50.0038151741028,8.55617189407349,2001.1852286756,78.0843612551689,2450.18831297755,53.6808968782425,40.4141481816769,15.3605070114136,0,462.622310459614,0,224.963482052088,2.53183814883232,0.441338181495667,0,0,0.526111721992493,0,54.7515270709991,0,3854.07529938221,2.08986431360245,10850.3319643438,6.03513693809509,3.68309825658798,13.8193981051445,13.9919044971466,18.4429333806038,62.100769162178,0,1.49205827713013,60.8626020252705,4.16493433713913,56.7153841555119,1927.3465243578,4827.4899572134,4842.22790130973,0,25.6537838578224,0,5992.14904597402,26.4768294095993,0,82.9233731925488,15.2229856848717
9571.11322388053,6.47983875870705,1577.87695935369,238.126580923796,78.9146097004414,1018.41690891981,28788.818023771,22939.284845978,114.31118118763,5521.63970521092,1426.36592504382,2143.63000938296,91.8909075856209,0,207.173969745636,22.7498891353607,1890.0700250268,304.308235645294,355.432080954313,797.895974695683,1038.25218144059,20.7808319330215,4357.3811275661,401.492906838655,37.1436766684055,971.429277509451,980.567277133465,2269.77650898695,20954.3674382865,25901.0970872939,100.819911688566,477.48855561018,237.087250441313,1412.23262286186,171.431061208248,2615.21613746881,387.003920465708,1313.87681019306,446.676739513874,393.489163398743,127.692595809698,121.178343296051,358.971649646759,34.5169188976288,162.771471828222,23.0884971022606,328.753593415022,52.0747647583485,15.1762261092663,3.69245475530624,0,26.7884057462215,77.0666972398758,3.03103250265121,12.0130764245987,793.299338281155,30.5912385582924,78.094384521246,159.132358580828,101.004322379827,69.8518868386745,37.6173274517059,47.8137273490429,41.5939987897873,25.4204540848732,2.72750571370125,0,0.766149163246155,35.1577788591385,19.1110111474991,4.40486016869545,47.0386288166046,816.948207467794,4.59337973594666,25.187537997961,114.539001435041,810.266117662191,121.460777699947,164.546270251274,8.12678670883179,0.915888667106628,14.405312359333,61.9628272354603,24.9584785997868
30.4844703376293,64.637986779213,69.1463530957699,487.179743111134,5119.51203155518,2147.56070896983,1651.87767016888,389.331109166145,4089.43686363101,1511.37727811933,51.8907551765442,2595.64035582542,13.0862581133842,207.173969745636,0,49.3334684967995,116.098817199469,11.024942278862,20.090536236763,348.046153992414,1213.09974625707,232.294163048267,739.385151177645,1896.57550242543,18.2339860200882,54.0029798746109,469.203357368708,1712.49745291471,287.778586685658,2013.00268661976,5.48630625009537,430.400287210941,21.4661310017109,277.040741443634,2759.84538468719,782.771251678467,139.013957321644,156.308941364288,91.465058028698,3577.46874663234,228.562858909369,7.58855444192886,116.607800900936,7.48243629932404,35.7077186107635,29.68516933918,260.194391727448,14.3792372345924,0,0,3.51402944326401,2.60265052318573,107.164095431566,5.83822879195213,36.6621442139149,165.76814365387,18.6422343254089,121.034612834454,145.110048621893,13.5574238300323,151.839349389076,4.98911285400391,27.8493810594082,84.8817607164383,8.69829106330872,0,0.969405472278595,0,60.2650847136974,7.18684220314026,4.61396718025208,16.3006792366505,276.366272270679,0,2.62983372807503,27.160793453455,282.436884969473,39.0198859274387,36.1318840384483,0,3.29573705792427,2.25824415683746,13.5904586613178,1068.67927777767
1.2786038517952,379.299610704184,159.358555197716,0,51.9486931562424,0,5.13045755028725,8.14645066857338,885.227739572525,0.809205710887909,9.37691706418991,0.813355207443237,14.1619018316269,22.7498891353607,49.3334684967995,0,215.345326215029,3.27499642968178,41.2122114300728,0,14535.7553014457,13844.9402836859,16042.0968925059,4967.34115645289,43.1371124386787,137.537384241819,5197.85359442234,2881.09618702531,15.0357076823711,51.1749540865421,0.692774772644043,4.70372977852821,2.97491446137428,409.792074382305,468.997841358185,4187.42685911059,1927.54623869061,1398.48102715611,1070.20977428555,35.3188015222549,57.8133833110332,11.147006213665,254.358996361494,28.235934227705,102.857521474361,102.722588837147,135.089549601078,7.87966042757034,0,0.890734732151031,37.0218142271042,169.893269300461,0,0,0,140.598316073418,8.0318638086319,147.443720459938,1.50890064239502,128.739717721939,1.62923020124435,3.45043015480042,17.2066062390804,9.29061412811279,14383.4084005356,42.4013150930405,0,5.66238185763359,1.22966700792313,3303.71579235792,2189.66754069924,8913.50969544053,1909.92245423794,3.41606390476227,68.0588167309761,1917.15641888976,2712.23401683569,98.6343506276608,464.579312324524,1.21373879909515,2.20348513126373,8.80849286913872,65.0821731686592,229.579642921686
427.603456765413,232.126861542463,14679.2360347807,7.48641774058342,34.8289957940578,50.8208614587784,335.452747404575,635.116274148226,42.8263550698757,213.480869144201,1406.36261618137,123.641312748194,1.05356958508492,1890.0700250268,116.098817199469,215.345326215029,0,899.009206086397,9145.30950865149,67.3919315636158,1961.23401242495,404.205919802189,17998.9188105762,223.415873408318,2.87094306945801,8579.39983305335,21841.1890945435,377.542442440987,2989.80429795384,2455.77328291535,5.79191672801971,77.3503135144711,516.934575438499,11572.192261517,738.615951418877,6961.22659444809,4843.59431424737,6221.26361694932,4210.08419504762,77.4696689248085,61.4007160067558,9.16126796603203,378.636477142572,140.944306492805,160.857563883066,186.870689421892,71.9789651930332,2.01488029956818,0,0,144.215067565441,2027.62958022952,0.678098022937775,0,0,19.2694382369518,0.97551292181015,4.47185051441193,0.51967579126358,4.3378064930439,0.398791491985321,0,1.992879986763,1.18293654918671,93.7119779288769,667.176840305328,3.78328341245651,131.177729398012,0,18.092614620924,38.4249758422375,613.850575894117,25.3166498243809,3.16426691412926,1989.69986592233,5865.76811122894,33.5977003872395,2.8074923157692,46.0132220387459,0,0.516727447509766,0,62.6937221139669,498.20010972023
5.2197699546814,4.93326246738434,21.6704994738102,7.10058999061584,0.684275150299072,27.4542125463486,162.312173873186,58.6889793872833,7.617959856987,256.038190722466,15000.4319742918,134.101744920015,124.571567326784,304.308235645294,11.024942278862,3.27499642968178,899.009206086397,0,5518.2953132689,51.7922039330006,35.4677386879921,3.11402297019958,122.050591230392,18.1287191212177,0,10729.3776408136,635.506949841976,50.9266866445541,447.470915257931,77.5944629609585,350.963500052691,198.812712192535,0,2455.32215312123,110.476280748844,1428.18763449788,4257.71030431986,3445.97219622135,1731.5726583302,40.818992972374,14.5898364782333,44.5318373441696,9.75526016950607,10.8278638422489,2.26605513691902,9.99815028905869,3.24509790539742,0,0,0,3.7193695306778,10.556100577116,0.68692421913147,0.819315373897552,0,0,0,3.21006453037262,0,3.22026973962784,0,11.2360618114471,0,0,0,4.75877320766449,0.450002729892731,8.814707249403,0,0,0.652935206890106,1.7384095788002,1.31663882732391,0.692646384239197,106.967398375273,125.240778326988,0,0,0,11.6010802984238,0,0,0,64.2869527339935
21.6518125534058,19.991612046957,405.456486344337,12.8677663803101,2.40777051448822,25.3580463826656,264.781850546598,46.6965809464455,16.3665958344936,379.341112017632,4857.43360188603,197.979206353426,0.568047940731049,355.432080954313,20.090536236763,41.2122114300728,9145.30950865149,5518.2953132689,0,95.3922961056232,349.116309344769,40.6479272544384,1416.76956513524,52.3164594769478,0,22823.7044383287,4412.2076741755,112.040110379457,503.181617945433,203.060836881399,12.6338680386543,119.3106585145,18.946142911911,6849.57007551193,343.219298869371,4592.12500867248,4500.28722280264,4377.83645185828,2750.10708868504,70.9672436118126,16.8012019097805,3.90558075904846,103.01430773735,34.4306059777737,37.6854518651962,73.0765270292759,8.74303677678108,0,0,0,48.7599592208862,153.588459819555,0.658612370491028,0,0,1.52939838171005,0,8.95766568183899,0,2.48815453052521,2.13369911909103,3.6271595954895,0,1.314040184021,22.3999999761581,150.629977732897,2.74217340350151,61.7769710123539,0,3.88365957140923,5.93495464324951,83.0925892293453,5.23468017578125,2.82906067371368,990.045719742775,1189.91871613264,1.21269339323044,1.67203658819199,10.8250513970852,0.619103372097015,0,0,10.4400143623352,213.404280245304
19.3263695240021,4.64423853158951,6.27758663892746,17112.2007886469,135.569502770901,765.030844092369,301.276295870543,1455.63924574852,827.08977201581,14002.0385488868,315.14410468936,9456.92232841253,40.1757453978062,797.895974695683,348.046153992414,0,67.3919315636158,51.7922039330006,95.3922961056232,0,5.2385687828064,4.55659651756287,13.7764790356159,621.688639611006,9.56251865625381,111.480670452118,58.4999198317528,1793.43682396412,888.01771658659,86.1709116399288,20.8243508636951,280.012108981609,4.74360540509224,552.091407924891,110.280151098967,2092.66602393985,157.385088562965,403.418224424124,121.614067584276,648.695265978575,130.168321311474,52.1988309621811,167.127885520458,13.5592558383942,73.9521524012089,10.6253849864006,545.816387563944,33.7557283639908,4.21978229284286,0,0,0,1354.14105260372,17.8545271456242,187.876711785793,514.047846198082,84.8529551029205,573.855641663074,1813.81755816936,64.6058375537395,786.546306401491,4.88299399614334,118.321206152439,233.135364770889,2.09125980734825,0,0,0,522.019821792841,6.12078604102135,5.64576530456543,4.61673906445503,1815.71842810512,0,4.48460978269577,2.56327909231186,2138.67314466834,69.1851442158222,16.8760568499565,0,5.26899433135986,1.52248966693878,22.2998652160168,26.7853018045425
277.996054589748,55.8039911687374,5184.87749049067,3.56229129433632,1076.75277489424,27.9420059025288,450.351640313864,492.193551242352,677.617711365223,31.7784622609615,79.7192770540714,23.2510478496552,5.74814212322235,1038.25218144059,1213.09974625707,14535.7553014457,1961.23401242495,35.4677386879921,349.116309344769,5.2385687828064,0,2483.6286175549,61229.6057084799,1232.8706509769,56.7863571047783,804.135130107403,2682.04252448678,13285.9651536047,1814.86021414399,37408.7225057483,6.44921681284904,49.8850924372673,630.659847378731,16054.0208476484,5357.34301176667,34356.5781748891,9007.13341346383,17498.2666388452,10081.0289514065,359.810976952314,427.515374243259,49.6131127178669,333.148862332106,30.963092237711,117.610721290112,120.460409462452,339.52125865221,46.5083716511726,7.81569224596024,6.14937478303909,8.23594254255295,151.552205473185,4.06142520904541,2.02139735221863,3.98949807882309,117.370150148869,8.17456024885178,110.474761217833,2.91508194804192,318.364935100079,2.48736497759819,0,23.7969640791416,20.3100753426552,3526.24791955948,31.3809584081173,0.55533692240715,11.8806845545769,2.01533535122871,4579.7197855711,1083.4454742074,1866.97665086389,2168.15052983165,0,99.8641377985477,731.390489906073,5572.93580317497,202.890462040901,1281.57600861788,0,3.7266498208046,24.4837419092655,76.1305702328682,1537.08143395185
4.06944978237152,6720.5881793499,262.995119810104,2.55112141370773,47.5701207220554,3.89384680986404,10.3430386185646,11.3022566139698,11511.2239039242,5.55737239122391,178.515087425709,54.571936070919,750.15565353632,20.7808319330215,232.294163048267,13844.9402836859,404.205919802189,3.11402297019958,40.6479272544384,4.55659651756287,2483.6286175549,0,2849.1343434155,15606.9968850613,1433.02738580108,198.996480345726,23724.4458230436,870.50362560153,26.4790630638599,40.7920258939266,26.6841079592705,3.45063355565071,1.56713226437569,287.284236192703,71.1549124717712,1033.93806049228,212.628330826759,512.13816562295,335.669335395098,219.844187796116,10.8045833706856,66.3460050821304,199.078592836857,38.675646930933,80.7897797822952,91.6340003013611,21.4765191674232,3.1832127571106,9.43565255403519,0.543639600276947,57.6293222010136,292.827286243439,0.395608365535736,0,0,52.1517372131348,7.94234472513199,97.9767729640007,4.22631275653839,57.4415067732334,20.346294939518,126.802277565002,2.25830328464508,2.1492868065834,6091.70484992862,70.4166489541531,0.662477970123291,11.9549118876457,1.33400106430054,479.540065944195,2232.6640585959,2529.13174265623,1202.99566167593,46.1049744486809,149.473807096481,4989.37980768085,835.060254305601,16.8098860085011,88.2560076415539,56.2984387278557,0,2.70282709598541,28.2637867629528,97.6553795933723
1132.35369026661,183.005294531584,50267.163577795,1.57835066318512,813.314470440149,105.473455369473,1524.15023815632,2127.96723121405,349.384894818068,66.2385397851467,256.80400505662,18.6964508593082,1.38119998574257,4357.3811275661,739.385151177645,16042.0968925059,17998.9188105762,122.050591230392,1416.76956513524,13.7764790356159,61229.6057084799,2849.1343434155,0,4801.96609812975,38.2614797949791,9037.70275434852,45719.1977116168,14068.6099711359,3977.40595966578,19503.6617670953,12.408784866333,83.0905612111092,642.733830422163,14775.0365941823,6241.21131116152,44736.3959605098,19748.1396723688,29801.1986617744,18276.0174845159,562.524396687746,573.458511501551,34.9240128993988,813.338463634253,133.399951964617,362.596930012107,472.966788440943,359.644965648651,23.01751729846,3.28501635789871,1.57215782999992,67.5653288066387,2110.41434109211,2.92324444651604,3.82011008262634,4.46571269631386,343.993020027876,15.4552002847195,60.6596368551254,6.47474032640457,198.757600754499,2.9354504942894,0,27.5028635859489,18.7330096662045,18017.8104858994,246.68011277914,1.60245805978775,57.7429546117783,2.39790937304497,3408.42724719644,1565.12794226408,19349.2255518287,1395.69027101994,2.57132530212402,313.993117153645,11501.3292734921,1981.81609970331,41.8156840503216,343.450506716967,0,4.16099035739899,6.42128458619118,163.777021437883,3154.23877337575
28.6853053569794,2514.09943309426,158.547262787819,6933.0941645503,587.389457583427,313.759637802839,4167.94825327396,468.293519437313,22225.6593358219,998.332262605429,135.596314996481,972.045674830675,183.47361984849,401.492906838655,1896.57550242543,4967.34115645289,223.415873408318,18.1287191212177,52.3164594769478,621.688639611006,1232.8706509769,15606.9968850613,4801.96609812975,0,439.417054444551,196.674428135157,8473.18262064457,16306.3111428916,915.961732894182,176.527815908194,13.3255583643913,136.136528611183,342.13244214654,1055.23112747073,726.746619671583,8529.71759325266,931.720430076122,1068.16104704142,672.251663058996,1629.48831546307,166.315465450287,63.5495280921459,3286.24515721202,64.8821783661842,1345.04459987581,381.118848770857,1367.10309872031,355.398073077202,16.8210655450821,62.6896094083786,31.5436457395554,136.436558991671,1346.69318813086,24.7375840544701,211.360472053289,5260.356218189,486.719755530357,4397.05980822444,1339.47064629197,413.48640486598,552.680517673492,30.7466154396534,1040.03810220957,276.59486335516,2147.12391322851,35.446808308363,3.39131435751915,20.5461286306381,334.655128866434,1265.83855566382,890.759167015553,1749.47180241346,16821.305807054,17.2297310233116,91.2769342064857,904.398575544357,15547.3708016276,2278.42856839299,2655.32805666327,6.50805953145027,90.4812102913857,250.75172290206,609.748299628496,373.283930182457
0.391411662101746,3602.87528592348,7.48680600523949,6.83021679520607,13.3207233548164,10.1145561337471,41.0584486722946,32.1533250510693,608.567301422358,55.1046372354031,2113.20673280954,32.1834550797939,7987.50886499882,37.1436766684055,18.2339860200882,43.1371124386787,2.87094306945801,0,0,9.56251865625381,56.7863571047783,1433.02738580108,38.2614797949791,439.417054444551,0,110.778003126383,9013.92952728271,71.5552310049534,34.1843169331551,21.9501359164715,701.708653539419,78.4095863699913,0,2381.17234766483,1.47973966598511,75.6104021370411,47.2415465116501,365.721138000488,4.03317821025848,519.154987543821,28.2863565683365,1104.33750140667,90.3952313065529,399.717474460602,77.0327764451504,47.6146329641342,264.21775868535,5.2581872344017,711.744709551334,0,469.367317736149,9.05718529224396,2.15938454866409,0,3.56947985291481,11.4353813529015,6.16729563474655,21.0198868513107,5.38338667154312,997.491194278002,9.44486105442047,3465.93774345517,19.8452918827534,6.16306963562965,14.439278781414,19.0002000331879,1.50595951080322,73.3110858798027,0.752792119979858,5.29309824109077,19.9493158459663,18.6061837673187,51.697447180748,2634.77007168531,727.905619770288,2958.3861322999,18.7374645769596,48.2328850924969,5.75961434841156,594.440951675177,27.6972685754299,0,106.819315433502,5.46981596946716
138.000905275345,257.503716468811,32532.0796380341,13.9902643561363,27.7883238494396,66.3958191871643,452.235382467508,288.567625254393,73.5470433831215,499.469540268183,11339.5535537302,318.118044674397,149.791056632996,971.429277509451,54.0029798746109,137.537384241819,8579.39983305335,10729.3776408136,22823.7044383287,111.480670452118,804.135130107403,198.996480345726,9037.70275434852,196.674428135157,110.778003126383,0,56591.9856728911,318.941740065813,1314.05677735806,634.489144027233,200.234250336885,372.869429379702,91.7527809739113,4658.85021066666,757.776497960091,11086.4101904333,20188.6680407226,7160.96925830841,5522.77030912042,148.18139821291,42.1810887753963,84.3175032734871,1394.52345719934,611.857829779387,585.550559341908,640.240378335118,40.6831250786781,2.36483490467072,4.92908874154091,0,548.615506708622,2625.89232185483,0.532323002815247,0.674598693847656,0.432586640119553,24.2970341742039,0.587449133396149,52.7269840240479,1.25873672962189,188.844545215368,7.43376031517982,923.202643036842,6.69412884116173,1.85322833061218,101.697177648544,1567.16443860531,20.9407828450203,796.136382192373,0.617899417877197,44.5908639729023,73.8883181214333,600.665296643972,51.5588683784008,353.972468495369,12119.2589672804,18003.3156003207,33.5759507715702,14.9538215398788,127.286111444235,1199.71471443772,1.05727994441986,1.32961940765381,171.88799905777,528.656973719597
198.633479177952,23851.3722351789,63716.506280899,11.8107796609402,128.219457954168,37.7224635183811,294.947904706001,327.445621907711,7490.39769950509,156.577173292637,932.464941114187,174.824965238571,1103.76260876656,980.567277133465,469.203357368708,5197.85359442234,21841.1890945435,635.506949841976,4412.2076741755,58.4999198317528,2682.04252448678,23724.4458230436,45719.1977116168,8473.18262064457,9013.92952728271,56591.9856728911,0,1416.2228859365,1200.66543796659,1252.91812425852,372.178699612617,103.271868020296,163.380171477795,7389.59449604154,3297.41594493389,34603.5770084262,13845.8592873216,15791.54056409,13989.6306455433,582.829038470984,182.625678271055,48.5979046225548,6655.07823139429,2333.31573298573,2911.99726164341,3061.17712633312,368.354359745979,15.1411397755146,31.9781836569309,2.12066221237183,6066.12859511375,14374.5700542927,2.37913271784782,13.4029950499535,1.76225277781487,358.930937230587,25.3542138934135,178.070996195078,4.53341209888458,407.755180686712,16.5959688425064,2241.55912846327,51.1871493160725,5.89920350909233,7619.19103693962,5375.12005399168,120.845872819424,3008.7035933882,2.38451826572418,664.712809771299,2012.24170428514,13647.7906465828,1293.36359834671,2532.70281296968,35307.0486052632,111515.227965489,1050.50118455291,86.9052534401417,620.476176708937,2730.40926277637,10.8690774142742,4.26074060797691,867.430797755718,2801.69547832012
200.581312090158,58.4277856349945,1819.98002418876,10109.2196296751,544.60652256012,692.72949308157,67775.7461367548,2447.32871112227,4118.37288686633,8374.17766460776,259.821552574635,1132.23921602964,46.1379338502884,2269.77650898695,1712.49745291471,2881.09618702531,377.542442440987,50.9266866445541,112.040110379457,1793.43682396412,13285.9651536047,870.50362560153,14068.6099711359,16306.3111428916,71.5552310049534,318.941740065813,1416.2228859365,0,2685.99901136756,17015.6067664325,14.4056648313999,359.833971768618,667.797133594751,3586.66250127554,2318.85043612123,19616.8688553572,2026.1598315537,4027.83812052011,2437.58967509866,1318.54525271058,470.434150546789,136.178460985422,3183.68585735559,62.3451440036297,1178.94482684135,334.306205898523,1667.40304946899,347.057763248682,16.134130448103,63.942764133215,13.6095691919327,76.0895383656025,1363.82839909196,22.9902929961681,174.198155194521,4838.00105714798,475.550911962986,2372.67748519778,1857.91730523109,628.481298834085,537.639003396034,2.85772335529327,1004.12253710628,260.74995842576,1055.61117750406,25.9547219574451,0.596900403499603,17.6089924871922,477.009052038193,1239.30967506766,377.852348089218,1036.69897267222,11662.4738440812,0.780294001102448,121.646713703871,483.377426117659,13913.4827816188,2156.42721292377,2797.06855988503,0,60.8494947254658,234.14965197444,508.172188192606,576.829205870628
10196.2626111209,14.571453332901,1196.89645177126,339.908742189407,81.1523906886578,573.173302382231,7516.09793844819,2643.16457384825,175.255203306675,4977.29750931263,2758.08435034752,1998.66693511605,205.485516279936,20954.3674382865,287.778586685658,15.0357076823711,2989.80429795384,447.470915257931,503.181617945433,888.01771658659,1814.86021414399,26.4790630638599,3977.40595966578,915.961732894182,34.1843169331551,1314.05677735806,1200.66543796659,2685.99901136756,0,20584.9681343436,185.3013869524,810.548254653811,5966.57079875469,4725.68571361899,230.661571323872,3669.37523460388,408.920150399208,2222.49998533726,637.377072185278,758.39818239212,171.615973591805,201.457944214344,199.668189197779,82.9451774656773,88.5107853412628,16.3254092335701,227.942833900452,9.10307291150093,23.2577419281006,1.73046153783798,3.0221586227417,13.5612055957317,46.0544138550758,0.905399352312088,13.7944642007351,494.974332839251,14.1524157226086,88.6664063930511,60.1086451113224,144.552337914705,54.3624772131443,92.0122700333595,19.5801701545715,32.6051085889339,15.4077223539352,0,0,0.646632850170135,25.7939249575138,8.59172481298447,5.19037079811096,32.9567101597786,568.268540173769,3.61343717575073,48.120723426342,110.359413504601,489.566319525242,45.8301740884781,110.819398105145,36.2097337245941,0.590427458286285,9.54496383666992,35.9553197324276,40.1652818024158
14102.4126242101,8.64623230695724,1469.07044973969,20.8974659144878,614.876716822386,415.964043200016,24412.5231633186,8780.94551411271,32.9755766093731,487.819773375988,319.376627087593,181.229362517595,34.2134547829628,25901.0970872939,2013.00268661976,51.1749540865421,2455.77328291535,77.5944629609585,203.060836881399,86.1709116399288,37408.7225057483,40.7920258939266,19503.6617670953,176.527815908194,21.9501359164715,634.489144027233,1252.91812425852,17015.6067664325,20584.9681343436,0,22.4507175385952,416.435410231352,5531.09007683396,11763.215957582,3989.89460217953,17057.3533446193,1638.56975406408,8917.39591935277,3961.3664535284,425.010932087898,567.903527200222,83.2648147642612,534.101242095232,21.1447392702103,195.892549097538,83.2224302887917,247.334190100431,75.0535021722317,5.56398746371269,15.872310757637,3.45901161432266,41.186116039753,2.5768193602562,7.1382502913475,4.9909770488739,588.104049921036,37.6256451904774,62.1240509450436,10.2850113511086,139.993610709906,10.4075908362865,2.06982505321503,128.411302268505,21.7987603545189,74.9350737035275,4.86996918916702,0,0.815784811973572,7.32541730999947,105.591040074825,14.7348451316357,118.861035704613,662.42450734973,0,15.7779678702354,165.357186466455,1033.8509580195,291.91184258461,404.455295562744,0,12.5156676471233,32.5270164310932,81.4557850062847,668.789852380753
