0,0.000515958322703391,0.0142558008371798,0.00388218494483559,0.000318925625988573,0.00343082258325407,0.703923318773287,0.698352458259633,0.00222346134518425,0.0191271225996332,0.0175369816571274,0.00347161252238696,0.000265108718396038,1.47672231260848,0.00155930410150964,0.00588418213557003,0.0983216608524534,0.00786339195014136,0.0473713531644233,0.000633226538395434,0.00738685482549146,0.000799415508444846,0.0471777020986263,0.0254276523690896,0,0.0203114509418145,0.0208332005731119,0.129130780329634,1.94343759814531,0.521391162345041,0,0,0.0560529483284995,0.206942084815913,0.00709855309507394,0.183179025772029,0.00772156384090134,0.23434385434318,0.0291041107814998,0.0149007643393258,0.00331671850054625,0.00137730734389711,0.00253776627591422,0,0.000730121042716905,0.000875734379282773,0.00658198477476861,3.78188380200565e-05,0.000228605019338071,0.00113388520875788,3.51907445657254e-05,0.000135112635894566,3.6114485272944e-05,0,0.000476122102913947,0.00264028534402412,0.00123961576879119,0.00666315306036538,0.00048360597178933,0.00060724606207648,0.00509041191584185,0.000200471588278115,0.00159816943826398,0.00032714003298071,0.00798184630542601,0,0,5.06487471067607e-05,0.000314495840544939,0.00134552468069137,0.00610466205969038,0.00241402046095777,0.034188929094283,0.000107787403608024,0.000240128422707811,0.00138448877567544,0.00690817343808774,0.000632741057410568,0.0046222849835889,0,0,0,0.000241208978979156,0.00119203287371802
0.000515958322703391,0,0.554169593084317,0.000127767181637287,0.000100407882635236,0.000234306764668345,0.00182913982358267,0.00173097005697015,0.415791089068385,0.000336243820254325,0.00089170664641139,0.000483931222828627,0.14986647460919,0.000403715911285579,0.000179955840475142,0.0392302375441393,0.0268649478396867,0.00240619181298405,0.0121990700049703,0,0.00742858243270362,0.577688856448717,0.0793840462439234,0.223635384740916,0.895671230922841,0.128597743129597,5.18017430335721,0.00893700480697221,0.000436653035599738,0.00492728044360564,0.00279493188378785,0,0.000121910452760458,0.0129355553500653,0.00390358250070313,0.0689557072598086,0.129175759164092,0.0417201162685354,0.0129443782769298,0.00246416114810559,0.000135429538220525,0.000577533163859964,0.0284164860278925,0.0443384089501989,0.0109714288867705,0.0263842310917761,0.000483631315310955,0,0.00010260531979084,0.00054183738455069,0.231493903364614,0.0267467208216286,0.000135476223461866,0,0.000135362711800039,0.00100179348172438,0.000331383646522552,0.00584348214519563,0.000127777852497146,0.00136787399538654,0.000316574475583166,0.023276097935675,0.000176692774870723,0,0.00196112157449127,0.0772164954664839,0.00225102884986254,0.0567475827301133,0.000176661322176278,0.000964714547506094,0.0102254195156378,0.00562513465464953,0.00490255561524132,0.0212539396852849,0.235264356560998,1.43188693246114,0.000849539290733144,0,0.00268063203953915,0.0029769119458094,0,0,0.00995357383899288,0.00500290147728974
0.0142558008371798,0.554169593084317,0,0.00229649906337455,0.00527510504903054,0.00328768709818053,0.121285800592972,0.106878190016302,2.66268903182596e-05,0.0237379637257615,0.0170540212585918,0.00355194475813759,0.00129137588420829,0.0156583971331762,0.0044609274293682,0.0210375554750834,1.68097401301196,0.0255018777027664,0.106806236650588,0.000221162982142448,0.0122786075801535,0.0941371353255929,1.49117459565597,0.00361961564326784,0.000241124021458924,1.58537973776106,3.57180555891556,0.148124505324322,0.00872265701096321,0.245806603912172,0.00126396814871764,0,0.000850102654493033,0.333891812376583,0.0529337939529473,0.881406828144539,0.708005021142821,0.56831766204748,0.169776686136473,0.0395468018536772,0.0028126101924974,0.00193204586593708,0.0726812654760048,0.0729302976252618,0.0329446919179859,0.080641644306007,0.00380700170644453,0.000572937755216628,0.000441014100191892,0.000828460160813391,0.10303970117238,0.117747437732063,2.74779138791561e-05,0,0.000352438895964772,0.00504233825483534,0.00204927463450932,0,0.000157087302996532,0.00130685167090386,0.000872878473158539,0.000966094291705042,0.00252730451571259,0,0.00578122313542515,0.196718962431862,0.00399917138961677,0.117455150825572,0,0.00272158546329412,0.00792502299825784,0.0375986662273404,0.00220576231154646,0.000900062779604494,0.140994733005065,1.18012517595448,0.00349638246097149,0.000431703610671282,0.00930584398664361,0.000123778449834585,0,0,0.0306672552342387,0.0474449135895347
0.00388218494483559,0.000127767181637287,0.00229649906337455,0,0,0.045117399852797,0.0142537901905531,0.124046562331193,0.220665046404575,1.82383196635867,0.0031200508085506,0.998045442357981,3.69850864564776e-05,0.0452532259071732,0.00308427689130554,0.000114905757442713,0.000130372035269529,0.000316793010681122,0.000102906508619398,4.76737576742241,0.00130416759260798,0.000352657405363084,0.00661605807489357,1.28414134861776,0.000115152466694653,0.000746949264066934,0.000897030746468395,1.10302224015126,0.0375422707311531,0.000995310555290639,0,0.00035966510019657,0.00157238230037647,0.0280662124537051,0.00993726625207109,0.197499328860246,0.00274057133691317,0.0945897843270657,0.0129681015313755,0.117277587038324,0.00981659535561594,0.00225650914134943,0.0130534095837546,0.000142739548995585,0.0039121260045029,0.00194367147496042,0.0803982286600281,0.000387074733789593,0.000455307225925416,3.21063025101423e-05,0,0,0.119469025206501,0,0.00684380165497164,0.00246874581062582,0.0046601234818376,0.193634464854031,0.00332392898760927,0.00168561925135287,0.196756418117373,0.000859926949678987,0.00229955454560128,0.00722148650385791,0.00368326573078084,0,0,0,0.052019501903885,0.000512942638213069,0.0017866001002369,0.000969497765485763,0.48407447168585,0.000971717440177292,0.000196059919248715,0.000341960115255207,0.034465939434057,0.00193890734263875,0.00173728464154886,0,0,0.000188221264934539,0.00151047935919136,0.00278729884315711
0.000318925625988573,0.000100407882635236,0.00527510504903054,0,0,0.522024894907617,0.0017793445102964,0.00964532303611514,0.00139806453619611,0.000860900771652102,0.00110937656580967,0.00419081193912095,0.000123956192252726,0.00106484372483101,0.0766038333657051,0.00246977733931673,0.00186326167584464,0.000326184461427122,0.000802089303211242,0.00043462274893704,0.00385102852140761,0.000519894469360471,0.0581338293321549,0.000136027983831912,0,0.00101673237713039,0.020933824411702,0.00247402256826484,0.00937069076345361,0.00514110489570952,7.68348316020965e-05,0.0151875475364457,0.000285078653461158,0.0262121183388039,1.42492972091861,0.0271913518990756,0.0228325645579983,0.00930796990168639,0.0251175832153454,0.568740526461576,1.27471807194136,0.00229440843027336,0.000990126143819868,0.00103993399853304,0.000544738118199051,0.00447761923149402,0.000479832900395692,0.000179556996665895,0,0,0.000199383311099052,0.000616004534230589,0,0,0,0.000230798201366692,0,0,7.71147227674723e-05,0,0.000431626886215984,0,0,0,0.000139739262264162,0,7.76569045125843e-05,0.000128131543865323,0,0.000208063035868645,0.000158268475214839,0.00139811001722551,0.000904358989306092,0,0.000666325676944822,0.00106826423380518,0.000204379101858974,4.47999924627244e-05,6.87788886227608e-05,7.31665743760467e-05,0,0,0,0.0345819174467857
0.00343082258325407,0.000234306764668345,0.00328768709818053,0.045117399852797,0.522024894907617,0,0.21125998349267,3.06453329325871,0.0177131092564133,3.75198653089739,0.00825305116692293,0.295347658965743,0.000690825916109025,0.119706633815703,0.65060064984292,0.000402592730316847,0.000720850679521025,0.00017893008686167,0.000396668675712138,0.0317197952428774,0.0016146700350289,0.000128158411008776,0.0145477257458098,0.0224681524322654,0,0.00114006120432803,0.00170239630287346,0.09455072461288,0.259814040526532,0.00188331423526934,0.000126377800071359,0.0270726884074205,0.00100668815906563,0.0269032775701338,0.522422832975087,0.0891144221074047,0.00377361317153239,0.0646804764852137,0.0327766837912025,0.992032117898647,0.278882122798713,0.00460826975913393,0.00359247149986039,0.000334065606433391,0.00168104854741142,0.00169321737717981,0.0129966544375528,0,0.000231187587706476,0.000257831202986746,3.65830999477505e-05,0,0.000863709904421925,0,0.00143987306241281,0.00164715919433324,0.000980115048926503,0.00663926091519368,0.000191302727666959,0.000434065543913573,0.0183406242156927,0.000261294652396798,0.000666832822730661,0.00113751235022286,0.00153065114294189,0,0,0,0.00100714090420948,0.000429017065209449,0.00019380458629936,0.000583263823126867,0.0435141509806062,0.00016589997386685,0.000187549013613283,0.000721929680963829,0.00472460561188777,0.00147116374629481,0.00112546629867411,0,0,0,0.000532755394247651,0.0140067650789582
0.703923318773287,0.00182913982358267,0.121285800592972,0.0142537901905531,0.0017793445102964,0.21125998349267,0,3.3320557442448,0.00694075358698619,1.86783565942615,0.0134207029793259,0.212701515540614,0.00112287997448611,0.837499314211565,0.00496793108148265,0.0080396825310705,0.0917167673312755,0.00515097952181507,0.0211955700800238,0.00571314798936756,0.162163652073818,0.00565524188455185,0.554929247801431,0.489979726702654,0,0.0305258623136135,0.0388540101294797,2.50093062548621,0.286482500006348,1.8792749685304,0.000262423252319306,0.00063455132206726,0.0301158188816492,0.126153019106003,0.0310512582986965,0.644333172121084,0.0236216192360913,0.284651932339844,0.0580438454055431,0.0772936610194784,0.0204546822370013,0.00942620078937689,0.0083552548049294,0.000825884193582445,0.00288937329088246,0.00137269759485171,0.0158230550248298,0.000204268519956708,0.000349191815539718,0.00158625670546082,0.000281149588892043,0.00207068005997537,0.000499893221113265,7.59449630273581e-05,0.00149240972932586,0.00227086380855496,0.00197529208354577,0.0107995441832721,0.000381311951801776,0.00218994262137618,0.0155976928601608,0.00144777110677154,0.00155871796052128,0.00152931218775138,0.00988176808469841,0.00104943563100111,4.20678741870522e-05,5.07013102241158e-05,0.00118702574207178,0.00209955663115671,0.00484393397539463,0.00497329565848097,0.0725597924293713,0.000716202509505928,0.000913262339539096,0.00872830457409846,0.0106456083231421,0.00204847700746856,0.00508303230308461,0,0,0,0.00107983871154854,0.00704351234100211
0.698352458259633,0.00173097005697015,0.106878190016302,0.124046562331193,0.00964532303611514,3.06453329325871,3.3320557442448,0,0.0300859295884102,1.08129808237377,0.042313866384011,0.507350426727826,0.00349447833203179,1.48426580932173,0.0416973446425835,0.00550496411927388,0.207018913817367,0.00883325140876342,0.0579032031954205,0.185422959151756,0.0492467675526873,0.00431668768193624,0.277926643782204,0.0596777595625838,0.000157878130645424,0.0637733230890345,0.0753231429148898,0.634263046835013,0.785195859049028,0.402251784805231,0.000882885195440829,0.0097136127283186,0.0385856038180058,0.193896301165002,0.0283882702331408,0.368555605783575,0.0319582491923471,0.345906044041697,0.0612938941377912,1.01674442422644,0.108449717970521,0.0115501964688424,0.0204975118743741,0.00126244323456526,0.00971528739430404,0.00398902223439327,0.0527728836625032,0.00204203802008549,0.00125420373554088,0.00322134104812139,0.000399240843066961,0.000617889757409811,0.0026460392119064,6.16298494116068e-05,0.00915938613770556,0.0117440343141541,0.00824657821378724,0.0324022141460028,0.00181259563838367,0.00237053474468332,0.0832402999951811,0.00250827320879206,0.00687771347321116,0.00715529061131908,0.0149742042624719,0.000714098949483156,0,0.000215194404737979,0.0041198378363619,0.00273581915309086,0.00863977088948399,0.0055933012273016,0.247120718638763,0.000575048773643598,0.00119334830639035,0.00714380616126884,0.0278529977146714,0.00655805414437809,0.0130662007598045,0,0,2.98418847361803e-05,0.00286729137365366,0.00750812713035995
0.00222346134518425,0.415791089068385,2.66268903182596e-05,0.220665046404575,0.00139806453619611,0.0177131092564133,0.00694075358698619,0.0300859295884102,0,0.0995097078029729,0.000233170194184423,0.717679775392518,0.00231818418542296,0.00516008091902167,0.18445697643139,0.0120934178306907,5.05118377535939e-05,0,0,0.125823857582982,0.00137210212305641,1.59158107170741,0.0071166230957486,6.28766655775232,0.00907909290300232,4.49966534911693e-05,0.0119564641566499,0.118410188267104,0.00746829309136897,0.000495822514784873,0,4.3002937423706e-05,0.000799047188471437,0.00525506118526439,0.0170909434378237,0.177534691138181,0.000478041745260954,0.00591992227063138,0.0020425903825615,0.267620908981568,0.00138879942490631,0.000138954101387054,0.0211559043002819,0.00124037585232156,0.00737119377739582,0.00170561636562858,0.105058719036258,0.000300411443659007,0.000181711493385613,0.00389040172170216,0.000485291714321882,0.000550789096009045,0.0231346482151623,4.25935273888707e-05,0.00511016461180541,0.00558725027886262,0.00761531641327353,1.03342542207269,0.00333986682088458,0.00192627817531702,0.12017611718074,0.00151902301535333,0.00520545079010436,0.00648676681617805,0.15771757798023,0.000733399203191549,0.000300021807665526,0.000446263171970189,0.0478902907552196,0.0154511919074106,0.152008403262493,0.0774692644267708,0.743058628203107,0.000368210863729447,0.00110578060168579,0.0206991352601759,0.090577680554698,0.00625276258956964,0.0271110406856349,4.6788443774283e-05,0,0.000124244854339898,0.00288059564312158,0.0133095697444059
0.0191271225996332,0.000336243820254325,0.0237379637257615,1.82383196635867,0.000860900771652102,3.75198653089739,1.86783565942615,1.08129808237377,0.0995097078029729,0,0.0148203771228555,3.35590318784451,0.00171481524893248,0.279495343837405,0.00746659515435474,0.00124879705334515,0.0112435553614111,0.00199751183347927,0.00427368261144197,1.33089362046622,0.0109869190450748,0.00171892785669682,0.0701558076964169,0.968103218518759,0,0.00585268021345365,0.00831072343250191,3.35517156707697,0.163605159070115,0.00890933381349375,0.000549799740436047,0.00112904773515564,0.00346069297991101,0.108064155587428,0.0367463220479502,0.677345349844534,0.0101802400715839,0.358708050487499,0.048218852688996,0.242833520380106,0.0364239466722982,0.0118275297705516,0.0104394449114325,0.000481300750321418,0.00369744216543928,0.00160893890766132,0.0517892271528935,0.000334537176567405,0.00031054095884645,0.000323353131506532,0.000182980820894301,0.000381679897294641,0.0615222928018275,0,0.00616766795255203,0.00343663656994942,0.00365992872548254,0.104856750217853,0.0035382038406822,0.00212487252566284,0.11597488919558,0.0011122486333394,0.0020569933761143,0.00566193350128372,0.00587793603136755,4.68649259186387e-05,0,2.18185931561738e-05,0.0220718591586146,0.00059370889140889,0.00214750850521561,0.00239723072115516,0.348501871104921,0.000931368670333743,0.000269361930755392,0.00339186833674119,0.0323351159848103,0.00176264172340793,0.00292988156373875,0,0,3.98205540199578e-05,0.000806894696313412,0.00554785094202882
0.0175369816571274,0.00089170664641139,0.0170540212585918,0.0031200508085506,0.00110937656580967,0.00825305116692293,0.0134207029793259,0.042313866384011,0.000233170194184423,0.0148203771228555,0,0.0154615152603369,1.0235590447676,0.0661054041832527,0.00404273413690656,0.00169672076383862,0.0298587112852177,1.30011609449919,0.450782166351109,0.00638228493765983,0.00445473618656563,0.000735593273693621,0.0836406985577045,0.00126260483577047,0.0246767594100126,0.85255722130638,0.0592492123162611,0.00983976070564065,0.217769082454345,0.0258586015391384,0.15112979873214,0.00277500037703517,0.00321318775855712,1.26087571431469,0.0250863009903179,0.128774710723624,0.243984762769492,2.3741110798128,0.161674340402624,0.105572203478064,0.0241274099053336,0.216038369961056,0.00185585703897566,0.00693797124793225,0.00385729296781406,0.00145654262883839,0.00286182140975281,0.000153029668609143,0.0315607119971228,0,0.000302553197026044,0.000345713820130438,0,0.000327184056473076,0.000258115628303826,6.17987841941715e-05,0.000264166022364736,0.000381411504884839,0.000192164310110688,0.0604479636389763,0.000364272025952369,0.0512573234889469,0.000727544765254527,0,0.000363359703230411,0.000547754658120423,0,0.000226562752969294,0.000297888788506508,5.74008846675753e-05,0.000115110836940676,0.00027362985432598,0.00140616176749129,0.0394792507142083,0.0112175205817417,0.011878031983788,0.000261113528639615,0.00133714581799769,4.05121535027325e-05,0.00722676078698823,9.94443221633434e-05,0,0.00840115612264824,0.0199745510059447
0.00347161252238696,0.000483931222828627,0.00355194475813759,0.998045442357981,0.00419081193912095,0.295347658965743,0.212701515540614,0.507350426727826,0.717679775392518,3.35590318784451,0.0154615152603369,0,0.00123538946396044,0.0858739973599644,0.391786670252854,0.000574736183350981,0.00143183851805955,0.000785012322144717,0.00293082070036918,4.36746234509019,0.00167831079724204,0.0022353241490837,0.0100867920126857,0.0878733609666989,0,0.00255951916792724,0.00136859521187482,0.0862288201513541,0.0594773625179625,0.00180218559871817,0.000552980765429973,0.000889628246341348,0.000615146896682412,0.0270078189396594,3.14676499767082,0.14908272628922,0.00302368712489533,0.109163706976922,0.00803943665154996,0.473614884145078,0.0108738343461398,0.00289010852285585,0.0262079813585973,0.00063128216564691,0.0068540452160064,0.00171463178650758,0.120244199397872,0.000739386262312353,0.00113296507885082,0.000545304778856293,8.08205088183879e-05,9.06069594409764e-05,0.00701742892658967,0.000272514845844448,0.00791932715099617,0.005709207189239,0.00838587724296343,0.11274041933314,0.00241250176611953,0.00239813454096591,0.242983392623339,0.00171799367826224,0.00528159751737543,0.0101748335233934,0.0043456485479541,5.17190969475508e-05,0.000489740947054238,9.1991296533674e-05,0.0223833951985478,0.00091736511718911,0.00149151861248264,0.0014622406807625,0.284907266387234,0.00137581969239469,0.00060585792327197,0.000780709972063587,0.024949235276838,0.00396574717258285,0.0035361705655179,3.03281275319606e-05,7.65582446768284e-05,0,0.00271054315728404,0.673150585876374
0.000265108718396038,0.14986647460919,0.00129137588420829,3.69850864564776e-05,0.000123956192252726,0.000690825916109025,0.00112287997448611,0.00349447833203179,0.00231818418542296,0.00171481524893248,1.0235590447676,0.00123538946396044,0,0.00425845888686732,0.00121849925690168,0.000920669946552799,0.000250111965745747,0.0123184309905054,0.000182090019789576,0.000929247098531008,0.000642453445326835,0.00160923368993544,0.00370404579576415,0.000831178364566833,1.49906716933305,0.0739611307754593,1.53934945389688,0.00166185481506133,0.0142907380272094,0.000789987189722001,0.243328498121852,0,0,0.367135702786562,0.00408499417468414,0.0362750844086041,0.442726851300385,0.658070667846752,0.0344574894494308,0.0177745838065398,0.00690958515264541,0.494772642465499,0.00388766933174453,0.0429679862218626,0.0364626546391104,0.00385325952597132,0.0044037781148569,0.000609755966533541,0.15275650835342,0,0.017679703660608,0,0,0,0.00281843024430904,0,0.00446891310584596,0.000112108204198778,0.000127273664006204,1.18617701923491,0.000172250275445432,1.62988180069033,0.00441944642126665,0.000165213477599353,0.000175787651720821,0,0.00406088632137546,4.29961013180614e-05,4.33512447161973e-05,0.000171007848122597,0.000860329417138219,0.000125400064409405,0.000290233367156118,0.682065387623498,0.54752677983749,0.548798904168818,0,0.0110764934515105,4.03466037305891e-05,0.467626037654331,6.58692482116222e-05,0,0.0561800459242358,0.00300488824923811
1.47672231260848,0.000403715911285579,0.0156583971331762,0.0452532259071732,0.00106484372483101,0.119706633815703,0.837499314211565,1.48426580932173,0.00516008091902167,0.279495343837405,0.0661054041832527,0.0858739973599644,0.00425845888686732,0,0.00295139707730675,0.00279722298330067,0.0540074431509122,0.00550003345508648,0.0239851173612826,0.0553818058367958,0.00927287697914906,0.00134849270335383,0.0467101818468855,0.025166331677445,0,0.0204542655484597,0.0155556678786818,0.239893895783461,1.12051414787606,0.265176727358166,0.00209190829923704,0.000889482632151186,0.0246263363480123,0.137675560601425,0.00619669000575392,0.173434300599719,0.00746881667024227,0.485310093762806,0.0248245014004692,0.34821963414568,0.0524286849851529,0.00620028274824369,0.00752046493162468,0.000334418359764516,0.00257227738785343,0.00118608674495371,0.0161597990721583,0.000217396111706078,0.000408370155595407,0.00320281250886856,7.26355829907656e-05,0.000331669301751226,0.000844432382049784,0,0.00382503629117231,0.00499195633062433,0.00404846647032179,0.0114144453252608,0.000981859992427648,0.000942396263296902,0.0176663288786562,0.000882313639001161,0.00415965738075293,0.00155995588673481,0.00938115839602418,9.03412544797956e-05,0,9.68685678723157e-05,0.000498299661372647,0.00148167539868638,0.00652431678083781,0.00200484955765038,0.0909410274852047,0.000350522080578745,2.51834642339945e-05,0.00118906822688754,0.0136969548454688,0.00245173523927839,0.0120087992887804,0.000129136620278478,0,3.64972043904662e-05,0.000611249833678738,0.00224038066259835
0.00155930410150964,0.000179955840475142,0.0044609274293682,0.00308427689130554,0.0766038333657051,0.65060064984292,0.00496793108148265,0.0416973446425835,0.18445697643139,0.00746659515435474,0.00404273413690656,0.391786670252854,0.00121849925690168,0.00295139707730675,0,0.00178176087538741,0.00235961218249905,0.00094376207461673,0.00154773543739318,0.00467557080801171,0.00562335202445427,0.000814957324871898,0.0592417115333477,0.0227656806143635,0,0.00251650907498801,0.0198815490800388,0.00980192828535807,0.0105645112457553,0.00642416666197335,0.000140559246160627,0.00110632890361786,0.000349991482030898,0.0568076837847261,0.17692411333554,0.0871784080546956,0.0211315609023813,0.0675837698017222,0.01630993074046,3.27660123461265,0.00355019703173199,0.00631973268759394,0.00589953913666943,0.000874588307272852,0.00148927437627297,0.0021129650869866,0.0232325933558609,0.000145483975565658,7.77516260623336e-05,4.66390902857333e-05,0,0.000131079601574778,0.000263893418884486,7.63960358585716e-05,0.00100605877475271,0.000549838174255565,0.00104427206194267,0.0118856909168113,0.000131082193567574,0.000745287357955382,0.0158747694664702,0.000858271532727868,0.000867585394409075,0.00127363452325473,0.00169415210999245,5.19890423502028e-05,0,0.000105631915616274,0.000868424618161411,0.000791933945194781,0.000429034137116671,0.000853833090175152,0.0255890792646247,4.54689248583615e-05,0.000606276476873457,0.000431631936196283,0.00201576821899565,0.00021817627216649,0.000371817607018829,4.64610045937597e-05,0,0,0,0.0123138605766028
0.00588418213557003,0.0392302375441393,0.0210375554750834,0.000114905757442713,0.00246977733931673,0.000402592730316847,0.0080396825310705,0.00550496411927388,0.0120934178306907,0.00124879705334515,0.00169672076383862,0.000574736183350981,0.000920669946552799,0.00279722298330067,0.00178176087538741,0,0.00619636905573383,0.00139437527868849,0.00232039750495935,9.18391032343208e-05,0.890378473646569,0.871522397248001,3.27364930429524,0.124582895112392,0.00171887931006688,0.0172600206000946,0.932370175865627,0.74180866162499,0.0193237278800403,0.0527698859879572,0.000146634245796204,6.4982015686214e-05,0.00894464713618902,0.0742809767039097,0.0182042285305146,0.536087108415956,0.195319245430503,0.113806644815921,0.0671216004070404,0.0195932186247606,0.00301362733651692,0.00968292323256728,0.0460318405174009,0.00665827233058876,0.0169321621041591,0.0105742179191719,0.0751267894414428,0.00122121633354211,0.0038660539768903,0.0163714299016682,0.00305125521882978,0.0266343987651744,0.000142816045825452,7.82070017484427e-05,0.00276919837738866,0.0105689311974133,0.0106496416713647,0.0363973618963558,0.000783604356063873,0.00952664841834924,0.00379315451728455,0.00850541791491134,0.0139726781433357,0.000913220458295733,0.694204881068736,0.00218280888446811,0.000255260177430451,0.00187058232260147,0.000387978305782332,0.0319424408816126,0.240379777064165,0.432090080534549,0.231855156339423,0.00481627034486455,0.00484709303637029,0.569929679959886,0.0833970884682095,0.0144142543681975,0.0885926177376984,9.18180699103474e-05,0,0.000524016259240925,0.00969928506960457,0.011052166802436
0.0983216608524534,0.0268649478396867,1.68097401301196,0.000130372035269529,0.00186326167584464,0.000720850679521025,0.0917167673312755,0.207018913817367,5.05118377535939e-05,0.0112435553614111,0.0298587112852177,0.00143183851805955,0.000250111965745747,0.0540074431509122,0.00235961218249905,0.00619636905573383,0,0.0316731045532111,1.07707159194203,5.19429041441679e-05,0.0756854052157313,0.00308714960132641,0.736584679543935,0.00187211426744252,0,0.953044003739716,0.674212720484113,0.0228167350065069,0.0385272864894946,0.467232868688392,0.000144212770147174,6.86214893095493e-05,0.0130007778263183,0.5119304010949,0.0254948240716527,0.263007183782503,0.242791039229923,0.703002654809245,0.135196587963904,0.0131647069127455,0.00202316782056985,0.000995092519500076,0.00339475279333565,0.00496887449159696,0.0018742163148576,0.00478238514227909,0.00044825423730281,0.000225844914148688,0,0.000239218084365606,0.00575287668000547,0.0054328262723274,0,0,0.000196389060112893,3.36497461067736e-05,9.82549058659672e-05,4.03208710429073e-05,0,0.000275360809877337,0,0.00010006089336741,0,0,0.000642401278718292,0.0123905566778483,0.000135531525427133,0.00912218764873742,0,0.000124525140178397,0.000379857785101473,0.0022879267851505,0.000120761570310757,0.000106760945089996,0.0122246269089141,0.0705151176477084,0.000310933548463449,3.18751525577307e-05,0.000563405797167123,0,0,0,0.00119260017135933,0.0206047938614152
0.00786339195014136,0.00240619181298405,0.0255018777027664,0.000316793010681122,0.000326184461427122,0.00017893008686167,0.00515097952181507,0.00883325140876342,0,0.00199751183347927,1.30011609449919,0.000785012322144717,0.0123184309905054,0.00550003345508648,0.00094376207461673,0.00139437527868849,0.0316731045532111,0,0.712403916554536,6.71792252163887e-05,0.00323804241785801,0.000181174231286884,0.0726491023332221,0.000305084619428962,0.000662772535772741,0.672510286364211,0.26387003789608,0.00193093668576797,0.0141850275955054,0.0154685371578957,0.0148609434512104,0,0.00149546630929458,0.0996689246942258,0.0157430649045929,0.0853128827449161,0.227421458616759,0.601441191992526,0.117586998986054,0.00762163409649518,0.00266778249592346,0.000683331723318994,0.00127999000514752,0.00153182809491131,0.00103418855646303,0.00159904689391005,0.000288855286091357,0.00015952924107027,0.000193696849714964,0,0.00103803030465162,0.000308958049773111,0,0.000162034045983434,0,0,0,3.47107339339257e-05,0,0.00359931087119573,0,0.00685863030807784,0,0,0,4.14912108607292e-05,0.00024622564702949,0.000327613280934423,0,0,0,0.000258533342995464,0,0.000809280111688733,0.0329061915620868,0.0655809539579659,0,0,3.37400326320231e-05,0.00464807664461398,0,0,0.000398192550864577,0.0158759817187381
0.0473713531644233,0.0121990700049703,0.106806236650588,0.000102906508619398,0.000802089303211242,0.000396668675712138,0.0211955700800238,0.0579032031954205,0,0.00427368261144197,0.450782166351109,0.00293082070036918,0.000182090019789576,0.0239851173612826,0.00154773543739318,0.00232039750495935,1.07707159194203,0.712403916554536,0,0.000454220956990063,0.00968197584084365,0.000463570396158784,0.227443672767841,0.00042558161739862,0.000202483496023059,1.20783424516278,0.301723717314411,0.00620208734796429,0.0293639630908689,0.102672840852546,0.000279437294954538,0,0.00675583024371782,0.403190999558912,0.0316170487953202,0.183809012985786,0.326859887627486,1.16481876299693,0.153365327143839,0.0071716197712574,0.00380560302711408,0.000298782284402608,0.00171645379223079,0.00207171696907058,0.000323743718386888,0.00237543569640941,0,0.000330077946673035,4.51515893098116e-05,0,0.00654291948375985,0.000701776123768866,0,0.000142811522687883,4.93824301279485e-05,0.000140048851205349,0,0,0,7.67650974503159e-05,0,0.00035364826620102,0,6.28017752646804e-05,0.000188277304846764,0.00242963660810173,7.84588215584159e-05,0.00323120843610542,0,0,0.000206731588645936,0.000377336220348209,0.000304482419833675,0,0.0196027494538614,0.0451193673148411,0,0,9.47820981136561e-05,6.09051377715766e-05,0,0,0.000439904573077559,0.0322911489802645
0.000633226538395434,0,0.000221162982142448,4.76737576742241,0.00043462274893704,0.0317197952428774,0.00571314798936756,0.185422959151756,0.125823857582982,1.33089362046622,0.00638228493765983,4.36746234509019,0.000929247098531008,0.0553818058367958,0.00467557080801171,9.18391032343208e-05,5.19429041441679e-05,6.71792252163887e-05,0.000454220956990063,0,0,0,0.000768621165483534,0.593990960329166,5.92241349878907e-05,0.000555271209601849,0.000263892269743204,0.0358979240178862,0.0349824240873314,0.000655992282799989,0,0.000133644220576643,2.96905450321883e-05,0.0253583931926459,0.00544382333044058,0.136952790573267,0.00121057517145953,0.113232988316889,0.0116872078716292,0.193894159016962,0.0102089770551419,0.00244592257978615,0.00990774357712187,4.75695991781056e-05,0.00362542137486999,0.00114686921291769,0.0738394787620032,0.000331075067210287,0.000213165406728924,0.00030960168086797,0.000173981855131031,9.93688166055084e-05,0.0158925618926189,0,0.00463524752670922,0.00157920959104285,0.0036383317605602,0.10795160005704,0.00263187821722772,0.00151779720835823,0.338381566804353,0.00229124313896941,0.00184139147780075,0.00504550456127527,0.00452276466941016,0.000174262884423553,0,0,0.0260694093577007,0.00134488957637167,0.00147588096574972,0.00175649444168431,0.288630630567807,0.000737236751323819,0.000275544549491271,0.000374488897905498,0.0239040996370576,0.00123416601766134,0.00142872522631646,0,4.04679390987158e-05,9.03210215162039e-05,0.00122166758994222,0.00196825739674199
0.00738685482549146,0.00742858243270362,0.0122786075801535,0.00130416759260798,0.00385102852140761,0.0016146700350289,0.162163652073818,0.0492467675526873,0.00137210212305641,0.0109869190450748,0.00445473618656563,0.00167831079724204,0.000642453445326835,0.00927287697914906,0.00562335202445427,0.890378473646569,0.0756854052157313,0.00323804241785801,0.00968197584084365,0,0,0.0784356830112856,2.73013980723732,0.0131406538639303,0.00104446134350154,0.00744762527509349,0.0811017550709886,1.61728003427717,0.0148977895943704,2.31724860644582,0,5.99442390486598e-05,0.00659345256777734,0.313022772713761,0.0256546876908076,0.662385374152122,0.101865523487016,0.42429841822186,0.147625503847857,0.0275153046290063,0.00290100940188227,0.00458371847313145,0.0145490140304783,0.00164042929614404,0.00514688116083266,0.0026484344665745,0.0355836993471484,0.000480881919530898,0.0019124173543309,0.00433788431797697,0.000520480817781686,0.00363006361744547,0,0,0.000585541819491983,0.00175442596902009,0.00311556292538742,0.00876026036480034,0.000443450999299466,0.00438396656486995,0.00147725052554637,0.00436305330046085,0.00294622716043591,0.000393659684143722,0.122491462766915,0.000713321237831801,0,0.000910182189324275,8.00300684998631e-05,0.0216253259971851,0.0525711289001147,0.0875069793211145,0.0483391976570427,0.00330760109980339,0.0020598248694112,0.041399218505003,0.044359495035544,0.00505977297129279,0.0340183581162662,3.99909720391929e-05,0,0,0.00323684607367054,0.0104698586738539
0.000799415508444846,0.577688856448717,0.0941371353255929,0.000352657405363084,0.000519894469360471,0.000128158411008776,0.00565524188455185,0.00431668768193624,1.59158107170741,0.00171892785669682,0.000735593273693621,0.0022353241490837,0.00160923368993544,0.00134849270335383,0.000814957324871898,0.871522397248001,0.00308714960132641,0.000181174231286884,0.000463570396158784,0,0.0784356830112856,0,0.473072258223818,2.12327783811165,0.00842591555007785,0.00191862258508325,3.20186589397729,0.06591812670842,0.00168421886116033,0.0115663731399354,0,0,0.000673462743792653,0.0112231287032642,0.00337082248051932,0.033209152709775,0.0136998086405508,0.0147093206032123,0.00430279449408257,0.0024953835443587,0.00020862174615705,0.00141011722192472,0.045208815715916,0.0235469618509922,0.0232181787497398,0.0267819651279264,0.0183387476037303,0.000414084550658227,0.000462434831632405,0.0150440230284989,0.0367752903026161,0.0532285299273276,7.55902491804361e-05,0,0.00382564774080421,0.0116630983037871,0.00959187020805454,0.114385712366088,0.00113469800042504,0.0024117610784786,0.00256076270400619,0.000474938263439596,0.0136292479532998,0.00010685279562223,0.446291972149175,0.0478990027991288,0.00227995529854831,0.0122080435758126,0.000228140880072921,0.0393830862064754,0.327711223016864,0.242755967438002,0.244654016071092,0.000346899546693027,0.00844365672746253,0.699876591757756,0.0995058789890487,0.0135497800902401,0.0931442973515317,0,0,0.000485288329311461,0.0167479904846936,0.00692631448359609
0.0471777020986263,0.0793840462439234,1.49117459565597,0.00661605807489357,0.0581338293321549,0.0145477257458098,0.554929247801431,0.277926643782204,0.0071166230957486,0.0701558076964169,0.0836406985577045,0.0100867920126857,0.00370404579576415,0.0467101818468855,0.0592417115333477,3.27364930429524,0.736584679543935,0.0726491023332221,0.227443672767841,0.000768621165483534,2.73013980723732,0.473072258223818,0,0.0779161499817363,0.00156053192225551,0.324988470139841,1.57414230666367,2.06655260410513,0.0515610452488439,1.766308868357,0.00177704772932628,0.00150379745508972,0.0168384161129445,0.996358973362543,0.292409359323488,5.57702457522639,2.00840898128065,3.81368062605921,1.49804041856049,0.27615048763415,0.027070594235111,0.020966876552943,0.0893869122962751,0.023192940783901,0.0365455426384993,0.0391694652276417,0.0944938089081443,0.00293480891817897,0.00824518839349166,0.00410000906577693,0.0147425023771353,0.198310083815836,5.81431197943092e-05,0.000109379379149079,0.00169760604869805,0.0109271300741045,0.00826837152216384,0.00897177839856711,0.00108830565794072,0.0114944551277547,0.00305248212907394,0.0154773896668876,0.00633547271987797,0.000425565052141548,0.563098594298488,0.0268549272285818,0.00143267743158045,0.010817721909517,0.00028956386202553,0.0537312873261795,0.185031396604559,0.608692914773384,0.0880558533621633,0.0132581166130873,0.024649122806331,0.896970701870395,0.0869339105307494,0.00495468670687374,0.0486576876483441,0.000238878503938377,0.000143716410869598,0.000244724677603751,0.0156689123064192,0.139943450056026
0.0254276523690896,0.223635384740916,0.00361961564326784,1.28414134861776,0.000136027983831912,0.0224681524322654,0.489979726702654,0.0596777595625838,6.28766655775232,0.968103218518759,0.00126260483577047,0.0878733609666989,0.000831178364566833,0.025166331677445,0.0227656806143635,0.124582895112392,0.00187211426744252,0.000305084619428962,0.00042558161739862,0.593990960329166,0.0131406538639303,2.12327783811165,0.0779161499817363,0,0.00443242919184348,0.00168091562517464,0.0173509187144883,9.89554539685331,0.0576791345489692,0.0410798431609217,0.000262122643568456,0.000139033333393454,0.0137619108898278,0.0356017848006527,0.00955363288068211,0.184100940422159,0.00722764109162355,0.0535482976370719,0.0149444683704156,0.0521510305314979,0.00282467046329274,0.00392637203563646,0.086033798714386,0.0031756006303746,0.0412014598942719,0.0178808983708196,0.167093851470285,0.00602979239001415,0.00142714493677124,0.0279597355723015,0.00302401384448578,0.00190296200692397,0.0681627538702632,0.00018993735507679,0.0520009251851401,0.0801832257727182,0.0660175804586818,1.11724107508309,0.0264210412994891,0.00754553205723587,0.505413256158037,0.00330189422555819,0.0580173304518655,0.0258014106811504,0.126983497289242,0.0010035445086987,0.000195032886160046,0.000522751921134799,0.0930880234256807,0.0159077726939434,0.154549129597851,0.0347340799542923,2.70134543552516,0.00213781114057771,0.00149303530274853,0.00954993512393466,0.236820140198434,0.0409046727798024,0.110003553055345,8.32586268234253e-05,4.42479053400456e-05,0.000751666309131383,0.0168723700418886,0.0138822278415897
0,0.895671230922841,0.000241124021458924,0.000115152466694653,0,0,0,0.000157878130645424,0.00907909290300232,0,0.0246767594100126,0,1.49906716933305,0,0,0.00171887931006688,0,0.000662772535772741,0.000202483496023059,5.92241349878907e-05,0.00104446134350154,0.00842591555007785,0.00156053192225551,0.00443242919184348,0,0.00993789257445484,0.807419422393183,0.000151318031848282,7.30268857898117e-05,0.000103898228559762,0.0115262122381703,0,0,0.211853922039781,8.2197040561676e-05,0.00272270940423808,0.00799392187118166,0.022322115578395,0.000544458484030127,0.00201049152927711,0.000877525820784986,0.0716918245177706,0.000922997146724492,0.00893969623536665,0.00919253805231221,0.000197113136604548,0.00114230753505878,0,0.0690954913826393,0,0.0141191221511791,0,0,0,0.00116804798954064,0,0.00107521319760644,0.000161763876626729,3.3617426967144e-05,0.208564190189709,3.78174465678335e-05,0.318142088638827,0.000860622510578513,8.44752039744854e-05,4.8967810407877e-05,0.000203986499392152,0.000103164287075698,0,0,0,0,0,0.000563649352705449,0.563508602995546,0.0278503508586403,0.108713304601725,3.52236437830627e-05,0.00312685358909812,0,0.0470730384997521,0.000264224727697313,0,0.0149038000401684,4.59984550352394e-05
0.0203114509418145,0.128597743129597,1.58537973776106,0.000746949264066934,0.00101673237713039,0.00114006120432803,0.0305258623136135,0.0637733230890345,4.49966534911693e-05,0.00585268021345365,0.85255722130638,0.00255951916792724,0.0739611307754593,0.0204542655484597,0.00251650907498801,0.0172600206000946,0.953044003739716,0.672510286364211,1.20783424516278,0.000555271209601849,0.00744762527509349,0.00191862258508325,0.324988470139841,0.00168091562517464,0.00993789257445484,0,4.75783003758833,0.0149180041423307,0.0221620039998839,0.103796526217201,0.177501089175057,0.000324741679669678,0.00208537653246314,0.161158729854864,0.0367074997929798,0.370946865755707,1.20428458043495,0.848722465242315,0.215612555433279,0.0291132042723941,0.00460105392287332,0.0174092531975128,0.00705911419547191,0.021729067013672,0.00926907426321459,0.0101193825919688,0.00113218777105103,0.000372956115990281,0.00275543318111124,0.000290295369386048,0.0573752162730631,0.00683926549318912,0,6.82321470263004e-05,4.58741421796381e-05,0.000575838463165343,0.000216567630405471,0,0,0.0585208855548572,7.33392172502876e-05,0.150392914436765,0.000278477772998332,0,7.87595991926492e-05,0.0141770438538438,0.0047546194566219,0.0418139370016612,0,0.000110490683210313,0.000312972306830644,0.00251575642416218,0.000256305580258429,0.0164200309579454,0.406536757441565,0.882554063239635,0.000248035364650875,0.000165322741476953,0.00154389816828564,0.0664291527809008,0,0,0.0072143421419822,0.0369654925108943
