0,1.78605473041534,50.6100122332573,0,3.87417852878571,26.4302906990051,2525.31650558114,546.650357872248,13.1530202329159,105.262466102839,58.8622844815254,22.4135348796844,4.13482308387756,13874.3046112061,26.6407513916492,1.48329919576645,460.641164332628,132.877285420895,224.601632744074,1.45058184862137,86.9924308657646,1.07689028978348,270.388058453798,46.5873189866543,0.727517306804657,157.290635883808,179.653212308884,151.226369649172,12234.3020895422,7043.04536309838,0,16.7856655716896,44.1432259380817,329.232378482819,50.6729837357998,354.142935365438,25.9826180934906,321.657399445772,80.9339571297169,28.7060132622719,16.0700317919254,0,26.0005791187286,1.52492722868919,15.5006880760193,3.299585968256,1.23964250087738,0,3.26264834403992,0,2.48733109235764,2.52921044826508,0,1.39689898490906,1.27045977115631,7.30809825658798,0.895083874464035,6.36813294887543,0.60119241476059,0.829380214214325,0,0,1.06844910979271,0,8.77212655544281,0,0,0,0,11.2914321422577,3.42264664173126,0.970168560743332,32.5812722742558,0,2.05639219284058,8.93040487170219,45.3952108919621,4.72865545749664,21.0272241234779,0,0,0.600195467472076,2.34855592250824,9.52944535017014
1.78605473041534,0,32.734462082386,5.13534635305405,20.4636850357056,3.76415437459946,4.11076608300209,4.33549624681473,1439.1682523787,1.71311417222023,110.767370522022,4.56262183189392,1037.94150093198,9.83787080645561,111.037614017725,577.341728240252,226.784747630358,18.4719665050507,32.5977763533592,3.0645098388195,43.328224003315,4563.55637532473,68.2047991454601,2542.76042225957,5289.80723068118,342.105590552092,23606.0273794532,190.152405083179,19.5214972496033,27.3848496973515,208.928503632545,4.78879702091217,3.20063388347626,423.882930725813,20.4846962690353,350.18657836318,207.400240749121,207.897726088762,127.589932739735,57.009876281023,1.9302698969841,166.355863779783,343.581990122795,164.170596092939,195.835427761078,186.090472042561,8.12759301066399,3.08272695541382,94.758214533329,1.89786952733994,1896.55930560827,201.817054569721,6.57086634635925,0,0,21.0822971761227,3.06583207845688,30.6714980006218,0.318454295396805,202.25042283535,1.97044697403908,312.538376152515,6.94282478094101,1.03877949714661,111.264912813902,179.791804343462,25.8584792613983,137.149146974087,0,41.1495181620121,244.75814718008,133.896288186312,60.8790598511696,100.048216462135,1040.69702872634,8125.14172458649,18.5538735389709,8.12464854121208,44.0175262093544,122.734139829874,2.9824206829071,0,80.521147787571,20.0390470027924
50.6100122332573,32.734462082386,0,0,6.54178351163864,26.2090567350388,197.311434715986,343.476195961237,3.0270944237709,37.360897809267,73.5726924538612,0,0,415.349954038858,12.9896317720413,17.5682239532471,29715.648843348,395.778360068798,1176.74526205659,0,2969.26000893116,12.3050782084465,33437.4728275537,12.0624761283398,3.00238421559334,40965.3984723687,13699.4368382394,614.453755587339,115.657314032316,1562.9326454103,3.4993391931057,9.9464498758316,8.36715802550316,1088.56223276258,216.979067206383,2890.69721353054,1593.87164357305,1948.46643957496,1630.40552648902,11.2534580230713,21.0962353348732,0,359.242429107428,52.0713355839252,152.859148204327,167.507106393576,4.71041601896286,6.26385104656219,0,3.0819616317749,138.366300791502,1600.31368178129,0,4.76632571220398,0,14.533625036478,0,1.66955763101578,0,6.12025934457779,0.879442811012268,1.05751967430115,1.28294265270233,1.98310339450836,29.5805877149105,385.584153234959,15.5541745126247,75.0140369832516,0,32.3524038493633,96.6690101027489,259.202067822218,16.4150231182575,0.693587362766266,381.344961464405,4674.62497469783,11.6788218617439,7.81219267845154,39.9490056037903,2.47307574748993,0,1.70270252227783,81.9179100394249,105.826087504625
0,5.13534635305405,0,0,46.8790660500526,49.7224912047386,981.148881345987,51.999679595232,4764.00333681703,11125.2269164324,7.74445667862892,3367.66161933541,0.730649530887604,48.1681073606014,305.122329175472,0,1.08369451761246,3.05570143461227,0.504620671272278,13743.9547898769,0.411268323659897,26.6753421425819,0,3287.56337788701,3.62730202078819,1.51761621236801,9.11913827061653,17525.9773980379,39.7934363484383,4.74730467796326,0,34.6166120171547,1.01968193054199,86.920807749033,19.2510069906712,519.338648825884,0.626363813877106,39.3106062114239,10.8031859099865,323.806642830372,25.3308145105839,2.67513179779053,136.932762980461,1.14777451753616,83.6161678433418,32.2983578443527,414.581863254309,33.0178963840008,12.3082964122295,4.73107671737671,1.5910747051239,0,2372.8594570756,12.7742978930473,134.89320731163,380.739617645741,215.426976501942,802.597963839769,1702.42501279712,10.332111954689,1058.26289877295,0,141.500709444284,97.2195056080818,0,0,1.95925825834274,0.390762269496918,564.094173550606,0.452842891216278,13.8517209589481,0,1321.63015598059,0,6.12126445770264,1.10784611105919,2290.32118245959,42.9727064967155,0.406180590391159,0.842366963624954,8.58186942338943,0.597834467887878,131.901975482702,1.91632649302483
3.87417852878571,20.4636850357056,6.54178351163864,46.8790660500526,0,2697.18293476105,168.059560418129,273.466992378235,326.105653345585,197.453849166632,115.177371889353,610.172575324774,7.39827460050583,87.4476456344128,2217.28940719366,28.09796667099,19.7697731256485,28.7983001470566,13.3915151953697,32.2363838851452,154.149039149284,77.9161793887615,192.408538162708,434.293348878622,1.49180239439011,20.5713089704514,85.3111891448498,379.108221560717,61.5722684860229,125.877001136541,0,1553.75488334894,6.11073052883148,4731.25786852837,4067.07340604067,877.587913572788,29.936227440834,78.48217856884,84.5130999386311,15476.435959816,4279.36564749479,8.15018022060394,100.187716305256,93.48608481884,18.9878367781639,154.995720207691,27.8918388485909,2.04968369007111,9.46845668554306,1.10814142227173,0,1.62568259239197,17.0250009298325,25.0907917022705,10.5623793005943,20.4811379015446,1.66927450895309,13.6599276661873,27.847473025322,3.07065689563751,24.1263327598572,0.869564116001129,6.9627457857132,18.6047269701958,19.1797388195992,0,2.48538482189178,2.69880366325378,8.49428445100784,20.7440199255943,2.76242506504059,63.742743909359,51.0751385688782,0,36.0876255631447,61.0501132011414,69.0583209395409,7.09436184167862,18.4075726270676,1.46002447605133,1.37131059169769,2.07620358467102,4.09491395950317,3137.80344071984
26.4302906990051,3.76415437459946,26.2090567350388,49.7224912047386,2697.18293476105,0,4565.95598936081,21415.5865672827,187.309649974108,25836.0386991054,298.223161131144,8218.24939411879,19.1574874520302,1906.46306791902,3345.61529332399,1.07310342788696,28.8181439340115,78.0595754086971,19.5880421698093,321.220302581787,76.7301436066628,17.8919011950493,41.7434461712837,231.835982948542,4.20900499820709,72.6988554298878,39.724991351366,430.245981276035,494.783456355333,204.528822362423,9.4312145113945,1226.85243013501,5.28712087869644,1049.1201018095,1788.30526790023,4070.45522063971,39.5021462738514,492.33563414216,159.607674598694,11055.1362561584,1277.13743063807,49.5135567784309,118.733782589436,2.471196860075,40.1724274158478,11.0487618744373,242.277083843946,16.9295019507408,34.8480602800846,3.57266020774841,1.73535126447678,0,116.266617059708,10.900899887085,17.0632619261742,99.9814288318157,17.613586127758,111.228817760944,189.347616881132,3.25002413988113,246.104276716709,1.20742374658585,11.1925470232964,57.8824576735497,7.41870203614235,0,0,0,83.8025947809219,5.09304183721542,0.517577469348907,0.947077035903931,296.883488208055,0.735634863376617,0,0.857262909412384,363.233399093151,2.31871744990349,14.3383893668652,0,0,0,28.8186652958393,141.05738145113
2525.31650558114,4.11076608300209,197.311434715986,981.148881345987,168.059560418129,4565.95598936081,0,14878.7844853401,863.207131236792,34879.8262715042,629.096113175154,641.008868977427,44.0878171920776,23213.0461575091,974.455875992775,26.2951004207134,100.273301899433,166.856186747551,34.8622358441353,266.735408514738,1071.55509597063,30.9772793054581,343.30813613534,3125.75000977516,0.871255904436111,211.819964051247,152.62092885375,88736.7092514932,3080.44592902064,9413.82734113932,13.9239987432957,630.705507725477,67.3016462624073,3050.18168619275,739.432535260916,11148.8212510645,123.323009341955,2704.97203049064,476.79779535532,1570.91590067744,685.089470118284,37.6336311399937,1422.23384916782,19.2724938392639,495.520727545023,159.296988666058,517.099275380373,198.379396021366,40.5889388918877,20.8557037115097,1.30409634113312,10.6641424000263,237.674696952105,55.424800992012,167.874859750271,1136.35059201717,461.288220256567,305.471537351608,677.693345338106,7.87492674589157,218.878689914942,3.64044737815857,316.919709980488,104.330704092979,52.618224054575,0,0,0,123.527614474297,28.2681483924389,20.159478187561,16.5350195169449,2372.06151124835,0,0.753964126110077,72.5423969626427,2854.30158701539,217.062549978495,154.27146333456,0,9.65108835697174,8.66359815001488,535.557603627443,120.620859712362
546.650357872248,4.33549624681473,343.476195961237,51.999679595232,273.466992378235,21415.5865672827,14878.7844853401,0,390.966707319021,18278.7941364944,725.243621110916,4118.44509637356,43.3416769206524,18790.0474881828,623.196775913239,3.97218814492226,688.464136123657,230.174575716257,318.621589899063,333.535488367081,1122.52148962021,18.0642597675323,854.18701505661,471.347531139851,2.95195001363754,462.010825902224,450.001533567905,2960.76610422134,3438.51700201631,3772.81436750293,13.4569245576859,1214.09281268716,66.477728843689,1864.69402331114,288.938372671604,6928.32964244485,206.609947472811,1413.55181893706,553.433811604977,3811.14914897084,507.621384322643,72.8329070806503,726.446400016546,6.6592144370079,178.759937345982,61.5818438529968,267.761729687452,33.7623505592346,37.9194612205029,9.49927711486816,1.31491160392761,9.98276546597481,35.7899000048637,11.2808120250702,22.9082013964653,468.304231017828,3.50840622186661,205.177930980921,84.3474506735802,2.35762268304825,94.2268513441086,0,9.77604648470879,43.5266480445862,36.7305712997913,0,0,0,44.2777131199837,37.1323120594025,5.29899498820305,15.0311532020569,1560.69051295519,0,0,30.6121726930141,1462.39442870021,55.4827219545841,91.3687571883202,0,0,4.88301476836205,73.5489817857742,54.5128355324268
13.1530202329159,1439.1682523787,3.0270944237709,4764.00333681703,326.105653345585,187.309649974108,863.207131236792,390.966707319021,0,2854.74409049749,147.33705753088,2659.84939786792,182.475112229586,430.175019949675,1873.64230003953,637.724664151669,31.9851767420769,37.5419245064259,12.5612570643425,2039.29266482592,69.1883104741573,9672.4251704514,84.693060874939,24076.263340801,1411.13262090087,48.0117802023888,4263.25280243158,5714.23667758703,347.506448537111,160.872490555048,67.6097568273544,87.4788441061974,14.8307486474514,407.997892439365,78.4487542212009,908.380973517895,31.4429915845394,240.983943194151,66.3255580067635,908.863543778658,53.4031235873699,36.8251185119152,880.794761359692,50.2891981303692,211.692869186401,122.061597943306,184.228659689426,63.5511845648289,38.9534658789635,58.561176687479,81.5173949897289,5.37539529800415,890.126208037138,27.1232964992523,85.9419148862362,672.143636286259,283.300756365061,2238.36600610614,881.834538459778,95.0466833412647,227.131802171469,30.8981691896915,229.322155803442,77.5833831429482,1546.05252283812,5.9707772731781,47.1401561200619,6.42373645305634,125.876173347235,202.233451008797,652.064501523972,173.825781106949,4398.19392427802,19.0656978487968,65.9864678680897,328.876692503691,2814.49402341247,337.915216863155,321.424092769623,10.310234695673,32.2564141154289,20.8367241919041,201.15905085206,100.185223758221
105.262466102839,1.71311417222023,37.360897809267,11125.2269164324,197.453849166632,25836.0386991054,34879.8262715042,18278.7941364944,2854.74409049749,0,1147.81278011203,10688.8449637592,62.7107022702694,7607.11153915524,730.916706293821,4.42287150025368,52.5991493761539,323.274662196636,44.793620467186,14232.1810148954,137.963269114494,8.9416977763176,57.9188111126423,479.663409024477,2.04215562343597,274.021978974342,47.4568490982056,6005.12571448088,2568.59111937881,376.146307706833,20.3527879714966,1043.38774639368,14.7051021456718,3633.19930240512,418.22392565012,9531.9763122052,83.8146331906319,2621.83388677239,378.092692315578,2084.93402069807,727.905357152224,59.1242713034153,274.722589552402,3.14283537864685,129.383826702833,33.2228495180607,955.250908434391,70.9772126972675,19.8581712543964,4.91947177052498,0.779511153697968,0.743586033582687,2289.38837906718,31.8252260386944,197.491476714611,900.118154585361,158.801837027073,1019.13134852052,3613.21573665738,0,1691.44064447284,1.90406107902527,117.614538818598,281.096890002489,5.22641351819038,0,0,0,901.217196673155,6.01652988791466,6.28766644001007,3.31569597125053,2218.47889789939,0,0,5.67082297801971,4511.67505069077,29.0922115445137,11.2720405757427,0,7.41386747360229,2.63070839643478,297.694523185492,36.8009303808212
58.8622844815254,110.767370522022,73.5726924538612,7.74445667862892,115.177371889353,298.223161131144,629.096113175154,725.243621110916,147.33705753088,1147.81278011203,0,793.593580126762,5265.88322415948,2050.03484854102,58.120509147644,17.398327767849,1530.86836206913,14659.0840473175,1688.19683989882,86.8452417850494,447.906656444073,30.3735009133816,866.950040951371,116.705778241158,586.854022413492,5545.42880901694,890.940391361713,348.735801130533,3093.29158583283,507.802430182695,258.968059539795,2128.22353374958,110.175295621157,16481.3218408674,111.534273326397,3106.14656242728,6899.43295437098,8744.14605087042,1261.84983643889,221.079054057598,87.8357562124729,3517.98792505264,30.5764324963093,836.256591469049,184.942475020885,11.5415626168251,60.416653752327,1.18159627914429,393.249905765057,0,181.128172129393,11.9641062915325,0,2.14707243442535,0,1.31879082322121,3.9358189702034,47.5765277147293,1.70789268612862,2161.84955313802,14.4905267357826,3465.2106346786,7.45288223028183,4.85882782936096,3.82992985844612,1.90826413035393,0,1.33189034461975,1.92357957363129,2.33894467353821,25.2929348349571,2.45152816176414,49.8670331835747,338.149577766657,116.384537041187,638.99736854434,11.9168297946453,4.37985616922379,0.81453275680542,716.215071946383,19.5596055984497,0,201.178168416023,39.6449279785156
22.4135348796844,4.56262183189392,0,3367.66161933541,610.172575324774,8218.24939411879,641.008868977427,4118.44509637356,2659.84939786792,10688.8449637592,793.593580126762,0,43.7188857793808,2722.93036046624,2310.68948954344,0,22.3866449594498,205.937782108784,31.8519254922867,15082.987806201,3.8674433529377,19.5163834393024,13.3947894275188,1191.12228664756,4.66223281621933,165.417515188456,22.4081570208073,1522.78856825829,1077.00938713551,112.21605360508,10.2470120787621,484.6898008883,2.41567632555962,1497.1210924089,2624.97556453943,2463.73053607345,35.2985632121563,822.758603125811,148.133715599775,4811.90560925007,176.562177360058,39.7269302010536,136.172967612743,2.92807531356812,69.3402659595013,23.2989081740379,1169.03605347872,21.7804186940193,24.3360764682293,4.47846078872681,0,0,1351.39883384109,29.6152231693268,182.937001138926,308.908042550087,129.50294432044,833.92862957716,1573.37356442213,8.81694459915161,2137.62775123119,1.78882318735123,66.6843656301498,254.907864511013,1.87404036521912,0,0,0,612.11535397172,0.467788428068161,0.955879181623459,1.09542512893677,682.759102731943,0.589384138584137,0,1.47868418693542,1624.50195360184,15.1211349964142,1.39175152778625,0,9.31916600465775,0,107.569842517376,895.179901093245
4.13482308387756,1037.94150093198,0,0.730649530887604,7.39827460050583,19.1574874520302,44.0878171920776,43.3416769206524,182.475112229586,62.7107022702694,5265.88322415948,43.7188857793808,0,101.906290531158,10.7515179216862,41.2701961696148,6.43139553070068,14.8882763683796,7.22499829530716,4.96258538961411,12.0495909750462,401.315227866173,7.63533383607864,147.08387747407,7606.5006685555,150.957937240601,3461.20142367482,21.4098140001297,121.532889544964,9.86315587162971,934.055998653173,114.110007464886,2.73141843080521,7406.90666502714,14.5994657278061,557.914841622114,5631.25402054191,2212.96978130937,139.102985262871,44.0703056156635,18.4157609939575,3805.25896632671,42.3103943765163,2716.75674983859,510.925500333309,34.1894334554672,7.4865550994873,14.3979889154434,1012.59129112959,0,874.836401969194,2.9485724568367,1.91442596912384,0,1.28382968902588,1.90428596735001,8.84361743927002,37.172150850296,4.62579262256622,8480.0515833497,5.63935920596123,17006.5179556906,20.8496586382389,1.26147386431694,3.89447182416916,4.33615535497665,2.06344664096832,6.4016697704792,0.772041082382202,0,176.051765263081,0.449459999799728,15.3147102296352,2258.82294502854,723.222379893064,4592.15626728535,3.1425484418869,31.7741295099258,0,3004.96216860414,84.6768643260002,0,544.98298612237,4.6120770573616
13874.3046112061,9.83787080645561,415.349954038858,48.1681073606014,87.4476456344128,1906.46306791902,23213.0461575091,18790.0474881828,430.175019949675,7607.11153915524,2050.03484854102,2722.93036046624,101.906290531158,0,454.136080563068,15.4357199668884,2503.28986313939,1052.22341951728,1266.26118636131,279.464740276337,1296.74278488755,29.0672156512737,1842.55560922623,661.127524614334,5.66170832514763,1239.30051374435,1185.12505918741,3222.93919745088,44443.2736409605,20605.7711109519,41.1360165476799,1286.31402343512,352.533746153116,3986.91319966316,325.57963937521,6430.76574239135,295.725913763046,2631.23441186547,778.6252630651,1049.22682416439,342.322936177254,83.7881062626839,642.804799377918,15.6099562942982,162.838596224785,53.9620099365711,214.142300069332,20.3673605620861,23.5049351453781,14.2337458133698,4.29468494653702,7.9075656235218,20.9295204877853,17.5161524415016,7.15056422352791,294.578658401966,13.196204572916,174.593351185322,47.5892405807972,4.69576820731163,61.8256722390652,4.85392999649048,17.9217869639397,29.5518851578236,82.0415647923946,1.01595842838287,0,0.525661468505859,19.586025416851,68.1412170827389,15.9694960713387,17.6667548120022,1337.4849139154,0.611187160015106,3.75848203897476,31.9148997366428,1096.37906375527,97.7075714766979,168.392456382513,0,0,6.42576372623444,86.9370361566544,44.5747701823711
26.6407513916492,111.037614017725,12.9896317720413,305.122329175472,2217.28940719366,3345.61529332399,974.455875992775,623.196775913239,1873.64230003953,730.916706293821,58.120509147644,2310.68948954344,10.7515179216862,454.136080563068,0,98.0063320994377,45.0042414069176,21.9108723402023,6.58002012968063,177.172811746597,679.89235073328,522.828950405121,498.200329065323,2516.92477232218,81.9173069894314,31.9051097929478,345.259310036898,1935.34920018911,255.398641914129,725.096263736486,5.12524363398552,340.940224975348,6.90545642375946,264.175299972296,4884.40895849466,741.829781025648,124.602446854115,162.419212132692,124.124800056219,6305.94877329469,196.32841283083,9.29989701509476,156.301230341196,67.9390226006508,36.6064403653145,110.652400076389,97.5908789634705,9.50106608867645,5.68298131227493,5.23984292149544,2.99081349372864,2.30415499210358,40.8269398808479,25.793007671833,16.6446969211102,68.9471285939217,13.7972037196159,70.4502729475498,60.3991755247116,3.37981122732162,67.8539868593216,0,13.4067833423615,40.7456759810448,69.7581920325756,0,0.798856437206268,1.08940446376801,29.6723802685738,35.5813754498959,10.9682070016861,58.6114004850388,246.426595002413,0,20.9424975514412,61.8884790241718,194.842400193214,28.3963192999363,65.6439245343208,3.93982064723969,2.40851545333862,4.60221457481384,18.2845817804337,1827.5041179955
1.48329919576645,577.341728240252,17.5682239532471,0,28.09796667099,1.07310342788696,26.2951004207134,3.97218814492226,637.724664151669,4.42287150025368,17.398327767849,0,41.2701961696148,15.4357199668884,98.0063320994377,0,101.417627125978,16.8852662146091,20.5971423685551,0,14291.1408662498,7920.86696356535,17815.6606739461,7954.7263969779,248.943566024303,69.8683752715588,12704.850445807,6946.5922793746,24.7508479058743,499.947084873915,16.5728442668915,4.23973870277405,2.23141625523567,272.963923513889,667.848830580711,5725.86976230145,861.702691227198,1395.91881254315,1007.01261305809,38.5311367511749,27.9310662746429,4.23181957006454,815.246231257915,89.9660101830959,290.135779559612,211.272584855556,20.1446966826916,12.0616830289364,9.91857239603996,29.7088907659054,160.665569931269,131.74770411849,0.55348414182663,16.4524715542793,2.02952653169632,120.223526567221,14.5139728784561,103.716480821371,0.705531746149063,3.01034551858902,0,3.87616762518883,52.658123344183,26.990433126688,14856.1229929328,37.3867690563202,1.20416662096977,9.2448356449604,0.850242555141449,1623.6134480834,2282.19972515106,4110.10465592146,1142.28457209468,10.9520931839943,25.3639915883541,4428.17087516189,542.92837831378,145.667011529207,1106.83045113087,0,3.31543162465096,13.2756288647652,110.128416270018,187.910572767258
460.641164332628,226.784747630358,29715.648843348,1.08369451761246,19.7697731256485,28.8181439340115,100.273301899433,688.464136123657,31.9851767420769,52.5991493761539,1530.86836206913,22.3866449594498,6.43139553070068,2503.28986313939,45.0042414069176,101.417627125978,0,5335.15228787065,17942.0074128211,1.04003843665123,5457.17266881466,46.393454760313,22460.8416621089,142.520771801472,10.2124944925308,11908.4284446239,25720.6352370381,396.693144530058,3297.28440743685,9893.52354197204,19.4895024299622,109.952970683575,238.906741708517,11569.5674194098,138.568304806948,2991.61105832458,1590.28845494986,3744.28980481625,1355.11976882815,23.6915358006954,15.5432641506195,3.11777555942535,232.071166604757,41.9446310400963,83.6600962877274,97.632484048605,0.865130543708801,3.80136749148369,0,0.558767974376678,270.963255345821,822.239780396223,0,1.55391073226929,0,4.35306492447853,0,6.86628323793411,0,2.32956537604332,0.479214131832123,0,2.579275816679,1.89674746990204,45.2264017164707,224.969004422426,8.74289444088936,61.6977333426476,0,25.89238935709,59.552822291851,163.09337630868,13.3541740477085,2.09450721740723,354.932842433453,3554.93010234833,7.87054842710495,0,19.4945251345634,2.1502919793129,0,0,55.102319419384,42.218730866909
132.877285420895,18.4719665050507,395.778360068798,3.05570143461227,28.7983001470566,78.0595754086971,166.856186747551,230.174575716257,37.5419245064259,323.274662196636,14659.0840473175,205.937782108784,14.8882763683796,1052.22341951728,21.9108723402023,16.8852662146091,5335.15228787065,0,14372.1353779733,21.0404058098793,828.589377194643,3.34799993038177,1987.19935131073,25.0616364181042,9.16812717914581,3777.47294571996,2126.17748880386,136.371427625418,1634.37107419968,1433.55474758148,67.2410046458244,394.040704995394,133.041852086782,4867.41135713458,188.32364705205,3507.93557184935,1901.87518453598,5792.50181046128,1855.97114351392,38.0541277229786,44.7162776589394,4.01123797893524,28.8135545253754,10.3435921669006,5.78294849395752,5.92065578699112,1.00688803195953,0,0.694972515106201,0,24.1974970698357,35.9779343307018,0.586444735527039,1.52321135997772,0,0,0,6.7520005106926,0,10.8343501091003,1.00256410241127,40.5769775509834,0,1.16203248500824,1.53628227114677,17.343158364296,1.08998793363571,13.5427572131157,0,0,0.404890120029449,3.847307741642,1.46608471870422,1.9783843755722,131.57798191905,399.317120045424,0,0,0,29.3701531589031,0,0,3.34445890784264,96.3341068029404
224.601632744074,32.5977763533592,1176.74526205659,0.504620671272278,13.3915151953697,19.5880421698093,34.8622358441353,318.621589899063,12.5612570643425,44.793620467186,1688.19683989882,31.8519254922867,7.22499829530716,1266.26118636131,6.58002012968063,20.5971423685551,17942.0074128211,14372.1353779733,0,3.28602233529091,1231.59173521399,6.34796372056007,3845.25412812829,14.6937271952629,9.95125997066498,12308.0797026157,3385.58074042201,109.482848078012,1714.82109135389,2544.27693414688,29.8897311985493,84.0052559375763,146.449034273624,4358.23676674068,116.579308182001,2937.50580283999,875.958294481039,3050.06064212322,1281.54351165891,17.3060384392738,20.7066751718521,0,59.1605613529682,23.8268676400185,30.033336609602,31.7511266171932,0,1.66548538208008,0,0,75.1243947446346,89.8204232752323,0,4.67588210105896,0,0.489930331707001,0.812743246555328,1.69183349609375,0,1.68346035480499,0,10.0779608488083,0,2.15448820590973,5.15052729845047,41.6840885579586,3.857934653759,47.2588472664356,0,3.66901084780693,5.20354545116425,20.2279994487762,5.08040934801102,1.76674818992615,319.181651294231,878.637503355742,0,0.574387311935425,6.72403249144554,5.58995017409325,0,0,11.19671651721,58.7459892034531
1.45058184862137,3.0645098388195,0,13743.9547898769,32.2363838851452,321.220302581787,266.735408514738,333.535488367081,2039.29266482592,14232.1810148954,86.8452417850494,15082.987806201,4.96258538961411,279.464740276337,177.172811746597,0,1.04003843665123,21.0404058098793,3.28602233529091,0,1.54757487773895,4.18572455644608,1.23231554031372,347.291487962008,0,9.55399659276009,6.29603001475334,8648.67713996768,110.763847053051,5.0212487578392,0.975245237350464,66.6986328065395,1.4576798081398,188.957510113716,11.5738852024078,533.849577635527,2.52996388077736,104.529131799936,17.7065652012825,556.450652241707,29.7820632755756,3.50632834434509,65.1087048053741,0,47.3285500407219,9.63085719943047,407.135461688042,16.1397571265697,6.72274830937386,1.75879907608032,0,0,1123.51070359349,9.35897314548492,73.132384955883,205.571180641651,41.0850209593773,470.055585741997,1229.44563853741,0.58691543340683,1086.34364664555,0,61.2611707448959,105.974450021982,0,0,0,0,449.064370959997,0.436948955059052,2.49025923013687,0,569.816846996546,0,0,0,1287.05541095138,6.58225175738335,0.71756911277771,0,0.539114356040955,0,84.3651668429375,2.68497362732887
86.9924308657646,43.328224003315,2969.26000893116,0.411268323659897,154.149039149284,76.7301436066628,1071.55509597063,1122.52148962021,69.1883104741573,137.963269114494,447.906656444073,3.8674433529377,12.0495909750462,1296.74278488755,679.89235073328,14291.1408662498,5457.17266881466,828.589377194643,1231.59173521399,1.54757487773895,0,134.55321726203,66278.7074143291,643.169968962669,19.8878684043884,2121.11150698364,5320.78366807103,9914.51327395439,1047.20939743519,44155.6134754717,17.8965339064598,57.7328614890575,332.277303606272,9994.51787349582,2982.48437273502,13696.0584900081,1361.95763605833,14599.999510318,6038.25158581138,210.144947260618,153.532080590725,4.15216675400734,484.400733798742,45.9936060905457,174.73873385787,105.89850500226,19.1604768335819,13.6146740913391,14.2112189531326,26.2381659448147,23.4795283377171,112.356861382723,0,74.794650375843,1.07667541503906,54.3776375055313,4.66308131814003,60.9246956110001,1.63662308454514,1.11310836672783,4.01916253566742,0,35.6021906137466,56.12878292799,2155.1771838963,16.4348478317261,0,3.86877903342247,1.13809543848038,841.86481103301,231.611949920654,612.971569001675,598.664672791958,0,13.44319871068,917.90202486515,322.76391556859,153.411709308624,799.611845850945,0,4.84318515658379,19.5270118117332,89.4068107903004,625.285622894764
1.07689028978348,4563.55637532473,12.3050782084465,26.6753421425819,77.9161793887615,17.8919011950493,30.9772793054581,18.0642597675323,9672.4251704514,8.9416977763176,30.3735009133816,19.5163834393024,401.315227866173,29.0672156512737,522.828950405121,7920.86696356535,46.393454760313,3.34799993038177,6.34796372056007,4.18572455644608,134.55321726203,0,238.112473547459,13770.3944800496,3439.22143319249,67.2375410795212,22244.447945714,751.095385789871,29.9280874729156,69.2870941162109,106.671618580818,9.3748305439949,1.14349979162216,154.792241424322,18.9356327652931,287.893247574568,55.8845297396183,90.1199613213539,32.1713781952858,205.870294779539,9.55746304988861,63.0007594227791,286.82810112834,54.3259953260422,118.77718937397,70.413631528616,16.8127427995205,1.58920478820801,29.0727222263813,3.57965862751007,257.030907094479,104.208163380623,63.0138540565968,3.73362308740616,0,40.0744544863701,11.0660552382469,192.347085416317,2.00429931282997,77.4755848646164,0.970671713352203,118.599459856749,9.51779913902283,10.7419680953026,2470.02527877688,21.9711720645428,0.825634777545929,8.19662183523178,0,149.495493173599,2049.35108825564,517.874559551477,787.228020906448,75.0464313924313,112.640364706516,4393.60064402223,173.011155933142,26.7513915896416,96.5577292740345,32.0249740481377,2.37656944990158,1.23493921756744,46.5954718887806,20.1392685174942
270.388058453798,68.2047991454601,33437.4728275537,0,192.408538162708,41.7434461712837,343.30813613534,854.18701505661,84.693060874939,57.9188111126423,866.950040951371,13.3947894275188,7.63533383607864,1842.55560922623,498.200329065323,17815.6606739461,22460.8416621089,1987.19935131073,3845.25412812829,1.23231554031372,66278.7074143291,238.112473547459,0,1108.80532822013,22.2758583426476,10124.5977413803,54989.5437054336,6468.91392096877,2459.31381613016,21491.5991181135,29.6752643585205,69.986073076725,378.780369669199,15008.4729646742,5252.00289389491,36471.6639294922,9011.06626042724,27243.5135609508,14851.2536361516,258.976548284292,249.760830581188,4.85234346985817,877.962832391262,97.4378645122051,349.820727735758,352.85758125782,23.7603214979172,4.97895127534866,8.48980820178986,6.37833476066589,75.656735599041,838.634116530418,0,79.9214415550232,4.00927418470383,113.035313755274,5.27702662348747,27.7484808266163,0,4.91615384817123,2.50485742092133,0,16.0217218995094,71.4191591143608,6214.09883397818,115.192365527153,6.39564344286919,32.1142243146896,0,1029.30441537499,748.868628263474,3042.6372564733,532.887138426304,2.01436924934387,109.275467634201,7639.68177521229,312.9231749475,50.3513409793377,697.917043954134,0,0,3.28320756554604,121.464222431183,1138.27451586723
46.5873189866543,2542.76042225957,12.0624761283398,3287.56337788701,434.293348878622,231.835982948542,3125.75000977516,471.347531139851,24076.263340801,479.663409024477,116.705778241158,1191.12228664756,147.08387747407,661.127524614334,2516.92477232218,7954.7263969779,142.520771801472,25.0616364181042,14.6937271952629,347.291487962008,643.169968962669,13770.3944800496,1108.80532822013,0,1510.38937476277,97.2248777747154,9405.1146017313,22876.7162751257,956.071265012026,566.203301221132,48.7387678921223,118.562701761723,103.21640253067,878.494530051947,633.796926528215,3989.49700260162,268.834577023983,1197.56631091237,437.4870660007,1441.37951654196,116.720717906952,44.8432853221893,4213.01498427987,122.739326626062,1398.77775713801,598.745261758566,810.680373370647,406.10950037837,125.934957563877,231.908655136824,94.3503526747227,87.6073642671108,592.439924627542,118.356946885586,356.863162875175,2191.98988547921,1132.48575243354,2661.61727485061,816.686806052923,45.9885708391666,256.728210240602,20.9306638538837,854.728403359652,247.861105114222,2462.03857979178,17.6661163270473,0.337412565946579,7.20337790250778,135.583264023066,1127.01200550795,638.991705000401,570.755219995975,11151.1846841872,14.2975342273712,21.2555101215839,1040.40358164907,7070.88628453016,1448.64920654893,1955.14204978943,0,82.9628005623817,78.3968215584755,1131.00456768274,257.776173323393
0.727517306804657,5289.80723068118,3.00238421559334,3.62730202078819,1.49180239439011,4.20900499820709,0.871255904436111,2.95195001363754,1411.13262090087,2.04215562343597,586.854022413492,4.66223281621933,7606.5006685555,5.66170832514763,81.9173069894314,248.943566024303,10.2124944925308,9.16812717914581,9.95125997066498,0,19.8878684043884,3439.22143319249,22.2758583426476,1510.38937476277,0,219.324840337038,7720.69273683429,117.966184824705,6.1339251101017,8.66895443201065,493.991813600063,2.07995349168777,0,3068.27638620138,2.41490584611893,83.1705973148346,175.244566708803,337.572257846594,12.0708623826504,43.7432628273964,0.848011493682861,761.947226822376,58.1563928723335,444.310818761587,178.415526330471,35.1432039737701,3.73254352807999,4.54333353042603,438.353688150644,0,1593.45486098528,15.1823251843452,4.64434269070625,0,0,0.971438467502594,2.18847876787186,29.4057784676552,2.17816361784935,1130.79109531641,0,2969.60188466311,3.50976511836052,0.684560477733612,12.6636578738689,11.8711162805557,8.95005798339844,11.7677479088306,0,5.12906518578529,87.6688669919968,6.36266553401947,17.4735468626022,1277.27505129576,709.098525345325,5548.63675189018,6.95235240459442,4.35934543609619,1.05126106739044,667.196696609259,14.517819583416,0,118.144262313843,1.42907178401947
157.290635883808,342.105590552092,40965.3984723687,1.51761621236801,20.5713089704514,72.6988554298878,211.819964051247,462.010825902224,48.0117802023888,274.021978974342,5545.42880901694,165.417515188456,150.957937240601,1239.30051374435,31.9051097929478,69.8683752715588,11908.4284446239,3777.47294571996,12308.0797026157,9.55399659276009,2121.11150698364,67.2375410795212,10124.5977413803,97.2248777747154,219.324840337038,0,40052.6162762344,444.592832401395,1495.71698366106,2320.53252449632,1161.88062447309,357.467179089785,109.293123066425,4578.59234052896,685.480053126812,18971.0497442484,16908.6190089881,10754.7146725059,5996.91527503729,63.251448482275,136.817406892776,35.4403756558895,960.072978705168,1062.54546260834,692.051405251026,538.469655781984,9.5386620759964,15.5075521469116,17.5989219546318,1.39046639204025,1313.94179466367,1890.58019539714,0,9.57816565036774,0,32.9486661851406,1.3595612347126,11.1437313854694,0,669.307874798775,0.492280423641205,2694.01619186997,4.01417720317841,9.91170471906662,24.1498444080353,787.201199829578,145.394153743982,767.082326233387,0,63.7660215198994,89.1520278155804,339.207061231136,12.2807742059231,198.160348534584,9940.8187392056,25265.8157963157,14.7370011508465,6.39552986621857,132.688012808561,2240.62354829907,2.33157557249069,0,272.561307042837,346.567275762558
179.653212308884,23606.0273794532,13699.4368382394,9.11913827061653,85.3111891448498,39.724991351366,152.62092885375,450.001533567905,4263.25280243158,47.4568490982056,890.940391361713,22.4081570208073,3461.20142367482,1185.12505918741,345.259310036898,12704.850445807,25720.6352370381,2126.17748880386,3385.58074042201,6.29603001475334,5320.78366807103,22244.447945714,54989.5437054336,9405.1146017313,7720.69273683429,40052.6162762344,0,4378.86305820942,1461.18950507045,3412.1464715004,2822.93975192308,152.002452790737,145.218748867512,10588.5615721494,2958.92434999347,40345.2459258437,10511.0355666876,23819.4683386683,17382.6753088832,300.480174660683,272.899121910334,43.1520364284515,7302.43090099096,2728.90661916137,3694.25528070331,3843.55800411105,42.6579959988594,66.2722940444946,94.0880169272423,12.0839299559593,10077.6440602541,11020.0499057174,14.927981108427,39.7727276682854,4.70793777704239,477.772267103195,23.4272098243237,71.8469195961952,0.30054184794426,1066.51362505555,4.25768494606018,4213.72735270858,45.1606163084507,51.8033192455769,9632.31595700979,3789.90709599853,353.316789567471,2012.71018821001,0,863.7530618608,6802.01380097866,9855.34560292959,1042.93519413471,1243.21391791105,19295.4719773829,137176.762176126,688.383569180965,47.8916179835796,658.326100111008,3008.48513838649,6.97566691040993,6.74033030867577,1347.38446158171,1217.64781445265
151.226369649172,190.152405083179,614.453755587339,17525.9773980379,379.108221560717,430.245981276035,88736.7092514932,2960.76610422134,5714.23667758703,6005.12571448088,348.735801130533,1522.78856825829,21.4098140001297,3222.93919745088,1935.34920018911,6946.5922793746,396.693144530058,136.371427625418,109.482848078012,8648.67713996768,9914.51327395439,751.095385789871,6468.91392096877,22876.7162751257,117.966184824705,444.592832401395,4378.86305820942,0,4011.7974165678,35001.3798814714,6.31388840079308,356.832269608974,587.205507159233,3563.41505387425,2237.62037190795,11620.6646432281,667.536993443966,5467.48065787554,1924.54628324509,1732.17094823718,436.548490554094,51.3892179727554,6050.85224881768,150.240914434195,1935.0850301981,766.840943753719,1642.26494014263,730.279740184546,175.426632642746,305.197016328573,26.899864345789,112.870028287172,1292.11071509123,203.30525931716,600.167162567377,3955.79385966063,1692.3117852211,1761.38847252727,2119.64746817946,36.8581438660622,705.961130589247,5.91928419470787,1306.33694809675,386.17557477951,1976.2195930779,17.5287272334099,0,7.72052752971649,411.260903537273,1324.72791627049,370.926387518644,576.914118558168,11244.2452595234,1.75198793411255,20.5825012326241,756.847187519073,10499.5572808683,1736.42504456639,2530.93490847945,0,48.7216654419899,99.9627927541733,1941.90987443924,466.316584557295
12234.3020895422,19.5214972496033,115.657314032316,39.7934363484383,61.5722684860229,494.783456355333,3080.44592902064,3438.51700201631,347.506448537111,2568.59111937881,3093.29158583283,1077.00938713551,121.532889544964,44443.2736409605,255.398641914129,24.7508479058743,3297.28440743685,1634.37107419968,1714.82109135389,110.763847053051,1047.20939743519,29.9280874729156,2459.31381613016,956.071265012026,6.1339251101017,1495.71698366106,1461.18950507045,4011.7974165678,0,16457.3097846806,70.5482195615768,3075.75608456135,8611.33699434996,11188.0883835852,322.982418209314,3420.57848092914,207.835363388062,4517.75432389975,594.580149441957,377.683102875948,558.646098554134,53.0168233513832,412.564699947834,12.1106031537056,114.115594625473,41.7626582980156,80.7624386847019,13.6541979908943,18.5431461632252,16.7502479255199,14.4209678769112,12.4844163656235,3.89743012189865,16.8218802213669,8.54557693004608,153.72636821866,5.42214813828468,143.969998717308,20.7490094602108,2.71283566951752,26.5429455041885,6.40693610906601,12.0667474865913,13.7785725295544,77.8027903437614,2.45716840028763,0,0.38186252117157,5.36490461230278,72.445348918438,13.9020227193832,16.819354057312,833.447123378515,0.862153232097626,14.6381409466267,77.1090709865093,655.457264602184,71.1930624246597,148.085407078266,0,0,4.30204558372498,55.8600309789181,43.8555145263672
7043.04536309838,27.3848496973515,1562.9326454103,4.74730467796326,125.877001136541,204.528822362423,9413.82734113932,3772.81436750293,160.872490555048,376.146307706833,507.802430182695,112.21605360508,9.86315587162971,20605.7711109519,725.096263736486,499.947084873915,9893.52354197204,1433.55474758148,2544.27693414688,5.0212487578392,44155.6134754717,69.2870941162109,21491.5991181135,566.203301221132,8.66895443201065,2320.53252449632,3412.1464715004,35001.3798814714,16457.3097846806,0,12.5764271467924,152.251687824726,2238.59754389524,11843.0095966309,1512.60611629486,11135.3865649402,998.577686995268,8998.41596636176,2418.14367166162,442.420672088861,284.344699710608,20.3860980570316,896.689042985439,47.3382983803749,359.72840064764,142.344102412462,68.5975081324577,42.8391679227352,24.5590361952782,44.3676960468292,18.4534633159637,85.8162692785263,4.91443192958832,53.7029260993004,7.42013218998909,216.136375069618,45.7011260986328,147.979733109474,26.1128179132938,4.78532901406288,12.2251190841198,0,89.2705430090427,65.0751724541187,1115.01148766279,10.9831808805466,0,8.94065225124359,3.87207105755806,877.65647649765,156.559788584709,392.064718186855,1078.70217511058,0.702213525772095,17.360536724329,393.252792060375,945.726312100887,318.859200537205,1051.19794386625,0,4.9858090877533,31.4738020598888,239.161124110222,296.720393449068
