0,0,0.00290636156718429,0.000111082023192117,0.000281987041903144,0.000601242803312862,0.185547534794071,0.031386140749182,9.72353370556595e-05,0.000743515800679239,0.00109419091866945,0.000248674483066672,0.000239774974366742,0.742621939347786,0.000256491044887039,0.000346615234582526,0.0628039332981048,0.00175393902819391,0.00858584812584473,0.00038814299302687,0.012482213679807,0,0.0448829097304173,0.00068998823410072,0,0.00794278154100576,0.00481184384564691,0.0035331084869919,0.462429619901769,0.41192562161637,0.000111730999056804,0.000173832797995651,0.000463631549513852,0.00646000433134537,0.000223170614154124,0.00345004374868082,0.00186545438315178,0.00830235259398885,0.00241595078180178,3.16585859283298e-05,0.000177288838556665,0,0.000121212066175759,0.000121483980433136,3.54482150970161e-05,0,0.00012085819409169,0,0,0,0,0,0,4.40403728147209e-05,0,0,0,6.27683064646244e-05,0,0,0,0,0,0,7.01520276249286e-05,4.45161973981023e-05,0,0,0,0,0,0,0.000201361162818253,0,3.42305814695775e-05,0.00019797292325238,0.000141817188383567,0,0,0,0,0,0,0
0,0,0.00169984316102041,5.87432448850035e-05,0.00098910321169527,4.17809335700512e-05,0.000633565676644591,0.000710351220913843,0.103677178736288,0.000270375775478927,0.109328124036834,0.00105015252042427,0.234853243384408,0.000515435416324249,0.00248103735466603,0.0100231616450743,0.00302208806204106,0.000258921273235274,0.00183176676365924,0.000269300201272675,0.000621270876344722,0.51296067396221,0.000692679310593592,0.246102472721226,0.0914807115935515,0.0133100123617947,1.58116528602838,0.00104653314663686,0.00191928784160101,0.000183467845010066,0.00353207430974763,0.00199569890155311,0,0.0087312431489984,0.000307701850852775,0.0131005685370218,0.0106258623118381,0.00818842512477085,0.00288609769848564,0.00159269354075371,0,0.0205332517161702,0.0221543136600443,0.017209197367681,0.00848314926852108,0.00442094087724701,0.000463585791452241,5.00982425724626e-05,0.00559055498461372,0,0.0812639382303793,0.0097734985540943,3.58694335990667e-05,0,4.08657114569485e-05,0.00161958230333618,0.000275382843456268,0.00130950110024855,0,0.00469647752810294,6.33108869215518e-05,0.0211210644959303,0.000316109608533829,9.76081309140088e-05,0.00367734188488878,0.0108592394353481,0.000134547346919262,0.00237513434123262,8.45373207268894e-05,0.00112027046896775,0.00251241397287604,0.00828803363668245,0.00618163697575143,0.00158449602500909,0.0552074836419675,0.333337553077574,0.00305885978056843,0.000252959664249861,0.00265874292886338,0.00349054590190734,0.000130850396698409,0,0.00112045397202624,0.00124385326867657
0.00290636156718429,0.00169984316102041,0,0.000479782538007808,0.000616680113783252,0.00140626702144704,0.0240308435112923,0.0195243192906863,0.000213972478700587,0.0039910618685557,0.0048855004277685,0.0017213049724439,0.00376673124248787,0.032896347118288,0.00103902615389173,0.0119947496482468,1.79592760086871,0.0124055695841209,0.129732898220669,0.00115178706650257,0.149303000921732,0.000595102939199906,3.03012256794221,0.0155061024640337,0,2.77896146604189,1.3728521094815,0.107565178260318,0.0232964757614045,0.0239812850689504,6.71159290970653e-05,0.000487669646550536,0.000910051486639714,0.0601496334327839,0.0346363679090887,0.535807150429697,0.164782605070464,0.274435691303645,0.16092060388977,0.000957941419751188,0.00579265030375072,0,0.0348014123891754,0.0112345551355783,0.0123252727519308,0.00673337497885661,0.00122143469409327,0.00048391134667736,0,2.3521222512275e-05,0.006911120622813,0.1180726425598,0,0.000652200708116805,0.000233419665032351,0.00320069749392251,0.000210395867636001,0.000389815889738655,0,0,9.95906068478467e-05,0,0.000438085891972393,0.000265578474567247,0.0118139648231612,0.0251046370556041,0.000183567293910602,0.00254258175068555,0.000112377460541576,0.00345502892389744,0.002834588852252,0.104785619098487,0.00308879744492565,0,0.0305306974361456,0.426466165471504,0.00447854756355866,2.65703759279489e-05,0.00471135138612494,4.05455430223048e-05,0,5.25677025530845e-05,0.000477595932576835,0.0218724799932867
0.000111082023192117,5.87432448850035e-05,0.000479782538007808,0,0.0319994487690061,0.0408344582584668,0.0872355292979684,0.0649084201931246,0.358410180230133,1.17621110513076,0.0122251417522786,0.23799271253317,0.0160750429311616,0.0318890520919102,0.096529084830053,0.000101096093344331,0.00255592733450156,0.00765280387481732,0.00440559339244103,0.717715195398582,0.000318871432655937,0.00131760551493796,0.00226730023126061,0.922798113572801,0.000300289706443805,0.00543854690078796,0.0020713587828953,1.37534482528869,0.0315335062811199,0.00194410114489747,0.000396099043066365,0.00859301064448269,0.000232829372237897,0.0204223770390145,0.00491091978591655,0.123091802228713,0.00144976645352959,0.0214329262270191,0.0025882343727191,0.0999426056255283,0.013889915135717,0.00109755082224924,0.0362137138108049,0.000603344376433227,0.0141377343988263,0.000797369426931222,0.145470665860482,0.00396000122205904,0.000506568874615222,0,0,3.88938896752953e-05,0.477427774440052,0.00838312749320771,0.0371653679312412,0.0279877294531644,0.0197098617325034,0.0924032890735644,0.0932858141699507,0.00399766452265785,0.12171449492801,0.000359575010239619,0.00956458862410758,0.00958761182487141,0,6.43740394010365e-05,0.000591741570420524,0.000268064350059682,0.1761667350053,0.000518490083517349,6.00230257041573e-05,0.000411008824860161,0.0965975177726798,0,0.000921891963449991,0.000317658139834503,0.277757452470682,0.0069680825157757,7.23445141479077e-05,5.89433400098443e-05,0.00330650288691084,6.65332240883291e-05,0.00401256662737398,0.00145971324103693
0.000281987041903144,0.00098910321169527,0.000616680113783252,0.0319994487690061,0,0.208176409666102,0.0289010784628156,0.0213097200708689,0.0397767214651508,0.0124796123904207,0.0185066230822838,0.118449022900032,0.0106513629439177,0.00472003493820412,0.454660442409038,0.0141186827453577,0.00386697952507668,0.00364047067078554,0.00170124856139659,0.0205382679183074,0.0672197075568794,0.0025606810873272,0.0892996875218292,0.0632260595785676,0.000612751130333352,0.00305006702038531,0.00760676686314907,0.0812153768847731,0.00540970496017547,0.0473328797518379,0.00112156544159323,0.0677347517770878,0.000221807791828799,0.236307965445345,0.279540472159466,0.16647845459458,0.0166694245558475,0.00783080977840324,0.00365473340055013,1.57886130925975,0.774625824680287,0.00228783916378696,0.00335633946350564,0.00130508028257592,0.000576851451118254,0.000918658014272017,0.0080253283901113,0.000215428483255601,0.000697199414817775,0,0,0.000154798921740973,0.0041668283667618,0.000589677280744719,0.0015816978184793,0.00513611720133633,0.000344571546993002,0.00289341128285476,0.00111763933172037,0.000286575267761713,0.00336503966244395,0.000505138182296437,0.000538060701753557,0.00104169127889924,0.0008387896109083,6.56608945772409e-05,0,0.000103895314555287,0.00229990023228152,0.00118995463928576,0.000770353575533401,0.00221712031091346,0.00734113584636202,0,0.000109203225349891,0.00118013866853235,0.00861809556372028,0.000903462575379203,0.000903226187138616,6.374887404446e-05,0.000237668723566228,0,0.000122033771214389,0.103062572616591
0.000601242803312862,4.17809335700512e-05,0.00140626702144704,0.0408344582584668,0.208176409666102,0,0.590436305033723,1.44987058446731,0.0625500829183212,1.01922320685188,0.0232054707756984,1.32138554659676,0.0337832924823901,0.0791426025729547,0.204578562830614,0.000192113677331796,0.00691063780910575,0.00654538215103534,0.00291027074202857,0.166382013758961,0.00276540824587093,3.64681969518483e-05,0.00807539053438679,0.0595634487820028,0.000816414507295275,0.00645833922738489,0.00249335365605969,0.108461778109681,0.030267763817315,0.02148564093252,0.00188462168794969,0.0526289530568527,2.60841102754265e-05,0.0216803485001831,0.300500520073938,0.308674783711801,0.00355524586704393,0.0155440780611708,0.00345317704554641,0.563756763622505,0.0642841132608686,0.00381840013032222,0.0156491831415157,0.00120753052626907,0.00653660973318012,0.00051277362961775,0.0357392668214772,0.00150210504513537,0.000729027797491494,0.000100233792941832,0,0.000159438602081188,0.0360129195645566,0.00163825591704484,0.00473906765163419,0.0388036458343974,0.00561809483968579,0.0257756592225628,0.0111164039180333,0.00110352936017513,0.016820206689719,0.000326621374570033,0.00282104943186455,0.00159282770798483,0.000308018078265792,0,0,0,0.0207937555997877,0.00073112456914061,0.00044274297409451,0.000706567576334644,0.0573050940285574,4.14059642352938e-05,0,0.00019735148786375,0.0763432937158691,0.00195375163941787,0.000294771975820118,7.05623890385631e-05,0.00116971226153409,0,0.00120259381831276,0.0194968693282476
0.185547534794071,0.000633565676644591,0.0240308435112923,0.0872355292979684,0.0289010784628156,0.590436305033723,0,1.96458654722313,0.113301894557326,3.20861713451306,0.112383946957863,0.103953197642777,0.0747587115322528,2.40711087099644,0.0725421534947284,0.00129317456988448,0.0716262227303328,0.0631559268014736,0.0556604945542153,0.0407388811275691,0.0970845631021476,0.000246362166757369,0.250299896066859,0.193393718006737,0.00129813353994545,0.0874216234259914,0.040085013885806,5.52311448592074,0.636224285061232,0.530219289141483,0.00776393519324955,0.0438584786427813,0.0208572551727591,0.165037947827063,0.0720733287441254,0.666136706604679,0.0205681003744338,0.230509987383637,0.0422652857835166,0.124016158672089,0.11735132015566,0.00698246872614942,0.0623913666292003,0.0015147537499891,0.035383231707079,0.002190213137956,0.0576714751364719,0.0108367862844896,0.00237303839553397,0.000123507303371769,9.75516091146466e-05,0.00275319931194958,0.100369492438916,0.00228007015195513,0.013589447338524,0.135676070406779,0.0237106758904228,0.0635702968144999,0.0407080772765805,0.00693848386045291,0.0212210937494438,0.00157237825613129,0.0164375932544395,0.0029008448005077,0.00181660535717255,0.000283080845871123,0,8.98827381959081e-05,0.0450689641377314,0.00387741791343008,0.000964211020997316,0.0060421650584919,0.147644075809422,0,9.74054300879475e-05,0.00568526889783717,0.232882965432024,0.0137244218053309,0.000811396121564267,0,0.00157792478746504,8.52135164283869e-05,0.00868029764156885,0.0192144426229682
0.031386140749182,0.000710351220913843,0.0195243192906863,0.0649084201931246,0.0213097200708689,1.44987058446731,1.96458654722313,0,0.0925306332760412,0.91227508686687,0.0721630490704249,0.838178201379249,0.0483958332381414,1.63034811328027,0.0284651161077519,0.00122619092679966,0.147922102230117,0.0202733718076884,0.0250301994064244,0.281503345235604,0.0894286239112491,0.000504336220923826,0.241519108005278,0.0940160443991164,0.00158992508873426,0.0497449049229899,0.0226277995230834,0.206418249477018,0.211599725016469,0.497552771297793,0.00312951904324674,0.0218853688264958,0.000933038759573013,0.0405321458916711,0.00282810057098089,0.323137405232746,0.0122753639016263,0.0538265656176328,0.0186488153637932,0.100711571340464,0.0129903917108929,0.00612437962589907,0.024770542809987,0.00123901021173264,0.00818888820698822,0.000481017713443148,0.0503943592524612,0.00243612917375947,0.00137026640986755,0.000289075324438047,0.000195791539370659,0.000256320548011649,0.052352057894037,0.00068421643137318,0.00533786322866002,0.0739134377535911,0.00656284981009672,0.0415604620950464,0.0176504909306186,0.000603865906314799,0.0188497569823334,0.00146653276700223,0.00133154463244005,0.000991749181551843,0.0010411124418551,0,0,0,0.0295071117828819,0.000787426547975712,0.00136208690877226,0.000630778310968313,0.104216813813271,0.000234572738556275,5.84701576562047e-05,0.00128451165236137,0.120340120609875,0.00247115201219104,0.000767698577043869,0,0.000322068966956428,0.000141707270002818,0.0010723013237568,0.000862653645479993
9.72353370556595e-05,0.103677178736288,0.000213972478700587,0.358410180230133,0.0397767214651508,0.0625500829183212,0.113301894557326,0.0925306332760412,0,0.0666617285259496,0.0420325227653385,0.120070249699155,0.127290680736717,0.037877892292767,0.126221689964478,0.0482768487461631,0.00197746827328675,0.00793790446991998,0.00580325351894119,0.0597204579228347,0.00341171376197236,0.532871089808548,0.00816005248231257,1.44274049472874,0.0679950387218731,0.00934086282512715,0.456326120185912,0.592379397283172,0.0285037506408639,0.00554965346708798,0.00470377544376559,0.0131609870286202,0.00213540085717852,0.0229395602852792,0.00841793669863838,0.156288129439724,0.00664162040150188,0.027283629043631,0.0060970313913348,0.116558606126481,0.0139223389272076,0.00722294938082285,0.0429513464932789,0.00471424413658654,0.014908705980126,0.00198077126948833,0.0584802213126587,0.00318180432553371,0.00173608852384261,0.000321344498813403,0.00193938844201286,0.00130170942652769,0.195202515276706,0.00603620884761026,0.0114782509840631,0.0667646626330416,0.0144502629256104,0.490722736235071,0.0231056349691187,0.00634721493156095,0.0386026865157592,0.00840241690676586,0.00853321099474796,0.00751282117314967,0.288412032700684,0.000879293430241283,0.00341171972018013,0.000445560272865021,0.0437376890654883,0.0391989788966851,0.177172478204693,0.0805170978289074,0.356261550901609,0.000544351716830898,0.00808439240615158,0.015214175152935,0.262297238633373,0.0106295690882313,0.0104172118865581,0.00217826569751652,0.00265115451404322,0.000203800139747453,0.00304915439585597,0.00498983452495672
0.000743515800679239,0.000270375775478927,0.0039910618685557,1.17621110513076,0.0124796123904207,1.01922320685188,3.20861713451306,0.91227508686687,0.0666617285259496,0,0.0774387849494599,0.637093529010114,0.0459418659492876,0.340003589508316,0.0222947983670987,0.000251743473499033,0.0128448054345461,0.0398058543919678,0.022712764628314,0.653164720043153,0.00251241031596514,0.000249579678100547,0.0166490338093872,0.0241475120117861,0.00117620991034167,0.0357265582930516,0.0106426639910079,0.834610409994336,0.0901341440119277,0.0084431418616522,0.00375597450400847,0.0314950611118648,0.000228980025024194,0.0793296704722227,0.0124626310842744,0.313548840739967,0.00807580452430025,0.0798329891729086,0.00898449434940988,0.074485748035704,0.0409276291947542,0.00557904228634679,0.0214858311162392,0.00100860337655978,0.0111094130550365,0.000327679652521223,0.0660173288185029,0.0033229075030783,0.000584148053783485,4.41980989130258e-05,0,0.000387182516134012,0.208341043058263,0.00369425830014549,0.0176085507489285,0.0314040230211711,0.011163208909402,0.0449106619886967,0.0973669489502753,0.00178796142347107,0.0459777587083772,0.000848136553412741,0.00297995093073772,0.00335601225521311,0.00021075999611724,0,6.82792813411445e-05,0,0.118302145232884,0.000586945162428266,0.000636402023009846,0.000851725574027921,0.0573873242159664,0,0.000101415222745466,0.00105105154619668,0.184679416108331,0.00293710598829728,0.000207961862644488,0,0.000720274033534728,0,0.00311773964212488,0.00242035342653482
0.00109419091866945,0.109328124036834,0.0048855004277685,0.0122251417522786,0.0185066230822838,0.0232054707756984,0.112383946957863,0.0721630490704249,0.0420325227653385,0.0774387849494599,0,0.102164727224795,0.807643530756084,0.068564773886271,0.00477202245621647,0.00179667708615027,0.113290843175732,1.45187572181735,0.335121581276228,0.0588267732331662,0.012476866091935,0.0517509755239918,0.0344726316533636,0.0520415738422351,0.118598420558283,0.398393125731769,0.0305960046128704,0.0441276115606738,0.270034727958162,0.0511767840027135,0.187628764161919,0.175972654612063,0.00179774366825208,0.536299485086074,0.00700546204861177,0.205640006688493,0.351291250811357,0.342664474895863,0.0531644111694133,0.0103628353220471,0.00896578571093697,0.227905226271785,0.0030674159028994,0.10101407753267,0.000961369773722057,0.000126979952234018,0.00552340372837737,4.29304942677975e-05,0.0554281995962804,0,0.0199392872532911,0.000134802632581783,0.00102791679544481,0.000184469595073807,0.00030193029570744,0.00218729446847884,0.000863009557073196,0.0141579052496736,6.99820076496837e-05,0.0455426471959363,0.00122405383577996,0.341450686339771,0.00168529626370875,8.20206638667706e-05,0.00172601638262471,0.000246382103212809,8.21351523714662e-05,3.74077227081061e-05,0.00139119628078076,6.40706416166127e-05,0.0169704308341855,0.000189510244938835,0.0242292921941885,0.0129795520486103,0.0244106166855667,0.0569830567034183,0.00220964960722535,0.00361262801659094,4.40516560692251e-05,0.0398146897667303,0.00683287116962245,0,0.00763991684165257,0.00372661261844638
0.000248674483066672,0.00105015252042427,0.0017213049724439,0.23799271253317,0.118449022900032,1.32138554659676,0.103953197642777,0.838178201379249,0.120070249699155,0.637093529010114,0.102164727224795,0,0.0533242437732038,0.221243284964327,0.212302691097699,0.000132028250765634,0.00876894293550234,0.0450401401650928,0.0270704002125768,0.395408581915757,0.000737537209989928,0.000291862211184817,0.00457273432962563,0.0774238620772643,0.0015053077908383,0.0363753518905623,0.00721453737568642,0.0583086950330842,0.0598836284856955,0.00636166949796042,0.00814121445372739,0.0545448323368536,0.000114505169819272,0.0605137363115879,0.113161952463199,0.20474678811088,0.00883277122458253,0.0487556991148531,0.0059809458190796,0.282208822757217,0.0165970749297359,0.0084945697769165,0.0184848878345812,0.00166464731742162,0.00378233858308032,0.000287776126680207,0.1376333871731,0.00182652227449589,0.00239880054950655,0,0,0,0.116310201000675,0.0100670061519553,0.0298584546321033,0.00671081693025972,0.0116954904946062,0.0147728169710424,0.0318463276895328,0.00239183827007815,0.104719319401238,0.00146352760001486,0.00490917762098067,0.00907049666476691,0.000126663751202711,0,0.000472993951700455,0,0.0807767419670894,0,0.000152028549944771,0.000275354432383776,0.0187790476491985,0,0.000825624423197082,0.000123006069142768,0.0631233752819186,0.00267128595061553,6.0249206252271e-05,8.54442873940705e-05,0.00344421575696934,0,0.000972614165937812,0.00868763848433268
0.000239774974366742,0.234853243384408,0.00376673124248787,0.0160750429311616,0.0106513629439177,0.0337832924823901,0.0747587115322528,0.0483958332381414,0.127290680736717,0.0459418659492876,0.807643530756084,0.0533242437732038,0,0.0195546539246951,0.00521249194584969,0.114621497401101,0.00740770657712476,0.014998954587996,0.00278080114983501,0.0296667184526918,0.0430674101098632,0.20925169373848,0.0908974352198832,0.250374717592245,0.36626408038931,0.0409220777665692,0.183984478298087,0.181337517400399,0.0590518571849092,0.0533603390545356,0.0926222857764716,0.0804855354611347,0.000311309417810204,0.189231006477436,0.0303691245192124,0.46670481655334,0.379902557468528,0.322390961738015,0.044240414597773,0.36914312532316,0.060939609803488,0.291746219572038,0.112849475537011,0.4081929637163,0.0565914926296551,0.0113775714071883,0.282697892464892,0.0169914520466968,0.152245089794096,0.00017958742825923,0.0904637237117443,0.00176827840088528,0.00482522966765902,0.00173911283583412,0.0111506046557005,0.0271108803360606,0.0460983452946452,0.0276749717565816,0.00556059723971633,0.206151445574042,0.0116646725821662,2.14224000883084,0.0229034216892381,0.00161592342801119,0.0694223720056454,0.002042920334305,0.00506518976248604,0.000883284593352699,0.0104811337292413,0.0192009659687281,0.0661081511879819,0.0701751182370507,0.107318537896397,0.131586458673607,0.226454797933616,0.706004499346685,0.0589498689027142,0.0177499449816759,0.0181379577626988,0.329554833215872,0.0270497241661852,0.000231132971451712,0.0190319254225906,0.0099635929124193
0.742621939347786,0.000515435416324249,0.032896347118288,0.0318890520919102,0.00472003493820412,0.0791426025729547,2.40711087099644,1.63034811328027,0.037877892292767,0.340003589508316,0.068564773886271,0.221243284964327,0.0195546539246951,0,0.00783528017136803,0.00281508183220157,0.489390566297248,0.0288637787965483,0.0854202706560724,0.105286167433464,0.13890595813874,0.000453106667708969,0.439751172874995,0.0477687625274874,0.00105880825603413,0.106718897770815,0.0500620083792506,0.179905964606623,1.95053118422286,1.6376607179991,0.00248816655117468,0.0280777416240892,0.00324848321522008,0.0836753966919564,0.00332472077281118,0.0782518633545514,0.019805457693854,0.106797728292334,0.032231898628167,0.0166515866436894,0.00510667193536456,0.00206697829068135,0.0095467480758078,0.000914803660621468,0.00322199295851655,0.000489094676948446,0.018871065696634,0.00111997486190526,0.000519418798860523,0.000118422301793217,6.8140655601004e-05,0.000470448226254451,0.0184011731422528,0.000116900864508891,0.00283554857016335,0.0288756848593047,0.00292871561210451,0.0142777101113701,0.00508014301930883,0.000816721216999008,0.00550028431757527,0.000773184107775606,0.000459286209914023,0.000386404202920526,0.000564941016100689,3.19756656735212e-05,0,0,0.0105392819468295,0.000693857590826907,0.000896906750841972,0.000701503059139358,0.0447559263668252,4.79879858107269e-05,0.00024734910450553,0.00164734666270308,0.0551500728723237,0.000500295977684683,0.000354715263819963,8.6416011012912e-05,0.000100865983950764,0,0.000376967996885037,0.000785074370931706
0.000256491044887039,0.00248103735466603,0.00103902615389173,0.096529084830053,0.454660442409038,0.204578562830614,0.0725421534947284,0.0284651161077519,0.126221689964478,0.0222947983670987,0.00477202245621647,0.212302691097699,0.00521249194584969,0.00783528017136803,0,0.00680258848120091,0.00445599980179937,0.00118527011003825,0.00101563604239092,0.0378770827984015,0.0252199386527249,0.00781201015955872,0.0434562034587211,0.179289767386707,0.00152592882730543,0.00194201340391069,0.0158391012111653,0.154321271953179,0.00624789495336945,0.0647879966498841,0.000311168269572699,0.00885124675426436,0.000320378889663234,0.0044388493239513,0.161497510738421,0.0509830945397451,0.0108360207866992,0.00881892349535385,0.00444779886252053,0.305444723607835,0.00519756221745364,0.000862446431352135,0.00965713782263138,0.00113022957267501,0.00132043146893877,0.00181007634051158,0.0228724113080168,0.000586099543384045,0.000214440169599787,0.000158914087007642,0,0.000356424364355552,0.0157335382397118,0.00103077125589814,0.00453756579921431,0.0111164950668419,0.0018404752809537,0.00548491101319249,0.00501111707063023,0.000245311833759665,0.0119621758929688,0.000223144723549634,0.00107940640332364,0.000928526182253683,0.00104498583498294,6.44141598941207e-05,0.000242532646413541,0,0.00901288253475423,0.00236771893360903,0.000971013074153032,0.00358774037978203,0.0182423545590653,0,0.000157267198603362,0.000814678203157775,0.0268174056169133,0.00135644351191622,0.00227397304650628,0,0.000430009801092893,0,0.000407465326900565,0.0927144790735484
0.000346615234582526,0.0100231616450743,0.0119947496482468,0.000101096093344331,0.0141186827453577,0.000192113677331796,0.00129317456988448,0.00122619092679966,0.0482768487461631,0.000251743473499033,0.00179667708615027,0.000132028250765634,0.114621497401101,0.00281508183220157,0.00680258848120091,0,0.0274124071001733,0.00117793207794124,0.00658807126077252,4.65983312567949e-05,0.950777410587182,0.952251203682001,0.864760389241029,0.392953727552045,0.00292877358692729,0.0179660462513043,0.374050921094514,0.321027648292803,0.00390707207587107,0.00808112254334858,6.86993390479476e-05,3.11912298739135e-05,0.00021422181224342,0.010561294482541,0.0615077018774334,0.814987826114616,0.281550810720483,0.141532209560351,0.115843564619018,0.00337463358240157,0.00780569406156311,0.000376831424859566,0.0856374875838719,0.00617145166308498,0.016329421395667,0.00965285965695374,0.0607590070568487,0.00245019615732267,0.000923965356845171,0.000895951144418686,0.0039220991345134,0.0200566662517977,8.00469060734627e-05,0.00260917787485902,0.00278730869787199,0.0272553649761156,0.0126285467249594,0.0262409065787675,0.00106148405954617,0.00148158948477487,0.0017822515934101,0.000572476472681728,0.00974060552533045,0.00302827849380432,1.2587792623032,0.00335646792112588,0.000304879062657186,0.000421573271112853,0.000765615680144943,0.161025618361117,0.177359630385408,0.936193714497476,0.244366143831593,0.000343322949355272,0.00217142167308928,0.34242272098274,0.213949795275957,0.0105407644507977,0.0887866024480055,5.23818596398235e-05,0.00276599704099599,0.000115862115111315,0.00336776020527773,0.0324910337556036
0.0628039332981048,0.00302208806204106,1.79592760086871,0.00255592733450156,0.00386697952507668,0.00691063780910575,0.0716262227303328,0.147922102230117,0.00197746827328675,0.0128448054345461,0.113290843175732,0.00876894293550234,0.00740770657712476,0.489390566297248,0.00445599980179937,0.0274124071001733,0,0.106674384685444,0.681349177833983,0.00582793076161148,0.362794387900061,0.00125890609007356,2.01640826098041,0.0249421633493826,0.000178864086412293,0.951812457250856,1.35688392891031,0.160325492723536,0.468388623401073,0.517230843240006,0.000313236151219812,0.00560083669401978,0.0118658799314966,0.456661964405451,0.0299860717614895,0.405082659308669,0.204775618685034,0.328892432250864,0.125241844368845,0.00382146281146713,0.00847063905546958,0.000243513140936333,0.0229429833142034,0.0110784299180044,0.00746213031619228,0.00523479344449134,0.00253461425301321,0.000164055813321787,0.000109488691688848,6.9670835378209e-05,0.00308708057802046,0.0263381335670266,8.23978147660224e-05,0.000398679754718781,0.000242625635853809,0.00220328818342229,0.000149670016937971,0.000583240977530739,6.0238044759506e-05,0.00013727021743162,6.05520723437667e-05,0.000227179319073439,0.000214486461383688,0.000269549124884319,0.00946884576533589,0.0212711318315703,9.16613017743795e-05,0.00248368030686083,0.000216280095006755,0.00219433861847135,0.00102216883163645,0.028190092357929,0.00483884866746052,8.72222807217297e-05,0.0441887979599303,0.169378459882395,0.00614041709592351,0.000151239282233476,0.00358051184598777,0,5.3024954412505e-05,0,0.000412307704008117,0.0138187033405889
0.00175393902819391,0.000258921273235274,0.0124055695841209,0.00765280387481732,0.00364047067078554,0.00654538215103534,0.0631559268014736,0.0202733718076884,0.00793790446991998,0.0398058543919678,1.45187572181735,0.0450401401650928,0.014998954587996,0.0288637787965483,0.00118527011003825,0.00117793207794124,0.106674384685444,0,0.438618709039344,0.0297076647054805,0.0135438205563609,0.000247813599159074,0.037550683484774,0.011737811335963,0,0.547263116651269,0.0393185383922421,0.0297860009108662,0.0842301445600232,0.0360886515765384,0.0134957448148353,0.0258368145634436,0.000807907927786644,0.149520292708648,0.0190920618713842,0.344750223789566,0.344777724532738,0.313838157081622,0.105238791042664,0.00494893627876305,0.00362047041625237,0.00296989003421643,0.00149936619136537,0.0035759015487846,0.000305111002535567,4.0738539437747e-05,0.000621243155255419,0,0.000324618972327566,0,0.000252626493690827,0.00022148434800337,0.000164479329061985,9.79832301279545e-05,0.000108462662334299,0,0,0.00396121248551816,0,4.18708221446931e-05,0.000203259639386904,0.00496216126163505,0,0.00012781863897655,4.46841494531423e-05,0.000582022189196139,0,0.000165213986633223,0.000257891347505069,6.00837787239581e-05,0,0.000239957809765044,0.000630566411042851,0.000327909770032239,0.0189671606680325,0.0246244929136418,0,0,0,0.00278765949547215,0,0,3.72776405833363e-05,0.00799312274695278
0.00858584812584473,0.00183176676365924,0.129732898220669,0.00440559339244103,0.00170124856139659,0.00291027074202857,0.0556604945542153,0.0250301994064244,0.00580325351894119,0.022712764628314,0.335121581276228,0.0270704002125768,0.00278080114983501,0.0854202706560724,0.00101563604239092,0.00658807126077252,0.681349177833983,0.438618709039344,0,0.015766524241681,0.0735861782643032,0.000359109482640654,0.239993994111029,0.0117416822299312,0.000240621957142442,0.595844357465896,0.340025293099996,0.050969929383489,0.122847613390285,0.106748868491456,0.00096266754889691,0.00914282405718488,0.00463645694372166,0.378756446020081,0.0225848870901402,0.400211385463663,0.297559783191164,0.350200327428827,0.135039378111901,0.002500015664951,0.00467831935618889,3.77225255087734e-05,0.00826974649473419,0.0130529568741305,0.00464267033771958,0.0019521745894885,0.000628610026620373,8.87817563733993e-05,7.38062922387244e-05,0,0.00351149730029606,0.0064315240697738,0.000234451488216326,0.00017551011465857,0,2.47120705864399e-05,0,0.00243260362753896,0,6.78167267579794e-05,0,0.000906815471570898,0,0.000209265537175608,0.00113346886110525,0.00986512215843419,0.000294845292622048,0.00307256457166205,6.9908999310827e-05,0.000271654854138717,0.000406118061666793,0.00361117521031095,0.00133547594762726,0.000360593709537464,0.101093304756978,0.107727732284641,0.000597257153978875,0,0.000431657890879667,0.000858063471433595,0,0,0.000212772583729196,0.0129119832328122
0.00038814299302687,0.000269300201272675,0.00115178706650257,0.717715195398582,0.0205382679183074,0.166382013758961,0.0407388811275691,0.281503345235604,0.0597204579228347,0.653164720043153,0.0588267732331662,0.395408581915757,0.0296667184526918,0.105286167433464,0.0378770827984015,4.65983312567949e-05,0.00582793076161148,0.0297076647054805,0.015766524241681,0,0.000586368756560174,0.000107220327308691,0.00406976257481061,0.270035773587097,0.000790307134439563,0.0227798134149441,0.00581787576038774,0.1701688410845,0.0325381839110627,0.00480015252290849,0.00309547582468281,0.0145617332611945,0.000157685231006569,0.034494978922243,0.00195194910095294,0.121504907130127,0.00440922796615222,0.0264662383684134,0.00425539950373736,0.0583677361619762,0.0126529077523929,0.00372149632410084,0.01658489913936,0.000786439553405407,0.00931206204404122,0.000221698549225703,0.0655893114148962,0.00234389596927199,0.000781294947426129,0,0,0,0.145840072869379,0.00415458141273738,0.0151906221161096,0.0137047330964719,0.0119177073429687,0.0209270844688647,0.0415354793075264,0.00184743396638143,0.0445166778313675,0.000336893759056225,0.00545395782954818,0.00342094851726897,9.32714607500134e-05,0,0,0,0.092956072833455,0.000653303668567577,0.000105524429804361,0.000285708307943326,0.0356748726731249,0,0,8.69593240696374e-05,0.108695849809841,0.00353566102703658,0.000195015842005205,0,0.00136229774734123,0,0.0019086383853607,0.000842782492889596
0.012482213679807,0.000621270876344722,0.149303000921732,0.000318871432655937,0.0672197075568794,0.00276540824587093,0.0970845631021476,0.0894286239112491,0.00341171376197236,0.00251241031596514,0.012476866091935,0.000737537209989928,0.0430674101098632,0.13890595813874,0.0252199386527249,0.950777410587182,0.362794387900061,0.0135438205563609,0.0735861782643032,0.000586368756560174,0,0.0225160470107565,4.67632092184898,0.0379267422786346,0.000324209958410514,0.192725784478496,0.175986039196163,1.56355553200965,0.137894336448983,1.53854094303657,0.000184861000214002,0.00110522415979445,0.00997108326845214,0.383948495633081,0.139074536661987,1.28007375294742,0.176476353980532,1.01626333513816,0.449279418970413,0.0210690776354313,0.0377415814299909,0.000296853651042926,0.0159416947121147,0.00138407858263902,0.0038771556670548,0.0025701706777679,0.0209837072898827,0.000787573406838787,0.000314138310327655,0.000413219571585304,0.000774429419875744,0.00904298515379838,0.000120823889751017,0.00191335572127948,0.000544935594811055,0.0144105637606138,0.00305768565646915,0.00574923775272785,0.000131925025221819,0.000220108700108176,0.000451697722036815,2.76488115350723e-05,0.00320676128941823,0.00187710293099119,0.109995728948404,0.00194638528959903,0,0,7.58407036130783e-05,0.0307951424327116,0.0100123096584744,0.0670659614419288,0.0682067769152747,0,0.0014187839800989,0.0351326833981078,0.0733569720059674,0.00519930539301196,0.029245191205487,0,0.000405463661316622,0.000267366505120945,0.000512592019954291,0.0565053729217759
0,0.51296067396221,0.000595102939199906,0.00131760551493796,0.0025606810873272,3.64681969518483e-05,0.000246362166757369,0.000504336220923826,0.532871089808548,0.000249579678100547,0.0517509755239918,0.000291862211184817,0.20925169373848,0.000453106667708969,0.00781201015955872,0.952251203682001,0.00125890609007356,0.000247813599159074,0.000359109482640654,0.000107220327308691,0.0225160470107565,0,0.0398857567019172,0.964333829451214,0.133588738080802,0.00331892450003277,1.34297110284221,0.033344311187057,0.000598639935082626,0.000118327335754049,0.00501474414787702,0.000532678662412095,5.32148804027557e-05,0.0017493366617387,0.000234243829658115,0.014028312278339,0.00830405445781842,0.0038596326206076,0.0014961204414455,0.00539759224035112,0,0.0093296168763905,0.0232058544286745,0.0115837851933645,0.00597423674318798,0.00407680780645323,0.00590377140637305,9.52514080983998e-05,0.0020821162438277,5.36335419082821e-05,0.0518973144644418,0.0108466822750287,0.00063619543595494,0.000318786970596141,0.000199963204113704,0.00386077782426445,0.000948125653963366,0.0168119718763243,0.000276979898839396,0.00168878351586226,0.000132010915952689,0.0169757107641324,0.000964626289409042,0.000525408236491442,0.276053610808376,0.00297970299542552,6.42875317440212e-05,0.000390614370754885,0.000319916907360244,0.0267173032353285,0.0982698588085327,0.106999906401336,0.105489847814453,0.00271302293834452,0.0159377705585472,0.348226697090635,0.0504911298188701,0.00153566393405844,0.0138705172365079,0.00301591395852703,0.000451729102066383,8.87232518870504e-05,0.000419703779926231,0.00245256846564091
0.0448829097304173,0.000692679310593592,3.03012256794221,0.00226730023126061,0.0892996875218292,0.00807539053438679,0.250299896066859,0.241519108005278,0.00816005248231257,0.0166490338093872,0.0344726316533636,0.00457273432962563,0.0908974352198832,0.439751172874995,0.0434562034587211,0.864760389241029,2.01640826098041,0.037550683484774,0.239993994111029,0.00406976257481061,4.67632092184898,0.0398857567019172,0,0.184277183617995,0.000299316199015483,0.951463531673521,2.93810523984768,1.42727592420771,0.349996263280204,1.16929582561601,0.000948600605920955,0.00427941769070032,0.0194329499938562,0.671071975573656,0.37515980184863,3.41400369958608,0.991526975540274,1.8348143697937,1.21133905243759,0.0315842773364469,0.0472410399169133,0.00118015917929733,0.0579463310316491,0.0061170697917915,0.0142791969865847,0.00940317228871225,0.0491250049356857,0.00170291356388895,0.000825897435339479,0.000505575154738184,0.00262622148851664,0.0889178618038278,0.000200852105397504,0.00552886075265659,0.00190210653773929,0.0145307615677364,0.00886733167889736,0.00694728964711276,0.000872714395887191,0.00169952781638,0.00101144215613046,0.000137820099534178,0.00622320722498405,0.005201073541903,0.494451018982179,0.00805613265508977,0.000229819010082987,0.000781678574020546,0.000465758580984533,0.0555015399428715,0.0338705092107765,0.632857019174116,0.0750014378610062,0,0.00715445703267286,0.412659572356653,0.0763949875932708,0.00369731825788616,0.0328350569546919,0,0.00224728565957627,3.48063034425676e-05,0.00192826619508584,0.178086917596807
0.00068998823410072,0.246102472721226,0.0155061024640337,0.922798113572801,0.0632260595785676,0.0595634487820028,0.193393718006737,0.0940160443991164,1.44274049472874,0.0241475120117861,0.0520415738422351,0.0774238620772643,0.250374717592245,0.0477687625274874,0.179289767386707,0.392953727552045,0.0249421633493826,0.011737811335963,0.0117416822299312,0.270035773587097,0.0379267422786346,0.964333829451214,0.184277183617995,0,0.0943394036041963,0.0323639888962451,0.663001989538578,1.08190407291992,0.105056484419068,0.0276072231656635,0.00534155321005066,0.0149499159404309,0.0177940336533139,0.044759677634958,0.0465589209715247,0.563745198674246,0.0493185219211211,0.110420144589029,0.0480311352366606,0.130758351630014,0.0302294280306891,0.00719263125973512,0.278679871319501,0.00725490581828838,0.0836808611416726,0.0129126615146982,0.150981539429206,0.0291891291683059,0.00483649980233582,0.00605789818504908,0.00747810998794848,0.0207805199120294,0.174916322023828,0.0101915051397537,0.0212188849103192,0.481672751711189,0.0585968261459684,0.315912834363017,0.0478463146309036,0.0205691555454313,0.0369918952922941,0.00709527388900567,0.0575762368705238,0.00890448022971408,0.291960630011479,0.00274710945132421,0.00306464489997152,0.000794929530700895,0.0666487620858667,0.084886208348048,0.185160742822628,0.17233287862244,1.25824768898574,0.002457892302871,0.00567773646297663,0.152693081514955,1.06517331760714,0.0699938505779642,0.0895739400388835,0.00138236139712394,0.00891331329506228,0.00188732852041162,0.0167321390537702,0.0254246041430065
0,0.0914807115935515,0,0.000300289706443805,0.000612751130333352,0.000816414507295275,0.00129813353994545,0.00158992508873426,0.0679950387218731,0.00117620991034167,0.118598420558283,0.0015053077908383,0.36626408038931,0.00105880825603413,0.00152592882730543,0.00292877358692729,0.000178864086412293,0,0.000240621957142442,0.000790307134439563,0.000324209958410514,0.133588738080802,0.000299316199015483,0.0943394036041963,0,0.00504942858405349,0.365510554539812,0.000536739292625114,0.00605096482403375,0.000339989001319569,0.00489668661381417,0.00504807000309541,3.16684161594123e-05,0.0287210516086156,0,0.00322008966018303,0.00294720703778144,0.00815108188910923,0.000786110262987131,0.000740111007604913,0.000113707894244259,0.0497464759315076,0.00483781019811495,0.00784150069248638,0.00218000665498182,0.00125786621032117,0.000212644133211732,4.18494610769033e-05,0.0166274613936585,3.16244053787589e-05,0.0131472170747024,0,0.000152968022937608,8.96215024430635e-05,0,0.00025097345225999,0.000334550442208108,0.00437518874746142,0.000170071734130993,0.0196604811962387,0.000209021467798635,0.0750589671332336,0.00110077207370717,0,0.00130779720908604,0.000488890216665253,0.000122482150701744,0.00020428165263342,3.14206959596247e-05,0.000413857905473981,0.00857453343245945,0.000393828105454785,0.0103395467192496,0.0141237795984122,0.0205325437609484,0.08920474137244,0.00153626064978464,0.00202141256188367,0.000191997969180345,0.00140929404060788,0.00322090051625069,0,0.00407747595776249,0
0.00794278154100576,0.0133100123617947,2.77896146604189,0.00543854690078796,0.00305006702038531,0.00645833922738489,0.0874216234259914,0.0497449049229899,0.00934086282512715,0.0357265582930516,0.398393125731769,0.0363753518905623,0.0409220777665692,0.106718897770815,0.00194201340391069,0.0179660462513043,0.951812457250856,0.547263116651269,0.595844357465896,0.0227798134149441,0.192725784478496,0.00331892450003277,0.951463531673521,0.0323639888962451,0.00504942858405349,0,1.8187017436629,0.112976536469933,0.12450159645437,0.083279389262423,0.0268381785836199,0.0187731812396289,0.00381738119561835,0.136571182342909,0.0872792983551872,1.29532579318654,0.763870737884669,0.61449070271321,0.382630180576975,0.00543280808128622,0.0159823203033338,0.00403784034427635,0.084236290402637,0.0922381616189402,0.0354877678110514,0.0203798529001992,0.000882243962736253,0.000377712472511184,0.00244322899930725,0,0.0293708295300557,0.0380226449537477,0.000341428892737755,0.000524348710482425,8.42600733053329e-05,0.00217489383490458,6.49387297604501e-05,0.00356007012194595,0,0.00404084445599532,0,0.110889091365189,0.000204936257949185,0.000733660513060224,0.00621901271773872,0.0627634456649657,0.00143494497131974,0.00952730244396755,7.12591015931249e-05,0.0027463385128134,0.00471080409754742,0.0223158489708644,0.00415897615919227,0.0150639806148354,0.601144849147261,1.12652742139132,0.00146368859135714,0.000222151048318568,0.00514025299710036,0.0650531015991355,0.000215787501802516,5.54763307454854e-05,0.00360106518901596,0.0446488336092907
