0,0,557.466297864914,6.05129849910736,1.02160874009132,94.9746755361557,6989.23556727171,5940.69263044,9.73717296123505,163.535550475121,34.1809604763985,28.60336124897,3.41803759336472,12089.0329585075,5.63800591230392,1.00100290775299,1244.74852618575,39.3765956163406,184.290516555309,9.14247435331345,182.185206055641,0.94189727306366,1132.06086874008,77.6808190047741,2.15088963508606,565.853577911854,176.644572496414,309.485581964254,9334.34211242199,7309.8662238121,1.56024503707886,6.5145451426506,10.3522934913635,177.452904313803,11.7217388451099,58.4293964803219,1.26802387833595,101.418579310179,40.1007281243801,31.8905358314514,15.415120691061,7.2934598326683,4.08377134799957,0,1.79364782571793,1.73724073171616,2.3223220705986,0,0.918922483921051,0,0,0,4.96310016512871,0,1.19084537029266,0.803322076797485,0,0.546846389770508,1.63775610923767,0,3.36363756656647,0,0,0.512327909469604,0.415074348449707,0,0,0,0.534179627895355,0,0.910330295562744,0.830709308385849,11.7983714938164,0,0,6.40662491321564,16.4171881377697,0.692539870738983,0,0,0,0,1.48498296737671,2.61515069007874
0,0,64.0215126276016,5.71932110190392,2.73193520307541,1.32879734039307,7.31571757793427,18.5323725640774,2681.095179528,2.90701550245285,575.974593311548,19.8318786621094,1463.50319394469,28.5361166298389,40.1020023226738,101.558791011572,62.3137958943844,18.5944826304913,10.8181936442852,1.37691652774811,22.9629970490932,3636.69219371676,20.1608715653419,3120.8082947731,7246.45558655262,525.981572002172,28075.7128360868,100.554777801037,14.2099648714066,2.05003026127815,30.6604249179363,6.4213593006134,1.11011856794357,230.002056717873,10.6594290733337,306.134069025517,381.777390420437,352.69610580802,213.526273787022,18.2037361860275,3.11887013912201,1122.84850853682,146.940481990576,109.497254431248,121.818092107773,111.460164040327,7.8959955573082,0,97.8544548749924,0,3059.11286231875,68.5573455691338,4.5548152923584,1.26599740982056,0,1.25284367799759,0,70.3252353966236,4.30295383930206,44.7625433802605,1.10565185546875,146.232779681683,2.2175800204277,6.28697466850281,40.8522436618805,78.840102493763,4.53264963626862,22.4440869092941,3.36670270562172,1.51123836636543,93.4004664123058,8.21984505653381,157.156406372786,494.146783292294,758.156899124384,12595.6432106197,29.8758752048016,1.73481756448746,0.858370840549469,46.6934978961945,2.7879524230957,0,44.0914326310158,17.7782533764839
557.466297864914,64.0215126276016,0,38.7625360488892,14.2775197029114,102.611905932426,3847.10071268678,2244.87275695801,16.5383757352829,231.257969498634,38.2992675304413,22.2821863293648,0,2026.03156667948,47.4996516108513,93.8912827968597,20624.870413959,140.200450748205,645.883070021868,12.8637979924679,2259.38905671239,60.9136672616005,46255.9534873962,307.723648369312,17.0005266666412,26136.9507446587,16472.7427128255,2954.85065387189,1195.09654557705,772.313861191273,0.37908861041069,14.1250922083855,71.7034634053707,3399.51037546992,966.916751533747,8136.13408836722,954.563769251108,6271.47560483217,6159.67553713918,58.0279717743397,92.6378326416016,17.4097538888454,468.41927972436,57.9292710125446,287.806157410145,326.804021060467,10.4446840882301,5.04924285411835,5.65856432914734,0,223.865769356489,1407.77972865105,1.58718654513359,0,0,19.8903442323208,3.30136865377426,16.9167799055576,1.19870316982269,6.41068559885025,0.953458845615387,2.87534737586975,5.1225651204586,10.1942020356655,200.359995633364,193.211962103844,4.21976685523987,39.0707131326199,0,34.5420210063457,155.313596218824,568.661219835281,42.0326899886131,1.39236259460449,278.486750900745,15414.0184281766,19.4188562035561,1.96394073963165,3.73472571372986,0.447258234024048,0,0,108.098782151937,418.577307730913
6.05129849910736,5.71932110190392,38.7625360488892,0,51.8246038556099,70.0969978570938,208.836676627398,174.976025551558,6507.02267175913,6081.66805660725,19.8099351227283,3474.69171264768,0.446124941110611,139.598986566067,353.192126125097,0,3.97231939435005,7.03919711709023,3.423972427845,17515.4875885248,1.98618531227112,13.2093013525009,48.2860187590122,8145.81059777737,65.7335408627987,8.24911245703697,15.4367172420025,6138.3285330832,86.9435061216354,2.91514828801155,0,13.2439440488815,2.51805779337883,56.6409910023212,37.0058460235596,179.642009019852,0,111.717737406492,24.0546898245811,274.135428071022,67.2820547819138,4.79791316390038,169.109214514494,0,51.7811378240585,13.0560113787651,939.486925661564,19.7157618701458,2.4430838227272,0.912982702255249,0,0,1900.56765878201,13.3162037134171,104.044712483883,123.905083566904,79.0255384147167,933.774980068207,933.667444676161,1.47684228420258,773.448331713676,0,8.63599908351898,418.683741569519,0,0,0,0,1668.39432308078,0,7.37982466816902,0,1052.66612800956,1.32465970516205,0,0.579632818698883,1513.55194580555,22.9411996006966,0,0,1.50738936662674,0,19.7645591795444,5.88276463747025
1.02160874009132,2.73193520307541,14.2775197029114,51.8246038556099,0,3072.09376385808,141.05834454298,260.740234524012,382.314730644226,396.675696253777,5.54341894388199,646.637530446053,2.16327464580536,24.0397781431675,3548.26918143034,50.8462781608105,17.3150341510773,0.861002862453461,4.79685008525848,32.8940774202347,351.645127415657,9.50987416505814,516.429819434881,216.635450214148,58.342135488987,14.9256990551949,69.5869792401791,427.168203979731,9.71142646670341,58.8564908206463,0.552751541137695,2497.01936334372,2.44251015782356,313.595647364855,1190.49735733867,778.175695091486,28.1903694272041,63.3128376603127,101.332473754883,9724.01433500648,7531.81474691629,8.92289441823959,39.2601327002048,11.0360222458839,1.47763800621033,41.4538308382034,85.7704043388367,9.7624204158783,0,0,0,4.04478693008423,18.9447220265865,2.49145698547363,6.61862397193909,8.78891038894653,0.964360535144806,12.1303318142891,12.2979683876038,1.45247578620911,24.1982461512089,0,1.09744995832443,34.8209163546562,29.7690059244633,0,0,0,17.6220512092113,2.30789983272552,5.0760293006897,24.2835915088654,82.2433087825775,0,2.2641983628273,17.7639538645744,43.2944718599319,0,1.10748696327209,0,0,0,0,794.093182533979
94.9746755361557,1.32879734039307,102.611905932426,70.0969978570938,3072.09376385808,0,3405.17045578361,12018.0840935111,299.153310507536,23716.2424561083,311.885235667229,10823.7977883369,36.3732794821262,750.963082939386,4685.08269643784,3.33003216981888,87.039992660284,130.799826174974,23.667500346899,317.22739392519,85.8440288305283,6.54484692215919,274.594949364662,316.908382177353,390.093966960907,190.17563354969,53.0930909514427,733.385340481997,266.004562541842,199.152570039034,13.3918280899525,1040.91316989064,3.06798022985458,369.823903560638,3905.35274323821,3928.40597659349,32.2192075550556,378.918295234442,272.755246907473,7221.0010535717,1663.81022244692,97.9089203476906,102.503613322973,4.66466420888901,10.4456794559956,17.8095458745956,272.081728458405,15.0835955739021,3.06594812870026,0,2.09715890884399,0.55672812461853,82.9003901183605,3.29865634441376,14.5490881204605,5.73005011677742,7.42654967308044,58.9379315674305,39.2665284574032,6.9315544962883,189.793791025877,4.16096562147141,1.85112059116364,85.6330514550209,5.0630758702755,0,1.73204398155212,0,70.1777221858501,0,2.45597738027573,2.88891339302063,116.746954679489,0,0,0.880485504865646,74.7919687628746,1.86970886588097,0,0,0,0,3.70287752151489,143.827857494354
6989.23556727171,7.31571757793427,3847.10071268678,208.836676627398,141.05834454298,3405.17045578361,0,23668.5406324267,714.496408045292,24659.6792964041,405.42395401001,157.984953850508,47.1836804151535,33734.6131397188,503.828960746527,5.37831678986549,818.833041459322,300.067814230919,132.330339968204,89.8534659445286,2693.09240412712,13.242268383503,8463.2590661943,5689.52944904566,179.537789434195,1008.69583177567,419.945883601904,50953.3393444717,8139.01616510749,20590.0846568346,10.0343051254749,170.125982761383,297.961680561304,1264.02441006899,1257.96292257309,3143.04072907567,40.3186404705048,2125.0684799552,741.418247908354,835.04295361042,708.665813624859,58.9155730605125,414.906044602394,2.60308465361595,168.9722212255,47.7582118809223,553.678023487329,46.7140374183655,3.34804338216782,2.46079862117767,1.15482738614082,1.99996688961983,395.063048362732,4.00987511873245,35.7020885050297,193.233873099089,53.9957414865494,197.680383741856,388.867439955473,2.66881686449051,111.250497996807,0,24.2328445017338,105.436950683594,14.88241776824,0,0,0,317.779872387648,1.64015573263168,10.2653303742409,16.574508190155,1485.53431916237,0,0,106.029075980186,1508.03040468693,76.8050765097141,0,0,0,2.07362973690033,75.463387131691,77.0339842438698
5940.69263044,18.5323725640774,2244.87275695801,174.976025551558,260.740234524012,12018.0840935111,23668.5406324267,0,259.100012630224,17582.1186506748,1520.25817513466,5631.20223090053,174.133262038231,29087.2088397145,609.377559125423,5.03233894705772,3029.20762214065,701.437762230635,520.558270722628,705.722899466753,864.477830559015,18.8724637329578,4790.81757903099,939.769345551729,484.192634135485,2078.82165229321,616.126393705606,3216.89987248182,5855.60114459693,8637.40959966183,48.9592303335667,773.517098009586,33.5285508036613,1531.04517903924,479.919237315655,4035.15096047521,88.6885526180267,943.026535600424,515.549929261208,2658.62359136343,744.287288427353,222.803902238607,105.608947664499,10.1287905871868,24.343328088522,5.1589549779892,153.780588507652,9.24980962276459,20.1478098630905,0,0.8284792304039,0,65.5810534358025,0,3.6607863008976,49.3642117977142,6.30340379476547,90.0972463190556,44.2779640853405,15.3870770335197,88.9012477397919,21.1480143666267,4.6353086233139,23.0828660726547,8.7190198302269,0,0,0,84.4782955646515,0,6.65422970056534,1.73279714584351,406.378443747759,0.611510932445526,1.13848745822906,23.3978975117207,261.651100128889,4.20956912636757,0,8.02079799771309,0,0,11.809994161129,60.343656629324
9.73717296123505,2681.095179528,16.5383757352829,6507.02267175913,382.314730644226,299.153310507536,714.496408045292,259.100012630224,0,1814.05726090074,673.702881723642,4383.26607006788,1329.44810983539,241.7326182127,2572.64156681299,85.4720371961594,15.0509031116962,21.0657086372375,5.40689659118652,1654.98259356618,55.0190899670124,5504.24105316401,41.6428993344307,35241.3187328279,1742.38212841749,91.4748192727566,4067.80549110472,6051.35220995545,367.455776691437,13.6972653269768,13.2985121309757,38.5998989343643,37.500675112009,282.67626580596,270.148853808641,888.402485907078,71.1406446993351,375.251111328602,82.9143728613853,2370.73318809271,144.941485345364,470.138358563185,685.7310988307,29.7008194327354,134.916159272194,84.5915832817554,574.169097602367,45.5158035755157,23.1000317633152,5.5728212594986,31.0328919887543,1.18868285417557,1425.33448061347,21.337301671505,148.245156794786,201.914717197418,151.390968561172,1764.24266949296,794.646059542894,38.3250644803047,461.785241425037,109.41706815362,63.8785687685013,377.030273616314,393.317197322845,0.603221654891968,15.2668616473675,3.10196840763092,790.5336561203,82.8289441466331,505.739001452923,43.1592364311218,5438.85267901421,21.2884773015976,18.4716103971004,119.229940414429,2022.20317414403,124.850988775492,0.641221821308136,9.42976719141006,7.45326489210129,3.57571214437485,86.1334367990494,198.830077588558
163.535550475121,2.90701550245285,231.257969498634,6081.66805660725,396.675696253777,23716.2424561083,24659.6792964041,17582.1186506748,1814.05726090074,0,891.052810579538,4926.15881896019,99.5127288401127,9326.045576334,1260.53941071033,2.82013130187988,89.0930189788342,479.673530250788,108.629958242178,7116.21215873957,42.1042466163635,4.76628282666206,339.106975227594,1193.80341726542,300.693329304457,761.314685165882,142.950317516923,11674.5434390306,1487.33980381489,113.057044506073,13.001523822546,403.40025806427,10.2327129244804,1223.74882304668,2264.22077748179,5269.50598871708,61.1631288230419,2057.00000062585,497.109763860703,2406.23159351945,1229.70483762026,127.505112886429,222.228550493717,6.27173092961311,42.304473221302,12.6401090025902,807.235618650913,15.3065579235554,7.45937553048134,0,0.952707409858704,0.357879132032394,1514.36892655492,13.5213657021523,77.2354008257389,147.576759696007,69.8449928760529,799.659035801888,818.270742833614,4.37996846437454,613.902313113213,4.02202349901199,2.59359657764435,349.251406937838,1.77206599712372,0,0.678646206855774,0,1249.73119720817,0,10.6450453400612,1.09508144855499,1170.76363202929,0.426135897636414,0,3.09545075893402,1437.39407363534,4.01199525594711,0,0.450938731431961,0,0,15.390608638525,118.698686510324
34.1809604763985,575.974593311548,38.2992675304413,19.8099351227283,5.54341894388199,311.885235667229,405.42395401001,1520.25817513466,673.702881723642,891.052810579538,0,742.557686150074,8782.94335994124,2914.50871291757,16.8161579072475,4.4066496193409,232.764353275299,14909.1838243604,756.727101564407,122.785229891539,48.5446085035801,482.645560950041,111.227755725384,420.272806376219,1368.0651614368,7523.61822584271,1246.03306490183,225.609363585711,1610.35243427753,139.441138446331,1351.54485166073,677.506199240685,12.6726800203323,15142.4283470213,65.8828643262386,1184.03742671013,3262.01044937968,6740.80142459273,584.173228144646,170.417223125696,53.2081026136875,2851.91238877177,11.6514510810375,939.718850463629,94.9795907139778,10.7831434011459,10.2182467579842,0,1058.00829011202,0,67.4950646162033,0,0,0,0,0,3.24275723099709,25.522555321455,0,1232.05337652564,6.2953953742981,4403.8870228529,3.17417395114899,4.49639981985092,3.01382285356522,0.576864004135132,1.04202580451965,0,0.61862987279892,0,28.4323770701885,0.836441546678543,15.0546740889549,267.814070343971,448.227977097034,1199.99744746089,2.5834333896637,19.3025334477425,0,590.928624689579,16.284723341465,0,126.02683904767,25.5171900987625
28.60336124897,19.8318786621094,22.2821863293648,3474.69171264768,646.637530446053,10823.7977883369,157.984953850508,5631.20223090053,4383.26607006788,4926.15881896019,742.557686150074,0,98.3942717313766,2501.48054438829,3385.06926876307,0.629294276237488,49.6767752170563,482.909085720778,94.8113657832146,19141.7542743981,17.3989239931107,16.8257158994675,43.5646864175797,2588.09838411212,341.182559072971,720.122540980577,151.894115954638,864.381518185139,512.919975489378,33.8566813468933,14.7356121242046,268.35038548708,0,603.707215219736,6974.79710295796,2548.99658071995,36.6534672379494,884.646164447069,257.214835435152,5111.88274520636,566.817350178957,98.8698125481606,204.298845976591,4.09870776534081,26.0987052619457,17.86919054389,1301.18665277958,29.5246367454529,11.4478670060635,0,0,0,629.563046008348,23.4812992811203,94.2012766301632,38.6676771640778,58.7637415528297,297.621720314026,365.605543196201,8.88998958468437,1571.60115772486,3.77248704433441,14.6986917853355,610.950343310833,0,0,2.97510838508606,0,549.94289085269,0,3.32490363717079,0,306.785109043121,1.44934862852097,4.227169662714,1.31322246789932,382.695404261351,16.9390092790127,0,0.585788667201996,4.27312943339348,0,11.5474644005299,799.442686080933
3.41803759336472,1463.50319394469,0,0.446124941110611,2.16327464580536,36.3732794821262,47.1836804151535,174.133262038231,1329.44810983539,99.5127288401127,8782.94335994124,98.3942717313766,0,186.25080370903,16.4284655451775,11.6694086194038,0,36.2248014211655,0.327143907546997,11.5731154680252,5.18582379817963,1143.01326864958,7.45154094696045,746.984393119812,8975.03374928236,305.779844760895,6042.58171489835,32.1425931155682,75.2172425091267,16.0948226153851,2282.6491869688,54.9085952043533,0.891832768917084,2066.78951972723,9.49497085809708,175.42472538352,1675.63826698065,2625.97619372606,19.2240231335163,37.8947567045689,8.79947873950005,5196.42400032282,3.69558787345886,2470.55968284607,172.349261194468,13.8575098514557,10.829470038414,0,2875.34318494797,0,169.568071603775,0,0,0,0,0,9.96027690172195,83.3264199495316,1.31504929065704,4190.83659821749,1.88181620836258,14300.9250638783,2.05425322055817,0.919261813163757,3.20590761303902,0,0,0,1.40441989898682,0,89.3254394829273,0,28.4810892641544,1859.40378698707,520.370118469,2248.88267236948,2.65853691101074,57.0711563229561,0,1104.69113332033,52.7956404387951,0,370.733529210091,0
12089.0329585075,28.5361166298389,2026.03156667948,139.598986566067,24.0397781431675,750.963082939386,33734.6131397188,29087.2088397145,241.7326182127,9326.045576334,2914.50871291757,2501.48054438829,186.25080370903,0,85.4789164066315,7.29058730602264,3162.26443046331,1849.0586040616,907.999053537846,378.259408295155,793.636129587889,14.1644316315651,4392.07848677039,1060.02112087607,224.010031729937,3958.64993590117,1088.05058152974,3039.11550816894,24997.8567229211,11193.633381635,62.0971291959286,466.318814456463,118.258337914944,2538.27435094118,225.14427447319,2048.66793364286,93.4193640649319,838.860784977674,303.271024495363,302.248252242804,251.814756214619,137.777433276176,63.0941507518291,8.38068267703056,10.8510681390762,2.52473053336143,117.0513048172,6.27927672863007,17.3842855393887,0,1.89623987674713,1.40623545646667,30.1138535141945,0,0,30.1535368561745,0.402469575405121,60.4739843606949,17.404957652092,11.9357942342758,37.6689312458038,20.81649518013,0,20.9633874297142,9.38759809732437,0.647819995880127,0,0,45.9683263003826,0,3.36024731397629,2.73486658930779,410.53324893117,3.04278409481049,9.390968978405,71.3669587373734,177.505369782448,0.965564787387848,0,4.12241116166115,0,0.939510583877563,6.70913743972778,27.7485484480858
5.63800591230392,40.1020023226738,47.4996516108513,353.192126125097,3548.26918143034,4685.08269643784,503.828960746527,609.377559125423,2572.64156681299,1260.53941071033,16.8161579072475,3385.06926876307,16.4284655451775,85.4789164066315,0,97.7684955894947,42.4379843771458,17.8905247449875,4.52998572587967,199.426861584187,879.468556910753,55.1139798164368,858.466633349657,1641.62891915441,92.6023885011673,56.1984413862228,223.218367010355,1679.64771556854,35.1897505521774,172.210908412933,1.3780415058136,205.876181185246,8.96593764424324,43.431520819664,3469.52854084969,477.603382706642,99.8408224582672,51.3746707737446,158.720992833376,7448.08576849103,538.145908117294,17.8657567501068,191.000283628702,24.9492002725601,35.0206796526909,88.602300465107,438.958955168724,14.0033715963364,3.88134762644768,0,1.60368025302887,3.15488594770432,152.523081958294,4.91510277986526,30.6430478692055,24.7294740974903,15.4495199620724,92.2556889057159,100.707610487938,0.577721953392029,193.572986274958,0,5.55547553300858,156.090679496527,68.0540257096291,0,2.45169913768768,0,107.152859717607,21.4741007685661,19.1141121387482,52.5097522735596,413.184600681067,0,4.36795279383659,37.1876542568207,306.547041803598,4.7178827226162,0,0,0.575958013534546,0,3.62554687261581,2027.91887098551
1.00100290775299,101.558791011572,93.8912827968597,0,50.8462781608105,3.33003216981888,5.37831678986549,5.03233894705772,85.4720371961594,2.82013130187988,4.4066496193409,0.629294276237488,11.6694086194038,7.29058730602264,97.7684955894947,0,38.7952210307121,9.59092319011688,9.84202685952187,0,12898.3619132936,11655.1691389382,9719.686511904,4523.98632749915,21.6338791847229,79.8390097916126,6483.23751705885,2818.84045496583,4.65435788035393,13.5161054730415,0,4.30717718601227,0.417505085468292,114.364371836185,1362.5349765718,7521.43861523271,913.538902878761,873.223865509033,1639.8971259594,54.0153132081032,53.1218901872635,16.7563039958477,958.116473019123,212.920774191618,149.162444770336,242.830474615097,38.4999004006386,5.84693688154221,0,0,12.3161830306053,5.72006887197495,0.584110081195831,0,0,12.2817113101482,2.07690858840942,11.2245616316795,4.00146931409836,3.47564178705215,1.47729301452637,0,3.49024057388306,22.493734896183,11236.2410549819,4.15437591075897,0,0.325522482395172,1.75854909420013,1013.94628602266,2947.74864634871,4534.2171125114,1520.68801492453,0.486628234386444,1.95583018660545,2504.62375018001,1335.69502449036,0.908025771379471,0,0,0.591358542442322,0,24.3014773726463,278.423604041338
1244.74852618575,62.3137958943844,20624.870413959,3.97231939435005,17.3150341510773,87.039992660284,818.833041459322,3029.20762214065,15.0509031116962,89.0930189788342,232.764353275299,49.6767752170563,0,3162.26443046331,42.4379843771458,38.7952210307121,0,2179.5676663816,14315.945988059,13.2923325002193,3863.65970444679,22.6164199113846,21366.4818360806,85.2141647338867,6.47050017118454,29346.6983502507,19183.3266071379,671.425558894873,5989.84439402819,5818.73861414194,0,18.4939456880093,550.008938342333,8719.17286717892,169.152182132006,669.66410985589,126.648832112551,1521.04917547107,716.352358490229,66.5784341692924,74.5541620850563,3.76768982410431,28.9101279377937,4.99968928098679,16.1024742126465,10.9007355570793,0,0,0,0,63.6107085049152,141.763409227133,0,0,0,0,0,3.18587964773178,0,0,1.41637846827507,0,0,0.720208942890167,18.000861376524,11.0580878257751,0,0,0,0,24.3271242976189,17.8361777663231,4.69939303398132,0,52.563664406538,1844.64222759008,0.662430882453918,0,0,0,0,0,4.87574928998947,11.0981311798096
39.3765956163406,18.5944826304913,140.200450748205,7.03919711709023,0.861002862453461,130.799826174974,300.067814230919,701.437762230635,21.0657086372375,479.673530250788,14909.1838243604,482.909085720778,36.2248014211655,1849.0586040616,17.8905247449875,9.59092319011688,2179.5676663816,0,7319.98478373885,59.3222686052322,117.704992562532,3.09311038255692,259.880557924509,81.6249500513077,24.6804118156433,12907.4359660745,912.455141812563,173.698425024748,1312.96457153559,158.864504724741,71.0747712552547,281.186081528664,33.2523469924927,6139.21260425448,244.089418679476,2951.65621066093,1829.3065739274,6344.53992950916,2817.34253451228,66.7078823149204,35.4778074026108,19.5623705685139,17.3580001592636,8.10549736022949,6.59015318751335,29.632975757122,2.56619554758072,1.08153665065765,2.00094795227051,0,11.0324784517288,1.70084142684937,0,0,0,0,0,1.66752192378044,0,7.27658995985985,4.80397272109985,23.2496703863144,0,8.16593992710114,2.85019648075104,1.09793722629547,0,0,0,0,1.84786936640739,1.54038804769516,0,7.11259633302689,56.0357739627361,280.348520129919,0,0,0,13.5569685101509,0,0,1.4609622657299,135.170925498009
184.290516555309,10.8181936442852,645.883070021868,3.423972427845,4.79685008525848,23.667500346899,132.330339968204,520.558270722628,5.40689659118652,108.629958242178,756.727101564407,94.8113657832146,0.327143907546997,907.999053537846,4.52998572587967,9.84202685952187,14315.945988059,7319.98478373885,0,19.3772166371346,231.503721579909,4.56045070290565,813.426821351051,27.8511540293694,2.47576284408569,31618.5378960073,1425.13413366675,84.1246546804905,1288.32546678185,478.603842556477,0,24.5287511348724,84.5238973200321,4004.18998029828,57.9734587669373,721.373241573572,196.393393486738,1191.09997388721,665.436374753714,26.4602606892586,20.8994687795639,5.65717232227325,4.91527777910233,0.677009999752045,0,9.60228848457336,0,0.57207316160202,0,0,6.96676063537598,2.20515984296799,0,0,0,0,0,1.20871829986572,0,0,0,0,0,1.6559032201767,0,1.21494781970978,0,0.407870411872864,0,0,0,0,0,0,9.34764420986176,136.994949549437,0,0,0,0,0,0,0,34.2844320833683
9.14247435331345,1.37691652774811,12.8637979924679,17515.4875885248,32.8940774202347,317.22739392519,89.8534659445286,705.722899466753,1654.98259356618,7116.21215873957,122.785229891539,19141.7542743981,11.5731154680252,378.259408295155,199.426861584187,0,13.2923325002193,59.3222686052322,19.3772166371346,0,4.86314591765404,3.53986200690269,17.7132696509361,1082.77142244577,109.287051320076,101.16483399272,28.0940178930759,2259.89884594083,167.98091673851,8.71280816197395,2.36114570498466,46.7389201521873,1.24954232573509,121.676943957806,146.01851695776,762.594530284405,12.4630645811558,197.132298469543,51.6226358413696,338.718911647797,135.012548565865,17.5969668328762,152.967066943645,1.39406061172485,36.3262830078602,9.35602495074272,781.05022418499,22.2078156769276,3.40970492362976,0.934095561504364,1.93387243151665,0,1591.86028751731,13.9519519507885,111.866771757603,89.3036518096924,71.1923862397671,496.048231482506,785.1134121418,6.99573189020157,664.865810215473,0,18.9340865015984,421.66809874773,0,0,0,0,1180.50738152862,0,2.38513749837875,0,758.288761019707,0,0.382636159658432,2.04475176334381,1080.62948474288,16.0563410520554,0.587303817272186,0,1.04004395008087,0,17.3333489894867,14.4176199436188
182.185206055641,22.9629970490932,2259.38905671239,1.98618531227112,351.645127415657,85.8440288305283,2693.09240412712,864.477830559015,55.0190899670124,42.1042466163635,48.5446085035801,17.3989239931107,5.18582379817963,793.636129587889,879.468556910753,12898.3619132936,3863.65970444679,117.704992562532,231.503721579909,4.86314591765404,0,990.201568067074,69003.3898773193,1864.8060837388,39.091365814209,1319.8640819788,2388.41207000613,8647.02474072576,898.75689893961,22379.9012746513,4.93109548091888,67.1754054427147,308.260463416576,11437.5937520564,6098.20476841927,13532.1066783369,747.726068764925,11691.8515016735,7210.76636490226,405.260416835546,511.196574836969,36.0465135872364,366.598144233227,28.6779344975948,19.8457445800304,107.240741789341,39.6231393814087,8.50086259841919,0,0,5.87565484642982,6.43609368801117,0.561295449733734,2.45584177970886,0.787574291229248,4.26414129137993,0,14.99022346735,0,1.05604541301727,0,0,0,46.3377861976624,2201.43370106816,0,0,0,1.62813693284988,598.97374266386,829.166249811649,476.530465096235,1087.40996572375,0,0,356.549246817827,1070.42931592464,2.00119405984879,0,0,0,0,13.0966683626175,572.304758399725
0.94189727306366,3636.69219371676,60.9136672616005,13.2093013525009,9.50987416505814,6.54484692215919,13.242268383503,18.8724637329578,5504.24105316401,4.76628282666206,482.645560950041,16.8257158994675,1143.01326864958,14.1644316315651,55.1139798164368,11655.1691389382,22.6164199113846,3.09311038255692,4.56045070290565,3.53986200690269,990.201568067074,0,1683.32705408335,19971.3077793717,1397.21577590704,43.0496980249882,18688.8475661278,1357.3796313405,7.14681974053383,0.555069744586945,17.0158115327358,2.58102744817734,1.90752318501472,177.36184668541,143.350383460522,923.511305421591,128.394127845764,312.80814871192,245.503041833639,37.8408175706863,9.39764153957367,523.339519202709,524.7161860466,95.7546902894974,111.657234042883,135.489299535751,40.0049532949924,6.51558697223663,36.5598514676094,1.04143989086151,66.3939892947674,16.6787940561771,11.257033675909,0,2.29882627725601,16.7884696424007,2.63288158178329,131.645978033543,7.86921039223671,20.427445858717,1.1878228187561,66.5632061958313,3.58328419923782,16.3642075061798,3438.70964249969,14.0684049129486,3.15960755944252,2.16542413830757,3.46449565887451,262.934735834599,3539.12219882011,1070.05537360907,1270.34234517813,13.3931268751621,21.1975293457508,3586.40113589168,598.983823627234,8.62952029705048,2.89160412549973,3.7340182363987,0,0.697365045547485,27.3498927056789,81.1155317127705
1132.06086874008,20.1608715653419,46255.9534873962,48.2860187590122,516.429819434881,274.594949364662,8463.2590661943,4790.81757903099,41.6428993344307,339.106975227594,111.227755725384,43.5646864175797,7.45154094696045,4392.07848677039,858.466633349657,9719.686511904,21366.4818360806,259.880557924509,813.426821351051,17.7132696509361,69003.3898773193,1683.32705408335,0,1631.78335672617,56.943185955286,9099.13221219182,25905.0724146962,10176.4755484462,2578.42793697119,10318.9371950328,3.3638408780098,67.0619978308678,283.397211879492,16333.2980817258,11071.3955775201,39299.4492926002,3421.6546022296,22799.1366705596,23961.9822938144,461.229060977697,598.152657985687,74.8250662088394,997.126152276993,199.639295130968,253.564768195152,684.470068156719,75.188149780035,21.4452486336231,1.31107747554779,0,20.7981684803963,109.435155183077,0,1.36257737874985,2.05418920516968,58.8356214165688,7.98609086871147,3.85533779859543,3.90531656146049,7.46151658892632,3.91431820392609,0,6.05311530828476,89.7113937139511,7415.14566612244,22.1735455691814,0,2.7340002655983,0,461.833863407373,1350.05727007985,4500.01238593459,721.529985874891,1.22051060199738,14.0547434687614,7110.10694769025,593.691408336163,0.792299062013626,1.89306846261024,0,0,0,34.3644208312035,1879.55127811432
77.6808190047741,3120.8082947731,307.723648369312,8145.81059777737,216.635450214148,316.908382177353,5689.52944904566,939.769345551729,35241.3187328279,1193.80341726542,420.272806376219,2588.09838411212,746.984393119812,1060.02112087607,1641.62891915441,4523.98632749915,85.2141647338867,81.6249500513077,27.8511540293694,1082.77142244577,1864.8060837388,19971.3077793717,1631.78335672617,0,1630.24360316992,298.193876892328,7712.39899781346,18617.0077584684,2306.19753184915,210.719905227423,5.7345469892025,90.5621406137943,414.459394186735,782.158035814762,2850.66316363215,8006.58711278439,416.81868109107,1543.11215355992,856.118293046951,1170.49726197124,630.714537829161,344.960744291544,6188.60614460707,90.7048710882664,1613.4923364222,750.732144892216,2625.29623278975,358.176605284214,25.8395849168301,17.5496301352978,60.5645419955254,4.66965574026108,2325.58916711807,23.7236669957638,283.230809360743,1099.73474898934,584.522820085287,3131.2637232542,1903.43826216459,35.1117705702782,575.552752256393,32.547571927309,311.814013659954,658.055964380503,3699.99932801723,0,0,0,1559.9258286953,533.414724081755,2162.17874932289,637.850111335516,25030.2408426106,13.774849832058,2.98162665963173,917.540578454733,13218.0044746995,805.119405508041,7.84287059307098,1.1346024274826,52.2733017802238,27.8921237289906,618.177320629358,872.186379879713
2.15088963508606,7246.45558655262,17.0005266666412,65.7335408627987,58.342135488987,390.093966960907,179.537789434195,484.192634135485,1742.38212841749,300.693329304457,1368.0651614368,341.182559072971,8975.03374928236,224.010031729937,92.6023885011673,21.6338791847229,6.47050017118454,24.6804118156433,2.47576284408569,109.287051320076,39.091365814209,1397.21577590704,56.943185955286,1630.24360316992,0,353.409322977066,14628.2490472198,378.735557466745,78.0066131651402,23.0396267473698,259.874872267246,170.218506634235,4.19723409414291,748.155746281147,54.1859148740768,1722.00923812389,479.247367858887,3926.30409777164,646.765988767147,3745.07578924298,816.762884616852,5719.73251906037,304.37962025404,263.869539618492,384.307995349169,96.8030822873116,1335.13615339994,114.990853130817,605.282519757748,0,288.890449404716,2.59245833754539,81.9103860855103,4.74055248498917,52.5064127445221,44.1022281050682,141.70075532794,49.8736372888088,180.688777267933,490.707668274641,36.1536241173744,1719.01202502847,36.042553126812,39.7736141681671,58.4839190840721,13.5146417617798,6.20682939887047,2.67359507083893,117.526749283075,8.33660918474197,34.6802845597267,15.7039919495583,351.618428498507,814.272010564804,473.523788154125,4377.63777962327,400.645150899887,38.285284280777,4.22304391860962,188.856928646564,44.0837641954422,0,139.822876542807,42.142198741436
565.853577911854,525.981572002172,26136.9507446587,8.24911245703697,14.9256990551949,190.17563354969,1008.69583177567,2078.82165229321,91.4748192727566,761.314685165882,7523.61822584271,720.122540980577,305.779844760895,3958.64993590117,56.1984413862228,79.8390097916126,29346.6983502507,12907.4359660745,31618.5378960073,101.16483399272,1319.8640819788,43.0496980249882,9099.13221219182,298.193876892328,353.409322977066,0,30863.5083024055,756.978202790022,3699.38843354583,1263.09571188688,497.897493988276,282.063380032778,277.432550579309,13810.4034658968,1312.80439174175,17206.4627965987,10996.3438703418,17046.2907241285,13271.8008683622,130.174494773149,147.073328912258,134.702415406704,510.081392496824,467.368948966265,469.485074609518,411.619166254997,20.6158841252327,4.04225945472717,50.5516243577003,0,502.674349009991,634.039086997509,0,1.25466227531433,0,2.86264318227768,0,40.4441158771515,0,260.128116935492,6.32430332899094,1477.96889311075,0.377151548862457,30.2482579946518,23.5600074231625,226.957695156336,15.2927434146404,94.1109561622143,0,1.89168965816498,61.2075362205505,24.2068230211735,41.1706464886665,424.867950260639,4495.04724702239,22480.3887132704,2.14566972851753,6.69633162021637,9.53865557909012,1008.4061216712,2.35284101963043,0,140.198777019978,646.972094595432
176.644572496414,28075.7128360868,16472.7427128255,15.4367172420025,69.5869792401791,53.0930909514427,419.945883601904,616.126393705606,4067.80549110472,142.950317516923,1246.03306490183,151.894115954638,6042.58171489835,1088.05058152974,223.218367010355,6483.23751705885,19183.3266071379,912.455141812563,1425.13413366675,28.0940178930759,2388.41207000613,18688.8475661278,25905.0724146962,7712.39899781346,14628.2490472198,30863.5083024055,0,2571.93679377437,1130.56875926256,574.719766944647,609.790532112122,54.9674758911133,157.019638627768,9280.51054306328,4963.77135002613,44198.2251688689,10944.7708449215,22802.8279765993,25601.0719082654,141.970746994019,235.996104568243,277.38489612937,3988.15034714341,1614.69605973363,2505.58893287182,2584.95884186029,134.092607825994,29.5103659033775,224.56659629941,2.58595758676529,6849.38393005729,3317.71243573725,3.39355808496475,1.07784497737885,1.53018188476562,199.877531886101,23.6572868525982,327.739184468985,11.5187509059906,1012.99593037367,6.03161954879761,6244.2482971698,35.1205327212811,78.6416632831097,4353.18671730161,1403.44488370419,69.018221527338,504.543446660042,3.8664984703064,333.476967185736,4810.13232415915,6115.54168629646,1015.52479827404,2198.70851528645,16634.9669880569,161869.74469313,526.11884650588,14.7766033709049,40.5153413414955,2141.83272480965,9.12873688340187,0.736756026744843,847.114953458309,1849.3771071732
309.485581964254,100.554777801037,2954.85065387189,6138.3285330832,427.168203979731,733.385340481997,50953.3393444717,3216.89987248182,6051.35220995545,11674.5434390306,225.609363585711,864.381518185139,32.1425931155682,3039.11550816894,1679.64771556854,2818.84045496583,671.425558894873,173.698425024748,84.1246546804905,2259.89884594083,8647.02474072576,1357.3796313405,10176.4755484462,18617.0077584684,378.735557466745,756.978202790022,2571.93679377437,0,7180.68913400173,45366.8351765573,3.35723611712456,247.820247501135,2287.34529131651,3463.02344983816,7057.9633128643,15038.7389125228,648.246722042561,5492.67886459827,3006.60911291838,1648.7984996736,1479.00685441494,131.597307175398,3237.54906016588,42.061914563179,754.21372666955,385.308271855116,2055.23721411824,184.674387395382,8.34331959486008,4.27605903148651,15.8379819393158,7.88175240159035,2307.93827879429,22.5296702980995,177.660148262978,638.511315256357,227.308017283678,1602.88246294856,1560.18488028646,16.4679554998875,587.448683559895,0,74.8665084838867,584.642001211643,1705.21074834466,0,0,0,1677.31308552623,364.681400388479,938.056260406971,375.569344460964,10610.0671962798,0,0,662.761173307896,7296.17459642887,316.697023957968,0,0,3.26411074399948,5.05279657244682,240.59553989768,569.675639361143
9334.34211242199,14.2099648714066,1195.09654557705,86.9435061216354,9.71142646670341,266.004562541842,8139.01616510749,5855.60114459693,367.455776691437,1487.33980381489,1610.35243427753,512.919975489378,75.2172425091267,24997.8567229211,35.1897505521774,4.65435788035393,5989.84439402819,1312.96457153559,1288.32546678185,167.98091673851,898.75689893961,7.14681974053383,2578.42793697119,2306.19753184915,78.0066131651402,3699.38843354583,1130.56875926256,7180.68913400173,0,23099.6037518382,29.8445390462875,437.437114447355,3808.44439077377,6260.14714825153,105.055207639933,543.863165199757,41.0160817801952,1156.13090613484,217.204575926065,111.970790922642,97.3457911610603,28.0928353667259,132.147733569145,4.56443813443184,48.3411836922169,11.9844346642494,127.620747327805,4.02536714076996,4.89338779449463,0,1.79261541366577,0,38.1112443506718,0,2.35504603385925,52.5137493312359,6.67937886714935,52.5934000909328,28.1128639876842,1.48206970095634,18.2079813480377,10.2387216091156,1.65688505768776,11.0375432372093,13.2019558548927,0,0,0,40.2217057943344,0.427844434976578,3.14003965258598,3.97308805584908,717.71646168828,1.57516497373581,2.00908273458481,66.6547410488129,367.099913537502,8.856276512146,0,2.60887742042542,0,1.02645933628082,20.1948292851448,14.1521534919739
7309.8662238121,2.05003026127815,772.313861191273,2.91514828801155,58.8564908206463,199.152570039034,20590.0846568346,8637.40959966183,13.6972653269768,113.057044506073,139.441138446331,33.8566813468933,16.0948226153851,11193.633381635,172.210908412933,13.5161054730415,5818.73861414194,158.864504724741,478.603842556477,8.71280816197395,22379.9012746513,0.555069744586945,10318.9371950328,210.719905227423,23.0396267473698,1263.09571188688,574.719766944647,45366.8351765573,23099.6037518382,0,1.68886098265648,38.5993393957615,2569.34952399135,8892.96648409963,724.230125367641,713.653470605612,23.8631531596184,3065.67219525576,867.745093524456,176.30648702383,238.201012045145,17.0242178738117,11.9170054495335,2.2117714881897,1.15554451942444,12.9146525859833,5.1266074180603,1.8470299243927,0.346616059541702,0,0.895115315914154,2.02305743098259,0,0,0,1.48327285051346,0,2.74171030521393,0,0,1.32343685626984,0,0,11.8785791397095,5.21468767523766,0,0,0,0,2.2835365831852,4.97428089380264,4.40586274862289,19.6781534254551,0,0.652012646198273,29.7470296025276,8.64389154314995,0,0,0,0,0,0,62.9680859148502
1.56024503707886,30.6604249179363,0.37908861041069,0,0.552751541137695,13.3918280899525,10.0343051254749,48.9592303335667,13.2985121309757,13.001523822546,1351.54485166073,14.7356121242046,2282.6491869688,62.0971291959286,1.3780415058136,0,0,71.0747712552547,0,2.36114570498466,4.93109548091888,17.0158115327358,3.3638408780098,5.7345469892025,259.874872267246,497.897493988276,609.790532112122,3.35723611712456,29.8445390462875,1.68886098265648,0,14.7189377248287,0,278.591449320316,2.25328838825226,87.1430990695953,773.529286265373,577.184262722731,32.2268859148026,8.44331362843513,1.61672580242157,133.77012142539,4.81464636325836,297.038205802441,54.0758250057697,6.40964859724045,0,0,88.4469156861305,0,22.1128668487072,0,0,0,0,0,0.458325892686844,21.2075696587563,0,447.84266063571,0.495312124490738,2349.00248631835,0,0,0,0,0,0,0,0,16.838724642992,0,2.30481207370758,170.993456840515,461.760173588991,1541.64902427793,0,0.693554580211639,0,560.998218119144,1.09316301345825,0,33.0905296206474,2.06795752048492
6.5145451426506,6.4213593006134,14.1250922083855,13.2439440488815,2497.01936334372,1040.91316989064,170.125982761383,773.517098009586,38.5998989343643,403.40025806427,677.506199240685,268.35038548708,54.9085952043533,466.318814456463,205.876181185246,4.30717718601227,18.4939456880093,281.186081528664,24.5287511348724,46.7389201521873,67.1754054427147,2.58102744817734,67.0619978308678,90.5621406137943,170.218506634235,282.063380032778,54.9674758911133,247.820247501135,437.437114447355,38.5993393957615,14.7189377248287,0,4.63931047916412,11518.7046683729,160.814462602139,1240.91727435589,23.4525266885757,355.041840702295,233.658060967922,529.875409960747,6658.21549770236,67.2966310679913,30.6081757843494,2.26826643943787,0,3.05301809310913,13.1318807303905,2.05603301525116,1.66343867778778,0,0,0,1.38780546188354,0,0.750540256500244,0,0,2.91062384843826,0,2.67575323581696,6.08008688688278,8.66118198633194,0,5.87292763590813,2.72029423713684,0,0,0,5.05848824977875,0,1.9031879901886,0.405979126691818,19.7432416379452,0,0,4.99682655930519,2.46844756603241,0,0,0,0,0,0,19.0302968025208
