0,0.00013033236052692,0.000616574266780853,0.00144638980868047,0.0444094230053761,0.225189569201822,2.53101783200322,1.09219193534997,0.0210716384875143,0.0157332336150558,0.0029522199867363,0.0138034769016053,0.0107782183552273,1.95174901161804,0.0149169392725203,0.000676215721323371,0.00162708847844207,0.000326059673505723,0.00273337321051088,0.00344560441550976,0.0172640493302521,0.0041725545219883,0.00550610822934759,0.0789511508098824,0.000306234683059335,0.00012034861073795,0.0011821338343482,0.0498132279194119,0.589578107207441,1.21414435355233,9.85534986534715e-05,0.0230236027229488,0.0073138108176822,0.0424255049259577,0.0232913169963116,0.110545046029266,0.00352905730104137,0.0514186795289501,0.0195875176149405,0.0699054858998101,0.0133653695664856,0.000585224594613373,0.012272545298103,0.000217464550741047,0.0013820286537672,0.000715509906279862,0.00445270830353501,0.000808766293233097,0.000635960025525868,0.000762504002409309,0,8.68940198352933e-05,0.00101417246834862,3.26857957638502e-05,0.00149433189915236,0.00444095994896984,0.0151949332518073,0.00358664698312155,0.000814023134760439,0,0.00109293601112923,0,0.00566347687075198,0.000501856030504525,0.000511637424548209,0,0,0,0.000318651828387081,0.000345225554109127,0.000249248328014553,0.000660916836700618,0.0260583282753366,0,0,0.000696045988245636,0.0148716826255403,0.00127651845038572,0.00415984217674064,0,0,0.000148120549531937,0.00408351794637331,0.00647900057870588
0.00013033236052692,0,0.461583003909107,0.000233329850912691,0.000115613888250589,0.000513659162996471,0.00120081760719996,0.00193782961594394,0.00610980116058495,0,0.0107425870085334,0.000144715297989309,0.0995468173105499,0.0047357211004448,0.000204469646633506,0.109125313518328,0.160907996073414,0.00642518685381082,0.0435917462534119,0.000276004720630646,0.0245699512794601,0.389003744818174,0.153205790062655,0.0379557827502914,0.638210212185573,0.325660463730805,4.71911963229957,0.0218700612734073,0.00487851373101514,0.005857399628981,0.00121150182704502,0.000408762400179684,0.000176975698749661,0.0619843706535216,0.000833864632503212,0.0669104016693082,0.102261795210318,0.0323729774627619,0.0269397187358013,0.00144520510188797,0.000467768429409086,0.00205574899714052,0.0187938080675236,0.0180958731826672,0.00390391592178101,0.00850095923212176,0,0.000370754776053906,0.000852637373074114,7.02850295133591e-05,0.161240413644873,0.090195067727389,0,0,0,0.000148885039011926,8.09108300160765e-05,0.00203882823828754,0,0.00649065355475294,0,0.003107033894095,0.000174702358583391,0.000240303880467236,0.0109567594879691,0.0465443272035564,0.00728954179803338,0.0403042577665895,0,0.00346993473629472,0.0184932096451431,0.0236730079345662,0.000509921953334331,0.0054654351230911,0.1517301666445,0.664307622861274,0.000292639320084691,0.000162573951280951,0.00103788330565849,8.3634758740127e-05,0,0,0.0150199695901481,0.00513976847720748
0.000616574266780853,0.461583003909107,0,0,0.000289197112772673,0.00032060505780834,0.00055287094091332,0.00115583913166812,0.000631444319367081,0,0.17425353545473,9.30601933414937e-05,0.0461848073560983,0.0102083064989664,0.000259979780664325,0.0018179393807385,3.14932504939731,0.0405697147710664,0.263359207638613,0,0.104480095462058,0.121509698345087,2.2367263856253,5.61135087554753e-05,0.00398745887869746,1.55092919104447,5.56121459978339,0.000971677932157397,0.00814915710436854,0.0404364728513746,0.00375065852030388,0.00278820285287878,0.000929071285330892,0.565451218119208,0.00546635388732413,0.558762138536745,0.427739240389885,0.460195475886679,0.354764446414055,0.00156486454151786,0.00267206887919446,0.00161731108348339,0.0535200498528345,0.0649898894335656,0.0186047961448093,0.0376474530303926,0.000526022126513183,0.000752171395471245,0.000767780621353656,0,0.0295585027026689,0.322188806673075,0,0.000516621926342607,0,0.000589052671049073,0.000152293053125203,0.00338390224336245,0,0.00793375382647151,5.91103869537116e-05,0.000777219647393853,0.00218707725587061,0.00380390101303488,0.0192610224363083,0.152807912136331,0.00151053910406041,0.0232791336663114,0,0.0152229824491407,0.0371716600588051,0.389466776912178,0.00107564822892582,0.00092522382832095,0.115162316859761,1.49263319782556,0.00128291663894996,0.000444323561909706,0.000762549113041997,0.000208798891195775,0,0,0.0444269222247223,0.0685745776655311
0.00144638980868047,0.000233329850912691,0,0,0.00179479535752347,0.0265234693603968,0.610421829453791,0.0545061169731536,0.314565364736491,1.75891030084441,0,0.307354001129648,0.000286279521373987,0.0432010376100955,0.142496413200101,0,0,0,0.000100946055154622,2.50458912456606,0,0.00517145664773571,8.16685510276556e-05,0.483659875261288,0.000288166176589608,0,0,3.1934362352271,0.00149666944949958,0.00243284096038359,0,0.000427905311592102,0,0.000295126151438237,0.000278695886833727,0.0176392474303887,0,0.000936774408716083,0.000275787237171113,0.0462913875497597,0.000865432251397312,0,0.0110414283951045,0,0.00095461362182191,4.82156224363148e-05,0.140771842364641,0.000505723861047208,0,0.000286220298126996,0,0,0.113533741683996,0.00100426003784656,0.0320279849660619,0.0178229733359684,0.067561103432656,0.0387306650653461,0.0472170872283202,0,0.0421333184971407,0,0.0109120810749584,0.0403168785109896,0.000126645418750197,0,0,0,0.0366899651701149,0,0.000130154057200075,0,0.168871398523434,0,0,0,0.175800787831704,0.00182647428996095,0.000715694484150648,0,0,0,0.000880316184964299,0
0.0444094230053761,0.000115613888250589,0.000289197112772673,0.00179479535752347,0,0.118491844131854,0.0989167826413975,0.343747456311624,0.0114265497546113,0.0146121350253798,0.00358332311670586,0.0526148426440283,0.019939650283761,0.132415665978936,0.177015982612779,0.000605632088920832,0.000702156968247234,0,0.000664499434378535,0.0029738653749856,0.0048021237065022,0.00644488520202342,0.00250206379340458,0.00909342784562343,0,0.000330617404120862,0.000939088059931755,0.0183056203134645,0.203244156456741,0.04746423180258,0,0.0739860720638239,0.000718446794796586,0.931200434331381,0.0238048668929966,0.0755915358477487,0.00133301104787415,0.0261080500540161,0.0182415659094909,4.10456973366854,1.18499920500675,0.000925790277933598,0.0113013233570152,0.00274408580887144,0.00298165736049229,0.00950303414811855,0.00552117833496916,0.00170781584787858,0.000580083958184838,0.000483142210013181,0.000152110927844882,0.000791148947592259,0.000261227658693194,0.000127581344303727,0.00101220106591329,0.00289105800785815,0.00327532042590105,0.00227447291220913,0.000394422137791395,0.000163897328219652,0.000631333482716292,0,0.00318839261141298,0.00128233251024771,0.000515185369166673,0.000347385921827077,0.00016571490213716,0.000666171525398553,8.39729914035797e-05,0.0013799967949769,0.000342116701530635,0.0031583855485811,0.02142954666965,0,0.000487645312582075,0.00109332781586248,0.010611503157256,0.00037191578128466,0.00363411897331596,0,0.000194600381723643,0,0.00434724513538846,0.0669208908877729
0.225189569201822,0.000513659162996471,0.00032060505780834,0.0265234693603968,0.118491844131854,0,1.15360314059862,2.68218995029344,0.0643825737230432,3.12206630412328,0.00167318647636204,2.10395793439773,0.0126673023030588,0.714760951484037,0.603500515933214,0.00129239712739453,0.00131650426244712,0,0.00118475240046713,0.0375315185476916,0.00825084440730212,0.0251999809650849,0.00455185939629367,0.0872280648742512,0.000362199626147359,0.000211221498742878,0.000516141637595564,0.116462644516771,0.152477595569682,0.173103944426715,0,0.00614833114900976,0.00233668960717871,0.0633722104274487,0.612254011466784,0.0751400441201235,0.00275814299463076,0.0221676423929614,0.0192136320015597,0.717122220864296,0.118966791000607,0.000632698993115365,0.0120912653235247,0.00122126552156085,0.00472939196933404,0.00335136113681057,0.021699247759298,0.00177837736609042,0.00273419882399547,0.00290482318547153,0,0.000244532459816396,0.00361491588827774,0.00031103641917479,0.00698149037561857,0.0204647855229044,0.041817413851101,0.0215854038102079,0.00469984448448527,6.67462889218927e-05,0.00331452567379579,0,0.0108602081904963,0.00437899944069988,0.000692123539875835,0.000138464183099985,7.54712159970403e-05,0,0.000986125187101558,0.00105374214052916,0.00148618482964191,0.00140368314725861,0.159051479234702,0,0.000229546277071625,0.000240293450145006,0.0896980520578934,0.00293397849088574,0.0132811474906757,0,0.000127524873408258,0.000188985104318887,0.0062800382307755,0.106630153245908
2.53101783200322,0.00120081760719996,0.00055287094091332,0.610421829453791,0.0989167826413975,1.15360314059862,0,1.95826655922387,0.471057015092911,2.8725784627186,0.0036617027473256,0.741439651150558,0.0763434797484223,4.06654601468353,0.216900994204112,0.00456720527868122,0.00283631139249027,0.000179925136354268,0.00286153641827705,0.580304974607749,0.290514575378032,0.0594877451831197,0.00878428198877713,2.52007257490225,0.00122168856616515,0.000325981776507437,0.000927903835237414,5.48625985679276,0.970538912932018,1.55050634353987,4.6449420069933e-05,0.0413222378305403,0.103115609561118,0.105722184011473,0.229108540983762,1.12295258671474,0.00898439906058156,0.228779011565803,0.0673340065031803,0.642686008337783,0.142033778536461,0.000656073685870052,0.143366915712206,0.00141300727284188,0.0216925095429104,0.00738157123232334,0.245280023284901,0.0058085583813743,0.00465989918785581,0.0099653959883205,0,0,0.0842489778285667,0.0017559514341127,0.0727384023859207,0.144275587324268,0.492014486926636,0.0865304787988546,0.0678722783414391,0,0.0450478203165218,0,0.144677765724905,0.0492175650725261,0.0036915361974099,4.89320411431789e-05,0,0,0.0198348737694108,0.00525874669961643,0.0041770213977522,0.00213808560315361,0.877660339517986,0,0,0,0.701222974844473,0.0286819046244121,0.0470416705595765,0,0.00120180617147637,0.00150264118027112,0.0234884919610319,0.0542885002732379
1.09219193534997,0.00193782961594394,0.00115583913166812,0.0545061169731536,0.343747456311624,2.68218995029344,1.95826655922387,0,0.159192020828351,0.77475843661784,0.00821482451577651,1.53113563767784,0.0284345224929211,6.92827272358221,0.987445968245761,0.00144391450109574,0.00373923450720226,0.00027508615396741,0.00695916803833702,0.0697331145206754,0.0263289820873765,0.0637255194778796,0.0116079860545809,0.190373523776196,0.00165967230775732,0.00119660054821325,0.00183090729953816,0.278688395409776,1.45125427994809,0.61377256273766,0,0.203111132071604,0.0104757677365271,0.1300121022109,0.0872841038140374,0.131764359127457,0.00643928631269189,0.0634348777859163,0.0410662418402584,1.40453346173216,0.136990843876412,0.00147169147451294,0.0293902843665034,0.000887010990500718,0.0119291033682686,0.00544362748916974,0.0519228674960948,0.00365338258964941,0.00407454415630617,0.00467443782393626,7.52406384295225e-05,0.000131787673207164,0.00760244493831351,0.000241912497083455,0.0222850095086935,0.0632940222317339,0.154576959560452,0.0456260857470039,0.0091073568852341,0.00028688416667676,0.00521615658393094,0,0.0395588986932082,0.00909062799900535,0.000951674069519431,0,0,0,0.00307833370090545,0.00235473689533454,0.002417924857005,0.0014966791815148,0.417241877890663,0,0,9.54507605192661e-05,0.257224837908518,0.00766071884203794,0.0290074551810137,0,0.000209649054429651,0.000362660018254251,0.014363249643284,0.0236349705421237
0.0210716384875143,0.00610980116058495,0.000631444319367081,0.314565364736491,0.0114265497546113,0.0643825737230432,0.471057015092911,0.159192020828351,0,0.109736343591951,0.00178100944530154,0.392750281501316,0.00484787482297096,0.216345992367444,0.2416410193509,0.102141891390486,0.00148548133131787,0.000282101182659239,0.0039210636781007,0.185730879250353,0.124579827136222,0.5064287492747,0.0439394717193571,2.64647538532478,0.0133543991974608,0.00021970906275022,0.0222586300179171,2.07261541757776,0.193146371437063,0.451020251791818,7.27793548933268e-05,0.00345818034222552,0.00804977657858458,0.0187108069082793,0.0132797995094856,0.0703967966531259,0.00199229337269088,0.0208228655328468,0.00677619528241288,0.212911667238353,0.0087275459001511,0.000239754684147239,0.0342237460408663,0.00167359892373172,0.0169981830224904,0.00463476578676117,0.11697470409175,0.00193727714950333,0.00104128550849491,0.00992462373609444,0.00016467548067236,0.00116802528725689,0.100616216519507,0.00510023933067802,0.0433197227820076,0.0990300555422679,0.203142464582451,0.445906288865154,0.0548318247646487,0,0.04078591507955,0,0.0753739363125598,0.0554510539912658,0.139607202803581,0.000702627020835459,0,0.000389147913529128,0.020660629783572,0.0618071243080077,0.083775241739005,0.0567516938766692,0.746616913897455,0,0.000236973644129098,0.028039155477621,0.402341349565191,0.0199399868949896,0.0893936060149968,4.68337716532647e-05,0.00113964947981378,0.00157607324102122,0.0122399256030587,0.00975101776038941
0.0157332336150558,0,0,1.75891030084441,0.0146121350253798,3.12206630412328,2.8725784627186,0.77475843661784,0.109736343591951,0,0.000303793388135434,1.71065229075036,0.00346364339892176,0.539884120254411,0.0817795170696233,5.17314653706849e-05,0,0,0,3.03742350725573,0.00020607920681578,0.00365207612877217,0.000206406096248329,0.162053165986915,0.000165869796850562,0,0,0.34194606295776,0.00729814242305482,0.0123471522007818,0,0.00633159579385668,0.000201835210210442,0.00375985071355197,0.0371276722833471,0.0537753437005298,0,0.00578537201350361,0.00128487516187897,0.0598298802654534,0.00518208954712528,0,0.0109272192791387,0,0.000253926770363479,0.000107059913543642,0.0853655115444579,5.29117949704826e-05,0.000427734093526602,0.000238645077718616,0,0,0.0256098106270376,0.000499524386812687,0.0131213495618215,0.00912288516030246,0.0222931077989047,0.0169210443856143,0.0334695907040909,0,0.0213586927038698,0,0.00388024983062163,0.0221568690248592,0.000118928918527842,0,0,0,0.00680919799714777,0.000139568346140325,6.18121606105566e-05,0,0.0757771773184539,0,0,0,0.0689641812056475,0.000608628650326133,0.000175099323975742,0,0,0,0.00182029172497514,0.00166191522217632
0.0029522199867363,0.0107425870085334,0.17425353545473,0,0.00358332311670586,0.00167318647636204,0.0036617027473256,0.00821482451577651,0.00178100944530154,0.000303793388135434,0,0.000367809773550391,1.15306194719032,0.071051058583168,0,0.000517252187590242,0.309561151091008,2.77396347630729,2.12951387103426,0,0.0489496309857428,0.00470839052914971,0.269842149458663,0.00167094096628481,0.265224389034908,1.14207110834809,0.369742276732554,0.00280182203323195,0.0439617005550335,0.0577310883601445,0.0381876335937748,0.0265627158186241,0.00143728085362768,1.78878276193145,0.000570651755115062,0.251420830165685,1.53990782947545,0.293964881702413,0.137745643185098,0.000883104368152172,0.00314824861748567,0.12824145167657,0.00314197964296884,0.108683923045123,0.00683326428975635,0.0149903453051539,0.000313799071577192,0.00318227859633068,0.0620715166088998,0,0.00798755375213882,0.00877921309061971,0,0.000445655577417045,0.000123106920011401,0.000218565814955711,0.00159695398650363,0.000191910046676219,0,0.649356060641662,0,0.0848750619229056,0.00266828161965496,0.0014158598739996,0.000437856612246663,0.00316685551865822,0.0361300738116235,0.0163979067643731,0,0.000224117464669764,0.00111754497344208,0.00686950578815921,0.000717440878442646,0.0744370002338492,0.432608352413408,0.134198079545905,0.00020549106880939,0.000332907660348594,0.000309845911324561,0.00731503875478804,0,0,0.0291410724867082,0.015854601665459
0.0138034769016053,0.000144715297989309,9.30601933414937e-05,0.307354001129648,0.0526148426440283,2.10395793439773,0.741439651150558,1.53113563767784,0.392750281501316,1.71065229075036,0.000367809773550391,0,0.00636580337090877,0.489846829307619,0.796660345742447,0.00013554388363266,0,0,0,2.32553194524157,0.00100448888838163,0.00893502142803368,0.000585650994497687,0.306082143623059,5.6222775067091e-05,6.655024519068e-05,8.38646618452669e-05,0.229246887013315,0.00717826156219515,0.0202973124438219,0,0.0116382672216484,0.000584048993062973,0.00318164910151755,0.335425580479996,0.141892596951252,0.000851220532000423,0.00761109738112128,0.00262773401790279,0.167714052854008,0.00530249811007461,0.00025714188142389,0.0253960766026497,0.000826647837369084,0.00203538850741061,0.00242319099793785,0.260316195116868,0.00152016600193664,0.00107375812645805,0.00101432799324152,0,7.96594434202909e-05,0.0576416946703258,0.00187315878060788,0.0325641832617114,0.017218713263624,0.0649192721189207,0.0238525723118949,0.028168433489945,0,0.0790398110661479,0,0.0149474437019634,0.0584938075501162,0.000472055741487145,0,0,0,0.0192922703259716,0.000831528758092821,0.000494793220581502,0.000425330391364336,0.157385535327816,0,0,0,0.128841719824107,0.00217117904329747,0.00668773363828591,0,0.000478330585189223,0,0.00229795194565624,0.0892322763343929
0.0107782183552273,0.0995468173105499,0.0461848073560983,0.000286279521373987,0.019939650283761,0.0126673023030588,0.0763434797484223,0.0284345224929211,0.00484787482297096,0.00346364339892176,1.15306194719032,0.00636580337090877,0,0.256244623162975,0.00547228818543368,0.0478523242199576,0.059781221814183,0.244690763480665,0.294615648602475,0.000809737358957797,0.163156503662436,0.0958911077575688,0.133791087834289,0.0198452782610942,0.860369911235165,0.758143425557609,1.79550529074658,0.0860486191846508,0.181779010327479,0.138784485279903,0.0325143735065682,0.0229309466109184,0.045508541462268,0.685372909476713,0.00443142959118581,0.670955888081896,1.45429530639954,0.763545438339946,0.257703743816929,0.171382670012502,0.0560634898522737,0.674455880121656,0.0404318285954117,0.35761611245013,0.0166359474182034,0.020539843232149,0.0188026256957057,0.0241018013189468,0.305361802212347,0.000995276890465528,0.0178663543167004,0.00735213054416385,0.00033102261975503,0.000200551807089954,0.00282508958525342,0.00234110741069504,0.0335065296527978,0.00165762591396213,0.000202629536134719,2.40008224597815,7.06756794852615e-05,0.347299871123662,0.0368724160454454,0.000878853541763664,0.00309070006398505,0.00316934976228517,0.0839417550990001,0.0211651507137169,8.48914865329265e-05,0.00283018580594989,0.00262705574038405,0.00614515987800392,0.0102204218257864,0.415412149517298,1.16708984550579,0.244742521021841,0.00567529362193376,0.00557121273036721,0.00880028700144592,0.0215342484106483,0.00390237645118403,0.000477603323988676,0.154108425740577,0.00660135778950122
1.95174901161804,0.0047357211004448,0.0102083064989664,0.0432010376100955,0.132415665978936,0.714760951484037,4.06654601468353,6.92827272358221,0.216345992367444,0.539884120254411,0.071051058583168,0.489846829307619,0.256244623162975,0,0.0911940860752671,0.0076309029381946,0.0153505394242331,0.00149788349540553,0.0229699908053725,0.0563519686898648,0.0993289816045248,0.20955910371566,0.0444907390237753,0.314209293817124,0.00742432140678773,0.0048798272533091,0.018422888463765,0.602345297817889,3.30708505267033,2.17382284938255,0.00118216851806504,0.281931742394814,0.0312365018802696,0.632123925198607,0.205775950541549,1.06871612900435,0.0445170705834399,0.618997911262769,0.265842574353863,1.17049007302755,0.489058372783182,0.0140590925666399,0.137552811604805,0.00378021479700819,0.0445315254703687,0.0251171539772337,0.0977371357610324,0.0323820856343483,0.0310908557049755,0.0160777948135034,0,0.000496483000910252,0.00589721612032813,0.00138061552564296,0.0265460235219793,0.0862244921374124,0.28112304868293,0.0853558411096946,0.00652886772446605,0.000542833312480748,0.00635171081334475,0.000173089719037533,0.107550748913391,0.0120037484785597,0.00570253642796031,0.000273060477748901,0.000385307180704713,0.000321734533626109,0.00171650129505998,0.00941162533162677,0.0115977575669208,0.00737350613043007,0.575342909018958,0.00033933511649239,0.000552731586085618,0.00215627792115897,0.333278721735927,0.035700704535157,0.12905510868045,0,0.00124304133652729,0.00251432481431732,0.0968130960297627,0.0624715495787757
0.0149169392725203,0.000204469646633506,0.000259979780664325,0.142496413200101,0.177015982612779,0.603500515933214,0.216900994204112,0.987445968245761,0.2416410193509,0.0817795170696233,0,0.796660345742447,0.00547228818543368,0.0911940860752671,0,0.000656210772051573,0.000450897757903605,0,0.000311268233256668,0.124696937108064,0.0032531147842364,0.0171241542411535,0.00216551963288984,0.116715865153979,0.000169321511357009,0.000454626734355808,0.000744134862850517,0.149072504188024,0.00661326176093144,0.0206900665271485,0,0.000532892128761858,0.000737696966165364,0.00141050488457074,0.194659868760364,0.102326047224956,0.000717994094285905,0.0014635098541343,0.000968964604074359,1.6676436064552,0.00238120673000574,0,0.0189214451776032,0.00384039355621332,0.00448179315488172,0.0140677034652902,0.116994331045736,0.00166185336920733,0.000560116955937743,0.00190984519084349,0.000368104275163293,0.00203299433288103,0.0124023158859711,0.000268794237510592,0.0145766383769981,0.0141674741300897,0.0617703530841281,0.0108801717131307,0.00740976872622049,0.000282521124055327,0.0146757542580517,0,0.0174894424042549,0.0173756531888087,0.00151217936590639,0.000719754059578479,0.000173624915153623,0.00118989664765385,0.00360843016948488,0.00100956005177885,0.000248668542441248,0.00384475756624544,0.100654168129192,0,0.000890242268219948,0.00319774711505425,0.064676519030519,0.00378291711568514,0.0104534627785741,0,0.000527160646258294,7.01474596264959e-05,0.00229804512706205,0.0656597275748974
0.000676215721323371,0.109125313518328,0.0018179393807385,0,0.000605632088920832,0.00129239712739453,0.00456720527868122,0.00144391450109574,0.102141891390486,5.17314653706849e-05,0.000517252187590242,0.00013554388363266,0.0478523242199576,0.0076309029381946,0.000656210772051573,0,0.00108178476015115,0.00169049132450745,0.00223289132556769,0,2.65171964249123,1.7212555030652,2.53677920847794,0.144100919727748,0.106756341873091,0.00240626276209032,0.857160135815969,1.02141029169364,0.0334411105593618,0.121816470291931,5.44142655151784e-05,0,0.0401758431240178,0.0295385250112151,0.0554714838824932,0.583673476425837,0.153572395679007,0.0931006809978471,0.179891011589614,0.00759502456113886,0.0013706294799568,0,0.0609111005244388,0.0113534338634296,0.0255862199905051,0.017460431573451,0.00423795591249016,0.00210862104651997,0.00331903566064986,0.00698271046784129,0.000560602214586854,0.00796788878640756,0.000106787873571753,0.000548197243645668,0.0013197227901023,0.0172030679131279,0.0104318601267136,0.0963134383650964,0,0.000847722460127801,0,0.000178357951485038,0.00938749495146677,0.0019495347095384,0.618901714802338,0.00701676911133736,0.000137825412725985,0.00137038594453632,0,0.460059008374509,0.281348709475917,0.610323741887714,0.167189262871474,0.000103289035264611,0.00742246921728089,0.150115138437332,0.0336379696236172,0.0188224693633097,0.328563566083428,0,0,0.00458126371798677,0.0266434462572051,0.0446680270565145
0.00162708847844207,0.160907996073414,3.14932504939731,0,0.000702156968247234,0.00131650426244712,0.00283631139249027,0.00373923450720226,0.00148548133131787,0,0.309561151091008,0,0.059781221814183,0.0153505394242331,0.000450897757903605,0.00108178476015115,0,0.315280953112041,2.03794706647211,0,0.263531021077262,0.0524033535812912,2.03553055655883,0.000806183299895048,0.0105484813756214,1.38352817145599,2.10196612352451,0.0042083225869751,0.028592850356082,0.181284129338223,0.00721411708928305,0.00262060490628418,0.00169266227924091,1.8742813113537,0.00545420243929681,0.445977057060099,0.965648262540053,0.265955155103047,0.144070924485039,0.00343727330292949,0.0036093406119422,0.00304455343664634,0.040965045137171,0.0736430542924785,0.0138931577318591,0.0276283242628815,0.00109692265605447,0.000307783235053777,0.00115179521194276,0,0.0209226732981867,0.273544247237879,0,0.000468239892236828,0,0.000803406112487763,0.000523980229133844,0.00424042394746289,0,0.0417117334668954,0,0.005130488637914,0.00215717088550285,0.00304327711538083,0.00701969848879579,0.130957070858914,0.00827911626919237,0.0312128824445343,0,0.00695461619734538,0.0235261272206103,0.183359376599883,0.00247588084369034,0.00561797237928641,0.266445672262809,0.905630969442572,0.00150684058741924,0.000691778804441273,0.00203215431724021,0.00299613007298484,0,4.50412243776321e-05,0.0524561924798228,0.0420227325385676
0.000326059673505723,0.00642518685381082,0.0405697147710664,0,0,0,0.000179925136354268,0.00027508615396741,0.000282101182659239,0,2.77396347630729,0,0.244690763480665,0.00149788349540553,0,0.00169049132450745,0.315280953112041,0,1.07647550192169,0,0.00933846294001111,0.00749010569775688,0.072943945786879,0.0015932768925589,0.0987902117064572,0.5174654697589,0.0854502097259856,0.000380460357801198,0.00200897253775752,0.0109813690872742,0.0130416967131444,0.000517441486697674,0,0.0774946311178978,0,0.0118921604255862,0.0263533403574736,0.0101821824114233,0.00325504188335007,4.88087575957775e-05,0,0.000887125560539216,0.000535654539311588,0.0144271622228075,0.000310845127337604,0.000458892698677689,0,7.43658743507266e-05,0.000965860363728493,0,0.00112423101778033,0.00408299871253351,0,0,0,0,0,0,0,0.171406595161936,0,0.028171436714221,0.000138824264256835,0,0.000133822458074153,0.00147800663948354,0.0106970854499573,0.00586695622948301,0,0.000228242442510009,9.6444206131965e-05,0.0012865673096388,0,0.0195344026398818,0.197978645614811,0.0620094263994707,0,0.000115319073251128,0,0.00841537451408101,0,0,0.00308553536832532,0.0010508675409975
0.00273337321051088,0.0435917462534119,0.263359207638613,0.000100946055154622,0.000664499434378535,0.00118475240046713,0.00286153641827705,0.00695916803833702,0.0039210636781007,0,2.12951387103426,0,0.294615648602475,0.0229699908053725,0.000311268233256668,0.00223289132556769,2.03794706647211,1.07647550192169,0,0,0.194267214974363,0.0179618224395164,0.822080739433816,0.00342183098264101,0.147278333515512,0.926386075114313,1.01320554016788,0.00636267604896152,0.0364044319379558,0.239150639902856,0.0161789672121006,0.00300696104971189,0.00310087631487456,1.20518869278185,0.00144732496779949,0.102741954208512,0.283904856503252,0.106722707003163,0.0321100598363893,0.00313340122411024,0.0023215838129595,0.0122276139872484,0.0138996790029946,0.071693860884748,0.00342091886424688,0.00527761701752092,0.000490142145054519,0.000374325015400976,0.00381528653409169,4.85427775661647e-05,0.0278292711346063,0.0754717909387474,0,0,5.44733354752659e-05,0.00023111557048738,0.000171988676237286,0.00127220418706355,0,0.470488966382764,0,0.0752645766832833,0.000509998218678683,0.00035178543651256,0.00132337565109069,0.0413511013083465,0.0867648028686272,0.0917547929183851,0,0.00127561227271071,0.00317091732866847,0.0117283531551259,0.00270285669354367,0.0625967865361363,0.985054866990867,0.608379354249247,0.000425152997539788,0.000207569066957831,0.00133291935164813,0.0295393112265589,0.000118405958113075,0,0.0508555090127233,0.00684541146959498
0.00344560441550976,0.000276004720630646,0,2.50458912456606,0.0029738653749856,0.0375315185476916,0.580304974607749,0.0697331145206754,0.185730879250353,3.03742350725573,0,2.32553194524157,0.000809737358957797,0.0563519686898648,0.124696937108064,0,0,0,0,0,0,0.00637138976565441,0,0.224220031590862,0.000164937679625005,0,0,1.11359198102839,0.00267788155266156,0.00432916545600662,0,0.00127788263570467,0,0.000306715424854338,0.000511016353702068,0.0258734106219861,9.63936248599887e-05,0.00133369638680962,0.000338291825384856,0.0378085384057351,0.00120970589042562,0,0.00816168926256361,0,0.00102604204901031,0.000227778405581177,0.140426843821623,0.000192748587356388,0.000305762164255143,0.000582525719782203,0,0,0.0706574007883824,0.0018540679663046,0.0283796263853515,0.0172111131081619,0.0526419015347242,0.028723512974947,0.0422229068919849,0,0.0384917939967448,0,0.0107720245083253,0.0447593317264773,0.000130947810853243,0,0,0,0.0160243619588757,5.74529195043445e-05,0.000254679507847487,0,0.144279295824997,0,0,0,0.135356041735259,0.00140766040080619,0.00107546619902402,0,6.21877339638472e-05,8.73994782919883e-05,0.00128764258320728,0.00046761424322182
0.0172640493302521,0.0245699512794601,0.104480095462058,0,0.0048021237065022,0.00825084440730212,0.290514575378032,0.0263289820873765,0.124579827136222,0.00020607920681578,0.0489496309857428,0.00100448888838163,0.163156503662436,0.0993289816045248,0.0032531147842364,2.65171964249123,0.263531021077262,0.00933846294001111,0.194267214974363,0,0,0.714849234116312,7.26038982784586,0.387462811744917,0.0251811210860187,0.0194465126707477,0.106802192643079,1.24792678312862,0.204015201196681,4.33034245664746,0.000938648181019008,0.00362860293725929,0.167060350026026,1.58781486310634,0.310476446574239,2.41750125210641,0.753526129743052,2.24251663723786,1.37965438507498,0.0473030707239452,0.0161848961860451,0.00180405531720868,0.147687920381227,0.0213458481435578,0.0698753508424133,0.0486141835555567,0.0206066004010347,0.00845777288828772,0.0137833634456437,0.0236913094950386,0.000342155098196923,0.00664025516575864,0.000251039591086567,0.00174423710583386,0.00372109227654442,0.0402373776922641,0.0549002879145857,0.132297175140756,5.96892187418342e-05,0.00338845617927512,0.000184691538135141,0.000388841292031675,0.0402538454644709,0.00521368947889876,0.369070411450261,0.00480422475389145,0.000221909179465592,0.000805241648224056,0.000132009741648317,0.468238200605135,0.262955339113604,0.44587071031047,0.400216225023803,0.000277982867689759,0.00507149740938678,0.116725757410221,0.106729626643118,0.0763318425745518,0.680124694381095,6.45757599853873e-05,0.00179142711625225,0.0185914158399548,0.0743257534826836,0.133374059195953
0.0041725545219883,0.389003744818174,0.121509698345087,0.00517145664773571,0.00644488520202342,0.0251999809650849,0.0594877451831197,0.0637255194778796,0.5064287492747,0.00365207612877217,0.00470839052914971,0.00893502142803368,0.0958911077575688,0.20955910371566,0.0171241542411535,1.7212555030652,0.0524033535812912,0.00749010569775688,0.0179618224395164,0.00637138976565441,0.714849234116312,0,0.672630377633197,0.883214101781055,0.587780558932937,0.0147164548435405,2.69101556689301,0.723306444908335,0.186822122374539,0.432651635888341,0.000495619644783497,0.00266625006743845,0.0253531331504311,0.0410515162895335,0.0142738043536871,0.11229505995987,0.025021814758485,0.0523427199721523,0.0414383481469458,0.0450327591832937,0.00534550415785206,0.00171270729089669,0.024914997910282,0.00819552575927189,0.0126105391371527,0.00736696223414754,0.00330500079005743,0.000728808100449473,0.00168863334075564,0.00670794674436071,0.00302881358307064,0.025091886177588,0.000197851576521278,0.000636597767174422,0.000596016612622142,0.015622835603259,0.0120095098656351,0.107450377292394,0,0.00702727944251842,6.12399235656857e-05,0.00121996057992714,0.0094031698999609,0.00157634333254623,0.215472861863778,0.00685257152813634,0.00100624744002831,0.00255362669768276,0,0.14508339510427,0.162814729788769,0.193841913755198,0.135966413509756,0.00288342970210767,0.0196932432409243,0.318992986299465,0.0263588945381247,0.0152084365234164,0.134629127743175,0.00120995935202473,0.000230618682471812,0.00227733832474566,0.0131162164500768,0.0139795808134485
0.00550610822934759,0.153205790062655,2.2367263856253,8.16685510276556e-05,0.00250206379340458,0.00455185939629367,0.00878428198877713,0.0116079860545809,0.0439394717193571,0.000206406096248329,0.269842149458663,0.000585650994497687,0.133791087834289,0.0444907390237753,0.00216551963288984,2.53677920847794,2.03553055655883,0.072943945786879,0.822080739433816,0,7.26038982784586,0.672630377633197,0,0.00377754264178759,0.088850594215245,0.351873752268431,4.13515885011868,0.0417180149768746,0.0476169527986777,1.32005310335796,0.013860049453543,0.00450131415355265,0.0212476638483352,1.49150088104281,0.195810457767877,4.69421566103163,2.07078381768371,2.68177483157927,2.78371233384985,0.0410666018294431,0.0178589666271065,0.00131122469017509,0.143955539270193,0.0746331640363969,0.0430846231213767,0.0951479471641393,0.00898925772404683,0.00469268549213949,0.00544422662295672,0.0038547311905828,0.00384110255583403,0.0627485016959299,0,0.00220935958186382,0.00147160789227369,0.0172715535928335,0.00945578593636587,0.0655063298171181,0,0.0259837257771016,7.60512740803957e-05,0.00181643340503326,0.00809494311670951,0.0133191099564794,1.03912385714902,0.031823036805403,0.00183950688561502,0.00639942878644054,0,0.862703392000717,0.316187553918516,1.75911865124198,0.106544946322178,0.00198704909387693,0.0384165359142655,1.30976260844394,0.0282267067617867,0.00782121258102629,0.330345342586616,0.000265939551650971,0.000333961783730686,0.00169316257363212,0.0367656913022334,0.362894218236571
0.0789511508098824,0.0379557827502914,5.61135087554753e-05,0.483659875261288,0.00909342784562343,0.0872280648742512,2.52007257490225,0.190373523776196,2.64647538532478,0.162053165986915,0.00167094096628481,0.306082143623059,0.0198452782610942,0.314209293817124,0.116715865153979,0.144100919727748,0.000806183299895048,0.0015932768925589,0.00342183098264101,0.224220031590862,0.387462811744917,0.883214101781055,0.00377754264178759,0,0.0719420927519728,0.000810024363137901,0.00165633686307082,11.0250770834918,0.211913326040483,0.652293686860127,0,0.0047181467602965,0.011907178192246,0.0173874012913021,0.015467673308831,0.0867630621629826,0.00143512638915872,0.0250171684382584,0.0056948266348916,0.0949995104058656,0.00925075447279059,0.000273116434281647,0.071313089550398,0.00201191075476074,0.0536707215222476,0.00883173874565964,0.113741918247393,0.00519041543091894,0.00175462778807032,0.0277898006356463,0.000293658793813705,0.000401187969666421,0.0766070460032201,0.00502832375089565,0.0616053939869163,0.154923660145047,0.445718089216556,0.22940620035117,0.0458041550694677,0.000533678483767122,0.0787702508335392,0,0.176911368393493,0.0344192922504775,0.0384020705782795,0.0008842209814955,0,0,0.036697009626486,0.0612679829821461,0.0966874768259589,0.0219921165158144,1.12643760895643,8.01711219189167e-05,0.00123638962845555,0.00192413788319588,0.658028273978738,0.0690242419867353,0.277956711173519,0,0.00101706157563415,0.00737965602486705,0.0381954730948154,0.0127851771935831
0.000306234683059335,0.638210212185573,0.00398745887869746,0.000288166176589608,0,0.000362199626147359,0.00122168856616515,0.00165967230775732,0.0133543991974608,0.000165869796850562,0.265224389034908,5.6222775067091e-05,0.860369911235165,0.00742432140678773,0.000169321511357009,0.106756341873091,0.0105484813756214,0.0987902117064572,0.147278333515512,0.000164937679625005,0.0251811210860187,0.587780558932937,0.088850594215245,0.0719420927519728,0,0.498324121879717,1.79708521135264,0.0340238572030429,0.00545966464439914,0.00723550535067305,0.00707312421047283,0.000279324247323752,0,0.0254655884019231,0.000264290460479319,0.0296506832335634,0.241109670340963,0.00982522565385041,0.00967632991541257,0.00140238514100572,0.000126844899514436,0.136049671056677,0.00142557980340111,0.0612719387584952,0.000800462394187868,0.00119146718099034,5.57511930162012e-05,5.46577225890159e-05,0.0777266604145886,0,0.0423670876308505,0.00158508344865039,0,0,0,0.000306814196122587,0,0.000213565310008526,0,0.705162345219861,0,0.150417222782084,0.000373280242520034,0.000118650726641536,0.0129150769069327,0.00140101411909085,0.0161136111672714,0.00726165566390222,0,0.00655014479153582,0.00564501197116101,0.014205744232491,0.00037325377498126,0.271113773693241,0.265219292625158,0.174352653979131,0.000250289238065511,0.000389688324806333,0.00131602922633132,0.0185315098633114,0,0,0.0207497054439411,0.00192217748335388
0.00012034861073795,0.325660463730805,1.55092919104447,0,0.000330617404120862,0.000211221498742878,0.000325981776507437,0.00119660054821325,0.00021970906275022,0,1.14207110834809,6.655024519068e-05,0.758143425557609,0.0048798272533091,0.000454626734355808,0.00240626276209032,1.38352817145599,0.5174654697589,0.926386075114313,0,0.0194465126707477,0.0147164548435405,0.351873752268431,0.000810024363137901,0.498324121879717,0,5.82095377762032,0.00114170883827469,0.00433773936141748,0.00761686110497034,0.372535486191198,0.00258173811246732,0.000385066871121973,0.225446182778228,0.001898722699895,0.211618290267003,0.276897689123487,0.076772462891771,0.0652221739699836,0.000872590804320634,0.000761480076547324,0.00864448788509083,0.0935543625157599,0.109893082341699,0.0209394317943358,0.040937270696394,0.00124269743906113,0.00106939673252243,0.00233281626852661,0,0.128137419223665,0.598018720788389,0,7.93195893220305e-05,4.62437839848995e-05,4.07601221223771e-05,0.00136840486118141,0.00540268852551317,0,0.242812110618091,0,0.0641205734472577,0.00332652445487938,0.00103203665359431,0.00877408703688532,0.319906343967126,0.115978821155962,0.279262689283874,0,0.00128513238922636,0.0538665159936254,0.0680464713617039,0.000507133497636407,0.139240188343804,1.67280709354476,2.71408398114501,0.000215169876444101,0.000453027526149124,9.47493945863843e-05,0.0356818387562481,0.000185211599724233,0,0.138653700593567,0.0122286718474246
0.0011821338343482,4.71911963229957,5.56121459978339,0,0.000939088059931755,0.000516141637595564,0.000927903835237414,0.00183090729953816,0.0222586300179171,0,0.369742276732554,8.38646618452669e-05,1.79550529074658,0.018422888463765,0.000744134862850517,0.857160135815969,2.10196612352451,0.0854502097259856,1.01320554016788,0,0.106802192643079,2.69101556689301,4.13515885011868,0.00165633686307082,1.79708521135264,5.82095377762032,0,0.00266781567515575,0.0119471694545084,0.0378572411739527,0.120903904732645,0.00491947069396063,0.000884087758143961,0.931262255954904,0.0149433699781544,1.37077390488852,1.63531006473614,0.614319621199271,0.563399266120435,0.00515002143967656,0.00524395385253423,0.0118969259212712,0.253636490266808,0.368067222957705,0.0739329976280418,0.122103951693341,0.00192791992757428,0.00479074890871594,0.00434457942843697,0.000231248759775162,0.349732840979596,1.32281178326381,0,0.00171623649704271,0.00020294473488605,0.00385673773829887,0.00189747604816136,0.0137248952831288,0,0.512253034483669,0,0.127346206873203,0.00579114456667834,0.00500837074885247,0.476464763186519,0.643490920150059,0.153641820258032,0.442277996112461,0,0.270602241195282,0.243781935277515,2.21201064935733,0.00805267861647206,0.164917700271239,2.89417118811768,8.69026223764691,0.00678678413736534,0.00261456125670362,0.0171916615484585,0.0486516837182769,5.99045970612168e-05,0.000183640698499173,0.252905917912438,0.116700455044379
0.0498132279194119,0.0218700612734073,0.000971677932157397,3.1934362352271,0.0183056203134645,0.116462644516771,5.48625985679276,0.278688395409776,2.07261541757776,0.34194606295776,0.00280182203323195,0.229246887013315,0.0860486191846508,0.602345297817889,0.149072504188024,1.02141029169364,0.0042083225869751,0.000380460357801198,0.00636267604896152,1.11359198102839,1.24792678312862,0.723306444908335,0.0417180149768746,11.0250770834918,0.0340238572030429,0.00114170883827469,0.00266781567515575,0,0.750679202902034,2.62292166571885,0,0.0108708189603665,0.117341215065363,0.0892295633707921,0.0748166859886411,0.500683024970037,0.0253133601074053,0.109291267793294,0.0552679186251875,0.192652427899416,0.0227948434549066,0,0.224143537872868,0.00930158422965113,0.127874549715756,0.0255554806318496,0.282436690576437,0.0156879820367628,0.0134264474283235,0.0950230034667677,0,0.000881543989221483,0.12076616663214,0.00997038946250835,0.120593861432071,0.303967232928728,1.0286601605484,0.475836108702432,0.0842601536361069,0.000953994805996447,0.0491957060534281,0,0.408900753858255,0.0611931007148728,0.11017984153697,0.00151997506095615,0.000354773873711943,0.00043390033175394,0.0254098920208975,0.17009215006038,0.143076556810736,0.083725271836517,2.43288931737062,0,0.000864185643946558,0.00773904769040954,1.30242727894837,0.200879313756068,0.780138374447521,0,0.00513573246027362,0.0216869172074455,0.107755482407663,0.0347924711465092
