0,0,0.0230894041233653,2.82857899810076e-05,7.38985670673848e-05,0.00197101341384339,0.627582134244221,0.12548796242027,0.000307222851388264,0.00201354056306262,0.00185735756859607,0.000992428712331579,0.000124040726599026,1.03856084326167,0.00033426042798996,0.000275481804003883,0.0369058725663869,0.00235232992137053,0.00712625431410744,0.000169428261199999,0.023467816408483,3.34270088829994e-05,0.117955067976782,0.000433669165799236,0.000418132425096321,0.00975091973574278,0.0081303240314659,0.003128371691622,0.392515279824423,0.421320515662846,0,0.00125459079350786,0.00159388550842581,0.00970424283644832,0.000638144162661576,0.00387928690956416,0.00127594787925251,0.00340378928002217,0.00147043394042761,0.000630587067153001,0.000456216167550087,4.32544404430389e-05,0.000730152996490476,0.000145309560569954,0.000242512724735022,0,0.000175456424436044,0,0,0,0,0,0,0,0,6.50288223086359e-05,6.07459439255237e-05,0,0.000183442890183449,0,0.000114432661801481,0,0,0,6.48119519072056e-05,0.000199820929683423,0,0,0,0,8.82053862255097e-05,0.000182225189601302,0.00052493150072217,0,0,0.00101902393838978,0.000322281019194055,0,0,0,0,0,0.000140449539738846,0.00021677574645164
0,0,0.000675933618538379,0.000260419080145931,0.00022084957005291,8.93546397560119e-05,9.19668149712561e-05,0.000296448046939754,0.134109011120568,0.000135897502623701,0.00425561614367526,0.00186996973343172,0.0550136185268464,0.000154336158727503,0.0073339222900914,0.0387857362520588,0.000402611721387863,7.5811564103317e-05,0.000181220425526523,0.00032640618822794,0.00206545553118045,0.27511168938722,0.00312126170365455,0.152810150526544,0.127024349022089,0.0018733727566052,0.582337120666104,0.00776326586500159,0.000131169900994777,8.15572134620669e-05,0.00560394562363908,7.57256212703705e-05,0,0.000957441761811709,0.000231372926021337,0.00195755933771344,0.0011256469935102,0.000466208026607513,0.000627476352016449,0.00319223080453744,5.26761669579983e-05,0.00111197579579696,0.0155428948589626,0.0112387617525027,0.0051391362548084,0.00429344446317935,0.000845554540074683,0.000280164538759518,0.000391990829578447,4.81834319433212e-05,0.0372822182702981,0.00101983062626133,0.000165860277250767,8.15835450476649e-05,0,0.000937703224223924,0.00050085440353365,0.00117783846066632,0.000276853326413226,0.00510103185168214,8.79005847902537e-05,0.00673071066230216,0.00117169768874666,3.69262849379063e-05,0.0021220830995748,0.017983690910699,0.00107659865554111,0.00155307924850626,0,0.00105173921579792,0.0101290357615399,0.00931742985581292,0.00440639085691006,0.00266838042910185,0.00640285634120338,0.211705935880624,0.00116827804699616,0.000437647010886931,0.000434569138742161,0.00173218685991025,0,0,0.00649284508565242,0.00116068835194898
0.0230894041233653,0.000675933618538379,0,0.00072131015523906,0.000524397057254958,0.0155834008329235,0.116738606872684,0.227618233221917,0.000315720093476963,0.017358628812268,0.0122659649657532,0.00167497033192837,0.00179535194773846,0.20311673189432,0.00509251285531385,0.00189126059991443,1.06199369857011,0.0292848999931231,0.216058252994813,0.000655828282040503,0.350801654736406,0.000617585953033233,2.87385007884148,0.00536966811775718,0.000349162103712368,1.59895104172173,1.81938388413229,0.0657028054383499,0.0588853537074986,0.125239428258176,0.000737599243520498,0.00211091894395123,0.00319041272139051,0.168894906308513,0.0306557422368207,0.314664195650167,0.137425877946871,0.0905441784600441,0.121620744450371,0.00603754413585081,0.00609529747613787,0.000509699240714622,0.126295782940301,0.0456846999594889,0.0441834120879739,0.0315986877709767,0.00431402980044651,0.00254100873373866,9.94587423172949e-05,0.00100812174224024,0.00460991447549965,0.00989919975730584,0,0.000171182024406147,0.000233117926845574,0.0103577444925868,0.0021220639672472,0.000109062614310265,0.000261152071265364,0.00190709528865268,0.000113832310151386,0.000121309638035965,0.0047525028305459,0.00157236920237656,0.0080357802608378,0.0686060373779411,0.00451429165473344,0.00482841874138243,0,0.00677328258758277,0.00785749830346656,0.0851123237197946,0.00302750996347153,3.37731258667469e-05,0.0216838417035846,0.393694325799282,0.0049404677725292,0.001972110203216,0.00667587500197475,5.26406904212237e-05,0,0.00019283717991271,0.0349459988140733,0.0205827676498777
2.82857899810076e-05,0.000260419080145931,0.00072131015523906,0,0.00480311229070651,0.00407460790690708,0.0140950674542465,0.00835055132942265,0.217257828393861,0.500782726561763,0.00120169475355935,0.381086865041122,0.00176057288883529,0.0059563115691216,0.0661201766414205,4.13385606124401e-05,0,0.00143035831824687,0.000663531598227337,1.69761512531414,0.000507997491471219,0.0012681548293191,0.000553257852706147,0.250105498939246,0.00310138736170623,0.000977706272242167,0.00176272241414995,1.14863406420782,0.00828615087713242,0.000560637227401447,0.00012744744407773,0.00101560379620776,0.000232324431817174,0.00502661889898362,0.0019584626475105,0.0273466568751719,0.000415001006779575,0.00410986297858476,0.00176181042891853,0.0325633829861625,0.00271544491163768,0.000128331893982887,0.00918706826377866,0.000525859362578106,0.00333165706809983,0.000945111666454719,0.0389666972183367,0.00215038591388812,0.000224814541105175,0.000108702759611988,0.00052682220247147,0,0.0721142815925842,0.0102805127347621,0.0186015531115887,0.00515783595840295,0.012737995114997,0.0489941574045274,0.137478491501924,0.000420152158957291,0.0857615284004526,7.41770504422189e-05,0.0062785200527965,0.0382772252328391,7.30352917914153e-05,0,0.000123257582194638,0,0.057324390026207,0,0.000445950288425922,9.42531880171776e-05,0.0927338487211458,0,0.000105801284745407,0.00174978114313769,0.17654517397836,0.00491653827172255,0.000102459893867016,2.05699861923456e-05,0.000453418457834149,7.48760469977379e-05,0.00240480981097372,0.000783141301325654
7.38985670673848e-05,0.00022084957005291,0.000524397057254958,0.00480311229070651,0,0.341620423405331,0.00836271368747847,0.0155119942041885,0.0151990802408157,0.0198297320978151,0.0028210275425906,0.140634431440091,0.00701332271885149,0.00157182024253111,0.191463357183932,0.000206561442688084,0.00054858339729042,0.000753571135508916,0.0007151190696645,0.00613591869425957,0.00167585249414661,0.00119149648485809,0.00374247438240876,0.0175300742491386,0.0108346620472788,0.000601335697464395,0.00265796347762556,0.0129605774668436,0.00244867495948737,0.00237130638291388,9.09443561018706e-05,0.00782832985470008,8.86822336966039e-05,0.130970497761174,0.180498293274373,0.126441969819143,0.00154237127388477,0.00253709314117198,0.00208110133117435,1.49208898030552,0.227184524679499,0.00042787237581768,0.00307113022128332,0.000200376248293781,0.000986370349309586,0.000654963281338504,0.0145739323850398,0.000196414221865559,0.000502517853342819,0,0,0,0.00214584965485692,0.00242827827524006,0.00231058912009025,0.00134382692953568,0.000905358685416434,0.00557688809933489,0.00806381087711883,0,0.0127952530957113,0,0.000406229043247151,0.0107095081735729,0.000293391202579403,6.13965899088383e-05,0,0,0.00286779945045032,0.000199869313102484,0.000255193199438381,0.000192768638184834,0.00950299181068241,0,8.23238127118112e-05,0.000676407486606405,0.0122892181652497,0.000429975057651186,0,0,3.79243308645248e-05,0,0.00103731102364211,0.021831666906324
0.00197101341384339,8.93546397560119e-05,0.0155834008329235,0.00407460790690708,0.341620423405331,0,0.455880370401255,1.47781257519724,0.0263213470300626,1.51080818715175,0.0807572217641282,0.373498361463403,0.0368234129126034,0.087893576509678,0.35253538368472,0.000412043624631715,0.00532937849830883,0.0437630895948817,0.0123188486301655,0.0202321310430656,0.0145399605366597,0.00105173778985794,0.0184520380965398,0.0273390886851546,0.0385352154502772,0.0236021642717897,0.0143183462386617,0.0867677423219347,0.0736188349294697,0.0127662212898663,0.00330029902085428,0.0597822406003772,0.000702692134047009,0.0639175550040678,0.105033275608125,0.31185815531458,0.00858930131926636,0.0357821797096339,0.00961943643130079,0.593460666019225,0.050751989433826,0.00589549398620288,0.0387468538730776,0.00127019781682203,0.0164208654454506,0.00369021008217962,0.0346250542619644,0.00766573860283935,0.0027720974069315,0.000115728056791353,0.000181402203892613,5.05131995505094e-05,0.0107508743757809,0.00230129795403185,0.0238445555887479,0.0207232434265259,0.0275609321991414,0.0193969350604856,0.100161970195158,0.00213986050209293,0.0285198845550191,7.55708024444818e-05,0.022194009898864,0.00633449381031634,0.00135044663566788,3.6259455115366e-05,0.000177368950022984,0,0.0187077286862596,0.000215035817568421,0.00069864043956592,0.000907370595929146,0.0981137308605696,0,0.000173343111814165,0.00182244974615259,0.130174481419691,0.0107246982273025,0.00120350866322339,7.18286857179639e-05,0.00299133453834279,0,0.0105934093704522,0.0150295403138301
0.627582134244221,9.19668149712561e-05,0.116738606872684,0.0140950674542465,0.00836271368747847,0.455880370401255,0,1.52841162348702,0.0126917164722398,2.36960793507996,0.0393628456097457,0.0217561694992134,0.0239134195848587,2.8190722187674,0.061675953979375,0.00352855894018781,0.0175766335064518,0.0305594971323653,0.0194500173981412,0.014636317850806,0.359889494143353,0.000678453855403354,0.243044487931621,0.100762502615028,0.0241164006158929,0.0320661265557577,0.0429612062696856,3.88682083414882,0.308530180689164,0.449154722933047,0.00171243243796928,0.0327026798321457,0.020114022064519,0.174121266135764,0.0907806257210396,0.55516073040244,0.0162198373802797,0.152218463488728,0.0938160277889697,0.130825474202045,0.0677422950660495,0.00441561903042709,0.0521549240394236,0.00170824276930299,0.0200940494930814,0.00676382177910551,0.0335618308365734,0.00755061884856947,0.00227331390493197,0.000154533943173361,0.000395757233656812,0.000314059615342188,0.00465698083996713,0.0019577830904973,0.015996374628352,0.0221141432705786,0.026856389154413,0.00962584196433814,0.0521613051730433,0.00240645933371589,0.0169085492817981,0,0.0243183052612487,0.00352984280206685,0.00523375840383167,0.000528791230447435,0.000160985631840014,2.25501550490379e-05,0.0119669649093777,0.00107209517960449,0.00145919363613072,0.00480819016927691,0.0843925763464797,0,0.000150273812204194,0.00919732004000855,0.0922960298651681,0.0179531251856559,0.00109899914485633,0,0.00448959104306476,0.000262572728707123,0.0117004224622815,0.020716555963126
0.12548796242027,0.000296448046939754,0.227618233221917,0.00835055132942265,0.0155119942041885,1.47781257519724,1.52841162348702,0,0.0303357616104836,0.756005585614714,0.033575526350621,0.458980437574392,0.0175044576526507,1.28046707535441,0.0192854753908173,0.000869794339334557,0.139981974740986,0.0223699415168353,0.0412244350919294,0.0334974519550067,0.150823370180265,0.000829192081577514,0.473870762468629,0.036709775019129,0.0302423467631143,0.0548941607684741,0.06202950340288,0.195235560987241,0.162192103016258,0.460076594440213,0.00169594200812068,0.0521095345755529,0.0036425749183656,0.0569160583803452,0.00817798310006248,0.166989808673872,0.0111112803718261,0.0375910034128395,0.0183949343917122,0.193638869870396,0.0137480721262448,0.00281792427596171,0.0502070681132024,0.00128319987577195,0.0194932271939103,0.00629581307238832,0.0333164988468562,0.00680742770409503,0.00261384441518545,0.000182768861102915,0.000124317712543655,0.000227094518674994,0.00762747748349821,0.000952607481322787,0.0211431818509904,0.0253987431713307,0.0287212268544694,0.0168327796341475,0.074835079276199,0.000395124245756912,0.0205125495923599,0.000101090813718033,0.0216500885814532,0.00249182939477871,0.00204717011725345,0.000309554419776034,0,0,0.0161805777165126,0.000459346484531069,0.000892107952579689,0.00162809554578312,0.118322770474905,0,0.000114213117279529,0.00765112295850613,0.135507564560328,0.0105579504878966,0.00103305400925994,0,0.000942488244089509,0.000330456557241774,0.0108092977803397,0.00213238573433097
0.000307222851388264,0.134109011120568,0.000315720093476963,0.217257828393861,0.0151990802408157,0.0263213470300626,0.0126917164722398,0.0303357616104836,0,0.0836137934751701,0.0112717278910118,0.238131079673529,0.0763024202600463,0.0114790557764441,0.184430692678871,0.00956387068197032,0.00087657837828791,0.00432984688906638,0.00157726079869723,0.0855381402630565,0.00552586294675276,0.737091075569301,0.00387693756909507,2.38804342693115,0.137542399975936,0.00470257058561087,0.266650626586053,0.583999025278011,0.014471418187591,0.00105590293351572,0.011737049234128,0.00341237135974371,0.00128775086951637,0.00799815899438953,0.00874445248578086,0.0517387721251778,0.00223441741725996,0.00841263941907512,0.00520891659898589,0.061889462360169,0.00554083973937078,0.00442035287295869,0.0691746033591635,0.00895723781066324,0.0177114868461629,0.00800279232360922,0.0338832080049633,0.00863948576815916,0.0014519195336771,0.000860614077787588,0.00107738990345812,0.000221414246152926,0.0240882337006163,0.00440928442148082,0.0177327157228994,0.0406572301028004,0.0302161515112908,0.295591019709672,0.0623813555848895,0.0134128124273336,0.0337640762429432,0.00624770779857304,0.0225112416645567,0.0176814401342933,0.0220734674764394,0.000426977380139542,0.00538516168609815,0.000916964741388369,0.0124200466888688,0.00329133913079717,0.088887199338549,0.00493422770842783,0.482462459407652,0.00366754837727504,0.00618228026759967,0.00953929798562019,0.233431709583174,0.021425632500021,0.0072677523853908,0.00175317195114503,0.00275266005762479,0.000639493617780113,0.0109371833493095,0.0134134291328537
0.00201354056306262,0.000135897502623701,0.017358628812268,0.500782726561763,0.0198297320978151,1.51080818715175,2.36960793507996,0.756005585614714,0.0836137934751701,0,0.0557915890432352,0.698693358005491,0.0328452260997424,0.522498676303893,0.0815705138303673,0.000525349202598405,0.00564099970796547,0.0443981100099335,0.0220876691450824,1.11168195583484,0.0231878229033033,0.000939050047729635,0.0216756344915068,0.0658076193098893,0.0163521248549783,0.0316475411319401,0.0259395886917451,0.639009745585693,0.275061230555979,0.0180151184686547,0.00230179165194013,0.0357106287189661,0.00277750758845047,0.170745494406703,0.062124353178684,0.67697036192391,0.0139752297128157,0.124822025052607,0.0516382391554136,0.110268269009307,0.0984163415979428,0.00816647885195502,0.0378596824474534,0.00104081091605861,0.0145075773786442,0.00419450942147515,0.0730267931600978,0.0082433376259999,0.00211782509205827,0,0.000642237733019876,0,0.0495417198345821,0.0060911394583157,0.0561028638905228,0.0244272899763414,0.0479743362246354,0.0648829095619249,0.303606384623452,0.000496080512955784,0.0953928278660697,2.5223603176117e-05,0.0251458548068035,0.0273140478186998,0.000989014727969004,0,3.66923457643032e-05,0,0.0703168803140349,5.87853208803892e-05,0.00200163436604467,0.000811348295563175,0.190259936988885,3.51455641237259e-05,3.18221114931106e-05,0.00362728154678224,0.346160546782207,0.0101203128383637,0.000609766554124713,0,0.000877318029590462,0,0.0111326976619937,0.00930584887744954
0.00185735756859607,0.00425561614367526,0.0122659649657532,0.00120169475355935,0.0028210275425906,0.0807572217641282,0.0393628456097457,0.033575526350621,0.0112717278910118,0.0557915890432352,0,0.0659788469663074,0.631427966445342,0.0645837910346684,0.00356832001314571,0.00166364478810768,0.0588217645290807,0.765005471531213,0.0447062276328684,0.00790561678751449,0.0118538401804043,0.00544252795516839,0.03745495675071,0.00960136474413787,0.115323569908643,0.198542761946008,0.0904118495983069,0.0256656098748617,0.187179414589732,0.0132937129615018,0.0516318747350472,0.16297528241897,0.00416184816748447,0.963321713156369,0.0210139401338721,0.259029346396185,0.166881241087768,0.270207115787648,0.173941387962234,0.0342024379299291,0.00595014526939824,0.364201339328381,0.00914252617054297,0.276017871039023,0.00609045129735837,0.00313975552895145,0.00257660321004844,0.000989889646489381,0.0175515908276235,0,0.00789354385019402,0.000126739569210219,8.14634955850599e-05,0,0.000317349370962763,0.00082666815427165,0.000549091936181164,0.00602788379818001,0.000214616894562006,0.208436054283189,0.00116561819360318,0.306168491621302,0.000583970293062544,0.000300338109770561,0.000802758050499631,0.00136060321784439,0.0136975632180394,0.000783688402425481,0.000260811004968786,0.000198882815744042,0.00439209308609471,0.00158605197957265,0.0131398737003528,0.0640239799655955,0.0917245397660024,0.0744529297511464,0.00443510204072814,0.000719235824106714,0.000129306665013695,0.131593288153646,0.000464987039407587,0.000111265332210159,0.00360914036823087,0.0093659674792701
0.000992428712331579,0.00186996973343172,0.00167497033192837,0.381086865041122,0.140634431440091,0.373498361463403,0.0217561694992134,0.458980437574392,0.238131079673529,0.698693358005491,0.0659788469663074,0,0.0209775426543352,0.145583297212763,0.533752775152941,0.000143337806304932,0.00326507257038128,0.0483359838453671,0.0226955056179417,1.01190684449579,0.00139184983116448,0.00574927882042026,0.00364722222295649,0.129182650386821,0.0105690232519735,0.0310369832178326,0.0220145935888419,0.235304489301384,0.113457031633136,0.00675177910919693,0.00282451598497948,0.0394041158411687,0.000267738001168633,0.0762651520509291,0.261887613783667,0.288024014207998,0.00659807990317802,0.0557080771713307,0.0142406358248566,0.422994748130727,0.0438679852203137,0.00577677401748922,0.0108752410649191,0.000809083924114347,0.00257826940160401,0.000837301506632541,0.0718534625903719,0.00198594682928965,0.000677344597750593,0,0.0001800169824121,0,0.0414347589352436,0.0185975633682104,0.0246833934297887,0.00297106773829324,0.00667125103024469,0.0444665997779481,0.070916681201572,0.000802863651209881,0.184074834996653,0,0.003934967530147,0.0761143407868723,0.000678964852011801,0,0.000235605840471959,0,0.0436705495926104,0.000181395881838894,0.000851368089681532,4.63099863864899e-05,0.0386876945598256,0.000127486585937214,0.000360149634061933,0.000838627708109117,0.0918172537928492,0.00138591883858967,0.000339678799003029,0.000167640113132,0.000208276216676021,0,0.00223191024185071,0.074999117818505
0.000124040726599026,0.0550136185268464,0.00179535194773846,0.00176057288883529,0.00701332271885149,0.0368234129126034,0.0239134195848587,0.0175044576526507,0.0763024202600463,0.0328452260997424,0.631427966445342,0.0209775426543352,0,0.0120858042397022,0.00856157001126697,0.0111359355601571,0.00201457175726357,0.0217971547976848,0.00401673590445404,0.00698683301621688,0.00464752139946484,0.0627503134859885,0.00924972048659199,0.0582302746651444,0.48766856465002,0.0290734875953362,0.174038786333333,0.0380402904626693,0.0172679180823285,0.00926590631208642,0.112145639688158,0.0307607228892381,0.00061980393699255,0.0565323810475424,0.033503201462905,0.372209981792995,0.253238770854319,0.243509744676564,0.178305270162705,0.162430163462678,0.0242812755415608,0.119389196495818,0.0301660127639679,0.414990345812669,0.0619036773395174,0.0160588415427282,0.0665847512016015,0.0396914766391972,0.0203037039908904,4.81238400176525e-05,0.0200014189069095,8.81828957899096e-05,0.000533408943885302,0.00312931476736881,0.0035749329856724,0.00356200758355599,0.00489628720531709,0.00520853848529994,0.00581420682606664,0.3422919399313,0.00329751185304699,0.550962011182973,0.00417810521462386,0.00258789888061957,0.00115068376183655,0.00242546821703839,0.0191983034632937,0.00324319444848323,0.00106556840109258,0.000610324799969602,0.00544807666830304,0.00106260771880176,0.0129030637810831,0.188779769388875,0.137665404048027,0.223447024483933,0.00741487539383664,0.00460721820846842,0.000608391853298998,0.184617282069875,0.00621975219098623,0,0.0221561022426094,0.0154971145146058
1.03856084326167,0.000154336158727503,0.20311673189432,0.0059563115691216,0.00157182024253111,0.087893576509678,2.8190722187674,1.28046707535441,0.0114790557764441,0.522498676303893,0.0645837910346684,0.145583297212763,0.0120858042397022,0,0.00666888535909159,0.000862634965152859,0.321802074884003,0.0471144081573022,0.0824043897557648,0.0260063566101725,0.213574698978999,0.00103166914136617,0.715244548360765,0.0184377619389558,0.0125716862153853,0.0838403181859069,0.083490521593,0.141939572229357,1.17359711006007,1.3603063812945,0.00211432214295199,0.0260466794822323,0.0096638379844322,0.135708534310736,0.00655595568441061,0.110276279903455,0.00867312172748693,0.0365094835562996,0.0172795340619154,0.0198561833058666,0.00726674278703163,0.00099996526502991,0.0226437901442384,0.00165981987991423,0.00777454892431213,0.00370919809615548,0.0131502006070035,0.00274915797992627,0.000669923857270428,0.000112905955386496,0.000291797778403139,9.79970378983976e-05,0.00137581265508344,0.000217803514918709,0.00521758565525026,0.0114066155769414,0.00781374646114914,0.00593262726623154,0.0145336830995986,0.000257090712079907,0.0055274770509232,0.000210143172080517,0.00506355470178113,0.00186827528198688,0.00218745233510723,0.000516285993721461,9.49269581871988e-05,8.94974424290656e-05,0.00274363890818102,0.000362764796408916,0.00159965423946357,0.00147000379925375,0.0480845479881391,0,0.000346567758543491,0.00737329092813411,0.0448404516152233,0.00192790760542429,0.00108689506291978,2.7001709766984e-05,0.000410387273607802,0.000150366152445412,0.00453278403863301,0.00197551505422041
0.00033426042798996,0.0073339222900914,0.00509251285531385,0.0661201766414205,0.191463357183932,0.35253538368472,0.061675953979375,0.0192854753908173,0.184430692678871,0.0815705138303673,0.00356832001314571,0.533752775152941,0.00856157001126697,0.00666888535909159,0,0.0116801182670523,0.0045941072718513,0.00359861802471847,0.00234000561285672,0.0455454328833843,0.110400049599051,0.0251152208530437,0.111970663092528,0.25909402556371,0.0157452761817587,0.00379275859106794,0.0362000656326002,0.21348077180569,0.0104999574660327,0.109133547285402,0.000648936704412392,0.00703582629126207,0.00106901163654661,0.0091944851167368,0.287083218367255,0.0913093402676029,0.0117757052634916,0.00926307149508392,0.026616831558918,0.485334291478221,0.00818668335890801,0.000975705152887771,0.0172553875090835,0.00361899920911403,0.00368872130035827,0.00756771054978016,0.048597411739412,0.00173912052595406,0.000796761663698626,0,0.000213261629414272,0.000144477451163936,0.0106181370112191,0.00885232401705544,0.0101785855473432,0.0046756563663434,0.00298384470739903,0.0194342481403403,0.0305375090565825,0.000235080752562236,0.0532386267589051,0.000339373110702658,0.0020603814609132,0.0394561009025453,0.00792547059051688,0,0.00041862729969492,0.000229245496979999,0.0123572294956189,0.00282463187062004,0.004257791983186,0.0056181397858094,0.0324295988773118,8.55487788747787e-05,0.000843826853407956,0.00527360237452574,0.0446353860415488,0.00191123201591558,0.000721429625051257,3.4516952584362e-05,0.000514163710043526,0,0.00242233885068407,0.183690023562381
0.000275481804003883,0.0387857362520588,0.00189126059991443,4.13385606124401e-05,0.000206561442688084,0.000412043624631715,0.00352855894018781,0.000869794339334557,0.00956387068197032,0.000525349202598405,0.00166364478810768,0.000143337806304932,0.0111359355601571,0.000862634965152859,0.0116801182670523,0,0.00764210706166108,0.00087798121920848,0.00177445716410415,0,0.310364708996212,0.532894923953677,0.880914731387559,0.232727940163058,0.0141578957091582,0.00273530950193407,0.831057499082547,0.213491904123049,0.00213111996720531,0.0330347170796105,0.00188155263237009,0,0.000608400001251483,0.0145126464929005,0.0428369822015966,0.336827674664841,0.101590849960481,0.0549474390231351,0.0646831693176456,0.00317515876120407,0.000918708903651691,0.000726388317838147,0.0741299164557351,0.0107430513386,0.0171910789796862,0.0123044576380404,0.00543766519065871,0.00252943402139613,6.18640431790829e-05,0.000176672952192211,0.000814876928978775,0.00149518237905097,0,0.000261790390016794,0.000385456152363729,0.00470051518972499,0.000836296999536111,0.00387763999524879,0.000458792875889397,0.00133455918715003,0,0.000975932385506221,0.00109555557900157,0.00342568364372449,1.03662764140577,0.00109234593493089,0.000407605239570904,0.000229678665861129,0.00011518296128192,0.0421045129762001,0.264603112027005,0.30460025554656,0.211095736911163,0.00038512363784275,0.00175803897801733,0.117904762626341,0.110233523794259,0.00431992966386256,0.00269660317437296,7.31247009337666e-05,0.000160740727612972,0.000574124384179854,0.00633084885652239,0.0250846106417644
0.0369058725663869,0.000402611721387863,1.06199369857011,0,0.00054858339729042,0.00532937849830883,0.0175766335064518,0.139981974740986,0.00087657837828791,0.00564099970796547,0.0588217645290807,0.00326507257038128,0.00201457175726357,0.321802074884003,0.0045941072718513,0.00764210706166108,0,0.155191449525926,0.76478035636602,0.000389467644225097,0.285569927249788,0.00127129922021184,1.74001254311213,0.00361080430108204,0.000196519880540847,1.06942343309332,1.12109173187908,0.0172537475892163,0.360267111476587,0.275282109750998,0.00042537440525682,0.002203108530165,0.0332284281617233,0.250856021028624,0.0178048119597856,0.200356134828653,0.126060892581642,0.0680569366793781,0.0873146289472468,0.00485023813116958,0.00527504250049233,0.00035934382919116,0.0420418434199076,0.0236104292614874,0.0137842381320544,0.0119553026852818,0.000864283488964178,0.000971434265539311,0,0.000452260961674929,0.00896482027360556,0.0020894021046236,0,4.37900721935749e-05,5.20840115645885e-05,0.00143678570410433,0.000152247274505734,0.000172177264824819,0,0.00076470495609479,0,0.000171756189383244,0.000944367646520305,0.000234570586786032,0.0037122757963373,0.0392141753482102,0.00232710393196692,0.00662755448271129,0,0.00204654697954605,0.00203451318022075,0.0130453393954158,0.000854713893631647,5.63488782775402e-05,0.0222586133679111,0.150326306449805,0.000700613007273674,0.00109599177172563,0.00167829362998555,0.000247520423099065,0,0.00016509824564619,0.0122632186401131,0.00915355764418948
0.00235232992137053,7.5811564103317e-05,0.0292848999931231,0.00143035831824687,0.000753571135508916,0.0437630895948817,0.0305594971323653,0.0223699415168353,0.00432984688906638,0.0443981100099335,0.765005471531213,0.0483359838453671,0.0217971547976848,0.0471144081573022,0.00359861802471847,0.00087798121920848,0.155191449525926,0,0.264043419287766,0.00648378203714538,0.0175802569552159,0.000150454309542894,0.0558589320869272,0.00286863616228054,0.00228698546975713,0.127278124041125,0.107117028584843,0.0197938722382296,0.18228601632724,0.0148795456612595,0.00806477013863701,0.0640477741528123,0.00422455222070456,0.601334578576816,0.0353392122731944,0.502634888665841,0.192279397401709,0.28625874357919,0.299395777624392,0.0233428511105102,0.00581126275269201,0.00449670802161605,0.0119617035096257,0.013221641479552,0.00380266552361279,0.00424425219221892,0.000398254471925998,0.000568390182916546,0.000204083253663278,0,0.00134130769933024,0.000145323302148819,8.78357972648146e-05,6.20259627223969e-05,0,7.35804568588971e-05,0,0.00228555416220532,0.000238920341368198,0.0195860577903855,6.02802682498455e-05,0.0693950990429856,0.000113705529015446,0.0003896119597857,0.0004593013568151,0.00300533883215957,0.00751019785135747,0.00304457388397059,0,0.000300539161512518,0.00141116530317764,0.00223148471082971,0.0029423840009217,0.00394198256171775,0.0922798042350806,0.102827264434132,8.07348228611232e-05,0.000232042982564449,0.000167060621167707,0.0535868379152182,0.000237260369461441,0,0.000923530292715669,0.0149545979664193
0.00712625431410744,0.000181220425526523,0.216058252994813,0.000663531598227337,0.0007151190696645,0.0123188486301655,0.0194500173981412,0.0412244350919294,0.00157726079869723,0.0220876691450824,0.0447062276328684,0.0226955056179417,0.00401673590445404,0.0824043897557648,0.00234000561285672,0.00177445716410415,0.76478035636602,0.264043419287766,0,0.00288115432327831,0.0371105447467909,0.000554905195962811,0.279825431262019,0.00211437534133372,0.00156540679533365,0.797556245420818,0.256902312914078,0.0127606882717323,0.126109720851471,0.0320333056930967,0.0018733228293839,0.00989329390803334,0.0066564888570524,0.313515003790603,0.0243319394560124,0.424246528089302,0.264768553622771,0.106320285321181,0.191604799686063,0.00876941073659594,0.00368225536195257,0.000474306863381863,0.0391830064273658,0.0208655613997778,0.011955565854293,0.0112677708457127,0.00125201138786201,0.00107853815998993,0.000203474835211754,0.000544975278347349,0.00324241246337965,0.0010792580316886,0,0.000158900666054964,0.000211922505598068,0.000701143304308345,0.000164186710609913,0.00103296037060182,0,0.00171697889111889,9.82823572836396e-05,0.0050447076317327,0.00084589863987503,0.000607376073934412,0.000816962503396748,0.0215550858088578,0.00398197568418894,0.0125782477033633,0,0.0018899009622705,0.00132317366110573,0.00803622113906929,0.00117426240798349,0.000357113554711151,0.0563223902732812,0.117497107820864,0.000257078649555039,0.00100377791748168,0.00218421074070639,0.00593633911361406,6.95473594948767e-05,0.000138906247593689,0.00827806303825835,0.0112458986478418
0.000169428261199999,0.00032640618822794,0.000655828282040503,1.69761512531414,0.00613591869425957,0.0202321310430656,0.014636317850806,0.0334974519550067,0.0855381402630565,1.11168195583484,0.00790561678751449,1.01190684449579,0.00698683301621688,0.0260063566101725,0.0455454328833843,0,0.000389467644225097,0.00648378203714538,0.00288115432327831,0,0.000485754079686284,0.00114185422356186,0.00110389164543164,0.0403180398891891,0.0100452224424438,0.00436741823988641,0.00362294371657493,0.666979942959603,0.0228855599812895,0.00206979295080206,0.000268556656888819,0.00444009281330044,0.000193452689420819,0.0128973441077911,0.00827518545078481,0.0905839443614896,0.00160069419991076,0.0106597181419997,0.00601282181434241,0.0470763753622544,0.0104408765988018,0.00103067757786322,0.0175365351329928,0.000408221029243374,0.0078999058553505,0.00188524950351839,0.0384517154940528,0.00345371995990112,0.0011030889552157,0.000154590582746315,0.000181017041657782,0,0.0271759797842309,0.00655899176762579,0.0246611250099532,0.0107903795041037,0.0234410235564167,0.0288916088164081,0.142277083379309,0.00213403283413446,0.08592145402367,6.9431995539689e-05,0.0132829363929839,0.0279789689703284,0.000238492072465134,6.02269597345352e-05,0.000373644828659248,0,0.0373251401285943,4.11342261170387e-05,0.000708664853722099,0.000118149067168331,0.0808567877920067,0.00011741431004734,0,0.000736164407829904,0.151518203859525,0.00738113242524813,0.000776082809499931,0,0.00233284662897296,8.71566286173822e-05,0.00493741382642086,0.00229508664059043
0.023467816408483,0.00206545553118045,0.350801654736406,0.000507997491471219,0.00167585249414661,0.0145399605366597,0.359889494143353,0.150823370180265,0.00552586294675276,0.0231878229033033,0.0118538401804043,0.00139184983116448,0.00464752139946484,0.213574698978999,0.110400049599051,0.310364708996212,0.285569927249788,0.0175802569552159,0.0371105447467909,0.000485754079686284,0,0.0292907043533389,3.50672860258409,0.0751014683941707,0.00313719294089594,0.0479621919478078,0.320701388610619,0.875347361271486,0.249016620594746,1.70541248562648,0.000279642530725598,0.00156517465694063,0.0736024961931652,0.982251739367794,0.260306298193223,1.08530796548661,0.163825550007585,0.832596119713048,0.573537742013382,0.0274482879694366,0.00823828248131823,0.000737294869094374,0.0522856445857659,0.00659202484416336,0.00911189559421287,0.00937630616634909,0.00745488672312693,0.00295281019975407,0.000159013442837191,0.000454600645168328,0.000274374182897425,0.000517315787100601,0.000143499745169926,0.00167489555123,0.000333227139318895,0.00475240424940202,0.00125894015006342,0.00303706176353672,0.00174343451803858,0.000371009411395049,0.000495336033165384,0.000113701430887103,0.00267865125844045,0.00333395462453418,0.177558130855108,0.0014929012209265,0.000253250315627718,7.88389003938672e-05,0.000249096513796139,0.018289033594518,0.0473879599631238,0.0429518790203897,0.128014664989856,6.46688632732868e-05,0.00068431302736118,0.0371740846095187,0.0744393512414652,0.00395972761394694,0.00210170836475606,0,0.000954098896689128,0.00052553663642025,0.00454051973602347,0.091067489606032
3.34270088829994e-05,0.27511168938722,0.000617585953033233,0.0012681548293191,0.00119149648485809,0.00105173778985794,0.000678453855403354,0.000829192081577514,0.737091075569301,0.000939050047729635,0.00544252795516839,0.00574927882042026,0.0627503134859885,0.00103166914136617,0.0251152208530437,0.532894923953677,0.00127129922021184,0.000150454309542894,0.000554905195962811,0.00114185422356186,0.0292907043533389,0,0.0669272763951577,1.19775934053502,0.173501244559367,0.00231924697750886,0.727299936641631,0.0782628784641991,0.00229768424339457,0.000801419061935189,0.00742102134976305,0.000212574948497629,0,0.0025060694749217,0.00279094222407203,0.021982006487595,0.0043288154919878,0.00386593346847267,0.00258382807892907,0.010087446805479,0.000753401819626474,0.00473205833673344,0.0284109161165096,0.00734969925917478,0.00879367405227257,0.00422209845041902,0.00215574718160791,0.00041883639505229,0.000287090781413841,7.85784518752097e-05,0.00649939938982975,0.00106333114762172,0.000733269863649962,0,9.16480111144545e-05,0.00368345063972499,0.0007045548502749,0.00433217995295219,0.00125499690817256,0.00341294876689872,5.08398035695553e-05,0.00454594898514242,0.000892895633714555,0.00117953255852442,0.233444274396367,0.00151294621195318,0.000308441147078156,0.000416350842535209,0.000199985305012274,0.00879983352178204,0.250013219194208,0.0651452791250983,0.114829964759883,0.00184499173585963,0.00181655365819282,0.193267192945191,0.032342062001895,0.00175125207559099,0.00132083587113698,0.000745680014523983,5.16544635663032e-05,0.000194220554240608,0.00357626481748655,0.00454733274203959
0.117955067976782,0.00312126170365455,2.87385007884148,0.000553257852706147,0.00374247438240876,0.0184520380965398,0.243044487931621,0.473870762468629,0.00387693756909507,0.0216756344915068,0.03745495675071,0.00364722222295649,0.00924972048659199,0.715244548360765,0.111970663092528,0.880914731387559,1.74001254311213,0.0558589320869272,0.279825431262019,0.00110389164543164,3.50672860258409,0.0669272763951577,0,0.075355595123817,0.00294646803796306,0.468761639589995,3.3913529422858,0.510214746493105,0.401750106133071,0.962859408085947,0.000922992361685206,0.00356132127747994,0.046468893965842,0.845865012975636,0.447405596922386,2.75334301812682,0.880317450506962,1.27579037483482,1.25643359052886,0.0390697308366465,0.025222895111897,0.00173851913672974,0.138112851809166,0.0217425838308492,0.0674872262209442,0.0444451115095888,0.0136498178665483,0.00323648938689716,0.00022367198833332,0.000486240984091854,0.00400376565478602,0.00994353898256166,0,0.00351282201721854,0.000553550572294855,0.0188465494412154,0.00179024280475755,0.0032226831634871,0.000621705541965914,0.00187831377391916,0.000591190746939278,0.000185787836902499,0.00288380506649914,0.00887186533632257,0.989593322381357,0.0160814670078897,0.00286799894872921,0.00198709323094017,0,0.0408323349499459,0.176792285941142,0.602745344974248,0.112535840271334,5.18896006840706e-05,0.0121015114459275,0.666009355329504,0.0664406760645278,0.00171971671328745,0.00755272165212958,7.0873060539937e-05,0.000243943178268575,0.000435563797578263,0.0267184751118021,0.223366490851929
0.000433669165799236,0.152810150526544,0.00536966811775718,0.250105498939246,0.0175300742491386,0.0273390886851546,0.100762502615028,0.036709775019129,2.38804342693115,0.0658076193098893,0.00960136474413787,0.129182650386821,0.0582302746651444,0.0184377619389558,0.25909402556371,0.232727940163058,0.00361080430108204,0.00286863616228054,0.00211437534133372,0.0403180398891891,0.0751014683941707,1.19775934053502,0.075355595123817,0,0.0986866868163839,0.0053471692327862,0.517179814519725,1.30756600296424,0.0358896307296599,0.0065873901218505,0.00716764880905154,0.00361307033999186,0.00448941287012418,0.0245541722661076,0.0280301740405988,0.188363012219137,0.0182310899279535,0.0270479132426091,0.0251292463582009,0.0790392776468888,0.00816999233330909,0.00456894199889515,0.243894900537173,0.0102312768141942,0.0714361533944376,0.0317818614599204,0.0939480435235601,0.0282274231348706,0.0022628303207098,0.00168260339835081,0.00200355669158773,0.000525299225140738,0.0570850735382289,0.00638193876185093,0.0596059305363871,0.117725034642162,0.0824518016363117,0.244569932463138,0.248639633082589,0.0174214486912315,0.0712995499220642,0.00523123560491192,0.0687493867733898,0.0273657660244887,0.126767874743093,0.00096396590098212,0.00318707108319461,0.00109575036472268,0.0491449330780497,0.0182149093347701,0.104060216880063,0.0364576718625617,0.95767150739821,0.0033845949027745,0.00176182781070192,0.0653555971467908,0.682992461284455,0.0606979053269621,0.0187102214129164,0.000617871962202454,0.0117772731212207,0.00235736118445559,0.0364733774534946,0.032068125764198
0.000418132425096321,0.127024349022089,0.000349162103712368,0.00310138736170623,0.0108346620472788,0.0385352154502772,0.0241164006158929,0.0302423467631143,0.137542399975936,0.0163521248549783,0.115323569908643,0.0105690232519735,0.48766856465002,0.0125716862153853,0.0157452761817587,0.0141578957091582,0.000196519880540847,0.00228698546975713,0.00156540679533365,0.0100452224424438,0.00313719294089594,0.173501244559367,0.00294646803796306,0.0986866868163839,0,0.0116249971520879,0.296817698929702,0.0917867240930788,0.0165736841238653,0.00131467764787588,0.0769045530985397,0.0250500349203579,0.000331612917286205,0.0186221882756045,0.00193713526305246,0.0725414355207108,0.00233182239057684,0.012720960476504,0.00321053966725537,0.26953778545761,0.0209626484541708,0.00485686434097929,0.0362638511415076,0.143446079375497,0.0166887029648645,0.00575998962953222,0.214772958846002,0.00867466171948913,0.0114344039437943,0.000441575794364595,0.0242231956494233,6.45306552957535e-05,0.00153034387196774,0.00478354355977185,0.00944012950903821,0.0110009235971813,0.0176257054188027,0.00286361903880095,0.0248562014875705,0.116031125261259,0.010947564271649,0.119912065463226,0.0181421233370914,0.00873739251198225,0.000608740574845219,0.00284566575875783,0.00722044290974818,0.00301345411168365,0.00559075133909065,0.000836830822777391,0.00316273163430195,0.00101935845077247,0.0197670978035888,0.0974953871865989,0.0373971266878957,0.158226487252664,0.0210809745311146,0.0115970729692816,0.00036289106938467,0.0279634408934668,0.00674667928506226,0,0.0071561021015521,0.00327164449013433
