0,0,188.42123696208,20.4578667581081,0,101.503142088652,7114.54697629809,2056.79631191492,31.8780438303947,149.02409568429,83.6578010320663,42.2436076402664,53.3436544537544,11756.6862273216,0,0,402.653266012669,18.7406198084354,71.102173179388,22.9272412657738,101.308606356382,2.75114271044731,226.502047806978,65.7506566047668,14.8769218921661,141.914899528027,80.1716813743114,164.748986318707,11369.1785484552,6782.97228401899,3.88576292991638,11.879834830761,29.2598934173584,401.277746677399,25.1311075389385,256.698597818613,20.2987931370735,293.549119144678,93.6101877689362,15.8597334623337,8.54378592967987,12.3909693360329,9.84055742621422,1.04694923758507,10.8990284502506,11.6139313578606,0.465599626302719,0.713858067989349,4.36058610677719,0.888873875141144,3.31713396310806,2.50010725855827,1.35665512084961,0,0,0.335996955633163,0.466753900051117,9.56738072633743,0,3.30062478780746,3.80595344305038,3.02238827943802,3.97297725081444,0,6.80955648422241,0,0,0.744983673095703,0,0.732004702091217,2.42308458685875,0.231192171573639,27.7225073575974,0.462127894163132,4.7009896337986,1.79908201098442,6.41187077760696,6.86589604616165,5.8387813270092,0,0,3.61053362488747,6.5217367708683,1.06965655088425
0,0,44.1017822623253,0,3.24817699193954,0.893682897090912,3.80243736505508,4.51406642794609,1655.66191926599,3.45140826702118,141.299530595541,4.50509315729141,973.461585253477,18.3004959225655,0,140.24425688386,266.70399788022,8.1204277575016,44.6462144255638,0.922868847846985,46.58724167943,4754.61612793803,58.1576942205429,3364.34978100657,3169.5837828517,675.964754551649,32557.0439691544,104.395604819059,17.7841449677944,13.7112326323986,86.1746109127998,5.35821801424026,1.96673995256424,138.311805397272,12.867084145546,320.136464893818,168.059640735388,139.693516016006,132.453459501266,6.51447910070419,0,801.676024824381,168.543468803167,106.0311242342,124.612418264151,114.405091226101,1.18466666340828,2.71969699859619,35.5536797642708,1.38698327541351,1338.2000463903,148.633411675692,3.34229546785355,0,0.408941328525543,6.28425750136375,2.44622272253036,44.0529371798038,6.28573203086853,111.336150854826,2.70908617973328,360.224711745977,5.9310222864151,0,14.343271791935,102.33337238431,32.164425522089,229.622717529535,0,13.4615153670311,44.7174843549728,37.5482184290886,51.6055001914501,99.2869477272034,1818.80110788345,4014.32394638658,10.566926419735,3.06999635696411,15.9653601050377,144.888756036758,0,2.48701161146164,118.801822632551,8.11688458919525
188.42123696208,44.1017822623253,0,6.57553288340569,7.61032429337502,22.8402048200369,1499.64167127013,276.029082685709,20.3172612786293,14.0455456078053,15.5570297539234,6.13051187992096,114.221959620714,752.56912702322,0,20.7828123569489,13424.9537600577,26.1290178894997,974.579435497522,3.80225136876106,7288.97910192609,97.1132782697678,44959.2847875059,54.0808730125427,8.39700734615326,31337.4651275873,10400.8162190616,1342.3712400496,356.152063220739,3496.59233206511,10.4847611784935,3.15718424320221,38.3511457741261,2519.2735286653,281.242522090673,4612.8359887898,1718.40714609623,2378.68732520938,3533.05435705185,19.7089460492134,19.9682619571686,4.41277062892914,1501.9803532362,470.176590561867,944.528541386127,890.559463888407,16.0215162038803,8.06929370760918,8.2515931725502,17.7812671065331,114.316169470549,2458.50784516335,0,0.476072251796722,0,43.0209044963121,2.29514491558075,40.579584389925,0,0,1.80021786689758,1.10274457931519,24.001236230135,2.67374897003174,128.455997407436,1600.27024659514,0.945880204439163,556.402101993561,0,73.8985706120729,153.077555507421,357.359441190958,69.5924640893936,0,1600.38069166243,4343.63444474339,53.1787184178829,12.0685363411903,69.3886871039867,0.366084426641464,0,2.44060778617859,916.937441825867,176.036206513643
20.4578667581081,0,6.57553288340569,0,39.5631997287273,1266.22915431857,352.027705937624,1223.24782292545,7268.81107062101,16752.5523235053,163.696014881134,8692.08810710907,240.689157128334,1318.05238598585,150.675305962563,0,5.48016041517258,20.0974022448063,14.3982164263725,20908.5641873479,2.24617743492126,11.8883429765701,3.88054224848747,6597.92938667536,89.3931427001953,26.9799878895283,5.16349083185196,12055.8172745109,486.837827205658,44.9720696508884,2.58313286304474,150.38590849936,8.92142221331596,718.447356879711,41.3802117705345,1437.64818704128,52.4856300652027,1034.74725420773,359.989737182856,1218.94317510724,65.367271065712,28.4510689079762,1044.92680084705,19.5081080794334,1334.81112709641,233.582194507122,411.511892527342,51.7145949006081,61.0385032594204,6.1365150809288,1.93954637646675,0.260910630226135,4032.51186051965,6.83357834815979,196.686883330345,255.296847879887,239.036896824837,1693.36436849833,2628.15677818656,9.29157710075378,594.542296171188,1.53667020797729,547.53506423533,77.5375835895538,0,2.98621088266373,0,0.847533196210861,624.267478823662,0,5.56683930754662,0.543800294399261,3955.05433309078,1.02081626653671,0.336704671382904,6.32825291156769,2805.88256633282,280.575526416302,11.2113286554813,0,5.41307377815247,58.7573420107365,603.318478941917,17.0098568797112
0,3.24817699193954,7.61032429337502,39.5631997287273,0,921.915398061275,28.7317270040512,21.4463464915752,161.075197398663,132.00473806262,346.06525054574,289.437895476818,131.017528444529,37.5494780540466,3518.17278563976,2.13360679149628,5.26802456378937,39.2494089007378,31.0816376507282,29.6033404767513,26.611182063818,1.39063930511475,35.8241665959358,101.495842814445,24.203948199749,38.9971387088299,23.8061202168465,44.7515597343445,94.1118899583817,19.192067950964,10.2463248372078,1745.18124473095,1.41488206386566,1247.92377454042,211.702760577202,459.087431311607,26.9531578421593,99.5236924290657,108.543304234743,9350.4931640923,5022.04584231973,25.31606143713,19.7047464549541,29.8593483567238,15.3677057623863,81.4966003894806,4.73222863674164,2.04633116722107,16.1065972745419,0,0,4.95150369405746,10.0132352113724,0,0.624128103256226,4.55864131450653,0,11.6922692358494,10.6244449913502,7.61130648851395,29.4219552874565,6.93128684163094,0.701610267162323,3.25060606002808,7.29813599586487,0,0.636241972446442,1.53307282924652,1.16021478176117,9.59070521593094,2.29956984519958,13.5785157680511,11.8330495655537,0.826227843761444,10.6279470324516,33.2361572384834,7.16673544049263,4.79878634214401,8.48192226886749,0,0,6.24519264698029,2.71610677242279,473.438131421804
101.503142088652,0.893682897090912,22.8402048200369,1266.22915431857,921.915398061275,0,2784.63125880063,10285.7750246227,563.722996503115,21447.0790820271,117.530692577362,5877.18991032243,425.408510386944,3815.41574040055,1637.78734308481,0,21.2377835810184,20.8713215887547,14.0419510006905,1399.14477564394,26.9521505832672,4.41556525230408,28.417606562376,342.579868480563,183.864158093929,30.1310168206692,13.7142589092255,504.083450868726,401.226993203163,390.386838927865,1.75245171785355,2225.0709605664,8.92975452542305,440.444522678852,2236.26974645257,3141.55987104774,94.2439658343792,688.687991023064,430.865262031555,6039.75092487037,753.509941875935,41.673701941967,273.353334933519,16.1635412871838,165.38420984149,65.5227288007736,74.7253558337688,9.86429715156555,84.0277000367641,9.94618886709213,1.15011274814606,0.3740513920784,249.814301490784,1.54832684993744,6.39554277062416,26.3524255156517,10.6427684724331,116.689718902111,143.2527384758,3.82847213745117,226.181993454695,9.83269840478897,19.0377958118916,23.1794830560684,0.399004727602005,0,0,0,76.2649188041687,0.57144021987915,2.19623279571533,0.466153174638748,497.591560870409,0.370708793401718,0,0,155.746443808079,52.4131910502911,30.1446181237698,0.368354886770248,0.592568218708038,18.760165989399,77.8501135408878,163.845695018768
7114.54697629809,3.80243736505508,1499.64167127013,352.027705937624,28.7317270040512,2784.63125880063,0,12029.4329858124,824.841174960136,13901.6982267499,431.447242677212,412.152670532465,956.502456277609,26766.6587351561,36.0685947239399,10.0342035293579,623.604394942522,90.6903628408909,234.399658337235,200.515420585871,3525.21004605293,43.5309779942036,1464.84995886683,2312.41941261292,172.371246635914,712.394015595317,352.253628224134,48693.883240059,8222.30905537307,16139.662913084,16.1456492841244,475.172709286213,748.135154902935,3732.36546704173,546.023344546556,9443.17076382041,313.031099647284,5376.15494894981,2095.19858437777,1521.12054380774,453.885152310133,74.1623706221581,2160.83498892188,104.594583302736,1405.39691221714,346.413666129112,216.27971547842,80.6848071813583,70.9088497459888,49.6293870806694,1.18253576755524,26.3983104228973,282.763129889965,1.06952649354935,42.3197837173939,132.802728444338,186.704387649894,359.137565404177,233.341225773096,13.3459496498108,132.492424070835,12.6263754963875,378.647392749786,24.2448687553406,133.467452824116,6.63024657964706,0,0.455663710832596,61.3328039944172,89.9110645949841,48.3240518271923,108.821669816971,1833.50697380304,1.31531116366386,5.66283769905567,61.3138045966625,466.479968756437,376.563899338245,200.500104725361,0,1.42812657356262,211.209383487701,474.20256075263,169.176303982735
2056.79631191492,4.51406642794609,276.029082685709,1223.24782292545,21.4463464915752,10285.7750246227,12029.4329858124,0,530.564563006163,16158.3180415183,656.723661452532,4122.08611649275,1066.80407145619,27112.7873633057,84.4682832658291,3.57716137170792,540.866167277098,114.616432636976,169.27284155786,1919.77778436244,183.691388964653,2.53795871138573,410.565422415733,779.069590955973,436.154692828655,293.68795260787,111.83019195497,1182.00999066234,3710.10574127734,5696.16831617057,27.7129561901093,222.543331980705,84.1679076403379,1317.65338788927,170.991378009319,4171.83535957336,195.526321172714,2055.83393554389,1256.68060335517,604.906292945147,154.728854447603,102.671721458435,685.314940690994,30.3993501663208,470.942151635885,80.8790032863617,119.894985109568,39.8016058206558,101.226700186729,14.5531957447529,2.14787402749062,1.20424273610115,281.588977873325,0.487895220518112,16.4694879949093,63.7714128196239,19.6670658886433,210.417892247438,174.418859630823,10.2997547090054,308.662329643965,36.0581248998642,76.1793604493141,16.3983818292618,3.52517065405846,0.98800864815712,0,1.51230680942535,74.9197879433632,1.92215305566788,4.95841774344444,1.51636469364166,1087.83960086107,3.29527372121811,3.10862144827843,9.17170706391335,267.371971786022,98.8011592626572,61.6497575044632,1.38487380743027,0.723382592201233,74.5527882575989,256.150688737631,96.7634157538414
31.8780438303947,1655.66191926599,20.3172612786293,7268.81107062101,161.075197398663,563.722996503115,824.841174960136,530.564563006163,0,3153.20922005177,109.44749969244,5429.46808287501,594.467853456736,788.478401780128,219.244528859854,476.945343136787,38.4595570862293,13.5943332910538,19.1689259409904,1286.29457548261,359.06151252985,6613.36225655675,192.107436150312,36570.7620559931,1423.65540093184,136.256350457668,4464.01280280948,6734.13505133986,1435.62205445766,459.592190772295,53.1352721750736,152.22632445395,282.653267979622,477.485467866063,174.394760519266,3349.62746199965,162.353659570217,1006.86777073145,407.16344460845,1937.2101842165,112.440060913563,178.328110992908,1097.56482875347,203.455346167088,728.361758440733,191.462345033884,150.322187155485,29.6182676553726,46.8573735654354,53.5264063477516,28.0138098597527,9.46720439195633,1248.77201980352,3.50551056861877,73.1403575539589,184.047777354717,186.439600795507,3499.71441695094,626.912827134132,44.2738176584244,238.463226824999,85.4096610844135,390.316463321447,36.3549334108829,789.465625137091,26.7575847804546,28.2180124819279,55.4630232453346,125.655740171671,524.845480591059,618.1645167768,339.284465879202,3969.94119140506,15.8034876585007,89.0985967516899,112.341280996799,1269.51045390964,461.058524519205,328.062594383955,9.22907471656799,7.16876378655434,187.787663251162,259.026146709919,199.959072232246
149.02409568429,3.45140826702118,14.0455456078053,16752.5523235053,132.00473806262,21447.0790820271,13901.6982267499,16158.3180415183,3153.20922005177,0,850.753833025694,10167.1123232692,876.701343506575,10356.0082397163,326.269755959511,0,34.1428274214268,182.170627385378,152.755186736584,6632.01100830734,8.17417886853218,3.59089103341103,11.0187374353409,1626.23312532902,313.328745752573,200.15424695611,45.2350852787495,6417.19619518518,2162.55802641809,236.203551977873,30.9727510809898,583.039716079831,14.5761478245258,2968.24076396227,107.664528340101,4201.18299932778,149.100188702345,3422.4458194375,1113.88241255283,1686.92063501477,196.777125835419,136.733355045319,636.690244674683,11.5201934874058,773.455595299602,86.4163507521152,346.785886377096,32.062005341053,73.3495216071606,5.46483919024467,4.01128420233727,0,3098.42816592753,4.63412964344025,154.471941024065,169.695581927896,56.4385422170162,928.686444908381,2039.43769447505,7.20374724268913,696.353525191545,20.3345484435558,247.662384837866,103.021499216557,0,0,0,0,552.578050464392,0,2.91997766494751,0,2567.33675593138,7.63733318448067,0,0.381810545921326,2139.76826706529,140.159108579159,5.84618246555328,0,1.70316365361214,26.7639062106609,491.288551449776,10.9114229679108
83.6578010320663,141.299530595541,15.5570297539234,163.696014881134,346.06525054574,117.530692577362,431.447242677212,656.723661452532,109.44749969244,850.753833025694,0,723.145345002413,9841.11602094769,3530.53545713425,8.45105656981468,1.00127530097961,98.6532126665115,13979.1190802753,1575.08712786436,295.680198729038,49.4270926117897,32.2045913934708,52.0414364635944,128.699393510818,574.517023801804,4461.26478594542,156.348695158958,149.285092622042,1414.24398809671,234.877698034048,713.001654237509,1934.29284662008,1.91010019183159,20066.016402483,9.52802434563637,528.244237422943,5442.81583109498,8650.34674274921,501.028081655502,62.4558200240135,12.9486384987831,2929.34909161925,13.9624751806259,94.9785419404507,28.3413560092449,20.983897715807,0.372879773378372,0,159.78795838356,0,340.246526181698,0.96265321969986,0.884393393993378,0,0,1.07204270362854,6.62825599312782,86.6744108200073,0.858613431453705,1751.01227036119,126.968686759472,3893.3432033062,10.191442489624,1.62939643859863,4.81001806259155,1.38689249753952,65.0720130205154,13.1227782070637,1.53008326888084,0,74.9127830862999,0.31551805138588,84.7315560281277,428.056506305933,403.337537407875,184.618929177523,2.74918043613434,10.5037751793861,6.07675442099571,514.008007884026,1.05357399582863,0,27.3953878879547,5.55097660422325
42.2436076402664,4.50509315729141,6.13051187992096,8692.08810710907,289.437895476818,5877.18991032243,412.152670532465,4122.08611649275,5429.46808287501,10167.1123232692,723.145345002413,0,638.850420445204,3764.33249022067,1492.09295397997,0,21.2659012675285,151.440295964479,157.581212311983,14116.1044352949,5.3154219686985,14.9143908023834,8.36141893267632,658.479779809713,316.985204398632,157.154552042484,45.1119404435158,615.935302913189,1041.66154697537,102.708377361298,27.4327338933945,580.456143021584,2.08249825239182,844.372264236212,2425.42819702625,1591.16913795471,109.698832094669,1459.1201890409,776.955227792263,3387.00346496701,69.6654961109161,116.982266366482,130.41803830862,27.4087126553059,163.603636264801,84.1738916933537,488.257206082344,23.2175171971321,149.138132214546,0,0.396115928888321,0.820600748062134,2727.81079143286,11.0870874524117,158.533501535654,27.0405445098877,76.1296294033527,716.761080414057,1607.28334271908,16.0241478383541,1354.81076323986,28.9762352108955,117.608738690615,195.989731192589,0,0,2.23240154981613,1.56539982557297,464.882665455341,0,5.03830474615097,0,973.640722900629,5.56519883871078,1.55143103003502,4.9766086935997,1006.20185628533,41.936867415905,3.39951267838478,0,11.3407982289791,6.19754382967949,95.9330265522003,240.992556005716
53.3436544537544,973.461585253477,114.221959620714,240.689157128334,131.017528444529,425.408510386944,956.502456277609,1066.80407145619,594.467853456736,876.701343506575,9841.11602094769,638.850420445204,0,2687.8265529573,18.8339269757271,35.3513176739216,49.5263307988644,396.711978107691,240.157665967941,206.09589317441,315.808439284563,327.561043024063,329.67434412241,761.021985292435,5559.59093397856,834.29997164011,3749.37575128675,824.784786581993,593.831088602543,567.381965428591,997.837415784597,1720.28359931707,12.9194467067719,5053.84431013465,807.720746934414,7096.30426707864,8885.29520627856,10758.5379279256,8995.58341524005,1494.72333404422,1897.73080533743,8537.4442653954,489.350931614637,677.067547976971,580.835664480925,491.531308531761,452.828798294067,85.0193492472172,711.215969055891,6.38950410485268,1049.87702381611,26.5574678182602,25.7550863027573,0.619989335536957,34.8463641107082,21.1635801494122,179.912721276283,201.432884812355,16.503674685955,6421.33609721065,309.881694972515,14835.3285213113,158.995657891035,26.8893723189831,40.4119559824467,19.9466137886047,787.745216757059,230.378176033497,14.6667805016041,23.6112137138844,216.256713420153,42.3152522742748,349.775037676096,1889.11383470893,3181.46505925059,3324.76916256547,42.2786808311939,131.770468622446,34.8830601274967,3778.81509566307,58.5065325498581,37.0987182855606,256.192265063524,383.995435208082
11756.6862273216,18.3004959225655,752.56912702322,1318.05238598585,37.5494780540466,3815.41574040055,26766.6587351561,27112.7873633057,788.478401780128,10356.0082397163,3530.53545713425,3764.33249022067,2687.8265529573,0,98.0197183191776,4.67142480611801,1446.43136373162,862.069127202034,870.818037331104,1683.79846973717,451.298562973738,11.6508713960648,986.208101704717,1185.80029131472,995.837878972292,1275.16253913939,479.028533130884,2297.21546696126,32815.0918736309,17232.5399673581,166.237078428268,828.811019048095,206.769073754549,4638.97788210213,235.217749208212,6095.9326800704,565.999148577452,5224.81649491191,2603.14770442247,732.398369580507,259.080046474934,464.535729408264,944.783724918962,54.2410676181316,601.62423157692,181.001783639193,162.203603029251,38.9164654910564,167.948985844851,31.1210559606552,11.5119730532169,5.89527457952499,293.236774206161,0.823638081550598,5.43220552802086,95.6580023169518,33.4886440038681,264.691748827696,127.647064805031,85.3705599009991,523.626635462046,142.945975601673,74.705442070961,21.1666798889637,19.6210120618343,4.47412663698196,1.06318917870522,1.89717108011246,73.7466568052769,12.719633191824,11.5240016877651,8.02158665657043,1517.03296944499,20.4742480516434,22.9362836182117,38.1655808091164,332.850018769503,157.99017778039,79.807833224535,18.3919425308704,1.65529382228851,149.018505483866,249.738248229027,117.315927147865
0,0,0,150.675305962563,3518.17278563976,1637.78734308481,36.0685947239399,84.4682832658291,219.244528859854,326.269755959511,8.45105656981468,1492.09295397997,18.8339269757271,98.0197183191776,0,0,1.01729071140289,3.35084223747253,2.41569271683693,113.95520991087,0.813366413116455,7.98855566978455,0,259.567134201527,9.82312577962875,4.12961691617966,6.50100213289261,63.7608816921711,23.4841907918453,2.49918711185455,1.70339238643646,690.467843383551,0.312889963388443,31.4442245960236,219.1449457407,112.047087669373,4.31049859523773,51.4224646985531,28.8295971155167,5853.04232278466,302.870985388756,0,3.42258650064468,0.99364498257637,4.80438882112503,1.16829815506935,10.5627861022949,0,9.20132660865784,0,0.705382108688354,0,32.6403452157974,2.16180109977722,0.772628307342529,0,1.58386373519897,10.0821324586868,14.0276213288307,0,52.0383636653423,1.18853747844696,3.10296088457108,3.64121341705322,0,0,0,0,7.74914905428886,0,0,0,17.5888940095901,0.441886842250824,0,0,15.0097189545631,1.08934044837952,0.347166150808334,0,0,0,2.0788526237011,7.6375338435173
0,140.24425688386,20.7828123569489,0,2.13360679149628,0,10.0342035293579,3.57716137170792,476.945343136787,0,1.00127530097961,0,35.3513176739216,4.67142480611801,0,0,37.6905081868172,0.426065444946289,23.9813112318516,0,8583.68802663684,14826.393789798,9368.36152398586,3593.30819940567,57.2150574028492,53.3084672391415,8634.62859123945,7468.00410401821,4.75347036123276,12.8398671746254,1.82216039299965,0.644639015197754,4.95716711878777,86.0895716845989,130.631276547909,2445.62381765246,755.059947282076,365.55689445138,479.71504765749,10.2821407318115,1.95249861478806,7.48833346366882,750.198840618134,286.125904858112,318.342268049717,263.508327543736,5.78513550758362,3.49419188499451,0,3.83259382843971,10.4578502178192,161.05068063736,0,0,0,19.1587905585766,1.4746780693531,18.8618348836899,0,0,0,4.25190511345863,5.03437086939812,0.938075125217438,4898.33184760809,64.9115583002567,0,10.0217092633247,0,1092.35544085503,2586.09925803542,5301.78645884991,251.411754608154,1.20868149399757,39.7893216907978,920.318395614624,382.622562617064,3.48531168699265,209.676800847054,0,0,1.74912643432617,101.034569114447,100.81277564168
402.653266012669,266.70399788022,13424.9537600577,5.48016041517258,5.26802456378937,21.2377835810184,623.604394942522,540.866167277098,38.4595570862293,34.1428274214268,98.6532126665115,21.2659012675285,49.5263307988644,1446.43136373162,1.01729071140289,37.6905081868172,0,12.9132650792599,3599.78501716256,9.45160940289497,3089.56097075343,134.568958491087,10436.1116864085,116.952157348394,5.65692603588104,17366.2971169055,21090.7743306458,583.449324518442,1021.301448524,7439.82213205099,5.50726282596588,28.1170499622822,73.13482645154,10330.7038525343,59.5081196725368,1701.56731843948,3324.52616018057,1246.25562930107,762.331168919802,10.6948702335358,15.3412542939186,3.21157842874527,619.446622386575,445.461962416768,451.236813411117,386.503126293421,1.90336549282074,1.55764934420586,3.41696253418922,0.65293151140213,180.2011372298,680.507014408708,0,0,0.429199814796448,11.2519177943468,0,6.55247992277145,0,1.45085430145264,0.845776617527008,4.77085411548615,9.43429863452911,0.496549099683762,63.6286395788193,656.384287744761,1.02844619750977,329.50393281877,0,22.7468532025814,55.9255652725697,127.81395471096,19.9755459427834,0.845469355583191,1741.42684845626,1826.43019704521,9.72280316054821,10.3076583147049,23.6738401651382,2.95845463871956,0,3.89922022819519,520.335317283869,33.8122124373913
18.7406198084354,8.1204277575016,26.1290178894997,20.0974022448063,39.2494089007378,20.8713215887547,90.6903628408909,114.616432636976,13.5943332910538,182.170627385378,13979.1190802753,151.440295964479,396.711978107691,862.069127202034,3.35084223747253,0.426065444946289,12.9132650792599,0,1358.36660015583,61.9416173398495,59.1789835393429,3.85009044408798,100.26489123702,30.6981675028801,68.8016841113567,4318.75388029218,217.834770232439,38.3656313121319,372.487091422081,70.812108784914,110.29893925786,311.715551912785,2.01525920629501,4668.26258552074,35.8955752849579,1632.9206815064,3710.77982491255,5450.3101311326,1147.70853278041,17.9287586510181,9.26063984632492,405.454814702272,35.0265553295612,126.943426907063,72.3785338401794,35.8402269780636,3.36611580848694,0,7.35540503263474,0,50.52545773983,2.25339031219482,0,0,0.429328948259354,0,9.55871289968491,5.66168043017387,0.404062926769257,588.005779385567,5.04610699415207,805.577141612768,35.3341225683689,0,0.782838940620422,1.25469672679901,251.864116638899,78.8762599229813,0,0,4.0439413189888,0.553551629185677,3.69021883606911,72.8064296841621,1029.2581846118,481.410641998053,0,24.5250809788704,0,538.508604615927,4.96739673614502,0,72.9062916040421,15.7845508754253
71.102173179388,44.6462144255638,974.579435497522,14.3982164263725,31.0816376507282,14.0419510006905,234.399658337235,169.27284155786,19.1689259409904,152.755186736584,1575.08712786436,157.581212311983,240.157665967941,870.818037331104,2.41569271683693,23.9813112318516,3599.78501716256,1358.36660015583,0,41.5408289730549,978.185768038034,45.5921401679516,2129.09115412831,54.3026230633259,19.8053865134716,7361.53449508548,2782.08235219121,160.918679505587,576.041886657476,1061.70572713017,11.6916116476059,193.512810826302,14.5515839159489,13748.4054554701,100.014548897743,4410.77161160111,2008.46849802136,4519.58751016855,2559.2380336225,18.2036160230637,15.2604747712612,45.0758214592934,169.142896354198,123.03005951643,75.8246626406908,95.1340613365173,1.56028059124947,1.82902294397354,0.408821880817413,0.793746829032898,53.6056618094444,65.0587829500437,0,0,0,0,1.19531032443047,4.57439255714417,0,16.6630634069443,4.14248985052109,39.6858658194542,11.6984389722347,1.20289814472198,12.3690812885761,37.2861909121275,48.1932959854603,86.3942136764526,0,0.231830880045891,21.4056158363819,40.0310946404934,0,13.2523527443409,1887.42413726449,994.950244292617,0.360727936029434,6.82137867808342,2.08887645602226,60.787360727787,1.14267665147781,0,87.3870703279972,66.0892975926399
22.9272412657738,0.922868847846985,3.80225136876106,20908.5641873479,29.6033404767513,1399.14477564394,200.515420585871,1919.77778436244,1286.29457548261,6632.01100830734,295.680198729038,14116.1044352949,206.09589317441,1683.79846973717,113.95520991087,0,9.45160940289497,61.9416173398495,41.5408289730549,0,1.64404109120369,1.01684832572937,2.16094756126404,754.908181160688,80.8668101131916,55.8223764002323,16.0110175311565,339.937804579735,493.855753213167,52.5225935280323,8.79838883876801,109.256661564112,0,446.797583594918,16.6849481761456,668.902973026037,40.1697929501534,616.598699897528,250.288728356361,462.657050311565,26.3282780945301,46.4177915453911,127.717567145824,5.51480489969254,165.605963438749,27.4326372146606,86.2168024778366,8.86408039927483,24.7171376049519,0.390479803085327,0.651508092880249,0,869.761209398508,0,46.5703367590904,20.2766409516335,31.359029084444,239.998471796513,563.964451298118,1.92046457529068,238.639927834272,7.48824509978294,73.8300048410892,24.062097966671,0,0,0,0,129.26606272161,0.740115761756897,0,0,578.574091821909,3.1068916618824,0,0.269934237003326,455.610856890678,26.9607750475407,2.90610414743423,0.457265824079514,0.486638724803925,3.89444804191589,96.350458920002,2.59877827763557
101.308606356382,46.58724167943,7288.97910192609,2.24617743492126,26.611182063818,26.9521505832672,3525.21004605293,183.691388964653,359.06151252985,8.17417886853218,49.4270926117897,5.3154219686985,315.808439284563,451.298562973738,0.813366413116455,8583.68802663684,3089.56097075343,59.1789835393429,978.185768038034,1.64404109120369,0,2146.58295714855,36628.1902127266,506.484825909138,19.9637648463249,2807.35463249683,4477.81709769368,19868.9729884863,771.062660187483,32815.4254332483,6.95757707953453,16.4063914418221,265.388149708509,13454.6332427561,2086.86253750324,19666.4844497144,2790.2627274394,13010.8695788682,10771.1587024331,178.447424441576,70.4952138364315,15.4280529916286,1120.50769799948,345.736260503531,329.155261307955,450.306991636753,15.7651968896389,12.6993967294693,7.28675806522369,10.5388126969337,11.4875071942806,260.397537231445,0,3.33001208305359,0,20.7795047163963,6.0536196231842,42.0883707404137,1.2130580842495,0.438142150640488,2.20800840854645,0.692902088165283,13.658624202013,9.89329582452774,1930.91227531433,96.5117135643959,0.656083583831787,15.6704507768154,0,1544.48195487261,1089.22469514608,2440.09104976058,384.760942369699,0.521235644817352,72.5728766024113,829.469952940941,469.87664937973,33.4929445981979,716.854609876871,0,0,17.8742499351501,168.181481450796,781.18517807126
2.75114271044731,4754.61612793803,97.1132782697678,11.8883429765701,1.39063930511475,4.41556525230408,43.5309779942036,2.53795871138573,6613.36225655675,3.59089103341103,32.2045913934708,14.9143908023834,327.561043024063,11.6508713960648,7.98855566978455,14826.393789798,134.568958491087,3.85009044408798,45.5921401679516,1.01684832572937,2146.58295714855,0,4225.15625292063,17722.3811178505,1621.85848373175,175.48774844408,32600.8609377444,3576.40329656005,55.977573543787,52.0337335765362,33.8012183606625,0.46981605887413,30.8076013922691,205.126406878233,83.26008066535,1283.76028513908,184.145723253489,499.385176062584,364.842510640621,33.3788033127785,3.17083519697189,171.026627987623,550.050989985466,133.582110762596,246.956261187792,211.199146807194,7.97701907157898,5.13903611898422,6.35390996932983,0.360465198755264,230.94400280714,742.248984932899,28.3589693903923,0,0.571848452091217,14.3611749112606,2.9116091132164,155.113162785769,14.5399825572968,28.7226924002171,0.367196351289749,79.863377571106,9.10962045192719,1.62056446075439,1692.42767164111,216.779128581285,9.26470410823822,28.4011202454567,4.60164180397987,416.590964198112,1399.70298177004,1354.30114787817,265.66301637888,18.6217657923698,254.665687263012,4406.12418684363,217.736062914133,12.2551378011703,91.6814375817776,9.03978991508484,0,8.16008412837982,146.31412306428,69.0646593272686
226.502047806978,58.1576942205429,44959.2847875059,3.88054224848747,35.8241665959358,28.417606562376,1464.84995886683,410.565422415733,192.107436150312,11.0187374353409,52.0414364635944,8.36141893267632,329.67434412241,986.208101704717,0,9368.36152398586,10436.1116864085,100.26489123702,2129.09115412831,2.16094756126404,36628.1902127266,4225.15625292063,0,746.844894915819,10.4461345970631,11499.2325009108,34885.1331489086,5015.53056651354,672.162968456745,12596.3934618235,15.2689183950424,10.9519935548306,77.2755980789661,10384.4052122235,2820.39129415154,34783.2484616339,7922.4495023489,15424.9303050339,15297.3522877097,181.311652302742,72.0128164589405,8.32546144723892,2141.31828683615,558.319612115622,1281.29777638614,1119.8125615418,25.7730518877506,13.9056072533131,7.76488897204399,2.51305845379829,50.3499709367752,2358.32027646899,0,4.30299490690231,0,68.7713128328323,4.2229095697403,13.7643872201443,0,0,10.5013369619846,0,14.3098846375942,9.80205726623535,7787.81259578466,509.657818198204,0,91.7022952437401,0,1161.1793821156,2536.16911384463,10496.3776546419,278.800419032574,0,358.251511156559,6706.54201029241,501.596528172493,4.73100188374519,192.305177390575,0,0,6.87033346295357,727.698053240776,1231.97312033176
65.7506566047668,3364.34978100657,54.0808730125427,6597.92938667536,101.495842814445,342.579868480563,2312.41941261292,779.069590955973,36570.7620559931,1626.23312532902,128.699393510818,658.479779809713,761.021985292435,1185.80029131472,259.567134201527,3593.30819940567,116.952157348394,30.6981675028801,54.3026230633259,754.908181160688,506.484825909138,17722.3811178505,746.844894915819,0,1668.66906288266,167.466020435095,7772.42297014594,15550.9719491005,2717.42030411959,1067.30004781485,34.05988933146,131.89961566031,626.425892412663,1120.53203810751,437.33691200614,6543.43517434597,689.234614908695,2235.7817094028,1128.07131239772,2042.90476462245,158.388207226992,181.963206648827,7324.3176984489,714.294816344976,4393.4107542932,1311.46136158705,491.812585830688,241.6140640378,264.16399872303,213.798196226358,34.3445279896259,98.9963953495026,1331.15118694305,9.15345141291618,125.21779063344,468.709517210722,582.025507599115,3602.28779631853,901.881668299437,53.4755531549454,213.166747510433,61.6897683441639,1094.98384603858,99.5322308540344,2108.13836473227,56.8795323371887,1.11913418769836,15.8261000812054,206.877296954393,1662.14596313238,1593.4234623909,1631.33057516813,10466.4218616784,14.0154992938042,45.3486236929893,463.141409277916,2773.95169696212,1747.0603018105,1747.58908423781,1.53400588035583,13.7123899459839,1015.66397809982,1714.79306818545,495.478997051716
14.8769218921661,3169.5837828517,8.39700734615326,89.3931427001953,24.203948199749,183.864158093929,172.371246635914,436.154692828655,1423.65540093184,313.328745752573,574.517023801804,316.985204398632,5559.59093397856,995.837878972292,9.82312577962875,57.2150574028492,5.65692603588104,68.8016841113567,19.8053865134716,80.8668101131916,19.9637648463249,1621.85848373175,10.4461345970631,1668.66906288266,0,325.787687301636,5152.44695711136,258.585400819778,141.389092564583,58.8904973566532,169.850768506527,497.730884313583,4.47445845603943,483.131760030985,15.5340661406517,894.151039630175,527.591322988272,2439.58768981695,1367.69959831238,814.182439208031,389.034363150597,2508.17771819234,572.789493411779,644.687266409397,1511.07173767686,1787.61909547448,917.082383453846,271.859065055847,925.984696418047,4.50460025668144,705.959235548973,3.78506630659103,38.538265734911,12.1289992332458,106.135735988617,49.3978587090969,710.54880875349,128.455641418695,85.8178915381432,891.08493039012,302.803623795509,3824.9100266099,513.0606790483,61.7061726748943,9.61343115568161,2.385029733181,113.691795736551,67.2805467247963,43.521698564291,3.43989092111588,109.949956268072,3.36647549271584,210.709631815553,1519.81488406658,958.855903178453,2038.05984228849,48.4691909849644,91.5987595617771,19.5700578093529,626.952918499708,81.3474709391594,22.9082878232002,135.476988464594,23.795117855072
141.914899528027,675.964754551649,31337.4651275873,26.9799878895283,38.9971387088299,30.1310168206692,712.394015595317,293.68795260787,136.256350457668,200.15424695611,4461.26478594542,157.154552042484,834.29997164011,1275.16253913939,4.12961691617966,53.3084672391415,17366.2971169055,4318.75388029218,7361.53449508548,55.8223764002323,2807.35463249683,175.48774844408,11499.2325009108,167.466020435095,325.787687301636,0,28260.5732342005,504.529897302389,660.651320934296,2071.33651773632,826.893232762814,250.710990577936,30.1812101602554,7571.90830853581,390.112108945847,14972.3166754246,12456.9407533407,9146.45365461707,6555.73743465543,38.473415941,32.2300051152706,73.7276349365711,1667.29547542334,1691.05925679207,1166.00942800939,1090.03344705701,17.0006046295166,10.5264285206795,18.4285586476326,8.93216156959534,1332.22226792574,763.360693275928,0.732928991317749,1.32788670063019,1.58677387237549,39.7829479575157,25.8048024475574,44.4518904983997,5.90402683615685,972.16852915287,23.5014256536961,1640.7770729363,196.412871181965,2.77151894569397,55.0674829483032,756.118001028895,1126.43505737185,1952.67779657245,1.45798680186272,35.4155783355236,107.606030315161,243.387296020985,29.3781400322914,304.182004481554,21745.8484766036,16870.6950363517,26.4519345164299,129.255313754082,72.4010871946812,2232.34298887849,33.5803942978382,0,1263.65391729772,237.966111540794
80.1716813743114,32557.0439691544,10400.8162190616,5.16349083185196,23.8061202168465,13.7142589092255,352.253628224134,111.83019195497,4464.01280280948,45.2350852787495,156.348695158958,45.1119404435158,3749.37575128675,479.028533130884,6.50100213289261,8634.62859123945,21090.7743306458,217.834770232439,2782.08235219121,16.0110175311565,4477.81709769368,32600.8609377444,34885.1331489086,7772.42297014594,5152.44695711136,28260.5732342005,0,3849.5757163763,385.334074795246,1698.07327190042,454.423360705376,48.3773411512375,34.9594497084618,9549.28053224087,1594.48625808954,30298.6833183467,6126.44387149811,13203.1795288026,14646.9453702867,115.974918484688,68.0627092123032,79.0853514671326,7718.13288861513,2909.87341246009,4853.50750982761,4449.01821556687,73.4945524632931,50.2093210220337,54.9563367366791,37.7254007160664,6280.28447675705,12680.2064349651,7.50912195444107,1.89579975605011,0.710881114006042,209.133106946945,39.632735401392,376.418858259916,3.21163713932037,696.650175362825,18.2998545765877,1640.13413700461,205.414379611611,7.60350352525711,2984.72404977679,5998.5455545485,702.567996650934,4318.33778217435,2.03230142593384,462.950671181083,3312.56868505478,5057.39446645975,563.62320381403,482.43712747097,32556.6046252549,65100.441142723,328.445923835039,115.230361700058,284.522338971496,1972.08683288097,11.5235943198204,2.09279215335846,4357.11336180568,929.787661105394
164.748986318707,104.395604819059,1342.3712400496,12055.8172745109,44.7515597343445,504.083450868726,48693.883240059,1182.00999066234,6734.13505133986,6417.19619518518,149.285092622042,615.935302913189,824.784786581993,2297.21546696126,63.7608816921711,7468.00410401821,583.449324518442,38.3656313121319,160.918679505587,339.937804579735,19868.9729884863,3576.40329656005,5015.53056651354,15550.9719491005,258.585400819778,504.529897302389,3849.5757163763,0,5075.98617354035,17071.2061484754,7.90095666050911,270.386081501842,1556.62403219938,3046.40254424512,1155.89130356908,14178.8250149488,1461.43774631619,5668.66968274117,3365.47905743122,1349.15806400776,305.747243344784,47.7313955724239,6734.8992331326,717.759322285652,4068.73937267065,1140.63384839892,567.857541918755,235.363458514214,225.575492978096,162.855782210827,11.8940691947937,205.441267192364,1948.59728100896,6.72480455040932,133.81629794836,396.644427269697,496.894249767065,2186.26158213615,1393.11574015021,13.6460846960545,300.771108150482,17.6646229326725,1125.88838481903,100.70183300972,2031.26246771216,101.904557913542,0,8.54687976837158,298.973435133696,1917.95672160387,1323.24274301529,1854.93904778361,8014.12415114045,2.43431630730629,31.3108574151993,911.828479677439,3230.58493348956,1427.66578194499,1783.1212644577,0,5.11114725470543,732.856648892164,1574.74996417761,553.365018904209
11369.1785484552,17.7841449677944,356.152063220739,486.837827205658,94.1118899583817,401.226993203163,8222.30905537307,3710.10574127734,1435.62205445766,2162.55802641809,1414.24398809671,1041.66154697537,593.831088602543,32815.0918736309,23.4841907918453,4.75347036123276,1021.301448524,372.487091422081,576.041886657476,493.855753213167,771.062660187483,55.977573543787,672.162968456745,2717.42030411959,141.389092564583,660.651320934296,385.334074795246,5075.98617354035,0,20728.1486434937,77.8514556288719,6075.23271413147,10395.9504449517,4443.67742851377,123.448567420244,1520.0802231133,166.44376462698,2469.22081369162,691.810164690018,134.942385703325,58.6498176157475,105.193803936243,868.913209527731,66.1492608785629,454.673275277019,114.553078979254,77.028776884079,23.8744170069695,35.1072648763657,20.5566486418247,2.52650758624077,7.94792890548706,102.893016934395,0,2.5828466117382,54.173269957304,16.0236875414848,317.475988864899,50.1454014778137,29.9173280894756,74.2919142842293,47.5647377669811,71.4046224057674,9.45911037921906,87.770632237196,1.19431781768799,2.00074982643127,1.33181709051132,25.4437122046947,73.2871189117432,42.5381839573383,20.4670359492302,1084.09707561135,7.27777707576752,20.5008976757526,28.180568665266,231.232638806105,162.345126509666,166.251952216029,4.20011267066002,0.931961357593536,133.668957293034,221.212983220816,65.8079205155373
6782.97228401899,13.7112326323986,3496.59233206511,44.9720696508884,19.192067950964,390.386838927865,16139.662913084,5696.16831617057,459.592190772295,236.203551977873,234.877698034048,102.708377361298,567.381965428591,17232.5399673581,2.49918711185455,12.8398671746254,7439.82213205099,70.812108784914,1061.70572713017,52.5225935280323,32815.4254332483,52.0337335765362,12596.3934618235,1067.30004781485,58.8904973566532,2071.33651773632,1698.07327190042,17071.2061484754,20728.1486434937,0,12.2518352866173,109.911733359098,2240.10264670849,13009.2172726691,910.634026199579,8739.69081455469,764.181007683277,7681.76246982813,3586.14401978254,319.553263247013,160.581673324108,36.1180962622166,509.363921314478,86.7385750710964,220.054570823908,132.675045400858,19.0016854703426,14.4518120884895,17.0129277706146,6.81442305445671,11.4625002741814,35.7239077985287,0.813461363315582,0,1.16496756672859,6.40274181962013,6.58728313446045,94.593236297369,1.22754627466202,1.16514322161674,23.0427695810795,3.25910085439682,21.0423280894756,1.03173384070396,160.408367991447,16.2621532976627,0.616305410861969,11.0656436085701,0.539133429527283,139.050022631884,69.5825469791889,173.979313641787,347.784443199635,1.39587065577507,53.8004538118839,127.865358933806,105.827581942081,64.4065368771553,161.096879899502,0,0,54.5612286031246,94.817371815443,259.426589131355
