0,0,0.0757746450520689,0.00229989565496263,0.000102397232391,0.00640544962051573,0.557258494750161,0.105014855677016,0.00231066815764171,0.0129695522740063,0.00507960792312646,0.00319425399740469,0.00158874226928592,0.763837178623332,0.000580542523276299,0.000343495748535037,0.164111243343418,0.00721287528155583,0.0271103472217276,0.00139137075877035,0.0124618577615446,0.000392321452225804,0.0906028375984048,0.017649775986023,0.000496073415693551,0.0944815981457735,0.0283198784823975,0.028112147524572,0.477959788891652,1.05810913640299,0.000117126954955369,0.000932037818025621,0.00267348935622859,0.0226316818505363,0.00215103256765795,0.0179973874183923,0.00613087629974162,0.0139538433739194,0.00442828002265432,0.0019103653137568,0.00022025119072783,0.000252466757104874,0.00178233277806931,0.000180561079392553,0.00146767154032618,0.000393360240359127,0.00104423371964511,0.000228712605567634,0,0,9.72456333971022e-05,7.39707839537263e-05,9.56829358742235e-05,0,0.000135900659846246,0.00170071771396154,0.000285109184138,0.00122843126039335,0.000108838985382735,3.26258352118731e-05,0,8.09094635843038e-05,0.000375653389119893,3.71227283092141e-05,0.00321842619050136,4.01321125400662e-05,0,0,0,0.00161006616940448,0.00216774685766151,0.000315901684518874,0.00991324024454917,0,0,0.0020281528411164,0.00803991203402129,0.000789810776805702,0.000310173966719269,0,0,0.000186967685656816,0.000897765254790607,0.000182650252191246
0,0,0.000350916964913964,0.00136810919825208,0.00146435182034129,6.93016261698604e-05,0.000164709912126601,0.000166429194678217,0.334717820299335,0.000392364851644188,0.00562694338108515,0.00422903894781268,0.0499170463291962,0.000796387227452424,0.0103880258599601,0.0163473949487323,0.00331365034682235,0.000460352628038585,0.00157696582948714,0.00116220178030521,0.00480611752691394,0.438190810572373,0.00498345029601959,0.159746838745791,0.375498511965977,0.0160952100569627,1.65235777877954,0.00323414669774362,0.000965356649527133,0.000127162183883786,0.00382081314077437,0.00073656850272122,0.000132768281404376,0.00431047331029055,0.00155435289680862,0.00850490463743701,0.00728407658481976,0.00327469764799577,0.00336519967735964,0.0127373179940975,3.65372603966594e-05,0.018860797482951,0.0186243510027594,0.0188287450778237,0.00699835260478025,0.00959149160131075,0.000247480170984209,9.82449824028013e-05,0.00625771305964127,0,0.320621960598507,0.005436296139467,9.55212577432398e-05,0,0,0.000643962712767363,0.000103140804846496,0.00776294589465142,0.00065459165547508,0.0146562707149885,0.000364502445514262,0.0544675281589589,0.000602139467358708,0.00032328252458477,0.00892335524417416,0.0107986292108368,0.00520216835833401,0.0204200087989518,0.000250346700407475,0.000280222658482551,0.0156004375592509,0.00271519197996113,0.00886594886652587,0.0324491469510859,0.0764828665328161,0.594847585265999,0.00204428048035204,0.000451458256288111,0.000414810608188987,0.00701707579719749,0.000248809932439089,0,0.00567660330034813,0.00104329661385369
0.0757746450520689,0.000350916964913964,0,0.00486176401367595,0.000749368583280444,0.0298673439809053,0.336726934933178,0.197407392753884,0.000965174644481599,0.0214093261015414,0.00316882173578152,0.00221987918576342,0.00473449134882611,0.399561769290121,0.00300078832763174,0.00509484593684009,1.77144609889967,0.0321253267868904,0.135597279905045,0.00210429650308385,0.113250068121419,0.00103984922055492,2.28118814408437,0.0151412563288059,0.000181856033053517,3.85530809887525,2.03884340984721,0.224671614796087,0.0570163887413587,0.490617301808728,4.76670126934349e-05,0.00166201966342312,0.00226030011746344,0.136271865207844,0.0649938424406543,0.407533568276541,0.31710456186097,0.281140050164942,0.244604750917461,0.00602067855929917,0.00638574902788404,0.000268453788958132,0.0153839325783843,0.00337490243976504,0.00550014980450532,0.0112275716832677,0.000616784031160771,0.000612988089055419,0,0.000206649677887857,0.00566013522396406,0.0185304813181969,0.000171498812696249,0.000214390565479339,0,0.00370122185224268,0.000936150483303994,0.000442261253266543,3.33835746351183e-05,4.02284470108747e-05,0.000127868237076908,4.79379570890069e-05,0.00133324966578808,0.000204511575821936,0.00923658704897466,0.0126443649610274,0.000172459182068139,0.0029219940050709,0,0.00200193163998493,0.002926169179706,0.0172825216729903,0.00338024549299908,0.000216619515386939,0.00689400720959872,0.332574092491396,0.00204569928351945,0.000360343892271787,0.00164814028648368,0,0,8.41886844211815e-05,0.00492270556841436,0.0151663844919624
0.00229989565496263,0.00136810919825208,0.00486176401367595,0,0.0117496536863897,0.0241131967430318,0.0639215121481867,0.0243399855435306,0.451329208739683,0.44970930251931,0.0023882022296983,0.210272170203892,0.00239803148028749,0.0292842457052557,0.0583558461049075,0.000236610239693105,0.00133754023478848,0.00238252782682967,0.000584464826181025,0.741605656695907,0.00330329236670798,0.00132128253833043,0.00458263903360099,0.182968040075131,0.000688155529114336,0.00516526692179158,0.00311467530525178,1.33533129506315,0.0124476849841554,0.00272289120829645,3.94959319783449e-05,0.00277649733096674,0.000244554933264434,0.0108299618143522,0.00382619282612926,0.0355560188002467,0.00131081977997771,0.0143189106487947,0.00228833988365686,0.128285289794271,0.00240537487843156,0.000425651097755045,0.0154665472075963,0,0.00544332717394249,0.00117951295277563,0.0429993657297852,0.00068343995790562,0.000225099630715161,7.8225200799584e-05,3.31606678158044e-05,0,0.2525816004893,0.00412789976399517,0.0299085847837814,0.0177063380642571,0.0172227205705294,0.0308748980129938,0.147425127137205,0.000595302720289439,0.149800540798711,6.56143429783583e-05,0.00801325485287381,0.0153287109004793,0.000196868321567446,0,0.00074898098432368,0.000492584228930026,0.0844129459795339,0.000413413060022652,0.0012592078172487,2.95070709803403e-05,0.105325284080474,3.87534627629518e-05,0.000763507631093923,0.000689441065426797,0.151036655787485,0.00287977332025871,3.51540134066641e-05,0.000126741876701385,0.000732904671912104,0.000174843559171051,0.00396576436159822,0.000175242010825813
0.000102397232391,0.00146435182034129,0.000749368583280444,0.0117496536863897,0,0.243129214385267,0.0197575973821795,0.0211587645559289,0.0112728464164744,0.0154755052943062,0.00227327224206117,0.0763182446615244,0.00400312258276281,0.00435472833118153,0.164680171243785,0.00294765626837087,0.000737284880876869,0.00136798014873147,0.000620393336886883,0.0161819644047202,0.00878339432409177,0.00206236511967266,0.0253805305924038,0.0188441761176102,0.00364960357488579,0.0023068631462203,0.00516972163472146,0.0174399146283398,0.001679113868373,0.0114954295405927,0.000249384436192274,0.0467357049974345,9.72440592895747e-05,0.02621807461043,0.0874542073197597,0.0372589390454961,0.00526018103124821,0.00643708400683093,0.00693381042692908,0.772201828997106,0.148185031765827,0.000517141821327418,0.00401140537506848,0.000692159601445794,0.00118600022750124,0.00244337831080365,0.00955921544771692,0.000474924418938875,0.000227801156364083,5.14445454747677e-05,0,0.000210365549783707,0.00413057778266838,0.000294603377295971,0.0014065365204935,0.00311138391692766,0.00161780338104543,0.000638388352166176,0.00334226921398183,0,0.00250432261340606,0,0.000735249070778311,0.000980985653807816,0.00105456372523004,0,0.000122360173244357,0.000133990362075806,0.00255892447737318,0.00102607750165171,0.000505846951520204,0.00139928346065342,0.00525685698701706,0,0.000233181151081145,0.00234258135434067,0.00985247955522064,0.00028720651863873,0.000816055275638464,0,5.2240807312727e-05,0,0.000867769598576489,0.0763679592287052
0.00640544962051573,6.93016261698604e-05,0.0298673439809053,0.0241131967430318,0.243129214385267,0,1.84201503920616,1.24366321715958,0.0225735731343157,2.09700109675774,0.0494270315737616,0.735758508391936,0.0510258089263937,0.499579621864622,0.325117936923794,0.00114242872413391,0.00966370215089519,0.0348292371086289,0.0108228015677135,0.0526582524446325,0.0310925756630235,0.000317285058893293,0.041210858860696,0.0657167469621238,0.0266938476166337,0.0503103217429024,0.0149424555104573,0.218075209181406,0.0437501867889407,0.0291062011301854,0.0010399543650235,0.0615600246637473,0.000362921220381826,0.0630248654037065,0.484436152629522,0.500070549861741,0.0198059096970693,0.0873289748188264,0.021603102471024,0.628695695446944,0.0394866263755523,0.0140312578342763,0.0346934429103152,0.00107552516889256,0.0196010847168935,0.00692295661659181,0.0439469978807809,0.00341191882255253,0.00147853966548813,0.000503634729917168,0.000264057782050043,0.000221928215771437,0.037312483113754,0.0015347178252654,0.0217974129042544,0.0634526960648828,0.0305210821812106,0.0167569313913641,0.0757803766300716,0.000799598713896451,0.0258702523249925,0.000123605635781795,0.015880661284578,0.00783265965947754,0.00213304300261223,0,0.000132505541930556,0,0.0289501814039509,0.00281476381672427,0.00161671155094776,0.00236184475680432,0.108129998264731,0.000262772762099445,0.000125885391602159,0.00169814276293584,0.202971844910041,0.00948324034946354,0.00149873128640488,0.000150483865300834,0.000190736779220045,0.00026328686743778,0.0145971130972212,0.0796917303385476
0.557258494750161,0.000164709912126601,0.336726934933178,0.0639215121481867,0.0197575973821795,1.84201503920616,0,1.64559571559906,0.04498540047832,2.21056564103416,0.0830138228196669,0.0948727896572112,0.0625031135855613,3.19851801935005,0.0567073745142836,0.00311420343922367,0.0645385335511231,0.0747971326869936,0.0309103445124121,0.04067778075656,0.558014568462828,0.000753101279019177,0.521928290725885,0.364350663007976,0.0205706624290199,0.214414194309624,0.0637989087844282,6.37265086152123,0.382294036386926,3.09843921912228,0.00170434081587574,0.0302370437905425,0.0221741261772781,0.267927503596572,0.0950521298183154,0.623113422039236,0.0416163154395387,0.329568163651765,0.0794380001008332,0.127675877476992,0.03859279557978,0.0141351018056939,0.0822623577139614,0.00118668144528109,0.0478721287492948,0.0111924816691605,0.0657651920138583,0.0047397918169922,0.0036673763225426,0.000790538351142346,0.000392727806264311,0.0013584406294657,0.0288358996915716,0.00172246970991015,0.022614960868301,0.11498695709303,0.0463736152379367,0.032638667868724,0.0508157635641844,0.00166423707821616,0.0180158058708714,0.000564247487258911,0.0362106754445253,0.00897111858451424,0.00784889055061312,0.000260886053194702,3.86207463907003e-05,0,0.0211816913297079,0.00423822609446442,0.00558440919865555,0.00610269303271961,0.169851651277175,0.000740102262659609,0.000164678116064429,0.0178857589029213,0.332409150020805,0.0240379157079126,0.00419998140736648,0,0.00156954108501461,0.00108125064836586,0.0295408897229157,0.00458424836974618
0.105014855677016,0.000166429194678217,0.197407392753884,0.0243399855435306,0.0211587645559289,1.24366321715958,1.64559571559906,0,0.0176490394834031,0.675528474668384,0.108332760297377,0.293643549951629,0.106508316601198,2.79449928850835,0.033407754687379,0.000775956169312594,0.158361748225662,0.0557176131882615,0.033100847309966,0.0435483226049369,0.059789496129402,0.000920728221669078,0.215239101035286,0.0641002271975255,0.0514772745869015,0.230331903478475,0.0417664246786215,0.193346465858181,0.16796099060278,0.572871553922117,0.00191816103351873,0.124576278671103,0.00225493683285317,0.0973058129950834,0.0221599705376434,0.708394099239377,0.0440259081322666,0.132068662512257,0.034630958211563,0.127155761079228,0.0439795857326871,0.0320401874620827,0.0895110429841157,0.000879190440205634,0.0452615529701527,0.0106183499330873,0.0710740428029654,0.006599300480315,0.00297315803639523,0.000677044293053508,0.000488627907559872,0.000194157788019955,0.0126312531116394,0.000636618554866194,0.0136655103265757,0.130983518954942,0.0239241242640613,0.0368301383792261,0.0199801850375437,0.000871591547576875,0.0121458473384966,0.00181524003277093,0.0150307146504181,0.00622428532128122,0.00621579499017712,6.55973235093951e-05,0,0,0.0108993352807878,0.00259752711925259,0.00532252428552035,0.00145980672361299,0.208651080052208,0.000519238016192496,0.000387946015627503,0.00302200149883956,0.372954502125583,0.0144115002131575,0.00260709753379068,5.39749142267108e-05,0.000725352470224262,0.00102859857134068,0.0283515701439345,0.00141707135568311
0.00231066815764171,0.334717820299335,0.000965174644481599,0.451329208739683,0.0112728464164744,0.0225735731343157,0.04498540047832,0.0176490394834031,0,0.165653225638528,0.00322743666860506,0.0815217379884746,0.0147281594846933,0.0271117045846574,0.0615703967721591,0.0253865031999348,0.00126913316346291,0.00174676668059978,0.000735079067165315,0.208483682917884,0.011913402014443,0.460521066244864,0.0101639843001955,2.20425658770684,0.103255612108338,0.00237602505897346,0.414720991103767,0.384238975082235,0.0298544720714538,0.00938842304989459,0.000771632753328533,0.00198389056386268,0.00251809555383492,0.0126176562346826,0.00900270630491049,0.0267712063622282,0.00354993984163419,0.0126688364779496,0.00499188020596161,0.0464989387982612,0.00219665199174303,0.0068211877783896,0.0408839840680519,0.0044596745509229,0.0150046972325192,0.00410096967536715,0.0694362263370979,0.00181418909762287,0.00179503694953072,0.000852302531745077,0.00876291610641832,0.000835590691616951,0.132419267035024,0.00561852597983864,0.0152367507994245,0.0255259336821759,0.0140409508040041,0.205127889076661,0.0974336626590563,0.00624664972467339,0.0482040254317428,0.0130894259328615,0.0137580742843945,0.0221683987938627,0.0791863926767794,0.000597336576401919,0.00401308734763214,0.00133606708396638,0.0423957648855647,0.0267140950910711,0.180270943814661,0.0181410033228905,0.40074691935625,0.00814981173813082,0.00523570865675589,0.0538981593083091,0.269891845896826,0.016577633603779,0.0105477250739143,0.00279109999211741,0.0014927224789502,0.000681339820947558,0.0111766429036782,0.0056306495444681
0.0129695522740063,0.000392364851644188,0.0214093261015414,0.44970930251931,0.0154755052943062,2.09700109675774,2.21056564103416,0.675528474668384,0.165653225638528,0,0.0620914732140102,0.40500529794869,0.0432739954795845,0.496814355524723,0.0504846605185453,0.000344682157018244,0.0112175496136052,0.0695961810364379,0.0232420803598297,0.317807507256294,0.016304615339737,0.00060777104176414,0.0255610678213377,0.0495463668059523,0.00824149841534319,0.0731244141229293,0.0230430116975315,0.7633050708746,0.120107117451801,0.0274935983956866,0.00131202298273242,0.0246795120889456,0.000585040187504351,0.162439645151524,0.037481259532503,0.553380895007005,0.0206743855899594,0.223005858856513,0.0223142528517931,0.127218034806626,0.02754043902695,0.0114564861840488,0.0349811757495486,0.000183277170085549,0.0206781240862389,0.00299805315202233,0.10636452204687,0.00193452224346977,0.00117394798450101,0.000402071933746398,0.000126948999225706,4.67616620191931e-05,0.233646170215779,0.00770343881591407,0.073080066333194,0.0823148894513761,0.0457107135594605,0.0701356711060829,0.389863955664969,0.000128860595862329,0.104282552325553,0.000763886613404276,0.0124622581899326,0.0309970103871376,0.00148528431134397,0,3.37908658590317e-05,0,0.147189818340955,0.00156953036197576,0.00343266168136728,0.000897381058817742,0.286111468531228,0.000546426670179724,0,0.000777553682590915,0.486814697666318,0.00698311924287284,0.000540347068831295,0,0.00091641845856562,0.000369785057113737,0.0156795933851592,0.000652992300809413
0.00507960792312646,0.00562694338108515,0.00316882173578152,0.0023882022296983,0.00227327224206117,0.0494270315737616,0.0830138228196669,0.108332760297377,0.00322743666860506,0.0620914732140102,0,0.0683295547711468,0.742803361472897,0.127792160855894,0.00806084436351875,0.00110583677487427,0.0485605806974148,1.47171504805017,0.160391765396969,0.00906742274920342,0.00174034987903213,0.00190727614365667,0.0161357244842807,0.00737691531084162,0.0599091794076858,0.419466757197937,0.101223594121254,0.0117517770596316,0.218582402727323,0.0183629772128022,0.040129776189166,0.171256197816391,0.000518847487393975,0.9432604175536,0.0175546964747157,0.122613804408836,0.457581166448204,0.313447172220241,0.0696479420935366,0.0164681414502117,0.00442653934179417,0.198209217123891,0.00136832656157422,0.0570435721384637,0.0016061921838668,0.00105194472876495,0.00120866589050722,0.000169219903072416,0.0142084442546016,0,0.0209380475635815,5.54474508739114e-05,0,0,4.49824837662578e-05,3.31587206538916e-05,0.000282860739864051,0.00682600093744087,0.000116513532985866,0.0947427276033066,0.000181324296346039,0.266462912957731,0.000753004867207825,4.41781830612421e-05,0.00525675452444556,6.00830747081042e-05,0.00336176815479529,0.000246129163627147,0,0.000459603805525035,0.0103037864014722,0.0011428102905283,0.005877669668879,0.0715480665708054,0.0464170840512603,0.230488306935501,0.000315254253182828,0.00217827731628627,0,0.0889483447303008,0.00262047302116766,0,0.00732962248761958,0.00315386166123319
0.00319425399740469,0.00422903894781268,0.00221987918576342,0.210272170203892,0.0763182446615244,0.735758508391936,0.0948727896572112,0.293643549951629,0.0815217379884746,0.40500529794869,0.0683295547711468,0,0.0347118501870856,0.124154714206709,0.410527685377239,6.87294244351983e-05,0.0060991100523496,0.0543668791026366,0.0163567449745682,1.02413956419088,0.00123405951370486,0.00436505080288765,0.00382824319899717,0.0637340153167306,0.013127909611337,0.0441127510963637,0.0194486531960651,0.05531641421315,0.051668274803935,0.0108999263058459,0.00198001427630648,0.0263792991027324,4.37609308302999e-05,0.0702745630274509,0.825314211195072,0.293059893020214,0.0145357937703245,0.0886351279454888,0.0141172297982739,0.276628712260774,0.0117541984783054,0.0109117448962408,0.0374347431014235,0.000556128772915781,0.00769612311705813,0.00211480115953854,0.0985416870157465,0.00174732472219086,0.00156729687172332,7.90440756475629e-05,0.00017914595672512,0,0.113041385117429,0.00890231799995505,0.0276351759469472,0.040550159818145,0.0221353016249076,0.0132272073714126,0.133620947491268,0.000406497327786207,0.091597713107658,0.000332632759695053,0.00501035847907609,0.0215169458815012,0.000853372947611156,5.78236526264548e-05,0.00014694386580038,0.000149180254048467,0.0542644142928085,0.000698435251972526,0.00123590546414331,0.0012219990066401,0.0953589592705819,0.000204956661549568,0.000163671813234001,0.000802090771782813,0.178859264969215,0.00160406813275781,0.000251887508281886,3.01003161669373e-05,0.001120991981888,3.48603058694303e-05,0.00650763326334816,0.204693323432647
0.00158874226928592,0.0499170463291962,0.00473449134882611,0.00239803148028749,0.00400312258276281,0.0510258089263937,0.0625031135855613,0.106508316601198,0.0147281594846933,0.0432739954795845,0.742803361472897,0.0347118501870856,0,0.050925852686658,0.00818880210180195,0.00379454277152988,0.00188115964797246,0.0100134909811506,0.00186169082220173,0.00966914368593746,0.0056495151526716,0.0154489262817007,0.0157455021977067,0.0286472964445012,0.33795439183011,0.0290848942631841,0.376420243651624,0.0504810313931675,0.0616223733568794,0.0309123796059732,0.0742940920825803,0.0776008159923253,0.000549052365700692,0.311384438873143,0.0301773534488384,0.378685064028128,0.282825742196827,0.226051884975869,0.269819569496319,0.222914008927063,0.339346100132582,0.352034770561008,0.0472351793179361,0.183608194141472,0.0687405551201311,0.0649252595674496,0.0332426708269015,0.0173941828534673,0.0594199462739793,0.000175135117096126,0.06005417213081,0.000503975744844944,0.000987154870098684,0.00115928236814812,0.00888826971354385,0.0224621568958888,0.0262146460063338,0.0211563648631237,0.00839621662306944,0.3497145070738,0.0122967268347971,0.937493610649198,0.0173757709590115,0.00726090888614964,0.0204821801251963,0.000509103065732419,0.0091853598781956,0.00193024686961141,0.00287212257079568,0.00328487787679449,0.0266667810492436,0.00479515509178365,0.031307224131918,0.348369312768454,0.103402454360039,0.60291035748814,0.0320156186530318,0.0167724237781246,0.00357048486333925,0.253486876579962,0.0223701965446146,0.000244712066501141,0.0478253258715902,0.00520404942137909
0.763837178623332,0.000796387227452424,0.399561769290121,0.0292842457052557,0.00435472833118153,0.499579621864622,3.19851801935005,2.79449928850835,0.0271117045846574,0.496814355524723,0.127792160855894,0.124154714206709,0.050925852686658,0,0.0145780059590506,0.00139999670651707,0.49062929596443,0.0906172953461244,0.10656426933149,0.029937472104516,0.13428735861518,0.00334996780766976,0.519080154942432,0.125227867759688,0.0136716656374918,0.438499481291425,0.0988270626426054,0.280163037074019,1.78714448649861,1.84733923542817,0.00191688834711006,0.0263695698489162,0.0164262151962983,0.170565139332732,0.0234878892357947,0.22351230682367,0.0443412457289837,0.114055137111469,0.0295937699272468,0.0344027504600399,0.00714241919764602,0.0116306840975404,0.0358542160743028,0.000844657020966503,0.0144366285992368,0.00446950403353372,0.0244763176066525,0.00138168955617875,0.00174497344229102,0.00028962202758503,0.000444746930558086,0.000275355420193761,0.0030913776153262,0.000161510547675372,0.00303414909590548,0.0419685254246,0.00555984578069547,0.0183145340945813,0.00381390596831629,0.000526429808673978,0.00332616506352413,0.00151005195610744,0.00389836612259379,0.00164170315345204,0.0146814906836446,0.000115147771782816,0,0,0.00245577973270843,0.00802464548847133,0.00877153020741361,0.00202238622102353,0.115891969659438,0.00119442837453383,0.000183857542621136,0.00612497553475118,0.144376824492134,0.00493612905469733,0.00426500044880968,0,0.00046680065016377,0.000577092564091265,0.0112686123310926,0.000636321096312612
0.000580542523276299,0.0103880258599601,0.00300078832763174,0.0583558461049075,0.164680171243785,0.325117936923794,0.0567073745142836,0.033407754687379,0.0615703967721591,0.0504846605185453,0.00806084436351875,0.410527685377239,0.00818880210180195,0.0145780059590506,0,0.00688839785012698,0.00159537322226843,0.00443113945949483,0.00107922102096132,0.0765310360702389,0.0227317649719827,0.0155720998272408,0.0419265957267577,0.118039372091742,0.00601907226900655,0.00488932469842354,0.0257691865623725,0.0792534058463176,0.00856632615393858,0.0564311146737768,0.000114040546367586,0.06734582052542,8.28356798583268e-05,0.00751011903542766,0.139434860996512,0.0475903338872267,0.0170087728570008,0.0209868293059976,0.0152543719118474,0.158561308143717,0.0233549130812078,0.00090010669196895,0.00877404103175528,0.00128405679241759,0.00438699378675842,0.00442388659073138,0.0115093857075927,0.000491064807990551,0.00024284713123405,0,0.000399210508798987,0.000179847722067535,0.00671715362430141,0.000508081344837219,0.00182798918230769,0.00815065048949841,0.00278758287176942,0.00390951847197753,0.00821643576190157,0.000201706174999237,0.00544146175757173,0.000108357504105329,0.00277882618438375,0.00188723240695754,0.00517179239137197,0,0.000525589976813495,0.000365804928504586,0.00409710534829849,0.00192092343754882,0.00349194708390987,0.00336019378794927,0.0227176369793174,0.000274385667594195,0.00064045239383775,0.00435591985778892,0.0274602281873172,0.00247802934908604,0.00220263906423032,0.000109850599688709,0.000218275995142698,0,0.00306784296534964,0.0438388498831083
0.000343495748535037,0.0163473949487323,0.00509484593684009,0.000236610239693105,0.00294765626837087,0.00114242872413391,0.00311420343922367,0.000775956169312594,0.0253865031999348,0.000344682157018244,0.00110583677487427,6.87294244351983e-05,0.00379454277152988,0.00139999670651707,0.00688839785012698,0,0.0123433329809069,0.00306688918584699,0.00724062699062112,0.000132657802713037,1.30634127513591,0.412197769571131,0.902810913948055,0.332405737378432,0.00615755998139879,0.00520621615309435,0.455689329085212,0.121319869700429,0.00339425133310038,0.027380513441775,0,0,0.000848745030534622,0.021112582524886,0.0881599115932957,0.317932087314679,0.0760524890862201,0.155691124006727,0.214466670079782,0.0047938734179489,0.00128074994735843,0.000933777604920092,0.0627422547194671,0.0061023596517584,0.017025360688392,0.0236599609030708,0.0040715204573879,0.000679570735635519,0.000175641406490147,0.000682139165033638,0.00110941031742329,0.0122551239530687,7.89123669770957e-05,0.000388917749509812,0.000237201530893624,0.00690544254803028,0.00187124968115276,0.0362472010788185,0.000851011636187914,0.000980446212617398,0.000164966309675873,0.000953618168012056,0.00362862715900398,0.00172982810757017,1.10077943608009,0.00431730816934067,0.000415877994125545,0.00103455679353061,0,0.0984053875266415,0.268560728948838,0.632631685005073,0.0941347350968962,0.000519271295373321,0.00176870779919863,0.485537251786583,0.0409125404372283,0.00418441070648181,0.0259130166455822,0,0.000136579823552251,0.00170084879935822,0.00914092584579304,0.0154471879938479
0.164111243343418,0.00331365034682235,1.77144609889967,0.00133754023478848,0.000737284880876869,0.00966370215089519,0.0645385335511231,0.158361748225662,0.00126913316346291,0.0112175496136052,0.0485605806974148,0.0060991100523496,0.00188115964797246,0.49062929596443,0.00159537322226843,0.0123433329809069,0,0.0871521144867037,0.332151777493898,0.000917297356499344,0.0840472540694476,0.0023349498285521,1.16447462001345,0.0126103278269556,0.000440005118157983,0.764394925526471,2.0187179138757,0.0350458909563929,0.573371202013172,0.713735165537993,6.53357395942808e-05,0.00299303747903323,0.0184226203949727,0.900942891214628,0.0277805864750598,0.21363011237888,0.160797004758072,0.204425771177379,0.0918426409372145,0.0039258113834047,0.00130977258674711,0.000253006616844117,0.0105082721933219,0.00634607410714135,0.00369412912162352,0.00622513995703158,0.000616841736304939,4.37252222465277e-05,0,3.36003488042951e-05,0.0145977956479881,0.0185788704936637,5.27843430024981e-05,0,0,0.000814241037097482,7.08890567435324e-05,0.0013288536702536,0,8.21759923208951e-05,6.06903890494108e-05,0,0.000171298687216371,0.000316848910547853,0.010175312690304,0.0164568468897666,0.000456272222865641,0.0134290184998037,0,0.00290995546044571,0.00491060890009618,0.0063307081562461,0.0066896620910984,0.00023617488067615,0.0538804997326143,0.287202424087062,0.00193939705430764,7.45594182791114e-05,0.000847952512888847,4.03690566679835e-05,0,5.20624691188336e-05,0.00423712848202377,0.00414350370539039
0.00721287528155583,0.000460352628038585,0.0321253267868904,0.00238252782682967,0.00136798014873147,0.0348292371086289,0.0747971326869936,0.0557176131882615,0.00174676668059978,0.0695961810364379,1.47171504805017,0.0543668791026366,0.0100134909811506,0.0906172953461244,0.00443113945949483,0.00306688918584699,0.0871521144867037,0,0.392883575345768,0.0077057529928256,0.00870101797654409,0.000364679562182515,0.0679191464526477,0.00737423513118264,0.000787014211002708,0.21350869218895,0.17420173672361,0.0137564329087919,0.118846714793676,0.0297029990501759,0.000593793576543332,0.0432808330933228,0.0017079725822055,0.646458924129788,0.0481703553103949,0.278976998121652,0.54926522610172,0.3377240997191,0.273826663657011,0.00972596507109005,0.00344268837326455,0.00217555071637827,0.00179607536460966,0.00153322633563566,0.000221123569308698,0.0023787512471568,0.000209763180687725,0,7.3808387010634e-05,0,0.00131362688456708,0.000744179574210822,4.41530883296728e-05,0.000111152627734661,0,0,0,0.00177631926876456,0,0.000974817299636541,0.000243375257957935,0.0023524862144098,0,0,0.000622900018960088,0.00064682821629107,0.00111610409594888,0.00087194558983675,0,0.000222172152394354,0.000924293720801595,0.000634898662689119,0.00101863258722043,0.00231615862195122,0.0164665888297066,0.0464490742108987,3.32745563152134e-05,0,0,0.00185758685545975,0,0,8.37069483749269e-05,0.0121729181550673
0.0271103472217276,0.00157696582948714,0.135597279905045,0.000584464826181025,0.000620393336886883,0.0108228015677135,0.0309103445124121,0.033100847309966,0.000735079067165315,0.0232420803598297,0.160391765396969,0.0163567449745682,0.00186169082220173,0.10656426933149,0.00107922102096132,0.00724062699062112,0.332151777493898,0.392883575345768,0,0.00328819110017374,0.0199924175135811,0.000211505399259865,0.188880678158311,0.00461442807143134,0.000147626382446408,0.636503026785939,0.444447500246023,0.0100469875321216,0.119845642166029,0.0769533178135781,0.00029781250712815,0.00743361173187408,0.00631887896337265,0.561467869007277,0.0299642482376938,0.233283618782144,0.155644759069848,0.20814035015317,0.149298207161929,0.00263323586907947,0.00134807222430104,0.000334623141323328,0.00283110190185288,0.00166251467474615,0.000747567738301784,0.0019177875059914,7.63183924524784e-05,4.74893455424905e-05,0,0,0.00320058153661179,0.00300708430734775,0.000101874994922012,5.89799801877737e-05,0,3.1403631705463e-05,0,0.00135157575091118,0,0,0,0.000210320082643151,0,0.000177652310659051,0.0021500506430217,0.00244547964881486,0.000364594894760132,0.00443874573814547,0,0.000800862913317858,0.000415882179613769,0.00123868624337659,0.000939818997765419,0.000273749430164426,0.0225718183319822,0.0650077545440171,0.00049218476957348,0,0.000175876235126734,4.11272942553162e-05,0,0,0.00106661124135825,0.00786036020777341
0.00139137075877035,0.00116220178030521,0.00210429650308385,0.741605656695907,0.0161819644047202,0.0526582524446325,0.04067778075656,0.0435483226049369,0.208483682917884,0.317807507256294,0.00906742274920342,1.02413956419088,0.00966914368593746,0.029937472104516,0.0765310360702389,0.000132657802713037,0.000917297356499344,0.0077057529928256,0.00328819110017374,0,0.00166006545442187,0.00167220865672517,0.00176846775007537,0.0359351068214757,0.00576681042112163,0.00766744278691391,0.00370468548705554,0.190667561553859,0.0126994010534748,0.00312873191032085,0.000133500637206376,0.00512500325526214,6.32098391364217e-05,0.0147544219333562,0.00315535699969232,0.073955179293519,0.00266842016358355,0.0180786923469216,0.00249363801507857,0.0937249005610638,0.00355847745510688,0.00195383621072567,0.0354512056562836,0.000135940290050507,0.0097511369407524,0.00186033920066976,0.112023727676174,0.00228687267440826,0.000980656383269013,0.000282639709690273,0.000263856698912263,0,0.23229392236986,0.00844132390945056,0.0394763238122119,0.0471447932857389,0.0302511280403064,0.0280377324715158,0.266088789398678,0.00103686345248643,0.0866101425931465,8.89613693463801e-05,0.0106173203189072,0.0305057203907816,0.000875390101062927,0,0.000100229713621974,0,0.0980974092932036,0.00138188131978106,0.00134331809428206,0.000950272452505738,0.163789416699967,0.00018657578065157,0,0.000134706091935724,0.298523356595062,0.00500647468493774,0.000352370302908659,0,0.00186885840026901,0.000100163446424723,0.00655863042107678,0.000478037912639857
0.0124618577615446,0.00480611752691394,0.113250068121419,0.00330329236670798,0.00878339432409177,0.0310925756630235,0.558014568462828,0.059789496129402,0.011913402014443,0.016304615339737,0.00174034987903213,0.00123405951370486,0.0056495151526716,0.13428735861518,0.0227317649719827,1.30634127513591,0.0840472540694476,0.00870101797654409,0.0199924175135811,0.00166006545442187,0,0.039669824990393,3.08545834091487,0.247196895373748,0.00417377607469472,0.0380931079313128,0.26212251007872,1.99250817555221,0.0697573318846202,3.57344230625267,6.95946126202643e-05,0.00134576337478808,0.0146619695665677,0.8652542452135,0.226802526300152,0.628597041273924,0.106162103993114,0.79870894694588,0.338128154405058,0.00946649835107298,0.00210919336735016,0.00120590218988568,0.0376353574963689,0.00143831449180201,0.00877194443426449,0.00548996662994179,0.00983781306082509,0.0006419205652937,0.000361557731625915,0.000763654421170328,0.00054352701625672,0.00138339061138409,0.000360455644807369,0.000438831561853289,0.000766094281014142,0.00593321686175707,0.00515060523160863,0.0158388516283577,0.000337708715088189,0.000235491135680318,0.000502485413048625,0.000503199903185129,0.00604222976782384,0.00197405407055908,0.222641634229604,0.00142653268820909,3.27826317897439e-05,0.000334342845546186,0.000278299795148551,0.102941994301436,0.0621704941375386,0.109015122482965,0.105003936179535,0.000290925265783012,0.00055958826091069,0.0635487719976288,0.0658343529598547,0.00644818168100003,0.0406804696552279,0,0.000516513363446414,0.00217901188766736,0.00767053422491174,0.017984617336865
0.000392321452225804,0.438190810572373,0.00103984922055492,0.00132128253833043,0.00206236511967266,0.000317285058893293,0.000753101279019177,0.000920728221669078,0.460521066244864,0.00060777104176414,0.00190727614365667,0.00436505080288765,0.0154489262817007,0.00334996780766976,0.0155720998272408,0.412197769571131,0.0023349498285521,0.000364679562182515,0.000211505399259865,0.00167220865672517,0.039669824990393,0,0.0482826180296944,0.754990837381556,0.163285482361884,0.00470041882918099,1.04120747284879,0.019196511612725,0.00408124429736605,0.00491533217806256,0.00109627893727335,0.000250248571181119,0.000415757715932429,0.00387361835434994,0.00371611058696401,0.0110323830913881,0.00352746665876791,0.00478173911435753,0.00390441638685438,0.0178539480891786,0.000607818765428781,0.0103620665407323,0.0246154657549656,0.00858869399671025,0.00980091684931878,0.00715369511674541,0.00141642759802288,0.000141431796182633,0.00256527400859124,0.000518844753178299,0.042389739402124,0.00379132204516566,0.000353959969533921,0.00010241698607564,0.00023258754193905,0.0036842927920999,0.00130792585152963,0.0219936967565122,0.000407148341809184,0.00726701080479425,0.00012894505173558,0.0227902329009059,0.00176851902458084,0.000258899201934755,0.217911589984763,0.00374395841667626,0.000210101531916201,0.00174171744636434,0.000212171292238533,0.0308348382024881,0.26425686078026,0.0782358778617584,0.0815077193121173,0.0118661355302254,0.00731372111951688,0.451315198450226,0.024828123955968,0.00202668647806433,0.0105887138694544,0.00402809199990478,0.000158282055410713,0.000480073342859865,0.00512667342429405,0.00337668076272255
0.0906028375984048,0.00498345029601959,2.28118814408437,0.00458263903360099,0.0253805305924038,0.041210858860696,0.521928290725885,0.215239101035286,0.0101639843001955,0.0255610678213377,0.0161357244842807,0.00382824319899717,0.0157455021977067,0.519080154942432,0.0419265957267577,0.902810913948055,1.16447462001345,0.0679191464526477,0.188880678158311,0.00176846775007537,3.08545834091487,0.0482826180296944,0,0.222337130559881,0.00224994726229742,0.59477860450527,3.28635178844622,0.745963273214138,0.256650671173606,2.17061954980674,0.000453442537112355,0.00447750809052145,0.0241624363096179,1.44859348376704,0.693355015464135,2.33586159756107,0.61148083946793,2.48242978458643,2.33585915164364,0.0319108773607082,0.0140136674192249,0.00129768188274965,0.0630738174704713,0.00699181412151611,0.0230943827854132,0.0323473267564882,0.00745501948961404,0.000979351602809608,0.000226777108428418,0.000727627524194539,0.0019171509842214,0.0365572763226091,0.000119692063259572,0.000879700496539053,0.000874687937644184,0.0122837353773382,0.00310816705531589,0.0312154403854996,0.000790608792454214,0.000281261169099808,0.00036555440428716,0.000380963984347701,0.00453000147612545,0.00328097462468535,0.831600554854885,0.0120265328995384,0.000379612085299671,0.00346212514365482,9.61022376295627e-05,0.112739527049317,0.115331374561137,0.608404490507741,0.0786251246884557,0.000197717129480392,0.00433685673321151,0.795917383689594,0.0375443657853553,0.00311086338095063,0.0289726903841151,0,7.52404199603796e-05,0.000812187152059019,0.0116577510425345,0.106950642695411
0.017649775986023,0.159746838745791,0.0151412563288059,0.182968040075131,0.0188441761176102,0.0657167469621238,0.364350663007976,0.0641002271975255,2.20425658770684,0.0495463668059523,0.00737691531084162,0.0637340153167306,0.0286472964445012,0.125227867759688,0.118039372091742,0.332405737378432,0.0126103278269556,0.00737423513118264,0.00461442807143134,0.0359351068214757,0.247196895373748,0.754990837381556,0.222337130559881,0,0.0525916297993431,0.0162274086433759,0.465618846106587,1.31763693593899,0.136191055406649,0.132592737626673,0.000401366001113534,0.00539508661174169,0.0242345762950556,0.0844489899699066,0.110695358655885,0.284996625727606,0.0307829329416718,0.143271953038701,0.0868824005609772,0.0906433327702021,0.00866301100470477,0.00343736862000653,0.358784039861825,0.00512099582316649,0.172525063099509,0.0460155904996679,0.112377010906855,0.0135547192226611,0.00738626965864903,0.00737192627939496,0.0107721579563554,0.00322078911470241,0.0515485001637224,0.004018935857712,0.0524107706494969,0.281498535852849,0.126200766094864,0.313708203923876,0.108415629401998,0.00967505853373096,0.0336957323230802,0.00492181939364541,0.157387655183818,0.0262337053412245,0.232715335007943,0.00190863246931344,0.00124947202133244,0.00270996248994127,0.0412648834321009,0.112060872335077,0.26569854150556,0.0698052290650451,1.63685980593686,0.00998309782639017,0.00243803592633784,0.110848287362671,1.2861173015371,0.156919652413667,0.147429601023765,0.000365923177645802,0.00780236139473955,0.0104633998333904,0.115006554652135,0.0255325718255542
0.000496073415693551,0.375498511965977,0.000181856033053517,0.000688155529114336,0.00364960357488579,0.0266938476166337,0.0205706624290199,0.0514772745869015,0.103255612108338,0.00824149841534319,0.0599091794076858,0.013127909611337,0.33795439183011,0.0136716656374918,0.00601907226900655,0.00615755998139879,0.000440005118157983,0.000787014211002708,0.000147626382446408,0.00576681042112163,0.00417377607469472,0.163285482361884,0.00224994726229742,0.0525916297993431,0,0.00805452313893947,0.637816419443533,0.0422030844247562,0.0114057704844802,0.00967672402593474,0.00727984617083898,0.0172547994033754,0.000443331312001288,0.0726535361964724,0.00285231356264538,0.0554984623828602,0.00906241415969815,0.0503256093705745,0.00396534945915496,0.181201403139496,0.0112977535722044,0.110075023868064,0.0802345023336734,0.0219120653871981,0.0150135039842584,0.00695829469594202,0.11748813996017,0.00511561356282645,0.0204343153845798,0.000876565240574031,0.0606877849660222,0.000194587787792206,0.000902621578963909,0.00130210807521683,0.00992223966068046,0.021754911784907,0.0279749198488601,0.00589202812044013,0.005150997732591,0.0394591524236745,0.00384359901373181,0.144053410377164,0.0213071120070075,0.00266598023094863,0.0217108438553396,0.000515860791238964,0.00680921251425186,0.00224393034545931,0.00101701676811793,0.0122366592372965,0.00712624566362211,0.0103532054640857,0.0361407854001286,0.187216250585788,0.0350345273808865,0.213578878490847,0.050727416667729,0.0152992187562238,0.0142998714019727,0.0176309570209913,0.00719121305068129,0.0010510997696814,0.0177525019270965,0.00459237795953453
