0,0,3.50408181548119,8.9765647649765,8.00102114677429,23.3331281244755,1865.60042569041,964.848612189293,28.0695928633213,16.9027809202671,21.5958546102047,0.75741982460022,1.94464689493179,12585.5030076802,5.75238102674484,3.35696065425873,299.250217437744,8.26298561692238,14.4083177447319,1.17764088511467,84.0397673845291,0,261.869026273489,138.253806829453,0,22.5346466302872,11.398204267025,254.876418292522,8120.40460804105,3896.5068217814,0,2.83618333935738,102.271739095449,291.165473848581,70.0627809166908,328.129368752241,8.05400907993317,202.39867413044,42.2255367934704,10.4472197890282,5.54478341341019,8.79061931371689,20.9776300489902,1.65204000473022,5.06495821475983,3.7624454498291,5.95986539125443,3.08513951301575,1.95968115329742,0,0,0,8.27042084932327,0,0,6.41502979397774,3.64052477478981,7.34500753879547,6.23050203919411,1.11193156242371,0,0,9.00082141160965,0,0,0.960109949111938,0,0,0,1.01240241527557,0,1.99588948488235,58.9654746949673,0,0,1.6445375084877,29.3100571632385,21.0838474035263,11.5367522537708,0,0,1.3390571475029,4.027239382267,17.4159164130688
0,0,132.16399666667,1.54725342988968,49.5126429796219,11.1445600986481,9.0722873210907,1.93008732795715,1121.38112586737,2.45415580272675,109.316416561604,9.35577070713043,3040.70408642292,0.57875657081604,157.560652673244,1015.80513611436,191.419326335192,0.453659296035767,34.23625472188,6.31075477600098,90.9467324912548,4261.47607642412,167.259486436844,4895.67924010754,3713.33367967606,60.869183152914,5358.22802868485,191.196585178375,6.32573127746582,15.4501973390579,5.77540519833565,0.690606713294983,0,74.3897170424461,23.6733029782772,192.037003785372,71.304931640625,84.0613314211369,25.3362057805061,200.347852498293,4.01621466875076,1640.99863606691,256.075254142284,34.6069759428501,133.017239451408,66.7622334063053,11.4542997479439,1.19883561134338,39.2555309534073,0,963.990716636181,153.376457840204,0,0,0.392054259777069,4.84392800927162,0,5.52032569050789,1.02907276153564,29.3176564574242,0.741093218326569,91.8009347319603,3.55000156164169,1.39820593595505,24.2461444735527,238.565742224455,0.556821048259735,74.9192233383656,0,3.42814975976944,216.737178862095,72.0045467317104,98.680427134037,7.87828642129898,99.1231775581837,3158.23245668411,6.11122366786003,1.27993625402451,4.27386420965195,6.2796123623848,0,0,112.977267295122,25.2089021801949
3.50408181548119,132.16399666667,0,0.959030419588089,2.66499179601669,5.96999391913414,302.626956045628,254.24667468667,13.6242769658566,4.24761748313904,16.0855219364166,0,6.9265044927597,152.332995086908,4.03142687678337,118.003362625837,3252.06931549311,39.4463034272194,598.098240226507,0.548611581325531,787.018196076155,67.701742708683,46024.2362915874,152.09067851305,1.58942860364914,55622.1869559586,66051.019769311,1133.87345507741,38.0058678984642,587.613870680332,0,3.1407527923584,2.14589947462082,280.27245387435,63.2946824133396,809.183263629675,2819.89643248916,503.145661264658,187.161310017109,6.00369614362717,3.23146268725395,1.60469669103622,2249.60253334045,262.100685596466,1179.17254403234,616.465864360332,11.3088372647762,7.13112533092499,0,6.52478387951851,130.002069622278,1710.05467689037,0,0.599375903606415,0.625732779502869,24.8992428183556,1.90308603644371,1.92444676160812,0.833127230405807,1.53582739830017,0,4.91259971261024,8.44729349017143,2.46492224931717,95.8829164803028,1956.8392880857,6.35908105969429,491.539654791355,0,36.6415311694145,203.535462021828,947.284113585949,68.6020736098289,0,273.969253271818,8746.51148086786,29.6000297665596,11.0875607728958,44.9864853918552,0,2.23809626698494,2.41306293010712,997.096163094044,166.377387315035
8.9765647649765,1.54725342988968,0.959030419588089,0,38.7401198148727,447.666883707047,297.307722479105,799.366149812937,4136.98418354988,8477.87651437521,178.542944133282,996.496619641781,94.8984248638153,483.06997063756,31.1130320131779,0,6.56615015864372,53.7596373260021,48.1244880259037,18500.0732638836,6.4023931324482,1.18989682197571,3.69490185379982,4140.73266431689,1.61121106147766,21.5801756083965,6.18977430462837,20124.9936305881,906.457433342934,23.3038947284222,0,70.6605705618858,7.68042296171188,655.681910783052,516.259721815586,3235.3497890234,51.9328377842903,1092.81877395511,180.651923686266,487.133150100708,249.175916194916,135.867580473423,841.392130941153,3.74832379817963,348.403840988874,58.3233074247837,1377.62145316601,53.7834474742413,47.5717389881611,24.7923556864262,0.401028156280518,0,4273.44253997505,30.8204432725906,63.5913627147675,52.3754298090935,121.125869572163,679.965060949326,1734.78887698054,25.7442704737186,567.429169476032,1.40380871295929,173.224788218737,100.006115406752,0.795440286397934,0,1.08199739456177,0.418783605098724,1259.45149183273,0.397039979696274,0,2.16207182407379,2110.38103222847,0,0,0.68880107998848,1831.75191834569,125.935129225254,27.1108905375004,0,5.83760732412338,5.60049310326576,342.817575752735,47.8356694579124
8.00102114677429,49.5126429796219,2.66499179601669,38.7401198148727,0,2889.44079741836,66.6085542738438,138.754916727543,615.838527977467,325.429065167904,20.9951222538948,1378.29668489099,41.0711480677128,28.747984200716,7835.58395734429,7.02029395103455,10.2380594611168,10.3178436756134,4.89637988805771,127.571550041437,136.446934312582,96.5007755160332,79.563494771719,443.39996740222,45.5870314240456,1.32467043399811,138.350365608931,265.483447998762,50.5996186137199,139.576517522335,0,393.07084518671,2.58595728874207,1316.92692315578,2281.04475411773,796.981041043997,27.200958609581,67.5423415005207,45.8694517016411,16512.9088446498,6345.53017523885,38.5354088544846,23.629110455513,4.69769459962845,11.4944354295731,20.4629160761833,29.8768368959427,2.1300613284111,4.57579696178436,5.02689695358276,0,0,7.07307726144791,0,3.59594869613647,2.94348120689392,2.37311172485352,17.8708198666573,3.0043534040451,3.77885368466377,10.6207937598228,1.59929549694061,5.01809269189835,1.10011410713196,6.05620345473289,0,0,1.07335495948792,1.75584316253662,2.98801165819168,3.38380753993988,18.0576235055923,83.6353684067726,1.17045533657074,0.66468733549118,3.57001411914825,33.2544630169868,7.8197728395462,9.80905205011368,0,0,0,4.30200886726379,588.570316970348
23.3331281244755,11.1445600986481,5.96999391913414,447.666883707047,2889.44079741836,0,2298.41021439433,14941.6617552042,406.109253019094,35462.4276450276,569.850855618715,9979.53619071841,191.668738991022,473.490431308746,4239.59882220626,1.0459611415863,46.6310635209084,228.363803207874,125.167229950428,468.533705353737,107.484441101551,8.42144751548767,92.5814937949181,259.75439363718,14.9348023831844,98.9010795652866,61.1646099686623,4461.33382374048,559.428297460079,219.662885665894,0.596698641777039,185.879062831402,11.8691442012787,1135.27649867535,8672.06112655997,5279.65739154816,139.653769463301,1142.61600622535,317.048482090235,8040.19559210539,1036.40560087562,287.165893822908,294.736846655607,8.68979158997536,104.054382324219,37.7257725000381,316.283419847488,19.1320120096207,67.1608903408051,11.1789638698101,0,1.01520371437073,295.41700860858,3.59418088197708,11.7127797007561,21.0894896388054,32.0804050266743,70.3818561434746,146.432197868824,34.3054898679256,131.221836179495,1.54939365386963,63.2660003304482,13.9057323336601,0.432405412197113,0.688715875148773,0,1.35331451892853,102.676086336374,2.32226967811584,0,3.73560521006584,549.100096285343,0,0,8.7176262140274,296.837156236172,46.4043413698673,24.6733814477921,0.660916984081268,3.55966883897781,4.23289629817009,80.6991361379623,341.55780890584
1865.60042569041,9.0722873210907,302.626956045628,297.307722479105,66.6085542738438,2298.41021439433,0,24238.4428000748,784.516539812088,6766.71854750812,705.603319168091,205.875956565142,187.354815602303,25175.0435455441,76.069049179554,23.2637526988983,737.144725680351,399.616212964058,285.038660287857,49.7292850911617,5963.16674488783,9.4689713716507,2495.46732732654,1371.27730688453,7.23825478553772,512.740988731384,243.804341882467,71280.8066921532,3320.30094090104,10322.3015519977,5.96536064147949,125.833083957434,112.479414075613,1882.49621397257,1118.53578332067,3826.85376504064,290.727876275778,2638.75431391597,533.656488835812,412.944270968437,331.187138706446,300.528427243233,1396.99848932028,28.5419008433819,576.774111479521,174.150215506554,617.439332097769,107.53233513236,98.9857104122639,301.901740849018,0,5.27188584208488,1098.52132299542,9.01047438383102,67.4686352312565,311.533114224672,544.383531093597,322.606183975935,779.425700098276,75.1095468103886,68.8152448832989,3.53843313455582,1046.55899345875,33.3062137365341,72.0743797719479,4.85993686318398,0,0.453159332275391,268.189344376326,49.4145856797695,4.77220121026039,81.8522011041641,3049.72738108039,0,0.318591475486755,70.1079752445221,1752.37432458997,1014.51008936763,735.878866732121,0,27.7274263203144,29.6022515594959,461.420686215162,320.422571867704
964.848612189293,1.93008732795715,254.24667468667,799.366149812937,138.754916727543,14941.6617552042,24238.4428000748,0,325.599979877472,19113.9014669657,672.916950553656,3313.15049102902,178.960698932409,23700.0756131113,368.959253132343,12.7795917987823,4179.39547419548,246.301160991192,349.931580722332,405.561109572649,2948.18461093307,6.73325750231743,4011.11408182979,531.011109530926,5.12534004449844,774.185170084238,315.95126581192,4026.13413640857,3569.00894938409,9304.67477697134,1.43765330314636,213.084551304579,359.72821187973,2499.22818338871,1237.78075581789,6225.28650769591,252.634909957647,2186.26699590683,722.686745434999,1746.61290647089,670.417877942324,327.3887758255,370.326483935118,8.93919739127159,142.425887703896,81.486344397068,311.092144012451,17.7652547061443,88.081289857626,105.290028363466,0.780637621879578,0.315639287233353,209.265251040459,4.09786340594292,5.14210903644562,79.1287065297365,35.7807659208775,127.03413528204,95.4259396195412,44.7062731385231,24.4769532978535,2.90963923931122,113.752928435802,17.8461822271347,28.3221351802349,3.53406232595444,0,0,49.7191516757011,25.3750664889812,3.07424938678741,17.3774581551552,1225.6660374999,0,2.63260751962662,35.5370102524757,569.069280922413,226.570840388536,321.252144932747,0,1.55617859959602,10.3351079523563,121.901151150465,124.975714325905
28.0695928633213,1121.38112586737,13.6242769658566,4136.98418354988,615.838527977467,406.109253019094,784.516539812088,325.599979877472,0,624.094624072313,64.2768476605415,4692.03219687939,1159.13100060821,209.771657586098,2384.57669726014,171.16971129179,25.6252878010273,14.323345720768,10.9458245933056,4412.37271726131,218.986231029034,7526.09853550792,74.3363375365734,41756.4539376497,1649.20996418595,24.7826842963696,3327.21347782016,7028.03771299124,456.7274697721,160.603939712048,11.1573512852192,20.8258890211582,34.9478868246078,259.925414115191,242.247784793377,977.239794105291,45.5620000064373,318.61230263114,71.7904779613018,1608.29688069224,74.8554852604866,116.838715791702,1140.34717911482,37.9011537432671,501.049324274063,134.558693319559,404.052275508642,49.2688706815243,8.75044804811478,217.18109691143,4.26749303936958,2.1131354868412,3052.46285295486,11.8477832973003,98.3041256666183,266.202324420214,406.216161072254,3175.69101139903,666.682789832354,150.440446823835,195.304561853409,18.7870443761349,780.393699318171,45.686566978693,359.53300100565,20.4291531741619,60.2246596813202,75.1626065373421,577.481999158859,378.12199395895,53.6113967001438,113.763074755669,8997.99975082278,0.474310725927353,53.4135349690914,106.895548194647,2700.76054525375,786.839210689068,624.477543324232,22.5410766899586,34.8830758929253,21.4038245081902,422.966420888901,306.554006189108
16.9027809202671,2.45415580272675,4.24761748313904,8477.87651437521,325.429065167904,35462.4276450276,6766.71854750812,19113.9014669657,624.094624072313,0,2656.67341941595,7403.5748629421,645.600323200226,3137.56140875816,314.897696822882,1.74493563175201,111.735311985016,1187.04009872675,649.474848330021,4208.24714919925,59.3991587758064,1.99945265054703,48.2552945613861,224.976726055145,14.4461451768875,401.572700232267,177.672210305929,14385.3085238039,3675.76785767078,106.560470372438,1.90189018845558,547.510659307241,16.6972585916519,4572.94097706676,3274.72643721104,8741.85684278607,610.753240734339,7017.46245256066,872.714832961559,2222.5996401608,1484.71402585506,455.93965190649,674.440740227699,4.73376446962357,293.841130375862,95.7142075002193,709.120852649212,55.6356654763222,105.120695143938,32.8827968835831,1.66255009174347,0,1650.64028772712,5.30122742056847,25.8007124364376,37.3062936067581,55.6043474674225,124.989667356014,432.727115035057,78.4760919511318,212.516167521477,5.94179743528366,77.8688270747662,35.8028739392757,0.432662427425385,0,0,0,379.511797875166,2.01651379466057,0.383128970861435,2.71365505456924,1070.10034686327,0.689969182014465,0.66395515203476,2.48136010766029,959.097826465964,71.6862608492374,48.563595533371,0,0.331419408321381,2.00851392745972,226.540879249573,206.28146931529
21.5958546102047,109.316416561604,16.0855219364166,178.542944133282,20.9951222538948,569.850855618715,705.603319168091,672.916950553656,64.2768476605415,2656.67341941595,0,1017.87713432312,7800.82965746522,601.223758757114,49.7806359827518,16.0455536842346,442.743005633354,16107.1371566057,1393.08947020769,129.031146198511,197.95014950633,41.9784498214722,479.880576014519,82.4704596102238,1464.90606880188,2509.13871210814,518.577718764544,471.774259805679,1319.20160931349,187.880414158106,11.7459228038788,1070.07835361362,9.53116637468338,19347.9156359434,65.7116650938988,1295.07138928771,10069.6322562397,7709.1298391223,468.014384865761,132.413730293512,57.4401096403599,4654.91529142857,73.8061767220497,834.756157666445,55.1838313341141,24.7702738344669,34.7121812105179,0,646.249911785126,0,39.578750371933,36.9808610081673,5.08151033520699,0,0,0.644906878471375,2.17279946804047,22.4896858036518,1.43175911903381,1600.62942546606,1.04491865634918,6739.73491218686,6.04145914316177,2.92008543014526,14.2674045860767,24.2595112621784,35.1797530055046,29.3524798154831,0,0.489222675561905,19.3919880390167,57.313660889864,20.7973372340202,78.0416665077209,434.544108331203,967.702103883028,4.72340932488441,0,0.815200984477997,813.227911829948,1.06620144844055,0,32.0842575132847,25.8924371600151
0.75741982460022,9.35577070713043,0,996.496619641781,1378.29668489099,9979.53619071841,205.875956565142,3313.15049102902,4692.03219687939,7403.5748629421,1017.87713432312,0,249.240006744862,363.298074841499,3722.11612194777,0.461371064186096,28.4575725793839,382.526965081692,230.934741228819,12753.7128972709,13.2236706316471,15.1539131999016,15.8452233970165,929.10643774271,9.96243786811829,153.031627982855,92.8979715108871,760.537585139275,551.972478955984,32.5500966310501,0.594582796096802,280.119967103004,1.26366993784904,1646.54368713498,29215.7935467958,3577.13364595175,218.330261707306,1923.17818492651,389.251918792725,6446.13303512335,762.713229715824,199.634350299835,146.086465477943,6.60100728273392,77.6801269352436,38.2467126846313,698.895223677158,12.1461032927036,45.4195069670677,9.60481157898903,0,0,1328.67998820543,12.0153709352016,77.7214427888393,8.56094539165497,38.6234129071236,252.24320140481,258.938974410295,46.9265580177307,1256.8880173564,8.03451630473137,40.4305687248707,65.0384264588356,1.32791078090668,1.16365385055542,4.45970758795738,2.10561779141426,628.686133593321,1.4062097966671,0.810762524604797,4.59458160400391,447.801153331995,0,1.1984646320343,4.14468395709991,294.044690102339,31.6598011255264,9.06852206587791,0,1.9586546421051,0,53.9036568105221,3164.85014259815
1.94464689493179,3040.70408642292,6.9265044927597,94.8984248638153,41.0711480677128,191.668738991022,187.354815602303,178.960698932409,1159.13100060821,645.600323200226,7800.82965746522,249.240006744862,0,73.9667454659939,182.920008927584,140.158002495766,32.4644502401352,48.0687210261822,16.2141182422638,67.2083511948586,133.613835394382,1518.70976415277,205.158439695835,1416.36542320251,5012.22846776247,280.486140727997,5770.21412330866,331.080477356911,125.319313257933,180.948324084282,318.770691335201,153.535812526941,4.77770519256592,5507.41000235081,313.114871293306,899.035379379988,8399.75127956271,2517.06976556778,608.485900223255,596.988947957754,76.4595279693604,5685.47092097998,249.483811318874,2375.51615414023,220.80120575428,105.947135090828,126.776018410921,23.5722399950027,1448.04841542244,4.71107596158981,190.094061136246,2.06590712070465,4.93501442670822,1.22665917873383,13.5440968871117,4.75104129314423,41.2950277328491,33.5860994458199,12.4565076231956,5288.06266748905,12.7992651462555,30009.5584629774,6.74429282546043,4.59679871797562,10.7662830352783,6.38842177391052,314.979910880327,180.955152720213,4.75462332367897,4.8046413064003,55.8863098323345,23.2396088242531,119.404564082623,854.259018003941,3957.25984436274,8827.21145951748,40.9403458535671,5.44151502847672,5.71316573023796,3747.53399953246,25.704549074173,2.00465703010559,78.1026447415352,94.134648680687
12585.5030076802,0.57875657081604,152.332995086908,483.06997063756,28.747984200716,473.490431308746,25175.0435455441,23700.0756131113,209.771657586098,3137.56140875816,601.223758757114,363.298074841499,73.9667454659939,0,38.1029166281223,10.3450080156326,3409.22923609614,305.29160758853,380.641833901405,132.757813751698,1509.42454370856,3.40543985366821,3206.772485286,624.066181659698,1.97039568424225,487.921878993511,359.037034541368,2232.77178326249,19654.9361017644,16905.8193017244,0,294.012666374445,528.342486917973,2223.21857628226,508.914050579071,2102.24373582006,153.830718159676,1638.66862094402,365.349735498428,123.760029375553,129.773839741945,80.3443971276283,200.968418568373,3.85076639056206,69.437491029501,35.2377494871616,115.422690957785,7.56606912612915,19.262662217021,43.0947545170784,0.653761863708496,7.20007207989693,62.6459438204765,3.76568257808685,0,39.5269276350737,24.9150673151016,85.960400134325,38.3879095315933,18.1075218915939,7.57779833674431,2.30424785614014,51.2939761281013,5.14491805434227,13.2136780321598,9.82698208093643,2.05744910240173,0.559400796890259,15.5984863638878,14.4116912484169,6.34519121050835,6.7160447537899,563.553256034851,0,11.2864683866501,45.4264970421791,285.86229377985,127.210983008146,161.548504799604,1.70686852931976,0,7.9256377518177,57.7286243438721,34.2865032553673
5.75238102674484,157.560652673244,4.03142687678337,31.1130320131779,7835.58395734429,4239.59882220626,76.069049179554,368.959253132343,2384.57669726014,314.897696822882,49.7806359827518,3722.11612194777,182.920008927584,38.1029166281223,0,3.48554837703705,11.6414605975151,12.3980205059052,5.70660716295242,304.473423063755,35.053740799427,422.761229038239,27.2687841355801,1982.62973091006,242.640220999718,17.2535976469517,705.032677352428,390.654637098312,65.8207757472992,59.2667619585991,1.0334005355835,26.4807281792164,4.99422365427017,111.24226179719,5865.72311586142,217.329678893089,24.2206733226776,83.827244579792,35.7660882472992,2967.62443980575,62.8146383166313,26.0796275734901,36.952582359314,6.82664704322815,4.21090894937515,17.826854288578,19.4566032886505,2.03361892700195,3.84823989868164,5.48165768384933,1.28356146812439,0,24.4823904931545,0,0.611863613128662,3.31012570858002,2.48657584190369,25.3908299207687,9.07844969630241,2.14975863695145,22.8487479388714,1.76866126060486,7.32006329298019,3.78555274009705,12.7746256887913,0.481200367212296,0,0,6.00450211763382,12.3090252578259,3.92786276340485,14.3505928516388,72.8403525948524,0,2.66572940349579,9.2615022957325,39.5174519717693,4.81855303049088,13.5940111875534,2.71805739402771,2.61443722248077,1.53728902339935,5.16330921649933,506.116282373667
3.35696065425873,1015.80513611436,118.003362625837,0,7.02029395103455,1.0459611415863,23.2637526988983,12.7795917987823,171.16971129179,1.74493563175201,16.0455536842346,0.461371064186096,140.158002495766,10.3450080156326,3.48554837703705,0,255.683050751686,15.8688223958015,118.350916475058,0,30986.5823462307,6945.64088141918,17535.5074899048,2781.57662591338,372.699580103159,153.488768190145,12529.9142698348,1917.07557097077,7.02994978427887,65.5279051661491,3.55974161624908,3.01536911725998,0,446.310205578804,460.643449813128,3464.12727186084,1116.16362500191,1437.60666313767,737.63427066803,28.9791133999825,16.3525756001472,16.0150472521782,1490.19527605176,196.184717237949,586.403051495552,414.969344973564,47.2483031749725,7.50525999069214,2.75753417611122,48.7685230672359,26.4643676280975,185.812793850899,0,9.52230995893478,0.532396852970123,39.5164421796799,26.481478869915,44.5012767910957,1.96536374092102,1.63353696465492,0,5.92988142371178,63.8172741532326,10.8068733811378,6686.48018530011,197.31882327795,1.40017914772034,71.9977657198906,0,1297.21606010199,2026.98078587651,4548.25537419319,1372.55453631282,0,84.8895768821239,2780.491933465,298.861229673028,157.222696512938,439.174057841301,2.90529125928879,0.713833153247833,5.67396941781044,610.883162558079,342.35336753726
299.250217437744,191.419326335192,3252.06931549311,6.56615015864372,10.2380594611168,46.6310635209084,737.144725680351,4179.39547419548,25.6252878010273,111.735311985016,442.743005633354,28.4575725793839,32.4644502401352,3409.22923609614,11.6414605975151,255.683050751686,0,96.1136706769466,1762.53314831853,5.03947025537491,3625.81714355946,47.7132771611214,23316.1431415975,264.665928542614,3.63366407155991,4491.09752941132,18173.3407579958,727.377282232046,2530.52053725719,5753.71751126647,0,49.7594974040985,276.71671000123,3612.93273594975,353.047899544239,4747.20514735579,5731.54271134734,2682.34047862887,1234.8093085289,41.6891953647137,44.3223992288113,11.1001199483871,4310.1046654284,531.516725718975,1747.78474116325,964.349279016256,34.9873294532299,13.3518594205379,1.49621936678886,11.0065622627735,232.972903549671,1448.61253347993,0,3.24637031555176,0.320718377828598,20.3241957426071,0.886048406362534,8.70872837305069,0,1.94233751296997,1.52392292022705,3.75526916980743,11.5681529045105,1.89153477549553,174.146717041731,2999.83218726516,18.5232575833797,950.489833801985,0,64.7185379266739,307.23973301053,710.776165872812,169.860454291105,4.24995648860931,772.248966425657,9798.15700814128,51.8308292329311,18.658175766468,79.2362175285816,0,18.4134007394314,6.32697474956512,1331.91444754601,258.558793157339
8.26298561692238,0.453659296035767,39.4463034272194,53.7596373260021,10.3178436756134,228.363803207874,399.616212964058,246.301160991192,14.323345720768,1187.04009872675,16107.1371566057,382.526965081692,48.0687210261822,305.29160758853,12.3980205059052,15.8688223958015,96.1136706769466,0,1425.42236253619,66.7592088878155,83.7213595509529,6.89583283662796,277.648696482182,36.1872786581516,0.851236879825592,2319.28810670972,1272.32227146626,177.482761591673,629.019738018513,91.1219420135021,8.55427625775337,434.486325144768,2.99711778759956,4301.883502841,98.8348850607872,4801.941865623,4188.03136175871,11306.5792057216,1320.71856823564,49.3046565949917,33.0169877409935,9.58772051334381,336.474783927202,45.9749713242054,223.561975717545,58.2729888856411,3.33933734893799,0,1.25689506530762,0,27.287730038166,21.8877313137054,1.72373217344284,0,2.10577797889709,0,0,4.63818359375,0,56.5466712117195,1.04213190078735,358.378181934357,3.3017390370369,0,7.85179027915001,43.0506885647774,210.012527108192,309.585678100586,0,2.2752837240696,15.2356071472168,24.2629517316818,1.35759565234184,5.95920836925507,1159.23006302118,2033.24859803915,0,0,2.72082901000977,216.983573287725,0,0,43.7498687207699,87.0103134810925
14.4083177447319,34.23625472188,598.098240226507,48.1244880259037,4.89637988805771,125.167229950428,285.038660287857,349.931580722332,10.9458245933056,649.474848330021,1393.08947020769,230.934741228819,16.2141182422638,380.641833901405,5.70660716295242,118.350916475058,1762.53314831853,1425.42236253619,0,23.5042719841003,483.331129848957,29.0202921032906,1604.51588496566,103.003961086273,0,11060.107907325,7875.95719695091,242.486496418715,647.729030579329,374.962467372417,2.59916341304779,254.78172236681,19.5877116918564,7127.15632036328,96.0083250701427,3728.00568443537,3502.28019580245,5866.46307012439,705.628244042397,21.9002001881599,21.8571337759495,2.35741329193115,1744.9703913331,227.613416016102,721.891983181238,295.046394109726,15.6525641083717,3.77495545148849,1.88811051845551,0,69.7710946202278,184.625196933746,0,1.63090515136719,0,2.36089718341827,0.625599682331085,1.65069404244423,0,3.46660649776459,0.475855261087418,2.71164351701736,5.93755984306335,2.50068300962448,43.0949528217316,710.000521868467,65.5242761075497,655.221212059259,0,9.60406771302223,81.0464551448822,149.014165222645,40.1256647706032,7.36746793985367,997.742811322212,3281.01826143265,0,3.45600733160973,8.31296992301941,4.23477119207382,8.7804234623909,0,336.678572386503,102.684816211462
1.17764088511467,6.31075477600098,0.548611581325531,18500.0732638836,127.571550041437,468.533705353737,49.7292850911617,405.561109572649,4412.37271726131,4208.24714919925,129.031146198511,12753.7128972709,67.2083511948586,132.757813751698,304.473423063755,0,5.03947025537491,66.7592088878155,23.5042719841003,0,3.68280720710754,3.80646556615829,2.44028943777084,3846.52996858954,1.15563952922821,13.3932336270809,11.580506503582,4433.82552656531,230.197521090508,14.1167950630188,0.75378555059433,35.6294194757938,1.30514147877693,276.342418223619,149.883980751038,1111.35807207227,30.3915477693081,448.61220869422,74.9782930612564,1353.26467761397,108.573301434517,79.7070579528809,729.32162669301,3.98559439182281,329.26951405406,69.201517611742,1134.06981140375,76.7335367500782,37.2077642381191,22.9734311699867,0.523519039154053,0,2987.61751185358,20.6864630877972,117.619468778372,51.5216971933842,153.831949442625,392.886616975069,848.215286284685,35.5532433688641,1098.6626868546,3.28577625751495,213.542130559683,94.8266150057316,0,0.745515882968903,4.23835831880569,4.41172522306442,935.061758369207,2.23446372151375,1.11325442790985,1.36911568045616,1189.53741776943,0,1.43857675790787,0.910719901323318,1111.34159176052,145.828988075256,49.2836742997169,1.36649429798126,18.2930651009083,2.41544559597969,257.144487708807,73.7433585524559
84.0397673845291,90.9467324912548,787.018196076155,6.4023931324482,136.446934312582,107.484441101551,5963.16674488783,2948.18461093307,218.986231029034,59.3991587758064,197.95014950633,13.2236706316471,133.613835394382,1509.42454370856,35.053740799427,30986.5823462307,3625.81714355946,83.7213595509529,483.331129848957,3.68280720710754,0,724.50299423933,53084.8179247677,2160.82038962841,63.3202471137047,1198.71522769332,2564.26128804684,29316.9787392616,1254.70792330801,29224.3367590308,0,25.882350564003,399.271235615015,17261.8027503788,4893.20951682329,19835.5958509147,1758.26583626866,16794.915153265,6270.9642675817,364.921384185553,256.994990229607,81.5473724901676,949.497142642736,92.9798601865768,302.321916103363,303.031109303236,72.9191904067993,14.9631902575493,34.4040278196335,251.187315106392,3.19123017787933,57.1646709442139,1.30631351470947,23.4147214889526,1.60348570346832,126.73220962286,102.9568592906,112.871085613966,8.47047594189644,24.3147862553596,3.55622869729996,0,288.94812899828,30.6731263995171,1807.35119444132,92.8015904128551,0,19.6658202409744,0.386091768741608,1591.78620368242,478.087570160627,1053.27416685224,1850.21308577061,0,15.9146547615528,462.684115111828,686.626118570566,822.987703382969,1733.44404453039,0,3.38666051626205,46.2793460488319,349.857099533081,1379.61304226518
0,4261.47607642412,67.701742708683,1.18989682197571,96.5007755160332,8.42144751548767,9.4689713716507,6.73325750231743,7526.09853550792,1.99945265054703,41.9784498214722,15.1539131999016,1518.70976415277,3.40543985366821,422.761229038239,6945.64088141918,47.7132771611214,6.89583283662796,29.0202921032906,3.80646556615829,724.50299423933,0,1292.20509377122,18570.07409513,2071.02330207825,44.4425569474697,6598.75619071722,968.552336394787,5.86718034744263,24.2061951756477,8.44229716062546,0.622776925563812,0,39.990593791008,61.5622290968895,327.300602465868,65.3428496718407,144.119023948908,61.8091508150101,327.20738863945,0,263.417498677969,807.438729941845,96.0224740505219,313.88469851017,256.894192963839,19.3257122635841,5.77847546339035,5.26807588338852,11.2541109025478,99.5667347311974,117.811336040497,2.10292845964432,1.02421462535858,1.00857666134834,26.2619076967239,7.69860830903053,38.4853597283363,3.90373092889786,2.73698329925537,0,41.0633402168751,31.3397771418095,2.96572363376617,1754.58230081201,74.3512674570084,2.69977682828903,45.639088332653,1.52477782964706,373.539282858372,1444.63073635101,1122.80127266049,809.215884774923,4.48870241641998,39.5155168175697,2574.37662091851,97.1047111451626,56.815778285265,142.34715205431,5.36794036626816,0,3.77726989984512,273.139802008867,136.036139756441
261.869026273489,167.259486436844,46024.2362915874,3.69490185379982,79.563494771719,92.5814937949181,2495.46732732654,4011.11408182979,74.3363375365734,48.2552945613861,479.880576014519,15.8452233970165,205.158439695835,3206.772485286,27.2687841355801,17535.5074899048,23316.1431415975,277.648696482182,1604.51588496566,2.44028943777084,53084.8179247677,1292.20509377122,0,1181.51765647531,42.4489298462868,12871.383641094,45657.0157764852,16197.1583707333,2314.61750978231,18205.7170141935,2.38203644752502,46.9582862854004,347.912681877613,13744.9893147945,5475.55037677288,34889.6101341248,13104.1585878432,19855.4917800128,10300.1010366976,463.953127563,254.904015719891,61.6321005523205,4587.93811672926,615.831496924162,2068.56857132912,1545.52917560935,164.42544695735,25.5604169070721,19.3770768046379,123.261533290148,41.2688705325127,1281.29256001115,0,35.4672560095787,4.18682618439198,142.286212965846,33.6338885128498,21.5633940696716,12.0221536755562,21.3305217921734,0.966992318630219,3.96142542362213,109.814045697451,65.2047211229801,8456.72339960933,517.339820057154,4.22681093215942,201.138304293156,2.03191536664963,3143.54080760479,1829.06484571099,11100.3601384163,1871.213888973,0,116.619311988354,12270.2712808847,558.351218625903,333.615265488625,1007.87891077995,0,3.00264751911163,22.3562277555466,2092.7970418334,2357.06292402744
138.253806829453,4895.67924010754,152.09067851305,4140.73266431689,443.39996740222,259.75439363718,1371.27730688453,531.011109530926,41756.4539376497,224.976726055145,82.4704596102238,929.10643774271,1416.36542320251,624.066181659698,1982.62973091006,2781.57662591338,264.665928542614,36.1872786581516,103.003961086273,3846.52996858954,2160.82038962841,18570.07409513,1181.51765647531,0,3010.94326502085,178.132569074631,8339.66896739602,11275.5892416239,1552.09477621317,241.320648223162,11.3381630778313,23.974091053009,168.784730195999,624.669574916363,702.910404682159,2597.09877800941,236.47854295373,910.986838072538,265.692126005888,1607.48902827501,86.9456907808781,169.922825932503,4933.90159353614,78.7468785643578,2236.53142046928,468.501484423876,1693.19143766165,335.018030554056,54.7688680291176,513.755753487349,54.2745853364468,80.9517100453377,6690.5101942122,40.3593063056469,242.676368772984,715.982085049152,1356.81116056442,4608.18210941553,3638.28411951661,150.151796281338,490.143512994051,32.3699691295624,2377.82800987363,125.346369296312,968.837842255831,137.941740989685,1.09723624587059,86.3715003430843,1555.88056153059,642.04150801897,679.351742357016,556.433459341526,17808.6781142056,3.31324911117554,40.3165142834187,884.494333028793,7607.97743496299,2220.73431554437,1531.87901848555,1.82750999927521,101.247460782528,77.6155597567558,1802.16361951828,878.091734856367
0,3713.33367967606,1.58942860364914,1.61121106147766,45.5870314240456,14.9348023831844,7.23825478553772,5.12534004449844,1649.20996418595,14.4461451768875,1464.90606880188,9.96243786811829,5012.22846776247,1.97039568424225,242.640220999718,372.699580103159,3.63366407155991,0.851236879825592,0,1.15563952922821,63.3202471137047,2071.02330207825,42.4489298462868,3010.94326502085,0,9.87565714120865,2249.80720171332,118.782209545374,3.21360623836517,3.98336043953896,0.941951632499695,1.40262472629547,0,423.948827922344,0,33.6631434559822,71.1084292531013,129.748068332672,0,186.945161193609,1.7215940952301,1032.80756610632,29.0906032919884,61.4715920686722,19.2672100067139,1.82230603694916,4.70333898067474,0,108.36497092247,0,14.4190990924835,2.00332656502724,0,0,0,0.347822219133377,0,4.06372529268265,0.700002074241638,187.28207308054,0,2010.49114567041,0,0,0,6.7054597735405,7.3196759223938,11.9201901257038,1.7576379776001,0,14.733728826046,2.88447916507721,47.6925799250603,61.9988038539886,354.024559319019,1326.52491948009,0.543927907943726,0,0,218.166864931583,0.73758602142334,0,6.59780809283257,0.796050310134888
22.5346466302872,60.869183152914,55622.1869559586,21.5801756083965,1.32467043399811,98.9010795652866,512.740988731384,774.185170084238,24.7826842963696,401.572700232267,2509.13871210814,153.031627982855,280.486140727997,487.921878993511,17.2535976469517,153.488768190145,4491.09752941132,2319.28810670972,11060.107907325,13.3932336270809,1198.71522769332,44.4425569474697,12871.383641094,178.132569074631,9.87565714120865,0,38973.0559629798,459.148489445448,362.494677275419,1195.15859490633,311.116918623447,161.182173490524,10.9019781649113,2106.99339419603,162.822073966265,6478.5717189312,10725.4744125307,6641.32006931305,1230.3730160296,34.2272116243839,20.1085799336433,19.5797092318535,2637.85050082207,427.626229941845,1304.71638184786,453.462899506092,21.1795970797539,5.2591849565506,15.3170951008797,2.06982573866844,130.49578037858,298.714741557837,0.497947365045547,1.61704456806183,0.843222111463547,5.20804445445538,1.06774973869324,6.55963087081909,0,586.116874337196,0,2857.9089294672,8.33839124441147,2.49250715970993,51.1177407205105,1175.69057071209,468.513847470284,1399.46827849746,0,21.5545584261417,68.9062030613422,168.09390810132,52.7306036949158,16.7766774594784,3918.6866529882,8975.06840395927,13.5447412133217,14.3456617295742,29.4628908038139,1179.79607087374,7.62212640047073,1.03502887487411,552.678344905376,180.454363107681
11.398204267025,5358.22802868485,66051.019769311,6.18977430462837,138.350365608931,61.1646099686623,243.804341882467,315.95126581192,3327.21347782016,177.672210305929,518.577718764544,92.8979715108871,5770.21412330866,359.037034541368,705.032677352428,12529.9142698348,18173.3407579958,1272.32227146626,7875.95719695091,11.580506503582,2564.26128804684,6598.75619071722,45657.0157764852,8339.66896739602,2249.80720171332,38973.0559629798,0,7444.66323360801,445.246207952499,597.84378644824,419.928029090166,144.141799449921,16.6248156130314,8400.94202786684,1951.15519088507,38553.5110161602,14231.1685615778,16428.4311302304,7654.76613050699,806.560472637415,91.7532936930656,21.2700377702713,18654.2701532543,2229.95908349752,9443.28619149327,4445.27065548301,154.940797418356,59.3079221844673,5.01154673099518,14.7040381133556,1727.77966198325,5037.69348546863,0.476886630058289,26.7063927054405,5.83008626103401,277.22033816576,43.8337258398533,40.7403819262981,17.5491426587105,151.586023002863,5.79340589046478,1298.45047673583,105.777099251747,34.6177585721016,3193.01410230994,8386.58684298396,1061.11208426952,5845.89635109901,0.487356126308441,392.025626778603,3846.62710773945,10030.5063822269,1142.70014870167,47.3463275432587,10410.4704538286,71359.4793686271,302.01286444068,44.363347530365,300.067092895508,588.621683239937,84.7956927418709,3.23733475804329,5752.63481333852,2272.75125068426
254.876418292522,191.196585178375,1133.87345507741,20124.9936305881,265.483447998762,4461.33382374048,71280.8066921532,4026.13413640857,7028.03771299124,14385.3085238039,471.774259805679,760.537585139275,331.080477356911,2232.77178326249,390.654637098312,1917.07557097077,727.377282232046,177.482761591673,242.486496418715,4433.82552656531,29316.9787392616,968.552336394787,16197.1583707333,11275.5892416239,118.782209545374,459.148489445448,7444.66323360801,0,4471.9657894671,21013.3848619461,0,193.551561057568,668.728448331356,2904.02203059196,3892.99017032981,13293.8884541392,680.36506652832,5031.15564653277,1471.94618466496,963.203184396029,569.188985794783,344.009153902531,4141.07338124514,85.9721042215824,1724.23045450449,492.155565410852,2096.41916149855,336.607717305422,122.24512052536,779.931512504816,8.10450085997581,71.5757076442242,6713.64271056652,36.8791228830814,217.615408241749,774.097799226642,1317.47196105123,2265.08949616551,3409.93031546474,136.365980565548,585.559570908546,3.71792244911194,2766.67618483305,132.957828223705,680.197167634964,106.617720574141,0,20.8068855404854,1676.23308289051,441.339710205793,270.519625425339,591.079813838005,12197.0058391392,0.522216796875,15.408792257309,982.032804518938,6643.31445428729,2759.23256543279,2115.89428880811,0,55.0350684821606,95.7808049917221,1613.85179212689,1020.37829354405
8120.40460804105,6.32573127746582,38.0058678984642,906.457433342934,50.5996186137199,559.428297460079,3320.30094090104,3569.00894938409,456.7274697721,3675.76785767078,1319.20160931349,551.972478955984,125.319313257933,19654.9361017644,65.8207757472992,7.02994978427887,2530.52053725719,629.019738018513,647.729030579329,230.197521090508,1254.70792330801,5.86718034744263,2314.61750978231,1552.09477621317,3.21360623836517,362.494677275419,445.246207952499,4471.9657894671,0,14798.8349621594,2.93393981456757,413.484602808952,7437.44977527857,6924.44755122066,762.435736209154,2786.6653598845,263.389874011278,3355.2743191421,410.22851189971,173.805374205112,217.669366598129,92.0957009196281,318.552010476589,27.7957282066345,107.932230174541,40.7895337641239,160.111202895641,21.6667318940163,31.808163434267,35.848879545927,1.22019064426422,10.8622167408466,96.7868946492672,2.71671807765961,1.16769486665726,46.1603225469589,49.4305862188339,135.614014863968,90.4423113763332,14.6489500701427,4.46373495459557,1.49221074581146,104.332965224981,6.68752267956734,10.864038258791,46.9910247325897,0,13.7443102300167,34.7427512705326,16.9013890177011,2.98682796955109,10.255493581295,868.401541173458,0,23.6676993370056,111.030082792044,392.141111403704,106.558196902275,111.446236640215,0,0,1.94428265094757,86.6002061665058,110.836357027292
3896.5068217814,15.4501973390579,587.613870680332,23.3038947284222,139.576517522335,219.662885665894,10322.3015519977,9304.67477697134,160.603939712048,106.560470372438,187.880414158106,32.5500966310501,180.948324084282,16905.8193017244,59.2667619585991,65.5279051661491,5753.71751126647,91.1219420135021,374.962467372417,14.1167950630188,29224.3367590308,24.2061951756477,18205.7170141935,241.320648223162,3.98336043953896,1195.15859490633,597.84378644824,21013.3848619461,14798.8349621594,0,0,75.5761529803276,4314.9641405046,15811.2237704992,4675.76307502389,11865.6691464484,509.10531103611,11346.582105577,2565.19514131546,368.700354188681,386.56009632349,370.599190890789,1180.73803186417,60.3938710391521,376.513429701328,258.281687617302,387.855298489332,55.7138167619705,131.520752936602,451.818330913782,0,17.3747892975807,29.6980840563774,20.0580412447453,30.9884799420834,390.217110931873,564.906212449074,246.965333551168,63.3576185703278,87.1635025441647,5.19821453094482,3.55755585432053,1138.40598317981,34.2545527219772,269.310358971357,30.201926112175,0,4.23721319437027,10.1471308171749,351.6700129807,51.8462848067284,173.435248225927,2850.52558362484,0,3.69819164276123,104.036847889423,1457.02385056019,1403.91002684832,1733.34723761678,0,23.6162495017052,69.9780620932579,317.403771847486,966.281849294901
