0,9.90322085081042e-05,0.00837424910749522,0.000246904476449564,0,0.00873976623267862,0.36442150559509,0.127163655537592,0.000377600016905993,0.00812599587273614,0.00212207838444106,0.00219249936262857,0.000169017863918632,1.04068400697007,0.00123803796032636,0.000165713931235075,0.0244576134093909,0.000881979123304055,0.00328546448687355,0.00147910062685807,0.00341176039998558,0,0.0339667534878747,0.00125785298510666,0,0.00518396060276748,0.00455164087236055,0.0042686511235531,0.412347188402511,0.686641102103596,0.00022863539151442,0.000866958363284487,0.00132315607531535,0.0253612960268269,0.00411367890941025,0.0211221302770469,0.000958669289939585,0.00481207039077266,0.00339024357409775,0.00184607613468602,0.00385623280938014,0.00427557809328453,0.00261454014083749,0.000144692348987222,0.00144301268649524,0.000130382385458976,0.000168686233746335,0.000503580035489977,0.000169216646453231,7.11816741116045e-05,4.84259572406411e-05,0.000245724244342521,0.000426298678936288,0,0,0.00240953027499579,0.000792529351899233,0.00114808875956101,0.000105870378648102,9.59962873554229e-05,0.000251113414436296,0.000132296286590308,0.00016484639949666,0.000101724730088815,0.000425302408856064,8.87507835053055e-05,0,0,8.79033573347627e-05,7.24147176274358e-05,0.000576991758050263,0.00031446698765634,0.00568048765795717,0,0,0.000535173313447475,0.0043078075458986,0.000153019495156348,2.95201607166082e-05,0,8.24847774590553e-05,0,0.000605911440311506,0.000705296887578353
9.90322085081042e-05,0,0.0483402552960179,0,0.000388480297809556,0.000122906088893831,0.000682521496253056,0.000144908695479408,0.131307768638972,5.70958523922116e-05,0.0028754911214515,0.000109518990527004,0.040955083182424,0.000254625735647991,0.00229177355320769,0.0292146568283419,0.0106715736100722,0.00121111151976487,0.00369032136935503,4.54480522129536e-05,0.00685787273820538,0.845873468089983,0.0288101764510332,0.144754468954518,0.39923765355333,0.0529731462180394,2.71665219148166,0.0029778998680423,0.000344517525806919,0.00173561527276926,0.0113785669647078,9.41237182550431e-05,5.36382140139938e-05,0.012797673470615,0.0022218710164879,0.0284064566481529,0.00832524558548394,0.0043760627821009,0.00940712821893808,0.00374824848115998,0.000130535583615422,0.000955617268655748,0.0177134666028597,0.00405382378730352,0.0085239132851531,0.0089528881151132,5.75936827134341e-05,5.52738039200306e-05,0.000488160099604249,0.000255226192547679,0.136805279229338,0.0201820537422911,4.20921272363365e-05,9.63941502848863e-05,0,0.00266396653036363,0.000294587364431113,0.00375270527024072,0.000151754543359652,0.0173995045843729,4.9654650428921e-05,0.0190122146402735,0.000508009666377232,6.70941239808052e-05,0.00311199457220392,0.00461667258737294,0.000764743284653993,0.000622043616918921,0,0.00219431513447951,0.0174549618800141,0.0199358471328458,0.00597822053848194,0.0125025239400051,0.0182543465897664,0.417539948800818,0.001418094394364,0.000543475713699341,0.00147027555630659,0.0155174635158154,0,4.58832848480046e-05,0.00399971154043577,0.00221775502266142
0.00837424910749522,0.0483402552960179,0,0.000359057749037087,0,0.00478199592973976,0.0593885386833317,0.0322252647261807,0.000304754252364069,0.0028935265016956,0.00368439846110126,0.000941859159854247,0.000132008686827808,0.0572852254113085,0.0007419451226953,0.00461852483534868,2.87197422422823,0.0224504638339497,0.392123662787792,0.000465319694397345,0.174845589909705,0.0056989966164262,3.00639841955704,0.00553516697078179,0.00119567134897721,4.0882258820847,1.18593121813797,0.0768185021605205,0.0286512059605759,0.194142581267354,0.000226352116220266,0.0015188221861466,0.000716548359200433,0.149709341510271,0.0253323803989926,0.326897141340241,0.221051321394425,0.0547969721125622,0.199142780232714,0.0054249679397954,0.00299023034239276,0.00722669648857239,0.0455338420479106,0.00881568978733644,0.0221159809657142,0.0221098573584302,0.000787025803463787,0.000603119725383803,0.000138734677305192,0.000452182863319964,0.0261358672383518,0.0812975544089505,2.83050456452667e-05,0.000184389315207839,0.000165720509635791,0.00950577094379625,0.000294230668925613,0.00186829969284025,0.000274791385071293,0.000716791050649193,6.33464186948687e-05,0.000134797262465089,0.0012627215228921,0.00024195456990245,0.00653042854317949,0.0148199782037628,0.00163674633871682,0.00174217356987718,0,0.00398235132514882,0.00804125086496134,0.0378848331188506,0.00390482741431886,0.000258011556389078,0.0194829509843337,0.414982400817809,0.00358696458841042,0.000603720509537861,0.00406981037098928,5.64741004431993e-05,0,0,0.00821894847693557,0.0128074980152042
0.000246904476449564,0,0.000359057749037087,0,0.0348747117953504,0.0909112015733671,0.165943106223974,0.0176455010259669,0.35645972510292,0.657521520016261,0.00489518468610328,0.460517654437272,0.000658293605023426,0.0320855138211777,0.111016710112911,0.00013084087079075,0.00021059450477463,0.00223529772635073,7.35838838337213e-05,2.86170405801423,0.000212901716668353,0.000338248893887281,0.00185974308256964,0.373802854121769,0,0.00307188528507335,0.000821079534582808,0.351716751926813,0.0216725418159417,0.00206851200766027,0.000543964704233363,0.0134700021768498,0.00219483069532491,0.033143989506464,0.0171881597245204,0.106105068745159,0.00110025052961295,0.0131793461485578,0.0067285151664623,0.168407082880388,0.0220649592385695,0.0284079273253718,0.00885504980893062,0.00120326458704999,0.00556677306848832,0.000381098663980007,0.0410180732955752,0.00185063703180812,0.00127566267153317,7.07879498721363e-05,0.000840873466153312,0,0.263273776037487,0.00305367019319003,0.00781165985737364,0.0844021283599636,0.0196979157321456,0.145104643658031,0.0590161980125554,0.000809172049242836,0.0309347028490505,0.00171967727753919,0.00748610850358257,0.00835556694720142,0.000428637319007158,0,0,0,0.0241778841693556,0.000134396221053064,0.00317596719311531,0.000160131857427717,0.225765069810773,0.000470815647396043,0,0.000413407964700714,0.167086281163151,0.00237130346081941,4.33478120515049e-05,3.12355948100686e-05,0.00194919457842863,0,0.0117657837255569,0.00112603130945418
0,0.000388480297809556,0,0.0348747117953504,0,0.0642727686215056,0.0019524429033442,0.00184452986366728,0.0367081243126971,0.00274466289208554,7.86073226740956e-05,0.0387822453132861,0,0.00279946718004596,0.216238434835173,0.000128249024019927,0.000104872264577687,0,0,0.0113467574735114,0.000235190269108116,0.00197316331751065,0.000368822368844032,0.0338495970701369,0.00024705782549575,0.00010482576702267,0.000610473681724012,0.0100145466871784,0.000501257454398513,0.000637136386617109,0,0.0898085425182189,2.81644967520386e-05,0.00117169480282088,0.0216234050739674,0.0179970568056275,0,0.00026605028172037,0,1.23498420736133,0.10909028652649,0.000520376132829547,0.000314991400046587,9.18115465959908e-05,9.91303495461345e-05,0.000195646246295035,0.000793686131429644,0,0,0,0,0,0.0036259115914745,8.67870672042966e-05,0.000291891603620023,0.000876310209512263,0.000306345243574276,0.00409899624038728,0.00117097293650958,0,0.00186692362936676,0.000418596759099394,0.000105957514533192,0.000411319997557938,8.57322852185067e-05,0,0,0,0.000723940312320472,0,3.92914412277639e-05,0.000568674119894326,0.00242364347046544,0,0,0.000311991725744679,0.00330930761514655,0,0.000207702916516304,0,0,0,0.000416202797363162,0.00555127463270557
0.00873976623267862,0.000122906088893831,0.00478199592973976,0.0909112015733671,0.0642727686215056,0,0.434509179821769,1.94793441818459,0.0523145102726116,2.29624558508173,0.0198914092737209,0.892541024315882,0.00306514729200307,0.226536817093391,0.297809098151772,3.81893229751587e-05,0.00762402112378949,0.00427561772633621,0.00303092932426134,0.14350617170491,0.00173137456367415,0.000839810504767883,0.0190161442539181,0.0251074496572588,0.000284257770328522,0.00960352440487436,0.0043123423410554,0.044356519139134,0.0521970346388119,0.0400265479686816,0.00175032659320626,0.0354396701299973,0.00120768355179632,0.0977842097370166,0.495073722818819,0.220108368979621,0.0047873130588012,0.0202233625558192,0.00622599473555094,0.793898409589561,0.277876737295001,0.0600807984113238,0.00380815097872567,0.0101837233400123,0.00148187041182378,0.000354148978560224,0.0147196057142051,0.00073920470244056,0.000217983320563853,6.10156699614078e-05,7.10996998313665e-05,0.000146389772332698,0.0321762319374388,0.00124391480409825,0.00160211531521252,0.00975132059107385,0.00283153563722731,0.0133250389651035,0.00706059356554872,0.000715246217981996,0.00986130439646324,0.00903486319879021,0.00142732747273042,0.00364557406084946,0.00144805300343075,0,0,0,0.00601565134559578,0.000860663157134247,0.000450691588671818,0.00200493284056258,0.0221839288199213,0,8.89206324424746e-05,0.0012413592316127,0.0231637339881469,0.000356121230909347,7.78367268154023e-05,0,0.000328586591040894,0,0.00290398866713131,0.00878272831960642
0.36442150559509,0.000682521496253056,0.0593885386833317,0.165943106223974,0.0019524429033442,0.434509179821769,0,1.27471293044986,0.0814450540899531,1.23848075537487,0.0558470673297929,0.0228007660157765,0.00905524852015879,2.37281696916864,0.0443189667188094,0.000760614945303379,0.0335293347426832,0.0172208198811177,0.0151319386051895,0.0122980385404429,0.0215583813766871,0.00144714382416466,0.277910121453881,0.504592976427096,0,0.0483452347456002,0.0375830616960066,5.91137167171332,0.307235518393037,0.881379506082254,0.00486407044975504,0.0436033797545634,0.0223818805810904,0.298961604235888,0.123170773337307,0.455677605755524,0.0298894337245176,0.1279095495839,0.0852348466540784,0.0770981630200693,0.0874790223466526,0.179667635076378,0.0538404475987725,0.001878056928848,0.018544971863986,0.00404188566546764,0.0165258305263863,0.00878100248195936,0.00167190091826311,0.000550022006254748,0.000980013398025586,0.00167290952406943,0.0254661736430913,0.00096039684224276,0.00295500227366456,0.0851346679471181,0.0142054442261222,0.0262697078775056,0.0150663452305567,0.00211736228252495,0.00563005295852536,0.00395883976825991,0.00909901455937577,0.00498575474131765,0.00800535970637436,9.00008148542642e-05,0,0,0.00430601869316909,0.0029260628640396,0.00524950572207777,0.00639381400584489,0.198262013706386,0,0.000164986074405164,0.00845318535412432,0.111573001641727,0.00527661039085598,0.00233056125785872,6.10992883519232e-05,0.00291992778325657,0.000703355234492613,0.0172575389540683,0.0145972488796395
0.127163655537592,0.000144908695479408,0.0322252647261807,0.0176455010259669,0.00184452986366728,1.94793441818459,1.27471293044986,0,0.00907376010058196,1.14743409389792,0.0318382037580077,0.120296192010438,0.0054824464701224,0.963033165894367,0.0216707220602097,0.000298021514959767,0.0592874119116436,0.0101673189289209,0.0141097231204997,0.0418695331348946,0.00775686881047771,0.000307821793735385,0.116251029486217,0.0166959736231019,0.000303065090721726,0.0275554239120389,0.0197903172595823,0.0600289006369684,0.215363223974989,0.387380476228119,0.00248062930464156,0.0237953705672184,0.00418834632266453,0.179189501899777,0.0582741181668785,0.216954639870246,0.00946243028822954,0.0432296519446148,0.0182308210412835,0.144296160671279,0.107513467380306,0.0809899428790871,0.00545955038072284,0.00294058033623244,0.00217525510120732,0.000392740961582795,0.0028735069311765,0.000503045082373649,0,3.31724978084266e-05,0.000528803187602222,0.000736251535491705,0.00313854953006545,0.00013417955906415,0.000133977792048082,0.00869677935672215,0.000437007313943058,0.00216404164596114,0.00121414891650163,0.000222199718774453,0.000751233242503273,0.00314402308671568,0.000630692599144533,0.00104323089417559,0.00148646804961762,0,0,0,0.000523861097927451,0.000460510336743459,0.000815697430831893,0.00200731308309017,0.0217156438099915,0,0,0.00224976350998959,0.0105874173916969,0.00020628130001837,0.000310982483066082,0,8.44001404572126e-05,6.6985983068228e-05,0.000453355796870716,0.00375751660317847
0.000377600016905993,0.131307768638972,0.000304754252364069,0.35645972510292,0.0367081243126971,0.0523145102726116,0.0814450540899531,0.00907376010058196,0,0.0980194454494113,0.00328694540891789,0.13909083628793,0.0105551652448742,0.0118399903362441,0.143853258943727,0.0197582389416584,0.000594443500701606,0.000551087466139108,0.000296828122132078,0.0662583586418281,0.019852980968833,0.714314695662871,0.00869956520066724,1.68336504122679,0.0856118236903621,0.0120357838734603,0.223203092463383,0.462344211937737,0.00958568239375053,0.0048670158390237,0.00286887110064213,0.0124438230793338,0.00196869279746362,0.0162282920819878,0.0118366536751842,0.085449758668866,0.00184930818898463,0.00908956573807613,0.0044726928122406,0.20199583663072,0.0171163607114948,0.0178846812508981,0.0358135254358968,0.00282088915115671,0.00922688717620333,0.00455456240635332,0.0241023749618413,0.00419318226826626,0.00133291409908512,0.000794420678357872,0.00643562771995637,0.00203427358358101,0.13854343887152,0.00270295906881569,0.00563008467868395,0.0452242099300317,0.010207947715707,0.243345543706229,0.0291469261083891,0.00512178381666537,0.00990695904808315,0.00558530681990518,0.00546914904337213,0.0131986395671051,0.106679370090166,0.000261455269799918,0.000979374748385369,0.000115939431241721,0.0158933675555659,0.058357573792436,0.130873197653468,0.0594543376070221,0.402340328806822,0.00149513407846457,0.0031798279834023,0.0209805995246884,0.188063524433649,0.00385143289899163,0.0108823859134078,0.00157981893022356,0.00242169875451395,0.000832544385852071,0.00785270725540809,0.0132576492775173
0.00812599587273614,5.70958523922116e-05,0.0028935265016956,0.657521520016261,0.00274466289208554,2.29624558508173,1.23848075537487,1.14743409389792,0.0980194454494113,0,0.0972293154667839,0.490294040600989,0.0156928800609726,0.483576931873831,0.0311096728742363,0.000146492800630599,0.00383264296031256,0.0270819174332231,0.00884978906070211,0.72844943650008,0.000510025645397067,0.000123001165106505,0.010118151189883,0.0601321908432044,0.000116254853504479,0.0441994072026678,0.0100872522810313,0.459352869225408,0.150094248820376,0.0274552964507613,0.00902713795571074,0.0647581392499321,0.00265161470609486,0.331214691227175,0.805704860700287,0.243625407834832,0.00949811589383971,0.0754897447778549,0.0241142081349645,0.100827980465922,0.0741160863006454,0.209598793627234,0.0120939708977404,0.00183918332874312,0.0042220870967064,0.000701724394673961,0.0206964758169539,0.00158588928714681,0.000185473463864207,0.000346025484549105,0.000182038545169606,0,0.118224119051959,0.00193049107605494,0.00343414021720239,0.0601471756072029,0.0104976330154364,0.0372686416977667,0.02258943962522,0.000334264961896092,0.00962922209345937,0.00178423729065037,0.00512962376142167,0.00493252687097013,0.000324247009974346,0,0,0,0.0112175972341937,0.000228594798255309,0.000374527264939651,0.000477619883021534,0.148407296004917,0,0,0.000342105329927504,0.103031703605047,0.00102857647288759,0.000203073729049682,0,0.000823934487988176,2.90257126770765e-05,0.00717075133700964,0.00811270431892806
0.00212207838444106,0.0028754911214515,0.00368439846110126,0.00489518468610328,7.86073226740956e-05,0.0198914092737209,0.0558470673297929,0.0318382037580077,0.00328694540891789,0.0972293154667839,0,0.0395556480934573,0.570786028798274,0.0460800860945068,0.00218758179351625,0.00131726193801165,0.00552825919344136,0.344076686432487,0.0619600985266134,0.0167517350938414,0.00427593577055314,0.00214680512694716,0.017265305004004,0.00553682988152869,0.0188412890244703,0.0881272202131543,0.0342205388656545,0.0149594829693884,0.0349135457565248,0.0152182980155994,0.0756082054806211,0.0204816325745743,0.00270522959098746,1.10630104701731,0.0075713549708708,0.061304309701062,0.137969297990892,0.202512105384155,0.0316608098302503,0.00802826942092142,0.00355305335795321,0.460917202908983,0.00167322565179071,0.00278213616486299,0.00125586350193314,0.00146621419632341,0.00041483029253599,9.1962107121408e-05,0.00294744028348508,0,0.00657897891978809,0.000968812209919259,0.000250952187769949,0,6.95446301771703e-05,0.000569410593116239,0,0.00324918952553737,0.00015076951358521,0.0872400856675589,0,0.121036587989331,7.83508649861218e-05,0.00016172279180932,0.000809170548183874,0.000215999275299773,0,4.64799420697093e-05,3.10610193008036e-05,0.000116502722234949,0.00416949947503842,0.000613853472754344,0.00577648416870779,0.0170450896146367,0.0365729312586071,0.0235925774411543,0.000688440451979486,0,0,0.0891944132444959,0,0,0.00422477394718445,0.00165442450415957
0.00219249936262857,0.000109518990527004,0.000941859159854247,0.460517654437272,0.0387822453132861,0.892541024315882,0.0228007660157765,0.120296192010438,0.13909083628793,0.490294040600989,0.0395556480934573,0,0.00670643547285635,0.16227911986619,0.161179125131919,8.20601031865476e-05,0.000804332513641077,0.0112332417194866,0.00336502401198554,1.69313398301165,0.000549276336597159,0.000981846173386513,0.00221439054987905,0.0457719949077177,0.000128716574493706,0.0177909022294749,0.00395898094618699,0.0650642384060588,0.0510642674183699,0.00746957016902924,0.00400139179762389,0.0354120801371098,0,0.145302525008561,0.348139802654653,0.107654386025901,0.00347796168194389,0.0292322097611798,0.0028314195128758,0.187639105525369,0.0173406842601798,0.0865445219951253,0.0026539037132395,0.00326653791067683,0.000919406603985012,0.00037373798030895,0.0199097353890987,0.00063174651302442,0,0,0.000399962942310423,0.000118479752105951,0.0780643789172735,0.00189683602894072,0.00347968368072082,0.0138455196743204,0.00435626169992444,0.0343652774829228,0.0134788271964514,0.000493600809321866,0.0309300083851149,0.00290937144302742,0.00157346362684569,0.00569311321384966,0.000584640809649765,0,5.22071914024353e-05,0,0.052863797513442,0.000341345543261051,0.000814662858273152,0.00059795270221895,0.0375662637115655,8.38656929194925e-05,9.94727046475706e-05,0.000733554406874924,0.0416161225123583,0.000595877809574112,0.00018062094782564,0,0.000806184653838426,0,0.00213053996944878,0.0564471110914145
0.000169017863918632,0.040955083182424,0.000132008686827808,0.000658293605023426,0,0.00306514729200307,0.00905524852015879,0.0054824464701224,0.0105551652448742,0.0156928800609726,0.570786028798274,0.00670643547285635,0,0.00589121968207259,0.000684789465056894,0.00395493682290703,0.000216635808564424,0.000290319195363044,3.4567526358515e-05,0.00269935449322541,0.000759908771524982,0.0317571948311301,0.00205801507487708,0.0095216896545338,0.292646743376323,0.0209018087044144,0.0439658324815851,0.00289284711574497,0.00293968304590204,0.00264105012571825,0.0440769552262427,0.00323722758271873,0.000437502910312295,0.200761068897837,0.00368257970280924,0.0285907642536274,0.0252103400389987,0.0433196770762324,0.00321349108646092,0.00322102461138904,0.000786532002094566,0.335496663194782,0.00666506296818129,0.00884750929212466,0.00603978089100845,0.0033855119383769,0.000194507336420909,0,0.0132227494018107,0,0.0311934311434593,0.000469702473040715,2.80436183939278e-05,0,0.000628483234347791,0.000190379498729691,0.000299378556528062,0.00405275532922045,0.000323226960063114,0.39510336389328,0.000215272564839959,0.588089753163519,0.000289559032452047,0,0.00278079105534175,0.000256910112241283,0.000109726352221071,0,8.17447887021747e-05,0.000158187090526447,0.0134090391889631,0.000904653908405707,0.00590658048485733,0.20861202262635,0.105701197211868,0.0938368500667481,0.000356104448834955,0.000415189014275134,5.21506038309485e-05,0.393983036876363,2.07422069559545e-05,0,0.0253492337678064,0.00114061718956796
1.04068400697007,0.000254625735647991,0.0572852254113085,0.0320855138211777,0.00279946718004596,0.226536817093391,2.37281696916864,0.963033165894367,0.0118399903362441,0.483576931873831,0.0460800860945068,0.16227911986619,0.00589121968207259,0,0.0192656464873132,0.000789184404641061,0.165445705358465,0.016010829938503,0.0294327068343322,0.0600536576348269,0.023094040668869,0.000759627072139175,0.236497300819778,0.0278807199280574,3.61747019629777e-05,0.0449253988639347,0.0369077495762889,0.096982255676782,1.49188399025542,1.4643481327685,0.0036200453746514,0.0234164746308462,0.0213249045683481,0.291598026392831,0.0382217244263988,0.265183342826761,0.0147273303125738,0.0620980851935104,0.0318226441570115,0.0535463449823263,0.0403406082340252,0.0725736247324451,0.0126774727230509,0.00308925013483088,0.00287099210479941,0.00144917863304821,0.00352080081333019,0.000719074514065626,0.000105847717752695,0.000162609870627612,0.000619241423972562,0.000888944783516201,0.00392131843612066,0.000104988725981608,0.000682090210266518,0.0149985929216134,0.0012372219153024,0.00484790906520522,0.00177500574469663,0.000180317667287886,0.00138823481599686,0.00259533803409782,0.00101673803234084,0.00111501970940638,0.00395644975905101,2.39740633342564e-05,0,0,0.00101289890550929,0.00164628985802499,0.00233043130847979,0.00394065614766508,0.0384009096701118,0,3.22620957475603e-05,0.00460760455494693,0.0215868267987801,0.000568653640041516,0.000917276125127869,0,0,0.000558174788552165,0.000912406211698307,0.00171732214933498
0.00123803796032636,0.00229177355320769,0.0007419451226953,0.111016710112911,0.216238434835173,0.297809098151772,0.0443189667188094,0.0216707220602097,0.143853258943727,0.0311096728742363,0.00218758179351625,0.161179125131919,0.000684789465056894,0.0192656464873132,0,0.00250572717711836,0.00280802035512549,0.00116077586083071,0.000502921260685816,0.0326972634255583,0.0191991747462749,0.00964371314819019,0.0178110793112454,0.167775494226445,0.00164374264718252,0.00190194865537472,0.0071504294206853,0.0918851444841556,0.00946302570893926,0.0442368968998913,9.56016225045919e-05,0.010388370723629,0.000163531687399283,0.0091477736321708,0.192861081708435,0.0383766729567314,0.00462777779588777,0.0043464818637691,0.00354287225503103,0.366005966342448,0.00653461020147711,0.0211680580214586,0.00668578705073207,0.00188977061689359,0.00257855297718412,0.00619901911277284,0.00590547762195407,0.000675545795014617,0.0004654673840985,7.62560686129332e-05,0.000164352435480058,0.000209355210112452,0.013381039326634,0.000593023710557401,0.00108065477309887,0.00986747565355121,0.00153647163746791,0.0138322172584107,0.00486890170601721,0.000187890176637769,0.00361548938830446,0.000925651938136962,0.00116122543778904,0.00118490456263256,0.00237972315138896,0,0.000120629425313711,0,0.00204805077895475,0.00222972501358603,0.00226025709576401,0.00584316524672405,0.0266314086347331,0,0.000401113603947759,0.0020224707922049,0.0204672785904343,0.000315639881035149,0.00136592456678833,0,0.000359240580370664,0.000297348384074688,0.0022452928312144,0.0488220562474953
0.000165713931235075,0.0292146568283419,0.00461852483534868,0.00013084087079075,0.000128249024019927,3.81893229751587e-05,0.000760614945303379,0.000298021514959767,0.0197582389416584,0.000146492800630599,0.00131726193801165,8.20601031865476e-05,0.00395493682290703,0.000789184404641061,0.00250572717711836,0,0.00384546964830845,0.0026981089787706,0.0034171353139384,6.94267284621002e-05,0.782652263857947,0.347716807577227,0.887198898817097,0.278878025487853,0.0208452205705203,0.0216406392140185,0.485913992570042,0.0577366849895617,0.00288948294670167,0.00340037159126616,0.00133358994794512,0.00019122383264038,0.000743211826380654,0.0495860456478191,0.0731078293024117,0.358982830523711,0.113528285090466,0.106252512776262,0.137658472213679,0.00255723449095971,0.00706936558561936,0.0190262929312232,0.0559736450520287,0.0132233580224332,0.0180959217577585,0.0300639421838693,0.0354511893975935,0.00175329247996418,0.000697716724003509,0.000739405450460988,0.00949597185842132,0.00693686798076304,0.00241628850884683,0.00201516473649833,0.000608375397250355,0.0104402706780471,0.00128231270568342,0.02986567773017,0.00108492410421389,0.00185383830264029,0.00348884809641738,0.00431676926768498,0.0012532124280002,0.0065073762084346,0.701585972028794,0.00135633335064566,0.000637266141994953,0.000585073028409242,0.000583833398654267,0.098579094539475,0.225474098773696,0.528269425950469,0.0954835242174241,0.00120811853360167,0.00231028014643108,0.141373866300036,0.0387648229902148,0.00230631654928178,0.013835487938523,0.000801474158357945,0.000873993438655572,7.99113705901507e-05,0.00457953747221872,0.0287328682713788
0.0244576134093909,0.0106715736100722,2.87197422422823,0.00021059450477463,0.000104872264577687,0.00762402112378949,0.0335293347426832,0.0592874119116436,0.000594443500701606,0.00383264296031256,0.00552825919344136,0.000804332513641077,0.000216635808564424,0.165445705358465,0.00280802035512549,0.00384546964830845,0,0.0274733742839316,0.748909599686936,0.000641257589079008,0.227992608800442,0.00480044249236214,1.14188338750618,0.00279990670226075,0.000421062512997866,1.08822187127423,1.15407810171775,0.0522252049702938,0.196003292532956,0.928192456907786,0.000258492314614072,0.00150035164773251,0.0068522852852768,0.255317970722167,0.0358662891654868,0.295475145743041,0.200090552489069,0.0714829007676204,0.100698230748403,0.00408140558707416,0.00823900120988398,0.0200847158766262,0.0185441623973628,0.00343357493916766,0.00957990908679451,0.00945656298186493,0.000519517581970036,0.000198195236460656,0,0.000200438198719502,0.0136300661240967,0.0420435904946734,0,5.62800542787313e-05,0,0.00548766577560214,0.000283713117157519,0.00178060025612965,0,0.000234622034026414,5.32878813524395e-05,0.000365604913617611,0.000544263522745967,0.0003853360966122,0.00392893077252331,0.00493247008939755,0.000362014656875714,0.000283407543879569,0,0.00236887829430122,0.00666870692207436,0.0256173839565551,0.00454535772465202,0.000115297967605844,0.0101621780224185,0.187016889028001,0.00194389460768612,0.000227251589552864,0.00139935454715919,0,0,0,0.00233688946379092,0.00839391116143347
0.000881979123304055,0.00121111151976487,0.0224504638339497,0.00223529772635073,0,0.00427561772633621,0.0172208198811177,0.0101673189289209,0.000551087466139108,0.0270819174332231,0.344076686432487,0.0112332417194866,0.000290319195363044,0.016010829938503,0.00116077586083071,0.0026981089787706,0.0274733742839316,0,0.0324044902770501,0.00509052429309416,0.00865721852244058,0.00231090828669892,0.040212658676168,0.00162926649330339,0,0.0593545894658926,0.0552383578891142,0.00711980467751033,0.0150287243601796,0.0118924458059349,0.00088484653980997,0.00517822828001222,0.00099618930326332,0.349612417110679,0.0208764156171422,0.154225235505009,0.104074962726382,0.116051115123764,0.140158261275994,0.00354260155883856,0.0016565215795557,0.051199818351568,0.000550717112172782,0.000206434000434637,0.00052115581734553,0.000971746223669246,0.000166959590700805,0,0,0,0.00135675935157211,0.00217265722668534,0.000163284302691743,5.26091577489674e-05,0,2.20910769630373e-05,0,0.000305410293516457,0,5.8918100744307e-05,0,0,0,7.08084003308412e-05,0.000389985034957826,0.000131144429592699,0,2.29200279587358e-05,0,4.63678721450865e-05,0.00125977641188764,0.00186314805454999,6.84100569133462e-05,0.000110629684019863,0.000994256895603436,0.0142814787356882,6.70844983911959e-05,0,0,0,0,0,0.000169224330072298,0.00663289063027296
0.00328546448687355,0.00369032136935503,0.392123662787792,7.35838838337213e-05,0,0.00303092932426134,0.0151319386051895,0.0141097231204997,0.000296828122132078,0.00884978906070211,0.0619600985266134,0.00336502401198554,3.4567526358515e-05,0.0294327068343322,0.000502921260685816,0.0034171353139384,0.748909599686936,0.0324044902770501,0,0.00187859646352551,0.0283907572742678,0.00279284229157279,0.235372711145187,0.00191270428371708,0.000131624241327509,0.841181590966954,0.186370208230454,0.0107861866646558,0.0348040956471638,0.0778132389844557,0.00029179267873919,0.00230758947275977,0.00147072757493524,0.408404689393387,0.0165307133007166,0.178851263618141,0.104114281357157,0.0575483272898847,0.147806233151632,0.00245703812696043,0.00113577494187009,0.0256721966002798,0.00474278006467536,0.000386998290142939,0.00224335061768106,0.00294249903056251,0.000124927190326378,9.88445153895466e-05,0.000163630394763738,0,0.00424741094910343,0.00846010409546593,8.26470387979003e-05,0,0,0.00022877751005286,0,0.000251577333758294,0,0.000143170706309319,0,0,0,0,0.00147167012826824,0.00221605474612814,5.14807023782134e-05,0.000117585216983006,0,5.66606119187325e-05,0.00134823888429311,0.00469984090123028,0.000454562435661957,4.97691581046581e-05,0.00725203710344771,0.0716736387715527,9.94747152043579e-05,0,0.00032329070020017,0,0,0,0.000834152206167239,0.00618469372909707
0.00147910062685807,4.54480522129536e-05,0.000465319694397345,2.86170405801423,0.0113467574735114,0.14350617170491,0.0122980385404429,0.0418695331348946,0.0662583586418281,0.72844943650008,0.0167517350938414,1.69313398301165,0.00269935449322541,0.0600536576348269,0.0326972634255583,6.94267284621002e-05,0.000641257589079008,0.00509052429309416,0.00187859646352551,0,0.000159558384316489,0.000236891268736378,0.00119781059119688,0.0191960279760327,0,0.00704998159403633,0.0023365150534381,0.296332213499465,0.0187449706874613,0.00335643110587399,0.00199922595938507,0.0124786119805361,0.000243822428107589,0.0438359987116225,0.00496669686361316,0.0680973064963551,0.00282440731395689,0.0105936488851446,0.0024840511429594,0.0639458427993611,0.00915386704583007,0.0378691401861937,0.00514676302513998,0.0023276693364672,0.00349059017332768,2.91341828036308e-05,0.0227546213173945,0.000994758654936704,0.000543236028287724,0.000253951358452857,0.000168082392605349,0,0.110609573776369,0.00275505566195837,0.00400640896376224,0.0322727845415461,0.00792869304718445,0.0316620170931764,0.0205768586913057,0.000850944205968561,0.015786031006795,0.00330405529028876,0.00381283949329437,0.00617666734341109,0.00025727979798162,4.22470851198733e-05,0,0,0.016584258098305,0.000511397574099779,0.000234476562600389,0.000768120939712689,0.0848185634383629,0,0.000142631702685311,0.000493702489410147,0.0749295899142029,0.000600762245651186,0.000215548779285759,0,0.00101661416950126,4.92030864290893e-05,0.00487898774644395,0.000626928505665213
0.00341176039998558,0.00685787273820538,0.174845589909705,0.000212901716668353,0.000235190269108116,0.00173137456367415,0.0215583813766871,0.00775686881047771,0.019852980968833,0.000510025645397067,0.00427593577055314,0.000549276336597159,0.000759908771524982,0.023094040668869,0.0191991747462749,0.782652263857947,0.227992608800442,0.00865721852244058,0.0283907572742678,0.000159558384316489,0,0.0676495897439667,3.46004904804152,0.175125737092763,0.00356779430372891,0.0776879057831539,0.240682462865322,0.884303126170743,0.067196597013284,1.53091896253138,0.000978284818888335,0.00177272574390578,0.0160269094643894,0.807497573187375,0.286083329638492,1.00028168291025,0.231223072693764,0.401474023006388,0.361834021871628,0.00717551756959217,0.0465611166519651,0.0989773194377464,0.0362042564050592,0.00672062254355047,0.00892338306688577,0.0108431972045773,0.014132275741741,0.00139695108132899,0.000789444691401125,0.00015144696932295,0.00657512644803286,0.0077186609319838,0.00159470346032373,0.00123750286023951,0.00089038584715405,0.00436793189449255,0.000750951188428595,0.0213909012771331,0.000606262484310404,0.00104104666917712,0.00300426858485406,0.00274795287040761,0.000532513035240427,0.00530439748297569,0.214796596880168,0.00106710206442483,0.000236818392911464,0.000191135889397204,0.000302590152529538,0.125146413701931,0.101772380167096,0.208271895721534,0.0822744522121212,0.00057417277715069,0.00131606541765117,0.0716756911561514,0.0430679522487336,0.00199571801985463,0.015467431476431,0,0.000571072482907891,0.000302724420882314,0.00339818977266508,0.0590668651017819
0,0.845873468089983,0.0056989966164262,0.000338248893887281,0.00197316331751065,0.000839810504767883,0.00144714382416466,0.000307821793735385,0.714314695662871,0.000123001165106505,0.00214680512694716,0.000981846173386513,0.0317571948311301,0.000759627072139175,0.00964371314819019,0.347716807577227,0.00480044249236214,0.00231090828669892,0.00279284229157279,0.000236891268736378,0.0676495897439667,0,0.137640729563449,0.990886302523551,0.365087186581471,0.0241916483255043,1.4709103329658,0.03281263745531,0.00100196071625912,0.0028449736089516,0.00720934498373857,7.30262580643447e-05,0.000289736519937322,0.0284820494936538,0.00415896277986949,0.0408725674549319,0.010796818707443,0.0123027482471815,0.0148423326401496,0.0139701398961287,0.000449133979366943,0.00213861982301189,0.0346499145665409,0.0063302752595609,0.0158176100090154,0.0195432081492116,0.00751307642510513,0.000937928162727087,0.000135138528025031,0.000299882310741261,0.0695083503618871,0.0245312708020026,0.000908492208283099,0.000666114715996803,0.000231536327098161,0.00482399779551783,0.000572690287420749,0.0251114208958956,0.000452230536639184,0.00692772176197713,0.000643298645189688,0.00995531733421507,0.000733794472450303,0.00374614638916992,0.15822674265294,0.00171731977037208,0.000838612712622465,0.000364925355221554,0.000166411081023216,0.0590176378690753,0.144138566256052,0.133951822793239,0.0554914937541725,0.00621657758541971,0.00817801863572528,0.221897554196635,0.0215762096049151,0.000902265125910786,0.0107521090312304,0.00582385527929561,0.000163921804002255,5.2575315335989e-05,0.00439102927668329,0.0100359969530547
0.0339667534878747,0.0288101764510332,3.00639841955704,0.00185974308256964,0.000368822368844032,0.0190161442539181,0.277910121453881,0.116251029486217,0.00869956520066724,0.010118151189883,0.017265305004004,0.00221439054987905,0.00205801507487708,0.236497300819778,0.0178110793112454,0.887198898817097,1.14188338750618,0.040212658676168,0.235372711145187,0.00119781059119688,3.46004904804152,0.137640729563449,0,0.186520061278954,0.00406168816639957,0.550260006549351,3.29724561254655,0.984014797032608,0.181826525001746,1.62608612625365,0.0013880854763066,0.00356548503228822,0.0209915617935894,1.41102534523042,0.469477108172544,2.15358470305643,1.01037574354796,1.03586439583321,1.44377297140745,0.0274097072500154,0.0481182479518631,0.131887726579681,0.0968762251600288,0.0253011648803563,0.0577177120608209,0.077450124393309,0.0250682695442444,0.00309247901456614,0.00110195972235809,0.000630159156885206,0.0521641781619262,0.0950555398962998,0.000921184974776652,0.00173527103252588,0.000352707207504243,0.0160543666880235,0.00184085564168443,0.0183009304595936,0.000938384725684393,0.00116979754463184,0.00322848210160576,0.00341998664990923,0.00232397812861083,0.00426980117967187,0.418389278370959,0.00591498799450974,0.00235207095861548,0.00240566043230424,0.000679181222657591,0.0504262468786278,0.174126763354512,0.512243282351447,0.0586482956929175,0.000751462967232482,0.0140821955450144,0.742541646037634,0.0233308583817969,0.00114826947647862,0.00689410900710129,0.000211615871541768,0.000642329070835695,0.000125356695030153,0.00968182048708706,0.167078463244377
0.00125785298510666,0.144754468954518,0.00553516697078179,0.373802854121769,0.0338495970701369,0.0251074496572588,0.504592976427096,0.0166959736231019,1.68336504122679,0.0601321908432044,0.00553682988152869,0.0457719949077177,0.0095216896545338,0.0278807199280574,0.167775494226445,0.278878025487853,0.00279990670226075,0.00162926649330339,0.00191270428371708,0.0191960279760327,0.175125737092763,0.990886302523551,0.186520061278954,0,0.0951241491198307,0.0164752741020461,0.332986139346505,1.0808845442933,0.0669062057102616,0.0126948846170938,0.00306039813347638,0.0137886561578338,0.0224418437069372,0.0543050125573904,0.0790160470526392,0.364616681700312,0.0327582671497554,0.0418641671724266,0.0419883611111249,0.17885332971509,0.034259829595545,0.0497911307410142,0.305200012650703,0.0198517820459944,0.0822559271025712,0.0240025758630914,0.083923099206948,0.0330471642230419,0.00832020711253862,0.00360881239192142,0.0109965074583826,0.00955755519321879,0.119210237053,0.00703770522051608,0.012102552833972,0.257587062100596,0.0440148742845192,0.300450965129872,0.0546559016209395,0.0129145821136835,0.0242119932632918,0.028936097471729,0.0345901788707235,0.0454865161650524,0.253191588582195,0.00238712463407786,0.00159885876778595,0.000455511261696979,0.0197649412718408,0.178473295327391,0.218841004614721,0.19564450249367,1.05649151130535,0.00306020361112741,0.00594572555911867,0.0777392508993435,0.540041136726889,0.0294387323299722,0.0487198127839574,0.00256203682146287,0.0156026844102322,0.00501306832771788,0.0566653033785906,0.0513232181810833
0,0.39923765355333,0.00119567134897721,0,0.00024705782549575,0.000284257770328522,0,0.000303065090721726,0.0856118236903621,0.000116254853504479,0.0188412890244703,0.000128716574493706,0.292646743376323,3.61747019629777e-05,0.00164374264718252,0.0208452205705203,0.000421062512997866,0,0.000131624241327509,0,0.00356779430372891,0.365087186581471,0.00406168816639957,0.0951241491198307,0,0.0430853335807456,1.05308396066443,0.00242569224546811,0.000349686745691225,0.000143035783447802,0.0889367118409861,0,0,0.00390305010759382,0.00014301266792357,0.00376770999479617,0.00396720934971873,0.000869542081605452,0.000606483496626869,0.0020952343884655,0.000145059406894564,0.00334928515789816,0.00420919629428852,0.00373053234441229,0.00157269267629813,0.00146976684036845,0,0.000113809216931522,0.00064776417999649,0.000141160815788448,0.0159198253051623,0.000377635432883397,4.2166576625675e-05,0,0,8.47979681137502e-05,2.76385225550085e-05,0.00138260963083538,0.000110891740305051,0.0380284819418346,5.35947381729781e-05,0.109423869360945,7.64227351483258e-05,0.000188907377280414,0.00145025918190651,0.000569846609594092,4.57001282196641e-05,0.000147016423299223,0,0.000187664320172787,0.00815962323256301,0.000632525399980351,0.00247891777016604,0.163493535643934,0.035798897112655,0.188765106843038,0.000145316934527963,0,0.000187542273888901,0.0701273756745202,0,0,0.00286748537042728,0.000219861846869528
0.00518396060276748,0.0529731462180394,4.0882258820847,0.00307188528507335,0.00010482576702267,0.00960352440487436,0.0483452347456002,0.0275554239120389,0.0120357838734603,0.0441994072026678,0.0881272202131543,0.0177909022294749,0.0209018087044144,0.0449253988639347,0.00190194865537472,0.0216406392140185,1.08822187127423,0.0593545894658926,0.841181590966954,0.00704998159403633,0.0776879057831539,0.0241916483255043,0.550260006549351,0.0164752741020461,0.0430853335807456,0,1.20128399632615,0.0424308930696527,0.0481290975590382,0.0856520647316692,0.0413523878257304,0.0113130760206928,0.00273506455473101,0.835914173875421,0.10727930807612,1.39739127650025,1.23023799922483,0.393839778222891,0.726560237547584,0.0138550882863963,0.00831321472328689,0.135549609132778,0.0851996587533747,0.0385489136451997,0.0396888479724741,0.0479254965408952,0.000781728180330474,0.000833679494088604,0.000835121672742843,0.000486478711722895,0.0694662660534832,0.0566932528956763,8.53031410824208e-05,0,0.000113979185404718,0.00506581012734582,0.000158459268181816,0.00186725069757395,4.69600888973177e-05,0.0224458443857299,4.16298912167549e-05,0.0796012695618306,0.000679071800162033,0.000330041599242195,0.00487234471200992,0.0436776370671424,0.00182912378220308,0.00688040860284724,4.38606372855306e-05,0.00532815201741599,0.0123531191849206,0.0317495320113317,0.00379697109350709,0.0865178030887039,0.640828028896799,2.07439950810329,0.00171780003673571,0.000354633250360578,0.00586411460961534,0.172180185315862,0,0.000144302857498884,0.0201190083535253,0.0386598474504287
