0,6.49210670625419e-05,0.00815263154299526,0.000292015551276728,0.000472560851449072,0.00837259845933805,0.138165140110946,0.345206522223528,0.00118449679842652,0.0098910001498631,0.00742297045020386,0.00251605313212407,0.000380168875106856,0.759504719772419,0.000457190770557553,0.000376336815552234,0.0886883653419586,0.00651557349639645,0.0120562176369159,0.000606661769714862,0.0153067802478124,0.00101917745942839,0.0369655580279752,0.00560255446201089,6.44189786773771e-05,0.0114965600552689,0.0115180409097035,0.00949944295637153,0.706463383071218,1.20512258726744,8.8293074488491e-05,0.00672632584036907,0.00250237557294458,0.0365057885314241,0.00343292505855863,0.0220267338620956,0.00284276288499482,0.0214913457198281,0.00607828879018933,0.00481943646606261,0.00441082198272735,0.00259287416537063,0.00167869505402984,0.000295137850985691,0.000418724653562501,3.70347773507536e-05,0.00061326580073452,0.000319283904428825,3.4060291217804e-05,0,6.52451493644416e-05,0.000285500224196836,0,0,3.44466952928304e-05,0.000684411659366608,7.93444402018191e-05,0.000230448184131742,9.07979213338497e-05,3.97098615279198e-05,6.57063940570653e-05,0,0.000199834537502676,5.95195341321826e-05,0.00195024520269683,0.000324382491589203,0,6.62022852094919e-05,0,0.00134737389072447,0.000438847932993382,0.000910319386344194,0.00392259899666297,0,0.000644106936543808,0.000988682047865972,0.00264045614519707,7.43045480810405e-05,0.000208536897432476,0,0,0,0.000441467384223327,0.000252968963438988
6.49210670625419e-05,0,0.00548914222244341,0,0,0,0.000526947509303898,0.000739552535647541,0.189044875164599,4.46357790561616e-05,0.00243069864364743,0.000152049213815034,0.0352569780756884,0.000406661290891349,0.000264388664815635,0.0561366686218107,0.00393987901769677,0.000236620319952846,0.000709786409458591,0,0.00422436409213202,0.36286500673058,0.0101597152748121,0.194461935801546,0.286557269670214,0.00983542712765138,1.43550294310935,0.00923310088589081,0.000879038331904096,0.00321032121869859,0.00442415518188036,8.21161490889787e-05,4.30267334176004e-05,0.00238567463826527,0.00209914851638233,0.00797038073633871,0.00521931705248311,0.00430307664755838,0.00125770578276488,0.00122060942596643,0.000161684309590072,0.00401686100525878,0.0338172756557286,0.00688757915502758,0.0130386836096133,0.00505414322506246,0.000773079047502192,0.000565426994079411,0.000310765607641876,0.000112797311794877,0.100855708838364,0.0349563651225845,0.000318364546235398,0,0,0.000780676357323167,0.000221868775799021,0.00140910752889333,0.000196370392986893,0.00230533637436368,0.000503143590885237,0.00292383607278428,0.000242496595658094,0,0.00595940739302982,0.0357048828882302,0.00126416840079105,0.0075626806577541,0.000130791582163736,0.00218323650686726,0.0324068144964225,0.0261266517974379,0.0140734896785824,0.00476596943490189,0.0340279690578779,0.630346299489211,0.00499467387489299,0.000371242437534958,0.00195498850027341,0.00342905865658174,0,0,0.00871987059884563,0.00441955911547022
0.00815263154299526,0.00548914222244341,0,0.00015046491367349,0.000685032782397675,0.00399418746682981,0.0378719399109918,0.040635875886908,0.00137349898177678,0.00567561991496432,0.0577310277052296,0.00195066822355287,0.00210393013256045,0.0450001790656563,0.000392575725177258,0.00306907422378255,1.79594558480606,0.054066029281194,0.126493158899587,0.000950036110433756,0.220955677021906,0.013995304160388,4.07235937586952,0.0069118001675445,0.000111359808480426,2.90905635459685,0.941699167066919,0.0297842217531755,0.0360617034353024,0.128587403237126,0.00260806896467113,0.0123436532752576,0.00188389193915692,0.317450641385662,0.067997334165013,0.647534448253431,0.400588967197287,0.355544775009613,0.211277565474596,0.00636510681575154,0.0140412029173129,0.0166011900387745,0.103652798078593,0.0202552304128256,0.0484841367445521,0.0178668893850671,0.00300546725830388,0.00311170454357751,0.000475106068162232,0,0.00697623873690059,0.209825326818824,8.25937841690483e-05,6.64514084376099e-05,0,0.00257196313059344,0.00111096984609967,0.00036251196597822,0.000119049435154811,0.00119125324504497,0.000660038701127097,0.000161388044748917,0.00295064054559363,0,0.00543178426097848,0.215057352958384,0.0059465414127097,0.0214853580499009,0.000132462177635953,0.00662247476214883,0.00311993230682838,0.113704469994321,0.00989561046062946,0.000248009508990541,0.070841093817344,0.643629981382497,0.00762136432161197,0.000763451969236594,0.00659357485865731,0.000419542577724829,3.70390299277902e-05,0.00023951862296477,0.0425412208077592,0.0417115466724168
0.000292015551276728,0,0.00015046491367349,0,0.0024893594652043,0.0189593743685855,0.0186566059630505,0.0124067880526664,0.194608600903388,0.873097471813876,0.00156477720003143,0.521222306567663,0.000124611661797017,0.00398226078285329,0.0345299681073366,0,0.000123302497861787,0.000481335526905462,0.000272615375780732,2.1192990703715,0.000240703392111734,0,3.5339254748702e-05,0.1799578582503,0,0.000640926877599105,0.000252106227301925,0.524032348342172,0.0138572547677776,0.000170785898451179,2.3975966155827e-05,0.000937344843114956,0.000996366091305508,0.0107506873017235,0.0101367420303898,0.0798189881913057,0.000342918130414128,0.0068707307646402,0.00118375965743374,0.0615652339702158,0.0116477186108498,0.00544531838156371,0.0136692293148997,6.15247604295611e-05,0.00232907096827442,0.000162243387245774,0.053191922793576,0.00328633185962191,0.000768279281862289,5.82535928845406e-05,0,0,0.0824802691549204,0.00130869560290816,0.00698313096786946,0.0268361610371923,0.0132842900986693,0.0217120271796722,0.0463438905675426,0.000204089963410542,0.0811255951056631,3.01847523205281e-05,0.00712768113719167,0.0229791564579548,0.000187128396035597,0,0.000280653757206053,0,0.0618864914691921,0,0,0.000246029630342453,0.152185851523829,0,0.000385705317786157,0.000264590997850731,0.141411964783624,0.00189674611136968,0.000628637492630154,0,0.000235767020825177,0,0.00796862180216667,0.00163141775535649
0.000472560851449072,0,0.000685032782397675,0.0024893594652043,0,0.13137751356015,0.0102764173249538,0.00523910367943661,0.00618546658400819,0.0285651197552095,0.000299959773854971,0.0517865169020035,9.88261076301933e-05,0.00119262117311925,0.28081604319804,0.00218910751916936,0.0015747852037735,4.0361362647593e-05,0.000198808702993214,0.00342459958277513,0.0366881308296893,0.00018617100156121,0.0341725242477681,0.0205845158848771,0,0.000127116173016519,0.00132295319464245,0.0158419899081976,0.00204716371364294,0.0154855560060613,0,0.0223725216310992,9.37781604888441e-05,0.0364565656787565,0.0396792138093434,0.019226813540765,0.00110419169238534,0.00322443101659956,0.00292170621478626,1.22726346340272,0.253419857246571,0.00365532196336079,0.00120613071799466,0.000641408139412701,0.000562713198421031,0.000154514484449029,0.00216405805963236,9.21494511235955e-05,0.000172409553685874,0,0,7.49509397906066e-05,0.00065370246992737,0,0,0.00103679511217736,0.000184670777671143,0.000188657343576223,0.000323724274003849,0,0.00125887458401813,0,0.000188639622530967,0.000772757498188378,0.000745089552839338,0,0.000236232336462021,9.6333726324022e-05,0.000221817079545677,0.000211927374046892,0.000106584825848669,0.000707995916584595,0.00202302877731276,0,0.000107083609306276,0.000592089082554564,0.00172473617752053,0,0.000101613468527913,0,0,0,0,0.0296215944217948
0.00837259845933805,0,0.00399418746682981,0.0189593743685855,0.13137751356015,0,0.224959843383845,0.781901084440118,0.00821309911751172,2.14427241492347,0.00832044209848038,0.568140920408783,0.000735472387382149,0.106203438102854,0.232609702176861,3.96083761658073e-05,0.0134433538218243,0.002514163232794,0.00239902930365324,0.0670459411370076,0.00481378543281861,0.000243210495547414,0.0065257277955011,0.019524634286139,4.33439314408899e-05,0.00488947626079836,0.00470947471103853,0.0727346931362146,0.0175624045711304,0.0437636659215827,5.37961596960872e-05,0.0298340433643465,0.000170279537746281,0.0299092371570845,0.124057950390096,0.109490381814336,0.00359099518110636,0.016929352374432,0.0115607700792104,0.462108150148972,0.251617039470493,0.0259164504721518,0.0072850731987688,0.000632534807722748,0.00129714305686873,0.000157969140624404,0.012228944007591,0.000546749963977963,0.00120195914129725,0,0,2.3645108160153e-05,0.00489933594456422,0.000171294685533598,0.00057960304057604,0.00684050322989422,0.00122161756904468,0.00174565229999086,0.00264211484964259,0.000115711934120536,0.00725431364768258,0,0.00148624875710466,0.00370041667721397,0.00125106574106503,2.82626013198644e-05,0,3.97983798863291e-05,0.00106466336298646,0.000779869994484484,0.000176312564546689,0.000401876464550629,0.0193073827251276,0,4.57732111373842e-05,0.000770958780506611,0.0161817926291042,0.000498932228703871,0.00100850598062062,0,0,0.000129470244881243,0.00137792117227596,0.0143213485488169
0.138165140110946,0.000526947509303898,0.0378719399109918,0.0186566059630505,0.0102764173249538,0.224959843383845,0,0.836040784599873,0.0572473489669174,1.51216274562888,0.0378652592901516,0.0158170894922067,0.00298585290020576,1.6378443451818,0.0292799841207096,0.000665788260302857,0.0370282161890272,0.0125738728922578,0.0114405206059064,0.0168998047248819,0.516206298489066,0.00167822222432233,0.110853404154038,0.0822101235372884,0.000224704650427252,0.0311645295016933,0.0307864582032998,2.41861939220932,0.415859616502259,0.539731675030819,0.000612515220887557,0.0291536858363186,0.0410038623390322,0.2244676322801,0.166265856215582,0.644408044537153,0.0236228059502753,0.164700412454702,0.0295515259162413,0.155651562233725,0.153790035309915,0.0665008889620936,0.0496086159578429,0.00127656980385122,0.00568820877888557,0.00225806780393688,0.0325240531609788,0.00894319483394248,0.00263901300336821,0.000192608919498563,0.000111520679876551,0.000833832326490966,0.0180554908370668,0.000246316933973223,0.00203192217153189,0.0646710329438735,0.0117051122138065,0.010240186182001,0.0114471092948758,0.000459437126264841,0.0123908252407171,0,0.0125181989651193,0.00625445358459393,0.0036967063570548,0.00149208882667701,0,0.000123490657614365,0.00466135874652489,0.00206199728475624,0.00143615561079541,0.00399069786015709,0.105803982568813,4.76682534401417e-05,0.000277420448257714,0.00746773690025181,0.117960814982008,0.00460478977235058,0.00283488459512907,0,0.000123031665563524,0.000216159783918038,0.0150998461217892,0.01881837019108
0.345206522223528,0.000739552535647541,0.040635875886908,0.0124067880526664,0.00523910367943661,0.781901084440118,0.836040784599873,0,0.00964106687491921,1.35523107090836,0.0404492363773157,0.20853913294352,0.00193719465579507,3.03218290735603,0.00902312372314051,0.00063651618129839,0.189140528806326,0.0246934603335248,0.0346468932815481,0.0706283810294348,0.0474080905694192,0.00266754673510108,0.092325509481169,0.0292740715756948,0.000168150226620987,0.0465432131285301,0.0495735404477641,0.0875676259404685,0.340167543899425,0.750532439341092,0.000821170033554987,0.0777479165517529,0.00351593597433705,0.13069093639932,0.0438330823870409,0.162660313035559,0.0130279243587211,0.0755698849059994,0.0315086713654422,0.234096829229323,0.0607406175191131,0.0404724328622898,0.0167506831181647,0.00095283604348123,0.00217468421315525,0.000211513243327528,0.0127187171310332,0.00159280739426513,0.00133782347730172,2.18784605161697e-05,3.87866416628659e-05,0.00110129362233725,0.00372289350927663,0.000167300741782472,0.000287408768530399,0.0143677688347612,0.0017981792431258,0.00200753652071217,0.00249443869859834,8.23655625347493e-05,0.0037038919191,0.000103519483821928,0.0019003676091329,0.00236320045764688,0.00484740539377036,0.000981433850138756,0.000108289282021329,0.000135039105069801,0.00130086819984517,0.0038883530707836,0.00142253854916381,0.00263975682923837,0.0356947749736061,6.30668862207532e-05,0.000699655817385077,0.00555886032275653,0.0331346194844462,0.00112828365083739,0.00200603622969693,3.09986588439197e-05,0.000126295954752743,0.000211366387272343,0.00332907521623127,0.00419170965273607
0.00118449679842652,0.189044875164599,0.00137349898177678,0.194608600903388,0.00618546658400819,0.00821309911751172,0.0572473489669174,0.00964106687491921,0,0.108582474651972,0.00178178013335636,0.16635988490498,0.0167129367922798,0.00611420675275783,0.0765776245244604,0.0491029952428081,0.00173686873637207,0.000204728760104388,0.000387846279077232,0.0695305930784032,0.0308744088564948,1.10224770115393,0.0259731403821938,2.79469358368325,0.214589309425648,0.00381146892605601,0.23125305477984,0.641094701709926,0.0150581455803834,0.0492205951079118,0.00352050352242069,0.00130257875256281,0.00356815609423622,0.0104987471894781,0.0185525702807376,0.128784730305953,0.00441406469907104,0.0159294147047738,0.00294692030472899,0.0516018658354415,0.0129459554565927,0.0108565040951807,0.0545901564040159,0.00197779474319202,0.00858601890844429,0.00193592950622959,0.0301106420267703,0.00724781154821,0.00228694827666554,0.00114296589220026,0.00247069096987097,0.00172712271230272,0.066454759266939,0.00143095618978194,0.00394494391986671,0.0917093649759985,0.0195542184833707,0.1338577289048,0.0329278973604443,0.00183241533121902,0.0167499394225963,0.00157493120496989,0.0195783438879265,0.0144696017848313,0.251000822294427,0.00068629431904951,0.00176435507062128,0.00081051874955247,0.0160907416537712,0.0156599884814242,0.117337951170181,0.0589415987671338,0.485424277962437,0.00266625392404216,0.00573238425892432,0.0719144205188187,0.284965108395209,0.0126179029535098,0.0139492779781708,0.00180523539968611,0.000323306311226904,0.00184878870638229,0.0119500047042596,0.0118130755735065
0.0098910001498631,4.46357790561616e-05,0.00567561991496432,0.873097471813876,0.0285651197552095,2.14427241492347,1.51216274562888,1.35523107090836,0.108582474651972,0,0.0546980431798181,0.554103364526412,0.00414050054650336,0.284302064428097,0.12871907990416,0.000196755967868626,0.00592454166293158,0.0139670604883665,0.0109912361697164,0.812641795711781,0.00382976733662805,0.000810617384069068,0.00504414970456326,0.303429625003382,0.000218888471493125,0.0233439308561189,0.012205431819116,1.08083318511662,0.154573375569152,0.015787996901962,0.000788992165107713,0.0576539324123526,0.00308791642326536,0.209868081973669,0.122349373677585,0.480098336825751,0.0097223742683546,0.08788230514698,0.0185657744139801,0.343970229269759,0.142506595146849,0.0735964291792963,0.0266171448837518,0.00111755834159069,0.00318103418065224,0.00117393132408433,0.0771723842471111,0.00412127986963857,0.00203275621758098,0.000105168978299081,0,8.53686637334224e-05,0.074502806468187,0.00107479149511987,0.00572766096859737,0.0351986088656189,0.0116400001716827,0.0204167871253619,0.027901841289272,0.000168324641507581,0.0662470768670158,0.000237661717630729,0.00530086234937161,0.0289967701680058,0.000975395032805176,5.8196552282989e-05,6.29213549005687e-05,0,0.0176894716381355,0.000265986988195196,0.000265662268204167,0.000314661130097538,0.15838865748924,0.000173301895972073,0.000146799028403536,0.000470599442094475,0.136943252057075,0.0013954580418554,0.00089724628933337,1.92289431322366e-05,3.0352733062014e-05,4.29223498274982e-05,0.00834693611144912,0.0136114937703969
0.00742297045020386,0.00243069864364743,0.0577310277052296,0.00156477720003143,0.000299959773854971,0.00832044209848038,0.0378652592901516,0.0404492363773157,0.00178178013335636,0.0546980431798181,0,0.0244817681522586,0.691224649743863,0.0309170307698492,0.000585381202971905,0.0011304787110681,0.16886362433308,0.964263398906239,0.16472506846202,0.00792581928261575,0.0112686516744026,0.00247718088809921,0.0717842746472416,0.00596760782646458,0.0506397392891755,0.643423281665469,0.164405426448751,0.010715014296674,0.0902599842178334,0.0215531098150564,0.072670571042299,0.0656995995149377,0.00416122998400063,0.918918953068734,0.0173255268557593,0.128438680559251,0.25367653675721,0.73256446391366,0.0675955088577407,0.0444171338403669,0.00817902994010582,0.274890149367629,0.00391214872096056,0.00544392685306887,0.00864176496947657,0.000590687562280536,0.00180300704931892,3.08376808372289e-05,0.0182056764665932,0,0.0100661390110448,0.00291834238489063,0.00012076766975604,0,0.000131604031676054,0.00135802421523188,0.000141858138013527,0.00279120921933439,0,0.193622180910622,0.000477978608928218,0.229569192925656,0.000903734379387828,7.11225859403013e-05,0.00217628882458396,0.00249977563342255,0.00416523415446904,0.00113076445700003,0.000125059643345475,0.000166947728531688,0.00157145459886346,0.00298701543907536,0.00391482125635548,0.064761657395996,0.0470267910260793,0.0729761824673439,0.00120323492033105,0.000366830941654995,0.000124100999158338,0.120985226321984,0.00014050575533925,0,0.00531271757070607,0.00426091992151332
0.00251605313212407,0.000152049213815034,0.00195066822355287,0.521222306567663,0.0517865169020035,0.568140920408783,0.0158170894922067,0.20853913294352,0.16635988490498,0.554103364526412,0.0244817681522586,0,0.00184343474940431,0.0324323098586019,0.419620177682514,0,0.00307342832566668,0.00583908480264571,0.00396208197708576,1.21295596191007,0.000599423948749438,0.0006107284909717,0.00115385859977888,0.139229265214952,0.000283063428455412,0.0107610374187731,0.00647248964538078,0.115374263451041,0.0327011669710569,0.00278785648878329,0.000419323317300916,0.0248670210878491,0.00024546414420715,0.0681955285068494,0.039049869370202,0.125945080228378,0.00336207456252642,0.026210494751433,0.00603162520313841,0.386428660266132,0.0472990097039426,0.0335632092135053,0.0133453046307995,0.000553455557356253,0.00187707974705787,0.000229241048482806,0.0867532433120559,0.00202539010264453,0.00158210544852662,4.68947187588215e-05,0,8.0097604367882e-05,0.0605335048124941,0.00249576876017885,0.0114305256955213,0.0119173013404851,0.0114585159759435,0.021735144867592,0.0397108228926506,0.000477615475570709,0.254490837919356,3.36923465649188e-05,0.00741589962481931,0.0371180508799453,0.000693022022274701,0,0.000560499418164581,0.000173376152205825,0.0429882187868748,0.000299270510877833,0.000421411356317133,0.000276497125730634,0.0926875672229578,3.63026786428988e-05,0.000667551964310645,0.000299058667785361,0.0701716085434604,0.00187722519348445,0.000655829524462342,6.90277771531191e-05,0.000499221694160015,9.62292459947022e-05,0.00413884806298181,0.00779211740572569
0.000380168875106856,0.0352569780756884,0.00210393013256045,0.000124611661797017,9.88261076301933e-05,0.000735472387382149,0.00298585290020576,0.00193719465579507,0.0167129367922798,0.00414050054650336,0.691224649743863,0.00184343474940431,0,0.00105931372571069,0.000157288088635147,0.00428567766295239,0.00140603792441821,0.00254907101286361,0.000176632311352223,0.00066442420969437,0.00260779082560053,0.0179919113060405,0.00385408902110794,0.0121184330225688,0.552423296182192,0.121122570742354,0.20331198487506,0.00297161000888402,0.00287064644626581,0.00137717612038429,0.186928062554721,0.00152574344889559,0,0.0443977196001732,0.0023664575743141,0.0240459041147678,0.1390793597422,0.192791652644984,0.00433100387572766,0.00580199191266494,0.0013645191658737,0.82075164217395,0.00303106959826384,0.0123249434959695,0.0199217271562932,0.000689253117635038,0.00230127206566447,8.55488296677918e-05,0.0368792445162517,0,0.0235951938017378,0.000198303742045566,0.000191518520445541,0,2.21621749245376e-05,0.000122883115584895,0.000686994195700811,0.00516843584284146,0.000279114399341047,0.467323144425309,0.000705453321701663,0.59914185165495,0.0016943165404053,0,0.00138023286446628,0.000251899916113287,0.012275829468999,0.000800095866842805,7.92676944139152e-05,0.000275883747759789,0.00388968585883063,0.000279770934848577,0.0054961488939325,0.282332433429498,0.197648527261321,0.301609516699207,0.000896512919195799,0.0015577560630679,3.79193094258309e-05,0.392352860066489,0.00155742125258419,0,0.00912894417097099,0.000591279547064394
0.759504719772419,0.000406661290891349,0.0450001790656563,0.00398226078285329,0.00119262117311925,0.106203438102854,1.6378443451818,3.03218290735603,0.00611420675275783,0.284302064428097,0.0309170307698492,0.0324323098586019,0.00105931372571069,0,0.00287846328303713,0.000806887836496833,0.232166255786617,0.022103584572565,0.0353664279005926,0.0170100424749196,0.0690000089227641,0.00292700631171125,0.132921654871482,0.0178837176142119,0.000325133262940332,0.0454850338053837,0.0449767909106782,0.0564101006878352,1.49080471551414,1.8881742486683,0.000240425258963943,0.05779073311291,0.0087648666209284,0.120937348144442,0.014534800226922,0.080679509768275,0.0129937857107112,0.0681397634237279,0.0206609337386786,0.0390164637507811,0.0232312366160119,0.0113427390409658,0.0108522891714167,0.000434781203839466,0.00136667257296127,0,0.00649263041881589,0.00132996723608051,0.000337513478137567,4.13094030319154e-05,0.00019345510335806,0.00177312364558415,0.00178125098760431,0,0.000146437557381153,0.00852123091900832,0.00149996224404502,0.0015584194986482,0.00102964634657171,7.79760738396647e-05,0.00148097108985828,6.09844225423038e-05,0.0016692100698808,0.000577426568095013,0.00402060143698014,0.00120843716257599,0,0.000191967945185184,0.000857124441143034,0.00332444068907218,0.0016472767207171,0.00317564512313242,0.0214793399623997,0,0.000951461339713183,0.00703245529207932,0.0211572434224718,0.00114023573971702,0.00110063791404874,0,0,0.000307140471299514,0.00241116825913877,0.00239189475278978
0.000457190770557553,0.000264388664815635,0.000392575725177258,0.0345299681073366,0.28081604319804,0.232609702176861,0.0292799841207096,0.00902312372314051,0.0765776245244604,0.12871907990416,0.000585381202971905,0.419620177682514,0.000157288088635147,0.00287846328303713,0,0.000631407961675912,0.00185491460283163,0.00010017043133536,0.000193110305043697,0.0380130989758819,0.0302071187711691,0.000357220206394375,0.0153753608568162,0.218172724516514,0.000649334646868497,0.00037290179743804,0.00137944005893795,0.0543911272224743,0.0045757828792329,0.0223078383766734,5.81464334711731e-05,0.00913975709436052,0.000483435822188273,0.0046640256177399,0.0546346502232058,0.0138197533480808,0.00116861191682693,0.00877536852181044,0.00391048337112306,0.933044530004786,0.0528420508093113,0.00370836069644242,0.00225978895453453,0.000790152123606755,0.000778097266089676,0.000772064663757263,0.0111475626172229,0.000230780197075218,0,0,0,0,0.00333669859233573,0.000476461925551266,0.000691866213690671,0.00229024989534715,0.000584637884489074,0.00174504762460106,0.00193193922672312,0,0.00984519935817737,0,0.000647964059452877,0.00371305917612146,0.000663275534146932,0.00010270813002932,0.000357436223093093,0,0.00160363897252954,0.000215057195723593,0.000143557851990253,0.00151077992345041,0.0108490058246016,0,0.000369850533928871,0.000958176500402675,0.006180620926468,0.000220620221945047,0.000367307208566129,0,0,0,0.000598425748093635,0.0286190695565259
0.000376336815552234,0.0561366686218107,0.00306907422378255,0,0.00218910751916936,3.96083761658073e-05,0.000665788260302857,0.00063651618129839,0.0491029952428081,0.000196755967868626,0.0011304787110681,0,0.00428567766295239,0.000806887836496833,0.000631407961675912,0,0.00531632219438575,0.000610357926462859,0.000633862286958426,0,0.571621608424527,0.586408194626532,0.743046612635561,0.276246008103114,0.0391258251580146,0.00455011575558543,0.66284659093179,0.130315245146283,0.00468671833027667,0.00770013298183602,0.000496976211079955,0.000181340806501687,0.0025558840045419,0.00641297444871924,0.0227086157790754,0.274772883205444,0.0843693622840364,0.0253808299682064,0.0147372776936705,0.00203562228669072,0.00236853825522697,0.0260180485848097,0.0230933785627156,0.00688277598969519,0.00656071886606282,0.00209027267539553,0.00645799723597696,0.0015679597406332,0.00596559895369098,0.000286689547984109,0.00368911011136521,0.00575848368249564,0.000211936941358089,0.000179629493690193,0,0.00336650323850172,0.0014006616897804,0.00618193477731961,3.52651051255167e-05,0.000383856503009543,0.000445673488924354,0.000164039704215527,0.00248776312991437,0.00081338308525339,0.70130051802927,0.00409141357689969,0.000110385073994845,0.000511344823899239,3.51543643868267e-05,0.0440048903866575,0.0764686352887912,0.38740447889628,0.0558276321348934,0.000505186097318262,0.00358737065876189,0.153359978201905,0.027509511702227,0.00497549782639584,0.00810537852783979,0.000134635295832679,0,0.0013413223531709,0.00618670273155107,0.00684392354364734
0.0886883653419586,0.00393987901769677,1.79594558480606,0.000123302497861787,0.0015747852037735,0.0134433538218243,0.0370282161890272,0.189140528806326,0.00173686873637207,0.00592454166293158,0.16886362433308,0.00307342832566668,0.00140603792441821,0.232166255786617,0.00185491460283163,0.00531632219438575,0,0.227532992837336,0.536889729331609,0.00120502344485811,0.229651697786742,0.00606828850584197,1.63945911344556,0.00709047816390401,0.000432010296505824,0.479366987292064,1.17286684703614,0.0171053141921896,0.285036829210549,0.585662819598236,0.00163804477872163,0.0199329441811118,0.0476411800362558,0.490787203005465,0.0277763980887485,0.255742804357816,0.275164599696838,0.215553634745746,0.0718545288052248,0.0102373945053496,0.0151525418037852,0.0110060786645289,0.0255696149187077,0.00596905721093437,0.0123461666943822,0.00497894166752154,0.00165165871310995,0.00142917314582769,0.000541340543839961,0,0.0030455339888314,0.0691240787975599,7.73988526449799e-05,3.06356755309105e-05,0,0.00131139059957001,0.000333159583551765,0.000565278844877541,0.000138840940528855,0.000320460515893191,0.000139207826973155,0.00018438953702277,0.000578509330672651,2.46502740396261e-05,0.00620505637626784,0.0559965427850703,0.0019287593908709,0.0167153116808448,2.62523268147409e-05,0.00198227835124879,0.00151080169767145,0.0262744461993429,0.00600864091859968,0.000209802499105721,0.0505026024079911,0.202881513881139,0.00272720455695774,0.000195016543430194,0.00287034652902563,0.000376544487012729,6.17105036759674e-05,5.28765981528759e-05,0.0123889104557169,0.0101592353712961
0.00651557349639645,0.000236620319952846,0.054066029281194,0.000481335526905462,4.0361362647593e-05,0.002514163232794,0.0125738728922578,0.0246934603335248,0.000204728760104388,0.0139670604883665,0.964263398906239,0.00583908480264571,0.00254907101286361,0.022103584572565,0.00010017043133536,0.000610357926462859,0.227532992837336,0,0.464934884873689,0.00275616550881839,0.0114041199679472,0.000703774138156044,0.0633449442712716,0.00203014939772887,0.000213721566702396,0.580119586027232,0.0946462829253713,0.00392396147575274,0.0504271168418756,0.0199747491100563,0.00132300757392839,0.0275221769249793,0.00255771777538304,0.265488821831135,0.0201915900367799,0.15108332572618,0.257162190239054,0.224668980150643,0.102331764316382,0.0121319225878343,0.00437209114577317,0.00574162522333254,0.00166669849274987,0.00121372222543685,0.000801271220697342,0.000694022852657811,0.000116719009118855,4.2513411437571e-05,0.000236478703609571,0,0.000609356185941398,0.00529563546034314,0,0,0,0,3.20366903918832e-05,0.000217701945246086,0,0.00366320474666448,0.000147306103794083,0.00387872464606604,0.000109812196193606,0,0.000496763252525076,0.00330162552640285,0.00104976368937346,0.00218163438301844,0,7.08053642257749e-05,0.000252032634422809,0.00172500648466304,2.74344583373219e-05,0.000679848478367654,0.0257173944543616,0.0290042513236405,0,0,0.000176847848303393,0.00900199685132316,0,0,0.000886646537719817,0.00548988601672526
0.0120562176369159,0.000709786409458591,0.126493158899587,0.000272615375780732,0.000198808702993214,0.00239902930365324,0.0114405206059064,0.0346468932815481,0.000387846279077232,0.0109912361697164,0.16472506846202,0.00396208197708576,0.000176632311352223,0.0353664279005926,0.000193110305043697,0.000633862286958426,0.536889729331609,0.464934884873689,0,0.00167773247512309,0.0229118051141896,0.00108529006540886,0.113736182811684,0.00176363396859592,0.000226725100318655,0.541936799674098,0.204325624373595,0.00503010652444638,0.0674755648079151,0.0459830161832978,0.000377613970652044,0.0239345561420345,0.0058345857044685,0.356444726990228,0.0223404067833165,0.19606562415846,0.215577067787721,0.214076288124927,0.10410888312779,0.0082256696049302,0.00353082055860637,0.00586278774703813,0.00432808782600496,0.00211743957872237,0.0033835611739316,0.00129541098658511,9.12043425298479e-05,0.000138430509590998,0.000111082715772792,0,0.00194118697274792,0.0163844103558726,0,0.000115434099087477,2.18911530963778e-05,2.70765113864392e-05,0,2.62220434910804e-05,0,0.000845481937502546,0.00013892792487967,0.000609445476239279,3.89394422442615e-05,3.199883771801e-05,0.00103135027561435,0.00954686856613683,0.00234353258894151,0.00900949614457394,3.45241814318895e-05,0.000256321682144478,5.3977853715241e-05,0.00243140805207307,0.000207093534485414,0.000504432704136908,0.0533310369987034,0.0792499946690562,0.000254944745477349,0,0.000480002209754139,0.00256966390789084,0,0,0.00328379446891403,0.00617923896725863
0.000606661769714862,0,0.000950036110433756,2.1192990703715,0.00342459958277513,0.0670459411370076,0.0168998047248819,0.0706283810294348,0.0695305930784032,0.812641795711781,0.00792581928261575,1.21295596191007,0.00066442420969437,0.0170100424749196,0.0380130989758819,0,0.00120502344485811,0.00275616550881839,0.00167773247512309,0,0.000121682084378019,8.57341602918208e-05,0.000556041560508132,0.117085241732397,0,0.00348703801944979,0.0016738441528292,0.132249587781872,0.0185934207331783,0.00110887217067282,0.000124415916900069,0.00823566287864567,0.000187992524032831,0.0295248610302259,0.00964833328528486,0.0746780129895672,0.00177027873669756,0.0127161837856041,0.00328380798081619,0.0770001322105369,0.0233288573302862,0.0152778183463279,0.00639042514713694,0.000248393285312534,0.000787445149050352,0.000275060094266653,0.0277314399647478,0.00172796341953793,0.000346982575337947,0,0,0,0.0432447650382546,0.000699961756147998,0.0031447239741188,0.0092228284839956,0.00494788640833822,0.01127454093488,0.0148644359719379,3.65638705819845e-05,0.104349950906921,0,0.00336695962056796,0.0132956423728112,0.000108461823325932,0,0,0,0.00889154498185993,0.000299826858118474,3.84952631393373e-05,0,0.0632876673693739,0,2.31263826038241e-05,0.000159220345922649,0.0564979190531113,0.000866089738266377,0.000243674950402647,0,5.02951417442262e-05,0,0.00266002485620435,0.00111272996285934
0.0153067802478124,0.00422436409213202,0.220955677021906,0.000240703392111734,0.0366881308296893,0.00481378543281861,0.516206298489066,0.0474080905694192,0.0308744088564948,0.00382976733662805,0.0112686516744026,0.000599423948749438,0.00260779082560053,0.0690000089227641,0.0302071187711691,0.571621608424527,0.229651697786742,0.0114041199679472,0.0229118051141896,0.000121682084378019,0,0.0667862925418375,3.94920504481416,0.272245271031933,0.00366323561239772,0.0529453909129583,0.160920963447616,3.35523259784927,0.0903333964453453,2.07598745893858,0.000603239969336629,0.00212017988487493,0.0338949392204357,0.660147003089853,0.333388409535698,1.61383255691519,0.208751930216354,0.940004613843158,0.267955318922958,0.0330029172673999,0.0736977185220881,0.126690634178818,0.0477949911318277,0.00808603930989652,0.00978716912430073,0.00336196267276273,0.0228059895822908,0.00389532376910362,0.00897991496600071,0.000897325826738701,0.000752237364872694,0.00420957519084603,0.00283888268484667,0.000316878213307276,0.000333484556249321,0.0175953349877716,0.00500536874287446,0.0142753147340728,0.000660432451459855,0.000165776704250708,0.00116593123362077,0,0.00995851748430595,0.00292234308261857,0.242284068145529,0.00557689138759068,0.000773323337717962,0.000499614293493509,0.00026776270366013,0.0580406762335371,0.0324777967177066,0.124837787402429,0.13706907249119,0.00013115640944469,0.00220380045712572,0.0627335234532561,0.0760073662652674,0.015009089703554,0.0152757125309869,9.11223017504809e-05,0.000300748386034354,0.0029329855811207,0.0126119076944896,0.0833544755346649
0.00101917745942839,0.36286500673058,0.013995304160388,0,0.00018617100156121,0.000243210495547414,0.00167822222432233,0.00266754673510108,1.10224770115393,0.000810617384069068,0.00247718088809921,0.0006107284909717,0.0179919113060405,0.00292700631171125,0.000357220206394375,0.586408194626532,0.00606828850584197,0.000703774138156044,0.00108529006540886,8.57341602918208e-05,0.0667862925418375,0,0.163860808820479,1.57779739554856,0.199003461578559,0.00453396230420071,1.4925499384914,0.0760892621253381,0.00625246883542238,0.0183090629300424,0.00157498375608203,0.000705047068318593,0.000380231820749223,0.0101769576899558,0.00493681597502264,0.0438254752236396,0.0369106920806023,0.0200933427337088,0.00385678307999165,0.00411539719532506,0.00159351186899068,0.00428838506000252,0.033759201340357,0.00799823915528448,0.0121420408446704,0.00252857850155597,0.00400684281033628,0.00125482276454934,0.000964845901467948,0.000318198184395105,0.00601749503867072,0.0106774348558109,0.00109920283908609,0.000207623542993352,3.31673803419173e-05,0.00289980500870833,0.00063011830550006,0.0257011526544056,0.000300029862405285,0.000842183047261731,0.000141295149329454,0.000909079580479471,0.00178034089465881,0.00123058142889964,0.20665957175261,0.00889442592906648,0.000478907844393194,0.000636861413952097,4.24687416102588e-05,0.0154582518297846,0.0747072277022157,0.128700647061612,0.0897292959016971,0.00189781937376129,0.00580355124026844,0.436250643871237,0.0153466543468663,0.00419683195679893,0.00537959739567894,0.000901147708932771,0,0.000896186163732662,0.00559691077502462,0.00627056311242531
0.0369655580279752,0.0101597152748121,4.07235937586952,3.5339254748702e-05,0.0341725242477681,0.0065257277955011,0.110853404154038,0.092325509481169,0.0259731403821938,0.00504414970456326,0.0717842746472416,0.00115385859977888,0.00385408902110794,0.132921654871482,0.0153753608568162,0.743046612635561,1.63945911344556,0.0633449442712716,0.113736182811684,0.000556041560508132,3.94920504481416,0.163860808820479,0,0.145324259535395,0.00405157802743682,0.434417033992313,2.65821253800138,0.244432322278493,0.133188867723249,1.30991580843803,0.00160199930596719,0.013114024759871,0.0315209536094775,0.980061432120996,0.492478490435642,4.17075496851511,1.4862252948356,1.77852361001247,0.915970520787289,0.0369317404712486,0.119986538440099,0.154593150498557,0.0828960138891594,0.0382966348609078,0.0376963979434131,0.0135943232226207,0.010939666315044,0.00299343042784387,0.0238552314267617,0.00037669011902067,0.00462940440094991,0.0361268396405137,0.00118622747684998,0.000259693768436194,7.55742206985057e-05,0.0102327306642333,0.00305160839040291,0.00503187563005621,0.000120280058690935,0.000643586290023014,0.000361556162765249,0.00026686153046535,0.00738729768404094,0.00142540994485333,0.784978516472295,0.0417444323442083,0.00244355595100056,0.00439136579522434,0.000433980844755084,0.0586291381699427,0.0634579133524316,0.910558931598087,0.0580863778161938,0.000580253621686011,0.0143959721941687,0.72522960851607,0.0403182007931796,0.00597791805931671,0.0161898958751621,0.000166992514840916,9.81994744122621e-05,0.00137071900267364,0.0226665093199123,0.218589174082822
0.00560255446201089,0.194461935801546,0.0069118001675445,0.1799578582503,0.0205845158848771,0.019524634286139,0.0822101235372884,0.0292740715756948,2.79469358368325,0.303429625003382,0.00596760782646458,0.139229265214952,0.0121184330225688,0.0178837176142119,0.218172724516514,0.276246008103114,0.00709047816390401,0.00203014939772887,0.00176363396859592,0.117085241732397,0.272245271031933,1.57779739554856,0.145324259535395,0,0.136757875175906,0.00728227044251559,0.31817921098368,1.71249506028413,0.0492666009748934,0.122351119403893,0.0017480965999316,0.00396376144690049,0.012924953465234,0.0291183672679683,0.0811454543679752,0.543698373488263,0.0453501336711357,0.0553546368710518,0.0146689127933793,0.202687751672225,0.0295533091655196,0.0611617028603182,0.190860685609887,0.00701707393415896,0.0314773157033483,0.00511533412463206,0.132655962564763,0.0270138896447413,0.00945723747968357,0.00301470373717123,0.00252159674140255,0.00333547016418756,0.0921372743391271,0.00208815237878591,0.0112982728655009,0.238822959934214,0.0572305480340261,0.151577586153511,0.0565318417614189,0.00281409949112201,0.0613534757417296,0.00110475938772849,0.0532454416789316,0.0376739784382211,0.246600129504016,0.00210951062712063,0.00116227745062436,0.000495090714371428,0.0291369046303307,0.0574190558819485,0.0773443222267247,0.132965514667762,0.736219625584085,0.00228727015765667,0.0027220721426595,0.0820513799005138,0.570835259703949,0.0331162705671184,0.0298465826168433,0.000344084021593764,0.00255524370937732,0.00489888582093309,0.0480580322904153,0.0284931552597037
6.44189786773771e-05,0.286557269670214,0.000111359808480426,0,0,4.33439314408899e-05,0.000224704650427252,0.000168150226620987,0.214589309425648,0.000218888471493125,0.0506397392891755,0.000283063428455412,0.552423296182192,0.000325133262940332,0.000649334646868497,0.0391258251580146,0.000432010296505824,0.000213721566702396,0.000226725100318655,0,0.00366323561239772,0.199003461578559,0.00405157802743682,0.136757875175906,0,0.0266396750191233,0.402415057078793,0.0104067178568745,0.000698324314587652,0.0022553346130525,0.0200162837752921,3.47955566543341e-05,2.96343811944127e-05,0.00181657733260312,3.45341909795105e-05,0.00255801158818117,0.00325100630433099,0.016035368992299,0.000367322442031503,0.0015662327402743,0.0002261591541785,0.0298556287721584,0.00276310271365213,0.00469519124847347,0.00783682865124294,0.000417825265107572,9.81405266661344e-05,0,0.0047914865811737,0,0.0763335429080526,0.000852787772060785,0.000140506592429623,0,0,9.38783092703373e-05,0.000252970027570382,0.00229587112304076,8.50555149373859e-05,0.0553452682701044,0.000136125320645228,0.0949391208152777,0.000505260547030449,0.000124286985239923,0.000290623683207497,0.000505421459886238,0.00344265725089413,0.00237010029745138,5.95042453872562e-05,0,0.00144005031590339,0.00047752929474768,0.00489335966617344,0.229710852406725,0.151360356676682,0.398781490772422,0.000725396681981893,9.82686686183811e-05,0.000390123559745848,0.0606406227819911,7.04656674244404e-05,0,0.00216740024166021,7.89841912524104e-05
0.0114965600552689,0.00983542712765138,2.90905635459685,0.000640926877599105,0.000127116173016519,0.00488947626079836,0.0311645295016933,0.0465432131285301,0.00381146892605601,0.0233439308561189,0.643423281665469,0.0107610374187731,0.121122570742354,0.0454850338053837,0.00037290179743804,0.00455011575558543,0.479366987292064,0.580119586027232,0.541936799674098,0.00348703801944979,0.0529453909129583,0.00453396230420071,0.434417033992313,0.00728227044251559,0.0266396750191233,0,1.86418570286444,0.0112691992894482,0.0731859358288501,0.0702532238736195,0.0755108209464569,0.0343566336418364,0.003201185190676,0.330657872968151,0.0637010358271365,0.72170252571405,1.75249992480462,0.658928003278114,0.300653182492567,0.0211436760314928,0.0115362654983811,0.0303350703505065,0.049405724447243,0.0325348719894092,0.0359506764452675,0.0113264870557523,0.00143342506345822,0.00120839323902264,0.00492189511157245,0,0.0395020941850408,0.176008256926424,0,0,8.90087887317093e-05,0.000566597112170577,0.000493342293185756,0.00141437445216376,0.000170298909281045,0.112076486015263,0.0031801998641282,0.156435924536873,0.0019132398755279,0.000348478919787958,0.00201472950206308,0.0787210034766545,0.0609056582471902,0.126113274050824,0.000261874422420546,0.00387137976440073,0.00162959929497725,0.0152445334199395,0.00261692331375746,0.0631757005124315,1.21038732587413,1.51610372652995,0.00153160521766673,0.00123476759939903,0.00605679359071074,0.247890423580243,0.000519008011153161,0,0.0383148667524092,0.0254624449015375
