0,0,0.0561469394746499,2.58451805138707e-05,0,0.00211434619104329,0.160767126622407,0.10525112305304,3.43921931456447e-05,0.00386939754442516,0.00134773643383926,0.000938460860787776,0.000289227705705381,0.838200884710207,0.000177590478970647,0.000976262131332073,0.0724478138227431,0.00163665512822569,0.0097624976395224,0.000407837004307962,0.0172117302026795,0.000262329067854786,0.0149524811807373,0.00212197018147246,0,0.0529145749178548,0.00865835792264366,0.00729798166878652,0.560324193611679,0.848672028312112,8.00785751219752e-05,0.0014609881196669,0.00057472392538892,0.0178926147004462,0.00106118618735389,0.00869453869521499,0.000400137547002148,0.0114052043460085,0.00693715114733113,0.00218015257015214,0.000770674033963015,0.00118839571170323,0.000815290832965531,5.30841396402597e-05,4.92102597169399e-05,0.000126233068045283,3.58109368537187e-05,0.00012288940688901,0,0,9.46485610165122e-05,6.57538098294139e-05,0,0,0,0.00024088933319875,0.000111309822542596,0,0.000125301950088644,0,0,0,2.65568334156632e-05,0,0,0.00012489169722209,0,0,3.00903878134489e-05,0,9.98708705805775e-05,0.000123989547615754,0.000615275189709521,0,8.4720304379308e-05,0.000334819545848656,0.000606002472411812,0,0.000122693483266938,0,0,0,0.000173058620357275,5.17105090434074e-05
0,0,0.00378159789144692,0.0022005090376727,0.00295664941889029,0.000442089791119099,0.000487370252838445,0.000242207122216642,0.354115455446371,0.000437544142100573,0.00535387722404649,0.00692157185676993,0.062248882604333,0.000258562039135408,0.0204024940835695,0.0244714524279909,0.0106543565395502,0.00065084936931777,0.00385207265205529,0.000762819779890561,0.00106825086104864,0.378440323869833,0.0135709377938986,0.151408050966671,0.236924348534057,0.048766974754541,1.85996539176295,0.00355234197829642,0.000427428682307052,0.000284250954597592,0.00958273824005198,0.000388656843472969,0,0.00616352047175175,0.00110599476860719,0.0228691342101726,0.0118031390808372,0.00882994977298511,0.00928573204463263,0.0144733190939145,0.00026674595401175,0.00381372732346678,0.0780132025800192,0.0131542872141645,0.0307108036136026,0.0399276969900195,0.000736942197236754,0.000149990319597578,0.00173334273769836,0.000369170435774672,0.285794030460918,0.0585311525817545,0.000252158743922424,0,3.22625976117014e-05,0.00313414740652726,0.000378432469226909,0.000378784181929827,0.000337398285741532,0.00197431318567775,0.000262134774007869,0.00329334927904467,0.000896045968764161,2.79477009565234e-05,0.0163581061061363,0.0422780165195566,0.000197559006882667,0.0100644132213016,0.000112884818553138,0.00251815209843456,0.0568483763146871,0.105432906206153,0.00304779626243358,0.00347274593773779,0.0725712493636737,1.04288610349385,0.00248752087600443,0.000471607654007316,0.00329255873822582,0.000870418258052376,0,0,0.0156432425579136,0.0041335481356874
0.0561469394746499,0.00378159789144692,0,7.29548895424842e-05,0.000294409957223534,0.00383933164361155,0.0961879645395674,0.178330719033845,0.000285393777584481,0.00299051654182847,0.00317478778151365,0.000321382916645944,0.000274292815916062,0.276837878560117,0.000102099459549856,0.0027411471910186,1.35996644506075,0.00382641246908286,0.0330547001057613,0.000103777566993451,0.566521352993225,0.00309018618298702,2.25154991105608,0.00149655908009737,6.7242963223958e-05,1.16206618616893,1.86954174542364,0.0283949091255738,0.0889064226061285,0.256491846192391,0.000145986537882471,0.0036432657423813,0.00558559855140757,0.303109015147137,0.0703475155073303,1.22136949688298,0.155689201204266,0.749928880131284,0.906863305354143,0.00491931404482228,0.0156462613200993,0.00530888976487684,0.0848238567313489,0.00868838584140914,0.0382310318704541,0.0526175496517286,0.000619302623350632,0.000210558261380399,0.000200630314974189,0.000137546761056077,0.000909447677856192,0.0414391955963721,0,0.000264026979085136,0.00014738705658207,0.00261208742989587,0.000364470187602401,0.00036215664846245,0.000167504884222496,0,9.22100519076349e-05,0,0.000485579319056964,0.000356464914781857,0.0887563162537645,0.00826888155725227,0,0.000567748436730397,0,0.00885478119935487,0.00698702301926552,0.355376075838227,0.00663568435505762,3.13034781205296e-05,0.00514004602992677,0.410273258638849,0.00909970011018837,0.000627509280708694,0.00383051560758604,0,0,8.54245627341151e-05,0.013999206452121,0.0449556765610077
2.58451805138707e-05,0.0022005090376727,7.29548895424842e-05,0,0.00544490735911473,0.00722976498609081,0.0113240650039975,0.0124798981162182,0.159677821509961,0.864955362051051,0.000524428441531396,0.187620437733742,0.000147564005116618,0.00716258613762649,0.0329956471621646,0,3.36102219267845e-05,0.000400536370193923,0.00011343074010818,1.46922664027879,0.000376167447239637,0.00248573543926119,0.000306754360839594,0.259098932012327,0.0005704095387025,0.000354851010279977,0.000692556879427934,1.22179767104612,0.00569134026732076,0.000461718161370301,0,0.00189109514938954,3.71699695948839e-05,0.00689305622485674,0.00461277347138537,0.0420179152374703,0.000241285481179416,0.00735217845188755,0.00326169046744305,0.0381819918170597,0.00489427647633143,0.00448335483674842,0.0108090218936148,0,0.00849729879065808,0.00184934153810369,0.0240426567850534,0.000895672029922891,0.00133400920318975,0,0.000433753756812096,0,0.10422982944586,0,0.00601128894995762,0.028429767770143,0.011076743889581,0.029553447500936,0.19108177342651,6.14894744516849e-05,0.0954391533167164,0,0.00325891274411555,0.00500044069923546,0,0,3.32954267121792e-05,0,0.0870515585696009,0,0.000795732171193755,0,0.099194236948639,3.89655185936213e-05,0,0.000486738473793316,0.193573661271229,0.00189334828910476,0,0,0.000108042274223399,3.75130595760584e-05,0.0116949073765939,0.000831623725608573
0,0.00295664941889029,0.000294409957223534,0.00544490735911473,0,0.0255448145231584,0.00148651665207968,0.00282334165838903,0.0125830419577858,0.0034905682918815,0.000183802720763195,0.0227157979133107,8.79467385922905e-05,0.000715332526116586,0.239584627760814,0.00129453321436923,0.000492665997903609,4.49269896242142e-05,0,0.00261210635186166,0.00364714875711999,0.00290552773039879,0.00397876622613845,0.0130154154055351,0.00119291751330773,9.35034771681311e-05,0.00285687569735803,0.00645627258854006,0.000783096014451453,0.00519957805304839,0.000123329220944547,0.0111670799274219,0.000244460570037985,0.0305445260711891,0.0938375598962445,0.0120613136308364,0.000228904075080252,0.00148266688942885,0.00399082653678398,0.567579295082322,0.219682203686304,0.000447839586867619,0.000924967886411956,0.000443991048141813,0.000303706241452456,0.00439125331256702,4.49994986820698e-05,0,0,0,9.99162747989651e-05,0,0,0,0,7.42186261218071e-05,0,3.8535334448123e-05,0.000185697537305475,0,0.000310726798599935,0,5.19492679162502e-05,0,0,0,0,0,0,0.000219329539147949,0,0.000319510007511544,0.00065053666922481,0,8.48086330929997e-05,0.000448612567762256,0.00106398042941939,0.000128762481210077,3.98013828858137e-05,0,0,0,0.000127584825232172,0.0437501045660803
0.00211434619104329,0.000442089791119099,0.00383933164361155,0.00722976498609081,0.0255448145231584,0,0.0797923711039032,0.902594006822347,0.0108395884350075,1.21131027460179,0.0168859632333651,0.688289838523579,0.00407239392107159,0.082132404733589,0.085178270721777,0.00173055517622359,0.00344613970959821,0.00604791702037604,0.00482286990293399,0.0399014528991942,0.0107719069655853,0.00170668285447088,0.0035355195687678,0.0147549471623237,0.000242952732663083,0.00968751153804371,0.0058458404488793,0.0456065299612035,0.0338207754454555,0.0209386931649927,0.000908966600953555,0.0385967146723927,0.000408686093789935,0.122840899682846,0.133064144447978,0.447641466727237,0.0100672996062222,0.0332311787295979,0.0493606029922892,0.30765590214457,0.37992878339026,0.06602390314823,0.00753333657454257,9.06987042477845e-05,0.00937577853496219,0.00768349750206316,0.0052903745395557,0.00294575000749923,0.00639654075115973,0,0,0,0.00410444512175916,0.00014495988577857,0.00102314640442164,0.00725599186122083,0.0088832047861571,0.00155975945935837,0.0084991248102901,0.000181280022187042,0.0110416023037206,0.000120322088171435,0.00175295281069552,0.00106289344163685,7.26210044973852e-05,2.59266883954287e-05,5.3651016661501e-05,0,0.00362426209873228,8.62697105825659e-05,0.000187781715871811,0.000114010691453445,0.0105785261762938,0,9.26831924214839e-05,0.000135739147046482,0.0141757336483568,0.000665311150466287,0.000177390758206201,0,0.00178327864046002,0,0.00627431440989913,0.016632482306194
0.160767126622407,0.000487370252838445,0.0961879645395674,0.0113240650039975,0.00148651665207968,0.0797923711039032,0,1.21386125258701,0.0617659964515338,0.888527162674184,0.0158132146731104,0.0125315871183917,0.00455094592164529,1.61579640544808,0.0096905635161944,0.00990850669890016,0.0215745049389382,0.00732573095789841,0.00787592197562925,0.0119874927420979,0.447899303811787,0.000942310670185735,0.0809940168642397,0.381126841756248,0.000183108472670126,0.0677445803911084,0.00898784956352237,5.28786636708688,0.245459705064923,1.0120471972731,0.00139529995344094,0.027931348368462,0.00607323301905934,0.177787363968821,0.0865304345513794,0.457866511514219,0.00771180098909801,0.156378885072704,0.0530985144696102,0.0376848613805373,0.0775340457756227,0.0391090539624204,0.0359005084760153,0.000422012278633833,0.0252412166798152,0.00637686494106484,0.00894513728109286,0.00323556413477849,0.00363578650658399,0.000277637446012974,0,0.000163464168020117,0.0120412840256662,6.3118858630228e-05,0.00220671390191722,0.0541091775889241,0.0171037957496631,0.0105094816188164,0.068306033163657,2.66508057836056e-05,0.00588228166037031,0.000161148778118551,0.00820172587943097,0.00147344896189954,0.0002213196709759,4.26965902658462e-05,0,0,0.00989609915902705,0.000339380814785254,0.00144429847625458,0.000303613614127111,0.0715511134854427,0,0,0.000497932245525884,0.0877678619381155,0.00577147871277488,0.000496711376070381,0,0.000569058656961977,0.000164420319068145,0.0221950120065006,0.00989142437741956
0.10525112305304,0.000242207122216642,0.178330719033845,0.0124798981162182,0.00282334165838903,0.902594006822347,1.21386125258701,0,0.0239942681062537,1.7133484222578,0.0477733222529754,0.374342322940656,0.0121707893039951,2.19173746729782,0.0366219906771325,0.00718961847972341,0.111237858964322,0.0191061872956053,0.029365545358067,0.107003886017241,0.205617711677668,0.00207922899656362,0.0670103321027714,0.0346881707574535,0.000234070052220428,0.18756073746024,0.0315033265152819,0.153361371277817,0.166403629312821,0.593694451411833,0.00277905632845462,0.018724568390715,0.00172187638766484,0.12840857479474,0.0260871113243901,0.452529489810485,0.0200742969325111,0.0811718114698928,0.0873131763245333,0.151144645440826,0.0427481982180476,0.130715088502029,0.0283594241692494,0.000520142239118314,0.0271123277706191,0.0150918397736696,0.0128099026985474,0.00763831246187292,0.0124889243634905,0,0,0.000309091097183406,0.006815533613148,0.000101247777726698,0.00260869928034011,0.0348399202270297,0.0208560254551146,0.00484113043073374,0.0247738506803251,0.00028853107988298,0.0151769584167703,0.000102441805826592,0.00556547587268933,0.00160337218087399,4.10121039630413e-05,0.000115401197766435,0.000293460242406202,0,0.00774785942653905,0.000160760944753504,0.000372097616070938,0.00044725799724772,0.0481565299400317,5.84437370436191e-05,0.0002041913715621,0.00111773965082691,0.0535983337801533,0.00273700716902502,0.0003878593394557,0.00013948908543787,0.00332271233666677,0.000347658217559219,0.0278706298584035,0.0048458397351012
3.43921931456447e-05,0.354115455446371,0.000285393777584481,0.159677821509961,0.0125830419577858,0.0108395884350075,0.0617659964515338,0.0239942681062537,0,0.0888950163367887,0.00587858139293592,0.217532221566936,0.0202046709617425,0.0144136074045498,0.0641370432553747,0.0143618624301179,0.000817333026229025,0.00280451116400732,0.000871849625612069,0.0624749205636261,0.00200530838343456,0.896897142246215,0.000675997703022778,1.89197873924603,0.185584515424318,0.00934057126512579,0.288169272223137,0.435377839234317,0.0194435930162664,0.0130936981384263,0.00455388124019298,0.00480859317457353,0.00113676197633141,0.0165496738130658,0.00581409062272852,0.056731168909575,0.00445889563232508,0.0140425508068276,0.00629832473344739,0.0826168746071137,0.00636984747135322,0.00914670908551328,0.0392796398526403,0.00163254546637216,0.0198126376724967,0.00419485594864327,0.0105185908762533,0.00175434133662983,0.00310898419448375,0.000189339154083001,0.00126347768305865,0.00141285550680475,0.05395991864527,0.000136781618806219,0.00263585509118544,0.0896579771740378,0.0111920107913248,0.112944295044912,0.0579250933349459,0.00117987324344278,0.0366297118421084,0.00129836424629255,0.00669606983214383,0.00215463744141821,0.000389211683106661,0.00092843078676324,0.00165301664286527,0.00117859963684314,0.0247636367455645,0.000396657422456074,0.00440553456265047,0.000526351064120185,0.294550747872485,0.00110059837270823,0.00246065713276608,0.00876434189496541,0.203268924646745,0.00779893216865415,0.00179483327033522,0.00100812559764588,0.000738075171452008,0.000281077164034486,0.0149967229848382,0.00866388667880878
0.00386939754442516,0.000437544142100573,0.00299051654182847,0.864955362051051,0.0034905682918815,1.21131027460179,0.888527162674184,1.7133484222578,0.0888950163367887,0,0.0524392889633172,0.653345844229471,0.0140777131802895,0.582939896198035,0.0197511245482439,0.00232638812152922,0.00556694039671775,0.0220505047944897,0.0137887528193307,0.330875896177411,0.0233129595556535,0.00206296915694511,0.00606135080862779,0.198947230042157,0.000428174065392422,0.0318121870470904,0.0108115033463428,1.61016845777362,0.243870060203943,0.0215361414618365,0.00472511022226495,0.0763769663465058,0.000910908364369715,0.247102547669583,0.184019876178037,0.739359643135779,0.0162366122670002,0.180538700953955,0.0701463808608781,0.10030326741252,0.123475275427268,0.106091897449798,0.063761641046004,0.00102821124838257,0.0608968581534419,0.0140088849898068,0.0421153496409419,0.00613153199722136,0.0102502001136329,0.000143570922121072,0.000294181336104619,0,0.125674535793688,0,0.0104465312878617,0.132313294057678,0.0577497001689856,0.0229249568969155,0.399222312428317,0.000124905404757321,0.0898746598393418,0.000202842831428122,0.0157942899003795,0.00547761991066077,4.33074350934744e-05,0,0,0,0.0934594583372446,0.000142191575624394,0.000738665923510586,2.22716828131437e-05,0.164610559713125,3.93400736471415e-05,0,0.000400072513236332,0.301642273642816,0.0105735833083602,0.000108480696489203,0,0.000430186784586597,0.000394016168892991,0.0696955731687214,0.0262846853328537
0.00134773643383926,0.00535387722404649,0.00317478778151365,0.000524428441531396,0.000183802720763195,0.0168859632333651,0.0158132146731104,0.0477733222529754,0.00587858139293592,0.0524392889633172,0,0.0435798935368951,0.679904429137082,0.0192348263622512,0.00197250957067317,0.000176141600358736,0.00896236232157998,0.68403257181005,0.153531631880215,0.0123225488029568,0.00334066195563883,0.00255945030761986,0.00309493241121741,0.00331255211861529,0.0287148601434425,0.646004293022898,0.0667350302318609,0.00550399412001458,0.0217321130337207,0.00820420302079806,0.105407870934646,0.0585189457379611,0.000372239995098329,1.00530240525747,0.0057189505049514,0.112300012617656,0.2148134318546,0.362782470972621,0.0835943625460991,0.0131496675793035,0.00271970815756961,0.0579747724599386,0.00145729635808641,0.0528276040682263,0.00263229508853296,0.00135572675607573,0.000362594921987367,4.48042401442528e-05,0.0423881074955197,0,0.0034699092981447,0.000370381095230675,9.6174243048191e-05,0,0,0.00047452354487021,0.000717931641386202,0.00205435779900534,6.05199367237687e-05,0.081648735572634,0.000802134520839664,0.0603903290862107,0.000534012186649513,0,0.000137652770811569,0.000303354685989905,5.60307901187182e-05,0.000214792189870954,0.000116307775601482,0,0.00137736748004349,0.000111268600068021,0.00215692218007257,0.00523372458999374,0.00716425957354373,0.0147429982352295,0.000210539418034804,0.000540406506412363,0,0.0229213047726567,0.00151756734718653,0,0.0131359622369381,0.00298832962580617
0.000938460860787776,0.00692157185676993,0.000321382916645944,0.187620437733742,0.0227157979133107,0.688289838523579,0.0125315871183917,0.374342322940656,0.217532221566936,0.653345844229471,0.0435798935368951,0,0.0111865136978449,0.157648975465396,0.170901244398502,0.000498846132913124,0.00379650329441769,0.0179995996415702,0.0128808872281757,1.23439165769946,0.00173140742963673,0.00955590569840212,0.000820543591914165,0.0355383757960845,0.00210838668126755,0.0222944063112772,0.0116692988747052,0.0673456730077424,0.0906873807739979,0.00570868942570401,0.00380713035061913,0.0378087993278143,0.000229283083860922,0.0608958530496429,0.264973677437267,0.177715359063955,0.0112959100326141,0.0403482775759885,0.0240637732186409,0.275226968596907,0.0164681259520822,0.0701281417453915,0.0172575783531204,0.000668470358047795,0.0162686301922264,0.00575517835188884,0.0685556067633289,0.0027868469469256,0.0131735570593801,0,2.96382941352009e-05,0,0.131073534698556,0.000136830660801745,0.0179526766384784,0.00906449253862053,0.0136908834528814,0.0143646423016888,0.104080140016328,0.000547803673362482,0.26455698471924,2.61313388578653e-05,0.00464905075979386,0.0127142778065942,0,0,0.000376328085273421,0.000577823608992064,0.0945813864528474,0,0.000440677626007998,9.7325650509167e-05,0.0714504813632489,3.41501619732738e-05,0.000320793165401053,0.000507699022680855,0.126357574875457,0.00181455674975972,0,5.30843946246386e-05,0.000860401596206165,3.36942329049945e-05,0.0140235430388063,0.159734896960456
0.000289227705705381,0.062248882604333,0.000274292815916062,0.000147564005116618,8.79467385922905e-05,0.00407239392107159,0.00455094592164529,0.0121707893039951,0.0202046709617425,0.0140777131802895,0.679904429137082,0.0111865136978449,0,0.00328668416162178,0.000743715734017517,0.00115515641130257,0.000497167294514311,0.00697477038665226,0.000964517676211191,0.00409489068072078,0.00100188833338629,0.0312643478820273,0.000352103653467131,0.00636744234607414,0.507451798530623,0.0551468730152746,0.803425002471252,0.00273524927271956,0.00457299337969519,0.00262304507121958,0.33732990984234,0.00670335538180699,0,0.242263645441093,0.00128095186665745,0.0256202500494789,0.0851819302490823,0.151058543581148,0.023865407207448,0.00650571740413734,0.0069317298925801,0.181418588853741,0.00200007219422081,0.222950134567064,0.0115639878019094,0.00112426268670418,0.000553420592501461,9.65525803699967e-05,0.256542609595958,0,0.0212268458650564,8.93623523671153e-05,3.03410332080841e-05,0,8.23941562618254e-05,0.000563872886659395,0.00244322365954823,0.00897352779429621,0.000357931470185828,0.377985912398455,0.000854472659057437,0.314986832406067,0.00222493542985623,0.000338181302396345,0.000633291733581531,0.000435797845459473,0.0019403991222403,0.00202956538099576,0.000234897321414185,0.000139511483690679,0.00755224773960715,0.000446994062917209,0.00558044858941125,0.0461487621515184,0.046085205497459,0.123288723305567,0.000903125049076316,0.00239602852225324,0,0.110643157025602,0.00541533865659112,0,0.0562420910858479,0.000272468504679394
0.838200884710207,0.000258562039135408,0.276837878560117,0.00716258613762649,0.000715332526116586,0.082132404733589,1.61579640544808,2.19173746729782,0.0144136074045498,0.582939896198035,0.0192348263622512,0.157648975465396,0.00328668416162178,0,0.00724798340959499,0.0212059559170937,0.308843671327782,0.0119306328298989,0.0535190491371424,0.0582780019847213,0.250969345465527,0.00579339165169086,0.0932933702099773,0.0526503633704518,0.000135754299493194,0.293416148211495,0.0466392709752027,0.211316134826692,1.72421294083638,1.66520239366666,0.00117894199161935,0.0898020985394371,0.00753603981268324,0.161955880291806,0.0105089802961541,0.147255614533768,0.00791321437809848,0.103207496479854,0.0640519606649402,0.0397153710951176,0.0126700528994581,0.0256879558072256,0.0207936398104403,0.000198138917855406,0.00955169416816439,0.00449011057986928,0.00665339583774369,0.00184778686222327,0.00368355591969695,0.000131313004956567,0.00013264523034004,0.00032089960438025,0.00390695575323522,0,0.000600004326128066,0.0277884410793096,0.00465792655778315,0.00402841488474763,0.0110733136782271,0,0.00719951424922585,0.000185629501098597,0.000998737871768972,0.00131274389059804,0.00054647131623708,0.000100636716162348,0,0,0.00281524180973752,0.000661160013278663,0.00234034261125609,0.000744363164853762,0.041046388440161,0,0.000210820772048128,0.00147832107591775,0.0496339501986365,0.000855177327512119,0.0025105827362837,0,0.000214289981137919,0.000144457830036163,0.00794204232337832,0.00153049052496997
0.000177590478970647,0.0204024940835695,0.000102099459549856,0.0329956471621646,0.239584627760814,0.085178270721777,0.0096905635161944,0.0366219906771325,0.0641370432553747,0.0197511245482439,0.00197250957067317,0.170901244398502,0.000743715734017517,0.00724798340959499,0,0.000815059662002823,0.000237499390252853,0.00158734046090511,0.000500921091669297,0.0160809428481981,0.00287280241900946,0.0259872961593968,0.00114082583236617,0.0776182420318567,0.00622970700919584,0.00207184190362134,0.0122199999780616,0.048888776723175,0.00439742283810151,0.00923858322312514,0.000162633883636081,0.00831746980170097,0,0.00849156328890886,0.0223303629249563,0.0125846760655499,0.000888432804546751,0.00394793721445054,0.0026779042463653,0.380871781914806,0.0201063774691515,0.00485416878708596,0.00119704909106863,0.000471849434445048,0.000579520559781253,0.00363990930225791,0.00026814874207232,5.61694081265211e-05,0.000418474986590027,0,0,0.000150065595235944,8.60642824177744e-05,0,0.000191592567906427,0.00121026545626544,0.000140880934668589,0.000555796224587393,0.000163955835273957,0,0.000901819189077612,0,0.000243235654830336,0,0,0.000117866762842774,9.7279124359512e-05,0,0.000123477035388947,0,0.000219411805608034,0.000296609431226492,0.00255724790129654,4.64798614901543e-05,0.000148200575743198,0.000437108875266456,0.00202978366674786,0.000146737602869749,0.000348694233964431,0,0,0,0.000590610399881017,0.0270849099951977
0.000976262131332073,0.0244714524279909,0.0027411471910186,0,0.00129453321436923,0.00173055517622359,0.00990850669890016,0.00718961847972341,0.0143618624301179,0.00232638812152922,0.000176141600358736,0.000498846132913124,0.00115515641130257,0.0212059559170937,0.000815059662002823,0,0.00136250257284181,0.000214279416285157,0.000507490929929304,0.000194850001845264,0.0459993247527971,0.357469749697726,0.789374092199177,0.171357686767335,0.00827710336280732,0.00252341724112453,1.34226927628614,0.0155017026224926,0.0460901438946665,0.00829062044595613,0.000267425580875563,0.00137829355780891,0.0134351533446275,0.025806466550116,0.037480477189788,0.359927039653401,0.0627815874308258,0.0439307214631426,0.050573273879815,0.00163227352765702,0.00603227321026752,0.00724379175113985,0.115865086688443,0.00357645613998322,0.0235175798013788,0.00930682668980493,0.00798098806368366,0.00256054564189106,0.00633772911415487,0.00210491128455683,0.000781241649056006,0.000820572721754574,0.00036961338613807,0,0.000498904430841601,0.100519874096729,0.0171214463686404,0.0167206018328257,0.00296724197995501,0,0.000951954515121935,7.67286328505039e-05,0.0228993327687343,0.00107345247013088,0.0930028085556186,0.00110378628303131,0,0.000187444698768592,0.000426061787547541,0.0763125936701883,0.072358262201846,0.0724870793474572,0.370721330852966,0,0.000303059819929373,0.0169791403390279,0.391616303992643,0.0312036499364589,0.131308797469957,0,0.000829623874626049,0.00233319369284745,0.0158264734528337,0.00932177109901106
0.0724478138227431,0.0106543565395502,1.35996644506075,3.36102219267845e-05,0.000492665997903609,0.00344613970959821,0.0215745049389382,0.111237858964322,0.000817333026229025,0.00556694039671775,0.00896236232157998,0.00379650329441769,0.000497167294514311,0.308843671327782,0.000237499390252853,0.00136250257284181,0,0.0253728102122107,0.348229627985978,0.00103276975923814,0.89248364806782,0.00116997520245447,0.773865283342657,0.00264201628085561,0.000553944328290677,2.74410665285995,2.79372705905121,0.00799597763912278,0.317134283811851,0.512947464499597,0.000442584486312437,0.0249260067373675,0.0260798933434625,2.2078101335592,0.0270795936537693,0.393575365736049,0.0721932405318683,0.78239949371449,0.54204787159716,0.00355834257030534,0.0110644894763268,0.00333668253343138,0.0261972843075793,0.00400371741654611,0.011892096904737,0.0147205669258206,0.000307794214759707,0.000321916401337909,0,0,0.00487521597329081,0.036268822867609,0,0,0,0.000698340082379818,2.98553049654007e-05,0.000179784519681466,0,0.000270345271005702,6.54117291614055e-05,0.000171734987947369,4.04665478856087e-05,0.000243441125492525,0.00434326794043442,0.0254403451580469,0.000181623520143223,0.0024452476171789,0,0.000490449350702739,0.00113140306951074,0.0347784828416369,0.00138699607691385,0.000260072589969075,0.0273627450094819,0.142662782659695,0.00203819005974445,0.000166691418183112,0.00124572597446196,3.052691682024e-05,0,0,0.00866183990857571,0.0178431213783205
0.00163665512822569,0.00065084936931777,0.00382641246908286,0.000400536370193923,4.49269896242142e-05,0.00604791702037604,0.00732573095789841,0.0191061872956053,0.00280451116400732,0.0220505047944897,0.68403257181005,0.0179995996415702,0.00697477038665226,0.0119306328298989,0.00158734046090511,0.000214279416285157,0.0253728102122107,0,0.198370333768853,0.00529656074956804,0.00310719624189463,0.000745945593658945,0.00713971254187604,0.00220818538701918,0.00469531944534634,0.315909513562822,0.169035961815,0.00301088031890122,0.0146821285704312,0.00721295166463046,0.0260818064955064,0.0307260180703898,0.000536020877090502,0.303727634646088,0.011528873116901,0.174968396495205,0.247019079997214,0.261194471397038,0.132328825279434,0.0036798151607432,0.00151942556922071,0.00319984761864024,0.00275204558247214,0.00264797559089359,0.00106450108414736,0.00264473242970536,0.000170799654249,0.000113712956818652,0.000910994107116832,0,0.000841911250985787,0.000718297197616019,0,0,0,0,0.000192592663387275,0.000639526152640426,0,0.00613271810380656,0.000141558717145395,0.0102816046654363,3.16614804381251e-05,0.000121205137322926,5.82056156317234e-05,0.00107088022384019,0.000575031413176203,0.00115090291701067,0,0,0.000191481870688104,0.000353389849920488,0,0.00377096817065872,0.0188169109898773,0.0411037886961317,0,0,0,0.0107350283507036,3.83826540518284e-05,0,0.000928249703232016,0.00766091999311091
0.0097624976395224,0.00385207265205529,0.0330547001057613,0.00011343074010818,0,0.00482286990293399,0.00787592197562925,0.029365545358067,0.000871849625612069,0.0137887528193307,0.153531631880215,0.0128808872281757,0.000964517676211191,0.0535190491371424,0.000500921091669297,0.000507490929929304,0.348229627985978,0.198370333768853,0,0.003796445342843,0.019854280949917,0.000765505228621103,0.0448030300181391,0.00107260876719391,0.00131881343038299,0.996620215859444,0.660273754955401,0.00280426890972362,0.0569080621975078,0.0384860865250884,0.00348086847149954,0.0448662873970331,0.00274596686962417,1.09354458535691,0.01540927563625,0.33428499582983,0.20924752056421,0.403712094560683,0.23151972013507,0.00245802395370833,0.00328271752263119,0.00247689202216313,0.0100467602894035,0.00241003840521153,0.0051058312761606,0.00842971454784205,0.000277059356053674,0,0.000453052627749515,3.82781912015677e-05,0.00186239663205551,0.0101892684600072,0,8.91660143954275e-05,0,0.000338920049513256,0.000141905287663341,0.00036845443963896,0,0.00187881277497337,0.000204293475806856,0.00217255830452693,4.01943945586205e-05,0.000125439140183926,0.000160961103241134,0.0181324697490086,0.00034714835292021,0.00380914424274144,0,5.85365853554249e-05,0.000137097501954174,0.00250650192591262,6.72760410724997e-05,0.000985137304609642,0.0389884288231899,0.0667138275434326,0.000107952370981169,0.000254242102289009,0.000459606002518129,0.00231910509621141,0,0,0.00516551415229046,0.0126129293504103
0.000407837004307962,0.000762819779890561,0.000103777566993451,1.46922664027879,0.00261210635186166,0.0399014528991942,0.0119874927420979,0.107003886017241,0.0624749205636261,0.330875896177411,0.0123225488029568,1.23439165769946,0.00409489068072078,0.0582780019847213,0.0160809428481981,0.000194850001845264,0.00103276975923814,0.00529656074956804,0.003796445342843,0,0.00145432823792325,0.00160213164574827,0.000241909568195784,0.0492865951065068,0.000462021178431475,0.00690993934191622,0.00270872064270106,0.282557931224421,0.031473424076454,0.00261027996675204,0.000467074866825831,0.011925554323025,0.000164550543840146,0.0214433087911976,0.00527593120865186,0.0854618654315786,0.00432862333336142,0.0154296338185406,0.00711524377553846,0.0353326154355188,0.00976213404242258,0.0210713554346638,0.0151114411219512,0.000504289027338433,0.0162213679834154,0.00295734090040285,0.0252212050722924,0.0017228500561397,0.00289518660730515,8.55538121908667e-05,0,0,0.0827969589289283,3.78010134350538e-05,0.00520548325115144,0.0287065250887005,0.0161545837668371,0.0102256802632999,0.132563547562572,9.02231307579872e-05,0.0704215054315881,0,0.00395259903222719,0.00562247333833631,0,0,0,0,0.0457750424246983,3.73453818485498e-05,0.000477670562073541,0.000198816623836898,0.062738519296447,0,0,2.92827120443344e-05,0.127166685822024,0.00268248319421882,0.000214051086273408,0,0.000256300542307174,0.000288533179254365,0.0150677841521464,0.000908420084434963
0.0172117302026795,0.00106825086104864,0.566521352993225,0.000376167447239637,0.00364714875711999,0.0107719069655853,0.447899303811787,0.205617711677668,0.00200530838343456,0.0233129595556535,0.00334066195563883,0.00173140742963673,0.00100188833338629,0.250969345465527,0.00287280241900946,0.0459993247527971,0.89248364806782,0.00310719624189463,0.019854280949917,0.00145432823792325,0,0.0197917118822297,2.70374059342346,0.0126498507527333,5.6387645006609e-05,0.173383615792731,0.186962683092089,1.14696777776818,0.147794934841787,1.19221492558932,0.000117933148025799,0.00655706654081961,0.0344105516001951,0.758051955966456,0.171584945020244,1.11059387745509,0.0894386561216201,0.66294924438708,0.497077198954362,0.00662063849394177,0.0304678445743259,0.0108162006664444,0.062314297654666,0.0014732517761048,0.0125743782133053,0.00669651481600765,0.00455954220363367,0.00128941386749733,0.00372009418674202,0.00143533557985122,0.000218681942571855,0.000437051448534608,0.00035997106048379,0,0.000408051163562858,0.0499567001651575,0.00937732613502604,0.00482954999431453,0.0028337492367864,0,0.000343836932413769,6.04018258346319e-05,0.0129682550332353,0.000888283292331361,0.0171845713171475,0.000630569424734163,7.052356674335e-05,0.000120730418030798,0.000565671140617418,0.0247234625308946,0.0148321802605191,0.0119315961651318,0.147493564912767,6.91921403109312e-05,0.000279350760424673,0.00335539294504475,0.169280078636347,0.0159376153384147,0.0664487669617944,0,0.000255748698739934,0.0013519058427825,0.0100536396871989,0.0274162133723335
0.000262329067854786,0.378440323869833,0.00309018618298702,0.00248573543926119,0.00290552773039879,0.00170668285447088,0.000942310670185735,0.00207922899656362,0.896897142246215,0.00206296915694511,0.00255945030761986,0.00955590569840212,0.0312643478820273,0.00579339165169086,0.0259872961593968,0.357469749697726,0.00116997520245447,0.000745945593658945,0.000765505228621103,0.00160213164574827,0.0197917118822297,0,0.27310549178471,1.12193537292774,0.187001179169568,0.00831725198766997,1.57504399973244,0.0166814359368829,0.0217968490372793,0.00260542581425846,0.00449613092041833,0.000312035654665088,0.00461784148990181,0.00737946869687197,0.00241008229864747,0.0285219751914618,0.00967122167401458,0.00824203882047699,0.00688154300656951,0.0205201139939104,0.00184878726368537,0.00150673278044788,0.0374658002251973,0.00405559211640564,0.0103014540455228,0.0123781291801693,0.00178735771906219,0.000246640792720342,0.0012736844548831,0.00207157883623772,0.00169617520957891,0.00243861351223109,0.000151990521183622,0,0.000180451492945481,0.0320311168344786,0.00617493145617715,0.0291815249953873,0.00107169757839135,0.00219062976565953,0.000234197737772989,0.00137955766199071,0.0102043133500576,0.000304141552908838,0.334196937008605,0.00245804377236917,0.000138106577134895,0.000224978968795228,7.9125900360978e-05,0.120561168109983,0.200572555364483,0.168210384699706,0.249300084122741,0.00164028392353871,0.00299323284154397,0.118148952114803,0.14964446872417,0.014724403359163,0.0679266481896587,0.000784649035058282,0.000116762614611542,0.00174975907610425,0.00851015700054664,0.00463462755140724
0.0149524811807373,0.0135709377938986,2.25154991105608,0.000306754360839594,0.00397876622613845,0.0035355195687678,0.0809940168642397,0.0670103321027714,0.000675997703022778,0.00606135080862779,0.00309493241121741,0.000820543591914165,0.000352103653467131,0.0932933702099773,0.00114082583236617,0.789374092199177,0.773865283342657,0.00713971254187604,0.0448030300181391,0.000241909568195784,2.70374059342346,0.27310549178471,0,0.0153042759652517,0.00319417126476743,0.577944324912108,3.37630781345745,0.0440622446623469,0.0515277447784,0.292222269705624,0.000548215243648327,0.00571632745089836,0.0058235203105347,1.3549838836048,0.234589890981388,1.9129209732771,0.301974246421942,1.36681354643695,1.52235707602392,0.0055898475494749,0.0275585583933072,0.0055665237713666,0.0651086293110536,0.00396952798485362,0.0112524947561274,0.0134671818793287,0.00168232256061294,0.000673404730751824,0.00122223830726904,0.00253801974815172,0.000585449458682323,0.00296606822523809,0,0.000215170850172973,0.000400075237319446,0.0441275071342774,0.0115975424988629,0.0079036634664689,0.00066319508185364,0,0.000173742760444593,0.000102159057898665,0.0194970178681585,0.000225753781327653,0.186080097750807,0.00262640773083694,6.28930933363557e-05,0.000738255177674235,5.21554397854805e-05,0.169059330929331,0.0890111234184355,0.140659883470665,0.295847608758503,8.26179454267619e-05,0.0016294923556658,0.0295497909845714,0.329069805161887,0.0347435576291458,0.202069636644089,7.47707140490773e-05,7.08239808389902e-05,0.00277763563624093,0.0134794960545466,0.0533083675015703
0.00212197018147246,0.151408050966671,0.00149655908009737,0.259098932012327,0.0130154154055351,0.0147549471623237,0.381126841756248,0.0346881707574535,1.89197873924603,0.198947230042157,0.00331255211861529,0.0355383757960845,0.00636744234607414,0.0526503633704518,0.0776182420318567,0.171357686767335,0.00264201628085561,0.00220818538701918,0.00107260876719391,0.0492865951065068,0.0126498507527333,1.12193537292774,0.0153042759652517,0,0.0446697382727817,0.00379291171194989,0.15886003369147,1.26877333479103,0.105719918086982,0.0790715973088871,0.000954056672211849,0.0067206507746091,0.0161559387750748,0.0409458656106466,0.0399300023994075,0.235134373997435,0.0123343065937608,0.0443550437005107,0.0258695195909035,0.0740587036166878,0.0187537542873156,0.0225971316575725,0.375122613451231,0.00691359735631417,0.161215617042027,0.0259604483696811,0.0755352938990149,0.014947399252823,0.0232056078333121,0.00179733223199057,0.00179455942986159,0.000668189165524578,0.0830806560234573,0.000196244405169511,0.0104615489923274,0.427641133797697,0.0821493329616343,0.131622971172888,0.239576070236452,0.000692292794231665,0.053046564434616,0.000271909768034446,0.0576234522502251,0.0108297224774286,0.0080240642088217,0.00109870005650535,0,0.000105813863743186,0.0535178335968604,0.0128588235467447,0.0357551563902642,0.00649795502518631,0.959535076237721,0.000549591128732061,0.000879639738364032,0.00660763216787727,0.930990856995258,0.0539845128851706,0.0476555639923604,0.000102422809490371,0.00371675450546693,0.00227121644390343,0.118856383804388,0.0319109852005142
0,0.236924348534057,6.7242963223958e-05,0.0005704095387025,0.00119291751330773,0.000242952732663083,0.000183108472670126,0.000234070052220428,0.185584515424318,0.000428174065392422,0.0287148601434425,0.00210838668126755,0.507451798530623,0.000135754299493194,0.00622970700919584,0.00827710336280732,0.000553944328290677,0.00469531944534634,0.00131881343038299,0.000462021178431475,5.6387645006609e-05,0.187001179169568,0.00319417126476743,0.0446697382727817,0,0.0718809034707934,1.3741224973361,0.00114721911731741,0.000750145564604857,3.84575132157087e-05,0.0470105913882626,0.000172655579298902,0.000124202844173503,0.00840469905462375,0.000514858899043179,0.00670797008484504,0.0148248447296679,0.00906757551224736,0.00248579548383266,0.00467303593763263,0.000224732615637636,0.0427855547299643,0.00653913923935532,0.0276535302808907,0.00692422125708392,0.00458035110481164,0.00123579833616188,0,0.0482112570290195,6.92338005086898e-05,0.0536098057525923,0.00066733170193063,0.000236657057856918,0,3.32436223858833e-05,0.000527033215329349,0.00150055406272653,0.00934022893797291,0.000531875521673667,0.148406032066765,0.00040751879655242,0.146407618318567,0.00136377613056946,0.000318671325641966,0.00122735899918353,0.00348064042834522,0.00204010214722866,0.0120730327617588,0.000312987190495861,0.000729816025559568,0.00754024299430748,0.00202304707720359,0.00503502232452587,0.104399777730641,0.0829969333964576,0.291435964640519,0.00126747164575031,0.00202817783037669,0.000682263245049978,0.0404331558920625,0.00291299727466483,0,0.0326865098299387,0.000318940482902503
0.0529145749178548,0.048766974754541,1.16206618616893,0.000354851010279977,9.35034771681311e-05,0.00968751153804371,0.0677445803911084,0.18756073746024,0.00934057126512579,0.0318121870470904,0.646004293022898,0.0222944063112772,0.0551468730152746,0.293416148211495,0.00207184190362134,0.00252341724112453,2.74410665285995,0.315909513562822,0.996620215859444,0.00690993934191622,0.173383615792731,0.00831725198766997,0.577944324912108,0.00379291171194989,0.0718809034707934,0,5.3693265769311,0.0181955099237092,0.144353776595196,0.170345698020358,0.184565032669449,0.0535970730332658,0.00734657191698739,0.788491508258183,0.0566301161269022,1.53505186690435,1.21951626155067,0.863716635051434,0.888269806800403,0.0101800873883451,0.014509604854179,0.0253136091120657,0.243497570738503,0.0906500643201276,0.117641448082925,0.126007939965872,0.00262036262068035,0.0010762579846308,0.00950659541468798,0.000909329981316674,0.109143012588906,0.277587276374531,0,7.47805351974009e-05,0.000247251495181691,0.0118240290946709,0.00252752222613959,0.00481155281225635,0.000121624828861236,0.105006426286722,0.00070529006835072,0.153652722744164,0.00522077920094603,0.000903184213951683,0.00821824238632517,0.287581924590618,0.0152207307946299,0.154692494923723,4.32337998546123e-05,0.00596469426050221,0.00665907072758119,0.198408472224365,0.00542609780745,0.119441042353587,0.942128130865823,2.32319382026704,0.0089730772283994,0.00266892197964862,0.0199436521629912,0.156046344560235,0.00108154493273489,0,0.109663152885893,0.0523774959342123
