0,2.99065843224525,42.04332447052,13.3814216852188,1.33970832824707,10.5819519758224,8685.12608036399,1542.9575958252,40.1763559579849,93.3557294607162,80.5295094251633,12.4133237600327,22.7143121957779,18044.8570855558,24.5232771933079,3.2857004404068,244.854425311089,71.6807621717453,181.681269615889,16.995627373457,2979.48370167613,2.89577406644821,1375.95474770665,354.426716685295,0.718748390674591,158.376281052828,84.9591445624828,1369.36006039381,6741.79917272925,8861.75994372368,9.0024054646492,3.65425944328308,76.4786920547485,403.52231991291,78.9646355807781,507.6104349792,25.7647977769375,140.515162676573,125.349179029465,30.4720812737942,16.3433129787445,0.362657755613327,81.5222176909447,0.609512209892273,9.11707693338394,4.14846244454384,36.432860314846,4.15025761723518,0,1.85162955522537,0,2.18597900867462,10.1486055850983,0,0,10.0697360932827,5.43067473173141,20.9970093667507,3.96214431524277,0,0,0,21.1451871991158,4.52745214104652,15.4695710241795,0,0,0,1.53068041801453,35.0068120956421,4.39593946933746,20.1467184126377,127.891263186932,0,2.25047779083252,9.51133987307549,114.22902661562,46.3438460528851,19.7743999063969,0,0.392335206270218,6.14251002669334,31.5222496390343,13.3158429563046
2.99065843224525,0,247.811363875866,0,29.9471597671509,5.42022985219955,13.7135749459267,4.09735697507858,6643.64501708746,3.02936041355133,17.0016084313393,13.653171479702,390.075968325138,5.52556067705154,348.899071574211,705.070694625378,165.062617182732,1.65399146080017,29.5852633416653,0,66.4534937143326,8947.92268499732,105.476828694344,3140.68630504608,2642.50044608116,296.890468358994,12583.7249600589,260.961265802383,6.66326546669006,18.2853852212429,36.6781869530678,0,3.01794773340225,47.8894273638725,7.56202048063278,134.156831175089,101.42926093936,43.3170029819012,36.2150588333607,217.403086572886,2.43471866846085,72.2940293550491,584.540479004383,281.116445988417,149.248778879642,210.509297430515,4.53553175926208,0,7.75732797384262,0,6619.96893307567,900.874956399202,8.26524916291237,0,0.844868659973145,7.68441694974899,0.683173477649689,59.2087459564209,7.6860203742981,25.1817338466644,3.11302784085274,45.2216269373894,5.53856980800629,0.575347423553467,83.6949767768383,784.634582638741,6.3036145567894,595.597489655018,1.87607768177986,45.370715200901,370.053086191416,265.782258421183,132.087078183889,53.9730760455132,2436.6325763464,20632.1509291828,52.9168046712875,2.71859228610992,51.0928856730461,22.0655916035175,0,0.681983828544617,170.988644003868,26.276340007782
42.04332447052,247.811363875866,0,1.82073307037354,0,3.2909844815731,66.1635017693043,27.3375277221203,27.1523829400539,16.1223142743111,31.2931295633316,15.217475771904,87.1404817998409,65.9855863153934,13.382145345211,80.3936173915863,18854.5052555799,77.2292856872082,672.77458563447,8.2591912150383,2015.48119619489,192.478531181812,91736.2940880358,117.078612923622,2.44881707429886,29847.0558114946,16133.1052856445,796.811336964369,76.7369824647903,199.634897470474,10.6712172031403,0,24.9828770756721,5682.35199132562,1261.61033952236,19267.3155433834,6441.51846554875,4228.05825138092,7268.36105003953,56.5077230036259,21.4003523290157,4.059779047966,2174.96629995108,451.135209977627,677.835425019264,756.903370738029,11.1935529112816,16.6182242631912,3.26114976406097,1.36975854635239,779.909377008677,4139.2819750011,0.909388363361359,2.07423663139343,0.432833790779114,9.87146705389023,2.29681348800659,23.4312257170677,2.7296533882618,4.3722757101059,0,1.36211311817169,4.23588734865189,0.644605696201324,288.656520664692,2863.1135686934,7.09461957216263,446.722691953182,1.08615052700043,166.527765631676,289.931319177151,3601.43293207884,129.120667815208,4.67906451225281,2624.02913478017,18802.8326440454,86.3832890987396,10.5082125365734,230.923380613327,1.43373781442642,0.599449694156647,3.47643607854843,822.035181075335,554.828888654709
13.3814216852188,0,1.82073307037354,0,58.626749008894,734.483936548233,223.140734285116,721.689183756709,6839.1262127459,12747.2512226999,190.595186561346,1246.27941128612,160.930493086576,365.011410325766,580.151572048664,1.22047567367554,21.861375451088,110.391204833984,115.21397292614,13774.2581549287,4.57785373926163,1.9620059132576,7.76155650615692,10248.2604784667,0.714728057384491,88.0201221704483,12.8101346790791,4222.62686854601,522.837933301926,11.2242449820042,11.8670282363892,51.4802014231682,42.0580655038357,519.940628200769,155.771956294775,2197.11891046166,11.4150143861771,262.680375188589,107.360402047634,791.955454558134,140.097615689039,10.2977705001831,585.365064531565,0,93.9081200659275,33.7001610398293,2255.25963413715,66.2383237481117,6.15842989087105,3.13107523322105,7.77328008413315,0.511541903018951,2606.84477680922,178.821734726429,212.820400059223,294.462404489517,314.174194663763,2430.0029322505,3447.83190116286,3.2776472568512,964.720882803202,1.95382225513458,330.223299175501,843.730145692825,4.54011279344559,0.32925146818161,1.54797944426537,2.02101403474808,657.027558684349,8.504274725914,26.2518112659454,10.2187571823597,3135.72613283992,2.19936382770538,1.0843745470047,9.43977165222168,3546.88595560193,133.687467217445,20.2031193971634,0,15.4559673666954,1.56830921769142,363.639608174562,35.5428125858307
1.33970832824707,29.9471597671509,0,58.626749008894,0,3500.86672210693,152.274914473295,39.2908176481724,418.917470872402,336.95100364089,6.58098521828651,590.281855404377,98.2142934501171,10.3739070892334,4257.50383189321,1.7801798582077,0,6.10542345046997,3.35399687290192,165.992151081562,2.93943202495575,45.7222782969475,1.82118654251099,95.4957508742809,5.91869831085205,4.14547193050385,43.2757678627968,103.033395946026,16.5048007667065,6.47998315095901,1.83609002828598,791.525216579437,5.57552650570869,818.160002619028,18.4056865572929,314.217375427485,2.75404596328735,27.4941081702709,22.7701376378536,13285.9776308537,2710.48220533133,9.19545757770538,26.9712008535862,0,3.17130786180496,1.86802244186401,326.280869096518,5.52640604972839,1.14638817310333,0.43577978014946,0,0,116.006279110909,27.4554032087326,17.4956581890583,8.70472386479378,14.1994669437408,99.1409026384354,54.579301327467,0,51.6436106562614,0,19.300036996603,92.06308349967,0.662271738052368,0,0,0,33.6433771550655,4.54470181465149,1.47010982036591,4.84451031684875,131.521832704544,0,0,0,99.6027122735977,8.05044519901276,3.14098370075226,0,2.04938095808029,0,29.0515375137329,0
10.5819519758224,5.42022985219955,3.2909844815731,734.483936548233,3500.86672210693,0,3531.02006193995,5769.79245474935,646.344700723886,14697.4097580016,258.907171458006,7219.55058720708,589.500378251076,390.421620637178,6794.68423345685,4.62945505976677,10.5553214550018,98.1941536962986,108.549031168222,3138.54000037909,62.5836283266544,13.9671967327595,48.4820885062218,266.429037004709,6.61362391710281,64.5532057583332,18.6468896865845,1021.85819268227,239.714361101389,70.6305613219738,19.4443373382092,113.970634311438,13.3028790950775,587.729472517967,2493.3666678369,3208.76803955436,33.162583976984,174.895000785589,149.422722011805,7831.62096181512,1548.23265582323,48.4790179431438,703.691047757864,1.29359948635101,104.773421019316,47.5863062739372,734.131669908762,89.0078153908253,19.9894511699677,8.70568391680717,0,0.392499715089798,867.917109668255,39.0955594480038,98.0958065986633,272.341095477343,272.02558016777,506.078460097313,681.289694666862,1.68049913644791,160.315221726894,0,254.932890027761,165.03746342659,13.9308621585369,0.475337207317352,0,0,266.252615302801,38.6841598749161,8.81198447942734,31.680437207222,1165.6370742023,0,0,6.02287036180496,1211.20525571704,170.128183275461,39.2266395688057,0,4.38573113083839,20.9021308720112,394.545306533575,321.896668016911
8685.12608036399,13.7135749459267,66.1635017693043,223.140734285116,152.274914473295,3531.02006193995,0,21418.4029798806,2930.23972913623,19285.4279718399,1340.84894768894,585.82735067606,715.873160898685,41166.8441078961,1520.69909590483,32.8189166486263,206.748850315809,761.207431942225,1114.11731013656,639.072997659445,2668.72392642498,89.6050107479095,282.137949258089,17638.9031373709,7.38360324501991,716.511582046747,401.469428569078,77053.009292841,8202.3684182018,15311.4199787676,107.261206835508,256.378215879202,872.745877832174,2992.66783861816,1342.9708135426,7886.45052744448,110.598846137524,1465.26912099123,769.510039895773,2039.63044729829,770.946856826544,65.4382129907608,1924.39882567525,9.63733038306236,280.135183602571,134.845895081758,928.20842653513,172.884277045727,23.9911949634552,26.6735371649265,5.78713062405586,6.30044201016426,1349.51618912816,10.0968082547188,170.566602915525,738.216719955206,637.565544307232,1357.71711921692,1220.29011324048,45.9956586956978,151.836590409279,1.07022455334663,929.696471571922,173.428842067719,44.3094801008701,0,1.98861312866211,6.12845733761787,374.494485884905,112.282711327076,21.3778938353062,76.3744070231915,2944.71136578918,3.29677566885948,1.47104001045227,36.3364146649837,3379.54043340683,646.673464864492,189.088701874018,0,39.2512798905373,24.7555966079235,1008.75744061172,245.379505425692
1542.9575958252,4.09735697507858,27.3375277221203,721.689183756709,39.2908176481724,5769.79245474935,21418.4029798806,0,459.901799827814,11194.0628494918,867.499233275652,5727.84269532561,848.813934847713,16268.2717563212,294.346625506878,8.30973461270332,175.488205552101,423.178215771914,377.529330909252,4830.81748855114,3185.50238081813,14.2200987935066,872.829332560301,934.132516771555,19.7339442074299,298.098846971989,87.7092345356941,3555.38388499618,763.938319921494,2400.67536482215,59.6895438730717,52.6013267934322,124.870394349098,1360.33649334311,372.159236967564,4268.8311021179,69.6187651455402,356.283480495214,323.153866022825,1790.83671921492,569.271050274372,63.0167908370495,1176.87164691091,1.30706736445427,180.327432394028,93.6901212334633,849.102016717196,97.2961466312408,29.1353002786636,23.06128937006,2.60220694541931,3.05272641777992,648.073830068111,10.9773627221584,90.8250596523285,428.359310656786,363.352321684361,590.852972328663,691.943010598421,2.14280453324318,118.833696335554,0.739000558853149,399.754879236221,96.3416207134724,34.9511328339577,0,0,0,298.11858150363,81.3312271535397,11.440144687891,74.7228633165359,1637.98671680689,1.01188111305237,5.58101269602776,15.5898397862911,1600.65957263112,321.17285823822,131.312264412642,0,7.71111610531807,29.2465092241764,598.894100546837,79.65513458848
40.1763559579849,6643.64501708746,27.1523829400539,6839.1262127459,418.917470872402,646.344700723886,2930.23972913623,459.901799827814,0,2347.69908344746,128.342060059309,1112.42180344462,413.570369124413,269.175848424435,3516.88733249903,572.238794773817,53.6742626130581,63.2536887228489,88.5764519870281,1441.96809026599,166.879933804274,11928.6277675629,122.777686148882,28807.374663353,2523.9671202898,149.770033180714,6592.79662248492,5813.17171624303,438.462172418833,193.00355899334,66.978949457407,26.2985809445381,139.523152500391,400.297483921051,153.005898416042,1450.69143649936,65.2071135640144,194.355957388878,114.918971180916,1211.12025222182,88.2826399207115,65.1034870445728,620.367270976305,16.9108234643936,91.2281269729137,56.2943152785301,632.278129339218,52.4784832596779,13.6512392759323,21.3157892823219,85.163653254509,44.4376100599766,1396.70319750905,73.0780160427094,87.4212143719196,520.23620262742,158.474414139986,4262.96462163329,763.824385046959,67.3873901963234,223.50009778142,49.0207692682743,250.355399727821,287.880281507969,399.005853712559,27.9177791774273,64.4193838834763,34.6184195876122,212.726761460304,94.5746159255505,410.22413867712,256.663461625576,4775.64829799533,12.254901945591,59.0027793347836,519.715019404888,2710.07354366779,356.191479623318,78.8039854764938,4.43337053060532,19.9795769751072,33.6553958058357,276.56375002861,95.4773513674736
93.3557294607162,3.02936041355133,16.1223142743111,12747.2512226999,336.95100364089,14697.4097580016,19285.4279718399,11194.0628494918,2347.69908344746,0,1919.46291300654,13554.6583938301,882.408038884401,4657.16665107012,1404.91071999073,5.27817717194557,194.900254637003,1028.92039310932,1250.66381394863,28731.3140257895,103.521449059248,5.24702224135399,63.6035279929638,728.799354314804,12.0256327390671,794.195560663939,197.272403657436,5737.77981173992,3038.83273607492,121.507315844297,140.020002186298,222.781540066004,105.039801031351,3078.62453553081,1140.92306748033,6410.27506503463,78.7082007229328,1124.40404182673,356.678767621517,2528.1417144835,579.344904661179,77.1256453096867,762.183741420507,1.02425929903984,105.484477132559,79.455239623785,1613.44106015563,68.5657803118229,9.98847609758377,7.41934937238693,2.74584853649139,2.62713700532913,4017.09535437822,130.776999145746,221.283171594143,547.497532874346,493.445036053658,1829.2928442657,2042.16656854749,8.14597135782242,535.728329062462,0.506316184997559,385.571455895901,532.538101553917,9.80828803777695,0.810706734657288,0,0,800.371428757906,10.8278193473816,8.32826748490334,26.5116828978062,3451.15159144998,0.847907185554504,3.1008557677269,11.5057523548603,4264.84969937801,190.549557745457,21.8081158995628,0,6.85652333498001,4.02519631385803,519.386224746704,105.20916813612
80.5295094251633,17.0016084313393,31.2931295633316,190.595186561346,6.58098521828651,258.907171458006,1340.84894768894,867.499233275652,128.342060059309,1919.46291300654,0,893.47035291791,5671.09843710065,713.948125660419,47.5696259140968,2.13767263293266,277.177059948444,9241.29598909616,3213.08307790756,1025.30092424154,155.59005984664,166.458219051361,150.974895626307,209.135862141848,387.866165578365,5105.47214448452,178.67294973135,422.613341927528,1576.20245450735,155.516006112099,1091.99041867256,465.393647789955,42.2888826131821,12524.9454816878,232.902090966702,2555.88976404071,1413.90354335308,13481.0848468244,2256.76884567738,241.444058358669,79.6819162368774,2061.63130170107,31.9565719366074,6.78334131836891,38.6560246944427,14.2269518375397,89.8067571222782,1.63822257518768,287.713110476732,0,93.4286039471626,2.20124304294586,20.4221786558628,0,1.69891250133514,15.3444150090218,6.40142357349396,184.117304176092,2.50039839744568,6480.84634247422,9.92095074057579,6847.29162925482,1.42846411466599,9.1115854382515,5.81960475444794,1.8312366604805,48.6971009373665,2.89513349533081,6.7879818379879,0,55.9903375804424,5.57060867547989,168.152696162462,595.706662923098,1065.96411305666,336.717380136251,49.7933586537838,7.92858171463013,6.01294416189194,1919.04204106331,0,3.90151941776276,86.023370474577,85.3540285825729
12.4133237600327,13.653171479702,15.217475771904,1246.27941128612,590.281855404377,7219.55058720708,585.82735067606,5727.84269532561,1112.42180344462,13554.6583938301,893.47035291791,0,422.668380171061,1475.99735826254,3305.17072314024,1.84682267904282,51.7902124226093,488.336324483156,546.713575899601,16557.9701219797,43.014347165823,22.9620554447174,26.7689506113529,332.553578525782,7.6911935210228,335.080464571714,97.0572566688061,281.800906330347,734.796362191439,49.3303342461586,63.9043829441071,101.109277755022,3.40307116508484,1321.01467701793,10409.200486064,2286.73181214929,34.170159548521,367.263399988413,127.374085754156,3771.42163351178,147.005233615637,46.106211066246,367.605590999126,0,43.243902027607,29.687148809433,1486.50345724821,25.9676806330681,2.95461404323578,2.07690906524658,2.83509194850922,0,767.95446908474,104.967678189278,108.24846175313,87.7240265607834,116.359278768301,573.22649872303,480.649634093046,21.7381118535995,360.589509129524,0,174.784893780947,411.684505015612,4.93203169107437,2.18056231737137,3.98305577039719,1.64659368991852,195.482104986906,9.83617195487022,3.98111689090729,15.3054293394089,994.766899734735,0,0.551149308681488,6.28971669077873,835.14265358448,70.3211603462696,9.5723103582859,0,17.7067486941814,3.10535484552383,201.897169500589,1287.1407674253
22.7143121957779,390.075968325138,87.1404817998409,160.930493086576,98.2142934501171,589.500378251076,715.873160898685,848.813934847713,413.570369124413,882.408038884401,5671.09843710065,422.668380171061,0,220.658590048552,140.177333503962,354.227545320988,38.521646887064,39.3656213283539,34.9487678408623,515.462452292442,745.622337132692,2365.04291024804,1344.90203663707,345.192383468151,9814.19229352474,151.675354659557,757.964806735516,656.740572243929,385.921926945448,361.505960166454,1091.45654588938,830.07971444726,47.8860324323177,3057.15451043844,542.800060749054,2548.98794308305,1205.04864516854,7062.7394708097,1748.38460028172,3631.21428954601,3380.91886627674,6366.84599888325,370.557203859091,35.6808538734913,186.285882055759,74.4994247555733,1004.14753434062,80.9348638951778,1146.19058287144,9.34181037545204,385.775837540627,6.7505045235157,43.5059420764446,3.72115004062653,22.5216767191887,73.4051056206226,51.9076727926731,154.539027154446,80.9608165621758,17267.7570252419,52.5095997452736,22172.9175947607,151.369668722153,40.252926170826,43.1328905820847,0.864830374717712,94.2467405200005,19.896592438221,53.4054017663002,147.380907982588,163.219843029976,49.6895363032818,403.596052318811,4951.74691584706,2694.47581207752,1860.77353298664,423.217145383358,192.880561888218,102.542761683464,5662.18639802933,40.7713932394981,19.1453669965267,464.379857093096,117.33723115921
18044.8570855558,5.52556067705154,65.9855863153934,365.011410325766,10.3739070892334,390.421620637178,41166.8441078961,16268.2717563212,269.175848424435,4657.16665107012,713.948125660419,1475.99735826254,220.658590048552,0,178.078120738268,7.80824533104897,461.496091187,498.376232624054,626.947121828794,1730.18976184726,5964.58650642633,13.5951298475266,2256.6235538125,1080.94514784217,2.30111187696457,535.662524074316,174.027004718781,4173.30582931638,5193.1650635004,7572.52783328295,32.4408197999001,234.136358648539,199.899814546108,1771.91266509891,335.76410394907,2327.1208551228,58.4301419854164,449.303568542004,331.970305025578,339.815608412027,161.117881596088,11.8224201798439,591.427079111338,0.744597852230072,73.1727078855038,24.9988257586956,328.703380078077,37.1511138081551,4.97199314832687,9.86463108658791,0,2.48060792684555,295.925046354532,4.99843230843544,30.0967447459698,172.438273608685,157.310443073511,281.603489428759,251.021236389875,1.87505185604095,42.6699015200138,0,176.287032097578,27.9680723845959,35.8139559328556,0.406006574630737,1.01470696926117,0,99.7157606184483,69.4782782196999,7.2853342294693,67.1429898440838,879.766342550516,0.419906437397003,3.6743301153183,24.1852578222752,858.018421530724,198.232638046145,74.6155652105808,2.81669592857361,0.967069059610367,14.8080087900162,226.31483528018,35.2748590707779
24.5232771933079,348.899071574211,13.382145345211,580.151572048664,4257.50383189321,6794.68423345685,1520.69909590483,294.346625506878,3516.88733249903,1404.91071999073,47.5696259140968,3305.17072314024,140.177333503962,178.078120738268,0,47.7915745079517,31.1834028959274,24.7563038468361,35.525761038065,703.871388226748,621.996555566788,503.467178970575,413.59923607111,1605.54635927081,97.5387791693211,35.9375917315483,475.671339333057,1683.63037583232,297.805625796318,752.297149807215,7.43353885412216,249.659818202257,67.7168191373348,230.029096275568,4712.6345205605,1385.12783366442,35.1566335558891,100.549346625805,92.5827993154526,3646.84263086319,137.931725174189,8.90934988856316,356.724542587996,2.56592375040054,29.0009659528732,21.826645731926,1815.83372932673,29.0440415740013,5.65414929389954,8.03999292850494,7.15741968154907,5.36185312271118,812.465231239796,133.270724147558,112.465882360935,64.6624060571194,125.216508328915,590.815859973431,382.407288819551,15.2107048332691,413.619919300079,0,187.08067342639,545.161205083132,20.633134663105,1.61042630672455,8.03536784648895,0.451826512813568,186.602604210377,42.1368506848812,8.17986965179443,27.0559838414192,986.476778626442,0,2.79519599676132,43.210534542799,830.337544351816,133.16315048933,32.3501518070698,0.670181632041931,20.0950959324837,5.24464619159698,212.748661994934,640.258843719959
3.2857004404068,705.070694625378,80.3936173915863,1.22047567367554,1.7801798582077,4.62945505976677,32.8189166486263,8.30973461270332,572.238794773817,5.27817717194557,2.13767263293266,1.84682267904282,354.227545320988,7.80824533104897,47.7915745079517,0,92.7130020558834,4.98897022008896,11.2629683017731,0.395035654306412,8958.69465500116,10882.812148422,6729.24990269542,3632.97868055105,115.643986999989,31.3497978746891,10867.867808938,6391.09391349554,18.285873234272,79.2979946136475,4.36790484189987,0.665088295936584,15.8650859594345,335.464687436819,498.121515721083,3322.83996105194,398.035133063793,703.680612802505,777.23971888423,65.2959256768227,75.0249540805817,2.1797126531601,955.571801424026,123.775627374649,283.200725674629,282.410336732864,137.861079394817,16.1800363361835,2.3434152007103,9.41637462377548,72.9644529521465,216.838855147362,0,7.9105960726738,3.12287712097168,34.0343144834042,8.74940121173859,840.370096802711,3.93491798639297,7.4450846016407,11.0690060257912,0.59317022562027,68.4101026952267,53.8670383989811,8195.22205120325,128.462610960007,2.75158828496933,15.0289167761803,2.96606051921844,3453.09923285246,3640.77666795254,11036.7030387223,3506.97088468075,4.44203555583954,86.3788280785084,4422.03051769733,1994.72818684578,471.969083577394,365.071886926889,0,2.59408038854599,96.8413380086422,431.866033434868,151.869192004204
244.854425311089,165.062617182732,18854.5052555799,21.861375451088,0,10.5553214550018,206.748850315809,175.488205552101,53.6742626130581,194.900254637003,277.177059948444,51.7902124226093,38.521646887064,461.496091187,31.1834028959274,92.7130020558834,0,185.865045070648,2929.63411590457,96.2138741314411,2387.33239147067,154.978887081146,15904.8246343732,146.441646069288,0.469896048307419,6891.66433390975,16857.3744835556,220.967775404453,1084.12754201889,1701.82916212082,6.4669041633606,6.72014689445496,235.833842992783,16355.1911020279,751.398763149977,9108.49666619301,9005.19720336795,4724.44146776199,4937.4382365644,43.7768763899803,27.2180737555027,5.60332888364792,845.117247104645,202.710785925388,242.788586974144,303.475980252028,9.75858935713768,7.8551781475544,3.90478751063347,0.793623387813568,311.1966843009,1608.32418438792,0,0,0,1.72796192765236,0,27.9481860697269,0.959506243467331,6.72539034485817,0,0.833992779254913,3.85116940736771,4.65691101551056,95.0990113914013,1347.28403899074,8.95904844999313,312.995835065842,0,121.233685493469,101.25365537405,827.090203791857,90.0721016228199,4.29886651039124,1454.27735874057,7807.38257044554,60.2957454025745,7.31339225172997,133.287640064955,0.662083089351654,0,2.31945830583572,341.195244133472,296.189826488495
71.6807621717453,1.65399146080017,77.2292856872082,110.391204833984,6.10542345046997,98.1941536962986,761.207431942225,423.178215771914,63.2536887228489,1028.92039310932,9241.29598909616,488.336324483156,39.3656213283539,498.376232624054,24.7563038468361,4.98897022008896,185.865045070648,0,3625.64715212584,532.566419154406,135.568344205618,5.44124484062195,226.467627108097,109.266652852297,17.1038290858269,6740.86638697982,981.975020051003,246.979654967785,879.21978533268,121.014254540205,416.514651656151,170.287979930639,38.4382384121418,4090.68630746007,373.80796867609,4283.06136634946,2394.62074393034,6233.06835216284,2670.44709807634,95.3618300259113,47.0230778455734,2.19259977340698,23.9308023452759,11.0959453582764,11.7482079863548,31.188392162323,22.8073267936707,2.58383464813232,0,0,5.19137275218964,7.09290632605553,5.01981276273727,0,0.854796826839447,0,0,85.757518351078,0,318.425491690636,2.3216205239296,340.812066257,0.909395158290863,1.50377857685089,0,4.62084817886353,58.0861070454121,17.59388718009,0,0.500388383865356,3.09176605939865,9.52749460935593,29.0031582117081,24.013267159462,1121.84790086746,808.042300254107,0,0.467244505882263,0,466.39348205924,0,0,5.23707830905914,160.664536833763
181.681269615889,29.5852633416653,672.77458563447,115.21397292614,3.35399687290192,108.549031168222,1114.11731013656,377.529330909252,88.5764519870281,1250.66381394863,3213.08307790756,546.713575899601,34.9487678408623,626.947121828794,35.525761038065,11.2629683017731,2929.63411590457,3625.64715212584,0,666.652017682791,600.862439095974,24.5827889144421,1163.09198614955,188.639612466097,10.5384622216225,10081.5308724046,5201.11016097665,386.272299855947,1018.37379485369,476.253679484129,17.0335731506348,88.0456786453724,95.8974417448044,16049.748505801,643.105241060257,11027.1261332035,7755.4730219841,9477.14740037918,4988.78107893467,109.80426427722,23.8218384981155,4.75793141126633,130.460208684206,51.7149471342564,38.9988062381744,58.5335876941681,27.3039208352566,7.62783664464951,0,0,78.5317472815514,112.843916475773,6.81077328324318,0,0,2.05888789892197,0,89.0046969950199,1.2919135093689,24.5393962860107,6.39970937371254,42.1864096820354,0.742559790611267,1.54983878135681,16.4260114133358,127.422583907843,108.20486047864,273.426238507032,3.75282537937164,20.5436295568943,22.0316783487797,85.6238140165806,55.8878834843636,13.128490626812,3426.75787064433,3619.20730063319,20.2854511141777,0.890901118516922,14.2783589065075,160.44462415576,0,0,39.5431990027428,299.853930950165
16.995627373457,0,8.2591912150383,13774.2581549287,165.992151081562,3138.54000037909,639.072997659445,4830.81748855114,1441.96809026599,28731.3140257895,1025.30092424154,16557.9701219797,515.462452292442,1730.18976184726,703.871388226748,0.395035654306412,96.2138741314411,532.566419154406,666.652017682791,0,43.3827164173126,2.45660614967346,38.1048833429813,1048.43060362339,4.03958052396774,461.289982825518,107.538640916348,911.059363096952,1021.71298310161,53.2583271563053,66.7007277011871,104.046117514372,11.9113621413708,1286.82760420442,130.549987852573,3067.12221845984,41.7735345363617,420.855392873287,123.261266589165,1425.24032214284,198.011653423309,42.7417282164097,249.352204740047,1.02797079086304,47.5028140842915,27.0358123779297,1093.44137993455,34.5620883703232,8.40994754433632,6.07813432812691,1.14379099011421,0,1282.95219042897,73.0404145419598,85.7560370564461,147.374570995569,177.915707319975,746.456183701754,758.063059389591,6.84492099285126,323.137647420168,0,162.809932917356,364.844297289848,6.50902843475342,0,0,0,275.345753490925,5.95280167460442,3.07798284292221,16.6760021746159,1348.237921983,0,0,3.24126082658768,1499.47171461582,55.0070088207722,11.167598515749,0,7.6985385119915,2.69999992847443,204.459043204784,22.030280828476
2979.48370167613,66.4534937143326,2015.48119619489,4.57785373926163,2.93943202495575,62.5836283266544,2668.72392642498,3185.50238081813,166.879933804274,103.521449059248,155.59005984664,43.014347165823,745.622337132692,5964.58650642633,621.996555566788,8958.69465500116,2387.33239147067,135.568344205618,600.862439095974,43.3827164173126,0,768.983044117689,52854.2203461826,1096.04796132445,56.7904027104378,742.614895939827,2075.94536933303,10008.340331018,3818.92594344914,34684.8426977098,13.049865603447,22.2009891867638,463.252519637346,20046.768636018,5305.62443330884,23982.3381093442,1807.94615107775,10129.1784093976,7841.43132022023,556.105392277241,292.709542006254,8.90752744674683,754.801136255264,29.4102301895618,121.928554177284,169.07953235507,276.228856265545,43.8441838622093,1.29293847084045,20.3216340839863,6.82526427507401,98.7990893423557,2.83941981196404,7.30122211575508,2.68742477893829,45.7424743175507,24.0982218682766,572.438594609499,7.34367394447327,7.74661162495613,3.68477585911751,0,102.913198143244,31.8509397506714,3399.95233404636,49.4421456456184,2.15713760256767,0.533879637718201,7.14610731601715,3980.40230301023,889.452098071575,4380.32667282224,3576.72254824638,0,37.6619413793087,1112.49925860763,2876.24176838994,743.260094255209,596.703819006681,0,6.82601800560951,158.820171386003,471.260234683752,575.290079414845
2.89577406644821,8947.92268499732,192.478531181812,1.9620059132576,45.7222782969475,13.9671967327595,89.6050107479095,14.2200987935066,11928.6277675629,5.24702224135399,166.458219051361,22.9620554447174,2365.04291024804,13.5951298475266,503.467178970575,10882.812148422,154.978887081146,5.44124484062195,24.5827889144421,2.45660614967346,768.983044117689,0,1034.31515157223,18970.8372089565,5361.89468848705,235.167827874422,16657.9781175852,2204.34602990746,26.2084495127201,85.3153789043427,206.723925292492,1.17632848024368,23.734003841877,134.284719109535,24.8358194828033,377.960607290268,91.5059489905834,99.8614462018013,89.4417140483856,230.710574686527,7.45884826779366,458.849679976702,635.011676549911,114.497529655695,238.332277804613,210.672820240259,42.675201177597,8.27641540765762,41.001451253891,3.46068584918976,1301.35704770684,629.272375047207,14.9969191551208,2.13366264104843,0,24.7791809737682,4.53338289260864,396.866444587708,6.4710373878479,96.1469492316246,6.72852772474289,172.300931632519,15.0857883095741,22.575868844986,2854.96211287379,230.45755764842,1.71819543838501,40.9493705928326,1.8837856054306,555.707272827625,4579.19647789001,2902.72118887305,1185.64628562331,49.0054824352264,332.077938526869,12679.3836497068,530.204764842987,109.658514589071,84.5271350741386,16.3971862792969,0.478992879390717,17.8770841956139,259.081509411335,50.7956889569759
1375.95474770665,105.476828694344,91736.2940880358,7.76155650615692,1.82118654251099,48.4820885062218,282.137949258089,872.829332560301,122.777686148882,63.6035279929638,150.974895626307,26.7689506113529,1344.90203663707,2256.6235538125,413.59923607111,6729.24990269542,15904.8246343732,226.467627108097,1163.09198614955,38.1048833429813,52854.2203461826,1034.31515157223,0,535.91943782568,130.72899505496,7692.9718721211,50575.9957319796,2595.71619364619,3344.32879447937,8832.50720876455,37.9962664246559,17.488327562809,430.307773113251,27681.7530876398,9143.21593612432,55281.8634396493,10361.0187899768,24356.206640929,24657.1319691539,710.896313667297,455.09015083313,18.2140288352966,2520.50059229136,332.711407214403,940.993976086378,1052.95287579298,132.419001847506,51.5059346556664,12.3151066303253,9.81789517402649,110.305090308189,3096.69243314862,2.46870079636574,3.8073872923851,5.61349040269852,21.8926940262318,6.68093860149384,214.248869538307,9.20170882344246,5.29327610135078,10.3833656013012,1.2870284318924,30.1290244907141,30.7187233269215,7356.09007096291,986.496323853731,2.91085994243622,58.3330553174019,2.24358236789703,3577.1485029161,1734.62517118454,22164.1708538532,1721.86222282052,0,637.82718616724,15767.936852634,1327.96019646525,189.395863413811,507.381580293179,0.59272837638855,1.22884845733643,46.8690160214901,1254.2015683651,1805.44789585471
354.426716685295,3140.68630504608,117.078612923622,10248.2604784667,95.4957508742809,266.429037004709,17638.9031373709,934.132516771555,28807.374663353,728.799354314804,209.135862141848,332.553578525782,345.192383468151,1080.94514784217,1605.54635927081,3632.97868055105,146.441646069288,109.266652852297,188.639612466097,1048.43060362339,1096.04796132445,18970.8372089565,535.91943782568,0,749.982566356659,201.535103619099,6272.30536302924,16816.4446730614,2300.57333213091,4421.00817769766,41.2336306869984,64.3361370563507,1356.40295663476,1691.16782489419,1485.17977809906,6356.63938049972,336.993001192808,925.194253563881,832.278994143009,978.576352894306,279.233979344368,29.4737933278084,4332.44158133864,49.4822605252266,590.436611503363,266.740755885839,1824.10895448923,302.410031229258,27.7290695607662,75.6110851764679,130.964556485415,106.924428969622,2575.76687207818,76.3311323225498,302.689588278532,1436.74182519317,961.049233853817,4450.92930036783,1975.26372009516,195.156034171581,323.474443525076,18.4318800568581,1665.29869584739,423.436207652092,1043.87955924869,75.1634615659714,35.5609060227871,49.6961994469166,577.650786399841,870.312537252903,765.917502939701,1374.42191776633,10191.3795943856,11.7980328798294,56.0618849098682,1366.7961999774,7133.17128846049,2150.80493426323,605.78253865242,0.533104181289673,137.922884702682,190.225644171238,1917.35725781322,533.439704835415
0.718748390674591,2642.50044608116,2.44881707429886,0.714728057384491,5.91869831085205,6.61362391710281,7.38360324501991,19.7339442074299,2523.9671202898,12.0256327390671,387.866165578365,7.6911935210228,9814.19229352474,2.30111187696457,97.5387791693211,115.643986999989,0.469896048307419,17.1038290858269,10.5384622216225,4.03958052396774,56.7904027104378,5361.89468848705,130.72899505496,749.982566356659,0,111.025695919991,1035.26482209563,64.7541090548038,6.68587720394135,19.8994193077087,467.836291968822,0.757897436618805,3.28970217704773,36.4353116750717,0,35.6194569468498,111.800885856152,26.7506731152534,4.8365523815155,170.986791819334,2.32711905241013,1265.99890416861,56.7268337607384,28.7919265031815,21.4279576539993,11.2836060523987,74.9363413453102,6.20068252086639,144.237894535065,0,1088.10801255703,6.10648083686829,3.75074541568756,3.17882752418518,8.35734629631042,3.08654350042343,2.33082365989685,12.8667362332344,4.93592804670334,889.832330882549,8.57992780208588,2492.09976491332,16.8784247040749,3.44821739196777,4.86297231912613,6.87733381986618,22.4382320642471,29.5421723127365,6.28410935401917,18.4990564584732,31.7890616059303,8.01632952690125,41.981282055378,2186.00088351965,1680.16069218516,4755.98524272442,43.9547482430935,15.4545406699181,6.08201169967651,592.024747103453,1.28320276737213,3.20373123884201,46.0386573672295,0
158.376281052828,296.890468358994,29847.0558114946,88.0201221704483,4.14547193050385,64.5532057583332,716.511582046747,298.098846971989,149.770033180714,794.195560663939,5105.47214448452,335.080464571714,151.675354659557,535.662524074316,35.9375917315483,31.3497978746891,6891.66433390975,6740.86638697982,10081.5308724046,461.289982825518,742.614895939827,235.167827874422,7692.9718721211,201.535103619099,111.025695919991,0,26307.7741381228,277.801425695419,960.070833057165,402.123279094696,1402.57641211152,88.0385432243347,128.023561179638,7275.13401767612,1166.8775665462,21956.7377555072,22406.9705471694,9525.10554635525,7775.00062331557,88.5134325921535,61.3805366754532,19.2869806289673,1248.74311161041,635.664321213961,335.742880105972,525.309877038002,12.9798456728458,13.67679053545,35.9007396101952,0,819.682339817286,1192.66418802738,9.62038531899452,0,2.58981585502625,5.52003145217896,1.06171715259552,66.4279986023903,3.730573117733,2693.03649425507,5.2270005941391,3551.45233044028,8.42622444033623,2.28081840276718,57.5215446650982,1605.61261504889,760.030544191599,2321.58198863268,0,96.5702856481075,183.090208858252,409.830584824085,88.9240337610245,385.027515649796,24481.3915672004,29324.0182355344,27.483051687479,4.13480281829834,158.405594825745,5440.24970710278,1.34866368770599,0.891723811626434,346.456183254719,604.652512580156
84.9591445624828,12583.7249600589,16133.1052856445,12.8101346790791,43.2757678627968,18.6468896865845,401.469428569078,87.7092345356941,6592.79662248492,197.272403657436,178.67294973135,97.0572566688061,757.964806735516,174.027004718781,475.671339333057,10867.867808938,16857.3744835556,981.975020051003,5201.11016097665,107.538640916348,2075.94536933303,16657.9781175852,50575.9957319796,6272.30536302924,1035.26482209563,26307.7741381228,0,7023.02804383636,239.418452829123,574.407321423292,223.485686391592,5.90808054804802,48.9617020785809,13302.1060163677,2508.62014594674,43942.8152358234,14914.6485791206,12009.6045345068,11314.739428848,422.436850398779,110.372739583254,28.596981048584,7986.65594059229,2266.35966131091,2570.18127986789,2816.6399076879,61.1964666545391,46.055101454258,159.05917558074,5.32460311055183,12746.1385228634,10966.0962308645,6.63395661115646,1.00984716415405,1.84053179621696,38.9039517343044,5.12762010097504,261.607790023088,15.7415838837624,757.078107565641,1.69106549024582,2957.8285087049,32.0428902506828,7.75017219781876,5402.94443106651,7127.93071371317,1196.27141454816,4045.35190397501,4.7993910908699,1027.74613207579,6038.95128542185,21999.4375678897,1195.79427075386,2312.78021854162,46263.6073194444,155649.983940244,658.676495373249,63.2276850342751,839.598685026169,4916.05070692301,0,13.0180297493935,2944.65695375204,1151.46944090724
1369.36006039381,260.961265802383,796.811336964369,4222.62686854601,103.033395946026,1021.85819268227,77053.009292841,3555.38388499618,5813.17171624303,5737.77981173992,422.613341927528,281.800906330347,656.740572243929,4173.30582931638,1683.63037583232,6391.09391349554,220.967775404453,246.979654967785,386.272299855947,911.059363096952,10008.340331018,2204.34602990746,2595.71619364619,16816.4446730614,64.7541090548038,277.801425695419,7023.02804383636,0,4231.63105258346,36523.6325956285,33.5064497590065,94.3091895878315,1424.03667157888,2950.54112538695,2255.06938171387,11139.2913780808,547.354536622763,1932.21788057685,1707.67503118515,1540.12351280451,599.510917276144,35.6345416307449,3077.73650985956,43.0898072719574,384.225670814514,267.220586359501,1388.11113137007,190.34066554904,16.1351655423641,70.3645095527172,27.7606726288795,116.915225118399,1699.70328867435,72.7161934375763,158.898902535439,673.130846202374,497.04084315896,2499.92853727937,1142.52695128322,36.608454823494,267.777930349112,1.65851271152496,1000.61793252826,389.891747772694,1877.14767634869,54.4369583129883,2.68763816356659,8.84373849630356,356.035751819611,1862.11069864035,874.050164431334,2685.75441020727,7915.93506115675,3.63935014605522,35.2190581560135,1250.1127165854,6299.79339507222,2092.35597798228,710.883360952139,0,56.6819005906582,237.158362418413,1430.68441352248,400.268255233765
6741.79917272925,6.66326546669006,76.7369824647903,522.837933301926,16.5048007667065,239.714361101389,8202.3684182018,763.938319921494,438.462172418833,3038.83273607492,1576.20245450735,734.796362191439,385.921926945448,5193.1650635004,297.805625796318,18.285873234272,1084.12754201889,879.21978533268,1018.37379485369,1021.71298310161,3818.92594344914,26.2084495127201,3344.32879447937,2300.57333213091,6.68587720394135,960.070833057165,239.418452829123,4231.63105258346,0,13592.738378197,82.1703270971775,547.662091314793,4264.47641170025,6021.2990410924,580.751345783472,3624.17500205338,134.042154073715,1032.23494914174,640.945450216532,491.30494377017,284.208511888981,36.146828353405,461.434063255787,0.582264840602875,45.190008699894,43.5180231034756,283.251637637615,26.8195444643497,6.49610733985901,16.1467092633247,1.51077824831009,5.4899375140667,181.268680557609,3.17333164811134,21.0096623301506,175.090723127127,104.156184792519,320.663515537977,143.094763368368,3.1304377913475,27.3791599869728,5.24032354354858,118.799161627889,22.2533756792545,65.545108050108,2.25121641159058,1.00707137584686,2.96339666843414,64.5001083016396,173.921713590622,13.8997487425804,94.0087334811687,1005.2737210989,0,10.3569667637348,41.1664331555367,753.146648436785,192.381029695272,117.143509894609,6.67619824409485,1.30702042579651,26.7079037427902,187.379840940237,58.9306191802025
