0,2.92764879760742e-05,0.0228804590057612,0.000399411588612557,0.000442944429878712,0.00171885142796993,0.810255238989382,0.164047132645917,0.000315065699175358,0.0127941902112656,0.00406219566290474,0.0016701419997096,0.00127706933675003,1.02023464679805,0.000425511769853592,0.000238133530513764,0.109453583941458,0.00372825695792818,0.017589208214251,0.00146815609912777,0.00611979521561527,3.09986068720817e-05,0.071977370544092,0.000745577085949423,0.000146668864414215,0.0318993954205456,0.0119101558013272,0.00715109320989559,0.575806252072551,1.10829489636895,0.000183965619944572,0.000342497637111664,0.00577748577647352,0.0285591632958097,0.00204062214431381,0.00529800463450241,0.000723318397687909,0.00832963414361191,0.00139718949701977,0.000490219780353547,0.000119613717046738,6.74716715164187e-05,0.000215128350414276,0,0,0,0,0,0,0,0,0,0,0,0,5.19524673604965e-05,0,0,0,0,4.17728900690079e-05,0,0,0,0,0,0,0,0,0,0,4.058032122612e-05,0.000408765694179535,0,0,0.000265773421908378,0.00027087484109211,0,0,0,0,0,0,0.000373763892590523
2.92764879760742e-05,0,0.00365359182470846,0.000315825792693138,0.000479579128151894,0.000529002965112686,0.00186281830366755,0.000856198910763263,0.0347846756906938,0.000259539481592178,0.0128514900698662,0.000328143832493305,0.0871396608868692,0.000621402210844517,0.00293734401086807,0.0757952316105652,0.00188309798958492,0.00119977277127409,0.000757385693762776,0.000178963637253284,0.029461256115159,0.189335011350894,0.0425230500596776,0.19192887251632,0.205158674682187,0.00944902968912649,1.23527183476794,0.0437865419953237,0.000433550310533524,0.000685862678784846,0.00403232407439423,0.000129129692619324,0,0.00439797928851176,0.00221336732993841,0.0156239604896932,0.0156431836355848,0.00642678637072468,0.00438985169589138,0.0011381821095357,0.000266913406937599,0.0094139728017359,0.0161902837518592,0.0154099117100134,0.00636551260809374,0.00682517064188957,0.00044844123727417,0.000389849195054054,0.00826423975108338,8.72779588809015e-05,0.228836091165423,0.00108464084578276,0.00017536271972847,0,8.08976793136599e-05,0.000671527213397503,0.000442216557718754,0.00046076229588604,0.000372131035970211,0.0190098530488791,0.000371059870633125,0.0313881637291765,0.000726847835280421,0,0.00257936960323572,0.0159979564141207,0.00104463932911682,0.0100171280326057,7.56296345443727e-05,0.000725562055868627,0.0045613684134531,0.00300782346250391,0.00146550848708248,0.00578700095277214,0.0760222536163509,0.47245417785535,0.000759396200321676,0.000507242398810864,0.000289199568989754,0.00274423839462662,0,0,0.00575117889376974,0.00108400251434231
0.0228804590057612,0.00365359182470846,0,0.000126595944061756,0.00137266543796969,0.00415542373971558,0.0355001662214961,0.168673593925294,0,0.00249042477552223,0.00761512351468133,0.000645292497721195,0.00206096118483687,0.157687860081869,0.00325642387424469,0.00298198437742567,1.55298265269651,0.0107444228262958,0.137438887654915,0.000264519399113655,0.121718023283522,0.00242413399623728,1.21290857875124,0.00136607301827097,2.55495155315399e-05,3.05377065806438,1.45663620217244,0.0302794535992122,0.0188810554856429,0.262117628280202,8.11361554222109e-05,0.000519951580053806,0.00130101795460081,0.0643740888181109,0.0149665649308276,0.122056182257211,0.172957716965625,0.0760175529459231,0.0712854225318559,0.000859868024987224,0.000231711762818337,6.12284684362411e-05,0.0221673726970635,0.0100136094703474,0.0130482151231509,0.0166918934286394,0.000382988279397965,0.00031953950800705,6.10434254951477e-05,8.38013074245453e-05,0.0152335714802255,0.00569090566790057,0,0.000151251224266052,0,0.000527588909240246,0.000206030541359902,0,0.000189325366878509,0.000118445222576141,0.000139954161808014,0,0.000215510567632676,0,0.00740273792997834,0.0490093884126768,0.00117370570080852,0.00722507202118252,0,0.00156224701322031,0.00713699215613841,0.0119145328919992,0.000665710417971134,0,0.0119794812656154,0.341203042126674,0.00138397616821289,2.12841869978904e-05,0.000423800932940006,0,0,0,0.0105736011766071,0.00848754902712584
0.000399411588612557,0.000315825792693138,0.000126595944061756,0,0.00807210314735701,0.0145945357812548,0.0173715349454756,0.0167725359011774,0.204191935326322,1.16704682862278,0.00336668100176525,0.614837277764895,0.0143897157473302,0.0184024137155519,0.0692634249533537,4.57653576879501e-05,0.000292408093076229,0.00119929336314249,0.000977071997126578,1.73235133370756,0.000168489089807034,0.000614329607778549,0.000283952080986023,0.31320420529069,0.00789869545375683,0.00222689753782082,0.00129081680893135,0.871478316076319,0.00736301412596037,0.000595785592357158,0.000196590791283608,0.00224811153293943,0.000198392346794128,0.0164941609496126,0.0144984959347467,0.0521112692938848,0.000623110006911278,0.0228228182317734,0.00439146623331261,0.034016170042767,0.00688827645864297,0.000776059101423267,0.012198779101799,0,0.00465867007517624,0.000914673684067725,0.0755612023458664,0.00308164216659499,0.000488905429401398,0,0,4.77587309379578e-05,0.132355865947034,0.00436582301843309,0.0172713655548616,0.0153604315472746,0.0117366067223721,0.0409495278087859,0.0749516809238846,0.000331660026977539,0.0785051401706555,0.000317028910349846,0.00345636212706804,0.0160268867703953,0.000164034060908794,0,0.000289639532249928,0,0.0382854881754632,9.90889124331473e-05,7.86133422946928e-05,0,0.0707388814486283,0,0.000437784235012054,0.000305073105918884,0.0798114475961764,0.00110587338245487,0,0,7.56733882837296e-05,0,0.00304909877147532,0.00187409928048659
0.000442944429878712,0.000479579128151894,0.00137266543796969,0.00807210314735701,0,0.210548083676667,0.0397763799551334,0.0976755132293754,0.0397913168391256,0.0475742115213132,0.000923416232870579,0.119828609603319,0.0187320856677246,0.0116462856410394,0.279078996638606,0.0106526883922114,0.00235792658182811,0.000176044193934441,0.000665745501891613,0.00973132770568893,0.0662421951964736,0.00315730692712689,0.104503599927185,0.0452149887014032,0.00851956438460303,0.00229643509817028,0.0095708843640499,0.0632342369010587,0.00145170779206896,0.0492509541638283,4.26487701396942e-05,0.0125142673865362,0.000144808611345291,0.193275728398279,0.331984105953031,0.100370151854621,0.0219380215268083,0.00715069205849789,0.00910460281298879,1.03239780234124,0.68725371466758,0.00269523140207672,0.0078172433647661,0.00158539284750938,0.00246411489203548,0.00505923799086571,0.0130004851440406,0.000411489447587013,0.000232311546817779,0,0.000102664990365982,0.000227452996744633,0.00463280425348234,0.000398746274163723,0.000756424391537188,0.00316131264987325,0.00112880654376316,0.00279986312322712,0.00282226736949444,8.06056538524629e-05,0.00344188509203196,0.000218802690968513,0.000199268062602997,0.0021432776515646,0.00758449114355471,0.000109827815237045,0,0.000193181713533401,0.000911602380698203,0.00141628967691517,0.00213177471696567,0.00332410253167725,0.0106771151822238,0,0.000685557931045535,0.00357913905798102,0.0112358534606371,0.000324450171143532,0.000201780605360508,0,0,9.65569988002777e-05,0.0012592514727459,0.126387949828455
0.00171885142796993,0.000529002965112686,0.00415542373971558,0.0145945357812548,0.210548083676667,0,0.270852949282619,1.41509675303639,0.0198746114747067,0.865143853264689,0.0343359546895022,0.943480505717722,0.0902623390710277,0.0729672624930191,0.430512963557308,9.08763063092233e-05,0.00958030908016349,0.00974583563196276,0.00872947392872951,0.0486169603030748,0.00131295117303181,0.000903906760601519,0.0117059581273861,0.0355958948639741,0.0354449294552712,0.0201910103478363,0.010614012424346,0.209788502611688,0.0226540618779726,0.0119095313239689,0.00120648501996899,0.0161554088485341,0.00046009713568306,0.0332402316417289,0.157188421707941,0.322307834579973,0.011966717809864,0.0336737550994615,0.0148152661387429,0.364264719138942,0.0425478572940826,0.0132903617942343,0.0109773404351196,0.00054695509913063,0.00370626955406856,0.000951823944097993,0.0230256343756852,0.00120327781598663,0.00121127748070192,2.68225045566559e-05,6.16040230350494e-05,0,0.0115163180809379,0.000662393298794269,0.00166236379798555,0.0084827399098439,0.0016941972575345,0.00511454691209888,0.00779861332823518,0.000161259260136604,0.00753591339517978,0.00170015062664652,0.000314917192469597,0.00234647708039666,0.00164999718276071,0,0,0,0.00303549493022823,0.00115937933392334,0.000335245033141137,0.000212190357529164,0.0234694854927382,0,4.11198011064529e-05,2.77680096030235e-05,0.0310630052009783,0.000129337403691292,0,0.00014255767155838,2.8691589703083e-05,0,0.00168263811534596,0.0127142854205232
0.810255238989382,0.00186281830366755,0.0355001662214961,0.0173715349454756,0.0397763799551334,0.270852949282619,0,1.40564550310641,0.0384785060859098,2.88608831200922,0.0491384390813394,0.0150103911216655,0.0787539376885648,2.90406674105898,0.0717378337629279,0.0032119062633481,0.0263292707822786,0.0244137635934696,0.0207178570711016,0.0104535482715359,0.144181165717807,0.00932686993593695,0.170473544253305,0.274991621455908,0.0150986861696911,0.0758389860209918,0.0348445196583657,4.32458662344693,0.23175134571376,0.500731319553183,0.00218542806537103,0.013598928338366,0.0118572010684495,0.234966163031054,0.179657402934714,0.390479326230051,0.0210552978260174,0.240250202576515,0.0525204948650651,0.0397767004459658,0.043578657765358,0.00493595144166899,0.0763213175321843,0.00131480627188539,0.0261925728546023,0.00696475228393605,0.0552085949965653,0.0141189382233524,0.00155603524223995,0.000160071573074818,0.000377765506788254,7.89063873810771e-05,0.0476274072122555,0.00184248637848568,0.00869410990579363,0.0569717531693311,0.0237336041310768,0.0239427394511628,0.0454889967685638,0.000334452982686997,0.0245783602651272,0.00165109874054051,0.0113669273561335,0.00394499737983322,0.0216555143488622,0.000799985211398602,0,8.42376429023744e-05,0.0139471792015805,0.0108461927600255,0.00978379351326562,0.00610785632213878,0.146531733973153,0,0.000170914916347027,0.0050708736530199,0.222176767459996,0.00728746747368191,0.000382682866598606,3.48414139461517e-05,0.000499646333395004,0.000263379119615078,0.0128469848750081,0.0357014740733318
0.164047132645917,0.000856198910763263,0.168673593925294,0.0167725359011774,0.0976755132293754,1.41509675303639,1.40564550310641,0,0.012132309998282,1.05899369791042,0.132833532284377,0.269772354828404,0.0967325715728108,1.4914887245544,0.0644272826140328,0.00164368339317226,0.394229669333223,0.0550170784030772,0.123908298026042,0.0670047013818197,0.0420170932860327,0.00240201402507782,0.386995097243822,0.0217349688699169,0.0277929965719085,0.302954381429758,0.0898036369108051,0.151907654973034,0.27408799099971,0.751946803996591,0.00372816106107759,0.0668696259682789,0.0158429645456185,0.141758900760643,0.0542225675412784,0.344611484319862,0.0282234025005922,0.112328140787474,0.0325747500745244,0.0830728653261588,0.019020038725893,0.0145552788493872,0.0246161954308328,0.000636352788663387,0.00754196641312268,0.00250431583256436,0.0223023063766937,0.00197903267848158,0.00188717661052418,0,0.000204220820835113,4.96185032405854e-05,0.00688057364908692,0.00035389241331625,0.000769834806480885,0.0193118190423522,0.00196553554331398,0.0091124094900999,0.00709189791614914,0.00110707262994289,0.00546512572985459,0.00347821413111305,0.000518856015827179,0.00121222475657082,0.00477334226789666,0.000190779596784591,0,4.16101466712952e-05,0.0016151513277359,0.0021630443117671,0.00121595120818519,0.000902633388966559,0.0496201719203043,0.000190711059542656,0.000722281835505007,0.00263381580337239,0.0669188662907348,0.000265643979589462,3.22715157694817e-05,0.000146897576960564,0,0.00019920550288868,0.00329173196803475,0.00592731948735619
0.000315065699175358,0.0347846756906938,0,0.204191935326322,0.0397913168391256,0.0198746114747067,0.0384785060859098,0.012132309998282,0,0.132959315505034,0.00499469117329216,0.112118829190419,0.0275795788300438,0.00454706291382837,0.259826516921573,0.000392236552277565,0.000226564308258533,0.0019040689633503,0.00126127483579683,0.0897883244702102,0.00157662041307163,0.410197909460369,0.00173145452812958,2.48799478414588,0.0258966623470059,0.00221718403540897,0.0569701145355024,0.449825824959083,0.00345818470608806,0.000278158522597313,0.000594063954227448,0.00151342758963776,0.000101077766479969,0.00463184911307811,0.00689951304070093,0.0318090302409243,0.00266755670720863,0.00613020789244556,0.00202452581227016,0.153261663982407,0.00148852134341717,0.00253864745394897,0.0287219731173959,0.00177333639589882,0.0139875445201125,0.0029710305119915,0.0295432068148885,0.006963988865118,0.000259296213846207,0.000289864661084175,0.000520270614564896,4.25116435728073e-05,0.128579156145818,0.00393090434085083,0.0146526013984027,0.0352025868478837,0.0211556546754231,0.277095576559018,0.0655795728586125,0.00265551732356024,0.0276642929744449,0.00182111109629059,0.00891622965984968,0.00865155706054929,0.0138068722174067,5.18119393720627e-05,0.00223605846548033,0.00050324865315485,0.023808727943388,0.0041422100443244,0.0109765320506306,0.00234366974576855,0.25123515819352,0.000234402235178947,0.00453476810305309,0.0033617764523735,0.200520409071814,0.0059496018233099,0.000311811640511036,0.000108063843631744,0.000308741460932732,0.000327644704930782,0.00746812785338352,0.0157739127575445
0.0127941902112656,0.000259539481592178,0.00249042477552223,1.16704682862278,0.0475742115213132,0.865143853264689,2.88608831200922,1.05899369791042,0.132959315505034,0,0.121739906936012,0.95339636518974,0.13220968911888,0.370508472916879,0.106821492272194,0.000193002115270614,0.00784221321035812,0.0454752476457515,0.0368466705250711,0.969844011677667,0.00214886477491522,0.00120546229183626,0.00968115984482382,0.0878166153027189,0.0291773129163303,0.0686540143399907,0.0451123866753965,1.63924602183051,0.136675219116887,0.0170477226650701,0.00605352445624018,0.0356565788585701,0.000888267861663342,0.220288365191889,0.271016102461484,0.510499575815527,0.0156693256034298,0.22807468106914,0.0461361936877542,0.124278138785526,0.0653362586966582,0.010502711865694,0.0592543096683159,0.000354616960175991,0.00947580583979938,0.00159652815214061,0.138121309976092,0.00723771549769828,0.00157790224619341,0.000151760443914414,0.000164896205085754,0,0.203404512349947,0.00909180932136294,0.0195411748980756,0.0480438640534019,0.0160491152244663,0.0524285955862336,0.156453740114385,0.000496796709361553,0.0832111198769464,0.00296513489893723,0.00184507233425665,0.0202269170046797,0.000735345694070341,0,0,0,0.0502421638711391,0.000470571446752548,0.000168346957261086,0.000136019810821533,0.155125458041337,7.15933971605304e-05,0,0.000171161066687584,0.215223439407213,0.00121304806685018,0,0.000263642349178314,0,8.73304204998017e-05,0.00565881101002598,0.025635110606061
0.00406219566290474,0.0128514900698662,0.00761512351468133,0.00336668100176525,0.000923416232870579,0.0343359546895022,0.0491384390813394,0.132833532284377,0.00499469117329216,0.121739906936012,0,0.0810448119532878,0.611336574650451,0.0808968939378445,0.0033043580368042,0.00794030846098758,0.0364413661058393,1.33488600290742,0.278280611649812,0.0208290658234229,0.0190386572140169,0.00498178717552995,0.162005977123449,0.00786806155219079,0.0476478607332497,0.414655882483267,0.115740771657019,0.0264646285618844,0.0648400971857433,0.0319725997573929,0.0352056145878172,0.0273565130420985,0.00638721932456398,0.673876131270294,0.0180946607021117,0.186644812576354,0.296202370492576,0.396021883564621,0.0742909001072359,0.00700304279942654,0.00672631035185913,0.307836171686578,0.00580100434686899,0.0875386809954997,0.00429256880608892,0.00055106398230505,0.00245611958025837,0.00166572700261831,0.0687304746826056,0,0.00635921482401657,0.000105453647223472,0.000239751345158577,0,0,0.00070930606334114,0.0001524593819561,0.00461810562925386,0.000102338984743595,0.190203955927053,0.000670012068398475,0.389780806975872,0.00049690304485035,0.000207610030918121,0.00173883433685255,0.000392362527069568,0.00180889643927288,4.12177492265701e-05,0,0.000117921920481682,0.00231979422642994,0.000506576341177463,0.00716601451305343,0.022400591942668,0.0723286915948972,0.0704889233107988,0.00364471885402536,0.00359144722204018,3.3063838657856e-05,0.0768985416232487,0.0012793340585041,7.34635179576876e-05,0.0161359011150365,0.00789589378616143
0.0016701419997096,0.000328143832493305,0.000645292497721195,0.614837277764895,0.119828609603319,0.943480505717722,0.0150103911216655,0.269772354828404,0.112118829190419,0.95339636518974,0.0810448119532878,0,0.0307566507527199,0.0902692176047654,0.497133918921967,3.68125797996521e-05,0.0029201696124878,0.0301531309126973,0.0223323660489921,1.68934491889981,0.000554564964542389,0.000894647466154576,0.00225496782522631,0.14774321793697,0.00512951989763355,0.0382413914353953,0.0306119615857577,0.155427474945958,0.0536702552953582,0.00445367014451313,0.00304082657036257,0.0200972205747342,0.000118430396945476,0.0578419251999369,0.26831004699286,0.0915633837522281,0.00797305537850286,0.0554087727731671,0.0094904863411417,0.348059737131442,0.00935627812182716,0.00378156416461611,0.00601532920459128,0.000480465208480835,0.000813327299435613,0.000319022427829743,0.0323061851652469,0.00070109845117712,0.000114478437893391,0,0,0,0.0265754325370288,0.00296328985210562,0.00818036288923215,0.0029080019944458,0.00312239542146111,0.0100006112443943,0.0175202244385824,0.00060879885427618,0.0704179072618773,0.000414456881398201,0.00171125316104507,0.00861780776934435,4.74516815299988e-05,0,0.000355272042315483,4.12984458494187e-05,0.0161230721488676,0.000216971840764999,8.18046048679351e-05,0.000267275504086494,0.0197685008242817,2.24553176703453e-05,0.000448694236531258,0.000428344434855938,0.0198830524608469,0.00089484942205334,0,2.510187803936e-05,0.000111923856129647,0,0.00123984032519722,0.109083688965558
0.00127706933675003,0.0871396608868692,0.00206096118483687,0.0143897157473302,0.0187320856677246,0.0902623390710277,0.0787539376885648,0.0967325715728108,0.0275795788300438,0.13220968911888,0.611336574650451,0.0307566507527199,0,0.0280287959740405,0.00657587245596218,0.0168362829720297,0.00467736502917957,0.00855954869784831,0.00531430533629227,0.0247861413446808,0.0296972120848451,0.068797709294271,0.0578312512546692,0.107072793851342,0.543162150358017,0.0381494989033175,0.639899747759527,0.141254390448522,0.019346294637217,0.0343548531699076,0.122379733976307,0.0654878513571415,0.000642601899159432,0.303828312086261,0.0645755319415569,0.426013059255885,0.302082904898901,0.226532848346384,0.152101680094882,0.14474682163629,0.0683347107820659,0.604580464410365,0.027187291308526,0.194038156258782,0.0143577738489399,0.00261030310433531,0.0176482671606726,0.0050873059365387,0.0935057390303733,0,0.0216006545915541,0,0.00203086811730957,0.000115956415651321,7.36839693365096e-05,0.00748660208357382,0.00301200122145987,0.00717173875495817,0.00218396513760138,0.452126387758422,0.00210106987031984,1.11588794222991,0.00173439561995411,0.000581347855959415,0.00590425277518034,6.46511238279342e-05,0.00353979508337546,7.14967831668856e-05,0.000638847643227577,0.00195494403945017,0.00390685125448703,0.00154541117447233,0.0259439995039945,0.135740341393475,0.246862986145329,0.30740219341191,0.0275501875571113,0.00551400388104344,6.87613190937046e-05,0.296073173616873,0.00138906827254963,0.000190510335607529,0.0328937146040697,0.0250585253352156
1.02023464679805,0.000621402210844517,0.157687860081869,0.0184024137155519,0.0116462856410394,0.0729672624930191,2.90406674105898,1.4914887245544,0.00454706291382837,0.370508472916879,0.0808968939378445,0.0902692176047654,0.0280287959740405,0,0.0117397926624618,0.00234931734951925,0.536976294351697,0.0530435231711316,0.145288283517747,0.0338331878182626,0.0576650328381023,0.00140368494815969,0.421181443026759,0.0142458119461674,0.00554196287706089,0.267400941057262,0.0962307046760461,0.121480450821298,1.05282113267434,1.62410224570366,0.00190279713818026,0.0166925276855855,0.0215587035615468,0.182154631735214,0.0320426352373796,0.131259975798918,0.0141354334191475,0.0780561109562004,0.0186170580645132,0.00788078565521766,0.00657482104010391,0.00354389307919645,0.0136902656514769,0.000108267187743187,0.00371612018905688,0.00056599830821991,0.00913613302719306,0.00101578343953514,0.000493762667383194,0,0.000267297795617104,0,0.00205557869765711,0.000409592764451981,0.000319616102090835,0.0102287515025692,0.000846953927126406,0.00364992175496149,0.00290498794833898,0.000108040854990005,0.00297946448695659,0.00145747937342834,0.000447394865455627,0.0004394791104846,0.00298788720598078,0.000109874633861542,0,0,0.000735224751298903,0.00140733731969738,0.00120562883128452,0.000834809532099724,0.0286933602812185,4.85425522756577e-05,0.000603832738753796,0.00356549363645888,0.0368401338181734,8.3308642162323e-05,6.17181669697762e-05,0.000185208789440155,0,0.000121378584079266,0.00238434860004711,0.00396746826231241
0.000425511769853592,0.00293734401086807,0.00325642387424469,0.0692634249533537,0.279078996638606,0.430512963557308,0.0717378337629279,0.0644272826140328,0.259826516921573,0.106821492272194,0.0033043580368042,0.497133918921967,0.00657587245596218,0.0117397926624618,0,0.00673244550672051,0.00428298788099289,0.00312042984852219,0.00678658236579658,0.040636286655766,0.0327332725564933,0.0124120090343132,0.062560898769227,0.233044664751008,0.00307297016623974,0.0135441365233517,0.0739940972573294,0.130010663458217,0.00199283489191532,0.0398325024090614,0.000182842517825126,0.00380267624929905,3.74097075653076e-05,0.00492241929870224,0.365467584633727,0.0473283916354699,0.0490487719202943,0.0090215992911596,0.0238370876921678,0.609815479078769,0.0042793883677063,0.000430915723248481,0.0123725907051935,0.00253349812239742,0.00418610022916269,0.00627779218596792,0.0295335855014172,0.000773731333178997,0.000133901730800629,0,0.000145666979503632,0.000146065807197571,0.0193523588830562,0.00149497965135431,0.00337331332306338,0.00875033029582263,0.00334143312301445,0.0138213896027575,0.0102607793840084,0,0.0115727515005159,0.000145551018672943,0.00128411867673683,0.0049623488186121,0.00639279491553307,0.000277384464821815,0.000401127768041611,0.000439921361391068,0.00361081869435025,0.00225585259546709,0.0025812210923357,0.00384596142380762,0.0281339443106275,0,0.00111859067662907,0.00523922905173588,0.0313385093467479,0.000814183081471922,9.38874798374175e-05,0,0.00011163759585762,0.000183300732175827,0.00185525892472648,0.131715203244773
0.000238133530513764,0.0757952316105652,0.00298198437742567,4.57653576879501e-05,0.0106526883922114,9.08763063092233e-05,0.0032119062633481,0.00164368339317226,0.000392236552277565,0.000193002115270614,0.00794030846098758,3.68125797996521e-05,0.0168362829720297,0.00234931734951925,0.00673244550672051,0,0.0122659699837632,0.00125070571360731,0.00580894648389053,3.40372962579727e-05,1.26014415960302,0.468982481190467,0.784785215015934,0.128294194625881,0.0144650138574557,0.00566501281512165,0.363117112281241,0.0514243486387849,0.000757022849422932,0.0112881462083726,0.000532857300561905,8.75480313510896e-05,0.000705575737551691,0.0300796487049499,0.0480515056553988,0.239432708685923,0.0644343818595643,0.125711206336799,0.0945597932118818,0.00115440592677879,0.000882019384176256,0.00159645291622162,0.0349844787981081,0.00421022608351183,0.0208545658981504,0.0192706629794478,0.0056086435898633,0.00120534275530624,0.000249752810556412,7.57416170339581e-05,0.00375804277572822,0.0136502236042089,0,0.00106564329947567,0.000356287284516335,0.00348340850846338,0.00150762508899593,0.00116247692319011,0.00047671457632494,0.000442785907208443,0.000842810625091555,0.000469141347308159,0.0014560781580224,0.000372298825410843,0.535891417075066,0.00640087079973507,0.000244064868510246,0.00101873522039699,0.000238530274887085,0.0311249340457487,0.215309713295699,0.366003289935736,0.0265501933461256,0.000627652206751824,0.00475906124728918,0.244256701846593,0.0177088219312978,0.000664531693194389,0.001864583699543,0,3.52817477970123e-05,0.000514064454527855,0.0100864813072209,0.0233974092159128
0.109453583941458,0.00188309798958492,1.55298265269651,0.000292408093076229,0.00235792658182811,0.00958030908016349,0.0263292707822786,0.394229669333223,0.000226564308258533,0.00784221321035812,0.0364413661058393,0.0029201696124878,0.00467736502917957,0.536976294351697,0.00428298788099289,0.0122659699837632,0,0.0608719802114448,0.436245636203855,0.00109149984438324,0.19891178697506,0.00187094664948845,1.58135809279878,0.00264265355992746,0.000146694120670319,0.31642492425666,2.47181522414067,0.0468645030966458,0.452111274026551,0.780339689955923,0.000194456204953194,0.00277520803933573,0.0727444840490734,0.313562216188484,0.0135090995176506,0.0842942003676695,0.0788617879597822,0.0911538404606315,0.0573448423524981,0.001741912264781,0.00203145050958824,0.000308246654257298,0.00365120309329462,0.00250248480607987,0.00144454185022974,0.00173214304556179,0.000189342810682296,0,0,8.11949851913453e-05,0.00305268176042366,0.000441327292313099,0,0,0,0.000114832872829437,0,3.48623112545014e-05,3.4892166841507e-05,0,0,0,0,0,0.00313291609442711,0.00754195159750794,0.000114148694313049,0.00149540262553549,0,0.000143272803411484,0.00121214450665998,0.00199113773480606,0.000161049575919628,5.5614303984642e-05,0.00823319609640934,0.0539007092112865,8.17900536746981e-05,0,7.2062188369751e-05,2.73171549830437e-05,0,0,0.00156430306036663,0.00468106884471417
0.00372825695792818,0.00119977277127409,0.0107444228262958,0.00119929336314249,0.000176044193934441,0.00974583563196276,0.0244137635934696,0.0550170784030772,0.0019040689633503,0.0454752476457515,1.33488600290742,0.0301531309126973,0.00855954869784831,0.0530435231711316,0.00312042984852219,0.00125070571360731,0.0608719802114448,0,0.240202712295461,0.00794790645748139,0.00915027086758473,0.000474819874347687,0.0545367028915648,0.00168825506623888,0.00101494147352028,0.128666981108572,0.133290244038079,0.0107404551882529,0.0392567670188461,0.016330916238854,0.00119646355068684,0.00788223402778766,0.00203047273110103,0.238272534068393,0.0200466889821148,0.231331864482018,0.193684792920763,0.33444642794936,0.158366743778811,0.00210809184669161,0.00184740265657186,0.000671689654313087,0.00169226750769424,0.00134385757894421,0.000140080054469109,0.000493607620252609,0.00013397324078083,0,0,0,0.00244762728032875,0.000105367754318237,2.16431932201385e-05,0,0,0,0,0.00110082780427646,0,0.000411889817739487,0.00021739202249527,0.00100611143927383,0,0,0.000300827935515404,7.5476927143097e-05,0.000125243762811661,0.00020947364935112,0,0.000116085501401901,0.000217106379206657,0.000222087915307999,0.000160013242100716,0.00107685184885216,0.0207026989484758,0.0162011832987146,0,0,0,0.00180316062091637,0,0,0,0.0106381680521512
0.017589208214251,0.000757385693762776,0.137438887654915,0.000977071997126578,0.000665745501891613,0.00872947392872951,0.0207178570711016,0.123908298026042,0.00126127483579683,0.0368466705250711,0.278280611649812,0.0223323660489921,0.00531430533629227,0.145288283517747,0.00678658236579658,0.00580894648389053,0.436245636203855,0.240202712295461,0,0.00620058525736475,0.0431787087801857,0.000147364775631427,0.283163827059192,0.00242306215582418,0.00109366169817543,0.311640554479948,0.713316849057411,0.0194183677289657,0.109802589820097,0.0783814950158749,0.000297270743685246,0.00600268743679905,0.0157079367660017,0.371833718956776,0.0221739809780436,0.238024025937739,0.12318817493938,0.297073553570697,0.150903930776802,0.00178632983422088,0.00104614109078407,0.00018240731615448,0.00172786633688927,0.000405072383388519,0.000451430369670868,0.000985722168688775,0.000139756879358291,0,3.44493450250626e-05,0,0.000467890778017998,0.000120954970879555,0,0,0,3.7370833603859e-05,0,0.000917284561561585,0,0,0.000187142149034023,0.000107250579364777,0,0,0.000515644052258491,0.00113200284236336,0,0.000592842851904869,0,2.61601608428955e-05,0.000136441535010337,0.000930144699415209,0.000891625469375131,0,0.00578042039998817,0.0124317213899593,0.000237579671714783,0,0,0.000145656382613182,0,0,0.000637566276849747,0.00980724212214901
0.00146815609912777,0.000178963637253284,0.000264519399113655,1.73235133370756,0.00973132770568893,0.0486169603030748,0.0104535482715359,0.0670047013818197,0.0897883244702102,0.969844011677667,0.0208290658234229,1.68934491889981,0.0247861413446808,0.0338331878182626,0.040636286655766,3.40372962579727e-05,0.00109149984438324,0.00794790645748139,0.00620058525736475,0,0.000112420061033725,0.00064286486830759,0.00109809563144923,0.0316905651526842,0.0129199594596519,0.0109498397415934,0.00745480415465735,0.540345823276785,0.0147321232527804,0.00185142542048025,0.00111768911562538,0.00604002001943445,7.01334661674501e-05,0.0217058904516453,0.011247255426301,0.0689304963483813,0.00241043049614334,0.0257766646018543,0.00553814150014448,0.0372745694698577,0.00707821357659534,0.00211977598811722,0.0182520791142969,0.000247803533591748,0.0065584037184329,0.00107188172494078,0.0699185827814863,0.00427216507445431,0.000852046329938892,0,0,0,0.111303617098802,0.00416131661640835,0.0133563539375214,0.0185564814470663,0.0109709010874033,0.0240220639149184,0.0683414219991163,0.000195269218821049,0.0645758638666143,0.000900035704501154,0.00378295844096183,0.0148543430536804,0.000149403044440746,0,0,0,0.0262849653195262,0.000118776508615017,0.000109907686544418,0.000119436041849137,0.0702986910724527,0,4.29678186731339e-05,2.84673983631134e-05,0.0888492769845889,0.00274394519128799,2.82848654227257e-05,5.7185668592453e-05,0.000212548798851013,0,0.00384250627061748,0.00218533467451477
0.00611979521561527,0.029461256115159,0.121718023283522,0.000168489089807034,0.0662421951964736,0.00131295117303181,0.144181165717807,0.0420170932860327,0.00157662041307163,0.00214886477491522,0.0190386572140169,0.000554564964542389,0.0296972120848451,0.0576650328381023,0.0327332725564933,1.26014415960302,0.19891178697506,0.00915027086758473,0.0431787087801857,0.000112420061033725,0,0.10082258885076,2.71148607846441,0.181784141039793,0.00803019665634059,0.134351144558009,0.204595745600026,2.5372910062786,0.034766423382226,2.39789379677233,0.000420565471918583,0.000102022916961193,0.0242983343821325,0.630801223605351,0.190963055590723,0.614425652112209,0.0927398262131758,0.826158246926539,0.305510092730879,0.00764366659367225,0.0062997551889348,0.00134734396391487,0.0421507998457489,0.00332038395461416,0.0134341610086956,0.0105653400571575,0.00570210468608522,0.00160930428009033,0.00011732446419239,0.000126033894207001,0.00149613994074678,0.0014486174223094,4.13057735290527e-05,0.00123226633697033,7.02818967518807e-05,0.00569126136084175,0.00268451359890365,0.000711047787486074,0.00127389067025375,0,0.00159178061701489,0.000179121138295173,0.000838711110850336,0.000580621472171783,0.168376895704156,0.00301312597621345,0,0.00027882838229084,5.6104451233387e-05,0.0239390890187159,0.0688510368714273,0.0707586818826628,0.0274473988936219,0,0.000800513972193716,0.0598972393579426,0.018654364751874,0.00187062802362871,0.00173779565729475,4.67893177843094e-05,0.000182014029292107,0.000369490545275688,0.00903990982643559,0.0451464116139574
3.09986068720817e-05,0.189335011350894,0.00242413399623728,0.000614329607778549,0.00315730692712689,0.000903906760601519,0.00932686993593695,0.00240201402507782,0.410197909460369,0.00120546229183626,0.00498178717552995,0.000894647466154576,0.068797709294271,0.00140368494815969,0.0124120090343132,0.468982481190467,0.00187094664948845,0.000474819874347687,0.000147364775631427,0.00064286486830759,0.10082258885076,0,0.185928475714579,1.40832895652147,0.0904116061046799,0.00177121534514284,0.543886167499437,0.25664948285724,0.00147946145480442,0.00292627144423533,0.00175018118266058,0.000391472927130699,0.000252583860985279,0.00395543228208876,0.00864906200165942,0.0374987982054324,0.00845070305009414,0.00960690195871783,0.00477125771731853,0.0058311280311966,0.000545061709244728,0.00726340256247047,0.0236516346974874,0.00418563942468357,0.0112554883488073,0.0094278035827036,0.00406511207539272,0.000923604318661687,0.00085452298148918,4.04230385322571e-05,0.00929581178014948,0.00431392833317185,0.000139327771400452,0.000617079014074326,0.00023988953942728,0.00539651983449173,0.00196034435104037,0.00101587777389526,0.00125661144278574,0.00144690096844292,0.000734162490154267,0.00439004041669464,0.000859803249741552,0.000434952749890328,0.126787258597182,0.00528596650685597,0.00010725939741993,0.00122854023591471,3.05319811143875e-05,0.0117611023300733,0.132597225437426,0.0750681600026121,0.0241998972846313,0.000736608657114985,0.00834125275258493,0.199668231192197,0.0168551959755836,0.00165172945383835,0.000560967519614696,0.000711810102544786,0,0.00035755560610199,0.00530144013436699,0.0141006534751787
0.071977370544092,0.0425230500596776,1.21290857875124,0.000283952080986023,0.104503599927185,0.0117059581273861,0.170473544253305,0.386995097243822,0.00173145452812958,0.00968115984482382,0.162005977123449,0.00225496782522631,0.0578312512546692,0.421181443026759,0.062560898769227,0.784785215015934,1.58135809279878,0.0545367028915648,0.283163827059192,0.00109809563144923,2.71148607846441,0.185928475714579,0,0.133336874420535,0.00578304125738907,0.841527566560588,1.60902986672516,0.574136644150111,0.0917389948738862,2.34018562815384,0.000638823879350186,0.00180253902414942,0.0166579490925512,1.06193081913619,0.459276397319082,2.40973556347785,0.934638945594114,1.79620073309192,1.31681515505476,0.0138074553568764,0.00888402736441086,0.00167486134790802,0.0859460859623816,0.0136654678220625,0.0420662719121504,0.0438417975174437,0.0101450346918244,0.00322928987319184,0.000176926824765205,0.000255530740034103,0.0131986504509544,0.0207469694575152,8.18675932655335e-05,0.00209387836974239,0,0.00717350839159301,0.00243174951065302,0.000460965251378059,0.00104997681056165,0.000286387314519882,0.00136908970658922,0.000259637241412163,0.00205232369348574,0.00107100599510956,0.621688606171808,0.034774106336134,0.000929268863414763,0.00484543031548357,0.000185939458057404,0.051434834181757,0.168655456604105,0.423443921753658,0.0336400623603955,0.000772610238258836,0.00802748449340725,0.599749891049474,0.0314235238579054,0.00172035756461048,0.00422518930548429,6.69763700523376e-05,8.15337892131803e-05,0.000578079171983719,0.0230822913155336,0.159926199048253
0.000745577085949423,0.19192887251632,0.00136607301827097,0.31320420529069,0.0452149887014032,0.0355958948639741,0.274991621455908,0.0217349688699169,2.48799478414588,0.0878166153027189,0.00786806155219079,0.14774321793697,0.107072793851342,0.0142458119461674,0.233044664751008,0.128294194625881,0.00264265355992746,0.00168825506623888,0.00242306215582418,0.0316905651526842,0.181784141039793,1.40832895652147,0.133336874420535,0,0.0925807380495635,0.00609847395151996,0.238199774081798,1.55468807683064,0.0184522150802565,0.0118960701360979,0.00190886223136997,0.00180862723418522,0.00597720119612169,0.0392924714503613,0.0926468065565672,0.272741096728564,0.0371159123192396,0.0741642808880756,0.0307373344563551,0.0821898627027916,0.00768333212881514,0.0113203192612014,0.186050298835208,0.0105576884912791,0.10391966578693,0.0271760557260613,0.135648299315035,0.04220912227423,0.002021736951087,0.00106164301539803,0.000827305950093745,0.00087700961106777,0.234424480970653,0.010804357526587,0.0433547530001617,0.197138155042103,0.100951833969358,0.23068304337202,0.19163231412606,0.00326417691987228,0.0857163078355981,0.00497052627671337,0.0453258639561606,0.0203467724650426,0.172068238145807,0.00105663628313637,0.000689932231269839,0.000741830454169751,0.0547711731451588,0.0441522693864846,0.106096491140386,0.0549204646558252,0.774339458173206,0.00104718786324119,0.00322186773900605,0.0479451020520344,0.798718083559668,0.0291997216597657,0.00233709992609215,0.00016006902701664,0.00121875359693003,0.00285004214588308,0.0495495909248171,0.0670478973281069
0.000146668864414215,0.205158674682187,2.55495155315399e-05,0.00789869545375683,0.00851956438460303,0.0354449294552712,0.0150986861696911,0.0277929965719085,0.0258966623470059,0.0291773129163303,0.0476478607332497,0.00512951989763355,0.543162150358017,0.00554196287706089,0.00307297016623974,0.0144650138574557,0.000146694120670319,0.00101494147352028,0.00109366169817543,0.0129199594596519,0.00803019665634059,0.0904116061046799,0.00578304125738907,0.0925807380495635,0,0.00651534788146686,0.406261719779182,0.0650373452686882,0.00434283546042156,0.000943868898501396,0.023882077878305,0.0268869549725743,0,0.0146272327431455,0.00205524161437797,0.039933036707304,0.00727460392639402,0.0875285798672488,0.0358823310804391,0.074482001753337,0.04429720010045,0.0871391895035287,0.0172152612378421,0.0152670977359329,0.00955412499719093,0.00230518782519627,0.0967117546125283,0.0056150420824604,0.0221383634951162,5.13413452892303e-05,0.00738738505894187,7.15309416122435e-05,0.00205101400396347,0.000557809351791382,0.000795906736692426,0.0087187011619496,0.0118989791968679,0.000290319630262375,0.00319597554928398,0.062038896148006,0.00530334551736879,0.210687107050887,0.00495832163165379,0.000530112814107895,0.00175246940587378,0.000153988671500206,0.00117985458755732,0.000168518061985969,0.000787991370340827,0.00125092232085896,0.000707969224545479,0.00044155817431736,0.0100067736006121,0.104095512363882,0.0428894095944161,0.0852246028259282,0.0237532681997581,0.00411612644150781,0,0.047956086846767,0.000980779290204052,0.000287918531135559,0.00882187405586623,0.00597161311524487
0.0318993954205456,0.00944902968912649,3.05377065806438,0.00222689753782082,0.00229643509817028,0.0201910103478363,0.0758389860209918,0.302954381429758,0.00221718403540897,0.0686540143399907,0.414655882483267,0.0382413914353953,0.0381494989033175,0.267400941057262,0.0135441365233517,0.00566501281512165,0.31642492425666,0.128666981108572,0.311640554479948,0.0109498397415934,0.134351144558009,0.00177121534514284,0.841527566560588,0.00609847395151996,0.00651534788146686,0,3.16047656358813,0.0774864515124742,0.0946948248015715,0.276665260826099,0.0521373121277194,0.00783190419475411,0.00655461885171032,0.267138059679,0.0732069943411009,0.815896463191688,1.22536241899658,0.490770499668484,0.352435848684834,0.00306703906261683,0.00387922803566694,0.00862198378952882,0.0148411308867254,0.0484105033240132,0.00901975747948456,0.00514738924770164,0.000229088986358643,0.000292565417837143,0.00161280814091587,8.26182257032393e-05,0.0630577500595856,0.00126703022534799,0,9.51117271728518e-05,9.7785697230339e-05,0.000174198239656448,0.000223948184402466,0.000878244801846026,2.40766419091225e-05,0.0315442574298959,0.000174558646110535,0.0683216343514618,0.00122110483257914,0.000110155693844795,0.00205841446961165,0.00671338786462641,0.00324910513686371,0.00594058769964218,0,0.000460098029107094,0.00229153943494224,0.0033217274880805,0.000467917584745407,0.0172124138674007,0.607574643749416,0.594245753853,0.000237857638768196,0.000552169981163501,0.000711889877698896,0.0845041523714729,0.000123814220254898,0,0.00548101736162519,0.0336915347345324
