0,0,0.0261977548297501,0.000114324620473212,0.00012799797056644,0.00933516170648532,0.473129927204655,0.0298019319131383,2.57121021565228e-05,0.000541980022335479,0.00118788987657965,0,5.45139383436263e-05,1.01350019618744,0,0,0.0979306546463888,0.00251062915952519,0.0106046006988273,0.00018173539359101,0.00927280668097998,1.58760064125538e-05,0.0428389930281266,0.000187744759510401,0,0.0245269599138991,0.00591562089159299,0.00849698979632166,0.722561763887744,0.960037508512274,0,0.0105090249655894,0.0115474462859137,0.0153384949932592,0.000536976322469598,0.00244425476837083,0.00229378983618287,0.0167987993773754,0.00156322190912102,0.000317070954114336,0,5.97445396686673e-05,0.000243696903825581,0.000109980125708306,0,0,0,0,0,0,0,0.000459907870068285,2.16740967315048e-05,0,0,0,0,0,0,0,0,0,0,0,0.000187278097211739,0.000204450182931822,0,0,0,0,7.13674548689962e-05,0.000594443801131734,0.000100454376002061,0,0.000179246790940726,0.00142267555354625,0.000390457499136651,0,0,0,0,0,0,4.67312821076095e-05
0,0,0.0117203545837277,0,0.000853531978590703,2.47451649398983e-05,0,0.000191903680691564,0.25956846388785,6.73553616907058e-05,0.000357072627795589,0.00054150491548714,0.105453203104177,0,0.0189613671580177,0.0375822636561604,0.00865688964209817,0.000459102356027966,0.00431904532191861,4.61607512897909e-05,0.00292985052879359,0.168501530928612,0.00703966035226671,0.315010396688205,0.270565924091365,0.0448641816588519,2.08025375415639,0.0173236448512141,0,8.84369799611809e-05,0.00202646869534151,0.000143206468721992,0,0.00132585177577237,0.000503668439970732,0.0130197643609991,0.0106915473887917,0.00722598882554214,0.0030445191804811,0.0122083134376114,3.69406574450791e-05,0.0356731938606247,0.012804139110508,0.0180828776691321,0.00505436034541856,0.0053519548675528,0.00027705494200075,9.63245056345582e-05,0.0320261540272417,0,0.236554899267001,0.00938537355699626,0,0,5.78703407973111e-05,0.00028976509064641,0.000806690057812742,0.00420554193064569,0,0.0239584382384463,9.20286056344804e-05,0.054166846721461,0.000238147214242297,0.000199656167987824,0.00936495697073346,0.0088533465555112,0.000951355967599923,0.00400354556938679,0.000165566758137113,0.000500721234459811,0.0134726202376782,0.00723866404995634,0.0152498691002194,0.0155756984960522,0.0277604520382001,0.639536872139347,0.000366357896670985,0.000473843860726046,0.000348588549291542,0.00492809536239729,0.00209382726257509,2.52840459055245e-05,0.00324267687531467,0.000405966402984273
0.0261977548297501,0.0117203545837277,0,0,0.00113698397487488,0.024989327831612,0.0273207436797941,0.181374191931907,0.00217474410221512,0.00374812039162708,0.0158351266322163,0.00112049850974026,0.000962919084449136,0.206716174908589,0.00119136682828226,0.00370077006393586,1.14321803132001,0.0375739912346476,0.100888113531759,0.000891830428090026,0.466387495405898,0.00832712010012951,2.67119205702626,0.000610693523983222,0.00110358843017372,2.35950070840903,0.770297691649965,0.00891917183326476,0.0257351684951272,0.204910542848551,0.000253216714998543,0.0100568857258792,0.00259618029137759,0.120411554928296,0.0712191655925215,0.853464315208528,0.319308896262622,0.422283249739769,0.187099071420933,0.00888887584015063,0.00434220544730275,0.00396534676892246,0.0641172646989554,0.0552189030565253,0.0279707357268392,0.0285023208657276,0.000823315353825035,0,0.000405829872532064,0.000515629565059966,0.0245512804402213,0.23154754900406,0,0.000328732845590437,7.22517363347859e-05,0.0101166232842364,0.00491406609658143,0.000119873737040126,0,0.00327892401179211,0,0.00112880935683781,0.00980680902244649,0.000286759709090459,0.0269327768763058,0.0951313953351361,0.00414605997572827,0.0220651042742636,0,0.0032218096247005,0.0117171061130001,0.0830462590627713,0.0194253657770632,0.0012479120315166,0.103059099121004,1.37358971343974,0.0101521841145432,0.00245783342564858,0.00491608580440174,0.00089605325361947,0,0.000108592280061757,0.0067896546535621,0.0378020167658804
0.000114324620473212,0,0,0,0.013777967660127,0.0234855254456005,0.00372804006178831,0.0113076437111003,0.43817518500089,0.50162576790361,0.0202327737927592,0.559723480785123,0.00350558404315635,0.015504566323937,0.0371009675036002,0,0.000561682455320442,0.00342082940963866,0.00190565964303031,2.00815048096762,3.64119717057646e-05,2.23279493386656e-05,3.30088312091232e-05,0.471061481474256,0,0.0006131267189273,0.000150079027988514,0.641402958772379,0.0324404711373096,0.000399591675874373,0,0.0358392815408735,0.000188481608329421,0.0374831658592039,0.0195206663601195,0.181745134138135,0.000883173278177566,0.0567173393163288,0.0046561714991967,0.0744416948848527,0.0354732476533319,0.00928580895076615,0.0381522755834709,7.56202949214487e-05,0.0124998565013088,0.000982617310973023,0.0581544806457938,0.00765364780317536,0.000559662399597332,0,0.00046489004461146,0,0.418526874816646,0.00632018502677846,0.00277642340708874,0.0415042603302474,0.00518506094397012,0.185364465690561,0.147989493701323,0.00340148522537154,0.0285368484638005,0.000170657387190842,0.00384975887060797,0.0206742371235625,0,0,0.000250782963782081,8.65301600865125e-05,0.153173259624578,0.000141025661442411,0.000201425091845298,0.00011337039566195,0.208136945541774,4.08005217551708e-05,3.39258434443474e-05,0.000838988594302321,0.132694252346384,0.00168896697280925,5.25115456640572e-05,0,0.000873603192259967,0,0.00705222547009718,0.0030621874276802
0.00012799797056644,0.000853531978590703,0.00113698397487488,0.013777967660127,0,0.0788735024032308,0.0202439073184922,0.0118383910498247,0.0496292327127974,0.061227260842915,0,0.192195565064648,0.000597685501708084,0.000791220699536374,0.144466908989921,0.00155853829285025,0.00132830975925576,0.000214100586023712,0.000379578485693836,0.0169807230561454,0.00983675624393824,0.00114167572686183,0.0113531483846933,0.0118604535753765,0.00111686896638311,0.0010311568987904,0.00362706163068895,0.0279496135918464,0.000179607409862647,0.00266613724970947,0,0.00770838504488188,5.36749307523429e-05,0.000392961958340559,0.0607082286117713,0.00848151901294613,0.00446874167915719,0.00127485143241191,0.0017487598877105,0.638009179997646,0.00266485547906719,0.000705087336541646,0.00186759288563025,0.000135822702575862,0.000425688294340038,0.000383542873398936,0.00774269598695391,0.000476028496796823,0,0,7.69790116157412e-05,9.82599912112358e-05,0.0247565830259323,0.000922016003926508,0.000441777689816004,0.000147900473705113,0.000126257541250241,0.0150272322874812,0.00582465339134575,0.000332275262552798,0.00453322109773637,0,0.000133945047001862,0.00452337428212123,0.000111907248594788,0,0,0,0.00715308964954637,0.000194043256838751,0.000126118774545836,0.000947184706101949,0.0139191525308188,0,0,0.000501979370037299,0.00248676719327339,9.22319855158566e-05,0,0,0.000271326218290016,0,0.000279188376826393,0.0219425827625326
0.00933516170648532,2.47451649398983e-05,0.024989327831612,0.0234855254456005,0.0788735024032308,0,0.289564497989212,0.4045210347174,0.0148614845119847,2.53816100162615,0.00877274841343642,0.619930841397687,0.00144429876530789,0.0854303617782316,0.0932051847818758,0.000145725928675854,0.0614228743804171,0.00371378219778949,0.0070365248420421,0.0496062280739167,0.016408175961163,9.97290582072527e-05,0.036390135435168,0.0167675000856211,0,0.0217689969398379,0.00513426549210077,0.26891167284274,0.0144588009067573,0.0942517222753578,4.95432985455483e-05,0.0493783727415687,0.000292153223806456,0.0143428765659745,0.0601583674953131,0.0696972795922098,0.00317032530762152,0.0201899559250158,0.0044544321636861,0.226315362053424,0.0253771437262162,0.00506795318671189,0.00363948062004305,0.000137935348814132,0.000408302201889548,0.000226764204996005,0.00344218702459222,0.000101258213783455,9.2354549624285e-05,0,0,0.000401210207120651,0.00477765399643774,0.000427202702186501,0,0.00245384707727717,0.00020267856143235,0.0037548611589891,0.000711564534978194,0.000899557756618871,0.00116983410473546,2.72109232135624e-05,0,0.000832495450010903,0.000318651746279276,0,0,0,0.00179871375806601,2.62093296692491e-05,5.95947610035807e-05,0.000552718410491574,0.0117771305023288,0,2.77978575551748e-05,0.00139660898774267,0.00667893813112239,0,8.18755257930282e-05,0,0,0.000126003814066958,6.90976402870062e-05,0.0118306614255095
0.473129927204655,0,0.0273207436797941,0.00372804006178831,0.0202439073184922,0.289564497989212,0,1.10461105577969,0.0863461272228577,1.34565517124258,0.0550430313906039,0.00739114516070472,0.00871091977044229,2.08285300932058,0.0701506329922122,0.000784749785675466,0.00901602888505738,0.0135949823466737,0.00799555442532797,0.0030499663801333,0.128061234414511,0.0010321337075163,0.059192394959188,0.0835005330786862,0,0.0117625988499924,0.0324660861466795,4.10738609242368,0.288825712753463,0.353848988659852,0.000344094623764345,0.0972906249149662,0.0238315703194153,0.241430137828349,0.182708315092926,0.402447344604446,0.0097569867691139,0.22043693395206,0.0463574654615075,0.0849062055379702,0.0592178761041201,0.0160908021102237,0.0625977189254027,0.000590902031603452,0.0174350870505141,0.0033303287205255,0.029777506052268,0.00957418507577947,0.000440645978765667,0,8.12285233361005e-05,0.00353838478012215,0.0351912116846811,0.000468671441027364,0.0017294663037655,0.0651148372422906,0.0136506290211717,0.0242648281990636,0.0123561938631853,0.00597923250106654,0.00115847333150101,0.000123310691083887,0.00551111897891554,0.00177592736958567,0.00872466513083288,0.00048701719822374,0,5.41143933778882e-05,0.00408833655223508,0.000271821557453343,0.00103093527912823,0.0126809223922482,0.133730703494107,8.53331288909555e-05,0.000197255093587956,0.0212332833184723,0.142924989693624,0.00291437046925048,0.000223341317759934,0,0.00231569788731204,0,0.00657840811323865,0.0298246542372723
0.0298019319131383,0.000191903680691564,0.181374191931907,0.0113076437111003,0.0118383910498247,0.4045210347174,1.10461105577969,0,0.00320792058045529,0.999846345121265,0.00542639554130201,0.0565057000104931,0.00049073495819512,0.739505733048851,0.00485408896994054,0.000500283215537846,0.326651896282862,0.0122878353061091,0.0367268090262574,0.0246870580475252,0.0938542932041909,0.000415489825276628,0.276000014263915,0.00352447907747248,0,0.145891864159793,0.0376842546741603,0.15434662108041,0.0204550893237772,0.440585158274278,0,0.0213792775099707,0.0018049394841759,0.0520412217954467,0.0046874237877949,0.0389702693212507,0.015509561990411,0.119772274105082,0.0269604956166723,0.00640159074612455,0.0020948462475383,0.00166567525272753,0.00263700619515331,0.00155285612671953,0.000623898715981811,0.000313881035241258,0.000696600435745935,0,0,0,0.000402309907392901,0.00582972306809314,0.000473647379366416,0.000149263428488007,0,0.00119917731860237,0,0.000609508475899467,0.000202472171354592,2.14025818550169e-05,0.000264494994340682,2.48054060763895e-05,0,7.42075844574453e-05,0.00424084646077689,0.000872693792956506,0,2.03471694226116e-05,0.000709307014201943,0,0.000421939855667585,0.00715450935248449,0.00287757391612008,0,0.000361395387007758,0.0259478607083092,0.00263031484487182,0,4.4007806000948e-05,0,0,0,0.000433652200490829,0.000695010516248829
2.57121021565228e-05,0.25956846388785,0.00217474410221512,0.43817518500089,0.0496292327127974,0.0148614845119847,0.0863461272228577,0.00320792058045529,0,0.0440527970546672,0.0033182218074209,0.218133698824738,0.196291550698911,0.00268592444818735,0.259702789311676,0.0431218694834206,0.000475631783424962,0.000517271599279601,0.000317812746129763,0.0734119117500174,0.0109821195636921,0.46245201851614,0.0244249783674132,2.32625884565628,0.294327205873178,0.0013762891975259,0.311069946993095,0.684624067223152,0.00802972831416345,0.00678938738235556,0.00565500929616328,0.0205267622391612,0.000532050550969506,0.00728987971538027,0.0102993274159526,0.0635154101757225,0.0057695799564703,0.0118114844224891,0.00516503676415421,0.0816173677532278,0.00738486611430536,0.0261098885350234,0.0469585330248957,0.00655154640443295,0.00955953964620584,0.00236681392044494,0.0086471809383116,0.00269549328388742,0.0211463538385336,0,0.00308199899981865,0.000459846462434184,0.0683068660379183,0.00050774266821624,0.000748094053178271,0.0253846611893602,0.00372307262939354,0.231857916020138,0.0074244994017162,0.0208089890724949,0.00241442937983354,0.0292485425265245,0.00147080662162203,0.00199613125900449,0.282242847081702,0.000824199612965514,0.00300471902995934,0.000394940315960142,0.00850663840966758,0.014965348182828,0.228485239771332,0.0545956837854012,0.403352682280439,0.00580725900690189,0.0019999116024098,0.0665925409679999,0.126263096729522,0.00221463329910858,0.00153050463533821,0.00171519287344214,0.0015011281790801,0.000187383720128417,0.00513708097733423,0.00848928728237829
0.000541980022335479,6.73553616907058e-05,0.00374812039162708,0.50162576790361,0.061227260842915,2.53816100162615,1.34565517124258,0.999846345121265,0.0440527970546672,0,0.192236607935118,0.927137667892845,0.0350395957709768,0.238719109929294,0.062284481441497,0.000140750492656347,0.0111354437657036,0.0519878958865463,0.026282733239183,0.206016707910085,0.00219770590812219,0,0.00559761786309886,0.0154224940823685,0,0.0208259737911644,0.00506186034086553,1.39300288867866,0.282950831996444,0.00607502174615708,0.000725553894296901,0.275183893498044,0.000774702254332979,0.216119953598813,0.0829913708163679,0.600211320623665,0.00552506461410856,0.297361320881021,0.0294641980929303,0.23189030751737,0.17085973730599,0.0360882396261218,0.0514788108121375,0.000357972077451182,0.0236943192991211,0.00524218817369809,0.054104938237566,0.0117264990122099,0.0019119854107286,0,0.000147409804253108,8.30370002066014e-05,0.264350006432904,0.0043840668716569,0.00142309909822356,0.043220946177375,0.00389277124113014,0.038901627483858,0.0878935918980923,0.00466020507490751,0.020271373204223,0.000864227332845374,0.00528064251899828,0.0115096858652972,9.32900360560926e-05,0,0,0,0.053042689760804,0.000218883064362171,0.000233252701901418,0.000244323128857792,0.134496623613983,0,0,0.000638357712447147,0.135227623956313,0.00217429108998497,0.000228471475640935,0,0.000259725749331558,0,0.00846364906026414,0.0087717151309706
0.00118788987657965,0.000357072627795589,0.0158351266322163,0.0202327737927592,0,0.00877274841343642,0.0550430313906039,0.00542639554130201,0.0033182218074209,0.192236607935118,0,0.0977563740748345,0.316242077298045,0.00983564080804114,0.000966224315424773,0.000890521055918992,0.05833225791393,0.584673647674345,0.0949384300076682,0.0462000314614454,0.0181215135192277,0.000454868237610984,0.0284231957236248,0.0017210700418805,0.00292739199275871,0.232876974135958,0.0261060319264881,0.0388396351581798,0.0886694799307328,0.0170490455671433,0.0109259487727023,0.10304592823371,0.00452828482589735,0.690836455513797,0.00511676392847986,0.132812015658555,0.274642257405529,0.60382633593959,0.0369412904160768,0.0121709263836706,0.0170881561092085,0.101193619339281,0.00428557385254851,0.0197860424396853,0.00246580917909885,0.000190864054115957,0.00420231223178557,0,0.0229609949884411,0,0.00913540707084365,0.00126050198811836,0.000568636496398419,0,0.00011855963934449,0.00205469344451051,0.000498913200374687,0.006480704961847,0.00025711165795683,0.0478223206755833,0.00135615620785488,0.0765492468345784,0,0.000455617437909472,0.000416988333779285,0.000432232171045017,0,3.95828322032332e-05,0.00248551036000584,0,0.00474530569124395,0.00029551209506768,0.01602151484989,0.0127273310996278,0.00156463451167934,0.0126920691941007,0.00477083263655591,7.99788267269612e-05,0,0.0121841413857838,0.00421124869927144,0,0.00382493758193176,0.00199570609574198
0,0.00054150491548714,0.00112049850974026,0.559723480785123,0.192195565064648,0.619930841397687,0.00739114516070472,0.0565057000104931,0.218133698824738,0.927137667892845,0.0977563740748345,0,0.0170115378597688,0.0476916477455365,0.380347437879599,3.91230795889735e-05,0.00402353543333604,0.0191469641163635,0.0093442822368754,1.38669213496365,0.000457674492257702,0.000426164046762013,0.00220063014646727,0.0204691242918501,6.70881611809732e-05,0.0100031522069937,0.00271248934381599,0.0631377633449537,0.155832586902176,0.000880770464263722,0.000603655777864694,0.288859796995934,0.00017929493733885,0.0784448410153189,0.166113420681778,0.110388482666747,0.0015144673080737,0.0875813102966524,0.00741012680793339,0.394084475988824,0.0675067095704225,0.0104900480503968,0.00376610485083993,8.23891345042347e-05,0.00346004118025477,0.00122344910504525,0.0122171160815893,0.000705214136878236,0.000634225897916963,0,0.000189551206637853,0,0.0603306748236053,0.00255777501153425,0.000486009519171166,0.00153829796307389,0.000557832484844935,0.0357603470085731,0.0171932185358778,0.00129641358444225,0.0242636065709544,0.000523507993168258,0.000248678961160862,0.00700020860686019,0.000118382480543339,0,0,0,0.0173624051091169,0,0.000152823871280247,0.000404264972269159,0.0257668743410652,0,3.95718816371619e-05,0.000184763693941292,0.00836914887130969,0.000166906704824424,4.2225401375252e-05,0,2.67226760580272e-05,0,0.000267982422196457,0.0533168179137927
5.45139383436263e-05,0.105453203104177,0.000962919084449136,0.00350558404315635,0.000597685501708084,0.00144429876530789,0.00871091977044229,0.00049073495819512,0.196291550698911,0.0350395957709768,0.316242077298045,0.0170115378597688,0,0.000123616735777956,0.012133422562761,0.00514943477305321,0.00220695185095857,0.00574131954447407,0.00106818039244926,0.0075233065007709,0.00101276252636433,0.0618377899707344,0.00228280062127376,0.111876083207471,0.120899156422753,0.0280129886757904,0.0894429302177865,0.0129595529264764,0.00895410408693972,0.000842688432628617,0.0712198545870324,0.0117347367457676,0.00029785935988167,0.0357774576085204,0.00171927262162131,0.0417098517255107,0.602369459011027,0.323250925747119,0.0145733476436309,0.0105172987126677,0.00377977513306305,0.324106927889512,0.00559136202014161,0.151292857891953,0.010940846424361,0.000517900819624651,0.0026261543981276,0.000213390045725727,0.1398577348701,0,0.0942873501541615,5.67243899181068e-05,0,0,0.000354364626851785,0.000406615157978279,0.0028737044016934,0.0594794592571761,0.000464235914798328,0.537507756177748,0.00291456980638974,1.12924490086673,0.000201367972531754,0.00251896565282616,0.00296441540083721,8.58545998332563e-05,0.0026867491433925,0.00059280366270327,0.00130498973811881,4.5838548650372e-05,0.036504398773587,0.00023320404016065,0.0476190263503884,0.167442964753643,0.0626310071597656,0.325969113658729,0.000213755797609216,0.00047552673166421,0,0.510447402127679,0.0274540382843804,0,0.0211994760243009,0.00106192511506661
1.01350019618744,0,0.206716174908589,0.015504566323937,0.000791220699536374,0.0854303617782316,2.08285300932058,0.739505733048851,0.00268592444818735,0.238719109929294,0.00983564080804114,0.0476916477455365,0.000123616735777956,0,0.00104581019989734,0.00043502131892058,0.545435701002581,0.0252703959877078,0.0933335468987634,0.0256192620387806,0.13276448013309,0.000531306427819303,0.359867823075683,0.0031244487891949,0,0.193426487638948,0.0439196440037286,0.128888702379825,0.615821428455025,2.63977262250006,3.21208009511769e-05,0.222141530219828,0.0108661310580991,0.0855680325758062,0.00385557334956718,0.0325969194654965,0.0220261298310279,0.11751007289206,0.0220204351608614,0.00385717655076513,0.000616707325198146,0.000976849248200183,0.00575142135237357,0.00136011885976688,0.000801406182709335,0.000367966796405107,0.00301223081689251,0.00010121340688008,0,0,0.000335920108051622,0.00545412293365752,0.00221120087338249,0.000319520945135629,4.01788510868311e-05,0.00301023728736224,0.000402865651411682,0.000585504760653529,0.00107438458021334,0.000328302819130558,0.000323737947479242,0,0,0.000313680851600539,0.00296856206542148,0.000522598199450934,0,7.79556696457746e-05,0.00113777480444052,0,0.000352903392319778,0.00439750670827741,0.00742120113437779,0,0.000907779948037701,0.0187816507122561,0.00706201270317261,0,3.32254425593913e-05,0,0,0,0.000550791408533871,0.000671716546891818
0,0.0189613671580177,0.00119136682828226,0.0371009675036002,0.144466908989921,0.0932051847818758,0.0701506329922122,0.00485408896994054,0.259702789311676,0.062284481441497,0.000966224315424773,0.380347437879599,0.012133422562761,0.00104581019989734,0,0.0031874167189623,0.000168904822206536,0.000164855250408894,5.30835592547536e-05,0.0302731661624358,0.0274991044888243,0.0194977343343196,0.0166327066469547,0.146039271916628,0.021155411177125,0.000858243436387335,0.0328230502046171,0.191981861884081,0.00140896701875959,0.0206638931139226,0.000252175028912804,0.0433567414719081,0.000144934477722341,0.00153424817546488,0.149846631159118,0.0494269528237831,0.00556186945179056,0.00372019250586713,0.00197562842075502,0.321910263661894,0.00390636739587203,0.00557169042771624,0.00978834179508204,0.000297299206613552,0.00134892262036903,0.000457297261442399,0.025933401355569,0.00162953826934488,0.000937531670483558,0,0.000273873311400157,0.000120398854450232,0.0838120050135773,0.00444999688303551,0.00108140914509493,0.00373188559510783,0.000686666287226867,0.0494549650396924,0.0190938573052952,0.00131474942733917,0.014535210529867,0.0011993860919073,0.000855928987923147,0.0134998643939807,0.000877600349803798,0,0.000100775495863795,0,0.0246097301117307,0.000438347003603894,6.914215696131e-05,0.00113668983887491,0.0452994221639755,0,4.93585472775042e-05,0.00139189920899563,0.02125186632305,0.000396612692140711,0.000303389775277984,0,0.000387001321137876,0,0.00113498090313371,0.035700644230263
0,0.0375822636561604,0.00370077006393586,0,0.00155853829285025,0.000145725928675854,0.000784749785675466,0.000500283215537846,0.0431218694834206,0.000140750492656347,0.000890521055918992,3.91230795889735e-05,0.00514943477305321,0.00043502131892058,0.0031874167189623,0,0.00316953825661512,0.00177538465052664,0.00278429781291979,0,0.361887370611412,0.678655954776355,0.320153970811691,0.314209968534672,0.0110066068508009,0.0038777675126067,0.494503214259177,0.211023928855509,0.000113794046384499,0.00182393639633744,9.12404811526176e-05,2.29025433634669e-05,2.3315987697047e-05,0.0195167216093877,0.0503310778110948,0.448085514868533,0.0984330302702685,0.185541018679457,0.0973250211174087,0.0131022076622942,0.00315889956400508,0.00644608461326082,0.0535040832781342,0.00574480910997857,0.00861240094327191,0.00665426035700048,0.00596594113149898,0.000512874119104957,0.000178822275112295,0,0.00195686304255511,0.00606463768862639,0,0.00072460623498813,0.000226395524775615,0.00167671584562384,0.00129370718906054,0.00190024970990698,0.000220902188003459,0.00243407975018838,0,0.000455285691198707,0.000607269944662446,0.00105034581794674,0.723467324295944,0.00206579861895627,7.58990357576073e-05,0.000700378671269593,0.000221962824559129,0.0633378490389424,0.112292463366234,0.35303793017826,0.121245961880916,4.1048448077935e-05,0.00327760370207811,0.146048638747314,0.0342421047933078,0.0011033745183259,0.0104001140967983,0.000119615641537249,0,0,0.00543456505986549,0.0222778224434128
0.0979306546463888,0.00865688964209817,1.14321803132001,0.000561682455320442,0.00132830975925576,0.0614228743804171,0.00901602888505738,0.326651896282862,0.000475631783424962,0.0111354437657036,0.05833225791393,0.00402353543333604,0.00220695185095857,0.545435701002581,0.000168904822206536,0.00316953825661512,0,0.0935843259742204,0.447391530442278,0.00288989225552098,0.290873425146058,0.00613349124440492,1.05840334159384,0.000768023106695533,0.000803647352054187,1.33908306654568,0.772190344113499,0.00741649596859856,0.318562589214945,0.652136667568897,0.000245137937670126,0.0301574901200643,0.0344967753512993,0.694971537997266,0.0300090014078472,0.32198141012221,0.325148260083691,0.275829031505751,0.087810698071979,0.00458484716566994,0.00293123350752188,0.000507008546806303,0.0163354634675748,0.0331112963795643,0.00913693712315327,0.00615295624024339,0.000183916014826316,0,0.000287799493803701,0,0.0102571258524304,0.0548435518614236,0,0.000300148407720887,0,0.00145077724744994,0.00013996225096659,0.000188950209209436,0,0.00121674377725732,0,0.000513234412449395,0.000317267841050488,0,0.00261348692989924,0.0256535264307144,0.0013526666088624,0.0100245649859355,2.79878069002837e-05,0.00041186062238051,0.00232227413013967,0.0113545084576504,0.00292850683145368,0.000710278874150104,0.0980482297487281,0.430829368908448,0.00136172347676178,0.000287845344415462,0.00123133158705831,0.0010670409047482,0,0.000115207324283543,0.00256359523368024,0.0147319320075423
0.00251062915952519,0.000459102356027966,0.0375739912346476,0.00342082940963866,0.000214100586023712,0.00371378219778949,0.0135949823466737,0.0122878353061091,0.000517271599279601,0.0519878958865463,0.584673647674345,0.0191469641163635,0.00574131954447407,0.0252703959877078,0.000164855250408894,0.00177538465052664,0.0935843259742204,0,0.211121368769135,0.0118353296410352,0.0358963521740723,0.000834423348702013,0.0564257785821461,0.000363904569875828,0.000161971672040284,0.165924754839385,0.0642142503482723,0.0123135420278652,0.0412595160083119,0.0209980874808536,0.00143015010557806,0.0162911224376716,0.00773597117846991,0.238791194908564,0.0317796074013848,0.474150125497471,0.22672761070649,0.699370163601861,0.175649143443982,0.00299466689402103,0.00143361046585216,0.000437057393055832,0.00115700078547703,0.00741534579451432,0.000417713084139052,0.00089726104933682,6.34004213139298e-05,0,0.00010920790057025,0,0.000437837026476949,0.00282343892019909,0,8.12637526801583e-05,0,0,0,0.000519776387781876,0,0.00511161559221268,3.42804773219168e-05,0.00275619736179187,0,8.59972995136502e-05,0.000247580566919428,0.000724270406465955,0.000693414795891199,0.000548930742523133,0,0,8.70399362856389e-05,0.000816773523607091,0.000228317817952699,0.00021040870481109,0.0121654362859293,0.0305641782204218,0,0,7.3643007056451e-05,0.00668292351392402,0,0,0.000218790765936524,0.0182082660971064
0.0106046006988273,0.00431904532191861,0.100888113531759,0.00190565964303031,0.000379578485693836,0.0070365248420421,0.00799555442532797,0.0367268090262574,0.000317812746129763,0.026282733239183,0.0949384300076682,0.0093442822368754,0.00106818039244926,0.0933335468987634,5.30835592547536e-05,0.00278429781291979,0.447391530442278,0.211121368769135,0,0.0065489219782987,0.0928792096966307,0.000611744428562826,0.101559843978019,0.000345340363211739,0.000728650281270779,0.466042015982031,0.157867370820376,0.0068588030364951,0.0964380043468176,0.0533200263924428,9.0692070999187e-05,0.0125002259126833,0.0280058758477835,0.447177846000091,0.027925941076341,0.28784809083827,0.25703007952328,0.567161471832139,0.14232082527257,0.00224101938758378,0.0016916863801276,0.000633870934741023,0.00578530402052284,0.0205284796027081,0.00247863723702516,0.0021922035500631,0.000187417541117307,0.000124175627665884,0.00023277650855451,0,0.00412774065542348,0.00681434575031456,0,4.98457451433241e-05,0,0,0,0.000293360243719178,3.15889412965179e-05,0.000948671709626592,7.18640889004826e-05,0.00100206162054847,0,9.61535235033631e-05,0.000495243577499217,0.00411301444170443,0.00144704300767662,0.00340265620850805,0,3.48734488002777e-05,0.000355810600171852,0.00113575439709373,0.000267903280821991,0.000549840286941129,0.0569177996830239,0.1729505456188,3.63211895409644e-05,0.000118576219610346,0.000436851832735544,0.00273550477140422,5.718145977391e-05,0,0.000217390366022247,0.0137752588666346
0.00018173539359101,4.61607512897909e-05,0.000891830428090026,2.00815048096762,0.0169807230561454,0.0496062280739167,0.0030499663801333,0.0246870580475252,0.0734119117500174,0.206016707910085,0.0462000314614454,1.38669213496365,0.0075233065007709,0.0256192620387806,0.0302731661624358,0,0.00288989225552098,0.0118353296410352,0.0065489219782987,0,0.0005057354514086,9.99682571930411e-05,0.00101756771698797,0.0714112101980316,0.000311350148447979,0.00525454519914569,0.00128542896110586,0.0489925800068364,0.055419523910594,0.000781380531283207,4.10208502700686e-05,0.0718772113688245,7.5967985626647e-05,0.0342513332684471,0.00643260052973019,0.127833498435147,0.00113240643732928,0.0528166826964762,0.00575818839104776,0.0772076981436817,0.0366992906862732,0.0114499546631427,0.0160578617563311,0.000181458046226478,0.00740148470900285,0.00175391287880546,0.0218315619907261,0.00410398946179392,0.000595954088097489,0,0,5.29500631846816e-05,0.126356092357954,0.0034132988824656,0.000978287041153443,0.0128186731572342,0.00151296972979242,0.0336726635679759,0.0615224824186835,0.00203419117741698,0.0126353863832177,0.000167582183218199,0.00173766577359694,0.00931440626289954,0.000172014302976546,0,0,0,0.0334043053307611,0.000178364066665524,0.000337384509057203,0.00013161108435359,0.0568753035760648,0,0,8.69408435230403e-05,0.0414367954480124,0.000879900599368858,8.00301768075137e-05,0,0.000315519129043132,0,0.00297108760902316,0.00184770336094025
0.00927280668097998,0.00292985052879359,0.466387495405898,3.64119717057646e-05,0.00983675624393824,0.016408175961163,0.128061234414511,0.0938542932041909,0.0109821195636921,0.00219770590812219,0.0181215135192277,0.000457674492257702,0.00101276252636433,0.13276448013309,0.0274991044888243,0.361887370611412,0.290873425146058,0.0358963521740723,0.0928792096966307,0.0005057354514086,0,0.0400932546011052,4.34200022563327,0.0204861055389335,0.00132413255550362,0.141433444670072,0.199799464714065,0.291886195763488,0.0705777045871375,1.85797424759289,0.000301244578733227,0.00970243056430145,0.0404486135267052,0.990226660986708,0.308262009034513,1.68628003733507,0.160344215282667,1.85120289669796,0.495416720078866,0.0407910370505527,0.0207821865629777,0.0341242686075944,0.157354389947205,0.00755720589616103,0.0175225870352244,0.00867155773000418,0.0108731314707128,0.00258007039568288,0.00012601326697661,0,0.000674545556613906,0.0170664459589568,0.000667173879624816,0.00190511511562091,0.000207749440025764,0.0024018612443649,0.00117682207842889,0.00659908926562427,0.000397344558694026,0.0151572351269765,0.000138149640192282,0.00135873259363623,0.00331144692884092,0.00418471749254025,0.185078520840515,0.00309954271270045,9.30808311284421e-05,0.000669471133877033,0.000114800759867281,0.106163291593638,0.0276607305668784,0.123855710159932,0.267727777561875,0,0.00501268183979633,0.12469644464581,0.165516916989124,0.00915140310744161,0.0592026218893048,0,0.000119210844541607,0.00172962271490902,0.0193020250528519,0.0949099369993973
1.58760064125538e-05,0.168501530928612,0.00832712010012951,2.23279493386656e-05,0.00114167572686183,9.97290582072527e-05,0.0010321337075163,0.000415489825276628,0.46245201851614,0,0.000454868237610984,0.000426164046762013,0.0618377899707344,0.000531306427819303,0.0194977343343196,0.678655954776355,0.00613349124440492,0.000834423348702013,0.000611744428562826,9.99682571930411e-05,0.0400932546011052,0,0.143990062449003,1.47847509768235,0.09293633743426,0.00295466931703473,0.870324534762179,0.105431799093502,5.29956272882581e-05,0.000966081602721282,0.00134433386807447,0.000400854648603031,0,0.00414005886273295,0.00567704294020167,0.0525661579826138,0.0138009551047957,0.0260729275168928,0.0111828458006804,0.01038514047582,0.000387197677847841,0.0100366036226513,0.0107448095356676,0.00381137545654835,0.0019102134748143,0.00169465686721919,0.000622917231963265,0.000179236863618171,0.00827505861231246,0,0.0403114897086033,0.0109034234080617,0,0,0.000210580719488016,0.00219202646009833,0.00111378281556528,0.0228963856588651,0,0.00777618611656488,0,0.0138827417442151,0.000651251769580286,6.59904404198169e-05,0.192291849460997,0.00159231456971999,8.72007436553926e-05,0.000747703847635173,4.25186071538508e-05,0.00571385905588767,0.173664251229442,0.0514868795672607,0.11230993621485,0.00240206301682373,0.00268704869700179,0.548823359592259,0.00753138565204835,0.000442979792578518,0.000606872887108675,0.000874290415628869,0.00124188504162298,2.88083588994115e-05,0.00112493460526478,0.00223411772727165
0.0428389930281266,0.00703966035226671,2.67119205702626,3.30088312091232e-05,0.0113531483846933,0.036390135435168,0.059192394959188,0.276000014263915,0.0244249783674132,0.00559761786309886,0.0284231957236248,0.00220063014646727,0.00228280062127376,0.359867823075683,0.0166327066469547,0.320153970811691,1.05840334159384,0.0564257785821461,0.101559843978019,0.00101756771698797,4.34200022563327,0.143990062449003,0,0.0676877776064519,0.00255984158762851,0.942012857222454,2.55990587716658,0.33952947949305,0.042385121741325,0.842641356569261,0.000410227442007959,0.0157165339281529,0.00559861064372583,0.836634458653698,0.337883155591015,2.41486497116422,0.574630648480183,1.71396525545696,0.822715211891454,0.0883976515445247,0.0226519946796599,0.0294861018203904,0.119281134433611,0.0190716390904517,0.0263922234414769,0.0234669457098208,0.00676706846918738,0.000587743790489208,0,0.000102665008039489,0.00673677062121179,0.17157931168145,0.000168671275245845,0.00257119337864533,0.00017361475071922,0.0190923304343427,0.00693994237671698,0.00168019723634287,0.000600141879629364,0.00458911419345886,0.000201248673500365,0.00135156629836492,0.0129569958241842,0.00221881527303595,1.09281334777397,0.0281328189380042,0.000823189759055358,0.00884614221976681,0.00015494976945228,0.0828175897327637,0.114868184917436,0.846867859113119,0.135555281627848,0.00012811555054872,0.0237754141589473,1.19353327066191,0.0505064158490106,0.00146096444409068,0.0137045154172896,0,0.000111783653801072,0.000710709704321259,0.00878802155267558,0.16350604295846
0.000187744759510401,0.315010396688205,0.000610693523983222,0.471061481474256,0.0118604535753765,0.0167675000856211,0.0835005330786862,0.00352447907747248,2.32625884565628,0.0154224940823685,0.0017210700418805,0.0204691242918501,0.111876083207471,0.0031244487891949,0.146039271916628,0.314209968534672,0.000768023106695533,0.000363904569875828,0.000345340363211739,0.0714112101980316,0.0204861055389335,1.47847509768235,0.0676877776064519,0,0.206739731989203,0.00143160650854023,0.525887852150534,0.818645783203146,0.00739178249351038,0.000674374531692524,0.00223962974102865,0.00945784837530123,0.00121039343497064,0.00895573786265392,0.0235143849145834,0.135221204853923,0.0123201223152953,0.0226271142884382,0.0111409583208254,0.0462743876803957,0.00405118965354767,0.0139977340552687,0.206490371456699,0.00495592009962942,0.0282364437893921,0.00507239811747907,0.035989975359613,0.0126659569311719,0.0101428964717428,0,0.00272951011414528,0.00320900332837313,0.113378309151963,0.000295951092582536,0.00308951133186155,0.0665032475425181,0.0205473454801654,0.216650403506693,0.0268720829471166,0.0213278140465945,0.00194872518686692,0.0098166062423786,0.00859168622291766,0.00673725077730177,0.155101481128554,0.00065322959511324,0.00167106736280925,0.000447995315558124,0.0146411539543207,0.0519152157795457,0.0419094185122471,0.0683216815007968,0.818864542696905,0.00248555277065894,0.00190848475512482,0.0544826285859513,0.447453862238295,0.0112329625695433,0.0221250751479564,0.00031439607091206,0.00445820386905568,0.00139612168290139,0.0208029440772363,0.0151494981464706
0,0.270565924091365,0.00110358843017372,0,0.00111686896638311,0,0,0,0.294327205873178,0,0.00292739199275871,6.70881611809732e-05,0.120899156422753,0,0.021155411177125,0.0110066068508009,0.000803647352054187,0.000161971672040284,0.000728650281270779,0.000311350148447979,0.00132413255550362,0.09293633743426,0.00255984158762851,0.206739731989203,0,0.00874269610297509,0.158676856699472,0.0107854809687416,0,0,0.000276138709291041,5.21007989724756e-05,0,0.000208295636252314,0,0.00106688253827934,0.00103304576167157,0.000400081844867277,0.000314230895222711,0.0138247659163134,0,0.0270793219560674,0.00160869673377051,0.00424833102385118,0.00128712899462846,0.00039104170606918,0.000166695464572397,9.4432837205708e-05,0.0358380900444952,0,0.0482533074327585,0.000202424357975722,7.29901925763485e-05,0,3.63885450105608e-05,6.48511648092268e-05,0.000240594699247196,0.00977316079241001,8.16952228436169e-05,0.0192715441614947,0.00036609723189666,0.0955537805324282,0,0.000605873146565348,0.0013501776750533,5.4328236389333e-05,0.000515309795879674,0.000231103961213207,0.000266359224959743,0,0.00421243353154383,0.00104169743258011,0.0107638971444136,0.164220839160646,0.00746388181586292,0.19311161374122,7.67057088537631e-05,0,3.01822865736902e-05,0.0231619064641335,0.00216459265398197,0,0.00217813835165582,0
0.0245269599138991,0.0448641816588519,2.35950070840903,0.0006131267189273,0.0010311568987904,0.0217689969398379,0.0117625988499924,0.145891864159793,0.0013762891975259,0.0208259737911644,0.232876974135958,0.0100031522069937,0.0280129886757904,0.193426487638948,0.000858243436387335,0.0038777675126067,1.33908306654568,0.165924754839385,0.466042015982031,0.00525454519914569,0.141433444670072,0.00295466931703473,0.942012857222454,0.00143160650854023,0.00874269610297509,0,1.02865796468474,0.00938564404676879,0.0576296805844326,0.0992896744644802,0.066732112885053,0.0152020050707949,0.0118144889966128,0.117706061414823,0.0919249982786965,1.2755250536094,1.50184995737327,0.773869346714894,0.401554667665599,0.00513655473249581,0.00364269418700402,0.00396407512467011,0.0744608042496163,0.375783668996425,0.0318733657573941,0.025119164218224,0.00137834293656513,7.84886492869733e-05,0.0122615484871386,4.97810538277567e-05,0.0596887522907441,0.0469765145427486,0,0.000341535739168006,0,0.00279049340915922,0.000279707032918802,0.00797310981320531,0.000128879053931129,0.221032239826552,0.000242551607822227,0.235647561051329,0.00124250165002657,0.000669004283673657,0.00221505165687148,0.0434075992458192,0.0513947711728177,0.0405455184532712,0,0.00140640953321621,0.00678322446665359,0.0138119199720905,0.00544123898151922,0.0117925768227425,0.85021896692532,2.20718866708556,0.000622190526278159,0.00266680467796743,0.00478905177759953,0.416122326458528,0.00298647435805976,0,0.00758273239310629,0.0481781135941072
0.00591562089159299,2.08025375415639,0.770297691649965,0.000150079027988514,0.00362706163068895,0.00513426549210077,0.0324660861466795,0.0376842546741603,0.311069946993095,0.00506186034086553,0.0261060319264881,0.00271248934381599,0.0894429302177865,0.0439196440037286,0.0328230502046171,0.494503214259177,0.772190344113499,0.0642142503482723,0.157867370820376,0.00128542896110586,0.199799464714065,0.870324534762179,2.55990587716658,0.525887852150534,0.158676856699472,1.02865796468474,0,0.329607894832295,0.0188914840927513,0.0453582718437009,0.0238571739224106,0.00392212148747067,0.00369099792835345,0.235048301985276,0.187698953022761,2.38759177894644,0.740913326528771,1.08107706081613,0.488333618339838,0.0531758585585302,0.00974350903341396,0.0101081770229523,0.304790490926141,0.331486714714163,0.109744626092012,0.0969681461281684,0.00544365843709354,0.00130606675215208,0.00963120019150598,0.000362616550006324,0.501847255390625,0.614186269829039,0.000169341825326756,0.000614684899270964,0.000230636564039657,0.0398373321809491,0.0195601458893781,0.0147118717202534,8.29316061243832e-05,0.147264541730955,0.000119930406126523,0.239862311386658,0.0334501994247904,0.00122732941003992,0.450844317075299,0.238327346416086,0.0603804381939246,0.0883508836321596,0,0.0170080272061456,0.220434240522104,0.499926553959994,0.137055039250377,0.0763967756641754,1.19158599491716,10.1187459275499,0.045649610372182,0.00817137809089599,0.0182528506217577,0.583522856440288,0.00152592165599753,0.000315954563810107,0.0291449410795064,0.101786213616594
