0,0,482.883084326982,64.454312980175,0,68.8933265954256,7537.96657621861,433.748479098082,10.4933015108109,286.683525472879,27.9713341295719,70.9186727702618,8.91992804408073,8274.48028242588,31.9211119413376,8.44472762942314,370.967283070087,25.3234551548958,65.7496010065079,25.5499686598778,442.479711741209,0.47135329246521,1920.18354538083,63.7399973273277,0,82.9185177087784,148.576725631952,680.777886688709,16483.3472220898,19725.3320512772,0.694438755512238,3.36082178354263,87.7961964011192,482.677793309093,51.0989659130573,125.411750018597,25.140571475029,300.379558682442,71.0196965038776,8.0895876288414,6.13064306974411,3.02512264251709,11.1976563930511,1.24092358350754,0.362366735935211,0.493468821048737,2.11591875553131,0,0,0,0,5.72986710071564,3.42455846071243,0,1.76452195644379,2.42684817314148,1.33475869894028,7.13797348737717,0.906708568334579,0,4.72023150324821,0,0,1.07768675684929,1.18226802349091,1.44836783409119,0,0,0.333997994661331,0,2.23399662971497,3.21816110610962,26.0780519843102,0,0,33.5117851495743,27.2581866085529,0,1.72339916229248,0,0,0,0.409980654716492,5.43303591012955
0,0,131.478564053774,16.8293207287788,25.7662114202976,2.68981909751892,6.0352278649807,5.96589750051498,2413.4876883328,3.78096699714661,757.71553003788,30.5612899363041,1594.2126789093,9.83283072710037,83.9811924695969,1471.27536681294,247.149457722902,5.41422510147095,61.5259993076324,1.81624341011047,138.039839953184,3905.22651106119,185.581995844841,3385.37304237485,2846.40043872595,213.711941033602,24832.6658546627,127.859763145447,7.99966117739677,5.20842817425728,17.3008134961128,0.519933462142944,0.635561645030975,138.181503415108,8.95664411783218,286.586839944124,254.838084667921,209.456303477287,78.2334221899509,173.565750330687,1.96608209609985,241.366837620735,121.089223831892,121.416004568338,62.2858362495899,62.9874047935009,6.02358621358871,0.458755493164062,82.0230523347855,1.77429622411728,1843.99868959188,137.102931946516,7.51459062099457,0,0,10.5167914330959,6.35139286518097,27.1056152284145,0,101.250927746296,1.4879846572876,155.432600259781,6.09165623784065,2.24588650465012,99.6129902303219,97.4687716364861,23.9766815900803,29.5130679905415,1.41327619552612,6.36996921896935,152.685948431492,69.582280009985,49.8692704737186,34.6207363009453,357.608031362295,7355.03371632099,32.6790727674961,0,3.18980795145035,69.6910005509853,0,0,52.4667308628559,7.08192503452301
482.883084326982,131.478564053774,0,8.59712487459183,3.26734107732773,78.7695290893316,1251.51414057612,726.62887686491,17.7080154120922,76.290448397398,32.9241110384464,70.3144998848438,118.05934548378,2286.05852487683,108.850852847099,80.0438713133335,25269.1287191212,43.9802822172642,4476.33637151122,4.46446967124939,1176.91157513857,48.3573137223721,57207.8477779925,115.297080874443,0,31259.8354624212,45456.2625054121,1286.52492719889,1283.99223324656,4743.219150424,2.50747865438461,8.32807692885399,114.4145385921,3376.06160053611,736.680722653866,7689.12936145067,2378.40088808537,5189.4884429574,2790.9696983695,101.43782389164,81.8824812471867,3.23133486509323,510.092668622732,278.728799670935,184.296537876129,227.417835026979,36.6355190575123,3.11562669277191,3.03516829013824,11.5522131025791,244.248635828495,1396.00653758645,1.40261518955231,0,0,75.4503927230835,7.08863726258278,28.3449854850769,0,0,3.69586628675461,0.460188984870911,15.7741597294807,9.28136500716209,107.794848531485,445.081601947546,22.9606676399708,71.336848706007,2.65224957466125,39.3858585655689,200.489178687334,496.538938373327,119.366012245417,0.640806138515472,579.190101325512,12275.2609418929,196.081666141748,9.37530639767647,57.0471758842468,0,0,2.13733983039856,141.297214329243,484.626697778702
64.454312980175,16.8293207287788,8.59712487459183,0,499.918857604265,647.320819050074,581.097192257643,413.429589122534,7947.26874223351,12728.2883042842,60.0441608428955,18987.0602268726,127.873400211334,618.571992620826,2123.4904678762,0.5850590467453,10.4917868673801,43.5745832622051,32.7005685567856,20148.4158494771,9.20925736427307,30.005935639143,11.8958592116833,10186.1444936097,9.11194849014282,69.7946216166019,56.4032983481884,5129.88934752345,661.773550629616,28.4412351250648,9.71950298547745,30.3733526468277,90.5181968510151,471.362821012735,314.242569118738,1132.9946513474,9.2469085752964,564.296183049679,60.8743953406811,2126.41145861149,74.9016714990139,0.944228202104568,554.23492115736,0.959248244762421,96.6643498539925,44.3355502784252,2978.29429358244,34.2549025416374,4.85138696432114,1.17846304178238,7.17298287153244,1.59980475902557,3011.18982923031,76.3856493234634,415.3191421628,285.895407140255,721.266566127539,1277.00196227431,979.862608626485,5.96828433871269,1490.22721910477,2.24344444274902,227.227271974087,623.286588102579,1.52062582969666,0,0.351042896509171,0,554.345496833324,0.599164843559265,9.74645119905472,1.98196649551392,4246.52164715528,0,1.37803336977959,18.1670549213886,3766.38583615422,73.4799616336823,6.07851099967957,0.451026290655136,1.31105437874794,1.85830122232437,136.967923164368,55.9643724262714
0,25.7662114202976,3.26734107732773,499.918857604265,0,939.068046241999,77.4785020947456,27.6464001536369,706.381967157125,178.650803804398,9.50842550396919,2004.0375033617,22.805803835392,18.1726342141628,4614.89713451266,3.52400988340378,0.624469578266144,2.1591854095459,0,53.5896291136742,24.0046686530113,38.7975718975067,30.1946158111095,455.82363447547,7.03291845321655,4.30888438224792,50.1722108721733,226.354348480701,8.89295923709869,21.9222843050957,0.669856548309326,981.363382220268,0,137.371582686901,564.779108941555,273.890402108431,7.37824022769928,68.3766506016254,28.5609603524208,16986.6422079206,7387.48339021206,0,32.7684534192085,5.77734249830246,0,24.0351659059525,294.790709197521,0,1.26363492012024,0,0,1.31479346752167,73.0606657862663,10.052349627018,13.492546826601,6.39876252412796,14.2398805618286,31.7598854899406,21.6169692575932,0,108.737365573645,0,13.6281446814537,64.653999209404,3.66628360748291,0,2.34481680393219,0.650814235210419,19.8054276704788,2.34102058410645,0,8.86702173948288,83.6528478264809,0,4.51009297370911,9.26194804906845,73.0790168941021,1.13532018661499,1.29120194911957,0,0,0,0,639.110384762287
68.8933265954256,2.68981909751892,78.7695290893316,647.320819050074,939.068046241999,0,13408.4921522141,9316.41293859482,257.370732277632,45900.2665488571,250.989306479692,8162.33779112995,473.040253102779,1833.30757308006,7070.60062366724,2.20346200466156,26.0649463236332,129.727365016937,46.6241397857666,172.686054542661,94.3484722971916,8.56125104427338,101.088195949793,183.592358797789,2.05540055036545,211.602701365948,61.2302619069815,2382.93859490752,347.535297840834,175.445615038276,31.6291750967503,435.042429149151,32.6770876944065,939.817037895322,1403.28248825669,4451.92218959332,34.2024843096733,927.500142127275,358.5291005373,13255.523632139,3489.21569886804,21.5876403152943,70.9389592707157,2.14036184549332,12.0023989081383,1.69207990169525,218.527528494596,2.97472774982452,2.1290630698204,0,0,0.483273088932037,57.736736625433,7.17459905147552,11.4091886878014,37.6304621994495,25.5548942685127,67.7944546639919,30.2376500666142,2.38991403579712,110.997682496905,0,8.48027515411377,28.0118279159069,6.38763344287872,0,0.29849761724472,0,22.6380522549152,4.32612267136574,3.23062914609909,0.916163623332977,343.988244593143,0,0,10.7690943777561,203.198216319084,3.15752649307251,1.39394292235374,0,0,1.33854860067368,17.1013085246086,216.649845927954
7537.96657621861,6.0352278649807,1251.51414057612,581.097192257643,77.4785020947456,13408.4921522141,0,23528.9099202007,1359.98669660091,41288.7236054242,397.255826413631,836.407392948866,340.797595053911,53516.2954825014,2007.09177777171,47.5907484591007,286.451482057571,364.197478413582,309.991042584181,249.966450840235,1726.61148932576,49.0558614134789,1317.61703945696,3118.97703206539,1.72126364707947,756.900459736586,866.336592972279,58382.4355609119,7524.31421867013,16543.3907936215,54.6027286052704,118.965319693089,1456.47805762291,3248.77180877328,2212.46684229374,3868.30867147446,170.417644709349,3404.93176472187,496.696144968271,774.467209100723,392.927763998508,7.67699757218361,406.52077588439,6.74405378103256,63.916413038969,32.0791468322277,364.090099543333,17.6790478825569,4.05389678478241,3.9687488079071,3.60412472486496,33.1445001363754,533.655463576317,8.0582982301712,121.622172623873,174.805085122585,325.821234732866,275.253731220961,326.98882201314,1.5074577331543,348.581417500973,0.444056361913681,129.339735209942,61.597781419754,114.17371237278,5.20145836472511,0,0,132.336298435926,4.75340655446053,35.6796178519726,84.3600959777832,1471.68107613921,0.34864017367363,6.43492963910103,436.899738520384,1357.78329569101,37.0666338801384,11.9030139744282,0,1.78589355945587,0.476700782775879,76.8985796570778,299.911569267511
433.748479098082,5.96589750051498,726.62887686491,413.429589122534,27.6464001536369,9316.41293859482,23528.9099202007,0,166.724679946899,12411.18015863,1252.70049017668,4150.55065153539,801.927955180407,17836.0410288721,702.885409206152,7.35462582111359,149.600943893194,790.493216067553,291.220433235168,186.205598324537,663.483166903257,4.81092032790184,1198.29705186188,153.952164888382,3.90925174951553,867.914969712496,286.794649153948,3067.35998763144,1279.92551845312,2235.93390290439,140.277682185173,638.745295077562,57.531153023243,1695.81274867058,170.460507214069,4983.62568429112,100.528872609138,1248.97016876936,467.311320006847,5283.2607485652,856.259281426668,64.1604383587837,140.54444655776,3.32180124521255,13.5964453220367,6.52313619852066,245.759856402874,4.57084512710571,2.19288873672485,1.22685611248016,4.49382624030113,7.5065923333168,57.694300621748,1.57491564750671,9.74464559555054,103.205348908901,34.7444660961628,96.0077293813229,16.5927700996399,3.45996189117432,89.2120419442654,5.76333260536194,2.9319634437561,17.8621000051498,17.664617806673,0.321265429258347,2.00143575668335,0,24.0191651284695,3.2570832669735,7.67198798060417,8.83669376373291,588.496713906527,0.454900950193405,5.52892231941223,74.5584163069725,291.284563034773,1.41094070672989,11.4303690195084,0.402091890573502,0,0.772100865840912,42.2269343435764,27.4349711835384
10.4933015108109,2413.4876883328,17.7080154120922,7947.26874223351,706.381967157125,257.370732277632,1359.98669660091,166.724679946899,0,739.75493440032,303.72449478507,2239.32048690319,857.995426297188,175.259204357862,2481.49202391505,303.075510561466,25.3471714556217,29.180874556303,22.8249566555023,488.94633102417,226.974297702312,8580.13478073478,126.053830653429,33765.9813339412,1826.07495066524,82.3598671555519,6087.62564226985,6370.18887516856,185.423627018929,54.3606972098351,18.6013749241829,38.8348290920258,54.6997764408588,174.169125109911,286.658830821514,1141.02808964252,69.4772049188614,343.159306406975,60.3323221802711,3192.53883552551,38.5465662181377,79.1562520861626,1093.05052503943,36.75802308321,132.403948426247,82.9847165346146,854.783703774214,35.3506600856781,39.0822861790657,17.5197180509567,44.0657188594341,24.9963472485542,840.196665912867,39.1661095023155,169.048043966293,682.592553973198,504.325731605291,4508.01342502236,301.672824770212,36.3467392027378,700.602851808071,102.559949219227,350.908736497164,297.480814486742,1161.17205396295,10.5138449370861,23.2328540384769,8.0155186355114,145.426581829786,537.1565117836,841.408194541931,205.047140270472,7345.01287063956,23.8333803713322,49.6555713117123,322.874389827251,3879.29434719682,145.113704025745,811.98493257165,46.9132181406021,13.5159851312637,8.41020196676254,176.37523329258,192.345772743225
286.683525472879,3.78096699714661,76.290448397398,12728.2883042842,178.650803804398,45900.2665488571,41288.7236054242,12411.18015863,739.75493440032,0,790.924290880561,19467.1459392458,471.446279272437,8400.11504967511,3900.43384248018,3.15089324116707,111.61663351953,629.49799606204,434.800810873508,6812.20342724025,49.7556039094925,6.18775165081024,92.2323221862316,355.489339500666,1.67750608921051,1129.44582587481,447.736829429865,23245.0502988398,3539.08294889331,132.906616151333,106.824534341693,227.326188623905,100.378862440586,2660.89807578921,656.334325700998,3864.42373713851,53.1755627691746,2654.18042850494,195.792266011238,998.805114030838,344.204758167267,26.5324501991272,317.084582269192,0.842929810285568,55.8569148480892,18.1767348945141,1145.59858927131,9.27062377333641,4.73502039909363,0.700487911701202,4.00489181280136,0.332673311233521,778.211584448814,12.3614753186703,83.0980059802532,187.559111446142,238.251399725676,227.846368432045,594.694485098124,2.62993255257607,572.532398760319,0.484403163194656,51.5553775727749,153.295049190521,3.26152980327606,0,2.75485828518867,1.90405759215355,169.787359803915,1.08617126941681,9.84716886281967,0,1493.25140795112,0,2.99448803067207,4.25585481524467,1318.51760238409,20.7538377046585,2.76390027999878,0.409479469060898,0,2.69258785247803,69.9863224029541,88.2991638183594
27.9713341295719,757.71553003788,32.9241110384464,60.0441608428955,9.50842550396919,250.989306479692,397.255826413631,1252.70049017668,303.72449478507,790.924290880561,0,755.324042752385,16907.2853841782,2832.79232549667,101.544608771801,35.3522533774376,137.088909000158,11256.1902917027,2581.24758455157,39.296293258667,40.5756093263626,473.814907550812,99.7152474224567,278.454340428114,1644.98215514421,5612.05926516652,977.793674498796,161.618939042091,1786.27252092957,60.6712572872639,1886.76950150728,515.04231107235,2.01844424009323,9258.43974375725,42.131331384182,1530.35781896114,2888.88307678699,5653.23730716109,445.113716632128,186.990397959948,38.6011619567871,5448.76460418105,18.0156996250153,607.315699011087,20.1458587944508,0,48.5456124842167,0,1269.81590536237,0,123.472222447395,0,2.16331449151039,0,0,6.61745530366898,1.89079248905182,98.7286351621151,0.383533239364624,2415.26832637191,21.9341822564602,3056.89477536082,25.474181085825,0,11.4690942764282,0,4.22687470912933,0.734305143356323,0.85722878575325,0.592099130153656,53.1797820329666,0.541755318641663,109.452836632729,645.146464139223,274.393751174212,384.685872226954,20.214647769928,5.45143502950668,1.90654933452606,831.063199877739,2.09872388839722,0,230.100610733032,26.6489210426807
70.9186727702618,30.5612899363041,70.3144998848438,18987.0602268726,2004.0375033617,8162.33779112995,836.407392948866,4150.55065153539,2239.32048690319,19467.1459392458,755.324042752385,0,506.277155339718,5264.12376230955,9996.05855193734,2.12474143505096,110.924578815699,664.92792776227,434.153865158558,15815.5680026561,27.5467597544193,36.7106599211693,79.6047121584415,1485.96303763986,5.8408282995224,1068.00457373261,478.150845050812,2785.50782109797,1573.54148077965,77.0778572559357,126.445882722735,301.033465534449,22.5276789069176,1888.47670635581,838.31487095356,2859.51246330142,72.8478799760342,1998.54147717357,194.172151297331,4395.04662251472,340.594681024551,28.9380670487881,852.276548802853,4.64036804437637,142.583477526903,47.0156953632832,2149.87485605478,40.6766939759254,11.1394639313221,2.0326868891716,1.97575503587723,0.814873844385147,1125.82506963611,34.3870207071304,198.528727352619,453.09973013401,688.55266135931,449.609274595976,538.170514017344,4.1561586856842,1200.11437284946,4.39489954710007,250.302445679903,310.424329817295,13.7153296470642,0,1.60546270012856,0.527435481548309,475.803816139698,3.31033253669739,5.13901016116142,3.05957201123238,2811.61604505777,0,1.50172084569931,5.96243241429329,2606.40495797992,104.363314181566,14.4086853861809,0.316426366567612,4.86934018135071,7.46842157840729,219.153622180223,127.315449625254
8.91992804408073,1594.2126789093,118.05934548378,127.873400211334,22.805803835392,473.040253102779,340.797595053911,801.927955180407,857.995426297188,471.446279272437,16907.2853841782,506.277155339718,0,775.853938579559,136.417837232351,466.922006100416,25.8195406198502,275.69002494216,50.9632851183414,59.9691757261753,546.899304687977,1131.92402267456,653.749355852604,1300.66314914823,4580.73791873455,572.852330356836,2511.51296412945,915.683352917433,270.789331644773,328.117539405823,1484.30023315549,216.709628522396,38.349164545536,1671.84663197398,277.143489450216,6313.04653277993,3841.9879206419,4416.60360968113,1467.00446528196,4348.39568275213,321.311889111996,4706.03368473053,675.307784587145,1806.82506990433,229.878609120846,49.4294745624065,2254.88879036903,123.395755410194,2677.75652056932,7.29912066459656,332.761434584856,6.51731333136559,77.0108499825001,12.0582189261913,58.7445313036442,150.299048036337,352.95659506321,276.774504840374,122.033750206232,6434.57792425156,158.215561926365,13803.655364722,219.970592975616,37.9900113940239,151.140776664019,1.50419476628304,37.9115321040154,6.51336419582367,70.4863281846046,91.1771657168865,183.241082280874,23.9673247933388,583.902324765921,2061.80416697264,896.703884691,1801.85291644931,658.320743054152,78.66130438447,187.146992951632,4006.63660159707,66.4596145153046,8.22762048244476,746.117885679007,109.209618508816
8274.48028242588,9.83283072710037,2286.05852487683,618.571992620826,18.1726342141628,1833.30757308006,53516.2954825014,17836.0410288721,175.259204357862,8400.11504967511,2832.79232549667,5264.12376230955,775.853938579559,0,374.663953185081,20.0460270047188,1006.77675336599,2079.50212156773,1281.00206556916,275.142626658082,1785.03794044256,7.79542946815491,5468.37457643449,246.236150220037,7.23630681633949,2668.90724316239,1125.5194631815,5103.26546467841,17382.1384037733,20173.1252782047,230.856267541647,916.747521579266,117.147513359785,3827.58767744899,181.513813376427,3416.29881355166,274.358095169067,1925.30596318841,573.107068926096,1262.92630490661,685.220679104328,37.3953082561493,187.063660204411,6.8906672000885,38.5814655721188,10.7364122867584,266.104845225811,5.60332834720612,10.5636197030544,0,6.99588590860367,14.1306522786617,59.8788495361805,1.23637601733208,6.03686118125916,156.464733570814,28.5883255302906,106.803983807564,25.9071332514286,7.31245985627174,105.214628815651,2.52920317649841,8.54342132806778,14.8722752928734,28.1720660626888,1.93419754505157,0.473679840564728,0,22.8924619555473,4.8464549779892,13.3687708973885,21.5960760712624,778.725620806217,1.36746382713318,22.536802738905,200.898142397404,410.127790302038,9.39778372645378,14.7405405938625,1.87406003475189,0,4.31865027546883,36.5656324625015,44.8077775239944
31.9211119413376,83.9811924695969,108.850852847099,2123.4904678762,4614.89713451266,7070.60062366724,2007.09177777171,702.885409206152,2481.49202391505,3900.43384248018,101.544608771801,9996.05855193734,136.417837232351,374.663953185081,0,66.4451044499874,34.6687424778938,26.6370268464088,35.0898257791996,258.761729061604,431.242544382811,204.294957011938,426.063950419426,2656.42846384645,57.4451520442963,83.9545770287514,289.563649892807,2598.93751141429,385.400432437658,634.172109723091,7.11533486843109,591.578009992838,167.016968339682,341.613911569118,1832.84590810537,914.750883042812,82.4890874326229,423.473776549101,77.0218570232391,4287.24109736085,102.566167294979,12.2811644077301,257.352718770504,8.200847864151,24.5782938599586,57.9891080856323,695.478003740311,11.2320249676704,0,0,2.28167510032654,7.62872022390366,240.992660969496,14.8274219036102,50.9618579149246,122.680198401213,105.294300079346,150.183778136969,78.6535142362118,1.38800179958344,252.864834755659,0,25.2952981889248,137.41333720088,53.8573345243931,0,1.56254512071609,0,45.159294039011,18.5914424061775,8.13261026144028,27.3172243833542,691.529028654099,0,5.64256858825684,29.2269201874733,587.363237410784,18.3106644749641,17.8608381152153,0,1.4197233915329,3.14609456062317,43.3543050289154,702.698170125484
8.44472762942314,1471.27536681294,80.0438713133335,0.5850590467453,3.52400988340378,2.20346200466156,47.5907484591007,7.35462582111359,303.075510561466,3.15089324116707,35.3522533774376,2.12474143505096,466.922006100416,20.0460270047188,66.4451044499874,0,231.003830194473,1.30642974376678,55.1046499013901,0,9129.49572095275,12230.5751717985,6333.12005615234,4854.4425124526,249.777556300163,89.274965763092,15790.5630633831,1953.06540134549,29.2446499168873,215.307773947716,1.49088904261589,0.984182298183441,3.70466747879982,872.579358309507,1308.68669381738,6791.09836357832,1548.98057594895,2144.4501965344,1789.64634913206,33.5396526753902,85.6052349805832,15.6066508889198,457.952814251184,72.5803584456444,83.6667688786983,138.148249715567,72.089319050312,12.4387123286724,18.5853235125542,7.69851651787758,70.7466730475426,80.9154808223248,1.50257161259651,0.721321523189545,2.50412485003471,138.119603991508,43.4609935581684,29.9368630945683,5.91993084549904,2.45055520534515,3.46631592512131,15.1616944074631,59.4939216971397,12.283789396286,11381.7074813545,17.0898870825768,0.574102640151978,9.89427545666695,5.24049916863441,1241.4072548151,3186.77199578285,4483.25685334206,968.11062258482,2.2502583861351,37.8780583441257,4651.11656689644,1827.0452812314,17.6974803507328,707.775055646896,3.28323137760162,0,5.70084351301193,57.5757723152637,512.85460883379
370.967283070087,247.149457722902,25269.1287191212,10.4917868673801,0.624469578266144,26.0649463236332,286.451482057571,149.600943893194,25.3471714556217,111.61663351953,137.088909000158,110.924578815699,25.8195406198502,1006.77675336599,34.6687424778938,231.003830194473,0,58.8388258516788,14269.7227709293,5.99372127652168,1615.28501516581,105.741486638784,21505.1393782198,181.429733484983,0,26408.2365268171,22204.187319994,464.062525779009,1965.57959908247,5121.39375081658,0,8.7284272313118,198.715884268284,9871.2876419425,164.122226029634,1598.3213468492,684.916811704636,2192.03993326426,845.000197023153,43.0107079148293,27.6625998020172,0,56.3246619403362,42.4089013934135,23.6806397736073,32.6285481452942,14.0835664272308,2.11872088909149,1.18500113487244,0.576690077781677,126.103958159685,236.167279869318,0.760828047990799,0,0,5.62976312637329,0,5.00148242712021,0,2.13600045442581,2.16453012824059,1.62690797448158,2.29375475645065,2.42244780063629,52.2804628908634,99.7919721901417,4.29070019721985,15.3025350868702,0,10.9663925468922,70.2103134393692,52.2073167264462,36.125433832407,0.962801575660706,157.623929470778,2810.46105730534,19.4045165479183,1.59555947780609,8.64878103137016,1.79921168088913,0,0,21.5878065526485,91.7488507628441
25.3234551548958,5.41422510147095,43.9802822172642,43.5745832622051,2.1591854095459,129.727365016937,364.197478413582,790.493216067553,29.180874556303,629.49799606204,11256.1902917027,664.92792776227,275.69002494216,2079.50212156773,26.6370268464088,1.30642974376678,58.8388258516788,0,3476.00713017583,32.8017463237047,13.6725846230984,4.8505117893219,61.541528493166,35.7103915214539,11.9081766605377,4829.52060297132,574.913820743561,123.937985152006,1134.58669215441,48.3253238797188,99.8855158686638,213.660410284996,1.621477663517,3911.91243737936,81.5898328721523,1574.85117939115,1924.91863942146,5045.18987885118,812.785806328058,129.574136734009,25.6133146286011,66.0637647807598,4.12999022006989,18.6727257966995,1.06447780132294,3.12734317779541,9.18762364983559,0,17.631666302681,0,13.1175543665886,1.63394105434418,2.14757758378983,0,0,0,0.486980110406876,19.3186100125313,0,38.8105673491955,6.41943234205246,57.3082493841648,0,0,1.00503087043762,0,28.1058910489082,4.80842190980911,0,0,1.3942294716835,0,3.81900203227997,13.6821094155312,265.095200449228,529.412510275841,0,0,0,71.28826212883,0,0,6.70700860023499,78.0304986834526
65.7496010065079,61.5259993076324,4476.33637151122,32.7005685567856,0,46.6241397857666,309.991042584181,291.220433235168,22.8249566555023,434.800810873508,2581.24758455157,434.153865158558,50.9632851183414,1281.00206556916,35.0898257791996,55.1046499013901,14269.7227709293,3476.00713017583,0,18.0240291655064,308.998292982578,23.545117020607,2181.39643490314,49.2139204740524,11.380276620388,21064.8784964979,7483.09510368109,143.490166097879,949.419321984053,320.486055105925,6.76453903317451,51.6154419481754,31.525851637125,6819.24813637137,174.007874518633,2292.22040393949,2049.30310499668,4444.78250679374,1379.22057771683,71.8759770989418,17.4282459020615,2.90288114547729,19.5452177524567,31.8078054487705,6.20387569069862,7.87161827087402,4.73631101846695,0,1.18023172020912,0,46.4007322490215,18.3909630477428,0.80434238910675,0,0,0,0,12.8539537787437,0,0,6.29320794343948,47.6360010206699,0,1.46597802639008,5.72904771566391,9.92965227365494,66.893818885088,20.2827484607697,0,0,10.9277301430702,7.41182109713554,5.3098252415657,2.0911340713501,587.511957883835,1729.52802354097,0,0,0.86976832151413,90.7768047451973,0,0,8.6747519671917,125.948879003525
25.5499686598778,1.81624341011047,4.46446967124939,20148.4158494771,53.5896291136742,172.686054542661,249.966450840235,186.205598324537,488.94633102417,6812.20342724025,39.296293258667,15815.5680026561,59.9691757261753,275.142626658082,258.761729061604,0,5.99372127652168,32.8017463237047,18.0240291655064,0,3.80564907193184,0,3.85137900710106,1367.11553876102,0,50.9256146103144,17.7201749831438,1039.41178244352,321.807598844171,9.90178844332695,5.53525093197823,15.727431178093,19.8510785698891,192.973912507296,100.412973463535,523.170876950026,5.59932726621628,223.934282362461,15.4213477671146,275.490737050772,34.2770346701145,0.446215361356735,126.875053584576,0,30.7634634375572,14.7901696562767,468.913323491812,8.83876866102219,1.4607754945755,1.01754248142242,0,0,502.626519948244,5.3677591085434,42.3244669437408,77.1890027225018,112.801331609488,101.899357005954,99.5089585185051,0,286.456820160151,0,52.0366254448891,70.2901788055897,1.06206446886063,0,0,0,56.9524272382259,0,3.42223319411278,0,529.663320034742,0,0,1.95070785284042,522.290467858315,19.9442985653877,1.80097478628159,0,0,1.42969882488251,30.2292974889278,17.7588256895542
442.479711741209,138.039839953184,1176.91157513857,9.20925736427307,24.0046686530113,94.3484722971916,1726.61148932576,663.483166903257,226.974297702312,49.7556039094925,40.5756093263626,27.5467597544193,546.899304687977,1785.03794044256,431.242544382811,9129.49572095275,1615.28501516581,13.6725846230984,308.998292982578,3.80564907193184,0,1456.43961107731,44888.3906159699,615.08239865303,27.1670827865601,245.203459054232,4766.87284600735,3622.16328024864,2078.66398814321,43157.3384642899,0,8.24804547429085,501.077821284533,18304.2159380913,4122.72512415051,11234.6337365806,1157.60017633438,11421.710510999,5085.38013923168,150.338001698256,255.465506762266,7.8982013463974,428.164715021849,27.0345597863197,52.9419168829918,34.2837624549866,254.95746576786,13.0697177052498,19.9526147544384,10.9092929661274,12.6519120633602,31.8823049962521,4.81976145505905,2.24132573604584,2.7240951359272,246.229702353477,61.8344133496284,50.5010331273079,12.7541102766991,2.89658230543137,16.7743111550808,0,73.7491069436073,19.4864286184311,2063.93176344037,5.32329455018044,0,1.6410918533802,3.25913849473,789.741098284721,783.379372864962,552.929236799479,1010.97553345561,0,6.21332058310509,453.640043616295,1497.35948905349,43.3753654360771,869.039552897215,0,2.14216929674149,1.92928600311279,63.5425680279732,891.155508607626
0.47135329246521,3905.22651106119,48.3573137223721,30.005935639143,38.7975718975067,8.56125104427338,49.0558614134789,4.81092032790184,8580.13478073478,6.18775165081024,473.814907550812,36.7106599211693,1131.92402267456,7.79542946815491,204.294957011938,12230.5751717985,105.741486638784,4.8505117893219,23.545117020607,0,1456.43961107731,0,1271.24552538991,22696.8060042262,1671.11523109674,51.1093665063381,15257.741117388,847.282615572214,8.36024984717369,51.1293179988861,22.0869710743427,0,1.77500122785568,130.62481084466,70.2341155409813,619.479050070047,156.513321757317,230.292264431715,137.689012676477,272.96074026823,20.1679449379444,118.623549520969,394.072388023138,85.3380994200706,122.240794301033,152.930585235357,38.6871606111526,2.29858386516571,40.2494595646858,3.76299500465393,634.840529203415,94.0470793545246,3.93205326795578,1.31322634220123,4.24484664201736,62.1223588585854,18.8460573852062,73.5407208204269,0.508049666881561,43.0334957242012,3.53876924514771,159.691481769085,29.8686859607697,7.62997549772263,5335.67749065161,24.8853037655354,2.51221764087677,4.43684294819832,3.86721408367157,427.246720641851,4533.353443712,1265.00266817212,1360.85001531243,32.4593280255795,86.8630355894566,7111.00404202938,924.817638874054,6.75149619579315,325.123240858316,61.7334754765034,0.701926529407501,2.21349120140076,37.0377622842789,42.0642961263657
1920.18354538083,185.581995844841,57207.8477779925,11.8958592116833,30.1946158111095,101.088195949793,1317.61703945696,1198.29705186188,126.053830653429,92.2323221862316,99.7152474224567,79.6047121584415,653.749355852604,5468.37457643449,426.063950419426,6333.12005615234,21505.1393782198,61.541528493166,2181.39643490314,3.85137900710106,44888.3906159699,1271.24552538991,0,851.628261357546,13.8454258739948,4221.26862993836,35806.8154830635,6418.66017568111,6163.03366103768,34735.8779108226,5.53020304441452,14.4624392688274,622.786348104477,26419.7955588698,5837.20281887054,29907.5736886263,8031.23715034127,21698.6810483634,14470.6779277325,316.360182851553,586.48906520009,5.4726694226265,591.715948969126,113.930376172066,146.092677682638,266.900367230177,76.6841904520988,13.9965594410896,20.2439530789852,8.8620383143425,94.4185835123062,525.500339329243,0.775424897670746,1.99345999956131,0.772654592990875,119.520084440708,18.9826569855213,23.5966925621033,1.74144002795219,0,10.9659754037857,2.2754964530468,36.5837751328945,28.2394382357597,7143.3211953938,85.5147200524807,2.43471527099609,14.6991257369518,2.80985122919083,901.84524923563,1473.09085384011,4263.87705367804,679.23573794961,2.07587397098541,60.4991249144077,8326.63271465898,1304.16485488415,14.7211545705795,405.796533226967,0,0,3.06265336275101,76.9745904505253,2914.30921202898
63.7399973273277,3385.37304237485,115.297080874443,10186.1444936097,455.82363447547,183.592358797789,3118.97703206539,153.952164888382,33765.9813339412,355.489339500666,278.454340428114,1485.96303763986,1300.66314914823,246.236150220037,2656.42846384645,4854.4425124526,181.429733484983,35.7103915214539,49.2139204740524,1367.11553876102,615.08239865303,22696.8060042262,851.628261357546,0,1440.61095532775,130.73739734292,12283.2147045135,17088.9721748233,834.011140316725,877.319368869066,21.0678091645241,33.981126666069,427.622054994106,691.070345699787,2626.62130185962,7440.76668918133,385.762701809406,1498.71830922365,528.812007158995,2030.20083421469,135.433852702379,93.2353530228138,3405.79523122311,54.8631039857864,464.516977787018,288.845434695482,1685.03330105543,150.885866492987,77.0231874287128,28.7156712710857,91.6349333822727,95.6168507039547,866.964084297419,21.2006341516972,224.431127756834,2095.21767905354,1229.26544710994,2733.99992331862,502.046529978514,34.800735861063,832.876031070948,64.0791325867176,802.340068668127,193.620971739292,2793.15931978822,41.0294001698494,3.38975471258163,7.13035687804222,237.661567807198,898.038377702236,1432.86752006412,649.100307673216,14096.0466383994,7.53410682082176,50.5080562829971,2057.18420013785,9733.68067184091,327.366176843643,1572.10774767399,31.3423672020435,39.6675239503384,28.54110917449,554.304634332657,648.720497310162
0,2846.40043872595,0,9.11194849014282,7.03291845321655,2.05540055036545,1.72126364707947,3.90925174951553,1826.07495066524,1.67750608921051,1644.98215514421,5.8408282995224,4580.73791873455,7.23630681633949,57.4451520442963,249.777556300163,0,11.9081766605377,11.380276620388,0,27.1670827865601,1671.11523109674,13.8454258739948,1440.61095532775,0,108.846024781466,8591.23385316133,39.0037076473236,2.50520718097687,0,66.011683255434,0,0,36.1150151491165,1.28352332115173,21.8756842017174,135.842272013426,86.7432290315628,19.5548928081989,80.4559502005577,0,1532.69791680574,8.47167748212814,65.6031459867954,12.9393931031227,4.63653206825256,6.12542909383774,0,248.602479100227,0,396.393427491188,0.675169348716736,1.02011847496033,0,0,0,3.04095113277435,31.8514191508293,0,450.581529915333,0,2326.04004302621,5.57985901832581,0,8.73724439740181,5.07938128709793,10.8818061351776,3.97601968050003,0.378372311592102,0,24.3459798693657,0,44.1662354767323,1259.18158763647,239.957170546055,2591.20009937882,3.26382541656494,2.94806826114655,0,582.057687819004,1.05694901943207,0,40.5253264307976,0
82.9185177087784,213.711941033602,31259.8354624212,69.7946216166019,4.30888438224792,211.602701365948,756.900459736586,867.914969712496,82.3598671555519,1129.44582587481,5612.05926516652,1068.00457373261,572.852330356836,2668.90724316239,83.9545770287514,89.274965763092,26408.2365268171,4829.52060297132,21064.8784964979,50.9256146103144,245.203459054232,51.1093665063381,4221.26862993836,130.73739734292,108.846024781466,0,33340.6619589329,379.496911585331,1549.25438690186,308.803868621588,183.607934087515,210.657366007566,19.7528802752495,7330.91643160582,685.786483317614,10021.978128165,11133.6531329751,14889.9606938958,4695.49946117401,242.434431046247,71.0091152787209,181.514757812023,228.069194585085,617.545813113451,139.171424895525,206.968783140182,16.6027220189571,5.53626936674118,35.1512598991394,0.515095174312592,450.905659615993,144.96339610219,2.59972432255745,0,0,7.99003186821938,1.06470501422882,48.0748146474361,0.347501993179321,301.418573766947,11.1084070205688,1550.86686456203,5.07382771372795,3.44597321748734,16.705209851265,207.38191768527,960.821628898382,358.420819312334,0,5.49450215697289,68.9586501121521,43.3208525180817,23.84323528409,83.517579048872,7343.38081270456,20198.3639690876,9.10867723822594,2.83305865526199,6.52013811469078,2513.02543395758,0.406593382358551,0,146.48791372776,589.592863768339
148.576725631952,24832.6658546627,45456.2625054121,56.4032983481884,50.1722108721733,61.2302619069815,866.336592972279,286.794649153948,6087.62564226985,447.736829429865,977.793674498796,478.150845050812,2511.51296412945,1125.5194631815,289.563649892807,15790.5630633831,22204.187319994,574.913820743561,7483.09510368109,17.7201749831438,4766.87284600735,15257.741117388,35806.8154830635,12283.2147045135,8591.23385316133,33340.6619589329,0,8177.08526572585,890.150683492422,916.176752507687,174.954693615437,52.8370889425278,65.1102169454098,10631.5083622038,2983.99734890461,39132.9663214386,16038.8278512955,22281.9802639782,12538.0368517935,631.090418189764,232.804983943701,126.393090873957,4312.07204967737,3647.14114224911,1787.15920838714,2079.61978104711,135.093359589577,47.0466627776623,162.604633301497,38.3784503340721,8543.91134884953,5799.47617286444,4.47761881351471,2.81347715854645,1.24139854311943,359.640149474144,36.7207500934601,220.518698811531,1.72953110933304,1092.17391386628,18.0627067387104,9697.20911210775,119.841456770897,23.7951629757881,8695.52553063631,2926.36809363961,1485.90593722463,1343.20405995846,2.83963921666145,596.370323210955,5166.29395011067,6511.55688419938,812.201585590839,1358.46431475878,18984.9036550224,173871.064876407,1933.7988922894,65.4838355481625,277.676278918982,8710.83410048485,0.592832863330841,3.96747428178787,1252.82529380918,2341.69038900733
680.777886688709,127.859763145447,1286.52492719889,5129.88934752345,226.354348480701,2382.93859490752,58382.4355609119,3067.35998763144,6370.18887516856,23245.0502988398,161.618939042091,2785.50782109797,915.683352917433,5103.26546467841,2598.93751141429,1953.06540134549,464.062525779009,123.937985152006,143.490166097879,1039.41178244352,3622.16328024864,847.282615572214,6418.66017568111,17088.9721748233,39.0037076473236,379.496911585331,8177.08526572585,0,3883.51972454786,32995.3824045658,14.7733281552792,69.1037605702877,1342.26132673025,3413.27500571311,5359.11893814802,11274.4338476658,487.966175973415,5569.44025060534,1907.91718563437,1541.3999543786,453.367888152599,18.7989981770515,2568.99544239044,36.4828788340092,352.021958976984,200.647278517485,2307.27201473713,127.61589384079,48.6421069204807,16.5582410395145,26.8826818466187,72.7721913456917,1811.83489689231,48.1775608956814,408.458906888962,1584.38492575288,1181.5773473084,1389.79649919271,961.384049832821,3.47557234764099,1219.20310428739,4.12223464250565,530.91464394331,361.022120416164,955.299891829491,13.4225599765778,0,0.345701098442078,448.149008244276,348.212264627218,362.231058001518,336.054681569338,8785.9266718328,2.32565441727638,17.4066765904427,1070.62060835958,7674.21536377072,225.158574283123,832.507530540228,0,11.4896249771118,16.0282964110374,499.2308845222,828.659653186798
16483.3472220898,7.99966117739677,1283.99223324656,661.773550629616,8.89295923709869,347.535297840834,7524.31421867013,1279.92551845312,185.423627018929,3539.08294889331,1786.27252092957,1573.54148077965,270.789331644773,17382.1384037733,385.400432437658,29.2446499168873,1965.57959908247,1134.58669215441,949.419321984053,321.807598844171,2078.66398814321,8.36024984717369,6163.03366103768,834.011140316725,2.50520718097687,1549.25438690186,890.150683492422,3883.51972454786,0,19536.0441883504,134.804240167141,4333.77632638812,3935.9339235127,10178.1841689348,575.34083417058,1510.46552067995,120.994622707367,2861.24718508124,485.427651971579,334.858928114176,555.688198566437,12.727691411972,141.177253484726,5.95352187752724,17.6835632026196,17.6547929644585,155.214196175337,5.54576361179352,3.39772433042526,0,2.24926534295082,9.99271064996719,24.5175166130066,0,6.9230500459671,75.300702393055,41.5782190561295,62.7663679420948,11.8862675428391,3.0291959643364,55.6177298128605,3.07606315612793,14.5348907113075,12.7079296708107,14.0536622107029,1.09505328536034,2.71734845638275,0,10.4704139232635,1.51582407951355,6.95008489489555,8.40162932872772,484.211282432079,2.2345455288887,15.0109568834305,96.3972486555576,294.474425971508,4.88456526398659,4.61476296186447,0,0,4.91468638181686,22.9800311326981,113.627692073584
19725.3320512772,5.20842817425728,4743.219150424,28.4412351250648,21.9222843050957,175.445615038276,16543.3907936215,2235.93390290439,54.3606972098351,132.906616151333,60.6712572872639,77.0778572559357,328.117539405823,20173.1252782047,634.172109723091,215.307773947716,5121.39375081658,48.3253238797188,320.486055105925,9.90178844332695,43157.3384642899,51.1293179988861,34735.8779108226,877.319368869066,0,308.803868621588,916.176752507687,32995.3824045658,19536.0441883504,0,6.16114172339439,19.983243316412,3296.73965340853,14416.9209538698,2818.11234983802,3551.68730142713,283.452051222324,8714.23649418354,2620.92566710711,220.794396162033,280.589562982321,1.934226334095,104.837813973427,9.40518987178802,8.71013760566711,19.7424067258835,56.2632055580616,0.926646649837494,3.13041186332703,0.918221920728683,4.2682449221611,41.5099712610245,0.430063277482986,3.18084263801575,0.808573573827744,47.0740958750248,7.58350479602814,8.90161624550819,4.16468480229378,0,1.48185908794403,0,16.638502240181,5.38677245378494,233.368077546358,3.62951529026031,0,1.47183042764664,0.527530252933502,96.1831759512424,93.932730615139,73.7818615734577,210.841641843319,0,1.94123405218124,310.597441703081,288.647718012333,13.5173596739769,122.710402309895,0,0,0.587032496929169,12.5964261591434,571.639727503061
