0,0,0.0165811799517725,0.00162131540267391,0.000104832246765662,0.00566322752048554,1.28116255927317,0.296518556682001,0.000489011829873145,0.00520116055642335,0.00205620318551658,0.00138305732187152,0,1.02891556091157,0,0.000214789798249328,0.0205307502211274,0.00067858912683121,0.00195724526419644,0.000635550274708784,0.0369592268530434,0,0.0628397120483055,0.00144361924312998,0,0.00354055238269528,0.00999077473541446,0.0462846952117237,1.4778414618378,0.78792241669634,0.000327736771822727,0.00170798443719161,0.000823538131507456,0.0146642864371853,0.00209208115305919,0.012922907982497,0.00107051874535054,0.0086316959532119,0.00181224074758024,0.00246902239977251,0.00107358924825327,0.000520808725574857,0.000475863676835001,0,0.000120297630282998,0.0002574382293244,0.000335044934540409,4.11697442795157e-05,0.000284178166449332,0,0,7.52996497140408e-05,8.54027921613455e-05,0,0,4.03156152971805e-05,0,0.000551391904975206,0,0,0,4.75083748370051e-05,8.24933050193548e-05,0,0.000794249060171092,0,0,0,0,0.00122395413529533,0.000957497441105794,0.00048233722600823,0.00230168691397806,0,0,0.00110897013485432,0.00104697921243652,4.17787601786912e-05,0.000101254202115858,0,0,0.000100992812131584,0.000166672486626339,0.000260346899814093
0,0,0.0015084867364981,0.000460584418584525,0.000601170101073468,6.7589252563107e-05,0.0001130735955122,8.92642508870841e-05,0.0898255150822139,5.18654139056921e-05,0.0802357564802889,5.50635723227858e-05,0.249464114832225,0.000245154155666435,0.00341715672067099,0.0271090881722524,0.00204391615659812,0.00267394306984255,0.00226507764706281,0.000561119706370246,0.00816042771411567,0.349210520836569,0.0040297400658806,0.186249943716137,0.242388177694558,0.0188584574705373,0.866258658010182,0.00443055274576202,0.000418364331847895,7.01672146006584e-05,0.0252798659823085,0.000372776850817644,0,0.00396700805957481,0.000872363735876628,0.0060842195867765,0.00918085065197706,0.0176114067519823,0.00208783675841482,0.00508655135600246,0.000359369553589046,0.0420636687181232,0.00870144125716301,0.00353239699170718,0.00899692589811663,0.00542675770405264,0.000330952784300685,0,0.00204069884768463,0,0.287067155848327,0.00588482037179809,8.31114291436911e-05,0,0,7.11552413833618e-05,0.000147520747396141,0.00102452657227403,4.7208658339572e-05,0.00579205057456896,0,0.0117541018332996,0.000103238386475706,0.000140340615342474,0.00430847072510388,0.00651521623068649,0.000753712463866156,0.00555044659018858,0,0.000811745184885377,0.0166117388076945,0.00267240999655599,0.00494585142896111,0.00485629876710684,0.0250267325696904,0.396443018596539,0.00126328750162482,5.19357327726245e-05,0.00023968440997749,0.00391788126873406,0.000168475312927115,0,0.00254544059006666,0.000911282388304939
0.0165811799517725,0.0015084867364981,0,0.000372406534729051,0.000315779353979873,0.00221585307997365,0.0178767632496439,0.0486057295118542,9.67146284983818e-05,0.00428720237879168,0.0131626733584458,0.00134439785701832,0.000392427232836908,0.0608554482894374,0.000368106319348073,0.00765072587067145,1.88766729964085,0.0478885472859292,0.284929437263189,0.000810948119482362,0.292629288028537,0.00140307218091544,5.46021571005696,0.00636502908546505,0.000244525971406603,2.69101833772561,3.27883061355515,0.112779497304404,0.0391194378263421,0.164730335781354,0.000356991385536194,0.00322332411910426,0.00157365052918418,0.376805628576186,0.0471414294986363,0.418293783996762,0.111194635162536,0.386924393316539,0.252976187726735,0.00529037914368679,0.00996987215490626,0.000721366568553055,0.0237647172183909,0.00339686751749572,0.0219094006894161,0.0211191042965483,0.000571215274367488,0.000312077831502617,0.000310603720511967,9.25596674887895e-05,0.0229594640135003,0.0513689767337047,0,0,0,0.000290027300723493,5.1915250112176e-05,0.000571682251463699,5.77748273275971e-05,0,5.23352492849469e-05,0.000109303275182914,0.000343146873083568,4.66540799721718e-05,0.019802881400625,0.0205160551168178,0.000462616563402611,0.0058164162457078,0,0.00466184732684501,0.0195439064001103,0.0254672918623804,0.00842390657246995,0.00040639801759907,0.023269291835216,0.642606294490587,0.00234841180791262,0.000575368140153527,0.00216636750315394,0.000215335837496138,0,0.000101211779581016,0.00523949949800978,0.0334380398917561
0.00162131540267391,0.000460584418584525,0.000372406534729051,0,0.00652956321398583,0.0172115032613123,0.0396540787890648,0.0362704118205082,0.459095971916107,0.796197992690714,0.00637212715417092,0.269720656195351,0.000376409325343108,0.0297267187889333,0.051691034224723,8.77305064144133e-05,9.1424071635842e-05,0.00121062206960765,0.00116053578887793,3.18132845864769,0.000862132738855967,0.00159020220827605,0.000541603227255428,0.560650288050216,0.000471671228932893,0.000903717097507157,0.00291197993229761,0.738627842474295,0.0451903248931681,0.00402427863728491,0.000106004842071784,0.0095336365435907,0.000712134990614646,0.0160261898869805,0.0098546981501,0.162818130950885,0.00159623137354931,0.0192123296883498,0.00552868093069934,0.0699275949256878,0.0186100825249769,0.0025364863906333,0.00846973962595028,0,0.00309336423653333,0.000728349874642718,0.0649074039978795,0.00064051926707288,0.00176127273246848,3.01175701967359e-05,0,0,0.167521308790223,0.00399417376347937,0.0129790911544958,0.00780865102865169,0.00593830678181839,0.0788675297683117,0.131603834010908,0,0.0663475746255408,0.000175138210591745,0.00251953772154715,0.0210668432503328,0,0,0,0,0.0536974753966171,0.000101114590301442,0.000157185482817471,0,0.131427305756024,0,0,0,0.0738358379746798,0.000445085039363248,4.69791637316108e-05,0,0.000150986749902702,0,0.00206880934173679,0.000864694227485445
0.000104832246765662,0.000601170101073468,0.000315779353979873,0.00652956321398583,0,0.215931798340637,0.00409987272843294,0.0256698607269546,0.0403121395611993,0.00581637650026127,0.000171471099800694,0.109659366592098,0,0.000440311387676787,0.280850290437644,0.00145389625340357,0.000296885092459035,0,5.75412596662998e-05,0.00732120872283003,0.00627404365053863,0.00193708093736568,0.0103957711735071,0.0327823965329214,0.000346961609089708,0,0.00354331308599673,0.0182604827512631,0.000830355218230021,0.00264821025129983,0,0.0284011082987541,0,0.0751108425457201,0.298588674581444,0.038809108751102,0.00300513403589002,0.00192126225985608,0.00270027192461699,1.74734852661089,0.187099890713928,0.00266399038792503,0.00585138084890405,0.00493940494415544,0.000951559337667843,0.0141041088693948,0.0244457101612612,0.000194596549167025,0.00136248424270135,0.000104751826930618,0,0.00122086222334221,0.00611978561355759,0.000584601037495804,0.00184895811118731,0.000723296550168663,0.000938769340255171,0.00178560676343485,0.00567983534697493,7.28462730886221e-05,0.00851385136268528,0.000368685346243644,0.000458825839526069,0.00630908992917284,0.00106709611473712,0.000154784826201964,0.000342970792639971,0.00081939596386652,0.00355117170298771,9.56906919829132e-05,6.50150777505875e-05,0.00272485489162009,0.0040024664107504,0,0.00121078108457025,0.00467007670142723,0.00291752854873427,8.4874030214715e-05,0.000278814465613318,0,0,0,0.000503223310139942,0.292532851891233
0.00566322752048554,6.7589252563107e-05,0.00221585307997365,0.0172115032613123,0.215931798340637,0,1.02666455741447,2.03153053569256,0.0234382365343636,1.50320827166322,0.0305588163118727,0.857182608707445,0.00228635118677322,0.314173750850019,0.355832526319171,0.000943303475478752,0.00310099807763541,0.00704583603832652,0.00721073720611855,0.036499999368605,0.0101932969819026,0.000730982787171769,0.00849096680533055,0.0272076164323823,0.000252113084685004,0.0097196968687306,0.00592743718822108,0.17938256401049,0.0512118410003244,0.0298611528210645,0.00156858454149544,0.0681346907614813,0.000780497628216166,0.0447887742530937,0.361002037622973,0.3133327085855,0.00811159024276779,0.0357335620123785,0.0333482810889976,0.987797197661406,0.174117000773666,0.0194774714396337,0.0127678968211107,0.000351050612666047,0.00496118344039799,0.00260221575842038,0.0301778790655196,0.0016627348766741,0.00513246870331217,0.00011265643931024,0,0,0.00714746048507389,0.00135643354587986,0.00183736592322046,0.00261414801571634,0.00254184175140772,0.00799716345184581,0.00544173273890581,0.000548185735709477,0.00832943163076304,0.004217657448138,0.00153021088708226,0.00499276077657736,0.000316561142880839,4.72150180193424e-05,0,8.87438800428154e-05,0.00238608117883198,0.000391871033925104,0.000392635456204546,0.000228927366379083,0.0502718362004004,0.000327117376783251,5.7876122837007e-05,0.000446354446247256,0.0222443356706567,0.000871441715015909,0.000165210576931429,0,0.000730703711561167,0,0.00176843847612947,0.0314592121023483
1.28116255927317,0.0001130735955122,0.0178767632496439,0.0396540787890648,0.00409987272843294,1.02666455741447,0,1.68236795989992,0.0924291984209591,1.85717537128393,0.0682566541174565,0.0271742770438202,0.00515218470334358,2.01476911337678,0.0257129593988579,8.73163514096501e-05,0.0112333217237317,0.0201813363583093,0.0219766812946233,0.0112072967452773,0.055300541925321,0.000163800060186446,0.0409776422636979,0.24053025668659,0.000102620346568638,0.021726487102947,0.020261204748888,3.60215384097041,0.744865443317177,1.29602122434606,0.00316413581466711,0.0506324469302243,0.023621539205888,0.132920271849716,0.090143958940407,0.519424537449861,0.0157792311772833,0.156181979879096,0.0349883223467283,0.118886902359387,0.0885191596326764,0.0123560848785592,0.0265194219866885,0.000420306234035015,0.00861378028103568,0.00180049811439583,0.0380946124486483,0.00176634154271174,0.00238172926936054,0.00018514596294657,0.000263909846604538,0,0.033671646834029,0.000798266946092469,0.00531562502819277,0.0101912775896206,0.0142431943463001,0.0259426970782715,0.0346624649215266,0.000267819028448939,0.0129424484431169,0.00276766870499366,0.00847119132238739,0.00312751585726287,0.000759066632838631,0,0,0,0.0111567807829411,0.000602529867982209,0.000461599149897373,0.000257077414474887,0.118895151175398,0.000173376385340404,0,0.000547024060575801,0.0831024627531701,0.00294596777340879,0.000432579673348838,6.90820776515723e-05,0.000253024637084079,0.000343165012972736,0.00509078249791126,0.0114169879331306
0.296518556682001,8.92642508870841e-05,0.0486057295118542,0.0362704118205082,0.0256698607269546,2.03153053569256,1.68236795989992,0,0.0255872271465908,1.10824669119701,0.0845956933503338,1.07546376346239,0.00736738399445581,3.19725751194703,0.0742517596484637,0.000625312160052932,0.0747932072447595,0.0187739066993745,0.0191306707008385,0.122533785397796,0.130262725310342,0.00045092489697771,0.211682950455554,0.0427816696737055,0.000401997124301982,0.0281754247467597,0.0379862699266134,0.411965930359422,0.246240206138094,0.934164194922082,0.00480598812136642,0.0834102801555709,0.00323069582757889,0.132752570064742,0.0685981396390417,0.482873379020547,0.0201791983472809,0.094195184071703,0.058365161478596,0.710167243102369,0.0504623045977216,0.0454735933089574,0.0415203522130434,0.00135823866391115,0.0182814782897711,0.00500638177384807,0.0731193064470977,0.00508193159478544,0.0113233568561075,8.66715737959384e-05,0.000164455188868034,0,0.00726921655427953,0.000355021262908101,0.00281406749945749,0.0157414572774219,0.00504359289564266,0.0354938057701753,0.00569277869127286,0.00165486307330055,0.00928975040139525,0.0064188391603114,0.00194090024662468,0.00601715974692983,0.00265621650371405,0,0,0,0.00319700299445423,0.00301242277249116,0.0032622913087515,0.00117372416969787,0.257565040999602,0.000305132928487265,6.55649501591206e-05,0.000599068211597097,0.118475321174702,0.00205311489490599,0.00213154720497079,0.000340509259699726,0.00228648956595307,0.00142826766776649,0.00541006878143801,0.00603847292745319
0.000489011829873145,0.0898255150822139,9.67146284983818e-05,0.459095971916107,0.0403121395611993,0.0234382365343636,0.0924291984209591,0.0255872271465908,0,0.190698634084858,0.0294381009917955,0.125695570394606,0.0794970951530619,0.00769980520125349,0.204370295586233,0.0102172505192511,0.000930152037967144,0.00243594085386123,0.00182372136553096,0.206156310486966,0.0189218063198441,0.808469933388873,0.00535895307986225,2.58361777086812,0.0853802715578475,0.017963426001043,0.354963378761655,0.519510288582508,0.0093091667206578,0.00185201341414915,0.0199513905346412,0.00708524192082802,9.06149708195868e-05,0.00818135700425802,0.0030351413427143,0.0589958617675968,0.00443743262539019,0.0106781197376684,0.00267629466096718,0.171209414726769,0.00969695548328393,0.00910542428845083,0.0464497076152148,0.00200757099503603,0.0109460184994541,0.00369759936383505,0.0890723118597524,0.00198573739773171,0.00111045535997234,0.000697113679648602,0.00355618870685082,0.000525391135157401,0.215285350129392,0.0157945675833304,0.0183044923783884,0.012791921269399,0.0142218222366574,0.414788804250627,0.099592261681091,0.00280882277720517,0.0658951344302242,0.00401374391706647,0.0121469870753697,0.0377561932777993,0.0179955860518135,0.000142502554283131,0.000812825730717325,0.00197865391902955,0.0437797141846819,0.0186338835601649,0.0485577177270203,0.00661358033604836,0.542620425001129,0.00179456804222282,0.00126805639886368,0.0123482229464703,0.142913583857468,0.0124033956796849,0.0147087044695728,0.000166241095154011,0.00173910615284578,0.00215891928711919,0.00703355300079615,0.00551312336500184
0.00520116055642335,5.18654139056921e-05,0.00428720237879168,0.796197992690714,0.00581637650026127,1.50320827166322,1.85717537128393,1.10824669119701,0.190698634084858,0,0.104939351926759,0.782709741625791,0.00678114750609974,0.38850411177646,0.0251135877192668,0,0.00778518295791782,0.0284372974388946,0.0244721958515574,0.813341122169673,0.00182733736154427,0.000567664408926976,0.00276948018525675,0.075502870746932,0.000550232825264615,0.0265662986580047,0.0145093144470369,0.768853313695521,0.233395784415754,0.0223671472170208,0.00368341034405849,0.0706408855175846,0.00110134774730073,0.132875989958372,0.0956490670902353,0.716808576121369,0.0205359634078409,0.118714889454171,0.0369516989342964,0.201043796195115,0.0849848103928186,0.0313047884686975,0.043216821480236,0.000619914481377244,0.0148503070883359,0.00277989124134894,0.159312089008075,0.00418738118963957,0.00639285865367874,0,0.000274885311516154,0,0.205800769156906,0.00659804167329951,0.0258568107539405,0.0324192224770003,0.0162806434741832,0.0732397114237732,0.183119345274622,0.000797414858740878,0.0859555580353234,0.00291876954122239,0.00574610283503358,0.0256008823309684,0.000256029858843738,0,0,0,0.0648261870055602,0.00015728900880847,0.000480140413462413,3.63127455699325e-05,0.316023269615977,0.000247967709131759,0,0.000116157029593659,0.215049191084887,0.00244853156259282,0.000689131566965902,0,0.000131923461772489,0,0.0074214095966038,0.00731926192072911
0.00205620318551658,0.0802357564802889,0.0131626733584458,0.00637212715417092,0.000171471099800694,0.0305588163118727,0.0682566541174565,0.0845956933503338,0.0294381009917955,0.104939351926759,0,0.0632121828382582,0.549890828860664,0.124429008870118,0.00178965246402309,0.00441507577599021,0.0187478411945498,0.747719627648555,0.171992592676731,0.0156418838222964,0.00995656269007098,0.0516325352743548,0.0233544375222656,0.0328664800794402,0.155517973416313,0.349709987668636,0.0906349004456508,0.0471835776587217,0.169600042639373,0.0295765866401401,0.102887217167732,0.113392800431637,0.000440823903346765,0.994341249359009,0.016421869361033,0.171035556069965,0.492105356779159,1.15517072885688,0.125620165549868,0.0264372505906928,0.00835454997970046,0.441163603156019,0.00248507728375114,0.00679647690424927,0.00440790996342418,0.000649701679990912,0.00200395228620587,0.000355202692424249,0.024522870936042,0,0.00678574886456763,0.000260462422937757,0,0,5.16927429854393e-05,5.33871637977362e-05,0.000589251101617157,0.00422602524018064,0,0.135747910329044,0.000326970803007996,0.317247885362132,0.0006292518795892,6.60565084895014e-05,0.000981468544134829,8.0816457543695e-05,0.000167732927499526,0.000252346700835031,0,0.000330961627113849,0.0006797023004745,0.000343920988004971,0.00658597341787556,0.0906902831810039,0.00720334127624718,0.044622727679413,0.000907370710566952,0.000561228943823254,4.85049509484529e-05,0.0738104962968593,0.00233435497862271,0,0.00886839987833825,0.00460498220679271
0.00138305732187152,5.50635723227858e-05,0.00134439785701832,0.269720656195351,0.109659366592098,0.857182608707445,0.0271742770438202,1.07546376346239,0.125695570394606,0.782709741625791,0.0632121828382582,0,0.00434233354440435,0.17301138147548,0.541996048050871,0.000842596096085501,0.00431834308671585,0.0130191031103962,0.0109067930179972,1.4524392720496,0.00223194222762025,0.000890568099744298,0.00290984918181863,0.129606118615696,0.000526896763822675,0.0101697030624976,0.0052701342260344,0.0500900687356666,0.0714337816298937,0.00684080190207578,0.00133633261423577,0.059210035381271,0,0.0719843977151858,1.00093939025557,0.335271147625066,0.0123094948062629,0.0563383870068546,0.027736176788393,0.584203999995333,0.036770914821011,0.0291852797521744,0.0281357326939807,0.00100027475012164,0.00768852582939733,0.0034818189408279,0.18470463389784,0.0047622525704084,0.009376398718465,0,0.000126552176278257,6.96894525900364e-05,0.129427436141787,0.0182476760277905,0.0316430550174403,0.00783904284600232,0.0176832599911888,0.018806219752505,0.0952127471927465,0.000790955851082629,0.136427115272956,0.00349000057187515,0.0108133779046742,0.0518627465151238,3.84229929721653e-05,0.000246637456547475,0.000482508927153879,0.000316971033429384,0.0435095932481925,0.000169774680742305,0.000685669772770715,0.000396658604429168,0.0799218810822368,0.00016320238299402,0.000260233974665553,0.000149365281660997,0.0517933119167477,0.00395470596597348,0.00033876815189637,0.000103276728301096,0.00129542957838861,0.00016287318534863,0.003061699778866,0.100963385030697
0,0.249464114832225,0.000392427232836908,0.000376409325343108,0,0.00228635118677322,0.00515218470334358,0.00736738399445581,0.0794970951530619,0.00678114750609974,0.549890828860664,0.00434233354440435,0,0.0062405164268439,0.00175120639296739,0.0118039029824315,0.000181703625492382,0.001914155544844,0.00045009143695463,0.000536966714458143,0.00384389675843272,0.15849935111852,0.00121768238345697,0.0913394124362231,1.21589201052443,0.00797061632888047,0.686498123087137,0.0060994737380729,0.0101607907011823,0.00214973103513723,0.113488177164196,0.00892720202108021,0.000166818953215981,0.0399242229108232,0.0032005404693491,0.0547662578396526,0.158893429262466,0.183063154352082,0.0195050672691995,0.0105601219840033,0.00239218220440337,0.624083738622851,0.00177540296093571,0.0137020527649327,0.0109853916801352,0.000343776006701696,0.00220300694537161,0.000697760942947745,0.0488733280620469,0,0.0196926472770804,0,6.83759490339756e-05,0,0.000248178336519599,9.16165565824744e-05,0.00096149674818739,0.000841309960589576,0.000104009995295369,0.264820792090594,0,0.706950342372122,0.000869160667337597,0,0.000888852782841325,0,0.000732549800017428,0.000349357217773199,0,0.000531208019321907,0.000238133497942293,0.000136614276843512,0.00174964306781726,0.355136049222541,0.0154250159655055,0.164627061120203,0.000641617358169043,0.00256616896843148,0,0.151232715387114,0.00344537937170813,0.000113867595917058,0.0208534018164845,0.000634256922048175
1.02891556091157,0.000245154155666435,0.0608554482894374,0.0297267187889333,0.000440311387676787,0.314173750850019,2.01476911337678,3.19725751194703,0.00769980520125349,0.38850411177646,0.124429008870118,0.17301138147548,0.0062405164268439,0,0.00438246885308229,0.000854951473697233,0.110678341243046,0.0380309501886059,0.0450412817451101,0.0450965903284345,0.161621676063262,0.000171973366484332,0.274343849112931,0.0251627676256834,0.000133169714011812,0.0489800535232105,0.0647926881401165,0.323643413695557,2.74327799690315,1.74513862716607,0.00499887757374626,0.139246192370261,0.00398604513061421,0.181750935581489,0.0153890566619461,0.159025069575575,0.0138480169679448,0.0843575625039595,0.0288728625557053,0.0516229297079446,0.0183392137723221,0.0146752319233015,0.0118704228058421,0.000533772902162498,0.00419621878388498,0.00159204284557823,0.0199527121307111,0.00245672545618473,0.00332603697706603,0,0.000291164593681997,0.000126077645148289,0.00114083138020508,0,0.000720881591929787,0.00527821106783163,0.00149867754804545,0.0131972412396118,0.00098582147697368,0.00112757173371196,0.0023638956350117,0.00217671455412227,0.00032777785708943,0.00119109881483079,0.00143646468505344,5.99086325965881e-05,0,0,0.000799561967786211,0.00329279174851386,0.00268613155690108,0.00110448356452303,0.098008748171588,0.000392711353827489,3.83106777608097e-05,0.00166678437469552,0.032520809684403,0.00119914586157933,0.00143335415597995,7.58232718552708e-05,0.000620229984784413,0.00077881085075897,0.00180148634278957,0.00126059170942086
0,0.00341715672067099,0.000368106319348073,0.051691034224723,0.280850290437644,0.355832526319171,0.0257129593988579,0.0742517596484637,0.204370295586233,0.0251135877192668,0.00178965246402309,0.541996048050871,0.00175120639296739,0.00438246885308229,0,0.00064275885943892,0.000345378589859009,0,0.000128746179029763,0.0391092947700137,0.00309393301189053,0.0143430697024679,0.001947389340264,0.230422471644981,0.00291428804179145,0.0007563900268596,0.0145086219514086,0.118783315744715,0.00361868222516522,0.00762570724518776,0.000369335449961561,0.0178484800234227,0.000152292280890703,0.00312862186223021,0.229950365245006,0.0474438688756093,0.00114536742180137,0.00237230619921846,0.00194224717678012,0.331642303951031,0.0263309890110028,0.00775828279616407,0.0100101117500827,0.000497438441297555,0.00163256722527519,0.0027511945951099,0.0738976910691581,0.00180114595190361,0.00370977097681547,0,0,9.68923856312279e-05,0.031132526293128,0.00667067310558484,0.00851303757887851,0.00191019054991911,0.00392387712480171,0.00730133407022547,0.0245257384242875,0,0.0282521958635525,0.000955283231313991,0.00197714779016474,0.0206146713967531,0.000522312965931225,0,0,4.44745013418794e-05,0.0120045625598697,0.000792836200654828,0.000428233396226215,0.000484075462768352,0.0178941955759495,0,7.878323831743e-05,0.000626672667052817,0.0138461209258882,0.000652880192816163,0.000707579104367518,0,0.000383494860988248,0.000169815985484314,0.0012665148579136,0.0336121836469804
0.000214789798249328,0.0271090881722524,0.00765072587067145,8.77305064144133e-05,0.00145389625340357,0.000943303475478752,8.73163514096501e-05,0.000625312160052932,0.0102172505192511,0,0.00441507577599021,0.000842596096085501,0.0118039029824315,0.000854951473697233,0.00064275885943892,0,0.021096998302318,0.00142375240741914,0.00337415287230769,0,1.36672582881467,0.605130197932247,1.22824663585392,0.110937136365684,0.0157240583470912,0.0047207488076829,0.905926061466578,0.0485517308975126,0.00139110442986898,0.0101760067454408,0.00176510663428324,0.00187811362669646,0.000101379542931366,0.0521218659533576,0.105752269150606,0.456384032066678,0.146159933355408,0.195698003370057,0.173675889870629,0.00459475429263446,0.00640182317865959,0.00191663377321966,0.0771080283572295,0.00536639845037414,0.0313340595813394,0.0295548692090731,0.00519681866115071,0.00184063763138514,0.00166082587536644,0.000348939398041249,0.00384614017120029,0.00645967084116402,0.000242375937725228,0.000226861243721324,4.0894759586519e-05,0.001110313295649,0.000812110070236188,0.0230481448862663,0.000116935107830745,0.000192598420469189,4.93620428474069e-05,0.00080320320090757,0.000695695861521667,0.00172235544538073,0.807318114722715,0.00449889866751182,6.48779363093734e-05,0.00079181773060568,0,0.15082738131944,0.190626195992453,0.419664063379602,0.124362695988952,0.000132716625108743,0.000764767567689055,0.149741689968078,0.0376679194168825,0.00503453621910609,0.0205448834814163,0,0,0.00227846804214088,0.00884429446407863,0.0293916710445986
0.0205307502211274,0.00204391615659812,1.88766729964085,9.1424071635842e-05,0.000296885092459035,0.00310099807763541,0.0112333217237317,0.0747932072447595,0.000930152037967144,0.00778518295791782,0.0187478411945498,0.00431834308671585,0.000181703625492382,0.110678341243046,0.000345378589859009,0.021096998302318,0,0.0515265720483738,0.738329111242339,0.0010981771381385,0.224843678356823,0.00314315683123243,1.51303160809122,0.0132582342843785,0.000227050775959492,1.14490246491409,2.82437862104745,0.068433401648587,0.122316096991744,0.17243121161377,0,0.00885264407029544,0.00581475963844894,0.656238565140966,0.0269335045875698,0.250957560313577,0.105927150416865,0.278578443424426,0.112560904912748,0.00530050948575969,0.00599982563582331,0.000573467083341498,0.00350131436307362,0.00100058916125636,0.00240648980464564,0.00323307873987118,0.000257971105156982,0.000187626646383202,0.000777931477012474,0,0.0103062613297537,0.00783320341968234,0,0,0,0.000140757437227398,0,0.00109590923601014,0,0,0,0.000468376876531213,0,4.44085362525105e-05,0.0130597810819741,0.00298731788555647,6.15713775078774e-05,0.00172480555539697,0,0.00459846514791626,0.00997346496565044,0.0110715898992908,0.00480267032849175,6.69391922298431e-05,0.0101461599388655,0.151819878081673,0.00158515652970915,0.000130368668086839,0.0003565953372441,0.000455092281310385,0,0,0.00162893849969418,0.0112791565151502
0.00067858912683121,0.00267394306984255,0.0478885472859292,0.00121062206960765,0,0.00704583603832652,0.0201813363583093,0.0187739066993745,0.00243594085386123,0.0284372974388946,0.747719627648555,0.0130191031103962,0.001914155544844,0.0380309501886059,0,0.00142375240741914,0.0515265720483738,0,0.311857651482748,0.00331822031048279,0.0090428528283307,0.00144640002842185,0.0358509094887871,0.00313546377263059,0.00439752224827549,0.225121787107249,0.273325106950133,0.0107291025826755,0.0660334563244708,0.012529789333544,0.00424111250857994,0.0299585452097213,0.000417824672697163,0.360160127282582,0.0224177176857939,0.123553483337267,0.321342895906113,0.347005922679923,0.145705445608617,0.00458094606761629,0.00480656369280196,0.00110723091555941,0.00105196377733913,0.000635874079896968,0.000451020506545496,0.000724933139238071,0,0,0.00049533973166107,0,0.00389461743253176,0.000663078273645145,0,0.000116356660247898,0,0,0,0.000634285203738069,0,0.00175610672784157,0.000136161218564904,0.00702097214803699,0,0,0.000640208372647119,0.000253637159484059,0.00118126566528931,0.000490409647674894,0,0,0.000696945377818143,0.000292350064022004,0,0.00207261939475241,0.0202778843004175,0.073924947510789,0,0,0,0.0207610392888604,0,0,3.66851109453857e-05,0.0101796735729556
0.00195724526419644,0.00226507764706281,0.284929437263189,0.00116053578887793,5.75412596662998e-05,0.00721073720611855,0.0219766812946233,0.0191306707008385,0.00182372136553096,0.0244721958515574,0.171992592676731,0.0109067930179972,0.00045009143695463,0.0450412817451101,0.000128746179029763,0.00337415287230769,0.738329111242339,0.311857651482748,0,0.00263044714508507,0.0329458457567286,0.00221693975069784,0.179435733587491,0.00371694898302113,0.00184888851709929,0.623211568627523,1.09935686046876,0.0195679690830385,0.0697063154697986,0.0285634497413752,0.000486055114707947,0.0205043229750633,0.000355678254577744,0.663391704253522,0.0276280566280187,0.241434349352281,0.284461620865338,0.413956765725712,0.1736569730006,0.00534596886722089,0.00569735413379049,0.00120126365025513,0.00164950872823743,0.000834655581629229,0.00212985900347615,0.00249459306689739,0,0,0.000117377460308135,0,0.00696726139852637,0.00360399876580689,0,0,0,0,0,0.000486350043581283,0,0.000409981901312804,3.08908684658408e-05,0.00178757221838465,0,0,0.00196186015867617,0.000981540557555285,0.000561134219812804,0.00187770529799543,0,0.000210274532797908,0.00142177745123026,0.00159544635121565,0.000677418152069491,0.00062675272960248,0.0255475929893557,0.125101333184103,0,0,9.99411987593289e-05,0.00775894512925015,0,0,0.000285977284638268,0.012075655842864
0.000635550274708784,0.000561119706370246,0.000810948119482362,3.18132845864769,0.00732120872283003,0.036499999368605,0.0112072967452773,0.122533785397796,0.206156310486966,0.813341122169673,0.0156418838222964,1.4524392720496,0.000536966714458143,0.0450965903284345,0.0391092947700137,0,0.0010981771381385,0.00331822031048279,0.00263044714508507,0,0.000526900280531633,0.000577614260633874,0.000459496377415705,0.120963862138605,0.000652694047132993,0.0028067958997944,0.00385983610397545,0.181070449200383,0.0320654216192863,0.00349134948241241,0.000144018225219631,0.0122672077948705,6.55139323588431e-05,0.0183472402062563,0.00522408426970373,0.133336408729245,0.00418998481752763,0.0176337441522973,0.00673954582421168,0.0792377693544486,0.0112101447767818,0.00946045747703453,0.0262560895642994,8.0966874688828e-05,0.00686903000681904,0.00139674433272033,0.123819455404464,0.00358953246960681,0.00427273190745673,0,0,0,0.194877705837366,0.00919749799678154,0.0247828370079212,0.0162024261018992,0.0144405138898487,0.0487744964257965,0.159641699371672,0.000560363907428664,0.0850924864066326,0.00175744947775806,0.0116057881190742,0.0315641069531687,0,6.51607838327766e-05,0.000138317527708781,0,0.0543646549465914,0,0.00023510378426981,4.24199725947142e-05,0.173792160721138,0,0,0.000163484806879044,0.115738805978658,0.00427970428316579,6.07355900257468e-05,4.78708153349996e-05,0.000710802808689308,0,0.00485562242077774,0.000612704452193355
0.0369592268530434,0.00816042771411567,0.292629288028537,0.000862132738855967,0.00627404365053863,0.0101932969819026,0.055300541925321,0.130262725310342,0.0189218063198441,0.00182733736154427,0.00995656269007098,0.00223194222762025,0.00384389675843272,0.161621676063262,0.00309393301189053,1.36672582881467,0.224843678356823,0.0090428528283307,0.0329458457567286,0.000526900280531633,0,0.154201334020062,5.4521934597126,0.193516599626512,0.00607942578674663,0.0379116864733086,0.482601975240692,1.37600322507364,0.195220892346158,3.57028428903315,0.00106018534778782,0.017787094600195,0.0204148306893343,1.9423556048082,0.535805133890252,1.4922628590279,0.268904823132338,1.69771744081313,0.638942669092431,0.0236650820294558,0.0499838187218148,0.0100357339173431,0.063057171684528,0.00541281371824604,0.016938302971451,0.0122026328927085,0.0107435761547372,0.00175197670790357,0.00924539501134304,0.00109620726561018,0.00242283197159047,0.00279415463773354,0.000332497198846036,0.000238591673057955,0.000156937628845036,0.0025973667016544,0.00184851976541027,0.0305891768463362,0.000158521286085343,0.000133354012019157,0.00044752020719446,0.00188320457076903,0.00185585941262607,0.00109872539510671,0.291360759584229,0.00246320566617827,0,0.000534936988972491,0.000155809829469496,0.21936477699777,0.151129496028636,0.237157266277996,0.208213898421295,0.00025494804209665,0.000329471747077733,0.0560288091088145,0.0619081994829223,0.0122874229965874,0.0641790516911442,0,0.000190117976924169,0.00736282618141967,0.0129833987299556,0.0633654332130729
0,0.349210520836569,0.00140307218091544,0.00159020220827605,0.00193708093736568,0.000730982787171769,0.000163800060186446,0.00045092489697771,0.808469933388873,0.000567664408926976,0.0516325352743548,0.000890568099744298,0.15849935111852,0.000171973366484332,0.0143430697024679,0.605130197932247,0.00314315683123243,0.00144640002842185,0.00221693975069784,0.000577614260633874,0.154201334020062,0,0.0715343242930705,1.44531084422054,0.127404168413294,0.0167967961944912,0.767629376970232,0.0356159804885254,0.000313625767861003,0.00085818085375249,0.0276354299902142,0.000267187705181837,0,0.00565061318243012,0.0035828615049487,0.0236328870616955,0.0149695678585808,0.0228698529431425,0.00765366876654853,0.0176193370787012,0.000890715434027007,0.018441159719767,0.0234473357686931,0.00205546683565988,0.00931943434963811,0.00735537628103956,0.00307114299479947,0.000338257381820679,0.000505146679423976,0.000565867107789403,0.0145207160819502,0.00281044838740525,0.000163610387586164,0,0,0.000643213951692158,0.000404995322851879,0.023434280785474,0.000282750658232474,0.00374294000405213,7.44426854170084e-05,0.00396931916005769,0.000852137473625183,0.000372931871840107,0.262313956711595,0.00333576999737967,0.000242128862124515,0.00124445211307855,0.000110475201854968,0.0447715950405118,0.14140387757326,0.0685945312914876,0.104579427468141,0.00339652411775646,0.00587356289643168,0.209439626044657,0.0250477714545711,0.00251848787673753,0.00846635450519772,0.00108206226594451,0,0.00161614349007803,0.00392660062703895,0.00730373722783864
0.0628397120483055,0.0040297400658806,5.46021571005696,0.000541603227255428,0.0103957711735071,0.00849096680533055,0.0409776422636979,0.211682950455554,0.00535895307986225,0.00276948018525675,0.0233544375222656,0.00290984918181863,0.00121768238345697,0.274343849112931,0.001947389340264,1.22824663585392,1.51303160809122,0.0358509094887871,0.179435733587491,0.000459496377415705,5.4521934597126,0.0715343242930705,0,0.0711661257966463,0.00147202066190718,0.45065022461849,4.2722301188388,0.33110838480941,0.237752877578723,1.36281331995433,0.000380291726096212,0.014301058308674,0.0127693797749145,2.07433513081238,0.588973078735169,2.2235342800185,0.828359977709806,2.52374986337161,1.54231466394889,0.0318741645476646,0.0610709363636821,0.00541611862332663,0.0795035901214937,0.00965520234812307,0.0382389993336837,0.0353348165499793,0.0049315868433266,0.00214698246677852,0.00366585980733282,0.000250558625316387,0.00678626264860072,0.00925789024321291,0.000129037392135144,0.000119268770885396,8.03809113528014e-05,0.000840095236233032,0.00032709029455142,0.0155135805546404,0.000108830298244351,0.00028605503759315,0.000140679658752132,0.000499145903026235,0.000423619759901428,0.000767003349861718,0.765089814730176,0.00591185165728644,7.97472478664577e-05,0.0013928097096048,0.00015407784520353,0.144364163588912,0.139031312451879,0.473366370009548,0.095600697986845,0.000286205250575209,0.00283121170317619,0.687515786840159,0.0324391805685015,0.00109674531697669,0.0189261311675,4.4374185815227e-05,7.6729219977951e-05,0.00111479766357113,0.00976992991463846,0.147197564706274
0.00144361924312998,0.186249943716137,0.00636502908546505,0.560650288050216,0.0327823965329214,0.0272076164323823,0.24053025668659,0.0427816696737055,2.58361777086812,0.075502870746932,0.0328664800794402,0.129606118615696,0.0913394124362231,0.0251627676256834,0.230422471644981,0.110937136365684,0.0132582342843785,0.00313546377263059,0.00371694898302113,0.120963862138605,0.193516599626512,1.44531084422054,0.0711661257966463,0,0.0864933915853635,0.0150627866640036,0.534290762007666,1.49998123411383,0.0715358336119833,0.0577602262582475,0.0186049552756056,0.0137596761645079,0.00776083215495488,0.0862637795683223,0.124525467863479,0.658282666422432,0.0890780476222715,0.135276008977702,0.0545662663526992,0.165031540956813,0.0297278353644438,0.0375692992986814,0.364248659283051,0.00531451915593142,0.105850390192172,0.0363195890677008,0.194674765898747,0.0227186478842162,0.0215359801826057,0.00414775007698633,0.00759106334134893,0.00229924586880234,0.0983148509461362,0.00440765002299773,0.0218316399010518,0.0805336188911774,0.0756381735235696,0.415806954100617,0.0764738904316293,0.00406254847732674,0.0306765494421209,0.0204338363779571,0.0676473873401431,0.0143977531512185,0.132821166270005,0.00173829237924715,0.000196493543133873,0.000636431149053878,0.023631822751932,0.124512903221268,0.137224486359134,0.0714975880877636,2.09110621424225,0.00134561426316819,0.00136353295695795,0.0352667283483826,0.730300152290757,0.0945179933422028,0.0935009404119222,0.000268998070204138,0.00726222074320155,0.0269744516333197,0.0642811445619935,0.0398984693212398
0,0.242388177694558,0.000244525971406603,0.000471671228932893,0.000346961609089708,0.000252113084685004,0.000102620346568638,0.000401997124301982,0.0853802715578475,0.000550232825264615,0.155517973416313,0.000526896763822675,1.21589201052443,0.000133169714011812,0.00291428804179145,0.0157240583470912,0.000227050775959492,0.00439752224827549,0.00184888851709929,0.000652694047132993,0.00607942578674663,0.127404168413294,0.00147202066190718,0.0864933915853635,0,0.0389893455822979,1.05541999390375,0.00298105034968559,0.000612429015789556,0,0.176723333539181,0.000367330142379618,0,0.00379346966573071,0.000104230425062823,0.00335076921024493,0.0145861752041797,0.054895841033695,0.00205442610928358,0.00450679688448314,0.000262227052879334,0.15198720180257,0.0030750780032728,0.00689602778404279,0.00341435895921949,0.00139269199172809,0.00046963857625916,0.000119001878706265,0.00746042115599119,0,0.131484147471332,0.000609775722681593,0,0,0,0,8.60026054099379e-05,0.000385051400268185,0,0.0435328265364947,0,0.0967238014789658,0.000203605979816115,0,0.00103561193816864,0.00079914501064325,0.00106318545015839,0.00202087388837241,0,0.000383923603444684,0.00110992197373208,0.000318882086575949,0.00141870527419032,0.207482808854283,0.0372312868589573,0.306823456147071,0.000316174511610555,0.000328974877955377,0,0.044300716569141,0.000822008490712583,0,0.00422872027442919,0.000126130518280506
0.00354055238269528,0.0188584574705373,2.69101833772561,0.000903717097507157,0,0.0097196968687306,0.021726487102947,0.0281754247467597,0.017963426001043,0.0265662986580047,0.349709987668636,0.0101697030624976,0.00797061632888047,0.0489800535232105,0.0007563900268596,0.0047207488076829,1.14490246491409,0.225121787107249,0.623211568627523,0.0028067958997944,0.0379116864733086,0.0167967961944912,0.45065022461849,0.0150627866640036,0.0389893455822979,0,3.89478882773139,0.0327652282711365,0.0692252333209786,0.0370219960170287,0.0416098722419824,0.0266784999463648,0.000465077180161059,0.246547545507967,0.0433212344092232,0.364595750696471,1.15729865648532,0.498971569207949,0.227365562322974,0.00826013904056535,0.00711034445223125,0.00390970807472587,0.0066732013768821,0.00914324824144203,0.00793731383258591,0.00576546429057389,0.000318876908489972,0,0.00161164531052391,4.44580611103058e-05,0.055589947033971,0.02220753997223,0,0,0,0,0,0.00149950724381185,0,0.0564031852353477,0.000174709600841308,0.204455850201712,0.000104050585466617,0,0.00422383552995779,0.00749792612204278,0.00925731442678163,0.0111091315687591,0,0.000625136013256335,0.00441495789733508,0.00165520190233898,0.00167801607702583,0.0555157664607651,0.250296275814152,1.07912674181672,0.000131069363414616,3.43364699771821e-05,0.000321027480651456,0.360939027679265,0.000108353988343597,0,0.00204734920208038,0.0190502157216743
0.00999077473541446,0.866258658010182,3.27883061355515,0.00291197993229761,0.00354331308599673,0.00592743718822108,0.020261204748888,0.0379862699266134,0.354963378761655,0.0145093144470369,0.0906349004456508,0.0052701342260344,0.686498123087137,0.0647926881401165,0.0145086219514086,0.905926061466578,2.82437862104745,0.273325106950133,1.09935686046876,0.00385983610397545,0.482601975240692,0.767629376970232,4.2722301188388,0.534290762007666,1.05541999390375,3.89478882773139,0,0.142222313074911,0.0827932585756379,0.0879887121310159,0.317269342281115,0.0160393008338504,0.00174452418402795,1.58777015823957,0.345636867976941,2.48917459499604,0.948444428630336,1.97545341963015,1.52047948592983,0.0354576442277783,0.0566059120047477,0.0222355430892652,0.290325229109679,0.0684623362315771,0.235864834220592,0.191613452146318,0.00421045293390916,0.00390837744443989,0.00502146042911766,0.000642642182793885,1.09979862658214,0.366943857967086,0,0.000117433804212618,5.19669186822533e-05,0.0039209965624633,0.00118156002250604,0.00655954053691058,4.18451386982859e-05,0.0570523798610308,0.000578025945265436,0.204497475043349,0.00238545001379127,0.000352869720972014,0.655073386091702,0.202838303799964,0.0417666216299207,0.125285179654185,0,0.0501822539195881,0.404147232724906,0.426896858259655,0.0956906548048167,0.1485546039453,1.07490384050382,9.92655984884947,0.0414246560775626,0.00221758389540601,0.0155552005754767,0.353161064611608,0.00106998405501863,0.000631131578391599,0.0526156459199622,0.213050910002284
