0,0.000523314352700949,0.00398047631403734,0.000587813359248519,0.000162019320026684,0.00845366608789018,0.649035108649114,0.114051570365492,0.000731316454175471,0.0168984588621457,0.0256113873818184,0.00282479342879212,0.00828659461178158,0.717865461160807,0.00126134708023031,0.000222924221448398,0.0924864756504178,0.0145673576618132,0.0334823306257235,0.000483448441548156,0.0246439868247146,0.000259327435302019,0.0614027211597836,0.013347197666735,0.000248522751384831,0.0214525927545752,0.0221702617742536,0.0266065557820947,0.768932037583585,0.847666134820256,0.00149596655235639,0.00370473565619516,0.0153926547145548,0.127705535611473,0.00860448387886218,0.0477455411926214,0.0095321064549843,0.0583931357634089,0.0198517425855497,0.00314200166343296,0.00205749824162173,0.00509637602639103,0.00356188141781948,0.000685798427605847,0.00168305042320008,0.000850333885222266,0.00123965748931026,0.000329097219930458,0.000685822734850147,4.13918186086178e-05,0.000912556424710442,0.00128938542043912,0,0,8.5283951231551e-05,0.00401420779639928,0.000194425396652174,0.000728039389685442,0.000316291311777687,0.000257982782046747,0,0.000415352748606944,0.000783128878374695,0.000248318856932259,0.000472498652194786,0.000563783849080443,0,0.00046974517749672,0,0.000257093676658344,0,0.000671398891353705,0.00912113743710769,0.000206605108700538,0.00112718433950498,0.00621002953089989,0.00705453376786303,0.000627713381322694,0.000228510246496082,0.000110949952129865,0.000100048793788147,0,0.00139599530308371,0.00297897218830843
0.000523314352700949,0,0.00989049558781261,9.43008428380965e-05,0.000798084389599275,0.000288008243148947,0.00138990311271956,0.000798533811085913,0.0870216914893844,0.000342567890825176,0.00823029118553148,0.000432458275979614,0.128177832880719,0.00160779552346981,0.00647912112014533,0.093568999335304,0.0217764346546572,0.00177979578354428,0.00568326651998563,0.000364957512022138,0.00842501059335777,0.20026234581421,0.0165772718382072,0.276182263205905,0.455248237927153,0.0331395959769214,1.19498093829312,0.0269573712934853,0.00340981117405417,0.0031833273310879,0.0223363996979659,0.000183637760852098,0.000355903401324677,0.0122378298598575,0.00108688603662371,0.0211729135025115,0.0152494490327147,0.00882989257973408,0.00470079706129999,0.007340225202005,0.000166232169360829,0.00469133064539671,0.00823531609143009,0.00612107430271359,0.00430806809490071,0.00277168810887776,0.000838950631977988,6.98528882327077e-05,0.00160259665003624,0,0.101155847247952,0.0102837793211657,8.24217823945997e-05,0.000147407233079004,0.000124010298749018,0.00218084070066948,9.52003357180596e-05,0.0100360461219495,0.000397462710432148,0.00674029338349501,0.000514866586579752,0.0127023290236554,0.000142277029446482,0.000243979347394824,0.00610926099299874,0.0073028172985117,0.00050110431136868,0.00485971318706918,0,0.000806711028765751,0.0170125393560188,0.006271403920136,0.0122742690590809,0.0102655435730253,0.0166533841557854,0.150764208620551,0.00175010214019341,0.000169083267753434,0.00126080819743645,0.00394840027250955,4.51598637310028e-05,2.35607769062996e-05,0.00208521166153516,0.00128267046892934
0.00398047631403734,0.00989049558781261,0,0,0.000148368290847969,0.000312174420981693,0.112959790369987,0.000954193505984305,0.0001993820219594,0.000981525276459695,0.00563081484463561,0.000386851557342601,0.00243317803343263,0.00649337011671329,0.000399242301801681,0.00703980965829962,2.26812812181572,0.00953238705862032,0.0956907226900321,0.000122052214364386,0.19093583833711,0.00297279217058325,2.36299071802735,0.00296067621548202,0.000474189514779043,1.51266558707932,2.72950269503743,0.0686084613591435,0.00893427949512334,0.0877531869212512,0.000173872413577175,0.000229913686931849,0.00126724593620753,0.136763846830235,0.0221887135374227,0.35819753034723,0.257573936285019,0.104244022470437,0.117348280798357,0.00254797349258508,0.00256411028264175,0,0.143252697534429,0.0269689586357869,0.0635253088077848,0.0344501276901602,0.00247371848897371,0.00134540535151925,8.47315874637604e-05,8.20336026795148e-05,0.0408024394442523,0.371316743351042,0,0.000395109211071873,3.36245708766937e-05,0.0319720425222451,0.000246965481341815,0.000966913786177752,6.4943399518943e-05,0.00562699677964731,0,0.000253076434548616,0.00142972948788247,0.000115022021395469,0.0490555357029099,0.146800379322886,0.0131592069318947,0.0289109960129511,0,0.0294089980131276,0.0151279239679419,0.344737678785032,0.0152108936712394,0.000677298564304016,0.0600157435652795,1.1367469192031,0.0288148097541079,0.000759287999031617,0.00834387988730681,0.000186865531572533,2.51600320225716e-05,4.85922302157402e-05,0.0202990308049079,0.0267879312306347
0.000587813359248519,9.43008428380965e-05,0,0,0.00609972271100194,0.0111178554896269,0.0237744516484924,0.00521331731768782,0.210041911608016,0.877176673221758,0.00107175932272143,0.206198277886357,0.000800828277255824,0.00605077358104305,0.0613207453235272,0.000330320986870909,0,0.000433305789176202,7.26050447584632e-05,1.24386989124975,0,0.000686572380178215,6.14078539226532e-05,0.279157378442224,0,5.68897907855988e-05,0.00023595168352375,0.0690370270006864,0.00630426457527605,0.000220726426143741,0,0.00202721380922942,0.000603627178729844,0.00264177319127841,0.00144320858553333,0.0327458105486551,0.000467462740108132,0.00452864656262808,0.00127514415665912,0.0554297265232585,0.000835945131179022,0.000597187135911059,0.00384286564394889,0,0.0015878361273396,0.000918722137145022,0.0452775718314062,0.00202360113586574,0.000218491786270666,0,8.59004960381271e-05,0,0.102142257395615,0.00237484033500853,0.0252400514965125,0.0157879354000168,0.0171696200847308,0.0523489503635186,0.101262186719847,0.00174070037898972,0.0883501871098522,2.97934425804854e-05,0.0193653922280469,0.00778490984011437,0,0,9.32595821783067e-05,0,0.0894814131290601,0,0.000957221046697762,3.83227316007138e-05,0.0331727941906551,0.000144543487208605,0,0.000193335385647583,0.0929732934523848,0.00348481943603416,3.89615972136497e-05,0,0.0016096925643595,0,0.00620500726868946,0.000311892728660202
0.000162019320026684,0.000798084389599275,0.000148368290847969,0.00609972271100194,0,0.0872003502196718,0.008207026602678,0.0108005406078696,0.0150863277132918,0.0224923563249468,0.000590979486136484,0.0665622506765965,0.000665031612380886,0.00216388218806336,0.336315991456451,0.000353753287874174,0.000127136169976425,0.000126582365031385,9.09725201712607e-05,0.0115072350260792,0.002577262095365,0.00243318558997473,0.00221792968907857,0.0243408859033131,0.000263965073925161,0.000443835656197119,0.000776077031029151,0.0100702726844965,0.00204140342195118,0.00163947374132826,6.70982312185287e-05,0.078851549685084,8.73933849298475e-05,0.00576720557562382,0.170778384797576,0.0538618066650495,0.0012591657106745,0.00269791474853888,0.00166816015048957,0.85562558423253,0.0996620050422658,0.00207067704933896,0.00171904924271765,0.00104794312147336,0.00111033811755524,0.00339247662250385,0.00274362193283524,0.000735785788998459,0.000486161636719036,0,0,0.0001711584032691,0.000246128928435898,0.000206784246114636,0.00122407931424246,0.00186506708729804,0.000536822303271103,0.00132066172241921,0.000557096926173282,0,0.00268992028865726,0.000151134279003525,0.000819157813907028,0.000497846062962246,0.000662207663197396,0,0,4.44386472305775e-05,0.000440510483925391,0.000248528787806225,0.00012476985240016,0.00106458648625097,0.003308765237989,0,0.000390898238021994,0.00125068820856872,0.00340536504861052,5.02638599683285e-05,7.68935880263327e-05,0,3.70426761322975e-05,0,0.00110657148239989,0.0570528642561011
0.00845366608789018,0.000288008243148947,0.000312174420981693,0.0111178554896269,0.0872003502196718,0,0.484026877209272,0.968879924732903,0.0164061756020006,1.15375514026518,0.0239484852132244,0.560049077169922,0.0152419705124523,0.190519916514423,0.292889071071624,2.88610155875683e-05,0.000710417083689712,0.00928928906730287,0.00393327025583291,0.0416693222007579,0.000842073822799299,0.000571504305367088,0.00122622126714153,0.0216554698828809,0.000349829452409124,0.00443502130145872,0.00171846056679086,0.027001428271083,0.0404588872844429,0.00523188220500942,0.00144326679624293,0.0438666994244838,0.000399042198471427,0.0361308857951871,0.191377513255534,0.225205027428011,0.0123228346467944,0.037244193576879,0.012404952887886,0.394972551239128,0.0430100028426816,0.0156988457255983,0.0217183250441046,0.00138137744959113,0.0073661758748817,0.00505328531315934,0.0279350828349141,0.00734279598499706,0.00362955588677897,0.000277453475889778,0.000170743241411305,0,0.00428647021976643,0.000701462410550645,0.0187366959546609,0.051025893520173,0.0165259411270445,0.00875340203482542,0.0154216804576199,0.00236571779684811,0.0156898358636321,0.000357279215218734,0.0279773472193368,0.00220778978993406,0.000322480519991159,2.33877493493795e-05,5.92838083393574e-05,0,0.00459515770046096,0.000437513077585649,0.000114972050180769,0.000536146060680318,0.0685145786651636,7.3957034248495e-05,0.000141404797765207,0.000514388038625527,0.0668315618773882,0.0074213939496277,0.000501399938130068,8.74813206086636e-05,0.00144486622393329,0.000282527297363711,0.0204830399507114,0.0373141149072618
0.649035108649114,0.00138990311271956,0.112959790369987,0.0237744516484924,0.008207026602678,0.484026877209272,0,0.636690603311934,0.0438521790459783,1.9907089543033,0.0676254043113804,0.0476084237980335,0.0638695845101731,3.21767238031239,0.0486739623590212,0.00650292700917354,0.193712798424743,0.0355149784901546,0.0392901246251421,0.00928429441694702,0.476498686677535,0.00435377911254497,0.345391955255111,0.210228286298484,0.000911644589111188,0.0739051126858704,0.0921967946080513,3.71702596219917,0.744103202908494,0.410044229701458,0.00497521634503024,0.042320146698834,0.0841372202178699,0.400554509853742,0.146738570335175,1.07915088074772,0.0899298737782384,0.541960013775607,0.181761284779657,0.149835221904988,0.0523390542491442,0.0315672124439523,0.091426899968559,0.00394650174087345,0.0249650832490912,0.0171467725088092,0.0524064979204519,0.0269673176746534,0.00831301496340578,0.000571975489548135,0.00280778576745207,0.00777029703900373,0.0480964263927344,0.00128756202829659,0.0625421336165334,0.17743402195708,0.0747373698426334,0.0460174272883201,0.104356738903813,0.0236519859915855,0.0456018891345549,0.00121594012344716,0.117821840197396,0.00388299171788738,0.0147455365204663,0.00322985514924824,0.00151969099926491,0.000984479027062106,0.0231221163578807,0.0033928910885576,0.00292345238612337,0.0156996681366082,0.301620594398192,0.000407345442970919,0.00264023494477508,0.0247130380989512,0.335652348191617,0.0359271888004213,0.00229092385903783,0,0.0126054465440164,0.000864220661624598,0.0675713081995486,0.0318427607844932
0.114051570365492,0.000798533811085913,0.000954193505984305,0.00521331731768782,0.0108005406078696,0.968879924732903,0.636690603311934,0,0.0132794912954354,0.930259388164493,0.0379356908085368,0.260176589054008,0.0197014659134912,1.56133136956962,0.0551497029271347,0.000300418776715755,0.00754930524898492,0.0125310501012504,0.00689845482256963,0.0349446717057789,0.00345415676162415,0.00305719905622308,0.00577373866892373,0.0598016116376019,0.000396526070061159,0.00871836712972875,0.00519943149962247,0.0920075334359947,0.14591286073489,0.0636114711244213,0.00149685498947916,0.0478399836563677,0.00324760201151206,0.0693579582239245,0.00663598483510203,0.29838303681747,0.0192500959533748,0.046417533653908,0.0152356313557127,0.0968892788928875,0.0408484721620328,0.0221927277613217,0.0783717221508865,0.00261377531785803,0.0201762555877176,0.0114414565644008,0.0497589235519677,0.0261441825401644,0.00734137233503367,0.000200034065623665,0.000335824938251185,0.00013082242048738,0.00382440461134806,0.000467224193145275,0.0311087075383937,0.16116164888778,0.0354904239581967,0.0275031664893133,0.0155727427548686,0.00696937508706257,0.0133419429343728,0.000842598220384886,0.0776362580583528,0.00395035526891949,0.00205922773693573,2.37690683264017e-05,0.000148247492656088,0.000309284546659565,0.00318723426897919,0.00190301182105503,0.000978536107778956,0.000883831436060333,0.241689364659412,6.42300718575477e-05,0.00020060192434175,0.00134142229927437,0.234841688362319,0.023955660034297,0.00147290806519308,0.000189589931208062,0.0048186974588098,0.000579098762372494,0.0500732700675657,0.00457689845286982
0.000731316454175471,0.0870216914893844,0.0001993820219594,0.210041911608016,0.0150863277132918,0.0164061756020006,0.0438521790459783,0.0132794912954354,0,0.158169366902512,0.00265604444439645,0.171980749126805,0.0213573827106467,0.0163315153815724,0.0953651231265052,0.00166494979322927,0.00130512438866234,0.00120358381853459,0.000723551672049975,0.0993770114334915,0.00041986238682375,0.521227666103735,0.000781795528722384,1.93032786304515,0.0439325936044338,0.00534438590593648,0.0607835069661536,0.297537576363992,0.0115536563660255,0.00310429136607084,0.00651589386286096,0.00236543161025667,0.00131336108198314,0.00668469125612499,0.00330294280479565,0.0240899583172836,0.00285852685903821,0.00928477478978048,0.00298493568429808,0.0991491415176523,0.00145349889034169,0.00153988617750072,0.0275866529767415,0.00126701371022973,0.00612106746767804,0.00309871976197512,0.0319739140313488,0.00540727670921757,0.00120185873487527,0.00034105453721652,0.0010741193670459,0.000222668134348678,0.111624869230462,0.00315552676676621,0.0216633903543749,0.0354780160811694,0.0188416070344772,0.322685854591043,0.0950360074025934,0.0128355372827861,0.0495470891343731,0.00208306094407535,0.0258637860334607,0.00809384458459923,0.00367349995318792,0.000151749825083446,0.00454348001623709,0.000231837194077873,0.0321056775130413,0.00168868556577148,0.0118781384462209,0.000314175151361632,0.283463812625827,0.00104035682318349,0.00271326968433287,0.00505844358211238,0.248438016729587,0.0125130089102027,0.00112709551525319,0.00105787602166755,0.0028566643366385,0.000896114710922218,0.0142599508497758,0.00459335498599913
0.0168984588621457,0.000342567890825176,0.000981525276459695,0.877176673221758,0.0224923563249468,1.15375514026518,1.9907089543033,0.930259388164493,0.158169366902512,0,0.0870159819123027,0.950550797508221,0.0613665512532497,1.00700497282992,0.0975111435950679,0.000621107926237726,0.00187737243328462,0.0436728239884134,0.0174173501096852,0.911814113357147,0.00105472322337427,0.00115708363793132,0.00230238862232988,0.106696963413382,0.000621754232731411,0.024737549544299,0.00777532878911736,0.184015821477904,0.295876203546992,0.0115524467832066,0.00577591448122663,0.0614199915413105,0.00479898266809459,0.159220202035288,0.0541579618850227,0.638845472186551,0.0327014201303753,0.25678076931887,0.0431829282559346,0.276843632300385,0.0438730662812008,0.0390531092132806,0.0468236895399982,0.00173485229284134,0.0208069309315992,0.0158552226402546,0.175384212886266,0.02900832036855,0.00578346970516477,0.000636894433115314,0.000746653095279933,0,0.172353555391099,0.00567335752864661,0.183531251514057,0.146619934805084,0.142283825181026,0.0692987369663495,0.377032862048007,0.00750033959046705,0.276350687242467,0.00128682797338534,0.168409528856546,0.0199703979781844,0.00034648980961628,0,0,0,0.126366975833527,0.000260819398902869,0.00133017840878801,0.000295026787366724,0.204566021612097,0.000221580710119557,3.98744443908215e-05,0.000825879380145003,0.361011378264303,0.0372893070916153,0.000385691569380021,0,0.0033970429990428,0.000415691309599089,0.0755458117160961,0.00996720641620484
0.0256113873818184,0.00823029118553148,0.00563081484463561,0.00107175932272143,0.000590979486136484,0.0239484852132244,0.0676254043113804,0.0379356908085368,0.00265604444439645,0.0870159819123027,0,0.0491122971554846,0.748436663248538,0.113148150749351,0.00687582253833415,0.00108729260465896,0.0585926281079456,0.6800764682783,0.0980700070024875,0.00788371319973418,0.00944965318883349,0.00296342733105555,0.0149307546873049,0.0135002094967714,0.0401659194308222,0.132795736924038,0.0407783422703534,0.0202514741128685,0.289798472481138,0.025727801272006,0.0479911840183968,0.132795195494859,0.00262594144612236,1.17863241535486,0.00410245213499217,0.0917945555369654,0.182843151374005,0.229843863004853,0.0413373507262965,0.0146018022955906,0.00248907945935321,0.258744563260388,0.00697404795650282,0.17233064618236,0.0062903178330489,0.00298896510573249,0.0025188510345933,0.000289366302106476,0.100883283201792,0.000114304937493753,0.0295055824866858,0.00191027094824276,2.6154750918746e-05,0,0.000153711713441658,0.0051690365996171,0.000160866040422916,0.00676933885324744,7.71518469893452e-05,0.151149589795233,0.00140868911702082,0.426725467906682,7.56477866790771e-05,0.000220951231435633,0.00189543554858549,0.0011499291640785,0.0125131028676157,0.00157497636505508,0,0.000606719410860777,0.0144322737536364,0.00215657528722675,0.0225894139360778,0.0209632166940894,0.0578397994341336,0.0819844933475584,0.00879320235864414,0.000292759277637005,0.00077708966274879,0.12760077999521,9.98264816411018e-05,0.000147534240266371,0.00148877203029909,0.00125322987243676
0.00282479342879212,0.000432458275979614,0.000386851557342601,0.206198277886357,0.0665622506765965,0.560049077169922,0.0476084237980335,0.260176589054008,0.171980749126805,0.950550797508221,0.0491122971554846,0,0.0258134480602638,0.119555889976653,0.409155550503132,6.49379230453971e-05,0.000732010537989832,0.0190495108752017,0.0065294474849807,0.649311212821432,0.000340081685660743,0.00328124798708372,0.000727255372738955,0.0309373161876402,0.000474658185620403,0.00953221394661224,0.00317631557050061,0.0527069211180019,0.0538551020955236,0.00138635514546051,0.00301113351264736,0.0458297739560223,0.000298318792366886,0.0566711101133137,0.294992010707739,0.16809019503417,0.0136266015694932,0.0622071034480636,0.0128895719655854,0.448141508225892,0.00885028483023817,0.0166688041942372,0.00786114603467961,0.00130043014573736,0.00480283435841014,0.0047775175575131,0.0709293122716618,0.00381586405727865,0.00369356474068265,0,8.41159752916338e-05,6.37430383985517e-05,0.040216760494212,0.00269980747140451,0.0328290167023239,0.0172708285158257,0.019884154360792,0.0121626315093522,0.0374256282660654,0.00340369124332285,0.0932634328882546,0.00111501090988788,0.0262790458913093,0.00915188466364279,0.000372277706571436,0,0.000349788895661855,3.68127890841961e-05,0.046365601039198,0.000233056863301611,3.09662616103172e-05,0.00042051800864656,0.0230977448389104,5.26744446348191e-05,0.000543738876395964,0.000541967735649204,0.0317604551352823,0.00527382626621678,0.000173476723217344,7.72562065811157e-05,0.00175732377841372,0,0.0131905372146832,0.179961711496747
0.00828659461178158,0.128177832880719,0.00243317803343263,0.000800828277255824,0.000665031612380886,0.0152419705124523,0.0638695845101731,0.0197014659134912,0.0213573827106467,0.0613665512532497,0.748436663248538,0.0258134480602638,0,0.0437389417105598,0.00552581156068564,0.0137246472058487,0.00311394972842474,0.0505228979877005,0.0044622045829442,0.00478137099927208,0.0100217486687799,0.0321620552104068,0.0165177727767355,0.077948958995542,0.35170475282975,0.0692984840351529,0.304903197596761,0.0351051720672108,0.0786397612254383,0.0141966315395192,0.0507141196454923,0.0457054576632152,0.00152603299062572,0.20695701001139,0.0135265850690907,0.0775868957364508,0.211091244977186,0.394244889358939,0.0348763781786732,0.0470039090101694,0.00611596289680572,0.398427127313568,0.0290545634468038,0.405118841942313,0.0309569741280438,0.0128728614621428,0.0072908283340748,0.000603863335357952,0.138496113221492,6.67988188425066e-05,0.124866041937911,0.00279144704000647,0.000292817207454729,0,0.000748598912216949,0.00529002819748509,0.000902038768224406,0.0104805141428569,0.000555282988887858,0.502044150995275,0.00221081533503011,1.62413934175563,0.00233462017147258,0.000122996640764308,0.00396228163853054,0.00288040022851386,0.0421884704349855,0.00949055942801161,0.000306620384561253,0.00120619600645721,0.0334652863015686,0.00419087622969563,0.0185783226606948,0.177909633111518,0.24039415734186,0.607634776262951,0.00683859649488661,0.00105758958723035,0.00140470101422994,0.596419405677457,0.000907500303096197,0,0.00686176982459977,0.00409874662043934
0.717865461160807,0.00160779552346981,0.00649337011671329,0.00605077358104305,0.00216388218806336,0.190519916514423,3.21767238031239,1.56133136956962,0.0163315153815724,1.00700497282992,0.113148150749351,0.119555889976653,0.0437389417105598,0,0.0166393676991332,0.000351105729606485,0.0830942434868268,0.0509652946330043,0.0454158261037156,0.0240795449744919,0.0355611871306978,0.00367103615878868,0.059682740587938,0.0906540003973956,0.000523532714002848,0.0406004200367171,0.029238921680619,0.163974049047758,1.44433801700598,0.63028354220351,0.00605062069324973,0.0921594879009034,0.0203523397420548,0.172909706493757,0.0191174201146889,0.324040679745102,0.0339312549466022,0.12855955745826,0.0385038421553676,0.0450556097876224,0.0116092976768936,0.0274813478184809,0.0747522012308608,0.00380832139636717,0.0177855702175122,0.00913618097029812,0.042618137044152,0.023442582143288,0.00791196082274621,0.000894544692427206,0.00236953217260623,0.0012370724377455,0.00692273363987871,0.000502360927970934,0.0445192464084283,0.141900758951917,0.051888786481193,0.0287203018957964,0.0284097516375128,0.0110994942966453,0.0180221492243796,0.0023771351848804,0.085199105508357,0.00253350275299738,0.00203873451957304,0.00091862654762168,0.000184067205969763,0.000555987037938023,0.00548527628971085,0.00168485973403115,0.000929365451435897,0.00127883508870127,0.238599058602206,0.000157134340505624,0.00259871247840014,0.00908433985473833,0.220374577440448,0.0271816133476049,0.00199963847796307,0.0007228902745028,0.00628905785675956,0.000990936938642885,0.0505131063192049,0.00694706580277676
0.00126134708023031,0.00647912112014533,0.000399242301801681,0.0613207453235272,0.336315991456451,0.292889071071624,0.0486739623590212,0.0551497029271347,0.0953651231265052,0.0975111435950679,0.00687582253833415,0.409155550503132,0.00552581156068564,0.0166393676991332,0,0.00136925962922101,0.000809574119221786,0.00254858428002625,0.00101197639339313,0.0655590971115731,0.0047656187648746,0.03302755338295,0.0046222260365865,0.205776584747289,0.00314754014064679,0.00990343959012019,0.0125750260369534,0.0694475843779508,0.00908029954644905,0.00824970517593434,0.000955220553148224,0.0830021121371429,0.000400530424190903,0.00906165260565487,0.121303928174781,0.0401015484503834,0.0100562381149083,0.0261430671736196,0.0138368446299899,0.383002971414633,0.0168530042363597,0.00408964983620815,0.00815751921022198,0.00171418264233728,0.00535560208542998,0.00762455523769719,0.0102259186505751,0.00223884167950371,0.00207420574704845,0,0.00029839882268362,0.000133692301917481,0.00119440172211795,0.000394196382253647,0.00402781088302681,0.01051355837644,0.0050091553642596,0.00663840973423857,0.00389875494378574,0.00250348166132428,0.00572098557089312,0.00126538374794064,0.00691176168760594,0.00114974546446636,0.00142339587921634,0,0.00121280648454976,0.000316092051123047,0.00254516962625246,0.000293685124783731,0.000107309173055983,0.00105105505642498,0.0210135329156072,0.000113669872182608,0.00433850216188114,0.00833858999572744,0.018047622204829,0.00198388371737463,0.000437234003249836,0.00142324098111844,0.000373312837179208,0,0.00565020990512943,0.0394147091513275
0.000222924221448398,0.093568999335304,0.00703980965829962,0.000330320986870909,0.000353753287874174,2.88610155875683e-05,0.00650292700917354,0.000300418776715755,0.00166494979322927,0.000621107926237726,0.00108729260465896,6.49379230453971e-05,0.0137246472058487,0.000351105729606485,0.00136925962922101,0,0.0178993629422527,0.000956160239268326,0.00431025407071602,0,0.305943703551497,0.610740036685783,0.369515611459722,0.113784562019073,0.025837247784358,0.0125319955979769,0.588186696123066,0.146587028656477,0.00154813508869998,0.00687018761423419,0.00252667442398162,0.000152283211208916,0.000774520073088217,0.0380746828662953,0.0459582888057242,0.498341679345922,0.122581354368603,0.162819477736099,0.105719985185163,0.00584223200194483,0.0026088960571486,0.000615160903730178,0.0980661658997757,0.0124222913976251,0.0302076252565608,0.0219306385769447,0.0132822975539386,0.00194974146094296,0.000434790113619685,0.000679903447202086,0.0057750171491946,0.00780785262185737,0.000135506615561295,0.00290870246388207,0.000190462379524898,0.0139941067120408,0.00064312908889923,0.0326382526504367,0.000163271473569203,0.00156875389593942,0.000663646306911827,0.000444499884693742,0.00271503029622419,0.00325493122581146,1.03477646607847,0.00579767611081429,0.00222377901812758,0.00165394923771885,0,0.142977164437321,0.202283698236235,0.531399322378357,0.204948940885187,0.00111328629621758,0.00575481388384314,0.140915848788878,0.101308440543592,0.00611609790298579,0.0146319543269372,0.000259321784418487,0.00021687146609993,0.000904745400072148,0.00739057965786341,0.0328247720185776
0.0924864756504178,0.0217764346546572,2.26812812181572,0,0.000127136169976425,0.000710417083689712,0.193712798424743,0.00754930524898492,0.00130512438866234,0.00187737243328462,0.0585926281079456,0.000732010537989832,0.00311394972842474,0.0830942434868268,0.000809574119221786,0.0178993629422527,0,0.0358775555482121,0.532713244856709,0.000235841775858546,0.38330236545374,0.00829024961536672,1.72626423556869,0.00928830480749811,0.00106580418005214,0.841118362535235,2.33565202324238,0.0633417028629855,0.118031607414212,1.13741522063186,0.000905432222923424,0.000414600301703739,0.00961212530288518,0.538801565860054,0.0226582316441336,0.358441235494589,0.318598692503987,0.12755266311482,0.128454821880786,0.00295286010541572,0.00210988634728587,0.000209756438278151,0.0944531754826034,0.0255297075596971,0.0505945977142855,0.0258329789127006,0.000748090172976277,0.000737965794484594,0.00018143053822875,0.000536761092709756,0.0583524726168686,0.21284964728492,0,0.00028191941247189,0,0.0240034803002141,0.000416769172489214,0.00134872496103039,0,0.00219768959568174,5.52162296719074e-05,0.000113091675542116,0.00110922194505282,0,0.0201746963110418,0.0899358949745589,0.0078838145300999,0.0567651906561453,0,0.0121750699833987,0.00926852560809319,0.081250140747832,0.0102702614273905,0.000493513270963096,0.0919358115969771,0.623730678556873,0.0135202320788855,0.000733714630030464,0.0122114631732679,0.000309990910772801,6.14443074455261e-05,8.21874029124499e-05,0.0180848300563971,0.0183955017462562
0.0145673576618132,0.00177979578354428,0.00953238705862032,0.000433305789176202,0.000126582365031385,0.00928928906730287,0.0355149784901546,0.0125310501012504,0.00120358381853459,0.0436728239884134,0.6800764682783,0.0190495108752017,0.0505228979877005,0.0509652946330043,0.00254858428002625,0.000956160239268326,0.0358775555482121,0,0.180291237853365,0.00393210872755477,0.00666731784602992,0.000849626983191922,0.0167383974282271,0.00530880155247266,0.00232693664604139,0.0959536999829066,0.074260361067546,0.00943690010854739,0.111277351053674,0.0181065457408868,0.0120625251474176,0.0260945842195214,0.00174123465735996,0.57306124746609,0.0156397391214761,0.149740197670114,0.379568433222653,0.325176177365943,0.174098959893798,0.00532858148072774,0.00122986826071858,0.0214727773727454,0.018034278500732,0.0302893133677461,0.0154458164625251,0.0099293881994514,0.00117659460395796,6.64822592110633e-05,0.0068040362805297,0,0.00538233382313468,0.00412335380585385,0,0.000112949235824871,0,0.00135923457813403,0.000152293550967216,0.001409611420891,0,0.0262423003198335,0.000480968601430249,0.0800156097040777,0.000135355326832152,0.000166515903197098,0.000519080001369429,0.0026400720752229,0.0195196763293585,0.00687317994983311,0,0.000451543657774902,0.00106224589690142,0.00311478976769447,0.00177485433741347,0.00318550178299291,0.139846346033955,0.20741411048513,0.000745516032133029,0.000249931455330372,0.0010749507390573,0.0985649331687434,0,0,0.00200646947269776,0.00783143831001728
0.0334823306257235,0.00568326651998563,0.0956907226900321,7.26050447584632e-05,9.09725201712607e-05,0.00393327025583291,0.0392901246251421,0.00689845482256963,0.000723551672049975,0.0174173501096852,0.0980700070024875,0.0065294474849807,0.0044622045829442,0.0454158261037156,0.00101197639339313,0.00431025407071602,0.532713244856709,0.180291237853365,0,0.00145178927593014,0.0584833496331891,0.00152845857087917,0.133446158369817,0.0041503383994838,0.000688466648867083,0.246634259650374,0.31459101670853,0.016277088340562,0.0939431392026039,0.159658720340431,0.00309339376385693,0.00706374112435327,0.00818506055173601,0.777151205876932,0.0299572384332812,0.369760680933782,0.385572717383271,0.31959666018086,0.248911927111281,0.00179220574981966,0.0010383303425461,0.00047633419581747,0.0398745958961861,0.0157242329605911,0.0311132536484924,0.0157179885892531,0.00082482422727089,0.000397160547886038,3.68589104279518e-05,0.000743830453253391,0.018724560261857,0.0252190135453599,0,0.000222048637423611,0,0.0139744900976243,0,0.000700128855278134,0,0.00105185980429311,0.000199173622221518,0.00275016767177706,0.000361968126705838,0.000113840496553516,0.00424101140997663,0.0234842031568124,0.00511779949521155,0.0479042021400587,0,0.00414279202822936,0.00179557927221117,0.0243535842959712,0.00215866061012146,0.00135407236384353,0.105166397865231,0.241837762800987,0.00244194014142461,0.00052162999285531,0.00738793959188154,0.00844868657632105,0,5.19298755552769e-05,0.00874567064211474,0.0166198943689455
0.000483448441548156,0.000364957512022138,0.000122052214364386,1.24386989124975,0.0115072350260792,0.0416693222007579,0.00928429441694702,0.0349446717057789,0.0993770114334915,0.911814113357147,0.00788371319973418,0.649311212821432,0.00478137099927208,0.0240795449744919,0.0655590971115731,0,0.000235841775858546,0.00393210872755477,0.00145178927593014,0,3.34089707602501e-05,0.000532279172829389,0.000237113103484106,0.244498735903591,0.000216817791885853,0.00202792044321916,0.000601976480011415,0.0872758825102227,0.0162792815369507,0.000765150039814732,0.000783666501744865,0.00797092362124563,0.000120064274662018,0.00814951845138606,0.00186194374960515,0.0466244599119765,0.00373966856633225,0.0113127020496762,0.0025925691932538,0.0770821858401074,0.00246866653667607,0.00338987952012703,0.00728171365537913,0.000389131385924983,0.00305120757385638,0.00165320238662234,0.0452399747756938,0.00426448043805106,0.00109714919589474,0.000162591737271023,0,0,0.0448007264142185,0.00216822919906607,0.0312890165836975,0.0184826328167318,0.0169263404848851,0.0124924055006111,0.0575660990224664,0.00239108877499435,0.0460838455776202,9.5811393035722e-05,0.0250996483609967,0.00727098325359269,2.69799194423437e-05,0,0.00025131603929286,0,0.0242356528241097,0,0.000290879571263981,2.9340826637268e-05,0.0255196613903148,2.87692942941189e-05,0,0.000127432088645053,0.0451247945387389,0.00513071933714635,2.47216185598612e-05,0,0.00197366814816303,9.06032299755575e-05,0.010523874967587,0.000364593914935541
0.0246439868247146,0.00842501059335777,0.19093583833711,0,0.002577262095365,0.000842073822799299,0.476498686677535,0.00345415676162415,0.00041986238682375,0.00105472322337427,0.00944965318883349,0.000340081685660743,0.0100217486687799,0.0355611871306978,0.0047656187648746,0.305943703551497,0.38330236545374,0.00666731784602992,0.0584833496331891,3.34089707602501e-05,0,0.0337569817058322,2.62134165706938,0.0182301772376703,0.00334487845209813,0.0710313137137506,0.229400210794915,0.379279878395133,0.0305216368664328,2.48887108342872,0.000207920025971222,0.000570611750332761,0.00300489959856486,1.04209280986091,0.136650699998912,1.32850371383501,0.362725689498205,0.950770602882572,0.394335796269745,0.0179978987808214,0.0105999535450945,0.000849885253170299,0.0491846999782904,0.00566771922833653,0.0109447367658535,0.00661080877021206,0.00572620048453767,0.00126026802951639,0.000407805283159327,0.000447453815213823,0.00498994618074889,0.011767245566546,9.03515178126336e-05,0.000458169338910508,0.000209986310639095,0.0119080214988161,0.000230679715783191,0.00859496185554784,0.000126702028640413,0.000542795130194986,0.000197332458619404,0.000230129635868263,0.00229374828371801,0.00154535529645304,0.318257499209858,0.00642430689263883,0.000684147947358872,0.00266139670131488,0,0.0903731939739847,0.0334083065868303,0.18893177361277,0.127824638385915,0.000268596173091793,0.00377285550950911,0.0576508965883098,0.0984044666318329,0.00449518082049959,0.0127254110781975,0,0.000161337292532062,0.000315481340789461,0.00428454243590396,0.0614269781170959
0.000259327435302019,0.20026234581421,0.00297279217058325,0.000686572380178215,0.00243318558997473,0.000571504305367088,0.00435377911254497,0.00305719905622308,0.521227666103735,0.00115708363793132,0.00296342733105555,0.00328124798708372,0.0321620552104068,0.00367103615878868,0.03302755338295,0.610740036685783,0.00829024961536672,0.000849626983191922,0.00152845857087917,0.000532279172829389,0.0337569817058322,0,0.0882132929416869,1.18947262131157,0.0578346180677908,0.010897090594148,0.731256019834027,0.115233884891797,0.00404074156959093,0.00323418611086049,0.0084547804722313,0.000344426418318272,0.00063073930828481,0.00869139875439158,0.00377479178530197,0.04203190496294,0.0134507483449923,0.0181451017596124,0.0102856519299703,0.0431864003621935,0.000622800599014044,0.00102236049221992,0.0307962959767444,0.00405749145113644,0.00819383555321564,0.00643861846383786,0.00609056235157719,0.000618213394251035,0.000888281580277229,0.000276880197610879,0.00914694021582437,0.00494248767235191,0.00139091849644518,0.0018981288995718,0.000431047001781655,0.00439916162989941,0.000501248974354267,0.0312677487620199,0.00262600587500692,0.00253979535695796,0.00157605527991281,0.00279067258623488,0.00101406815660605,0.00134558105397458,0.18390098926047,0.0039710277540448,0.00103170011389961,0.00116141100302608,0.000862844150090597,0.0217346935314014,0.177386774956591,0.0533467431383859,0.111930497912502,0.00298138371111705,0.00286669861125987,0.17877879329342,0.0353631225944255,0.0022023799795563,0.00306343037435065,0.000592943111250973,0.000188612152111221,0.000280824494121074,0.00376584444472587,0.00527906355023685
0.0614027211597836,0.0165772718382072,2.36299071802735,6.14078539226532e-05,0.00221792968907857,0.00122622126714153,0.345391955255111,0.00577373866892373,0.000781795528722384,0.00230238862232988,0.0149307546873049,0.000727255372738955,0.0165177727767355,0.059682740587938,0.0046222260365865,0.369515611459722,1.72626423556869,0.0167383974282271,0.133446158369817,0.000237113103484106,2.62134165706938,0.0882132929416869,0,0.0514133909323793,0.00292031860035441,0.410134272291453,2.18689810471783,0.438304404726563,0.0762204814317339,1.10358370967648,0.000267114409721256,0.00134815161482339,0.00812024371511796,1.21368490029508,0.252024970713739,2.88490065204345,1.14030238390681,1.43943929115077,1.04844540064711,0.0465081834586933,0.0266551664373485,0.000703405290056326,0.207283708201775,0.0292670741859326,0.0946593600062133,0.0717052701439531,0.0140030022014461,0.00246462718488786,0.000327952635123444,0.00029271346105175,0.0163792082015234,0.070223424101246,9.50457827683447e-05,0.00307358329916723,0.000295328167821741,0.0352463724821755,0.000195994649579144,0.0165397749782777,2.46366551943779e-05,0.00633202390540537,0.000189973131977034,0.000186306854163265,0.00175354715415595,0.00278018923527505,1.20572654470879,0.0448965591421852,0.0101823667991775,0.0125717510396807,3.03368196442842e-05,0.18581957554625,0.111945706591754,1.48428737562793,0.1514438789275,0.000561115394660592,0.0276744583474316,0.866264639588534,0.107146927533548,0.00162071248305011,0.0185734756548174,3.37823531649828e-05,5.33890886326313e-05,0.000211756274577427,0.0221967067966292,0.167507352932309
0.013347197666735,0.276182263205905,0.00296067621548202,0.279157378442224,0.0243408859033131,0.0216554698828809,0.210228286298484,0.0598016116376019,1.93032786304515,0.106696963413382,0.0135002094967714,0.0309373161876402,0.077948958995542,0.0906540003973956,0.205776584747289,0.113784562019073,0.00928830480749811,0.00530880155247266,0.0041503383994838,0.244498735903591,0.0182301772376703,1.18947262131157,0.0514133909323793,0,0.13103094593998,0.0182289335384224,0.3658236366166,0.668562721820641,0.121644675862412,0.0672871222411912,0.0160112558479063,0.00914042112122063,0.0262535646144523,0.0979940633485447,0.0557399357182257,0.394426058520855,0.0408781650728618,0.125057588646347,0.0496639557322987,0.130311919850892,0.0116951653838544,0.00650862606474309,0.210611179406405,0.00590504309251895,0.0356629962646648,0.0210354790581083,0.0771434522089777,0.0400147424911362,0.00554686854639328,0.00181840217554548,0.00634202589398455,0.00223424756626937,0.114978580503704,0.00344087844658454,0.102239517863918,0.220066886367672,0.116861381361501,0.301128120206846,0.192818988626232,0.0508959107332227,0.0838164315243073,0.00439533938916888,0.15800851627626,0.00997435672808466,0.145658880941067,0.00137520130927532,0.0105669420546913,0.000918481203519201,0.0536349555825818,0.0391656669959904,0.0684702189173389,0.0434691221946192,1.04150735881331,0.00347629356544964,0.00388455697407184,0.038941347331263,0.714368858431938,0.0785046043643186,0.0167602550934605,0.000868262089809582,0.0177582409236586,0.00385201492925751,0.0905386177714217,0.031252898186858
0.000248522751384831,0.455248237927153,0.000474189514779043,0,0.000263965073925161,0.000349829452409124,0.000911644589111188,0.000396526070061159,0.0439325936044338,0.000621754232731411,0.0401659194308222,0.000474658185620403,0.35170475282975,0.000523532714002848,0.00314754014064679,0.025837247784358,0.00106580418005214,0.00232693664604139,0.000688466648867083,0.000216817791885853,0.00334487845209813,0.0578346180677908,0.00292031860035441,0.13103094593998,0,0.0124803991172063,0.092560142385671,0.0151129767714838,0.00104139234300091,0.000602293856615948,0.017241252738743,0.000652028112401654,0,0.00529289352956841,7.49733451008798e-05,0.00149267051389582,0.00244681371086083,0.0105287004145544,0.000736129483151866,0.00573200081906791,4.52506927796841e-05,0.0188132292814211,0.00647429140839482,0.0293464510013024,0.0076322970637968,0.00344517155388634,0.000140176386011458,0.000149889659972381,0.0532474092768309,0,0.0836455383325343,0.00173214831018948,0.000173012858748007,2.60196345849991e-05,0.000100201378658867,0.00176575666644521,2.67004320302487e-05,0.00264389589298687,0.000272037234373284,0.0626698624995689,0.000205381295862722,0.152832409887099,0.000308059929699922,9.52886679501056e-05,0.00184320712903233,0.00251653786432936,0.000754015631066034,0.00513694685864391,0.000155180480514431,0.000864419887397245,0.00766729935239019,0.00250146964386444,0.00237806245117364,0.065156699292518,0.0221470999262252,0.16553153606781,0.000772785255515815,7.5132691571355e-05,0.000885553147181297,0.0173107007314405,0.000320723612935114,0,0.00218965959471686,0.000284908937316179
