0,0,0.0188128402733488,0.000120653447173864,0.000294425038193547,0.00474792334385263,0.265082789750947,0.178057229176532,0.000347705375492248,0.0223400913433176,0.00680615590564923,0.00157237165934323,0.00100342282630336,0.988311248973394,0.00158473555528253,0.000610727752320367,0.0168777609966641,0.00717224430399325,0.0131942858828305,0.000684271775136114,0.0194666428854623,0.000312137244884467,0.0837202290649938,0.00212038328909735,3.72524293296934e-05,0.0232340030870815,0.0186275847402501,0.00623780413071909,1.15588810299971,0.510686854690769,0.000644338397618616,0.00409136138981811,0.00358061248875415,0.0512795096036946,0.00101618766855907,0.0126018508226784,0.00167151688585059,0.0201277875949342,0.00432684587309849,0.00202718002881088,0.00270677703313111,0.000314894752482933,0.00147408963949837,0.000310071825491565,0,0.000151370041455674,0,4.06639338482231e-05,0.00013399850058972,0,0.000104791736579141,0.000198077286455831,0,0,0,0.000193958863982701,0.00018638863731429,8.9335098140958e-05,0,0.000424052195937848,9.52983391774419e-05,0.000349376961417341,0,0,0.000271059607588926,0,0,0,0,0,0,0.000207404475399726,0.00169419726905537,0,0,0.000777103260929376,0.00175447836733446,5.97160466026724e-05,0.000144253745868457,9.52024999846815e-05,0,0,0.000298290784131816,5.25406259809017e-05
0,0,0.00548984563259244,0.000129890823588705,0.000355330019470323,0.000148241116807506,0.00131005278674572,0.000492208411880371,0.291043778657234,0.000703701453522685,0.028117512238367,0.000944743390795993,0.141845605089988,0.00112090487955337,0.0038071359881153,0.0413550802511173,0.00501207500939488,0,5.69218026789605e-05,0.00010797329686122,0.00854049926435669,0.459880239671056,0.0129367020532277,0.163689796926816,0.28012831823826,0.00793296634483294,1.93545638222603,0.0128673169603779,0.000813657647432676,0.00104872192401068,0.00728006738314436,0.000504787533142268,3.27324537174523e-05,0.0127735183377601,0.00119160402338675,0.0116225983980599,0.00768952836123953,0.011342897064559,0.00342496837341983,0.00136695318437773,0.000816639920493126,0.0122345687376013,0.0444007881033896,0.014200096290416,0.0211827073925465,0.0203136637330796,0.000839715990884358,0.000551993838543976,0.00198164885606049,0.000182495878068221,0.324060954270956,0.0295246724163363,0.000399604706266385,0,6.3878517753011e-05,0.00152643966496602,0.000209362949913371,0.00291151350589376,0.000421691314854095,0.0177470175816234,0.000347526121732041,0.0313074848535261,0.000994291283644952,0.000195007453591656,0.0021585490890986,0.0176773792580626,0.000865893626255974,0.00176349704651422,9.78407018088136e-05,0.00138419728970783,0.0373570630513064,0.0268991709699403,0.00374612253797534,0.0185540095394942,0.0299703919950509,0.691510186546687,0.0025349806471977,0.000460048563257837,0.00214581265944502,0.0072898603043468,0,0,0.0102139018253943,0.00196711429162752
0.0188128402733488,0.00548984563259244,0,6.59931645975888e-05,0.00640390149286552,0.00481027136888326,0.120559663544477,0.0856838747498106,0.000607650241348088,0.0267492687910094,0.0017556344199772,0.00511371595631285,0.00123329656325835,0.109848761530442,0.0274348452626386,0.00772491045497319,2.3279042701837,0.00368335704664254,0.0778991255481326,0.00170214143150329,0.345524655784255,0.00253217371541508,3.97810447368255,0.00247109012045135,0.000481759177302307,1.76315359227527,3.11319564586699,0.0190760584904239,0.0680846561827997,0.194251951542122,0.00021380596433737,0.00269711784844535,0.00478102615614367,0.801606624578672,0.0793598254011305,0.950648040325294,0.244232915050073,0.768731713789876,0.450132774594863,0.0126095622506138,0.0379291806043711,0.0015130463040306,0.0972334937139945,0.0120137771606837,0.0391246566303429,0.0358074245770547,0.000946515592910729,0.000649568851766082,0.000237093505508995,0.00046547509040629,0.0456332367109082,0.223536115603979,0,0.00359458585580461,6.19586526794016e-05,0.00250558441042197,0.000119100762474645,0.000872604403574994,0,0.00333514703296757,0.000212413685873517,0.000523737480785226,0.00160399221715946,0.00331952230187328,0.0228397344110272,0.0251605815232408,0.000975637648352969,0.0026899031228927,0,0.00272205648488547,0.0160628860712271,0.103297278095078,0.00235415994334399,0.00280183704338963,0.0656696866845105,0.913877901533455,0.00189885535085578,0.00146603073491526,0.00690638656338423,0.00199752216001657,0,0.000142548291478777,0.0195125867752268,0.0423826605169296
0.000120653447173864,0.000129890823588705,6.59931645975888e-05,0,0.00144995370478801,0.0121852875668772,0.0503581846088719,0.0122992243596958,0.248578678462604,0.6438841379748,0.000539748419885942,0.11226276440452,0.00288606985997302,0.00943191266368677,0.0222866428108402,0,0.000116263514495432,6.57246053793431e-05,0.00120002572481231,1.71851027934005,0.000327625742899335,0.000162313764483512,0.000212860905883678,0.364037739588859,0.000108661092973873,0.000399260734781742,0.000438254714753112,0.776422084149464,0.00776583645032637,0.000434584060924357,0.000219374463057449,0.00260158521475007,0.000642331604501892,0.0223360764880212,0.000540088315406304,0.0250264649028133,0.000451183623576489,0.0132738509306114,0.00249007567112969,0.0143043387582505,0.00354660245160308,0.000402412965300453,0.0139169511882713,0.000467331873628899,0.00328245141505056,0.00126983985515867,0.0244131654774944,0.00166340654819543,0.000609496902546552,0.00036284175286479,0.000134285234008998,0,0.190507152284931,0.000471495843825245,0.0198349506782224,0.0391347769753354,0.0490215377290527,0.0688084859477327,0.111377761721157,0.00303425323441503,0.0836829026781097,0.00262176412242677,0.00724309321942508,0.0095827338326336,0,0,0.000121510785112798,0,0.0844982763924019,0,0.000163022516760582,0,0.109028031796811,0,0.000115290181983602,0,0.197613105554741,0.00287927694546218,0.000172995622738856,0,0.000288679006429657,0,0.0134802046274071,7.99139348064512e-05
0.000294425038193547,0.000355330019470323,0.00640390149286552,0.00144995370478801,0,0.315760631708926,0.00606952485030673,0.00774575790668925,0.00882427232269247,0.0140691288830191,0.000288431608420939,0.044629658241512,0.00166908788268536,0.00161883598961829,0.334653666864903,0.00346614822016094,0.000616890978840205,0.000183335992217917,0.000128500756286985,0.0027646631685041,0.015092992104932,0.00058012597221663,0.0372278836649773,0.00401302588118483,0,0.00335106707335432,0.0263259510278632,0.00815390383905503,0.000899339285054439,0.00828505389731089,7.83268496337116e-05,0.0874969057627316,0.000279924763398904,0.0796675485706603,0.237957622768504,0.0943719381883982,0.0154036086299873,0.00929431422766423,0.0146554124236188,1.43366716883043,0.602499015367598,0.000311256991769052,0.00405811083421268,0.00612996956627094,0.000934382635953769,0.0222566143645728,0.00139804826699466,0.000371280813852695,0.00025355293645373,0,0,0.00211426312759237,0.000733498140627337,0.000349762773187941,0.000598314437738693,0.00186067756679911,0.000253540148843154,0.00130510040424708,0.000589851810417539,0.00077646834705894,0.00206477199898832,0.0008787457678527,0,0.00120794203991758,0.00314174537075862,0.000119172905102801,0.000413677977390361,0,0.00151203417920066,0.00175030406175622,0.000841934049736366,0.0109582461014314,0.00387809606570554,0,0.00266766370305133,0.0107503275336069,0.00405414885007495,0.000124762052419633,0.000746745916763783,5.41404211795807e-05,0,0,0.00031531871926927,0.134567707355653
0.00474792334385263,0.000148241116807506,0.00481027136888326,0.0121852875668772,0.315760631708926,0,0.285232678839635,1.7659113751551,0.045406012625053,1.41479399042856,0.0236692739826233,0.56821970233792,0.0141013191836113,0.101916839992967,0.347275149033376,0.000667473856277987,0.00244592438823928,0.00950101052158814,0.018731535869463,0.0339603439421928,0.00665985233767063,0.000760016125943613,0.0117668207082964,0.0397603449201378,0.000622033379967332,0.0254065579126492,0.0183453994681197,0.127273845792717,0.0525729660558633,0.0184549928236241,0.00220206086122888,0.0423298485497671,0.00187564422777994,0.159173377436855,0.935503842532258,0.330445712381055,0.0161898120616733,0.0698944363994634,0.0137024793427102,1.24217253611227,0.117199093117949,0.00465932894069183,0.0146825578580552,0.000542871533999035,0.00220443424729346,0.00222655979228503,0.00882797836896974,0.000587013542754537,0.000470639387026108,0,9.00922798563033e-05,0,0.0086392171519169,0.000161279198297551,0.00289245398380655,0.0146259880540998,0.00588701981170967,0.00910641421669862,0.00923581818561158,0.00587863852079607,0.0144474433177164,0.00457416950586024,0.00210171956503178,0.00309585804019394,0.00050822746134645,0,0,0,0.00803966337997025,7.3720854826951e-05,6.76592059920728e-05,0.00021028817440899,0.0314732283604595,3.44985903761685e-05,0,0.000501329006792435,0.031599328972295,0.00088610857476708,7.46468440854132e-05,4.34106267025769e-05,0.0005003700967103,8.41943096659124e-05,0.00467439372961218,0.0375643694292463
0.265082789750947,0.00131005278674572,0.120559663544477,0.0503581846088719,0.00606952485030673,0.285232678839635,0,0.840737262394269,0.085437883051291,5.92823632496094,0.012392514858364,0.0344887424058958,0.0081821220334854,2.12858425431371,0.0562539909637589,0.0079491980094528,0.0100698588520445,0.00677240177310808,0.0140570768218998,0.0455313325719663,0.366964009955794,0.0080044847851956,0.193298873364089,0.39887993371512,0.000659338672143084,0.021592451932789,0.102855829053214,5.63148645750735,0.280853892327486,1.11860637974521,0.000930408099730253,0.0307794684331972,0.0286371065333257,0.283750468018644,0.0162058265585838,0.413617205998745,0.0234344856080951,0.233124083390381,0.0532688134892018,0.0898301330719707,0.0379135631108149,0.00279403775085369,0.0634270758280135,0.000760567827520832,0.00902060632116495,0.00332356359690537,0.0133331567650755,0.0058743992657938,0.000768397042788437,0.000832711153939698,3.41667747414917e-05,0.00122376101523215,0.0402901792537866,0.00040234706823551,0.00462869810791271,0.068736630443689,0.0432672446478051,0.0392467184852723,0.0433344520008758,0.0100570581933956,0.0264715257380604,0.00580137081228184,0.0117912269063161,0.00399580494595215,0.00616425180080551,0,0,0,0.022648002982554,0.00191845907929017,0.00261674747491142,0.00358032343056666,0.168462235200784,7.44381968316019e-05,9.77248180711122e-05,0.00780871596863089,0.160890941968066,0.00611540398460876,0.00173919787650015,0,0.00153655812576024,0.000376939900948191,0.0243333478750973,0.00432173628473072
0.178057229176532,0.000492208411880371,0.0856838747498106,0.0122992243596958,0.00774575790668925,1.7659113751551,0.840737262394269,0,0.0254359597992489,2.19771380391798,0.0413707287812988,0.335258822122895,0.0214112747677096,1.6545547948695,0.0331100567786203,0.00147134822517016,0.0362099606303805,0.0194620831560366,0.0279555671422204,0.0579924384499702,0.078073944764495,0.00176533275996634,0.285051688823939,0.0647237984409682,0.000511508961723489,0.0595352107060844,0.0687216735957792,0.153331843898558,0.249775068515946,0.574685836222843,0.00361734466876397,0.0720371538724935,0.00597349967609022,0.247463390743963,0.0146422525203955,0.356193702139491,0.0232456460970608,0.154276639229498,0.034778802626666,0.196111495508718,0.0371201417920025,0.00557145408512575,0.0500982327188357,0.00120832068065109,0.00732613267346834,0.00300157318634845,0.00873004190832368,0.00318599809001912,0.00130338881512938,0.000481658428110427,0,0.000353539992285412,0.0166496506199462,0.00021377401609253,0.000832429632545445,0.0602846486323884,0.0185964469306657,0.0197429260560205,0.0126710165421984,0.00996030221624003,0.0210587974023106,0.00728773632794971,0.00710111897666963,0.00297330908398048,0.000978369899381469,0,0,0,0.0110759830340658,0.000199930032506478,0.000386613458187812,0.000716763600104356,0.140830196440448,0,0.000284269275814593,0.00359471733405419,0.110149434561913,0.00234524438522927,0.000962995982790759,0.000118409738286948,4.80759183384419e-05,7.40779048645556e-05,0.0159239883918031,0.0025381104058807
0.000347705375492248,0.291043778657234,0.000607650241348088,0.248578678462604,0.00882427232269247,0.045406012625053,0.085437883051291,0.0254359597992489,0,0.203532351638606,0.012924667346129,0.568910071403718,0.0633222746177961,0.0109858138844603,0.240345191199293,0.0213958831507384,0.000310433095579204,0.000775078712014479,0.0016755325280769,0.143705791426892,0.01012385209794,0.86574407230737,0.0138047340977066,2.66678747042995,0.105332186461119,0.00198205999921482,0.239143811913521,0.390595476970129,0.00847564525003467,0.00670895255608514,0.00735903293167041,0.00356620389129071,0.00176680742223033,0.0296400104874366,0.00466935958121961,0.0998229348383923,0.00441573642512835,0.0189566926101638,0.00226305031277833,0.31241029124894,0.00459099270068449,0.00517040562853114,0.0603892079918986,0.00541480868187263,0.00980107430030631,0.00395223237240501,0.0698363432267178,0.00513763044230442,0.00316861715309955,0.00126267654328191,0.00524772164179405,0.00183850044742062,0.135265557708418,0.00202346746819505,0.0223671251417751,0.052975908489201,0.0450309897324013,0.370850062281608,0.0813179541754685,0.0134518700975856,0.101643699194137,0.0182541636904773,0.0121051069376546,0.0307892371424513,0.0733949798035348,0.000251387779240098,0.00154070989854342,0.000318799337844265,0.0539743112320979,0.0236100530368348,0.104952108511016,0.0223577948688419,0.554139985321656,0.00595756999858329,0.00332100108997739,0.0137718593565372,0.309356026476305,0.0109022162477518,0.0100503320709439,0.00214634315547863,0.00246708767038408,0.000580923054602027,0.0160755164953297,0.00433620410975126
0.0223400913433176,0.000703701453522685,0.0267492687910094,0.6438841379748,0.0140691288830191,1.41479399042856,5.92823632496094,2.19771380391798,0.203532351638606,0,0.0658918095445135,0.612370097890073,0.0456849690823161,0.808628957450381,0.0859168774363517,0.000999027277051445,0.00663082964043859,0.0350184473256005,0.0640090421078011,0.585754328575274,0.0281186707335404,0.0020901941844445,0.0410765224431112,0.21087317633314,0.00198064359469998,0.0767865706374668,0.0584761693978533,1.12118624410613,0.264947143142098,0.0411828277146279,0.00492433722097337,0.0899368226839209,0.0049963927132714,0.558354750022775,0.0675472321542806,0.442862876368531,0.038432423158631,0.276263064000937,0.0426667727392734,0.200562860815995,0.0811909332408238,0.0122707572709816,0.0689389817790855,0.00274258257272569,0.0129619879446451,0.00718355969622085,0.0457074288397534,0.00636324432827681,0.00237963337899416,0.000599759590132123,0.000498337351532764,0.00015678584806993,0.184503675684314,0.000591258882608989,0.0215358244100206,0.159214496440616,0.088710039037763,0.0874697107766506,0.175212647232494,0.0170575119192197,0.134332007206481,0.0225764856394597,0.0230466557585846,0.0141541184546023,0.000280567305501607,2.93645877859115e-05,0,0,0.118864524131933,0.000265613867159492,0.000539160874206793,0.000133348446631703,0.301336841669127,0.000185764607459963,0,0.000326552534022781,0.389177167494783,0.00431854118870049,0.00112514898913717,0,4.00105437508494e-05,0,0.0449122881733596,0.00666611798976467
0.00680615590564923,0.028117512238367,0.0017556344199772,0.000539748419885942,0.000288431608420939,0.0236692739826233,0.012392514858364,0.0413707287812988,0.012924667346129,0.0658918095445135,0,0.0246984430737209,0.933669292916186,0.0918157940179895,0.00228364841855712,0.00053014328121194,0.00731577918941489,1.0024711324292,0.112299813645229,0.00495412853534196,0.00174625862980048,0.0103453567912704,0.00578114351673005,0.00622102203635587,0.182366152120296,0.896717726148917,0.0350220652080222,0.0067998086899355,0.151837606152484,0.0122704890802903,0.0884288217697424,0.0849175595798997,0.000358461601392281,1.11457026430222,0.00511419882923422,0.0793743549225622,0.32760140625317,0.27942625116883,0.0314156740102415,0.00635105555748673,0.00378504591869864,0.292354722622674,0.00408080940270203,0.0672352390671919,0.0043868717899673,0.00146590988298996,0.00291969165806272,6.59582625948132e-05,0.0419921349892339,0,0.00302799216812716,0,9.84088374745097e-05,0.000513961085110307,0.000325533781248208,0.000855099494719392,0.000269298306115573,0.000728522657303259,0.000429808912214496,0.171058195546035,0.00109141591805385,0.326358225457134,0.00059346295128856,0.000209614548575964,0,0,0.000800469220772051,8.68454487281323e-05,0.000319817040455368,0.000174210620308965,0.000964695294139777,0.000394953205299607,0.00146959378993711,0.037842088755151,0.0258280802592491,0.0248246929944179,0.000436416876036137,0.00102696294425818,4.71507714274585e-05,0.0449785959104064,0.000470573223956698,0,0.0127610225174595,0.001695595111446
0.00157237165934323,0.000944743390795993,0.00511371595631285,0.11226276440452,0.044629658241512,0.56821970233792,0.0344887424058958,0.335258822122895,0.568910071403718,0.612370097890073,0.0246984430737209,0,0.0448970132603064,0.0871341990126755,0.541661826085692,0.000368966868702969,0.00162891395954505,0.0125789187133504,0.0207797608333688,1.17457478468333,0.00263930626359512,0.00149753989781917,0.00623262761174819,0.103712035292769,0.000985777212168229,0.0264559325257247,0.0202279067358381,0.0632993882085899,0.0452421039642863,0.00488341232843036,0.00246231415372246,0.0255902753137096,0.000219570347638604,0.156417058329723,0.646551666935506,0.13172617168646,0.0104641827517345,0.0572006265828727,0.00714224725456558,0.574646266006538,0.0162383679158005,0.00395212378439399,0.0207292767655069,0.00230991399057212,0.00486546044340203,0.00481516582613833,0.160239275795768,0.00103583860447372,0.00115119250283981,0.000193059724550128,0.000126136178849492,0.000110221666368067,0.101769579803654,0.002086998356902,0.030184797647063,0.0114154076073736,0.0255550422240406,0.0443648025369593,0.0672706744837377,0.0146703992621468,0.191681122284774,0.0253166520326523,0.00599196514647235,0.0514667796717483,0.000140736812141955,0,0.000246903650500667,8.8265735245657e-05,0.0776670376925167,0,0,0.000316078195273143,0.0457289995243648,0.000294445833646932,0.00035138571354613,0.000415001671035802,0.0818181408260774,0.00296392257604045,0.000195546561519891,0.000181022185612184,0.000910190851388857,0,0.0117618765165185,0.100678267898888
0.00100342282630336,0.141845605089988,0.00123329656325835,0.00288606985997302,0.00166908788268536,0.0141013191836113,0.0081821220334854,0.0214112747677096,0.0633222746177961,0.0456849690823161,0.933669292916186,0.0448970132603064,0,0.0151349751216815,0.0156893958381259,0.00359275153887594,0.000254177265563083,0.00155561174864422,0.000782399033027893,0.0206041103613595,0.00263122959213031,0.0556963408450207,0.00577897256006487,0.0278894026374955,0.749526644083364,0.0269536019317281,0.114838485428599,0.0119029986749233,0.0185723477987818,0.00422910422747395,0.0894704453784053,0.0189470517603902,6.92686549362004e-05,0.396376158827793,0.00333447582888355,0.139571082794248,0.41931020726726,0.225124946943646,0.0258125726587885,0.17123054424591,0.00815053028727801,0.464943397601953,0.0245744588433007,0.232090300110985,0.0141840033665218,0.00600161167932065,0.0786273713474324,0.0022927959159418,0.100596584402616,0.000320564402172473,0.00956665784989897,4.13656979662746e-05,0.00290885550890387,0.000467090194716221,0.00318768611557445,0.00482562683418494,0.00600966966674253,0.000890289552624035,0.00406081457842914,0.642155235022578,0.0183420957923911,1.56182581803592,0.00338571342921192,0.00688941980927418,0.000461713496300376,0,0.00312684985211832,0.000260084825768686,0.00779485418491259,0.00072316730851677,0.00194596325954261,0.000589705729631072,0.00712940141117878,0.347172467316271,0.167498473299694,0.226273682961734,0.0111998099145311,0.00267219771317008,0.000410347828675538,0.279845418184418,0.00133631033706351,0.000186780705731624,0.0441216172520677,0.00207521838787276
0.988311248973394,0.00112090487955337,0.109848761530442,0.00943191266368677,0.00161883598961829,0.101916839992967,2.12858425431371,1.6545547948695,0.0109858138844603,0.808628957450381,0.0918157940179895,0.0871341990126755,0.0151349751216815,0,0.0141705442830869,0.0019356136214704,0.0646359101882283,0.0584656286092481,0.0983970948042945,0.0340662087103123,0.0937849890935386,0.0014477086049194,0.378972574049601,0.0349355223532297,0.000843638520463693,0.149254926886575,0.148858959120843,0.111114211275587,1.26963889318401,1.27849456364598,0.00571881981725375,0.120820054377905,0.0169138785290188,0.308548205967167,0.00468610980492263,0.196626470857777,0.0186386049395623,0.160005705692604,0.031832328730016,0.0273140295749069,0.0163217335716758,0.00400256809844238,0.0206728853591099,0.000465592847258779,0.00326225482638944,0.000670690318562842,0.00456499939255411,0.000957760868023361,0.000346528882068739,0,0.00102570761098987,0.000610031859696749,0.00380183039601854,0.000343934382561833,0.000298026888304383,0.0213297117437517,0.00490177898369477,0.00770718498408036,0.00379123630538291,0.00455288733357308,0.00714449124054048,0.00407375059733025,0.00155071566488266,0.000872186047820383,0.00107382110245928,0.000202447077608526,0,0,0.00175186894941036,0.000480089871811343,0.000474882828827852,0.000496084914374274,0.0591053088197668,0.000349804278197435,0.000401501900000941,0.00731772311126748,0.0399309487387736,6.90893180495978e-05,0.000441462132886088,0.000291424590932065,8.90853393425941e-05,0,0.00590138199693538,0.000632231038049841
0.00158473555528253,0.0038071359881153,0.0274348452626386,0.0222866428108402,0.334653666864903,0.347275149033376,0.0562539909637589,0.0331100567786203,0.240345191199293,0.0859168774363517,0.00228364841855712,0.541661826085692,0.0156893958381259,0.0141705442830869,0,0.035812916563469,0.00371827569963532,0.00334732767122525,0.00321677633083616,0.0297834363110267,0.182714272803576,0.00918114554491111,0.231418735166964,0.104093544970353,9.60140602173715e-05,0.019583226993529,0.10646670175294,0.118977522765789,0.0113219444745772,0.11705053039897,0.000829550912807297,0.0186896143135997,0.00307483379802989,0.0656242018547259,1.30487296725235,0.178076059095201,0.0981572658834125,0.167340711012956,0.194791526818038,1.62227253407386,0.0300595443093307,0.00322435886021117,0.0358045528039123,0.016561747313016,0.00733265084969885,0.0510398677393703,0.0511539920625673,0.00301438942565478,0.00108102797533839,0.000353591497400337,0.000757154305801761,0.00383528897265894,0.0220170274107747,0.00133220781666993,0.00756030667742935,0.0108763966904142,0.00708800968356706,0.016009961401297,0.0163170900951771,0.0106345922624198,0.0474826659767939,0.00739095844975366,0.00298762575473354,0.017098255216609,0.0145393253947746,7.68750194198072e-05,0.00125357478758204,0.000113833231183708,0.0172108843896562,0.00558659310868856,0.00611396827814479,0.0231751022194807,0.0404576535797438,7.48199187835217e-05,0.00569978393077179,0.0282041304777171,0.0450706878040297,0.00245841573079795,0.00329191873570185,0.000296025116021973,0.000570904007435596,7.60662328378618e-05,0.00757291183387845,0.281521457112958
0.000610727752320367,0.0413550802511173,0.00772491045497319,0,0.00346614822016094,0.000667473856277987,0.0079491980094528,0.00147134822517016,0.0213958831507384,0.000999027277051445,0.00053014328121194,0.000368966868702969,0.00359275153887594,0.0019356136214704,0.035812916563469,0,0.000930075330912899,0.000104453769591164,5.51808089841366e-05,6.01649291407525e-05,2.36576174774615,0.635318049975711,1.98918801838088,0.348078065004799,0.007635976571924,0.00333431638137262,0.900338578463418,0.379850737774742,0.00239523268172393,0.0168332549524829,0.000449734281612704,0.00129288435968649,0.00098687434482154,0.0512742999782511,0.0514084485552361,0.55443515433001,0.120775679861849,0.155128788704198,0.112046310171752,0.0109257039462013,0.00778695250559476,0.00102581583047387,0.0807198804412928,0.0105613257930983,0.0143218421043298,0.0143968578910692,0.00212107315782814,0.00171584434128279,0.000203469789970424,0.00054023831144602,0.00580185548073337,0.00557723224801255,0.000257610950974929,0.00126086441001744,0,0.00783015497271839,0.00034651389715043,0.0136345236775105,0.000170547899509263,0.00201096604794632,0.000505241297970671,0.00122475990633985,0.00188045797207544,0.00288732819964597,1.10805723996865,0.00060561463662253,5.12795154280841e-05,0.000326672119655981,6.30687059455156e-05,0.103116606269215,0.352537727528952,0.334907456534249,0.21952231213909,0.000523874470314857,0.000734672115321049,0.183494355730167,0.078712770399642,0.0073120394714055,0.0166260477110827,0,0.000650925263960967,0.000790230725462097,0.00810414605759808,0.0192783918344975
0.0168777609966641,0.00501207500939488,2.3279042701837,0.000116263514495432,0.000616890978840205,0.00244592438823928,0.0100698588520445,0.0362099606303805,0.000310433095579204,0.00663082964043859,0.00731577918941489,0.00162891395954505,0.000254177265563083,0.0646359101882283,0.00371827569963532,0.000930075330912899,0,0.0418892629930389,0.899378367630524,0.000194534292604202,0.114247319157108,0.000861807767163014,0.918957936120532,0.000898753864640147,0,1.89123393351466,1.13434721429135,0.00272586032105492,0.0790541121294884,0.129114064795248,0,0.00124922695149596,0.0095103764640578,0.405177154942213,0.0054263975987352,0.0867128178119251,0.058306758829537,0.18725652216686,0.0534441578898211,0.00195505302287442,0.00398131221903427,0.000223367866201964,0.00429958344657247,0.000667295951936275,0.00185673543878649,0.0023228798352241,0,0,5.37844517851233e-05,0.00012645322569449,0.00634301042971831,0.0128996946444918,0,0.000388787967120987,0,7.14097692252457e-05,0,8.3917471058631e-05,0,0,0,0.000283447056007064,0,0.000118407277745628,0.00144393622931994,0.00141036093213612,0.000109126307077876,0.000123884110218025,0,9.25147769956083e-05,0.00104018543611586,0.00312595547859911,0.000535584610400629,0,0.00575857691139426,0.0848271636310063,0.000241892142967469,0,7.20842069260717e-05,0,0,0,0.000993006689885286,0.00119114613826
0.00717224430399325,0,0.00368335704664254,6.57246053793431e-05,0.000183335992217917,0.00950101052158814,0.00677240177310808,0.0194620831560366,0.000775078712014479,0.0350184473256005,1.0024711324292,0.0125789187133504,0.00155561174864422,0.0584656286092481,0.00334732767122525,0.000104453769591164,0.0418892629930389,0,0.174705763888949,0.00218390286707269,0.00168737486961189,0.0001212105270289,0.00425592776879642,0.00110981643069932,9.17967284165919e-05,0.0823945503307376,0.0105952276384742,0.00218351961005332,0.0879091571304566,0.00765492834003503,0.00259805504730133,0.0349426578011386,3.924504939591e-05,0.417240462564141,0.00875951749755697,0.0866986750609885,0.136534353523752,0.309456377193494,0.0848289406710773,0.00330408405376475,0.0046446376968569,0.00212425089152512,0.000973791402786483,0.000210560241561145,0.000109724271265316,0.000819520599243337,0,0,0.00011508932644397,0,5.77675140059828e-05,0,0,0.000373586022418207,0,0,0,0,0,0.000853352920472521,0.000115388448467124,0.000913831186250132,8.77851593836844e-05,0.000293724953228694,6.0729346285671e-05,0,0,0,0,0,0,0.000259538749077592,0,0.000290834354728568,0.00175630807074815,0.00297426756180536,0,0,0,0.000517916962228813,0,0,0,0.00380714521514525
0.0131942858828305,5.69218026789605e-05,0.0778991255481326,0.00120002572481231,0.000128500756286985,0.018731535869463,0.0140570768218998,0.0279555671422204,0.0016755325280769,0.0640090421078011,0.112299813645229,0.0207797608333688,0.000782399033027893,0.0983970948042945,0.00321677633083616,5.51808089841366e-05,0.899378367630524,0.174705763888949,0,0.00412428711517701,0.0208896343636197,0.000328857440562389,0.0665387383823,0.0031736398688418,0,0.22049792335325,0.109281926025308,0.00801868625661828,0.110184609796995,0.0405189542121856,0.000242882206051922,0.0220133445013443,0.00246313039674211,1.05120043568347,0.0107417578671966,0.167454023521,0.155685828184744,0.591122190943402,0.158161728555411,0.00410842202133797,0.00482322610230698,0.000189355839559156,0.00132901906041285,0.000537154557681406,0.000320001118317419,0.000766155885881877,0.000111811807821298,0,0,0,0.00100375265521717,0.00121487714767045,0,0.000604667713366691,0,0,0,0.000501080256594342,0,0.000351841176923888,0,0.000164276511693907,0,0.000926371711926395,0.000260216495208976,8.2174122115922e-05,0,6.21598019322991e-05,0,0,9.99314498145576e-05,0.000401521556622702,0.000133781936932134,0,0.00151186084403986,0.00954418420204089,0.000219824739348102,0,0,0.000203202497044277,0,0,0.000152932041852998,0.00418827139464358
0.000684271775136114,0.00010797329686122,0.00170214143150329,1.71851027934005,0.0027646631685041,0.0339603439421928,0.0455313325719663,0.0579924384499702,0.143705791426892,0.585754328575274,0.00495412853534196,1.17457478468333,0.0206041103613595,0.0340662087103123,0.0297834363110267,6.01649291407525e-05,0.000194534292604202,0.00218390286707269,0.00412428711517701,0,0.00115435432614461,0,0.00185168070552741,0.0735633121047334,0.00051289490595597,0.00488547281288623,0.0017910850680496,0.188907962146663,0.0152704886091499,0.0016058086342042,3.64295057186782e-05,0.00591229598010963,0.000405578615190348,0.0545328056019094,0.000419018069712315,0.0378662042186009,0.00321206702377364,0.0207809362849415,0.00352314935035955,0.0384286663553764,0.00614674605791507,0.00131784230638839,0.0533005117175516,0.00272525738867988,0.0097877668698973,0.00442797319587032,0.0544301463898917,0.00679391594839542,0.00232623581408102,0.00020081547825076,8.9960732334727e-05,0,0.187884066746523,0.000791647368272599,0.0264864038999093,0.0802411424928509,0.0953552089679344,0.0496253285974862,0.158651141459847,0.0152152499912991,0.211861114406273,0.0188718001883996,0.0219745972571413,0.0224761134424105,0.000124406421072519,0,0,0,0.0985169433441181,0.000683059360026038,0.00031460668627044,0.000255658577938747,0.163202736701659,0,4.85263248604477e-05,3.17035068758577e-05,0.272795812230765,0.00967962713182433,0.00066203801343143,0,0.00211060863076411,0.000299586613809338,0.0400857433937804,0.000965017214962466
0.0194666428854623,0.00854049926435669,0.345524655784255,0.000327625742899335,0.015092992104932,0.00665985233767063,0.366964009955794,0.078073944764495,0.01012385209794,0.0281186707335404,0.00174625862980048,0.00263930626359512,0.00263122959213031,0.0937849890935386,0.182714272803576,2.36576174774615,0.114247319157108,0.00168737486961189,0.0208896343636197,0.00115435432614461,0,0.0532196057024601,5.33056639609825,0.261756640698687,0.00258095225961522,0.0636119631915336,0.239239493501405,0.922606212849967,0.105388075443267,2.82823667883802,0.000176468009029773,0.00951175804692537,0.0350801335038084,1.49879031505615,0.164482792910027,1.39831034666551,0.0649771822512277,1.37725142480358,0.31429317711583,0.0664122512299525,0.0383568233008958,0.00105865421492855,0.0762422581822079,0.00341589484190227,0.00594248720725645,0.00696668877576787,0.00308749267906869,0.00247744785719593,0.000106798662698099,0.00102456498326007,0.00172145144390114,0.00231060520872141,0,0.00208964184833579,0,0.0107825318548512,0.00079792727100178,0.0191965782454152,0,0.00441135672530925,0.000173991742966694,0.000567826568506193,0.00186215234266918,0.00496052942854043,0.0962343271725208,0.000157979839599785,0,0,0.000372936927184624,0.0745130181579924,0.0559893381014667,0.0464418380152006,0.221301302809747,0.000231755433158463,0.00102031036372896,0.025825776333601,0.134356568515584,0.00945144685134926,0.0133411637267446,0,0.000359350735177663,0.000715784576205284,0.00584634635157648,0.0419917261182012
0.000312137244884467,0.459880239671056,0.00253217371541508,0.000162313764483512,0.00058012597221663,0.000760016125943613,0.0080044847851956,0.00176533275996634,0.86574407230737,0.0020901941844445,0.0103453567912704,0.00149753989781917,0.0556963408450207,0.0014477086049194,0.00918114554491111,0.635318049975711,0.000861807767163014,0.0001212105270289,0.000328857440562389,0,0.0532196057024601,0,0.144640146631135,1.65512488258267,0.0803047387189051,0.00204809343855124,0.499969458125027,0.0789416861409052,0.0024685410522907,0.0050232469254631,0.00625543751141961,0.000966340473579765,0.000658158861976376,0.0122920044110346,0.00428101663403017,0.0574246978313866,0.0102405026046009,0.0209955892268979,0.00715995107934491,0.0061010105272329,0.002228493533925,0.00389043945990471,0.0360848973001932,0.00734578708406635,0.00812825694632534,0.00624881043683955,0.00243935413055084,0.000715047929480615,0.00130244634467747,5.6469999633503e-05,0.00743500531203637,0.0154531368634436,0.000482752820363546,0.00105709515720564,0.000201658939623332,0.00503609965171547,0.00160603254346431,0.00935512969843785,0.000435042954651388,0.00639605347440716,0.00026061162544856,0.0124366969783764,0.000937405161586014,0.00145142616420251,0.29045307924575,0.000848406816787648,0.000180257533604724,0,0.000319253648536,0.0264317011729952,0.204297602233701,0.0768524710163812,0.0869512763747741,0.0048636696209746,0.00259566469236845,0.307854205078649,0.0253253834131533,0.00181810334126721,0.00449368687289948,0.00247586363434209,0,0.000352891855776263,0.00441650853634441,0.00267456134850842
0.0837202290649938,0.0129367020532277,3.97810447368255,0.000212860905883678,0.0372278836649773,0.0117668207082964,0.193298873364089,0.285051688823939,0.0138047340977066,0.0410765224431112,0.00578114351673005,0.00623262761174819,0.00577897256006487,0.378972574049601,0.231418735166964,1.98918801838088,0.918957936120532,0.00425592776879642,0.0665387383823,0.00185168070552741,5.33056639609825,0.144640146631135,0,0.178798524007839,0.00307796254257086,0.417867492450097,3.32935689693154,0.495728299029532,0.272559061911197,1.51438245658822,0.00102209109738279,0.0140060138784418,0.0351985248129733,2.16766157922308,0.437031446807639,3.12440389214921,0.536360716602002,2.60075737742972,1.32085552910182,0.0962750821380849,0.111338525976376,0.00419416063656239,0.0973573843136125,0.0136869794646916,0.0210321032915574,0.0264924715809497,0.00223984388357298,0.0021364132142669,7.66157592743874e-05,0.000745918171821803,0.00361994515337138,0.0273132299433121,0.00010428327181133,0.00954648337008823,0.000105654070414472,0.00504917869789344,0.000359263061767864,0.0112544751597532,8.04638851875961e-05,0.00700463251468589,0.000491733724138111,0.000305048921329483,0.00098261661913409,0.0110112425925677,0.777934298546691,0.00116786280605489,0.000129164900169114,0.000173064531750211,8.79209214135349e-05,0.0925258394813179,0.212235924888816,0.327454004444186,0.174349506974142,6.4230336369431e-05,0.00317149914801769,0.552423917802625,0.0718436372049158,0.00895456794412061,0.0159417690974151,5.67198277038633e-05,0.000383672648573658,0.00119740843481852,0.00948978545727328,0.142992879407988
0.00212038328909735,0.163689796926816,0.00247109012045135,0.364037739588859,0.00401302588118483,0.0397603449201378,0.39887993371512,0.0647237984409682,2.66678747042995,0.21087317633314,0.00622102203635587,0.103712035292769,0.0278894026374955,0.0349355223532297,0.104093544970353,0.348078065004799,0.000898753864640147,0.00110981643069932,0.0031736398688418,0.0735633121047334,0.261756640698687,1.65512488258267,0.178798524007839,0,0.0376392913136379,0.00444276322434329,0.255960913969186,2.09529765954748,0.0654025263394228,0.0648863712882609,0.00264073465493624,0.00866487212176141,0.0282730742331348,0.116727029861658,0.015326043251391,0.350586096778235,0.0227532418338499,0.123756676668888,0.0243976952755993,0.059162005275099,0.0162514643132282,0.00110657235105486,0.453107183704295,0.011400354217853,0.0506876407091126,0.0133579119942064,0.0894858167845789,0.0310810835943011,0.00743331402792631,0.00337114665884228,0.00505132095932675,0.00240355720839263,0.203726028715189,0.00282230727306267,0.0329670179582791,0.28446660412668,0.156043111652352,0.373646729622392,0.178538202867581,0.0450862238198635,0.112741713945661,0.0161479241941674,0.0657433888165023,0.0385015949602325,0.132707689765333,0.000482186369392806,0.000934851407867518,0.00023140716681003,0.0959042044900233,0.0685708817358141,0.0931737926302642,0.0482093058073747,1.49914589841716,0.0014626839138163,0.000664176825119307,0.0231513701959282,1.06739992915229,0.0473720153615975,0.0359054608364808,0.000209009241556883,0.0171959130403466,0.00192344318559239,0.101009162903188,0.0147802325121172
3.72524293296934e-05,0.28012831823826,0.000481759177302307,0.000108661092973873,0,0.000622033379967332,0.000659338672143084,0.000511508961723489,0.105332186461119,0.00198064359469998,0.182366152120296,0.000985777212168229,0.749526644083364,0.000843638520463693,9.60140602173715e-05,0.007635976571924,0,9.17967284165919e-05,0,0.00051289490595597,0.00258095225961522,0.0803047387189051,0.00307796254257086,0.0376392913136379,0,0.0259493074420369,0.66679718754505,0.0030270114512205,0.00110901331610846,0.000192935447817316,0.0318101943680848,0.000956599514687433,0,0.0777655926800497,0.000386316464200395,0.00799111366611286,0.0149720036085066,0.037603761798012,0.00233190211931857,0.000596368501456436,0.000475917830041951,0.146242043409189,0.00295851872023105,0.0280316406818684,0.00409874195530155,0.00230269629740714,0.00128484283960365,9.69710196000812e-05,0.0165704265510996,5.85938291739524e-05,0.0280751984783133,0.000692941572832111,4.59414319940328e-05,0,6.82845159928978e-05,0.000341431546531731,0.00031179171893622,0.00139588041648579,8.58669346709549e-05,0.120479278698637,0.00108224716247886,0.312411532921771,0.000952160473705162,0,8.67812973175049e-05,0,0.000700302833595526,0,0.000420810585147342,0,0.00286284958745187,8.22986759367198e-05,0.00113421929535056,0.196165105500366,0.0543212852338499,0.304859963374419,0.000737107067565345,0.000864248845822692,0,0.0314709718778163,0.000276325096741402,0,0.011032109365629,0.000388642058129072
0.0232340030870815,0.00793296634483294,1.76315359227527,0.000399260734781742,0.00335106707335432,0.0254065579126492,0.021592451932789,0.0595352107060844,0.00198205999921482,0.0767865706374668,0.896717726148917,0.0264559325257247,0.0269536019317281,0.149254926886575,0.019583226993529,0.00333431638137262,1.89123393351466,0.0823945503307376,0.22049792335325,0.00488547281288623,0.0636119631915336,0.00204809343855124,0.417867492450097,0.00444276322434329,0.0259493074420369,0,1.81665163698703,0.0098534899873141,0.194057120639297,0.0908689856622249,0.0521928910872263,0.0621327008928999,0.00589906405063513,1.07189256943338,0.0566420473022187,0.747399579821917,1.37303132712161,1.10895977482909,0.465618061617162,0.0104392585210987,0.0279420905024907,0.0242578317699769,0.0575466442292938,0.0441865669005374,0.0275529877523335,0.0398681772069227,0.000722940124076665,0.000315739405333847,0.00165250691817888,9.24829672947616e-05,0.0682677210139431,0.0788805557762603,0,0.00225349012054661,0,0.000392020888432238,3.03662276064396e-05,0.00391691549409984,0,0.0577890813821636,0.000327862176536429,0.189084136298341,0.000337384665405828,0.00296924770284026,0.00222298138658873,0.0222234400608103,0.00682051606259088,0.00832933389311277,0,0.000570785036937725,0.0117694051910725,0.00858418374265805,0.00154521025632622,0.0560393744062259,0.582696951722169,1.09845795859386,3.97767563040257e-05,0.000520914425252682,0.0007769864378634,0.161797225790178,5.52605493648827e-05,0,0.0191552507772784,0.025324376140134
