0,0.594720184803009,502.987297981977,16.7133958637714,2.66040539741516,157.169499129057,10410.871471256,4030.15707078576,19.466972053051,436.731633424759,59.8187970519066,23.7026229500771,0.516406297683716,21961.3079925776,5.82268145680428,2.77962708473206,140.060149431229,22.9992708265781,13.3885944783688,18.9308377802372,671.622062504292,0.594395458698273,981.915929019451,22.8439275324345,0,106.712465524673,122.115496218204,268.124293476343,8140.8345939815,16569.201728791,0.817857146263123,36.7287668287754,20.1828997731209,107.075489163399,21.8260719180107,215.210657209158,29.0978653430939,99.3638231158257,42.3066589236259,20.849394351244,35.5166044235229,14.2087569236755,6.45775085687637,3.04804039001465,2.99639880657196,4.23048555850983,2.0258903503418,3.28162181377411,8.55105304718018,0,0,8.6310621201992,0.997526973485947,0,0,3.39931470155716,1.73170885443687,6.30416563153267,0,0,0,0,1.05642366409302,0,2.21666285395622,0,0,0,0.661985397338867,3.3447308242321,0.45616227388382,5.33633148670197,61.0317040979862,0,0,13.3465630710125,43.0652284622192,0.298725873231888,16.6685627102852,0,0,0,0.678223669528961,1.2091908454895
0.594720184803009,0,71.6062382459641,0,2.86365562677383,1.41855788230896,1.63719999790192,1.02771064639091,2221.75155282021,1.65839856863022,316.409397423267,2.32311609387398,4139.24743461609,2.61909466981888,37.6095007061958,453.484843879938,135.59332036972,7.11882209777832,19.7372038960457,0,100.320056468248,2391.20918822289,75.1373692154884,3831.28924778104,2592.46785849333,221.792863190174,14406.5514514148,150.405171751976,10.9204072952271,14.4444308876991,215.356183707714,0,0,44.3896480500698,4.37182104587555,136.240738123655,138.268797427416,109.460951715708,33.8005467653275,8.91145610809326,0.597976386547089,292.853874623775,97.45043861866,90.994140535593,49.9817780256271,36.7701771259308,4.3359352350235,4.34174460172653,62.4669535756111,0,1786.52475708723,144.953346610069,3.96443164348602,0,0,4.7001159787178,0.432810664176941,65.3194359838963,0.90314257144928,73.269868016243,0.565926432609558,211.329207986593,4.31381946802139,0,85.8127270340919,39.4141466617584,27.3190867304802,55.9077279567719,0,15.6362814307213,66.1515070796013,118.782090574503,59.2343954741955,168.363408267498,489.533290594816,5549.98137694597,32.9883904755116,1.40778607130051,3.11100381612778,242.712267637253,1.8536788225174,0,22.3457881808281,12.4342747330666
502.987297981977,71.6062382459641,0,6.6277280151844,44.745839715004,137.813749074936,1453.34251657128,2204.69196638465,116.181819796562,199.945134133101,89.0674280226231,16.3860470354557,1.76542007923126,2537.7057890594,57.6468386352062,131.574034869671,10973.7897824943,157.349632263184,628.502955138683,9.16098403930664,2123.87209433317,33.5797816514969,36099.9525758028,214.827657222748,5.75332283973694,27106.5979338288,42883.0615335405,967.57230502367,1663.15968880057,2453.87842479348,4.25583711266518,64.0598859935999,170.872177004814,966.474726974964,273.25337022543,2925.73414218426,2841.85639667511,2294.04226881266,713.003184139729,91.0675601363182,117.1080545187,29.1164692640305,754.718652933836,421.731748282909,463.385884314775,377.873431116343,16.5757462382317,26.8192257881165,8.98278951644897,3.17101159691811,154.082942813635,5138.57229021192,0.89268296957016,1.23614025115967,0,80.4515143930912,4.53330215811729,44.6365129351616,0.511908829212189,12.8707425892353,0,3.07571363449097,40.6632973253727,4.04357266426086,113.543279916048,351.771575272083,20.0453884601593,98.4213595688343,1.18458461761475,100.384529680014,69.2303198873997,1744.0210956037,175.965184777975,8.88580071926117,1175.02286279202,12820.4463244081,143.451212316751,9.78592783212662,101.87649422884,0,0,0.425799787044525,153.192148059607,141.615159124136
16.7133958637714,0,6.6277280151844,0,37.6088141798973,93.4401596486568,110.731339395046,280.228894203901,3812.83456125855,2593.72281575203,51.2392962276936,4778.6629306078,2.88624557852745,217.207904368639,573.397071629763,1.42553913593292,3.02464139461517,7.93416354060173,0.792481929063797,22273.8510252237,11.7609784901142,0,14.7156931459904,5890.57000681758,0,9.18691369891167,4.49090996384621,15938.9619782865,123.932707861066,46.8615221083164,0,59.8765622377396,2.09310445189476,50.3447189033031,22.7775750160217,561.498965442181,15.4507732987404,71.8855356872082,25.4217041730881,398.049514621496,68.5067672729492,18.7897627651691,77.5003377795219,0,36.3066553473473,10.1663475930691,117.604727506638,9.41377204656601,37.3703915178776,0,1.10858571529388,0.383485853672028,1268.84512639046,8.18078881502151,83.9062812626362,247.873341411352,51.531877040863,1251.91627651453,1026.76569217443,0,622.624378204346,0.570648074150085,27.7705440223217,52.5166875422001,0,0,0,0,335.038250923157,1.49470990896225,3.49675470590591,0,1811.61658939719,0,0,2.23876446485519,2713.91097426414,29.117382735014,8.30997508764267,0,0,0,30.0465686917305,4.54520243406296
2.66040539741516,2.86365562677383,44.745839715004,37.6088141798973,0,2592.53410091996,99.2953691184521,166.525875389576,175.87504440546,53.1305896341801,6.87368083000183,488.35844156146,0,64.9017862379551,3949.28969275951,280.694698065519,57.5865612328053,6.67510461807251,9.52213314175606,52.532459884882,1069.76886895299,14.3591598570347,1968.14480102062,161.390455901623,0,33.9525114297867,456.742826670408,290.958966374397,22.5564967393875,397.000901848078,0,1447.73828095198,6.93295341730118,804.226954996586,1361.16214478016,346.850762724876,341.353541195393,77.1558454334736,348.521801114082,12697.9573810101,9533.47685331106,15.2161948084831,27.3384905159473,10.8646799325943,8.07713988423347,40.4230760931969,19.017294049263,5.0860498547554,15.785817027092,0,1.55345189571381,10.654657959938,39.6407340168953,1.94243049621582,10.9107128977776,14.9668309092522,2.43299195170403,18.14050167799,41.8073508143425,0.82140576839447,41.1656703948975,0.636606276035309,1.98396402597427,10.0455224514008,19.9068435132504,0,0,0.975433558225632,16.5860936939716,12.1364907622337,7.48715388774872,51.9241438508034,63.2140294611454,0,8.182701587677,61.4982088804245,86.643472224474,3.71865463256836,19.9039703011513,0,1.83390831947327,0,3.42864608764648,1457.81878632307
157.169499129057,1.41855788230896,137.813749074936,93.4401596486568,2592.53410091996,0,4676.13981418312,23820.4924988002,158.34397059679,24017.9504300654,321.615509480238,4535.81043988466,15.8981077969074,3547.16291320324,6047.44233423471,1.57417383790016,35.3681319653988,75.1146024763584,31.254023373127,282.444490164518,238.047515928745,0,175.347727954388,118.405054986477,0.502695977687836,133.256195813417,109.41350877285,678.308610916138,591.168195858598,525.066009700298,10.732874840498,5250.9157525003,12.93928784132,266.295323520899,1616.63375994563,1720.37441271544,62.8243533968925,299.391800403595,103.955917626619,5273.03421118855,443.508754432201,146.961571782827,60.1059827208519,3.52666035294533,55.6953924000263,22.9530579447746,24.2822754383087,16.1317013502121,74.2987471818924,0.868494093418121,0,0,34.4151859879494,2.77967762947083,15.0889012813568,53.9994594156742,8.28325298428535,57.3297416865826,40.7640388011932,1.59203949570656,33.7052151560783,1.15724158287048,3.87231355905533,2.92883417010307,2.26845878362656,0,0,0,13.8249984383583,0,1.46597075462341,4.49371713399887,283.96793192625,0.585252225399017,0,2.02465298771858,355.177374064922,13.2291909754276,19.7670016586781,0,6.27057921886444,0,5.82586246728897,210.912321984768
10410.871471256,1.63719999790192,1453.34251657128,110.731339395046,99.2953691184521,4676.13981418312,0,14000.337987408,3374.91797885299,15029.4026466012,464.780398726463,115.062765032053,19.9430994689465,29396.8511016071,734.049231141806,51.8874979019165,163.645009785891,126.763172656298,71.8410727083683,56.528993755579,6420.30145812035,15.2210429906845,3084.01642400026,9674.61106455326,4.45738470554352,329.995543777943,638.701431900263,107241.422403425,3035.48697189987,21399.8232777417,14.3713744282722,465.630435332656,141.774649292231,835.36737832427,358.305898755789,4699.60073328018,300.247908443213,1565.08345684409,635.259724766016,511.302303940058,560.247653454542,192.816170305014,800.012838661671,11.494836717844,470.362243533134,158.16518008709,318.062758415937,70.2187569141388,215.662166059017,8.98285487294197,9.86023241281509,39.6351410150528,609.803067684174,0,78.6035959422588,1175.11368632317,411.545134842396,1631.88181197643,637.066040843725,24.4622550010681,201.945441901684,2.65983033180237,423.351192474365,18.4055190682411,80.362090587616,0,0,0,190.968728899956,37.7980168759823,45.3346127271652,166.235018730164,4375.3910009861,0.624702513217926,0.706395149230957,201.404605060816,7210.41867795587,318.365328103304,167.119464337826,0,24.6050667762756,1.34070682525635,178.170641243458,49.1877239942551
4030.15707078576,1.02771064639091,2204.69196638465,280.228894203901,166.525875389576,23820.4924988002,14000.337987408,0,494.116099953651,12836.0085339248,273.867711156607,6213.28012703359,12.2236943244934,29382.2694198936,909.21242505312,9.75653168559074,558.766395807266,51.1268242895603,47.3188597857952,1182.9173168242,2279.66801300645,5.42936545610428,3218.81626704335,390.378598943353,0,464.799491077662,441.280627280474,1629.74559243023,2330.73012779653,15410.573426187,8.13672775030136,902.12019045651,42.5276581048965,345.003763735294,184.553727537394,2878.96348196268,147.133537590504,491.693636596203,227.497166842222,4300.59559100866,680.819262683392,257.931091219187,570.848437726498,12.3045776188374,267.107858091593,45.8662374317646,208.222669661045,54.2171992957592,256.244278132915,7.66179442405701,0,9.3829305768013,95.6329363584518,1.24011552333832,32.2525364756584,725.632944405079,35.6225549280643,644.446911752224,133.313732147217,1.29983103275299,78.5839147567749,1.37513697147369,49.2068866193295,16.4627093672752,11.2920407950878,0,0,0,44.6201556921005,14.8363136351109,17.5760868489742,18.3197150230408,2984.20567962527,0,0,37.9563463032246,4079.95904606581,124.982455193996,121.23818063736,0,16.3466361761093,3.27673870325089,68.0184843242168,35.0648736953735
19.466972053051,2221.75155282021,116.181819796562,3812.83456125855,175.87504440546,158.34397059679,3374.91797885299,494.116099953651,0,1340.17520332336,180.220846712589,4416.93697860837,1100.17914000154,484.391539439559,2384.11024877429,146.924486279488,45.3849913179874,33.3414611816406,11.2400463521481,1497.27270454168,242.078662514687,8712.22739887238,158.548950850964,34228.0896279216,617.655337482691,94.0941563844681,6892.99556732178,8896.03523871303,524.263796418905,692.778277397156,131.499182343483,92.0893698632717,85.0614605545998,229.147955030203,159.478382796049,1603.56406086683,110.683322250843,309.250069767237,86.2820456027985,559.39792612195,186.377933114767,97.4586320519447,369.592299073935,33.1772544384003,152.614483445883,60.4363798797131,84.8636545538902,13.4082530140877,37.8369601368904,11.054612070322,37.0015384852886,23.260935395956,344.832991480827,7.51328200101852,39.2282695770264,236.016817122698,113.487198382616,4172.42792198062,267.19835332036,43.1830653250217,200.430143654346,33.0171575844288,125.669418722391,65.6089720129967,445.841560959816,3.75507140159607,15.6124987602234,10.3942701816559,87.0993594229221,297.414234012365,983.138287752867,101.666796714067,5361.38210168481,11.6522549390793,44.7249443233013,205.288695544004,2965.19135001302,240.699430048466,260.374615579844,47.6006726622581,24.1163695454597,16.298547744751,68.5506406724453,74.5537809431553
436.731633424759,1.65839856863022,199.945134133101,2593.72281575203,53.1305896341801,24017.9504300654,15029.4026466012,12836.0085339248,1340.17520332336,0,1564.44448240101,5405.56639838219,79.4730888605118,7635.14949589968,312.304807692766,7.81787478923798,189.169737398624,391.012280493975,206.111470639706,2147.03252911568,434.266925662756,0.879474103450775,397.177206546068,836.961923539639,6.04016181826591,650.457868903875,436.058086514473,10201.6068931818,3584.21857233346,1239.87459513545,27.5329051315784,1407.10421568155,53.0325272083282,1394.78189454973,744.84928548336,10961.5621580184,258.68732881546,1752.69877591729,360.784070283175,1590.62051580846,1557.86439593136,436.708356976509,287.868678182364,7.42833918333054,197.122409999371,40.9239086210728,246.370547175407,60.5013989508152,206.986630856991,0,1.50139796733856,0.78901931643486,1442.16021922231,5.55670708417892,137.86348092556,797.090353578329,62.3149293959141,1384.8343603909,1485.90815386176,8.95507973432541,643.678781837225,10.1140078604221,47.1073118746281,80.3948517143726,5.05629479885101,0,2.05394122004509,0,544.358710318804,2.66522499918938,19.4675823748112,10.5358100235462,3797.06311801076,2.78966110944748,0.406814604997635,14.7784748077393,6089.67328366637,66.5363219380379,56.2251925468445,0,1.30519676208496,0,66.7460350692272,43.8173859417439
59.8187970519066,316.409397423267,89.0674280226231,51.2392962276936,6.87368083000183,321.615509480238,464.780398726463,273.867711156607,180.220846712589,1564.44448240101,0,1069.3567211926,8888.9251717627,2776.46935802698,53.3769378662109,19.8659529387951,760.085467785597,10271.0268355608,1313.93630984426,370.150692820549,179.217686742544,89.4037450551987,513.650432467461,162.646441370249,902.888737380505,8603.36100625992,1613.62645980716,217.836586475372,3909.03130096197,599.262174218893,1012.96689218283,1913.14323270321,55.9821392297745,13993.1368425488,267.063585042953,3275.22041213512,9253.6530404985,8257.05852428079,1972.156691432,282.081155240536,279.089106976986,3454.50578272343,60.8636064827442,1803.28153607249,56.1211796104908,17.230240881443,14.1141152381897,24.1189979314804,1375.32690024376,0,246.662550628185,23.5685405135155,0.414562553167343,0,0,16.3868844807148,3.81353145837784,156.285486638546,0.453687459230423,1777.12861099839,7.30003237724304,5567.64725714922,7.47451123595238,2.11484706401825,7.03661632537842,2.35068780183792,54.806970179081,7.53457134962082,0.576765894889832,0.925233155488968,50.9500100016594,14.4502128660679,295.709815233946,832.240557789803,626.123778253794,1102.77384248376,55.0091518461704,27.1209427714348,2.94049027562141,1828.98951721191,17.3207243084908,0,73.3597532510757,111.232939988375
23.7026229500771,2.32311609387398,16.3860470354557,4778.6629306078,488.35844156146,4535.81043988466,115.062765032053,6213.28012703359,4416.93697860837,5405.56639838219,1069.3567211926,0,60.6220138370991,3340.21381519735,4783.50745046139,2.61676281690598,78.8673396706581,224.956585496664,101.049665033817,8199.99731886387,30.757014632225,0.608377993106842,70.2731456756592,785.745711803436,4.16006833314896,356.494289845228,215.884914129972,2823.73386335373,945.889222994447,125.658857017756,18.5988229215145,710.134601071477,1.87100926041603,558.554802149534,2226.07915991545,2085.15868741274,99.8085274100304,573.744266659021,136.382425427437,3112.45710337162,548.652442604303,331.129518091679,90.0656265318394,7.97450193762779,98.2207092642784,27.5445224046707,177.414487630129,39.0432122647762,168.416510522366,0,1.92613458633423,0.55825811624527,849.338344305754,9.5770411491394,171.312311470509,164.862255603075,66.229395955801,441.674924403429,1106.36523401737,4.33456894755363,1284.68383795023,7.99041879177094,46.842572003603,107.192620694637,0.837393701076508,0.562657415866852,4.63010829687119,0,297.595524519682,3.95799612998962,6.48960828781128,2.93830472230911,948.234468638897,3.53531903028488,0,3.1604371368885,1606.39341065288,28.8239817321301,27.1116020381451,2.68921250104904,8.0195452272892,0,24.974987924099,313.997214794159
0.516406297683716,4139.24743461609,1.76542007923126,2.88624557852745,0,15.8981077969074,19.9430994689465,12.2236943244934,1100.17914000154,79.4730888605118,8888.9251717627,60.6220138370991,0,121.308746993542,15.3857034146786,47.3737032115459,9.84611225128174,23.9510525465012,11.2699943482876,23.729843378067,21.7213002741337,2048.25764924288,13.5243976712227,1133.57396796346,12445.2667786777,294.457347124815,4341.3266428709,42.1091676950455,120.905048400164,44.1374083757401,1189.05332073569,69.8573745787144,2.12237536907196,743.345360100269,15.232202142477,245.164672970772,6774.99807149172,1648.50730529428,124.753204762936,22.3506065011024,42.1355359554291,6078.24813139439,21.4977306425571,3945.28727126122,60.2846464216709,14.0566051602364,0,26.8262115716934,2421.9631485641,0,868.284425318241,0.86744624376297,0.741853356361389,0,0.760698556900024,0.559504866600037,1.93545243144035,197.76033270359,0,4281.015042454,1.4384703040123,14599.6526823342,5.59751802682877,1.8368706703186,3.93144762516022,0,110.375543117523,35.737635821104,0,0,183.033137142658,0,99.8584353029728,3352.35183089972,1743.70223236084,3448.22725337744,5.68885189294815,29.1739956736565,0,4924.30271407962,42.3546938300133,0,136.11810824275,6.717225253582
21961.3079925776,2.61909466981888,2537.7057890594,217.207904368639,64.9017862379551,3547.16291320324,29396.8511016071,29382.2694198936,484.391539439559,7635.14949589968,2776.46935802698,3340.21381519735,121.308746993542,0,282.08724424243,9.61191174387932,1307.22754368186,705.395612359047,329.552940905094,916.443247109652,2623.36112508178,6.04030296206474,4680.74456313252,548.445508167148,9.52744549512863,1446.84629550576,1357.32975035906,1659.36110733449,17455.2102965266,29040.9481153935,74.043976187706,466.503665581346,94.7860385477543,1165.9987976253,220.162815392017,3079.92712168396,358.482360124588,807.077742338181,270.83134111762,868.344333142042,661.620284497738,391.435063928366,397.349768877029,17.9465213119984,208.710019618273,62.8353786766529,157.888000041246,60.6193900406361,282.98254597187,6.42172220349312,3.66147494316101,46.8042851984501,29.5962436199188,1.2649564743042,13.5081924796104,512.823723703623,17.6027083992958,471.279178649187,21.0155745744705,6.69766175746918,37.4322931170464,14.2433077096939,27.7784115672112,7.44852608442307,32.4369831085205,0.41287887096405,0,0,10.9080947637558,17.5762776732445,17.5526030957699,23.477863162756,2524.90713173151,3.04834377765656,20.2812027335167,112.824353992939,2353.81973791122,60.023708820343,109.077145516872,1.08918607234955,24.9794697463512,2.71095591783524,44.6425419151783,21.2548971176147
5.82268145680428,37.6095007061958,57.6468386352062,573.397071629763,3949.28969275951,6047.44233423471,734.049231141806,909.21242505312,2384.11024877429,312.304807692766,53.3769378662109,4783.50745046139,15.3857034146786,282.08724424243,0,54.2647078633308,43.0013500750065,14.720088660717,10.3999510109425,521.3627564013,562.205195218325,98.2896228432655,582.400675415993,2719.77785331011,4.84979432821274,51.4201434850693,276.976996779442,1641.17378991842,137.35776758194,664.105721205473,1.58606767654419,816.095411330462,33.0630689561367,79.1420090794563,1079.7703474462,712.622821956873,110.517053604126,97.9310354888439,93.3395581245422,8483.25398415327,81.2313421964645,34.7324397861958,64.5344644784927,31.1052198112011,39.7622255980968,160.101018548012,78.7931299805641,11.0537478923798,57.0575805902481,0.997270286083221,0,13.5444181859493,262.266922920942,6.13922476768494,69.9719116091728,75.9930039644241,31.6464066207409,109.100567877293,302.726880431175,4.94506520032883,202.66077080369,0,34.2037772834301,60.5491067767143,24.6215267181396,0,10.5796070098877,6.0577347278595,81.3355493545532,22.6273553371429,5.81951296329498,54.0566145479679,347.487664282322,0,10.4115549921989,55.9840263426304,532.022308439016,19.0103738307953,43.3604246079922,0.799072027206421,5.28824457526207,0.513105273246765,9.95189109444618,2020.8504345715
2.77962708473206,453.484843879938,131.574034869671,1.42553913593292,280.694698065519,1.57417383790016,51.8874979019165,9.75653168559074,146.924486279488,7.81787478923798,19.8659529387951,2.61676281690598,47.3737032115459,9.61191174387932,54.2647078633308,0,186.816189587116,21.3381804525852,31.6130503416061,0.746146082878113,12012.5231926441,8300.38224244118,5680.85003337264,4914.53993353248,26.8216047883034,66.2872301340103,8450.48055130243,2300.59722822905,13.9194973707199,366.028942227364,7.38556301593781,0,0.598565220832825,269.6864798069,933.91079646349,8524.16066545248,1515.18745180964,1737.94509449601,1775.93962281942,128.330690771341,59.7179216146469,6.32628807425499,903.177436769009,110.899724692106,366.022245913744,339.955287843943,16.338659375906,5.87150764465332,17.323671400547,6.80131864547729,24.0416466593742,204.797823548317,2.00169014930725,0.92051887512207,2.07221192121506,104.494109869003,30.4371879696846,77.8165397047997,1.57711762189865,3.4520997107029,1.15448272228241,1.10773777961731,21.9871438145638,16.5987482666969,12824.9487099349,28.3332565128803,0.834340810775757,5.97861990332603,0.371696025133133,2849.66093274951,3409.33816063404,7910.77058619261,1776.65010887384,0,22.8996379375458,4677.63562422991,1744.65793272853,80.6215062439442,927.340692341328,0.949884831905365,5.63009148836136,14.0094643831253,165.770076066256,354.400421500206
140.060149431229,135.59332036972,10973.7897824943,3.02464139461517,57.5865612328053,35.3681319653988,163.645009785891,558.766395807266,45.3849913179874,189.169737398624,760.085467785597,78.8673396706581,9.84611225128174,1307.22754368186,43.0013500750065,186.816189587116,0,1962.13084632158,7604.7957020998,33.6454514563084,607.392129778862,39.2185797095299,11617.1396791041,79.233358591795,18.9690019786358,25105.7409392595,33984.0070774853,136.303589105606,2298.30054217577,1237.87452694774,14.1305783689022,67.4128412604332,357.629644811153,6480.89216274023,401.040800958872,6877.34387096763,5648.81771415472,4571.06680443883,1491.0531976223,125.997902572155,127.4962708354,15.8550202250481,252.765346437693,403.555281281471,133.3125038445,138.758721858263,3.08271569013596,3.68968236446381,3.02807831764221,0,262.731418192387,2026.37039154768,0,1.17660617828369,0,12.3794216215611,0,25.2755844891071,0,7.38415679335594,0,5.02961686253548,4.96097052097321,3.4326046705246,90.1543698608875,201.079195082188,20.8237373232841,151.835188001394,0,83.1345293521881,31.3452799916267,442.321632385254,59.2180649638176,13.2417756319046,1808.91756618023,9325.53177469969,53.8310364484787,1.02717655897141,53.1392528414726,5.6394222676754,0,0.96018123626709,60.0342595875263,270.17222365737
22.9992708265781,7.11882209777832,157.349632263184,7.93416354060173,6.67510461807251,75.1146024763584,126.763172656298,51.1268242895603,33.3414611816406,391.012280493975,10271.0268355608,224.956585496664,23.9510525465012,705.395612359047,14.720088660717,21.3381804525852,1962.13084632158,0,6898.38360220194,99.1300977468491,146.934794336557,5.21637308597565,509.703815549612,37.5632447302341,13.0506631135941,13467.6167980433,2248.69980990887,41.5794323682785,865.663536250591,155.609827250242,43.4191188812256,330.875059843063,9.60127058625221,3237.06157374382,286.462728738785,3817.46345296502,4817.39904409647,3327.65920817852,1653.18517741561,81.7488706707954,64.6263776421547,47.55701187253,26.6573694348335,97.3592421114445,26.7123421132565,19.9541529417038,2.95189142227173,1.18833315372467,5.48704797029495,0,16.2717804610729,58.5698737204075,0,0,0,0,0,28.7946500778198,0,11.6795484423637,1.03638994693756,24.6440970301628,0,0.752561032772064,1.20213174819946,22.8528600931168,40.4519200325012,75.1796893775463,0,0,1.8982036113739,9.64099100232124,0.900282800197601,38.341386705637,667.343358665705,966.726983308792,0.337475180625916,0,0,93.0744171440601,0,0,3.51220220327377,169.011980086565
13.3885944783688,19.7372038960457,628.502955138683,0.792481929063797,9.52213314175606,31.254023373127,71.8410727083683,47.3188597857952,11.2400463521481,206.111470639706,1313.93630984426,101.049665033817,11.2699943482876,329.552940905094,10.3999510109425,31.6130503416061,7604.7957020998,6898.38360220194,0,38.7269387543201,172.486151814461,6.23073750734329,1137.65006896853,17.9879217743874,11.4217399060726,12116.6723742783,4195.90130326152,34.4011997282505,377.292920559645,119.228365600109,10.6519965827465,70.1893520057201,20.4820763766766,3140.79213181138,176.743467628956,3152.17226102948,2988.50077092648,2673.49493896961,994.00099927187,53.2855573296547,37.9443868398666,15.0152943730354,42.721982896328,111.170073062181,15.6071615517139,29.6177195310593,2.62840574979782,3.0879157781601,2.53115463256836,0,34.515741109848,166.590719342232,0,1.21660363674164,0,0,0,16.1213667094707,0,4.63517224788666,0,7.40662264823914,0,2.37069177627563,5.81902629137039,41.1581994593143,31.3856307864189,107.691064655781,0,3.26836717128754,0.639636695384979,36.773839622736,2.12555393576622,26.5063971877098,802.787169486284,1534.71502915025,0.292198359966278,0,0.655052781105042,16.4260815083981,0,0,9.41480079293251,151.625476777554
18.9308377802372,0,9.16098403930664,22273.8510252237,52.532459884882,282.444490164518,56.528993755579,1182.9173168242,1497.27270454168,2147.03252911568,370.150692820549,8199.99731886387,23.729843378067,916.443247109652,521.3627564013,0.746146082878113,33.6454514563084,99.1300977468491,38.7269387543201,0,12.9206872880459,0,34.8843900561333,878.501751422882,3.71317115426064,136.204435914755,101.880893528461,4870.34463943541,458.961761236191,74.0280189812183,4.8152591586113,190.380220085382,0.892037391662598,181.373140156269,27.5268359780312,1325.80210104585,41.677742421627,165.074124664068,37.8363322615623,539.2686201334,190.603710055351,101.640329986811,110.149307727814,1.23008674383163,86.1758277118206,13.2510703802109,146.688633471727,27.1339328885078,77.4695027768612,1.83063644170761,2.831821590662,0.521874487400055,1146.0149782896,17.4495588243008,127.801585882902,320.292259126902,49.3074001073837,668.05473741889,1111.51271596551,3.14861273765564,718.394686371088,0.928287386894226,39.4548897147179,92.9964519739151,1.7239276766777,0,0,0,346.376803249121,2.37335529923439,6.93449911475182,1.19382703304291,1810.97279721498,0.954217612743378,0,2.17471939325333,2982.13412880898,31.4436947703362,25.1463686525822,0,5.96649616956711,0,30.9669425785542,3.74327605962753
671.622062504292,100.320056468248,2123.87209433317,11.7609784901142,1069.76886895299,238.047515928745,6420.30145812035,2279.66801300645,242.078662514687,434.266925662756,179.217686742544,30.757014632225,21.7213002741337,2623.36112508178,562.205195218325,12012.5231926441,607.392129778862,146.934794336557,172.486151814461,12.9206872880459,0,916.977243125439,39162.7596961558,1843.70256510377,11.4368222057819,330.497029960155,3542.47140994668,28461.6614668369,1493.96740239859,48501.4963122904,3.67950123548508,70.6744566857815,242.491330772638,12355.0039946437,4940.39685875177,23784.4711859822,2354.86023911834,18325.434794426,9038.46848154068,990.390052825212,395.177116900682,60.0199558436871,1288.35026201606,117.988105148077,293.987802922726,252.988938987255,93.0028455257416,18.1180526018143,72.3430183529854,30.0545443296432,10.6103140413761,90.013472110033,5.69474664330482,4.22358006238937,0.532365739345551,244.851160228252,106.679570019245,208.264626502991,5.08789724111557,7.83214083313942,4.02990573644638,0.700319111347198,95.259224832058,33.1878343820572,3218.54581159353,10.1444547772408,0,0.687722980976105,2.92375105619431,2758.35593572259,860.147925943136,1891.54821223021,3603.72246924043,0,9.36514168977737,603.333393096924,3789.53198954463,386.587575286627,2023.45329347253,0,9.87708204984665,23.4753385186195,193.700288981199,1142.1509064436
0.594395458698273,2391.20918822289,33.5797816514969,0,14.3591598570347,0,15.2210429906845,5.42936545610428,8712.22739887238,0.879474103450775,89.4037450551987,0.608377993106842,2048.25764924288,6.04030296206474,98.2896228432655,8300.38224244118,39.2185797095299,5.21637308597565,6.23073750734329,0,916.977243125439,0,578.287911951542,24835.814137429,869.338295906782,47.8160176873207,12603.3699415326,1213.46584126353,6.12816876173019,79.5118171572685,171.767127424479,3.3696765601635,6.21571177244186,22.8729321956635,30.1780374646187,375.190010815859,90.4568223059177,75.2085082530975,32.7468923926353,21.0814738571644,3.69978052377701,58.8432407975197,316.643105566502,63.867131203413,151.111391305923,139.251120090485,17.7304215431213,9.77289718389511,12.2142850160599,0,123.602400243282,265.215971201658,3.58478134870529,0,0.797530919313431,34.3771458268166,16.6887606680393,167.208466559649,8.31983789801598,30.0711578726768,1.57184928655624,108.60587823391,11.1859913170338,9.42288708686829,2758.7172190547,14.4877225160599,5.82904413342476,14.2994819283485,0,436.840011656284,2538.4014660418,1228.83073204756,817.568494975567,43.9446386694908,149.760712176561,4806.42452129722,476.022116065025,36.6291777193546,148.087448090315,138.320960223675,2.01720094680786,0,62.7230289280415,30.0871952772141
981.915929019451,75.1373692154884,36099.9525758028,14.7156931459904,1968.14480102062,175.347727954388,3084.01642400026,3218.81626704335,158.548950850964,397.177206546068,513.650432467461,70.2731456756592,13.5243976712227,4680.74456313252,582.400675415993,5680.85003337264,11617.1396791041,509.703815549612,1137.65006896853,34.8843900561333,39162.7596961558,578.287911951542,0,1488.14986401796,5.833730250597,5585.17328178883,43374.7632317245,6392.63973155618,5054.45709556341,16817.3598642945,17.058435946703,122.695102989674,760.640714257956,10785.3399603963,6386.17478144169,39246.4929263592,9158.95138856769,28918.8183049262,18453.4116915166,1102.62498444319,646.732788652182,65.2194277644157,1664.54843753576,212.648037612438,729.815367400646,735.574244767427,60.4098709821701,29.2443062067032,80.989511102438,5.76223510503769,48.067468225956,2229.30557766557,0,9.62680631875992,4.26722663640976,208.052205115557,36.9925053417683,103.221754103899,1.61554515361786,12.082517594099,4.6448016166687,0,43.983485519886,39.6035131812096,6901.52198764682,113.379661887884,15.379448890686,33.3557748198509,0,2405.87634021044,1119.85126489401,8822.85417217016,1203.85152727365,0,177.844010382891,8818.90596008301,1322.62497973442,76.0150430500507,820.74161824584,0,7.56798350811005,8.05934453010559,219.893412023783,2457.73464950919
22.8439275324345,3831.28924778104,214.827657222748,5890.57000681758,161.390455901623,118.405054986477,9674.61106455326,390.378598943353,34228.0896279216,836.961923539639,162.646441370249,785.745711803436,1133.57396796346,548.445508167148,2719.77785331011,4914.53993353248,79.233358591795,37.5632447302341,17.9879217743874,878.501751422882,1843.70256510377,24835.814137429,1488.14986401796,0,631.745429366827,109.57556065917,9973.07494044304,19779.0798511803,1023.2594499439,3054.37848013639,128.912861526012,172.845033407211,218.483692854643,460.550332814455,834.132751405239,6868.95221814513,439.471036583185,1102.7111081779,590.429645955563,666.377511456609,319.458835542202,108.899551093578,2325.71991959214,82.8038838505745,1035.18071106076,360.238190442324,656.314195543528,141.881494998932,180.939193457365,46.3443560600281,61.796133428812,71.6091847419739,662.092717558146,8.83257156610489,166.533232927322,1772.57500344515,1009.40541177988,5661.13597431779,691.975829541683,128.679409742355,418.562187761068,23.7680458426476,964.217991471291,97.5036142170429,1275.93314015865,7.48003122210503,5.33180540800095,1.67233628034592,208.566337049007,742.564693599939,1002.90533733368,730.336398482323,16587.7348537743,16.7547372579575,23.9018214643002,876.249952077866,14766.2380932868,1103.45519307256,1036.60071647167,7.95604109764099,161.183212459087,33.0509234368801,446.19224306941,175.523622781038
0,2592.46785849333,5.75332283973694,0,0,0.502695977687836,4.45738470554352,0,617.655337482691,6.04016181826591,902.888737380505,4.16006833314896,12445.2667786777,9.52744549512863,4.84979432821274,26.8216047883034,18.9690019786358,13.0506631135941,11.4217399060726,3.71317115426064,11.4368222057819,869.338295906782,5.833730250597,631.745429366827,0,383.593767076731,10875.9790561795,16.7801512479782,7.53371262550354,3.9546702504158,2187.04468482733,1.83213174343109,0,39.3675221502781,0.527933120727539,70.529942035675,458.74099740386,102.669588565826,25.3327240347862,2.21652746200562,5.66565155982971,695.359998583794,26.6265053451061,257.661381334066,26.2688228487968,9.57316064834595,0.67547881603241,4.11573255062103,351.874065160751,0,526.031740903854,3.50116911530495,0,0,0.786734521389008,0.425968736410141,0,48.2968918681145,0,485.631339877844,0,2406.70555412769,2.39701843261719,3.45647650957108,0,5.50193119049072,49.0248619616032,44.7057201564312,2.17888969182968,0,42.6643908619881,1.41851902008057,71.8781822323799,2745.95520153642,790.775081962347,2423.775508672,4.84577208757401,12.2404816746712,0.692429721355438,912.236699104309,3.12607151269913,0,25.57985663414,0
106.712465524673,221.792863190174,27106.5979338288,9.18691369891167,33.9525114297867,133.256195813417,329.995543777943,464.799491077662,94.0941563844681,650.457868903875,8603.36100625992,356.494289845228,294.457347124815,1446.84629550576,51.4201434850693,66.2872301340103,25105.7409392595,13467.6167980433,12116.6723742783,136.204435914755,330.497029960155,47.8160176873207,5585.17328178883,109.57556065917,383.593767076731,0,53184.6940922439,193.400213062763,1705.55045002699,516.031491547823,299.421063035727,399.944568663836,77.102064460516,4896.7136682868,761.255155473948,13650.7793124318,15120.609624505,8071.16286501288,3759.22465348244,177.068698137999,190.696422129869,277.909863293171,503.582742899656,2129.44979858398,341.63160598278,246.911717921495,3.37044811248779,8.09661164879799,27.2328861951828,0.390596061944962,868.510381311178,2047.3315640986,0,2.95916599035263,0,7.97653493285179,0,55.6077409088612,0,269.766779720783,1.86819791793823,1083.64333763719,4.81745117902756,6.98852890729904,14.5155726373196,778.940165370703,675.899958878756,1376.27058938146,0,13.8571499586105,95.5197440683842,207.426862478256,49.1127541959286,561.275170922279,15685.2781907022,29278.5010216534,13.5651016831398,10.9853318929672,21.0663626790047,2360.3958440423,2.02864909172058,0,139.673204571009,513.957968562841
122.115496218204,14406.5514514148,42883.0615335405,4.49090996384621,456.742826670408,109.41350877285,638.701431900263,441.280627280474,6892.99556732178,436.058086514473,1613.62645980716,215.884914129972,4341.3266428709,1357.32975035906,276.976996779442,8450.48055130243,33984.0070774853,2248.69980990887,4195.90130326152,101.880893528461,3542.47140994668,12603.3699415326,43374.7632317245,9973.07494044304,10875.9790561795,53184.6940922439,0,2726.09233111143,1639.76180166006,818.074203580618,1736.49300083518,179.272170245647,140.747061312199,12364.8953661621,3198.78131359816,41358.3583945036,13271.981428206,27594.5501686335,11340.7427612543,413.218981295824,366.292690008879,182.906545072794,4654.60299372673,3800.6526273489,2829.54838559031,2681.26826602221,54.5348750352859,98.1917656958103,226.956050246954,13.5590583086014,8997.21040543914,14253.9060532451,5.98224687576294,11.4277672171593,0,270.017288833857,35.1652705073357,289.91181230545,1.06610491871834,444.979464262724,1.60114043951035,1802.11083221436,109.910941243172,27.4664242863655,4721.61215442419,2254.96338587999,1623.13121348619,3974.88690979779,0.528080523014069,613.147000074387,3760.35370829701,12972.3996132612,849.445100069046,2599.221752882,33135.8975191116,147829.100326061,518.305970966816,35.3837445676327,298.375023752451,3570.16774597764,4.99713125824928,0.651462614536285,906.367531657219,2184.80180093646
268.124293476343,150.405171751976,967.57230502367,15938.9619782865,290.958966374397,678.308610916138,107241.422403425,1629.74559243023,8896.03523871303,10201.6068931818,217.836586475372,2823.73386335373,42.1091676950455,1659.36110733449,1641.17378991842,2300.59722822905,136.303589105606,41.5794323682785,34.4011997282505,4870.34463943541,28461.6614668369,1213.46584126353,6392.63973155618,19779.0798511803,16.7801512479782,193.400213062763,2726.09233111143,0,1893.93740203977,25889.1556443572,4.08039912581444,335.159169957042,208.813962489367,1756.43210023642,2199.30298599601,15319.0701670051,617.311159819365,3866.02769705653,1818.91793650389,1139.27539718151,736.66762688756,210.17542630434,2889.64798161387,56.7030050158501,1177.06562238932,448.022042512894,1004.11481869221,189.71196320653,389.902980595827,79.6710434556007,31.1948547661304,84.2584744989872,2162.74999400973,16.1529625058174,238.262834638357,2728.72429636121,1103.51739442348,4795.21353557706,2175.85527294874,43.2029811441898,1020.81981748343,0.64177680015564,1031.02530014515,152.481135964394,1068.03253808618,6.70665404200554,1.6334473490715,2.91722083091736,964.642184972763,862.964447557926,648.719592273235,691.963807582855,16873.9867776036,0,1.20218825340271,546.250010192394,19405.1671687365,1526.07134160399,2015.66898047924,0.390925735235214,67.7671411931515,32.4020825624466,590.105450749397,384.029901862144
8140.8345939815,10.9204072952271,1663.15968880057,123.932707861066,22.5564967393875,591.168195858598,3035.48697189987,2330.73012779653,524.263796418905,3584.21857233346,3909.03130096197,945.889222994447,120.905048400164,17455.2102965266,137.35776758194,13.9194973707199,2298.30054217577,865.663536250591,377.292920559645,458.961761236191,1493.96740239859,6.12816876173019,5054.45709556341,1023.2594499439,7.53371262550354,1705.55045002699,1639.76180166006,1893.93740203977,0,21387.5961942077,91.8227772414684,443.073728010058,3662.32543063164,8632.46784831583,266.5802115798,2308.85275882483,319.794060826302,1520.64212834835,279.47093474865,325.719062626362,766.952948659658,188.685255199671,317.8265863657,22.8546980619431,134.128257930279,34.0458274185658,111.637655049562,38.3064352869987,131.257852226496,2.40130880475044,7.26390051841736,40.1992841362953,17.9307255446911,0,4.58499675989151,225.394791930914,46.5921032726765,289.623764544725,21.6788886189461,10.6507968902588,14.3262521922588,10.3448202610016,50.6585842967033,5.32424676418304,19.309773683548,1.24335771799088,0,0,10.9377802908421,17.0458048582077,22.8112990260124,19.9930462539196,1447.39248177409,3.7281511425972,14.2022427618504,144.073720425367,1584.20826226473,121.215020865202,136.152945846319,0,8.2703183889389,5.76303511857986,27.3704836666584,36.8506717383862
16569.201728791,14.4444308876991,2453.87842479348,46.8615221083164,397.000901848078,525.066009700298,21399.8232777417,15410.573426187,692.778277397156,1239.87459513545,599.262174218893,125.658857017756,44.1374083757401,29040.9481153935,664.105721205473,366.028942227364,1237.87452694774,155.609827250242,119.228365600109,74.0280189812183,48501.4963122904,79.5118171572685,16817.3598642945,3054.37848013639,3.9546702504158,516.031491547823,818.074203580618,25889.1556443572,21387.5961942077,0,22.6466201841831,607.403402999043,4345.76652568579,11623.5410877764,4556.15910702944,18360.7045942545,997.774115532637,10309.1378581822,3653.17474880815,1237.95828266442,1357.48847961426,321.626421332359,1640.24873390794,66.7395276129246,521.877979844809,260.723627030849,310.981653273106,70.847607344389,329.24440318346,31.605321675539,7.98415946960449,44.3050885498524,19.1084125041962,0,25.1849907338619,704.62848430872,370.334900408983,400.665000468493,28.9477777481079,11.4096260070801,18.4797707498074,4.00381702184677,355.40969055891,28.9518362283707,748.876879006624,3.30537304282188,0,0.660159289836884,13.6310484111309,1041.53764036298,200.429513722658,386.879387021065,4331.94120770693,1.79685741662979,6.6581144630909,174.536871939898,5782.3196503818,618.822102218866,1721.95240855217,0,28.2109638154507,19.7120152413845,214.140139400959,691.106907606125
