0,3.26348810786605e-05,0.0360944361794123,0.000736279097272932,0.000609194398836851,0.0121896934115265,0.195507755980467,0.151207307878012,0.000489170187596083,0.00972349181586436,0.0115768385276538,0.0018104735474081,0.00175020647302079,0.893693274609964,0.000125900372760594,9.36064714229105e-05,0.119216609485191,0.0112055202387757,0.0331176014935094,0.000405129807844877,0.00335775838901693,0,0.0191745800887368,0.000963773817377151,0,0.0765895848203323,0.0227117398751671,0.00948864360271761,0.916003492005397,0.562782067145105,0.000534391099944591,0.00126768858010912,0.00564853558446622,0.0690486635871271,0.00378689813401008,0.0240483035042932,0.00381897717002517,0.0814040095007662,0.0221941274658786,0.00284626851805079,0.00188079811080694,0.00177595301899892,0.000217856796597004,3.06014099498391e-05,0.000846471263238433,0.000152233999006033,0.000155366259757519,0.00127355120865726,0,0,0,0.000207669437179506,0,0,0.000331727980942548,0.000117761796114921,0.000284036832049369,0.000391903123823405,0.000315785690498113,4.16549160872698e-05,0.000125459812541485,0,5.71910187363625e-05,0,7.94022351214887e-05,0,0,0,9.0636320922196e-05,0.000505904897806585,0.000110102444669366,0.000151491672012985,0.00062328586417973,6.906066101861e-05,0,0.00114335057032031,0.00169130161427415,4.00781958814859e-05,7.29122493327856e-05,0,0.000111822677850008,0,0,0.000982274467369791
3.26348810786605e-05,0,0.00329833978651678,0,0.000614270183376789,0.000644127937467455,0.00126785367688375,0.000626481001761675,0.39458096951309,0.000427227545456171,0.00291139780398917,0.000516118553703725,0.0881161859705852,0.000390801000619054,0.0238616435295843,0.0152234610535611,0.00306871909524179,0.000194175091664672,0.000817991709997597,0.000143645587477684,0.00588696378578424,0.140835228676012,0.00216869146304476,0.402841535169349,0.141602376730564,0.00917301812963514,0.695062808655759,0.0419902001847421,9.58778461203573e-05,0.00105331524166077,0.00258130767794394,9.89555137635469e-05,0,0.00537825856519765,0.000691040902814984,0.0287261580969787,0.00524866681468874,0.0214178132261599,0.00430588367756099,0.0125789725293585,0.000384936732679367,0.102898458048149,0.0139646792237651,0.00633410003818846,0.00813075744670164,0.00235157058530295,0.00113274550626772,0.00340015123450935,0.00532449492737281,0,0.07625600254371,0.0059223847716887,0.000197443282634318,0.000106572277561426,0.000587464282220721,0.000179184627839327,0.000693218033048272,0.00179681471931964,0.000206862769776642,0.0123501637159202,5.87489521543979e-05,0.0173411995310976,0.000981776019276379,0.000162616370668888,0.000373236470595896,0.00592145083909679,0.000595960874123096,0.00342902943388778,9.8321146868348e-05,0.000749865572939157,0.00218511836493534,0.00185926511161584,0.0013366856907311,0.013723559166652,0.0288354465015498,0.373995297272513,0.00082784728670633,0.000374616673878014,0.000287748761557102,0.00276755171298945,0.00010544029368496,5.11837812412977e-05,0.00467510644274211,0.000989639874542002
0.0360944361794123,0.00329833978651678,0,0.00470597057774448,0.00110509026101339,0.0187637384421165,0.923379457630872,0.155138109726037,0.00343854974360991,0.0433465432394953,0.0097703166582084,0.00122987229703295,0.00028735143515253,0.222273042384698,0.00129707613021969,0.00156277450015855,1.49153837148713,0.0157795439978641,0.0899242278550991,0.000593647167504788,0.921492651638689,0.00296066339209628,3.81664817767447,0.0500911669051777,0.000491145871314705,1.94328559826857,0.706437431346592,0.339976246029443,0.0415499648871,0.20471674677181,0,0.00168087402691394,0.00583268834042323,0.178509794342598,0.0544171023642728,0.558708576892786,0.224521947675292,0.357517138844134,0.27523640001996,0.0122992513498765,0.00346175260236579,0.00357459743170881,0.0570986613191816,0.0243766091663452,0.0194082781933692,0.00508609389246226,0.00244857653144878,0.000677768831850529,0.000235146851833821,0.000554677200305343,0.00891375661595603,0.153068721451059,0.000409129025878966,0.000682404380396426,0.000445678892688989,0.00757155282234406,0.00190484176507902,0.00243184142851496,0.000386256853859782,0.000207415253859222,0.000647029546332121,0.000762135089761018,0.00322345389243006,0.000383104146379531,0.0074042143989678,0.0176654051456859,0.000904054735870241,0.00752780827797622,0.000117565856859863,0.011450237769381,0.00441063257955444,0.0371469286657137,0.0148982777451298,0.00086396382442957,0.0668225268729353,0.770952246897182,0.0280017670840012,0.00207382494112677,0.00835485927704839,0.000545027999702275,8.06717931742075e-05,0.000185923440384865,0.0146667220969146,0.0388612743552248
0.000736279097272932,0,0.00470597057774448,0,0.0026194588718158,0.0523960677555826,0.0210131388746211,0.0349390513563727,0.154604487993912,0.850704474937983,0.00210783607998812,0.650602238112725,0.000337277969760597,0.0116173107871397,0.0757630898535522,0.000108983269966364,0.000595581875567972,0.00152682035124564,0.000687094917057216,1.2899676353679,0.000353940560442924,4.5707332148552e-05,0.00118030354935407,0.369297159757785,2.88970318316817e-05,0.00519726921614814,0.00102967413792676,0.468711492187459,0.0119447313604213,0.00410519228307849,2.93641282743215e-05,0.00251925835205698,0.000586710586800814,0.0175845330453513,0.00395949608849216,0.0774085850392537,0.00167757795487172,0.0248574303095609,0.00459487456590343,0.0644565905598476,0.00359584205096805,0.00272807310058987,0.00568776945260489,0,0.00255761007000035,0.00175638073209143,0.0369230317867089,0.00185086287149155,0.000546709698048591,0.000143469905439555,3.97123878067732e-05,0,0.0520162201668859,0.00175737679716611,0.0298602400909429,0.00890350190448883,0.0198084403799835,0.0786719323804145,0.100334495623618,0.000166001113700688,0.107600147546679,4.15933178908825e-05,0.0142567294062358,0.0120001569028804,0,0,0.000239254285692572,5.97862919935584e-05,0.035052023626717,8.45617199610472e-05,0.000109165141963363,0.00022376029576993,0.0423695603078987,0,0.00023218404662919,0.000316366633321881,0.0542202270714424,0.0024929947721259,3.75416461772919e-05,0,0.000493857714900255,0,0.00748415808310318,0.000651076553314626
0.000609194398836851,0.000614270183376789,0.00110509026101339,0.0026194588718158,0,0.0806346781031886,0.0140807235928445,0.00555326811715257,0.00368939103637308,0.0134043381973936,0,0.0354929212727909,8.91143285379409e-05,0.0017423126337862,0.187014521793996,0.000259885041867256,0.00221261403665757,9.27575360308884e-05,0.000256122752443314,0.00549267997318339,0.0171131391250141,0.000667636830438495,0.0110462729958201,0.0064938124756186,0.000120346728419065,0.00153145556871665,0.00140247282704938,0.0128352863439812,0.00261860212077302,0.025649535483699,0,0.0587790652471461,0.000246149927273512,0.0369556117869866,0.559506628347823,0.0303203782823145,0.00353374255239344,0.0061391402213949,0.00383332161540234,1.5287845988109,0.284011612572339,0.00309930837871742,0.00242545982294673,0.000515501733777881,0.000894398849837602,0.00141676949489451,0.00970507786639485,0.000568094843758822,0.000155716879486084,0,0,0.000316881050641537,0.00248251004352236,0.000546361231448472,0.00323709048370206,0.00114321131108701,0.00215247187111938,0.00144076826454413,0.0023805782098487,0,0.00673846816371703,0,0.00159868924202603,0.00324279480821908,0.000195929432409167,3.86419929935932e-05,5.6242062194109e-05,7.8479454045296e-05,0.00218957234972638,0.000771464353286683,0,0.00217106311461925,0.00207086140299081,0,0.000162031943567276,0.000458802630684793,0.00583288843752229,8.58652622807624e-05,0.000324019112109304,0,0.000266497223974228,0,0.000891056856566014,0.101948688822063
0.0121896934115265,0.000644127937467455,0.0187637384421165,0.0523960677555826,0.0806346781031886,0,0.467920462198445,1.43452620683116,0.0722763192594858,2.22796318341721,0.0569161281336547,0.705190165303948,0.0114130331848445,0.188814866518311,0.433425459711498,0.000173879047640741,0.0125056793543864,0.0306897355232676,0.0105386745631689,0.1117076819974,0.00400218605201036,0.000765138096590817,0.00906544228644027,0.0611175066008933,0.000825239268207375,0.0620166974355889,0.0172130038549163,0.291941168097939,0.0748730188877869,0.0589276208716557,0.00437226429188347,0.0282027234616953,0.00148233173089599,0.0721156729533954,0.314435802595504,0.517996096759245,0.0234801943033004,0.111040000967321,0.0293578701322893,1.10602424704993,0.124735313550143,0.0737317762324977,0.0565335021872847,0.00526750244397533,0.0329238989872808,0.0247224571330202,0.103972959327079,0.0335534503091063,0.0095149143955148,0.000592499712156057,0.000137696824658632,0.000256891978700638,0.0597145797080525,0.00423258660960478,0.103402404601428,0.0599701915868191,0.122915306644095,0.0903500867460783,0.177505503842334,0.00295500431752575,0.100844365825973,0.000535190543064952,0.0770349313366608,0.0295560732272376,0.00120867051658165,0,9.43242714745403e-05,0,0.0516791181782725,0.00280086099362611,0.000227518071158945,0.00351738343409157,0.15451649954834,8.33103025292157e-05,0.000349107433250428,0.00123310795589859,0.267042127049098,0.0260316449144195,0.00216589096673584,9.16083590927123e-05,0.009398002863658,0.00027972980797863,0.0421622653506729,0.0222125166897617
0.195507755980467,0.00126785367688375,0.923379457630872,0.0210131388746211,0.0140807235928445,0.467920462198445,0,1.72437989147041,0.042863781435718,0.833947243175192,0.0610366551710485,0.0525082535677921,0.011918529821642,2.9420915083652,0.0268069568009237,0.00304724847969371,0.166607930792278,0.0448252219653647,0.0809872134653371,0.0137289391679201,0.142124743758913,0.00450794579060072,0.504559196122242,0.158521275163136,0.000600212798198461,0.421610020497072,0.199964820366235,5.99940578236498,0.455076088976576,1.32272139775073,0.00436162677107495,0.0264282691548074,0.0737698405934165,0.293867816695395,0.0932071596238514,0.979400263046773,0.0655570923032162,0.519426713345111,0.17042052417164,0.205914643538256,0.0393790981912236,0.0456706149884566,0.0412020295183376,0.00338776408106965,0.0209765384469666,0.0145651860552846,0.0321028292876982,0.0123507230932104,0.00419971652378869,0.000334258386353373,0.000582831505570829,0.0054997547262817,0.0169904179091928,0.00245906426027584,0.0327034829908903,0.032622322702419,0.0709481338960952,0.0475058531959067,0.0610794407352962,0.00138384087275398,0.0221987389327217,8.26044759723547e-05,0.0471477790855041,0.0060286469462387,0.0193697800056097,0.000540620733003616,0,0.000377570069705844,0.0127077755042084,0.011050475587453,0.00308197635916704,0.024259062046041,0.101995785860484,0,0.00216673813030636,0.0580632261840765,0.204035323932575,0.0139471562904482,0.00469405173316651,0,0.00141068277202571,6.91223117303252e-05,0.0232302747321737,0.0209079882189526
0.151207307878012,0.000626481001761675,0.155138109726037,0.0349390513563727,0.00555326811715257,1.43452620683116,1.72437989147041,0,0.126391940800346,0.814590424726546,0.117174410094239,0.309472360826957,0.0223891219222391,2.16550472375744,0.0315291018622101,0.000782703108385026,0.127015880911898,0.0540173858204481,0.0587655676388312,0.0427815083337482,0.0145932209543941,0.00126824557822663,0.0608129056797364,0.0829321480255585,0.00132378195542693,0.230781429090447,0.0531174261499352,0.42816029425898,0.253516123716845,0.472586900390377,0.011063456202914,0.108511308323366,0.00541020948207879,0.142743540003228,0.0143839828661031,0.353094633969132,0.0237195592593383,0.211469247095082,0.0645262484868239,0.130162850227212,0.0251414448888109,0.0526541735096413,0.0530755757055824,0.00381192785489505,0.0227608973022482,0.0174435785716043,0.0468641382281604,0.0239347767314512,0.00554698629755724,0.000254797069204688,0,0.000248425932452917,0.0193966248297569,0.00178014282429117,0.0494781225597015,0.051675581067725,0.0846710865015762,0.0927170097970617,0.0554330650628856,0.0018472644344573,0.0339115586035624,0.00120605277133065,0.0543946324071502,0.0108078431916429,0.00180341413106882,8.24243780801295e-05,0,0,0.0165026949960857,0.00257252517661339,0.00048555861259675,0.00515255275690663,0.176076388838655,0.000314358826205492,0.000340778216831267,0.00377817682901949,0.279409801866403,0.0102597421661957,0.00146935459742957,0.000236249568689704,0.00520466633116203,6.73371718876362e-05,0.0275798519914017,0.0025233069459157
0.000489170187596083,0.39458096951309,0.00343854974360991,0.154604487993912,0.00368939103637308,0.0722763192594858,0.042863781435718,0.126391940800346,0,0.283034092281075,0.0115018700452224,0.113851864328571,0.0752337029277898,0.020645849397306,0.0659319747891347,0.00915758032883009,0.00102299688932848,0.00599223146843612,0.00256354099587411,0.139184474016287,0.0125685781887674,0.65974028283318,0.00587875835940939,2.63457204084436,0.172650825124151,0.0181409143543483,0.379428311937602,0.47435699619219,0.0117056249099434,0.00907443885394712,0.00228967863415414,0.00314208779182202,0.00152918318937814,0.0180838838818193,0.00299103149242705,0.0898141073771224,0.00890311580723134,0.0401660937152852,0.00524989372344535,0.0387862735439009,0.00455108857780873,0.0527131566618921,0.0648241609051194,0.00410720911141491,0.016975649048635,0.0107297968520565,0.0256405168803039,0.00762957066066957,0.00685772392044747,0.00107590220521724,0.00157380214820516,0.000972971591654777,0.0550914079129937,0.00117193843528336,0.0395974871918535,0.0387813665664577,0.0604573232252825,0.591889223048892,0.114833372848467,0.0118709485211152,0.0333709045199007,0.00587136081970632,0.0437475170459361,0.00621698083560902,0.0570571709655826,0.000380494830980301,0.0061891081905967,0.00155601688027579,0.0262052140074617,0.0893637024976428,0.0775969016853306,0.0511514897168494,0.442645895255021,0.00485503729512512,0.00733216230732429,0.0276825134935911,0.500505940813504,0.0241559704410326,0.0227618546464016,0.00100901879772877,0.00152602967818505,0.000959402103555501,0.0208628347385684,0.0049660018222847
0.00972349181586436,0.000427227545456171,0.0433465432394953,0.850704474937983,0.0134043381973936,2.22796318341721,0.833947243175192,0.814590424726546,0.283034092281075,0,0.0517020575288125,0.484681788734336,0.00946932456527088,0.243561175182509,0.120639805847016,0.000393801059740663,0.0132235207424288,0.0349432415543883,0.0158298575978383,0.865632913005404,0.00605632254460752,0.000452181208163381,0.012501342780169,0.144022437372732,0.000549732055635095,0.0802025804483327,0.0227275045153902,0.920872372573856,0.146065296168974,0.0551074723175584,0.00261811313457173,0.0295774752532008,0.00488994834806228,0.207359028186377,0.0599424067999504,0.910610668060552,0.0356378002192774,0.295460637993409,0.0453494004231863,0.306343094574818,0.0439344175339971,0.0471558528765013,0.0253619980209888,0.00225484786117047,0.0150136783767529,0.00882363997073618,0.157738356568377,0.0127554157041004,0.00324885136445689,0,0.000191276884879947,0.000301909631614029,0.183925964371478,0.00929769846401397,0.108962506259645,0.0361361247258589,0.0872678736615128,0.222218862282057,0.395681265291342,0.000209479921376109,0.239160879236051,0.000276522591871262,0.0479480424016725,0.0505646111768968,0.00147619347222429,0,0,0,0.127253045957467,0.000770280938637969,0.000228254806411207,0.00150417174154401,0.163472626330016,0.000166436061629534,0.000148929960616887,0.00254204508163762,0.236332385300202,0.0085833233159425,0.000607421899205267,0,0.00324078748744029,0,0.0322561487785326,0.00741717735557896
0.0115768385276538,0.00291139780398917,0.0097703166582084,0.00210783607998812,0,0.0569161281336547,0.0610366551710485,0.117174410094239,0.0115018700452224,0.0517020575288125,0,0.0429584291947628,0.384990122554187,0.104512915437509,0.00215854649719655,0.000154106617968678,0.0742411306430016,1.30817247332475,0.166504567988983,0.00572690558515173,0.0119340018259084,0.00286001900136941,0.0248115137152469,0.010316664338419,0.0137330893561056,0.452950043923576,0.0581521629445911,0.0289633802472584,0.132298861837792,0.0244887300650429,0.0475473680581809,0.0916648855642228,0.00133253995721537,0.79683590933938,0.0144689119193666,0.182488050618683,0.160855012150426,0.614636663188761,0.165955185379473,0.0110764255892279,0.00158431046075749,0.117209695770976,0.00116578983337534,0.0200819947575713,0.00302754188597667,0.000560969016079188,0.00221676459930021,0.000860359503395321,0.00716008774114984,0,0.0154736802680157,0.000517573648410022,8.97222733733654e-05,0,0.000170452580039263,0.000472534729072094,0.000220267478476524,0.00930111482583972,0.000261318109818399,0.0790194056736562,0.000832451906007346,0.197387265328594,0.00018877496104306,0.000320140485251069,0.00016463658966887,0.000131794259345234,0.000570298473683238,0.000164166458753586,8.46168062567714e-05,7.3192946043849e-05,0.00261408702868974,0.000123726039539337,0.00218054912726569,0.029204748489528,0.01171039223543,0.027014846898378,0.00290461428491664,0.000257521580400646,0.000112007002084494,0.026190523374193,0.000632214835326433,0,0.00367051825591689,0.0045286030396167
0.0018104735474081,0.000516118553703725,0.00122987229703295,0.650602238112725,0.0354929212727909,0.705190165303948,0.0525082535677921,0.309472360826957,0.113851864328571,0.484681788734336,0.0429584291947628,0,0.00809278714073523,0.0893887927687011,0.627557405885564,9.90825003930327e-05,0.00240453439185065,0.0279079694727675,0.00999130103940944,1.3830842720263,0.0011873288215971,0.000202792404889584,0.00243128693971682,0.0914927265762342,0.000680549797024011,0.0498427795874737,0.0102388877540893,0.0722277255273682,0.0614804549557069,0.00997726231087213,0.00314990697709304,0.011634415563733,0.000159436832422614,0.0801282567742138,0.355928274128558,0.28152972689725,0.0156311100559359,0.0976007983277687,0.0117360917436572,0.386491528477804,0.01578042023666,0.0348151319257133,0.024541228444222,0.00265228163903815,0.00859197620944366,0.00840330545479414,0.16662810831149,0.00928641418269289,0.00297560807397204,0.000208418102544308,4.87596737040281e-05,9.77788918583395e-05,0.102472166590697,0.00914512419993212,0.0727006653962123,0.014866006756458,0.0422417642847793,0.058373388012673,0.157347395941711,0.0013408111875794,0.208860205656901,0.00019405266245234,0.0214391386185601,0.0432922852109568,0.000377856867328048,0,0.000501298570615768,3.45674679792523e-05,0.0750366588758114,0.000649192862750888,0.00010451380456996,0.000625351276044309,0.0579022333384702,5.5401337459445e-05,0.000397682440228701,0.000889607744040548,0.0893502603455146,0.00617755411976981,0.000393659293471277,7.54307154979706e-05,0.00229533751692957,0,0.0115298818786865,0.0752936546133837
0.00175020647302079,0.0881161859705852,0.00028735143515253,0.000337277969760597,8.91143285379409e-05,0.0114130331848445,0.011918529821642,0.0223891219222391,0.0752337029277898,0.00946932456527088,0.384990122554187,0.00809278714073523,0,0.0111798874912299,0.00322623378903079,0.00151863220241368,0.000292968141269803,0.00105143668389952,0.00089014934146732,0.0010625735661115,0.0017097109515279,0.0707506524599335,0.000557150987342835,0.0491702062043293,0.474192352234392,0.0495279725840433,0.263052839277648,0.0123538845410679,0.0155775550980413,0.00414166203661412,0.24181337369688,0.0146728545697671,4.44481835471392e-05,0.11164775054619,0.00361742070652861,0.0664847850466994,0.128595651315242,0.341219222805046,0.00765027771933245,0.0112762826338799,0.000879303133878709,0.366172552078739,0.00330903559705603,0.0710547867915348,0.0144214896147033,0.00299039719174683,0.00335819642165047,0.00831718029415546,0.0323692118729948,4.50605670694112e-05,0.0513932387774445,0.00011956009447217,0.000114035052718163,9.14889164042476e-05,0.00193789116790724,0.000825378093618389,0.00339327125162923,0.00824163144200241,0.000499710678344786,0.337555256057766,0.00072994341521734,0.886854007674161,0.00239929484625202,0.000964162912574887,0.000201872756466866,0.000104592006743073,0.00177509003461504,0.000165815835057199,0.00029550679843694,0.000734342631087899,0.00486378583273816,0.000660770944499016,0.0023344188737061,0.229086204795804,0.102582458556335,0.1894591237371,0.00187245839817202,0.00182386364086389,0.000329098211964726,0.182179814549995,0.00201459419280446,0,0.0122997293398248,0.00108820467883229
0.893693274609964,0.000390801000619054,0.222273042384698,0.0116173107871397,0.0017423126337862,0.188814866518311,2.9420915083652,2.16550472375744,0.020645849397306,0.243561175182509,0.104512915437509,0.0893887927687011,0.0111798874912299,0,0.005247521857243,0.000606083004936755,0.328008581097451,0.0631496018349727,0.11737323559058,0.0153118550042297,0.0201897076383729,0.000462047427217483,0.0979101482945115,0.0211301281223134,0.000796296703303099,0.341109023884011,0.0855813577622235,0.233167197865076,1.63111531354148,1.30794483203665,0.00569693766988599,0.0281123762079708,0.00924942115273009,0.253758621869777,0.0134476444145855,0.174641873667821,0.0179148577436668,0.328949882455236,0.0950820898796931,0.0337267608988717,0.0094026637565578,0.0151438725671208,0.00776529827469455,0.00121147867099535,0.00415497036142105,0.00298909084328199,0.00796074809603008,0.00522529888655752,0.000719354850110829,4.02000725412369e-05,0.000151380490213931,0.000601443782601178,0.00205941617360598,0.000258456513067067,0.00908086681456693,0.00826771610677779,0.0107516654698586,0.0135334845357238,0.00596497087587118,0.00027616917741394,0.00425012291378081,0.00047996362499249,0.00770559873345619,0.00153893861478997,0.00119022004384321,0,0,0.000177130751080692,0.00189281001711256,0.00244503354831755,0.00024096573968035,0.00271086633237988,0.0317505680121798,0.000114827431385279,0.000699159667482376,0.00758270805295497,0.0602005480863367,0.00170787846112562,0.00118446379308325,0.000111636467630267,0.00125240490265846,0,0.00348779345109147,0.00179102006387204
0.000125900372760594,0.0238616435295843,0.00129707613021969,0.0757630898535522,0.187014521793996,0.433425459711498,0.0268069568009237,0.0315291018622101,0.0659319747891347,0.120639805847016,0.00215854649719655,0.627557405885564,0.00322623378903079,0.005247521857243,0,0.000375480886663914,0.00204605436307919,0.00153001646150279,0.000654354427654088,0.108944335022322,0.00678564136306393,0.0288283590854076,0.00525418159768761,0.238224259624317,0.00831772313825045,0.00249243016156912,0.0222738995596048,0.106423592772042,0.00367126095051724,0.0171500569393276,0.000108999693564356,0.00716043555016673,0.00046168088392818,0.00416476919874286,0.0399246429486025,0.0314949100637709,0.0039773467014724,0.0100880205212912,0.00353190697271991,0.73243691285113,0.00226763181129491,0.0203960836298753,0.0183240905786494,0.00185202971641267,0.00377122120351767,0.00321663666993338,0.0663114653672158,0.00207174087490439,0.00294515557922602,0.000193024263918578,0,0.00020373694557774,0.0231074101769065,0.00375454362541741,0.0261640961633499,0.00625605277615893,0.0185503203460668,0.0120001077850658,0.0319300473994217,0.000502548127178371,0.0465193425613432,0.000145908331395149,0.00916598234519348,0.0162163089136741,0.000412285048674703,0,0.000257449385524392,0,0.017489769510558,0.00298024210185671,0.000293851832675815,0.00176975128984523,0.0172172738214317,5.78133893040419e-05,0.000260673134826958,0.00081541603409082,0.0371004608636679,0.00482267210537142,0.00142540492362428,0,0.0012481863098334,8.08132352185251e-05,0.00504048778931648,0.0290804940065099
9.36064714229105e-05,0.0152234610535611,0.00156277450015855,0.000108983269966364,0.000259885041867256,0.000173879047640741,0.00304724847969371,0.000782703108385026,0.00915758032883009,0.000393801059740663,0.000154106617968678,9.90825003930327e-05,0.00151863220241368,0.000606083004936755,0.000375480886663914,0,0.00407484419793749,0.000172047739974976,6.815397018224e-05,7.04550754051209e-05,0.849103364627457,1.2984534801591,0.714246289419013,0.2430085053007,0.00408627964805496,0.00163103416314644,0.773360233977768,0.329622942915764,0.00031008597819686,0.0169644661766953,0.000146454454273224,0.00012216611053884,0.000191475643979788,0.00711136744252539,0.012273884138095,0.150555899226897,0.0783540892969145,0.0531048519574469,0.0329800317879102,0.00143657075091505,0.000595006711713553,0.0037561639036628,0.0151700675437674,0.00312460219005346,0.00361784948276478,0.00220685809642303,0.0104032819307211,0.000803959867818115,0.000711182809784889,0.000655173057135344,0.00151842078483653,0.00604773489569306,0.000256019952547252,0.000558490027740956,0.000870376384358705,0.00492705658523815,0.00311813183129776,0.00744200135109168,0.00127335300895983,0,0.000887364012955066,0.000194254312178492,0.00241870296796113,0.00111151810975277,0.882709470352558,0.0012573673066054,9.78786070497033e-05,0.000109302211535811,0.000276847453973115,0.141946353359194,0.328001240959285,0.539248641529026,0.0540450993417334,0.000164650558746099,0.000871915263845799,0.268382998058486,0.0471783318434275,0.00695747712834263,0.0189289304475932,0,0.000619411947718084,0.000364737449288785,0.00202075544177342,0.0084697890197089
0.119216609485191,0.00306871909524179,1.49153837148713,0.000595581875567972,0.00221261403665757,0.0125056793543864,0.166607930792278,0.127015880911898,0.00102299688932848,0.0132235207424288,0.0742411306430016,0.00240453439185065,0.000292968141269803,0.328008581097451,0.00204605436307919,0.00407484419793749,0,0.04812809154369,0.215335735729381,0.000412321457779884,0.10995060319047,0.00150559023535001,1.00600342965158,0.0112283942807972,0.000597881624525428,2.22241361147269,1.7564825240882,0.0484025893979598,0.233886789264773,0.433587337244018,0,0.00222575103819859,0.0385979543999213,0.392778421512758,0.0123551994129988,0.105454720070231,0.0688155875573782,0.12711809106311,0.0516651216400931,0.0101856851192465,0.00439067870257455,0.00244609695859212,0.0167783992142025,0.00999936859934879,0.0066813852352252,0.00150723894950384,0.000416945153844595,0.000110489313673854,0.000158503315386772,0.000121558928317309,0.00372083252260745,0.0445313370936978,0,0.00017748204894197,0.000117970743188381,0.000860400748477222,5.85561227200627e-05,0.000336697168499887,0,0.000347152045564413,0,0.00120345119166755,0.000194234479650736,0.000146929151738763,0.00120269244792634,0.00965041221844766,0.00103938635464007,0.0050308717281686,0,0.00139277604299265,0.00106151454885829,0.00595501395827919,0.00169228944814199,0.000415244641311228,0.0462730737987324,0.269191037858114,0.00285017608998781,0.000227464249797642,0.00142523709148604,0.00068524137029171,3.90559918731451e-05,0,0.00654493594186413,0.00298883837926788
0.0112055202387757,0.000194175091664672,0.0157795439978641,0.00152682035124564,9.27575360308884e-05,0.0306897355232676,0.0448252219653647,0.0540173858204481,0.00599223146843612,0.0349432415543883,1.30817247332475,0.0279079694727675,0.00105143668389952,0.0631496018349727,0.00153001646150279,0.000172047739974976,0.04812809154369,0,0.330439237921731,0.00354671131993979,0.0129729778063682,0.000279024686953783,0.029760939021755,0.00562756282792658,0.00107046015594757,0.902688390371675,0.0760980429560457,0.021791031083497,0.0694069466251953,0.0161525325664296,0.000105972305922747,0.0274453585811974,0.00130583666187698,0.309700909906434,0.0124479309722085,0.205142338026412,0.0831655399064638,0.198126974973681,0.134668981040131,0.00454743387174225,0.000516174487094522,0.00105508021790082,0.00171655563725782,0.0129197260320198,0.000962187418368099,0.000226138052822113,0.000452312096910059,7.73288112444876e-05,0.000340076806128502,0,0.000893797540199697,0.0007051536254493,4.19046515876055e-05,0,0,0,0,0.00466861962385601,0,0.0062668041045329,0,0.0132053874554212,0.000114437237932205,0,0,0.000109693902817368,0.00306924510703253,0.000799161505772709,0,0,0,7.34708251934052e-05,0.000223608713700771,0.00261212078631377,0.055112226829305,0.0583450884888262,0,0,0,0.0135080795836876,0,0,0.000392378748298645,0.00420540405938369
0.0331176014935094,0.000817991709997597,0.0899242278550991,0.000687094917057216,0.000256122752443314,0.0105386745631689,0.0809872134653371,0.0587655676388312,0.00256354099587411,0.0158298575978383,0.166504567988983,0.00999130103940944,0.00089014934146732,0.11737323559058,0.000654354427654088,6.815397018224e-05,0.215335735729381,0.330439237921731,0,0.00167945159445834,0.0520206751563181,0.000359245403143644,0.156466427275074,0.00192350538155061,0.00033190553069973,1.53835493315028,0.25473084951103,0.0184301045543432,0.0563678866023061,0.0394191265797415,0.000187965199802398,0.00366857408596158,0.00662271490079999,0.460500536035339,0.00827372429868183,0.167152902198723,0.0436003857353009,0.128733587022994,0.0929617103332507,0.0034054749941445,0.00109364344475234,0.00071353525901556,0.00490639883618492,0.0136939908199669,0.00200933706370407,0.000410964767665029,7.43158150860071e-05,0,0,2.63338568562269e-05,0.00114069824943405,0.00288834988600015,0,0.000107836974521398,0,0,0,0.00136324711705274,0,0.00368875470129472,0,0.00716458560820555,7.11655164610147e-05,0,7.45327513391375e-05,0.00242623895176828,0.00353338289546192,0.0022279640135681,0,0.000229407289531767,0.00019564401845169,0.000403162195503831,0.00030537933074677,0.0014495299994874,0.065543046197417,0.087057783934432,0,0.000119506825663448,9.30243321629763e-05,0.00700487661167103,0,0,0.00124043866413868,0.0032460330928511
0.000405129807844877,0.000143645587477684,0.000593647167504788,1.2899676353679,0.00549267997318339,0.1117076819974,0.0137289391679201,0.0427815083337482,0.139184474016287,0.865632913005404,0.00572690558515173,1.3830842720263,0.0010625735661115,0.0153118550042297,0.108944335022322,7.04550754051209e-05,0.000412321457779884,0.00354671131993979,0.00167945159445834,0,0.000152526993436932,0,0.000657844420536161,0.0927708624985994,0,0.00623278929188186,0.000989502444212076,0.102627313402598,0.00973341706899688,0.00311760914852214,0.000246401356963992,0.00233421298165476,0.000269255689754605,0.0156939060401888,0.00301743900317234,0.0833367990443086,0.00358370066697979,0.020341732521343,0.00353913848635536,0.108280646458633,0.0036624173829934,0.00781090971385435,0.0104978252550448,0.000304549657063722,0.00471678608441574,0.00218050315808755,0.0767632759749798,0.00405154829572016,0.000341759116392553,0.000141174234411478,0.000251456904836476,0,0.0971066923283894,0.00310333463529557,0.0503635705166679,0.00942120114673051,0.0309093203641294,0.0619275402065946,0.165216430239287,0.000766413180169347,0.111311292484544,0,0.0185520217856099,0.0238856779662746,9.55510158353451e-05,0,0,0,0.0561305582477671,9.14979262079002e-05,0.00027255458849144,0.000296908471355081,0.0604116794869127,4.89837223591804e-05,0,8.25327103518249e-05,0.0887778644347498,0.00517938328546822,0.000286618538085759,0,0.00067076710017407,0,0.0128052792157484,0.00070117911701864
0.00335775838901693,0.00588696378578424,0.921492651638689,0.000353940560442924,0.0171131391250141,0.00400218605201036,0.142124743758913,0.0145932209543941,0.0125685781887674,0.00605632254460752,0.0119340018259084,0.0011873288215971,0.0017097109515279,0.0201897076383729,0.00678564136306393,0.849103364627457,0.10995060319047,0.0129729778063682,0.0520206751563181,0.000152526993436932,0,0.138806227517191,3.30883853893908,0.0535533685569795,0.00162979771486634,0.247348400512129,0.206825695806859,0.228620617403945,0.0117741973976067,1.394974662352,0.000131900760430276,0.000815026158012987,0.00401422288711381,0.952873684076994,0.252876144364703,1.70548516299324,0.145632191496172,1.6314766558086,0.735659103923453,0.0281132286870058,0.0139104297894743,0.0169572416590149,0.0203238192187609,0.0042058625661453,0.00437645311080086,0.00347805213860321,0.0227973035327865,0.00195801505526984,0.00145570571300429,0.00256286108905649,0.000605330149762094,0.00581138271661913,0.000650477141078353,0.00348973064792454,0.00376093303978658,0.00576176594709778,0.00510758011191255,0.0111113866664398,0.00199205740878546,0.000397865284900903,0.0021322444691956,4.26738915445805e-05,0.00512808929510307,0.00233304256569135,0.197192530133558,0.000988886083224537,3.70053094164133e-05,0.000332421352233589,0.000754092490585327,0.233676270966951,0.0602590522828138,0.227997457202095,0.0716480729686753,0.000157415010563492,0.003568575814147,0.0867258988321952,0.119388510125165,0.0153160903220451,0.0526407220508832,0,0.00124819449537474,0.00111325483502966,0.00575014561562669,0.113752348884965
0,0.140835228676012,0.00296066339209628,4.5707332148552e-05,0.000667636830438495,0.000765138096590817,0.00450794579060072,0.00126824557822663,0.65974028283318,0.000452181208163381,0.00286001900136941,0.000202792404889584,0.0707506524599335,0.000462047427217483,0.0288283590854076,1.2984534801591,0.00150559023535001,0.000279024686953783,0.000359245403143644,0,0.138806227517191,0,0.143320671262211,1.34667713778368,0.0929555674258305,0.00424166528825175,1.00730482532506,0.242768372280592,0.000244372523166954,0.00598055493643105,0.00233916601732385,0.000115887151887238,8.63340300807951e-05,0.00437117410792476,0.000442213467847287,0.0229574499363372,0.00470201115034604,0.0185262640675666,0.00307469839686567,0.0102993255489578,6.12964478795528e-05,0.0433928622062518,0.00664584469018525,0.00233102187177015,0.00326432765443074,0.00139337761292392,0.0013844146689266,0.00182690728770768,0.00137394642556947,9.51838263791797e-05,0.0282927998253754,0.00603169308641893,0.000583561553110242,4.59444091715813e-05,0.000646079502950907,0.00169192783216042,0.00144895204090422,0.0104528138354725,0.000261385128509939,0.00465174124084139,0.000129285780225456,0.0106905976189182,0.000751816218262732,0.000752873879250526,0.218185500898344,0.0015995582222904,0.000213175584831834,0.000247455376127958,6.66062658367753e-05,0.0373582811946361,0.298056264868274,0.078859385971326,0.0342729962967446,0.00460057161133933,0.00613790611575508,0.421348703951298,0.0242657709545322,0.00135043392502374,0.00369939316737914,0.00144495373618019,0.000765570642514228,0.00014617411375308,0.00181911762518406,0.00064663563570714
0.0191745800887368,0.00216869146304476,3.81664817767447,0.00118030354935407,0.0110462729958201,0.00906544228644027,0.504559196122242,0.0608129056797364,0.00587875835940939,0.012501342780169,0.0248115137152469,0.00243128693971682,0.000557150987342835,0.0979101482945115,0.00525418159768761,0.714246289419013,1.00600342965158,0.029760939021755,0.156466427275074,0.000657844420536161,3.30883853893908,0.143320671262211,0,0.0527362907004524,0.000434589623613238,1.12625674235088,2.98875133165038,0.844100471141208,0.0314430557051741,0.864801313996273,0.000139263699382067,0.0013268189670732,0.00608184313767904,0.797256696932455,0.398569044991027,3.53752146456034,1.58872916542015,2.36930972362442,1.5329497211501,0.0386896163360649,0.0150878887844426,0.0146026003449418,0.0633697623739754,0.0112985768701486,0.020463890117549,0.0128672021988895,0.0267789814678958,0.00275403066913855,0.000529272047340989,0.00057179504179895,0.00303085950528628,0.0658867073915879,0.000662438902095616,0.00566372580746591,0.00331794385433078,0.0267215863768784,0.00866368913654995,0.00549893311255985,0.00241113535622692,0.00039360801339519,0.00186431596050811,0,0.00764131203312171,0.00136527359450984,1.29415408432562,0.00281075764417112,0.00039639170708245,0.00147096634307581,0.0004938231209988,0.137856983745776,0.204239485341282,0.959633505884071,0.0740414556050598,0.000308466375800908,0.0114480199694511,1.02812907818471,0.0679639122854353,0.00639585320045865,0.0155210762739161,8.50251289143561e-05,0.000852013947859344,0.000667798712361753,0.00580743222595954,0.286756854116366
0.000963773817377151,0.402841535169349,0.0500911669051777,0.369297159757785,0.0064938124756186,0.0611175066008933,0.158521275163136,0.0829321480255585,2.63457204084436,0.144022437372732,0.010316664338419,0.0914927265762342,0.0491702062043293,0.0211301281223134,0.238224259624317,0.2430085053007,0.0112283942807972,0.00562756282792658,0.00192350538155061,0.0927708624985994,0.0535533685569795,1.34667713778368,0.0527362907004524,0,0.140415029843695,0.0165136697132483,0.831271775521118,1.28549816871569,0.0247208038272001,0.0104100485923734,0.00225494807639909,0.00276739278105765,0.00699665141213357,0.0290568958911384,0.00824480755533597,0.16382447248785,0.0224211603935882,0.0585248949438137,0.0199197805287343,0.104876189428455,0.00514026682105333,0.03748469230636,0.140735525348545,0.00693521568675452,0.0513510214975432,0.0225276194321197,0.0635325046832505,0.0110702785833292,0.0136281449121469,0.0018054601556443,0.00368574100417077,0.0129073294600702,0.0668968536660081,0.00116883814266694,0.0802100202628748,0.0923111300132525,0.170536805626876,0.455685980874865,0.191874341523039,0.00981150028347663,0.0541265871774382,0.00329367604865617,0.128782992021031,0.013285058048435,0.033106925590846,0.000774581841248093,0.00114135266348487,0.000483557004572332,0.0384454391470852,0.0603714253738158,0.0249929489080142,0.0552007505681818,0.593505616105291,0.00239683126545435,0.00142900845921189,0.174891625438776,0.887615393032267,0.0465942554254757,0.0255098982998713,5.87951747760773e-05,0.00272230803867119,0.000650417789624691,0.0607419742720408,0.00848950177370223
0,0.141602376730564,0.000491145871314705,2.88970318316817e-05,0.000120346728419065,0.000825239268207375,0.000600212798198461,0.00132378195542693,0.172650825124151,0.000549732055635095,0.0137330893561056,0.000680549797024011,0.474192352234392,0.000796296703303099,0.00831772313825045,0.00408627964805496,0.000597881624525428,0.00107046015594757,0.00033190553069973,0,0.00162979771486634,0.0929555674258305,0.000434589623613238,0.140415029843695,0,0.0116368804277314,0.411525320179758,0.0140137691344006,0.000252887534249783,0.000709006515230298,0.0162761153007721,0.000499772959240436,0,0.00724438425185501,0.000834751810227514,0.0333299404109865,0.0119863961790728,0.0266290132472799,0.00355883168409723,0.00515051989997882,0.000105686028887272,0.11833850429444,0.0026214072749632,0.00830568153795182,0.00474810818276024,0.00156228247720134,0.00189821104277802,0.00521246167219091,0.0078401445539578,0,0.00808584208223067,0.00010036878343606,2.72642480884194e-05,0,0.000730708686842144,0.000313601358815074,0.00119464921171689,0.0012616292428422,0.000408651398971438,0.0225486266798134,0.000284185402478635,0.1008138784405,0.00087580771593493,0.000591609056760907,0.000237200872438788,0.000111313379633188,0.000873707794650075,0.000754719863808811,0,0.000225470176581144,0.000515003139554858,0.000425742713374615,0.000161943270294428,0.154193918029633,0.0381983482981145,0.11346155903155,0.000724028170877159,0.000106823200364828,0,0.0271689797397616,0.000941853570157884,0,0.00211566364944542,0.000290226265766502
0.0765895848203323,0.00917301812963514,1.94328559826857,0.00519726921614814,0.00153145556871665,0.0620166974355889,0.421610020497072,0.230781429090447,0.0181409143543483,0.0802025804483327,0.452950043923576,0.0498427795874737,0.0495279725840433,0.341109023884011,0.00249243016156912,0.00163103416314644,2.22241361147269,0.902688390371675,1.53835493315028,0.00623278929188186,0.247348400512129,0.00424166528825175,1.12625674235088,0.0165136697132483,0.0116368804277314,0,1.99590514799325,0.100866274252677,0.170871619668781,0.165120029660159,0.0580778675488345,0.0407707568450344,0.0117855955458584,1.11163121265728,0.069414222349887,1.30626699093204,0.741965633738703,1.01644109170755,0.656713215302178,0.016664173581076,0.00449850707828182,0.00777836403120175,0.158275918511857,0.172708385446656,0.0620969568167598,0.0137384439787706,0.00367748170163601,0.000400875657576263,0.00273445910602927,0.000291378397262693,0.0462128522848169,0.0907998635285359,2.72402189009786e-05,3.4069127199769e-05,9.3608042316198e-05,0.0019129115649113,0.000322178721575081,0.014361877561718,0.00011170032170248,0.0887424901349721,3.84089345347881e-05,0.252384090019314,0.00179859418979019,0.000190515104382813,0.000966741821599244,0.055297251250658,0.0451670719469742,0.0695142179388533,0,0.00481069673375112,0.00414939302810007,0.0124164987583544,0.00260671860302782,0.0476479430099446,1.04634626908241,2.01842216988699,0.0018383373721286,0.00141754834743977,0.00487488258638978,0.132923872896708,4.01113033708334e-05,4.09828477531671e-05,0.0555016514145955,0.0305686295944522
