0,4.08774252467901e-05,0.0223321366877593,0,0.00167368362702158,0.001548965924828,1.05795601742647,0.0416700645574286,0.000107140069031656,0.00411295995164579,0.00361413259183625,0.000709563258359491,0.00041206523220098,0.644511252535772,0.00504803901556896,0.000163636668786764,0.0730987199724001,0.00452382179534149,0.0262267581224768,6.15206484881937e-05,0.0320483404523132,7.85201333599686e-05,0.0584458476293617,0.00228081040035952,0,0.016586760576102,0.0324382606246638,0.0132461585415416,0.680240411054804,1.13169167517548,0.000226511321857556,0.000638255370436535,0.0106174863190084,0.0324046076445974,0.00330510113666262,0.034486818335907,0.00699091340568879,0.0257198732104453,0.00906089645115662,0.00242269575594697,0.00185152579442236,0.000461598155954391,0.000941307726251629,0.000271803831819355,0.000776022371594041,0.000231947237805202,0.00082676233758299,5.59399134280384e-05,0,0,0,0.00233900342949684,0,0,0,9.05137385272381e-05,0,0.000105641183408916,0,0,0,0,5.20395227209329e-05,6.6921276455909e-05,0.00102231183883859,0.000804304333178073,0,0,0,0.00248302278434062,0.00022877349784857,0.00101790393234383,0.00146404924333059,4.52329544278383e-05,0.000370790775446132,0.00432509483039385,0.0035497121820032,0.000300907328055337,0.000724531904638976,0,0,0,0.000373044308493793,0.000632063363880903
4.08774252467901e-05,0,0.010040935715986,0.000138652111254454,0.00166110864524982,0.000250402460895598,0.00171550556442645,0.000741118679541901,0.261341025820809,0.00137744986692262,0.0146735433502463,0.000451740332482249,0.156216162949037,0.00138025631948185,0.00598382983260846,0.0289281079348238,0.0271713748870973,0.00024038143926692,0.00470087289110001,0.000208755813690439,0.00479640211080714,0.457675456310767,0.0163338665215732,0.53450522689971,0.0964292365308033,0.0627689420249378,2.03348328005168,0.0240839489389621,0.00147382175475907,0.00167250677316014,0.0194848298615215,0.000738256489421814,0.000507693684206322,0.0238979635653475,0.0042720341533396,0.0448898148298918,0.0153016408605286,0.0299967732358846,0.0254735407869645,0.00182636986697866,0.000414566063821256,0.0711766999706675,0.0446271022517044,0.0182563557705097,0.0200777672347372,0.018357292680627,0.000718196479073807,0.000557406308483809,0.00556573500848922,0,0.343090069416926,0.0237683141000543,0,0,0,0.00143869272690345,0.000292246396072179,0.00712266174380875,0.000238912685475663,0.01612657640568,5.20679017311931e-05,0.0817457705242397,0.000538503394390285,0.000129360521734655,0.00802880183975029,0.0385758386672568,0.000955632287468467,0.0192554965351917,0.000119544593651473,0.00211514580357915,0.0236299464897239,0.0152251129202263,0.0146073689129488,0.0114543111778107,0.0855858033252959,0.551968642035882,0.00864721726640861,0.000495379662781179,0.00292249855672775,0.0271146499467023,0,0.000116886508927286,0.00974243983643863,0.00498363271985087
0.0223321366877593,0.010040935715986,0,0,0.00197249615601132,0.00547870518119224,0.0923639139384982,0.0534993439952333,0.000424671840144903,0.00190362680051134,0.00979213336546554,0.000697599340760261,0.00101785529492054,0.087052080129764,0.00832379867080026,0.00244505570737118,1.20604391018019,0.0120804690527469,0.153440009256263,6.22707482709587e-05,0.472468784824666,0.00779667980985893,4.42302880673064,0.00142790999540736,0.000400094351781964,3.5911841879483,2.78656185151982,0.0160095612569071,0.0326989408753032,0.120315888284588,0.00167825819154273,0.000603812463042826,0.00249996265713582,0.242952345378638,0.0384252965423,0.6748039410191,0.38737668984577,0.336692879822293,0.280513461540611,0.00327471295978874,0.00508594205398242,0.00122286997423205,0.282295134218719,0.0716430693167581,0.136564589765245,0.137987168146991,0.00285755624235648,0.00192417660457438,5.75250346238911e-05,0.000544978130201265,0.0507054788086837,0.775782304623287,0,0.000160714505794331,0,0.0278816660482224,0.00200321712659185,0.00243873060756543,0.000137932216000825,0.00309063224856351,0,0.00190263528258845,0.00263479682490073,0.000527700700656802,0.0144746228883752,0.722615262491997,0.00321607168499212,0.0498025223745824,0,0.0133639303544262,0.0335220753145277,0.173474317022777,0.0102434765237369,0.00133947275229186,0.309845977695257,1.47112507152225,0.0124013264992218,0.000993205782029671,0.0179866640021026,0.000217483089014471,0,3.28044853546768e-05,0.112003862547918,0.0211816313264766
0,0.000138652111254454,0,0,0.0134818294770587,0.013054468173728,0.0188056042686287,0.00289804744112066,0.23218565707285,0.685677431551763,0.000345755041457653,0.419434417258848,0.000224587370357231,0.00199106357850745,0.0576767383200468,0,0,0,0,1.91036178906768,0.000160043029871016,8.7747738173902e-05,0,0.411002195200786,0.000347913006707385,0.000166281032501817,0,0.954450672190684,0.00352909232163391,0,7.0343429682523e-05,0.000584158951052979,0.00042374599512896,0.00316043938495726,0.000566398189807206,0.0197611155710452,0.000183793509717881,0.0028692163995382,0.00109002802914242,0.0487193706577087,0.00330757640832612,0.000738512568255574,0.0077764323553404,0.000339874762443945,0.00414786295441647,0.000480563261544972,0.0293076790171867,0.00409228311247051,0.000139240660694182,0,0.00078138303200689,0,0.225572417663847,0.00124825199676584,0.012725954145675,0.0618581008355539,0.00394776149761022,0.0768535895688279,0.181183097242523,0.00201929419131495,0.096054265117885,0.000722377178473622,0.00365224356708126,0.0108733308859223,0,0,0,0,0.0719977944248578,0,0.00166912814967346,0,0.0620438816864342,0,0.000133841788240195,0.000840853358931422,0.172813715338457,0.0023215561890018,0,0,0.000337472802326113,0.000156155708586663,0.00321804370579702,0
0.00167368362702158,0.00166110864524982,0.00197249615601132,0.0134818294770587,0,0.311937133830243,0.0429888125116333,0.0300899725684669,0.0196636879759495,0.0730115760017082,0.00368730307174675,0.113157703187385,0.00134909966108868,0.0114870493844446,0.403883566846696,0.00359339315459555,0.0031194379240496,0.000677402273793727,0.000658840629414856,0.0114994934512034,0.128087154663834,0.00180616679572438,0.0816195507161865,0.0314246844133019,0.00155883143540398,0.00168289954905321,0.00584040953874673,0.0771797913160509,0.0125531951652029,0.0567329204353352,0.00019145783494234,0.214564019816115,0.00225329602099788,0.0846399392304766,0.210222037150984,0.0340504858673919,0.0120442556828337,0.00573554203608565,0.00804244144636018,1.10280188998148,0.261505509826529,0.000639613946893841,0.00413570280969306,0.000427777053138524,0.000874283073731214,0.00105512809852077,0.020669454364463,0.000595534173817173,0,5.88694081135392e-05,0.000149802531331301,7.63680889303088e-05,0.0108835065543093,0.000884037208808184,0.00543467461365755,0.00550401388410283,0.000400159841598526,0.00230237607605967,0.0110548494167844,0.000546984582769275,0.0112432494079863,0.00066480195554316,0.000976647671542619,0.00788652243864363,0.00352518628743482,0.000230660947048888,0,0.000144171058693409,0.00575829323551564,0.00191258026516316,0.00037908740063572,0.00210072504182554,0.0079367328856882,0,0.000154818324841857,0.00151774390585854,0.0141145318748616,0.000581111290369063,0.00093476720983347,0,0.000313754734863072,6.96763398510218e-05,0.000620698081847816,0.124993614554869
0.001548965924828,0.000250402460895598,0.00547870518119224,0.013054468173728,0.311937133830243,0,0.523664790549996,1.17317462892961,0.0092293447434379,1.96592208919486,0.03757921168784,0.766916648194087,0.0142499696889458,0.143639237874731,0.45383048682471,0,0.00492621958037958,0.0111693156700175,0.00331338041942288,0.0264401699193688,0.0176484606098901,0.000107145308647781,0.00972428645670171,0.00394996316492026,0.00383558697331088,0.018455161020061,0.0046971447722937,0.0207302748860745,0.0255775238876576,0.0148305881996109,0.00337273150065421,0.026049082004596,0.00081107412184307,0.0499612501827231,0.224714088421544,0.0907718944191424,0.00417440098543243,0.0290558214481188,0.00614593084691441,0.646756799188753,0.133753142750609,0.00957005653051928,0.00741921235259551,0.00155206669249469,0.00263131153241505,0.000987088120941908,0.0430501955784644,0.000802534199144364,0.000291575324024722,5.34808210313917e-05,0.000133826710208177,0.000263202318052366,0.0229786514433389,0.00167137953948657,0.0113862821695001,0.0092837508682916,0.00108529504566239,0.00383726264885903,0.0238510255251315,0.00128121489300188,0.0275903860166848,0.00233977080439629,0.000721486389882117,0.0143215779662691,8.30949590541721e-05,0,0,0,0.0143087113726656,5.21748803683519e-05,0,0.000233382418742671,0.0129356394419566,0,0,0.000360598542763904,0.0298021839710204,0.00028761357111232,0.00152996626361905,0,0.000518346720394522,3.99262706771046e-05,0.00100241874499751,0.0212105874134096
1.05795601742647,0.00171550556442645,0.0923639139384982,0.0188056042686287,0.0429888125116333,0.523664790549996,0,1.48961992047507,0.246532785176325,1.61796211739835,0.0648081992290823,0.0260469645830974,0.0276388249538252,2.22414546810335,0.174186611995121,0.00100600506837523,0.0531919462825238,0.0265413765754788,0.0214136817653335,0.00225450720430721,1.13874280224162,0.00319560010899019,0.200942359578039,0.474606145790174,0.0309446955924667,0.0667405498017483,0.0486282017154164,6.38011727516357,0.638791749551614,1.40122144097666,0.00621220331834515,0.0332697845185975,0.0379002638078634,0.288611507871913,0.0475476490379627,1.06952198721891,0.0662309711912195,0.32657296653238,0.117694859913466,0.12076268317335,0.137116806303961,0.0330448181215179,0.19395441164699,0.0215594234541569,0.0697023393485842,0.017395929243959,0.109034838934233,0.0552199663786774,0.00150991043742493,0.0013112167249229,0.000211855348189503,0.0108505538815175,0.04445753991095,0.00193358588621159,0.0171064582397001,0.401741485207844,0.0366454804842014,0.0705664762287884,0.0628008132178057,0.0292897167272729,0.00659479766729003,0.0222462335933299,0.037394058734678,0.0165391112297256,0.00426721586589343,0.00333253850497573,0,0.000656229254279852,0.0114887741874521,0.0105659513637814,0.00315735756176081,0.0111256329984541,0.431278555860264,0.000122902667934522,0.00891807100181302,0.0215945586397731,0.734168115232602,0.0437859395938712,0.0376271360225178,0.00178963381977819,0.00109725788356682,0.00605825841812542,0.0536024282540504,0.00883849353492041
0.0416700645574286,0.000741118679541901,0.0534993439952333,0.00289804744112066,0.0300899725684669,1.17317462892961,1.48961992047507,0,0.00460696060185127,1.00868760716601,0.0773358661094558,0.329819303976781,0.025103571869271,1.74308721315977,0.0344820951935353,0.00105142721979481,0.106579511524873,0.0291752526091969,0.0413386889316067,0.0195689977033288,0.106035888449331,0.00028718661509572,0.106154053427286,0.00630155232467168,0.0128654814532203,0.0597128468595405,0.0569199877789097,0.0424033982794124,0.145055295048017,0.360226004008361,0.00559371059254019,0.017245958514488,0.0127390051786126,0.0972906747959946,0.0105124996406592,0.516586413622998,0.0349091499147026,0.0816473792490378,0.0317640528958183,0.13789293729662,0.0410442622440274,0.0142333329626767,0.0191187149265066,0.00587313737115614,0.00302541470356532,0.00137115766145923,0.0127102543063878,0.00130425119378476,0.000477724267361641,0.000183617409073949,0.000353200692137778,0.00317470131310611,0.00050391323924391,0.000158868733890012,0.000694125232943326,0.011354680254129,8.85255465330035e-05,0.002418432808575,0.0013006174715364,0.00154634747109548,0.0015442549983548,0.00613988890985743,0.000592099998552531,0.00161970140488301,0.00166064780674127,0.000487402705332875,0,0.000239499024368197,0.000634040497754157,0.00382295469770997,0.000865991830860555,0.00117088703721126,0.0494104146786543,0.000182439892856107,0.000743909784818545,0.00640029865252504,0.0774806374488363,0.00190102089654796,0.0055701733429911,0,0,0.000594892040821165,0.00180607141640185,0.00198295739963226
0.000107140069031656,0.261341025820809,0.000424671840144903,0.23218565707285,0.0196636879759495,0.0092293447434379,0.246532785176325,0.00460696060185127,0,0.300865173173445,0.00767240478522284,0.13665132326344,0.0512765884392327,0.00411663782560291,0.069852861242053,0.0147390372136437,0.00267977010061467,0.000931453009931091,0.000536928170845449,0.082893037283103,0.00547250002713119,0.652164700890658,0.00744927463665488,2.35536819002556,0.0389976683629867,0.00762619917656717,0.432656673724393,0.685627552264074,0.0285227296348094,0.00276918802162504,0.0116984977334699,0.00176867267353921,0.00980042579842381,0.0189705416276923,0.018467598581726,0.043398832349556,0.0051260698290949,0.0171905232627916,0.00670392667952502,0.0324061470605087,0.0060349569593795,0.0162005057656344,0.0606819867185235,0.00472745770440281,0.0207158611706084,0.00646812509016797,0.0330966523676029,0.0125478673210497,0.00179992229338478,0.00167901652231547,0.00370845040744859,0.000906148022678376,0.151911160110574,0.00152924657568836,0.0144660935929967,0.0917741428039182,0.0148376397509217,0.399462840112505,0.0454958476946994,0.0138591447027414,0.0435118302986464,0.0239175728529309,0.0160475563332435,0.0129454132134778,0.0524992499919822,0.000529602385134846,0.0019883406151655,0.000776349438341036,0.0273424711106637,0.0138362630110219,0.0718868240187328,0.0157130956182157,0.536032244261062,0.00374006237663607,0.00809234115670493,0.0191648627512971,0.349601372877721,0.0282342333526227,0.013653079200376,0.00569847725009214,0.0019656801585632,0.00287111119927913,0.018890679140222,0.0265848231008283
0.00411295995164579,0.00137744986692262,0.00190362680051134,0.685677431551763,0.0730115760017082,1.96592208919486,1.61796211739835,1.00868760716601,0.300865173173445,0,0.180584455058199,0.707624500134795,0.0725807627983477,0.723815531503234,0.233235948529114,7.99989221200347e-05,0.00407203625030324,0.0526035799520318,0.0137685379596816,0.85863795476015,0.0081926040626361,0.000145186596459806,0.00510346556508691,0.113044166624066,0.0153739967551444,0.0772245913990271,0.0092689660151449,0.540949200011656,0.446718430637444,0.017206521350937,0.00896750504329397,0.0877165719544211,0.00969401217012713,0.452765884221294,0.0641406578078297,1.01946333280127,0.0225901666215537,0.397492617548709,0.0699419128207355,0.309372943021646,0.272185864535841,0.0773153750720226,0.0946056604562217,0.0061338193907719,0.0432904635259228,0.00801123396422909,0.183607755226632,0.0429588201250223,0.00163035035384754,0.000152527530207574,0.00151335637086204,0.000117636899500668,0.5793163052561,0.0067705427712279,0.0494532176843674,0.678113046757211,0.0256402306899221,0.219116652793117,0.530468794581421,0.0177789493372929,0.126638451771486,0.00953586866265203,0.01726244829995,0.0379928910018284,5.86946860325337e-05,5.94331703456342e-05,0,4.04466351020485e-05,0.144521572507166,0.000514836129125118,0.00306487435223159,0.000729310286457911,0.417506185002917,0.000587677757157326,0.000454281190892518,0.000883256196367278,0.941296767459883,0.0132852840906359,0.00390449159794325,4.73796892362237e-05,0.000510944580606788,0.0012232236779381,0.0285766896572384,0.00848485476402491
0.00361413259183625,0.0146735433502463,0.00979213336546554,0.000345755041457653,0.00368730307174675,0.03757921168784,0.0648081992290823,0.0773358661094558,0.00767240478522284,0.180584455058199,0,0.114113090833783,0.758155615364224,0.093569432805459,0.00433873208913876,0.000839140327558965,0.109760939138638,0.627839238689379,0.0589823686960351,0.00745688419631305,0.0480033555821468,0.00640642203518745,0.0808432915252521,0.0102037103306022,0.0477514159831998,0.610556142388336,0.052467771766285,0.0137529959039221,0.117680923452716,0.0390978715518335,0.136471030940069,0.186956166025886,0.00401919485360711,0.955355433684657,0.0102787082329906,0.176918469286578,0.256401040406459,0.590924080142971,0.0893472924766471,0.017141911647182,0.00462055539978101,0.233167635760318,0.00487465621113971,0.0471047731208907,0.00620021127483119,0.00193932675804928,0.0040063137420128,0.000222633809371531,0.0186499536121869,6.99485037139356e-05,0.0225016860210186,0.00221820564136932,0.000101158263704866,0,9.76658764666171e-05,0.00146085686046437,0.000164749430242107,0.00587158591705177,0.000241298108223379,0.0590069721724633,0.000164766180320173,0.293804670740481,0.000210929874739349,0.000368616827482462,0.000243404786624208,0.00155745577499789,0.000130576220376074,4.33054488199651e-05,0,0.00046220401282087,0.0111750011462426,0.00129841426949811,0.00979735921750218,0.0374079873467741,0.0138065426698036,0.0229492540574113,0.0102762094530597,0.000320814425618649,0.000655838625550389,0.0403117787965016,0.000319201741241768,0.000228714962774277,0.00749352761054683,0.00345953755918604
0.000709563258359491,0.000451740332482249,0.000697599340760261,0.419434417258848,0.113157703187385,0.766916648194087,0.0260469645830974,0.329819303976781,0.13665132326344,0.707624500134795,0.114113090833783,0,0.0451027931172083,0.250532199552835,0.306440566393803,0,0.00152251509599471,0.0307099647560908,0.008480984604772,0.799276471396474,0.00160282833853967,0.000192839558871299,0.00147934057295775,0.0563065460188175,0.00563629643689714,0.0423989497322363,0.00536764517655447,0.36532391334019,0.0781762398308038,0.00412470010317237,0.00387625619516808,0.0334085816266698,0.000393962544269159,0.153061622596396,1.45809744928372,0.138331730976535,0.00892016884341009,0.10767322062667,0.0120897880088948,0.410309594354186,0.0783271536373273,0.0386835892269573,0.0220819718001057,0.00286009116109914,0.00802141018727232,0.00385771456956922,0.128109333950817,0.00492544886946555,0.000823607353621184,0,0.000359428280156463,0,0.236969853627133,0.00816429804351348,0.0529901662018757,0.0597098864118092,0.00914785354041166,0.0435174837609785,0.228382455596002,0.00436407408757507,0.208171039536832,0.00291455523406087,0.00781775715387465,0.0494028730616854,0.000111260098200142,0,0.00037844903445521,0.000262367522809759,0.110003719973411,0.000186452978390008,0.00048757513339901,0.000455753032987833,0.0627093729611361,0.000594313620587945,0.00100473621428594,0.000812193673797831,0.144003142370252,0.0020861854409471,0.00027720965901561,6.52916858356297e-05,0.00172266805505032,0.000122306361385822,0.00450053912220797,0.497602281746365
0.00041206523220098,0.156216162949037,0.00101785529492054,0.000224587370357231,0.00134909966108868,0.0142499696889458,0.0276388249538252,0.025103571869271,0.0512765884392327,0.0725807627983477,0.758155615364224,0.0451027931172083,0,0.0200893514228701,0.00163725452816538,0.00218917199142416,0.000577677661683083,0.00204127606916386,0.000508324414440617,0.00314432010174451,0.00368358912898305,0.0673944999387911,0.00313691507559066,0.079190858456524,0.93170235603314,0.0181598546693238,0.107886948967996,0.00732182877996834,0.0171239423325209,0.00663459229867011,0.263941192991503,0.0527722760490768,0.000775461388027847,0.351422979158199,0.00492473785409577,0.0744855474786327,0.364693881560725,0.486976536289924,0.0198633336076929,0.0103524220201672,0.00182110187722759,0.543115774424564,0.00394829113771737,0.206748929228357,0.0246459697256718,0.0029443967191889,0.00443359359704557,0.000635944675492495,0.107302130931932,0,0.112928192643021,0.000161596492584645,0,0,0.000382188774116188,0.000294070601005703,0.000866495682147935,0.0387128433500406,0.000535662590843111,0.35303141425756,0.000843178868041918,1.62872369032022,0.00259571877968475,0,0.00201672938306633,3.26059803706705e-05,0.000678032368596673,0.000101267644057125,0.000543477055571378,0.000228375087777585,0.0539789052838557,0.000616060052274406,0.0229856385306778,0.32631770681271,0.110511657019747,0.183474050718488,0.00265444939989859,0.00351062395103809,0.000524985136320561,0.27838313998052,0.00421259851127371,0,0.0367674554573685,0.00244023290728542
0.644511252535772,0.00138025631948185,0.087052080129764,0.00199106357850745,0.0114870493844446,0.143639237874731,2.22414546810335,1.74308721315977,0.00411663782560291,0.723815531503234,0.093569432805459,0.250532199552835,0.0200893514228701,0,0.0445986163839699,0.000882709860032186,0.253146379126405,0.0461317913443473,0.10238291219221,0.0178147668469379,0.130224312156686,0.00066681187875104,0.197930204175421,0.014797427097259,0.00693042456308654,0.0928428047191528,0.119823366444684,0.0789715114077292,1.60462563201318,1.46190387389992,0.00520521154355473,0.0256578654553628,0.0457675942542297,0.210529436191099,0.0160880761156484,0.363077144982934,0.0395960486930524,0.13208066813943,0.0461194773363847,0.0335870534580726,0.017217493834081,0.0075816915077894,0.0170879737275325,0.00299584421106021,0.0022691120015191,0.00142430987832286,0.0142356543010959,0.00093157447963402,0.000376161196192205,9.73974713416845e-05,0.000478297943399787,0.00476196984688852,0.000475036979720443,8.02211857744903e-05,0.000380408801666588,0.0151608882959465,0.000357638638918832,0.00144641171807149,0.00134199123328711,0.00101262735349952,0.000686460226514921,0.004660130995821,0.000646847974702105,0.0012245556874415,0.00415749545824016,0.00119370668821411,0,0.000464222457809344,0.000133474522382841,0.0111304527102358,0.00166369033281678,0.00421726075455104,0.042188847835315,0.000145884168148532,0.00103006458056579,0.014829371572055,0.081410461702221,0.00258744042583896,0.00959570724358359,0,3.13513077089935e-05,0.000712184991563991,0.00267629146938813,0.00143903646564585
0.00504803901556896,0.00598382983260846,0.00832379867080026,0.0576767383200468,0.403883566846696,0.45383048682471,0.174186611995121,0.0344820951935353,0.069852861242053,0.233235948529114,0.00433873208913876,0.306440566393803,0.00163725452816538,0.0445986163839699,0,0.00387176034066656,0.0103335011309056,0.00278873325180497,0.0067735916031518,0.039786206141971,0.162489619323882,0.00596238534120564,0.0932342976796768,0.134865046282085,0.00512415543868238,0.0146810070972573,0.0466415114999016,0.260879897321319,0.0421525474516947,0.16079758984066,0.000655941963919818,0.0252627422445765,0.00642331241434255,0.0122541946050763,0.163386862104686,0.0804745398893934,0.0400591821776944,0.0170905651161976,0.0418237519464015,0.212112299002008,0.0149214917214208,0.00169573279597338,0.0196126490583583,0.0025705698473709,0.00472633744162654,0.0076937592042319,0.0488653955308209,0.00420010822765429,0.000124616235115618,3.78588678571731e-05,0.000307171768399775,0.00121984885088448,0.0356847202334342,0.00309735156351634,0.0136232159382618,0.033144762377475,0.00302803416698749,0.00833630209115506,0.0307755112741301,0.00145687309901023,0.032866110291989,0.00261979322451203,0.00183989014712018,0.0144074936750878,0.00348001068876377,0.0010036602324587,0.000264153475314557,0.00076723406255041,0.0163962974793194,0.0054389261609603,0.00222606179954863,0.00596490442262967,0.0375015532532398,0,0.0031964395676527,0.0099914987585214,0.0690845496871796,0.00424127968529544,0.00503645644024697,7.85566491225064e-05,0.00117198279549301,0.000928110307163179,0.00332950003650634,0.0900174548529701
0.000163636668786764,0.0289281079348238,0.00244505570737118,0,0.00359339315459555,0,0.00100600506837523,0.00105142721979481,0.0147390372136437,7.99989221200347e-05,0.000839140327558965,0,0.00218917199142416,0.000882709860032186,0.00387176034066656,0,0.00200202132826018,0.000529750252163827,0.00133395994107343,0,0.853618063869783,0.576788361581437,0.759179865694094,0.833633989140438,0.0024040578221111,0.00407743219331101,0.573611080212422,0.471790331593193,0.00462558484429557,0.00495209166049395,0.00104826166505556,0,0.00176985452469126,0.00554234120487472,0.0110176951507484,0.160110071510556,0.0644499464349943,0.0443353013576282,0.0406527234960974,0.00160639959465539,0.00182437734005022,0.00108396372813296,0.0794496352267842,0.0202420948624186,0.0408830172634492,0.0321603530654737,0.00399421242584681,0.00124946822044587,0.000187144909279257,0.000681179269656315,0.00602089532673098,0.0114021731901557,0,0.000718052443480461,0.000159357297129929,0.00660464123932941,0.00115537959630521,0.00581851294332391,0.000226250660379067,0.00140924020922886,0.000118935112672299,0.00162531010161504,0.00130961909973049,0.00208967108345853,1.06118664676829,0.00678243461583409,4.70212251800597e-05,0.00128857580244957,3.72797152623981e-05,0.14026218471931,0.286436261614296,0.756373240499472,0.160958828615013,0.000126326304731787,0.00428557817599653,0.387710420358632,0.114140283517947,0.00277373802241654,0.0229507716478713,0.000248640199748606,0,0.000939422431055884,0.00565180220306465,0.00545378200471276
0.0730987199724001,0.0271713748870973,1.20604391018019,0,0.0031194379240496,0.00492621958037958,0.0531919462825238,0.106579511524873,0.00267977010061467,0.00407203625030324,0.109760939138638,0.00152251509599471,0.000577677661683083,0.253146379126405,0.0103335011309056,0.00200202132826018,0,0.0853000640935735,0.814397085955226,5.51462489027679e-05,0.157115681947249,0.00315844895279828,1.58408418243728,0.00276206837684466,0.00222176407308032,1.65118052793049,1.79528329713719,0.0132917590149224,0.156450169576765,0.270823864740604,0.00355492369644685,0.00116449338351746,0.0164856361168064,0.47652203539796,0.00898798835862082,0.188066097762727,0.525932634055529,0.196376941428806,0.087391869924805,0.00232254850121388,0.00384590336550926,0.00109385147072863,0.069902689253663,0.0376995897681763,0.0336510580534778,0.0353534860987879,0.000383218714095667,4.61023214438557e-05,0,0,0.0489167168814919,0.0786375732326709,0,0,0,0.000254764777883559,0,0.000390646139204591,0,0.00105979457441708,0,0.000289530713265687,0,0.000315641330539077,0.00447836098761733,0.16077255348201,0.00164427565954658,0.0734164469986429,0,0.00382401983950919,0.00703255047834362,0.0152332006742849,0.00130494944936994,0.000589720232759326,0.230095348608668,0.518114011080668,0.00217977225202721,5.73566291612983e-05,0.00312794817264279,0.00083306537230438,0,0,0.0235364365779534,0.00151363020946351
0.00452382179534149,0.00024038143926692,0.0120804690527469,0,0.000677402273793727,0.0111693156700175,0.0265413765754788,0.0291752526091969,0.000931453009931091,0.0526035799520318,0.627839238689379,0.0307099647560908,0.00204127606916386,0.0461317913443473,0.00278873325180497,0.000529750252163827,0.0853000640935735,0,0.309700278852277,0.00288930521431237,0.0462108064706508,0.000496238243619293,0.088859829367641,0.000826689478378281,0.000677157939669907,0.478588027977634,0.0574271723237474,0.00563720075532988,0.0533849184688418,0.0319359556567799,0.007521663409458,0.0425376820020784,0.00327395599950141,0.333512578164607,0.0179699326234876,0.24002902504224,0.375998013377567,0.516926206584426,0.191780713728248,0.00549760259718909,0.00130547424027428,0.00168589898157471,0.000709954697533175,0.0141445555376189,0.00118472762052542,0.00187202931700462,0.000378383218845457,0,0,0,0.00142192953364092,0.00118405987372252,0,0,0,0,0,0.000842267301383794,0,0.015202769393087,0,0.029330331013936,0,0,0.000235147485480621,0.000999684389663878,0.000129900089110374,0.000651445484756977,0,3.28565234126747e-05,0.000264468250772953,0.000606416188769087,3.21150988833308e-05,0.00269294459032444,0.0534066022916927,0.0426286174327737,0,0,0,0.0440011095296839,0,0,0.000275975204379365,0.00357074189020777
0.0262267581224768,0.00470087289110001,0.153440009256263,0,0.000658840629414856,0.00331338041942288,0.0214136817653335,0.0413386889316067,0.000536928170845449,0.0137685379596816,0.0589823686960351,0.008480984604772,0.000508324414440617,0.10238291219221,0.0067735916031518,0.00133395994107343,0.814397085955226,0.309700278852277,0,0.000489249801950008,0.127063120027905,0.00171287831697025,0.397145939155495,0.00101174099946493,0.00118576249586788,2.21176913185226,0.378436767034327,0.00765165324786144,0.096765907367609,0.0970832014389326,0.00309411203487501,0.007810078846468,0.00866571076077527,0.433365989743415,0.0285098068270716,0.382998403469081,0.445726045240367,0.401460701037473,0.272045839717858,0.0026762002365244,0.00288355806355135,0.00172003861589445,0.0206620056254788,0.0201123564205815,0.0128570313255873,0.0106496127452633,0.000923043132566024,8.63888628484607e-05,0,0,0.00896598854599133,0.0180701123538783,0,6.92164544894994e-05,0,0.000213931081622123,0,0.000202816555338994,0,0.0056309220743227,0,0.00650867524403733,0.000136923285643459,0.000321240886214197,0.00137642497808386,0.0321939549498591,0.000881851747690067,0.0320631783855176,0,0.000294042558558657,0.00222756202603921,0.00328446479815833,0.000550805100294277,0.00316775179160696,0.148769522175325,0.20262504870777,0.000790404517430648,9.85958437088134e-05,0.000180069968171298,0.0166083305167312,0,7.62523488795459e-05,0.00535923441604753,0.00728759192465216
6.15206484881937e-05,0.000208755813690439,6.22707482709587e-05,1.91036178906768,0.0114994934512034,0.0264401699193688,0.00225450720430721,0.0195689977033288,0.082893037283103,0.85863795476015,0.00745688419631305,0.799276471396474,0.00314432010174451,0.0178147668469379,0.039786206141971,0,5.51462489027679e-05,0.00288930521431237,0.000489249801950008,0,0.000181016698954091,0,3.12409876722395e-05,0.0642666609149451,0.000809944674929798,0.00288094717845239,0.000416850547222137,0.847624661573536,0.0103650458951504,0.000282433801311076,0.000187761746184051,0.00377500570237237,0.000332553201274812,0.0106300785947443,0.000916384929415463,0.0307480749612792,0.000511682343328357,0.0106544543525014,0.00189813747332778,0.0431983362441093,0.00813800571979925,0.00322893591457557,0.0110003774332409,0.000849327608723179,0.00400928303462531,0.000944203882331337,0.034041643075495,0.00376191217361702,0.00018534242748186,0,0.000198178846173763,5.25459022711813e-05,0.218919921271081,0.00287647279668397,0.0140465744952806,0.069255606810178,0.00362359589052317,0.0389184375696677,0.125950845331824,0.00206706908923286,0.0647805344786613,0.00187952715113805,0.00325267977085838,0.0132973773615949,0,0,0,3.53829849948734e-05,0.0451573792064516,0,0.000342049437384159,0,0.055916843225916,8.20413546419442e-05,0.000152603063070461,0.000128761105341852,0.138352513208461,0.00140855419915968,0.000557610540427476,0,0.000276998246159195,0.000113361636607558,0.00431548364583042,0.000188609465454102
0.0320483404523132,0.00479640211080714,0.472468784824666,0.000160043029871016,0.128087154663834,0.0176484606098901,1.13874280224162,0.106035888449331,0.00547250002713119,0.0081926040626361,0.0480033555821468,0.00160282833853967,0.00368358912898305,0.130224312156686,0.162489619323882,0.853618063869783,0.157115681947249,0.0462108064706508,0.127063120027905,0.000181016698954091,0,0.0270753597912709,4.9046011488775,0.115809685926252,0.000226162031168371,0.185218390070853,0.254048011536975,0.872449138547831,0.107346031491827,3.99067354282049,0.00624117917096258,0.00277316749122506,0.0399494065440564,1.23083006104534,0.237387101563966,2.31940847498024,0.46847568777739,1.95248796901551,1.0283002295928,0.0329695420536714,0.0336822927891517,0.00656442943649851,0.0445797967813882,0.00784577853475536,0.0190856846341599,0.0169542793835979,0.0176035272559585,0.00322643015566984,0.000109384482562453,0.00119560518745789,0.00384026749331702,0.0436307390624578,0,0.00112891709815213,0.000236353948827431,0.00873868715948865,0.00350411930687361,0.00489133425121642,0.000518119009801001,0.00201084375673626,0.000316389109381914,0.000587719022499948,0.00449420775963393,0.0047388289207185,0.453252969536746,0.0252402657049622,3.28971102438569e-05,0.00152408333517971,0.000140379784473002,0.33577604817656,0.100221539565723,0.451693674104524,0.196075894085069,4.80249105362892e-05,0.0102313503045856,0.199039475553695,0.203177197182635,0.0178242775014155,0.118202871461435,0.000159820526583552,0.000168466267449453,0.0048848410825113,0.0115765706761345,0.0470469743015155
7.85201333599686e-05,0.457675456310767,0.00779667980985893,8.7747738173902e-05,0.00180616679572438,0.000107145308647781,0.00319560010899019,0.00028718661509572,0.652164700890658,0.000145186596459806,0.00640642203518745,0.000192839558871299,0.0673944999387911,0.00066681187875104,0.00596238534120564,0.576788361581437,0.00315844895279828,0.000496238243619293,0.00171287831697025,0,0.0270753597912709,0,0.0823135129232936,1.60079074391204,0.043158297798259,0.00793953406093622,1.05090628011064,0.101135540345945,0.000993733596617936,0.00155938694779855,0.0124952570328893,0.000399850394608944,0.000420252183555186,0.00766715791548662,0.00311039498204778,0.0256564584730376,0.0103274762024072,0.0169684165221843,0.00920567147927008,0.00355601509017682,0.000433572585534781,0.0226288753007578,0.064879052807823,0.0142258426110168,0.0269196729637074,0.0226427605500493,0.0020256988385096,0.000982740752745687,0.00160131989721415,0.000491795070684641,0.0348938000419236,0.0197681747825347,5.3659097219944e-05,0.000485840475820631,0.000139162481098175,0.00633483754345966,0.00139173989406112,0.0321780844057096,0.000305796113378703,0.00923240054895166,0.000223484382697642,0.0323789302784189,0.00171266797842361,0.00061988478087835,0.364498667933403,0.0266827046631579,0.000790758436537161,0.00305298342576985,0,0.0289789050411692,0.376915934470347,0.141655063914855,0.209356785045681,0.00509697454500136,0.0130753780950457,0.458625534074718,0.095301528820059,0.00452902838788469,0.00958431851790316,0.00880993425871003,0.00013060780885315,0.000619504025567352,0.00649666206166099,0.00563450042788349
0.0584458476293617,0.0163338665215732,4.42302880673064,0,0.0816195507161865,0.00972428645670171,0.200942359578039,0.106154053427286,0.00744927463665488,0.00510346556508691,0.0808432915252521,0.00147934057295775,0.00313691507559066,0.197930204175421,0.0932342976796768,0.759179865694094,1.58408418243728,0.088859829367641,0.397145939155495,3.12409876722395e-05,4.9046011488775,0.0823135129232936,0,0.154380389244668,0.00192571011043563,0.883554677992701,3.65883009026921,0.633809651557329,0.10569600643597,0.88356950883923,0.00929506767445175,0.0013424105991301,0.0201617352280001,0.850484829298727,0.301697918121414,3.65987804030636,1.82726652224394,2.68747181649101,1.85303925287688,0.0304985507445909,0.055588591517925,0.0131093381176941,0.319266349295017,0.0724455245662498,0.172932059626522,0.127975367251852,0.0135194866062325,0.00294893336515203,0.000137895080961973,0.000834985427748933,0.0181008893972368,0.569680095672163,0.000136596025036052,0.0014126041666369,0.000383541882094383,0.077986361578573,0.00734462793831016,0.00421418504603507,0.000442986980240345,0.0033176790478806,0.000460652941052318,0.00213370567898176,0.00958066175857596,0.00405447984216389,1.19632091270944,0.252869049443562,0.00157213363065991,0.0169973274302175,0.000147259459681332,0.280384462447381,0.208954778263631,2.03517014591206,0.13687343160878,0.000719921230923652,0.0828837682204323,2.00998451020304,0.139460040044968,0.00429616010849375,0.0541860690835357,0.000857441673947617,0.000106515773886025,0.000936315554093731,0.0611964205267131,0.0785542903286403
0.00228081040035952,0.53450522689971,0.00142790999540736,0.411002195200786,0.0314246844133019,0.00394996316492026,0.474606145790174,0.00630155232467168,2.35536819002556,0.113044166624066,0.0102037103306022,0.0563065460188175,0.079190858456524,0.014797427097259,0.134865046282085,0.833633989140438,0.00276206837684466,0.000826689478378281,0.00101174099946493,0.0642666609149451,0.115809685926252,1.60079074391204,0.154380389244668,0,0.0634569931561509,0.0123083013017542,0.998611354470465,1.49962389153397,0.0692053191151444,0.0256370686839053,0.0163578795907327,0.00141191181033175,0.0225777164939645,0.0358553371102078,0.0084325742674273,0.13758982493293,0.0166513524339291,0.0380306770993335,0.0202483301483111,0.0650828934980992,0.010511558305658,0.0270927252388274,0.26189989086427,0.0160647507312967,0.0854615509715579,0.023659849964411,0.0760397750712084,0.0539962467223386,0.00295790594659444,0.00587601721334371,0.00934757591933798,0.00912993019490068,0.101726158795919,0.00178815438212424,0.0121951144383853,0.238529193421079,0.0457002728741167,0.325627344561137,0.0575036401053944,0.0269435645416239,0.0180808131403092,0.0274531571827999,0.06827877642789,0.0192748221807604,0.1674666259891,0.00538229265536699,0.000204560240889043,0.00175468197226129,0.0161319630083855,0.146353350498049,0.118678045225831,0.0958436126089297,1.45354762353741,0.00570721968691586,0.00717002982834533,0.129637127863129,1.24969036499733,0.148580831374658,0.167398064088136,0.00386684421025513,0.00713116369409933,0.0201358406789255,0.0683298207116451,0.00979410413694781
0,0.0964292365308033,0.000400094351781964,0.000347913006707385,0.00155883143540398,0.00383558697331088,0.0309446955924667,0.0128654814532203,0.0389976683629867,0.0153739967551444,0.0477514159831998,0.00563629643689714,0.93170235603314,0.00693042456308654,0.00512415543868238,0.0024040578221111,0.00222176407308032,0.000677157939669907,0.00118576249586788,0.000809944674929798,0.000226162031168371,0.043158297798259,0.00192571011043563,0.0634569931561509,0,0.0254971350072421,0.901351101939809,0.0304508883853346,0.00501198525739476,0.00398734342911616,0.0531808570146368,0.00797695950807057,0.000214021794832245,0.0387722949478953,0.000983394708534297,0.0386971946791321,0.0275719992101646,0.0379009781323227,0.00719290020346337,0.116032607109452,0.0121242849683407,0.166053647959967,0.0156622916729059,0.0251451227144303,0.00900096542842638,0.00377386711170968,0.0379352532266051,0.00435725800127426,0.0166674914935963,6.07179263736904e-05,0.103324446002782,0.00130203967459631,0.00178344848525173,0.000444646010718137,0.00176673693155634,0.00710223229475127,0.00232480492062767,0.0208874319698475,0.00381235740446763,0.0450924518327945,0.000881880312483221,0.337824565675231,0.00249404881334584,0.00264381930655161,0.00436297003906822,0.00215619307208659,0.00090388670559669,0.00306843416519802,0.00135606167312184,0.0008541403630701,0.0245651904453897,0.00164432522319183,0.0298680170335956,0.454348240709196,0.0737135154274367,0.251225099539512,0.0155307394434399,0.00272493302835381,0.00287502642030773,0.0779309096629587,0.000924651412003546,0.000591413414979637,0.0073019608987508,0.000968369481939672
0.016586760576102,0.0627689420249378,3.5911841879483,0.000166281032501817,0.00168289954905321,0.018455161020061,0.0667405498017483,0.0597128468595405,0.00762619917656717,0.0772245913990271,0.610556142388336,0.0423989497322363,0.0181598546693238,0.0928428047191528,0.0146810070972573,0.00407743219331101,1.65118052793049,0.478588027977634,2.21176913185226,0.00288094717845239,0.185218390070853,0.00793953406093622,0.883554677992701,0.0123083013017542,0.0254971350072421,0,4.45362692480193,0.021338908461002,0.102817769916109,0.0937930330762958,0.111255320211429,0.0755837279546685,0.00767890522907841,0.540901295197645,0.068666119366078,0.996830181660082,1.4296315068912,0.896574649100628,0.59282064653652,0.0150958999962701,0.00691475086533745,0.0107523264829835,0.364615031078454,0.299696463848321,0.180184191668217,0.161707128446936,0.0211344668115273,0.00333809082333055,0.00271329595940861,0.000159078520472973,0.179607344003731,0.195643017275322,0,0.000196994165198207,0.000131965822576761,0.00825498606255079,0.000332741299724222,0.0113403713659879,0.000268714159968734,0.106653999498989,0.000403479531520069,0.279836449669376,0.00111374496036805,0.00268754622675403,0.00705262832923451,0.438965605181391,0.0121482482126819,0.508205949603686,0.000132952636692166,0.0126169916541486,0.0209513854507241,0.0499328286402965,0.0087368382211976,0.0754023548325776,2.23859900831654,3.12698548857919,0.0163732986285985,0.00124768351457122,0.0183274411362976,0.393801848643215,0.000231860315643131,0.000259681514108777,0.0884798123147862,0.0268174087317391
