0,0.935405611991882,80.8388612568378,12.5972223579884,7.04562902450562,60.2630504667759,5809.07315033674,1705.46590709686,6.73055997490883,67.3191284537315,1.87250405550003,18.5186096131802,2.30556946992874,10528.0953777432,7.03271421790123,2.81575787067413,295.348810344934,1.50915178656578,3.57904970645905,7.07671204209328,176.685038805008,0,466.303229302168,44.9222832918167,0,10.4151330888271,71.3088319897652,165.766359627247,7342.36906328797,12417.942419976,0,7.63856369256973,49.381152510643,122.984952449799,9.68190920352936,101.384115606546,8.56974348425865,102.147824913263,38.9913287162781,9.33710438013077,8.05842936038971,0.578249573707581,5.62144854664803,0,0,0,1.59611186385155,0,0,0,0,2.57084047794342,0.422875821590424,1.89489316940308,0,1.86791658401489,0,0.577274262905121,0.648189663887024,0,0,0,0,0.666088402271271,0,0.954176276922226,0,0,1.56295654177666,0,0,1.30731326341629,10.9044333994389,0,0,9.56298020482063,13.7926247417927,0,0,0,0,0,1.28454220294952,6.84378832578659
0.935405611991882,0,93.1914938092232,0.789700150489807,1.13704824447632,0.365948915481567,2.88065603375435,1.91474187374115,2120.57309874892,0,161.954033583403,8.21584188938141,849.311467140913,2.73778891563416,14.4022153317928,568.126008808613,113.331735193729,7.71678352355957,38.452350884676,0,29.4982111752033,3163.27947643399,43.134215682745,1081.89522063732,3747.11728367209,202.982901751995,13991.4363922477,19.4412319660187,2.52120411396027,2.33577138185501,57.3941450417042,2.59692323207855,1.07867276668549,136.581128031015,20.7735612392426,251.201675772667,144.147305101156,129.646487951279,50.1223733723164,22.7230877876282,1.70310771465302,281.143132984638,184.684671461582,61.969844430685,67.5123698711395,33.8965625166893,12.7767859697342,1.40472459793091,27.2096074819565,1.2697526216507,1868.52285543084,74.5725816190243,0,4.18809533119202,0,2.50605577230453,0,80.6094597578049,1.9917080104351,52.5130280256271,1.68540626764297,235.596234232187,3.73770391941071,5.69769155979156,81.6325218975544,198.326291650534,1.16372680664062,153.008636444807,0.968739211559296,5.51526671648026,225.101128876209,36.6059019565582,73.4223614931107,95.218186289072,371.640442699194,4138.31106162071,11.3517386317253,1.75127989053726,0,17.7907156348228,0.644834458827972,0,60.4548009932041,36.7502979040146
80.8388612568378,93.1914938092232,0,4.69694915413857,8.13569170236588,26.7416521310806,865.766286462545,534.639016732574,2.25258499383926,12.0945397615433,5.39541861414909,15.120471060276,47.6559768915176,578.275559693575,56.2310273647308,72.1919821798801,31582.7484330833,19.8302968144417,801.96025583148,5.22482922673225,1985.82882490754,14.4793530404568,37526.6918579042,102.509097754955,6.34084790945053,14731.9605278373,35796.0529752374,683.029488384724,196.391189545393,1252.49919131398,2.23217356204987,10.1731628775597,18.4737146794796,2268.67978093028,453.766791939735,3204.79263678193,6072.73207244277,1791.64960688353,1315.11224499345,47.7562566995621,61.4270281493664,0.953893184661865,909.104869574308,331.236009001732,196.853934884071,236.790437817574,36.7696425318718,7.71278774738312,0,1.55506360530853,389.596245348454,2169.17008820176,0,18.9863528609276,2.30190461874008,13.6644573509693,0,8.34671437740326,0,4.51279556751251,1.35793626308441,2.35941350460052,1.53620317578316,4.24608269333839,103.239070236683,1695.04714009166,12.2422983646393,466.496286422014,0,31.7701544761658,53.4680666327477,268.096622109413,43.9702855050564,23.444046497345,2466.87155377865,11625.3556589186,37.7046186923981,2.69667237997055,10.8569135963917,1.74174743890762,0.73371434211731,0.538859307765961,161.507605731487,334.12255448103
12.5972223579884,0.789700150489807,4.69694915413857,0,80.2901792228222,402.688274607062,891.379400461912,888.384350821376,7403.22153457999,11619.663893044,40.2898485958576,5014.57502934337,138.001973211765,820.073136121035,425.316404610872,1.11612042784691,3.45770183205605,9.96727523207664,13.3341384232044,19835.5226754844,3.02131786942482,1.81245994567871,3.97641730308533,5257.48717066646,32.885337382555,12.0058038234711,4.92992782592773,7661.18975108862,348.408074572682,48.2200071811676,1.38761639595032,76.5963320434093,31.5999888777733,617.5787987113,144.34139829874,1972.71205028892,33.059774428606,332.96679931879,85.7436956167221,1723.39151641726,153.858741104603,4.16397336125374,1011.52446290851,0,135.678515315056,41.8623582720757,1935.67511379719,56.1237408518791,4.60174050927162,4.56248956918716,4.64976274967194,0,2586.75189235806,24.713126718998,267.646586149931,1065.14375203848,142.950632363558,1161.57523366809,2388.49695768952,28.4424962103367,1228.29718536139,0,140.253043681383,290.168836712837,9.52149894833565,1.35778665542603,0,0,779.898882180452,10.6191082000732,37.4362848103046,8.571608543396,4027.65106490254,0.592346847057343,0.416368663311005,16.5603749454021,4547.9038220644,117.845417201519,15.9101615548134,0,14.5670690834522,12.0546320974827,228.730308204889,65.8785603046417
7.04562902450562,1.13704824447632,8.13569170236588,80.2901792228222,0,1158.6836848408,190.676527947187,142.394761249423,267.830567330122,286.288858413696,55.3183743655682,762.918234914541,135.365128606558,73.3763212710619,8020.50809685886,128.455450534821,57.3340443968773,11.4194697737694,18.5093751251698,90.1857615560293,280.77762632072,8.48379123210907,513.111325621605,176.661377668381,46.0760760009289,18.2497237622738,104.908292859793,235.507320150733,50.6120516061783,284.616529583931,2.17724433541298,1272.27340845764,15.1614039242268,5176.1643293798,2000.59069931507,2199.10276868939,116.740616589785,224.05763182044,103.695607215166,13777.4305950701,7497.72762355208,16.0575433969498,81.1048617959023,14.6527522206306,5.36050549149513,29.5915321707726,151.715851247311,1.70139169692993,4.34829461574554,1.26774084568024,0,6.81251525878906,19.4434216022491,11.2519954442978,15.8916525244713,17.9814366996288,1.90485978126526,10.8454587161541,20.9518653154373,16.9017510414124,49.8214196264744,1.64614814519882,1.42326712608337,22.0159001648426,14.6407239437103,5.01712042093277,1.52855724096298,6.94073367118835,7.89491918683052,24.000745087862,2.72038555145264,36.1629229485989,89.7579373717308,0,11.1855570077896,41.6909198462963,101.492301702499,2.71097588539124,10.0918832421303,0.701885461807251,0,0,3.60532337427139,1187.52210202813
60.2630504667759,0.365948915481567,26.7416521310806,402.688274607062,1158.6836848408,0,2922.94597551227,10782.6875243187,200.250623375177,16291.9358556718,153.70132252574,14679.764144823,379.493216603994,1097.8156452477,5700.57843562961,7.7693096101284,57.4662473201752,65.6664216518402,62.2541251480579,938.695100814104,44.9114421010017,2.67727008461952,122.313247829676,316.61758852005,106.25672391057,58.5419166088104,37.7529773414135,890.204050123692,256.844709292054,520.973929584026,5.62801989912987,282.511098757386,17.5723276734352,1029.47978536785,18870.7084689438,5184.23523268104,154.199592351913,670.714920252562,261.174586594105,13093.9667071849,573.485017985106,39.9418532848358,345.370834082365,1.32501184940338,29.7417510449886,8.50304767489433,703.138151884079,13.9928750991821,6.16263389587402,0.916604578495026,0,1.79313296079636,158.049456000328,13.650131136179,77.8771349191666,204.406179428101,27.8660292029381,91.421185284853,162.460421025753,25.2611996233463,339.216206133366,0,14.4665203094482,93.9768171608448,48.2656409144402,0.648860692977905,0,1.04759287834167,76.9312214553356,37.3748741745949,7.75666618347168,22.2905689775944,567.856784716249,0,1.05848526954651,5.9412639439106,789.437513440847,16.8041866123676,10.7444431781769,0,4.56021076440811,4.57697632908821,23.0459587574005,1692.83957651258
5809.07315033674,2.88065603375435,865.766286462545,891.379400461912,190.676527947187,2922.94597551227,0,25463.5916125029,362.676744610071,26052.2692743242,217.993255108595,380.33205550909,364.815588772297,33685.7503396571,351.190865904093,28.6007616519928,261.008662492037,77.1643409729004,89.6794712841511,230.312783330679,383.073028415442,1.48772102594376,2136.45529642701,3184.74064669013,34.6584008336067,179.156159341335,476.702537029982,71950.711930722,3257.15540002286,12866.9477277994,6.55580994486809,293.069423228502,350.040022969246,2622.6155641377,707.460052520037,4324.87291255593,380.059040725231,2201.96690696478,713.314688712358,763.687331646681,426.485075592995,25.7120487391949,457.693783640862,3.60257840156555,57.1541081666946,25.9366258978844,312.018167704344,27.7797183692455,1.92364370822906,2.35955533385277,2.68997246026993,59.0411992371082,269.063363611698,23.4043615460396,38.9005437195301,323.752745449543,28.4325564801693,251.480427712202,353.665942847729,28.6911838948727,187.553287088871,0,46.6865171194077,49.6748723387718,75.7187889516354,14.3619418740273,0,1.29903209209442,122.383763968945,13.2031542658806,29.9692164063454,174.732806295156,1072.16102340817,0,1.71834644675255,366.656055390835,1262.63718286157,44.1319630146027,11.9333710372448,0,0.441475421190262,2.1479140818119,73.788788497448,270.381144374609
1705.46590709686,1.91474187374115,534.639016732574,888.384350821376,142.394761249423,10782.6875243187,25463.5916125029,0,109.293491736054,18698.5636141002,583.009197831154,7889.28556786478,348.605765998363,24261.8403002024,228.296394437551,27.4866799116135,1150.77763164043,177.308978587389,192.320653229952,2356.93503318727,828.192596405745,2.59656578302383,2091.65456947684,504.95245346427,63.0969637930393,231.237446010113,403.041461095214,2405.42133109272,2376.15330243111,10918.9541580528,15.6173145771027,193.009921222925,96.7838642597198,2192.93187427521,234.769544273615,3161.8548989892,241.254175871611,1395.66813719273,523.896264374256,1056.67101307213,496.74737662077,45.367893487215,380.823614656925,2.59482261538506,28.4233867526054,16.1437720656395,391.337967932224,4.92499399185181,6.61778855323792,1.30697548389435,1.81300938129425,8.40561535954475,62.2570295631886,11.1407609283924,31.1688688397408,297.570538908243,11.2645893096924,60.024950504303,90.8466654717922,35.6335217058659,161.045660868287,7.41731679439545,6.81804728507996,46.494217902422,42.0071347057819,1.54123654961586,0.466581106185913,0,32.7394002377987,29.33082690835,12.4290361106396,27.9205794334412,851.96701399982,1.39436411857605,3.87879183888435,49.6483529508114,1150.68507483602,20.3170271515846,10.8278752863407,1.11060726642609,0.35412123799324,5.58272236585617,25.396990031004,70.8587193489075
6.73055997490883,2120.57309874892,2.25258499383926,7403.22153457999,267.830567330122,200.250623375177,362.676744610071,109.293491736054,0,1106.01829731464,31.5153079628944,2862.05593958497,246.390902519226,77.8077819943428,3043.93684083223,248.386783897877,40.8851275742054,2.34595882892609,25.5239264965057,1492.34917581081,42.350684940815,10864.4669376612,20.0804094672203,41582.7937803864,1168.91177463531,61.1509261727333,4979.78749465942,4806.97191265225,101.577532470226,46.6593864262104,31.9070136547089,17.2203584015369,23.9787662029266,135.755276173353,36.8856992125511,605.202515304089,45.0909311175346,105.580278158188,36.9498917162418,3416.30936980247,29.0531408786774,58.8300394415855,992.929822444916,20.6995634734631,111.15343862772,46.5626318752766,356.664288550615,40.1412132382393,9.71857872605324,16.9080026447773,93.1123947203159,4.50405019521713,1015.96159741282,28.7436139583588,75.8238787651062,924.266648739576,75.1312748789787,3017.31313315034,950.25775462389,60.1588048040867,339.479773163795,65.3430434465408,167.05292275548,113.234618753195,862.792017608881,29.7534383535385,3.4321311712265,22.1548147499561,281.989803045988,160.314570903778,1403.68840435147,378.121477723122,8300.52059280872,17.5466617643833,78.2227837443352,691.827251076698,5007.00640726089,161.44508600235,73.7886244952679,6.24793329834938,18.3096385300159,28.4112809002399,148.759713679552,142.09196767211
67.3191284537315,0,12.0945397615433,11619.663893044,286.288858413696,16291.9358556718,26052.2692743242,18698.5636141002,1106.01829731464,0,407.864564210176,15095.4604905844,476.532362550497,6701.63051854074,370.232825785875,0.829275190830231,31.146651238203,129.515911251307,140.083951383829,8340.67467856407,21.1455756425858,0,44.0129269659519,937.821020275354,57.5451419651508,130.933121681213,62.5276106894016,9190.01217770576,1465.36049246788,327.010504484177,9.09597596526146,604.098263770342,88.3545500040054,3104.11406645179,593.059554100037,5402.24491813779,166.702135831118,1699.00750762224,308.825590759516,1830.22336816788,598.48814946413,52.1878840923309,989.958182454109,2.71484023332596,103.655276566744,43.729425996542,1271.74088081717,34.5503602027893,3.98531973361969,4.24167054891586,1.3877472281456,0.358071446418762,1025.67647507787,28.863204240799,154.836503297091,922.137659579515,70.0809380114079,454.84018471837,1306.69392830133,20.6952734589577,766.13488176465,1.36274319887161,74.502400547266,181.955911934376,15.4496484398842,0,0,0,402.926642239094,9.36832019686699,8.75507035851479,17.5107327997684,2382.24032279849,0,0,9.50694340467453,3257.26008373499,93.3724707067013,8.99809569120407,0,4.11459258198738,13.3091468214989,169.525487601757,178.220467567444
1.87250405550003,161.954033583403,5.39541861414909,40.2898485958576,55.3183743655682,153.70132252574,217.993255108595,583.009197831154,31.5153079628944,407.864564210176,0,600.795076549053,16013.1169136763,439.83646696806,19.1088792085648,16.4372490048409,136.025752454996,16211.3804404736,2570.14627444744,182.638931155205,11.425964564085,52.7253265976906,45.6702904105186,62.3413692116737,2110.96191608906,4750.64260038733,249.929104357958,78.7198110222816,134.4975245893,103.324406504631,879.730757027864,859.309054344893,1.66490966081619,14406.7132461965,148.432501673698,2196.37624502182,8997.47756552696,9771.74783456326,1233.85769423842,186.355639457703,51.2040959000587,6151.85164248943,32.2014434337616,1742.36988422275,100.753818273544,8.66571813821793,18.8749078214169,1.02291893959045,1161.61442139745,0,276.267902374268,0,2.56637698411942,1.87799453735352,2.71003234386444,0.462934851646423,2.36782377958298,156.819128483534,3.29666578769684,2769.52725967765,17.5707681179047,8969.71590533853,0.947898149490356,1.24799734354019,19.2514305412769,3.29329693317413,29.1524295210838,4.47153693437576,0.720205366611481,0,113.026039361954,1.70640620589256,54.5551825761795,544.210082471371,693.784553140402,1214.86981642246,5.36593273282051,2.03534960746765,0,885.688313812017,1.30004382133484,1.13928115367889,83.9562287032604,73.1803948283195
18.5186096131802,8.21584188938141,15.120471060276,5014.57502934337,762.918234914541,14679.764144823,380.33205550909,7889.28556786478,2862.05593958497,15095.4604905844,600.795076549053,0,362.170706301928,2439.4656868577,7767.43665006757,2.45973700284958,46.6823537349701,209.57709261775,234.601104140282,11860.0756426156,32.7953669130802,34.2969222068787,50.9741441011429,1163.67083957791,52.0396318435669,261.72673073411,119.927927494049,398.264509260654,471.480436235666,173.578703612089,13.5631003677845,699.892555788159,7.67286372184753,2547.91695588827,29076.1187812686,5556.03133913875,214.633645474911,1146.02202153206,258.301990628242,11414.5524810255,400.61346617341,49.5223245918751,421.536921411753,3.51129060983658,51.0157974660397,23.2574731707573,1379.63450568914,28.428043961525,11.6325486600399,0.853178977966309,1.14109170436859,0,599.544761896133,45.3280336856842,268.240594357252,221.373131006956,130.420221924782,248.956056207418,989.778236687183,50.6171147525311,2653.99994802475,5.8729407787323,112.551154643297,225.745942473412,15.4173918366432,1.12797516584396,7.8574595451355,9.31360986828804,487.281757771969,16.0269769728184,12.8414290249348,17.3381865024567,804.328040510416,0,5.27546852827072,16.5382094681263,978.629848748446,41.847932100296,9.66145899891853,1.09635668992996,23.8650222420692,2.15667739510536,67.4525681138039,9792.87645933032
2.30556946992874,849.311467140913,47.6559768915176,138.001973211765,135.365128606558,379.493216603994,364.815588772297,348.605765998363,246.390902519226,476.532362550497,16013.1169136763,362.170706301928,0,248.114492624998,55.8517311811447,445.3862413764,120.360013395548,80.1484399735928,89.0430939495564,192.284203648567,376.205492973328,375.833681195974,714.61819139123,719.52273401618,9183.47776398063,286.753173291683,3397.68716445565,1011.34232634306,164.571658402681,450.615052193403,601.671025127172,191.154506981373,29.3062297999859,3794.09927618504,403.386428117752,3441.30033305287,3458.05327069759,8745.64042696357,2048.54660758376,1754.33081752062,2683.67927965522,11210.5403959155,347.535908699036,2087.83223289251,261.57667607069,153.603649705648,272.2079179883,124.516781449318,1114.89037722349,0.387285977602005,779.916491091251,15.7173768877983,14.6503989994526,8.10188767313957,50.0704040825367,89.7958600819111,29.4587515294552,377.110004127026,49.2631247639656,3953.88117343187,64.772628813982,15202.6529751718,29.0264414548874,18.5218450129032,186.962575316429,14.4629248976707,22.0803904533386,32.9439197778702,9.28672057390213,85.7036411464214,227.687785297632,132.56187543273,307.646927893162,1724.54621061683,924.450585097075,3729.34240943193,362.237540781498,25.8013862371445,4.12282395362854,1073.58976978064,21.4358777999878,7.35480237007141,165.260423094034,182.603085517883
10528.0953777432,2.73778891563416,578.275559693575,820.073136121035,73.3763212710619,1097.8156452477,33685.7503396571,24261.8403002024,77.8077819943428,6701.63051854074,439.83646696806,2439.4656868577,248.114492624998,0,176.777833789587,22.5580623745918,1968.25280565023,142.74247777462,187.3506911695,1170.95300120115,1261.55752885342,0.439780920743942,3104.60186254978,668.117546737194,59.5775902867317,245.0511726439,531.203269720078,2744.16990326345,21891.2329278588,28400.0833692849,11.4856670498848,559.175931885839,442.459825694561,2643.44726929069,250.59461581707,2701.59719902277,269.951405286789,1557.8454503119,515.145614475012,430.61279502511,214.656033068895,16.8832422494888,222.103072732687,2.78312054276466,12.1501328349113,3.06022578477859,223.575114071369,1.23512172698975,2.92777276039124,1.16737398505211,2.66022235155106,13.8811592161655,39.2258745729923,10.2009555101395,13.3631377518177,205.509889274836,2.55789005756378,70.7496861517429,20.2148200273514,11.9953620433807,91.0220182538033,3.24705561995506,1.99777254462242,24.7702648043633,26.2405113279819,3.73806196451187,0,0,6.92524197697639,21.9522822201252,23.7888599634171,26.0642831921577,672.963216662407,0.886127769947052,1.75502014160156,58.6038452088833,763.001093238592,8.31249091029167,5.09864151477814,0,0,1.54545593261719,30.1289810240269,71.6510771811008
7.03271421790123,14.4022153317928,56.2310273647308,425.316404610872,8020.50809685886,5700.57843562961,351.190865904093,228.296394437551,3043.93684083223,370.232825785875,19.1088792085648,7767.43665006757,55.8517311811447,176.777833789587,0,321.8433598876,190.565067529678,19.5433264374733,43.7390185892582,166.980669975281,1329.0102686882,58.3250847756863,1490.46641495824,2203.28521245718,21.2648493647575,109.546789497137,599.054642289877,1447.69690489769,192.840582937002,1446.35009601712,0.605079531669617,59.1911810934544,68.8229666650295,286.139073610306,9913.44221618772,1329.8975558579,475.179101347923,365.100373834372,303.741985023022,13408.2626273334,248.381596058607,4.09039169549942,137.99734467268,38.8572286367416,28.0130084753036,66.4219736456871,291.051943272352,5.32858258485794,1.21759378910065,0.62407910823822,7.03428107500076,19.5229172408581,72.0941070914268,38.4790976345539,53.3477674126625,68.5156083106995,12.7595183849335,63.5066785514355,93.0794417262077,11.3991593420506,150.483859658241,0,7.17827010154724,39.9347206652164,45.5061298012733,23.7535178661346,2.54075682163239,27.0262559056282,44.2688457965851,41.134987205267,17.3311153054237,110.55597153306,256.549385011196,0,36.933104544878,137.447588294744,299.420671910048,21.615142762661,24.5928184986115,1.16788554191589,2.36212626099586,0,20.890890955925,3700.76761195064
2.81575787067413,568.126008808613,72.1919821798801,1.11612042784691,128.455450534821,7.7693096101284,28.6007616519928,27.4866799116135,248.386783897877,0.829275190830231,16.4372490048409,2.45973700284958,445.3862413764,22.5580623745918,321.8433598876,0,501.552179425955,6.18054309487343,49.9442643821239,1.15255331993103,12417.1049794257,8990.61079481244,5351.43601199985,10613.2006752789,644.92255923152,107.702361524105,8378.09215158224,4525.92009961605,9.12565630674362,104.798137336969,17.9605841636658,2.94809424877167,6.84013855457306,515.233647197485,1154.32971170545,8107.30742275715,2255.91969937086,2298.63078385592,1697.91389343143,216.004554092884,169.623985469341,39.4490352272987,758.211378842592,97.4797348380089,213.578613787889,111.821362406015,484.596799522638,14.6392462253571,0.565411627292633,6.99071091413498,66.5217745304108,200.385412633419,2.44613170623779,42.8024743497372,35.880018979311,290.442386269569,30.3402204215527,113.431328713894,24.8034073710442,44.6641976833344,25.2631950378418,30.6180727481842,43.5425824224949,23.6818819642067,15300.6977288127,111.384180486202,0,29.5717575848103,4.79435700178146,1783.05928429961,4214.59855547547,9496.37116250396,3082.89158701897,10.0480861663818,71.517143279314,9715.20530927181,1653.61388212442,28.3523136973381,167.356538951397,0.525387167930603,9.32871833443642,3.59998774528503,76.7126668691635,837.451341956854
295.348810344934,113.331735193729,31582.7484330833,3.45770183205605,57.3340443968773,57.4662473201752,261.008662492037,1150.77763164043,40.8851275742054,31.146651238203,136.025752454996,46.6823537349701,120.360013395548,1968.25280565023,190.565067529678,501.552179425955,0,488.530675947666,10561.5520839989,4.14495256543159,3843.56943523884,112.273969888687,23511.1005664468,520.485136717558,8.1733957529068,13666.2382825911,33975.6678251028,699.060737103224,1996.55655628443,3579.45356830955,3.08407890796661,60.7151257395744,203.476399362087,9423.88617393374,763.940706282854,5517.86477580667,3935.49811914563,3901.3429826498,2161.78384923935,164.392753273249,145.640565246344,3.74910169839859,315.403376340866,91.6989159286022,64.6026039123535,74.5425944924355,22.6901858150959,2.24260342121124,0,0,212.615946233273,625.004064559937,0,33.4416005015373,0,6.02020126581192,0,1.5444883108139,0,10.5465058684349,0,15.2871895134449,0.497884452342987,4.28643786907196,70.9047919809818,434.177449911833,2.13545358181,146.450299918652,0,16.7627270817757,72.0673334598541,173.882707238197,14.4732249677181,6.13251307606697,680.566388756037,3896.44157746434,9.77445733547211,1.42242038249969,1.76248824596405,10.7898374199867,0,0,63.6604462265968,499.962906628847
1.50915178656578,7.71678352355957,19.8302968144417,9.96727523207664,11.4194697737694,65.6664216518402,77.1643409729004,177.308978587389,2.34595882892609,129.515911251307,16211.3804404736,209.57709261775,80.1484399735928,142.74247777462,19.5433264374733,6.18054309487343,488.530675947666,0,4676.0666603446,71.0867646634579,15.3849693536758,6.66761666536331,65.4935019612312,12.7872444093227,33.0161456465721,4406.22877168655,619.733162492514,19.4939705431461,57.9551313817501,37.8853267729282,138.898130595684,245.647711515427,1.85997021198273,4657.78988233209,233.587228268385,3310.58210417628,4535.39627769589,3288.97596076131,1380.96789380908,64.7673748731613,58.4724717438221,77.0731956362724,20.0486550927162,65.6064479649067,3.80596935749054,8.20695573091507,3.54110068082809,2.28008425235748,13.4348910450935,0,17.8991962075233,1.47525477409363,0.698453366756439,4.95197534561157,0.615442454814911,0,0,3.15410089492798,0,112.575523734093,2.31700086593628,547.602615505457,0,0,1.01118898391724,2.32866561412811,16.454025387764,8.46174386143684,0,0,3.35977518558502,0,0.469277769327164,22.2494398653507,446.252338111401,647.391680210829,0.751820504665375,0,0,194.893761336803,0,0,3.16442859172821,121.014565318823
3.57904970645905,38.452350884676,801.96025583148,13.3341384232044,18.5093751251698,62.2541251480579,89.6794712841511,192.320653229952,25.5239264965057,140.083951383829,2570.14627444744,234.601104140282,89.0430939495564,187.3506911695,43.7390185892582,49.9442643821239,10561.5520839989,4676.0666603446,0,68.5933602750301,120.242694050074,27.3225049376488,654.135114580393,69.0042239129543,14.6694757938385,13103.9577007592,4080.28917065263,58.1834533512592,78.5496601164341,70.9015407264233,25.5668022334576,259.324947744608,4.03732344508171,14369.0750724971,449.470134705305,6171.55694648623,3873.99067214131,4147.28474608064,2072.40480554104,90.6663940250874,73.5562207996845,3.20883989334106,60.2416206300259,56.8753300309181,21.0921610891819,43.0032416582108,5.41591164469719,0,0.893939614295959,0,62.8272006809711,42.9571452140808,0,12.1528872847557,0,0,0.569924771785736,0.484867334365845,0.49273544549942,38.6296838223934,1.98706996440887,236.473693698645,0,0,3.53674352169037,98.6821917593479,15.8495128154755,114.247152537107,0,0,14.4331859946251,8.47216820716858,2.95514923334122,14.5680823922157,1066.51030528545,1646.5421525836,0,0,0,112.586416691542,0,0,11.4977748692036,264.722547203302
7.07671204209328,0,5.22482922673225,19835.5226754844,90.1857615560293,938.695100814104,230.312783330679,2356.93503318727,1492.34917581081,8340.67467856407,182.638931155205,11860.0756426156,192.284203648567,1170.95300120115,166.980669975281,1.15255331993103,4.14495256543159,71.0867646634579,68.5933602750301,0,3.15347051620483,0.814369857311249,11.2017366588116,746.51282030344,32.5252230763435,74.0814347267151,26.2900514900684,457.797466784716,303.322519421577,82.0158843696117,8.03423380851746,202.663857221603,8.98157060146332,863.742612481117,131.385683745146,2343.44979116321,67.1114873886108,470.331018269062,103.165519088507,980.990176528692,211.280687689781,21.5577044785023,488.540887832642,4.03931078314781,56.636347591877,11.3700726032257,540.387894332409,21.7310783863068,2.24068784713745,1.88555723428726,0,0,765.918096065521,11.6136637926102,69.2436428964138,367.633259952068,35.7522658705711,128.145177587867,375.464018315077,22.224276393652,391.575393527746,0,34.4572261273861,88.6143768131733,14.936127692461,0,0,0,167.222583442926,12.4949674010277,1.59754759073257,8.87861353158951,979.419116586447,0,0,2.72355800867081,1299.94198527932,47.2558624148369,5.85984045267105,0,4.10870915651321,6.76846417784691,56.6097845733166,47.0392233729362
176.685038805008,29.4982111752033,1985.82882490754,3.02131786942482,280.77762632072,44.9114421010017,383.073028415442,828.192596405745,42.350684940815,21.1455756425858,11.425964564085,32.7953669130802,376.205492973328,1261.55752885342,1329.0102686882,12417.1049794257,3843.56943523884,15.3849693536758,120.242694050074,3.15347051620483,0,420.761604189873,36778.5099855363,886.875289320946,143.093663394451,304.077703952789,2164.85350653529,5800.05315092206,1849.00318986177,30926.363469243,2.14050579071045,20.1829066574574,256.198827415705,13617.4781073034,3385.48571842909,18529.6100391746,2333.04092952609,13382.2327061892,6030.85146808624,590.881455361843,362.437101840973,10.5168431997299,347.503270477057,38.3896833062172,30.6657477319241,55.9770276546478,332.781593680382,9.09428691864014,5.2978875041008,2.24881511926651,7.23231047391891,68.493481606245,0,156.068262219429,17.6618542671204,98.5744471848011,8.97418305277824,21.8352808952332,15.250047981739,13.6453651785851,23.65836378932,0,9.73966187238693,33.4188721776009,2015.97499915957,27.3995618224144,1.10845243930817,2.5034254193306,4.25780594348907,811.261221855879,723.412048101425,891.028445869684,1152.2526833415,1.95702826976776,3.48315611481667,495.757919609547,881.078626424074,16.2449091076851,70.3650560975075,0,1.55879360437393,3.96206811070442,15.2593424022198,2247.46478444338
0,3163.27947643399,14.4793530404568,1.81245994567871,8.48379123210907,2.67727008461952,1.48772102594376,2.59656578302383,10864.4669376612,0,52.7253265976906,34.2969222068787,375.833681195974,0.439780920743942,58.3250847756863,8990.61079481244,112.273969888687,6.66761666536331,27.3225049376488,0.814369857311249,420.761604189873,0,331.193262755871,10431.5851907432,2156.68055090308,88.0864055752754,10906.8086498976,183.752101778984,2.882094591856,8.25308471918106,41.1486649215221,3.06382375955582,0,74.9441399872303,20.7544240355492,222.41222974658,88.9146946966648,101.371817886829,51.7432991266251,108.470625549555,2.12941068410873,79.0737712085247,344.384954214096,49.5738462507725,111.351143717766,36.441118478775,26.5542235374451,5.84061002731323,17.5737208127975,1.0040682554245,118.358675718307,196.790160357952,3.81860926747322,4.45880609750748,1.4576427936554,46.7237052321434,2.53921395540237,97.5346702039242,2.6118697822094,29.0119100809097,1.8027717769146,93.1763797998428,18.5764621496201,2.81828045845032,3273.02459204197,111.680689305067,1.3499014377594,50.1024168431759,1.81193095445633,276.220024824142,3038.88768985868,1272.55806675553,958.635940641165,31.09393876791,165.994393438101,4079.59328058362,362.140135020018,16.7448620200157,32.6060194969177,9.21415460109711,3.47707045078278,2.60161969065666,70.7184478342533,32.9997999072075
466.303229302168,43.134215682745,37526.6918579042,3.97641730308533,513.111325621605,122.313247829676,2136.45529642701,2091.65456947684,20.0804094672203,44.0129269659519,45.6702904105186,50.9741441011429,714.61819139123,3104.60186254978,1490.46641495824,5351.43601199985,23511.1005664468,65.4935019612312,654.135114580393,11.2017366588116,36778.5099855363,331.193262755871,0,1696.06148919463,158.281943291426,3381.28494137526,38839.3160698414,9116.06780332327,2501.32268822193,12145.5935101807,2.84960672259331,53.7287501394749,289.610584706068,13667.7794950008,6296.49313411117,32764.9720946848,11449.2325177491,23688.7767390311,13740.3110664189,1571.4297644794,965.939695030451,30.5457140207291,1304.46744194627,216.807533085346,416.476734876633,244.916734993458,287.499356001616,19.0871685445309,5.23638099431992,11.9261457026005,108.536160469055,1925.77889358997,0,309.757006078959,14.3671815693378,157.912499427795,22.0203674435616,29.8420029580593,10.3015600144863,35.1689182817936,20.9440743625164,0,59.4038007855415,28.7503026127815,4714.91156426072,542.773442178965,3.45624884963036,68.0518508851528,6.57197791337967,686.70687276125,888.194754064083,5606.00477820635,778.429149091244,1.69479703903198,106.544341117144,10803.0259162486,550.039263397455,14.7881698608398,82.0519477128983,0,5.13531285524368,0.429719984531403,229.979367375374,5277.7752327919
44.9222832918167,1081.89522063732,102.509097754955,5257.48717066646,176.661377668381,316.61758852005,3184.74064669013,504.95245346427,41582.7937803864,937.821020275354,62.3413692116737,1163.67083957791,719.52273401618,668.117546737194,2203.28521245718,10613.2006752789,520.485136717558,12.7872444093227,69.0042239129543,746.51282030344,886.875289320946,10431.5851907432,1696.06148919463,0,802.420363932848,200.666931807995,9926.02203413844,9722.92451858521,1130.09125512838,1575.72027549148,15.9610356092453,85.1541907787323,382.494282126427,1106.95257380605,902.629022151232,6631.0489423573,618.996529817581,1217.07396247983,643.030789554119,2952.15221881866,247.188997387886,48.4772839546204,6405.96998035908,59.346263885498,670.378813058138,279.526839733124,2635.82036826015,259.681180208921,25.9069688916206,54.879513323307,100.045238435268,187.998436063528,1579.42640802264,125.737214103341,326.172946542501,4093.55693992972,363.077179089189,3232.4323002696,2031.07216513157,298.269509583712,948.868646562099,24.3849075436592,685.689912855625,335.195191115141,3115.07896000147,119.66745275259,0,27.4321509599686,674.524827808142,1578.38304790854,2375.94665792584,1428.71069777012,22855.3154425919,4.54751178622246,143.013015329838,2544.09771707654,21334.3948602676,706.481808036566,455.363120228052,4.41671520471573,72.5407727360725,108.607985705137,898.603444427252,835.920832246542
0,3747.11728367209,6.34084790945053,32.885337382555,46.0760760009289,106.25672391057,34.6584008336067,63.0969637930393,1168.91177463531,57.5451419651508,2110.96191608906,52.0396318435669,9183.47776398063,59.5775902867317,21.2648493647575,644.92255923152,8.1733957529068,33.0161456465721,14.6694757938385,32.5252230763435,143.093663394451,2156.68055090308,158.281943291426,802.420363932848,0,317.657859265804,6988.39541584253,435.278942942619,40.4763076305389,63.3160940408707,320.56636556983,21.6651704311371,7.79950386285782,492.424041777849,16.6612371206284,410.797160983086,489.625132322311,1152.30775487423,93.2059854567051,620.421110719442,144.793815612793,4128.5800755024,314.68985581398,452.14375808835,84.5692441165447,19.5306875109673,628.969467908144,4.70092886686325,869.337979793549,1.70250028371811,669.164149582386,48.1806760132313,8.13101580739021,5.99327400326729,41.7039736807346,101.577512294054,21.6324088275433,140.74785426259,43.585175126791,981.03846436739,56.8302322030067,4100.48331779242,31.0861802697182,26.7260681390762,674.097812175751,35.6143310368061,7.40868213772774,61.5332254767418,14.9475755691528,270.942189961672,114.118010342121,905.481494128704,293.925978034735,2145.38749241829,587.783849716187,4366.65135663748,546.784846395254,32.437988191843,70.9442209899426,161.128648012877,14.9850441217422,2.73562663793564,80.9561929404736,18.1146307587624
10.4151330888271,202.982901751995,14731.9605278373,12.0058038234711,18.2497237622738,58.5419166088104,179.156159341335,231.237446010113,61.1509261727333,130.933121681213,4750.64260038733,261.72673073411,286.753173291683,245.0511726439,109.546789497137,107.702361524105,13666.2382825911,4406.22877168655,13103.9577007592,74.0814347267151,304.077703952789,88.0864055752754,3381.28494137526,200.666931807995,317.657859265804,0,29383.5594094694,144.191390901804,95.3326371908188,199.808892607689,394.507660776377,262.834368914366,6.27699944376945,5422.58727774024,815.187178254128,11378.7974748313,13839.806245029,5919.46103179455,2869.5028309226,129.972007453442,134.970035761595,124.177674770355,600.055198729038,634.064143806696,266.338553458452,228.922746390104,24.2254548072815,11.4344943165779,40.3831757009029,0,570.262915790081,289.289956599474,0,24.1303474903107,0,1.53537312150002,0,78.2403067648411,0,855.774113178253,10.7148062884808,6300.45198225975,4.12389051914215,4.57013249397278,45.9363741278648,799.761190652847,142.498626112938,1256.83908984065,0,4.51098850369453,122.403048336506,43.0372979938984,28.0746481120586,681.574180066586,10767.4859696627,19591.9006264359,0.419123023748398,2.41079235076904,2.7763170003891,2042.43350380659,1.47285324335098,0,181.733558148146,487.097086936235
71.3088319897652,13991.4363922477,35796.0529752374,4.92992782592773,104.908292859793,37.7529773414135,476.702537029982,403.041461095214,4979.78749465942,62.5276106894016,249.929104357958,119.927927494049,3397.68716445565,531.203269720078,599.054642289877,8378.09215158224,33975.6678251028,619.733162492514,4080.28917065263,26.2900514900684,2164.85350653529,10906.8086498976,38839.3160698414,9926.02203413844,6988.39541584253,29383.5594094694,0,2903.14833536744,344.767295271158,884.941033571959,1254.97636681795,95.1042155623436,39.8023588061333,12277.3670544624,4059.06782010198,29585.3848616183,11259.6224196851,13734.9979130328,9641.55849090219,647.61721342802,550.461898505688,148.074433863163,6745.71460223198,1836.39712810516,2493.05903977156,1493.28778547049,283.756023347378,63.7304316163063,40.1434108912945,42.3170301318169,9606.14525818825,7975.21440804005,0,170.220765352249,6.18000963330269,235.229811728001,29.6045145094395,288.942062914371,6.61066430807114,571.686945766211,15.3690040707588,5387.22799137235,164.966594517231,34.3887976706028,3747.67439630628,6627.89567261934,167.18703982234,4184.93067076802,7.97239747643471,533.416785955429,3598.75257912278,7322.17613714933,535.731168478727,2744.09566855431,21015.7373275459,108523.720052436,276.171063393354,40.65482249856,141.174826145172,1717.77386412024,8.42471468448639,3.1817292869091,1507.80184236169,3565.40025570989
165.766359627247,19.4412319660187,683.029488384724,7661.18975108862,235.507320150733,890.204050123692,71950.711930722,2405.42133109272,4806.97191265225,9190.01217770576,78.7198110222816,398.264509260654,1011.34232634306,2744.16990326345,1447.69690489769,4525.92009961605,699.060737103224,19.4939705431461,58.1834533512592,457.797466784716,5800.05315092206,183.752101778984,9116.06780332327,9722.92451858521,435.278942942619,144.191390901804,2903.14833536744,0,2986.22327429056,41267.3804469705,1.15904599428177,146.406446456909,766.795336842537,2992.7537753582,2322.90956139565,15077.6107242405,1288.20863416791,4002.6965495348,1847.03492805362,1523.30782330036,614.702652066946,56.7972529530525,3987.24946847558,36.0681993365288,407.66741874814,161.847257912159,2913.17468723655,205.926943719387,12.0610658824444,40.4136551916599,18.6947908997536,142.715384960175,2054.38837996125,144.77408310771,353.024916887283,2788.86910241842,232.197933003306,1557.69981473684,2488.61055928469,162.231221050024,1299.3640705049,1.86219850182533,356.212256401777,379.141023755074,1536.4757091105,46.4058168530464,0,8.40432250499725,834.553304165602,987.264145702124,630.826408207417,775.038039267063,10953.1529935896,1.62240314483643,11.4169043898582,978.323169082403,12581.2652656734,459.98882997036,337.696613818407,0,27.3807100057602,71.1971388757229,519.780933141708,1200.37480270863
7342.36906328797,2.52120411396027,196.391189545393,348.408074572682,50.6120516061783,256.844709292054,3257.15540002286,2376.15330243111,101.577532470226,1465.36049246788,134.4975245893,471.480436235666,164.571658402681,21891.2329278588,192.840582937002,9.12565630674362,1996.55655628443,57.9551313817501,78.5496601164341,303.322519421577,1849.00318986177,2.882094591856,2501.32268822193,1130.09125512838,40.4763076305389,95.3326371908188,344.767295271158,2986.22327429056,0,21173.541111052,8.29582524299622,1879.77162948251,8781.35290965438,3612.54720884562,339.70897102356,1489.90021848679,119.450783669949,1629.74710452557,405.783967345953,203.710178315639,169.342763096094,8.90823912620544,197.44858327508,1.32187980413437,16.5004437863827,8.47243911027908,114.554210662842,5.83078527450562,1.9468891620636,2.33580836653709,3.68753561377525,4.36550363898277,32.714676618576,13.2430781424046,10.7785415649414,129.746836155653,4.61932411789894,48.7651704698801,40.6395472884178,4.75025147199631,38.2950981855392,3.48521208763123,3.36612766981125,8.79751160740852,25.4415172338486,1.20580554008484,0,0.742596685886383,17.337271541357,19.1531598269939,19.4852526187897,17.2359484732151,536.425221472979,0,1.08775135874748,38.1349022388458,585.09830391407,16.7170780003071,5.25373175740242,0,0,1.81562858819962,27.1828119456768,142.143892407417
12417.942419976,2.33577138185501,1252.49919131398,48.2200071811676,284.616529583931,520.973929584026,12866.9477277994,10918.9541580528,46.6593864262104,327.010504484177,103.324406504631,173.578703612089,450.615052193403,28400.0833692849,1446.35009601712,104.798137336969,3579.45356830955,37.8853267729282,70.9015407264233,82.0158843696117,30926.363469243,8.25308471918106,12145.5935101807,1575.72027549148,63.3160940408707,199.808892607689,884.941033571959,41267.3804469705,21173.541111052,0,4.98241421580315,166.545431941748,2611.07798904181,13727.4866506159,3034.09099170566,13530.2590771317,1058.37611880898,7064.04348704219,2662.37705358863,685.522857815027,610.884357631207,17.3942125439644,301.178026586771,19.6004337370396,16.6013709902763,30.4615057706833,130.619901418686,6.42839628458023,0.536706805229187,2.80780351161957,3.63039708137512,35.5949418544769,7.56290328502655,102.300384581089,7.00231936573982,50.0470277965069,6.99463495612144,20.135841101408,11.7760746479034,12.4000593423843,9.01223367452621,0.583526730537415,6.44992387294769,29.7226348817348,144.337729901075,12.7865003347397,0,2.29605650901794,5.03845775127411,75.5134173929691,63.9949133396149,118.911058068275,319.949415624142,0,2.21561086177826,195.103809714317,436.998821377754,8.02325257658958,9.35724341869354,0,1.7080814242363,1.63725417852402,16.2361590862274,1300.66192859411
