0,0,0.00208465849673129,0.000181359648304921,0.000845489103678552,0.00135327489456608,0.566654289720142,0.0588120272685692,0.000387787954363477,0.0139497530937542,0.00051051179136787,0.000233818019034445,0.00112707424293113,0.629140700048588,0.000824841283154668,0.000717803916549017,0.0197731584495448,8.60803252136765e-05,0.00363311778336894,0,0.00661731388000401,0,0.0375595018621577,0.000708961429151413,4.49423069253921e-05,0.000510769470475215,0.00534976536519551,0.0121516510049879,0.645391685809886,0.570300097526739,0,0.00467763267708149,0.00104055559745246,0.0145505498218054,0.00553679186954809,0.0136210035573602,0.00451162438121728,0.00952642368345794,0.0045696762486825,0.00133517750030788,0.000318374504760474,0.00015354942360543,0.000773631821070979,3.30650770333171e-05,0.000201267921587109,3.22067777233482e-05,0.000600689669856382,9.1483822723389e-05,0,0,0,3.37102640619755e-05,0.000224346102244079,0,0,0.000630147694112532,0,0,6.70969137969317e-05,0.000303515356646609,0.000167664222945905,0,7.38501706782105e-05,0,0.000938357994756457,8.5883644304633e-05,0,0,0,0.00112457983329781,0.000141920670658302,0.000107031787400294,0.00148854693793181,0,0,0.000414654771814978,0.00227491898394322,0.000232069314927387,0.000324399645646161,0,0.000114647439834464,0,0.000190197686815214,0.000711540655327126
0,0,0.00540625672929329,0.00178036355285723,0.0039002279954121,0.000326043280287045,9.92496534085037e-05,0,0.370809072795886,0.000550065634570444,0.00186573344811918,0.00177880844866091,0.0149455954138164,0.000107139746694392,0.0120131364354886,0.022970216056501,0.00334427757613281,0,0.000761924881295869,0.000265714967114139,0.00143044432493975,0.128185488279093,0.00227615895212591,0.0961751613791762,0.0777171242149142,0.0132898194699331,1.09050255784689,0.00555285077696079,8.7266492855549e-05,0.000232004146245241,4.11577459575295e-05,0.000136845472077846,0,0.000820663401201225,0.000316502662802625,0.0116037257120971,0.00619490647568397,0.00136033912440123,0.00191593207920469,0.0110189524200736,0.00011612981205461,0.00705133814387529,0.00281269613659709,0.00273533985110053,0.00101858314625339,0.000980541945151269,0.00016599383930049,0,0.000340599180215072,0,0.153295457245809,0.00473648925119044,0,0,0,0.000425449086484766,0,0.000665240663811645,7.89271733130934e-05,0.000164703231384265,8.15323949479697e-05,0.00363948913751858,0,0.000128528365419531,0.004457465514724,0.00183290938124998,0,0.00159297536714439,0,0.000346653579448485,0.0149386858630881,0.00330210655850677,0.00218315266522797,0.00387623819932636,0.0181044041752331,0.229520128039668,0.00114315537993218,7.18515159438848e-05,0.000215924594287896,0.000490496833879435,0,0,0.000251123962365705,0.000664798945168415
0.00208465849673129,0.00540625672929329,0,4.00552125713587e-05,0.00056748135424239,0.000545190472588748,0.0379859797292398,0.00792796555177045,0.00118043771630446,0.000686548922305785,0.00135213402131129,0.00027063149613809,0.00420176343944537,0.0256758694978501,0.00118987679262257,0.00915401984591048,1.6869982576843,0.00160131923023133,0.11087894501436,0.000208862626944876,0.212229428090419,0.00346621591633228,1.71966546768006,0.0011822071169248,0.000219279857118929,2.03561244061935,1.63528421173907,0.0429246239826771,0.019217657649999,0.0178985826476617,8.2890636344981e-05,0.00169895107556002,0.00216185903405167,0.0545153957190806,0.0391200004948788,0.374462090988568,0.288754174963353,0.0694415461526704,0.116974208940679,0.00296010196421225,0.00107831792366375,0.000252022815779823,0.040197592075049,0.00972244118118232,0.0161172958142707,0.016089723677427,0.000669409488372494,0.000440693795551741,0,9.77907635922791e-05,0.0368310656246328,0.181622521099359,0,0.000537245845632923,0,0.000688112944692966,0,0.000736563265148317,0,0.000255018375771201,0,0.000202233599255955,0.000262423213680625,5.54142378114581e-05,0.0194812365442865,0.0493657093590602,6.16293203864097e-05,0.0102786016447368,0,0.00338747799241184,0.00651613520056678,0.0679677395551031,0.00548821512793713,0.000224424192558861,0.0389948769258341,0.878459446975117,0.00239116503129881,0.000201690107443524,0.00143070461918361,0,0,0.000103634819730806,0.00593753271197571,0.0322553557419029
0.000181359648304921,0.00178036355285723,4.00552125713587e-05,0,0.0209911828992857,0.10441342818264,0.00953762497944313,0.0606723256064656,0.242758894818362,0.136837733961298,0.00307596448852807,0.915564299590315,0.00415611625578929,0.0115602519017634,0.0416973317211472,3.19128504853845e-05,0.000105826408063591,0.000687119957500628,0.00123532611493893,1.70250094520915,3.12106390038252e-05,0.00167724278470086,0,0.217838675932513,0.00062587163967466,0.000347769504041129,0.00302328422281606,0.318483674766264,0.0105441830524305,0.000447163080902821,4.71762014481068e-05,0.0435978648771118,0,0.00924347191451206,0.00443287368971413,0.0293413603901622,0.00107933850063907,0.00172486177571752,0.00104469871423772,0.0581518839327011,0.00264870364697643,0.000631922976469999,0.00370288705486735,0,0.00206426940025574,0.000512698748923087,0.0345626398650262,0.00148839690445067,0.000190515226378715,0,9.9106784176421e-05,0,0.153871446108693,0.000202282980605841,0.00493050803293169,0.020091625282173,0.0010697813719734,0.115129719185579,0.0534185204285285,0.000562295766833633,0.0933900255277877,3.51144643023253e-05,0.000554427971808946,0.00597860541495602,4.12415008547306e-05,0,0,0,0.0336056798882987,6.73043466476381e-05,0.000138115411321127,2.74535954340458e-05,0.0876707544234084,0,0,0,0.206324311704884,0.00184687768283327,3.87858524072766e-05,0,0.00302807703862206,0,0.00265174514725092,7.68483383820055e-05
0.000845489103678552,0.0039002279954121,0.00056748135424239,0.0209911828992857,0,0.0533709267518105,0.0328440858598199,0.0209917902763403,0.0682641451592372,0.0360651647586453,0.00122399897316529,0.0734803007427549,0.0225774918157479,0.00918308301610601,0.186509808544753,0.00396754426886401,0.00194024613180143,0.000245202287342256,0.000416748892952096,0.0117821483291703,0.0218958316229525,0.00547881082792334,0.0249379433029906,0.0347983958774648,0.00567971526780782,0.000414839683681715,0.0114250668520551,0.070767400398996,0.00441354838214309,0.0233830315335787,0,0.0269680959552831,0.000918178452565982,0.0681932898079965,0.15124102865621,0.127085708792213,0.00315686359169926,0.00270656858136578,0.00259399637763367,0.695347420386356,0.176317906812132,0.00191195463846304,0.00679837799932306,0.00137288047461333,0.000670125582906637,0.00376201680216426,0.0173978686963039,0.000654731597615931,0.000579958961198067,0,0.000118152097674703,0.000792104944928075,0.0112714613134481,0.000249806740934634,0.00140408128040692,0.00584064897757919,0.000486812130664957,0.00693775441313635,0.00488748380892299,6.06067778826475e-05,0.0156691662390489,0,0.00034008596941908,0.00189723891082011,0.00238543828695464,0.00028537562093404,3.37984103097677e-05,0.000185513080866421,0.00269930046925207,0.00150406446011827,0.000660707049051902,0.00223863226289195,0.0141638884261188,0,0.00044488183366344,0.00153446828403616,0.0292503925344291,0.00048846152640146,0.00088864478608948,9.12125872235178e-05,0.00107450939401391,5.35488975024343e-05,0.00119090705989436,0.094057777103134
0.00135327489456608,0.000326043280287045,0.000545190472588748,0.10441342818264,0.0533709267518105,0,0.6047692717141,0.841592935188872,0.0497481369665943,1.58031471577259,0.00480956208599718,0.503058093482146,0.0153207946299867,0.200642519934237,0.129194304838909,2.88939528598845e-05,0.00183814920722101,0.00122257241712703,0.00141699098809426,0.0817745335110177,0.00138871960476587,0.000618926896892917,0.00355440634489776,0.0197689073196408,0.00464872340089511,0.000487860922903043,0.00163842586432336,0.265917957998649,0.017944695845303,0.0160583753669837,0,0.0762135555282552,3.87318792563081e-05,0.0174215495183726,0.151078158126969,0.0712322705868407,0.00402952263666161,0.00426617837762926,0.00207556864971464,0.406073398052732,0.0227683789891505,0.00151663621013229,0.0105763463639495,0.000194670399889857,0.000955864488804862,0.000917944111092758,0.0274397629952075,0.00174262953099781,0.000354451946218073,2.6782331281209e-05,5.26433215727448e-05,0,0.0188522058345558,0.000328490162737524,0.00196086876794824,0.0132749184536508,0.000246696710720217,0.0119978620467567,0.00947951778949817,0.000402003179400397,0.0245203181815456,0,8.8559183229661e-05,0.00287453822404452,4.34243027742863e-05,0,0,0,0.00727389401164002,0.000499616111853963,3.00581526126623e-05,3.95904124251843e-05,0.0404910830956218,0,0,0.000145247892692745,0.0788350775298662,0.000975272205656371,0.000384257211974967,0,0.0015786680480986,8.77256284193041e-05,0.00303777063324022,0.0345961438061393
0.566654289720142,9.92496534085037e-05,0.0379859797292398,0.00953762497944313,0.0328440858598199,0.6047692717141,0,1.12695554894524,0.0388482641249095,2.34235189912061,0.0571164869694903,0.0182883869817798,0.11296031501869,2.33829987135413,0.0363012879518406,0.00328506979048977,0.0178926134454554,0.023897457039136,0.0327165421109286,0.00695798968798768,0.0150255343925397,0.00129994531774214,0.108786201900132,0.102389049449231,0.0173784480930842,0.0227772727770259,0.0378706487216755,4.34409288475312,0.771018494118382,1.55033482035531,0.00131467075609779,0.207819669571902,0.0501449685437198,0.443813224652152,0.276129114359626,0.771379882876599,0.0643579518221464,0.119908242099408,0.0349050691638004,0.118851765992615,0.0329431432088218,0.0113676588724024,0.099537476286805,0.00296935166678416,0.0263270842843868,0.00850952809834355,0.0927771002002873,0.0133237062009568,0.00363890890016135,8.90124778888044e-05,3.87871330631971e-05,0.000746833674617165,0.0754234832645323,0.00407427073118864,0.00754873183885325,0.146054258940339,0.00710280618152548,0.0204918090002988,0.0439003390354388,0.00867982480975927,0.0316967073740761,7.60707723636749e-05,0.00697909471195531,0.0067766523565042,0.0172740025179305,0.000352514460436171,0,4.42214683962703e-05,0.0161134364964055,0.0302594613147884,0.00256374282847993,0.006775475736245,0.211418990767575,0,0,0.00342593713650164,0.589746932627683,0.0358477872351593,0.00717096182099595,0,0.0376176832559052,0.000542985095860553,0.038539890895136,0.0387876083535857
0.0588120272685692,0,0.00792796555177045,0.0606723256064656,0.0209917902763403,0.841592935188872,1.12695554894524,0,0.0199939782972642,1.12004679730082,0.00393327867898649,0.382045411375521,0.014897838572254,2.10855954581447,0.00898917071812053,0.00226871468857436,0.0411378152672007,0.00142431991837204,0.0116236908001016,0.102163731150964,0.0194399540290339,0.000123688254433573,0.0903451279868133,0.0193731116558093,0.00461596626221794,0.0035267064069453,0.0133981193182813,0.196154818702101,0.118532174588183,0.317817696568995,0.000136795192412794,0.103622238195839,0.00252020667618718,0.0447721641989307,0.0216544463120211,0.0759143912632029,0.0124773295470447,0.0273258455756483,0.0129056511651754,0.0244784671144571,0.00270012406835466,0.00146422860348984,0.015568853696907,0.000271391749173194,0.00207620456776407,0.000211426544642281,0.0192395995956028,0.00111757850594064,0.000324124996919858,0,0.000125301101363719,0.000110007922254187,0.00589880047079491,0.000476801165381396,0.000651472150120034,0.0284688472341815,0.000189315671242416,0.00674400362442269,0.00586476126376366,9.60467515115499e-05,0.00964264382073144,0,6.40046364432095e-05,0.00136459307546032,0.00183575974270032,0,0,0,0.00208712660094959,0.00393390746248322,0.000908024059387392,0.000843171426418294,0.0543674947026535,0,0,0.00010692747890358,0.119881292312157,0.00285905946489994,0.00142326817876931,0,0.00107123753900377,0,0.00556517407787021,0.00409972139189916
0.000387787954363477,0.370809072795886,0.00118043771630446,0.242758894818362,0.0682641451592372,0.0497481369665943,0.0388482641249095,0.0199939782972642,0,0.11308964561853,0.00663070978221551,0.180216912711008,0.0311227608567098,0.00580501692041039,0.185943583656882,0.00374752239228064,0.00270069371710026,0.000168799583812171,0.000409865565973848,0.0341980016540013,0.000653533352831925,0.669494530445826,0.00105707952402206,2.87828489238036,0.0848749241447996,0.0089579321756658,0.459266117934375,0.753328444748228,0.00422301277106296,0.00106694526106821,0.000715321073651495,0.0193979716390328,4.29726841039777e-05,0.00663238806138308,0.00202158030534121,0.0300069515527951,0.00229339304137991,0.0019638752265071,0.00132570107709349,0.222698814597142,0.00567767996589792,0.0190358689671125,0.0292188105237685,0.00187262168427845,0.00678662991522847,0.00134645092877379,0.0493473256621067,0.00218635279608247,0.000788468279302773,5.27154874618769e-05,0.00371996212563251,0.000514737924353146,0.108600504839123,0.00227801315815252,0.0112310185354187,0.0290077823911831,0.00335441214512895,0.408052316754572,0.0383171965569139,0.00297032154648924,0.111784171440056,0.0044003713421724,0.00227436328506703,0.014956292057128,0.00839534451579549,0.000102733252810955,0.000427933323255616,0.000443912685231448,0.0303187313180369,0.0105655346843279,0.164112359141031,0.00139043219251995,0.478419546048047,0.00264284893540944,0.00365429888386631,0.0103671075860885,0.341521689231618,0.00734867332788494,0.00331073581298156,0.000451210022284472,0.00916262295644426,0,0.00651529248813855,0.0054502956169878
0.0139497530937542,0.000550065634570444,0.000686548922305785,0.136837733961298,0.0360651647586453,1.58031471577259,2.34235189912061,1.12004679730082,0.11308964561853,0,0.0483833739777897,0.326834411684766,0.0764764746304681,0.5349631007611,0.043749368195825,0.000128460973221743,0.00208470563229326,0.0167559750720116,0.0193187933383738,0.327869191512882,0.000473354610343462,0.00094878418209786,0.00180774610344007,0.036499143602848,0.00640955003356665,0.00600523082505447,0.00494298193340929,1.07209714314251,0.180429790509787,0.022686791130665,0.00092602096113232,0.269627738873521,3.39620410159469e-05,0.17605688843902,0.0743017709386261,0.513064196831602,0.0221973317412986,0.0357426420710846,0.0103320256875671,0.0948879329747251,0.0266910187786954,0.00819818134885273,0.00984275144021424,0.000134263890608853,0.00211712765486843,0.00173182862002201,0.0411778393022964,0.00326034863593613,0.000271767235633063,0,0.000163358830351311,0,0.121767647535229,0.00092942973310855,0.00408055891323233,0.0354045924633646,0.00225808964320885,0.0632700653218667,0.0505682198056342,0.000348406589529074,0.0718431157245133,0,0.00036982989732545,0.00579892560116601,0.000426926076238,0,0,0,0.0285791633453549,0.000137856440421724,0.000285394914293885,0,0.0860345319851332,2.67549122523487e-05,0,6.34806699935078e-05,0.238886200641269,0.00279606088576356,0.000123218662035823,0,0.00459460558592016,0,0.0060038541904688,0.0069113831686936
0.00051051179136787,0.00186573344811918,0.00135213402131129,0.00307596448852807,0.00122399897316529,0.00480956208599718,0.0571164869694903,0.00393327867898649,0.00663070978221551,0.0483833739777897,0,0.0118987533119,0.421036132451324,0.00663544505573817,0.000454965044645125,0.00174957088096937,0.00321275052703507,1.66441865307397,0.160826242314101,0.00462739874443712,0.0047190661074262,0.00502467711271691,0.0112473060603295,0.00477896709727083,0.0895154040711838,0.215326208510617,0.02318634635197,0.0338478856505177,0.013174138720805,0.0161763415561073,0.0180886128562349,0.0184680825290775,0.000248397601816887,0.745525245308453,0.0195410158681066,0.263241928697477,0.33226849719899,0.336103981521124,0.109271437660288,0.00264056868671047,0.00148898834847522,0.189654102071707,0.00261834361221091,0.169027369370165,0.000293651432935,0.000638920946281432,0.00262693611742885,0.000150978686879254,0.0173529588308058,0,0.00765723156047019,0.000173889621297098,0,0.000131153249762845,0,0.00068220804069401,5.05724823890567e-05,0.00664426471405197,3.80465835690379e-05,0.061094151367491,0.000334159392638695,0.317039336195061,0,0.000230271923623073,0.000560654448509544,0,0.00541765958938422,0.000154524270028257,0,0.000339595936639225,0.00306523749923924,0.000470218677471035,0.00515942095418829,0.0165919517640558,0.0524110723739172,0.0983701491407169,0.00295915795004472,9.32497841329813e-05,0.000210817423853981,0.0771576592971604,0.000372619984426487,0,8.10530398688553e-05,0.0142175830102963
0.000233818019034445,0.00177880844866091,0.00027063149613809,0.915564299590315,0.0734803007427549,0.503058093482146,0.0182883869817798,0.382045411375521,0.180216912711008,0.326834411684766,0.0118987533119,0,0.0130168121751722,0.0527693107000058,0.226679711079291,3.39724458812952e-05,0.000319368349435479,0.00445475937369054,0.0039033577885602,0.634779147760692,0.000140604922909552,0.00264700278928818,0.000386240951707876,0.0790435607856952,0.00179785011692988,0.00126122926293855,0.00427304850271539,0.215636156800546,0.0376514436882708,0.00194830194938753,0.000372440720437962,0.162534642177619,0,0.0329897057515051,0.137646728302299,0.0751285591658559,0.00505661848099682,0.00560865444182142,0.0026168528767508,0.17279086685928,0.00753768598851245,0.00228635672427576,0.00141775527241148,0.000137083878241599,0.000359348682611972,0.000164837069208074,0.0196912726306832,0.000477419855824662,5.34378479299188e-05,0,6.06492938031853e-05,3.84031218893528e-05,0.0344274772008122,0.00031668303854897,0.00328896046400877,0.00282935863384934,0.0011183255552276,0.0278745566771559,0.0152064054947393,0.000258974377590334,0.0501266691621826,0,0.000206121436771702,0.00404765636999556,0.000122658466015732,0,0,0,0.0100955745620071,0.000292033790041232,0,0.000151092372004533,0.0182370123058023,0,0,9.23989014912131e-05,0.0393477813218697,0.000373267491483987,0,0,0.00166987737800163,0,0.000459365502741527,0.0489903238111654
0.00112707424293113,0.0149455954138164,0.00420176343944537,0.00415611625578929,0.0225774918157479,0.0153207946299867,0.11296031501869,0.014897838572254,0.0311227608567098,0.0764764746304681,0.421036132451324,0.0130168121751722,0,0.0154170875978071,0.00229784008565545,0.00679715619418212,0.00495130490510051,0.00830184308463019,0.00604650141721484,0.00496685158540945,0.0278644223475867,0.0188721735395528,0.0538724938464461,0.0287096491599405,0.555090593520264,0.00713169719073273,0.0987291716625382,0.154918938948738,0.0211770163965514,0.0480340337585422,0.0274421405867486,0.0563555943302748,0.00110223179541363,0.201275596855005,0.0102721737041556,0.211491380597027,0.294856891230636,0.104819592697549,0.0272863742549436,0.233032477876139,0.0592617372938384,0.32189368151567,0.0369416493353569,0.39268281967082,0.0415367473650309,0.00501211020877914,0.0488692466638159,0.0119171265817157,0.0721404043687447,0.000112236981836796,0.0473871537788539,0.000494599739924812,0.00250871080335595,0.0010493836412785,0.00150920729403553,0.00973897063870064,0.00042575131200189,0.0313485080039551,0.00691861979894395,0.200420477515768,0.00332249756854211,1.31899106559622,0.000773285615231113,0.00126320409932878,0.00431088950017668,0.000266656908103901,0.0143348297362039,0.00065962946061584,0.000730961366196175,0.00395610849220387,0.0137035780443029,0.00316542175121023,0.0259364005368402,0.160837296061819,0.16614578033162,0.494430626546891,0.0447100665166898,0.00348569514946484,0.00286072010999229,0.253569072817131,0.0168151104996671,0.000119199607400846,0.00471599328676235,0.00411200892353191
0.629140700048588,0.000107139746694392,0.0256758694978501,0.0115602519017634,0.00918308301610601,0.200642519934237,2.33829987135413,2.10855954581447,0.00580501692041039,0.5349631007611,0.00663544505573817,0.0527693107000058,0.0154170875978071,0,0.00560615044026086,0.00707468614945457,0.200238827767344,0.00265578329479525,0.044062428991904,0.01436402101468,0.078957704094557,0.000514308256867725,0.323930234162405,0.0151837914145079,0.00261515060291694,0.0098962873102907,0.0524405477872536,0.219168055973998,1.17611477925086,1.7878281105474,2.99232178792178e-05,0.0769497976132508,0.014827548723404,0.172683634155527,0.0363079266197134,0.13195312420596,0.0393438896572344,0.108429357155976,0.0524396002911867,0.0173493919126716,0.00325096892080397,0.00161009903044964,0.0106682442097399,0.000609612133288205,0.00186524375870359,0.000972464332286224,0.0102597393351135,0.000290485217190111,0.000149488213118392,0,0,0.000169267104888171,0.00511389884421506,0,9.62666494132161e-05,0.0218946821321826,0.000143061144868135,0.00343443602391577,0.00296176455070474,0.0004153984394279,0.00375886202323354,0,0.000195616060349858,0.00057321955952903,0.00670428084414395,0,0,0,0.000875904034038509,0.0124628684936077,0.000451263126816642,0.00226197927735493,0.0353770595006719,0,0,0.000678140731315157,0.0756720598240939,0.00196605510147827,0.00200567380526316,0,0.000695351954364894,0.000166738601967025,0.00293198580380552,0.00404560787361763
0.000824841283154668,0.0120131364354886,0.00118987679262257,0.0416973317211472,0.186509808544753,0.129194304838909,0.0363012879518406,0.00898917071812053,0.185943583656882,0.043749368195825,0.000454965044645125,0.226679711079291,0.00229784008565545,0.00560615044026086,0,0.00121692785748454,0.000726535500999924,0.000158985316141862,0.000839227759728501,0.01696072569747,0.00623615751464125,0.0149948977231033,0.00812691291369345,0.0846004453429778,0.00275688119639629,0.000828006392709802,0.029122161110429,0.111442852445837,0.00312694585094413,0.0148460205925896,0,0.0101371349081375,0.000336283711271214,0.0146482546097689,0.296330350425228,0.0201993960655762,0.00278242413857401,0.00190144618289891,0.00146959769775587,0.225320593823135,0.00392939135558912,0.00161844931352039,0.00392979745343754,0.000838434454634509,0.00112354444340234,0.00335260067774565,0.0251096558481993,0.000792898925614463,0.00027687595955829,0,0.000122834391018748,0.000717507368606475,0.0209649703670879,0.000356827510981965,0.00324841625988651,0.00494262269271938,0.000531836837590706,0.0150513533123563,0.0119228096352768,0.000360130626988732,0.0302452080969592,4.05747097175002e-05,0.000468337657479089,0.00385991895312525,0.00149757884362017,0.000174100413549566,0,0.000135269296451581,0.00824257485017162,0.00194026343736056,0.000529671370926654,0.00139278913580435,0.0121816434079831,0,0.000470102202743077,0.00128953146738611,0.0257390043369205,0.000263781729769051,0.000351488062972486,0,0.00299086013819925,0,0.000522044010698939,0.0701856707481692
0.000717803916549017,0.022970216056501,0.00915401984591048,3.19128504853845e-05,0.00396754426886401,2.88939528598845e-05,0.00328506979048977,0.00226871468857436,0.00374752239228064,0.000128460973221743,0.00174957088096937,3.39724458812952e-05,0.00679715619418212,0.00707468614945457,0.00121692785748454,0,0.028903208962024,0.00132009131417159,0.0131547000232164,7.95773381956342e-05,0.30783697577534,0.444293341062652,0.804675471685539,0.0506552388572057,0.00181390417084224,0.00552588798084413,0.842200994911984,0.0264942567484514,0.00602416587779004,0.0189242569416529,0,0.00033030229086504,0.00102417002626683,0.0154137606244797,0.10560604112819,0.294028728831763,0.166790598954547,0.108427993296397,0.0771816237214109,0.0109664697410099,0.000878654289028373,0.000561182730212891,0.105153092962569,0.0312516717837492,0.0297293470392197,0.0161236718400304,0.00715204638456827,0.00152553873987631,0.000124712808866346,0.00126626050346855,0.0071736391936718,0.0180289117647153,0.000474236599931937,0.0019245635794674,0.000444359862438542,0.044579142604562,0.007053450493015,0.0052819346578284,0.0012836912903358,0.000617971872796512,0.000481632274655449,0.000341353416023374,0.0144847263096628,0.00106507106010504,0.945594484420476,0.00741742016452891,9.00099325286867e-05,0.00191784262295566,0.00015622166623348,0.353605624715887,0.346741522226036,0.380276965295776,0.210264944756512,6.72329287358043e-05,0.00454924209910287,0.164273696784528,0.0738069957302799,0.0192974741200634,0.0658706842682291,0,0.000508011715296114,0.00503816589032298,0.00826832302395674,0.0361441814655834
0.0197731584495448,0.00334427757613281,1.6869982576843,0.000105826408063591,0.00194024613180143,0.00183814920722101,0.0178926134454554,0.0411378152672007,0.00270069371710026,0.00208470563229326,0.00321275052703507,0.000319368349435479,0.00495130490510051,0.200238827767344,0.000726535500999924,0.028903208962024,0,0.00702977554340328,0.673710235473115,0.000383450417305279,0.323610380149267,0.00728738499791356,1.5275932142707,0.00277865377803868,4.13075084593057e-05,0.496711668550953,2.23315541005515,0.029605372084902,0.211800430697999,0.206934420788349,0.000209885288234115,0.00846755717114091,0.0316223800514181,1.04065094197022,0.037067614022506,0.282039415159563,0.215259624065206,0.156002472306517,0.187828298155557,0.00441483388413984,0.0010854825921875,0.000304481576274192,0.0109913788253238,0.00393547567205846,0.00512592780213735,0.00477137628399344,0.000375441109801376,0.000304379335387182,0,0,0.0107629489229358,0.0492061420460511,0,0.000262407773424679,2.56861454939485e-05,0.00018550106868509,0,0.000183718102392101,0,0,2.30076796205342e-05,0,4.66566152128577e-05,0.000142261748306417,0.0160139688438069,0.00917565316271764,9.92934871054233e-05,0.00261787010731653,0,0.00412267455455396,0.00634786419356559,0.0367467887376466,0.00248281066768178,0,0.0137394745457832,0.240047121543686,0.00183557797493667,0.000134639700016737,0.0010654330235808,0,0,0,0.00125403667425971,0.0215164363042502
8.60803252136765e-05,0,0.00160131923023133,0.000687119957500628,0.000245202287342256,0.00122257241712703,0.023897457039136,0.00142431991837204,0.000168799583812171,0.0167559750720116,1.66441865307397,0.00445475937369054,0.00830184308463019,0.00265578329479525,0.000158985316141862,0.00132009131417159,0.00702977554340328,0,0.0151655477823357,0.00163650612954613,0.00557214757044935,5.08507856247902e-05,0.0114919074843301,0.00167538026183486,0.000239882598554414,0.289238609585997,0.0289908608153821,0.0134279663427013,0.00460972453271973,0.010368529171697,0.0140381065553864,0.00527410769716735,0.000343201072144556,0.265141807997857,0.0272338025164687,0.309677426098527,0.194334511461387,0.302363050686873,0.200927663473406,0.000820262316471128,0.000803569701532476,0.00392011454023217,0.00194123157054794,0.00770373984417507,6.53527476662874e-05,0.00120317140423086,0.000182163549434638,0.000153570756734633,0,0,0.000222933304904854,5.99875714649677e-05,0,0.00011252878949641,0,0,0,0.000199982766666674,0,0.000747458762771962,2.85464310996592e-05,0.00474037566699251,0,0,6.93973486028434e-05,9.30650133239985e-05,0.00206056354765834,0.000766439269512597,0,4.13748969450474e-05,0.000184135952578616,0.000433725234425902,0.00013201723592751,0.000887406803851472,0.03213397682933,0.0251013052291883,0.000112260694387579,0,0,0.00642036747057186,6.64400505271197e-05,0,0,0.0173126968071515
0.00363311778336894,0.000761924881295869,0.11087894501436,0.00123532611493893,0.000416748892952096,0.00141699098809426,0.0327165421109286,0.0116236908001016,0.000409865565973848,0.0193187933383738,0.160826242314101,0.0039033577885602,0.00604650141721484,0.044062428991904,0.000839227759728501,0.0131547000232164,0.673710235473115,0.0151655477823357,0,0.00174177450200049,0.0844198804140561,0.00166781097285707,0.143504209196772,0.00365762161803696,0.00069256782695395,0.370011653297786,0.332082118866152,0.0350725248811143,0.0546659042586112,0.0532078690018101,0.0018401293574053,0.00416163805620969,0.00967459115426948,0.672249462650951,0.0621523800463427,0.839665367687098,0.563976378281652,0.413626494869944,0.494261722728823,0.00264689763815698,0.00113009500957186,0.000385236056271493,0.0046596501372431,0.00327490062707956,0.000607129011987221,0.00424683165155196,0.000365983139168381,7.18464972574946e-05,8.75861705576301e-05,0,0.00385894906970812,0.00518628378119018,0,0.000571317766926849,0,3.00132498464525e-05,0,0.000251801308706152,0,0.000252865860436153,4.55403472559452e-05,0.00116098108025281,0,0.000232577783584428,0.00351820937369822,0.00297625859866386,0.00191117254931647,0.0048305145058917,0,0.000668587858510379,0.000815942500721233,0.00387619927295445,0.000897676064442042,0.00259124831275103,0.0532148406847667,0.0995030032844927,0.000120578797730285,0,0.00012945327925362,0.00250919500265529,0,0,0.000314744988536054,0.0443673384631616
0,0.000265714967114139,0.000208862626944876,1.70250094520915,0.0117821483291703,0.0817745335110177,0.00695798968798768,0.102163731150964,0.0341980016540013,0.327869191512882,0.00462739874443712,0.634779147760692,0.00496685158540945,0.01436402101468,0.01696072569747,7.95773381956342e-05,0.000383450417305279,0.00163650612954613,0.00174177450200049,0,4.00058497817039e-05,0.000443978787493199,6.33405625237585e-05,0.0207084575196822,0.000685547853988978,0.000638664889338254,0.00123129323664411,0.219878422659467,0.0133335281636988,0.00103679478986789,5.69935259884179e-05,0.0380627988760909,0,0.0107136103859346,0.00251334083665833,0.0275010625318462,0.001868337298153,0.002069215636785,0.00101400814774719,0.0305444610947621,0.00169200513007532,0.00108226196898224,0.000240791582142466,0,3.70902379842043e-05,0,0.00488677070072997,0.000326826705770219,5.58356719785273e-05,0,0,0,0.0201584706324587,0.000129412522842956,0.000724034309458296,0.00146302719604251,0.00017171413210845,0.00801391316576633,0.00526165294899184,0.000134272253848821,0.0168242298518826,0,0.000180542580547524,0.00110727477528956,0,0,0,0,0.00498616294496709,8.50081712131677e-05,0.00011890463336587,0,0.00694711931906039,0,0,0,0.0145724609305139,8.26014753742695e-05,0,0,0.000571370121625698,0,0.000473967823662639,0.000250387750397468
0.00661731388000401,0.00143044432493975,0.212229428090419,3.12106390038252e-05,0.0218958316229525,0.00138871960476587,0.0150255343925397,0.0194399540290339,0.000653533352831925,0.000473354610343462,0.0047190661074262,0.000140604922909552,0.0278644223475867,0.078957704094557,0.00623615751464125,0.30783697577534,0.323610380149267,0.00557214757044935,0.0844198804140561,4.00058497817039e-05,0,0.0243711912563106,5.41949971292485,0.0307842060395093,0.000309512698018706,0.0502275650022637,0.505180093876886,0.373199079290159,0.121817398974259,0.820457046083721,0.000292839578746414,0.00381839223534884,0.042033891629068,0.721403491314562,0.348372449265298,0.634739350171545,0.432153890771961,0.642514499651545,0.335298156439746,0.0459738602875411,0.00413514273105641,0.000475634476701677,0.0953253685793086,0.0162619178819675,0.0159431431406794,0.00712221749720574,0.00773094218605363,0.00149919477154862,0.000513097424535233,0.00249706024213772,0.00139812006837997,0.00863938328825748,0.000588637919970757,0.00172015787084081,0.000506676468168956,0.0571398825338049,0.0135441353985078,0.000755940561781658,0.00296766225147815,0.000703124507565581,0.000317119671688986,0,0.0301700116228243,0.0013355620237441,0.244385449165632,0.0071755162213581,0,0.000573889888246238,0.000162116282296544,0.401642392082748,0.0570332906257289,0.106370043122027,0.190620529193389,0,0.00210374282012253,0.0433877134713614,0.11892179593513,0.037996769732368,0.104297578247729,0,0.00190489238158042,0.00896650949490295,0.014011128255909,0.0714670772499736
0,0.128185488279093,0.00346621591633228,0.00167724278470086,0.00547881082792334,0.000618926896892917,0.00129994531774214,0.000123688254433573,0.669494530445826,0.00094878418209786,0.00502467711271691,0.00264700278928818,0.0188721735395528,0.000514308256867725,0.0149948977231033,0.444293341062652,0.00728738499791356,5.08507856247902e-05,0.00166781097285707,0.000443978787493199,0.0243711912563106,0,0.0460962036639438,0.996589316599185,0.0476909740392589,0.00468848219915759,1.36013549908906,0.0522077374124257,0.000803300945679431,0.00413065659707892,0.000384873675190544,0.000506977995821404,0.000413816085100824,0.00308262098907052,0.00651797703619958,0.0373711784932351,0.0119430215168132,0.0088929379504085,0.005961236585851,0.0132285787283933,0.000212111962827074,0.018026915765022,0.0430022377449745,0.00909025817402374,0.00893037818051963,0.00497315057878754,0.00302812994455977,0.000345978425071287,0.000348849100694162,0.000139715952818298,0.0458659241380502,0.00931540940794081,0.000308435239504254,0.00056426173143357,0.000619127662908745,0.0146884842662368,0.00263652822470537,0.00707981697675858,0.0011143785978089,0.000932814890903222,0.000270783135079193,0.00208553020766399,0.00643309649998108,0.000333332460118663,0.364612527271794,0.00247602334535302,0,0.00125980772001861,0,0.117777273802079,0.340623498735117,0.0811249786717088,0.21960787220472,0.000922664074281098,0.00574250048966785,0.257770367259962,0.056790426777121,0.00785470037172457,0.0229003614302135,0.000138996480322158,0.000943898592978538,0.00137422855614004,0.00297833857876118,0.00895893407733701
0.0375595018621577,0.00227615895212591,1.71966546768006,0,0.0249379433029906,0.00355440634489776,0.108786201900132,0.0903451279868133,0.00105707952402206,0.00180774610344007,0.0112473060603295,0.000386240951707876,0.0538724938464461,0.323930234162405,0.00812691291369345,0.804675471685539,1.5275932142707,0.0114919074843301,0.143504209196772,6.33405625237585e-05,5.41949971292485,0.0460962036639438,0,0.0118355078687027,0.000564323457192916,0.273494247774841,3.29124223078242,0.357147034296335,0.272168547313947,0.53526127174014,0.000256076390587938,0.0123705161151908,0.0433606784907954,0.741023358728608,0.467806297743366,1.25434975108812,0.445547999413695,1.13529161918151,0.546631554411112,0.070713772150011,0.00787192429554021,0.000850521808610752,0.11695212468265,0.0268995098539493,0.0574689802471352,0.0335274190031407,0.00789450467967281,0.00198130757243374,0,0.000697660190035785,0.0042835730537116,0.0903246182052211,0.000260341520474005,0.00255036846541621,0.000129599151531035,0.0242633950416793,0.00360174510241468,0.00242020938327638,0.000955735567586179,0.000863720567763445,0.00045122554234941,0,0.00744212072465055,0.00139792728326335,0.676028584411422,0.0174074928366826,0.000215456213873213,0.00297997502131265,0.000154133588307488,0.220462555558569,0.174647699340427,0.627062901355603,0.0813932428902257,0,0.00632920889361979,0.593428405414514,0.0414706272427689,0.00652419704465979,0.0346555100516082,0,0.000440088423930049,0.00184627756004482,0.00827190340011424,0.179719758173883
0.000708961429151413,0.0961751613791762,0.0011822071169248,0.217838675932513,0.0347983958774648,0.0197689073196408,0.102389049449231,0.0193731116558093,2.87828489238036,0.036499143602848,0.00477896709727083,0.0790435607856952,0.0287096491599405,0.0151837914145079,0.0846004453429778,0.0506552388572057,0.00277865377803868,0.00167538026183486,0.00365762161803696,0.0207084575196822,0.0307842060395093,0.996589316599185,0.0118355078687027,0,0.0278649656055402,0.00366688854079094,0.241403246486035,1.03321070927205,0.0361873977044592,0.0254521788909869,0.000140059623330647,0.0271597805430148,0.00916823944559381,0.0412277271200461,0.048499072201375,0.180505890486674,0.0363279858433521,0.0111219276054921,0.00713911732784036,0.106000164589473,0.00406361196373992,0.00485663099075142,0.438688155437009,0.0173915789514888,0.103285935868656,0.026804812434924,0.146148503357956,0.0284007260647715,0.00718326949975919,0.00253012616551756,0.0044748911566953,0.00323171079941216,0.112493948680438,0.0161900883710331,0.0130781161755464,0.357855132669189,0.0259583657551173,0.391616990048517,0.0583480549402378,0.0256948311251241,0.0452777842020621,0.00202716748417436,0.0417747938482155,0.027440644264659,0.261990430023408,0.00500543056734101,0.000273353597113955,0.000949408819239053,0.025848100005274,0.35966301119802,0.250768846779877,0.0462287079333179,2.34013381288466,0.000301291772332066,0.00169768021758532,0.0139762047244122,2.26414539717206,0.122043756901577,0.0948581201827947,6.02325776467681e-05,0.0873277755821865,0.00808399147995458,0.115941210141169,0.0478401207274276
4.49423069253921e-05,0.0777171242149142,0.000219279857118929,0.00062587163967466,0.00567971526780782,0.00464872340089511,0.0173784480930842,0.00461596626221794,0.0848749241447996,0.00640955003356665,0.0895154040711838,0.00179785011692988,0.555090593520264,0.00261515060291694,0.00275688119639629,0.00181390417084224,4.13075084593057e-05,0.000239882598554414,0.00069256782695395,0.000685547853988978,0.000309512698018706,0.0476909740392589,0.000564323457192916,0.0278649656055402,0,0.00954142354967319,0.610687316472419,0.0507739398013194,0.00302721041133657,0.00763370881588662,0.00061463153981508,0.016838817719952,8.55793381856439e-05,0.0107425343284153,0.00210816201291583,0.0204034371844544,0.0100520093629532,0.00197844815359081,0.00069479066329119,0.0596068786877681,0.00601294222600694,0.0390829430862307,0.0302688399422911,0.0100671767760833,0.0084678816225343,0.0048287521878554,0.0636972217602645,0.00919299752201444,0.0279254993340667,0.000110606435870624,0.0801822877094227,0.00100803807506608,0.00248466637151901,0.00173509784690349,0.00243606049034581,0.00758279018890641,0.00113331655707661,0.00468122053672406,0.00660111414498456,0.0198624882442744,0.00160459332917337,0.0954861171953224,0.00321003576848648,0.00139089861668631,0.000494107676655716,0.000620063228459251,0.000730178193132139,0.00136805070909999,0.000288288797629267,0.00740075482013725,0.00179690699550944,0.00104492622740206,0.0137270697469007,0.130167764040395,0.0364149979441172,0.203577935790252,0.0464905872115966,0.0061755861923674,0.0056927113065524,0.00679718101663472,0.0264408839652663,0.000374820567047083,0.00439824986696723,0.00517061701247636
0.000510769470475215,0.0132898194699331,2.03561244061935,0.000347769504041129,0.000414839683681715,0.000487860922903043,0.0227772727770259,0.0035267064069453,0.0089579321756658,0.00600523082505447,0.215326208510617,0.00126122926293855,0.00713169719073273,0.0098962873102907,0.000828006392709802,0.00552588798084413,0.496711668550953,0.289238609585997,0.370011653297786,0.000638664889338254,0.0502275650022637,0.00468848219915759,0.273494247774841,0.00366688854079094,0.00954142354967319,0,2.12458584442836,0.0201622169036705,0.0088087274979122,0.0122190819509693,0.00414576452095745,0.00211386513565434,0.00148340202526871,0.0746750250147752,0.0365417943968704,0.628121046502278,1.2280108311933,0.188533389143697,0.113142336194451,0.00301757387643574,0.00108722420999846,0.00193309111645369,0.0525836131508621,0.0960187256559457,0.010835975941813,0.0253647556606949,0.000575367342005241,0.00020870187307446,0.000258476640458703,0,0.12779634361084,0.0577682719949879,0,0.000364849116494751,0,0.00011331387983228,0,0.00323192443880402,0,0.0128439099228856,6.89606783423662e-05,0.0804793452175323,0.000102379821473265,8.34287716748236e-05,0.00529266442001571,0.0405242709485814,0.0402573153543964,0.0933941731565652,0,0.00317763137813051,0.00636426166742718,0.0111646622750532,0.00326487460202479,0.0690533663769876,1.14229199622889,2.54243488912896,0.000973396911495609,0.000280584972962981,0.00253471396872695,0.0912380294950043,0,2.12626504391611e-05,0.00756369098021015,0.0236325437310757
