0,0,0.0170424559356121,0.00185038745304409,0,0.00918082724783386,0.643501525095093,0.186034552577499,0.00288332762300222,0.0134790357233196,0.00756673934820905,0.00382087939437216,0.0048248641985913,1.06337698556914,0,0,0.0364194644616001,0.00169506469886723,0.00643109913125051,0.00207373916707559,0.00916323174374649,0.000248837281674436,0.020486815771479,0.00594706141404757,0.00134559824514796,0.0128360181729407,0.00725142435712068,0.0149013316388448,1.02832741977566,0.613511025225548,0.000351462205519128,0.00107451561665705,0.00264651932173862,0.0362950505259001,0.00227307600645719,0.0232180544645164,0.00183599945081722,0.0265511362127812,0.00846691979045618,0.00143449227401458,0.000772774330417836,0.00112074706818404,0.000890065626476422,9.46951975055607e-05,0.000985802954588182,0.00105046499320773,4.21128809195667e-05,6.45675342341482e-05,0.000394409344596058,8.03974864704788e-05,0.000300030454688972,0.000226131451397159,0.00012270769202919,0,0,3.03904878409773e-05,4.22172834795535e-05,0.000865357149102276,0,0.000298537221244961,0.000344243541184431,0.000273371090770406,0.00035935062746574,0,0.000615915531574488,0,0,6.73828047527313e-05,0,6.62088736980379e-05,0.000219164850871411,2.09110313690126e-05,0.00250746475123512,4.17988672607929e-05,0.000425198401090559,0.000162724629086927,0.000579945376402539,0.000621011371710461,0.000528110180612257,0,0,0.000326568072677359,0.000589882612667236,9.67490444739642e-05
0,0,0.00398894887331038,0,0.000293793386290842,8.08324562541068e-05,0.000343925516500657,0.000408291440121367,0.149752468237114,0.000312175390921319,0.0127803588529769,0.000407479819455904,0.0880483348861162,0.00165525606555135,0,0.0126849107176112,0.0241230298930687,0.000734482134109935,0.00403819205471349,8.34722875582576e-05,0.00421375544649026,0.430048847771028,0.00526028783724562,0.304301064037329,0.286684732700019,0.0611401332950157,2.94474230285286,0.00944244674159762,0.00160855279294855,0.00124016316699803,0.00779438153006856,0.000484643853704613,0.000177889071947497,0.0125101229928362,0.00116381103375525,0.0289559270722415,0.0152007760269829,0.0126350969220769,0.0119802432223922,0.000589226165835863,0,0.072510554266533,0.015244537646737,0.00959037734652188,0.0112710312358487,0.0103477917747822,0.000107151559638616,0.000245993057916927,0.0032157841148946,0.000125450834182894,0.121038454535942,0.0134436988626312,0.000302306280083245,0,3.69882115414083e-05,0.000568402921463599,0.000221257665163332,0.00398453089909492,0.000568536290740418,0.0100702101078229,0.000245033323144841,0.0325818568852983,0.000536453255477273,0,0.00129733028732719,0.00925592049877674,0.00290923047471977,0.0207690762910137,0,0.00121757656497799,0.00404463832717763,0.00339618754422711,0.00466765040516641,0.0089803753488935,0.164508195766618,0.363090382329536,0.000955764757660685,0.00027767717949214,0.00144404606653252,0.0131049996281419,0,0.00022494696714161,0.0107454704147448,0.000734161659142744
0.0170424559356121,0.00398894887331038,0,0.000594748401111296,0.000688343938914189,0.00206586683370607,0.135640639632211,0.0249664716911149,0.00183766987021236,0.0012704013410167,0.00140711311710369,0.000554496829873407,0.0103312277591461,0.0680688991993851,0,0.00187977836002996,1.21426961515733,0.00236333570038199,0.0881494429874847,0.000343908693377658,0.659278684096382,0.00878376977223875,4.06650886195968,0.00489154465884957,0.000759498398350012,2.83443298208561,0.940740305953037,0.121415733579874,0.0322134911206337,0.316262230865258,0.000948333018405205,0.000285563210458124,0.0034688112787802,0.227865015612189,0.0254380205078227,0.417225018499252,0.155427692435114,0.215149176271666,0.319560173624676,0.00178264854852149,0.00180610333528536,0.000399129366784823,0.135852170375755,0.0425268613867531,0.0854313786812714,0.0805499457814034,0.00144912531266991,0.00072985712577143,0.000746345875386041,0.00160829249413868,0.0103397489175908,0.222368838534826,0,4.30601162810862e-05,0,0.00389118488451558,0.000207592873925889,0.00367037065460901,0,0,0.000162827365777659,9.97418136311058e-05,0.00217088061540861,0.00024183711846571,0.011618677972706,0.14474236345321,8.55536348472565e-05,0.050325846802585,0,0.0066840296437202,0.0138456658948241,0.0323226968884486,0.00629454790668233,0,0.144752353065968,0.392876088802261,0.00480994594856356,0.00109158342296342,0.00627611654326236,3.31118604799658e-05,0,0.000220749801469731,0.0829357995944753,0.0159222460320905
0.00185038745304409,0,0.000594748401111296,0,0.00357843998330374,0.114528780910214,0.0318404483660404,0.110641175361437,0.657454511883279,1.51524657934303,0.0148060917411792,0.786188069573476,0.0217700213663535,0.119216124844318,0.0136283855464161,0,0.00049567338534382,0.00181778390641981,0.00130229995808404,1.89115244961217,0.000203163828957963,0.0010752851673849,0.000350990001670769,0.596774135716584,0.00808549354614715,0.00244030483062358,0.000467031033202928,1.09043299991705,0.0440338485815764,0.00406766523623231,0.000233641009389675,0.0136022099220861,0.000806931041345551,0.0649826294482059,0.00374278636036954,0.130033409575241,0.0047472570080785,0.0935915439716587,0.032560603741531,0.110251825562322,0.00591238469044126,0.00257336219633687,0.0945122707317746,0.00176448301524425,0.120731931191405,0.0211272058363163,0.0372207157136378,0.00467751787978663,0.00552085326976034,0.000555039811600405,0.000175429448341128,2.35990273201346e-05,0.364735455518584,0.0006180882779392,0.0177900729042814,0.0230912680048335,0.0216205765698406,0.153162605756995,0.237713363983163,0.000840411069712948,0.0537755777836989,0.000138989822640276,0.0495238347645021,0.00701317363681647,0,0.000270098892262787,0,7.66582758041173e-05,0.0564641819118778,0,0.000503513378476492,4.91860296880304e-05,0.357729522857428,9.23315042470989e-05,3.04544998105109e-05,0.000572382249122512,0.253788430477467,0.0253776916161702,0.00101405010216103,0,0.000489605486237979,0.0053145252003265,0.0545693721062738,0.00153851944195593
0,0.000293793386290842,0.000688343938914189,0.00357843998330374,0,0.0833860492646248,0.00259874735627133,0.00193979415991254,0.0145690422069524,0.0119396569516045,0.0313011520270365,0.0261792813766141,0.0118503651250207,0.00339630147566704,0.318214154836495,0.00019298196060201,0.000476485973362816,0.00355005801084016,0.00281129371937942,0.00267758366177954,0.00240694682313565,0.000125781517316532,0.00324024929718582,0.00918016703797089,0.00218921564953464,0.00352724049993334,0.00215323262565748,0.0040477204009438,0.00851229810127868,0.00173589759647636,0.000926766761303157,0.157849374850296,0.000127974243329966,0.112873083106274,0.0191482394806192,0.0415238613484741,0.00243787808771811,0.00900178859940884,0.009817600761737,0.845739951051035,0.454237517778225,0.00228980484610854,0.00178226870068021,0.0027007392417128,0.00138998900819035,0.00737126155964801,0.000428023928296054,0.000185087993844628,0.00145682078490586,0,0,0.000447857072172695,0.000905684107662859,0,5.64515755729914e-05,0.000412323180663407,0,0.00105755055243257,0.000960967237689137,0.000688432777187652,0.00266117760720857,0.000626925884152624,6.34597365714848e-05,0.000294013092341662,0.000660106913249183,0,5.75472592932165e-05,0.00013866444441067,0.000104939918731082,0.000867466818864173,0.000207993103057503,0.00122815909914972,0.0010702839502399,7.47312343720257e-05,0.000961283992754105,0.00300616721521641,0.000648221903836486,0.000434043986224681,0.000767178842720115,0,0,0.000564869556168926,0.000245668326626837,0.0428218635175313
0.00918082724783386,8.08324562541068e-05,0.00206586683370607,0.114528780910214,0.0833860492646248,0,0.251866277337881,0.930334979469591,0.0509880121938113,1.93986042176654,0.010630498353722,0.53158418704178,0.0384776467334356,0.345099393678767,0.148135736058475,0,0.00192092991578446,0.0018877839049848,0.00127007621347615,0.126550826068786,0.00243778698246076,0.000399382136836076,0.00257033557067838,0.0309859037502379,0.0166302740761904,0.00272531130110766,0.00124043688980286,0.0455936928225901,0.0362904599401349,0.0353099820781348,0.00015850697969262,0.201254775790982,0.000807684688143632,0.0398376344984227,0.202267691415965,0.284150006308436,0.00852424419256401,0.0622909334936478,0.0389712028259135,0.546287619478323,0.0681539946797539,0.00376933216483839,0.0247244537854014,0.0014619712968221,0.01495878678069,0.00592644564048253,0.0067588112922018,0.000892212853772807,0.00760019623231526,0.000899619852982956,0.000104026202923239,3.38324621466816e-05,0.0225953788112495,0.000140044150751937,0.000578468529397353,0.00238354262973753,0.00096262457273256,0.0105544333780614,0.0129570239665761,0.00034628032781868,0.0204578672713857,0.000889354788205236,0.00172194388205104,0.00209655410909341,3.60894589054555e-05,0,0,0,0.00689806276144261,5.16860250157833e-05,0.000198646401269817,4.21629486469477e-05,0.0450065098116994,3.3530128441754e-05,0,0,0.0140870633720638,0.00474070499335046,0.00272654152129142,3.33172206470161e-05,5.35970250434577e-05,0.00169683262552535,0.0070414415646257,0.014819630115044
0.643501525095093,0.000343925516500657,0.135640639632211,0.0318404483660404,0.00259874735627133,0.251866277337881,0,1.08804657530385,0.0746058119816168,1.25739053240183,0.0390238422187383,0.0372786732511898,0.0865144037171166,2.42100948593851,0.00326235750360722,0.000907580664765834,0.0564042068368377,0.00820282542148689,0.0212011443770471,0.0181363591219453,0.318850665892428,0.00393732036930432,0.132493774474558,0.209155329725602,0.0155907551755978,0.0644351125983761,0.0318608827431562,4.40429843701512,0.743697165056722,1.45981152892666,0.00146035298840498,0.0429787538304159,0.0676678521852691,0.337587604418817,0.0493871016838881,0.854122519465563,0.0283132560226673,0.486266226131077,0.18950798819881,0.137583375730703,0.0410533219757535,0.00670789001169239,0.195444715662498,0.00946044408677418,0.127116323694054,0.0313326657636122,0.019562219101393,0.00729783591930452,0.00641361327802002,0.00448891354324334,0.000106958822878874,0.00238769285994751,0.0255755575064785,9.67372809570971e-05,0.00382776942151945,0.0120118341442434,0.016887169147229,0.0324835259119728,0.021105410527583,0.00120712379609084,0.0119837675170557,0.0011420392493601,0.0342481644326076,0.00219291686059118,0.0120719576002526,0.000599697183808523,0,4.12141902819842e-05,0.00554747238864984,0.00813233890823234,0.00437084766650217,0.00984277856677426,0.165838322221419,0.000118968184848883,0.000512196308190576,0.00554575391782215,0.0421925067500603,0.0340597151620751,0.0181349738222728,0,0.000129172192014193,0.019103614164264,0.0428910051567464,0.0153017767660432
0.186034552577499,0.000408291440121367,0.0249664716911149,0.110641175361437,0.00193979415991254,0.930334979469591,1.08804657530385,0,0.0479888749899755,1.46149886104188,0.0593998014376216,0.372837330524818,0.0964910414179195,2.45231637038743,0.007640046412626,0.000323549595761198,0.0489206417041961,0.0103669073306521,0.0153105084642144,0.173641404884463,0.0166146473330472,0.000229555066098514,0.0371351087224539,0.0704658317114995,0.0394496249652512,0.0265636935190434,0.0101148954830775,0.106911267042421,0.335574241161072,0.515211019178817,0.00250660086055234,0.0201287550713232,0.00761287782778863,0.11918003598518,0.0154659478521515,0.377337084887443,0.0176851015658545,0.185947506885829,0.113665126888691,0.0547129878187077,0.0139950237372749,0.00928652373267755,0.0619858454760775,0.0027495817033885,0.0425961053906687,0.00731540070454714,0.0108443455396798,0.00360000350439075,0.0091558234371794,0.00131631763595843,0.000194272413550291,0.000108922189964792,0.025469356982971,4.41294884320766e-05,0.00148964377880515,0.00576804138669832,0.00177886054244213,0.0190320248105208,0.0157759591090904,0.000931599423748417,0.0279181064552681,0.00326141052163035,0.00689032411947188,0.00148321231856035,0.000318847102937737,8.93640978145689e-05,0,0.000136786184913671,0.00677639742375287,0.000173856245086187,0.000448482438951483,0.000137153215265786,0.0983936777064027,0.00029805322422834,0.000281170768788901,0.000829568980711779,0.0241834472644824,0.0089364364138003,0.00557614042159394,0.000125260035546118,6.54290150672317e-05,0.00674320277927509,0.0231684968004234,0.00875212516249447
0.00288332762300222,0.149752468237114,0.00183766987021236,0.657454511883279,0.0145690422069524,0.0509880121938113,0.0746058119816168,0.0479888749899755,0,0.285203674781697,0.0098993840654316,0.491088329787537,0.0537688445369523,0.0713168464190903,0.0198303826174863,0.0431390862577763,0.00347861694102523,0.00122958977354254,0.00173380443175886,0.116343672169454,0.0324766470283586,0.598170018734624,0.0173758678601287,3.3077778859739,0.128767780262264,0.0123242097656405,0.403764154797474,0.609093761018124,0.129850148517025,0.0415695161855061,0.00480601629238158,0.013768673152638,0.0255656206395084,0.0431879398373772,0.0157737793757789,0.302969449422168,0.0146846774483687,0.0910698809345577,0.0368274042523563,0.175218142789143,0.0101700573375526,0.0161295458127642,0.099273311926474,0.0184022715688631,0.0658793741806783,0.0173175202072663,0.0135964464093703,0.0026789338056805,0.004238188524408,0.00484139386982588,0.00253381268386181,0.00085629632988674,0.112949805787603,0.000317068873767829,0.00661545025829076,0.0166468821996236,0.0168632195204726,0.31654461938447,0.056703450227607,0.00400450925124153,0.0215686888641263,0.00772519281252579,0.0353036166960226,0.00328825646560092,0.0714061394883372,0.0024201887585319,0.00255228254557415,0.0050165583506103,0.0113653983460654,0.0474715914203365,0.0559121769285897,0.0306878388689682,0.359076019839039,0.00142940491417743,0.00805885224801457,0.0101611228224952,0.114825570192537,0.0417021441666802,0.029672835180656,0.000834757810316443,0.000648405365100917,0.0169851500171054,0.0234285782359214,0.0180860381366127
0.0134790357233196,0.000312175390921319,0.0012704013410167,1.51524657934303,0.0119396569516045,1.93986042176654,1.25739053240183,1.46149886104188,0.285203674781697,0,0.0769495782171911,0.919602092393679,0.0792964968084231,0.936687482471628,0.029510675275855,0,0.00308817435459241,0.0164770964251918,0.0138165080585813,0.599856774087088,0.000739343852226207,0.000324791425813684,0.000996630476667919,0.147090672082947,0.0283401777259507,0.0181036914366591,0.00409145465785203,0.580427053499446,0.195600562164082,0.021364304211781,0.00280144507069912,0.0527351843677898,0.00131839362173619,0.268473518387394,0.00973811662447529,0.379991540751299,0.0134859182378818,0.309555775188557,0.100749216168267,0.15257977844026,0.0177982352215501,0.0123673542104875,0.057587804933507,0.00104198652468432,0.0699580531025751,0.00781624658427284,0.031366332601156,0.0028999667024913,0.00663436887498959,0.000494287600466683,0.000362815441431943,0,0.280248799651529,0.000419151001880634,0.0139717862521033,0.0153487447811217,0.00510479277342423,0.0839984816495847,0.184464488196265,0.000651569573229816,0.0629842710939925,0.00183923347180665,0.0224007407474847,0.0093181606761886,0,0,0,0,0.0499799663130387,0,0.000264108183823538,0,0.232212272036211,0.000690786858003137,0,3.45342675248742e-05,0.193539258057308,0.0126772091641438,0.000528779603972089,0,0.000154048938356468,0.0024207605236762,0.0444364108035153,0.000986924022597673
0.00756673934820905,0.0127803588529769,0.00140711311710369,0.0148060917411792,0.0313011520270365,0.010630498353722,0.0390238422187383,0.0593998014376216,0.0098993840654316,0.0769495782171911,0,0.0654075563665198,0.890116150643891,0.319332342401699,0.000764387080366197,9.05640493157144e-05,0.0089230548365095,1.2643931479561,0.142464583102065,0.0267438895907831,0.00447061627151598,0.00291286342557062,0.00470708027426471,0.0116406928338419,0.0519643179307422,0.403515600244541,0.014141536223824,0.0135026425570433,0.127916530206163,0.0212443824461722,0.0644900727236322,0.174954273396086,0.000172766079220918,1.81494509778326,0.00086179741563116,0.0477790045573965,0.492295616261961,0.782412617430901,0.045317338649234,0.00564904772860599,0.00117118751898488,0.264955817183142,0.00126288772886988,0.00859068564640924,0.00256343880727339,0.00189796626932771,3.37264907583684e-05,0,0.0144526131114471,0,0.0307748559726505,8.70707322726667e-05,7.99922327752888e-05,0,0,9.69648688876867e-05,0.00059951713784562,0.00783958778193559,7.76604686775267e-05,0.158376783538218,0.0114841526581015,0.352147831392881,0.000921802724311254,0.000147376789655876,0.000435059880737924,0.000125442623442203,0.00588567898408869,0.00118693822921724,0.000138394042562022,0,0.00677576384353781,2.8538197574386e-05,0.00766385909172131,0.0387171545219134,0.0364813559197437,0.016698542139499,0.000248659796513784,0.00095005281006774,0.000549634537598315,0.0464913561026999,9.5294398276505e-05,0,0.00247787722046125,0.000502078617582407
0.00382087939437216,0.000407479819455904,0.000554496829873407,0.786188069573476,0.0261792813766141,0.53158418704178,0.0372786732511898,0.372837330524818,0.491088329787537,0.919602092393679,0.0654075563665198,0,0.0577831900237221,0.340478980108222,0.134957867966648,0,0.0019234731239763,0.0136975778976024,0.0142530157980429,1.27678329523666,0.00048077300702022,0.00134898725936754,0.000756279472615961,0.0595586400600748,0.0286708996570905,0.014214424931325,0.00408031636759343,0.0557105474326042,0.0942169327639111,0.00928983921143883,0.00248125511810347,0.0525015035433163,0.000188359259681112,0.0763723736162219,0.219376827364368,0.143919180008124,0.00992211675448109,0.131975524242504,0.0702745903120141,0.306350060301762,0.00630115355808742,0.010580893915902,0.0117961420215649,0.00247908242834597,0.0147977362154241,0.00761341907760464,0.0441622295557801,0.00209999424770824,0.0134893501792338,0,3.58281708172411e-05,7.42222708812475e-05,0.246726939931073,0.00100281264685695,0.0143391491203479,0.00244578209821148,0.00688582601101503,0.0648301079340469,0.145376688880595,0.00144936334058694,0.122540872281053,0.00262086280571972,0.0106375575232058,0.0177270163997191,0,0,0.000201917818058854,0.000141588379203302,0.0420480327429705,0,0.000455708114493185,0,0.0880645376534221,0.0005033650002029,0.000140324919806329,0.000450127786744791,0.0910096498385949,0.00379313513984097,0.000307481502393421,0,0.00102576045677346,0.000560559782587531,0.008677017538712,0.0217974634003942
0.0048248641985913,0.0880483348861162,0.0103312277591461,0.0217700213663535,0.0118503651250207,0.0384776467334356,0.0865144037171166,0.0964910414179195,0.0537688445369523,0.0792964968084231,0.890116150643891,0.0577831900237221,0,0.243110417540469,0.00170350421084945,0.00319748072689323,0.00447959223652725,0.0358820826942691,0.0217219486818345,0.0186411056129643,0.0285644627823177,0.0296274705121706,0.0298186158492246,0.0688334492411199,0.502857772510147,0.0754613478448848,0.33912616251541,0.0746007117261187,0.0537112499836848,0.051318961176461,0.0902530970690763,0.15559741518955,0.0011685471593468,0.457113647854076,0.0730572915232467,0.641851495761716,0.803663400524128,0.973095769481564,0.813638825650023,0.135195782423965,0.171647284292724,0.772200735127469,0.0442611556083328,0.0612398795267047,0.0525358307659358,0.0444583678659967,0.0409577761282606,0.00768988961425677,0.0643285598203456,0.000577922339928589,0.0949600119640362,0.00240208843945347,0.0023295140744722,5.60772294131816e-05,0.00315180833354021,0.00191421831186014,0.0162728717529021,0.0182193425685273,0.00149273592056754,0.580801502255777,0.0280283964640605,1.34183617882553,0.0143809505618889,0.00243210877006801,0.00365520888306953,0.00180414528658137,0.0712505307868942,0.020837406530601,0.00132659122955544,0.00213560358584302,0.0195601385951254,0.0038273595583802,0.0316366974502539,0.170867890501438,0.287759378704639,0.300721048554135,0.00382405171889641,0.011918467585291,0.00315512744055391,0.3417889129431,0.00529183981064235,0.00335553084059518,0.0231722573250512,0.0347318879205052
1.06337698556914,0.00165525606555135,0.0680688991993851,0.119216124844318,0.00339630147566704,0.345099393678767,2.42100948593851,2.45231637038743,0.0713168464190903,0.936687482471628,0.319332342401699,0.340478980108222,0.243110417540469,0,0.0088657560963358,0.000422524300861126,0.130827836488752,0.0779730318655586,0.0787643594131498,0.152297382649716,0.0408193683328427,0.00105380617164125,0.0892012407286594,0.107254094809038,0.0900722415638011,0.115336793953857,0.0433275080845954,0.207780152606539,2.96808240035048,1.55866083774558,0.0150359276356349,0.0749648792185754,0.0187019939213031,0.419589518764891,0.0212751396328088,0.551369186199884,0.0511938871899374,0.472577859703339,0.235451325772997,0.0662444804106764,0.0234334533995974,0.0420166528285292,0.0854544597000777,0.0049060340526721,0.0544161296346314,0.0163713760278463,0.0146711050293118,0.00351994371226091,0.0151907674359852,0.00281485905426851,0.0010412429970985,0.000533219921861082,0.0265228850191408,7.44969937467456e-05,0.0004913359281423,0.00865214195416528,0.00302900431491266,0.0239410245821916,0.0115455110704308,0.0077216561613175,0.047361348462916,0.012929277663403,0.00675701011824373,0.00191449867927291,0.00177469503367723,0.00040467893795039,9.61640790679548e-05,0.000171596657873768,0.00667028923738345,0.00115047428667733,0.00104233097145616,0.000725542085024142,0.137213659943439,0.00185186911974868,0.00207455703609854,0.00345202716892953,0.0301058514926771,0.0142900061930052,0.007218514764976,0.00166352729239194,0.000149719174344027,0.0134785300969585,0.0225884998925928,0.0106110730998191
0,0,0,0.0136283855464161,0.318214154836495,0.148135736058475,0.00326235750360722,0.007640046412626,0.0198303826174863,0.029510675275855,0.000764387080366197,0.134957867966648,0.00170350421084945,0.0088657560963358,0,0,9.20126223684666e-05,0.000303079324284482,0.000218496265837368,0.0103071005946653,7.35679346900463e-05,0.000722554475209642,0,0.0234775098512537,0.000888488956703907,0.000373518481566459,0.000588007191617364,0.00576708885991068,0.00212411452767438,0.000226048225323999,0.000154069626943075,0.0624519188258458,2.83004904315323e-05,0.00284408923721836,0.0198213754538169,0.0101345134184808,0.000389878994291079,0.00465109508278002,0.00260759958062224,0.529400069140853,0.027394286896132,0,0.00030956849962086,8.98738969355553e-05,0.000434550723165291,0.000105671049338421,0.000955390271330641,0,0.00083224803002851,0,6.38008947341203e-05,0,0.00295227679232009,0.00019553209913342,6.98832259823322e-05,0,0.000143258415825891,0.000911915774116025,0.00126878011328501,0,0.00470680234365745,0.000107501669826806,0.000280658778160304,0.000329343019995022,0,0,0,0,0.000700900458066657,0,0,0,0.00159089259760521,3.99680904286921e-05,0,0,0.00135760956680559,9.85294274133447e-05,3.14007270246178e-05,0,0,0,0.000188029517305354,0.000690805007352143
0,0.0126849107176112,0.00187977836002996,0,0.00019298196060201,0,0.000907580664765834,0.000323549595761198,0.0431390862577763,0,9.05640493157144e-05,0,0.00319748072689323,0.000422524300861126,0,0,0.00340905746783697,3.85370656103134e-05,0.00216907842521638,0,0.776383423214868,1.3410280439753,0.84735612097454,0.325010055335584,0.00517502756251309,0.00482168156077294,0.78099093106044,0.675471262803112,0.000429945214662034,0.00116134929411754,0.000164812038738307,5.83067608939171e-05,0.000448369321577099,0.00778668984242878,0.0118154291430989,0.221203494995702,0.0682941906537323,0.0330641458791645,0.043389602431058,0.000930006262409399,0.000176600961459381,0.000677310026955342,0.0678545098754174,0.0258797161307399,0.0287936443001484,0.0238339856655051,0.000523257985984778,0.000316045113548303,0,0.000346653129410395,0.000945898956996463,0.0145668246977644,0,0,0,0.00173288769959553,0.000133382714291498,0.0017060284448444,0,0,0,0.000384579290035686,0.00045535230045493,8.48476755782545e-05,0.44304774778475,0.00587116606323243,0,0.000906450574645677,0,0.0988021295632644,0.233909315960268,0.479539692880578,0.0227398663690265,0.000109323669846138,0.00359889242081446,0.0832416024694284,0.034607713379382,0.000315241911183292,0.0189649940567749,0,0,0.000158206212120437,0.00913844543146188,0.00911838450018162
0.0364194644616001,0.0241230298930687,1.21426961515733,0.00049567338534382,0.000476485973362816,0.00192092991578446,0.0564042068368377,0.0489206417041961,0.00347861694102523,0.00308817435459241,0.0089230548365095,0.0019234731239763,0.00447959223652725,0.130827836488752,9.20126223684666e-05,0.00340905746783697,0,0.00116798803917445,0.325595875081831,0.000854885783399626,0.279446773375386,0.0121715873558728,0.943932735090456,0.0105781705943577,0.000511661605941593,1.57075899803785,1.90763312020028,0.0527722329185712,0.0923753883271127,0.67292224007524,0.00049812476316694,0.00254315061692347,0.00661494997726741,0.934398733546719,0.00538243206382538,0.153904551915337,0.300699069304324,0.112722201537964,0.0689518631982765,0.000967337109292009,0.00138759650725436,0.000290483093828052,0.0560281417142566,0.0402914554000455,0.0408137831651781,0.0349587053191757,0.000172156934450495,0.000140887358239273,0.00030905981916612,5.90568063953578e-05,0.016298958600957,0.0615509747941489,0,0,3.88205652885795e-05,0.00101772133700554,0,0.000592663290790778,0,0.000131227885455799,7.64993955457151e-05,0.000431517552635372,0.000853320046904933,4.49122205525667e-05,0.00575512773267275,0.0593691055269396,9.30216215847019e-05,0.0298032023683451,0,0.00205742330126432,0.00505839467566907,0.0115606060454652,0.00180676216231503,7.64716041023374e-05,0.157509794587966,0.165198236963483,0.000879414906227477,0.000932314294609249,0.00214126806694454,0.000267588376081154,0,0.000352679400653958,0.0470636530124135,0.00305827065908587
0.00169506469886723,0.000734482134109935,0.00236333570038199,0.00181778390641981,0.00355005801084016,0.0018877839049848,0.00820282542148689,0.0103669073306521,0.00122958977354254,0.0164770964251918,1.2643931479561,0.0136975778976024,0.0358820826942691,0.0779730318655586,0.000303079324284482,3.85370656103134e-05,0.00116798803917445,0,0.122862493107515,0.00560253876428685,0.00535266212845496,0.00034823567555018,0.00906882906802985,0.00277660934301775,0.00622302288568287,0.390625674092383,0.0197028717823228,0.00347012147686162,0.0336909731859084,0.00640486318385405,0.0099763956672524,0.0281942664402939,0.000182277575372415,0.42223828211899,0.00324670812027657,0.147695552845368,0.335635211149568,0.492973465957773,0.103808744768895,0.00162163291259834,0.000837612835268289,0.0366728608985614,0.00316810639503688,0.0114818679372889,0.00654654429375023,0.00324170193787078,0.000304460798927093,0,0.00066528682317527,0,0.00456996196947256,0.000203816224330616,0,0,3.88322452424258e-05,0,0.00086457315544973,0.000512091634724667,3.65469664444745e-05,0.0531843583379113,0.000456413817681962,0.0728634052085908,0.00319592545194963,0,7.08067644884944e-05,0.000113485687833226,0.0227807819266368,0.00713425517089576,0,0,0.000365769235178822,5.00680252427265e-05,0.000333775496437964,0.00658524691657387,0.0930950647624973,0.0435429667348893,0,0.00221826169193355,0,0.0487074032263246,0.00044929457716856,0,0.00659427929740652,0.00142769210676608
0.00643109913125051,0.00403819205471349,0.0881494429874847,0.00130229995808404,0.00281129371937942,0.00127007621347615,0.0212011443770471,0.0153105084642144,0.00173380443175886,0.0138165080585813,0.142464583102065,0.0142530157980429,0.0217219486818345,0.0787643594131498,0.000218496265837368,0.00216907842521638,0.325595875081831,0.122862493107515,0,0.00375731397753515,0.0884756310775417,0.004123749808409,0.192573527072405,0.00491160166266784,0.00179137146314104,0.665841225085638,0.251635732048637,0.014554885366997,0.052102239793716,0.0960299028014786,0.00105749107443081,0.0175029821725849,0.00131617184813849,1.24352540052018,0.00904618592888729,0.398948558266225,0.181663364636985,0.408790814830982,0.231479753131711,0.00164649340458528,0.00138029010444337,0.00407704945242519,0.0152987550894719,0.0111279089441837,0.00685824216378905,0.00860475217360825,0.000141125351113746,0.00016543274755258,3.69774076514899e-05,7.17933688151479e-05,0.00484856242330389,0.00588448234141362,0,0,0,0,0.000108114264941314,0.000413747860083366,0,0.00150715242317568,0.000374682821742827,0.00358953497174407,0.00105810859706796,0.000108800573422515,0.00111876732274603,0.00337248749595375,0.0043590209706001,0.00781424431455736,0,2.09688017200068e-05,0.00193611012510016,0.0036207604698096,0,0.00119865807766707,0.170715059564195,0.0899919561609496,3.26273728675455e-05,0.000616984833640364,0.000188936159907821,0.00549813775425939,0.000103353617646521,0,0.00790404690797592,0.00597769105116741
0.00207373916707559,8.34722875582576e-05,0.000343908693377658,1.89115244961217,0.00267758366177954,0.126550826068786,0.0181363591219453,0.173641404884463,0.116343672169454,0.599856774087088,0.0267438895907831,1.27678329523666,0.0186411056129643,0.152297382649716,0.0103071005946653,0,0.000854885783399626,0.00560253876428685,0.00375731397753515,0,0.000148701379445955,9.1972609159398e-05,0.000195454897684503,0.0682804636053487,0.00731429784788503,0.00504906137631169,0.00144817572137031,0.0307469325050911,0.0446686108656518,0.00475060030523893,0.000795802832561076,0.0098821230048139,0,0.0404122605993017,0.00150913187209974,0.0605014043363401,0.00363330555161054,0.0557705508274215,0.022638290104486,0.0418467287465156,0.00238135852688872,0.00419842890215162,0.0115518879155025,0.000498806933930821,0.0149788441052824,0.00248124637363767,0.0077981977022771,0.000801744548809889,0.00223563296408901,3.53183905653238e-05,5.89280600404978e-05,0,0.0786687707005228,0,0.00421222641842194,0.00183399581444201,0.00283638341395015,0.0217075497759813,0.0510098514661281,0.000173703524231094,0.0215846712407037,0.000677302034556737,0.00667782795887022,0.00217638548035804,0,0,0,0,0.0116919473272881,6.6942508500421e-05,0,0,0.0523312744589723,0.000281014311858103,0,2.44152008224427e-05,0.0412094097116479,0.00243856705404249,0.000262853342200034,4.13590993424207e-05,4.40158400281728e-05,0.000352247762608838,0.00871477375371758,0.000235056116800376
0.00916323174374649,0.00421375544649026,0.659278684096382,0.000203163828957963,0.00240694682313565,0.00243778698246076,0.318850665892428,0.0166146473330472,0.0324766470283586,0.000739343852226207,0.00447061627151598,0.00048077300702022,0.0285644627823177,0.0408193683328427,7.35679346900463e-05,0.776383423214868,0.279446773375386,0.00535266212845496,0.0884756310775417,0.000148701379445955,0,0.194155637916242,3.31297218809384,0.0458108940732078,0.00180569657745579,0.253921576948316,0.405012735324166,1.7971227771437,0.0697416152324996,2.96811257038425,0.000629303801993695,0.00148393677760393,0.02400401313654,1.21695408578407,0.188754003595869,1.77880795204688,0.252375636355348,1.17681623927818,0.974237302128761,0.0161403375590888,0.00637620044772724,0.00139544733662392,0.101348464624046,0.0312713953054057,0.0297716654834648,0.0407296819944552,0.00142594156391188,0.00114864392496475,0.000659077794213998,0.000953221907981147,0.00103903009196333,0.0235526187257858,0,0.000301195263896489,0,0.00187947918824191,0.000547542025211501,0.00380683841858846,0.000109719526744858,3.96293879406363e-05,0.000199711490142095,6.26720931018352e-05,0.00123540480286061,0.000894835746043962,0.174648505116223,0.00872935902667197,5.93419072489261e-05,0.00141737190117694,0,0.139696384991686,0.0985189576838592,0.22070306333248,0.0348011270481142,4.71450864673912e-05,0.00656412234394852,0.0750244789325693,0.0424997320967524,0.00302939329807902,0.0648385675523701,0,0,0.00161670267010941,0.0152117963612986,0.070657183815814
0.000248837281674436,0.430048847771028,0.00878376977223875,0.0010752851673849,0.000125781517316532,0.000399382136836076,0.00393732036930432,0.000229555066098514,0.598170018734624,0.000324791425813684,0.00291286342557062,0.00134898725936754,0.0296274705121706,0.00105380617164125,0.000722554475209642,1.3410280439753,0.0121715873558728,0.00034823567555018,0.004123749808409,9.1972609159398e-05,0.194155637916242,0,0.382159890373542,1.60296633301412,0.146694991437508,0.0158726387126941,2.94870549069976,0.323481028849571,0.00506309875618993,0.00470638355814405,0.00305727625913805,4.24942517642885e-05,0.00278650749604893,0.0185534168378072,0.00753076605807604,0.116114448902459,0.0166557412788379,0.0451687399741318,0.0329995307921803,0.00301906936719651,0.000286797921480351,0.0154691361668641,0.0497513969778984,0.0120823282617328,0.0223368727812962,0.0191026882698198,0.000721511004899526,0.000464819136215168,0.000574702896642923,3.26036086226552e-05,0.0208885848267022,0.0671354557635003,0.00256503191470078,0,5.17229490886629e-05,0.00129894960119614,0.000263351259198576,0.0140297839268612,0.00131512252033017,0.00259793018809952,3.32124326189011e-05,0.00722353867891569,0.000823953327370227,0.000146577948741436,0.153077882743965,0.0196073903673101,0.000837980442474806,0.00256884440474524,0.000416212519035634,0.0376801111434658,0.126601315087224,0.122494778234088,0.0240288744695484,0.00168431450762432,0.023034180347546,0.398528204738563,0.0196939438337015,0.00110846128243671,0.00829246684340293,0.000817637246092534,0,0.000738069001302588,0.0132339222228041,0.00624680865209432
0.020486815771479,0.00526028783724562,4.06650886195968,0.000350990001670769,0.00324024929718582,0.00257033557067838,0.132493774474558,0.0371351087224539,0.0173758678601287,0.000996630476667919,0.00470708027426471,0.000756279472615961,0.0298186158492246,0.0892012407286594,0,0.84735612097454,0.943932735090456,0.00906882906802985,0.192573527072405,0.000195454897684503,3.31297218809384,0.382159890373542,0,0.0675511498467724,0.000944839294329381,1.04009063070513,3.15531494264569,0.453648219551413,0.0607962666850536,1.13932741331044,0.00138105381923767,0.000990593579442807,0.00698947738796498,0.93925595171884,0.255100726047324,3.14609960513179,0.716575258303105,1.39516489368092,1.38362562786537,0.016399403245635,0.00651346563204977,0.000753027164802879,0.193679455330557,0.0504992831003623,0.115891718187017,0.101285590435126,0.00233113903827959,0.00125774409877274,0.000702324113165715,0.000227302870170065,0.0045540894162691,0.213307003190261,0,0.000389200295435935,0,0.006220275843023,0.000381956680800569,0.00124497093035867,0,0,0.000949832276473456,0,0.00129431046262037,0.000886583337056541,0.704397525132348,0.0460978871008639,0,0.00829435339181247,0,0.105027165579159,0.229393199327399,0.949383713571409,0.0252171354609516,0,0.0324033834571463,0.606598006326335,0.0453687538977154,0.000427912970082304,0.0173937532982469,0,0,0.000621412730290648,0.065819342908159,0.111430367168951
0.00594706141404757,0.304301064037329,0.00489154465884957,0.596774135716584,0.00918016703797089,0.0309859037502379,0.209155329725602,0.0704658317114995,3.3077778859739,0.147090672082947,0.0116406928338419,0.0595586400600748,0.0688334492411199,0.107254094809038,0.0234775098512537,0.325010055335584,0.0105781705943577,0.00277660934301775,0.00491160166266784,0.0682804636053487,0.0458108940732078,1.60296633301412,0.0675511498467724,0,0.150928947467955,0.0151470838425278,0.703005553499839,1.40656519653261,0.245787133861222,0.096535901834791,0.00308067271217443,0.0119301487669747,0.0566594076150652,0.101350666155175,0.0395565551529697,0.591845205053866,0.0623403749134921,0.202223549099261,0.102032583713668,0.184778080183907,0.014326007439012,0.0164583354892178,0.662475014211695,0.0646070375551418,0.397378291291839,0.118619975255779,0.0444838090320241,0.0218536779939358,0.0238932902712997,0.019337768911019,0.00310641790877528,0.00895409526404856,0.120400894362456,0.000827917780811432,0.0113257863796668,0.0423941665093374,0.0526434505291801,0.325822248202876,0.0815740244515153,0.00483679426464571,0.0192806551955469,0.00557975935003078,0.0990398653951897,0.0090025608888473,0.19067837451016,0.00514467975650668,0.000101224232402873,0.00143145017841492,0.0187117825690388,0.150338941575572,0.144123080722756,0.14755172979421,0.946674251040391,0.00126768369097551,0.00410172405982008,0.0418905383853554,0.250900324853018,0.158019333120367,0.1580671608035,0.00013874883767054,0.00124026784450731,0.0918654864559572,0.155100803786385,0.0448154311606315
0.00134559824514796,0.286684732700019,0.000759498398350012,0.00808549354614715,0.00218921564953464,0.0166302740761904,0.0155907551755978,0.0394496249652512,0.128767780262264,0.0283401777259507,0.0519643179307422,0.0286708996570905,0.502857772510147,0.0900722415638011,0.000888488956703907,0.00517502756251309,0.000511661605941593,0.00622302288568287,0.00179137146314104,0.00731429784788503,0.00180569657745579,0.146694991437508,0.000944839294329381,0.150928947467955,0,0.0294670727924395,0.466032129089678,0.0233887133431279,0.0127884596166462,0.00532656892826272,0.0153627812054163,0.045019111436014,0.000404708950552774,0.0436986396235145,0.00140503608813596,0.0808747991381978,0.0477199492955693,0.220657535079946,0.123706650657877,0.0736417431891954,0.0351876524022994,0.226861413979463,0.051808065052754,0.0583111251532836,0.136674474279613,0.161687823280843,0.0829489093763019,0.0245892990175168,0.083754112010907,0.000407435237236503,0.0638530951083984,0.00034235432684496,0.00348573603597724,0.00109705221294808,0.00959983934371362,0.00446797210302149,0.0642682160383018,0.0116186457739871,0.00776211672636605,0.0805974735433768,0.0273881941275929,0.345958139523831,0.046405671441036,0.00558124310041971,0.000869522350570899,0.000215722838827568,0.0102832751250366,0.00608543798654708,0.00393648105693199,0.000311133661956734,0.00994483060950396,0.000304493331898007,0.0190584122751954,0.137465280504473,0.0867272699298169,0.184339863257199,0.00438397531464175,0.00828498872397531,0.00177008628778082,0.0567070764395045,0.00735777299473475,0.00207202485283429,0.0122537174865375,0.00215223747633805
0.0128360181729407,0.0611401332950157,2.83443298208561,0.00244030483062358,0.00352724049993334,0.00272531130110766,0.0644351125983761,0.0265636935190434,0.0123242097656405,0.0181036914366591,0.403515600244541,0.014214424931325,0.0754613478448848,0.115336793953857,0.000373518481566459,0.00482168156077294,1.57075899803785,0.390625674092383,0.665841225085638,0.00504906137631169,0.253921576948316,0.0158726387126941,1.04009063070513,0.0151470838425278,0.0294670727924395,0,2.55613211028823,0.0456340733221346,0.0597550531317899,0.187349695291777,0.0747914179421939,0.0226764831734866,0.00272985122342189,0.684869263026263,0.0352851331084102,1.35422657928048,1.12671409711669,0.827284842670363,0.592957928505919,0.00347987045642273,0.00291516206366958,0.00666856873408744,0.150804708267923,0.152954111399809,0.105464036951193,0.0985921082428254,0.00153768258795376,0.000952101775338384,0.00166683917255213,0.000807902402159858,0.120497772244935,0.0690449823379064,6.62924744570017e-05,0.00012010562581929,0.000143521633950329,0.00359831592492495,0.00233401083513838,0.0040206157081226,0.0005340115520955,0.0879313796427892,0.00212567339852346,0.148406153236894,0.0177652888616762,0.00025068028566339,0.00498078224494619,0.0683898902396622,0.101884586573709,0.176617168218843,0.000131873010845641,0.00320329302019627,0.0097328255541669,0.0220140645216133,0.00265721457433872,0.0275128668687507,1.96688372510578,1.52593243413446,0.00239254308949621,0.0116909750971488,0.00654858421534556,0.201912521298174,0.00303730300972688,0,0.114295854069486,0.0215237254329198
