0,0,0.0495773732545395,0.000538162549940514,9.08551387260374e-05,0.00844642080932715,0.621576482398402,0.528325993979973,0.000865959897830701,0.0145437725246241,0.00303982903043174,0.00254379416729915,0.000303977704505742,1.07511880371213,0.000501407035001289,8.90225919963598e-05,0.110699718578688,0.00350189452858627,0.0163895822250199,0.000813071328652966,0.0162023498042287,8.37661269442797e-05,0.100678022064009,0.00690841934887918,0.000191285928272963,0.0503232825858661,0.0157096024236526,0.0275236050550598,0.83013478082087,0.650091256828771,0.000138757895980549,0.000579360648989403,0.000920664657984827,0.0157814901205012,0.0010424540894077,0.00519632488894306,0.000112769674781602,0.00901949908122387,0.00356629409457674,0.0028361337793128,0.0013709190944664,0.000648632180682623,0.000363183670800185,0,0.000159515199543703,0.000154498724890006,0.000206531997633374,0,8.17229008315444e-05,0,0,0,0.000441385372225458,0,0.000105905927654385,7.14421635846615e-05,0,4.86329087200165e-05,0.000145651219165277,0,0.000299139725162482,0,0,4.55630629040241e-05,3.69139730604172e-05,0,0,0,4.75064105194688e-05,0,8.09587683073997e-05,7.38778032064021e-05,0.00104926929140817,0,0,0.000569762936056972,0.00146003635953153,6.15899253403783e-05,0,0,0,0,0.0001320645842309,0.000232574242381049
0,0,0.00569365079111554,0.000508638671284062,0.000242960286189187,0.000118174465392113,0.00065061163764546,0.00164814690219012,0.238438910039035,0.00025853077248584,0.0512233788968132,0.00176371639780884,0.130154314948361,0.00253781387468811,0.00356640741336328,0.00903196858454854,0.00554177773579365,0.00165367056157053,0.000962098742644673,0.000122453868328834,0.00204217740176583,0.32342340154069,0.00179297485526918,0.277544092402374,0.644451933261119,0.046777329535498,2.49686859993684,0.00894267827609074,0.00126374048989475,0.000182316161238354,0.0027267358333968,0.000571073315225172,9.87266186503527e-05,0.0204548649109133,0.000947979269550415,0.0272255436142739,0.0339527613732169,0.031366463856267,0.0189896175172107,0.00161892015172646,0.000277371725630593,0.0998587355491084,0.0130679166610607,0.00973796312723595,0.0108336971126574,0.00991253135266402,0.000702217731296313,0,0.00870252937717965,0,0.272057307829738,0.006097037836438,0.000405075210321427,0.000112589454046536,0,0.000111419647952831,0,0.00625426228962209,0.000382676314972186,0.00398088517545406,9.83293787231445e-05,0.013004978288543,0.000197216930988705,0.000559122032983828,0.00363312892647948,0.00701151837111882,0.000403103943162132,0.00199602895873902,0.000299412318400139,0.000134399566131323,0.00830642103963216,0.000731018768350744,0.0139764535505135,0.0439461535372469,0.0674254707725885,1.12017337590733,0.0026569631599387,0.000154283224389589,7.63378373109221e-05,0.00415261152580142,0.000247942088024139,0,0.00392120101474718,0.00158108051883219
0.0495773732545395,0.00569365079111554,0,0.00344728412345028,0.0012697483707469,0.00912562567505081,0.342135746521658,0.199644166843649,0.00147081398461621,0.0205665575046098,0.00340608407899175,0.00198163058970393,0,0.180181875732133,0.00422430551656848,0.00835007100948624,1.83423985047278,0.0124685027665704,0.0574405774194828,0.00114402129238334,0.200935150736226,0.00541725953604282,4.113699213876,0.0273669103098874,0.00151191463825507,2.32444789535503,1.4649770167768,0.26278491514105,0.106283999126422,0.068684497542868,3.37136390250981e-05,0.00125619247540523,0.00637683279241519,0.302330016025817,0.0859911942308513,0.723574067334397,0.0848926015163165,0.557743648554781,0.547800888414613,0.00516062482499606,0.00823859742544861,0.00154830860649824,0.0416581191714384,0.00515184703066703,0.0255955801194194,0.0290637927265789,0.000928881267892203,0.000449046334442449,0.000503235364909792,0,0.0199091440124884,0.125198637720015,0.000141153895892984,0,0,0.00176891593975068,0.000293601939033568,0.00150446675405292,0.000106604748483109,0.000570124066636789,8.47943369006514e-05,0.000255714418317175,0.000455567132883793,0.000906605047318654,0.0178186956356602,0.017182996710566,0.000375278213643789,0.00347469135930854,0,0.00307193937096574,0.0138125661779672,0.050572975728099,0.00373811003183332,0.000123827539570999,0.0247667736125563,1.3708210664804,0.00172698490629334,0.000174659927373957,0.000332141855789423,3.97761954297543e-05,0,0,0.00961359223263107,0.0372255031393564
0.000538162549940514,0.000508638671284062,0.00344728412345028,0,0.0046089382245325,0.00623396434922407,0.018572555697175,0.0155612128707869,0.578691650076623,0.540863417945475,0.00176176488424365,0.309016147957581,3.96754078377664e-05,0.0124150125118747,0.0314105766295337,0,0.000353271869625491,0.000626019732893032,0.00030450550951451,1.55771186390531,0.000176638212850332,0.0011747480809025,0.00429423982070274,0.724434632216374,0.00584590728296762,0.000733621617786652,0.0013728397491699,0.545902426764102,0.00773218160731785,0.000259254048757046,0,0.0011778289736768,0.000223939440961677,0.00503727590920583,0.00329105570675164,0.0159761746449661,0,0.00993543822786652,0.0021392653520454,0.0243797956788114,0.00598362189074185,0.000426694730570418,0.0150394574181033,0,0.00460507264256212,0.00116111548235227,0.0835517665546301,0.00175338973670242,0.000217271750840127,8.1194655852747e-05,0,0,0.169023943825524,0.00118425527132681,0.00925305003321416,0.0110193003588889,0.00702800981805137,0.0830437838123979,0.0830342203243629,0.000131340605597902,0.068785389863625,0,0.000768028760894227,0.0372349686624987,0,0,0,0,0.148375979692272,0,0.000656312899144143,0,0.0936171778287254,0.000117806491423059,0,5.15487173184752e-05,0.134605320617103,0.00204023888056859,0,0,0.000134057261497963,0,0.00175772944733809,0.000523174260609997
9.08551387260374e-05,0.000242960286189187,0.0012697483707469,0.0046089382245325,0,0.273211743538696,0.0125447981785787,0.0231885155730178,0.0340005488662752,0.0352777183652156,0.000492995094303835,0.057507674150171,0.000192387369385266,0.00213793920551757,0.315559642419817,0.00452193239418662,0.00153988485817142,7.65719119677186e-05,0.000426600187372327,0.0029253821448447,0.0312729967745076,0.000845745443070782,0.04592785970373,0.0192661271480749,0.00518856447229628,0.00132739316435527,0.00618860665955854,0.037989520751811,0.000863670174533921,0.00523430784074887,4.91580739086151e-05,0.222068421847992,0.000217220732869786,0.0278891271453576,0.105874977679143,0.0692058103618492,0.00250706540041731,0.00563062591677965,0.00901184142143251,0.864789656460865,0.669829893613405,0.000793543338455069,0.00349153708548039,0.000981470980802091,0.000131411371861506,0.00368663011946628,0.0076278536772275,0.000868205239813471,0,0,0,0.000359716653967953,0.00168481854187923,0.000221573740671921,0.000588616733146048,0.000781627683184337,8.57638612162471e-05,0.0010787916513729,0.00109370014180212,0.000129173610085249,0.00215203230426392,0,9.75999561236499e-05,0.00309674248253518,0.00264745891148266,0,0,0,0.00156718892900927,0.000205249378983712,0.000451428544209957,0.00215962235709453,0.00731417707728448,0,0.000201362858680665,0.00157980881461974,0.00385032458370807,0,9.84925810994621e-05,0,0,0,0,0.0706214066395674
0.00844642080932715,0.000118174465392113,0.00912562567505081,0.00623396434922407,0.273211743538696,0,0.302833386212386,1.06880907992186,0.0266047210246909,2.10916607684606,0.0277370144176879,0.962597138229281,0.00323479941349572,0.0667857002402816,0.416660333475385,0.00029615108297137,0.0077407624832541,0.0116324732611494,0.00210483127535091,0.0282121107149065,0.00763440135359691,0.000582055489267152,0.0244206624698272,0.0281837399155314,0.0346923828013211,0.016912965688728,0.00472174909482103,0.0652224518392216,0.0236566901623587,0.0177113151723094,0.00119098080425498,0.0925719473031522,0.000272845912973749,0.0328896971449196,0.347316297655501,0.349366500078779,0.00286536367317678,0.0336984923174027,0.0242570514753211,0.642188175097713,0.147968300036961,0.00870737317684931,0.00911599484509729,0.00041484444795481,0.000928969789331839,0.00158386346708376,0.0241971531896827,0.00134143543861207,0.000272665191308952,0,0.000186507472103786,4.95117249979496e-05,0.0073726135545522,0.000293360724140287,0.00129389987345216,0.000509592839055413,0.000660468312695932,0.00524155064325892,0.00349210588191362,0.000616446708640206,0.0168790071348207,0.000370048820000566,0.000164626447982192,0.00761563841826996,0.000450276551601559,0,0.000154036560228967,0,0.00624114343824308,0,0.000218418418751014,0.000256920890346861,0.0103827036192929,0,0,7.83045695984184e-05,0.00665150407477623,0.000166279566452939,0,0,0,0,0.000329309487771892,0.0127911003816884
0.621576482398402,0.00065061163764546,0.342135746521658,0.018572555697175,0.0125447981785787,0.302833386212386,0,2.10492379147986,0.0635425948552552,2.19306912273882,0.0360557306715538,0.0140501390947688,0.00419620512383301,3.00013384419987,0.0448072224976552,0.000478311998399824,0.0728216064093185,0.026686050950124,0.0117685870565283,0.00799097422823114,0.239505864013199,0.00117767995105743,0.752666403837484,0.505989198303757,0.015966906042867,0.0897067498856384,0.0373472152447216,4.53145370925764,0.723830380217971,1.83114623482013,0.000892384871445909,0.0151298820753112,0.0264987453220307,0.11241398847043,0.111874919778362,0.279521298375178,0.00358567378041959,0.188989565155248,0.0659368456085328,0.0742632090106169,0.063024060269425,0.00523956222521978,0.0368990052270425,0.000231501168733889,0.0150272741391359,0.00424730016049082,0.049240469134008,0.00415443817534247,0.000297752881323684,0.000218847188096642,0.000102702725862616,0.000177863855381316,0.0351343001052622,0.00035661182788428,0.00317510811785321,0.0171849453298705,0.00480202487591989,0.017580388639468,0.0345833035845361,0.00023734695773648,0.00989388503854923,0,0.00215510925321049,0.00937686650992434,0.00132354401235,0,0,0,0.0282612445029997,0.000145864625832426,0.000912930732304516,0.00147402736667833,0.132113617819795,0,0,0.00942952622577627,0.134114271192185,0.00683053659126901,0,0,0,0.000184414942843652,0.00671121559313753,0.00685089413435377
0.528325993979973,0.00164814690219012,0.199644166843649,0.0155612128707869,0.0231885155730178,1.06880907992186,2.10492379147986,0,0.0230426450632488,1.56363759080792,0.135201728392521,0.500801960481569,0.0154862630461508,2.58682437862587,0.0541940182167249,0.000447543012514263,0.269397733142883,0.062381245083562,0.0462950169134838,0.0627623369074365,0.0768809526962371,0.00167839236614863,0.426063696082995,0.0835768831156901,0.0430608972086247,0.184876677532053,0.0547942150219781,0.286089843119375,0.520758518832897,0.768154202890565,0.00435411081494722,0.0687915054841257,0.00298180802004233,0.136161053325568,0.0426808494998881,0.358859694428326,0.00788737452540002,0.0838665561011668,0.0458496080789587,0.23644043530016,0.0661919991366252,0.0198147085593469,0.00939216278622595,0.000900787784806518,0.00216493493422776,0.000458803406639505,0.0136762305899864,0.000822617019105172,0.00179181323367817,0,7.36794747892022e-05,0,0.0058323460576276,0,0.000325566172412247,0.00439012719349084,0.000560583131041395,0.0080126544457911,0.00393778989118722,0.00136842507665282,0.00790629022574201,0.00188076482087296,0.000412233755920624,0.00205283776158583,0.000775412078169501,0,0,0,0.00751294205076938,0,0.000591783271652258,0.000154103541690159,0.0361406166891969,5.43837463595509e-05,0.000101249560517668,0.00208085457856886,0.0232695219482025,0.000374371294942898,0,0.000713316836649817,0,0,0.00105030293472935,0.00536656655247832
0.000865959897830701,0.238438910039035,0.00147081398461621,0.578691650076623,0.0340005488662752,0.0266047210246909,0.0635425948552552,0.0230426450632488,0,0.16133028000659,0.0599146878614813,0.389818754715775,0.118232340531235,0.0214981036285573,0.228793761518006,0.00760131887278092,0.00133852798679372,0.0018734450925189,0.000480853697302627,0.147183228986659,0.0048930347356723,0.489510871277456,0.00370344462366866,3.13413029539408,0.154955966779404,0.00813516669231177,0.361763772862613,0.538167326628852,0.0326790915708102,0.00121814437623016,0.00118268189874891,0.00343282025188939,0.00333506254000634,0.0251393614174278,0.0240252560753054,0.0790086536401685,0.00632677941130385,0.0333723571842311,0.00737385708743072,0.210837362909924,0.0128901390928134,0.0418110026974432,0.0609843981047502,0.00264139485493923,0.0119985527590177,0.00752301711262967,0.0510628100247103,0.00404787516570277,0.00205436436481962,0.000495609942199493,0.00275986059639268,0.000105713607743538,0.12675984149819,0.00189759878447262,0.0131839458272934,0.0179569623104049,0.0134637135634381,0.156900099023085,0.070670575871752,0.00340837828945273,0.0410681315897494,0.00973083188893315,0.00568093830771663,0.0335305841356291,0.0349790356363915,5.36465527231693e-05,0.00135773391362999,0.000275868597183204,0.0703048458532091,0.00736625962137018,0.0449770889118134,0.00383829763722353,0.483695660843842,0.0018932566672539,0.00164274311608949,0.0106035239828526,0.179841403767421,0.0111034229251663,5.7026036723125e-05,0.000838621257540547,0.000662844187955201,0.000318000238420546,0.00766013938822458,0.0176826348222143
0.0145437725246241,0.00025853077248584,0.0205665575046098,0.540863417945475,0.0352777183652156,2.10916607684606,2.19306912273882,1.56363759080792,0.16133028000659,0,0.0792443560243943,0.438100052710114,0.00885000531902928,0.829396941658342,0.112104055628466,0.000250803865122604,0.00792334509405225,0.0426589979352054,0.00966083152833491,0.63286894239805,0.0037444738060317,0.000423881737136668,0.0301579362707057,0.106168996829032,0.026741680132365,0.0677063034217315,0.0127130577678595,1.03825684148068,0.132274185708591,0.0100545473618764,0.00115626971872001,0.035875756510533,0.000910029951597985,0.10883214357954,0.201364852092099,0.468635083896972,0.00543944500087111,0.182936003855659,0.0442096614733294,0.213994356799103,0.109361832206018,0.0113394632063739,0.0197635405724779,0.000557766355455655,0.00376228063877934,0.00112412786997096,0.0717902081677291,0.00136126423843872,0.000663387627802509,0,8.47275091639281e-05,3.18274080006897e-05,0.134677977492879,0.00120250102453579,0.00686880679579577,0.0131245030007489,0.00621155268944316,0.0711163968945836,0.0727715992807189,0.000389525487429607,0.0545964199730226,0.000357692224647033,0.000230657361878276,0.0310601150737655,0.000157595854148603,0,6.03543145727873e-05,0,0.111142844453793,0,0.000946700075245799,9.73893164969203e-05,0.104119990392714,3.78977142388583e-05,0,0.000275288960524583,0.127832342108241,0.000356800378895247,0,4.01035145779312e-05,0,0,0.0013687391542934,0.0105562777668972
0.00303982903043174,0.0512233788968132,0.00340608407899175,0.00176176488424365,0.000492995094303835,0.0277370144176879,0.0360557306715538,0.135201728392521,0.0599146878614813,0.0792443560243943,0,0.066038179725459,0.781097015006998,0.259197169169383,0.0014955180976284,0.000391898333256692,0.0207005253355735,1.32592440872537,0.067298314014268,0.0109197079640362,0.00431723708589229,0.0429233107301944,0.00989186249102787,0.0373762895985788,0.121666686228124,0.66910094912616,0.11081395697414,0.0200642077755135,0.143214117178577,0.0124009745419029,0.120197478910684,0.0602529298195515,0.00112702452132022,1.34666763715698,0.00585918712627111,0.105300474084583,0.290101680098863,0.599482389413875,0.0519525113678791,0.0151557830711268,0.00473197747298412,0.253630265235595,0.00103620315957034,0.0835723924158221,0.00844685793280247,0.000958981605351469,0.000908743426226512,0,0.0940922744678483,0,0.00600256557953865,0,0,0,0,0,0.000288389425927157,0.00226980762142509,0,0.109570695755905,0.000559870914980603,0.391652646158186,0.000282290081667114,0.00039988012373873,0.000268029513365257,5.13024772253513e-05,9.26708976836678e-05,0,5.50168579295755e-05,0,0.0025285879629339,7.43875906473815e-05,0.00133886335262266,0.0238176158435285,0.0398624379783614,0.106719852994018,0.000229753515016318,0.00171663992812146,0,0.0525532917509682,0.00144825581481584,0,0.0112079952877621,0.00226933047392929
0.00254379416729915,0.00176371639780884,0.00198163058970393,0.309016147957581,0.057507674150171,0.962597138229281,0.0140501390947688,0.500801960481569,0.389818754715775,0.438100052710114,0.066038179725459,0,0.00875053712559521,0.222465169846302,0.301045719306614,5.5965279586339e-05,0.00441792452108856,0.0429467468840402,0.00843189711774494,1.70234128958676,0.00154734546704891,0.0014963681223737,0.00387435568304918,0.230168388833597,0.0303425249990602,0.064042945986042,0.0135084601718402,0.0768723873093662,0.045615717348187,0.0030109897848958,0.00131048808728674,0.0238653121726767,0,0.0536897352540229,0.620292420676201,0.2266909325118,0.00325971746325945,0.078674591201237,0.0228749898456885,0.454617112932535,0.0504089941304053,0.00879282858727059,0.0181689909887746,0.00036451201717816,0.00232104659454272,0.00158916787031599,0.115718953066308,0.00262572632953806,0.00101809773559705,0,0,0,0.0559891821958788,0.00208827178148758,0.00837763981506096,0.0034388480003038,0.00522605933301442,0.0264685115013754,0.032514544015285,0.000790616999730569,0.139767834400408,0.00033550009930861,0.00130720463602196,0.0543338912617996,0,0,0.000264586504054213,0,0.0489082910893586,0,0.000295694985125965,0,0.0272834428165755,0.000128895501319707,0.000375936570482009,0.000116789339026677,0.0340344034653364,0.00150644368781415,0,5.2096177855742e-05,0.000380023929151756,0,0.00102695527051809,0.07109715617831
0.000303977704505742,0.130154314948361,0,3.96754078377664e-05,0.000192387369385266,0.00323479941349572,0.00419620512383301,0.0154862630461508,0.118232340531235,0.00885000531902928,0.781097015006998,0.00875053712559521,0,0.0165639172265767,0.00146103929771549,0.00103780018451289,0,0.00322159475470908,2.90940199874401e-05,0.00102923650716407,0.000461192942173028,0.101652056226121,0.000662690871652412,0.0664318618270815,0.798180266438428,0.0271940412460586,0.537387336683741,0.00285855009058407,0.00668932511496117,0.00143136729758309,0.203003753204371,0.00488320806074683,7.93137203712106e-05,0.18380661907371,0.000844420041311491,0.0156011172724227,0.149020208252697,0.233536991227117,0.00170965773894226,0.00337010955591011,0.000782567562531454,0.462135654190309,0.000328661194585466,0.219715272498423,0.0153276057855121,0.00123239546662345,0.000963101590714288,0,0.255714045604252,0,0.0150802651391672,0,0,0,0,0,0.000885801289811599,0.00741050183593967,0.000116951804585719,0.372705347523915,0.000167356313584793,1.27182988907591,0.000182691723365188,8.17530785348177e-05,0.000285112264113444,0,0,0,0.000124899836644554,0,0.00794401503971097,0,0.00253292010396475,0.165363100749636,0.046278283893851,0.200000782254904,0.000236432726521683,0.00507553197373198,0,0.0982439384360302,0.00469529580939954,0,0.0329705932466527,0
1.07511880371213,0.00253781387468811,0.180181875732133,0.0124150125118747,0.00213793920551757,0.0667857002402816,3.00013384419987,2.58682437862587,0.0214981036285573,0.829396941658342,0.259197169169383,0.222465169846302,0.0165639172265767,0,0.00760193066435752,0.000648376717121434,0.281230927500166,0.164443068458452,0.0807514430279027,0.0336398952616763,0.0705807593670916,0.00125969106406263,0.390602472895346,0.0942712823513199,0.0199219737558512,0.352056198209473,0.096764037587417,0.270278875134192,2.22314439108223,0.995487874982298,0.0055225088296332,0.0414713176535824,0.0105171160691249,0.225737368161992,0.020022845819434,0.182195004809834,0.00830810167213221,0.0746027417347335,0.0269709233298559,0.0268799647160102,0.0223947424403372,0.0122530155845235,0.00561117734647272,0.00074532260478943,0.000965022383239719,0.000224532870415645,0.01040977051183,0.000558437429017949,0.00154604361958867,0,0.000168639059454703,0.000125061300344133,0.00267812738011926,0,0,0.00268165655464491,3.57929877373338e-05,0.00537815704074342,0.00154788206085656,0.00106149076295454,0.00335002613005557,0.00185128169245257,0,0.00186434531964174,0.000834871016628587,5.76128348216057e-05,0,0,0.00408811955020245,0,0.000298838218472779,0.000243220984333545,0.0365101176404953,0.000270605135017419,0.000835170800544083,0.00634690628817432,0.0157861560530104,8.58709594626784e-05,0,0.000366620040804476,0,8.35538705602169e-05,0.000596666403582287,0.00246777275855299
0.000501407035001289,0.00356640741336328,0.00422430551656848,0.0314105766295337,0.315559642419817,0.416660333475385,0.0448072224976552,0.0541940182167249,0.228793761518006,0.112104055628466,0.0014955180976284,0.301045719306614,0.00146103929771549,0.00760193066435752,0,0.00869488472565877,0.00377415423980646,0.00159106519335587,0.000402867032553947,0.0177357088520111,0.0782141289591668,0.0049014736126071,0.0763463564903384,0.145995641318727,0.00823544525752971,0.00499791846717751,0.0198515683206787,0.149376782147743,0.00312954416175701,0.0153153016022507,0.000122553916453123,0.01830926877182,0.000797371318890542,0.00386251281366351,0.308556969534802,0.0424748926756029,0.00887918380001006,0.00456892414578974,0.0141155975440478,0.66238359088352,0.0478591453049586,0.00158886249135995,0.0169863046240648,0.0022188172075197,0.00311450811182462,0.00787970382818355,0.0390381123436022,0.00124536744752562,0.000345181441001922,0,0.000142620737414718,0.000280574733941567,0.0135643962570297,0.000437116801562869,0.0027251904333712,0.00219927621170174,0.00137397833859497,0.00820461208372759,0.00895627020656799,5.13787775697947e-05,0.0172151038175853,0,0.000494067327767265,0.0138816748359364,0.00605227589004473,0,0.000218037940091634,0,0.00952946813440983,0.0019097647932912,0.00169988298048015,0.00466987080284539,0.0367459113662096,0,0.000388456892995387,0.00330722453108354,0.0272622706875361,0.000419577351323516,0,0,5.12219044008732e-05,0,0.000322432210241091,0.180349720120903
8.90225919963598e-05,0.00903196858454854,0.00835007100948624,0,0.00452193239418662,0.00029615108297137,0.000478311998399824,0.000447543012514263,0.00760131887278092,0.000250803865122604,0.000391898333256692,5.5965279586339e-05,0.00103780018451289,0.000648376717121434,0.00869488472565877,0,0.00345019091001273,0.000852953408435941,0.000875284911508602,0,1.14709517937971,1.03653381910085,0.864404768437763,0.402333485658013,0.00192397443108664,0.0071003545934014,0.576576355399602,0.250689065717658,0.000413927871116668,0.00120203321447619,0,0.000383051911554504,3.71301467679858e-05,0.0101708124262562,0.121174868085451,0.668907108943937,0.081244120665278,0.077658767320861,0.145841627061798,0.00480376545566152,0.00472431030877998,0.00149019508578432,0.0852085555415989,0.0189357683794928,0.0132655233657382,0.0215957397311343,0.00342392704229015,0.000519987976460946,0,0,0.00109532003193403,0.000508705173018897,5.19468954950213e-05,0,0,0.00109225434462993,0.00018470654225645,0.000998238429414806,0.000355864271098435,0.000309100641304624,0.000131380690578079,0,0.000310398961053372,0.0020004443230162,0.999277120239127,0.000369462774621892,0,2.89498211358428e-05,0.000156393750014138,0.0901736906333676,0.262153309465188,0.403243344153821,0.135239955506489,4.32775034199834e-05,0.000173938628317457,0.222744705824259,0.118787899891011,8.07538191363991e-05,0,0,5.259152579844e-05,0,0.0021612130077725,0.0247611577476499
0.110699718578688,0.00554177773579365,1.83423985047278,0.000353271869625491,0.00153988485817142,0.0077407624832541,0.0728216064093185,0.269397733142883,0.00133852798679372,0.00792334509405225,0.0207005253355735,0.00441792452108856,0,0.281230927500166,0.00377415423980646,0.00345019091001273,0,0.193836363101381,1.27316575093445,0.001182132323175,0.343608393959448,0.00201135511854713,1.90019387572089,0.00757838539794464,0.000575443579924023,2.60990166306219,1.70603845848324,0.0597121577994213,0.532697227431867,0.517480208666931,0,0.00164472946945001,0.048914164917174,0.77542568826597,0.0150432786744185,0.0595555061474578,0.0112633112457983,0.135272074741839,0.0637076508385549,0.00592104651735135,0.00663035511837515,0.000335073466202998,0.00257107597194298,0.000444639366701711,0.00143204778014298,0.000969439475591956,0,0,0,0,0.00565711658375103,0.0126075019781603,0,0,0,0,0,0.000283331109063589,0,0,0.000125963352870494,0,0,6.40506300016284e-05,0.00160087780514296,0.000983433347844787,0,0,0,0,0.00216349387600986,0.00158623193176352,0.000417933000448274,0,0.00467466539213241,0.16405030508316,5.89122306416273e-05,0,0,0,0,0,0.000433616961906349,0.000986994539466479
0.00350189452858627,0.00165367056157053,0.0124685027665704,0.000626019732893032,7.65719119677186e-05,0.0116324732611494,0.026686050950124,0.062381245083562,0.0018734450925189,0.0426589979352054,1.32592440872537,0.0429467468840402,0.00322159475470908,0.164443068458452,0.00159106519335587,0.000852953408435941,0.193836363101381,0,0.650991134766161,0.00527573104277656,0.0104679051855607,0.000275080822896088,0.0231120616101235,0.00725918433289297,0.00219491293616533,1.14790216574529,0.0811477381088734,0.0154475915120959,0.116766403426203,0.0141283605444873,0.00632092106195207,0.0250068342630213,0.00295724427602215,0.545981050219205,0.0217077019071893,0.262500822445193,0.162686453261715,0.56424150736701,0.250555850558794,0.00593255878106574,0.00315516203685935,0.00173974812671787,0.00154370597136385,0.000720849438936233,0.0005860847294864,0.00263536128619843,0.000228220495111215,9.61847315675971e-05,0.000177951104618454,0,0.000981155819138978,0.000151261610950566,0,0,0,0,0,0.000148298394256335,0,0.0006471318855362,0.000427233627594661,0.00206767223633425,0,0.000726224801912857,0.000253477663701225,9.76432905210256e-05,0,0,0,0,0.000164337305510455,0.000136991946400893,0,0.000632547374723614,0.00498345190013759,0.0249323470801221,0,0,0,0.00120566730330065,0,0,0.000129928341563063,0.0120212099856846
0.0163895822250199,0.000962098742644673,0.0574405774194828,0.00030450550951451,0.000426600187372327,0.00210483127535091,0.0117685870565283,0.0462950169134838,0.000480853697302627,0.00966083152833491,0.067298314014268,0.00843189711774494,2.90940199874401e-05,0.0807514430279027,0.000402867032553947,0.000875284911508602,1.27316575093445,0.650991134766161,0,0.00172328175807695,0.0205884130727547,0.000405576386541789,0.0723408128739416,0.00247689782175552,0.00022017800731821,2.81194407812078,0.126742023963039,0.00748149156456193,0.114575164067497,0.0425638669716122,0,0.00218142523617806,0.00751699756992134,0.356106229193859,0.00515577679790354,0.0641541750421591,0.0174659322203135,0.105928570417701,0.0591795192905219,0.00235320094798211,0.00185866081676047,0.000503111569005656,0.000437132364840019,6.02088011119485e-05,0,0.000853964162713956,0,5.08764113100171e-05,0,0,0.000619577710290146,0.000196112362378609,0,0,0,0,0,0.000107495428049278,0,0,0,0,0,0.000147265103441263,0,0.000108049440429378,0,3.62733024872542e-05,0,0,0,0,0,0,0.00083131778157332,0.0121834266462599,0,0,0,0,0,0,0,0.00304903111224303
0.000813071328652966,0.000122453868328834,0.00114402129238334,1.55771186390531,0.0029253821448447,0.0282121107149065,0.00799097422823114,0.0627623369074365,0.147183228986659,0.63286894239805,0.0109197079640362,1.70234128958676,0.00102923650716407,0.0336398952616763,0.0177357088520111,0,0.001182132323175,0.00527573104277656,0.00172328175807695,0,0.000432496101153094,0.00031481196380468,0.00157530129517456,0.0962945440209386,0.00971926904986885,0.00899693264740816,0.00249849653089208,0.200980488025594,0.0149391140606726,0.000774859653392094,0.000209984715439683,0.00415665108146253,0.000111126047471529,0.0108211443277771,0.0129859231760113,0.0678201243995951,0.00110838270762176,0.0175316455527113,0.00459097652233486,0.0301234244571382,0.0120071249866275,0.00156495809013491,0.013603881351326,0.000123978550006771,0.00323061985725123,0.000832063109354383,0.0694614520075334,0.00197501655472247,0.000303236651855135,8.30722942094922e-05,0.000171985850501043,0,0.141569547693892,0.00124079452362025,0.00994869235942761,0.0079420773878521,0.0063313809624157,0.0441152557897263,0.0698228051273716,0.000622154222484052,0.0591287770462167,0,0.00168387268848125,0.0375003776931714,0,0,0,0,0.104986535164437,0,0.000212118387198317,0,0.06743719769927,0,3.40291346413672e-05,0.00018184672647016,0.0961040542184324,0.00142794500131886,5.22309253029942e-05,0,9.2494644630122e-05,0,0.00154151365902162,0.00128220796149383
0.0162023498042287,0.00204217740176583,0.200935150736226,0.000176638212850332,0.0312729967745076,0.00763440135359691,0.239505864013199,0.0768809526962371,0.0048930347356723,0.0037444738060317,0.00431723708589229,0.00154734546704891,0.000461192942173028,0.0705807593670916,0.0782141289591668,1.14709517937971,0.343608393959448,0.0104679051855607,0.0205884130727547,0.000432496101153094,0,0.0880619921335363,6.13670607331559,0.165843545367576,0.00347652807250137,0.117380000348253,0.212409605986683,0.76900931007686,0.0799295067961559,1.99032071201907,0.000438539086842751,0.00597413720239912,0.0274146510972117,1.01718410018913,0.542334083951738,1.20345625606721,0.0664978215638986,1.03979610633893,0.641277969436399,0.0360411867546023,0.0454624494686061,0.00320573901145913,0.0326028194003513,0.0025504262198484,0.00176494954103368,0.00953728378584818,0.00352382050386257,0.000756010613810253,0,0,0.000522541962719482,0.000572383694393373,4.99179127493501e-05,0.00021840635933156,7.00416594716072e-05,0.000379224583122808,0,0.00133313153971122,0,9.39177091340301e-05,0,0,0,0.00412097687503119,0.195780983910575,0,0,0,0.000144795753103912,0.0532687714458221,0.0737405737609993,0.0423794744645895,0.0967070654456965,0,0,0.0317091367869485,0.0951969185248524,0.000177972991802156,0,0,0,0,0.00116473124616001,0.0508970080006661
8.37661269442797e-05,0.32342340154069,0.00541725953604282,0.0011747480809025,0.000845745443070782,0.000582055489267152,0.00117767995105743,0.00167839236614863,0.489510871277456,0.000423881737136668,0.0429233107301944,0.0014963681223737,0.101652056226121,0.00125969106406263,0.0049014736126071,1.03653381910085,0.00201135511854713,0.000275080822896088,0.000405576386541789,0.00031481196380468,0.0880619921335363,0,0.149703998231616,1.77611630326598,0.124259149485051,0.00382855601433549,1.66206275613747,0.120716385705857,0.000635590978712791,4.93642396232486e-05,0.00151327397336541,0.000229539546459735,0.000169642522422188,0.0157733920560122,0.012748636992448,0.0821310003295805,0.0114185263293585,0.0278190922126567,0.0218334202206078,0.00336531256534087,0.000835764214095521,0.0465423627970622,0.0466647944601567,0.00851579017339199,0.00993005745802933,0.0120495240713328,0.00355777651336488,0.000579453302436709,0.00325139189450949,9.2618790389943e-05,0.00590464320754727,0.00148330186331562,0.00100112627871309,0,0.00020444243684572,0.00149305568609548,0.000234151110865366,0.0117077244228483,0.000699835635496944,0.00181668221353162,0.000105637121869564,0.00591969224189634,0.000318673647004497,0.00145532461183009,0.305816140120282,0.00125115108148522,0.000280994642926925,0.000192578531061762,0.00030810937822895,0.0233836800358727,0.314746170156548,0.0951636625633249,0.112975863920665,0.00119109630963954,0.00188516835631739,0.318950846778709,0.0532696679801703,0.000767452580385709,0.000257160186334718,0.00033207893742494,0,6.20190445416927e-05,0.00243231894795122,0.0072138800280245
0.100678022064009,0.00179297485526918,4.113699213876,0.00429423982070274,0.04592785970373,0.0244206624698272,0.752666403837484,0.426063696082995,0.00370344462366866,0.0301579362707057,0.00989186249102787,0.00387435568304918,0.000662690871652412,0.390602472895346,0.0763463564903384,0.864404768437763,1.90019387572089,0.0231120616101235,0.0723408128739416,0.00157530129517456,6.13670607331559,0.149703998231616,0,0.145120041977071,0.00506415113383583,0.80921676467974,2.30382616708514,0.905028570540185,0.229308363089834,0.91769816914073,0.000299157806340397,0.0059640514778917,0.0252034776029636,1.45257573162135,0.984616851453826,3.49503364371853,0.304299377401926,2.02760474117755,2.13102055612871,0.0410186685715539,0.0531957495937043,0.0066544475431772,0.0886778189509107,0.0177546012896004,0.0225503769558067,0.0608722503594087,0.00668673779964776,0.00190719887483346,0.000116598577563882,0,0.00184965183673448,0.00973244042995866,0,0.000121178639055312,0.000182686030259037,0.00523245185368828,0.000710230213663465,0.000342868298577607,0.00034731307988699,0.00066357803940962,0.000348113626557041,0,0.000538324124957812,0.0079783392617203,0.659454115583533,0.00197196879752224,0,0.00024314393922056,0,0.0410724557079533,0.120065183222919,0.400201401523275,0.064168114845806,0.000108544157571674,0.00124993612280474,0.632325985221716,0.0527989954941233,7.04618494016826e-05,0.000168357014812702,0,0,0,0.00305614478354975,0.167154885637052
0.00690841934887918,0.277544092402374,0.0273669103098874,0.724434632216374,0.0192661271480749,0.0281837399155314,0.505989198303757,0.0835768831156901,3.13413029539408,0.106168996829032,0.0373762895985788,0.230168388833597,0.0664318618270815,0.0942712823513199,0.145995641318727,0.402333485658013,0.00757838539794464,0.00725918433289297,0.00247689782175552,0.0962945440209386,0.165843545367576,1.77611630326598,0.145120041977071,0,0.144983106458152,0.0265193953312162,0.685889865032144,1.65567379778697,0.205097987578953,0.0187400376195525,0.000509992761209542,0.00805399907606281,0.0368592830869666,0.0695599734623285,0.253519167396563,0.712053014336099,0.0370691024929446,0.137234210397406,0.0761375106028617,0.104096301197793,0.0560915882785759,0.0306785318563776,0.550373785700798,0.00806669258244123,0.14349335935197,0.0667651621345574,0.233476519989184,0.0318538633083831,0.00229800214124242,0.00156074827667449,0.00538621063910486,0.000415288361810935,0.206822551634978,0.00210982636640106,0.0251886788612027,0.0978031503257686,0.0519836017677729,0.278473929205655,0.169279236344388,0.00312260913683478,0.0511858631375187,0.00289456623324014,0.0277306804024262,0.058523154302637,0.329053520238287,0,0,0,0.138729507693691,0.0474383850226524,0.192289907585032,0.056726179091446,2.22602442095223,0.00122504423005435,0.000265166196371693,0.0816000032799462,1.17552207915024,0.0716020061378088,0.000697493147601819,0.000100904051524281,0.00464884245654136,0.00248054139643981,0.0549766109264589,0.0775665001963945
0.000191285928272963,0.644451933261119,0.00151191463825507,0.00584590728296762,0.00518856447229628,0.0346923828013211,0.015966906042867,0.0430608972086247,0.154955966779404,0.026741680132365,0.121666686228124,0.0303425249990602,0.798180266438428,0.0199219737558512,0.00823544525752971,0.00192397443108664,0.000575443579924023,0.00219491293616533,0.00022017800731821,0.00971926904986885,0.00347652807250137,0.124259149485051,0.00506415113383583,0.144983106458152,0,0.0314298926840486,1.30093992381602,0.033682240826413,0.00693739333126068,0.00204899234137454,0.0231115559652919,0.0151381105379051,0.000373274298588049,0.0665360342463198,0.00481893764186222,0.153144136377767,0.0426210978647415,0.349179572848764,0.0575190983854242,0.333062323195062,0.0726375003227843,0.508675260010603,0.0270695145199006,0.0234668153147072,0.0341778166735858,0.0086090272382904,0.118738197584778,0.0102265275378242,0.0538298324426237,0,0.0256920098930894,0.000230556134316259,0.00728456912989712,0.000421593450368536,0.00466957380717368,0.00392216109295927,0.0126019299538818,0.00443543213446055,0.01606926730428,0.043640301345736,0.0032152647150801,0.152877584026667,0.00320538679424802,0.00353720273826327,0.00520117376947142,0.00120190304165707,0.000551994441661507,0.000237771899872947,0.0104520534046914,0.000741402999270332,0.003084235618864,0.00139660939764685,0.0312706223490291,0.0724159784243639,0.0421120804614261,0.389318211710348,0.03563073546304,0.00340484050105605,0.000375569654031277,0.0167956887780963,0.00392051903469894,0,0.0124349238087321,0.00374784901755162
0.0503232825858661,0.046777329535498,2.32444789535503,0.000733621617786652,0.00132739316435527,0.016912965688728,0.0897067498856384,0.184876677532053,0.00813516669231177,0.0677063034217315,0.66910094912616,0.064042945986042,0.0271940412460586,0.352056198209473,0.00499791846717751,0.0071003545934014,2.60990166306219,1.14790216574529,2.81194407812078,0.00899693264740816,0.117380000348253,0.00382855601433549,0.80921676467974,0.0265193953312162,0.0314298926840486,0,2.74479672926115,0.0673206453000061,0.328999191315905,0.112331396183521,0.0442797169918569,0.0250848554018071,0.0246730199936899,1.22820613559399,0.116752158092526,1.53022923847503,0.977942247958655,1.51598459148521,1.1803063753464,0.0115768604134584,0.0130797311894854,0.0119795437903306,0.045363272511477,0.0415647096859964,0.0417529039342781,0.0366066919602221,0.00183344066926297,0.000359491876991033,0.0044957278296531,0,0.0447045389502451,0.0563872517395843,0,0.000111581381995439,0,0.000254584591186774,0,0.00359683273494907,0,0.0231340778746709,0.000562441797678483,0.131440798758576,3.35413695556044e-05,0.00269008042754157,0.00209527156416708,0.0201841194864165,0.00136003566719158,0.00836960730875667,0,0.000168234393045449,0.00544339430171671,0.00215279507447123,0.00366144557243517,0.0377849513677095,0.399759834838341,1.99925740159276,0.000190821704234141,0.00059552753851335,0.000848305072077453,0.0896809849810335,0.000209246151535201,0,0.0124683539162285,0.0575374280774934
0.0157096024236526,2.49686859993684,1.4649770167768,0.0013728397491699,0.00618860665955854,0.00472174909482103,0.0373472152447216,0.0547942150219781,0.361763772862613,0.0127130577678595,0.11081395697414,0.0135084601718402,0.537387336683741,0.096764037587417,0.0198515683206787,0.576576355399602,1.70603845848324,0.0811477381088734,0.126742023963039,0.00249849653089208,0.212409605986683,1.66206275613747,2.30382616708514,0.685889865032144,1.30093992381602,2.74479672926115,0,0.228731083655454,0.100545323695001,0.0511117829215951,0.0542307453085402,0.00488844452041474,0.0139642903299387,0.825347356330464,0.441445062980414,3.93069843823309,0.973355683459742,2.0279330215741,2.27679036844653,0.0126259412307179,0.0209879359660094,0.0246687819214317,0.354679770082644,0.143600410558715,0.222830542802663,0.229889178666698,0.0119253115288323,0.00262445717503143,0.019971470935334,0.000229978000446832,0.609139000805357,0.295055447132395,0.000301800658593404,9.58564185112242e-05,0.000136084277630615,0.0177757884942394,0.00210392295457686,0.029146959988054,0.00102440168182282,0.0900891722742937,0.000536412433981037,0.555322231511521,0.00312338838471478,0.00699387049742211,0.387143695604471,0.124813125220418,0.00613802510237936,0.0448707641591962,0.000343860855059147,0.0296572405135159,0.427781422037375,0.543875915004078,0.0903140730948245,0.195538623873376,1.47940417313566,14.395626752692,0.046789537823846,0.00131413357822603,0.00360316705765976,0.190480466448587,0.000811849608746332,6.55222184289098e-05,0.0753368130018892,0.164471394023077
0.0275236050550598,0.00894267827609074,0.26278491514105,0.545902426764102,0.037989520751811,0.0652224518392216,4.53145370925764,0.286089843119375,0.538167326628852,1.03825684148068,0.0200642077755135,0.0768723873093662,0.00285855009058407,0.270278875134192,0.149376782147743,0.250689065717658,0.0597121577994213,0.0154475915120959,0.00748149156456193,0.200980488025594,0.76900931007686,0.120716385705857,0.905028570540185,1.65567379778697,0.033682240826413,0.0673206453000061,0.228731083655454,0,0.638603099029829,4.03462689949084,0.000298570422498685,0.0220394971991174,0.203421393730768,0.307978449673837,0.627688674488286,1.33744618320296,0.0576507850300999,0.488482606536864,0.267387970882815,0.146633256490872,0.131533108186426,0.0117033959579525,0.287926245587356,0.00374070907261302,0.0670747910393938,0.0342667746641998,0.182779233258063,0.0164237211639885,0.000741999778857529,0.000380284468270802,0.00140852558300195,0.000700951039031595,0.205252798123324,0.002003640180489,0.0157999210295307,0.0567849822042197,0.0202152748242962,0.142549787230389,0.138752546032468,0.00146455127365369,0.0522438087545056,0,0.00665813314560089,0.0519942009505555,0.151650189566835,0,0,0,0.149169155560338,0.0324323568533088,0.0834245326292773,0.0334006587386847,0.94358934999363,0,0,0.0589416045302604,0.648873613854047,0.0281649431104635,0,0,0.000290288466440403,0.000449362378696042,0.0213969793879363,0.0506631915055603
