0,1.38282957673073,57.8588968217373,0,0.413319170475006,40.9867913424969,2519.49450013041,2063.97659432888,0,15.6367101967335,97.2292846441269,0,16.4447950422764,19268.5200223625,7.02991417050362,0,66.411868929863,47.075294226408,34.8750743865967,0,47.7754077911377,1.77258569002151,61.451911687851,1.96040225028992,4.78747683763504,68.9574164152145,402.06960234046,52.494759708643,14782.8798757493,6285.17558148503,11.9827897548676,137.51489341259,979.911735236645,664.97216412425,5.95900750160217,11.8637605309486,8.14226779341698,705.974823057652,51.2179187238216,22.7358593642712,21.5706316232681,0.82454115152359,0,0,0,0,0,0,0,0,0.425591647624969,0,0,0,0,0,0,0,0,0,0,0,0,0,0,0,0,0,0,0,0,0,0,0,1.15425390005112,3.82412445545197,1.41137754917145,0,0,0,0,0,0,0.599306643009186
1.38282957673073,0,46.1575191020966,3.40092635154724,18.841073602438,42.5074275135994,126.499639779329,75.6432941555977,1593.33455362916,76.1241252422333,509.234237521887,20.6172658503056,873.164782077074,23.4291962385178,248.520507723093,490.300119936466,24.6578762531281,4.18827211856842,4.33023816347122,2.16078597307205,326.361839920282,5671.49706822634,1103.44012099504,2971.87044918537,4350.86419063807,25.865258961916,11036.8881552219,1178.69875788689,24.0735487043858,10.1785920262337,51.5652697086334,20.0248163640499,0,421.767828047276,292.60819709301,425.397234469652,3135.88618332148,902.656277298927,415.945140212774,577.240890651941,111.207223236561,120.361239790916,24.5075264573097,34.6454803943634,9.76453542709351,5.67341011762619,1.60719469189644,0,2.84126001596451,0,612.423618257046,28.6219710111618,0.345111638307571,0,0,1.01706352829933,0,14.7012937068939,0,9.49605241417885,0,26.4328222870827,0,0,33.5468188226223,3.24795812368393,1.02573728561401,0.604461312294006,0,8.64094150066376,70.8501614034176,22.4475857317448,61.4967297017574,794.832934379578,360.872001379728,2359.71933364868,40.9418888688087,0,0,9.5114980340004,0,0,12.0683557093143,4.91968059539795
57.8588968217373,46.1575191020966,0,0,1.19718703627586,63.4424042999744,1379.01101693511,533.529957056046,0.65837699174881,40.1565681993961,1526.30326840281,0.530448079109192,45.2970270216465,397.2372199893,20.5855868756771,2.56382492184639,33870.7992840111,2533.2251534462,4140.42340156436,0,3974.45357471704,10.8326362967491,45821.6866958439,6.60034596920013,69.6774733364582,28322.3821635246,17747.3915957808,1888.06099328399,161.921702325344,4626.01177436113,77.6714925169945,112.043545216322,0,3178.05740323663,94.2223148047924,244.998075544834,435.490462779999,2327.03525593877,544.079972505569,99.8843105733395,38.5368379056454,4.05537143349648,56.5584610104561,47.7754636406898,35.884531468153,20.9619089365005,0.489998012781143,0,0,0,23.1116526722908,118.247767716646,0,0,0,0,0,5.21282103657722,0,0,0,10.7101857662201,0,0,13.406453192234,20.1078199446201,1.50857192277908,0.37603360414505,0,1.21040540933609,10.3475688099861,27.3205128610134,2.7522469162941,18.2495760321617,362.934417814016,3369.27720025182,3.06922754645348,0,0.672919154167175,0,0,0,7.13114461302757,2.43272697925568
0,3.40092635154724,0,0,22.7718288302422,501.165178269148,96.0443149209023,58.3964050710201,82.5331656932831,9716.34795749187,2.58978882431984,11217.2309908569,11.0336071252823,1.61344707012177,568.645486265421,0,0.67387843132019,0.434592753648758,0,33976.7817700803,0.517780840396881,7.50993931293488,0,2108.32280656695,21.0003539323807,0,6.03492447733879,16066.7916729152,0,0,0,0,0,13.0861015021801,0,71.4588503539562,6.45741045475006,12.0108672380447,5.9218365252018,421.038940191269,13.8919861614704,0.404651492834091,64.3746401071548,4.97329968214035,28.4493817985058,3.3629133105278,71.1800005733967,4.35248959064484,2.57738763093948,0,0.811845600605011,1.18620496988297,567.409432113171,3.46847778558731,22.168188482523,37.016874819994,50.5846644341946,78.7776918411255,213.032341450453,1.14497429132462,455.805382907391,8.75509670376778,128.509253144264,7.56666833162308,12.9133712947369,2.16403943300247,0.440166085958481,5.93426883220673,324.52913543582,9.27592653036118,21.3275052905083,16.7773325741291,941.306631535292,0,1.70510816574097,8.03203764557838,632.179062575102,144.73258960247,12.1403480470181,0,0,6.0635729432106,82.2460487782955,2.9513612985611
0.413319170475006,18.841073602438,1.19718703627586,22.7718288302422,0,660.444094747305,200.347831457853,41.2781906425953,15.4256868362427,201.542986512184,1.30249148607254,141.017747700214,13.7208565473557,12.0433709919453,2196.64489901066,91.1587029099464,4.69746905565262,1.30798864364624,0.983727991580963,65.3702269792557,309.058495223522,42.2393475174904,549.955915987492,68.0719133615494,14.4649483561516,1.57131737470627,225.964588522911,408.632465958595,8.91208004951477,26.022750467062,2.61805701255798,176.192416667938,0,275.285499572754,376.841795533895,170.904802858829,127.621879041195,46.8858006596565,80.8882281780243,15202.8674308658,4497.85313114524,5.262351334095,1.41998463869095,2.24999415874481,0,0,2.83325773477554,0,0,0,0.815862596035004,1.66858354210854,0,0,0,0,0,0.515030682086945,0.610713362693787,0,0,12.9562900662422,0,0,8.45729622244835,0.685934245586395,0,0,0.897483825683594,6.80755650997162,9.95134180784225,12.7442902326584,11.1625345051289,0,1.33553111553192,12.5027374625206,23.3110789060593,0,0,0,0,0,7.99414286017418,11.0500627160072
40.9867913424969,42.5074275135994,63.4424042999744,501.165178269148,660.444094747305,0,8788.25195267797,27799.2732284069,136.189041614532,38069.6914447099,727.499301165342,5761.54468277097,341.553838521242,1432.04384827614,2372.05171534419,17.9862270653248,33.0528359115124,234.68773457408,64.1281614303589,838.494342327118,69.7368446588516,125.943429172039,116.657627344131,632.148620575666,304.838095039129,170.206326186657,937.835004210472,4440.089630723,198.468448460102,402.745295405388,201.695551395416,235.103565573692,3.4560359120369,2241.13215145469,10185.0005259514,1263.37413677573,261.256386071444,2552.94801715016,415.235730350018,9281.48648273945,4556.45716580749,142.170959919691,127.763624459505,46.9585307538509,33.7175303697586,11.5278870165348,74.1239329874516,3.05447322130203,12.2738873958588,0,3.72572466731071,6.09733232855797,1.19310119748116,3.39961403608322,0,2.71336755156517,3.04815685749054,97.9123315513134,13.6788968145847,1.73545768857002,13.0483511984348,58.5902476459742,5.21652495861053,2.3497040271759,110.698114752769,0,0,0,17.4345036447048,49.1006733030081,168.753258764744,81.177431344986,978.696787759662,7.38559266924858,40.624621629715,30.9339328408241,1070.83531972766,4.32653027772903,3.60941410064697,1.02211853861809,1.1807826757431,0,134.488324433565,83.9264281988144
2519.49450013041,126.499639779329,1379.01101693511,96.0443149209023,200.347831457853,8788.25195267797,0,33102.3447618484,333.78659594059,21116.0969399512,537.691729485989,150.682589650154,1051.6458979249,32194.2195081413,1246.83428180218,191.192005336285,644.361132621765,252.650597602129,142.677288383245,130.013546198606,1060.57322540879,467.367448568344,2065.88855937123,1471.8869061172,398.340391814709,286.288576364517,2289.36328756809,62143.2016746402,3514.59041765332,9724.8861657232,170.714622110128,621.291351824999,130.273307710886,4684.65211558342,829.87225690484,4902.03496220708,740.73371604085,11098.0933527648,4189.79069110751,10323.3540922999,4829.40631118417,160.428353786469,384.044861674309,93.0273473262787,97.1387346386909,13.0514834821224,186.524708598852,28.8606595695019,26.6387426555157,0,6.50510364770889,26.4205955564976,17.2112061977386,0.81103253364563,2.47988837957382,16.2693418860435,31.5036243796349,224.44293576479,7.48140916228294,4.80181023478508,15.0289341807365,224.466285601258,45.4594179689884,7.2313032746315,468.015530228615,1.43225353956223,0,0,16.931853890419,264.063868224621,447.047378540039,404.832186207175,2717.21728634834,2.75424063205719,22.3525935709476,217.258456677198,3188.57999806106,35.3279802501202,8.59546583890915,2.1570200920105,0.800495803356171,1.56630522012711,424.399660259485,5.31177788972855
2063.97659432888,75.6432941555977,533.529957056046,58.3964050710201,41.2781906425953,27799.2732284069,33102.3447618484,0,64.6872109472752,19319.4366890788,1600.56990739703,71.0825060606003,510.24590742588,39453.8753267527,264.163824826479,24.0723490417004,388.479014843702,766.085696429014,380.037964463234,55.0204185843468,252.422212451696,206.078004956245,662.433561772108,248.921195119619,245.422879874706,673.834668040276,4739.41133742034,3765.6954139173,2971.25451296568,7856.57321202755,455.133283138275,468.67558863759,59.0299773812294,4323.20113176107,551.358859330416,1258.53859993815,294.008520409465,6131.0383182019,1238.68975049257,2934.82656088471,981.743398874998,79.6281361877918,171.640909254551,47.0960433781147,26.4284888505936,0.856955677270889,43.021158516407,9.25050330162048,10.532549738884,0,18.6335272789001,13.5031796395779,0,0.664267778396606,0,3.10813736915588,6.68155372142792,166.273591458797,0,4.69902637600899,0,46.0463986992836,5.66223189234734,0.343728005886078,187.218078285456,2.18616530299187,0.897315233945847,0,1.04574626684189,106.311885714531,251.381293118,120.176714360714,837.304283335805,13.6993006467819,87.3605313897133,69.9460844993591,663.447674736381,5.66790318489075,9.81855595111847,3.147151440382,0,0.457518488168716,123.003552556038,0
0,1593.33455362916,0.65837699174881,82.5331656932831,15.4256868362427,136.189041614532,333.78659594059,64.6872109472752,0,755.592805176973,93.1235709488392,198.687084853649,191.307701021433,12.4307243824005,1485.32135865092,49.511652559042,0,0,0,49.0636868774891,19.4465413093567,10584.7185682952,21.3502227962017,11242.6049369574,659.453229159117,0,168.666228741407,4633.21394862235,1.54337656497955,0,17.6719233393669,2.68271958827972,0,144.218325644732,6.19260796904564,92.2410314977169,194.761487722397,89.6273634135723,10.267051756382,879.619819134474,27.0343502759933,19.4570925235748,445.236263424158,138.702153891325,107.411105960608,26.5512312352657,1178.0562787056,28.619634270668,7.10104161500931,0.577684760093689,10.6136065721512,58.7790447175503,283.91962364316,44.0329242050648,27.2931998968124,88.8086443245411,113.097930148244,1974.13389274478,234.606679320335,8.92021930217743,358.691007971764,123.384248316288,123.491819262505,135.29260545969,711.00105381012,10.0337166190147,6.55561229586601,8.76691403985023,532.833631485701,249.332301437855,2494.46268418431,456.151608079672,9553.05598278344,3.7064728140831,41.9377974122763,283.664576858282,7211.89340573549,112.47051563859,13.1687758862972,0,0,7.75734820961952,253.465773016214,7.61044982075691
15.6367101967335,76.1241252422333,40.1565681993961,9716.34795749187,201.542986512184,38069.6914447099,21116.0969399512,19319.4366890788,755.592805176973,0,240.803180128336,40910.8160017729,301.06129860878,789.089459836483,5363.57975995541,42.7154438793659,23.4778485894203,102.50629940629,36.7099697887897,14134.1556001008,115.9707018435,223.91993817687,179.029198735952,4828.45150601864,451.562550663948,81.2798803001642,518.683896452188,27385.5300244689,170.571646213531,77.2211644351482,79.6340689659119,240.799672871828,2.47584736347198,1309.42363402247,6923.84682297707,2343.30683648586,266.527037411928,1734.42746984959,539.235513240099,9703.24428549409,1261.04918202758,45.3527227044106,542.288373798132,105.944313436747,173.680721908808,24.8817637264729,486.328566819429,33.7524442672729,17.4669596254826,0,1.72825634479523,13.2349075376987,69.1648790538311,12.4834730625153,0.650914788246155,20.0746460556984,28.9179532825947,248.085423439741,44.3148918151855,6.65367618203163,101.208510071039,287.23976880312,28.4548927843571,36.1018568575382,251.485900521278,0.809983730316162,0,0.690770328044891,89.7125048041344,152.594265699387,286.963055163622,252.456133395433,4175.32996059954,0.666352927684784,4.0406745672226,60.9692326486111,4999.90245682001,31.8412445485592,9.85965269804001,0,0,3.42873582243919,591.427855312824,311.182340085506
97.2292846441269,509.234237521887,1526.30326840281,2.58978882431984,1.30249148607254,727.499301165342,537.691729485989,1600.56990739703,93.1235709488392,240.803180128336,0,6.1257401406765,15997.9261440039,498.533444672823,34.792622923851,74.1672677993774,1590.54819726944,11753.5941359699,3272.98981586099,1.16782563924789,486.383167713881,273.871894925833,1266.68021374941,190.789008021355,3506.71177044511,11996.4435834289,15738.8634554148,235.737003147602,332.178290337324,1893.48245191574,4110.2605343163,912.549520403147,1.20348185300827,16621.0162887275,75.5115074813366,501.704089552164,1387.04768911004,4049.90673530102,376.249123722315,261.058710485697,179.144398063421,255.929624587297,0.333261609077454,93.6858944892883,10.1540591418743,2.27720281481743,0,0,38.7820412814617,0,68.7666765451431,2.8011988401413,0,0,0,0,1.37020742893219,5.16012024879456,0,244.181775182486,0.590981483459473,186.55286732316,0,0,2.93256291747093,0.844643265008926,1.07054409384727,2.09396296739578,0,0.860700756311417,24.7517726719379,0.956224411725998,4.3597286939621,228.736818790436,2545.05686476827,718.543966978788,0,0,0,133.591992855072,0,0,6.74780690670013,2.05300164222717
0,20.6172658503056,0.530448079109192,11217.2309908569,141.017747700214,5761.54468277097,150.682589650154,71.0825060606003,198.687084853649,40910.8160017729,6.1257401406765,0,5.17596670985222,5.33234584331512,2535.98403775692,1.11130034923553,8.64254057407379,1.71644216775894,0,12305.2596028745,5.18458789587021,78.8508132994175,7.51073408126831,1879.75384569168,37.5102209448814,1.15415787696838,22.2687503993511,5192.75546517968,0,1.03830337524414,0.780341804027557,6.409439265728,0,23.72727227211,5860.31082808971,150.411702126265,27.947675049305,15.6088320612907,12.8740702271461,1379.46422997117,10.7130088806152,1.07235956192017,33.4021179378033,10.8425725698471,13.8022738397121,3.35151040554047,59.0574722886086,1.1748605966568,0.806114077568054,0,0,1.23116993904114,108.649968236685,0,9.224927932024,0.703289598226547,12.3420732021332,53.3789654374123,36.8642474412918,0.46443584561348,683.737897872925,9.155707269907,26.4484218657017,2.66407138109207,5.426538169384,1.12470376491547,1.26403665542603,0,76.8615321516991,4.46327313780785,22.8084159493446,6.07186219096184,591.689259082079,0,1.72395941615105,7.2854423224926,364.400570869446,15.1534791588783,1.19771552085876,0,0,0,26.4478247463703,258.910238653421
16.4447950422764,873.164782077074,45.2970270216465,11.0336071252823,13.7208565473557,341.553838521242,1051.6458979249,510.24590742588,191.307701021433,301.06129860878,15997.9261440039,5.17596670985222,0,141.237091064453,118.232579082251,390.711011916399,317.617658883333,32.7465916275978,18.9178930222988,6.88284686207771,758.808833479881,570.484160542488,2035.97613501549,505.535234332085,11154.8175310493,89.346390992403,4869.86878570914,1581.05510225892,68.7674801647663,126.762560546398,1976.40904244781,244.07421875,4.17032468318939,6192.76826554537,142.753133416176,3744.90197041631,6811.48346206546,4129.17892074585,3883.89226108789,1186.87140658498,3100.7441881299,11656.4436849952,25.3738291561604,366.03834733367,37.5095258057117,5.02985948324203,3.05244463682175,0,168.274330884218,0,137.6293014884,8.75738105177879,0,0,0,0,4.54550129175186,18.782024949789,0,1118.4099098742,1.33222758769989,992.081260353327,2.57370585203171,0,52.5780449509621,4.87409451603889,12.028523594141,0,0,39.7330278754234,135.226488500834,69.2665871083736,40.4382440149784,1030.50367859006,8019.2691449523,1056.549685359,41.7440851926804,3.8615003824234,1.12267673015594,576.299216806889,1.20709240436554,0,93.4021169543266,2.46860027313232
19268.5200223625,23.4291962385178,397.2372199893,1.61344707012177,12.0433709919453,1432.04384827614,32194.2195081413,39453.8753267527,12.4307243824005,789.089459836483,498.533444672823,5.33234584331512,141.237091064453,0,77.9081660211086,14.4201152920723,332.649185717106,319.950788468122,237.376888751984,0.598431527614594,259.708683133125,59.9278195500374,514.209220081568,34.4049931168556,34.1392524540424,328.017478466034,3202.88228484988,1200.02121767402,18961.4232548177,11996.9832829833,116.48933121562,781.021222174168,89.1752143502235,4884.14996382594,54.35202729702,330.133393615484,116.092774957418,3885.55214038491,632.713378071785,460.927351385355,320.510655760765,10.7172917723656,4.25252798199654,2.07415828108788,0.306013941764832,0,0,0,1.59591317176819,0,3.95833373069763,1.00687131285667,0,0,0,0,0,2.82349166274071,0,1.78113812208176,0,8.08375072479248,0,0,30.8383921086788,2.62574243545532,0,0,0,15.0439821481705,32.7626472115517,8.74684023857117,24.9223967194557,10.328556060791,21.6439148485661,23.5153055787086,29.5821388959885,0,0,0.611813306808472,0,0,6.9786129295826,0.768406808376312
7.02991417050362,248.520507723093,20.5855868756771,568.645486265421,2196.64489901066,2372.05171534419,1246.83428180218,264.163824826479,1485.32135865092,5363.57975995541,34.792622923851,2535.98403775692,118.232579082251,77.9081660211086,0,450.298684060574,80.7488072514534,16.8623703420162,12.4305174052715,966.472256809473,1430.29315659404,750.980977863073,2285.88954243064,2850.66777050495,324.253366172314,15.4436912536621,1184.87248137593,4373.42619121075,26.3940967917442,97.009852617979,5.95324596762657,34.0481556952,3.55665528774261,96.9026773273945,1967.92838123441,1351.23067846894,1214.75835251808,284.544772177935,607.158866763115,14194.1679625213,381.122084498405,42.4938773214817,95.6461977660656,19.2217701971531,26.3636606633663,17.4889667034149,86.3166880607605,0.858343631029129,5.18731945753098,0,5.09365421533585,6.04817762970924,0.806719988584518,1.20899164676666,1.72681778669357,2.21632105112076,9.62366795539856,29.6602132022381,8.84882637858391,3.02782517671585,8.2350857257843,117.980393409729,14.7197472751141,8.62361100316048,95.7372010052204,0.381985992193222,0,0,15.4880502223969,65.4005768895149,124.358659476042,135.063156723976,467.579215094447,0,7.02623528242111,80.5139774680138,535.804534003139,7.57779747247696,1.81492328643799,0,0,0,184.805980712175,121.218008995056
0,490.300119936466,2.56382492184639,0,91.1587029099464,17.9862270653248,191.192005336285,24.0723490417004,49.511652559042,42.7154438793659,74.1672677993774,1.11130034923553,390.711011916399,14.4201152920723,450.298684060574,0,27.1576836705208,1.06096982955933,1.81498068571091,0.63960725069046,11603.6991107762,3471.30188831687,16195.889697969,6367.07860079408,558.134699344635,0.587735772132874,8795.07583215833,4325.84390592575,10.1949099004269,2.11794221401215,5.45139348506927,2.48030978441238,0,71.6658091843128,1585.00351494551,993.5661008358,1563.37402805686,351.856208324432,1009.93476656079,294.12839859724,124.006130337715,48.2022996544838,202.698911488056,150.823415577412,89.156309992075,73.0567643940449,11.0407653450966,2.59653702378273,17.3678578138351,0,93.8962972164154,362.94373857975,0,0,0,0,0,110.617830246687,1.8865921497345,10.2890026271343,0,269.731573164463,0.305931091308594,0.436909526586533,3310.71322232485,46.2937064468861,1.12705656886101,10.5314013957977,0,694.573110342026,1904.58916014433,6852.51410260797,400.99822729826,1.88441228866577,104.038891792297,4183.39704081416,386.707532167435,0.511181235313416,3.85387843847275,4.67612498998642,0,1.75151145458221,235.54113471508,24.0175084769726
66.411868929863,24.6578762531281,33870.7992840111,0.67387843132019,4.69746905565262,33.0528359115124,644.361132621765,388.479014843702,0,23.4778485894203,1590.54819726944,8.64254057407379,317.617658883333,332.649185717106,80.7488072514534,27.1576836705208,0,9266.76524701715,12785.6365472078,2.44363880157471,8386.84624841809,38.2301974594593,14937.2772300541,3.76531305909157,71.6819863021374,17495.9706286788,20180.8816421032,538.625671714544,169.078355103731,8020.56360352039,19.9262042939663,102.29318228364,1.59914702177048,1941.90660050511,896.902406811714,1995.69255775213,1049.24411973357,4131.74345806241,3621.59569716454,427.983236372471,109.980739593506,6.98372715711594,22.2817590534687,32.165006428957,9.94354653358459,9.35594457387924,0,0,1.61881420016289,0,18.5664906799793,36.6498304009438,0,0.781412601470947,0,0,0,4.80515375733376,0,3.02047303318977,1.26862478256226,8.4753757417202,0.871247887611389,0,9.45199024677277,6.68532729148865,1.49003112316132,0.763930410146713,0,1.05322942137718,9.76635465025902,10.1842066645622,1.92878839373589,12.1385409832001,574.582861810923,2050.46318411827,0.903819859027863,0.366388827562332,0,2.59476965665817,0,0,1.66689676046371,54.3233503103256
47.075294226408,4.18827211856842,2533.2251534462,0.434592753648758,1.30798864364624,234.68773457408,252.650597602129,766.085696429014,0,102.50629940629,11753.5941359699,1.71644216775894,32.7465916275978,319.950788468122,16.8623703420162,1.06096982955933,9266.76524701715,0,7502.33650687337,2.16129350662231,412.502401739359,3.73201978206635,1498.6566349268,0.47611078619957,10.4100987315178,17938.2871913314,4938.36754265428,94.4001525342464,194.135256290436,1349.07912507653,133.375020563602,438.868215024471,0,4397.14022693038,53.8845550715923,289.071109414101,175.689929187298,2356.28101107478,169.419952213764,79.7802297770977,54.6687764823437,0,1.73904097080231,11.9382407963276,2.209128677845,0,0,0,1.3705113530159,0,27.476860165596,0.917295157909393,0,0,0,0,0,0.591981947422028,0,9.93153005838394,0,25.6248353421688,0,0,0,0,0,0,0,0,7.52878454327583,0,1.89627319574356,19.4677346944809,560.881857693195,662.258888959885,0,0,0,5.00642505288124,0,0,0.340791583061218,3.0527617931366
34.8750743865967,4.33023816347122,4140.42340156436,0,0.983727991580963,64.1281614303589,142.677288383245,380.037964463234,0,36.7099697887897,3272.98981586099,0,18.9178930222988,237.376888751984,12.4305174052715,1.81498068571091,12785.6365472078,7502.33650687337,0,1.30200433731079,317.283494502306,4.73724520206451,1149.39807853103,0,15.9981764853001,17020.6244289577,1877.37126886845,53.6768762767315,148.234992295504,921.025015383959,13.2722920179367,214.045644760132,0.422411531209946,4202.29322373867,69.8755457699299,326.300177574158,262.735975801945,1817.71589392424,186.810861259699,46.4523728787899,21.4491939842701,0,9.45080071687698,52.0033412873745,4.67934891581535,9.33713248372078,0,0,0.881805539131165,0,41.9400870203972,16.2187578082085,0,0,0,0,0,3.78168401122093,0,3.24287116527557,0,33.2833404839039,0,0,1.87134337425232,3.47571086883545,0,6.48590642213821,0,0,15.934938877821,4.75357088446617,0.979094117879868,29.7459355890751,1263.33468547463,2252.83494830132,0,0,0,3.90513968467712,0,0,1.64654257893562,2.97926795482635
0,2.16078597307205,0,33976.7817700803,65.3702269792557,838.494342327118,130.013546198606,55.0204185843468,49.0636868774891,14134.1556001008,1.16782563924789,12305.2596028745,6.88284686207771,0.598431527614594,966.472256809473,0.63960725069046,2.44363880157471,2.16129350662231,1.30200433731079,0,0.945214629173279,11.2772591114044,1.1777857542038,2281.88141331077,47.4619243443012,1.27613937854767,4.63559982180595,6848.41920307279,0,0.408786743879318,0.285652339458466,1.82632410526276,0,4.03776925802231,0,161.845559030771,7.15497785806656,14.2469376921654,8.67081248760223,941.137624144554,4.3169678747654,0,30.2319105565548,4.94493046402931,7.09095790982246,0.779822409152985,32.9940940439701,1.44559198617935,1.30522894859314,0,0,1.97374898195267,146.566194742918,0.580666542053223,0.242947444319725,1.81480002403259,2.33766674995422,9.91786321997643,3.45338958501816,1.51357364654541,132.944244593382,15.7420824468136,10.3142056465149,1.1021431684494,2.70613238215446,0,0,0,9.13950243592262,5.10445919632912,3.86846494674683,6.32438150048256,257.361813664436,0.65986555814743,0,0.555641353130341,226.761107757688,5.22315976023674,0,0,0,0,28.9949132502079,0
47.7754077911377,326.361839920282,3974.45357471704,0.517780840396881,309.058495223522,69.7368446588516,1060.57322540879,252.422212451696,19.4465413093567,115.9707018435,486.383167713881,5.18458789587021,758.808833479881,259.708683133125,1430.29315659404,11603.6991107762,8386.84624841809,412.502401739359,317.283494502306,0.945214629173279,0,1163.28047159314,43167.5926937759,2236.71382409334,297.968409985304,599.556089639664,4053.24270811677,9731.61472555995,483.29846650362,51477.5872893035,28.0984911620617,44.7516650557518,19.6794092655182,5524.44037860632,2889.01275297999,2073.22771716118,1007.38769972324,15101.0952967405,7111.09084150195,1091.55500522256,585.444887876511,85.667986124754,30.6654872894287,28.2673558592796,11.6587186455727,13.3067991435528,7.81335631012917,0.856187582015991,9.70385110378265,0,22.1717323362827,26.9437409341335,0,1.32498908042908,0,0,0,20.7655042111874,0,3.6576044857502,0,70.3011847734451,0,0,668.66709664464,1.74939197301865,0,0.435821622610092,0,388.389400690794,287.662562847137,947.541945844889,183.350381910801,4.65153238177299,28.2573819160461,593.847920894623,233.717245668173,0,3.44268131256104,0.841124594211578,0,0,81.3149445056915,23.7362105250359
1.77258569002151,5671.49706822634,10.8326362967491,7.50993931293488,42.2393475174904,125.943429172039,467.367448568344,206.078004956245,10584.7185682952,223.91993817687,273.871894925833,78.8508132994175,570.484160542488,59.9278195500374,750.980977863073,3471.30188831687,38.2301974594593,3.73201978206635,4.73724520206451,11.2772591114044,1163.28047159314,0,2401.63645684719,21010.1788897216,1279.49946433306,16.0767240524292,1935.76814863086,5386.30845215917,56.9174487292767,15.4297028183937,33.175370246172,11.4430304169655,0,367.67563483119,653.467175960541,921.291237145662,1200.34207397699,543.361426174641,390.937113493681,1948.80545386672,345.039632201195,40.8163767457008,110.692956954241,127.543815374374,46.7871107757092,26.9217568039894,10.3118860125542,3.10138481855392,8.69879084825516,0,729.176412880421,125.75226739049,0,0,0,1.47049587965012,0,88.4766672849655,0,5.31640169024467,0.792102217674255,117.122415855527,0,0.456057071685791,1065.3991496563,16.9582171440125,0.381588488817215,8.71821054816246,0.52642810344696,328.999224632978,1730.76268225908,1350.03837487102,429.279448181391,104.484435617924,413.642714172602,3953.0268265903,431.090600967407,2.21654117107391,4.10443463921547,3.75905621051788,0,0,87.9043745696545,10.2185741961002
61.451911687851,1103.44012099504,45821.6866958439,0,549.955915987492,116.657627344131,2065.88855937123,662.433561772108,21.3502227962017,179.029198735952,1266.68021374941,7.51073408126831,2035.97613501549,514.209220081568,2285.88954243064,16195.889697969,14937.2772300541,1498.6566349268,1149.39807853103,1.1777857542038,43167.5926937759,2401.63645684719,0,2785.59594553709,942.896077185869,2544.22010755539,42706.0324929953,9976.93909361959,267.880522876978,18480.1290302277,65.7419106662273,97.8081930875778,2.80969679355621,6183.76606145501,10818.073043853,6396.7587607801,7039.01237723231,33863.4610495269,23510.4213968515,1565.85052239895,790.413709312677,152.996091246605,271.739636659622,157.591541439295,112.88115388155,108.843458533287,14.9425403475761,3.92726615071297,23.7885905206203,0,127.590525537729,442.716603934765,0,0.838977098464966,0,2.42532548308372,0.902178853750229,124.466317802668,0,14.9855834543705,1.8112758398056,217.298121899366,0,0,2491.69135668874,63.2486301362514,2.78231021761894,10.9872894287109,0.41021129488945,619.589357882738,976.237607419491,5216.98074224591,340.828114420176,14.8539848923683,179.36821180582,7087.85848972201,319.200386285782,0,2.43053203821182,3.31307801604271,0,0,207.133217424154,162.357360869646
1.96040225028992,2971.87044918537,6.60034596920013,2108.32280656695,68.0719133615494,632.148620575666,1471.8869061172,248.921195119619,11242.6049369574,4828.45150601864,190.789008021355,1879.75384569168,505.535234332085,34.4049931168556,2850.66777050495,6367.07860079408,3.76531305909157,0.47611078619957,0,2281.88141331077,2236.71382409334,21010.1788897216,2785.59594553709,0,1441.96073758602,2.21749293804169,1626.57168295979,50265.1488279104,54.3673892617226,7.47842964529991,20.6026029884815,14.7196503579617,3.33966511487961,254.211771130562,240.917390614748,723.153874456882,529.103895276785,472.258865058422,405.444056630135,2505.69779242575,271.993911117315,56.5227237045765,750.334296315908,219.156998246908,215.380343973637,52.1159328520298,464.968592047691,52.8797073066235,51.8219397068024,0,15.1812975108624,112.260033249855,34.8017427921295,16.0792746245861,3.61172205209732,29.686527878046,77.4858225882053,1778.53823053837,53.3942928314209,11.565904289484,107.112622469664,381.964016109705,97.799445733428,30.5617862939835,2411.9249702394,13.7896321117878,3.82825088500977,5.89427620172501,105.333619534969,1340.28007462621,3830.56654763222,1586.97461256385,9597.92714634538,7.07707816362381,49.6333900094032,693.617230504751,7131.38201107085,75.3226696252823,39.4945148229599,2.55604806542397,0.947782278060913,4.51055774092674,769.845812797546,5.0665328502655
4.78747683763504,4350.86419063807,69.6774733364582,21.0003539323807,14.4649483561516,304.838095039129,398.340391814709,245.422879874706,659.453229159117,451.562550663948,3506.71177044511,37.5102209448814,11154.8175310493,34.1392524540424,324.253366172314,558.134699344635,71.6819863021374,10.4100987315178,15.9981764853001,47.4619243443012,297.968409985304,1279.49946433306,942.896077185869,1441.96073758602,0,85.9281307458878,7566.38309639692,1456.4106503427,31.6170428991318,40.4657319784164,275.750574022532,152.353547483683,0,1410.3152795434,134.048914968967,1136.81913533807,9913.99458646774,2331.811409235,1295.28377819061,2650.67542970181,2041.89881393313,4778.07230594754,12.0732684135437,257.943110972643,11.8883533477783,5.17641419172287,6.52619221806526,0,146.174418032169,0,231.66155564785,5.66733598709106,0,0,0,2.10592150688171,3.90990042686462,19.1561959385872,0,1215.27898830175,0,895.502953201532,0,0,37.4643020927906,1.91184681653976,7.93862900137901,0.453998923301697,0,12.3356544077396,131.58284330368,55.1845913231373,34.1421273648739,2251.28880363703,4444.82741603255,928.329645365477,20.1489408910275,1.93147972226143,1.09151673316956,534.995986968279,0,0,41.5197266638279,1.0891982614994
68.9574164152145,25.865258961916,28322.3821635246,0,1.57131737470627,170.206326186657,286.288576364517,673.834668040276,0,81.2798803001642,11996.4435834289,1.15415787696838,89.346390992403,328.017478466034,15.4436912536621,0.587735772132874,17495.9706286788,17938.2871913314,17020.6244289577,1.27613937854767,599.556089639664,16.0767240524292,2544.22010755539,2.21749293804169,85.9281307458878,0,29019.1861579716,114.677467554808,193.878433257341,2357.86601988971,1815.60812151432,385.826270699501,0,3621.62134546041,68.3809849619865,413.203776687384,303.547455698252,2045.05401906371,264.109631091356,77.489155203104,48.8321993947029,2.92170286178589,13.5090197324753,118.990461200476,13.6754921972752,7.2909696996212,1.49577659368515,0,11.840154260397,0,183.654180705547,13.3716187179089,0,0,0,0,0,8.00828924775124,0,62.9681118428707,0,159.71448713541,0,0,4.08786979317665,9.27983888983727,2.33799088001251,6.34175258874893,0,0.565113484859467,45.3811937570572,2.75329661369324,0.276847720146179,177.173405408859,3094.76363769174,4017.23388177156,0,0,0,53.9566894769669,0,0,2.978142619133,0.704785048961639
402.06960234046,11036.8881552219,17747.3915957808,6.03492447733879,225.964588522911,937.835004210472,2289.36328756809,4739.41133742034,168.666228741407,518.683896452188,15738.8634554148,22.2687503993511,4869.86878570914,3202.88228484988,1184.87248137593,8795.07583215833,20180.8816421032,4938.36754265428,1877.37126886845,4.63559982180595,4053.24270811677,1935.76814863086,42706.0324929953,1626.57168295979,7566.38309639692,29019.1861579716,0,5169.98197582364,1657.13969779015,8295.13888439536,7573.75468605757,2189.06419476867,10.922947883606,30062.1340245903,9020.60601860285,15372.7438224852,26029.2844298184,82408.4793462455,28976.9695245326,2847.00195226073,1132.16363206506,252.702278703451,1796.67838665843,2211.0244885087,1071.82743966579,790.489992797375,30.3472500741482,12.6288440227509,193.080320775509,0,12052.2262936532,2844.70634919405,0,0.737197041511536,2.13965147733688,17.9924256205559,6.7179998755455,323.276371657848,0,903.885510265827,1.136424690485,2149.18830060959,4.85814228653908,0.446307003498077,2779.40466809273,504.412711888552,27.8266363441944,107.543904930353,0,140.267540067434,2716.87023922801,5103.20766872168,259.442628413439,7401.77335682511,29482.2906234562,115897.038601339,111.308936834335,3.72686451673508,12.7132559120655,718.374366223812,1.33967661857605,1.8265632390976,382.173483416438,320.886959046125
52.494759708643,1178.69875788689,1888.06099328399,16066.7916729152,408.632465958595,4440.089630723,62143.2016746402,3765.6954139173,4633.21394862235,27385.5300244689,235.737003147602,5192.75546517968,1581.05510225892,1200.02121767402,4373.42619121075,4325.84390592575,538.625671714544,94.4001525342464,53.6768762767315,6848.41920307279,9731.61472555995,5386.30845215917,9976.93909361959,50265.1488279104,1456.4106503427,114.677467554808,5169.98197582364,0,1912.31844681501,7495.64015242457,35.0211292207241,175.574499338865,89.1198742091656,2155.77800917625,2449.70635923743,5429.46464034915,1240.72540321946,10483.4802203476,6774.27920717001,10986.4458797574,3157.22209322453,179.683229237795,2231.70441290736,606.335242718458,721.415880575776,119.148031920195,1018.52187737823,182.865339189768,167.525778204203,0,45.3132655918598,219.620178341866,53.7451822459698,10.6776944100857,13.5406313538551,66.9713778197765,197.631787747145,2483.41319432855,57.7037092149258,51.0350313186646,144.590934872627,870.567738711834,343.646136030555,33.5685126185417,3009.47156620026,28.3070532679558,6.62155202031136,9.15158435702324,114.208530157804,1835.92011100054,3242.18969932199,2599.80071887374,20289.218043685,11.1410969793797,76.7029513120651,1344.84795218706,19071.6389950216,223.815869271755,95.2788622528315,8.18316540122032,0,6.97740799188614,2200.47436083853,21.084096878767
14782.8798757493,24.0735487043858,161.921702325344,0,8.91208004951477,198.468448460102,3514.59041765332,2971.25451296568,1.54337656497955,170.571646213531,332.178290337324,0,68.7674801647663,18961.4232548177,26.3940967917442,10.1949099004269,169.078355103731,194.135256290436,148.234992295504,0,483.29846650362,56.9174487292767,267.880522876978,54.3673892617226,31.6170428991318,193.878433257341,1657.13969779015,1912.31844681501,0,13753.9096305966,62.1324002742767,5701.52389332652,7355.98456525803,7262.04261499643,21.6481331288815,194.936600089073,103.394077569246,6064.46215349436,520.71613869071,240.407374411821,212.569639235735,6.63275742530823,4.89895877242088,4.34150257706642,0,0.746807634830475,0.326515197753906,0,0.453338891267776,0,5.46714287996292,1.20864844322205,0,0,0,0,0,2.68495377898216,0,0,0,5.60276162624359,0,0,20.0354178547859,0,0,0,0,22.3573513627052,32.3686686754227,32.1265117824078,27.8042325973511,3.87603738903999,23.5637842416763,20.5795717835426,23.8757400810719,0,0,0,0,0,4.42857912182808,0
6285.17558148503,10.1785920262337,4626.01177436113,0,26.022750467062,402.745295405388,9724.8861657232,7856.57321202755,0,77.2211644351482,1893.48245191574,1.03830337524414,126.762560546398,11996.9832829833,97.009852617979,2.11794221401215,8020.56360352039,1349.07912507653,921.025015383959,0.408786743879318,51477.5872893035,15.4297028183937,18480.1290302277,7.47842964529991,40.4657319784164,2357.86601988971,8295.13888439536,7495.64015242457,13753.9096305966,0,97.7179318368435,376.443329393864,423.34641829133,12129.4997496605,116.887083411217,217.352893084288,129.818616300821,9595.68321284652,1288.09800642729,246.931193083525,380.284453928471,9.96114712953568,1.83774450421333,2.76507818698883,0.938368827104568,0,0,0,0,0,5.42539656162262,4.09808191657066,0,0,0,0,0,0,0,0,0,0.318279206752777,0,0,3.83872327208519,0.666301190853119,0,1.06408417224884,0,1.22182440757751,0.926964521408081,5.441340893507,1.61372122168541,8.05339825153351,61.4518501162529,234.48839750886,0.405181556940079,0,0,0,0,0,0.617021262645721,0.610932588577271
11.9827897548676,51.5652697086334,77.6714925169945,0,2.61805701255798,201.695551395416,170.714622110128,455.133283138275,17.6719233393669,79.6340689659119,4110.2605343163,0.780341804027557,1976.40904244781,116.48933121562,5.95324596762657,5.45139348506927,19.9262042939663,133.375020563602,13.2722920179367,0.285652339458466,28.0984911620617,33.175370246172,65.7419106662273,20.6026029884815,275.750574022532,1815.60812151432,7573.75468605757,35.0211292207241,62.1324002742767,97.7179318368435,0,252.361194610596,1.02653050422668,1665.65833809972,20.0725990533829,185.411039084196,881.142444640398,1729.39195817709,151.145906895399,70.5443277359009,72.4523140490055,5.03432881832123,4.70901429653168,82.4875392317772,3.67586517333984,0.696258366107941,0,0,22.8832295238972,0,56.9752872884274,0.655267775058746,0,0,0,0,0.328854471445084,1.50393998622894,0,174.0995657444,0,185.746152728796,0,0,0,0,1.00064486265182,0,0,0,35.3451072871685,0,1.2405207157135,355.483324408531,2952.68154227734,600.006963223219,0,0.476876229047775,0,102.54527336359,0,0,5.2975240945816,0
137.51489341259,20.0248163640499,112.043545216322,0,176.192416667938,235.103565573692,621.291351824999,468.67558863759,2.68271958827972,240.799672871828,912.549520403147,6.409439265728,244.07421875,781.021222174168,34.0481556952,2.48030978441238,102.29318228364,438.868215024471,214.045644760132,1.82632410526276,44.7516650557518,11.4430304169655,97.8081930875778,14.7196503579617,152.353547483683,385.826270699501,2189.06419476867,175.574499338865,5701.52389332652,376.443329393864,252.361194610596,0,1.07463037967682,13786.1837230921,13.3860033750534,308.486616373062,133.387190103531,1581.11144322157,148.117061376572,183.171140253544,4033.3871499598,70.8729857206345,0,0,0,1.03749823570251,0,0,0.493535339832306,0,7.78292980790138,0,0,0,0,0,0,0.715906858444214,0,0.360781073570251,0,1.98054748773575,0,0,5.46721735596657,0,0,0,0,2.01830780506134,16.17548802495,2.27411893010139,6.88484221696854,7.54383471608162,47.4081585407257,26.5807112455368,4.95241296291351,0,0,0.849142491817474,0,0,3.83245277404785,0
979.911735236645,0,0,0,0,3.4560359120369,130.273307710886,59.0299773812294,0,2.47584736347198,1.20348185300827,0,4.17032468318939,89.1752143502235,3.55665528774261,0,1.59914702177048,0,0.422411531209946,0,19.6794092655182,0,2.80969679355621,3.33966511487961,0,0,10.922947883606,89.1198742091656,7355.98456525803,423.34641829133,1.02653050422668,1.07463037967682,0,354.937345266342,0,4.59398871660233,4.94362819194794,170.995074033737,14.0741011500359,14.432562828064,14.1765354275703,2.35100758075714,0.98508483171463,0,0,0,0,0,0,0,0,0,0,0,0,0,0,0,0,0,0,0,0,0,0.9700887799263,0,0,0,0,0,1.49173164367676,0,0.467762589454651,0,0,0,0,0,0,0,0,0,0,0
664.97216412425,421.767828047276,3178.05740323663,13.0861015021801,275.285499572754,2241.13215145469,4684.65211558342,4323.20113176107,144.218325644732,1309.42363402247,16621.0162887275,23.72727227211,6192.76826554537,4884.14996382594,96.9026773273945,71.6658091843128,1941.90660050511,4397.14022693038,4202.29322373867,4.03776925802231,5524.44037860632,367.67563483119,6183.76606145501,254.211771130562,1410.3152795434,3621.62134546041,30062.1340245903,2155.77800917625,7262.04261499643,12129.4997496605,1665.65833809972,13786.1837230921,354.937345266342,0,141.491460025311,913.173167198896,1119.09836271405,12915.542612344,2733.98140347004,527.847371965647,969.183124482632,309.675820350647,26.6760959625244,47.0994702577591,14.2272486686707,6.21785232424736,2.0922537446022,3.76864349842072,12.3137233555317,0,87.5960773229599,15.945058375597,0,0,0,0,0,28.7214408516884,0,72.9268771708012,0,81.9641931653023,0,0,55.6760261952877,1.16307827830315,1.59597057104111,0,0,29.6478054225445,61.7937397658825,56.1741888225079,140.777563214302,143.462230175734,1105.76926183701,819.308074474335,121.970460906625,0,0,39.1299445033073,0,0,32.4973627626896,5.41146466135979
