0,0.461289465427399,132.421524494886,1.05281138420105,5.97933351993561,176.950115740299,16420.9892042577,7014.01474431157,1.0495893061161,111.129539847374,178.679793357849,21.4602093100548,16.176238566637,23418.1487705112,6.0376044511795,0,944.976763218641,53.5965449810028,357.143745332956,7.08864215016365,223.593712240458,0,924.886193692684,0,0,242.72295358777,84.5865812301636,30.3181330561638,9955.47857791185,10782.9364515543,0.978673130273819,91.1776384413242,25.0768750011921,524.925304293633,21.2620668709278,66.6023482382298,11.0143932700157,289.49553874135,73.150345146656,2.36141556501389,4.02147543430328,0,0,1.30050495266914,0,0,0,0,0,0,0,0.886192083358765,0,0,0,1.54953026771545,0,1.48790574073792,0,0.905777812004089,0,1.0411628484726,0,0,0,0,0,0,0,0,0,0,2.30167400836945,0,0,4.68462181091309,1.79850435256958,0,0,0,0,0,0,2.91022115945816
0.461289465427399,0,360.734441161156,1.74954342842102,0,1.31486144661903,11.2600474953651,5.90291872620583,2143.06015840173,2.48606443405151,89.3336134552956,1.37173348665237,610.670102894306,5.28872781991959,16.4020558595657,772.304973095655,408.626112043858,16.9733468294144,84.6391933560371,0,43.3843602836132,3382.24306711555,166.851595580578,3670.22302561998,1980.4529221952,526.752054393291,32282.7454842031,267.546533554792,8.78559324145317,4.83466711640358,104.563426285982,9.58861297369003,1.08779680728912,230.685699552298,52.3616719841957,563.598970651627,254.922493457794,424.838681787252,337.854039311409,24.4634926915169,4.47348976135254,254.697353720665,49.3746741116047,87.9888825714588,30.5334054529667,37.2878489494324,1.35206127166748,0,173.654190808535,0,1113.51571592689,152.584666311741,0,0,0,6.52926430106163,0.536880910396576,20.8607805371284,0,135.607406973839,0,216.515615075827,0.821701288223267,3.8612933754921,82.8907760977745,37.8375936746597,14.5135099887848,13.5668471455574,0,12.5472446680069,113.837905675173,35.0307700037956,95.5321494340897,253.916569948196,737.887857288122,7506.32273137569,33.2150667011738,0.839906513690948,4.19910848140717,152.686692357063,0,0.445862233638763,10.0448553562164,31.4369507730007
132.421524494886,360.734441161156,0,11.3839389979839,15.4833428263664,142.589575588703,5772.93719252944,588.41193947196,11.8319461941719,243.609912842512,392.885017514229,55.0020361244678,71.8129724860191,632.606656908989,25.884725689888,68.4547423124313,30478.1005311906,324.357828646898,3584.52498355508,5.37415179610252,8172.65439991653,64.39024913311,53294.3691538423,116.241969436407,3.88582664728165,41729.7895456553,30922.7345897257,6140.82005318999,242.995143949986,2754.09951484203,6.02685776352882,63.8581598103046,35.7191869318485,3662.9588907361,492.008345216513,3476.06448760629,777.469379901886,5547.12066110969,4407.81860104203,25.8114196360111,35.8580153286457,3.06444174051285,183.020075947046,25.5095244348049,113.428657412529,127.282055646181,2.60094031691551,0,0,1.12450480461121,110.419305115938,1557.24341320992,0,0,0,161.173238426447,4.35908952355385,7.81504708528519,0.760574489831924,4.19281536340714,0,1.89054387807846,12.9989239275455,16.1870598196983,101.105740845203,327.364581108093,3.94274228811264,99.2975685894489,0,76.2313485741615,75.6936564743519,189.251232504845,75.4341686666012,2.74674689769745,838.075285673141,6828.17341518402,146.93828573823,0,35.9313541352749,2.94084411859512,0,0,17.9835570454597,246.616132229567
1.05281138420105,1.74954342842102,11.3839389979839,0,27.3313631117344,97.3644840121269,159.7479185462,131.009074181318,3192.85047069192,11421.0064682066,41.5488811135292,18195.6557590365,160.341637790203,68.7048501968384,371.538336575031,0,3.7006216943264,1.4868460893631,3.55750361084938,25882.0745896399,2.80877739191055,11.1947485208511,6.8304551243782,5113.03593578935,13.5848246216774,13.1108663082123,8.44903448224068,14178.7584067285,104.200454741716,12.9091663360596,0,42.7613519430161,15.5243388414383,212.775088459253,42.6298744678497,353.019496679306,9.80249127745628,182.21263256669,44.6602722108364,466.052584409714,57.1483039557934,3.29786425828934,85.7134752571583,0,21.2180595397949,6.60865813493729,482.397641688585,13.0023509562016,19.3801821172237,0,0,0,1371.3350059092,31.6779382228851,109.341692060232,172.638953536749,53.1889064311981,1068.14081773162,1219.59400990605,12.2879185974598,1288.65649312735,0,3.05454155802727,109.938293278217,1.56217056512833,0,1.58936509490013,0,480.143705517054,6.14539706707001,0.932766675949097,0.631304681301117,2565.63476750255,0,1.04719996452332,11.2941912710667,2099.57405591011,2.50699198246002,0.475015014410019,0,4.15493702888489,0,14.5532067418098,3.18696403503418
5.97933351993561,0,15.4833428263664,27.3313631117344,0,2013.80726355314,231.328279584646,936.607513785362,175.231874704361,416.10704010725,38.944577395916,1021.69832080603,143.555126577616,59.1269133687019,3179.06237465143,68.5882415771484,15.2346339523792,4.91233748197556,13.6889221668243,52.5855036973953,235.316199570894,7.50375401973724,607.807630360126,120.062739282846,1.94967621564865,7.5770408809185,117.518715798855,557.424088120461,44.5539090335369,130.684986889362,0,370.738329142332,11.6186438798904,5621.77044409513,1179.48269727826,1169.93568518758,49.380423605442,88.3516197502613,267.34311491251,19887.9945624471,6709.92707148194,4.86667621135712,30.7297105789185,10.1201753616333,3.13359570503235,32.7789223194122,81.5772140622139,1.62775611877441,14.5238969624043,0,0,1.05485963821411,9.96359521150589,2.29486727714539,5.85129427909851,6.44576972723007,14.0767883062363,14.9290831983089,15.7772249281406,5.18230071663857,57.5716671049595,0,0.903552889823914,14.7491437196732,23.7075435817242,1.37999498844147,0.971363663673401,2.60478103160858,2.88077396154404,2.87549751996994,3.7743074297905,29.2799755930901,81.7218188643456,0,10.9488258361816,24.6822576224804,43.9762393832207,0,3.42621147632599,0,0,1.57760918140411,1.27904975414276,951.811850607395
176.950115740299,1.31486144661903,142.589575588703,97.3644840121269,2013.80726355314,0,3852.36258223653,26643.6260473728,110.842258214951,16443.935646832,514.706943720579,12807.2161307633,413.011659413576,2417.27772250772,3399.44099679589,1.16237127780914,83.9933657646179,46.7816292643547,134.787585169077,309.363723129034,25.1091042160988,0.999523401260376,126.92180544138,38.1146467030048,10.5355839729309,200.37510111928,55.1704981029034,739.858781546354,811.186446547508,358.671751976013,4.60122296214104,846.363550871611,54.2322241663933,1203.00016817451,2395.7278368175,3401.3761472404,102.487896472216,485.745736986399,115.511044323444,7213.01842612028,958.649566799402,9.22172635793686,19.2676265537739,2.01830589771271,4.14395624399185,5.88184082508087,135.194771051407,1.46397686004639,19.9215710759163,0,0,0.646867096424103,41.4007765650749,4.04771685600281,18.4376304745674,21.3450157344341,6.86772871017456,55.7129438519478,51.1916518807411,5.48252460360527,91.963937997818,4.40134200453758,0.928069353103638,24.9260485768318,0,0.571585655212402,0,0,25.1731210947037,0,0.549397528171539,0,260.188799679279,0,0,5.61805087327957,189.462173521519,0,0,0,2.15501141548157,0,4.23974072933197,275.74785399437
16420.9892042577,11.2600474953651,5772.93719252944,159.7479185462,231.328279584646,3852.36258223653,0,10641.2873136401,426.840098649263,46525.2610675693,829.477750450373,220.806333497167,883.509083837271,16459.0333563387,666.312127530575,12.6129112839699,3034.80627936125,181.773246824741,1758.65367302299,221.649210214615,530.518534630537,72.6049768924713,3818.08622792363,900.305337280035,16.0173707902431,4750.08025491238,416.850648164749,61231.5585379004,8658.3953922689,32626.9604031742,8.95434838533401,410.118223726749,775.118236124516,5349.99202537537,2123.78347113729,5862.71415397525,268.540861517191,5719.28396824002,1935.70755282044,438.628991425037,993.420490413904,17.7487059235573,530.448897093534,7.37446290254593,151.507931619883,55.232532531023,208.692031145096,68.4293915331364,32.5416780412197,0,3.95164060592651,46.9500168859959,141.363707631826,7.70800012350082,43.5209176838398,363.957086950541,52.3586803078651,305.012803733349,399.117220669985,7.92284214496613,114.421447813511,1.19255352020264,7.83817848563194,30.0552400350571,166.192257404327,0.839230716228485,0,0,94.2302030324936,20.1155402362347,67.2813919782639,52.6341120302677,2433.49433723092,0,1.9776676595211,1433.62306186557,2419.27628442645,22.0887121856213,0,0,0,0,74.4563367664814,85.9176154136658
7014.01474431157,5.90291872620583,588.41193947196,131.009074181318,936.607513785362,26643.6260473728,10641.2873136401,0,56.0027715563774,11914.1998292208,1052.35266566277,4527.58308589458,351.697791486979,27914.5470841825,656.71746841073,2.58827435970306,2167.26855236292,133.378212690353,807.431830614805,452.056533306837,366.885071724653,2.77654629945755,1873.85352820158,28.3035458922386,2.9453287422657,771.052329197526,187.899216085672,1067.13074082136,3526.44255721569,6330.22750896215,13.5006885230541,999.088400840759,89.3019080162048,2967.58117040992,1904.58017832041,3241.1045807302,146.419659852982,1662.21681809425,555.209356784821,1867.3537889123,135.685352891684,20.1612631380558,43.9270061254501,2.1387791633606,11.9491784274578,2.81618988513947,33.7379776239395,1.76334804296494,22.0884785354137,0,2.16915369033813,4.68433123826981,9.71847903728485,0,5.68832460045815,63.1928150057793,3.50767627358437,61.4511302411556,18.3205548226833,8.03579598665237,23.8535919487476,8.72218465805054,0,1.06465494632721,0.61342054605484,0.583115756511688,0,0.391234457492828,3.13425967097282,0.798118531703949,0.585500538349152,0,399.6930950284,1.46029990911484,7.73530459403992,31.1769177317619,277.364445328712,0.832774937152863,0,0,0,0,9.40329265594482,179.931376516819
1.0495893061161,2143.06015840173,11.8319461941719,3192.85047069192,175.231874704361,110.842258214951,426.840098649263,56.0027715563774,0,1788.75260895491,72.9082340300083,5197.69891902804,588.202207922935,35.8740790486336,2037.36992424726,506.862026512623,8.29888498783112,3.8214607834816,1.52314013242722,809.583377838135,52.1740722060204,4985.34344607592,120.328268051147,50947.6217958927,1434.85491243005,54.8581661581993,3127.10729840398,6823.33161789179,105.003884583712,7.99339625239372,79.989166945219,17.9654322266579,35.0597935914993,147.864932924509,211.433828979731,939.990024775267,68.1901257038116,276.152063220739,79.7174364924431,2308.96650242805,69.1013405621052,155.91939547658,1173.74229887128,70.8704264461994,205.837054133415,80.2060745060444,937.254181742668,99.370139926672,94.4766639471054,0,43.1815507113934,10.4829543530941,590.994576394558,90.2328181564808,191.407069981098,328.482816278934,75.7188573479652,5491.18661573529,733.565702259541,59.2956039905548,1240.60757914186,65.0697662234306,31.7574464082718,266.779481470585,2833.00000703335,9.73264521360397,5.90699490904808,2.1149677336216,320.151209831238,343.598914086819,1025.78358834982,706.788783729076,8559.10340234637,34.3397672772408,23.4005555212498,373.610709488392,3997.20822677016,52.8181491196156,2.28306341171265,0,20.5564906597137,10.4208289980888,106.220103174448,94.4050915837288
111.129539847374,2.48606443405151,243.609912842512,11421.0064682066,416.10704010725,16443.935646832,46525.2610675693,11914.1998292208,1788.75260895491,0,2699.24681398273,7730.87774828076,1521.62304276228,9100.90785685182,758.386583894491,3.94876927137375,193.123768866062,123.612846702337,281.135163545609,10202.1958656311,16.2895376086235,3.87791553139687,159.581995278597,976.844781458378,14.3233267962933,279.849887475371,49.8342877626419,24893.5788919032,4005.62868914008,277.294972807169,3.37433850765228,1533.04927486181,95.9069429039955,6375.96365150809,1662.21563991904,8679.85618856549,260.56941691041,4963.84370291233,499.440140634775,1352.08971202374,1946.51863050461,49.8059117794037,98.2378934323788,3.62568402290344,10.9470083415508,8.10764598846436,785.560632765293,5.25065496563911,49.9485248029232,0,0,0.312759280204773,327.959239929914,30.7359410524368,122.4290817976,379.15945366025,42.3986769020557,1131.11441755295,788.219870537519,16.8542072474957,758.601493656635,3.6250958442688,2.96301758289337,120.23000472784,3.59139096736908,0,0,0,251.787625819445,0,3.11805692315102,0,4475.08984979987,0.674113512039185,0,4.85310983657837,2346.12020027637,0.853577852249146,0,0,1.31892919540405,0,7.30952507257462,86.1199069619179
178.679793357849,89.3336134552956,392.885017514229,41.5488811135292,38.944577395916,514.706943720579,829.477750450373,1052.35266566277,72.9082340300083,2699.24681398273,0,1610.93861240149,13360.8612608612,974.844949454069,23.7319818437099,12.362672328949,485.328840494156,7787.36738049984,3286.29649278522,269.968158513308,75.5308716893196,46.17929443717,408.487012088299,56.9522082209587,673.843049883842,5160.40026113391,1612.97111961246,306.14134195447,1856.17086642981,374.349670112133,729.062043964863,2539.88241583109,9.77590635418892,8882.78049752116,170.592913776636,4533.23926663399,6993.5613630712,14397.168276459,1750.98432555795,153.961423367262,21.9525076150894,2778.75162568688,15.572044968605,1619.02188006043,60.7996226549149,19.0388981103897,6.03423881530762,0,757.791077077389,0,126.53609418869,21.4539040625095,0,0,0.807651102542877,0.416396260261536,8.41224405169487,152.3209156394,1.40235394239426,3068.79419094324,2.81205335259438,6780.8969848454,17.8250566124916,8.70826715230942,9.3827064037323,10.0233066678047,61.318373978138,6.39639309048653,0,0,53.0180982351303,4.28407782316208,60.1690315008163,537.388562202454,631.127499163151,755.025737553835,0,14.3420481085777,0.691636979579926,953.444075316191,11.4823445677757,0,72.42707914114,100.919877886772
21.4602093100548,1.37173348665237,55.0020361244678,18195.6557590365,1021.69832080603,12807.2161307633,220.806333497167,4527.58308589458,5197.69891902804,7730.87774828076,1610.93861240149,0,679.162045240402,1862.08825364709,5848.41050168872,2.93369287252426,42.2212107777596,105.1218059659,155.505546122789,15220.2832119763,10.5393787622452,3.13961744308472,30.5636136233807,2490.29402723908,11.5286516547203,331.744975268841,49.5177907049656,3904.28525446355,1520.15260344744,8.42842096090317,2.63571000099182,1153.88425883651,0.961441099643707,2607.95655840635,2246.98166236281,1486.87276810408,91.1177246272564,1077.13310968876,66.5886824429035,5935.50694456697,336.477908223867,20.2211800515652,52.6526250839233,2.46225816011429,22.1456198096275,8.4605530500412,1790.28524458408,10.7049440443516,56.9748557209969,0,4.48781740665436,0.9095099568367,686.458880096674,129.162537902594,362.278964281082,59.6407050192356,98.5835252404213,1147.34502890706,832.939302057028,40.1271964013577,2473.81203788519,5.56191381812096,45.1746805608273,347.602115899324,0,2.68323349952698,18.7342407405376,5.0263452231884,566.746550023556,0,10.2215602397919,0,2410.03666904569,1.47513127326965,17.4140736460686,43.4441229999065,1174.94668072462,26.1281895041466,0,1.0415606200695,34.0093998610973,0,36.304352492094,738.509234905243
16.176238566637,610.670102894306,71.8129724860191,160.341637790203,143.555126577616,413.011659413576,883.509083837271,351.697791486979,588.202207922935,1521.62304276228,13360.8612608612,679.162045240402,0,170.50813293457,248.274945884943,72.4822369217873,21.5852059721947,67.8151657581329,58.3528130054474,192.797032356262,148.38724014163,402.360555499792,470.067963600159,730.374065339565,6749.23981407285,349.567579090595,3656.89193513989,1296.97919511795,144.809535294771,140.753547102213,1732.36397922039,550.101805657148,7.27119725942612,2638.93015787005,787.240986347198,9043.3002448082,4174.01681953669,4893.02519333363,3133.16261947155,3866.77272513509,3974.0341155827,4105.29241716862,787.193692952394,2917.20441117883,255.316704183817,59.0682953596115,2685.86119925976,71.1792443394661,1291.3562681973,0,188.653685778379,21.3618547320366,44.0519602894783,4.61201703548431,76.6605987548828,164.8323738873,173.57002311945,224.29403296113,122.052788943052,5512.32578867674,176.562749445438,13083.7050928771,104.385036110878,34.161515891552,37.3393900096416,6.24212703108788,142.867798089981,6.61522787809372,37.0471059083939,5.91739630699158,73.1358800530434,16.0213454961777,662.480051338673,1025.03566676378,1538.90307420492,1897.85133671761,781.941773235798,82.3379797935486,1.87683618068695,2083.92395758629,76.6913145780563,0,193.770694255829,185.053357094526
23418.1487705112,5.28872781991959,632.606656908989,68.7048501968384,59.1269133687019,2417.27772250772,16459.0333563387,27914.5470841825,35.8740790486336,9100.90785685182,974.844949454069,1862.08825364709,170.50813293457,0,94.0902787744999,1.79258680343628,2551.09343028069,216.300356715918,1104.64773455262,259.774363309145,460.508130311966,4.06059131026268,2304.20322495699,30.6763614714146,0.576357483863831,1059.31287813187,299.199090600014,796.331992119551,21529.9167960882,10682.1848761737,12.0568807125092,1318.59346544743,105.121018379927,2765.1830201149,165.987042427063,1203.8642835319,97.0872947275639,1600.95174399018,493.070663958788,164.690469801426,88.4072552621365,5.36870288848877,17.6780909597874,1.88012486696243,5.20845085382462,0.718489706516266,9.16152256727219,1.91829031705856,9.81861120462418,0,1.20756888389587,5.96647506952286,1.72211796045303,0,0,20.3782241940498,2.75850433111191,22.4157607853413,4.92960292100906,2.87092632055283,10.1699712574482,1.31149208545685,0,0,0.851031064987183,2.63470587134361,0,0.375770956277847,1.32820987701416,0,3.79542022943497,0,137.498956859112,0.632101833820343,8.4748939871788,48.9922027587891,92.3167059719563,0,0,0,0,0,4.02457916736603,3.22889369726181
6.0376044511795,16.4020558595657,25.884725689888,371.538336575031,3179.06237465143,3399.44099679589,666.312127530575,656.71746841073,2037.36992424726,758.386583894491,23.7319818437099,5848.41050168872,248.274945884943,94.0902787744999,0,164.849666893482,26.3586995005608,6.5719989836216,9.55192983150482,302.307797789574,440.417600095272,20.175833106041,866.726464748383,968.882045328617,9.21435463428497,15.1574056446552,198.698034405708,1682.96059682965,65.1515802443027,211.007531404495,2.16049414873123,156.035710185766,14.5161398351192,151.734039276838,2731.14631360769,715.963220030069,100.013748645782,208.944893240929,240.857607156038,8729.72820174694,46.2497306764126,7.15667921304703,115.21300393343,7.83272671699524,7.606085896492,43.1878425478935,583.950731873512,1.03530764579773,27.2498042583466,0,0,16.5122166872025,130.662753045559,39.0949226021767,97.3651163578033,32.0828158259392,28.4660788178444,195.382050067186,160.758556395769,5.0406134724617,473.45255112648,0.513029158115387,3.75143057107925,74.8395193517208,23.1666120290756,1.99181073904037,4.81418424844742,6.73351907730103,83.9712679386139,15.9133298397064,5.07066112756729,30.3321786522865,627.536525309086,0,8.06114685535431,76.3842727839947,407.428141623735,4.9206690788269,2.48947685956955,0,9.05986905097961,4.23065304756165,11.0296932458878,1281.75383388996
0,772.304973095655,68.4547423124313,0,68.5882415771484,1.16237127780914,12.6129112839699,2.58827435970306,506.862026512623,3.94876927137375,12.362672328949,2.93369287252426,72.4822369217873,1.79258680343628,164.849666893482,0,191.782087743282,8.63888919353485,46.2964093089104,0,7487.10350683331,11846.9088097811,13332.9389814436,3650.39969074726,170.07914185524,163.839583396912,14522.4939555824,3732.13525214791,3.31197971105576,8.70221334695816,6.38895627856255,3.25977173447609,0.656966507434845,233.936142146587,1715.79812264442,5486.86669716239,1445.6181242764,919.343346357346,1110.71146199107,45.3480334877968,20.3750095665455,18.721986413002,585.677883476019,55.7518923282623,81.5341447293758,91.8827138841152,4.02411955595016,3.88393074274063,4.2183618247509,0,41.459524512291,98.1742949187756,0,1.41752284765244,0,3.06004029512405,1.91102319955826,215.776778817177,0,4.36561921238899,0.933551073074341,5.44032919406891,4.71033191680908,2.36443448066711,10423.5251897275,32.8099545240402,0.58307945728302,6.08623588085175,0,1069.65978682041,745.064843565226,3098.66323181987,2702.58572798967,9.14986914396286,77.4848437309265,3730.74885517359,1485.3628847301,0,0,0,0,1.52333146333694,6.4769059419632,126.139523506165
944.976763218641,408.626112043858,30478.1005311906,3.7006216943264,15.2346339523792,83.9933657646179,3034.80627936125,2167.26855236292,8.29888498783112,193.123768866062,485.328840494156,42.2212107777596,21.5852059721947,2551.09343028069,26.3586995005608,191.782087743282,0,501.279132843018,3886.78012180328,7.229118257761,4621.55557847023,117.856646597385,12549.1635194123,123.637499600649,7.4327347278595,20018.5312624574,24597.761382401,2008.99975678325,2674.91266858578,7179.99951958656,7.45866546034813,104.950347870588,225.888804137707,11417.6728413999,55.4274941980839,903.663728445768,309.437871098518,1959.1514338851,577.465839356184,33.0877243280411,29.1423799693584,1.84774547815323,75.4579429328442,6.27899622917175,44.5726445615292,31.1443062722683,0,0,0,0,93.1329086124897,619.423268169165,0,0,0,43.2155368924141,0,7.2965897321701,0,0,0,0.917757928371429,1.16560152173042,1.18536353111267,40.2435174584389,195.438187628984,1.26741808652878,72.5023563802242,0,37.4532797634602,33.8168271780014,60.7195448577404,28.7503354251385,4.32453769445419,684.650551587343,3566.50136342645,39.8473642170429,0,10.2617635130882,2.31696885824203,0,0,5.66814407706261,22.2658205032349
53.5965449810028,16.9733468294144,324.357828646898,1.4868460893631,4.91233748197556,46.7816292643547,181.773246824741,133.378212690353,3.8214607834816,123.612846702337,7787.36738049984,105.1218059659,67.8151657581329,216.300356715918,6.5719989836216,8.63888919353485,501.279132843018,0,5925.14206022024,20.829751521349,164.208141326904,4.13326543569565,396.58758687973,6.28604710102081,9.43282902240753,3897.72969341278,1067.38423731923,80.7044770419598,322.376493901014,206.566758871078,201.536198019981,280.364176213741,10.4916495084763,1875.03403508663,210.986977756023,3101.75845530629,5644.64296075702,5564.30579417944,1827.53205519915,29.7078402936459,10.0357801318169,20.7869307994843,6.28449976444244,20.3616572618484,4.61805924773216,24.9645887613297,1.30040407180786,1.51487755775452,0,0,0.642614006996155,13.7431088685989,0,0,0,0,1.52759563922882,0,0,78.0805951952934,0,103.266397476196,0,4.87166947126389,1.061607837677,5.52323970198631,8.81357640028,3.7403067946434,0,0,1.6110280752182,1.24630534648895,0,1.92694586515427,219.710800856352,225.743817448616,0,1.19760358333588,0,74.4187469780445,0,0,4.09494984149933,146.213958382607
357.143745332956,84.6391933560371,3584.52498355508,3.55750361084938,13.6889221668243,134.787585169077,1758.65367302299,807.431830614805,1.52314013242722,281.135163545609,3286.29649278522,155.505546122789,58.3528130054474,1104.64773455262,9.55192983150482,46.2964093089104,3886.78012180328,5925.14206022024,0,21.3056623637676,2023.85518684983,25.7078556716442,3056.37473657727,34.6580927371979,6.36471801996231,17834.2880524695,5057.27485045791,845.005610644817,1087.37863311172,2098.52351588011,18.0767466425896,385.874382793903,64.1399029493332,6480.425249964,282.233411639929,4550.82361030579,2139.46840795875,5602.51441162825,2082.32835656404,40.0185821354389,21.8410922288895,3.36069077253342,17.6059496700764,12.3492658436298,12.3778454959393,45.4958370625973,0,1.38086998462677,0,0,27.8408486247063,113.62881809473,0,0,0,0,1.99264979362488,0,0,7.77517503499985,0,9.28423631191254,0,21.8597785830498,5.20855540037155,43.9690030217171,4.32163667678833,26.4818034768105,0,1.33499091863632,12.4715287089348,6.14113536477089,4.74815678596497,5.1090841293335,530.673758268356,1316.66117972136,0.615752816200256,0,0,17.3709557950497,0,0,2.24818086624146,244.406596958637
7.08864215016365,0,5.37415179610252,25882.0745896399,52.5855036973953,309.363723129034,221.649210214615,452.056533306837,809.583377838135,10202.1958656311,269.968158513308,15220.2832119763,192.797032356262,259.774363309145,302.307797789574,0,7.229118257761,20.829751521349,21.3056623637676,0,0,0,8.14206266403198,401.035944789648,2.61730813980103,18.1644745469093,2.84728035330772,7885.51578235626,304.770465552807,13.61060744524,0.680964529514313,163.274890393019,2.73478099703789,515.785638093948,81.8365906476974,844.289985716343,21.2002532482147,449.372099459171,36.6544636487961,452.965410083532,189.567902296782,8.48424366116524,11.0500609576702,0,2.49544805288315,0,279.55994951725,1.62169390916824,10.6795020997524,0,0,0,191.150756597519,20.8485152721405,45.3957513868809,51.1888299286366,17.0801718533039,358.024751663208,271.493975460529,3.77856114506721,368.120929509401,0,1.29058122634888,48.7005167007446,0,0,0,0,119.01350569725,0,0,0,1051.30621609092,0,0,0.531172335147858,595.914184093475,0,0,0,0,0,0.693372964859009,5.20564585924149
223.593712240458,43.3843602836132,8172.65439991653,2.80877739191055,235.316199570894,25.1091042160988,530.518534630537,366.885071724653,52.1740722060204,16.2895376086235,75.5308716893196,10.5393787622452,148.38724014163,460.508130311966,440.417600095272,7487.10350683331,4621.55557847023,164.208141326904,2023.85518684983,0,0,503.561477512121,63386.9616929591,355.177214115858,4.52293393015862,3471.5242921412,3514.7391898036,20479.99598068,761.18120059371,32132.5644153655,1.80773919820786,18.8511280119419,112.268262088299,8092.29562228918,3473.31817629933,5214.45657750964,552.864773049951,10282.1237492263,5523.44177028537,135.614253997803,88.6531476378441,3.2495134472847,113.783536493778,10.0406956076622,9.36485901474953,20.787858247757,4.79572612047195,0,0,0,8.58319917321205,43.1388445198536,0,1.23589372634888,0,2.44567656517029,0,48.981009632349,0,0,0.521406888961792,0,2.25258076190948,13.2955645918846,772.999990165234,5.84622505307198,0,0.624554097652435,0,164.417411476374,123.382712215185,280.173036843538,641.474966406822,0,13.4990273863077,1035.24017244577,335.747910857201,0,0,0,0,0,3.25665554404259,177.572297036648
0,3382.24306711555,64.39024913311,11.1947485208511,7.50375401973724,0.999523401260376,72.6049768924713,2.77654629945755,4985.34344607592,3.87791553139687,46.17929443717,3.13961744308472,402.360555499792,4.06059131026268,20.175833106041,11846.9088097811,117.856646597385,4.13326543569565,25.7078556716442,0,503.561477512121,0,2016.20891335607,13379.4821622968,1247.71565034986,110.878794044256,20839.8419179916,1544.40029078722,11.29760658741,6.36740005016327,42.4932079911232,0,1.04026189446449,103.485533237457,175.799505501986,952.471178412437,217.778634190559,293.092038601637,329.020759224892,30.3721463084221,7.73387521505356,137.153652757406,210.924052745104,46.148897767067,54.4736271202564,45.2732043266296,3.94789218902588,0,103.286590725183,0,169.20577865839,101.579582989216,1.80593055486679,0,0,26.8610601723194,3.01608419418335,297.844738125801,1.43384957313538,49.8174141645432,0,67.8586121499538,0.549389123916626,1.95984888076782,4495.19494023919,34.3175146579742,4.42412006855011,3.9160962998867,0,431.513857632875,1809.02340471745,1096.75797528028,1401.43323877454,30.7571213245392,132.043212294579,4452.97251355648,513.982202231884,1.44274282455444,3.35399395227432,17.3702780604362,0,0.801443040370941,7.52861925959587,45.4762312173843
924.886193692684,166.851595580578,53294.3691538423,6.8304551243782,607.807630360126,126.92180544138,3818.08622792363,1873.85352820158,120.328268051147,159.581995278597,408.487012088299,30.5636136233807,470.067963600159,2304.20322495699,866.726464748383,13332.9389814436,12549.1635194123,396.58758687973,3056.37473657727,8.14206266403198,63386.9616929591,2016.20891335607,0,1621.94567328691,19.4878849685192,6109.82226598263,34421.8074876666,16496.3460235,2744.07933166623,20305.5303406417,6.086788803339,89.6676205098629,344.533535212278,20194.6538541019,12243.9417751133,26131.3631647527,4461.3897574842,22971.5430588126,17260.6275522411,426.50177937746,240.994242489338,19.4543568491936,281.145819813013,33.0702376663685,56.0274499356747,87.3587655127048,7.30623251199722,7.11622565984726,0,0,41.7857576310635,360.661351919174,0,2.0164754986763,0,6.10400032997131,2.2864898443222,36.811618745327,0,0,1.10469019412994,0.59586238861084,0,30.737484395504,9512.67021137476,54.7263154983521,0,7.67323073744774,0,692.774598956108,767.228477180004,2770.32040888071,1154.14164859056,1.03667044639587,131.923374712467,10047.3734286129,708.437745183706,0,4.07013392448425,0,0,0,5.2409363090992,1040.03094694018
0,3670.22302561998,116.241969436407,5113.03593578935,120.062739282846,38.1146467030048,900.305337280035,28.3035458922386,50947.6217958927,976.844781458378,56.9522082209587,2490.29402723908,730.374065339565,30.6763614714146,968.882045328617,3650.39969074726,123.637499600649,6.28604710102081,34.6580927371979,401.035944789648,355.177214115858,13379.4821622968,1621.94567328691,0,1547.93489381671,152.387845784426,7799.1409316957,19868.2950814366,285.211529701948,20.743506193161,65.5230406224728,13.095800191164,160.390438854694,633.169911801815,1715.7903265357,5118.22696000338,687.901958495378,1314.44155704975,885.249764174223,1047.85730591416,141.032651722431,102.314404189587,5895.26709756255,202.561471402645,957.162744194269,367.173855245113,1064.26592373848,378.51828879118,113.707501262426,0.482974916696548,68.5036491155624,79.5867414176464,1052.41462567449,44.5485740602016,347.829060554504,1677.95367571712,324.577292472124,7330.50144296885,2010.27531942725,73.7732840776443,1596.89136224985,30.2399232983589,68.4416551291943,231.983967393637,3171.51929736137,4.71252265572548,1.09974849224091,1.41024672985077,638.1751947999,1187.3133546114,881.506060600281,1293.02148863673,28583.5391747952,14.5748327374458,23.3612811863422,1254.27961829305,18549.8843269646,219.300775676966,7.00999230146408,0,11.4466968774796,33.3067501783371,475.785343199968,247.157427728176
0,1980.4529221952,3.88582664728165,13.5848246216774,1.94967621564865,10.5355839729309,16.0173707902431,2.9453287422657,1434.85491243005,14.3233267962933,673.843049883842,11.5286516547203,6749.23981407285,0.576357483863831,9.21435463428497,170.07914185524,7.4327347278595,9.43282902240753,6.36471801996231,2.61730813980103,4.52293393015862,1247.71565034986,19.4878849685192,1547.93489381671,0,350.966929584742,12562.4109356403,102.872497618198,1.72490078210831,0.940357387065887,630.126743733883,6.99034768342972,0,53.5115722715855,1.87361145019531,89.4661419391632,148.662160247564,102.433289825916,30.0898486375809,92.9384751915932,10.3066948056221,820.956859171391,63.8714849054813,552.247690796852,100.975036084652,13.2983329296112,182.474543511868,10.7103979587555,891.43726670742,0,719.137826830149,2.68171399831772,3.87068569660187,0,4.13056683540344,4.1696697473526,9.20655155181885,229.292511671782,11.3311437964439,1721.81472730637,15.6808446645737,6524.33987772465,13.6396563351154,5.96482789516449,13.9874513149261,1.3323076069355,52.5125265717506,9.28232932090759,1.34812533855438,4.98665761947632,77.1690911650658,5.83697366714478,150.694810599089,1994.83492290974,1508.32720220089,4644.80522581935,66.1091275215149,16.0807596445084,0,1834.06959915161,21.3930880427361,0,42.7666341662407,6.40118372440338
242.72295358777,526.752054393291,41729.7895456553,13.1108663082123,7.5770408809185,200.37510111928,4750.08025491238,771.052329197526,54.8581661581993,279.849887475371,5160.40026113391,331.744975268841,349.567579090595,1059.31287813187,15.1574056446552,163.839583396912,20018.5312624574,3897.72969341278,17834.2880524695,18.1644745469093,3471.5242921412,110.878794044256,6109.82226598263,152.387845784426,350.966929584742,0,33984.5210332274,2677.53908781707,849.329196706414,2205.84371744096,1384.32393148541,468.514754772186,31.692233890295,6233.1605039984,582.554914474487,10932.3465400934,13611.5164511204,10678.5964697599,5239.43353939056,44.4063649177551,27.0941985547543,203.717241942883,256.083982348442,506.130474448204,280.739686429501,186.536880880594,4.10673421621323,3.16237932443619,6.16602039337158,0,487.143789112568,1168.17743095756,0,0,1.62177526950836,34.9074991047382,3.34553164243698,12.9902561903,0,1801.07949844003,0.302433043718338,2714.14688354731,15.69275406003,28.210277736187,67.0424813330173,606.714708387852,415.948199301958,620.218189895153,0,23.5777597725391,101.818525254726,65.7830394208431,62.0550040900707,312.22996711731,11960.4676354825,22482.2589912713,52.8461133241653,4.64081346988678,10.2770004272461,2492.29395788908,6.24269825220108,0,56.3786648213863,368.654368728399
84.5865812301636,32282.7454842031,30922.7345897257,8.44903448224068,117.518715798855,55.1704981029034,416.850648164749,187.899216085672,3127.10729840398,49.8342877626419,1612.97111961246,49.5177907049656,3656.89193513989,299.199090600014,198.698034405708,14522.4939555824,24597.761382401,1067.38423731923,5057.27485045791,2.84728035330772,3514.7391898036,20839.8419179916,34421.8074876666,7799.1409316957,12562.4109356403,33984.5210332274,0,6387.9212564379,677.130231082439,636.67813783884,2750.7905523181,326.458899646997,27.8688208162785,12318.7700588405,4729.67363169789,31972.9683300257,9581.65657290816,23466.6497488618,21402.1539538801,179.582244515419,196.646385520697,309.591581225395,1305.63559111953,986.644860506058,799.706883579493,718.737725704908,20.2220785617828,11.4272630214691,111.969077974558,1.43343836069107,4021.91711124778,5820.45076721907,0.758777320384979,1.553555727005,0,373.152674555779,41.3535412549973,122.419798880816,0,2201.48495408893,1.49662202596664,4186.04271426797,50.0230489969254,112.429927110672,4928.53801575303,1201.48112344742,526.433856755495,587.858399987221,0,483.691725373268,2400.70421931148,2096.22475484014,1046.29079201818,1489.54373818636,18767.123919189,97127.8243218958,905.039397269487,4.73941460251808,105.129415363073,4557.0850725472,5.90956801176071,0,128.80840793252,1494.34329152107
30.3181330561638,267.546533554792,6140.82005318999,14178.7584067285,557.424088120461,739.858781546354,61231.5585379004,1067.13074082136,6823.33161789179,24893.5788919032,306.14134195447,3904.28525446355,1296.97919511795,796.331992119551,1682.96059682965,3732.13525214791,2008.99975678325,80.7044770419598,845.005610644817,7885.51578235626,20479.99598068,1544.40029078722,16496.3460235,19868.2950814366,102.872497618198,2677.53908781707,6387.9212564379,0,3002.27936521173,30743.763864696,2.53992027044296,221.240127772093,1597.26676625013,6179.95666281879,7741.55224296451,17328.5297375023,1486.68617706001,9861.05345278978,5140.68611949682,1004.97382682562,1130.59967380762,31.7424983382225,3545.75399461389,117.774767071009,600.959751397371,224.696578502655,1190.09548404813,210.275953859091,92.0638695061207,0,30.3297457993031,182.285805284977,905.300093054771,30.7083010673523,197.541429430246,1429.11693423986,239.064033299685,3413.36039498448,1693.10166028142,48.617439866066,1116.84401226044,0.637182772159576,12.369580000639,164.032620131969,2152.79234588146,9.42416402697563,0,0.983609527349472,649.746418178082,655.256570667028,503.447250783443,834.830455482006,18934.3258159459,0.519719839096069,19.4344725608826,3729.59656268358,13965.0634590983,113.860380470753,9.99085906147957,0,3.79994064569473,21.3524704575539,270.110694885254,338.536188602448
9955.47857791185,8.78559324145317,242.995143949986,104.200454741716,44.5539090335369,811.186446547508,8658.3953922689,3526.44255721569,105.003884583712,4005.62868914008,1856.17086642981,1520.15260344744,144.809535294771,21529.9167960882,65.1515802443027,3.31197971105576,2674.91266858578,322.376493901014,1087.37863311172,304.770465552807,761.18120059371,11.29760658741,2744.07933166623,285.211529701948,1.72490078210831,849.329196706414,677.130231082439,3002.27936521173,0,25676.3672918081,20.6516851782799,968.726567029953,10637.4098652601,9819.98509956896,218.544875472784,1014.01686149836,104.561087816954,2672.25888136029,674.409506171942,89.6683562099934,62.6199647784233,6.16198694705963,114.990605115891,3.79915273189545,25.642546236515,5.7129545211792,8.2295600771904,2.93091922998428,9.51307711005211,0,2.62148961424828,12.7489274442196,2.17945754528046,0,0,21.0320252776146,0.674092411994934,60.5484655201435,1.4788444340229,4.35771811008453,2.77361983060837,6.97736370563507,0.510715186595917,5.75934273004532,0.452620148658752,6.73428902029991,0.637427926063538,0,0,1.34741151332855,2.48674365878105,1.39377069473267,362.211037486792,1.44539165496826,20.7390203773975,73.348393201828,220.372412472963,4.10400640964508,0,0,0,0,8.13189762830734,4.96064800024033
10782.9364515543,4.83466711640358,2754.09951484203,12.9091663360596,130.684986889362,358.671751976013,32626.9604031742,6330.22750896215,7.99339625239372,277.294972807169,374.349670112133,8.42842096090317,140.753547102213,10682.1848761737,211.007531404495,8.70221334695816,7179.99951958656,206.566758871078,2098.52351588011,13.61060744524,32132.5644153655,6.36740005016327,20305.5303406417,20.743506193161,0.940357387065887,2205.84371744096,636.67813783884,30743.763864696,25676.3672918081,0,1.19491320848465,173.587609171867,2493.2182687819,11269.1729514599,1111.06920078397,859.731451570988,56.399206340313,5932.33886304498,1534.64477843046,121.725219130516,210.227370470762,2.35519337654114,13.7405370175838,0,4.3380246758461,4.9189727306366,0.677397012710571,0,0.837610185146332,0,0,3.28908857703209,0,0,0,2.98738631606102,0,2.10277312994003,0.655529141426086,0,0.44622865319252,0.513371169567108,0,1.87075418233871,4.36899170279503,0,0,0,0,0,0.869307279586792,1.24481678009033,24.9788338541985,0,1.3111424446106,51.6093677282333,15.4788267612457,0.362599194049835,0,0,0,0,0,67.3573065400124
0.978673130273819,104.563426285982,6.02685776352882,0,0,4.60122296214104,8.95434838533401,13.5006885230541,79.989166945219,3.37433850765228,729.062043964863,2.63571000099182,1732.36397922039,12.0568807125092,2.16049414873123,6.38895627856255,7.45866546034813,201.536198019981,18.0767466425896,0.680964529514313,1.80773919820786,42.4932079911232,6.086788803339,65.5230406224728,630.126743733883,1384.32393148541,2750.7905523181,2.53992027044296,20.6516851782799,1.19491320848465,0,19.4810182452202,0,90.2595074772835,16.3404435217381,462.635778129101,1547.46636509895,599.037582844496,191.10447910428,1.32667511701584,0,126.128528207541,17.8770023584366,442.27035933733,58.3283005952835,17.424242913723,0,0,26.5829105079174,0,85.3012965917587,2.66772598028183,0,0,0,0,1.03020000457764,3.48002657294273,0,2003.00098124146,0,3479.23159652948,9.72357678413391,1.70067352056503,0,0,307.479838579893,18.1266739964485,0,0,1.69855934381485,0,0,237.490213304758,3645.35438543558,3642.66519778967,0,5.40012711286545,0,2646.35113969445,3.50601208209991,0,28.8295617699623,14.8718966841698
91.1776384413242,9.58861297369003,63.8581598103046,42.7613519430161,370.738329142332,846.363550871611,410.118223726749,999.088400840759,17.9654322266579,1533.04927486181,2539.88241583109,1153.88425883651,550.101805657148,1318.59346544743,156.035710185766,3.25977173447609,104.950347870588,280.364176213741,385.874382793903,163.274890393019,18.8511280119419,0,89.6676205098629,13.095800191164,6.99034768342972,468.514754772186,326.458899646997,221.240127772093,968.726567029953,173.587609171867,19.4810182452202,0,4.72433224320412,16569.5055299401,43.3071942925453,4140.59643295407,217.733938902617,405.190477728844,129.579468667507,815.887866616249,1503.7708157599,16.0291480123997,0.62041312456131,2.30358511209488,0.589526355266571,1.69494891166687,5.3320936858654,0,21.5816319286823,0,1.42388367652893,5.51922395825386,0,0,0,0,0,8.47515004873276,1.96699851751328,5.63685595989227,5.49862426519394,11.6934069395065,0,1.25560414791107,0,2.37995821237564,0,0.606546401977539,0,0,0.897684574127197,0,17.5401697158813,0,12.6551650464535,50.0666548013687,0,0,0,0,0,0,0,6.98146414756775
