0,0,0.0120751646322862,0.000212964523967743,0.000139416061339706,0.00334521606195152,0.478072138114808,0.159461152686128,0.000512853820260197,0.00355436382052275,0.00254346153266778,0.00314180961913723,0.000276093770551443,1.81274204512965,0.000241888660240084,0,0.0345005217310773,0.00659372681324923,0.011288445642881,0.00105745526399857,0.0177709630047854,3.63419150702655e-05,0.0403453626018419,0.00181047732382054,9.55069520627263e-05,0.0145296387591603,0.00781054487978687,0.0204434455235791,0.743013197960209,0.277880723633496,0,0.000815992885339737,0.00704303629590922,0.0112343314930196,0.0011010573414225,0.00969061967293668,0.00186166266825959,0.0048885032271409,0.00361304140070128,0.00220512625527164,0.000158448684728801,0.000570353883511305,0.000497214650590718,0,0.000329836374910355,8.13861688946487e-05,0.000349916426001906,0,0.000257431079060376,6.72414651312232e-05,0,0.000300286511188567,0,0,0,0.000301662549432457,0,3.99913584099412e-05,0,0,0.000128329240449965,0,0.000199715723909497,0,0.000165212395514131,0,0,0,0,0.000322113295613319,0.000122460016014576,0.000308707404622525,0.0013121219268584,0,0,0.000866678753792437,0.000660644098255008,0.000231573103016317,0.000319640863314271,0,0,7.48123706281186e-05,0,0.000312267907830656
0,0,0.00198902167235399,0.000800103013875513,0.000785041327063679,0.000138062493627727,0.000224209931644946,0.000244634777294219,0.138826082746828,0.000280252460906446,0.0509619455725962,0.00109516810393113,0.189707514578471,0.000502630258113652,0.00251215436432326,0.00241154171273151,0.00114680044078231,0.000212020024602771,0.000193501096543908,0.000328953133638829,0.00037103694231087,0.294708037904508,0.000959623336914805,0.237508012410021,0.480855901210013,0.0305014119650585,1.34433473704789,0.00610337876907313,0.000386636897031695,0.000187901370214283,0.00634895376313895,0.000104648134526611,0,0.0066710321460219,0.000336027971343577,0.00528713513178608,0.0112493144599214,0.0122660397337228,0.00131101500076353,0.00100474962726045,0,0.0485845305751675,0.00793746978286022,0.0134038606141495,0.00325560896882227,0.00261912628547305,0.000217870055867672,0,0.0163084439456622,0,0.122956536017183,0.0318728452828308,0.000310635007748097,0,0,0.00032736671844703,0.000204104165368259,0.00184147120650458,0,0.0106205411293289,0.000873329765211315,0.0394815237852983,0.000385013938060731,0,0.000765612740412176,0.00900297885182737,0.000395284109389186,0.00132303131885818,4.175898355937e-05,0.000639344530729472,0.00597452856989247,0.00360698757991952,0.00466219093028882,0.0223887415643821,0.0490892329521275,0.651666361605971,0.000829542435096504,0.000858171938103318,0.000272074742020637,0.00477711657586348,5.34941267216206e-05,0.000111871953711391,0.00525146902913832,0.000665532545572936
0.0120751646322862,0.00198902167235399,0,0.00034852469218415,0.00145789331750858,0.0240916081476021,0.0657992700020563,0.354319108134645,0.000666205215827913,0.0121499990068093,0.0185226883568264,0.00744766799611551,0.000825550654675035,0.210782600650709,0.00443552111757061,0.00417761489742306,1.84721931977951,0.0541501317267746,0.121368224739878,0.00289464290460992,0.399284514497964,0.0091426322940031,3.17579328522512,0.00334246991436974,0.000146473943114698,2.90462893266289,1.93343961265586,0.102146939124651,0.0735652364712558,0.201726085155864,0.000103861223258793,0.00180283650782159,0.00468733207346919,0.310719424050231,0.107347946814031,1.02233952111858,0.436473281303729,0.301950304368949,0.380896996704565,0.0268539976762547,0.00721085262812206,0.006779742298554,0.063595807176699,0.0181787029301429,0.0235307327247685,0.0244941687450967,0.00143511419029301,0.000212660481643975,0.00022181497416383,0.000356308637076259,0.00774657242240474,0.334391173880817,0,2.44752217168808e-05,0,0.0145709997079381,0.00274392509463197,0.000723215493441403,0,0.000713802983393222,0.00050464695182848,0.000352863517487347,0.00552760268624675,0.00372624960422418,0.0172629876841898,0.051848502777232,0.0015773465604794,0.00568223945511452,0,0.013952655046059,0.0161582036622893,0.232041125168594,0.00535217369761276,0.000563889731846094,0.0359288615935039,0.814941033417411,0.00696919193965977,0.000738753664557072,0.00911967228173137,0.000102572219348788,0,0.000202405462933302,0.0153213969850366,0.0624669872129007
0.000212964523967743,0.000800103013875513,0.00034852469218415,0,0.0142735423097654,0.0129328554393411,0.0638084056523221,0.0145645472003913,0.240850146149534,0.523609299918818,0.00386278731580755,0.390079778625406,0.00110207702167046,0.0189437107564222,0.0456883878165211,3.70511356460452e-05,0.000207505643499076,0.00274071754558664,0.00143207021494505,1.84955863510805,0.000396893202264816,0.00100948646553978,0.000652697270898789,0.330082688837123,0.00148327055282199,0.00598719344357809,0.00594881992421588,0.575740979313453,0.0261615155599655,0.000836102011838613,3.7524440713048e-05,0.0033625314002882,0.000615644811661005,0.0138783551780022,0.0103410059046873,0.1054637359646,0.00252945936904997,0.0202743700086105,0.00713584715047449,0.0582156651701181,0.0139236084677384,0.00374455515490312,0.0170450798896035,2.98112371112108e-05,0.00468787688301775,0.00152057227251327,0.0663372943570834,0.00133595589781514,0.00218750993173742,0.000127000328177512,0,0,0.0879004449354017,0.00341390758397832,0.00384048274311215,0.0147552037129418,0.00945617175482994,0.0643319945691375,0.0170654829690374,0.000359948817454308,0.0518501846087785,7.90094865739342e-05,0.00231175584152019,0.015911025017992,6.11890791490674e-05,0,0.000117095524863213,0,0.0307023045953423,0.000252470658443391,0.000175575516999185,8.66850234151485e-05,0.165100217431312,7.36068598444465e-05,0.000115561909424901,0.000275853286797702,0.130415582207537,0.00311998928694964,0.00018056993233645,0,0,0.00055014664550221,0.0023531277322804,0.00106974562227738
0.000139416061339706,0.000785041327063679,0.00145789331750858,0.0142735423097654,0,0.103157535078427,0.0274305312744013,0.0130502027061197,0.0523440943838104,0.058051002058634,0.00119742398049322,0.133450282707718,0.000680246882226527,0.00380347308146095,0.327840064776514,0.0007923755298745,0.000958366053415061,0.000540300139099181,0.000304243858599901,0.0255150108863708,0.0188282635546471,0.00141736287566525,0.0190723511717636,0.0499059064056616,0.00188713165442902,0.000800091075383303,0.00460931646255568,0.0318563058178354,0.00370409145958883,0.00884745718665324,0,0.0582121409490236,0,0.0437740413976688,0.0317690124938986,0.0205225244780041,0.00240020098900473,0.00234826621689257,0.00361040292196512,1.52694191121983,0.404165031619564,0.00351347758544505,0.00303609104123962,0.00145990102955228,0.00102015411997158,0.00386466655659181,0.0119048881573345,0.000635468936368346,0.00149737359942466,0,0,0.000188593898706436,0.00431686266200164,0.000415393161749482,0.000543440453173042,0.000667678068156839,0.000745082210214614,0.00100970574565914,0.000973649333906114,0.000109039397612571,0.0038539507273457,0,0.000511890788430333,0.00312080167572302,0.000326880901404083,8.74266403706077e-05,0.000112570897371411,0,0.00161445989839554,0.000887176200738163,0,0.0010477271569106,0.00612094060293031,0,0.000151861554600835,0.00162212409203374,0.00669818295937675,0.000299265906388879,0.000504539599162102,0,0.000101566429182172,0,9.07163938392698e-05,0.037164750240204
0.00334521606195152,0.000138062493627727,0.0240916081476021,0.0129328554393411,0.103157535078427,0,0.911968628742524,1.01764281407535,0.0244701536928345,1.88264876091645,0.00894989013885675,0.766991014117474,0.00184593216639903,0.0893482792457071,0.163690498986992,0.000151205044376135,0.00995256561064043,0.00520264226412275,0.00418755661520943,0.0368270933460947,0.0210068234680731,0.000238813396230072,0.0348770360972244,0.041783680226489,0.000190889290252805,0.0183265644749397,0.00773738059238674,0.231551917183918,0.060778808420361,0.0284146619219556,6.73568400282562e-05,0.0815322694867685,0.00194562694309884,0.022120733341015,0.105638569406728,0.120300124523117,0.00697271311671138,0.0236985149706781,0.0189820738614942,0.421627678538425,0.091594654871191,0.013236292811907,0.0331551585914143,3.12862154729962e-05,0.0106186135196617,0.00588021627821392,0.0330725556950047,0.00473336663776043,0.00553192358309644,0.00095956351362097,8.35638545397519e-05,0.000118669598161697,0.00909063844652454,0.00040078557593143,0.000826897796316412,0.0104298836660602,0.00762354635177684,0.00660078402341589,0.00317274981240481,0.00036901771698153,0.00727605342442945,7.49140538735389e-05,0.00611183935935652,0.00576237121883083,0.000327967016362935,3.27802300059199e-05,0,0,0.00231370505168125,0.00108548412456312,0.000472367591178149,0.000375305394836158,0.0860003598860941,0,0,0.000598055877971649,0.0586154011334394,0.00722058655944979,0.00438813791578308,0.000142154005705476,0.00050142188863349,0.0010759301319344,0.00644266880312508,0.0324394607414405
0.478072138114808,0.000224209931644946,0.0657992700020563,0.0638084056523221,0.0274305312744013,0.911968628742524,0,2.57003107389411,0.0289900993528238,3.56148624678008,0.0472464918520226,0.141387705545592,0.00734183741444579,2.9788666599236,0.09931203582232,0.00123895470444265,0.0199201702500338,0.0407201572298218,0.0303774548403154,0.026656483220601,0.174365969439513,0.00114443203581619,0.135303067490145,0.262880038530809,0.000366689030670315,0.0982534113383733,0.0471147308020397,4.97787103717111,0.751375766079097,0.510970545192305,0.000973628708116558,0.0326988844867736,0.0606405293701165,0.193114852982581,0.130230773384345,0.681436381898168,0.0287372375697507,0.194362838154418,0.0718413286324122,0.140905126893341,0.0975060241640132,0.0255688641818128,0.0669080800847502,0.000621155410332083,0.0239590386839821,0.00838655650742914,0.0542880037234971,0.006490658113985,0.00836301583524341,0.00207345608828723,0,0.00114314277678225,0.0220659956159035,0.000810323383701953,0.00185928201516366,0.0201636714549547,0.0136803343841822,0.0118614302249384,0.00631570563146031,0.00058325547514683,0.00873186982152825,0.000321482236727625,0.0152473118244931,0.0101990371778392,0.00212083644010046,0.000275867793973714,0,8.61974662960766e-05,0.00699774929056272,0.00366668159569278,0.0020714670482634,0.00305275480828947,0.154589486974165,4.14937331582308e-05,8.05544953678253e-05,0.00402062404977983,0.105825067739172,0.0148568940625828,0.0121363497341185,0.000114241612491757,0.000268421718223572,0.00173389266167343,0.00888378212180775,0.0248036791861286
0.159461152686128,0.000244634777294219,0.354319108134645,0.0145645472003913,0.0130502027061197,1.01764281407535,2.57003107389411,0,0.0227854765614551,1.21480055387496,0.0473418119508733,0.319590459429734,0.0070666522754496,1.15035900564812,0.0152882051179999,0.00124159675491401,0.16335996713113,0.0315753690818054,0.0431134872665827,0.0580602175148735,0.242634914092834,0.00150648823809573,0.556337904347581,0.0476996155030481,0.000231777093143463,0.187786128609698,0.101338536944171,0.466660738357154,0.246135847240538,0.646309746333522,0.000829979482035932,0.121850338423292,0.00452538705465532,0.0810796137897486,0.0159234387494125,0.435538859923257,0.0411508321849296,0.096594153034052,0.0907426042635897,0.304163109680464,0.0497970663819593,0.0448864332853298,0.0388229611320871,0.00040445527436775,0.0176496403465729,0.0106207324984528,0.0501130453226661,0.00698658896781081,0.0122347298113481,0.00140382941834182,6.34487991348803e-05,0.00269048042706657,0.00473599863155123,0.000696875747448742,0.00163070160758275,0.00773996270835642,0.00449852715237307,0.00862630862893695,0.00169905207250858,0.000416798502177536,0.00731560106996924,0.000285423940982402,0.00738569708637205,0.00649536149613905,0.00160674858750809,0.000307224255752921,0.000100240997061968,2.23170345187783e-05,0.0026517449522455,0.00321144837711489,0.00216850937764603,0.00289849250467596,0.105742940221529,0.000221727355443478,0.000326664094024479,0.00704423655375633,0.06072744623796,0.00533104673560828,0.00726610552697423,0.000128928245301783,0.000959842641020176,0.00080649245783633,0.00566497830990055,0.00238411970262515
0.000512853820260197,0.138826082746828,0.000666205215827913,0.240850146149534,0.0523440943838104,0.0244701536928345,0.0289900993528238,0.0227854765614551,0,0.152321529391658,0.0238088043622233,0.125642674845292,0.093261807844196,0.0185048624827715,0.130232265514885,0.0526372445811462,0.000919694178594409,0.0036315322367793,0.00158617950742856,0.102791507049908,0.017526234289547,0.373967432253336,0.027180157869964,3.42241224500837,0.218930171830176,0.0111531956465046,0.39899413387164,0.60803913569914,0.0176795015705326,0.0232118164832301,0.00690840987478289,0.00423701138634557,0.00145831307489464,0.011871424238772,0.00551744208301994,0.0581851831358414,0.00874832630800622,0.0150141961025619,0.00424657984471991,0.0601993377198126,0.00555876716616851,0.0119462517249487,0.0587350816002606,0.00456029441651577,0.0213055249181893,0.00803850809457744,0.0535016755381812,0.0051084198523913,0.00489056875855619,0.00246836805252368,0.00125491715757841,0.00190256451823095,0.0662911230267338,0.00365000979550955,0.00470888365329793,0.0314492132509488,0.0195830450167775,0.158076746461947,0.0180598665964914,0.00891894688628241,0.036976155988249,0.0133542741336423,0.0258556543812879,0.0191867951847641,0.0616778749428546,0.00103582182645339,0.00461990433515131,0.00140067873140815,0.0173725111020751,0.02338040192909,0.121938727975562,0.0213358668894212,0.531190216468337,0.00276042856970697,0.00547125869206747,0.0246274139099313,0.172800124162943,0.028625635624393,0.0189613063407784,0.000278662334424466,0.000237565970981151,0.00162145289582822,0.0102750279310717,0.0110578992022226
0.00355436382052275,0.000280252460906446,0.0121499990068093,0.523609299918818,0.058051002058634,1.88264876091645,3.56148624678008,1.21480055387496,0.152321529391658,0,0.0719333127153192,1.66167364846059,0.0126771352803178,0.488622600052831,0.122004685541443,0.000368761088461339,0.0115987552106023,0.0517898061870489,0.0369387271187094,0.490060262872441,0.00764461237186712,0.000913238251950684,0.0142557420266044,0.119104101748736,0.000831381680296449,0.101277241593906,0.0404991077735839,1.118060557719,0.395324173414309,0.0122672092218779,0.0016190333265185,0.0544683363622193,0.00353771760469187,0.181533574941755,0.100489553687376,0.614405409909637,0.0150893382306989,0.204611704505411,0.0488469733678407,0.210672628386947,0.109774196984663,0.0264679393588956,0.0278857808470781,0.000349717586325646,0.00914040911125484,0.00384757012332049,0.0783584762632276,0.00198688320383808,0.00577866984464335,0.00018138234727639,0,0.000164010129383683,0.0729152633309604,0.00300261077293933,0.00280870951994205,0.0197591227354463,0.00811671761713209,0.0578908074233882,0.0195736377553049,3.12240219250917e-05,0.054346060443206,0.000332181838346511,0.00146120705698899,0.0191027064094406,0.00026481078769657,0,0,0,0.0230851255135488,0.000546700160891175,0.000574662782994032,0.000493144623437851,0.224869947342402,0.000191894602879732,0,0.000418104265768111,0.161830311329802,0.00277000701716494,0.00199036551918956,2.81126676895917e-05,4.72158579252363e-05,0.000451157857808233,0.00343170494302645,0.00884186725969969
0.00254346153266778,0.0509619455725962,0.0185226883568264,0.00386278731580755,0.00119742398049322,0.00894989013885675,0.0472464918520226,0.0473418119508733,0.0238088043622233,0.0719333127153192,0,0.0724072036951725,0.435554638200891,0.118538886334007,0.010033680720158,0.00147679158434317,0.0725524647092842,1.24771991583446,0.111079955051913,0.0164148959852713,0.0150616266091257,0.0244355023053304,0.0428915215468767,0.026861366397117,0.0427626664022166,0.351202909442173,0.0848890406485166,0.035234905421224,0.220198553208364,0.0105687609514235,0.0377505198963936,0.0206160705757873,0.00223427365552184,0.865762785367585,0.0230505207265043,0.166001977742104,0.549220921022208,0.355928926868421,0.114670255971225,0.00741532781784218,0.00870271003577378,0.182519584079986,0.0104913090008832,0.104295790134014,0.0162854430699486,0.0100801232014677,0.00338963671653986,0.00468087139541459,0.0942141355783347,8.56156354286672e-05,0.0128600683145313,0.000362975117292166,0.000252144732154727,0.000217894469266534,0.00098768950226927,0.000437025000954062,0.00214306637268841,0.00641485917252731,0.000265567033938646,0.124124184052711,0.00102486545021769,0.241576052801535,0.00656497494887433,0.00106078070429161,0.000286297513710648,0.000227588564189851,0.00137843906922162,0.00115490737040582,7.14389866586924e-05,0.000228386059830487,0.00510135770110622,0.00149300203757653,0.0065611369122465,0.0433393385064976,0.164347395033232,0.12028562019926,0.00178013604164127,0.00646649582904116,0.000132655392416775,0.0946248592872341,0.00176693000864196,0,0.0300443009535792,0.00842166968889523
0.00314180961913723,0.00109516810393113,0.00744766799611551,0.390079778625406,0.133450282707718,0.766991014117474,0.141387705545592,0.319590459429734,0.125642674845292,1.66167364846059,0.0724072036951725,0,0.0106406232999117,0.372720501275437,0.311372614820238,0.000109914878319025,0.0119839394776935,0.0554055281532148,0.0368690429006979,1.03822074884623,0.00185916035157045,0.00102467280765465,0.00900297425741579,0.105166444301046,0.00141552647825905,0.101594645866292,0.0406279170831562,0.13895375303048,0.273982268743172,0.0128903953817278,0.00189982794979003,0.0332592786193787,0.000332813863214314,0.104341743874168,0.105976165372007,0.193592821547361,0.0089337484600607,0.0878857560827953,0.0250313270110313,0.345639371229311,0.0287037391854699,0.0185550667448165,0.0116572922829045,0.00027975300672555,0.00415825099232304,0.0023759226379306,0.0589609476635308,0.00191424168720281,0.0052808676763199,0,3.07650735763907e-05,0,0.0404930918528812,0.00317259747724423,0.00561642205912542,0.00173405281627384,0.00526948545461226,0.0109519141397345,0.0114553355502789,0.00115530904451958,0.148746228549997,0.000523258542211801,0.00541916073439523,0.0140404168844021,7.66164414321182e-05,0,0.000504790037110716,0.000289173748336852,0.03546175991533,0.00021184059615165,0.000174930070867539,0.000337757742205381,0.0405718543642144,0.000188942145069301,0.000597574515785247,0.000257301026904703,0.0380648204137481,0.00336468791282657,0.000280853327944994,0,0.000337350621086419,3.25144889818132e-05,0.00205145262071943,0.0242999906520936
0.000276093770551443,0.189707514578471,0.000825550654675035,0.00110207702167046,0.000680246882226527,0.00184593216639903,0.00734183741444579,0.0070666522754496,0.093261807844196,0.0126771352803178,0.435554638200891,0.0106406232999117,0,0.014563616983606,0.004453026575578,0.000555686703356802,0.00038368724340409,0.00653940098683423,0.000499981118685544,0.00303061544688186,0.000752150892236527,0.0974266469500737,0.00176543413846395,0.0985367339651724,0.324910634119562,0.0555067687411496,0.324196402879012,0.0074149293534929,0.016306475348262,0.00122396787579292,0.119476022132928,0.00286650490333083,0,0.109213341740607,0.00203242096985408,0.0239559037296916,0.27539042387301,0.115303016950103,0.0128998428655616,0.00250274010765731,0.000715048454872459,0.351890990432764,0.00580794038689729,0.226430672752433,0.027125800759248,0.00395188612136194,0.00138253591055506,0.000778676734791579,0.169708334307629,0.000160639440569759,0.0357525048019497,0.000106730115984857,0.000142341881593824,0.000599007333280027,0.000346153101439565,0.000258190849065632,0.00259917582208076,0.0151790753149285,0.000459567990245104,0.360014918290817,0.00113641818064043,0.689389951547845,0.00620464903860721,0.000688008376211643,0.000138325801161915,0.000281575180426776,0.0015355311051262,0.0012430945221675,0.000214006384734928,0.000232911249903291,0.0156912825944227,0.000109747436332137,0.00824757729677967,0.186360903596923,0.303392131905944,0.337008152628882,0.000499899383079708,0.0201148662969746,8.52967784718275e-05,0.283504358639602,0.00209608376346355,0,0.07536746222326,0.00129843529268342
1.81274204512965,0.000502630258113652,0.210782600650709,0.0189437107564222,0.00380347308146095,0.0893482792457071,2.9788666599236,1.15035900564812,0.0185048624827715,0.488622600052831,0.118538886334007,0.372720501275437,0.014563616983606,0,0.0127581578692465,0.000353654680820882,0.261329845842991,0.0867388771924912,0.101378756147887,0.0713996600115426,0.155439776456826,0.00161829844091016,0.453687156041436,0.0387924281166327,0.000491689799867571,0.232792377237374,0.118990911877067,0.294617936230719,1.35338325401025,1.34835800751577,0.00141994930911702,0.00687769561230156,0.00491400470345351,0.129068373686616,0.00939723114840769,0.302419311199342,0.037679495867738,0.0793803585513594,0.067082406514924,0.0550831698012417,0.0295553798285195,0.0446779924664826,0.0263016000940081,0.000962812028593811,0.013729120944281,0.00932666349723656,0.0314927183093163,0.00651961983197665,0.0128656788912604,0.00109909868077281,3.07736714713275e-05,0.00165214233496794,0.00163712985436893,0.000128993456726074,0.000611768547872096,0.00542511242928064,0.00362144293524322,0.00842678053887515,0.000578859868412197,0.000421675643361747,0.00655792778884658,0.00105330900930038,0.0051849407837052,0.00390019792326996,0.00227030212357119,7.25037148172558e-05,0.000186256248168468,0,0.000980536387305471,0.00309748166394264,0.00142088851411503,0.00234607674321297,0.0761126071111039,0.000166954185548365,0.000522919007132292,0.00790732433120299,0.0385013383002614,0.00382267084199926,0.00527945696520576,0.000183431302177012,0.00136069828227245,0.000760773492765428,0.006534817375559,0.00188698106370565
0.000241888660240084,0.00251215436432326,0.00443552111757061,0.0456883878165211,0.327840064776514,0.163690498986992,0.09931203582232,0.0152882051179999,0.130232265514885,0.122004685541443,0.010033680720158,0.311372614820238,0.004453026575578,0.0127581578692465,0,0.00266350261173114,0.00282917232672572,0.00178366152963334,0.00173529970292777,0.0649293975151613,0.0492737770111807,0.00331202843171668,0.0416837281867299,0.15825747186725,0.00508147444869939,0.00754084451742983,0.0232507409896291,0.179265476186306,0.0148491371891758,0.0753999443703758,0.000190533730336904,0.0182033864638302,0.00131975932812149,0.00670782659863409,0.126439870447087,0.0505445342605268,0.00903934390903789,0.0106799271690725,0.0118437828918522,0.362659553492628,0.00846695729171154,0.00778480527689132,0.0100280189965297,0.00207872303705102,0.0032307694977116,0.0061316686650424,0.0316489062906328,0.00139404083379605,0.00425070210032308,0.000233210876620353,0,0.000433607458737016,0.0138832846915528,0.00086085589649829,0.00203290346374413,0.00270214509496522,0.00208880144675723,0.00479742819445404,0.00366231845511532,0.00060666281345433,0.0128433206029819,0.000686843379982353,0.00212972226966387,0.00541794540024948,0.00226134852262187,0.000258504954611599,0.000179927320915282,0.000131976897922039,0.00417763204524091,0.00267363370344132,0.000629184625277549,0.00388143903696906,0.032168058231385,8.92371045370101e-05,0.00161527145420015,0.00292675154591194,0.0256999739374383,0.00188443678457925,0.00290340765714714,0.000157241617034912,0.000298994925511479,0.00017270322698164,0.00129498022980237,0.0738946571249712
0,0.00241154171273151,0.00417761489742306,3.70511356460452e-05,0.0007923755298745,0.000151205044376135,0.00123895470444265,0.00124159675491401,0.0526372445811462,0.000368761088461339,0.00147679158434317,0.000109914878319025,0.000555686703356802,0.000353654680820882,0.00266350261173114,0,0.0029500708533758,0.00224066417885319,0.00175125836191258,8.6471796492934e-05,0.565605097583645,0.916641319335762,0.549077495005592,0.324999383235232,0.00226587541570151,0.00662210927777946,0.604357106512098,0.311024330077573,0.00101386703958669,0.00743411589948044,0,3.64759270984233e-05,0.000222115279030859,0.0169144938772666,0.03531711869322,0.234056788243747,0.0519709420322631,0.0710710889990568,0.0589994768368453,0.00208590749737108,0.00184488767371219,0.00242632432447725,0.081357446144931,0.0117403708611769,0.0354404077922721,0.0339096523042646,0.00766414232776532,0.000649922606129587,0.00183863180785078,0.00058309770824486,0.000264270659781396,0.0188621688943253,0,9.92852547991275e-05,7.8272278683543e-05,0.00319603134844181,0.000891320458055733,0.00126402229996938,0,0.000695727188179135,0.000542799963423639,0,0.00170736321685553,0.00332678876263806,0.640722900444231,0.00396176006122077,0.000769114804973511,0.00115199017857429,0.000442221134288997,0.162239137354855,0.312355289061145,0.581270890814691,0.106484108621124,0.000167619431042433,0.00292188756650653,0.25133905250869,0.0386675072317573,0.0046608507467714,0.039885058555035,0,0,0.00150567453445279,0.0103490809525401,0.0207998240319075
0.0345005217310773,0.00114680044078231,1.84721931977951,0.000207505643499076,0.000958366053415061,0.00995256561064043,0.0199201702500338,0.16335996713113,0.000919694178594409,0.0115987552106023,0.0725524647092842,0.0119839394776935,0.00038368724340409,0.261329845842991,0.00282917232672572,0.0029500708533758,0,0.210405294720007,0.888256805220453,0.00460591904896357,0.100482942074072,0.00399250986879096,0.788498570033341,0.00508510586109987,8.48353791888357e-05,2.26881290001951,1.60735937749645,0.0347796777434149,0.405852889156545,0.205406200206836,3.31933759749234e-05,0.00204205269242468,0.0430573424064535,0.370919869372108,0.0356307262590564,0.354545568632341,0.273609833167794,0.169099982296743,0.261661920854183,0.0128930383393064,0.00533949970488158,0.00263658887829691,0.00508583644012883,0.00284927984398126,0.00221302056198433,0.00305729799005163,0.000373617968007267,0.000116927180130064,0.000134518259477198,2.37052620177269e-05,0.0024460481636695,0.0278524308184604,0,0,0,0.000303443602387369,0,0.000200249264393628,1.88630292027891e-05,0,0.000121491722525954,0.000212286199555635,9.29144043585062e-05,0.00113969784253979,0.00210775548761076,0.00664073971680692,7.99247448100447e-05,0.000657845820347518,0,0.00117698183002675,0.00202233331245008,0.00965044020313937,0.00255782517638531,0,0.0193641895588533,0.0868888431238615,0.000935879806305614,7.96138926394881e-05,0.00101541386259529,0.000103353849332929,0,0,0.00182297390292558,0.0180042257653296
0.00659372681324923,0.000212020024602771,0.0541501317267746,0.00274071754558664,0.000540300139099181,0.00520264226412275,0.0407201572298218,0.0315753690818054,0.0036315322367793,0.0517898061870489,1.24771991583446,0.0554055281532148,0.00653940098683423,0.0867388771924912,0.00178366152963334,0.00224066417885319,0.210405294720007,0,0.358384874881202,0.0138600517141063,0.0264806394920185,0.00130984928713444,0.0723309855894373,0.00607163244738123,5.95410133654475e-05,0.163448560451111,0.0923795681936323,0.0299153374641039,0.161291752599142,0.0175316407649411,0.000699568441113085,0.00786115749932079,0.00646070719978577,0.399009209415825,0.0264706058053215,0.207955738087512,0.14353429356415,0.365598831704826,0.193901771025355,0.00515344371592516,0.0027368945023967,0.0050020703747879,0.00226134695262837,0.00164524664660436,0.000675698512944192,0.00193090523183691,0.000363153324637234,0.000379479695723712,0.00115134461905423,0,0.000267221571584344,0.0017092992521545,0,0,5.99351427882313e-05,0,5.11383776475191e-05,0.000895965990310553,0,0.00154729408078426,0.000681334889899761,0.00375025748902988,0.000394059316032619,0.00107271756327099,0.000252850311217815,0.000329728978633046,8.76480443422792e-05,0.000117439892033815,0,0,0.000599871994114637,0.0014329006804491,0.000661229585898936,0.000375969840069652,0.00739816760576559,0.0159712169157721,0,0.000150402193313241,0,0.00174170491005939,7.45557726355788e-05,0,0.00029775672833544,0.0148101939518821
0.011288445642881,0.000193501096543908,0.121368224739878,0.00143207021494505,0.000304243858599901,0.00418755661520943,0.0303774548403154,0.0431134872665827,0.00158617950742856,0.0369387271187094,0.111079955051913,0.0368690429006979,0.000499981118685544,0.101378756147887,0.00173529970292777,0.00175125836191258,0.888256805220453,0.358384874881202,0,0.00864906526599568,0.0478955299259971,0.00265122419848618,0.123162710386878,0.00449744494277305,0,0.653758144751667,0.233824789168787,0.0257688441835997,0.193577863491022,0.0298307812602864,0,0.00326210104674679,0.0142543570677447,0.585270793311856,0.0275506261322835,0.273738924238866,0.144434978662716,0.227563896140225,0.232490001910894,0.00702231867045897,0.00270320575422397,0.00191372058019495,0.00189787515481049,0.000964275596155641,0.000429519128076643,0.001741260154888,0.00019490591800189,4.70381172171235e-05,0.000178550209842503,0,4.77380857340097e-05,0.0032907593046206,2.86466748106778e-05,0,0,6.39304905838072e-05,0,0.000554488451612502,0,0,0.000177753355282545,0.000137901848404348,3.96752794693708e-05,0.00248516599732321,0.000371157493825346,0.000328811236754447,8.70549444104434e-05,0.000113416753172815,0,3.74688324156404e-05,0.000606433754674092,0.00326244648892683,0.000231240065965444,0,0.00495848249054128,0.0195140903311326,0.000164693909523189,0,0.000124514470253527,0.000147385241478324,0,0,0.000121565387929112,0.0155433100794328
0.00105745526399857,0.000328953133638829,0.00289464290460992,1.84955863510805,0.0255150108863708,0.0368270933460947,0.026656483220601,0.0580602175148735,0.102791507049908,0.490060262872441,0.0164148959852713,1.03822074884623,0.00303061544688186,0.0713996600115426,0.0649293975151613,8.6471796492934e-05,0.00460591904896357,0.0138600517141063,0.00864906526599568,0,0.000838171302516106,0.00143295380074293,0.00321122054707262,0.0747413464577278,0.000934099169835088,0.0248286875950811,0.0122035021893406,0.210429094654814,0.0730483140521005,0.00266188732828394,0.000183308659518421,0.00989740552020932,0.000287089462040931,0.0211710900449916,0.00831744375178623,0.134198349054723,0.00526117076905775,0.0253693975940656,0.00813968476197152,0.0649571767118713,0.0173106532798353,0.00675603920399952,0.0142068322350994,8.73013243619796e-05,0.00449308792080912,0.00184087168486324,0.0583497288837701,0.00148054345885572,0.00398799672187659,9.46023261714577e-05,0,0,0.0889399915343553,0.00247496184204072,0.00300545800411623,0.00973666232487496,0.00803023407621553,0.0307714234020018,0.0185806268058726,0.000106705785446763,0.0616778130720276,0.000151531533245802,0.00243058834395147,0.0179310107671396,0.000233517618460715,3.28191309558749e-05,8.97118051537873e-05,0,0.0350552990244237,7.61264355593027e-05,0.000153264954342485,0.000215242591071993,0.125157017520836,0.000127679747223973,9.19593511483671e-05,0.000162272885788948,0.104503155936884,0.00209307559268948,0.000532559065932244,0,0.000160733413402677,0.000239318853455543,0.00244485672395253,0.00106197693466929
0.0177709630047854,0.00037103694231087,0.399284514497964,0.000396893202264816,0.0188282635546471,0.0210068234680731,0.174365969439513,0.242634914092834,0.017526234289547,0.00764461237186712,0.0150616266091257,0.00185916035157045,0.000752150892236527,0.155439776456826,0.0492737770111807,0.565605097583645,0.100482942074072,0.0264806394920185,0.0478955299259971,0.000838171302516106,0,0.0421417748881662,4.23147449648926,0.0277916004479364,0.000326777260027885,0.140563711522024,0.230915825376615,0.789024529557476,0.211412097809358,2.7640173042525,0.000247801582827777,0.00176848031834444,0.0659131383638582,0.937746234854857,0.361682917252637,1.34237201588259,0.191689014340028,0.976646027388834,0.59940157293598,0.0299414307734509,0.0204395055594846,0.0114422927900616,0.0573469094414022,0.00468352130675617,0.0152792328363085,0.0179310734033384,0.0239887995526492,0.000940395314751862,0.00374030237832678,0.00182129990172163,0.000532302507189542,0.0124213405662284,0.000354737311266393,0.000633490849229693,0.000443433326267213,0.00275528148340496,0.001273942070555,0.00308393036102647,5.40768036410808e-05,0.000351272472995281,0.00211006259523359,0,0.00564631410074911,0.00733050826724055,0.181791009245844,0.00511235262940442,0.000102426613354772,0.000499511825824141,0.000301809812641829,0.179365088424959,0.0650463382866378,0.188657025397419,0.123441852184233,0,0.00139590014002401,0.0652153672883685,0.0700533340755488,0.0154610259462166,0.0991467250776163,0,0.000107508095734119,0.00293441938542393,0.00991102399050003,0.108643313693982
3.63419150702655e-05,0.294708037904508,0.0091426322940031,0.00100948646553978,0.00141736287566525,0.000238813396230072,0.00114443203581619,0.00150648823809573,0.373967432253336,0.000913238251950684,0.0244355023053304,0.00102467280765465,0.0974266469500737,0.00161829844091016,0.00331202843171668,0.916641319335762,0.00399250986879096,0.00130984928713444,0.00265122419848618,0.00143295380074293,0.0421417748881662,0,0.193998994466571,1.38863378783361,0.19723047973522,0.019943515117864,1.38373151976045,0.118913126387951,0.00178587685151142,0.00269216772524321,0.00424227676947695,0.000376009676474065,0.000311186978211432,0.00988692107093526,0.00841070628257754,0.059873459089173,0.0187606407926093,0.0314451887557879,0.0125942171030477,0.00220199284698862,0.000501408831520915,0.0140478842073976,0.0307779983472358,0.0100480486137607,0.0161736960244837,0.0109163042428539,0.00122148459309438,6.00716406394243e-05,0.00601325690778476,0.0001369410952456,0.0371426468512724,0.0295402112862059,0.000976984959531962,7.18124357782602e-05,0,0.00197378255883273,0.000938007901961712,0.00754054312665061,7.76750749631527e-05,0.00328805972042924,0.000923426066217545,0.0144115977253391,0.000849804245643406,0.0016777131831876,0.117612303311784,0.00851115356152106,0.000777981801156612,0.00169572107400245,3.26502171000838e-05,0.023029371721355,0.13462992499639,0.100682518088185,0.0480592778490226,0.00296345435015381,0.0119660776486069,0.464593426841814,0.00894966946754876,0.000632198929928988,0.00476668940954652,0.00104984896823162,0,0.000204575311694205,0.00604211545757881,0.00908317389500372
0.0403453626018419,0.000959623336914805,3.17579328522512,0.000652697270898789,0.0190723511717636,0.0348770360972244,0.135303067490145,0.556337904347581,0.027180157869964,0.0142557420266044,0.0428915215468767,0.00900297425741579,0.00176543413846395,0.453687156041436,0.0416837281867299,0.549077495005592,0.788498570033341,0.0723309855894373,0.123162710386878,0.00321122054707262,4.23147449648926,0.193998994466571,0,0.124787588646544,0.000469309767179221,0.674677350212427,3.10370941098068,0.983188096385543,0.323695782112269,1.23946077418364,0.0010868161877253,0.0039183585439243,0.043924452775444,1.10253564082423,0.613457516964473,3.42426314176459,1.06982791415045,1.82363054862109,1.43775281791035,0.0623887577863174,0.0322642247791457,0.0313088450823173,0.169882171226914,0.023126770570094,0.0686636467464952,0.0847711773117928,0.0174048747691955,0.00184161803360465,0.00411573756365302,0.00125124769246056,0.00368403034872436,0.150856861044148,3.61169698910415e-05,0.000930791773564521,0.000307291058976174,0.0121339530627278,0.00193137235287398,0.0019423279615573,0.000204360357779145,0.00158919247104388,0.00165285419836611,0,0.00521194385849154,0.013533018586569,0.863905178627063,0.0168761977324172,0.00151254573309839,0.00511404338374731,0.000206551606423616,0.293667631683963,0.292005982366769,1.34733905847047,0.131672822172673,3.13876196084618e-05,0.00981377736353323,0.864745849154257,0.0584819052995183,0.00760725706742561,0.0622600834874636,0,0.000180683438505113,0.00219878132062644,0.0255301437505822,0.279765411340105
0.00181047732382054,0.237508012410021,0.00334246991436974,0.330082688837123,0.0499059064056616,0.041783680226489,0.262880038530809,0.0476996155030481,3.42241224500837,0.119104101748736,0.026861366397117,0.105166444301046,0.0985367339651724,0.0387924281166327,0.15825747186725,0.324999383235232,0.00508510586109987,0.00607163244738123,0.00449744494277305,0.0747413464577278,0.0277916004479364,1.38863378783361,0.124787588646544,0,0.264251950685695,0.0378171221103258,1.10049530036672,1.47372751578451,0.0850910139860039,0.068937177735983,0.00565517277160558,0.006824904040225,0.0149005653876226,0.0355684994861645,0.0446351616810718,0.260574740388717,0.0291202985231244,0.0431664262261598,0.028544663358117,0.0691740306290015,0.0174193622810388,0.0243053753176613,0.315246475060312,0.00634446623546568,0.128123308308462,0.0359545860830315,0.204294511560693,0.026701596333904,0.0196546384406436,0.0126609008236283,0.00446863798034862,0.00731172973203492,0.122744554276436,0.00542929508602246,0.00935943294662045,0.125728598714054,0.0934954127499346,0.206303971598084,0.0351587571998245,0.0119688996334161,0.0585842402383362,0.0124841276043826,0.111738126273037,0.0580667878700571,0.131325203610958,0.00490360208790985,0.000658275974579394,0.00117597375246683,0.0319597868388221,0.143161054974168,0.199803174289478,0.0806449614545483,1.6437503402211,0.00333267485578135,0.00615733361692777,0.0849072052552103,0.819693700382078,0.122789179632009,0.127309322884402,4.09615271685719e-05,0.00104245200711134,0.0110172785271836,0.0596875901802055,0.0384851887540534
9.55069520627263e-05,0.480855901210013,0.000146473943114698,0.00148327055282199,0.00188713165442902,0.000190889290252805,0.000366689030670315,0.000231777093143463,0.218930171830176,0.000831381680296449,0.0427626664022166,0.00141552647825905,0.324910634119562,0.000491689799867571,0.00508147444869939,0.00226587541570151,8.48353791888357e-05,5.95410133654475e-05,0,0.000934099169835088,0.000326777260027885,0.19723047973522,0.000469309767179221,0.264251950685695,0,0.0256837611074092,1.01463621727208,0.00644718189988687,0.000230827574160397,0.000219410001432538,0.0315086194345812,5.77148361808062e-05,0,0.00805538279679507,9.36407095162867e-05,0.00281471772151002,0.0460393062428997,0.0163659473516911,0.00048971852039516,0.00142644524006724,0,0.148711931455511,0.00131504612260535,0.0318944208094214,0.00412283112353021,0.000585309685164571,0.001048143344742,5.73162715263963e-05,0.0481208226538091,0,0.0364389233853029,0.00357938014703965,0.00020666220374322,0.000342865921015799,0.000120000154566229,8.20975176838335e-05,0.000220395560488522,0.00784678855033357,0.000182786305237949,0.0435470422962592,0.000483295840544253,0.179217976070156,0.00120014113988954,0.000695028514906884,0.000231241664306045,0.000572755280146301,0.000110495113026381,0.00038359411226213,2.92723303020895e-05,6.65123863182664e-05,0.00601451215465406,0.000213513062250853,0.00558869313927662,0.171791062496213,0.0468320723566283,0.275014195356887,0.000816645629760591,0.00260681875975147,0,0.0402429473774816,0.000365727926443576,0,0.0162256363090174,0.000126483778511882
0.0145296387591603,0.0305014119650585,2.90462893266289,0.00598719344357809,0.000800091075383303,0.0183265644749397,0.0982534113383733,0.187786128609698,0.0111531956465046,0.101277241593906,0.351202909442173,0.101594645866292,0.0555067687411496,0.232792377237374,0.00754084451742983,0.00662210927777946,2.26881290001951,0.163448560451111,0.653758144751667,0.0248286875950811,0.140563711522024,0.019943515117864,0.674677350212427,0.0378171221103258,0.0256837611074092,0,2.58103101920029,0.105550257955093,0.259295815983052,0.0929406459319336,0.0517514057510204,0.00865629004025986,0.013524839945312,0.70269186836525,0.205449999558304,1.96292148116736,2.10018448066175,0.966099054089746,1.01714501886515,0.0329890975991518,0.0148837566949093,0.0188760858770738,0.0703034913725619,0.14044103601786,0.0286051256131382,0.0420865196495877,0.00169018198649106,0.000778002932832954,0.0233552013856418,0.000313540186948836,0.036802516024648,0.320099769536994,9.57080660490092e-05,0.000304665912101448,8.6792441497922e-05,0.00193062962602034,0.000665541025718361,0.00391435262920028,4.04415191561579e-05,0.0667471316563771,0.00152614699233538,0.13924960940598,0.0009082891788978,0.0093565244464474,0.00444762411238951,0.109763160128816,0.00798285024206952,0.0269086605933566,0,0.00544505610245106,0.0110764258079857,0.0264465277614314,0.00679394022727749,0.0502444308672741,1.34784303510486,2.51619169387793,0.00222196918038484,0.00230512449863094,0.00371189084929195,0.206730211836175,0.000615931038919687,5.47204028498233e-05,0.0240265167002514,0.107898360460913
