0,0.0059968719996776,0.00880758967674119,0.00148912196820188,0.000585780481534332,0.00950973997134348,0.359995380123058,0.198325096379543,0.0145793668244577,0.0178585531063142,0.0118763973311085,0.00253892719138038,0.0110961891344657,0.999072716313625,0.0016413951934039,0.000192168634877026,0.0467961901109125,0.00389927279669976,0.00376037218942252,0.000980711061484873,0.0217176788020427,0.00120680334257654,0.0430392579991093,0.0138195442135857,0.00233986428820839,0.00815057900587619,0.0459234549468721,0.0459624322375977,0.902443607745744,0.703086056442408,0.00182588894406321,0.0152331109632126,0.00340233050225952,0.11517205339992,0.00642352708206239,0.0385231266961381,0.00432403849404931,0.0249509618085687,0.00602609499199745,0.00431027363646284,0.00900880070232299,0.00496412464571679,0.0021099556002391,0,0.000129686441539764,0.000324765548686683,0.000147784150711894,4.50281464165748e-05,0.00014009356209901,0,0.00159967307893554,0,4.85648956350386e-05,0,0,0.00221701406244272,0,0.00109275322989974,0.000366629095266044,0.000593615729720414,6.92775030432344e-05,0.000100168439469486,0,0,0,0,6.1141653028369e-05,0,0,0,0.00053200240145278,0,0.0011353353480984,0.000841653667019754,4.48083445966541e-05,0.000780432975502133,0.000353111420679748,0,6.45057255549431e-05,0,0,0,0.000182574461589456,0.00086265466205889
0.0059968719996776,0,0.0142303673070631,0.00257157670358982,0.00148285513826418,0.00597354072617274,0.0141858469977935,0.0131056050534844,0.260656459883758,0.00363865762132123,0.181531102223334,0.0127068281745641,0.326846263416672,0.0269026185893003,0.0268114863095332,0.0279601635713739,0.236501033857063,0.0474653721717096,0.0857949932127153,0.000686565297615052,0.0115380971853048,0.143817495028004,0.0343846299345059,0.135200719392487,0.214781883003837,0.0677465059696003,1.33484239773196,0.018619690616935,0.0294839964387607,0.0180935803433281,0.0331514866100872,0.00472479237121329,0.00356602501158768,0.422706337026189,0.0431232399244432,0.412941685778492,0.154236769293316,0.172910993425481,0.196732298317584,0.00865264070623586,0.00764595814295518,0.030256865278873,0.106493949727672,0.0656251560827623,0.0604279661447467,0.0532701160813174,0.000845874969629645,0.000697810217800617,0.00137687980759866,0.000663428621271551,0.180170627824061,0.00353597919554383,0.000598927030809254,0,0.000339650365513623,0.0042649148647578,0.00057541819911325,0.00207544445140672,0.000437583269401819,0.0281738919463537,0.000276800701271772,0.0168856759793397,0.00263391713938281,0.00047552029024285,0.00209363444927832,0.0640737011547761,0.00785710935503179,0.0375435556423754,0,0.00525125804782268,0.000395232095381022,0.0130982048857142,0.00450723960877627,0.00675152698676288,0.0389491241823528,0.106115116084107,0.00377900823988711,0.00244044524870011,0.00622445673273801,0.0106755139245027,0.000124188410415292,0.000688044550129235,0.0164141615727865,0.0241259980591761
0.00880758967674119,0.0142303673070631,0,0,0,0.00152885501353878,0.0206379816449938,0.0364380970850501,0.0024857915464578,0.000900392493845075,0.0145771174773684,0.000254546379058242,0.00423548807656148,0.0310669386253315,0.001320343023597,0.00860940898737472,0.823130382209529,0.0442674022741824,0.0895488028697844,0,0.33866178133128,0.00319957033661938,2.89000783368374,0.00605209478558958,0.00284158243551704,2.36948382426755,2.61100102644775,0.0938013207088761,0.0382171657872853,0.114841511323859,0.00451600169991219,0.000630891708978384,0.00137960842834655,0.136545287889192,0.00632198680993309,0.060711466093193,0.0149624808681234,0.0746508069442702,0.0570639689365712,0.0016888605574547,0.00303293947561118,0.000912630266195863,0.019824645788064,0.0073681044142169,0.0105823409093382,0.00809929573616326,0,0.000181364136392951,0,0,0.00222951713756066,9.23332868234515e-05,0,0,0,0,0,0.000369147805574477,0,0.000360691287335396,0,0.000321399607157946,0,0,0.000272648459187508,0.0044394436810646,0.000298052945734322,0.00097032093809706,0,0.000135209587754012,0,0.00164939712314394,0.000420680049663454,0.000575320219809741,0.000189529651592315,0.00221823672126213,0,0,0.000280359902401209,0,0,0,0.00135899247760934,0.00346184725197253
0.00148912196820188,0.00257157670358982,0,0,0.00150321752273184,0.131278899985221,0.0534323823400954,0.0672031867928899,0.126658487415444,0.454651094146155,0.00165531170737918,1.21493239456029,0.0201658807360076,0.0128466766241949,0.0260776031616994,7.0805313786149e-05,0,0,0.000167333340100885,2.24419749429135,3.99831542510092e-05,0.00522932471030977,0.00025663310205993,0.241323721892446,0.00102361564674769,0,0.000718586631031871,1.10693069064601,0.00818737177641988,0.00186961298377058,0,0.00826063440558476,0.000668834868267417,0.037836555028689,0.00749016075295022,0.0886565818788125,0.00274791109839716,0.00742094228320615,0.00533845776043634,0.0165206687629494,0.00654921820156615,0.00244255511627811,0.00432425045262853,0.000531268071697026,0.000527477224767506,0.000264887878533543,0.00560992810187277,3.35982905568779e-05,0.000967812722265631,0,0,0.000123188428574085,0.0128401854886198,0.000430924480451315,0.00484369813061124,0.00282732934440696,0.00104701081415158,0.0111094628475427,0.0387470842453547,4.03561545358002e-05,0.0181586712247984,0.000426518349649847,0.000589946696350425,0.00262101110918981,3.97317555462718e-05,0,0,0,0.00305577579494726,4.29460720352828e-05,0.000129597171308637,0.00025847201209426,0.0264549787745837,0,0,0,0.0303889502443281,0,4.56987061767876e-05,0,0,0,0.000281631844956577,0.000436314190062225
0.000585780481534332,0.00148285513826418,0,0.00150321752273184,0,0.469538400613852,0.00432519307162857,0.136509411961242,0.0244758773093206,0.00709605650184914,0.00020448804022646,0.0297445706394018,0.00587888316497839,0.0180322840169354,0.846511553187661,0.00102731328092634,0,0,0,0.00129447541563073,0.000293773629416704,0.00163691364567807,0.00125143029245204,0.00632246828698403,0.000301980928458362,0,0.000986965160711349,0.00295680489323616,0.00201793765826788,0.00168658520854458,0,0.0302286127763762,6.61744936942459e-05,0.124580774102894,0.00861284565839427,0.0659626565912171,0,0.000935558707036346,0.0020028268981874,1.45224484042169,1.21157839102761,0.00103601672838736,0.00188534366738653,0,0,0.000670977825543464,0.00041739625764674,0,0.000289396918978363,0,0,0,9.53904100793898e-05,0,0.000352851987654209,0.000207532632808149,0,0.000943954291625023,0.000191948504638195,0,0.000886347214279056,0,0,0.00013080827276802,0,0,0,0,8.13606080009341e-05,0,0,0.000245496246624053,0.00111389896213836,0,4.5712696822375e-05,0,0.000472488876216352,0,0,0,0,0,0,0.00762308508548552
0.00950973997134348,0.00597354072617274,0.00152885501353878,0.131278899985221,0.469538400613852,0,0.537857881069701,2.48340777884749,0.255559039704061,1.73910057366286,0.0111784826910226,1.30792629674624,0.0655069911826851,0.104596174899952,0.281076577987978,0.000738586966492593,0.00268891477323225,0.00244915136531118,0.000707263051531613,0.0972897899455595,0.00470312633385163,0.0127404557003754,0.00576562401043439,0.15285696456003,0.00495370495417734,0.00302629555508044,0.0146776119800891,0.265597043391808,0.0344307564585621,0.0338532511438373,0.00130069279762301,0.112225446391555,0.00325261542749146,0.0951651107030594,0.368819158690494,0.247075151855519,0.00880209248905619,0.0249880060464865,0.0155585649137632,0.306072411809628,0.0396518914506916,0.00687690492151514,0.0104153519687134,0.00137923259768787,0.00011877159430176,0.00140325364943046,0.00446778005279428,0.000379973221357525,0.00267579620226288,0,0.000451198272425055,0,0.00353055737850597,0.000180538646504522,0.00154428665680858,0.00581012526543597,0.000719256853416294,0.0170126579702706,0.00670199373602772,0.000429656284857154,0.00657654850525508,0.000993762509600192,0.000285484766045809,0.00253301880082723,0,0,9.21530624678731e-05,0,0.0011881478915112,0,0.000134560626015603,0.00012157076838851,0.0451112262363668,0.000280373131712049,0,0.00103630801506159,0.00678740692888733,0,5.55332373224497e-05,0.000117235973160029,0,0,0.000163317887478471,0.0130065867907809
0.359995380123058,0.0141858469977935,0.0206379816449938,0.0534323823400954,0.00432519307162857,0.537857881069701,0,1.34739041115136,0.475893407788121,2.32708798325216,0.0132917802522387,0.0556717204242014,0.0583045377468726,0.670405306929533,0.0429695944247086,0.0111258586003518,0.0467145051235536,0.00578530795905924,0.00616794861672163,0.0238512709949053,0.074359337746751,0.056646873970433,0.0902983075467308,1.20582184186761,0.00339591156958186,0.0660479372789889,0.0481429659185788,8.05725944054729,0.314602484279532,1.87300744154608,0.00123883058156249,0.0334380023875901,0.0315800747397353,0.32068842894397,0.0717413872092157,0.520634011753851,0.0189704588821421,0.104099459032437,0.050280400263376,0.0421060415608145,0.0513217584835069,0.00952842178847608,0.107987328596108,0.00179675839569542,0.0164952305089674,0.00437007330712474,0.00855242982907187,0.00145779654848516,0.000263464875221849,0.000474254599589288,0.00157136741735962,0.000225339225486756,0.0103543107566376,0,0.0272875155027916,0.0985955135551152,0.0202818495704852,0.0358434078225806,0.0702693289292175,0.000637606338100552,0.00401936795503837,0.000192691164291769,0.0138777246775075,0.00202074091967726,0.000650269290529758,0,0,9.34399570405483e-05,0.00189434794059831,0.00555375664211029,0.00693866825661295,0.00509079631511194,0.146307284268578,0.000501068818338185,0,0.000335008624000132,0.0561140251946347,0.00698095288997686,0.00670627252687508,5.38919966591e-05,0,0.00158869112078598,0.0141486391744164,0.00604378856378645
0.198325096379543,0.0131056050534844,0.0364380970850501,0.0672031867928899,0.136509411961242,2.48340777884749,1.34739041115136,0,0.276860887810953,0.854294724231926,0.0350046070350965,0.266367931937545,0.0938938295505353,2.38753901205957,0.0375055312800179,0.00162555663313273,0.121365501523736,0.00996608672371844,0.00998100218501535,0.0422034505454789,0.0662679170840452,0.0156408767751959,0.137621758305068,0.194934008310443,0.00942204172330212,0.0254598940056654,0.100285393506954,0.451449503521202,0.295636660640687,0.68404855170104,0.00592818986936346,0.52437973552835,0.0181078302726597,0.359879764532975,0.0390809662014116,0.451330065163364,0.0199136020357851,0.110035714547794,0.0363824857258257,0.0610437923945549,0.0794161148427597,0.0200512046688299,0.0155321736836429,0.000982185187678427,0.000449421018562734,0.000734734117058396,0.00111670674826463,4.28069925979376e-05,0.000782026810388565,0,0.00244907490341756,0,0.00230481727615351,0,6.42012633111477e-05,0.03136090780731,0,0.0224891114886516,0.00709896475579858,0.00296340017492625,0.0013625164871597,0.00312946490741652,0.000338987299675822,0.000699661774948626,0.000125881989110469,0,0.000591160490844875,0.000357402840727032,6.79635109248162e-05,0.00016443205161798,0.00203618946756408,0.00012059216363275,0.0642010765900689,0.00266412262374407,0.000839028375817985,0.00495541287134358,0.00482903377244204,7.47623496412634e-05,0.000174352225458622,0.000710727969563097,9.74317157313824e-05,0,0.000632679734980971,0.00522835008240846
0.0145793668244577,0.260656459883758,0.0024857915464578,0.126658487415444,0.0244758773093206,0.255559039704061,0.475893407788121,0.276860887810953,0,0.379199564809134,0.0704583448351081,0.320912715749565,0.230117196104796,0.0779724630026657,0.325104034628022,0.00612906473729097,0.0551295359661758,0.020435316861162,0.0290609775896536,0.0320539600830153,0.00574758671242803,0.967630558733724,0.00952287749805525,2.27692293996092,0.0536852934154085,0.0173773580000329,0.262004985674575,0.556349471733849,0.252155204868533,0.0504329927237015,0.00897934706737354,0.0331561391058272,0.0640914149780693,0.3875384048157,0.55259630354161,1.62182784403154,0.0828357290619504,0.11636386460882,0.0782817258367376,0.275278129389691,0.0781396276294938,0.0170646290163587,0.850230210944632,0.0242648059537949,0.115067518502653,0.0578141061244542,0.0688177587285608,0.0331007449061434,0.00972292790912109,0.0047100362199586,0.0266612911669299,0.00936191508175856,0.0405105806305581,0.00238491411325869,0.0283072832368385,0.0806144860029384,0.0409179602308596,0.168852645137364,0.0755042403377863,0.0115044731676047,0.0744372944121696,0.0106850333078475,0.0562194059407765,0.0219701866281966,0.00739544206702536,0.00312963230552084,0.00287295155584824,0.00273041615735087,0.018382279545288,0.0139872718594017,0.103325506869707,0.0219026573766402,0.52573097450124,0.00931953343046287,0.00314186419917312,0.0148847450733789,0.127483890628153,0.0646960535779787,0.0328274815183734,0.000439907158626914,0.00737525501645714,0.0135691763799808,0.13811532165259,0.169687367403853
0.0178585531063142,0.00363865762132123,0.000900392493845075,0.454651094146155,0.00709605650184914,1.73910057366286,2.32708798325216,0.854294724231926,0.379199564809134,0,0.0195485297864793,0.690611386098388,0.116132880326526,0.155593307023185,0.0523345183760283,0.00122104359847846,0.00239877765774214,0.00509149441727624,0.00178523479713616,0.627829341154587,0.0042306434736726,0.00656784450843879,0.00417762005247736,0.292143336733582,0.0065120254212679,0.00253498712284044,0.010618093236831,2.35320131064213,0.0705112832540253,0.0310388120117744,0.000742767404833138,0.0548896543244614,0.00186549807097394,0.248229472236495,0.104113267922042,0.770627259660005,0.0206985142884441,0.0456540821378979,0.0261503669941943,0.0644320202335078,0.0585926008163309,0.0180323464389205,0.0350901616630526,0.00153088713241816,0.000170671261525303,0.00144273787862951,0.0137734320847274,6.3133077819109e-05,0.00276692835364807,0.000133917623587608,0.000362737534199178,0,0.0194484435144356,0.00102334341881997,0.00763897230549673,0.0229725384328157,0.00433386455795833,0.0353736878461988,0.0646731339925063,0.00044770988139835,0.0146377962567843,0.00112717479202459,0.00096769683517462,0.00618341561279434,3.92734947266876e-05,0,0,0,0.0063430642041677,0,0.00129616592808753,0.000131051314704299,0.150990732795238,0.00102466130419528,0.000186033345669865,0.000546648356220484,0.0605970719288656,0.000293586185816348,0.000160875689819306,0,0,0,0.000137748170392156,0.0063858565582391
0.0118763973311085,0.181531102223334,0.0145771174773684,0.00165531170737918,0.00020448804022646,0.0111784826910226,0.0132917802522387,0.0350046070350965,0.0704583448351081,0.0195485297864793,0,0.0116168463345113,1.99835774717673,0.0716678670891752,0.00183046227293202,0.00700253762275878,0.209434846647374,1.44387217900422,0.207358147626773,0.00164856917309931,0.0187055447121819,0.0420342090810582,0.0475498866626415,0.0166144080320282,0.554337132611849,0.986744756357673,0.932185135571997,0.0122884404933745,0.0613201112366155,0.0250049651481953,0.495349516620827,0.0305302260607636,0.000725341527298092,1.15060646435478,0.0148600237907204,0.126306537242234,0.435590884708287,0.256030613917191,0.163434550721893,0.00449919131822857,0.00359094953479618,0.205169830483297,0.0338912772736856,0.0831444804358176,0.0954225061609506,0.0383112546851648,0.000733935005179733,0.00283667391633692,0.00954272553372467,0.000358845387949526,0.01882540450463,0.00101798326989662,0.000181411894473791,0.000145144307566762,0.00041546140152052,0.000276068852571607,0.000828796851893306,0.00152821466234708,0.000452975374020428,0.788612935332486,0.000902153013271093,0.698063320014243,0.00526889827243811,0,0.000274326369315028,0.00779899543176686,0.129951632450426,0.0336992638734707,0,0.000169148720413089,0.00102706347356052,0.000470957464807928,0.000717513555083692,0.16618560169914,0.226206691067866,0.360971854070056,0.000322625245632559,0.013441748743995,0.000302749154031307,0.318132397803213,0.00712498071357236,0.000138856034859836,0.0551576627618562,0.00854203480925668
0.00253892719138038,0.0127068281745641,0.000254546379058242,1.21493239456029,0.0297445706394018,1.30792629674624,0.0556717204242014,0.266367931937545,0.320912715749565,0.690611386098388,0.0116168463345113,0,0.0744502021426769,0.0577113835561896,0.480833685163469,0.0010600390848487,0.000545565965117753,0.00215100745948115,0.000691014973778427,1.42322602163915,0.000816695525657326,0.021352206738541,0.00165276976441845,0.599956879231883,0.0061530749497167,0.00151185614179273,0.00806419794158793,0.390069009274763,0.0225180458918108,0.00361400318982473,0.000348015039911568,0.0435264005046462,0.000998865796122372,0.11176165523189,2.1763592954727,0.192856460003018,0.00866431612987181,0.0264493851287719,0.0173462506982427,0.118980407799669,0.0252811435598226,0.00689267016077173,0.0146072988886235,0.00283379198665598,0.000534801172479957,0.00387721358517533,0.00895767720542439,0.00100098459072349,0.0030803792259726,0,0.000170791507630944,0,0.0275722577524939,0.000604546060417234,0.00778007113101014,0.00131352902984065,0.0024800366559178,0.01225333990276,0.0145450525597766,0.000798099706509262,0.101317730823934,0.00125058664696911,0.00092993710978961,0.00458918516668433,8.4149971319139e-05,0,0.000398795213652372,8.23661072798371e-05,0.0312394603751505,5.58769008416534e-05,0.00046374500934434,0.000781042909131467,0.0231999067855842,0.000474497513143629,0.000271852473259747,0.000648088866627276,0.0133914244157019,0.000354985017722279,0.000148782571070463,0,0,0,0.000924507774944335,0.271901455934092
0.0110961891344657,0.326846263416672,0.00423548807656148,0.0201658807360076,0.00587888316497839,0.0655069911826851,0.0583045377468726,0.0938938295505353,0.230117196104796,0.116132880326526,1.99835774717673,0.0744502021426769,0,0.0771328861896594,0.0371475394378886,0.0319450194908487,0.00603785430576566,0.0268086924618041,0.0033433650156303,0.0110453354755009,0.0257032101597915,0.0822224020710943,0.04698392476805,0.101941844292033,1.66482847885911,0.0352163212079412,0.478345303394977,0.0762453157149572,0.0785589259103326,0.0414818879002123,0.231140828621825,0.0753834021585333,0.00857552620841506,0.375083608746527,0.0553899861200087,0.632544472174425,0.431969951118116,0.562580790594612,0.499578114444761,0.250938475371906,0.152716743010095,0.326401596727596,0.0477447389084548,0.0471339751615113,0.0483335657082628,0.0221523907317807,0.0519046633350321,0.00737098726048517,0.0207142454273682,0.000367242844525993,0.00944875591759339,0.000659370727969021,0.00488699618710667,0.00161937978101963,0.00869467120307556,0.00192075211340931,0.00983133668060338,0.0122848094565797,0.0148862389554627,0.891323930556556,0.018822640740073,0.577663546985754,0.0104293332827254,0.00638917414456171,0.00796188828546262,0.0045325455099374,0.0311882068363059,0.007809755026429,0.00225743054454676,0.00153552038281,0.00401473600040841,0.00364091569539666,0.0229425304357022,0.136694744875959,0.0841787144615743,0.136369876027582,0.0138418165152417,0.0116169358973338,0.000348128344435692,0.16918351090609,0.00917339502871028,7.71227620348334e-05,0.0471546421097341,0.0186028049795509
0.999072716313625,0.0269026185893003,0.0310669386253315,0.0128466766241949,0.0180322840169354,0.104596174899952,0.670405306929533,2.38753901205957,0.0779724630026657,0.155593307023185,0.0716678670891752,0.0577113835561896,0.0771328861896594,0,0.0108413733802458,0.00321367482115808,0.13506551815553,0.0262487223567623,0.0158206463273101,0.0105888535847154,0.0713610160964056,0.00679444835273922,0.123676301111568,0.0551012490782191,0.0186140811562598,0.0399546801896513,0.203764470758034,0.152485204756756,2.53931011766099,1.10802719967755,0.0137607311372159,0.184963473890031,0.0108446197325067,0.466997468092125,0.0271434688219794,0.18453583059216,0.024765785949746,0.0983226679759119,0.030074931729773,0.0276406544181054,0.0398705429266512,0.0190857961401843,0.00827934740310728,0.0111491919996228,0.00812841709178718,0.00349688731946027,5.25695731315612e-05,0,0.000142267626617133,0,0.00597787777256357,0,0.000428466727678298,0,0,0.0112714547884544,0,0.00413918619950852,0.00291041688652188,0.00437292143055728,0.000764080597874224,0.00302115868623185,0,5.18646667245627e-05,0.000395909975897312,0.00137459315212113,0.00671817419232723,0.00675292182964581,0,0,0.000969335185751557,0,0.0126434455730137,0.0063800528765915,0.00589888504997924,0.0324468474763692,0.00297854179742744,0.000252122784837544,5.10190358000398e-05,0.00204328073047844,0.000143645797761917,0,0.00197609091180861,0.00531293409215972
0.0016413951934039,0.0268114863095332,0.001320343023597,0.0260776031616994,0.846511553187661,0.281076577987978,0.0429695944247086,0.0375055312800179,0.325104034628022,0.0523345183760283,0.00183046227293202,0.480833685163469,0.0371475394378886,0.0108413733802458,0,0.0469110108436346,0.00417161891642388,0.00066272781412968,0.000899433409115106,0.0093105724995904,0.0298484757545942,0.0690578897536822,0.0534020508876754,0.148001524020267,0.0043048066289829,0.000786651671170056,0.0447019778802161,0.0816752420919525,0.0296098128366435,0.0170713787176349,0.00030328332738924,0.00778151400963717,0.00569155787305587,0.0314185771439245,1.1631321172368,0.0521935982790715,0.00496174170975721,0.0124054495454883,0.020122774099967,1.13629403073912,0.00722130038794463,0.00174888781645032,0.0136457980523845,0.00756672931703046,0.00237387776595193,0.0174538462089627,0.00631627938488254,0.000882255947643966,0.00149846633412361,7.37628395290375e-05,0.00109649096253455,0.00015703500681293,0.0031248839711715,0.000521968254307687,0.00306793077587635,0.00236470580503008,0.000920599843687593,0.0108210650505452,0.00732512781415108,0.000210107687859118,0.00825747158965936,0.000864313302953243,0.000722772628608883,0.0034661377464756,0.00998176521261263,0,0.00014904074117601,0.000267679645281047,0.00241140645460466,0.00166678411886561,0.00584692663159823,0.00355868914226878,0.0278545950561984,0.000207452182117581,9.37451537484527e-05,0.0061420009999375,0.00860769798754916,0.000823572390735656,0.00101998790309883,0.00014813823406744,8.27700267122388e-05,0.000190833886683464,0.00154830081665474,0.190973263653414
0.000192168634877026,0.0279601635713739,0.00860940898737472,7.0805313786149e-05,0.00102731328092634,0.000738586966492593,0.0111258586003518,0.00162555663313273,0.00612906473729097,0.00122104359847846,0.00700253762275878,0.0010600390848487,0.0319450194908487,0.00321367482115808,0.0469110108436346,0,0.0233637697200721,0.00264262695817068,0.0022390825323948,0.000152198256121635,1.53770348279814,0.335052988122325,0.71853520329665,0.835102744376291,0.00184535922334489,0.00852799871646326,1.3699061797969,0.348848138621259,0.00455966366844547,0.0591942469198547,0.000598588708575785,0.0018812743540628,0.000570048741006613,0.163908875223954,0.290970973916337,1.04554934075336,0.100553984013127,0.313530619261138,0.358001070730502,0.00840879242689157,0.0238343082417753,0.00370214082654083,0.180981411833214,0.0348563947664496,0.0268154648209994,0.0432543826142453,0.00162327506217706,0.00143778177453488,0.00141198812352163,0,0.00269929906867721,0,0.000164769176615238,0,0.00018890606767881,0.000857899198033571,0,0.00106738999575371,0.000112244537161886,0.000474130899113834,0.000715266441242992,0.000266371806538761,0.000187647948573947,0.000784035784691632,0.0312170217591725,0.00122016633484161,5.70310425194502e-05,0.000255794418688178,0,0.00184796822496871,0.00389794910129535,0.00323589355171859,0.00812844031996104,0.00066400812838164,0.000230830652405501,0.0025051827842646,0.00204519877752769,0.000428470680647731,0.000514364353359044,0,0,0,0.00421902225109938,0.0981680277341106
0.0467961901109125,0.236501033857063,0.823130382209529,0,0,0.00268891477323225,0.0467145051235536,0.121365501523736,0.0551295359661758,0.00239877765774214,0.209434846647374,0.000545565965117753,0.00603785430576566,0.13506551815553,0.00417161891642388,0.0233637697200721,0,0.262037899566993,1.21020546433872,8.59253442367911e-05,0.378824960605503,0.0266691850617765,1.14545266010139,0.0386123844204766,0.0092992961497151,1.35453439817488,3.5565400396121,0.159207684125404,0.274047835663605,0.451925119968024,0.0122018793823754,0.00115308521088865,0.00427993645910409,0.76558970652611,0.00504753300533724,0.0952751534780465,0.0182622560867688,0.0645122128913086,0.0476620363001736,0.00419800200474083,0.0068802639035486,0.000804708560857237,0.223169032275208,0.143695700080867,0.124747264657373,0.0982781659207625,0.000466236783330857,0.000754207662615418,0.000754763183202535,0,0.0530161373295616,0.00109185461604807,0,0,0,0,0,0.000833834947261751,0,0.000598200141234636,2.95811719549e-05,0.00074608016339776,4.41778519435226e-05,0,0.000474659181830764,0.098492307772165,0.00758920728655079,0.034316014341863,0,0.000469788233774007,0.000682746170831711,0.0106983154732331,0.00177569845244748,0.00287605560419524,0.019233321174347,0.0620274055028718,5.8353173455596e-05,0.00029124507251221,0.000415764517246782,0.000884130864333391,0,0,0.0163426844333345,0.000151816513922572
0.00389927279669976,0.0474653721717096,0.0442674022741824,0,0,0.00244915136531118,0.00578530795905924,0.00996608672371844,0.020435316861162,0.00509149441727624,1.44387217900422,0.00215100745948115,0.0268086924618041,0.0262487223567623,0.00066272781412968,0.00264262695817068,0.262037899566993,0,1.08333951092965,0.000165434648867965,0.0105227425594684,0.0107283605757122,0.031045047853895,0.00473002409640011,0.125321510881661,1.72289079069814,0.910109334991869,0.00491001311295852,0.0251651161398898,0.00940563672102225,0.119080355623735,0.00780959435195548,0.00021253127013731,0.269833028430372,0.00466761077250838,0.0532188520211252,0.0363526413559703,0.0474757577002182,0.0559763784340308,0.000549036508069486,0.000477507657567233,0.000972449833072483,0.0444181639185068,0.0750396295863376,0.0811849490891851,0.0597089645564213,0.000427026992915928,0.00197881544821951,0.00193765624674937,9.38521645720005e-05,0.0102693042389437,0.000578015873270274,8.51922356022596e-05,0.000132507739118576,5.33056435075402e-05,0,0.000379382533076346,0.000274088558196307,0,0.0273796058999458,0,0.0426633145613812,0.00245827861050555,0.000447448074799776,0,0.00405974379380942,0.0975945162486086,0.040618009035765,0,0.000387354400543571,8.3343571526289e-05,0.0019896600287388,0,0.0825966968309636,0.118199026339903,0.302672440828553,0,0.00385285084938389,3.45725273411274e-05,0.0643635319599196,0.00164770721079806,8.63362380926013e-05,0.0130881302146611,0.00497771293036884
0.00376037218942252,0.0857949932127153,0.0895488028697844,0.000167333340100885,0,0.000707263051531613,0.00616794861672163,0.00998100218501535,0.0290609775896536,0.00178523479713616,0.207358147626773,0.000691014973778427,0.0033433650156303,0.0158206463273101,0.000899433409115106,0.0022390825323948,1.21020546433872,1.08333951092965,0,5.73968773007393e-05,0.0196945515189068,0.0107455039234154,0.0699078914830743,0.00641060812709245,0.0243498510368259,1.75909225595258,1.23123333738451,0.0103146093678981,0.0218844749234468,0.0219464500439574,0.0177982820470331,0.00129499876310712,0.000536005227860898,0.191627582811882,0.00192831852981775,0.0164789029090534,0.00989195212592521,0.0170801691931215,0.0161803490319262,0.00034115603186509,0.000914402686328947,0.000604347340105742,0.0398723354101941,0.0496469750294107,0.0528891799118293,0.0418078823924621,0,0.00166417598307347,0.00151654898379588,9.98404086904228e-05,0.0238185271488422,0.000436083135416179,0,0,0,0,0.000368526269800723,0.00017083635174036,0,0.00186147100725022,0,0.00302344917226812,0.00101741080886498,7.59562837485075e-05,0,0.0131057012951534,0.0192828031678471,0.038604057102237,0,0.000627780832503676,0.000498160982376457,0.00230363036125406,0.000100027968730211,0.015398759678512,0.0173490933131945,0.139573270623277,0,0.00136639068979433,0.000219524485078752,0.00328381651079428,0.000772858685996712,0,0.0130367634578756,0.00140353789301187
0.000980711061484873,0.000686565297615052,0,2.24419749429135,0.00129447541563073,0.0972897899455595,0.0238512709949053,0.0422034505454789,0.0320539600830153,0.627829341154587,0.00164856917309931,1.42322602163915,0.0110453354755009,0.0105888535847154,0.0093105724995904,0.000152198256121635,8.59253442367911e-05,0.000165434648867965,5.73968773007393e-05,0,5.80799528070688e-05,0.00215162835633084,0.000353691796607137,0.0589998897013581,0.000659114101432353,6.74926746465862e-05,0.000228177439625084,0.590199875069237,0.0050159039220318,0.00130626033711707,0,0.00563076940769511,3.00824257954955e-05,0.023979345278769,0.00490258204096872,0.0642638757255686,0.00156591934024425,0.00356041494483033,0.00269259034512418,0.00895322385544767,0.00657976182902328,0.00199842906145623,0.00197471031633514,0.000217160809395462,0,0.000147811988692998,0.0013561518480992,0,0.000298576385765135,0,0.000197893710951209,0,0.0104178705192909,0,0.000600202400863797,0.000262995764635712,0.000308673051928282,0.00295167526751736,0.0165633732142066,0,0.0108420678339746,0.00025628008457303,0.000206622118249416,0.00019228015996778,3.99480940394998e-05,0,0,0,0.00051289435031563,0,0,0,0.00591578603049776,0,0,0,0.00353006765515476,0,0,0,0,0,0,0.000201502270457268
0.0217176788020427,0.0115380971853048,0.33866178133128,3.99831542510092e-05,0.000293773629416704,0.00470312633385163,0.074359337746751,0.0662679170840452,0.00574758671242803,0.0042306434736726,0.0187055447121819,0.000816695525657326,0.0257032101597915,0.0713610160964056,0.0298484757545942,1.53770348279814,0.378824960605503,0.0105227425594684,0.0196945515189068,5.80799528070688e-05,0,0.0325985364294014,5.49181694974179,0.364282157706307,0.002406295554735,0.0898401397876305,0.608532352452893,1.76759725258624,0.100833548628237,3.39402112844396,0.00135330397545928,0.00475669543202356,0.00593498747501618,1.43430721772634,0.112191120214225,0.244407040942382,0.0176635878411041,0.576785674791642,0.243467694953254,0.00881190377560705,0.0278887509124965,0.00321540546939137,0.0567577230825148,0.0127988940388257,0.0133744995531574,0.012880348726902,0.000235586606073559,0.000219994882469893,0,0,0.00277252742434317,0,0,0,0,0.000100342205915034,0,0.00133103219927346,0,0.000465415213569969,0.000257243379036307,0.000251137417637855,0,0.000251860975253344,0.0085972417474634,0.00110280061531255,0,0.000554933780149698,0,6.38316546980143e-05,0.00148370711364493,0.00147980478939468,0.00455886367879263,0.000595269811563164,0.000202507268150926,0.00222051719052163,0.000414408254628956,7.51431842098832e-05,0.000427085397740721,0.000150534294840931,0,0,0.00122164189413586,0.0295946896026157
0.00120680334257654,0.143817495028004,0.00319957033661938,0.00522932471030977,0.00163691364567807,0.0127404557003754,0.056646873970433,0.0156408767751959,0.967630558733724,0.00656784450843879,0.0420342090810582,0.021352206738541,0.0822224020710943,0.00679444835273922,0.0690578897536822,0.335052988122325,0.0266691850617765,0.0107283605757122,0.0107455039234154,0.00215162835633084,0.0325985364294014,0,0.030234016258682,1.37691109134649,0.025139852957072,0.0123006702687248,0.256878426424039,0.145499353580833,0.0355027486228434,0.052632254197477,0.00438913783081373,0.00235884873441013,0.0148615261221271,0.16501857788064,0.157596540815982,0.901458975135561,0.096128757649396,0.119199980647417,0.104986975062748,0.0206521909757768,0.0192976454126263,0.00721135303296071,0.488066672201005,0.0522103619088305,0.0713172537122976,0.0636516977202133,0.0151976623814133,0.00590796653447688,0.00126446763348234,0.000356476167957902,0.0151636552093128,0.000455430442715258,0.00506648922841206,0.000414874579625606,0.00261962262867686,0.0218463524743032,0.00215321279246518,0.0870854771174623,0.00573464624900508,0.00691604823994258,0.00298015543000292,0.0035040603527121,0.00402590904163698,0.00304931652944178,0.0989504530748759,0.00697147952110707,0.00135115966868007,0.00218584927838638,0.000678964164342135,0.0087066709015725,0.09651450924026,0.0110339085634688,0.11328995775376,0.00492968420249021,0.0026106979761515,0.0146483227337325,0.0202718680897909,0.00617172266353107,0.00946805389637211,0.00091521767576912,0.000770190574940265,0.00244514518305891,0.0334265647004321,0.113020790809701
0.0430392579991093,0.0343846299345059,2.89000783368374,0.00025663310205993,0.00125143029245204,0.00576562401043439,0.0902983075467308,0.137621758305068,0.00952287749805525,0.00417762005247736,0.0475498866626415,0.00165276976441845,0.04698392476805,0.123676301111568,0.0534020508876754,0.71853520329665,1.14545266010139,0.031045047853895,0.0699078914830743,0.000353691796607137,5.49181694974179,0.030234016258682,0,0.245505101457703,0.00860970452259541,0.386991256650682,3.71540312099397,1.27467701510551,0.179385910196926,1.1237255849477,0.0065738604531995,0.00602331694420353,0.0053280691791246,1.69839475254309,0.249621281688609,0.60928207057526,0.062190357346575,0.967623490182471,0.594789919817186,0.0106777364188676,0.0443846441618684,0.00586966294737607,0.224938526061446,0.0578715402355025,0.113748069868247,0.0874641763361822,0.000260940569849432,0.000875730864003181,0.00111122523213291,0,0.00715392824900946,0,9.3828172077775e-05,0,0.000253333223487854,0.000320704135330558,0,0.000943569948945314,0,0.00216869911748359,0,0.00110604454025915,0,0.000581012200214625,0.0162515320214881,0.0147731472706781,0.000232633451287806,0.0013581365194029,0,0.00254605554771787,0.0011750586662643,0.0170736098374746,0.00287805519765997,0.00220828847059026,0.00191266858649814,0.0093875482404215,0.00048530557348007,7.57713719593882e-05,0.000572374794810892,0.000164717931322694,0,0,0.00898886442646358,0.0781011835985244
0.0138195442135857,0.135200719392487,0.00605209478558958,0.241323721892446,0.00632246828698403,0.15285696456003,1.20582184186761,0.194934008310443,2.27692293996092,0.292143336733582,0.0166144080320282,0.599956879231883,0.101941844292033,0.0551012490782191,0.148001524020267,0.835102744376291,0.0386123844204766,0.00473002409640011,0.00641060812709245,0.0589998897013581,0.364282157706307,1.37691109134649,0.245505101457703,0,0.0137259835954374,0.00641607998322976,0.355462303467188,3.2568708759334,0.12202130382499,0.239081440965908,0.00148973118080242,0.0166593746536403,0.0310841564345586,0.41304902293997,0.174339173282014,0.929089468375578,0.0469139958819253,0.195877646798923,0.126599094958854,0.0511592577216843,0.0533306850389424,0.00875349879257551,0.695492552176574,0.0428477409533219,0.0889046310584883,0.0567326082106914,0.0473689737633819,0.0178244319011967,0.00345381310433736,0.00279414334199345,0.00724457073377034,0.00324648357175472,0.0621879927722182,0.00119464571936804,0.0368360574757457,0.0573976679812088,0.0309840424200739,0.079607379516528,0.107287643539245,0.0007055960538688,0.0270636447039375,0.00186870145409885,0.0246959711384371,0.0137402611627132,0.050368646585852,0.00220732890517443,0,7.62176096612215e-05,0.0180365778433976,0.0119684005718551,0.0432494115133489,0.0182679897136771,0.448578329988015,0.00168663075427622,0.000337759998207271,0.00444476092056447,0.138483350576735,0.0328670145118095,0.0174404169238477,0,0.00114137399257707,0.00690513168194061,0.0786082302829434,0.0708473272589466
0.00233986428820839,0.214781883003837,0.00284158243551704,0.00102361564674769,0.000301980928458362,0.00495370495417734,0.00339591156958186,0.00942204172330212,0.0536852934154085,0.0065120254212679,0.554337132611849,0.0061530749497167,1.66482847885911,0.0186140811562598,0.0043048066289829,0.00184535922334489,0.0092992961497151,0.125321510881661,0.0243498510368259,0.000659114101432353,0.002406295554735,0.025139852957072,0.00860970452259541,0.0137259835954374,0,0.1048491146537,0.945276605432282,0.00440900341300985,0.0134605490218285,0.00317225827062967,0.123366569499808,0.00872367973784685,0.000339312311986536,0.160235828183763,0.00486926636682683,0.0471583940897784,0.043237727225388,0.117639473852348,0.0467364351858343,0.0114490723935714,0.00207664845901763,0.110228997242314,0.00563559753589719,0.00925687763190389,0.0183917824240897,0.00598860531055442,0.00202440968732649,0.000986017821435869,0.00201545253924274,0,0.0280480018572386,0.00027897149951455,0.000275800722416193,0,0.000649957068642795,0.000360892321507394,0.000644408096759676,0.00207565226892203,0.000672396717647523,0.19777579801412,0.00147993872758326,0.187557109646908,0.0014379661220406,0.00026099612041533,0.000144288435943484,0.000636984706786752,0.0152824452040305,0.0057647886858924,5.30144553589821e-05,0.000689054593531608,0.000544946029639781,0.000763353388837576,0.0020047433031421,0.147989171247556,0.0326586227500596,0.11294014496366,0.00113133531922227,0.00255808250498438,0.00010229950200972,0.0472947598076374,0.00211253523524106,0.000126229408547759,0.0118385575969057,0.00238270295531744
0.00815057900587619,0.0677465059696003,2.36948382426755,0,0,0.00302629555508044,0.0660479372789889,0.0254598940056654,0.0173773580000329,0.00253498712284044,0.986744756357673,0.00151185614179273,0.0352163212079412,0.0399546801896513,0.000786651671170056,0.00852799871646326,1.35453439817488,1.72289079069814,1.75909225595258,6.74926746465862e-05,0.0898401397876305,0.0123006702687248,0.386991256650682,0.00641607998322976,0.1048491146537,0,7.36102979855109,0.0262901029484057,0.0348002650830654,0.0459923077759005,0.206535635499169,0.0102985792408764,0.000520931128287703,0.383186698268968,0.00675305494678712,0.0898547875442238,0.0542853277449092,0.101164795746551,0.0822325177437555,0.000627919646220266,0.00173555824230221,0.00195560814986774,0.0347971444749413,0.0428921584256738,0.0412407213911654,0.0300046122610093,0,0.000866559709200471,0.00152741173782343,0,0.0112069979823891,0.000178690806461453,0,0,0,0,0.00016922331629017,0,0,0.0336082961465059,0,0.0587967772885226,0.000675218167493283,0,0.000176174269689083,0.00526775323393539,0.0670683435788227,0.0198332518682749,0,0.000310087495448917,0.000363626549261778,0.000496405266823411,6.16052193061709e-05,0.0579993246717639,0.135033278868397,0.206870858131381,0,0.00200758648237723,0,0.078939146293791,0.000842965578156531,0.000195344911499321,0.00764932798371207,0.00298782084978476
0.0459234549468721,1.33484239773196,2.61100102644775,0.000718586631031871,0.000986965160711349,0.0146776119800891,0.0481429659185788,0.100285393506954,0.262004985674575,0.010618093236831,0.932185135571997,0.00806419794158793,0.478345303394977,0.203764470758034,0.0447019778802161,1.3699061797969,3.5565400396121,0.910109334991869,1.23123333738451,0.000228177439625084,0.608532352452893,0.256878426424039,3.71540312099397,0.355462303467188,0.945276605432282,7.36102979855109,0,0.347622076274271,0.219281963113206,0.214818902016197,0.652165471773384,0.0341527435496564,0.00487565339808577,3.22747077840911,0.392209736275902,2.72301395155609,0.867545022569316,1.43380758901299,1.6146953611403,0.0218505793271927,0.0510475257971789,0.0203166404277324,0.605114612839886,0.417177953790254,0.365405056508001,0.316571003763558,0.00466201106288922,0.00619703307298815,0.00866389249336228,0.00115684489982045,0.243545307811844,0.00924009892174574,0.000233822235189408,0,0.000230108142744899,0.00201087067745351,0.00131890445920021,0.00400044145387495,0.000179508438181043,0.0919816501350474,0.000922993163655996,0.0938692701575003,0.00715324947579085,0.00190477591575838,0.0175082392713679,0.226933812688357,0.0851314419210095,0.183508188760955,0,0.00692241749179596,0.00530795128163642,0.0431940469460076,0.00903683776500013,0.100510461539033,0.172160722072503,0.507096773253056,0.00521251951465932,0.00521906665312275,0.00487734583328602,0.106924762850228,0.00252688746160388,0.00050667510529244,0.0656200258987314,0.213918577908127
