0,0,107.042728990316,4.3808536529541,0,38.0052294135094,3671.89486005902,2273.12442025542,3.21999788284302,91.7556217610836,30.9004665315151,14.5452496409416,4.44830366969109,15439.8852674663,3.95715469121933,1.59094390273094,534.638280212879,17.5381812751293,106.196032613516,2.70027208328247,178.776970028877,0,445.566916257143,19.5905637443066,0,141.512269079685,93.6540446281433,120.932489037514,8042.2153262496,4675.5213496685,0,7.95165964961052,10.58175355196,192.418275773525,17.0759245753288,71.8006040751934,5.26037254929543,133.068021416664,47.3630743920803,20.4452107846737,5.08318391442299,0,3.09508240222931,0,0,0,0,0,0,0,0,0,0,0,0,0,0.497734189033508,1.01541066169739,0,0,0,0,0,0,0.611302733421326,0,0,0,0.766053795814514,0,1.72894209623337,1.13672226667404,0.506350457668304,0,0,7.01994761824608,5.26194947957993,0,0,0,0,0,1.64237082004547,0
0,0,44.6552020311356,0,15.5534627437592,2.52240490913391,1.5562157034874,2.17959487438202,1898.77784308791,0,129.51894530654,14.6457508206367,1084.73475500941,9.32181093096733,76.9870519042015,298.01967176795,53.1291885077953,18.2809449136257,41.5411967337132,0,5.76662659645081,3847.22541767359,16.6528877913952,1485.05884855986,2835.28778123856,662.723731905222,18106.2251413763,59.767173320055,10.9907887876034,1.94953367114067,159.596089243889,3.22564285993576,0,91.6162516176701,11.2762905955315,139.552073955536,113.509727269411,178.723185688257,64.8177595734596,81.985545873642,2.95099091529846,181.164817750454,192.534894108772,41.264267116785,91.1722525954247,112.617946714163,2.3244491815567,2.37780612707138,34.2325723171234,1.10422551631927,1233.05268776417,84.5292317271233,0,0,0.576216995716095,12.1092712581158,1.78669515252113,24.0137006342411,0,25.4337032437325,0.673429071903229,171.574953138828,6.29743131995201,1.01694118976593,60.1223074495792,334.565485835075,8.47373288869858,69.5151891708374,0,12.0960501134396,158.13627320528,79.991816431284,39.397688627243,183.244217395782,404.845275402069,3741.26512023807,9.44401475787163,4.85866537690163,7.95936748385429,86.6218003630638,0.538003087043762,0,14.9288080334663,11.6674568653107
107.042728990316,44.6552020311356,0,0.568751931190491,0.590857625007629,44.1130573749542,1802.672503829,1029.40781670809,3.29201591014862,54.9989597201347,27.177634447813,12.3125154972076,0,898.179341852665,8.46989449858665,432.232933610678,17259.9475909173,88.1319698691368,824.121509194374,7.59734827280045,3996.1184386611,34.2567155957222,34940.7674817443,406.552616506815,0,20726.515647918,29577.0230194032,3502.84762874246,216.030842572451,1886.28804430366,0,8.28216308355331,10.2484248280525,2420.32712545991,332.571858525276,3460.52993255854,1106.55977275968,2822.45546224713,2668.78257372975,12.7532550990582,15.9170115590096,0,802.829327613115,78.6427465379238,238.606806218624,370.551284700632,4.63284549117088,2.90326422452927,2.59227812290192,0,97.7820599377155,630.797108113766,1.17910134792328,0.960793137550354,0,19.6274355947971,0,4.49027234315872,0,1.08844101428986,0,7.08724039793015,1.36711525917053,7.18768107891083,37.7839944660664,785.813605308533,2.66171592473984,48.3601303696632,0,17.3333410918713,58.2254382669926,424.908522754908,11.0580331385136,0.819119036197662,360.096100866795,3888.38566315174,24.2351082861423,0.43991094827652,4.12917771935463,0.440971553325653,0,0.484492629766464,57.1077916324139,336.346647530794
4.3808536529541,0,0.568751931190491,0,108.879465967417,521.182996928692,140.063496053219,360.486021459103,2251.70027422905,13321.5865012109,116.5555164814,11004.3002438843,68.2336546480656,289.802090406418,293.08626267314,0.573068618774414,8.76443415880203,14.2933913171291,15.9035490751266,32071.6874795258,6.57627350091934,4.46377557516098,2.62241089344025,4814.5401172787,0.801798075437546,21.2731827795506,10.1449871361256,14817.6682181954,157.451282709837,15.6058304905891,0.690071761608124,33.3103628158569,2.10407495498657,298.176463916898,23.5033914148808,559.611689001322,14.5031276643276,202.155782997608,21.4247540533543,546.120410531759,78.1959171146154,3.79427182674408,60.0381962358952,1.49455451965332,18.8401260972023,1.57877686619759,333.52147269249,18.6404373943806,2.39612913131714,0,0.619116723537445,0,1428.18181297183,34.1056038141251,29.0892235338688,284.386112809181,57.7305646538734,1333.57047012448,386.111719846725,1.82976275682449,1120.6436651051,65.6577969789505,7.00756704807281,191.43157145381,0,0,0,0,1285.39626920223,0,6.80976235866547,0,2305.90131777525,0,0,4.31215980648994,1689.72693756223,5.89513438940048,0,0,4.1972588300705,0,14.0557314753532,3.71665322780609
0,15.5534627437592,0.590857625007629,108.879465967417,0,6413.35893914104,156.978994399309,1073.93386676908,1278.08324998617,438.55212700367,54.8094671964645,1536.01354914904,51.9199223220348,52.6190165281296,5539.37437939644,1.73815321922302,0.604810178279877,4.69345337152481,3.64395874738693,76.1384626030922,5.73921412229538,57.3029170632362,2.40793737769127,386.818029850721,10.3753272294998,5.74308022856712,45.7367182970047,230.463273435831,13.344269990921,24.2741125822067,2.80256849527359,656.794184446335,0.486434638500214,1168.52745366096,135.343228757381,1128.67681223154,20.8884159624577,91.311985373497,96.7474039793015,16131.5439104736,5888.97040992975,6.95061659812927,13.5260426402092,0,0,0,109.109860181808,0,0.871455192565918,0,0,0,61.9499863088131,17.6934374570847,8.25691485404968,6.72730311751366,0.917710274457932,134.105034738779,12.7528292834759,0,102.865904390812,35.0998300909996,0,65.6270034611225,0.772092700004578,0,0,0,56.8268637359142,0,3.75295269489288,0,78.9653534889221,1.12142324447632,0,0.533888459205627,36.6486375927925,0,0,0,2.91351115703583,0,0,25.6979092359543
38.0052294135094,2.52240490913391,44.1130573749542,521.182996928692,6413.35893914104,0,6234.50382602215,26043.9828480482,636.980586707592,27503.5243262053,390.112386822701,14125.7733427882,166.860254734755,3256.26824885607,4215.32462307811,0.8784459233284,95.421529084444,53.5375222563744,69.8546523451805,543.897191762924,69.625280559063,7.41493391990662,95.1955116689205,398.048442304134,7.10134452581406,106.139997124672,83.0088299810886,3130.37085333467,544.957127690315,280.48579415679,3.656554043293,512.989665836096,3.50050157308578,849.013974875212,2234.51280710101,2217.46233764291,69.5033128261566,558.92834097147,135.508670777082,5889.60120561719,951.323648959398,10.6822620034218,109.709049493074,2.21318963170052,27.4621154665947,5.06500893831253,137.562550067902,26.3221791982651,6.2855968773365,0,5.66188532114029,0,175.372832357883,13.9982714653015,8.19230279326439,257.726352363825,25.1481613814831,184.028248131275,84.7474853396416,2.66141605377197,300.174762606621,54.4309573769569,10.9268541932106,65.3654358386993,3.19161948561668,0,0,0,232.70358094573,0,0.605323135852814,0.4088274538517,763.797401636839,1.63313508033752,0,1.14799016714096,737.227404892445,8.25776368379593,0,0,0.443316221237183,0.734979331493378,21.0159700214863,239.172065913677
3671.89486005902,1.5562157034874,1802.672503829,140.063496053219,156.978994399309,6234.50382602215,0,17961.2524665594,714.531394064426,53692.5552940667,596.98270970583,682.868797749281,123.573799878359,20952.3577650487,311.326856076717,35.9599850475788,1136.98352959752,129.889755129814,400.252268761396,119.148976057768,2586.48607853055,15.3552095890045,2488.58544152975,1894.89687985182,2.11690586805344,2412.92065057158,1001.89181995392,48361.6201812625,4855.03936737776,18571.2085294724,4.29669809341431,203.969308316708,181.03334158659,3526.891312778,801.274570584297,4585.58830079436,228.279392749071,2774.23256498575,1036.54552856088,865.644612163305,455.308287978172,7.12257647514343,477.765016585588,11.6359634399414,117.916150778532,48.9821197092533,83.9289844334126,57.6969125568867,5.33440694212914,0,1.03910529613495,6.65536040067673,262.296519368887,2.19608882069588,15.1540052592754,288.216419368982,60.0148050189018,306.072317153215,156.226071178913,3.61163699626923,250.844263643026,48.1920243501663,14.8478739857674,43.1851761639118,147.00682464242,1.44703167676926,0,0,346.722783565521,25.0611790716648,64.4245848059654,43.7628190219402,1345.1961915493,1.06326949596405,0.835795134305954,383.960053235292,1223.74486902356,29.3005929291248,0.616732895374298,0,0.545685291290283,0.422813981771469,71.5435166656971,86.0836422145367
2273.12442025542,2.17959487438202,1029.40781670809,360.486021459103,1073.93386676908,26043.9828480482,17961.2524665594,0,430.809239715338,15332.3627782464,825.244110286236,5211.31389093399,254.538118481636,53200.277929008,444.560871392488,17.4291817545891,3186.55610826612,206.236173212528,930.052864789963,583.572244256735,1740.14699336886,3.51731979846954,2955.26387232542,430.698386967182,9.95930421352386,1510.69096618891,992.805377423763,3547.75312566757,3698.37931460142,8736.4624132514,12.6916830837727,675.548336982727,40.0708234012127,2179.64985451102,208.012454628944,3813.26511344314,145.870553553104,1670.6079274714,689.10238134861,2501.34295123816,538.804268538952,16.1290119886398,95.2108136713505,2.38093686103821,22.8107145428658,6.87142938375473,66.439939558506,16.3501390218735,5.8519324362278,0,4.18078857660294,5.00390508770943,117.452529728413,1.98890429735184,3.70476233959198,224.644042342901,23.23597869277,162.604051619768,53.40595510602,3.24644470214844,270.692828416824,70.4703085124493,1.1853449344635,17.7734304070473,13.8144637942314,0,0,0,187.857544511557,3.46679699420929,10.5665220618248,0.523298323154449,855.940622538328,4.40244507789612,1.07014214992523,36.1277559697628,666.016863256693,4.43651440739632,0,2.75243842601776,0,2.74311143159866,17.6365983784199,22.7811667025089
3.21999788284302,1898.77784308791,3.29201591014862,2251.70027422905,1278.08324998617,636.980586707592,714.531394064426,430.809239715338,0,1891.43907853961,90.3652916252613,4047.39365470409,247.430690705776,207.073589980602,4865.52420321107,89.174773812294,4.88649013638496,22.3229266405106,25.0345194637775,476.832396656275,14.5020815134048,7238.82538294792,9.01139223575592,48116.3976841867,1027.39281281829,285.108251214027,5099.56793025136,7871.28941610456,163.277415782213,47.9957263767719,100.795521557331,35.9058474302292,12.2451881766319,263.655519574881,100.080599606037,884.125121921301,51.6307380795479,219.678671449423,65.5132198035717,2987.66791212559,164.75580650568,29.6764036417007,1074.85959199071,42.3088749051094,242.067638158798,79.5802745819092,454.281774312258,123.829946637154,4.09989547729492,1.07098352909088,20.0195569396019,2.14023816585541,941.34344881773,77.7201438546181,67.7642290592194,469.221594184637,115.454023450613,4947.32741650939,375.888139933348,36.0447903871536,553.884663373232,135.268149793148,65.0403029620647,253.973225593567,919.15298551321,8.32738456130028,5.11686253547668,5.08473214507103,798.842884123325,83.1234223246574,681.293317139149,82.2806484401226,6794.5010766685,8.12721645832062,21.9156441688538,107.896010518074,2606.74369370937,112.169081836939,12.2897914648056,3.43777227401733,37.552598208189,3.05284309387207,133.44030547142,189.23575514555
91.7556217610836,0,54.9989597201347,13321.5865012109,438.55212700367,27503.5243262053,53692.5552940667,15332.3627782464,1891.43907853961,0,1453.54350459576,17461.9520498514,418.959727883339,7340.97596117854,575.851024806499,0.515440225601196,115.772321820259,204.263127475977,258.057380527258,8553.36922292411,79.9353069067001,1.97810274362564,69.6837290227413,2273.02162945271,16.5879177451134,217.86630833149,105.768135100603,18728.3076873422,2584.20276719332,252.790590196848,11.7779729962349,368.431732133031,8.70857053995132,3876.82965072989,335.068226158619,6339.17683047056,139.676986604929,2645.42692372203,286.985551148653,1927.00754469633,717.925308048725,21.1340315937996,96.2765814065933,0.339121043682098,26.1199197471142,1.90472650527954,510.948640406132,12.8154806494713,11.4115736186504,0.875610768795013,0,0,1822.42287123203,43.4010201394558,33.9917395710945,567.737458199263,67.7645533382893,1259.78508195281,457.969812840223,0.73417341709137,1260.91388720274,117.347201615572,6.19307506084442,258.476964324713,4.2457586824894,0,0,0,1536.46095025539,0.820182681083679,6.40722960233688,0.62824535369873,2398.93287411332,1.11748084425926,0,3.45817387104034,2519.50205522776,8.69016814231873,0,0,0,0.519524097442627,23.5920127332211,30.9026208519936
30.9004665315151,129.51894530654,27.177634447813,116.5555164814,54.8094671964645,390.112386822701,596.98270970583,825.244110286236,90.3652916252613,1453.54350459576,0,948.314238786697,10939.8346824646,2432.53269407153,28.0212432742119,30.2382487952709,403.444996714592,12576.4837695956,2313.97932550311,150.305063188076,66.3244264125824,61.2089864015579,478.157287031412,96.2290446162224,700.025540918112,4035.15561941266,1068.40188336372,409.980432122946,3554.82742205262,164.183339983225,844.565204024315,1880.87641489506,8.35694453120232,14428.6005073786,164.349703401327,3205.7987408042,5038.96718207002,8805.84953397512,967.973681688309,187.914674252272,28.9279171824455,1482.37097910047,62.0848027467728,886.72904330492,101.300249367952,25.7574746906757,17.4561157226562,2.18849557638168,1361.42894783616,0,105.040710151196,2.0296311378479,0.700123965740204,0,0,3.28365480899811,2.85961526632309,40.6540089547634,0,1225.57948231697,20.0624587535858,4460.25154453516,4.36012768745422,4.2569568157196,3.50847771763802,6.08949339389801,39.9168724417686,22.2151929736137,0,2.12261915206909,22.442345559597,4.69822978973389,34.6654473245144,400.073180168867,461.934375524521,1456.70031261444,5.89322859048843,6.22851800918579,0,1656.4906154871,9.33849954605103,0,28.5631940364838,73.5795506238937
14.5452496409416,14.6457508206367,12.3125154972076,11004.3002438843,1536.01354914904,14125.7733427882,682.868797749281,5211.31389093399,4047.39365470409,17461.9520498514,948.314238786697,0,326.61251232028,2493.76993510127,4101.94766718149,3.10610142350197,43.9605160951614,145.448685884476,166.096008390188,21249.5229378492,9.9191642999649,31.7412995100021,19.7905430495739,2383.53425675631,13.1189401745796,160.369306087494,189.151355326176,3320.00085112453,907.848394781351,50.260072439909,23.6622232794762,260.012763261795,0,1530.51329308748,2398.30291730165,1884.99330070615,88.6719954907894,917.17922064662,99.7452075779438,4330.7892627418,289.039718300104,14.8617881536484,82.9609007239342,3.67689901590347,11.2524049580097,0.629040956497192,763.715991407633,9.76756700873375,15.1583521068096,0,1.53227651119232,0.587776720523834,700.296993046999,110.955323159695,51.3560308218002,61.2128229141235,49.2575724422932,878.624226570129,142.348767489195,13.8148023486137,2693.04035913944,97.5331588089466,26.2075239419937,409.190216511488,1.51748263835907,1.21830743551254,2.93167620897293,0.812905311584473,883.86830970645,0,7.20843318104744,0,643.173476427794,3.48844763636589,0.916593790054321,2.30417817831039,445.652036070824,14.5227497220039,0,0,20.2427913546562,0,9.15105924010277,483.606036216021
4.44830366969109,1084.73475500941,0,68.2336546480656,51.9199223220348,166.860254734755,123.573799878359,254.538118481636,247.430690705776,418.959727883339,10939.8346824646,326.61251232028,0,448.73592415452,70.7771345674992,14.0588925480843,1.8339855670929,59.3712137937546,7.81447651982307,57.0278144776821,6.16315484046936,412.483106553555,6.99588418006897,213.836885333061,5310.74195739627,379.010078430176,4370.4082442224,301.738559544086,502.881330192089,43.5965493023396,2673.00277161598,418.103957056999,2.18039727210999,2859.96582680941,25.7067700028419,1025.41548293829,3137.86098477244,1540.68290266395,132.257773399353,2577.88369977474,64.8141658902168,3759.99094191194,241.41415733099,1746.77183493972,307.310325503349,42.5856046080589,439.789589107037,23.4040881991386,3586.72332006693,0,343.633079111576,0,31.879830211401,15.7839822173119,6.57897728681564,59.1839520335197,47.0188249051571,80.7416444718838,24.6003954410553,2949.58640801907,90.1817249953747,11424.9514735043,27.6306291818619,55.3299422860146,84.5002942383289,2.2055327296257,34.8808839321136,32.9461889564991,62.6967943906784,22.7820043563843,53.1195669174194,5.96710801124573,166.260741710663,1776.92831301689,475.185975730419,3146.40420725942,242.475196838379,23.4306063055992,0,3045.40116119385,31.3161466121674,0.651519536972046,84.8556824028492,28.1562575101852
15439.8852674663,9.32181093096733,898.179341852665,289.802090406418,52.6190165281296,3256.26824885607,20952.3577650487,53200.277929008,207.073589980602,7340.97596117854,2432.53269407153,2493.76993510127,448.73592415452,0,92.3144997954369,46.8074882924557,4559.86606353521,624.070868015289,1750.83415743709,480.69420877099,2381.73180797696,9.39602339267731,3905.52704587579,683.821910560131,22.1006312966347,1816.1324711144,1752.81569373608,3895.14575314522,20830.2305808067,18805.7117085457,35.4953089654446,195.116243332624,143.901299118996,4107.26833841205,242.755075901747,3296.64086440206,195.187336117029,2653.38920331001,785.554385006428,981.511030644178,197.373021274805,39.6861622929573,50.0930660963058,4.22213292121887,8.37187069654465,3.73317182064056,19.5104848742485,1.77673882246017,15.3969952464104,0,6.38067084550858,5.03772655129433,29.8822926580906,0.9172323346138,1.10688307881355,42.0221139788628,5.18850606679916,73.1086078882217,5.65918424725533,9.60153776407242,101.595999121666,73.9040766358376,2.90845334529877,7.07176449894905,11.6230056881905,6.37010481953621,0,0,44.4731031060219,1.40865296125412,9.05506473779678,0.580639779567719,371.260436147451,10.6113114356995,5.60593169927597,63.8348760008812,155.248405337334,0.90632426738739,0,4.37202113866806,0,0,4.338662981987,22.5327750444412
3.95715469121933,76.9870519042015,8.46989449858665,293.08626267314,5539.37437939644,4215.32462307811,311.326856076717,444.560871392488,4865.52420321107,575.851024806499,28.0212432742119,4101.94766718149,70.7771345674992,92.3144997954369,0,109.154300928116,3.36824798583984,7.15117362141609,10.6472714543343,142.589080393314,268.672409296036,270.382688105106,344.594979584217,1641.94547349215,40.8457980751991,29.79722905159,507.56285533309,934.249185919762,84.9538012742996,343.384380340576,5.72829037904739,54.5749308466911,3.82985311746597,147.166778236628,3145.61431193352,351.444452106953,102.006810247898,95.5236736834049,103.330537348986,4889.48175534606,453.769650995731,2.08410215377808,114.701346844435,17.6515583395958,27.7077030539513,40.5795457363129,301.580021291971,4.64284038543701,0,0,2.3170490860939,5.26399797201157,165.842714577913,41.2800597250462,8.01929041743279,50.4087767899036,6.33689117431641,289.685150027275,35.16575974226,0,225.834009736776,43.6990883946419,1.9519747197628,113.007973194122,54.1065091192722,2.02757686376572,3.69216758012772,0.95442920923233,143.363170892,40.8115138113499,13.0476107001305,63.9334104657173,345.401750564575,1.34591352939606,1.52440148591995,46.0752977728844,227.192126244307,2.77375730872154,10.338286370039,0,4.08129689097404,0,9.56654089689255,2606.03913065791
1.59094390273094,298.01967176795,432.232933610678,0.573068618774414,1.73815321922302,0.8784459233284,35.9599850475788,17.4291817545891,89.174773812294,0.515440225601196,30.2382487952709,3.10610142350197,14.0588925480843,46.8074882924557,109.154300928116,0,227.063215702772,26.7314988076687,116.993545055389,0,12465.9965522587,6150.38301590085,13712.5763989389,7621.1312392056,69.7162576913834,482.666455835104,12652.3105220497,5415.12765654922,29.29491558671,98.3634842634201,4.13731849193573,4.60126614570618,2.77933946251869,904.661510199308,2343.90870726109,10552.9308445752,2418.55809181929,3272.44612520933,2990.38089093566,64.575552791357,7.86592274904251,4.15875113010406,3978.05319526792,613.281095534563,441.346319615841,540.138604611158,91.5204406678677,20.3089960217476,0.793782532215118,0,62.0562053024769,127.724708646536,1.11899554729462,0,0.877926528453827,178.595556110144,5.5343254506588,13.4792608320713,1.64469009637833,6.05004623532295,2.88218057155609,21.8978919386864,7.45677584409714,39.0631363987923,11285.3685337901,81.7732917070389,0.989865362644196,17.0418558418751,1.52939474582672,870.428882777691,2458.17319393158,4123.27933841944,2642.45357349515,0,43.1947886049747,4300.93338397145,1785.22679013014,4.36228981614113,35.8045170009136,0,0.676895499229431,2.32404398918152,71.2484433352947,816.837420344353
534.638280212879,53.1291885077953,17259.9475909173,8.76443415880203,0.604810178279877,95.421529084444,1136.98352959752,3186.55610826612,4.88649013638496,115.772321820259,403.444996714592,43.9605160951614,1.8339855670929,4559.86606353521,3.36824798583984,227.063215702772,0,1589.8105815053,16038.4838821888,7.66797390580177,5023.50911036134,17.6614684760571,24257.1158445776,180.05682516098,3.10415875911713,9568.9395262599,20218.4628193974,1369.08580875397,2940.92084625363,5579.96047288179,0,55.553634762764,140.753125280142,13300.7374320626,120.487556993961,1576.4733068049,578.418677359819,3914.57574346662,1276.88985574245,44.2219484448433,30.6571937203407,1.14557766914368,258.578329414129,24.7578610181808,89.6531521677971,139.59953686595,1.6970349252224,0.875848829746246,1.19954907894135,0.842662394046783,53.6215963959694,77.1889397799969,0,0,0,2.45418485999107,0.382325649261475,1.23234048485756,0,0.997518718242645,0,1.58485758304596,0,2.86478453874588,11.8774048686028,465.622490942478,5.32277315855026,64.9159877598286,0,5.95922175049782,21.3420403599739,54.9941277801991,5.60165309906006,3.54899835586548,238.690823346376,1167.55260562897,2.88842815160751,0,1.88336741924286,3.21297907829285,0,0,24.3296865522861,91.6823561191559
17.5381812751293,18.2809449136257,88.1319698691368,14.2933913171291,4.69345337152481,53.5375222563744,129.889755129814,206.236173212528,22.3229266405106,204.263127475977,12576.4837695956,145.448685884476,59.3712137937546,624.070868015289,7.15117362141609,26.7314988076687,1589.8105815053,0,5767.26702964306,31.9123997092247,84.8150369822979,3.93683815002441,350.107687592506,22.15968516469,12.6209489703178,2877.98051393032,1525.59000194073,86.0500976890326,903.20589491725,96.4330140948296,157.363264024258,214.526822835207,11.0987006425858,3366.10948932171,306.977237731218,4761.31175547838,6896.59243100882,8000.43656942248,1638.2171086669,35.3687902390957,9.07574367523193,28.5152732133865,94.2256970107555,64.7926438748837,36.3456750810146,23.0308033227921,0,1.98158168792725,17.3084936738014,0,11.1043068468571,0,0,0,0,0,0,0,0,77.4963889122009,2.77568092942238,217.286436796188,1.34240734577179,1.51667368412018,0,22.0324385166168,93.8424651622772,20.9421055316925,0,0,4.52914619445801,0,0,53.7886741161346,507.769836634398,672.899648964405,0,0,0,391.833597570658,0,0,5.95336928963661,203.97748196125
106.196032613516,41.5411967337132,824.121509194374,15.9035490751266,3.64395874738693,69.8546523451805,400.252268761396,930.052864789963,25.0345194637775,258.057380527258,2313.97932550311,166.096008390188,7.81447651982307,1750.83415743709,10.6472714543343,116.993545055389,16038.4838821888,5767.26702964306,0,20.1453143358231,738.975581079721,18.2869827747345,2939.47478818893,54.9578131139278,15.7507751882076,14407.1217710674,5085.97542974353,314.495578110218,1713.97907361388,858.154998332262,18.028041601181,172.314030826092,56.9066545963287,8340.79030945897,237.289081513882,4327.33197584748,2793.33147326112,7759.16143968701,2186.07317817211,34.2753872573376,12.0645972192287,0.925598382949829,173.518105000257,22.2657461762428,78.1592818498611,56.0559301674366,0,1.27289420366287,1.18909573554993,0,33.1325432956219,17.4352748990059,0,2.23825454711914,1.40068483352661,0,0,4.40221124887466,0,22.0423257350922,2.5289443731308,35.1644545197487,0,4.90582132339478,2.40668204426765,188.043951332569,65.39830031991,43.2551903128624,0,0,13.2367363274097,16.944943100214,1.11536467075348,33.9864195585251,530.458634972572,796.199732244015,0,0,0,111.150831371546,0,0,12.5283022224903,169.580200791359
2.70027208328247,0,7.59734827280045,32071.6874795258,76.1384626030922,543.897191762924,119.148976057768,583.572244256735,476.832396656275,8553.36922292411,150.305063188076,21249.5229378492,57.0278144776821,480.69420877099,142.589080393314,0,7.66797390580177,31.9123997092247,20.1453143358231,0,1.59451577067375,1.26321423053741,3.90409681200981,1062.06008350849,1.09319028258324,20.3357961177826,15.1910793483257,4274.18335530162,214.620164364576,14.4966275393963,2.54816710948944,36.2702412605286,0.596959412097931,319.969467163086,25.8639505803585,698.375039309263,20.4027190208435,214.608068317175,26.0183681547642,383.828511983156,81.9128214120865,0.442749917507172,19.1676159501076,0.475479662418365,8.10469704866409,0,103.110813170671,4.03082495927811,2.54332768917084,0,0,0,417.382573097944,16.7377343773842,6.14019623398781,75.649241566658,11.9073768258095,163.582198113203,66.4557721316814,0.964413583278656,587.037980139256,19.4740273654461,0.979043424129486,39.7635905146599,0.515341937541962,0,0,0,279.498389482498,0,0.551812350749969,0,317.581951290369,0,0,0,339.886083781719,2.38524356484413,0,0,2.20803606510162,0,7.72941216826439,1.38664793968201
178.776970028877,5.76662659645081,3996.1184386611,6.57627350091934,5.73921412229538,69.625280559063,2586.48607853055,1740.14699336886,14.5020815134048,79.9353069067001,66.3244264125824,9.9191642999649,6.16315484046936,2381.73180797696,268.672409296036,12465.9965522587,5023.50911036134,84.8150369822979,738.975581079721,1.59451577067375,0,148.412616461515,66732.7079959214,391.515375643969,0,1879.11187961698,4546.17286321521,25146.2571145594,3556.3055845201,37101.0781523883,0.599448025226593,8.35895994305611,1251.38829964399,15527.9653839469,2802.49263110757,6851.4934347868,778.221015661955,13402.3894204199,5854.0918058455,134.853247672319,42.3457117080688,1.16731250286102,774.529222041368,54.4099895060062,88.4507883489132,104.090005218983,18.1750075221062,11.2756139039993,0.433639258146286,0,11.0983464121819,26.9129475653172,2.91230237483978,1.8351292014122,0,31.3575635552406,0,5.07049533724785,0.71972244977951,1.52497041225433,3.81329864263535,3.20400503277779,0,26.0843475461006,890.314815878868,29.3931331932545,0,0.917202264070511,2.67449629306793,104.445808976889,235.067741394043,233.365444242954,566.322732597589,0,5.73940414190292,732.291782855988,391.401860028505,4.30265256762505,1.72860836982727,0,0,1.49297946691513,14.6714671552181,509.599126279354
0,3847.22541767359,34.2567155957222,4.46377557516098,57.3029170632362,7.41493391990662,15.3552095890045,3.51731979846954,7238.82538294792,1.97810274362564,61.2089864015579,31.7412995100021,412.483106553555,9.39602339267731,270.382688105106,6150.38301590085,17.6614684760571,3.93683815002441,18.2869827747345,1.26321423053741,148.412616461515,0,241.268981933594,14575.6144779027,1531.58839637041,266.093628138304,13293.0093146563,522.941157013178,8.32728046178818,4.5917581319809,156.831146597862,2.04659432172775,1.05536216497421,60.5562768578529,80.4797438383102,362.453366667032,137.838359504938,109.193703591824,79.3304080367088,147.489216983318,4.3910790681839,37.6285414099693,1607.42764693499,217.018379628658,187.954527020454,233.269575178623,59.5408644080162,6.70599809288979,8.98186838626862,0,302.509509533644,89.2938342392445,2.10352140665054,0,0.557214260101318,77.8650165200233,4.17552983760834,82.0130234360695,3.32980099320412,8.01538234949112,1.97317314147949,68.8793482780457,3.26237314939499,18.5333237051964,3976.137704283,46.9961844980717,5.63944733142853,20.3312530517578,0.893806993961334,285.241460949183,2198.50026315451,1411.12153893709,1335.82139992714,28.1970392465591,89.1094972193241,3132.70674094558,771.623152911663,3.98580756783485,24.0245800614357,12.7749953269958,0,0.57308566570282,35.7769794762135,181.430497169495
445.566916257143,16.6528877913952,34940.7674817443,2.62241089344025,2.40793737769127,95.1955116689205,2488.58544152975,2955.26387232542,9.01139223575592,69.6837290227413,478.157287031412,19.7905430495739,6.99588418006897,3905.52704587579,344.594979584217,13712.5763989389,24257.1158445776,350.107687592506,2939.47478818893,3.90409681200981,66732.7079959214,241.268981933594,0,1655.62294244766,1.23590314388275,10411.7167721987,55758.9097747803,15296.2916603684,2959.13043922186,12458.3475812972,1.40112721920013,26.1157827377319,443.966120660305,19169.2760567367,6838.08362513781,22436.4223821163,2960.43578848243,24295.3188022375,15585.0570993423,241.013810902834,61.2301957607269,7.28159314393997,2652.71357646585,238.408096343279,541.589628219604,643.842958748341,57.5326525270939,13.1157085001469,0,0,84.7830415666103,339.296368449926,0,2.33988744020462,4.01423525810242,42.4895061552525,0.961471199989319,0.75761866569519,0,4.83496695756912,2.05187970399857,18.8492701947689,0.880182981491089,71.381679058075,2548.5016079545,169.999671012163,1.04398787021637,28.2060965895653,0,196.752477288246,883.237125396729,1666.38053461909,451.199699819088,3.20334827899933,82.7562274038792,6829.26406273246,363.852073192596,1.47034895420074,13.5260924398899,0,0,0,68.1665084660053,2359.90150725842
19.5905637443066,1485.05884855986,406.552616506815,4814.5401172787,386.818029850721,398.048442304134,1894.89687985182,430.698386967182,48116.3976841867,2273.02162945271,96.2290446162224,2383.53425675631,213.836885333061,683.821910560131,1641.94547349215,7621.1312392056,180.05682516098,22.15968516469,54.9578131139278,1062.06008350849,391.515375643969,14575.6144779027,1655.62294244766,0,542.61453846097,551.259353876114,5483.72412550449,14233.7055779696,1999.75507295132,517.315651327372,51.2264103591442,51.4187120199203,467.930941432714,1548.63484764099,2015.13858312368,7727.07259628177,1204.29644599557,1956.59707465768,1411.31094202399,1260.52229329944,180.923703759909,21.471785068512,7090.95381724834,258.361193776131,1531.96420377493,602.040796279907,1038.2899106741,931.36881262064,8.79248642921448,3.73087105154991,66.2687326073647,46.1748265624046,2261.25181728601,108.795644015074,159.991306185722,3189.03702965379,602.282504379749,6068.39112234116,1283.21201905608,38.3973515033722,1870.77457311749,634.27353516221,182.021910130978,489.270462453365,5006.64319863915,44.3396847248077,0.657777667045593,6.73637479543686,2745.47157436609,645.099237859249,2906.68943795562,633.420580744743,23302.0107093453,13.3238189220428,32.9983480870724,892.004784673452,13919.3024490476,569.481646716595,30.6912735104561,0.511595547199249,45.1335615217686,66.0871062874794,1004.40160366893,650.192868113518
0,2835.28778123856,0,0.801798075437546,10.3753272294998,7.10134452581406,2.11690586805344,9.95930421352386,1027.39281281829,16.5879177451134,700.025540918112,13.1189401745796,5310.74195739627,22.1006312966347,40.8457980751991,69.7162576913834,3.10415875911713,12.6209489703178,15.7507751882076,1.09319028258324,0,1531.58839637041,1.23590314388275,542.61453846097,0,420.224336177111,11723.4674586952,24.558903247118,16.0229944586754,4.11603832244873,376.711118340492,21.0201041698456,0,376.42537355423,4.03517174720764,76.4515146613121,151.607595264912,165.230536520481,17.5103744864464,31.0807440280914,0.975958108901978,1360.91868853569,82.4977385401726,104.530580699444,71.5810989141464,46.8113893270493,5.03264456987381,4.5092910528183,287.015519410372,0,346.595986425877,1.6158994436264,0,0,0,1.14562726020813,0,18.7214304506779,1.31051802635193,363.298188149929,1.08810234069824,2208.53075307608,4.52220886945724,3.62831175327301,9.52535974979401,13.8178246021271,36.1484980583191,19.7954179942608,5.26607745885849,4.05633959174156,16.9470846354961,2.62843531370163,12.2609923779964,2453.06332576275,374.531234145164,2504.9623606801,4.31014168262482,5.09207344055176,0.876374959945679,699.666132986546,4.18182820081711,0,21.4390132427216,2.33501750230789
141.512269079685,662.723731905222,20726.515647918,21.2731827795506,5.74308022856712,106.139997124672,2412.92065057158,1510.69096618891,285.108251214027,217.86630833149,4035.15561941266,160.369306087494,379.010078430176,1816.1324711144,29.79722905159,482.666455835104,9568.9395262599,2877.98051393032,14407.1217710674,20.3357961177826,1879.11187961698,266.093628138304,10411.7167721987,551.259353876114,420.224336177111,0,71755.0299760699,2007.32710045576,1153.79617679119,1967.19386103749,1355.03043594956,175.099918365479,30.7059718966484,4529.58709138632,615.273286312819,11622.3843248188,16187.4016541839,9043.42493236065,4504.75333210826,62.2761396765709,34.1466245949268,124.046165794134,2300.68247449398,988.728827118874,1481.26830866933,1220.76085323095,9.5253221988678,12.5568189918995,205.262945204973,3.09029492735863,825.414061248302,182.683856666088,0.446626782417297,1.99559128284454,0,21.2258628308773,5.4779557287693,28.647009819746,0,1116.81704765558,1.22389417886734,3208.221129179,17.7176693379879,11.1159266829491,55.4421440064907,3840.97032129765,1420.70693588257,2153.31773167849,0,40.0398492217064,177.312608927488,166.370055049658,21.3795230388641,2154.72270783782,13594.9110651612,23842.0701169372,8.76412263512611,15.2885428667068,48.0141228735447,4818.70630303025,7.51522326469421,0.743915319442749,247.094075083733,543.664227962494
93.6540446281433,18106.2251413763,29577.0230194032,10.1449871361256,45.7367182970047,83.0088299810886,1001.89181995392,992.805377423763,5099.56793025136,105.768135100603,1068.40188336372,189.151355326176,4370.4082442224,1752.81569373608,507.56285533309,12652.3105220497,20218.4628193974,1525.59000194073,5085.97542974353,15.1910793483257,4546.17286321521,13293.0093146563,55758.9097747803,5483.72412550449,11723.4674586952,71755.0299760699,0,4435.63674524426,1895.46000781655,1375.29418906569,3881.49723565578,177.62843605876,35.6569854617119,16516.9638839364,3575.65972292423,36598.8404999971,9940.31812405586,26157.3310878873,19614.2252369821,501.290780156851,103.982865869999,284.655747056007,11810.8216278851,1525.3768401742,4264.80500534177,4862.76162055135,181.189410746098,45.4461752176285,249.052158653736,17.3099559545517,7001.23162358999,4632.06674095988,1.15276622772217,11.2445659637451,2.23726671934128,274.024735182524,5.00886023044586,114.501951932907,1.30316078662872,540.254780113697,3.12003326416016,2473.60240903497,31.8715171813965,129.991895496845,2914.65103295445,9990.44167760015,1046.99691420794,3438.05873733759,3.12975746393204,623.362591356039,4927.61512708664,7059.42445334792,476.156965643167,4233.46731296182,15594.0205771029,82817.0460905433,579.692665874958,41.0750651061535,248.301973104477,3129.75464990735,5.44398334622383,1.4033006131649,691.375058054924,3435.13795357943
120.932489037514,59.767173320055,3502.84762874246,14817.6682181954,230.463273435831,3130.37085333467,48361.6201812625,3547.75312566757,7871.28941610456,18728.3076873422,409.980432122946,3320.00085112453,301.738559544086,3895.14575314522,934.249185919762,5415.12765654922,1369.08580875397,86.0500976890326,314.495578110218,4274.18335530162,25146.2571145594,522.941157013178,15296.2916603684,14233.7055779696,24.558903247118,2007.32710045576,4435.63674524426,0,7542.15502992272,45799.5672018528,7.45692130923271,174.113516360521,1978.93325012922,7341.78133897483,4222.85257574916,13827.324780494,1379.3430429399,8217.7758706212,4452.31315496564,1482.93053495884,616.182630062103,19.9465613663197,4749.7051820457,109.528857707977,1113.89808368683,439.38868534565,1061.83554080129,685.640769451857,10.444175362587,1.91711992025375,16.3947876691818,51.3973600268364,2825.12090185285,64.7976802587509,103.930570870638,2813.55340775847,482.673395812511,3267.85664469004,1324.23922815919,10.9414922893047,2189.07060226798,489.088973730803,92.5181457698345,441.199548751116,1972.28842180967,31.9912034273148,0,2.27133134007454,3184.5817232728,336.072609871626,609.247527182102,323.431792318821,14017.7018143237,0,10.520179361105,971.788094818592,11771.5729337931,339.504717022181,15.3779258430004,0,4.309026658535,26.7474327087402,698.719816803932,609.268928200006
8042.2153262496,10.9907887876034,216.030842572451,157.451282709837,13.344269990921,544.957127690315,4855.03936737776,3698.37931460142,163.277415782213,2584.20276719332,3554.82742205262,907.848394781351,502.881330192089,20830.2305808067,84.9538012742996,29.29491558671,2940.92084625363,903.20589491725,1713.97907361388,214.620164364576,3556.3055845201,8.32728046178818,2959.13043922186,1999.75507295132,16.0229944586754,1153.79617679119,1895.46000781655,7542.15502992272,0,24174.7065724432,48.4960349202156,663.543347597122,10700.9646249712,10847.538987726,297.671659201384,1744.58802264929,152.539886772633,3737.17324262857,787.531758666039,336.510282337666,153.683767050505,16.4423583745956,157.679541885853,11.899929702282,49.7585328519344,12.7285463213921,15.0552466213703,10.4934700131416,11.4526633322239,0.644566595554352,9.38734859228134,2.68779057264328,11.6892144680023,0,0.980130791664124,81.2650851905346,1.39628267288208,40.6125173568726,3.81019258499146,9.02346533536911,68.6470278799534,73.5074497163296,3.19852793216705,8.58128017187119,25.7644446790218,7.67075428366661,0.608292162418365,1.01966953277588,18.4321944117546,4.13089379668236,13.7467162907124,2.94798684120178,502.38448870182,5.19257891178131,11.4581561088562,63.4415695369244,280.366938143969,5.33325916528702,2.17474567890167,3.41404014825821,0,1.65390413999557,26.0447921156883,64.8557047247887
4675.5213496685,1.94953367114067,1886.28804430366,15.6058304905891,24.2741125822067,280.48579415679,18571.2085294724,8736.4624132514,47.9957263767719,252.790590196848,164.183339983225,50.260072439909,43.5965493023396,18805.7117085457,343.384380340576,98.3634842634201,5579.96047288179,96.4330140948296,858.154998332262,14.4966275393963,37101.0781523883,4.5917581319809,12458.3475812972,517.315651327372,4.11603832244873,1967.19386103749,1375.29418906569,45799.5672018528,24174.7065724432,0,3.16133096814156,52.2232859134674,4140.26721924543,8078.38129249215,2197.33763191104,5739.08436116576,150.311547130346,5754.27872416377,2622.67405694723,448.520766198635,201.321074515581,3.12799847126007,454.552500069141,2.67841777205467,142.007347911596,49.9062149822712,36.0451169610023,61.3833997249603,3.8866474032402,0,2.46632519364357,17.1169894635677,17.421462893486,1.23061764240265,2.57215508818626,152.565764844418,23.7386509776115,32.5651409626007,15.3859905004501,0,40.2296895086765,55.4101053774357,9.56345629692078,40.4066333174706,76.7233022153378,5.90991869568825,0,0.345358669757843,32.1984291374683,8.37092977762222,18.6981889009476,12.9187506735325,599.431328445673,0,2.57136151194572,95.5363710224628,535.542514353991,23.2707444727421,0,0,0,5.60972684621811,80.6796017885208,314.423419743776
0,159.596089243889,0,0.690071761608124,2.80256849527359,3.656554043293,4.29669809341431,12.6916830837727,100.795521557331,11.7779729962349,844.565204024315,23.6622232794762,2673.00277161598,35.4953089654446,5.72829037904739,4.13731849193573,0,157.363264024258,18.028041601181,2.54816710948944,0.599448025226593,156.831146597862,1.40112721920013,51.2264103591442,376.711118340492,1355.03043594956,3881.49723565578,7.45692130923271,48.4960349202156,3.16133096814156,0,28.0352071523666,0,134.977827042341,6.03716826438904,170.823757946491,630.897316902876,231.114068716764,50.8003516793251,9.92054972052574,0.52401328086853,82.5870010852814,46.5192376673222,414.446819812059,108.653449684381,40.820433139801,0.481431126594543,0,262.940253466368,0,51.1962622106075,0.623181521892548,0,0,0,0,1.25358176231384,2.62321048974991,0,603.77772256732,0.473854571580887,2356.9340493381,4.00846683979034,0,0.464914888143539,0.731798768043518,167.142755657434,37.771626830101,0,0,6.91498365998268,0.358410328626633,0,512.423676401377,1332.86938241124,3308.16241931915,0,3.99091857671738,0,2320.1707701385,3.36709827184677,0,20.0308100581169,4.88007941842079
