0,0,179.628798276186,3.78627091646194,0,85.0407526493073,4498.23564115167,1362.78334248066,6.40726751089096,71.4602311551571,36.8596301674843,17.4093716144562,0,11792.7254205346,10.6889206767082,2.29846721887589,628.607686191797,25.3981274962425,135.421959489584,5.86785703897476,365.112574130297,0,889.683902740479,75.7089813351631,0,394.362199991941,70.0263622999191,188.54854953289,2922.77678009868,10584.5656278133,0.995221972465515,16.1524421572685,119.65481543541,608.124106913805,34.7572861015797,153.584786534309,19.8094110190868,423.75679269433,74.1954124867916,51.1158528029919,45.1857234537601,7.09429496526718,21.4856715500355,3.18100535869598,4.35470885038376,1.23769462108612,7.17820107936859,0,0,0,0,0,0.398710042238235,0,0,2.18828654289246,1.02528917789459,3.16858386993408,0,0,0,0,0,1.45757031440735,11.2169246673584,0,0,0,0,2.37015247344971,1.26157534122467,0.518143177032471,19.473685324192,0,3.57947778701782,3.57248216867447,12.9052303135395,3.14870744943619,0,0,0,0,7.68263971805573,13.3438004851341
0,0,3.92213359475136,0,3.73589944839478,3.0201290845871,0.843268275260925,1.93148285150528,958.090693324804,0,475.458182513714,4.13064187765121,3336.17789822817,1.86691826581955,42.0394120514393,2202.64959657192,54.5774272680283,0.652980208396912,27.0441128611565,0.560373902320862,44.6652296483517,3228.28049334884,114.235175669193,1733.65604174137,4346.89910683036,177.24640083313,17018.2707484663,31.0717653334141,3.35573333501816,0.351420760154724,102.090562939644,0,0,51.7147224545479,9.70291551947594,62.4268060922623,64.3240554630756,37.9313257038593,22.8759698271751,14.577236443758,7.33350116014481,76.9808123111725,168.085882753134,115.529008150101,75.8998483717442,50.1949766278267,3.67516556382179,2.4816700220108,83.6075531840324,0,2282.01810908318,66.4805710315704,0,0,0.438412338495255,2.45192241668701,0,16.9411277770996,1.95734935998917,205.020467549562,0.817472577095032,271.100226640701,1.73071068525314,0.455403864383698,89.6972889602184,97.3082306981087,9.22663575410843,63.0068065822124,0,13.2758680582047,86.3345521092415,23.9339983761311,56.4747475385666,139.79895067215,299.965662807226,7129.43326500058,20.3525198101997,5.32457157969475,3.00234198570251,24.7731036841869,0,0,67.358273088932,8.26696330308914
179.628798276186,3.92213359475136,0,0.654512703418732,4.56893706321716,42.5227967500687,616.83752605319,453.027451813221,4.86934041976929,17.5847733914852,159.584751367569,12.9106142520905,3.75728541612625,791.23373913765,19.3363721966743,183.589556187391,20653.2700460553,153.253394663334,1299.53123664856,3.66208043694496,4513.94221395254,3.30248719453812,39293.3174447715,85.5310355424881,0,53526.5197353065,15213.8978044391,1510.43114978075,330.408356487751,725.792994320393,0,6.9709694981575,9.18384444713593,1957.61562776566,359.823602706194,5646.7533031106,4435.15537244081,2194.25432607532,2903.50844544172,153.262536525726,65.769490301609,15.7117152810097,969.741190165281,620.648863434792,477.559520065784,352.105524301529,20.4644240140915,5.2625840306282,0,0,66.0876200199127,738.757567703724,0,0,0.432590842247009,5.19166606664658,0.668397009372711,18.7349238395691,0,34.4971693754196,0,1.48673272132874,8.21857199072838,4.50450229644775,161.144528925419,591.462192744017,63.0898839235306,292.705088436604,0,36.2123914062977,97.6889716982841,313.17755022645,14.8577281832695,7.6324422955513,772.206912994385,12139.5038531125,39.8334372341633,8.86991772055626,11.1316941380501,1.21907562017441,0,1.24677821993828,191.844989180565,178.547220110893
3.78627091646194,0,0.654512703418732,0,40.9537208974361,672.949982792139,71.2524655163288,299.777611285448,1680.1557200253,8354.68020153046,57.5152157247066,7410.88668784499,2.61115542054176,210.09114202857,406.984492957592,0,1.55866491794586,16.8172231018543,11.8341647684574,27624.2418029308,0.731531858444214,7.52867299318314,0,1562.81849333644,0.726461410522461,23.1338895857334,9.95217055082321,6747.44971102476,203.043558657169,20.0462798178196,0.773430109024048,29.1465322077274,3.24833303689957,159.964402705431,65.2931480705738,397.584496200085,20.5757800340652,110.549572378397,27.424513220787,581.248217821121,78.7310908138752,35.9459626078606,148.60883000493,1.15016114711761,60.0183332562447,7.08423173427582,704.962872087955,37.765851020813,0,0,2.08101499080658,0,837.251138538122,21.2937068939209,123.977479964495,48.358865737915,95.0063808262348,425.779764771461,806.409255504608,0,266.892420053482,0,37.7539426088333,405.761907041073,8.31874781847,0,0,0,196.712464541197,2.61521035432816,3.88227826356888,0,703.473524898291,0,0,3.33557957410812,876.156733036041,71.1753053665161,0,0,0,2.52994191646576,118.889656335115,7.72935855388641
0,3.73589944839478,4.56893706321716,40.9537208974361,0,947.175476640463,7.68562382459641,65.7461165487766,286.0270408988,86.7740513980389,11.7943927645683,333.366657614708,0,34.3917876183987,2302.85116302967,17.033563375473,1.17788517475128,4.8878920674324,8.60088315606117,31.4900097548962,14.4443674981594,14.3292399048805,38.7428650856018,171.373985171318,0.678257465362549,10.8269888758659,44.9217413067818,102.659913122654,18.7118120789528,4.43384444713593,0,1547.33284854889,0,179.014368623495,1420.99465966225,189.346242070198,40.9849460422993,25.9951685667038,68.7791125774384,13491.7112648785,886.887420862913,24.9169480204582,36.1931585669518,5.92751586437225,10.954105257988,22.9821438789368,119.891632854939,0,0,0,0,0,16.7763025462627,7.43094629049301,19.9535008966923,1.5466331243515,12.4244174361229,14.893092751503,50.7239876389503,0,24.2606044411659,0,0,70.1033191084862,14.2127109766006,0,1.45813167095184,1.2008228302002,8.27275484800339,2.7386868596077,1.91615569591522,11.3128801584244,23.0924134552479,0,3.13836061954498,12.2956794500351,39.7785187363625,3.52334523200989,0,0.937763214111328,0,0,44.2602798342705,1194.22504967451
85.0407526493073,3.0201290845871,42.5227967500687,672.949982792139,947.175476640463,0,4129.77364397049,13268.5699596405,323.96497040987,24685.8050883114,824.354636579752,10249.9771240056,27.6004498898983,1761.08734884858,4458.74406677485,2.81451451778412,35.1745191216469,194.106703490019,112.056625187397,776.054332882166,70.9107785522938,0.71577113866806,187.504842549562,235.197692453861,4.03773906826973,392.080099761486,241.236737012863,4017.70424181223,601.209231644869,536.288952559233,18.8750120699406,359.360952347517,1.56928634643555,545.498992174864,5408.63799515367,2198.67392644286,237.271044880152,612.071476072073,190.6211181283,6695.56871899962,3994.91203552485,336.54555618763,390.688691467047,12.7056820392609,132.186262965202,20.9513899683952,1121.55674552917,50.2768014371395,1.71268320083618,0,3.55439019203186,0,219.498171359301,38.7186050415039,105.866473227739,81.6923726201057,96.1608977615833,238.923876911402,394.329482018948,4.91526335477829,241.6982216537,4.96561932563782,34.3250786066055,480.476582944393,12.6258676052094,1.91763931512833,0,0,116.482173830271,4.17522239685059,0.463840395212173,1.84529256820679,840.944173038006,0,17.4767985343933,37.6289310753345,750.570921480656,102.890912681818,0,0.400292873382568,0.864257514476776,6.84045541286469,416.457458078861,256.5875467062
4498.23564115167,0.843268275260925,616.83752605319,71.2524655163288,7.68562382459641,4129.77364397049,0,21651.0827942789,276.360529750586,18969.7989068627,657.332836806774,558.948757618666,22.9817685186863,45009.2397180498,379.103488683701,2.03592827916145,68.880224853754,182.903305828571,165.854407399893,134.621314644814,608.92425429821,1.3203033208847,1130.75113525987,2860.47468104959,0.471441090106964,493.491183996201,411.717363655567,75430.8221826851,4965.46604081988,6765.6700874567,14.1959348917007,210.824376404285,172.558703154325,2142.9071392417,574.018228083849,3559.23312747478,296.495994746685,1872.49023255706,587.739987283945,1578.14010211825,1023.00976991653,189.722416579723,143.646659493446,4.46864497661591,55.8556690216064,11.3283692598343,178.473500907421,28.2361019849777,0.522221505641937,0,3.29995745420456,0.468726933002472,49.2748586535454,2.83739161491394,14.9742085337639,20.370103597641,35.3130911290646,93.8744682371616,80.1902810633183,0.921322196722031,19.0642184317112,1.80785247683525,16.8427594006062,32.2658032774925,21.2621553838253,0,0,0,10.5015633702278,3.99282574653625,4.91679573059082,10.1514332294464,427.138482511044,0,0,57.457457870245,333.527392625809,36.6236976385117,0.906592100858688,0,0,4.24590766429901,127.197649687529,91.2136009335518
1362.78334248066,1.93148285150528,453.027451813221,299.777611285448,65.7461165487766,13268.5699596405,21651.0827942789,0,307.119058042765,16495.2430157214,1020.21237933636,4640.22984677553,38.5333263874054,16005.7070133388,795.562359422445,4.55535674095154,487.199622482061,195.521813541651,211.163363814354,892.685218989849,927.424080789089,1.10374411940575,2170.90958368778,346.874547451735,5.57332879304886,724.642056524754,184.060258001089,4131.29485633969,1273.9577536881,6452.96255493164,14.2898346483707,264.206637859344,43.3458528518677,1132.94383350015,341.198128014803,1760.03112930059,207.650141119957,1203.44258093834,512.585377544165,1405.28397810459,690.260759264231,275.700933992863,485.204144358635,4.73746943473816,189.769535154104,19.0148178935051,945.68941795826,71.8080249428749,3.98875963687897,0,0,1.05275249481201,195.162199378014,8.18085581064224,29.0546804070473,85.1726671755314,72.4745279550552,188.224544793367,237.897647619247,7.45946258306503,117.985277324915,2.57161897420883,23.8333250880241,265.623173773289,30.5507904589176,0.955297291278839,0,1.31145799160004,79.096092402935,4.74315240979195,0,4.94181114435196,1477.08554762602,3.69889235496521,3.56022706627846,26.1727721393108,1029.05522221327,48.6028074622154,0,0,0,18.7911291122437,435.442779630423,36.3833781480789
6.40726751089096,958.090693324804,4.86934041976929,1680.1557200253,286.0270408988,323.96497040987,276.360529750586,307.119058042765,0,2540.13821053505,86.9121367037296,1487.09010714293,556.162248045206,196.588059514761,4347.65177613497,164.69775891304,6.43762451410294,13.2895882129669,7.0748702287674,425.161660701036,14.4403673708439,9209.9962143898,31.1242317557335,44977.7331320941,742.924826979637,65.814560174942,1756.29597729445,7360.53464239836,232.652882814407,84.8407247960567,52.1465737819672,24.6703735291958,31.6103113293648,185.920544922352,111.986261606216,785.815739542246,29.0780844688416,175.180959492922,49.65002566576,1403.45277756453,151.222620993853,41.4575086534023,1057.63277930021,58.3195797204971,294.468778431416,91.8551291525364,619.970202893019,126.131194770336,2.64331668615341,9.43056505918503,1.91771006584167,7.91977095603943,913.6403208673,17.6715178489685,163.76696407795,136.519088923931,239.467664808035,6018.70886355639,1568.86664628983,28.284488171339,257.17180532217,11.1986792087555,215.754823297262,263.166510373354,1460.48974275589,2.60662850737572,25.6020893752575,10.0692272782326,289.234059125185,101.703409463167,1344.08187323809,84.6105700731277,6170.59856981039,2.99420088529587,61.7918446063995,105.299816668034,3588.52130040526,478.404670000076,58.3146549463272,3.17073637247086,5.11131244897842,30.1689756214619,287.663981825113,248.503118693829
71.4602311551571,0,17.5847733914852,8354.68020153046,86.7740513980389,24685.8050883114,18969.7989068627,16495.2430157214,2540.13821053505,0,960.194693565369,6216.31083595753,32.1529434621334,5201.6253451705,1060.41807466745,4.15443921089172,3.47178000211716,260.974334061146,184.24321603775,6981.91083100438,14.398716032505,8.20251956582069,23.1521860063076,643.163597166538,2.08746680617332,560.614067107439,219.787512868643,11948.2436134815,1987.98720824718,293.875236064196,8.27908560633659,268.623329609632,1.09865862131119,1717.46444940567,2559.64198419452,4189.86087664962,257.923097401857,1140.33508431911,184.522833436728,4019.24507248402,723.270146042109,391.466792076826,683.359938770533,10.7698207497597,280.239768713713,40.7768466174603,2972.04735052586,156.311565041542,0.379131257534027,2.06474578380585,2.74313473701477,0,1591.26373398304,75.4774671196938,350.092674314976,213.649464011192,291.145042657852,1117.04388138652,2469.89926728606,0,1077.99175527692,0.509695112705231,84.9432102739811,1486.80077269673,35.8707667291164,0,0,0,622.734381347895,21.3230500519276,4.05477851629257,10.046948492527,2686.1762188971,1.24221861362457,1.60328024625778,5.45223543047905,3433.96698004007,112.734869778156,1.62087818980217,0,0,3.9373055100441,859.730302751064,242.848761439323
36.8596301674843,475.458182513714,159.584751367569,57.5152157247066,11.7943927645683,824.354636579752,657.332836806774,1020.21237933636,86.9121367037296,960.194693565369,0,672.770566940308,3427.35930097103,1375.49739030004,209.552203327417,94.4568838775158,74.1319943964481,11070.7542183995,2217.17638319731,155.679686039686,223.048062562943,45.5267499089241,596.243098348379,194.845938444138,902.094478219748,3838.95888036489,1696.05122116208,715.519478708506,3193.89952221513,375.177087962627,209.21370318532,887.211140304804,4.6483565568924,7436.37310305238,376.591093748808,3648.44227766991,7714.84119406343,8605.74295765162,1735.02612829208,776.314161032438,933.964382708073,5231.03157138824,38.9670794308186,1471.6734636426,45.973390430212,11.3712100982666,21.6879260838032,0,1018.78686657548,0,130.477419257164,1.53911349177361,3.95722395181656,0,0.653643131256104,0,0,87.0534007847309,0,3516.91023060679,4.89830017089844,6607.69227319956,0.694462597370148,6.21242064237595,33.5358417332172,2.43167001008987,5.04471254348755,6.39039644598961,0,0,56.7532440125942,7.64393138885498,89.0232574045658,314.798383235931,2415.43300172687,1336.95659163594,15.517450094223,0,0,3200.10846173763,0,0.995513081550598,1397.58519983292,169.918989211321
17.4093716144562,4.13064187765121,12.9106142520905,7410.88668784499,333.366657614708,10249.9771240056,558.948757618666,4640.22984677553,1487.09010714293,6216.31083595753,672.770566940308,0,15.6781473457813,2224.66620033979,5678.58909633756,0.866808772087097,1.00396966934204,145.485074788332,122.639547526836,15915.4201056659,10.2949807941914,14.6736161708832,20.6736098229885,943.523052155972,7.71085441112518,418.928904592991,220.910434782505,7417.73446217179,947.297548055649,117.333201766014,8.85746321082115,194.887619912624,1.55346804857254,715.235626012087,11321.6200556457,1334.77284616232,155.357512295246,638.529778569937,101.320269733667,3276.20053577423,283.910389006138,176.634245127439,234.418252259493,10.4953099489212,122.676267683506,21.3017038404942,1570.10324242711,50.1970128715038,0.487005174160004,1.27229189872742,2.72329044342041,0,1014.79864510894,50.8699782788754,277.743139445782,51.342806905508,123.926683932543,463.865427166224,889.454220682383,8.73270124197006,2609.61738067865,3.42655152082443,76.9458067119122,862.621015042067,9.50733786821365,1.10929977893829,3.785260617733,0,418.296963274479,3.14232683181763,2.85627055168152,1.28155982494354,711.848924607038,0,47.5088845789433,36.9438219666481,935.640764176846,67.9100998044014,0.537027418613434,7.92681872844696,2.5392509996891,1.12498366832733,329.185654908419,3918.33516725898
0,3336.17789822817,3.75728541612625,2.61115542054176,0,27.6004498898983,22.9817685186863,38.5333263874054,556.162248045206,32.1529434621334,3427.35930097103,15.6781473457813,0,49.017104268074,23.2199335694313,461.818782687187,2.90763664245605,0.824887633323669,0,4.6579732298851,28.7595715522766,874.890107363462,45.6688769757748,669.623503804207,5370.93395131826,150.524641156197,812.381041496992,50.4750719666481,65.9084446430206,8.79303056001663,2341.11884665489,31.8329437077045,0,301.863976567984,7.60361257195473,112.070929348469,2991.90281793475,800.678993076086,33.523398578167,48.8960406184196,43.0733704864979,5141.93276274204,60.7883795797825,2299.25983658433,66.9043434560299,12.3919257521629,1.75055050849915,0.583290934562683,2868.62801429629,0,454.436757981777,0,0,0,0,0,0,102.474758028984,0,7509.55150109529,0,14250.8975317776,2.96625989675522,0.83906626701355,43.1740824878216,0.808433830738068,9.27949875593185,16.6260488033295,0,0,150.766496360302,2.07216501235962,86.9430665671825,1470.46384751797,3158.51854142547,3805.0443058908,9.80384945869446,2.99493753910065,0,4946.24522429705,0,0,1644.58962282538,2.10651212930679
11792.7254205346,1.86691826581955,791.23373913765,210.09114202857,34.3917876183987,1761.08734884858,45009.2397180498,16005.7070133388,196.588059514761,5201.6253451705,1375.49739030004,2224.66620033979,49.017104268074,0,513.069494456053,9.52794235944748,1831.41358694434,365.377335786819,570.01377248764,448.498220771551,1797.72650897503,0,4164.31468909979,694.738452851772,4.56188750267029,1725.13000920415,434.030210614204,4735.25248014927,14221.1507916749,21395.4994883239,23.388848811388,194.143088728189,361.558461606503,2933.43457242846,156.517510175705,1503.21170178056,215.587584912777,2326.53751882911,719.567017346621,852.814859956503,481.916012257338,223.631654262543,270.983229845762,10.5372114777565,76.7504745423794,12.1836889982224,320.066770344973,10.4499450922012,0,3.73258703947067,0,1.86600345373154,38.796795129776,1.51916176080704,19.7795444130898,33.8864798545837,3.10422265529633,108.526268005371,25.0136576294899,4.70410248637199,37.7238989472389,1.82800579071045,2.86187696456909,125.801649451256,31.0215077996254,3.85892021656036,0,1.72830784320831,18.1461277604103,4.08161932229996,3.13491857051849,9.22889339923859,782.811037540436,2.28297924995422,19.2280175089836,51.1775696873665,438.428204447031,22.7785993516445,1.51975747942924,0.45860281586647,0,8.73694264888763,208.323107093573,38.6750244498253
10.6889206767082,42.0394120514393,19.3363721966743,406.984492957592,2302.85116302967,4458.74406677485,379.103488683701,795.562359422445,4347.65177613497,1060.41807466745,209.552203327417,5678.58909633756,23.2199335694313,513.069494456053,0,122.78234320879,21.2816074192524,50.714448928833,31.942548006773,442.965770870447,406.432491064072,189.454797387123,570.077238947153,2970.43034741282,30.8495624661446,114.200611561537,231.14916998148,2131.75924694538,268.952890604734,273.511689573526,4.09153738617897,167.182791054249,12.2689663171768,203.909962296486,2093.47858962417,1145.21872013807,189.108586460352,197.719513356686,178.561165630817,8180.61275830865,189.939510136843,167.608777731657,393.960372537374,8.94562542438507,113.789925277233,57.661846280098,814.221657186747,41.6641703248024,1.34284281730652,0.460565626621246,0.547917783260345,2.12301498651505,124.808585733175,33.805291891098,110.558614373207,25.8109692335129,60.5441201627254,165.084768235683,248.923460483551,3.4609512090683,136.419271826744,0,57.5182389914989,381.651349037886,103.736824125051,0.611712574958801,1.92138385772705,2.2492707669735,63.4268144965172,14.0647226572037,47.4206706285477,33.3361366093159,477.691400438547,1.02417969703674,4.93721443414688,32.6924232840538,471.155778408051,105.968414902687,4.14565992355347,0.654980778694153,2.60558754205704,8.01456791162491,326.701686769724,1625.94479545951
2.29846721887589,2202.64959657192,183.589556187391,0,17.033563375473,2.81451451778412,2.03592827916145,4.55535674095154,164.69775891304,4.15443921089172,94.4568838775158,0.866808772087097,461.818782687187,9.52794235944748,122.78234320879,0,196.776974707842,30.9058743715286,131.417672932148,0,5538.28726008534,8904.98569634557,4711.30288887024,3297.58716142178,975.363791316748,262.051020652056,11534.7267580032,1024.21843463182,8.17607071995735,17.1035467386246,42.188605338335,3.40346920490265,1.90143942832947,605.685325533152,829.382088273764,7372.35468250513,1800.3574269712,2827.60520040989,3737.87649688125,373.862357020378,120.125396996737,166.108297139406,3660.67062959075,499.455344676971,635.343716710806,968.222510665655,234.179288238287,39.2947379946709,7.07487612962723,2.72079521417618,15.420633494854,77.7039605677128,7.10065495967865,5.39016377925873,4.17967793345451,69.3680311441422,17.9558699429035,168.404390513897,3.88895273208618,10.4606797993183,8.64834603667259,8.77586352825165,19.6674300730228,35.387612760067,18247.1963169873,17.3131320476532,2.92396908998489,8.55334961414337,1.79698252677917,841.725747138262,3172.91132429242,4147.4173566401,1421.55945965648,2.5797147154808,49.339030534029,2531.08523660898,2109.14544647932,69.2397094964981,55.2645633816719,0,0,7.41316032409668,1084.3972235918,732.561547279358
628.607686191797,54.5774272680283,20653.2700460553,1.55866491794586,1.17788517475128,35.1745191216469,68.880224853754,487.199622482061,6.43762451410294,3.47178000211716,74.1319943964481,1.00396966934204,2.90763664245605,1831.41358694434,21.2816074192524,196.776974707842,0,221.765811890364,8189.35453736782,0,6624.28707846999,12.4093823432922,14581.8346823156,74.0720672011375,3.56847801804543,14022.0672074556,31256.2894250751,450.253943234682,1860.93590220809,8306.94144013524,0,8.52133202552795,57.4909582436085,747.906138449907,238.585238605738,3796.78637394309,2496.99422106147,869.787026792765,2073.16499146819,93.7787422835827,73.5230765044689,18.2241654992104,469.2689242661,479.091411948204,259.9452688694,174.966168582439,11.7965728640556,9.48307746648788,3.79557609558105,0,76.5100827813148,322.318858146667,0.414500117301941,1.53628635406494,0,0.368572384119034,0,0.767785370349884,0,13.0504228770733,0,2.37650310993195,6.52247896790504,1.18367412686348,38.3150216341019,316.271770238876,22.6250239610672,261.119185686111,0,8.99871590733528,4.51279640197754,35.9666202962399,4.10473227500916,3.83314079046249,1138.24743553996,4771.45386043191,4.43251138925552,5.88252148032188,4.89190870523453,2.64431300759315,1.10274267196655,0,113.971186757088,104.531909644604
25.3981274962425,0.652980208396912,153.253394663334,16.8172231018543,4.8878920674324,194.106703490019,182.903305828571,195.521813541651,13.2895882129669,260.974334061146,11070.7542183995,145.485074788332,0.824887633323669,365.377335786819,50.714448928833,30.9058743715286,221.765811890364,0,2927.30255556107,46.7594462633133,183.240811854601,1.75781714916229,397.048659175634,50.5473558604717,0,2442.82820868492,1586.40542566776,215.745792686939,917.36703941226,207.794198870659,0,99.4288371801376,1.38331335783005,1655.59700739384,268.080538928509,3352.95654252172,1480.09203094244,2315.60958254337,2236.00609463453,206.254538059235,153.619556546211,32.2447275519371,13.716972053051,30.4550397992134,11.3705045282841,11.2174711227417,4.2422482073307,1.07198226451874,0,0,5.8183468580246,7.08868554234505,0.976293295621872,0.643272459506989,0,0,0,12.5509398579597,0,1.68896144628525,0,8.09458589553833,0,0,6.77533966302872,2.55886602401733,0.428527772426605,20.8629561960697,0,0,1.71750783920288,7.56953102350235,2.28347229957581,0.563470005989075,226.444836080074,280.810064136982,0,1.27717328071594,0,19.4645377397537,0,0,16.1665741205215,106.35802680254
135.421959489584,27.0441128611565,1299.53123664856,11.8341647684574,8.60088315606117,112.056625187397,165.854407399893,211.163363814354,7.0748702287674,184.24321603775,2217.17638319731,122.639547526836,0,570.01377248764,31.942548006773,131.417672932148,8189.35453736782,2927.30255556107,0,34.4332098960876,1338.67885068059,9.27462613582611,2106.71238106489,63.135591417551,4.25442773103714,9332.55125370622,11898.1838988066,278.795184373856,1072.86132586002,1267.10426062346,0,49.369046241045,16.879396289587,2452.12344014645,289.376167207956,5230.16634142399,8795.35699132085,1896.10609263182,2953.57647907734,144.792380750179,70.8599765598774,13.3934660851955,258.720765769482,262.885940641165,165.466873735189,122.124928355217,7.36504948139191,1.31050002574921,0,0,68.3427617251873,80.0834848284721,0.883658677339554,0.991003811359406,0,0.284405082464218,0,8.40392035245895,0,14.0890016853809,0.854355812072754,5.35618329048157,2.10047614574432,0,20.6693738698959,93.2488151192665,22.2570334076881,228.165559470654,0,4.64018177986145,3.6886659860611,23.3445172011852,4.24187844991684,11.0173599720001,1999.83687368035,3057.94173562527,3.05417966842651,4.47526630759239,1.28095501661301,63.2386128902435,0,0,82.8947535455227,91.5611517727375
5.86785703897476,0.560373902320862,3.66208043694496,27624.2418029308,31.4900097548962,776.054332882166,134.621314644814,892.685218989849,425.161660701036,6981.91083100438,155.679686039686,15915.4201056659,4.6579732298851,448.498220771551,442.965770870447,0,0,46.7594462633133,34.4332098960876,0,3.37815511226654,0.553663969039917,1.85717916488647,278.89234611392,0,71.8725290596485,42.3364494144917,7403.06567019224,257.321901470423,37.2378796637058,2.52948823571205,30.2143214046955,2.20105284452438,180.302779763937,18.4084962904453,535.308057576418,30.1440531313419,127.954547345638,25.7744605243206,615.365099817514,72.0042713284492,87.3370926976204,161.150679111481,1.51157450675964,68.9011163413525,9.73148119449615,669.685454726219,34.7508073747158,0.757382810115814,0.916619300842285,0,0,540.089186638594,17.8298343122005,86.1345629394054,49.1350276768208,78.1218447983265,185.435203373432,585.11696767807,0.756779968738556,181.626978009939,0,34.3342254459858,298.430630624294,8.22160804271698,0,0,0,135.708276391029,3.0387991964817,1.26356363296509,2.16442739963531,472.322785645723,0,0,0.973592281341553,689.217026144266,41.451894313097,0.535094738006592,0,0,0,173.370228767395,4.50405460596085
365.112574130297,44.6652296483517,4513.94221395254,0.731531858444214,14.4443674981594,70.9107785522938,608.92425429821,927.424080789089,14.4403673708439,14.398716032505,223.048062562943,10.2949807941914,28.7595715522766,1797.72650897503,406.432491064072,5538.28726008534,6624.28707846999,183.240811854601,1338.67885068059,3.37815511226654,0,322.194713324308,74871.2872666121,3662.4419528842,22.0563744008541,2986.19469758868,2283.65573689342,28481.2822107375,1554.18729227781,36932.4796163142,2.69397884607315,7.42383876442909,213.491885125637,14620.6894606352,2048.89911803603,11213.5453765094,1238.49314299226,15656.9704245925,7911.16250324249,753.608304530382,858.864825963974,209.186740279198,1519.5129635632,156.942735731602,183.110248297453,204.764370560646,134.323786407709,28.910800755024,1.62835657596588,4.93793827295303,2.56841826438904,9.03717455267906,0.751566886901855,2.24475640058517,6.04320996999741,13.0301394760609,4.61692294478416,86.1248888373375,3.18358153104782,0,6.72399181127548,0.528364062309265,13.5308883488178,23.0197101533413,3340.46476060152,3.88171181082726,0,2.87318494915962,1.50689575076103,665.671635746956,466.844205856323,539.93462228775,655.830186992884,0,19.5260828733444,679.766954213381,1648.68106389046,73.9043670296669,44.5335226356983,0,0,12.0235385298729,530.454147845507,830.633970022202
0,3228.28049334884,3.30248719453812,7.52867299318314,14.3292399048805,0.71577113866806,1.3203033208847,1.10374411940575,9209.9962143898,8.20251956582069,45.5267499089241,14.6736161708832,874.890107363462,0,189.454797387123,8904.98569634557,12.4093823432922,1.75781714916229,9.27462613582611,0.553663969039917,322.194713324308,0,535.147412151098,10673.7141303122,1466.14559555054,51.8660064935684,16588.0557981133,161.977861493826,2.87517294287682,3.70180496573448,66.5577257871628,1.02855563163757,0.599435329437256,20.5493419766426,40.7034717798233,108.519841849804,30.1907148957253,41.2772655487061,45.0558476448059,62.5514514744282,0,6.34682273864746,1032.05202007294,127.982845962048,192.491715908051,218.711970835924,65.5617974996567,6.8466489315033,7.1273187994957,1.87684813141823,309.216694831848,37.731648683548,0.986401438713074,5.77072459459305,0.96158567070961,24.588384449482,6.76025384664536,316.368013322353,1.32336699962616,24.6979121565819,4.86705827713013,28.6206300258636,9.10583701729774,17.0379031300545,3875.85225582123,16.9416512548923,4.05845367908478,11.6147347092628,0,178.683290153742,2779.37307280302,380.986026525497,1068.1543699801,17.7094147801399,50.2175955176353,2697.59630396962,801.866320937872,38.2821724712849,17.6872597038746,5.56876116991043,0,3.87960422039032,70.3555614948273,148.608505010605
889.683902740479,114.235175669193,39293.3174447715,0,38.7428650856018,187.504842549562,1130.75113525987,2170.90958368778,31.1242317557335,23.1521860063076,596.243098348379,20.6736098229885,45.6688769757748,4164.31468909979,570.077238947153,4711.30288887024,14581.8346823156,397.048659175634,2106.71238106489,1.85717916488647,74871.2872666121,535.147412151098,0,559.247229665518,65.015484392643,18336.0672778785,35353.8519130051,6255.89431262016,1866.77995315194,10596.0884973705,7.44757533073425,28.0299993753433,74.4118439257145,9805.14347076416,3386.42057329416,24091.9727802277,12645.8501365483,20727.9774189889,20818.4232111871,1624.35752254725,677.76284712553,279.067723840475,2406.19728437066,379.553578794003,627.672116965055,801.804739177227,159.308483272791,31.9677284061909,0,2.47391304373741,14.0688060224056,122.90192130208,1.08096331357956,11.1376574039459,5.02032256126404,54.1546007394791,13.3585978448391,63.1818600296974,2.51796275377274,7.04677194356918,2.99953490495682,4.17911008000374,12.1641380190849,30.6968230605125,9343.881965518,47.1487093865871,4.82843327522278,40.7937309145927,0,410.215326458216,985.658725500107,3516.47460398078,615.695420116186,1.21304714679718,111.243911236525,8019.11894834042,835.569816291332,19.6137049198151,25.291562795639,0,3.05090087652206,0,1567.40213859081,1777.52419117093
75.7089813351631,1733.65604174137,85.5310355424881,1562.81849333644,171.373985171318,235.197692453861,2860.47468104959,346.874547451735,44977.7331320941,643.163597166538,194.845938444138,943.523052155972,669.623503804207,694.738452851772,2970.43034741282,3297.58716142178,74.0720672011375,50.5473558604717,63.135591417551,278.89234611392,3662.4419528842,10673.7141303122,559.247229665518,0,1111.7809394598,209.777115255594,3671.97836905718,12451.8759090304,2094.330727458,2290.88766869903,81.3433211743832,58.7486556172371,323.981169819832,1159.19980752468,1253.80667293072,7820.47163528204,529.752843260765,1471.79238951206,867.927330255508,2075.22552269697,896.706112235785,343.41892901063,11514.2336556613,455.452216953039,2926.88259992003,700.924673646688,5083.50861734152,1011.01435932517,20.7455873787403,57.4067510068417,29.4816790819168,26.0448064804077,1058.22083643079,54.0534193515778,322.247010529041,454.6327714324,766.329853236675,6783.71165710688,2286.96350395679,23.5701504647732,449.776679068804,12.2345411777496,882.515282779932,739.431971937418,4890.52450507879,4.72038799524307,8.4845230281353,14.3407819867134,470.853717625141,881.522375583649,2953.82001006603,333.139882296324,23500.479708463,16.0108832418919,31.7969521582127,311.512245893478,14283.0433405936,3073.69846668839,430.920450001955,0,42.3994413614273,302.634293824434,2691.9190441668,1394.09231632948
0,4346.89910683036,0,0.726461410522461,0.678257465362549,4.03773906826973,0.471441090106964,5.57332879304886,742.924826979637,2.08746680617332,902.094478219748,7.71085441112518,5370.93395131826,4.56188750267029,30.8495624661446,975.363791316748,3.56847801804543,0,4.25442773103714,0,22.0563744008541,1466.14559555054,65.015484392643,1111.7809394598,0,417.423435628414,6002.57735216618,10.1913939714432,8.84349492192268,1.23558759689331,396.78267082572,4.64857316017151,0,88.1264732778072,0,17.8188761174679,65.7626275122166,25.8530516326427,5.19707924127579,12.1697517633438,10.6416957080364,176.633813977242,78.3536749780178,148.160655021667,32.7187626361847,34.7359547615051,7.69967955350876,1.63353979587555,155.69070070982,0,824.195172905922,4.39767062664032,0,0,0.489100784063339,0.859782040119171,0,23.529364168644,0,477.419584840536,0,2235.60784342885,0.520485401153564,0,31.8514624834061,10.6954787969589,2.72408050298691,44.3986561000347,0,3.90527060627937,42.148625254631,6.33339869976044,58.7593398690224,1903.31849569082,819.820291787386,3605.24635532498,11.7391539514065,0.924480229616165,0.592007339000702,638.219535708427,0,0,64.1320706009865,0.757878065109253
394.362199991941,177.24640083313,53526.5197353065,23.1338895857334,10.8269888758659,392.080099761486,493.491183996201,724.642056524754,65.814560174942,560.614067107439,3838.95888036489,418.928904592991,150.524641156197,1725.13000920415,114.200611561537,262.051020652056,14022.0672074556,2442.82820868492,9332.55125370622,71.8725290596485,2986.19469758868,51.8660064935684,18336.0672778785,209.777115255594,417.423435628414,0,24355.1767787933,745.905982226133,2321.47989743948,1803.31983935833,290.345204383135,246.728065609932,29.7525133788586,3462.4016237855,846.253935813904,14636.5879484117,13870.293677032,6961.29525336623,6450.00083038211,618.500121712685,422.831562578678,148.241141617298,1324.37012454867,2274.56083738804,801.79514580965,510.75962010026,37.7698214650154,5.69263029098511,58.323476344347,0.850575566291809,833.202729403973,362.558386772871,1.17544397711754,0,4.77607929706573,0.761179566383362,0,30.4722595214844,0,774.657785862684,0.553646802902222,1381.32152742147,9.79871094226837,1.92619550228119,46.2505156993866,487.665144771338,161.16342997551,876.784434854984,0,29.1589990854263,12.0378003716469,80.4112084507942,7.28849115967751,547.443409919739,19770.1045234203,25854.6615256965,12.5102263689041,41.0986144244671,9.37064519524574,3452.37170380354,0,0,393.88985645771,397.092618972063
70.0263622999191,17018.2707484663,15213.8978044391,9.95217055082321,44.9217413067818,241.236737012863,411.717363655567,184.060258001089,1756.29597729445,219.787512868643,1696.05122116208,220.910434782505,812.381041496992,434.030210614204,231.14916998148,11534.7267580032,31256.2894250751,1586.40542566776,11898.1838988066,42.3364494144917,2283.65573689342,16588.0557981133,35353.8519130051,3671.97836905718,6002.57735216618,24355.1767787933,0,1640.30946153402,952.087511152029,655.18503510952,57.8220417797565,49.5451737046242,8.08699452877045,13119.8537375629,2392.6829739809,43915.9646278024,13532.6221956611,18620.9485318363,20379.6691541672,1142.79616588354,313.451591730118,140.076528221369,10214.1905272305,5072.48561400175,5272.62086978555,3983.97131001949,357.552771747112,87.3765991330147,79.1338900327682,3.37797975540161,9537.44359484315,3737.94995436072,9.59338536858559,13.1552757620811,7.39545542001724,104.742518931627,17.7757941484451,781.681531757116,8.91324889659882,747.938754737377,10.0205687880516,1619.85924449563,83.3008243143559,78.9231275618076,6427.69618973136,3836.67402034998,497.0343567729,3717.81972804666,0.603353977203369,309.754022419453,4538.92819917202,4724.39267064631,1320.69012582302,1749.61688292027,28877.6451380253,174756.959120303,474.746363922954,125.61218559742,164.926619306207,2172.62253963947,1.48593455553055,6.52661126852036,2190.81756582856,1514.05406349897
188.54854953289,31.0717653334141,1510.43114978075,6747.44971102476,102.659913122654,4017.70424181223,75430.8221826851,4131.29485633969,7360.53464239836,11948.2436134815,715.519478708506,7417.73446217179,50.4750719666481,4735.25248014927,2131.75924694538,1024.21843463182,450.253943234682,215.745792686939,278.795184373856,7403.06567019224,28481.2822107375,161.977861493826,6255.89431262016,12451.8759090304,10.1913939714432,745.905982226133,1640.30946153402,0,6174.47030755877,22103.4297747314,11.1130242347717,243.839456617832,834.64858815074,5862.17598724365,3081.41337159276,16988.8318065703,1253.14297446609,7848.0684569478,3784.13978490233,4849.55422988534,3292.06097108126,676.981348454952,5473.28804737329,249.454158574343,1238.70244255662,325.982636362314,4319.96337628365,577.020025312901,7.79301434755325,24.8465333878994,7.56161630153656,6.65346148610115,1860.8711143136,85.0691750049591,454.284761399031,384.007978081703,651.402962744236,2287.85233131051,3734.81393092871,3.57742184400558,951.412276208401,0.541283547878265,339.284063696861,1323.78102746606,1847.26807922125,3.10531342029572,0,7.18179005384445,810.206462830305,487.795053213835,305.607778161764,272.178425014019,8586.85353425145,1.91459453105927,11.5605280399323,530.264477550983,8902.91777428985,1102.0720577836,231.332112073898,0,9.48188129067421,104.216934859753,1987.56896701455,1017.04064100981
2922.77678009868,3.35573333501816,330.408356487751,203.043558657169,18.7118120789528,601.209231644869,4965.46604081988,1273.9577536881,232.652882814407,1987.98720824718,3193.89952221513,947.297548055649,65.9084446430206,14221.1507916749,268.952890604734,8.17607071995735,1860.93590220809,917.36703941226,1072.86132586002,257.321901470423,1554.18729227781,2.87517294287682,1866.77995315194,2094.330727458,8.84349492192268,2321.47989743948,952.087511152029,6174.47030755877,0,28670.2995290458,40.6621586680412,397.396240264177,4553.84261110425,10669.1244566739,162.089119970798,1269.99995645881,222.121452987194,3207.83830595016,498.450455129147,552.527728140354,1119.6742335856,166.221560418606,390.58382537961,20.9185094237328,95.7827949225903,21.7716625034809,269.001281797886,28.563961237669,2.39502096176147,0,2.05329084396362,8.71023535728455,17.8557604253292,1.45549792051315,9.07121640443802,17.9129737913609,3.25204437971115,195.456615209579,9.0805421769619,4.13128647208214,28.5287993848324,4.01401740312576,2.52876797318459,57.6591277718544,19.2117992639542,9.31288307905197,1.13131284713745,8.02143034338951,4.85138940811157,10.0201344192028,19.0738443732262,1.16699543595314,884.469733923674,2.67313885688782,65.6855297684669,93.3265456259251,440.882573634386,42.1468082666397,3.43165734410286,0.861158847808838,0,12.9144034981728,214.61465010047,45.0931235253811
10584.5656278133,0.351420760154724,725.792994320393,20.0462798178196,4.43384444713593,536.288952559233,6765.6700874567,6452.96255493164,84.8407247960567,293.875236064196,375.177087962627,117.333201766014,8.79303056001663,21395.4994883239,273.511689573526,17.1035467386246,8306.94144013524,207.794198870659,1267.10426062346,37.2378796637058,36932.4796163142,3.70180496573448,10596.0884973705,2290.88766869903,1.23558759689331,1803.31983935833,655.18503510952,22103.4297747314,28670.2995290458,0,7.22608941793442,89.3348530232906,3294.56157401204,9217.9021781981,1190.24720278382,4175.76460981369,338.661728769541,5518.7011038959,1464.16497793794,547.767383396626,1295.31498879194,149.825742006302,501.919781208038,14.3490373492241,77.7218521237373,54.2243418097496,101.481614112854,19.236938983202,0,0,0.754217088222504,0.501278638839722,3.26177078485489,1.21735095977783,1.30951571464539,3.57585173845291,0,66.2214602231979,4.77433955669403,0,2.73338264226913,0,7.96323838829994,15.8370321989059,167.363918185234,0,0,0.458055168390274,0,61.8609108030796,28.7728780508041,5.15455350279808,356.220887213945,0,5.68311190605164,32.1667578816414,444.997407585382,42.1753390431404,7.75234460830688,0,0.944836318492889,5.91240459680557,105.744593143463,306.737019270658
0.995221972465515,102.090562939644,0,0.773430109024048,0,18.8750120699406,14.1959348917007,14.2898346483707,52.1465737819672,8.27908560633659,209.21370318532,8.85746321082115,2341.11884665489,23.388848811388,4.09153738617897,42.188605338335,0,0,0,2.52948823571205,2.69397884607315,66.5577257871628,7.44757533073425,81.3433211743832,396.78267082572,290.345204383135,57.8220417797565,11.1130242347717,40.6621586680412,7.22608941793442,0,13.8646848797798,0,53.1235916316509,6.83626964688301,161.644043058157,714.264288067818,254.31437754631,60.9041073322296,17.1827341020107,21.262769818306,34.3905501365662,23.6571491062641,612.180448383093,35.7408499419689,7.29760429263115,0,0,63.9152936041355,0,65.9601270854473,1.30596947669983,0,0,0,0,0,2.9985548555851,0,662.82189899683,0,1899.885538131,0,0,2.50348615646362,0,9.74604892730713,8.91084516048431,0,0,9.89905571937561,0,4.16699612140656,349.398326069117,3643.6963685751,3384.30265584588,0,1.96143507957458,0,2542.97665923834,0,0,14.436868429184,4.0490066409111
