0,0,71.72776222229,3.36596328020096,0.559009492397308,43.0186599195004,3467.17436280847,810.146334171295,22.8717397451401,14.4480028450489,23.1855336427689,5.53999388217926,1.3842191696167,8606.79751211405,4.76404532790184,0,223.152094781399,0.852822452783585,27.2576179951429,2.17504605650902,31.1534142196178,0.618745863437653,218.740008622408,18.1253208816051,0,94.4913355112076,91.4682825803757,74.8605917096138,11516.0203626752,10886.8599370122,0,4.55855795741081,64.2938942909241,112.001371011138,12.7348827421665,94.7580506503582,13.6022717356682,168.888140916824,56.7135823667049,2.47921061515808,2.83717125654221,1.31129276752472,0.421949088573456,0,1.07504427433014,0,0,0,0,0,0.450809717178345,1.75298696756363,1.52211618423462,0,0,0,0,1.39682769775391,0,0,0,0,0,0,0,0,0,0,1.73759973049164,0,0,0.819725722074509,4.60334119200706,0,0,8.27655586600304,1.3511064350605,0,0,0,0,0,0,2.31864619255066
0,0,629.381434291601,0.534199416637421,7.53148558735847,17.9284572303295,24.434273570776,15.4056006073952,2308.31872043014,35.4724314212799,470.2169675529,69.3401769399643,2752.94917428493,27.6479686796665,70.3074799776077,903.389267355204,821.408134907484,36.9034047424793,296.543559730053,2.84881210327148,146.690600663424,5391.65076395869,250.835771113634,2698.81936636567,5945.87231487036,1005.11325103045,27800.0960450172,158.846892535686,72.1125352978706,61.6559152305126,211.73838737607,43.6629565060139,0.440455108880997,500.636625528336,65.5574478507042,940.887874692678,414.865431308746,428.730083137751,482.13695499301,9.25603199005127,9.24142551422119,475.197745412588,512.463238239288,225.911975324154,196.546987324953,252.324302434921,4.99685484170914,1.1305079460144,35.6761731505394,0.545003175735474,3192.4556440413,459.678257465363,1.58363437652588,1.73567521572113,2.38044190406799,4.70932388305664,1.46032333374023,26.6256349682808,0.358895421028137,85.9639348089695,2.66769826412201,396.542720198631,0.998317956924438,0.705095887184143,50.0485607981682,351.461946129799,40.6209190189838,320.9993493855,0,9.37014484405518,1336.85000702739,125.780596345663,93.9647679030895,107.170111805201,1129.52090981603,5530.37903571129,7.6370992064476,0,5.77715635299683,132.454912662506,1.79021811485291,0,33.9346886575222,78.0520733594894
71.72776222229,629.381434291601,0,3.8536648452282,4.49354773759842,26.9044625163078,544.952181518078,518.438271388412,30.2559794485569,16.2071377336979,88.3546889424324,5.35886770486832,16.4454692006111,887.34965325892,5.58926659822464,237.881458848715,13247.5383427739,94.8495302498341,921.105424314737,1.80390882492065,2285.61839002371,147.826863914728,29090.9257475734,190.462720036507,8.11470580101013,40707.3555377722,43508.882563442,594.725102305412,437.451441287994,2350.80793488026,29.9352118074894,4.28659477829933,50.9483680427074,590.901130974293,207.023885011673,4493.63465338945,1292.71307229996,2159.75476798415,2271.20233643055,11.9630871415138,15.9303287565708,9.76215720176697,1823.27928555012,433.577110111713,727.824081987143,1002.19918084145,19.2265186309814,0.784375548362732,0,0,893.072008490562,3077.64437684417,2.32207089662552,8.85625243186951,0,27.657473385334,0.645785987377167,10.431352853775,0,17.5881418883801,0.537189543247223,4.43871173262596,2.14053165912628,4.59545546770096,97.1792623996735,2993.58827546239,70.4789823591709,1272.73656243086,0,36.0662398934364,530.313815832138,768.955908000469,83.9492282867432,4.16241118311882,2036.64751276374,10216.2139487863,23.2066430151463,3.32365763187408,26.109503030777,0.623965501785278,0,0,195.659026861191,190.328361868858
3.36596328020096,0.534199416637421,3.8536648452282,0,87.7533311545849,105.399831205606,566.934572279453,132.214401930571,3942.85400846601,9176.07639697194,38.0134718716145,7956.56029301882,20.8959621787071,119.740379303694,542.463123887777,0,2.1330925822258,8.55204305052757,8.54252260923386,33813.025311023,0.469629049301147,3.1165876686573,4.64367967844009,4544.23320955038,17.0931718349457,3.34713101387024,3.21661370992661,8123.00913566351,272.900471746922,17.7726214826107,0,47.4354829788208,16.9323481023312,136.059019207954,157.935253083706,847.572198688984,16.5452429652214,204.559379160404,44.5204509198666,209.632055431604,59.0946080088615,24.7809154987335,133.407880574465,0,37.3457097411156,10.0245508849621,602.29955419898,1.4544358253479,1.21071141958237,0.46618315577507,5.68821674585342,0,2089.44508728385,62.8119919300079,92.0041502714157,93.3020160794258,52.7138768732548,856.489170849323,613.211857646704,0,1063.44963473082,0,17.4933500885963,287.212041079998,1.41700887680054,0,1.78555166721344,0.789984732866287,707.507096916437,0,18.8154790699482,0,1398.63519325852,1.62460869550705,1.63646805286407,3.22305458784103,2021.26008376479,17.9926090538502,0,0,0.825996279716492,0,43.9101015925407,3.63996106386185
0.559009492397308,7.53148558735847,4.49354773759842,87.7533311545849,0,2932.01805868745,139.642894148827,275.275036036968,211.550488710403,331.029968440533,33.6222292780876,1354.58240389824,12.4092282652855,50.3830176591873,4359.87140470743,16.9300985336304,5.71776032447815,6.4131130874157,3.37617373466492,89.9126210808754,93.6512250900269,34.7897811830044,164.50909525156,242.084136724472,152.275805294514,7.61730721592903,49.4786552786827,268.859743863344,36.7197654545307,74.5391300618649,0,140.916340023279,6.00112080574036,693.940885037184,1457.87661063671,1892.31434047222,22.4232015311718,86.9462572932243,75.8537000715733,7566.62450394034,6246.56869199872,76.2416764497757,75.5279185175896,5.78452390432358,14.3790091276169,26.251465678215,106.179061740637,0,7.43427267670631,0,1.42698895931244,0,36.1064077913761,5.38072580099106,15.5603500008583,11.9664370119572,4.44656899571419,21.6822233200073,18.8869767785072,3.22981405258179,73.4811422228813,0.646485686302185,0,35.5246062576771,8.04546713829041,0,2.02103734016418,5.90179932117462,19.6064763367176,3.87627160549164,2.70067113637924,10.9750651717186,68.610552072525,0,2.0831470489502,17.1974619030952,64.5531658530235,4.87361824512482,2.84165820479393,0.569038569927216,0,0,4.21157348155975,1127.82383695245
43.0186599195004,17.9284572303295,26.9044625163078,105.399831205606,2932.01805868745,0,7865.41586580873,18362.7160396278,201.22907397151,21910.2895101607,303.493488281965,14588.0788841546,150.583640992641,1586.57475981116,4360.69304963946,0.744000136852264,33.9609734117985,50.7990447580814,62.7407375574112,167.920441478491,20.1694740653038,11.0379063785076,174.715312033892,237.088218957186,199.731407314539,74.8272823393345,21.2072903513908,1090.6967638433,581.670323178172,597.645739585161,6.3720934689045,676.461611777544,17.2209334671497,473.747571647167,5105.34463357925,3240.05339726806,64.7107385396957,334.390019118786,105.817018777132,5841.03090748191,447.563609361649,168.387805640697,107.043202102184,16.7871903479099,19.203860104084,19.3277531862259,210.996907770634,5.44698441028595,14.0213073790073,0,2.76461338996887,0,63.49087703228,17.6019815206528,18.7692216038704,20.4739080071449,14.2767735719681,25.8907564282417,31.1415939331055,14.8401997983456,158.721673220396,21.9006790816784,5.26271787285805,70.8590000867844,5.52464929223061,0,0,0,22.25328373909,0,0.481696099042892,0,118.669153094292,0.611530363559723,0.340569972991943,2.02644646167755,124.914977520704,12.1198832690716,0,0,2.09483069181442,0.589337110519409,15.3277958035469,516.753311574459
3467.17436280847,24.434273570776,544.952181518078,566.934572279453,139.642894148827,7865.41586580873,0,20319.3507443368,1697.82002180815,35541.8237413019,512.599160730839,806.609128132463,275.150056600571,33884.600179702,328.445659816265,4.36004015803337,331.325190007687,106.427133202553,150.92934897542,73.8761672079563,555.311192423105,42.91003292799,3524.06169566512,6945.70202231407,76.4310518503189,419.665133029222,265.297106042504,86318.9592745304,3395.00288465619,19576.5095160604,2.46581995487213,316.373044997454,191.731236547232,1066.32247781754,732.80040115118,3667.3823466301,132.826685637236,1328.44061885774,449.887415349483,357.862853974104,202.711463302374,155.489757180214,508.91068482399,41.3807736635208,194.74486207962,71.4559755623341,296.724005997181,23.3480640053749,10.9795073568821,1.44265735149384,6.23467490077019,39.753301858902,367.578686416149,12.9620370268822,44.4899072051048,265.971207171679,104.845453172922,404.618448406458,219.492764621973,39.8548363447189,239.81058037281,9.72814750671387,68.8348727524281,76.6311385035515,63.2025352120399,14.746159106493,0,0,158.217850446701,13.0715148746967,39.49962413311,35.742580384016,2311.22948718071,1.68048122525215,3.1342449337244,169.02152043581,1871.02399256825,128.602859437466,0,0,0,5.84790018200874,217.70978859067,76.0437586903572
810.146334171295,15.4056006073952,518.438271388412,132.214401930571,275.275036036968,18362.7160396278,20319.3507443368,0,137.352430969477,6459.58072558045,403.235161244869,4737.41466897726,161.244525611401,29241.8604024649,404.29014891386,4.53871718049049,760.428934916854,44.3868119418621,163.868799000978,219.32031661272,215.30125066638,9.58924788236618,2011.13814401627,281.061475247145,114.873362958431,454.92253471911,365.689736902714,2495.49017909169,2996.57316985726,9263.17149719596,7.97105386853218,390.053851574659,87.0566452741623,728.663549169898,213.291883200407,3071.48144954443,116.217169240117,729.985641777515,347.491482019424,668.31790009141,147.892633676529,149.012479007244,31.5113669037819,21.2197440862656,8.47307124733925,0.752342760562897,34.2607836425304,0.901915371417999,13.0072545707226,0,1.9328096807003,3.05196788907051,9.34881699085236,1.68090426921844,0,0.544520258903503,0.500155925750732,22.865327835083,1.2058779001236,20.787314414978,75.0549340546131,31.2722996175289,0,12.2369492650032,8.69191008806229,0.608540207147598,0,0,7.98229065537453,1.68515306711197,7.21231761574745,1.84785750508308,77.5831876993179,2.42898595333099,1.24683898687363,23.122202694416,23.9903560578823,0,0,0.425838649272919,0,1.65496253967285,1.36858516931534,22.0829062461853
22.8717397451401,2308.31872043014,30.2559794485569,3942.85400846601,211.550488710403,201.22907397151,1697.82002180815,137.352430969477,0,1024.19533726573,107.424491554499,3122.43616229296,756.027052611113,222.515660986304,1015.24172493815,251.050320804119,106.435837686062,11.8748590946198,52.9657470881939,1098.91000634432,216.34014108777,10855.6388660371,73.2309382855892,38511.5761253238,1840.29004153609,138.810713171959,3542.14870518446,11498.3711276948,1462.25930999219,214.487428098917,84.9113849103451,99.6491587758064,252.617206573486,390.783103883266,794.364975988865,2982.97315061092,108.720788151026,446.847924113274,260.745192885399,542.830556839705,71.7034002840519,73.7583079338074,1440.22110041976,41.243097871542,342.531663388014,143.253275752068,499.659448593855,38.9525743722916,19.2720105051994,4.58011201024055,78.5674783587456,17.5083117187023,1402.21894562244,35.9290826916695,129.786639779806,244.713724583387,206.613617867231,4816.28619733453,439.813852369785,103.043514460325,660.165230900049,31.846364825964,205.979937970638,175.144553810358,584.516481220722,9.00067165493965,19.0578826069832,28.3808232247829,335.771827220917,93.6952211856842,884.003550857306,98.5003151297569,5378.58441013098,22.4699769616127,55.0504582822323,350.662044644356,2387.18475800753,253.04448351264,11.0854469835758,10.8434259295464,17.1478680968285,9.95629489421844,233.333885759115,422.069040089846
14.4480028450489,35.4724314212799,16.2071377336979,9176.07639697194,331.029968440533,21910.2895101607,35541.8237413019,6459.58072558045,1024.19533726573,0,1444.63347181678,12610.0050966889,753.216983914375,3809.94347503781,361.369140565395,3.7070247232914,92.6696607619524,273.968445211649,419.601958155632,5132.37007814646,20.7388009727001,7.16225224733353,114.024440452456,968.382659822702,215.311048537493,232.466063663363,60.3286604881287,11350.5734084547,4406.2554243803,178.756031095982,15.5704942047596,951.395899534225,87.2021292746067,2519.52248686552,1594.05035418272,8026.95718711615,172.812629193068,2606.05675670505,340.281928181648,859.400837123394,668.843589901924,514.710384726524,235.849686384201,83.4375666677952,78.8774771690369,28.3966576755047,418.039556324482,3.81624060869217,27.5596530735493,2.94174811244011,0.942649960517883,0,1705.44676396251,30.3183965086937,54.2765884995461,148.019372463226,64.2781500220299,441.624555021524,432.494881957769,8.74825447797775,823.880265951157,32.5296279489994,22.7942945957184,148.334455162287,7.62510925531387,0,0,0,401.201152056456,0.392435789108276,12.1211456656456,0.679862201213837,1849.98240759969,3.45603966712952,0,0.68334287405014,2368.78581133485,22.1879659295082,0,0,0.587346911430359,1.88236373662949,80.2034732699394,281.736012160778
23.1855336427689,470.2169675529,88.3546889424324,38.0134718716145,33.6222292780876,303.493488281965,512.599160730839,403.235161244869,107.424491554499,1444.63347181678,0,1566.5468955338,11751.8347832859,392.1918297261,56.1189686059952,14.0712637901306,1268.11859935522,10104.4728474021,6252.27085989714,94.3033209145069,106.081028550863,137.969070851803,373.603744223714,77.1968810558319,1167.32184207439,5603.65247631073,861.540673136711,242.879087150097,2988.14871604741,297.53605350852,352.772823035717,1190.23185139894,24.1066552698612,7814.94087514281,72.0219160020351,1973.1700257957,3150.2136374712,7550.44590446353,1255.83649864793,53.5718024671078,28.1028140187263,1335.96130383015,15.1404651403427,1293.31354168057,17.6388680934906,20.6991005539894,4.52323359251022,0,306.526454120874,0,317.953851431608,17.8934791684151,1.86111518740654,1.57371193170547,0,0,0,82.3879973590374,0,772.089116185904,27.5607990026474,3199.81484133005,0,2.67723894119263,7.33152729272842,8.94677048921585,91.1122685968876,38.320706307888,0.621769845485687,0,134.560914933681,0,28.4077109098434,321.246210962534,1116.10899841785,1581.05382218957,0.293812125921249,2.40617883205414,0,842.62383377552,1.88924074172974,0,7.66667196154594,41.918970823288
5.53999388217926,69.3401769399643,5.35886770486832,7956.56029301882,1354.58240389824,14588.0788841546,806.609128132463,4737.41466897726,3122.43616229296,12610.0050966889,1566.5468955338,0,770.232744246721,2015.97551977634,3753.18479436636,1.84292048215866,79.9684121310711,253.637319386005,384.368176430464,13640.7187949419,6.45963758230209,54.4022109508514,34.5898974537849,974.439005374908,305.860478878021,286.507507622242,95.4138469099998,3938.16649505496,1459.80016469955,53.4171852469444,27.4445371329784,1065.03992962837,5.69765445590019,2201.79034712911,3355.44653338194,4677.24224466085,139.350406289101,1490.42240652442,128.193975418806,2425.32457605004,556.15495121479,560.214433223009,103.957382231951,103.222417324781,14.6009358167648,8.37357354164124,624.621201515198,3.19331592321396,31.5167790353298,0,4.3999850153923,0,516.956529140472,58.8502487540245,81.7511035203934,21.8598735928535,43.2354012727737,140.92868039012,156.199022561312,27.4760974645615,1136.06707283854,106.953687429428,20.8298569917679,240.133174210787,1.13532996177673,1.03191089630127,0,0.583626270294189,201.278673380613,0.437578439712524,6.01476883888245,1.53807973861694,219.17643892765,6.89370450377464,0,0.584289252758026,465.515508979559,16.1421295702457,0,0.536491811275482,0.393388479948044,0,20.5490860641003,1202.98378887773
1.3842191696167,2752.94917428493,16.4454692006111,20.8959621787071,12.4092282652855,150.583640992641,275.150056600571,161.244525611401,756.027052611113,753.216983914375,11751.8347832859,770.232744246721,0,174.835087060928,52.8390913009644,118.088190734386,86.1249294877052,147.071211338043,194.274694144726,48.6467790901661,44.7235056459904,1146.58996292949,77.1910902261734,615.793089747429,7457.94751641154,1076.46122467518,9623.21237543225,184.752274572849,889.457466840744,113.085456371307,2968.78755417466,493.1653868258,7.25608134269714,2509.01504746079,81.1227687001228,1146.3342666924,4419.60032325983,2871.04414129257,414.407047629356,60.8724159300327,21.3082289099693,1462.01780676842,90.4010488986969,4106.58170038462,92.6557248532772,33.7298169434071,19.2217426300049,0.646735906600952,794.389230102301,0,1826.71458512545,8.72883960604668,2.49088877439499,0,0.850269079208374,1.18884351849556,3.34649604558945,399.299847662449,0,3586.79697036743,17.8440940976143,15532.4169068635,8.21818020939827,2.88302707672119,29.6211107969284,9.49884033203125,542.858636379242,115.405231297016,0.550667822360992,0,594.997742384672,3.22166979312897,247.38260397315,2587.44861263037,5970.52612563968,11402.8899184465,7.274797976017,13.3546144366264,0,5475.3219191134,15.1555007994175,0,35.2825117111206,21.8529530763626
8606.79751211405,27.6479686796665,887.34965325892,119.740379303694,50.3830176591873,1586.57475981116,33884.600179702,29241.8604024649,222.515660986304,3809.94347503781,392.1918297261,2015.97551977634,174.835087060928,0,69.020870000124,15.3210996687412,1639.86313141882,71.1689507067204,294.203340083361,232.295836299658,395.013874456286,17.2089849710464,2921.19568179548,251.820918112993,49.734731733799,838.110514059663,809.402000159025,2349.13351254165,29839.848991707,31562.4296194911,5.47197860479355,284.624161452055,199.298986330628,997.997063726187,170.165066361427,1833.5190051496,109.915123224258,1326.87864722311,649.9377412498,110.381684988737,64.3850785195827,103.449779719114,10.5154260098934,20.2472342848778,4.64297622442245,1.42457735538483,15.0987491309643,0,7.16231417655945,0,5.37410739064217,7.09979769587517,12.3892686367035,0.449279516935349,0.330274075269699,6.08991813659668,0.415120035409927,23.0202495157719,1.21108707785606,8.61804696917534,53.1077996492386,16.0739051401615,0,4.34390777349472,10.5552399158478,2.56063231825829,0,0,5.21349006891251,1.57244223356247,10.5355059206486,6.35415679216385,91.0272434055805,3.63138830661774,1.16002085804939,57.7160181999207,15.1541295051575,1.23820567131042,0,0,0,0,0.930691659450531,6.12737423181534
4.76404532790184,70.3074799776077,5.58926659822464,542.463123887777,4359.87140470743,4360.69304963946,328.445659816265,404.29014891386,1015.24172493815,361.369140565395,56.1189686059952,3753.18479436636,52.8390913009644,69.020870000124,0,15.5729040503502,22.5497535169125,5.60615408420563,8.95414966344833,372.0228125453,209.324347853661,182.223093926907,139.824281126261,1611.2025796771,73.3620791435242,18.8724809288979,153.685500323772,1472.66889339685,137.87753328681,259.759217381477,0.729059636592865,249.139878094196,19.8230901956558,128.194950133562,3716.31511461735,340.610189020634,15.029899597168,112.019339606166,42.8294457793236,6319.08627569675,86.3977632522583,21.8013842701912,139.238035619259,9.24191474914551,31.9374157786369,37.2252986431122,359.632742881775,4.9259375333786,2.44997048377991,0,4.45421040058136,4.08160412311554,154.316147834063,33.0877369642258,42.6728167533875,23.2250155508518,33.7597181797028,103.971106886864,60.5165531039238,5.627121925354,247.317799538374,1.96337205171585,25.2082248628139,125.64747685194,21.539802312851,0.674626767635345,4.75636470317841,1.20206522941589,64.3486187458038,2.98613178730011,15.5218263864517,20.4429333806038,248.501772403717,0,0,27.2670506238937,192.609389066696,9.69687584042549,1.22621113061905,0,2.74941110610962,0,34.3261174559593,1485.45227968693
0,903.389267355204,237.881458848715,0,16.9300985336304,0.744000136852264,4.36004015803337,4.53871718049049,251.050320804119,3.7070247232914,14.0712637901306,1.84292048215866,118.088190734386,15.3210996687412,15.5729040503502,0,443.341331064701,11.475502550602,115.290096610785,0,11855.0931614935,16063.0433115065,13554.123919636,3651.91045966744,309.096260160208,569.427739053965,12090.587955147,5738.55565342307,14.2721840143204,74.2584007680416,19.8345781266689,2.47501200437546,3.81952294707298,103.828978002071,470.330567866564,8543.11403989792,1612.70386335254,1390.51279178262,2084.30161842704,37.8314976096153,16.9034069776535,23.9337396323681,1201.24477300048,93.664559006691,289.667602062225,308.427684366703,32.2539296746254,4.52045041322708,13.9136120676994,0,213.500290095806,327.245818734169,1.23980045318604,9.69332635402679,0,34.3798303306103,2.62400186061859,140.888816654682,0.634844958782196,13.2464709579945,2.77888357639313,12.1410223841667,4.70478609204292,7.44862914085388,10263.0295468271,231.555739164352,1.58459514379501,159.045550733805,0.903651475906372,514.903602659702,3548.46705955267,4819.74521163106,1628.69138100743,5.33601212501526,327.203184962273,6267.09685027599,399.017225712538,3.71345430612564,16.5836897492409,0.979491293430328,3.50107192993164,1.70282661914825,52.5911984145641,173.946877479553
223.152094781399,821.408134907484,13247.5383427739,2.1330925822258,5.71776032447815,33.9609734117985,331.325190007687,760.428934916854,106.435837686062,92.6696607619524,1268.11859935522,79.9684121310711,86.1249294877052,1639.86313141882,22.5497535169125,443.341331064701,0,1597.40309274197,13356.3213620484,6.8987213075161,2813.94736127555,263.335281699896,20792.9468678832,292.389091059566,25.970423489809,6434.77213704586,17408.2761606723,569.803893119097,2790.13349835575,7491.62668274343,90.38775780797,58.4478119909763,424.247589603066,9994.50070890784,286.27519518137,5873.60910053551,2312.06781807542,5261.99946573377,3386.73429247737,17.8165637552738,27.0310555696487,12.0361374020576,798.261659681797,302.647731244564,323.569761008024,463.907259047031,4.04250213503838,0,3.36214923858643,0,1075.4565101862,1324.11476111412,0,11.8473902344704,0,0.826499938964844,0,15.1499802172184,0,14.403473675251,0,24.1789072155952,0,1.80514967441559,41.9894087910652,1062.94845482707,81.9759340286255,1189.8074106276,0,6.0950214266777,304.934507340193,114.385525256395,59.5257263481617,13.840574413538,2527.04001435637,5830.40435507894,5.34825083613396,0.551183938980103,5.48169860243797,12.2550555169582,0,0,80.4143114984035,213.156800836325
0.852822452783585,36.9034047424793,94.8495302498341,8.55204305052757,6.4131130874157,50.7990447580814,106.427133202553,44.3868119418621,11.8748590946198,273.968445211649,10104.4728474021,253.637319386005,147.071211338043,71.1689507067204,5.60615408420563,11.475502550602,1597.40309274197,0,10857.1410734951,16.0524199306965,90.5825014710426,4.12092000246048,322.97394284606,7.09306746721268,15.1090318262577,4739.42330789566,948.918386846781,44.994392901659,482.216898024082,160.022570565343,68.1000227034092,149.16726320982,9.9543382525444,911.391823589802,88.8736178278923,1421.62854632735,1710.72300642729,2524.98640304804,935.558329820633,8.22553551197052,7.34633737802505,13.3071328401566,15.9311921596527,113.828446477652,13.9065463840961,12.8272186219692,0,0,2.96554154157639,0,66.7415298819542,23.1195575296879,0,0,0,0,0,1.87335228919983,0,23.155231654644,3.44587618112564,62.038949996233,0,0,0,7.91547468304634,24.0092253386974,44.0560739636421,0,0,6.65796631574631,0,0,24.2304280996323,433.118221402168,567.456472724676,0,0,0,78.3840569555759,0,0,6.45097362995148,51.2112923264503
27.2576179951429,296.543559730053,921.105424314737,8.54252260923386,3.37617373466492,62.7407375574112,150.92934897542,163.868799000978,52.9657470881939,419.601958155632,6252.27085989714,384.368176430464,194.274694144726,294.203340083361,8.95414966344833,115.290096610785,13356.3213620484,10857.1410734951,0,32.6582629680634,781.899287372828,102.355093151331,2883.13939839602,70.6645391583443,46.3030795454979,13630.1783030629,7004.3955039084,129.43142336607,1405.44701583683,1332.19753324986,158.388695389032,198.591406166553,115.90125335753,6829.94690085948,192.270207971334,3750.3931337297,1924.80406874418,3905.1137855649,2377.33923515677,12.3232352137566,11.5894857048988,10.8890292644501,193.233322054148,176.475619345903,84.7371304929256,108.66706430912,0.86804211139679,0.83835905790329,5.62221717834473,0,660.829153209925,143.717702627182,0.336439520120621,12.9154477715492,0,0,0,3.04089751839638,0,26.7973567843437,4.02640214562416,74.0828891992569,1.19914638996124,0,3.92894738912582,116.177067935467,56.598981320858,401.375862330198,0,0,91.5167776048183,15.5875408947468,3.06705823540688,48.9349743127823,1868.04797810316,2944.04555395246,0,0,0,82.717470407486,0,0,19.1855442523956,137.87990540266
2.17504605650902,2.84881210327148,1.80390882492065,33813.025311023,89.9126210808754,167.920441478491,73.8761672079563,219.32031661272,1098.91000634432,5132.37007814646,94.3033209145069,13640.7187949419,48.6467790901661,232.295836299658,372.0228125453,0,6.8987213075161,16.0524199306965,32.6582629680634,0,0.821603000164032,3.54084452986717,2.519138276577,701.982610613108,19.6598213613033,15.2692300081253,4.26294457912445,4919.75715136528,249.150665700436,14.3627572357655,1.11016622185707,80.3519482016563,4.37573263049126,198.020084947348,65.0026659071445,643.926054656506,18.3888413906097,211.490251928568,21.6894100904465,207.682035028934,46.1108013987541,45.1235367357731,50.030759871006,6.49681606888771,13.3292948305607,2.36587446928024,214.685772120953,1.33647525310516,2.75586253404617,0,0.612594962120056,0,933.539681315422,21.536142885685,31.8503608107567,40.1762043535709,21.8678731024265,138.041490465403,165.687123388052,2.47675234079361,361.015649557114,0.795677602291107,14.3695060014725,89.5911349356174,1.01039358973503,0,0,0,204.993038475513,0.278612047433853,2.0945226252079,0,355.024147599936,0,0,0,651.673754811287,9.90089598298073,0,0,1.62281382083893,0.537016272544861,14.8590849041939,3.2022468149662
31.1534142196178,146.690600663424,2285.61839002371,0.469629049301147,93.6512250900269,20.1694740653038,555.311192423105,215.30125066638,216.34014108777,20.7388009727001,106.081028550863,6.45963758230209,44.7235056459904,395.013874456286,209.324347853661,11855.0931614935,2813.94736127555,90.5825014710426,781.899287372828,0.821603000164032,0,2486.89992073178,46461.1322519481,591.555910199881,283.593081057072,1380.18238925934,2950.90899771452,25722.2284532189,283.202111318707,31306.9473602772,12.2707399427891,12.383162766695,94.7508414685726,9694.43704916537,2575.99932518601,18997.0939646363,868.310561060905,16326.8632105738,9533.15200051665,213.401682168245,39.189010322094,75.7898296713829,1412.62588825822,30.2638196349144,162.010337978601,129.951017677784,67.3237370848656,14.6531710028648,25.8576144576073,0,45.8180666267872,96.7766045331955,3.85101294517517,18.6444467902184,3.76500445604324,12.958050340414,6.24411883950233,95.2800611555576,2.03614747524261,38.8792051672935,9.23311457037926,2.51365739107132,4.00679314136505,11.0180436968803,3084.21028497815,77.9694880843163,1.06640887260437,22.7823215425014,5.10304456949234,774.807893425226,1134.03364518285,638.477024078369,1324.63676151633,0,62.297426700592,781.99706184864,468.249094963074,6.53804856538773,8.07419240474701,1.35944819450378,1.31072890758514,4.80737403035164,64.3471083641052,605.84710803628
0.618745863437653,5391.65076395869,147.826863914728,3.1165876686573,34.7897811830044,11.0379063785076,42.91003292799,9.58924788236618,10855.6388660371,7.16225224733353,137.969070851803,54.4022109508514,1146.58996292949,17.2089849710464,182.223093926907,16063.0433115065,263.335281699896,4.12092000246048,102.355093151331,3.54084452986717,2486.89992073178,0,2561.8316257596,19518.1964991391,2828.86235842109,344.857514023781,23159.2612773776,2069.94024920464,56.8347340524197,51.8740841448307,93.8901518881321,11.9884780347347,7.25865891575813,132.303860098124,80.2663774490356,1396.06567624211,301.220466196537,433.40320327878,448.12163695693,26.5075224936008,9.06842592358589,88.0694759190083,856.267879992723,105.110538333654,211.599606186152,280.935620337725,37.6986755728722,6.51238608360291,12.5386188626289,1.38928258419037,189.357131868601,272.370760172606,3.47636157274246,5.92834031581879,3.78603428602219,27.1592828333378,3.04304146766663,416.516157567501,1.64058792591095,32.2531577646732,3.69560849666595,105.00904867053,5.28750398755074,4.66965591907501,5110.73482173681,242.937177121639,9.0555522441864,120.250006556511,0,243.979571521282,5228.798794806,1509.31342959404,1078.37928077579,31.2211184501648,322.273263841867,5672.25582188368,255.036588072777,15.518675506115,16.9557293057442,39.7675132155418,1.75788140296936,5.77178502082825,55.6680977642536,113.427518785
218.740008622408,250.835771113634,29090.9257475734,4.64367967844009,164.50909525156,174.715312033892,3524.06169566512,2011.13814401627,73.2309382855892,114.024440452456,373.603744223714,34.5898974537849,77.1910902261734,2921.19568179548,139.824281126261,13554.123919636,20792.9468678832,322.97394284606,2883.13939839602,2.519138276577,46461.1322519481,2561.8316257596,0,1770.33717982471,154.058474212885,6345.98051460087,31027.2803177238,17505.4627695382,1607.75963188708,20115.4236700237,44.2489271759987,35.5073287785053,279.214945346117,10300.2264211178,3615.78460264206,48128.3272943646,6280.96535256505,29430.9226522446,23642.0956327915,333.46288099885,197.252058625221,104.382056891918,1705.74330034852,164.047775506973,589.48010507226,733.423676639795,30.6574684679508,1.68583977222443,20.5885537266731,1.84065508842468,171.350238114595,961.608030676842,2.3988521695137,48.4267478585243,0,96.4926949739456,1.23600971698761,29.5075315535069,0.871661424636841,19.5363299250603,3.80669194459915,2.50430178642273,3.98959484696388,13.6595615148544,8847.06038653851,814.116678267717,8.09505277872086,201.680527091026,0.664553999900818,498.985382378101,2082.85889112949,6888.66082933545,900.23827162385,3.75389701128006,386.314052000642,9287.28220829368,328.801329761744,2.85865610837936,47.2241261303425,0,0,0,112.146653354168,1377.23758932948
18.1253208816051,2698.81936636567,190.462720036507,4544.23320955038,242.084136724472,237.088218957186,6945.70202231407,281.061475247145,38511.5761253238,968.382659822702,77.1968810558319,974.439005374908,615.793089747429,251.820918112993,1611.2025796771,3651.91045966744,292.389091059566,7.09306746721268,70.6645391583443,701.982610613108,591.555910199881,19518.1964991391,1770.33717982471,0,1891.1839171648,340.567534357309,5233.97265729308,23814.3091739118,1152.65319006145,505.670470803976,53.3302218019962,69.0999438911676,394.015501841903,504.217772811651,1009.11584168673,4526.77589303255,527.275560557842,1123.25368312001,795.277246594429,355.564040601254,60.4412232637405,175.156856745481,5555.19476798177,65.146098524332,1120.16716650128,528.734292387962,1059.80208861828,197.859635353088,61.9430834949017,13.175793170929,119.915414392948,108.495359033346,1630.11045360565,51.5919643044472,209.42717307806,798.099923342466,365.133496582508,4303.62675058842,769.888903230429,219.05873721838,768.097140520811,12.5960578024387,383.310203969479,250.591526657343,3196.24840220809,68.6248106360435,2.59793037176132,27.2476883530617,553.420160531998,381.709329813719,1635.41219106317,990.801586419344,13682.5753133595,18.8648748099804,85.3008383512497,1397.6894133091,5771.00124937296,732.814937651157,24.8631469905376,0,17.0510871112347,84.1092191338539,806.31258931756,685.903251409531
0,5945.87231487036,8.11470580101013,17.0931718349457,152.275805294514,199.731407314539,76.4310518503189,114.873362958431,1840.29004153609,215.311048537493,1167.32184207439,305.860478878021,7457.94751641154,49.734731733799,73.3620791435242,309.096260160208,25.970423489809,15.1090318262577,46.3030795454979,19.6598213613033,283.593081057072,2828.86235842109,154.058474212885,1891.1839171648,0,244.971809446812,4990.69257682562,487.879933446646,157.190313249826,32.2710852921009,405.062641531229,348.543144524097,3.53986531496048,1726.3770223856,58.6675555109978,967.122098505497,257.883285313845,1576.33861905336,483.966495603323,787.325108319521,179.569821029902,1956.53259795904,249.590309888124,662.444016396999,130.014380544424,30.5791805386543,1267.05812436342,14.1498055458069,546.642795681953,0,1123.18524348736,5.21928822994232,51.0576130151749,19.7518908977509,49.2866615056992,39.849563986063,66.8698142468929,178.91766500473,40.0501064956188,747.726501911879,106.396805971861,4202.36712566018,57.7045146524906,67.201402425766,38.6799158453941,3.04915580153465,171.641008853912,48.6960823535919,35.0315280854702,16.2090571820736,225.285860061646,7.50013473629951,263.546533674002,3043.95657750964,1897.73534688354,5326.32457539439,135.348183244467,65.0839585363865,0,831.082007437944,11.123792886734,0.969950914382935,64.7102592289448,39.7619487047195
94.4913355112076,1005.11325103045,40707.3555377722,3.34713101387024,7.61730721592903,74.8272823393345,419.665133029222,454.92253471911,138.810713171959,232.466063663363,5603.65247631073,286.507507622242,1076.46122467518,838.110514059663,18.8724809288979,569.427739053965,6434.77213704586,4739.42330789566,13630.1783030629,15.2692300081253,1380.18238925934,344.857514023781,6345.98051460087,340.567534357309,244.971809446812,0,47709.3364162594,457.698248535395,1021.63945619762,1878.26334916055,555.990549862385,144.227641105652,80.3272957205772,1107.37572172284,313.79002314806,7322.66821560264,7095.80579778552,4098.68623435497,3281.65355759859,19.3425388038158,22.9636461436749,50.8623041510582,1195.31291431189,1477.84421867132,546.717108935118,556.781238943338,7.43752163648605,3.5546367764473,40.0985997617245,0,3281.09176173806,826.244826436043,0,16.2627004981041,0,0,0,31.3415251672268,0,485.120141506195,5.71019375324249,1396.21075618267,3.9163706600666,0,59.2097133994102,654.339121252298,945.473318696022,2424.41214601696,0,11.263981461525,555.90378549695,53.7923114895821,77.0777007639408,705.383464694023,13349.6000755131,19348.1983218193,1.06429785490036,0,4.34875982999802,1230.71767085791,0,0,105.870432674885,227.614379525185
91.4682825803757,27800.0960450172,43508.882563442,3.21661370992661,49.4786552786827,21.2072903513908,265.297106042504,365.689736902714,3542.14870518446,60.3286604881287,861.540673136711,95.4138469099998,9623.21237543225,809.402000159025,153.685500323772,12090.587955147,17408.2761606723,948.918386846781,7004.3955039084,4.26294457912445,2950.90899771452,23159.2612773776,31027.2803177238,5233.97265729308,4990.69257682562,47709.3364162594,0,4698.03327763081,1059.35983118415,3363.30791509151,3393.55574667454,67.5910362005234,141.804403722286,3526.17873416841,2134.76476174593,38744.9237557054,9906.34503468871,17579.0116163492,19982.2416394055,166.526908218861,192.437753111124,74.251621723175,7493.71347033978,3081.51502180099,2973.46741592884,3609.78316289186,63.5430150330067,12.1266987919807,125.277158349752,11.1459088623524,12133.3529564142,7447.15844967961,0,68.7196160554886,1.23107159137726,205.760776370764,1.18568792939186,123.190522223711,0,547.050760775805,4.96591651439667,2294.31865221262,17.2613435387611,12.0381987690926,2789.94502651691,6203.17821574211,1505.18972995877,5691.71249648929,0.607934832572937,281.584312021732,7000.33662962914,7633.8911626637,960.312025249004,1953.73859751225,24736.2319124341,81350.6137883067,269.985802203417,14.4331497550011,111.109063625336,1721.25950005651,1.6144540309906,0,632.113619238138,1535.07350534201
74.8605917096138,158.846892535686,594.725102305412,8123.00913566351,268.859743863344,1090.6967638433,86318.9592745304,2495.49017909169,11498.3711276948,11350.5734084547,242.879087150097,3938.16649505496,184.752274572849,2349.13351254165,1472.66889339685,5738.55565342307,569.803893119097,44.994392901659,129.43142336607,4919.75715136528,25722.2284532189,2069.94024920464,17505.4627695382,23814.3091739118,487.879933446646,457.698248535395,4698.03327763081,0,3404.93196448684,54863.1422863603,5.74283421039581,264.030392065644,1214.4503120333,2394.35546730459,3447.73707306385,14591.0743142664,895.577068656683,4824.64979982376,2554.79060322046,820.260033518076,315.19810667634,273.044315695763,3861.28763720393,42.3141315281391,893.376641660929,373.440313190222,1541.62542578578,116.522156268358,50.6612486541271,2.68823778629303,40.4371858239174,71.1319645047188,3030.70714130998,94.6085923612118,234.531315594912,700.587017357349,267.957597196102,2613.28539937735,1121.46295055747,130.751631110907,1604.43015614152,2.84403502941132,170.511127531528,491.561616003513,2265.91526484489,51.749026954174,0,8.05080562829971,926.651335686445,393.07659688592,944.41576808691,693.494704782963,10724.236079067,0,24.5054651796818,1149.39909020066,7227.34625291824,364.204188406467,9.33455321192741,0,8.19365161657333,37.8308995366096,673.123811215162,581.142187327147
11516.0203626752,72.1125352978706,437.451441287994,272.900471746922,36.7197654545307,581.670323178172,3395.00288465619,2996.57316985726,1462.25930999219,4406.2554243803,2988.14871604741,1459.80016469955,889.457466840744,29839.848991707,137.87753328681,14.2721840143204,2790.13349835575,482.216898024082,1405.44701583683,249.150665700436,283.202111318707,56.8347340524197,1607.75963188708,1152.65319006145,157.190313249826,1021.63945619762,1059.35983118415,3404.93196448684,0,24381.6561858356,27.586699783802,994.141986787319,15433.06366539,6904.8206910491,454.202517956495,2316.85675519705,194.620121508837,4578.98803798854,1187.54927127063,156.266617581248,153.364593803883,262.206931114197,156.099592208862,123.551593691111,36.07420784235,14.7092119455338,51.3607829809189,2.86075258255005,29.2017744779587,1.74220323562622,13.8608239889145,13.8973657488823,29.2297423183918,6.29183638095856,6.29793038964272,58.7759356796741,5.56621748209,185.490469843149,11.5617795586586,31.0905681848526,65.5292607247829,103.101766198874,1.81736648082733,4.09260314702988,10.3126319944859,6.91732496023178,0,6.66840618848801,13.5117419064045,0,26.6119612455368,5.32185223698616,838.107978701591,8.54629194736481,34.8278198838234,72.1330496668816,309.151058465242,9.36012876033783,0,4.53997871279716,0,2.37935853004456,34.4849406778812,49.3233503401279
10886.8599370122,61.6559152305126,2350.80793488026,17.7726214826107,74.5391300618649,597.645739585161,19576.5095160604,9263.17149719596,214.487428098917,178.756031095982,297.53605350852,53.4171852469444,113.085456371307,31562.4296194911,259.759217381477,74.2584007680416,7491.62668274343,160.022570565343,1332.19753324986,14.3627572357655,31306.9473602772,51.8740841448307,20115.4236700237,505.670470803976,32.2710852921009,1878.26334916055,3363.30791509151,54863.1422863603,24381.6561858356,0,14.4650151133537,107.316185057163,5255.07612372935,15318.5292073637,2984.55181610584,9439.90657329559,538.234976768494,15353.8169786036,5076.37120941281,230.567607820034,139.543765962124,89.0468128621578,114.111870288849,27.913722127676,25.3009615242481,37.5725378096104,9.40408998727798,0,7.04223218560219,0,34.3809299468994,103.789474010468,3.77417898178101,13.4176748394966,0,6.33124575018883,0,22.7380074560642,0.381771922111511,0.572421967983246,4.68331149220467,6.79454490542412,0,2.88531166315079,26.4925127923489,65.4892911612988,0,11.8926429748535,3.56072330474854,3.53838321566582,39.0800642967224,98.2110428512096,104.353623390198,0.670847415924072,38.6681125760078,540.512692153454,33.0244499444962,0,0,0.872776746749878,0,0,11.1969908475876,309.937884539366
0,211.73838737607,29.9352118074894,0,0,6.3720934689045,2.46581995487213,7.97105386853218,84.9113849103451,15.5704942047596,352.772823035717,27.4445371329784,2968.78755417466,5.47197860479355,0.729059636592865,19.8345781266689,90.38775780797,68.1000227034092,158.388695389032,1.11016622185707,12.2707399427891,93.8901518881321,44.2489271759987,53.3302218019962,405.062641531229,555.990549862385,3393.55574667454,5.74283421039581,27.586699783802,14.4650151133537,0,15.5617655813694,1.96963202953339,56.4664787650108,18.8369252681732,348.50012716651,737.805808931589,265.288658082485,191.03157889843,0.602860867977142,1.97131699323654,13.7235984802246,27.4166988134384,776.225478947163,38.5105648338795,17.039391040802,0,0,48.3488892614841,0,377.416624009609,0.722742438316345,0,1.04473924636841,0,0,0.628305315971375,4.6734227836132,0,434.707688957453,1.10176622867584,1447.13264703751,1.60562944412231,0,3.15607678890228,1.73988804221153,451.387606978416,53.9663652777672,0,0,71.664987295866,0,1.5506049990654,750.503079891205,3577.87308943272,5848.67121884227,0,1.52856552600861,0,1421.11542376876,0,0,8.71220082044601,8.29989331960678
