0,0,0.00570256423644605,0.000104396429294944,0.000796391576767014,0.00462945392679127,0.525957162689971,0.125327232634627,0.000237626250163006,0.00997216015500881,0.0198638532074636,0.00224485570071974,0.00118692708747325,0.88245886132167,0.00179234626138401,8.70780194908621e-05,0.0269014034961748,0.0091381989169129,0.014085263601982,0.000814452597861316,0.0124941966563219,0.000316361894893026,0.0394257482955635,0.000902290811753867,0.000138775683143235,0.0198314368823262,0.0187414389884086,0.00211845367905771,0.50429803455782,0.741546930087646,0.00122522354824118,0.00631158851936009,0.00496431987752917,0.0489429883432983,0.00289458281252461,0.0165590606704691,0.00324135216438103,0.00212806906276503,0.00475133996999216,0.00393223971688342,0.00470990712749541,0.00156371324321322,0.000360437071608639,2.98013067121983e-05,3.41337423703909e-05,4.18206629475117e-05,6.11137482019901e-05,0,0,0,0.000110089125812459,0.00028946860913372,0,0,0,0,0,0.000106244179838848,0,0,0.000149465627584219,0.000213299041935253,0,4.94948540363789e-05,0,0,0,0,0,0,4.24338473682403e-05,0.000148920382326865,0.0007890175518671,0,2.99085211449623e-05,0.00137055960496903,0.000833796436891937,4.73283390702725e-05,0,3.5856024788475e-05,0,0,4.69494697274208e-05,0.000745863183090806
0,0,0.00698088935249798,5.07544236030579e-05,2.77428478743553e-05,0,0.000775677862124634,8.68273884694576e-05,0.124034001565312,0.00033945907151649,0.0548756366636135,0.000105128105480718,0.169140439108811,0.000624944372885656,0.000683080676442504,0.016581131848027,0.0195206117043631,0.000658841143287707,0.00411743646996846,0,0.00306063772887418,0.268411357037464,0.0037932554620579,0.233490986180012,0.24969963796335,0.0234790615670522,0.720994643905994,0.0049113159024617,0.000642399838002777,0.00137882293434813,0.00450152226461242,0,0.000245197363613748,0.101296438199363,0.00357214977992249,0.0237991325134057,0.00257837203897133,0.00322001608066263,0.00636842807307022,0.000928893488267897,0.000212809015602422,0.0370903378619109,0.0224976806110851,0.00195617109163377,0.00201683383210144,0.005830831166291,0,2.77708157509089e-05,0.0107267435763309,0.000168538738957214,0.031901283355224,0.0169450640925699,0.000160294121116519,0,0.000103467777863503,0.00102985164463176,9.11402870801926e-05,0.00205686197730367,0.000188898922991038,0.00390042776611233,0.00352923928548009,0.0212588064660454,0.000323815020671082,3.82780937697173e-05,0.000367993753681326,0.00776691727594637,0.00101205092943242,0.00126914301128941,2.16538653917312e-05,0.00152426407352178,0.00236045398949618,0.0116492768873638,0.00168679373557241,0.00303873978334937,0.0128889326484181,0.230153296723624,0.000501748156644702,0.000368312162001586,0.00130877849976028,0.0032345867408236,0,5.3396279165411e-05,0.00396836365982394,0.00285013403631242
0.00570256423644605,0.00698088935249798,0,2.3041328739667e-05,0.000794585071614932,0.000307277812970925,0.0482775538049079,0.0124141773935824,0.00527776954299181,0.00252532177990079,0.00372560872543559,0.00012732565991807,0.000166012621150732,0.0271863747551412,0.00127302396749382,0.00714352343334989,0.358596125932363,0.0238391066444179,0.0670248665029257,0.000210483184327197,0.259285217591439,0.0152145670154552,2.9628719128082,0.0158381156699024,0.000154437777257824,2.19320124048572,3.11212568622486,0.0460089451242161,0.0133773489171901,0.236754728366149,4.88175758907795e-05,0.000928291516433648,0.0016254063623379,0.0337642503432242,0.0131831306381949,0.146454215595744,0.010710065995095,0.0154402254054235,0.0346239310001509,0.00138558077339666,0.00174240141242273,0.00016584641635015,0.08707943370579,0.00450870328688442,0.0144166223440025,0.0326946166730162,0.000485947409383035,0.000179498532362724,0.0001318992713974,0.000154220603632522,0.0130664402009486,0.0847219983878324,0,0,6.4973111679554e-05,0.00205782587820268,0.000165147899267292,0.002111755193416,0,0.00106219505211554,0.000104702341674328,0.000350648749536753,0.000662072338314772,0.000176157909983682,0.00428591639198413,0.0451042347801293,0.00278886061338701,0.00608580413405013,0,0.00264639805191014,0.0165582061183022,0.0666588381498579,0.00732023254058053,0.00046460176409626,0.0227803646018418,0.469450105086032,0.00310795163887875,0.000750393160520482,0.00262185529795167,0.000407005530756855,0,3.50426370810986e-05,0.0107853539232555,0.0104973766644304
0.000104396429294944,5.07544236030579e-05,2.3041328739667e-05,0,0.00563398703319733,0.0239810388521732,0.0306268452398601,0.0158270772889606,0.161794721989381,0.199677304773558,0.00302528104225309,0.426264176680313,5.35236896654606e-05,0.00688010369977684,0.0425509749622428,0,0.00026576156399982,0.000174069080737352,0.000273631012258101,1.12572161638522,2.6074679077363e-05,0,0.000430554670115304,0.130809409761034,0,0.000247796227959824,0.000113626057480288,0.778274347478502,0.00367681681200814,0.000931635792326114,0,0.00271482666121795,0.00018269688739121,0.0168726468779031,0.000947477625427439,0.0174291869188464,0.00158789129097426,0.000652113783328127,0.00134684358560371,0.0653126397516027,0.00598052789941092,0.000246902916177607,0.00253744582779472,0.000247698878013325,0.000161055339889384,0,0.00595773950248118,0.000401529159232092,0.000295664859233165,8.04026573518755e-05,0.000154104493588257,3.46013204067707e-05,0.0240055398312116,0.00238317390154789,0.00540979226383324,0.0185309904361514,0.00500045753733151,0.0548417639578407,0.0586414100600362,0.000372028189822769,0.0560104261350467,0.000601681793847156,0.00449099472809287,0.00446075841511023,0,0,0.000266041628927851,0.000169507902765441,0.0210025889774952,0,5.15487945417881e-05,2.69870885604858e-05,0.0661574102953483,0,0.000156807002098274,7.08727612341642e-05,0.0723240775751207,0.00106835989587357,6.2765903973341e-05,0,2.37079145776033e-05,0,0.00117016829649582,2.48224489104509e-05
0.000796391576767014,2.77428478743553e-05,0.000794585071614932,0.00563398703319733,0,0.240517556037591,0.0340102435553685,0.00907373856890639,0.058775312360923,0.0208914667398277,0.00161774266931927,0.0784272562420284,8.72059433326721e-05,0.0044613245802005,0.341800432725762,0.00664166532213736,0.00131747304662389,0.000555693903419065,0.000309837418234062,0.0106532635430451,0.0241126604634868,0.000590068821610594,0.021302774030604,0.0252669815807275,0,0.000899618548785422,0.00684356718961293,0.0246151465119148,0.00277098666605451,0.016968268377258,0.000162372343612146,0.0467998472762411,0.000214324296424055,0.19024940665763,0.185581081130749,0.106140153202921,0.00596547233014827,0.00107669320390899,0.00534260538893445,1.5497116776984,0.810048949297474,0.00078417195249925,0.00495582688089624,0.000102289505907726,0.000206237517300654,0.000881380887253763,0.000936892657064151,0.000165125131866503,9.71567820064541e-05,0,0,0.000158877499031639,0.000911306741776372,0.000452468344246674,0.00024813204596529,0.0016977821512496,0.000146372378125048,0.00314228242124062,0.00161557450102272,0,0.00301687643289699,0.000521616607831192,4.88581853862762e-05,0.00112987532475385,0.000687815810213113,4.20644864097118e-05,0.000166816158245945,0,0.000631449439676428,0.000614506312759924,0.000142598289500857,0.000733538957346082,0.0121580160720204,0,0.000474069159698439,0.0015403581655391,0.00798270051046532,0,0.000208157193499804,6.85899419863701e-05,0,0,0.00070603666095829,0.101447548391272
0.00462945392679127,0,0.000307277812970925,0.0239810388521732,0.240517556037591,0,0.443649252618012,1.17941097438137,0.0255103306527074,2.65052162191233,0.0109406186062204,0.483241622258623,0.000710010737820554,0.0693169830798965,0.235957477706165,9.15532728389739e-05,0.00144037739338868,0.00353425148274808,0.00197453148809324,0.0463276541078204,0.0022761674693156,5.6845413205719e-05,0.00364585739240985,0.0056804005903131,0,0.00301799238932526,0.00202830928886726,0.0380287584645391,0.0169195043230267,0.0153316053365507,0.000315010328470731,0.0224893411498856,0.000695218332517791,0.0420066970835629,2.21568028404613,0.116041498222777,0.00466690872905738,0.00160778527513247,0.00605814004251373,0.667532407631368,0.0152602191919336,0.0015468427194706,0.00189746091823554,0.000131666297482681,0,0.000420195574439049,0.00212375933901121,0,0.00015529645465765,0,7.48763205624104e-05,0,0.00202747511313093,0.000336100528422832,0.000553595144940662,0.00347861455235446,0.000129067192652178,0.00369183549234688,0.00320938050188892,0,0.0188973004404196,0.000750845190313625,0.000527829920763302,0.00132997494411421,3.12435773863077e-05,0,0,0,0.000352204683788538,0.000194293381819725,0,0.000347816643043327,0.0156918946443522,0,0,0.000319356420869637,0.0131168567393051,0.000440999237194705,7.81691304748532e-05,0,0,0,8.83464684825899e-05,0.0575073166569069
0.525957162689971,0.000775677862124634,0.0482775538049079,0.0306268452398601,0.0340102435553685,0.443649252618012,0,1.04789210496415,0.117454781262301,2.05764522367322,0.14292327720222,0.0212525262591323,0.0105033104188392,1.51462878793132,0.0786673739941141,0.00232299643784559,0.0515155854863246,0.0541080983854431,0.0577167403350568,0.0162534467091373,0.328413264683682,0.00120257570983515,0.133284149914644,0.487681992244341,0.000205274416474843,0.0887317228673789,0.0860437490084481,3.5744628465363,0.345828836502619,1.16160403178225,0.00637802444694593,0.0996161698029554,0.0362578043613676,0.523880394549361,0.115444295890756,0.958329466573147,0.0460276326581181,0.0452770103413732,0.117136567771425,0.235324254610584,0.150812494938471,0.0140196594637871,0.139764215125666,0.00161030571149433,0.00455170793560524,0.00588519996217253,0.0454802045791041,0.0159563126472864,0.00313078808644717,0.000514094504644489,0.0058183662224704,0.000868193512023787,0.0355714639786191,0.00352271515336132,0.00748528616763954,0.21850503981859,0.0254092480364024,0.0632627920714915,0.0757814541035948,0.00046147677531724,0.0322242781390062,0.00716451050479217,0.0319445147645744,0.00932605315473577,0.000933159816144131,0.000368127927805925,0,3.40618028410435e-05,0.0134094084258691,0.000583567338962746,0.00123138562642829,0.00141022385098408,0.608475481076981,0.000161174439802551,0.000134837394526148,0.0057816405458677,0.58822470520725,0.0170493443470748,0.000617281507688427,0.000183099680309987,0.0018688115134366,0.000535828756581116,0.031186888364288,0.0224263250634868
0.125327232634627,8.68273884694576e-05,0.0124141773935824,0.0158270772889606,0.00907373856890639,1.17941097438137,1.04789210496415,0,0.0106241058744067,0.949104951084435,0.0453530739011857,0.288226634933975,0.00309696896707964,2.04424090065826,0.0218728908904981,0.000275597989894438,0.0317201105864572,0.0174558000402467,0.0172271735706518,0.0562423110761524,0.0274037096113787,0.000446975316862893,0.0526474296281895,0.0107929665225825,0.0003761200832438,0.0316694718266148,0.0238821792299898,0.0537826832600053,0.162022777380141,0.326639897342395,0.00251153255307877,0.032933646651599,0.00790819898257217,0.118683370834089,0.238305675799866,0.186803917688363,0.0131378247662305,0.00570001435461581,0.0167806893831128,0.14942633752735,0.0138768054121596,0.00490634874283998,0.00501721032313528,0,0.000213639322776747,0.000224050161915064,0.00152587147375359,3.33195592145204e-05,0.000305625782066489,0.000146527791186905,0.000375765826557255,3.45329858314991e-05,0.00152191417068022,0.000429527577308035,0.000116769917349887,0.00993382507567894,0.000488719161221981,0.0046523298993629,0.00212596158903845,4.41615106254101e-05,0.0080980266101787,0.00143220692799654,0.00154574493580313,0.000320529961756754,3.15717854470253e-05,0,0,0,0.00021600527332921,0,7.09727726958275e-05,6.68377308187008e-05,0.0392301625527378,0,0,0.00112542665187213,0.0306289110311607,7.55177942763805e-05,0,0,0,0,0.00114528010515475,0.00715407719654625
0.000237626250163006,0.124034001565312,0.00527776954299181,0.161794721989381,0.058775312360923,0.0255103306527074,0.117454781262301,0.0106241058744067,0,0.262373153711341,0.019056061057082,0.349050216814446,0.0382999588266841,0.00651143791004799,0.204027033801114,0.0308314703345042,0.0173852215440835,0.00280937725913354,0.00515236856435505,0.103497612842659,0.0373706645410557,0.687607294374086,0.0110867440276486,2.79362213261195,0.0600174008786415,0.0194263626843263,0.411591440845714,0.605752281367676,0.00824732658330173,0.0144968160411973,0.00175077942512598,0.0026401950266244,0.00265799925428381,0.0370528459626094,0.0175092202337386,0.0925136574440371,0.00333076107688186,0.00672408991475451,0.0168962243435523,0.281955069195164,0.0094140937316501,0.00230442015573993,0.0783559312128287,0.00205779976020634,0.00217274641480171,0.00523776687988958,0.0192359879060857,0.00762298700794237,0.00162884375888822,0.000576004950009584,0.00721232963558321,0.0014525454268095,0.032727868785598,0.00321712343221435,0.00547907247012434,0.054396221181282,0.00740385148292492,0.2930751758773,0.0359943460022956,0.00117551457288187,0.0437873966216457,0.00321193807922087,0.00982289894381339,0.0069053406027885,0.040604839718216,0.00123866448424037,0.00134979207268638,0.0010335807881037,0.00999263010862242,0.0144349279585717,0.064850964854114,0.00569004098902566,0.662757313916016,0.000598899913914013,0.0026920720153528,0.0201423802260131,0.2677707781938,0.0106771325544415,0.00255622747897754,0.00108096876499987,0.00324970961566565,0.000562772361394715,0.0100467018299273,0.0173254433099682
0.00997216015500881,0.00033945907151649,0.00252532177990079,0.199677304773558,0.0208914667398277,2.65052162191233,2.05764522367322,0.949104951084435,0.262373153711341,0,0.112899138253401,0.464824549388702,0.00346900211689374,0.328962612878241,0.0697612099187259,0.000273411165555883,0.0105004715649077,0.0237939007607916,0.0263039735109565,0.234303720264586,0.00574763078709426,3.05608582805157e-05,0.00772647364764705,0.0617461120490204,0,0.02019413210503,0.00772928478343585,0.393462185342533,0.179862404712769,0.0348063981116078,0.000689358688935256,0.0928064474275467,0.00211488948015547,0.3565571918264,0.892082447957458,0.412673623737973,0.0342932684235531,0.00842518127972939,0.0394971351616339,0.288515085480029,0.0647319641823951,0.0130974805158088,0.00509193715025253,0.000337638893437242,0.000101768147228694,0.000825931354350971,0.0179836390346724,0.000415562956405449,0.000623624055564952,0.000123766504251766,0.000937647644053027,2.36270724997044e-05,0.071202733999678,0.00612812465081914,0.00690067684664612,0.0829859897220983,0.00595809257524438,0.113299307328669,0.117828612553496,3.87689340498447e-05,0.0894722314172497,0.00421528368739357,0.00819941566607897,0.0120134884314468,0.000169136197083736,0,3.36229835050106e-05,0,0.0293019885050245,2.60709400069714e-05,0.00012469670033319,0.000337744579406476,0.268012941751543,3.32010281395197e-05,2.35229496792555e-05,0.000272786925788498,0.326117696144667,0.000493978067765307,0,4.49835465228081e-05,4.98988077549934e-05,3.93502357850075e-05,0.00141327522609215,0.0243983068385514
0.0198638532074636,0.0548756366636135,0.00372560872543559,0.00302528104225309,0.00161774266931927,0.0109406186062204,0.14292327720222,0.0453530739011857,0.019056061057082,0.112899138253401,0,0.0442001664577833,0.614849722775551,0.162653257117231,0.00568639251189301,0.00329093942687137,0.105970693550813,1.59090864008161,0.380104158664709,0.0173883104810094,0.0657012927756392,0.0308916991994407,0.0612638849718985,0.0326567166947632,0.073611980591682,0.437901021643062,0.196150627285449,0.0324247583758462,0.195262859272831,0.114512266658968,0.110687847095002,0.0391338499103851,0.01539466029587,1.13785147013284,0.0186173228984178,0.292140202048958,0.3483017610936,0.238026307721714,0.228535473505895,0.0212978835230815,0.00606616816424776,0.32812236900064,0.00950435447699394,0.0615339640141188,0.00138879608720205,0.00339783423039422,0.00149495234454646,0.00042403629112401,0.141617238447903,0,0.0183130846791303,0.00415656506004274,2.97993920861721e-05,0.000135607203680277,0,0.000484396233948112,0.000498588410928726,0.00424510649896331,0.000307407970543098,0.249937607898134,0.00133949960738325,1.0052668362988,0.000238599007363558,0.000578392243555069,0.000353443983292723,0.00216992586543496,0.00205392276274559,0.000272590204901362,0.000137097249823379,8.2521653519869e-05,0.00410141346422324,0.00215743280574739,0.00619829048264015,0.0276496585582017,0.0251916417449282,0.170026233643776,0.0015271753433268,0.000811005172647856,0,0.0631091929628667,4.33220951033592e-05,0,0.0595363457734771,0.0129010741221836
0.00224485570071974,0.000105128105480718,0.00012732565991807,0.426264176680313,0.0784272562420284,0.483241622258623,0.0212525262591323,0.288226634933975,0.349050216814446,0.464824549388702,0.0442001664577833,0,0.00226925699896259,0.0990247473338072,0.44235883567898,0,0.00121320429374928,0.0125765110908845,0.00919777189988085,0.741710647419044,0.000285318388989401,0.000246777707035017,0.000713496844029379,0.0551492250846919,0.000133387083810138,0.0090987644953915,0.00310706055851455,0.427840519129773,0.065772306458436,0.00359648555772035,0.000566737919558573,0.0403819543033199,7.69610754475594e-05,0.143578407649967,0.32774632198304,0.101210131801908,0.00953482663583033,0.00441108455741451,0.0131481493570159,0.517925500657498,0.0265889523683059,0.00566267805105178,0.00181421080732148,0.000341428033149362,0.000151145092212296,0.0002017940818923,0.0246987536705223,0.000453441973203277,0.000314772713669014,5.49106651074886e-05,0.000129116709320927,0,0.0502558902491892,0.0084244463153815,0.0176960671216008,0.0103633827135405,0.00479606062541241,0.0493890648137686,0.0563925286314861,0.000174089473354411,0.126018302178345,0.00386529997904477,0.00329320798123033,0.0173708649520615,5.63178042438984e-05,0,0.000410616520066882,0.000146284087966919,0.0234036535539175,0,0.000125789440764713,0.000166465818680763,0.0579825040229504,0,0.000423417163963079,0.000278433102443219,0.0618281003705114,0.000705018086849427,8.06555174789431e-05,9.33159728274825e-05,0.000198729709063339,5.60818242738247e-05,0.00153763454527109,0.0331801077886322
0.00118692708747325,0.169140439108811,0.000166012621150732,5.35236896654606e-05,8.72059433326721e-05,0.000710010737820554,0.0105033104188392,0.00309696896707964,0.0382999588266841,0.00346900211689374,0.614849722775551,0.00226925699896259,0,0.0101343991199448,0.000887247141845724,0.00172942308753154,9.42804425646541e-05,0.00173341410698426,0.000523749170558238,0.000923352854216699,0.0038229323504513,0.0784492355961568,0.00160535364689519,0.0458435719789087,0.784477652003662,0.0236618477990334,0.273558340486041,0.00291402925978625,0.00733902422042649,0.00583047411859767,0.218493231686303,0.00209512817403123,0.00036538193092432,0.171747161156404,0.00130479333402228,0.034964215139056,0.212891486555349,0.0315622736635472,0.0300086369144341,0.00248627152069201,0.00106571002339282,0.0425511992995293,0.0105084984657208,0.0952364856650214,0.0027112657921001,0.00248413562124353,0.000300047865991831,0.000575913343941164,0.101878903631737,2.60564577572107e-05,0.0260965802439918,0,6.09757517623901e-05,7.32140413215637e-05,0.00010971976254158,0.000479996740131998,0.000831361869657466,0.00133231329676617,0.000235145785087967,0.383898631447382,0.000670996153551793,1.53589879701993,0.000508124971239925,3.07182437771559e-05,0,0.000461289428698111,0.00222473355464773,0.000683844374054861,0,3.41699214027644e-05,0.00517528788308873,0.000110447431424331,0.00201688254638464,0.0764086051754696,0.0520646089055076,0.372082391019503,0.00030925950871675,0.0016012701449933,0.000119016310143829,0.124286836175595,0.000119506248607349,0,0.0510142422950518,0.000893102768875837
0.88245886132167,0.000624944372885656,0.0271863747551412,0.00688010369977684,0.0044613245802005,0.0693169830798965,1.51462878793132,2.04424090065826,0.00651143791004799,0.328962612878241,0.162653257117231,0.0990247473338072,0.0101343991199448,0,0.00907607764532399,0.000528455679744816,0.0940846067793008,0.0672946218658233,0.0658643552286286,0.0344074945220551,0.0695456337713604,0.000877988100564907,0.146338302318614,0.0098595290995387,0.000500169690851855,0.0950755104873795,0.0855731904092183,0.0382280174590182,1.32851251903212,1.19216640809297,0.00955390638596102,0.0577136284353366,0.0176657879191453,0.293181545675567,0.0103562172580105,0.112772657851158,0.0219511121575344,0.0111395537213585,0.026750649741498,0.0405312666405798,0.0147808439259981,0.00611576159608863,0.00415640406727967,0.000223277339768529,0.000294105185910988,0.000659121527320075,0.00172502102006957,0.000102199763593626,0.000426042365978765,5.90603302877426e-05,0.000262346255019307,0.000775445722968364,0.000650780928444242,0,0.000169510707646322,0.00655351434668391,0.000154337014282322,0.00280001795087635,0.00114652209623465,0.000483739501034689,0.00389214738314996,0.000668887465841318,0.000455852239948725,0.000441054236445952,0.000246572032727623,0.000353778219650602,0,9.52121509231568e-05,0.0001440463526124,0,0.000414991479846597,0.000570554992461991,0.0250740446721374,0.000116935886290741,0.000675212227119541,0.00764589572801857,0.0164990919380013,0.000146730464063644,0,0.000339057409336996,0,0,0.000850351743357686,0.00171879997926285
0.00179234626138401,0.000683080676442504,0.00127302396749382,0.0425509749622428,0.341800432725762,0.235957477706165,0.0786673739941141,0.0218728908904981,0.204027033801114,0.0697612099187259,0.00568639251189301,0.44235883567898,0.000887247141845724,0.00907607764532399,0,0.00926647356538302,0.00202951041609313,0.00143199973216266,0.00120550059938328,0.0582224155920118,0.0314378292105683,0.00254498368271148,0.0248359610321533,0.181471645688706,6.03725659442424e-05,0.0190015783132037,0.0136534391509613,0.101477933173328,0.00811339303793803,0.0354127964895517,0.000928627514802431,0.0167232195359024,0.00106785890206339,0.0456901565263919,0.517816547559314,0.0395779002798911,0.0123281193240489,0.00397688643952839,0.0110122736124285,0.481616147635705,0.0209852813709916,0.00138684563593311,0.0153555648001528,0.00211591816154738,0.00096920911641784,0.00463187025189442,0.00485513069069481,0.00134742710025809,0.00021803009671998,0,0.000378358535426902,0.000122865210236406,0.00380735012029045,0.000468581628771257,0.00136128869901896,0.00540503976431207,0.000136711746347594,0.0110661892963369,0.00476040633468647,0.000443014674755716,0.0102160344126074,0.00267481546554323,0.000213662314475512,0.00229200637035678,0.00160219311498012,0,0.000126195942693329,0.000285471651565504,0.00130389935628319,0.000795013679612159,0.000637805452368593,0.00207033296691935,0.0398939962822509,5.14615218177795e-05,0.00149180078455045,0.00490382398700781,0.0261705191955622,0.000717068602004671,0.000204988438867164,0.000855862043998,0.00024590615909357,0,0.00118427035424924,0.234056255176747
8.70780194908621e-05,0.016581131848027,0.00714352343334989,0,0.00664166532213736,9.15532728389739e-05,0.00232299643784559,0.000275597989894438,0.0308314703345042,0.000273411165555883,0.00329093942687137,0,0.00172942308753154,0.000528455679744816,0.00926647356538302,0,0.00817564354447128,0.0022554612235646,0.0077839065435002,7.13506130428076e-05,0.870951354414508,0.72440249372087,0.914846224986294,0.145456000281192,0.00404199026836889,0.00916084630209823,0.709738375412215,0.193742467659938,0.000720905228141999,0.00777458766553138,0.000384995343749786,0.000337410400857354,0.000623431124619913,0.0508860958872154,0.0742178223684164,0.525968352088197,0.0380533894739704,0.0476745110171864,0.10114805399788,0.00463368035968823,0.00645336015057535,0.000458129005463505,0.23238902585761,0.00762679696574399,0.0329202240849104,0.0598650671065848,0.00553951636513746,0.00434739148422625,0.000293494466455651,4.33496768174172e-05,0.00323432474228825,0.00852586346171286,0,0,0,0.00175975818411784,9.90014594368459e-05,0.0256789406213024,6.6636884698677e-05,0.000599745718459868,0.000193147898990822,0.00260486735074982,0,0.00036876877024827,1.10088586890092,0.000804243578342488,0.000650241672174096,0.00140239356700237,0,0.0715087454077748,0.264018676085086,0.518508771051376,0.228559219491007,0.000299242298653078,0.00125605035223897,0.1745384810653,0.118470039067772,0.000424162034419512,0.000881977855162025,5.40264177383423e-05,0,4.87419759109497e-05,0.00387584158852809,0.0449614059701173
0.0269014034961748,0.0195206117043631,0.358596125932363,0.00026576156399982,0.00131747304662389,0.00144037739338868,0.0515155854863246,0.0317201105864572,0.0173852215440835,0.0105004715649077,0.105970693550813,0.00121320429374928,9.42804425646541e-05,0.0940846067793008,0.00202951041609313,0.00817564354447128,0,0.0730039201009865,0.855905284624385,0.000985338145735433,0.205596552354615,0.0149831795187021,1.83956296569805,0.027475613154775,0.000133536785366821,0.652085767754725,2.37554931067992,0.0365119542769514,0.173981358843928,0.48893091364728,0.000974671220741413,0.00220771535265491,0.0212718078705047,0.914108459797231,0.0091578832842065,0.0721940295644149,0.00706702627780058,0.0280586876659925,0.0558794460413817,0.00260141887110465,0.00410490422056847,0.000483236217997742,0.116253693667796,0.00439636595770776,0.0124616707350311,0.0382621590078831,0.000546560133714294,0.00021167336488688,0.000125901414014339,3.93880982083797e-05,0.020793599455827,0.11813818291146,0,0,0,0.00269941706187909,0.000213754135592509,0.00226306258255691,0,0.00113339727470426,0.000405040419187188,0.000821846603779935,0.000420955384990597,0.000356118627981949,0.0015100726156821,0.07737914218678,0.00308094628043876,0.0092807567379716,0,0.00364502022680461,0.00716932766456401,0.059487923285754,0.00427405240950072,0.000358823310101223,0.0524379421257034,0.503742121031997,0.00153685537109835,0.00072599383471241,0.00659450345147559,0.000577325211833882,0,0.000178122189107251,0.0125139634820263,0.00658447974602001
0.0091381989169129,0.000658841143287707,0.0238391066444179,0.000174069080737352,0.000555693903419065,0.00353425148274808,0.0541080983854431,0.0174558000402467,0.00280937725913354,0.0237939007607916,1.59090864008161,0.0125765110908845,0.00173341410698426,0.0672946218658233,0.00143199973216266,0.0022554612235646,0.0730039201009865,0,0.374623604218544,0.00571573548765757,0.0405925457403251,0.000644073313643647,0.0513320696615854,0.00679592043066065,0.000715151390770912,0.967197774308951,0.17322141323725,0.0160663308394419,0.0832792356074308,0.0621777215115868,0.00567930225630627,0.0114359000024689,0.00715777656388371,0.232218501797142,0.0221283148683039,0.241211409719253,0.110644538328286,0.0831958535919639,0.147302265079925,0.00453261462816496,0.00270018222783387,0.000997931771848723,0.0032019865792149,0.000575610435304785,0.000329696238481665,0.0014004178394326,3.11490508194924e-05,4.52927863742352e-05,0.0001236177877563,0,0.0007714310042377,0.00246563341527887,0,0,0,0,0,0.000938916321967434,0,0.00183774512451468,0.000130533356841659,0.0069877617985631,0,0.000245315806819439,0.000151471198346615,0.00226038857376401,0.00121034286434205,0.000365778172954774,0,0,0.000206038479438544,0.00107834272591338,0.000303937535132074,0.00107702792123572,0.0176492279509815,0.0727582442542926,5.37212938704014e-05,0,0,0.00416007253468044,0,0,0.000931784853361772,0.0116337452468022
0.014085263601982,0.00411743646996846,0.0670248665029257,0.000273631012258101,0.000309837418234062,0.00197453148809324,0.0577167403350568,0.0172271735706518,0.00515236856435505,0.0263039735109565,0.380104158664709,0.00919777189988085,0.000523749170558238,0.0658643552286286,0.00120550059938328,0.0077839065435002,0.855905284624385,0.374623604218544,0,0.00374883544454605,0.126369805064982,0.00268451072245366,0.237330488358488,0.0142539736571901,0.000562034432613802,1.37598245133463,0.701099190414523,0.0340629650201975,0.104555122563248,0.146230383749756,0.00316569402662952,0.0040069557545743,0.0167087654713792,0.631893755050524,0.0250691242451146,0.260174303724645,0.0325910909869648,0.065039479513049,0.184710839274108,0.00345664108546972,0.00285424845433745,0.000167409320025658,0.0182694703260759,0.00266545935642264,0.00218709873128815,0.00754354200351906,6.46542062039853e-05,0.000208604545408344,0.000277465291359901,0,0.00332834074910038,0.0104231366864768,0,0,0,0.000137226574949455,2.504357434237e-05,0.00185650218500851,0,0.00121569570780287,9.39857057741402e-05,0.00263032866735549,0.000108832116017532,0.00039155842509656,0.000571365339428758,0.0164767818345391,0.00171077192227464,0.00242807799802766,0,0.000282746202228427,0.00141447850611613,0.00631390563307479,0.00223441428999846,0.00135371018835969,0.0350407080791907,0.199480914349024,0.000266350029396129,0.000188653841610289,0.000362825084295059,0.00238050509323075,0,2.38569941120624e-05,0.0030302515594074,0.013286123503247
0.000814452597861316,0,0.000210483184327197,1.12572161638522,0.0106532635430451,0.0463276541078204,0.0162534467091373,0.0562423110761524,0.103497612842659,0.234303720264586,0.0173883104810094,0.741710647419044,0.000923352854216699,0.0344074945220551,0.0582224155920118,7.13506130428076e-05,0.000985338145735433,0.00571573548765757,0.00374883544454605,0,0.000329638045874691,0,0.000415812394254112,0.0997884770508359,0,0.00302490644613355,0.000783845617442247,0.656052955258394,0.0214669439860691,0.00204258179227166,0.000100301129781962,0.0117544134144242,0.000309209161914254,0.0506134706617692,0.00189148546752662,0.0434076338282709,0.00522194124942663,0.001766057000826,0.00571140041592007,0.0930824136499725,0.0104017665210277,0.00233027956888096,0.00081237142249439,0.000182724674904442,0,0.000166640405751085,0.00857381038222941,2.94307687673808e-05,0.000197961009837341,3.51776413394451e-05,5.77966169893741e-05,0,0.0322770736857571,0.003309967077438,0.00312274410199027,0.0114919580511573,0.00124356755707426,0.0301931593653682,0.0373719014125921,0,0.034927156985794,0.00174572722651062,0.00190359437877567,0.00620916224487076,3.81215337821245e-05,0,0,0,0.00832781265406503,4.58322206953525e-05,0,6.00162373918533e-05,0.0486963698265493,0,0,0.000129464953896761,0.068695086319925,0.000263341534511519,0,0,7.62114577360154e-05,0,0.000306706336412072,0.000105555663670921
0.0124941966563219,0.00306063772887418,0.259285217591439,2.6074679077363e-05,0.0241126604634868,0.0022761674693156,0.328413264683682,0.0274037096113787,0.0373706645410557,0.00574763078709426,0.0657012927756392,0.000285318388989401,0.0038229323504513,0.0695456337713604,0.0314378292105683,0.870951354414508,0.205596552354615,0.0405925457403251,0.126369805064982,0.000329638045874691,0,0.0666743218230253,3.38467975826454,0.126090450672474,9.334304813683e-05,0.188039310936919,0.552818167768919,0.701698806429787,0.0982409005810014,3.03887711489115,0.00349252794313674,0.00264008574957519,0.0276868355269578,0.782089004766709,0.179340158634634,0.750796258852171,0.0334630603935584,0.412698121211488,0.651840222211282,0.0173345809829203,0.0234944777103424,0.00702249357945993,0.139670744149062,0.0043388348378397,0.0107189269537146,0.0289152413848289,0.00468395900566084,0.0022758889559746,0.00089170354722676,0,0.00264891408555708,0.00581731083574519,0,0,0.000383098525133085,0.00402830978906786,0.000387178139974165,0.0484475486678297,0.000119773066080665,0.000176757317421484,0.00023470100451293,0.000530007174284076,0.000343162397597623,0.00295819638479812,0.190302837263635,0.00109338891859567,0,0.000275498891811133,0,0.0417349611186612,0.0456866260461814,0.0673002844462908,0.214062626887593,0,0.00123724000941396,0.0558937042706479,0.10361415229037,0.000883013487478854,0.000509434577754164,9.5437262846947e-05,0.000455291074159741,4.34565305235386e-05,0.00459277560480981,0.0832755413469187
0.000316361894893026,0.268411357037464,0.0152145670154552,0,0.000590068821610594,5.6845413205719e-05,0.00120257570983515,0.000446975316862893,0.687607294374086,3.05608582805157e-05,0.0308916991994407,0.000246777707035017,0.0784492355961568,0.000877988100564907,0.00254498368271148,0.72440249372087,0.0149831795187021,0.000644073313643647,0.00268451072245366,0,0.0666743218230253,0,0.0413302646569524,1.68044223200953,0.107331490030235,0.0127110421036241,1.01084207298383,0.119995471539515,0.000550291362926173,0.00450851597032585,0.002942189863798,5.38728545567036e-05,0.000250415864148402,0.0299264355121776,0.00910241571728392,0.0579367984843648,0.00453342839509778,0.00701822992003591,0.0107153324838349,0.00365963614428513,0.000978780364295483,0.00559506213574627,0.074727763071086,0.00180700612508147,0.0147571964724431,0.021010039342327,0.00265569681011925,0.00130928168452235,0.00116993985941233,6.83513374987364e-05,0.0027185441411951,0.0159555722165425,0.000235800540941906,0,0,0.00201356107257822,0.000232983520221663,0.0135822720807214,4.13228601807118e-05,0.00266895197420984,0.0156697517954976,0.00418746928152766,0.000310843873315144,0.000109229054065419,0.237464333310777,0.0038268724288275,0.00079717227940328,0.00109734109287615,0,0.0192453833968439,0.203710786184884,0.107639617426132,0.0749048656062168,0.000682605930120277,0.00563619446057682,0.161347983316132,0.0367966469589871,0.000423614782042122,0.00104374112802458,0.00267851193550579,0,0.000175805813032294,0.00246001316700776,0.014423144836665
0.0394257482955635,0.0037932554620579,2.9628719128082,0.000430554670115304,0.021302774030604,0.00364585739240985,0.133284149914644,0.0526474296281895,0.0110867440276486,0.00772647364764705,0.0612638849718985,0.000713496844029379,0.00160535364689519,0.146338302318614,0.0248359610321533,0.914846224986294,1.83956296569805,0.0513320696615854,0.237330488358488,0.000415812394254112,3.38467975826454,0.0413302646569524,0,0.0539595786987333,0.000162967690562868,0.974837277609388,4.29583551442572,0.230013716068572,0.235298519093171,1.86880449487659,0.00258218960903005,0.00362088853935421,0.042404913148946,0.893934013073461,0.317811060655735,1.608806863857,0.139637821622702,0.493348114887978,0.750494050897235,0.0160053982453849,0.0275377410177183,0.00229972736572752,0.232576747079796,0.00655968315612266,0.0500908602497252,0.083551387142143,0.00371402539521718,0.00204784317302978,0.000464615887931729,7.07143883639574e-05,0.00327245583301406,0.0552475593848279,0,9.42420922353742e-05,0.000190493644606304,0.00138868444693086,8.92248817919967e-05,0.00879432960377622,0,0.00132570063169248,0.000179656609252095,0.00276665363843465,0.000432732571094155,0.00292581377372782,0.454395983070236,0.00813377899774035,0.00139659176223721,0.00368681635455955,5.06313140745163e-05,0.0322684141397835,0.0738691366863316,0.389387012295092,0.0701827657910219,0,0.00682030750794933,0.475550969934324,0.042994463453756,0.000434288255612111,0.00194583519808016,0.00019984172987144,0,0,0.0112284926278551,0.172180012549929
0.000902290811753867,0.233490986180012,0.0158381156699024,0.130809409761034,0.0252669815807275,0.0056804005903131,0.487681992244341,0.0107929665225825,2.79362213261195,0.0617461120490204,0.0326567166947632,0.0551492250846919,0.0458435719789087,0.0098595290995387,0.181471645688706,0.145456000281192,0.027475613154775,0.00679592043066065,0.0142539736571901,0.0997884770508359,0.126090450672474,1.68044223200953,0.0539595786987333,0,0.0874267829095378,0.0318132518045689,0.844569649850144,1.93710841060228,0.024309145303595,0.0882073020769961,0.0042370780928102,0.00584515599586973,0.0108660106500936,0.121162754532743,0.0773390903422998,0.398758832975588,0.0112254113448087,0.0413060045450363,0.101287422336398,0.24563002317007,0.032253233426124,0.00375008741341738,0.486301643843268,0.0122771572143936,0.0184366460940993,0.0339656738501741,0.0846033555338192,0.0466905128483737,0.0126211533229452,0.00192315528968818,0.00826949519636304,0.00274347095572279,0.0818954770781985,0.00521143969447475,0.0130949947739505,0.294403144395081,0.0454671218469734,0.484907529035958,0.0847628443928275,0.00165836959993708,0.0853398623210582,0.00830644204001996,0.0506456580734788,0.0161364883907365,0.105422630365141,0.00158793914968786,0.000108578758735156,0.000743264381178188,0.0235096097166557,0.0313317043248801,0.0453648575040613,0.0357203693052334,2.11423615850441,0.000885928699841097,0.00249071881772532,0.0488479439799795,1.19157622755016,0.0521761432988001,0.00579746139901499,0.000174972959960317,0.0105441839801125,0.00143423523147447,0.0752942684896054,0.056677694111689
0.000138775683143235,0.24969963796335,0.000154437777257824,0,0,0,0.000205274416474843,0.0003761200832438,0.0600174008786415,0,0.073611980591682,0.000133387083810138,0.784477652003662,0.000500169690851855,6.03725659442424e-05,0.00404199026836889,0.000133536785366821,0.000715151390770912,0.000562034432613802,0,9.334304813683e-05,0.107331490030235,0.000162967690562868,0.0874267829095378,0,0.0154888291883451,0.331890156488836,0.00237921947272589,0.000128606597913623,0.000329372682869697,0.0398556737867312,7.79736536321642e-05,0,0.157164101343135,0.00015870183903079,0.0026504606016062,0.00813758478174973,0.00384125059970234,0.00179184790134079,0.000515677687631893,5.38535880542279e-05,0.0521797755779191,0.00735730093061722,0.00511711890833488,0.000632362776412011,0.0012113321340359,0,9.89745575537682e-05,0.0201549493365888,0,0.0370094115312173,0.000135233070030785,0,0,0,0.00012247927666347,8.07426977089407e-05,0.000881412131730653,0,0.0367974873156358,0.000844375226655296,0.292957266618723,0.000403702583500815,0,0.000104644440423489,0.000255582609659243,0.00158851844430299,0.00104403011168761,0,0,0.00277834411371531,0,0.00166234850498671,0.123955056317591,0.0335601330453248,0.265974272936902,0,0.000768003213190413,9.96016299502369e-05,0.0290825703830555,0.00018770650407629,0,0.00825612114509552,0.000475374990144682
0.0198314368823262,0.0234790615670522,2.19320124048572,0.000247796227959824,0.000899618548785422,0.00301799238932526,0.0887317228673789,0.0316694718266148,0.0194263626843263,0.02019413210503,0.437901021643062,0.0090987644953915,0.0236618477990334,0.0950755104873795,0.0190015783132037,0.00916084630209823,0.652085767754725,0.967197774308951,1.37598245133463,0.00302490644613355,0.188039310936919,0.0127110421036241,0.974837277609388,0.0318132518045689,0.0154888291883451,0,5.23005083199805,0.0450895471821026,0.100655437779558,0.268545092210922,0.0943558492666866,0.00976433376633907,0.0159047483715595,0.344884958789188,0.0711983012935749,0.972337945088032,0.436793480015836,0.146294670840293,0.3735584621685,0.0078695664471279,0.00531615653920999,0.00599123515410604,0.128518295224868,0.0188070579418317,0.0154292557614058,0.0405633411517874,0.00101802514534628,0.000611111125851488,0.00285467396147297,0.000221038018141723,0.0243563059833965,0.0505483844761613,0,0,0.000115211085723209,0.00222843393941932,0.00036998500174613,0.00449557354236031,2.87907865193367e-05,0.0699473727324451,0.000453350864290166,0.205363482167505,0.00133801771921191,0.000677983546548986,0.000987178105971266,0.117947682308992,0.0242331942164998,0.0204585343909193,0,0.00320579124404676,0.00485059468496797,0.0191706224648725,0.00540803392956204,0.023626845621145,0.39637371797854,1.64507657894039,0.00152744010512073,0.00206896771138344,0.00604056658278687,0.120898181818545,0.000260408440744614,0.000151013084759903,0.0287569412126023,0.0409505490031502
