0,0,58.0846441686153,0,0.39476677775383,16.3847052454948,2375.21614482999,473.665943831205,0.464882671833038,9.68599167466164,23.1387394964695,4.87914210557938,1.05827310681343,10074.8263403773,24.2503715157509,0,244.9275175035,9.65540966391563,71.1052515804768,3.54877924919128,69.5204162597656,0,207.026407152414,12.9061439037323,0,70.7754730284214,51.123613268137,30.2263383567333,10616.2226421535,8546.90300929546,0,1.05277907848358,17.0757430195808,290.377619922161,6.17676258087158,53.8056484460831,1.75307208299637,219.483187884092,98.6275154948235,5.93498539924622,0.903888642787933,0.638261556625366,0.860256731510162,0,0,0,0,0,0,0,0,0,0,0,0,0,0,0,0,0,0,0,0,0,0,0,0,0,0,0,0,0,3.04248577356339,0,0,0,2.50927141308784,0,0,0,0,0,0,1.25457501411438
0,0,130.8751912117,4.10085773468018,1.27657151222229,0,4.49545907974243,7.51618123054504,3449.84777772427,11.3065347075462,98.5222853422165,1.13196516036987,1238.7832493186,6.84876814484596,27.3144649863243,218.133270919323,13.304101228714,3.67677569389343,2.19622832536697,4.23541355133057,37.0852805972099,4774.02866357565,33.666210860014,2839.59694987535,4709.01714023948,391.321188598871,30424.4654854238,171.940292090178,4.00867569446564,0,75.6012076735497,0.9868223965168,1.21291488409042,266.551282465458,4.23340356349945,163.400337040424,199.987866461277,228.378905385733,73.9316515028477,28.1049863696098,3.00551223754883,307.467437267303,371.126096725464,92.3986150920391,172.584170609713,179.802742063999,9.74408322572708,0,0.751352727413177,0.421732217073441,4032.77174067497,578.295079529285,3.59998452663422,0,0,12.4048475921154,2.24154052138329,71.4111631214619,5.06379356980324,6.51733455061913,4.83494779467583,31.8180837631226,1.03096720576286,3.79286497831345,25.8334957063198,56.8506930172443,10.5764731764793,22.4841767549515,0,8.84413370490074,274.744280517101,31.5994393229485,87.3319898247719,48.8830465376377,567.423074364662,11246.2150764167,38.706901460886,6.6735874414444,2.67105969786644,6.806012570858,0,0.73198539018631,75.3885279893875,35.3811768293381
58.0846441686153,130.8751912117,0,2.94929617643356,1.74189865589142,41.5081335306168,1138.10901722312,302.390587627888,2.09644991159439,346.293475538492,278.984790027142,287.210451990366,24.4723886549473,889.882244855165,48.6537442207336,39.6262531280518,24038.3315474987,308.71868994832,3336.79328364134,32.3118882477283,7713.76972678304,40.3577058017254,67869.2238429189,40.2555239796638,16.5910098552704,31320.527617991,26875.9976404309,556.276215791702,426.639042794704,1520.2621499896,12.3247382640839,19.3338568210602,6.21223518252373,8763.97404149175,723.104745417833,13687.7238661945,3321.53436881304,8493.81472226977,8654.6662697196,34.3902943432331,80.929081171751,45.7124406397343,1361.4497500062,226.108870118856,500.253062307835,561.341835081577,19.1509139537811,2.45204907655716,0.574861884117126,0.334606468677521,162.856788218021,1467.49401792884,0,0,1.35046684741974,1.21060308814049,2.06472027301788,6.08866614103317,0.263611316680908,2.86053031682968,2.90948396921158,0.69191962480545,3.51684296131134,31.1710005402565,61.2938567698002,79.7023030221462,8.80507123470306,26.071879953146,0,13.079404592514,175.356697589159,64.9309827387333,7.49081265926361,3.24746695160866,360.835584402084,6394.52975189686,14.3071137964725,10.8688587844372,2.88552179932594,0,0.512469351291656,0,187.163553476334,518.072873860598
0,4.10085773468018,2.94929617643356,0,52.1326774060726,354.818503320217,96.7373724281788,336.228945955634,1282.98211029172,12701.8184488714,58.9654442369938,6302.77164334059,31.2639754414558,171.732932269573,184.331078827381,0,0.313689351081848,12.3840691894293,11.7084964513779,32490.7456636131,0.891632497310638,6.95033955574036,0.906493216753006,2320.07759210467,1.57686144113541,35.3325805366039,14.1884676218033,13807.8579609692,128.142595678568,1.3126009106636,0.466247767210007,16.2356665432453,0,260.314258426428,4.15746012330055,280.639382362366,3.33698877692223,202.774761497974,20.0396321415901,434.937078118324,64.9583028554916,7.82150658965111,34.5480542182922,0,20.3596378564835,6.54387986660004,89.8123253583908,2.64446938037872,1.29706287384033,0,0,0,568.606614500284,1.13688015937805,9.04424855113029,163.223463177681,16.5065813958645,231.216171860695,151.929750859737,0.687729775905609,198.287739187479,0.597986280918121,7.3405764400959,12.9285343289375,0,0.257323890924454,0.459671646356583,0,395.076316356659,0,0,0,725.02888584137,0,0.428639024496078,1.36845755577087,1073.79484829307,7.2153627872467,0,0,0,0,19.8541967272758,0.606004178524017
0.39476677775383,1.27657151222229,1.74189865589142,52.1326774060726,0,1882.73409226537,139.271479904652,387.846561700106,468.901698291302,450.425169408321,0.962511867284775,1253.4307397902,31.6657958626747,25.78616091609,6040.00271224976,0,0,1.13497486710548,0,108.782610505819,1.7500022649765,3.3395859003067,0,124.857206255198,0,1.05751290917397,4.6359651684761,133.505979239941,1.51741656661034,2.83613961935043,0,231.344991564751,0,607.011949658394,1.71679747104645,104.021737635136,2.32335075736046,12.6302647590637,4.64107397198677,14187.3928746283,6177.77177381516,0.527353167533875,0,0,1.22729098796844,0.703685402870178,0,2.63504600524902,3.13394141197205,0,0,0,1.77419674396515,0,0,2.59580969810486,0,2.52856630086899,5.1794251203537,0,12.0071630775928,0,0,2.47224807739258,0,0,0,0,0,0,0,0,18.4072999954224,0,0,0,25.3691651523113,3.90422594547272,0,0,0,0,4.49563908576965,0
16.3847052454948,0,41.5081335306168,354.818503320217,1882.73409226537,0,2888.33817195892,9045.40660315752,342.171589896083,25692.4938948303,241.535589188337,18480.8489154577,405.31833589077,647.467801779509,2234.50391182303,0,14.4848466813564,109.290265589952,45.6135831773281,746.864369720221,43.1826245486736,3.11277782917023,28.3199366480112,190.415867358446,7.54501831531525,185.401392459869,123.934793949127,1159.43491062522,161.559083402157,192.615026146173,8.96293893456459,1192.14513030648,1.70150291919708,407.641511589289,7986.23676812649,1588.736533463,43.7886258661747,246.919976592064,73.297966837883,2531.33975857496,1065.82452240586,43.4940712153912,40.2781857550144,0.563217103481293,21.9056431949139,9.99490946531296,43.2750852406025,3.6207420527935,18.1524614989758,0,0,1.02212536334991,21.2809457778931,2.69596457481384,0,41.4844873845577,5.00379681587219,46.1175975203514,23.2484987676144,1.15885806083679,110.404902398586,0.808248996734619,0,5.79114770889282,0,0,0,0,9.74583339691162,2.81026768684387,0,0,199.348790347576,1.35496154427528,1.25008857250214,0.833350241184235,185.952736884356,5.95192503929138,0,0,0,0,28.6957382559776,255.933778703213
2375.21614482999,4.49545907974243,1138.10901722312,96.7373724281788,139.271479904652,2888.33817195892,0,22118.1225260198,891.685701578856,25350.0072671771,732.307271331549,658.030639022589,253.682788163424,33159.5627502799,1352.18043595552,21.2477632462978,448.488393187523,316.187372714281,319.143128082156,142.573435485363,6802.08268353343,14.9407301545143,1190.55269439518,3618.66875079274,14.3388348519802,1020.91722854972,1051.68553499877,58008.8751125634,5851.61575332284,21124.2112180591,21.262109875679,355.372790753841,194.377824932337,5003.59372663498,685.711863130331,10853.2259711623,226.325540989637,5486.53596609831,2238.09740385413,1472.1149289906,1453.56136623025,70.8859637081623,698.58957272768,1.62527453899384,353.742462337017,64.408215790987,344.703962981701,83.3497152626514,17.4034563302994,2.41632640361786,2.27222579717636,0.797172069549561,57.838924497366,0,7.52866530418396,669.122868180275,100.592521607876,511.465706199408,132.138500154018,1.03259280323982,135.466226220131,2.46765524148941,57.9406591951847,23.3191836476326,16.9172461032867,0.284333288669586,0,0,105.647163450718,1.01717448234558,14.7507864832878,1.47865453362465,3681.4687872231,2.39887511730194,0,14.1716409623623,4102.79038643837,145.890457183123,2.51886111497879,0,0,4.08210825920105,264.13898229599,102.522128820419
473.665943831205,7.51618123054504,302.390587627888,336.228945955634,387.846561700106,9045.40660315752,22118.1225260198,0,399.366570055485,21330.2413644195,1558.26404929161,3968.65628424287,674.501372545958,30165.4537086487,305.068365722895,1.70590609312057,404.262924194336,726.169732779264,424.855268836021,686.193013519049,583.060925379395,3.89586392045021,498.854187086225,360.22837138176,27.6673602461815,1166.21587246656,763.722096920013,2935.33618625998,2073.41171467304,5119.05843496323,45.9699032604694,2289.17291930318,20.676660656929,2020.09085388482,573.742201507092,5174.82411298156,126.730406492949,1640.73780438304,632.736479312181,698.140557527542,496.004924476147,137.69359216094,54.1258691847324,0.479913771152496,22.8374569416046,6.18022006750107,29.4756164848804,4.96417257189751,15.9893733859062,0,2.7088740170002,0,10.3939715325832,0,0.832149922847748,92.6204034388065,4.27341470122337,140.397382289171,22.6419739723206,2.71685111522675,43.6447231471539,7.5654091835022,0.614785611629486,6.99125510454178,7.37521055340767,0,0,0,12.5247921347618,1.07371956110001,1.54128938913345,0.880710244178772,651.939234673977,0.387824267148972,6.1051658987999,16.9517827928066,441.901617377996,6.16438919305801,0,2.67158529162407,0,0,40.7111106216908,192.730924457312
0.464882671833038,3449.84777772427,2.09644991159439,1282.98211029172,468.901698291302,342.171589896083,891.685701578856,399.366570055485,0,2205.05353832245,67.8645651042461,2993.2823728323,686.382839381695,206.688030749559,2109.19518694282,257.553925305605,1.72164353728294,15.0999866724014,5.80641621351242,1483.90201672912,137.371931701899,7189.37453815341,40.3929581642151,32654.452283144,1614.52024134994,100.873395860195,5306.59000602365,7030.82737967372,202.745302930474,5.63140684366226,30.4736150205135,15.529140740633,29.2165978848934,352.492728635669,53.8069138526917,957.739738538861,63.1475395560265,259.746751412749,55.0917147099972,7064.1485144794,103.793151199818,119.806850790977,770.512945115566,36.0775856077671,210.80682849884,101.788455188274,250.175219327211,46.8955248296261,14.6422457098961,3.3623046875,36.1799669265747,16.6859862208366,92.0726229250431,3.66466742753983,21.6510365903378,276.781799167395,56.8709500133991,1621.36966383457,222.533321142197,7.85413482785225,239.06138458848,9.43719273805618,29.7201015353203,34.5723714232445,611.251631647348,0.466915667057037,8.77782481908798,1.03817737102509,104.389887839556,123.289774775505,137.889737278223,75.4715408980846,4645.9543953836,13.8519970774651,40.8363385796547,248.180060565472,2794.50530749559,91.7566684782505,3.51018771529198,2.77216076850891,2.64841967821121,4.84600073099136,139.364466682076,171.622936606407
9.68599167466164,11.3065347075462,346.293475538492,12701.8184488714,450.425169408321,25692.4938948303,25350.0072671771,21330.2413644195,2205.05353832245,0,1682.21450008452,23499.4880048335,331.119560390711,10050.3497613817,625.135587453842,2.08590799570084,34.0971355736256,665.309054732323,356.632890164852,19041.6659326851,48.7270871400833,11.3705438971519,92.7314756810665,708.270289152861,11.1381242573261,1537.27335543931,1204.01592905819,11530.4342484474,3877.28224942088,93.4652766883373,44.8776882886887,418.310769483447,3.04734539985657,4110.29580162466,1516.77900448442,3764.65741345286,68.5384421348572,3363.58641348779,249.114002078772,1411.32762610912,870.505643099546,114.943598419428,69.4137490093708,0,46.6100417375565,8.02177277207375,202.479589164257,8.08051270246506,2.22946691513062,0,0.946600794792175,0,77.7479453682899,2.61322975158691,9.38044014573097,391.190059572458,28.9454930126667,452.882055789232,558.217232495546,0.327460646629333,306.808860689402,5.51933506131172,11.4751779735088,5.09873306751251,0.859701752662659,0,0,0,99.2509531080723,0,2.98111927509308,0,1610.10266056657,0,0,1.56216514110565,2199.88492536545,13.2811814546585,0,0.502321779727936,0,0,42.225006788969,39.3228783011436
23.1387394964695,98.5222853422165,278.984790027142,58.9654442369938,0.962511867284775,241.535589188337,732.307271331549,1558.26404929161,67.8645651042461,1682.21450008452,0,1189.97263638675,9496.67365074158,2041.97553494573,39.3392643034458,7.33148229122162,376.140825688839,10305.0023832321,1316.01987633109,183.186285257339,153.644974023104,36.4435857534409,375.240105688572,69.9415753781796,420.730632901192,4702.45074614882,1198.69531521201,282.695348218083,1411.90416744351,260.694994807243,650.950975000858,862.288765072823,2.46845543384552,10739.3469293118,69.7625832557678,1953.77582594752,3632.9127163589,8213.92729461193,924.395441412926,58.2809081673622,139.479139745235,2059.05925232172,29.8498101830482,106.863475173712,101.113245815039,20.2876949608326,3.19611370563507,1.13476884365082,53.0107442140579,0,7.65968978404999,0,1.58478796482086,0,0.561116695404053,0,3.11876404285431,14.2613107562065,0,838.07662242651,5.59689778089523,3539.47190779448,4.46056255698204,0,1.32712829113007,0,9.68198388814926,0,0,0,2.32914757728577,0,39.239602714777,166.301212251186,1188.76968288422,992.600113481283,1.21036806702614,2.39703851938248,0,1040.73819741607,0,0,53.9824212789536,28.7007664442062
4.87914210557938,1.13196516036987,287.210451990366,6302.77164334059,1253.4307397902,18480.8489154577,658.030639022589,3968.65628424287,2993.2823728323,23499.4880048335,1189.97263638675,0,751.719274550676,1753.70508548617,1470.86682504416,1.46171247959137,38.3549474477768,583.597762823105,317.860805794597,13718.7235277891,28.519087433815,1.53590595722198,109.856667459011,1627.60889571905,16.8844912946224,1218.82318261266,954.355015844107,7081.69872942567,1299.84055629373,36.6899728477001,32.8530435264111,547.488251388073,0.326734185218811,1337.16746670008,8470.86459469795,1138.84129044414,43.5995365381241,978.556633472443,109.840112507343,6402.54218402505,370.463216871023,108.859420746565,110.879286199808,6.09303411841393,53.7411470711231,25.5024813115597,496.940034478903,21.4254956841469,41.6242819428444,0,1.10636675357819,0.314523160457611,285.589906156063,17.0563620328903,58.904898583889,274.264244526625,82.4651122093201,263.466215372086,861.596615552902,13.3090437054634,722.323521912098,8.48291501402855,29.2420301735401,39.1878915727139,0,0.609968543052673,7.71800455451012,0,237.095182776451,1.39071953296661,1.41920071840286,2.17002844810486,999.267532169819,2.33449748158455,5.64418190717697,7.23605871200562,1557.79672452807,28.9785197377205,0.463632762432098,0.930847823619843,0.365923225879669,0,106.936196833849,543.021744936705
1.05827310681343,1238.7832493186,24.4723886549473,31.2639754414558,31.6657958626747,405.31833589077,253.682788163424,674.501372545958,686.382839381695,331.119560390711,9496.67365074158,751.719274550676,0,223.214289367199,69.5059900581837,21.8163849115372,3.79677075147629,79.8367454409599,23.6717469394207,86.5335505008698,22.8809902071953,793.18066650629,48.6396723687649,664.399628937244,7934.95378595591,678.422455817461,1410.99439644814,503.780271172523,126.551923513412,34.2928045392036,875.14367377758,403.470303803682,14.1872467696667,6176.5420601964,117.908594667912,3191.17054003477,2750.86311322451,5243.95267090201,441.786923617125,3453.82703906298,1537.53930035233,5950.18761923909,1552.56757467985,567.89080876112,1300.21232137084,546.082922101021,1857.84496945143,523.432858139277,1139.36555746198,3.5887930393219,76.830804169178,6.52326267957687,5.58924975991249,1.80301970243454,90.9069914519787,182.252709269524,309.216377317905,42.7960833013058,40.257246106863,3446.02977541089,180.021802157164,15457.425922811,66.6503166854382,13.7496771812439,9.03869381546974,2.11975437402725,53.2682367861271,2.4063868522644,9.89947015047073,3.92260032892227,9.30202561616898,23.3429277539253,448.388391852379,1932.22571140528,4360.99404370785,5973.06631809473,1036.7444254458,99.8943099975586,7.51341712474823,3865.49019253254,62.8444823920727,2.59600061178207,1340.79120796919,128.083446800709
10074.8263403773,6.84876814484596,889.882244855165,171.732932269573,25.78616091609,647.467801779509,33159.5627502799,30165.4537086487,206.688030749559,10050.3497613817,2041.97553494573,1753.70508548617,223.214289367199,0,239.469718903303,3.12906867265701,1479.12186202407,1169.7266625762,1193.66422142088,508.561071127653,1008.65705387294,2.48924428224564,1525.90282081068,233.681574583054,16.2997752726078,2344.11056950688,1895.55262109637,1749.66852360964,22718.6321636438,23060.3187186718,56.5110585391521,516.761147975922,98.6113104522228,4111.10022285581,134.258394509554,2177.82873132825,113.492142468691,2507.07892251015,1064.58409544826,217.90822738409,244.662165790796,56.6426424384117,31.6628052294254,0.755199134349823,10.9924365282059,5.76129418611526,17.8255609273911,0.810326516628265,1.93394923210144,0,5.15120109915733,0.780563831329346,4.97308155894279,0,0,45.7692877054214,0,55.5386954247952,10.919816493988,5.05075663328171,9.57386803627014,10.1808036863804,2.48652720451355,6.49009767174721,2.73365616798401,0,0,0,4.38199254870415,0,1.42130157351494,0,294.120008587837,1.66429528594017,14.040384054184,29.1976373791695,245.706749081612,2.56197932362556,0,0.486753880977631,0,0,10.7224352955818,10.5706580579281
24.2503715157509,27.3144649863243,48.6537442207336,184.331078827381,6040.00271224976,2234.50391182303,1352.18043595552,305.068365722895,2109.19518694282,625.135587453842,39.3392643034458,1470.86682504416,69.5059900581837,239.469718903303,0,227.945725739002,31.2746275961399,12.9318053126335,23.4447861015797,272.093498915434,1938.256611377,61.0410006642342,1795.68374714255,1906.16805624962,22.2529879212379,38.8520754277706,329.525922805071,2930.03519460559,306.805982261896,650.136317908764,2.5304269194603,922.438835918903,50.8597561120987,676.678018808365,3845.97614887357,1379.53260755539,77.580306738615,406.781399220228,707.065520584583,7733.42322534323,592.776372075081,7.24241626262665,217.575390815735,19.2311195135117,95.9460682272911,88.8647044897079,52.4099784493446,0,5.66725707054138,0,0,0,2.2529074549675,0,2.46058428287506,21.4060843288898,2.66681337356567,72.2917675077915,1.48081430792809,1.94351863861084,8.98221603035927,1.43764626979828,0,8.40121454000473,72.2642712593079,0,1.68433105945587,0,0,11.0944122672081,7.07653319835663,14.1698000431061,549.073185831308,0,6.40136307477951,28.1790996789932,432.452479600906,9.69271171092987,3.20157557725906,0,0,8.07557731866837,48.326203763485,1111.39985972643
0,218.133270919323,39.6262531280518,0,0,0,21.2477632462978,1.70590609312057,257.553925305605,2.08590799570084,7.33148229122162,1.46171247959137,21.8163849115372,3.12906867265701,227.945725739002,0,9.87929180264473,2.0981822013855,4.96488875150681,0,23702.6210329831,11286.9484161437,9693.50560259819,3948.15835541487,54.3340755999088,76.047637283802,9500.76873871684,3191.25598505139,1.45318013429642,6.3709112405777,1.67199325561523,0,2.36575758457184,213.530136138201,702.53776422143,7707.43376779556,1677.37896478176,756.226913064718,1631.07047644258,68.8376026749611,20.9306437969208,21.3293264508247,1888.52390325069,265.052216798067,281.227600812912,371.368496865034,61.9668690860271,15.4127714633942,9.11511600017548,0,5.39828288555145,19.1637685000896,0,0,0,3.66584742069244,0.482372790575027,235.651114135981,0,0.582912087440491,0.904391705989838,0,1.81507158279419,58.0346757173538,12008.5392509699,5.33434149622917,0,0.785378515720367,0,826.704626113176,2747.86003476381,3652.44298836589,1007.66788649559,0.465530872344971,3.8656210899353,1447.04432854056,1204.32606774569,12.1178151369095,4.80814921855927,0,0.630933403968811,5.03572392463684,74.9886610805988,264.283872783184
244.9275175035,13.304101228714,24038.3315474987,0.313689351081848,0,14.4848466813564,448.488393187523,404.262924194336,1.72164353728294,34.0971355736256,376.140825688839,38.3549474477768,3.79677075147629,1479.12186202407,31.2746275961399,9.87929180264473,0,693.379733920097,11991.113910675,2.02048972249031,5810.5294674933,4.93286910653114,13051.3978889585,5.92443460226059,0.994128048419952,16017.5349516124,18364.8635815978,126.733866393566,1499.11588507891,4430.43759018183,5.91730201244354,17.5557743608952,48.1184067428112,2218.69918248057,49.8351287543774,864.555917084217,294.53387260437,969.050995290279,852.19471898675,24.4309269785881,36.8560717403889,7.6512106359005,14.3196010887623,6.64685985445976,4.42850708961487,1.77856004238129,0,0,0,0,4.28626918792725,13.51328805089,0,0,0,0,0,0,0,0,0,0,0,1.08144783973694,2.36560928821564,0,0,0,0,0,0.450536072254181,0,0,2.05926918983459,27.5926671922207,124.932534515858,0,0,0,0,0,0,0.766572803258896,18.9818446040154
9.65540966391563,3.67677569389343,308.71868994832,12.3840691894293,1.13497486710548,109.290265589952,316.187372714281,726.169732779264,15.0999866724014,665.309054732323,10305.0023832321,583.597762823105,79.8367454409599,1169.7266625762,12.9318053126335,2.0981822013855,693.379733920097,0,1574.05424973369,78.4953300952911,122.444403469563,3.29489779472351,326.954327702522,18.9727248847485,17.7686539292336,1507.49710813165,1239.64641582966,90.8977827131748,725.858751684427,192.870718121529,19.4483067691326,288.236423432827,1.57983440160751,3751.55824738741,139.566822320223,2438.11210164428,2742.62584504485,5481.51215186715,2650.4765997231,29.7520324289799,40.5850830078125,63.2753040790558,4.12988463044167,1.53047186136246,7.74333766102791,11.088949739933,0,1.53704106807709,0,0,8.21328568458557,0,0.435155183076859,0,0,0,0,5.2351508140564,0,2.40458917617798,3.70044332742691,8.91841650009155,0,2.40380144119263,1.09979259967804,0,4.72139298915863,1.47907903790474,0,0,0.613693833351135,0,0.440598130226135,4.9559445977211,153.969152092934,220.932849824429,0,0,0,4.16746538877487,0,0,1.76205307245255,75.8594356775284
71.1052515804768,2.19622832536697,3336.79328364134,11.7084964513779,0,45.6135831773281,319.143128082156,424.855268836021,5.80641621351242,356.632890164852,1316.01987633109,317.860805794597,23.6717469394207,1193.66422142088,23.4447861015797,4.96488875150681,11991.113910675,1574.05424973369,0,52.4019311964512,1096.18295183778,2.48495569825172,2155.82666546106,7.15049359202385,3.26974141597748,7058.16706250608,3209.07129898667,72.7380115389824,802.105807960033,1092.21903312206,7.52378582954407,82.9659932553768,10.6081254184246,6649.92608273029,47.2291765511036,1259.14832258224,691.414781689644,2255.14983272552,1175.49920374155,16.1940684020519,21.4857383072376,4.70375096797943,7.11939835548401,1.12665271759033,1.35881650447845,3.86431062221527,0,0,0,0,0.611004531383514,0.380958527326584,0,0,0,0,0,3.64440259337425,0,0,0,1.06657612323761,0,4.68872451782227,1.60928094387054,0.483825474977493,0,0,0,0,2.84213298559189,0,0,1.49410307407379,24.9397715330124,75.7806893587112,0,0,0,0,0,0,0.391891032457352,35.5995732545853
3.54877924919128,4.23541355133057,32.3118882477283,32490.7456636131,108.782610505819,746.864369720221,142.573435485363,686.193013519049,1483.90201672912,19041.6659326851,183.186285257339,13718.7235277891,86.5335505008698,508.561071127653,272.093498915434,0,2.02048972249031,78.4953300952911,52.4019311964512,0,2.43417000770569,5.81710362434387,12.8388118743896,2596.87933343649,2.52002134919167,149.784640014172,135.452099561691,13680.7739529312,340.992572933435,8.10458272695541,5.44609358906746,46.7104372382164,0,465.721737921238,10.6632600724697,563.478607147932,4.98940998315811,397.780599787831,34.1736671924591,925.290271401405,125.525061428547,18.6164610981941,40.2407999038696,0,27.1370489597321,6.16814267635345,148.440230995417,4.35642284154892,4.88639456033707,0,1.89467036724091,0,555.422923058271,6.87087857723236,13.4148897528648,200.122686713934,15.2291816174984,245.647729694843,290.821049124002,0,253.164783537388,0,9.20216652750969,10.1696161031723,0.536181032657623,0,0,0,91.7294139266014,0,0.788140296936035,0,816.386326551437,0,0,0.48655977845192,1117.33492913842,8.42581915855408,0,0,0.982431948184967,0,27.4325577020645,2.0972948372364
69.5204162597656,37.0852805972099,7713.76972678304,0.891632497310638,1.7500022649765,43.1826245486736,6802.08268353343,583.060925379395,137.371931701899,48.7270871400833,153.644974023104,28.519087433815,22.8809902071953,1008.65705387294,1938.256611377,23702.6210329831,5810.5294674933,122.444403469563,1096.18295183778,2.43417000770569,0,957.246537864208,69965.5553762913,754.314371883869,17.5403419733047,2376.68390782177,3834.29021802545,5998.18163642287,1007.50265309215,31081.4324522316,4.18634977936745,25.6055413782597,280.427563220263,19977.5019174963,2359.09211847186,14627.7443917096,1146.73984840512,13639.4471204877,9020.40347054601,515.952274948359,123.730033487082,82.3955228626728,955.469887733459,83.3426111638546,200.392037957907,182.260848194361,64.7314486205578,13.5105590820312,2.11332213878632,0,7.26872998476028,8.52955436706543,0,0,0,2.97195613384247,0.409721285104752,157.673268467188,0.447961241006851,0.58412903547287,0.783160448074341,0,0,79.9148654937744,1914.86751747131,1.371337890625,0,0.378073245286942,0,349.899543553591,423.753902584314,440.997038662434,656.563879191875,0,1.50827449560165,261.157800227404,843.335713326931,15.5086168348789,2.77484819293022,0,0,8.76167017221451,72.6003707647324,598.523563951254
0,4774.02866357565,40.3577058017254,6.95033955574036,3.3395859003067,3.11277782917023,14.9407301545143,3.89586392045021,7189.37453815341,11.3705438971519,36.4435857534409,1.53590595722198,793.18066650629,2.48924428224564,61.0410006642342,11286.9484161437,4.93286910653114,3.29489779472351,2.48495569825172,5.81710362434387,957.246537864208,0,1469.44332534075,12972.5733649731,1626.13937407732,80.8376784622669,20522.7471509576,1481.94901013374,9.02114871144295,1.10769629478455,27.2823837697506,0,1.81856960058212,129.292279958725,38.283654987812,386.505433112383,119.768221348524,170.392475068569,78.1367810964584,35.5642183423042,8.25080800056458,170.751394748688,1033.88202011585,130.841846525669,259.543274074793,270.774557173252,47.6740440130234,8.73077648878098,2.71185451745987,0.315281867980957,119.13065585494,110.393066316843,0,0,0,19.6226923167706,4.96578219532967,755.756061643362,6.10979664325714,5.04810786247253,3.69561687111855,9.90624594688416,1.62190756201744,11.4899649322033,3315.42372599244,16.1643620431423,5.39403283596039,4.52086836099625,0,345.846183270216,3330.39619937539,783.215169280767,715.848461270332,12.0687499046326,71.4685537219048,2785.08871069551,603.343657135963,8.18898731470108,4.33616000413895,3.00550425052643,0,0,81.8441083133221,143.631668955088
207.026407152414,33.666210860014,67869.2238429189,0.906493216753006,0,28.3199366480112,1190.55269439518,498.854187086225,40.3929581642151,92.7314756810665,375.240105688572,109.856667459011,48.6396723687649,1525.90282081068,1795.68374714255,9693.50560259819,13051.3978889585,326.954327702522,2155.82666546106,12.8388118743896,69965.5553762913,1469.44332534075,0,633.723584681749,22.5597400069237,9967.45905649662,30032.3687563241,4708.13840699196,1172.82289636135,7384.67653107643,13.4753200113773,16.5897587239742,53.0154603719711,18462.5223698765,5311.35149350762,35186.7266394496,4604.93505379558,23510.6270440221,25150.1211503446,326.631072402,93.6208966076374,72.6828010678291,1426.26492089033,174.816721916199,370.286445319653,617.852423518896,29.2541457414627,7.32102352380753,0.540538191795349,0.333619654178619,4.71331453323364,54.78095510602,0,0,2.12741410732269,1.35702481865883,0.368996262550354,31.0853534936905,0,1.02221277356148,3.77736157178879,0.818216979503632,1.18980219960213,115.22287389636,4652.49689301848,8.46867480874062,2.14869755506516,1.45145019888878,0.313333630561829,270.019035309553,965.395761370659,1539.18720495701,269.899652808905,0,24.9305254220963,2439.76664739847,314.665895283222,3.90727114677429,1.23581647872925,0,0,0,111.418520390987,2260.88576176763
12.9061439037323,2839.59694987535,40.2555239796638,2320.07759210467,124.857206255198,190.415867358446,3618.66875079274,360.22837138176,32654.452283144,708.270289152861,69.9415753781796,1627.60889571905,664.399628937244,233.681574583054,1906.16805624962,3948.15835541487,5.92443460226059,18.9727248847485,7.15049359202385,2596.87933343649,754.314371883869,12972.5733649731,633.723584681749,0,930.642460763454,100.847295343876,5812.9275187552,21942.3333536386,1558.14023947716,181.523210048676,23.6511487960815,62.9396522641182,622.420031219721,1177.4115806222,628.341793566942,7610.40857562423,575.32813963294,1622.46463266015,1144.49533176422,1821.26813092828,336.730374366045,126.487970352173,4733.54305317998,126.972054034472,2160.6942050755,891.430636197329,1530.5011523664,347.17649063468,66.2750119268894,10.7636872529984,50.6860629916191,23.0824517905712,178.224824368954,17.0829050540924,52.8075176477432,1342.41519555449,313.009632021189,3599.05760541558,436.004091739655,18.64231133461,452.172471702099,17.7603595852852,179.562078952789,155.385022222996,2541.02495086193,2.18945670127869,0,1.76284909248352,194.395837843418,407.778472542763,575.091961681843,373.877256691456,17729.9406850338,22.4463411271572,7.90084978938103,397.217208713293,13986.320658952,529.065203130245,23.695053011179,0.598588943481445,17.5434586703777,75.4163311421871,1166.60964944959,292.209387123585
0,4709.01714023948,16.5910098552704,1.57686144113541,0,7.54501831531525,14.3388348519802,27.6673602461815,1614.52024134994,11.1381242573261,420.730632901192,16.8844912946224,7934.95378595591,16.2997752726078,22.2529879212379,54.3340755999088,0.994128048419952,17.7686539292336,3.26974141597748,2.52002134919167,17.5403419733047,1626.13937407732,22.5597400069237,930.642460763454,0,677.741408258677,8013.3180872798,93.3382116556168,10.1294179558754,2.99074906110764,296.518570661545,10.8694170415401,1.11762499809265,2820.50760629773,36.4967975616455,298.252170741558,1549.75303918123,768.942836165428,191.716555058956,57.3333423733711,170.979970395565,2236.65770149231,66.4701851606369,156.316231042147,135.361543208361,32.9265246093273,16.9450038671494,7.26182371377945,255.807163953781,0,542.936071455479,21.8266726136208,0,0,1.85129868984222,10.1073795258999,11.4444339573383,27.1859225034714,2.48783898353577,1207.60237574577,3.40371355414391,5058.5808763504,6.64092248678207,3.03782641887665,1.41023015975952,1.13905018568039,15.0020509362221,4.54196417331696,1.64006268978119,0,14.1562650203705,1.91549488902092,48.6347587108612,1885.71554380655,1066.35842859745,4275.26050031185,24.6841843426228,2.01577812433243,1.61913067102432,664.428361237049,9.20817363262177,0,152.01044946909,16.770597755909
70.7754730284214,391.321188598871,31320.527617991,35.3325805366039,1.05751290917397,185.401392459869,1020.91722854972,1166.21587246656,100.873395860195,1537.27335543931,4702.45074614882,1218.82318261266,678.422455817461,2344.11056950688,38.8520754277706,76.047637283802,16017.5349516124,1507.49710813165,7058.16706250608,149.784640014172,2376.68390782177,80.8376784622669,9967.45905649662,100.847295343876,677.741408258677,0,30883.3314374089,308.961206644773,1540.35256969929,1114.59763002396,687.798497229815,340.342989742756,11.7811507582664,11655.5601275265,503.49143448472,11170.5213167667,13909.2280765474,12393.2736041248,8755.75267791748,76.5245411992073,145.203680574894,701.299272209406,380.812049984932,309.662340015173,399.269801706076,309.293722718954,13.4944216609001,2.88015103340149,9.42624616622925,0,675.071516722441,301.917249232531,0.373560577630997,0,3.06874454021454,0,1.2618400156498,21.9370423257351,3.02917194366455,221.635490506887,7.92071697115898,1212.28495052457,2.09839618206024,19.3154923915863,6.0348424911499,44.3616941273212,257.835735499859,68.0050718784332,0,2.41191738843918,25.9834952950478,12.751794397831,14.2739317417145,551.036375641823,10271.2985036373,23295.6970573664,5.09984841942787,5.8202360868454,0.558440685272217,516.404471635818,0,1.58447700738907,114.302140384912,295.385991722345
51.123613268137,30424.4654854238,26875.9976404309,14.1884676218033,4.6359651684761,123.934793949127,1051.68553499877,763.722096920013,5306.59000602365,1204.01592905819,1198.69531521201,954.355015844107,1410.99439644814,1895.55262109637,329.525922805071,9500.76873871684,18364.8635815978,1239.64641582966,3209.07129898667,135.452099561691,3834.29021802545,20522.7471509576,30032.3687563241,5812.9275187552,8013.3180872798,30883.3314374089,0,1528.4666890353,1093.63680198789,1165.06197667122,733.373143672943,126.695652335882,13.7903138101101,18034.045033589,4004.63086944818,54100.5636602342,21307.6584582329,31260.7125832438,30461.6620082855,221.53064134717,228.320184290409,248.570676922798,14153.3524033427,2337.51531770825,5131.31395435333,5783.86650103331,187.540971934795,61.1567838788033,19.8428770303726,2.56549224257469,9852.42304942012,10171.4005281925,0,0.948201298713684,6.24882945418358,32.7597516179085,24.0918170511723,187.757754653692,7.31445798277855,174.092071771622,11.7214525640011,1082.42826488614,33.5927810668945,254.126195758581,6860.77501815557,745.004407346249,314.030830204487,438.561674565077,2.56107413768768,436.481875091791,6335.4386305511,3564.09737348557,378.553615957499,1272.0976241529,14987.490388006,129241.621587455,566.801888540387,72.0249902904034,49.7751599252224,429.137212604284,4.17425429821014,11.5107190907001,1762.59899941087,2893.6061630249
30.2263383567333,171.940292090178,556.276215791702,13807.8579609692,133.505979239941,1159.43491062522,58008.8751125634,2935.33618625998,7030.82737967372,11530.4342484474,282.695348218083,7081.69872942567,503.780271172523,1749.66852360964,2930.03519460559,3191.25598505139,126.733866393566,90.8977827131748,72.7380115389824,13680.7739529312,5998.18163642287,1481.94901013374,4708.13840699196,21942.3333536386,93.3382116556168,308.961206644773,1528.4666890353,0,4921.21473529935,28743.3879882097,7.01798266172409,210.988794356585,1699.83849027753,4994.81602908671,1926.15591755509,17394.7613039315,1093.56382787228,6598.24314379692,4185.0763630271,2346.72332474589,924.479714840651,116.599514007568,3496.73778995872,98.2162886559963,1457.44926282763,633.110266327858,1298.4372830987,250.580851018429,46.9987246096134,6.37647038698196,9.13009601831436,4.50375851988792,201.99542966485,12.4233684837818,33.8976235687733,1580.27582246065,212.125632911921,2297.15634247661,523.688922405243,7.21274125576019,568.742508411407,7.46577614545822,114.583739429712,145.443314015865,2154.81808713078,2.05203360319138,0,0,241.877353042364,314.490232497454,484.244438052177,530.720842480659,12194.8505313694,3.33606293797493,0.913708865642548,277.851151823997,12164.569303304,350.162127941847,16.8520584702492,0,6.86168444156647,42.6196390688419,853.714653074741,405.449076235294
10616.2226421535,4.00867569446564,426.639042794704,128.142595678568,1.51741656661034,161.559083402157,5851.61575332284,2073.41171467304,202.745302930474,3877.28224942088,1411.90416744351,1299.84055629373,126.551923513412,22718.6321636438,306.805982261896,1.45318013429642,1499.11588507891,725.858751684427,802.105807960033,340.992572933435,1007.50265309215,9.02114871144295,1172.82289636135,1558.14023947716,10.1294179558754,1540.35256969929,1093.63680198789,4921.21473529935,0,20657.4321003258,30.3096185028553,518.733700275421,6400.54290595651,8623.76480053365,136.596408575773,1412.11711037159,71.3821975886822,3135.61684030294,1236.29502275586,132.124952375889,152.087037473917,23.6527142226696,218.186246693134,0,132.947194010019,38.2069046199322,52.7094260752201,6.19833666086197,3.96064579486847,1.35570895671844,0,0,0,0,0,49.5983093380928,0.481658130884171,97.8568781912327,4.63996750116348,0,10.5899677872658,6.18271493911743,0.485246539115906,3.05921524763107,33.0520877242088,0,0,0,2.98740541934967,6.10032898187637,1.0886664390564,1.24139964580536,716.371919363737,3.06440687179565,10.4541888833046,16.5938270390034,671.620219290257,10.4623958170414,4.35557186603546,0,0,5.47376817464828,63.2530316710472,39.7319341003895
8546.90300929546,0,1520.2621499896,1.3126009106636,2.83613961935043,192.615026146173,21124.2112180591,5119.05843496323,5.63140684366226,93.4652766883373,260.694994807243,36.6899728477001,34.2928045392036,23060.3187186718,650.136317908764,6.3709112405777,4430.43759018183,192.870718121529,1092.21903312206,8.10458272695541,31081.4324522316,1.10769629478455,7384.67653107643,181.523210048676,2.99074906110764,1114.59763002396,1165.06197667122,28743.3879882097,20657.4321003258,0,2.91985440254211,62.6542938649654,1267.82326593995,10646.6582973897,361.36414963007,1976.71093472838,45.7563059329987,5209.31680911779,2058.0370016396,323.990303397179,263.576376527548,16.7541465163231,30.8720930814743,0.921975255012512,4.46633923053741,6.70276296138763,1.97307485342026,0,0,0,0,0.639157265424728,0.625191211700439,0,0,0.830220282077789,0,4.23648017644882,0,0,0,1.04036664962769,0,5.82600528001785,4.86278033256531,0,0,0,0,0,0,2.40307950973511,17.0117563903332,0.438419759273529,0,8.97517147660255,9.26396465301514,0,0,0,0,0,2.0114318728447,116.348007142544
0,75.6012076735497,12.3247382640839,0.466247767210007,0,8.96293893456459,21.262109875679,45.9699032604694,30.4736150205135,44.8776882886887,650.950975000858,32.8530435264111,875.14367377758,56.5110585391521,2.5304269194603,1.67199325561523,5.91730201244354,19.4483067691326,7.52378582954407,5.44609358906746,4.18634977936745,27.2823837697506,13.4753200113773,23.6511487960815,296.518570661545,687.798497229815,733.373143672943,7.01798266172409,30.3096185028553,2.91985440254211,0,24.9377871453762,0,290.146802335978,2.86388057470322,238.502550363541,917.508043915033,715.969607919455,122.828904628754,6.54192912578583,3.86017233133316,340.593333899975,14.5617179572582,74.666941255331,66.3886300623417,30.3713542222977,0,1.14476501941681,6.23259663581848,0,52.7741560339928,2.58797073364258,0,0,0,0,0.389977872371674,0,0.661327064037323,302.644033968449,0.954625248908997,1612.0882088542,2.19866889715195,0,0,0,30.7691046893597,0.789507150650024,0,0,0.705770552158356,0.960363507270813,2.27671465277672,200.882837057114,1632.25501355529,2493.30287852883,0,0.64248913526535,0,651.373268693686,1.48196029663086,0,16.6746171712875,2.41821694374084
1.05277907848358,0.9868223965168,19.3338568210602,16.2356665432453,231.344991564751,1192.14513030648,355.372790753841,2289.17291930318,15.529140740633,418.310769483447,862.288765072823,547.488251388073,403.470303803682,516.761147975922,922.438835918903,0,17.5557743608952,288.236423432827,82.9659932553768,46.7104372382164,25.6055413782597,0,16.5897587239742,62.9396522641182,10.8694170415401,340.342989742756,126.695652335882,210.988794356585,518.733700275421,62.6542938649654,24.9377871453762,0,3.62764883041382,12676.2921749353,85.8699753880501,3850.67761075497,60.3584955632687,738.53044039011,173.57765647769,612.692493826151,11620.1500349343,78.1590348780155,36.3777067959309,0,3.44917297363281,6.29124706983566,5.59424340724945,0,8.48853495717049,0,1.07311415672302,0,1.33878490328789,0,0,2.22402828931808,0,16.3065831363201,0,0,4.12712031602859,3.33701655268669,0,2.89568030834198,2.1365102827549,0,0,0,0,0,0.975488722324371,0.604454517364502,28.244569927454,0,0.434936314821243,7.62148064374924,8.73529243469238,0,0,1.92737752199173,0,0,17.3959031403065,5.51435875892639
17.0757430195808,1.21291488409042,6.21223518252373,0,0,1.70150291919708,194.377824932337,20.676660656929,29.2165978848934,3.04734539985657,2.46845543384552,0.326734185218811,14.1872467696667,98.6113104522228,50.8597561120987,2.36575758457184,48.1184067428112,1.57983440160751,10.6081254184246,0,280.427563220263,1.81856960058212,53.0154603719711,622.420031219721,1.11762499809265,11.7811507582664,13.7903138101101,1699.83849027753,6400.54290595651,1267.82326593995,0,3.62764883041382,0,1047.6427039206,25.9097799360752,105.027581244707,1.78853726387024,460.211858510971,138.202722012997,11.029552012682,15.7979438304901,1.6299022436142,105.521848499775,1.88902747631073,58.2399600148201,19.2097002863884,19.6106802225113,6.52350467443466,1.74958676099777,0.873492300510406,0,0,0,0,0,0.434286147356033,0,20.122461438179,0,0,0,0,0.657620489597321,1.11806297302246,36.0448387861252,0,0,0,0,2.43638181686401,1.69711750745773,1.76878243684769,174.922635406256,0,0,0,140.999151974916,6.56435966491699,0,0,0,1.84801399707794,19.2525782883167,16.1697902083397
