0,0.00120240299618859,0.0938988618366392,0.00139595776065388,0.00106133936578984,0.0233833072939987,1.01410143496698,0.312318220355513,0.00187437834625711,0.0549375759084555,0.0156864868508147,0.0050093911078764,0.00150466060053563,2.44571651767369,0.00453670229035025,0.000439499362365341,0.224529244165933,0.0225974319244118,0.0658346456903463,0.00278130437197842,0.0322077931894729,0.000503792166183901,0.255093779456292,0.00685612386409898,0.00441032636660104,0.0860867752755854,0.0564696422169843,0.0594327477206903,0.966069860319381,1.76946284805883,0.000408046228190613,0.0457441487409599,0.00704210235766692,0.0549147271842413,0.00817126289465127,0.0449714478812315,0.00230938675864243,0.0601556580823105,0.0162717012789673,0.0103670331897304,0.00256412028784971,0.003959216675354,0.00104867324431443,0,0,0,0.000470786628990745,0,0.000447571951383782,0,0.000706864068017388,0.000190835061730194,0,0,0,0.00166313315278907,0.000153831816786003,0.00156953098556051,0.000118667477986526,0,0.000178735548008156,0.00015754220886035,0,0,0.000727597152337169,0,0,0,0,0.000278281317617035,0.000513072443769169,0.000221639303344536,0.00111914779214143,8.7773024505806e-05,0.000143953228573274,0.00195029411773639,0.00373525348858738,0.000133883602520561,9.86627981723787e-05,0,0,0,0.000317855241407299,0.00122189280330662
0.00120240299618859,0,0.060857233297307,0.00346362537120294,0.000345843985153055,0.000135677461729145,0.001295901698666,0.000529597691586017,0.208410507656158,4.08402312984467e-05,0.0110833128236341,0.000225138778251743,0.174182536415315,0.00107593161251645,0.0062885392964231,0.0406317563842833,0.106235015105591,0.0123798168929979,0.0707778840638529,0,0.00330899559774227,0.335593605879737,0.00793706253018475,0.306566572999542,0.139191417134605,0.09412605672139,3.38908409520976,0.0539416565496543,0.00339038072910752,0.00226484178826055,0.00804394794421458,9.75091911367416e-05,0.000717138794663572,0.032438875926769,0.00446934179768991,0.121642080456266,0.0601932820674913,0.0593288525001837,0.0462248726012399,0.0164414401294805,0,0.0142909218014015,0.0232449057503437,0.0112437356389808,0.00611312614364996,0.00647054578886757,0,0.000142108559488582,0.0129584553775665,0,0.40344957799116,0.00573581173550224,0.00032590007767291,0,0,0.000180876299196148,3.90561414664745e-05,0.00262683338105664,0.00160164905413227,0.0177719939812977,0,0.0359591694238064,0,0,0.00548395754434462,0.00545258642144508,0.0011520210069766,0.00622820133899231,0,8.6799924335146e-05,0.0100480455829103,0.0014523754788353,0.0111646009209276,0.0125944930765146,0.144317645929368,0.812421412995989,0.00343887966628465,8.44236810233116e-05,0.000187301180810928,0.0108212531388789,0.000142565116273689,0,0.000971226837049768,0.00290994185680208
0.0938988618366392,0.060857233297307,0,0.000129587222159004,0.000123323075349427,0.00247993819978246,0.274948026746193,0.0323545050427501,0.00384844920389862,0.00483731294084697,0.0183484118085255,0.000230304485639095,0,0.136041096596521,0.00171594350116934,0.00456465729850506,1.6512273123834,0.0382144318328016,0.146167754304218,0.000162980008001519,0.564733127045207,0.0320871964727995,1.85245389058665,0.00666869897181897,0.000643388566545439,3.57825657895486,4.19320175839691,0.0622381508599746,0.0665558005462095,0.37637177750422,0.000197109693926143,0.0014398572576231,0.00237904324252444,0.187038573022043,0.0239155916633752,0.502838328893536,0.160689643562663,0.315831201808026,0.219617233624878,0.0025891841612248,0.0018407498698461,0.000320918846043587,0.0457627872205184,0.0144404830061322,0.0132216095838029,0.0179792045187657,0.000591008727748776,0,0,9.38147094964982e-05,0.110678987929298,0.104354708380876,0,0,0,0.00195766445403638,0,0.00146806317490592,0.00053477585271616,0.000135072800872803,0,0.000292788211689567,0.000129003891421127,8.3381138632679e-05,0.00708675361393203,0.0204999367015158,0.0003207470573349,0.0131179878790246,0,0.000420205339668846,0.0201314973201561,0.00657065525928383,0.00590116684173632,0,0.16839751072778,1.54439564656478,0.00567022412323269,8.76434186942101e-05,0.000500104160811711,0.000150723197393799,0,0,0.00177614588335886,0.00910249627714348
0.00139595776065388,0.00346362537120294,0.000129587222159004,0,0.0064509481565794,0.0131532174524811,0.0470805274635765,0.0104675646661088,0.730800043322821,0.928906980482997,0.00228103427925696,0.223438434205817,0.00185561677738028,0.0136584972053693,0.0556452806684716,0.000609605110224152,0.000176146920647764,0.000147003360426665,0.000137781039406681,2.61822758410473,0.0007713003553648,0.016439354111473,9.51471232091425e-05,1.51116065736399,0.0179358366255222,0.000290349876654959,0.00614156432430849,0.673008646635852,0.0173312352221251,0.00171977658030929,0,0.00422668844189611,0.000806068370694589,0.00543103800045342,0.0045346051487155,0.0371902575569785,0.000508458678002691,0.0134735003343652,0.00244699575726208,0.104198374769674,0.0033521208709446,0.00459226436614185,0.0524318741972218,5.56547521260261e-05,0.014981229071584,0.00331240992648511,0.119218009462382,0.00216512056944366,0.000871389678285455,9.3997903409338e-05,0,0,0.296103835360158,0.003830288166084,0.043449211249672,0.114523918452064,0.0277330507715157,0.149015314084221,0.148582875500588,0,0.126429471255112,0.000107646982927608,0.0187383388734049,0.0283504358292561,0.000499206196077203,0,0,0,0.0402961365438434,0.000480793146962261,0.000772906432298374,0.000127898490345954,0.171898964653784,5.26472590560913e-05,0,0.000342845296053314,0.422671313256749,0.0134062540492842,0.00244653090334515,0,0.000294425793052578,0.000203048171607399,0.011465768793282,0.000387785334876537
0.00106133936578984,0.000345843985153055,0.000123323075349427,0.0064509481565794,0,0.316176324875937,0.0131781113472846,0.0654412237094234,0.0159190009962066,0.043667152579823,0.0004543238483325,0.121142792812067,0,0.00746105553034993,0.228203501491039,0,0.000276885216579342,0.000176021372224807,0,0.00372354778023329,0.000734767429610538,0.00134846373378888,0.00139929545489893,0.00924137281684618,0.00947837815088796,0.000273869101893759,0.00128277457149091,0.00980339893103211,0.00634103502153349,0.00347947681629214,3.04484732592582e-05,0.375484211140787,0.000399993392460156,0.0265943618662684,0.0186447078244343,0.0609847316937348,0.00086421286842866,0.00425579256258335,0.00878823168791618,1.17651413059448,0.498986559061631,0.00434166059083008,0.00245752293768654,0,0.000337272101343727,0.000414597427871799,0.0111887519783995,0.000114731151311874,7.99393521223068e-05,0,0,0,0.00148616588340111,0.00035816486924839,0.00334522383050432,0.0014948993226111,0.000383388364529609,0.0014669096858644,0.000961345717326881,0,0.00436027881562567,0,0.000425691529806709,0.00225728504807139,0.000113106501031494,0,0,0,0.000599645859623527,0,0,0,0.00270176165171953,0,0.000134110092229557,0.00030623346977787,0.00297857033034172,0.000249267711826515,0.00010951235193491,0,0,0,0.000769351977495671,0.0097729400769722
0.0233833072939987,0.000135677461729145,0.00247993819978246,0.0131532174524811,0.316176324875937,0,0.191767923139207,1.60730309365805,0.0357339246305215,1.99071046640983,0.00648817632781053,0.745664797984589,0.000514892889197827,0.216604550080859,0.419475357796393,4.90007527514457e-05,0.00432647601631413,0.000446743756034756,0.000202561271562242,0.0343981533201696,0.00281623134951997,0.000865949331544018,0.00465707011720705,0.00761123678880601,0.0299884253526916,0.00109266698640352,0.000934318150982519,0.0613514218069358,0.0463031270885382,0.0267301306742165,0,0.0762426695297401,0.00117979500947314,0.0145906179653056,0.23349182114913,0.185242797554125,0.00535982816960006,0.0285268960859653,0.0187121872310301,0.682621757987132,0.0776817635665478,0.012353966419882,0.0166230229774536,3.92805314165116e-05,0.00212349091190892,0.000715432462955189,0.0508729802875164,0.000454577768992186,0.00059732515131588,0.000183966543686199,0,0,0.0113504317689923,0.000771954270720243,0.0144153546838338,0.0162701110481075,0.00585759751644368,0.0119859131313655,0.00949272203876856,4.82406400083542e-05,0.0203265935624572,0.000148933408982277,0.00289256479335919,0.00789083052013273,0.000127464797602845,0,0,0,0.00316470943535738,0.000337094016039849,0.000301324415686703,0.000380481016285419,0.0204661716066883,7.2195226547432e-05,0,0.000324367706837654,0.0432463496777167,0.0018213973247489,0.00123901053713221,0,0.0001149342191885,0.000145729461069679,0.00335661410303812,0.0210501023553807
1.01410143496698,0.001295901698666,0.274948026746193,0.0470805274635765,0.0131781113472846,0.191767923139207,0,0.594972386576837,0.118329400092626,2.81790753610725,0.0571269388735449,0.011616811727918,0.00498623236216292,2.38844821773876,0.0769991039483405,0.00339453349990105,0.07568003055947,0.00840512365059348,0.0145089147673875,0.0211266269791891,0.434696626667471,0.00659185039247857,0.24110973043557,0.0698181288589629,0.0392349137213801,0.0708033908388757,0.0666286430428982,5.02806062483027,0.828965872845712,2.22526445865054,0.000818493840485191,0.101987249741834,0.0756724420413196,0.129825169783344,0.162387147251506,0.776082161322381,0.0207432413231609,0.270630014686614,0.0861876217855314,0.109988322576466,0.0480401444973547,0.0270298086241195,0.159919883218253,0.000622405120161295,0.0375563818696132,0.00739543430048356,0.063791718035184,0.00879376102367587,0.00188608748984905,0.00129713440466747,0.000382636653504038,0.00120420484413528,0.086963374096502,0.000975130709978675,0.010313716995204,0.221340150283421,0.0295316347568773,0.0614271708259099,0.0589801981284527,0.000527523649981499,0.0281224090618406,0.000689554974549675,0.0264582011891287,0.0114896213497712,0.00334515085382419,0,0,0,0.00781748244278469,0.00257806399599829,0.00617722209573655,0.00125519894660483,0.17817781806516,0.000468538009725666,0,0.0204459315232459,0.463926258411081,0.0334232574828457,0.0210589774921176,0,0.00016441019324913,0.00298475671902771,0.0250463573145684,0.0198919298752502
0.312318220355513,0.000529597691586017,0.0323545050427501,0.0104675646661088,0.0654412237094234,1.60730309365805,0.594972386576837,0,0.0511806300460528,1.64854790926542,0.0126935337401222,0.363909615454239,0.00171291393515434,2.80386902626726,0.0997196015546608,0.000387169263452673,0.0531277081777949,0.00389104492218223,0.0143858670152218,0.0997684032540172,0.0206176948042004,0.00148269666594005,0.0714803000137551,0.0131816660434388,0.0498380514700124,0.0214760205760227,0.0120142995957386,0.125427485962189,0.120687887777003,0.28646958769575,0.000333878552974033,0.199946200888744,0.00323799260521393,0.024330995417459,0.18856791011322,0.232917770557436,0.00905517519479314,0.0380710340266757,0.0296486520629921,0.273395348045235,0.0269463664476661,0.0183408594207102,0.0326508424745942,0.000120574606184769,0.00557824084602623,0.0018970279902595,0.038802300876525,0.00102579915404663,0.00175658807676711,0,3.06033754006863e-05,0,0.0104053462471504,0.000531289684327412,0.00311470993480478,0.0595111743238628,0.00113724029682713,0.0255467223764645,0.00456795441886372,0.000217368586703586,0.0117969251549177,0.000281759666213798,0.00144946096513013,0.00660775774532609,0.000162194156450653,0,0,0,0.00188651817642384,0.000671797414938974,0.000664263989314794,0.000587319872282601,0.0552384529923517,0.000321936014335537,0,0.000324925451623774,0.105439657610709,0.00175976736659079,0.00557448924986964,0,0.000183026103750992,0.000705419927283668,0.00641849462804923,0.0182390705292895
0.00187437834625711,0.208410507656158,0.00384844920389862,0.730800043322821,0.0159190009962066,0.0357339246305215,0.118329400092626,0.0511806300460528,0,0.0819465600779011,0.00783151666314831,0.346043926941795,0.0936916183305417,0.0308359573497889,0.213118445029476,0.0400359718928894,0.00759079945942402,0.0017585851272098,0.00675091870775919,0.047765046628854,0.0124097321535208,0.634938096894578,0.0116413420345744,2.82668724003578,0.12192479967478,0.00864624205308986,0.453984072328937,0.874349745625666,0.0285744167446389,0.0110696441570923,0.00213348522017092,0.0140704735414081,0.00326672278913365,0.0106851030517111,0.0084932982841691,0.116200750343805,0.00757111613658953,0.0204189407952014,0.0108323410917112,0.162192505838985,0.00631266072396297,0.00729159811726112,0.097732962971911,0.00386683092021194,0.0255090922743614,0.0072228700245059,0.0709059585075636,0.00279982150531363,0.00296212456765327,0.00066506030748024,0.00258151167685117,0.00070853589717307,0.279063680081839,0.00340173177664223,0.039336505530444,0.104303658480598,0.0541546983108322,0.409105136349286,0.0934651950602795,0.00914955550104795,0.0871785339942225,0.00984173163983599,0.0584643647403227,0.0211939818885823,0.139944505666413,0.000683440653452778,0.00204803687286582,0.000816368283721542,0.0220401553630867,0.0234896041319157,0.128417117668529,0.0220599896862117,0.388265446913181,0.00208540743886189,0.00242215824487515,0.022119459121122,0.492754554702501,0.0490326843651763,0.0178192381368466,0.00114858925532961,0.00187491259144201,0.00231733390918698,0.0160926083830919,0.0126840617837743
0.0549375759084555,4.08402312984467e-05,0.00483731294084697,0.928906980482997,0.043667152579823,1.99071046640983,2.81790753610725,1.64854790926542,0.0819465600779011,0,0.0916266489357315,0.818129170594869,0.0115967678499216,1.02797049714046,0.0894943045832535,0.000259769952585173,0.00269782375625945,0.00580550301692223,0.00279941821482763,1.85540865785099,0.00386021589375811,0.000380914843112755,0.00532632598443861,0.0526205064240863,0.0540293403303818,0.00483383040614071,0.00253485813147271,2.75349455819074,0.493367957806046,0.0352930704650597,0.000954260438725238,0.194980162419349,0.00489409046063695,0.11148646103069,0.0904891152800515,0.59471594047162,0.0228281466997335,0.203145526338872,0.0494696382002145,0.196599372504503,0.0496780294726385,0.0385728267637627,0.0299525180237045,6.32089393515587e-05,0.00897371233748455,0.00231856225208779,0.0796448304831687,0.00143416043189497,0.0030750208997076,4.82192937997818e-05,9.40951707876202e-05,3.07919005023002e-05,0.0835368296398712,0.00135276989961715,0.0173952896349189,0.0933889419141196,0.00546891021575937,0.0362582234771302,0.0482534916273094,4.90797444499016e-05,0.0562205688682865,0.0011541273414258,0.00413546883870973,0.0149531250422218,0.000248908457281589,0,0,0,0.0111509374354003,0.000248382739853382,0.000144509353621959,0.000145864092358017,0.0856005000977779,0.00116705859836545,0,0.000189898512919187,0.188654520938573,0.00406060419369316,0.00364274142610564,0,5.96097004178047e-05,0.000293956913927221,0.00736044894267058,0.006239793215203
0.0156864868508147,0.0110833128236341,0.0183484118085255,0.00228103427925696,0.0004543238483325,0.00648817632781053,0.0571269388735449,0.0126935337401222,0.00783151666314831,0.0916266489357315,0,0.0144612198609005,0.455830533312525,0.049644140835288,0.00287387026391301,0.00104647850813589,0.0775688004095975,0.863620268070211,0.258952039972985,0.0113379855805074,0.0358565556006467,0.0059177093086493,0.0649983011419395,0.00549379388798151,0.0664441307227839,0.46383154576635,0.275234749293268,0.025995153813092,0.262401940244277,0.038940281883781,0.0896275175930228,0.0514643153199527,0.00677184834882565,1.36929028499294,0.0231529335109506,0.374231449850751,0.444692617431746,1.16482916225955,0.14973495128097,0.00858451119387097,0.00664882611288781,0.464263041660114,0.00291319216567621,0.0250951091024131,0.00257447639557524,0.000497363422943449,0.000883154488284111,0,0.0473171083888669,0,0.0173453182679183,0.000579552729809713,0,7.10654865037918e-05,0.000113565895038795,0.000682585150510549,0,0.00559632608871031,0.000146059914323139,0.285647012570135,0.000544327868072891,0.664708550673081,0.000322195807884264,0,0.000432445743730831,0,0.00414043675577554,0.000450490294534397,0,0,0.00105426514377337,9.2832161751366e-05,0.00274698591155553,0.0603956235213755,0.085395144875682,0.187910951920104,0.00196606837858248,0.00329108732478132,0.000193547175298166,0.105705076646993,0.0013562125201314,0.000118130733471679,0.00906243913257918,0.0100326857924929
0.0050093911078764,0.000225138778251743,0.000230304485639095,0.223438434205817,0.121142792812067,0.745664797984589,0.011616811727918,0.363909615454239,0.346043926941795,0.818129170594869,0.0144612198609005,0,0.00215674420188741,0.1468808856003,0.935847364614314,0,0.000206617619708109,0.00130848699417076,0.000597132694864797,1.11739774128473,0.000236876109029388,0.000533233792954827,0.000203825082422161,0.0155839583669007,0.0259757307638278,0.00066149745900507,0.000998715435910651,0.0385121659073837,0.0702174048203703,0.003772550077635,0.000377436655417061,0.0648872090673253,0.000459246404705096,0.0143316955886033,0.100815819308551,0.105060074363395,0.00394176526220851,0.0221746228219553,0.0136226357251419,0.425926362780548,0.0108663563850204,0.0121209318614338,0.0252910852161235,0.000328445267107868,0.00491073956473384,0.00159065495221214,0.227562115711059,0.00180348017541227,0.000884480954020548,0.000225673178974343,0,0,0.0846516448971807,0.00697485086207285,0.0861573365276355,0.0315842507025573,0.0342997286984872,0.0287145086317994,0.0691165409113285,0.000310042931322479,0.167461697510875,3.47712628497124e-05,0.0245618418983512,0.0592709444948418,0.000116725659517669,0,8.00897838956833e-05,0,0.0292694277618295,0,0.000122207564323712,0.00012470868027401,0.0671043347356337,0,0,0.000240269700306034,0.121430886727005,0.0110450316192626,0.00117636865337534,0,0.00252707304450803,0.000169495187296582,0.00589922975107722,0.0120953787576298
0.00150466060053563,0.174182536415315,0,0.00185561677738028,0,0.000514892889197827,0.00498623236216292,0.00171291393515434,0.0936916183305417,0.0115967678499216,0.455830533312525,0.00215674420188741,0,0.00335782096564612,0.00179397606566734,0.00219111601174163,0.000306445132453299,0.00939820309478876,0.001274507412854,0.00091695622833028,0.00117659137263593,0.107075372218281,0.000850111849985981,0.0687422850582052,0.634765571929414,0.0316356822387198,0.716860588352671,0.0121532297235425,0.0195440765763112,0.00251718145280719,0.134750675670989,0.00610199579070406,0.000289995022754288,0.048030083795948,0.00140603813221636,0.0253136184347935,0.0615315944187122,0.103587580882122,0.00836619810984354,0.00685547902088218,0.000250814239274216,0.244083602151648,0.00278651308285832,0.0587327464211854,0.00549875778520226,0.000626815356801415,0.000276795160250664,0,0.122611422235381,0,0.0409432827725159,0,5.69302524486541e-05,0,0.000159166915456105,4.26498963554382e-05,0.000159379422862148,0.00388804444439893,4.24993009993076e-05,0.628936939571448,0,1.60872242211805,0.000759116950506735,0,0.000632858371907616,0,0.00861814648444228,0.00110229190067153,5.3359804079628e-05,0,0.00372637926898651,0,0.00228791470398011,0.258983257786663,0.138497728265638,0.485678971146535,0.00100334399921217,0.0091727365503314,0,0.218984015617626,0.00339820418159141,0,0.0270716974262353,0.000398952759428883
2.44571651767369,0.00107593161251645,0.136041096596521,0.0136584972053693,0.00746105553034993,0.216604550080859,2.38844821773876,2.80386902626726,0.0308359573497889,1.02797049714046,0.049644140835288,0.1468808856003,0.00335782096564612,0,0.0262704264147911,0.000915989089544253,0.235920851789765,0.0209492909540481,0.0675973338189671,0.068367214973264,0.0726957540255495,0.00171980592061935,0.268368599501165,0.0152950496060393,0.0362586302886679,0.103068666179511,0.0610567850752626,0.217160399931059,0.984735784848482,1.34944573738804,0.000658324798305464,0.29631984981955,0.0125944146533332,0.0861965716581335,0.0202385554051687,0.211089026968694,0.010929042009733,0.0979132438969243,0.0329935195378524,0.0495030568294505,0.0186590749383843,0.0189506849707632,0.0245229555155583,6.06762653381347e-05,0.00435155281272679,0.00125733430224361,0.0182571358738746,0.000793225405535221,0.00206661505206685,0,0.000571885758979416,7.93049352948189e-05,0.0101016673714749,0.000255935961672496,0.0022539222478961,0.0422711956558547,0.00254099813640285,0.0210634582597416,0.00682450335258655,0.000276600931206131,0.00644010334135337,0.000510989456065178,0.00111688170170188,0.0034331445729188,0.000788906515114021,0,0,0,0.00121904066826449,0.000262057984567261,0.00061862099785347,0.00011345186981411,0.0394426894774889,0.000196176076196289,0,0.00140305191026783,0.0787890001340806,0.0021846997705143,0.00460887495320435,0,0,0.000575660701881218,0.00404685980442629,0.00243196671240172
0.00453670229035025,0.0062885392964231,0.00171594350116934,0.0556452806684716,0.228203501491039,0.419475357796393,0.0769991039483405,0.0997196015546608,0.213118445029476,0.0894943045832535,0.00287387026391301,0.935847364614314,0.00179397606566734,0.0262704264147911,0,0.00567951401465688,0.00171328457881332,0.000786701443723441,0.00101968527810936,0.017336660452211,0.0717467745637378,0.0160463661638671,0.053216810566938,0.100652094899796,0.0367355921666273,0.00167632680987477,0.0245868882469181,0.128975506742756,0.0303066799773706,0.0818556926817927,0.000216932603801918,0.0382987467715187,0.00430395522993336,0.00789727757927828,0.320199694631302,0.105298951178003,0.00917046532982944,0.0176985250055676,0.0414483463226366,0.519037603422724,0.0238813932807389,0.0109596696302432,0.0185547180042133,0.00176622005727377,0.00315223595000591,0.0162754122476039,0.0300708175987136,0.000290439806944465,7.05447623721122e-05,7.84734682907105e-05,0.000211875847892189,0.00107005422628966,0.0100843165939034,0.000800513119135952,0.00872421231133032,0.0136304867507058,0.0057132826439446,0.010180895374605,0.00813610435365367,6.83614582145691e-05,0.0133562930443125,7.13304583852768e-05,0.00499578045957861,0.00628225666476231,0.00194175541172762,0.00049974773812561,0.000649637253443908,0.00146503635493584,0.00200040760597009,0.00179594930007005,0.00129259372553019,0.00314043344893169,0.0224298660723427,0.000265060023090935,0.000992633345979691,0.00574255061555443,0.0399612957783378,0.00295631214255166,0.00480300553700924,0,0.000452554944879818,0.000224192342070007,0.00314165733219118,0.203072590696554
0.000439499362365341,0.0406317563842833,0.00456465729850506,0.000609605110224152,0,4.90007527514457e-05,0.00339453349990105,0.000387169263452673,0.0400359718928894,0.000259769952585173,0.00104647850813589,0,0.00219111601174163,0.000915989089544253,0.00567951401465688,0,0.0097293050262743,0.000613864140084076,0.000535869588463783,0,0.289075437954907,0.985635667407085,0.408049716453397,0.877229302967384,0.0265240062028784,0.00211902238349294,0.500929827643334,0.826472577886112,0.00258896221428933,0.035846596537764,0,8.16973196656227e-05,0.00170399574129114,0.00438401972018089,0.042602645385729,0.667500639063816,0.0473491735236684,0.03917255089103,0.087137982011827,0.00200786590688486,0.000592208620658779,0.00405922248257446,0.0328884202222363,0.0128995173827991,0.00335492562866678,0.00430870471843376,0.000611877494577217,0.000101413696943188,0.000925380710669709,0.00092645173254967,0.00380471268898621,0.00688730640826321,0.000293184047092677,0.000100313342798233,0,0.00596139695790687,0.00154701731368871,0.0136122218619775,0.00051588974104805,5.9471491762352e-05,0.000311731378876972,0.000218141147826099,0.00373049528193069,0.000480593774446869,0.876768724846205,0.00143528887936668,0,0.000106653998066425,0,0.0775704739523496,0.210906106997971,0.468728606546546,0.176597969472818,0.000190275222548485,0.0014789042625905,0.375186470549712,0.177500140102288,0.00409989809598856,0.0149966367997935,0,0,0.000911866796094988,0.00404237209928451,0.0193547256767741
0.224529244165933,0.106235015105591,1.6512273123834,0.000176146920647764,0.000276885216579342,0.00432647601631413,0.07568003055947,0.0531277081777949,0.00759079945942402,0.00269782375625945,0.0775688004095975,0.000206617619708109,0.000306445132453299,0.235920851789765,0.00171328457881332,0.0097293050262743,0,0.180943725239904,1.47135853929489,0.000100069819029331,0.0781703786401155,0.0175349289717308,0.971844826518972,0.0126289210301153,0.000644053155005169,2.12179065940765,2.95118922611458,0.0294649750232371,0.370394980662032,0.511959725900209,0.000269280605640268,0.00451718556984663,0.0247516685153091,1.33150213790002,0.00406541301714468,0.102558397873995,0.0250322229306073,0.182227388821985,0.0457468894144677,0.00363357952880068,0.00132681192313323,0.000183391566395521,0.0284163678127217,0.0108061263171202,0.00821078843817157,0.00747618260955033,0,0,4.49887998923778e-05,0,0.089081128469617,0.0525757817298914,0,0,0,4.09926046113968e-05,0,0.00049918138245058,0.000467365968790818,4.6355925329113e-05,0,9.6804369364548e-05,0,0,0.00411334187915039,0.011212102534278,8.67890125609398e-05,0.011521790083408,0,0.000312620676407195,0.00619501137699313,0.00213681820269632,0.00369051312262821,7.34350926465034e-05,0.156143467208161,0.764210511728957,0.000866671393865824,0,0,0,0,0,0.000159161546723747,0.000882745579669094
0.0225974319244118,0.0123798168929979,0.0382144318328016,0.000147003360426665,0.000176021372224807,0.000446743756034756,0.00840512365059348,0.00389104492218223,0.0017585851272098,0.00580550301692223,0.863620268070211,0.00130848699417076,0.00939820309478876,0.0209492909540481,0.000786701443723441,0.000613864140084076,0.180943725239904,0,0.739150468713787,0.000360263378542233,0.0241551033225395,0.00166359162697859,0.0728982343223076,0.00143962720127372,0.00442455133518272,0.585135764461758,0.587108003710119,0.00384110840635333,0.0665478039346762,0.0507290850047817,0.0195626995852319,0.00258237167161493,0.00491159027550587,0.268255874831781,0.0270036615942421,0.508246952766245,0.392232852128228,0.52580526048104,0.178613278995713,0.0010655040834878,0.00381844440461216,0.00388863606958695,0.00180144032528505,0.00297334504396996,0.0010916525963367,0.00121445676573654,8.65799538011551e-05,0,5.44148645734787e-05,0,0.0145783955285297,0.000667716738551378,0,0,0,0,0,0.000173027384117985,0.000425039923381614,0.00631471578192296,0,0.0102318147707079,0,0.000119646046111869,5.64482303875923e-05,0.00010402492285881,0.00661576505946226,0.00358451838987779,0,0,0.00115746306731444,0,0,0.00182374424384079,0.149925528490691,0.255530441180802,0,0,0,0.0104025259651566,0,0,0,0.0100147219952545
0.0658346456903463,0.0707778840638529,0.146167754304218,0.000137781039406681,0,0.000202561271562242,0.0145089147673875,0.0143858670152218,0.00675091870775919,0.00279941821482763,0.258952039972985,0.000597132694864797,0.001274507412854,0.0675973338189671,0.00101968527810936,0.000535869588463783,1.47135853929489,0.739150468713787,0,0.000528542617683745,0.0333468759872428,0.00547233006877227,0.181531103189428,0.0035468057240725,0.00204014584729605,1.9133076104187,1.45270137855631,0.00661765240755567,0.159726396195819,0.131489156012151,0.00251332798750171,0.00143411062228718,0.00995494258443353,0.726453052530077,0.0124667626473358,0.254056068560072,0.108398484843469,0.235638116564275,0.114838884950755,0.00148397959452872,0.0019684944502739,0.00063616170841093,0.0141824586772967,0.00813814158913851,0.00354850207723288,0.00465836957033558,0.000147506527569961,0.000153719733100891,0,0,0.0471639561270218,0.00508033030044894,0,0,0,0,0,0.000638135197573662,0.00189987603841448,0.000504636196879863,0.000210010108812428,0.00265539035497489,0,0,0.00132773800264797,0.0039605669624938,0.00180340936821489,0.00831272351357746,0,0,0.00151375896873493,7.34985573917389e-05,0.000134348333080006,0.000741290729046249,0.259334796881266,0.352358938060313,0,0,0,0.00178324818261199,0,0,0.000458970569319725,0.00389921173754874
0.00278130437197842,0,0.000162980008001519,2.61822758410473,0.00372354778023329,0.0343981533201696,0.0211266269791891,0.0997684032540172,0.047765046628854,1.85540865785099,0.0113379855805074,1.11739774128473,0.00091695622833028,0.068367214973264,0.017336660452211,0,0.000100069819029331,0.000360263378542233,0.000528542617683745,0,0.000296418413352489,0,0.000265536990176726,0.0436866329125497,0.0151054723508775,0.000572635002855253,0.000132094387989521,0.299679900528085,0.0497308217866906,0.00258715638404116,0.000129441649597931,0.0199147753693753,0.000299284077492905,0.00974329106481265,0.00420742595580926,0.0781766578874904,0.00248018024594321,0.0212271335400368,0.00512371663563676,0.0268697789383561,0.00507221615604759,0.00764172771849418,0.0205236185231983,0,0.0084709400722291,0.00116799337994637,0.0495539401139899,0.000543743786463356,0.000199799031947708,8.5633321856451e-05,0,0,0.0556592761894463,0.00145326542533317,0.0174539584421968,0.04587426211498,0.00977839920891353,0.0163170047182197,0.0356589736862162,0.000258689284686088,0.0449564008664033,0,0.00897472265407262,0.0109783276566,0.000126553475397873,0,0,0,0.0119963529532359,8.79930620819091e-05,9.37412206146243e-05,0,0.046348535834859,0.000111516058318519,5.07350785642623e-05,0,0.0990994765662385,0.00480538190904193,0.000630487006579876,0,0.000900611838679078,0.000154273238143826,0.00400427998853173,0.00080919457925539
0.0322077931894729,0.00330899559774227,0.564733127045207,0.0007713003553648,0.000734767429610538,0.00281623134951997,0.434696626667471,0.0206176948042004,0.0124097321535208,0.00386021589375811,0.0358565556006467,0.000236876109029388,0.00117659137263593,0.0726957540255495,0.0717467745637378,0.289075437954907,0.0781703786401155,0.0241551033225395,0.0333468759872428,0.000296418413352489,0,0.0488119711413466,5.40509823561339,0.215263821029093,0.0240203201288427,0.0659811447787756,0.252211883059522,2.02831815416662,0.0909591669424542,4.74743899581875,0.000976625352194783,0.00346862302546811,0.0215106377144194,1.18299504757556,0.325769981839789,1.93552247273172,0.0979165810709231,1.4900709097547,0.999946972689638,0.0144011048453101,0.00450554960942455,0.00916200281852213,0.0190364447715871,0.00140224097960358,0.00272296669373846,0.00323281297452068,0.00184556507838841,0.00060058688148427,0.00173566507286978,0.00130634086352367,0.000985443205469271,0.00363033964899755,0.000553047944449043,0.00029345011041975,0,0.00552080402337665,0.00125282961667561,0.0136304161473165,0,0,0.000187796042777347,0,0.00487225885912609,0.00179319537367745,0.111044243129441,7.95562466754913e-05,0,0,7.7455050333786e-05,0.0423735007205886,0.0337399603078852,0.0295317795892934,0.112157627614214,0,0.000729937756062079,0.053691457939326,0.141704017256619,0.00494313141183896,0.0208973041938828,0,0,0.00139239277219448,0.00536078933895641,0.107011206625529
0.000503792166183901,0.335593605879737,0.0320871964727995,0.016439354111473,0.00134846373378888,0.000865949331544018,0.00659185039247857,0.00148269666594005,0.634938096894578,0.000380914843112755,0.0059177093086493,0.000533233792954827,0.107075372218281,0.00171980592061935,0.0160463661638671,0.985635667407085,0.0175349289717308,0.00166359162697859,0.00547233006877227,0,0.0488119711413466,0,0.179660102338977,1.67668402460711,0.0984091129270486,0.00804561367521972,1.37090772554043,0.366737444355755,0.00724943897855399,0.0138384812705907,0.00147436353786459,0.00069998657973876,0.00496741190617628,0.00802990063454895,0.0112109233037471,0.165918411750433,0.0191977964688089,0.0341603652158324,0.0347726577600822,0.0248300470224702,0.000327902708701038,0.00670788478077579,0.0389611272502306,0.00965085510853681,0.00465310643735056,0.00657173134150243,0.000887614923376274,0.000136673648521614,0.00278183110576505,0.000499219784172535,0.0217140576345398,0.00660145424211487,0.00227069015866113,0,0.000105095408401871,0.00411483205368013,0.00143529584101963,0.0148521256172626,0.000351012076557922,0.00739582365961861,0,0.0142295205882491,0.00335174446166396,0.000368459609305954,0.463744481084667,0.00284718281561303,0.000351550590984535,0.000930811593746566,0,0.0387490381762409,0.269576932597452,0.187466896204156,0.145835227473085,0.00355914881787882,0.00610161354339628,0.539561407692799,0.113791560446248,0.0029470553323874,0.00986351693133733,0.00116644063367233,0,0.000897538126773929,0.00327880858335781,0.00635625975427475
0.255093779456292,0.00793706253018475,1.85245389058665,9.51471232091425e-05,0.00139929545489893,0.00465707011720705,0.24110973043557,0.0714803000137551,0.0116413420345744,0.00532632598443861,0.0649983011419395,0.000203825082422161,0.000850111849985981,0.268368599501165,0.053216810566938,0.408049716453397,0.971844826518972,0.0728982343223076,0.181531103189428,0.000265536990176726,5.40509823561339,0.179660102338977,0,0.0584017425535384,0.0118834998177554,0.511849482836179,2.99099103987954,0.4986786420491,0.463543489470082,1.961023612224,0.000861322476475525,0.0067179558763916,0.0276576123640115,1.81540821921624,0.414569979036956,4.18456389593745,0.385884328146081,2.22135832378244,1.77353055532678,0.0164693498949362,0.00605275697409334,0.00533780383542462,0.0275233452752449,0.00821617495546017,0.00539225506632152,0.0112196402961861,0.00153463703028183,0.000608854002577591,0.000694400982238388,0.000307510461117077,0.0112244156173532,0.0937245937309647,0.00020650331826992,0.000256579764395714,8.24032248383522e-05,0.00396509980038562,0.00030997315121026,0.00584124135687923,0,0,0.000423782030999374,8.51166658401489e-05,0.00145425664564596,0.00163897634846735,0.639884366040858,0.00480298548873596,0,0.000882747338854122,0,0.0452923631740431,0.108479361977976,0.397143382685155,0.103308583664694,0,0.00964577494688479,1.06838392367482,0.0872530442251348,0.00210402499591804,0.00610020897628064,0,0,0.00100617969552836,0.00229196602128587,0.204538777177699
0.00685612386409898,0.306566572999542,0.00666869897181897,1.51116065736399,0.00924137281684618,0.00761123678880601,0.0698181288589629,0.0131816660434388,2.82668724003578,0.0526205064240863,0.00549379388798151,0.0155839583669007,0.0687422850582052,0.0152950496060393,0.100652094899796,0.877229302967384,0.0126289210301153,0.00143962720127372,0.0035468057240725,0.0436866329125497,0.215263821029093,1.67668402460711,0.0584017425535384,0,0.120883223902687,0.00983411647915012,0.456532186417048,1.29296372426014,0.054631565507898,0.0564997173407649,0.00100272604792747,0.00648445786386586,0.015009195281135,0.0127074343214207,0.0260541875708128,0.169094399406819,0.0177066820676476,0.025564993647602,0.019796534240339,0.144567639495418,0.00366494140525208,0.00937814176707134,0.165931147933598,0.00223143105390372,0.0442682631942889,0.0124639984688634,0.094221735451006,0.00691946348998098,0.00212896975691295,0.00182872988952279,0.00508144166559043,0.00339657121004405,0.223921877551615,0.00312347176769018,0.0382875466867309,0.211402708530215,0.0558057949292597,0.230008744469072,0.100691170834775,0.00191289547182197,0.0726796525080178,0.00434975410771432,0.0569366681294095,0.0281589172839173,0.0793686250896988,0.000478523219032192,0,0.000131501451457787,0.0205622912240075,0.020897209506285,0.0692465395387507,0.0366166731868605,0.487068812969036,0.00269765170742736,0.00196213892774686,0.0825284951035845,0.733823748462731,0.0628415176453292,0.0352913663806029,0.000196751211706352,0.00110571872606411,0.00384454041276035,0.028054815876735,0.00859483687788591
0.00441032636660104,0.139191417134605,0.000643388566545439,0.0179358366255222,0.00947837815088796,0.0299884253526916,0.0392349137213801,0.0498380514700124,0.12192479967478,0.0540293403303818,0.0664441307227839,0.0259757307638278,0.634765571929414,0.0362586302886679,0.0367355921666273,0.0265240062028784,0.000644053155005169,0.00442455133518272,0.00204014584729605,0.0151054723508775,0.0240203201288427,0.0984091129270486,0.0118834998177554,0.120883223902687,0,0.0134210373097156,1.00549455166737,0.0934676027543873,0.0415379170921119,0.0336001547146797,0.0189238817353718,0.0661129901321346,0.00501532826885056,0.0359351833971983,0.00496645588029079,0.116309644232254,0.00774051856441946,0.139989976311376,0.12113828656844,0.204456837551749,0.0561535840796238,0.0913064996138021,0.0571046647109603,0.00559216052896342,0.0599695310448751,0.0131113213535018,0.126378268362051,0.0268607082156423,0.0615094376307763,0.00065308561544466,0.109093797794198,0.000185945937918186,0.0046750065451735,0.000472931944405746,0.0123327123620338,0.029820583692054,0.0286161251632473,0.00582472309753218,0.016954504605965,0.0515523725788797,0.0247615803537279,0.115102804890545,0.0653108621401399,0.00629750638543968,0.00803627508440513,0.000176002353718376,0.00339262214268637,0.000165198691622591,0.00555619665665879,0.00598955336593056,0.00212168621869497,0.00279670060648813,0.0300657664582513,0.202370232472593,0.0365884759555537,0.219551423293348,0.105916801116477,0.0841129168341727,0.0163559919859834,0.0193439430685833,0.0124986770124717,0.000789519575006199,0.101388760819898,0.00494505616138601
0.0860867752755854,0.09412605672139,3.57825657895486,0.000290349876654959,0.000273869101893759,0.00109266698640352,0.0708033908388757,0.0214760205760227,0.00864624205308986,0.00483383040614071,0.46383154576635,0.00066149745900507,0.0316356822387198,0.103068666179511,0.00167632680987477,0.00211902238349294,2.12179065940765,0.585135764461758,1.9133076104187,0.000572635002855253,0.0659811447787756,0.00804561367521972,0.511849482836179,0.00983411647915012,0.0134210373097156,0,4.16741519751088,0.0154962499602644,0.103663523116464,0.182459208327961,0.177170591091386,0.00286072570578871,0.00353870425331207,0.248616314942884,0.0286178387301405,0.79328027047763,0.689091109670165,0.489239305891111,0.255830078068752,0.00356879664445915,0.00302418447760463,0.0117372299677616,0.0299550139479136,0.0344062411626094,0.0117063941788109,0.0111097593520809,0,6.85738208096504e-05,0.00132697985557962,0,0.0967950616560116,0.00930667255833031,0,0,0,3.93601988994598e-05,0,0.000263181991169453,0.00227088186424055,0.0844016745679266,0,0.116136139889095,0,0.000236480968182564,0.00177072980318041,0.00829156985531511,0.0454070441564015,0.0222995596465376,0,4.30520229903698e-05,0.00326910066022796,0.000380550989478922,0.000757866953003645,0.0210535425838323,1.00802444032237,1.48932402097977,0.000253166218704748,0,0,0.148725711625215,0,0,0.00160088997651939,0.0129516961140305
0.0564696422169843,3.38908409520976,4.19320175839691,0.00614156432430849,0.00128277457149091,0.000934318150982519,0.0666286430428982,0.0120142995957386,0.453984072328937,0.00253485813147271,0.275234749293268,0.000998715435910651,0.716860588352671,0.0610567850752626,0.0245868882469181,0.500929827643334,2.95118922611458,0.587108003710119,1.45270137855631,0.000132094387989521,0.252211883059522,1.37090772554043,2.99099103987954,0.456532186417048,1.00549455166737,4.16741519751088,0,0.963406898698877,0.088902688903149,0.183627853233882,0.289537837352837,0.0015830627547906,0.00690026910527186,0.950171549019182,0.266855234766868,4.08906826843705,0.834679623288063,1.97186931172476,1.65338054100955,0.0458352390655002,0.00647303978762722,0.016735475560448,0.174936082219918,0.106194733318999,0.0496163561409154,0.0553132385973995,0.000464983238484192,0.000472438637816334,0.00809979969020186,0.000162221246827412,0.914601417443173,0.232204402736781,0.00137302855908804,0.000374328239832878,0,0.00820738133120508,4.47552680799007e-05,0.0135821558291073,0.0172304458427856,0.186923558773344,0.000194303498821068,0.401016916835105,0.000446503351064921,0.00106018582043295,0.265267178069264,0.0572044935699111,0.0543848878299754,0.0632124873703186,0,0.0111257134279173,0.179999416470658,0.361170826858189,0.0767494244933585,0.205391364337786,2.24072460109675,8.46917016244482,0.0625913979087052,0.00134776932231588,0.00240672118708239,0.28178244165562,5.55908422211647e-05,8.31167138148308e-05,0.00769919908928509,0.124472272338822
