0,0,0.902816653251648,56.0451961159706,2.41884869337082,77.645457983017,21608.2613599598,1778.82808980346,39.0773766338825,156.20947510004,0,11.9976400136948,5.19901546835899,17971.8380070031,9.51270893216133,2.54342475533485,48.6072957217693,2.57551664113998,12.1503731906414,25.0176367163658,1491.31840476394,1.37532564997673,675.497610360384,208.883458763361,3.72139239311218,10.5858292579651,5.20853000879288,830.489618867636,5857.07975375652,10425.0266768038,0,1.40821665525436,6.75044134259224,177.74202311039,5.93916603922844,126.117312937975,3.78432455658913,96.1789105832577,50.5284558832645,17.9975620806217,4.6758685708046,0,17.9495570063591,0,0,0,7.26674836874008,0,0,0,0,0,4.14650964736938,0,0,3.15180349349976,5.18492686748505,9.95646831393242,1.22137999534607,1.7244815826416,0.97111451625824,0,0.651906609535217,0.893729150295258,0.431959450244904,0,0,0,0.592583179473877,0,0.856632232666016,0.335869789123535,32.849607527256,0,0,0,14.4444347023964,0,0,0,0,0,0,0.948693871498108
0,0,137.410167962313,2.4122034907341,0.444254249334335,0.415890157222748,0,1.01580822467804,702.203583985567,1.2449049949646,136.610084801912,3.40259176492691,2656.68290102482,0,8.86275872588158,96.000712364912,27.4662285447121,5.13096761703491,33.4714288711548,0,2.55337277054787,2047.03677526116,7.45257911086082,615.999816894531,779.880987912416,1065.92989811301,23544.2739937305,7.76437309384346,1.35406547784805,0,155.057675093412,0,0,7.26797315478325,1.50881314277649,71.9672697484493,46.3239596486092,30.3950346112251,35.3644735217094,10.9162890017033,1.06642317771912,0.788384974002838,59.0585098266602,16.2231395244598,15.6337725520134,11.8035099506378,2.41587090492249,0,7.39832663536072,0,520.268336415291,107.841743260622,0,0,0,0,0,1.70447760820389,0,6.43517583608627,0,103.217276126146,2.02074760198593,0,6.41224306821823,64.1526601612568,1.37985026836395,17.5570498108864,0,6.51490128040314,13.8726606369019,42.1128612756729,2.28788906335831,23.4973984658718,119.171073049307,2768.60313946009,8.87455621361732,0.874384999275208,8.40973398089409,0.89453187584877,0,0,24.9512933194637,2.74691319465637
0.902816653251648,137.410167962313,0,1.22335922718048,0,3.54443174600601,3.75382667779922,9.56599745154381,26.1493448317051,6.67578306794167,12.4577157497406,4.71554037928581,340.901764810085,16.1785798072815,17.0597414970398,73.4706130325794,40466.6753921807,124.75209441781,1139.32054367661,5.5042205452919,44.5321772694588,90.0033425688744,27493.0333021581,33.408196747303,13.6048059761524,22035.2263791263,41989.5193141103,19.8256238698959,77.8879979550838,10.1594846248627,4.22616943717003,0.525834441184998,0,1207.06933659315,207.359344780445,8057.27254980803,2895.96853864193,3542.80272248387,3610.29335400462,15.73758238554,89.6630815267563,3.79438811540604,971.646974205971,411.117391169071,351.861669361591,174.070617765188,93.4566779434681,13.1352074146271,0.385774791240692,0,95.0356929004192,2076.28801634908,0,0,0.888119161128998,6.47177416086197,1.77761173248291,1.53456264734268,0,18.0937077999115,0,1.31000804901123,4.86521863937378,1.32865905761719,62.4612911045551,1107.24041858315,17.8614427745342,81.8315462172031,0,54.2428452670574,97.9501095116138,1641.97260385752,17.6142580211163,0.85514834523201,885.484154105186,8013.77118915319,31.3974630534649,3.48334777355194,55.7744257450104,1.81788337230682,0.880234956741333,0,269.026556044817,283.093220680952
56.0451961159706,2.4122034907341,1.22335922718048,0,65.3903476893902,709.809133082628,415.813986182213,1106.31038534641,3580.98229545355,8357.15953427553,1.45296221971512,9200.05498352647,186.091025352478,1989.41655386984,757.142504036427,9.8431541621685,3.23460039496422,0.388915479183197,6.07501429319382,35193.2134104669,206.745687961578,7.41881647706032,70.477062702179,6416.80852648616,66.2399725615978,11.1504874527454,7.69406193494797,18413.0366700441,1066.78780810535,39.9095992147923,0,21.380650728941,15.4077686369419,248.537966668606,48.0441891551018,3631.90724028647,39.6253876686096,367.173263698816,46.8308294117451,1658.96928775311,175.059046447277,7.38048043847084,259.231533765793,0,3.64431580901146,1.67362061142921,636.754054039717,4.47271439433098,20.4555004239082,0,0,0,877.537004545331,32.7922054231167,111.451544940472,127.257436335087,84.9447377920151,661.973322898149,111.008932679892,42.4545944929123,350.050373733044,0.523776173591614,20.4089457988739,151.153176665306,10.5647688806057,0,0,0.846878826618195,275.820949494839,9.66841217875481,4.52820402383804,6.55730810761452,1082.60686308146,0,0,0,524.653469592333,3.31459927558899,4.04319673776627,0,0,0,4.22715729475021,14.5539897680283
2.41884869337082,0.444254249334335,0,65.3903476893902,0,3571.51131427288,125.980680406094,1294.62773096561,228.938348114491,160.849737048149,0.540278673171997,1314.15814355016,19.7890516519547,160.701861321926,4775.61703515053,110.531661987305,10.0417183637619,0,4.21275216341019,40.981219381094,472.432802855968,3.68541836738586,547.662371128798,181.418227553368,11.8742711544037,5.25787642598152,27.8334227800369,339.235833019018,188.789639115334,234.213339477777,0,494.865471512079,9.64492040872574,82.0851949453354,56.4786247611046,483.309694111347,20.5934755504131,97.1488271951675,31.7209446430206,15335.1463781595,6801.70161694288,2.20112991333008,40.5835289657116,11.4920007586479,7.31155890226364,15.37633061409,85.2000399827957,0,2.9551919400692,0,0,0,30.8722254633904,0.436145007610321,9.47384631633759,20.0289320647717,9.83208024501801,26.9564590454102,15.9953508973122,4.77989989519119,27.8263272047043,0,2.56110581755638,20.8739621043205,16.3845486342907,0.96870493888855,0,0,14.2338549792767,7.12464505434036,0,8.4319856762886,78.7667273879051,0,0,15.2175117433071,54.0748220682144,5.50094932317734,4.79553732275963,0,0,0,0.965107321739197,227.493984341621
77.645457983017,0.415890157222748,3.54443174600601,709.809133082628,3571.51131427288,0,4304.77641242743,29486.402350843,287.523418009281,18063.3622364104,31.4565370976925,5676.54094034433,96.1949491500854,7282.75938519835,8829.71036583185,10.5759669542313,20.6819032728672,15.6159172654152,46.4130570590496,814.530054554343,278.500467762351,1.44247049093246,93.3183728158474,881.359724313021,47.5527922511101,64.3079803735018,28.5657480955124,4997.92041520774,1606.70913556218,294.316063851118,0,92.7954282164574,13.3826526403427,247.089843690395,12406.5496418178,2063.62918919325,19.5859490931034,168.20869833231,118.978680759668,4971.07884389162,1747.31993967295,19.3740744292736,49.4574899375439,2.34044948220253,10.2891905903816,2.02483761310577,54.3954339325428,0.78536057472229,13.9397413730621,0,0,0,22.7777188420296,1.71770620346069,10.2160210609436,6.87232315540314,2.84043952822685,66.9808673560619,3.14868751168251,34.3061951696873,27.660690844059,1.10818988084793,0.556471228599548,8.09980976581573,19.1247081160545,0,0,0,5.16781502962112,9.40890693664551,1.03142055869102,13.6499241888523,109.059631496668,0,0,6.28913673758507,33.66517791152,0,3.55918926000595,0,0,0,2.67190110683441,1011.71059527993
21608.2613599598,0,3.75382667779922,415.813986182213,125.980680406094,4304.77641242743,0,13029.2838530242,1141.6782694757,10242.5440028012,4.66534844040871,105.450779527426,237.221218973398,42602.3142257929,664.891448616982,38.7588618993759,28.4954437315464,3.3308652639389,23.430301964283,82.5291610062122,3819.23724198341,0.691899418830872,553.165363788605,2929.13748115301,79.49889716506,44.4427719414234,24.6563415825367,58011.5261098444,10918.2587694526,14983.7219350636,0.35825914144516,26.8036602139473,143.706650197506,1059.61527356505,187.075640827417,5000.29428079724,48.1960043311119,905.760786682367,208.11029779911,802.39875638485,236.222045779228,9.99590301513672,547.413300842047,0.615784525871277,15.3091836571693,9.8442650437355,266.866485625505,11.6341100335121,17.7436392605305,0,0,0.518065094947815,345.516332954168,17.2155620753765,55.4606267809868,217.522409141064,181.652207434177,562.704661548138,191.832620769739,41.4636241793633,159.689079999924,1.33447515964508,60.7706221044064,69.9902250170708,15.9971498847008,0,0,0,128.674144029617,13.6532686948776,1.12298178672791,11.307353913784,1550.2554025948,0,0,2.36326825618744,893.490456789732,7.27172756195068,13.1090330481529,0,0,1.4951696395874,13.1119152605534,88.0226660966873
1778.82808980346,1.01580822467804,9.56599745154381,1106.31038534641,1294.62773096561,29486.402350843,13029.2838530242,0,748.855095982552,11165.7588342726,119.887509703636,6108.98918381333,149.658824831247,32206.3429151773,1989.27642250061,24.1333576440811,95.0034354627132,48.3433508574963,118.633024573326,1397.0470046401,2567.76883009076,4.58226516842842,1004.83606746793,2215.23586469889,83.7561382651329,152.363803267479,42.1030030548573,7751.28081709146,4155.08581197262,3739.61455726624,0.30372416973114,31.6439408957958,22.1370933055878,506.58832025528,2380.56676837802,4833.76059764624,34.2186904847622,354.580048888922,284.353360563517,11121.4987180978,1279.73119109869,40.7824049592018,123.623018413782,0,6.1778599023819,2.34793329238892,75.7992067635059,0.853760182857513,25.2637338042259,0,0,0,41.2747241854668,2.92855906486511,14.2013201117516,28.4215921163559,6.1387385725975,182.426810890436,8.94120585918427,46.110293418169,41.4605226516724,2.96240246295929,0,11.2991084456444,13.6676419377327,0,0,0,9.60197314620018,7.77076923847198,1.21016049385071,4.85122218728065,251.464303076267,0,0.398961007595062,2.33401021361351,62.5865311324596,2.42154932022095,2.22242075204849,0,0,0,0,171.427794992924
39.0773766338825,702.203583985567,26.1493448317051,3580.98229545355,228.938348114491,287.523418009281,1141.6782694757,748.855095982552,0,534.875781625509,10.7614846229553,1090.25366154313,207.109471619129,1322.9363643527,2130.13976109028,1930.48034006357,7.46276199817657,0.515140652656555,7.90812873840332,481.003998458385,224.445036768913,11167.1635202765,296.677615135908,44076.0498576164,62.3981587588787,213.985115855932,5536.39041358232,8967.29315289855,806.493725121021,115.870811164379,16.2728269696236,26.5971417725086,41.8921384811401,178.203157216311,19.4637039899826,1923.14943039417,29.3455401360989,167.695557415485,44.7485852837563,3911.10948687792,94.0332532823086,2.23737731575966,580.169272273779,8.10388594865799,40.0301634371281,11.3985257148743,694.516086310148,17.7032267451286,11.8521367311478,0,3.95533680915833,1.51295185089111,439.505300849676,70.7648596465588,173.050372570753,462.762386590242,273.909096866846,2232.61654543877,271.280174389482,38.611483335495,338.541034162045,0.846638977527618,122.667713910341,211.371414333582,851.181099832058,6.27480337023735,0,0,213.589989095926,243.623633772135,842.071829497814,254.730549693108,4344.38382229209,0,3.69266843795776,120.345117658377,1884.82068237662,22.4571725726128,81.294820189476,0,4.80213487148285,4.00289469957352,58.0329679250717,17.6830541491508
156.20947510004,1.2449049949646,6.67578306794167,8357.15953427553,160.849737048149,18063.3622364104,10242.5440028012,11165.7588342726,534.875781625509,0,36.447389960289,12729.6579938829,341.425543993711,14630.7412690818,633.497564584017,10.1630631387234,15.7573101222515,8.02262783050537,37.2492935359478,16724.9802134037,71.848373234272,1.78573286533356,36.352901995182,1143.79540210962,118.916621506214,40.5741924345493,9.16037356853485,27746.1406549811,2457.50403726101,41.6469022631645,0.288299709558487,87.8832828998566,49.0583472251892,661.172429472208,1821.19954624772,5906.60934388638,71.1550477743149,752.535295277834,136.798504650593,1482.26417186856,520.692731708288,27.243933826685,131.281526625156,3.68898594379425,9.34113189578056,5.67218726873398,145.737252682447,1.78991487622261,43.9180337488651,0,0,0,637.505291432142,5.2271654009819,18.8596564531326,18.820589184761,6.97498553991318,94.8208479881287,331.792450428009,81.8845202028751,53.8890943527222,2.12287431955338,1.56548601388931,36.3108816742897,15.4787120521069,0,0,0,14.4858549237251,8.17980578541756,1.46132817864418,5.55232119560242,192.664971441031,0,0,1.82824030518532,56.9999779164791,0,4.46165817975998,0,0.594170451164246,0,0.861075222492218,120.365270733833
0,136.610084801912,12.4577157497406,1.45296221971512,0.540278673171997,31.4565370976925,4.66534844040871,119.887509703636,10.7614846229553,36.447389960289,0,30.1282379627228,6771.72369813919,198.134887039661,9.18845894932747,7.18960824608803,118.140697777271,17946.318973124,3780.78665775061,9.15489584207535,13.5756502151489,23.6015733778477,40.8988835513592,7.72419574856758,2842.0848942101,5897.65455925465,280.56339892745,22.0000358521938,787.649645328522,14.3576680421829,168.515900105238,36.1929767429829,1.44557356834412,10798.674595505,11.4018912911415,491.426420003176,449.26517817378,2408.43172824383,262.35158187151,14.5130519270897,21.8607724905014,4205.3096536994,70.9151169657707,43.4052647948265,7.74236744642258,5.47831189632416,1.1836085319519,0,448.101914018393,0,39.4419492483139,1.24382251501083,0,0,0,0,0,0,0,222.218317493796,1.72398513555527,4245.69182299078,0.48395973443985,0,0.627772450447083,0.304290562868118,26.4849492907524,0,0,0,0,1.30660304427147,0,239.048573255539,53.9522322118282,2174.87860879302,0.479047358036041,0.443009823560715,0,309.242332041264,3.53120875358582,0,46.1415697932243,22.6227837204933
11.9976400136948,3.40259176492691,4.71554037928581,9200.05498352647,1314.15814355016,5676.54094034433,105.450779527426,6108.98918381333,1090.25366154313,12729.6579938829,30.1282379627228,0,244.36223590374,6579.3608686924,6640.64455282688,11.2064296007156,8.67969781160355,6.84127217531204,38.0057391226292,28839.6907856315,11.2974575161934,46.8387675285339,11.2931742966175,952.528518050909,86.7417420744896,46.9466313719749,61.1573375612497,1120.66864955425,1867.39743572474,20.4050451219082,0,147.442475795746,14.1627655625343,580.35704267025,1365.57632988691,6033.42158606648,48.3556556999683,524.178028136492,131.951393574476,4010.68242263794,625.047408729792,25.4081801474094,159.142916172743,1.40907263755798,18.1480369269848,5.05167955160141,162.059972882271,11.8036852180958,36.3566979169846,0,0,0,125.726532876492,6.22836852073669,38.8974749445915,17.0596494972706,45.0862491726875,90.9674406945705,93.1463616788387,57.5619613528252,555.675890564919,1.4550139605999,25.4278272986412,46.5622872114182,25.9169867038727,0,0.965986967086792,0.242648020386696,204.761575430632,5.4854708313942,10.5562189221382,6.88758701086044,129.973649322987,0,4.08230084180832,1.66063252091408,48.3993655145168,5.89886927604675,5.212616533041,0,2.4763668179512,0,14.7137590646744,919.66113820672
5.19901546835899,2656.68290102482,340.901764810085,186.091025352478,19.7890516519547,96.1949491500854,237.221218973398,149.658824831247,207.109471619129,341.425543993711,6771.72369813919,244.36223590374,0,442.285235136747,114.798822551966,702.104564160109,288.134641259909,386.356125712395,450.19962516427,190.305458247662,435.705683946609,454.376192390919,2256.63258191943,425.319059818983,21097.0820609927,1800.55533227324,6178.63509184122,550.167766183615,866.150745391846,222.753255695105,969.41696202755,22.8156074881554,107.002370297909,1675.48633423448,164.209443718195,3730.11173352599,1647.3908174634,7295.78341388702,3145.76809763908,696.477634161711,580.255253463984,8919.61758166552,451.713909268379,232.087046325207,99.995179027319,85.0625305175781,301.047512173653,6.70968478918076,1373.18756601214,0.840307474136353,202.300490021706,21.3969458043575,9.51628619432449,1.73912698030472,12.1027316749096,44.2307537794113,29.4586189389229,33.7581670284271,23.78091147542,819.353394299746,26.1034828126431,15894.3747718483,21.6159510612488,15.7875081300735,72.7628626525402,17.5744740366936,94.3871155381203,20.8329209089279,15.2386809289455,41.0084185600281,13.9557502865791,185.266755610704,92.5055948495865,1780.49501171708,212.180466502905,11676.2234358788,84.4245635867119,14.9328769743443,25.5963984131813,971.74833637476,13.2523237466812,0,270.736017942429,285.894887179136
17971.8380070031,0,16.1785798072815,1989.41655386984,160.701861321926,7282.75938519835,42602.3142257929,32206.3429151773,1322.9363643527,14630.7412690818,198.134887039661,6579.3608686924,442.285235136747,0,921.225145339966,60.3711208105087,237.066890627146,79.0216191112995,271.047385573387,2362.84721334279,5863.28042781353,16.9107840359211,3007.97693231702,3121.42378544807,198.241351902485,334.241099625826,95.3889192640781,11296.1514242291,21408.4713261575,14760.7658933103,2.31663137674332,84.3609806895256,101.488796055317,1844.26656618714,221.595953941345,10941.8220317215,116.869789153337,1178.01254183054,540.392620623112,2575.20692905784,1887.54732719064,80.6746663451195,502.228053241968,3.59011262655258,16.3658799827099,6.36742305755615,237.476519525051,7.65041992068291,47.1642033159733,0,0,1.87214183807373,151.883798718452,13.852931112051,27.8230338990688,149.973303705454,41.5821559131145,399.693190395832,30.3580452203751,145.076391011477,74.4498540759087,8.33792489767075,17.0224225521088,38.1977106928825,56.2632918953896,2.50952070951462,0,0,54.7334768176079,24.3798782229424,7.16886496543884,27.6196351349354,850.767705500126,0,0,9.69400402903557,451.202829509974,9.52126720547676,11.4158018827438,0,0.531492710113525,3.66590011119843,4.18414580821991,121.976468265057
9.51270893216133,8.86275872588158,17.0597414970398,757.142504036427,4775.61703515053,8829.71036583185,664.891448616982,1989.27642250061,2130.13976109028,633.497564584017,9.18845894932747,6640.64455282688,114.798822551966,921.225145339966,0,120.332798659801,20.9696780145168,9.67812970280647,29.7761699855328,342.093428373337,717.453579813242,125.162052333355,570.406525462866,1795.45011851192,46.8203820586205,81.2928907871246,248.254578351974,1566.14460331202,763.220814853907,827.511182516813,0,79.9284298121929,37.7127011120319,318.755978167057,2184.30300459266,835.195457607508,50.2173202335835,428.121698051691,274.747734755278,8076.24085021019,135.825150132179,25.5097648501396,288.630140662193,95.3819161653519,48.360855281353,148.4850256145,685.869966834784,12.5273065567017,21.7729716300964,0,2.18430727720261,9.21351486444473,191.944767683744,18.2562324106693,113.119276225567,131.735961765051,140.651400417089,229.829791009426,145.684245914221,73.6706910729408,229.865197271109,2.40369409322739,45.9160097539425,121.009794741869,65.9107926189899,17.4105238318443,7.05081987380981,7.59618991613388,126.094651013613,85.0348054170609,11.7637109160423,114.519561082125,707.140211731195,0,16.2032792568207,123.337009459734,461.53888335824,12.1489050984383,33.8859249949455,3.19566804170609,2.10537683963776,0.931636095046997,19.5551335513592,1140.01906898618
2.54342475533485,96.000712364912,73.4706130325794,9.8431541621685,110.531661987305,10.5759669542313,38.7588618993759,24.1333576440811,1930.48034006357,10.1630631387234,7.18960824608803,11.2064296007156,702.104564160109,60.3711208105087,120.332798659801,0,198.675940394402,13.6219583153725,72.8335843980312,11.9867051541805,38666.8732122183,9381.53549751639,35187.8689249158,12094.8035387397,285.292972803116,259.680807232857,14029.4397121966,5690.75479352474,52.4171178936958,47.2006780207157,2.27109867334366,2.19112586975098,3.24643296003342,1049.60523405671,386.653752058744,12504.942355752,1378.6079261899,2580.39509084821,3134.96445775032,130.900210231543,192.828791111708,34.4272381663322,1246.28331321478,141.300791054964,219.606933027506,82.7504487633705,490.049191236496,27.7904961705208,103.848270148039,2.63153833150864,16.8500331938267,26.3090283572674,26.8379737138748,19.3499742746353,14.6691184639931,372.610549092293,186.748670220375,519.41968858242,18.3661098182201,282.163616329432,41.138773560524,18.7659168243408,159.160056263208,45.7700543403625,16647.6201002896,41.9653717577457,0,4.57913437485695,5.3052521944046,3198.71584931016,4773.4141074717,8185.74705842137,3500.36490264535,1.07820379734039,12.3082609176636,2219.59492871165,2898.35305944085,19.0737350285053,794.473102301359,0,5.23173534870148,1.46724569797516,85.1504644155502,378.547266364098
48.6072957217693,27.4662285447121,40466.6753921807,3.23460039496422,10.0417183637619,20.6819032728672,28.4954437315464,95.0034354627132,7.46276199817657,15.7573101222515,118.140697777271,8.67969781160355,288.134641259909,237.066890627146,20.9696780145168,198.675940394402,0,2199.3272831738,8206.37633347511,4.28970846533775,644.571060240269,114.347201287746,17931.450232029,104.744194149971,17.320939719677,16894.6092164218,20341.1332119405,98.0475571155548,444.27407130599,109.822495937347,4.74407345056534,5.31845045089722,28.9312680363655,6832.96591070294,118.26820486784,7595.42186951637,5498.87434741855,3397.37935674191,2065.91560542583,23.4767286777496,66.5316262245178,8.42403271794319,528.095469683409,195.688906401396,206.637553155422,90.364562690258,59.9022365808487,2.73800605535507,0,0,36.1709036827087,1130.44163545966,0,0,0.513405203819275,7.47728398442268,1.68807888031006,2.84078449010849,0.348438620567322,8.4984182715416,0.950442671775818,1.03783893585205,1.6465068757534,5.14132192730904,141.841500759125,589.977379143238,6.31304097175598,29.4597418904305,0,35.4568954706192,68.3531064093113,1242.67430272698,20.163772046566,0,336.045100241899,3976.8668614924,28.0681297779083,1.03966391086578,23.2681182920933,0,0,0,168.742346256971,189.059716284275
2.57551664113998,5.13096761703491,124.75209441781,0.388915479183197,0,15.6159172654152,3.3308652639389,48.3433508574963,0.515140652656555,8.02262783050537,17946.318973124,6.84127217531204,386.356125712395,79.0216191112995,9.67812970280647,13.6219583153725,2199.3272831738,0,2691.61795294285,1.30093652009964,49.4473131895065,3.04277288913727,270.134748339653,5.01788625121117,26.6458830535412,825.710474610329,110.469330817461,12.9322912395,351.108636409044,5.54607179760933,6.90784963965416,13.0179769396782,1.23055773973465,3953.5829719305,26.5624156594276,1108.68480244279,948.044726997614,2485.49528336525,661.825510531664,7.3809255361557,21.1232207715511,333.116409182549,77.3891091048717,2.47183272242546,0.992622196674347,2.54056495428085,0,0,4.67800557613373,0,1.39869344234467,14.1485405862331,0,0,0,0,0,1.9974170923233,0,6.52604249119759,0,62.1047840118408,0,0,1.75056913495064,7.16728609800339,0,0.633124530315399,0,0.481129586696625,2.98713982105255,9.15937313437462,0,4.23245692253113,18.237492620945,107.266619980335,0,0,2.03527241945267,7.19927957653999,0,1.28286051750183,1.80517786741257,34.2621812820435
12.1503731906414,33.4714288711548,1139.32054367661,6.07501429319382,4.21275216341019,46.4130570590496,23.430301964283,118.633024573326,7.90812873840332,37.2492935359478,3780.78665775061,38.0057391226292,450.19962516427,271.047385573387,29.7761699855328,72.8335843980312,8206.37633347511,2691.61795294285,0,23.1849526166916,275.671146810055,22.2213996946812,1792.12045934796,42.0268023014069,74.673422306776,5399.92929074168,2964.32045221329,54.8462110459805,909.902672797441,40.7071305513382,48.6533108651638,34.8263648450375,7.57225665450096,11193.6822107434,151.440824151039,8592.87699106336,4964.94796985388,5301.72280481458,4542.54033002257,30.8802405297756,69.8409179747105,83.6524624526501,176.580672204494,14.7394227385521,27.9531115889549,22.3880693018436,10.8451162278652,1.2326318025589,0,0,4.16884768009186,103.74562433362,0,0,0,0,0,0,0,4.34976455569267,0,17.5575177371502,0.494477391242981,0,28.0039485991001,73.5242500901222,0,3.7013980448246,0,5.56041514873505,4.24465215206146,70.5745408535004,4.69782564043999,6.45877304673195,152.406144618988,812.069189786911,7.58520090579987,1.88329219818115,3.66764277219772,1.62219214439392,0,0,13.8316533863544,265.011449247599
25.0176367163658,0,5.5042205452919,35193.2134104669,40.981219381094,814.530054554343,82.5291610062122,1397.0470046401,481.003998458385,16724.9802134037,9.15489584207535,28839.6907856315,190.305458247662,2362.84721334279,342.093428373337,11.9867051541805,4.28970846533775,1.30093652009964,23.1849526166916,0,21.4763022363186,6.3544859290123,10.3735724389553,720.451958656311,58.7593275904655,21.5393581986427,9.35533341765404,2064.1963301301,923.695694044232,7.45349544286728,0,31.4071404635906,21.8412367999554,244.765108346939,26.1598098278046,2880.36967454851,39.4072711765766,298.978075891733,52.9006151258945,846.12312874198,252.659739494324,10.5098590254784,83.0906988978386,0,1.67406207323074,1.3279767036438,101.919893473387,2.32503148913383,17.0765228569508,0,0,0,296.30904635787,7.59310001134872,14.9738282561302,13.2902257144451,16.5865665972233,79.945321470499,49.8452282249928,41.7002350091934,63.6993818283081,1.99688071012497,5.38661599159241,18.2463206350803,11.1998032331467,0,0,0,31.8870934247971,8.24316737055779,1.41795313358307,11.8750265538692,135.423343360424,0,0,0,56.9020697176456,0,2.77854672074318,0,0,0,0.402314364910126,10.3787340223789
1491.31840476394,2.55337277054787,44.5321772694588,206.745687961578,472.432802855968,278.500467762351,3819.23724198341,2567.76883009076,224.445036768913,71.848373234272,13.5756502151489,11.2974575161934,435.705683946609,5863.28042781353,717.453579813242,38666.8732122183,644.571060240269,49.4473131895065,275.671146810055,21.4763022363186,0,1224.94117385149,55591.1447533965,10335.4939931929,82.7634080648422,396.514530956745,323.539722025394,25931.1677216589,5528.22527584434,28821.7399812937,1.59523576498032,5.87587434053421,1198.61270529032,17144.6585524678,915.636117011309,15948.3051984161,399.167190611362,9661.20586174726,7429.79287883639,376.827468365431,275.559768766165,18.6220099329948,865.127995878458,22.445471405983,53.3241679370403,29.2472941875458,89.4146791994572,24.730504155159,31.8042601644993,0.629162907600403,0.347878634929657,3.59181433916092,14.4101377725601,0,6.90776479244232,268.72872877121,129.549095034599,161.650723040104,7.56768149137497,71.5970340669155,13.5998724102974,3.72236156463623,108.864307761192,12.8378553390503,947.107848167419,4.08395513892174,0,0,2.85088509321213,521.159173220396,388.003137171268,361.82944393158,1276.55240926147,0,0,51.1850643754005,1513.97605633736,6.22761470079422,182.393749535084,0,4.28370571136475,4.60484278202057,37.6391454041004,663.52645739913
1.37532564997673,2047.03677526116,90.0033425688744,7.41881647706032,3.68541836738586,1.44247049093246,0.691899418830872,4.58226516842842,11167.1635202765,1.78573286533356,23.6015733778477,46.8387675285339,454.376192390919,16.9107840359211,125.162052333355,9381.53549751639,114.347201287746,3.04277288913727,22.2213996946812,6.3544859290123,1224.94117385149,0,1778.83502954245,10632.543477416,145.067256778479,452.345880478621,23278.241024822,307.1928999722,174.618535369635,90.4697229266167,45.9869182109833,0,39.0702594816685,699.158509850502,16.3322631120682,230.579568147659,67.7578800916672,475.129823446274,209.557510256767,152.971520781517,9.30962830781937,0,268.777701437473,35.7644524276257,67.5898516178131,24.9896087050438,43.1285956501961,3.51820003986359,1.80696928501129,0,25.3993396162987,44.1355609297752,3.73933094739914,4.28488385677338,3.78444656729698,75.7952033877373,39.452516824007,164.570651113987,6.3393796980381,15.1384112238884,1.43307045102119,18.0049666166306,31.6081505417824,6.13639223575592,1399.79571208358,28.3896318972111,2.151954382658,4.81934460997581,0,468.315223246813,1097.69939699769,732.43268725276,774.539081096649,2.98669615387917,13.8333649933338,1153.36521965265,782.191770374775,0.997263014316559,81.681580632925,0,0.542762637138367,1.23227381706238,37.9293244183064,16.7099905610085
675.497610360384,7.45257911086082,27493.0333021581,70.477062702179,547.662371128798,93.3183728158474,553.165363788605,1004.83606746793,296.677615135908,36.352901995182,40.8988835513592,11.2931742966175,2256.63258191943,3007.97693231702,570.406525462866,35187.8689249158,17931.450232029,270.134748339653,1792.12045934796,10.3735724389553,55591.1447533965,1778.83502954245,0,8272.52860683203,233.748399794102,4237.84238523245,46078.7978716493,3084.81139442325,3500.3046348989,3586.73316511512,6.06326875090599,4.73737987875938,342.920928567648,17647.8196157515,1912.74972659349,46551.994243592,9856.44852235913,22984.3961444199,24889.6096884906,378.87521058321,851.010352432728,75.1938492357731,1948.23117148876,278.396743267775,453.584775328636,226.258117318153,352.029676735401,37.6724418401718,58.7131617665291,1.20630306005478,15.317295730114,617.553635388613,4.78722250461578,1.65662989020348,7.31902828812599,199.33589091897,78.2975483834743,138.111565560102,3.86769476532936,153.81918823719,14.8535247445107,8.7981573343277,82.393469363451,26.7687916457653,6201.70241105556,159.898071467876,4.33496725559235,11.2750528752804,4.7213576734066,990.746094465256,1435.45447471738,8529.36020609736,1286.54884174466,0,32.3211707174778,5658.22954669595,1399.76638239622,14.1945741176605,236.93380433321,0,4.49562907218933,0,199.313987016678,2265.06501355767
208.883458763361,615.999816894531,33.408196747303,6416.80852648616,181.418227553368,881.359724313021,2929.13748115301,2215.23586469889,44076.0498576164,1143.79540210962,7.72419574856758,952.528518050909,425.319059818983,3121.42378544807,1795.45011851192,12094.8035387397,104.744194149971,5.01788625121117,42.0268023014069,720.451958656311,10335.4939931929,10632.543477416,8272.52860683203,0,194.723094820976,227.227046042681,4224.11318436265,29760.5961292386,3683.2893037498,3005.47599646449,9.16330695152283,8.26266452670097,350.30665025115,1698.59509822726,255.471528947353,9785.11582940817,195.228104561567,1335.20657607913,765.63422831893,2315.39836752415,215.735026270151,22.2723839879036,4256.78030025959,29.0575510561466,240.408204525709,67.6552727222443,1149.2224547565,88.8648779988289,76.277506172657,7.38731315732002,6.50817489624023,0.948060840368271,1610.9409378767,66.3700231313705,257.82643160224,3505.10939434171,1879.80784976482,5516.12589839101,1026.96993595362,248.054031431675,732.728542149067,19.6470551490784,823.826263934374,311.861434519291,1268.93345955014,2.78659626841545,0.885427534580231,0,586.738861829042,752.446733444929,1233.30950117111,406.662444621325,19443.1513160169,0.800171852111816,0,113.611659497023,11030.2422088236,141.090146005154,469.876868456602,0,17.8936647474766,32.4797855913639,240.131908386946,151.039715737104
3.72139239311218,779.880987912416,13.6048059761524,66.2399725615978,11.8742711544037,47.5527922511101,79.49889716506,83.7561382651329,62.3981587588787,118.916621506214,2842.0848942101,86.7417420744896,21097.0820609927,198.241351902485,46.8203820586205,285.292972803116,17.320939719677,26.6458830535412,74.673422306776,58.7593275904655,82.7634080648422,145.067256778479,233.748399794102,194.723094820976,0,563.648312062025,10752.1144204736,187.799525052309,352.937577158213,25.5188857316971,596.670755147934,4.71131008863449,53.3054890930653,438.155148863792,4.34698235988617,262.094432234764,209.117701917887,728.366593778133,108.505175799131,376.104858726263,23.8551450967789,752.009358137846,91.1569457948208,31.4727380275726,13.0740631222725,6.52057689428329,242.888660132885,0.513663828372955,217.378987371922,0,125.502948105335,0.918537676334381,6.76439076662064,2.29988893866539,8.73966214060783,34.9335147738457,17.5477488338947,24.8670705854893,11.350986301899,143.053496211767,16.8772158026695,3179.89179435372,12.1687090694904,6.91788017749786,24.5564005374908,4.4801732301712,9.70091670751572,2.80216556787491,3.95709949731827,9.23312774300575,3.95525026321411,20.7775960862637,66.559808909893,1623.28942981362,48.9936903715134,3701.6514415741,50.2981561422348,0.755170971155167,6.17038875818253,118.692890137434,4.73818379640579,0.751384794712067,64.8515546321869,6.05990982055664
10.5858292579651,1065.92989811301,22035.2263791263,11.1504874527454,5.25787642598152,64.3079803735018,44.4427719414234,152.363803267479,213.985115855932,40.5741924345493,5897.65455925465,46.9466313719749,1800.55533227324,334.241099625826,81.2928907871246,259.680807232857,16894.6092164218,825.710474610329,5399.92929074168,21.5393581986427,396.514530956745,452.345880478621,4237.84238523245,227.227046042681,563.648312062025,0,40841.216776669,112.265107393265,928.902556329966,56.2020521759987,391.400979965925,37.721971899271,16.1144017577171,6492.22772121429,456.141089737415,18932.6909458935,17588.7065527439,8562.10371428728,8653.31148189306,126.94469499588,227.844969719648,1620.69501367211,1467.6565374136,625.018103390932,436.235968738794,257.743618458509,74.5507441461086,10.0947439968586,180.810441255569,1.72830277681351,406.579959750175,2102.73014599085,0.88984489440918,1.40738010406494,1.94584268331528,5.28088867664337,3.34596082568169,4.09780976176262,0,244.554177552462,0,3234.96723611653,1.13089841604233,4.93032705783844,113.401422083378,1445.52178496122,237.095680117607,366.226358473301,0,79.9193062186241,87.603024661541,613.649530023336,18.7071279883385,251.124264717102,4085.57631647587,40731.8876153529,19.0271698534489,6.87597069144249,53.5656465888023,779.828677579761,0.539803743362427,0.3439100086689,438.599299609661,901.233499109745
5.20853000879288,23544.2739937305,41989.5193141103,7.69406193494797,27.8334227800369,28.5657480955124,24.6563415825367,42.1030030548573,5536.39041358232,9.16037356853485,280.56339892745,61.1573375612497,6178.63509184122,95.3889192640781,248.254578351974,14029.4397121966,20341.1332119405,110.469330817461,2964.32045221329,9.35533341765404,323.539722025394,23278.241024822,46078.7978716493,4224.11318436265,10752.1144204736,40841.216776669,0,226.67264521122,216.627685159445,31.1114916205406,917.114320576191,4.10534557700157,11.8304671347141,2246.91742828488,846.281550765038,32517.1052688956,13964.8884357661,9193.48353490233,11324.3808601797,277.154187500477,476.456574738026,204.79452675581,7443.1708201468,2761.55309078097,2777.94386333227,1425.72072422504,545.336447834969,66.4787153303623,99.8635877519846,4.61859461665154,3949.34560132027,9521.22821229696,1.43844908475876,0.918536603450775,4.61922973394394,51.9655378162861,18.009860098362,112.024306088686,2.79845032095909,340.337601453066,8.94913828372955,2623.45063003898,26.9932518005371,13.9573336541653,7459.96551820636,5719.366343081,260.49131038785,1261.89583855867,1.05460599064827,778.876624941826,3389.07718509436,22053.6991814375,314.239539325237,1110.47045606375,8323.79878526926,142229.865115255,349.178674519062,22.5049427449703,340.778218835592,512.03716430068,2.84735637903214,4.77514937520027,1962.0953078568,1212.93039259315
830.489618867636,7.76437309384346,19.8256238698959,18413.0366700441,339.235833019018,4997.92041520774,58011.5261098444,7751.28081709146,8967.29315289855,27746.1406549811,22.0000358521938,1120.66864955425,550.167766183615,11296.1514242291,1566.14460331202,5690.75479352474,98.0475571155548,12.9322912395,54.8462110459805,2064.1963301301,25931.1677216589,307.1928999722,3084.81139442325,29760.5961292386,187.799525052309,112.265107393265,226.67264521122,0,5145.76277962327,38211.442086041,0.902259945869446,38.6192148327827,235.560464650393,3919.29027235508,479.83758610487,19770.5384003222,245.373072624207,2610.87117439508,1158.35386750102,2096.27760741115,443.169388532639,41.4913348853588,3451.69935679436,10.3454400002956,124.141515225172,40.3884663879871,1091.80773559213,37.7583246827126,66.1085530817509,5.5271909236908,0.901323258876801,0,1374.22967851162,55.0120179355145,238.984358102083,2427.2172292769,1294.27359431982,3557.62558868527,713.836325675249,198.298930674791,666.409513771534,10.6168652176857,500.758185058832,278.536326527596,317.136297941208,2.31264841556549,0,0,608.002204835415,215.196959346533,180.782368630171,125.060943901539,12145.0745801926,0,0,15.4896531701088,7157.78131836653,72.9955019056797,159.576276570559,0,6.55921420454979,22.5323403477669,143.843909859657,244.607855141163
5857.07975375652,1.35406547784805,77.8879979550838,1066.78780810535,188.789639115334,1606.70913556218,10918.2587694526,4155.08581197262,806.493725121021,2457.50403726101,787.649645328522,1867.39743572474,866.150745391846,21408.4713261575,763.220814853907,52.4171178936958,444.27407130599,351.108636409044,909.902672797441,923.695694044232,5528.22527584434,174.618535369635,3500.3046348989,3683.2893037498,352.937577158213,928.902556329966,216.627685159445,5145.76277962327,0,30514.7242285311,8.87831455469131,153.389912962914,9430.47492569685,5997.02606016397,271.417377054691,12609.0759764314,242.123600125313,1998.55691441894,745.143666177988,2037.82590797544,4723.3446111083,213.717765539885,520.933535724878,8.03776484727859,17.8538437485695,16.4289092421532,114.737498402596,13.6799862384796,84.2580203413963,0,0.384885489940643,1.95525231957436,84.1240890026093,2.2273633480072,7.64055731892586,167.72100508213,45.0451743900776,250.482238471508,29.9993508458138,169.257939428091,33.2365979254246,21.4580038189888,21.793397963047,17.2274473011494,60.3205451667309,0.511994302272797,0,0,23.0369634032249,29.7274838685989,4.49569445848465,29.2597604691982,655.15322509408,2.10433888435364,3.37718385457993,18.3701486289501,382.084025025368,4.00448322296143,13.6946866512299,0,1.6995609998703,1.36034178733826,4.66953462362289,178.206971436739
10425.0266768038,0,10.1594846248627,39.9095992147923,234.213339477777,294.316063851118,14983.7219350636,3739.61455726624,115.870811164379,41.6469022631645,14.3576680421829,20.4050451219082,222.753255695105,14760.7658933103,827.511182516813,47.2006780207157,109.822495937347,5.54607179760933,40.7071305513382,7.45349544286728,28821.7399812937,90.4697229266167,3586.73316511512,3005.47599646449,25.5188857316971,56.2020521759987,31.1114916205406,38211.442086041,30514.7242285311,0,0,4.63919001817703,2046.6727565825,8798.66648751497,526.433215469122,5742.66665533185,42.4123001396656,2259.27542376518,424.690912544727,561.409155845642,232.30266302824,7.81098467111588,345.378709197044,3.41714924573898,6.23460710048676,8.70791283249855,23.0534855723381,5.98345869779587,4.32089620828629,0,0,0,6.47794771194458,0,0.801665902137756,14.4048290848732,8.9092498421669,22.9676455259323,0,5.80820354819298,1.57534646987915,0.559707224369049,0.486565113067627,1.25496369600296,7.67601889371872,0,0,0,1.43299543857574,5.30869752168655,6.19611191749573,1.94354915618896,106.969579041004,0,1.15159666538239,1.35663795471191,66.2003937363625,0,3.99140983819962,0,3.57601708173752,0,1.61772239208221,278.242440909147
0,155.057675093412,4.22616943717003,0,0,0,0.35825914144516,0.30372416973114,16.2728269696236,0.288299709558487,168.515900105238,0,969.41696202755,2.31663137674332,0,2.27109867334366,4.74407345056534,6.90784963965416,48.6533108651638,0,1.59523576498032,45.9869182109833,6.06326875090599,9.16330695152283,596.670755147934,391.400979965925,917.114320576191,0.902259945869446,8.87831455469131,0,0,0.354469567537308,0,59.8988385498524,0.970640242099762,103.766895651817,181.842014238238,94.9606948494911,45.2371886968613,0.944327473640442,3.11645618081093,122.226512521505,16.7582904696465,26.8206443488598,9.71957993507385,8.26649433374405,0.501590251922607,0,52.6779641658068,0.456472396850586,20.5691891014576,3.34134936332703,0,0,0.708794355392456,0,1.43724572658539,0,0.410759598016739,152.421297281981,1.16089698672295,964.309650331736,7.70108789205551,0,0,1.71076008677483,21.9433777034283,2.57007241249084,0,0,0.540645182132721,0.709979355335236,1.18580865859985,141.751141875982,68.8641728162766,3213.54516771436,0,5.11179167032242,0,111.250506624579,8.23975503444672,0,41.1942619383335,1.9208051264286
