0,0,498.170321673155,27.5283374488354,1.46376785635948,397.974463522434,17107.7241743207,5678.04460281134,56.5600905120373,3.9347836971283,6.8701588511467,9.73773869872093,0.840858697891235,8825.20823660493,39.4293507933617,99.0959074795246,707.679508417845,0.827445209026337,4.5167832672596,10.37441650033,772.037345975637,212.641877770424,1258.94154369831,135.648375123739,0,24.9480117857456,80.7299018204212,890.631503999233,14624.2561314702,9306.32509073615,0,53.0986418426037,371.940399438143,1269.6203019321,70.6731817424297,192.361141204834,1.38141131401062,480.015505164862,81.1762346625328,15.4020863771439,56.2369177341461,3.49461564421654,33.2490264475346,6.59143498539925,10.7864179909229,0.495251655578613,1.96056190133095,4.98043251037598,0,0,0,0,0.408157050609589,0,7.85049653053284,23.2573892772198,3.72389331459999,31.2497066259384,0.318248391151428,3.16791152954102,4.05084079504013,0,5.99826803803444,2.33185243606567,69.4396523833275,0,0,0,2.04566639661789,11.1236170232296,39.1412833034992,14.2634790837765,142.322228372097,0,0,1.60969351232052,98.237124145031,7.62346440553665,23.4510700404644,0,0,1.37170830368996,1.72919547557831,15.2063278257847
0,0,587.773666888475,0,0,0,0,0,5301.84923073649,0.337312072515488,2.87207746505737,0,122.961836993694,0,0,125.052386641502,103.16923302412,0,37.721090555191,0,5.04370951652527,14605.8574716151,43.2332634925842,354.745076388121,6217.11376065016,847.606079488993,46063.3046059906,7.29842355847359,0,2.31572389602661,13.512387752533,0,0,74.0371559858322,34.4844527542591,231.371308684349,141.995982140303,254.036370038986,113.628009080887,104.89033806324,2.58123981952667,0,645.883148401976,436.84723123908,397.614703118801,135.235961467028,27.8803021907806,0,10.215215086937,4.94576191902161,2083.36976891756,544.477104038,0,0,0.788643002510071,3.40283626317978,2.1331353187561,65.6518554091454,0,20.8854978084564,2.03011760115623,10.781658411026,1.53093773126602,1.29816877841949,15.2102173566818,503.192129075527,0,4.01896592974663,1.81615099310875,43.7547893226147,347.214240938425,361.41966560483,8.73504236340523,2.29011327028275,319.030403912067,19069.7104682177,0.293695956468582,2.560207426548,24.7064502835274,0,0,2.2747288942337,93.1668367981911,91.8159533441067
498.170321673155,587.773666888475,0,0,36.8853349685669,66.6759677529335,96.7057395279408,715.674287885427,50.5574324727058,2.80633330345154,35.1125844717026,16.2012175321579,8.78084135055542,507.207376971841,54.009862780571,255.851134836674,22565.2169926465,5.56515920162201,345.566969931126,1.39223331212997,1279.34995993972,981.170149624348,45645.6559927166,42.7802799344063,0,17279.6842217445,20762.8385751098,470.811281859875,128.181688696146,1472.30413231254,1.19132113456726,23.4128191769123,55.8056584894657,5134.91109061241,2554.43264046311,13154.125279963,2445.19748845696,14214.2536791861,9418.94395247102,39.9047147035599,162.918995440006,39.2063295543194,906.538904458284,1005.52072787285,626.683270454407,267.48320376873,24.2988646030426,9.55525934696198,0.576007962226868,6.65194782614708,39.2398426830769,1088.26975238323,0,2.34189003705978,0.671149611473083,34.6811370402575,6.59319020807743,1.5032262802124,0,1.52775651216507,1.37706780433655,0,11.7543400526047,19.3123610019684,1275.39952765405,64.0619513988495,0,1.62136816978455,0.419208377599716,344.906685978174,719.226108849049,2694.88800811768,67.2501075565815,0,30.3816520571709,7679.34016509354,44.3659325093031,5.87145745754242,86.2013447731733,0,0,6.78747820854187,145.78106880188,882.162939280272
27.5283374488354,0,0,0,7.91207191348076,99.7882843017578,142.935104221106,76.3330768346786,1101.88804861903,1097.09272512794,20.1948246508837,925.804365038872,2.32728427648544,102.552598506212,118.820477724075,2.36803793907166,0,1.99235126376152,0.677001297473907,31848.4593592286,0,0.358275026082993,0.677537441253662,4233.1505330503,0,0.849680304527283,0,10026.2378182411,49.7047683000565,2.36728268861771,0,49.6654363870621,5.61110964417458,186.636626183987,94.0870506465435,494.511072158813,1.63151577115059,447.181896626949,3.4295020699501,819.212737858295,202.449955075979,33.4515742957592,67.3754999637604,0,21.1684869229794,1.4333313703537,310.675694078207,9.86742752790451,0,0,0,0,345.986240595579,0,321.247652828693,107.160451263189,105.527944207191,2450.8282777369,678.989380776882,28.8893589377403,1049.12841653824,0,20.41495642066,28.2402573525906,6.23371821641922,0,0,0,517.625106722116,0,0,0.926447629928589,2230.92078590393,0,0,0,324.860512971878,21.4218758642673,2.90584048628807,0,0,1.49985560774803,8.68093350529671,15.8445975482464
1.46376785635948,0,36.8853349685669,7.91207191348076,0,1218.33837601542,131.445575430989,91.2921196520329,77.5122427046299,23.8529037088156,49.7450113594532,234.735845401883,1.41382956504822,12.1651349663734,5101.54675476253,10.3318711817265,8.13467815518379,5.37044256925583,5.54822206497192,80.748656257987,7.41452291607857,12.7417143434286,122.662209436297,19.0766958743334,0,5.42794325947762,91.8060845732689,110.631849512458,4.05972465872765,12.834309309721,0,1155.15115660429,0.75235304236412,2273.19235658646,5712.32603724301,965.911184877157,10.890668451786,35.0308743864298,147.21362632513,10480.9541902542,21050.8255062103,4.94388607144356,32.8600502312183,17.0095235705376,12.1461966484785,18.7348611801863,13.8438913226128,0.355774849653244,0,0,0,5.04488536715508,4.31998258829117,2.42017792165279,23.535493761301,26.179968059063,12.2272811830044,48.4158220887184,0,9.95342192053795,24.333430737257,0,1.99744111299515,7.71975359320641,31.7830154597759,0,0,0,10.2722037136555,6.4436057806015,2.48103576898575,46.2513992786407,97.3324013948441,0,0.777241468429565,23.7389174699783,57.3310209214687,0,5.66920304298401,0,0,0.640238583087921,1.29425412416458,3627.46158450842
397.974463522434,0,66.6759677529335,99.7882843017578,1218.33837601542,0,23769.7710901052,22064.8598310649,337.497606098652,15678.0362254083,188.074479699135,9617.35560099781,8.31525978446007,5042.03312347829,4418.15044271946,46.4927621781826,97.0090736299753,15.148423820734,22.2012485265732,4387.00690701604,206.186857193708,94.566788226366,328.548888683319,916.058951228857,0,15.3451575040817,38.2756766527891,6984.99148446321,447.713103532791,288.594415426254,0,3577.04945713282,22.6083961427212,374.588724732399,4788.06623446941,846.770242094994,5.70494011044502,518.234643369913,46.5913046896458,3273.50599724054,877.958428904414,30.6814866960049,61.7731146216393,1.49612885713577,30.0074336826801,8.13613846898079,50.1966914236546,8.29897275567055,0,6.24006178975105,0,1.36403208971024,16.1091493964195,0.91485658288002,111.110582068563,71.334706813097,71.7042315602303,442.170195013285,20.9317668676376,25.9739024937153,130.698398575187,0,30.3764278292656,18.0023400783539,35.9252029657364,0,0,0,68.7129625082016,2.87566527724266,2.11871910095215,8.8563988506794,672.107074290514,0,0.770619332790375,2.94303718209267,300.107757627964,8.95209112763405,10.946884572506,0,0,3.17274418473244,5.0752417743206,601.874347001314
17107.7241743207,0,96.7057395279408,142.935104221106,131.445575430989,23769.7710901052,0,24190.3431584388,1039.71431896091,17687.887843281,626.376729980111,1165.46553906798,42.5006203651428,11611.4536960274,1293.55437065661,466.280386835337,59.3658130019903,45.6296946108341,81.6666951328516,6126.83347085118,1457.07056504488,180.202024012804,1503.90805052221,3195.40482121706,0,43.0037646144629,78.4700116962194,52733.9674053639,2070.28100848198,15907.4601371288,0.332534283399582,1612.11337220669,1661.70788350701,5309.51957647502,1406.2105820477,4985.21041473746,24.9515839517117,7968.99246709049,219.561518371105,962.676390230656,2540.71150174737,76.9856255352497,227.892554014921,2.77797538042068,58.2854502648115,5.56862193346024,232.543652653694,28.5283009409904,0,8.11169743537903,0,0,68.8112156093121,0,540.833639144897,350.940595239401,300.53310033679,1979.47577062249,112.473727524281,61.695818901062,629.628400921822,0,113.775173097849,39.6955398619175,81.8791513741016,0,0,0,303.453228354454,8.39059373736382,4.98176461458206,8.90895369648933,2785.88166344166,0,0,0.489256501197815,955.72317969799,56.5018673688173,16.3701661229134,0,0,8.52347359061241,26.8388070464134,151.370559573174
5678.04460281134,0,715.674287885427,76.3330768346786,91.2921196520329,22064.8598310649,24190.3431584388,0,525.638833984733,4731.67374908924,36.7115263342857,2945.67147983611,1.43425378203392,26364.2618133575,2659.8924216181,234.913123309612,761.467424675822,2.233972042799,9.93648904561996,2394.73013372719,1436.9584620893,468.31791228056,2031.91589914262,431.21973516047,0,25.6032085716724,109.853837400675,4116.74866254628,847.99227976799,4122.39982020855,1.48015367984772,689.080291390419,54.8066709935665,677.954447001219,83.5598310232162,640.179263934493,5.66940060257912,553.980385452509,101.371989384294,757.756635963917,157.033619686961,20.6624115109444,149.446933865547,3.73040783405304,51.2640470266342,2.04871979355812,52.8115627765656,10.3038993477821,0,5.60287436842918,0,1.12812000513077,10.5934939086437,0,138.711416587234,154.324363321066,101.992424890399,490.667860388756,12.6607322096825,27.8302615880966,133.878336012363,0,20.8476776480675,19.1419649422169,157.331305384636,0,0,0,49.3216451108456,15.8619776964188,25.1352624595165,22.6902914941311,1065.34296000004,0,0,3.30249904096127,536.881030112505,25.4324030280113,43.8948681652546,0,0,13.8506633639336,13.8919132202864,18.3622068464756
56.5600905120373,5301.84923073649,50.5574324727058,1101.88804861903,77.5122427046299,337.497606098652,1039.71431896091,525.638833984733,0,38.1781683564186,195.836123108864,140.69844982028,18.1918185055256,180.301470428705,252.214142352343,1004.65647286177,36.0736954510212,15.1933657228947,16.5022261291742,747.179094135761,368.18541303277,22982.0357447565,1197.54828394949,53287.3801183105,280.883573830128,80.92314478755,1779.69505563378,6588.15008425713,298.115791723132,796.450062155724,3.72951915860176,627.519210219383,49.1481665670872,437.93508118391,294.156965643167,1845.94788640738,17.058999568224,860.106212511659,75.8139543831348,2342.40521025658,570.814940184355,15.2145770788193,794.87928417325,48.1551201939583,364.598604783416,24.5640859901905,263.69425868988,102.095799058676,3.22223079204559,137.058677107096,0,20.8377307057381,11.8941886425018,0,206.66370087862,1558.59603098035,265.968372017145,8873.4625403285,17.161231726408,21.0139591991901,128.659743338823,0,271.242368668318,113.341886937618,1864.42535305023,7.98975083231926,0,1.13725054264069,59.388281583786,466.093597322702,3521.75124365091,311.575115412474,13179.4859972298,0,1.66448897123337,21.7669589221478,3019.73667129874,230.631618916988,928.929011404514,0,0,90.1249734461308,113.2672085464,301.019770920277
3.9347836971283,0.337312072515488,2.80633330345154,1097.09272512794,23.8529037088156,15678.0362254083,17687.887843281,4731.67374908924,38.1781683564186,0,83.0506405085325,5835.48900896311,7.22194001078606,308.475328728557,46.3024744093418,1.60596439242363,0.74230283498764,3.53990477323532,10.089718490839,15895.4543956816,0.719134509563446,1.97867864370346,7.71849542856216,357.046206504107,0,4.42416577041149,13.3364019691944,6947.36970725656,194.360652685165,2.38656103610992,0,242.687954217196,1.51724648475647,287.00199136138,1339.28220713139,278.012738645077,8.79298764467239,323.430703431368,8.84989005327225,50.5714341402054,117.912996739149,2.86510133743286,8.41554966568947,1.12514436244965,0,1.09431576728821,9.93046355247498,0,0,0,0,0,3.34559279680252,0,12.2684818804264,2.1319360435009,5.22102579474449,71.7298396527767,4.39751514792442,0,28.2094763815403,0,3.87289771437645,4.7760169506073,0,0,0,0,7.81944131851196,0,0,0,94.3144150078297,0,0,0.494037240743637,14.4183591604233,0.797065019607544,0,0,0,0,0,76.7732973694801
6.8701588511467,2.87207746505737,35.1125844717026,20.1948246508837,49.7450113594532,188.074479699135,626.376729980111,36.7115263342857,195.836123108864,83.0506405085325,0,437.635570079088,8177.81591922045,225.128154069185,132.545540243387,17.2213790714741,29.7302623987198,3514.03221827745,489.89827644825,395.809510082006,14.6459111869335,24.2040844410658,106.218609020114,64.0639531761408,650.723523080349,2163.06956374645,290.351023420691,348.746291011572,1405.47305890918,32.9576469808817,24.239511936903,1714.85984446108,2.11270201206207,7939.83086583018,634.117165178061,3961.56876526773,2747.15894708037,16897.7656943202,617.715812891722,170.747555285692,689.853077352047,5178.43578010798,17.3041314184666,2171.0832926631,1.6563204228878,4.92334675788879,9.37152668833733,0,518.098931610584,0.253415495157242,0.656171798706055,0,0,0,29.3894115537405,22.4255938827991,11.6642943620682,168.623614281416,1.52247107028961,868.820096611977,44.0826636254787,1265.39705187082,5.31100577116013,4.47473421692848,12.7441626191139,0,4.67075353860855,0,12.9882993102074,0,3.10026371479034,1.06548863649368,300.396664530039,16.7109962999821,125.552479654551,488.906455606222,96.3512623906136,0,1.85831391811371,58.4263878762722,0,0,9.317098736763,248.827592819929
9.73773869872093,0,16.2012175321579,925.804365038872,234.735845401883,9617.35560099781,1165.46553906798,2945.67147983611,140.69844982028,5835.48900896311,437.635570079088,0,18.9745068848133,556.193288356066,4486.48023936152,10.1726779639721,5.16498193144798,29.5125665664673,53.7503598481417,29409.8744957298,5.83773753046989,8.41864128410816,47.5980285406113,1963.53570073843,0,35.4424830675125,55.418359041214,634.828825131059,624.858460783958,11.1535661816597,1.28337115049362,1491.10833843052,5.14426198601723,486.417776465416,9414.23284447193,688.878035604954,24.9026768505573,468.072420880198,41.974258005619,10573.4525936842,383.89975464344,30.8001875579357,46.7849763333797,3.44789111614227,4.68883392214775,0.756517291069031,335.565398395061,0,0,0,0,1.35985296964645,14.4798310995102,0.960480928421021,27.8019249141216,10.9337445497513,7.77487671375275,1093.60884299874,9.06273382902145,12.9688786268234,731.670338898897,0,7.39503034949303,24.5826953947544,5.81289941072464,0,0,0,752.307764023542,0,0,3.12071895599365,628.764617413282,0,0,5.72967341542244,52.5892793238163,2.34376126527786,0,0,0,0,0,626.010785549879
0.840858697891235,122.961836993694,8.78084135055542,2.32728427648544,1.41382956504822,8.31525978446007,42.5006203651428,1.43425378203392,18.1918185055256,7.22194001078606,8177.81591922045,18.9745068848133,0,14.4200371205807,8.09111186861992,3.98178422451019,0,0.534629762172699,0.484711557626724,16.8615842461586,0,22.3606324791908,6.50026273727417,3.81762227416039,12547.8696447313,6.39085385203362,2202.39450138807,25.8886865079403,51.1550257503986,2.81458985805511,1497.59467995167,64.2299523353577,1.90323150157928,301.604647368193,34.3265579640865,238.915710061789,1101.72165453434,1829.47332316637,19.3213532567024,3.66674137115479,91.9609323143959,10185.8252761066,2.57580083608627,19567.6526976526,68.713156580925,0,0,2.57243013381958,7197.66842794418,0,15.1288493275642,0,0,0,1.52310979366302,0,0,11.633975982666,0,10375.2156722546,2.61081236600876,10711.0906793475,0,0,0,0,46.7034116983414,0,0.554635941982269,0,6.28967410326004,0.507432281970978,14.5289336442947,243.313695728779,1659.34459173679,8821.4622426331,0,0,0,755.424354821444,0,0,139.757256567478,12.881596326828
8825.20823660493,0,507.207376971841,102.552598506212,12.1651349663734,5042.03312347829,11611.4536960274,26364.2618133575,180.301470428705,308.475328728557,225.128154069185,556.193288356066,14.4200371205807,0,168.566250056028,122.84557980299,877.235809415579,13.3040539622307,32.4614681303501,824.516020521522,847.032963469625,341.032154127955,1340.41465471685,266.52598708868,0,39.2479244470596,75.5301955789328,2320.02368557453,12390.0000243932,4259.04381000996,0,1467.53351730108,498.404542922974,1361.9492226094,45.1867337226868,451.785051226616,5.75976505875587,519.721196681261,65.7255816012621,117.558155834675,155.012059390545,17.4596538841724,66.6896039545536,4.26632118225098,21.1476791501045,0.503783166408539,18.4040818214417,9.13955956697464,0,2.14483213424683,0,0.291272103786469,4.10004639625549,0,51.1979047954082,85.8879744410515,52.0321785956621,129.344577729702,11.5119467973709,6.66684764623642,60.4385751485825,0,14.3292053043842,8.76498961448669,84.2363524734974,0,0,0,29.4664590060711,5.36899524927139,29.5088881552219,8.72443798184395,495.491730898619,0,0,1.2783205807209,227.704053848982,23.8149473369122,38.134521484375,0,0,5.25023731589317,6.90870070457458,12.6129194796085
39.4293507933617,0,54.009862780571,118.820477724075,5101.54675476253,4418.15044271946,1293.55437065661,2659.8924216181,252.214142352343,46.3024744093418,132.545540243387,4486.48023936152,8.09111186861992,168.566250056028,0,289.811635047197,23.6598847955465,8.56304770708084,11.0824006795883,262.577686309814,203.837225794792,179.430800408125,710.789959937334,353.683018296957,0,18.2363197505474,165.070596039295,1764.40233898163,176.115997314453,543.552097737789,0,1146.97602313757,42.4072893857956,457.228028029203,6438.8133494854,1086.25161543489,30.5889009833336,264.468952178955,70.3997804522514,34157.2899705172,214.546871215105,29.694895863533,65.0818372964859,5.61601465940475,36.8005118072033,7.00590074062347,28.492032289505,5.63907516002655,1.50792944431305,0.892448842525482,0,1.23520064353943,3.02536949515343,1.08721941709518,80.2042095065117,127.558819264174,44.6097420752048,98.4764321148396,4.26830196380615,21.839572429657,54.3163759410381,0,16.8781313896179,19.7501749992371,77.7637360692024,1.59100365638733,1.63314831256866,0,23.4406241178513,3.17390185594559,14.3747984170914,8.66721403598785,584.360380321741,0,1.84858042001724,11.060079485178,261.42975834012,15.8423499464989,11.1948293447495,0,0,4.71059679985046,5.26674425601959,516.748839050531
99.0959074795246,125.052386641502,255.851134836674,2.36803793907166,10.3318711817265,46.4927621781826,466.280386835337,234.913123309612,1004.65647286177,1.60596439242363,17.2213790714741,10.1726779639721,3.98178422451019,122.84557980299,289.811635047197,0,280.459198504686,3.3461646437645,22.8558394908905,3.38496105372906,12487.1723892391,12846.9956793785,25275.0495279729,272.250718712807,0.676938414573669,79.0060532987118,22461.4190870523,3872.04369604588,162.685245275497,2135.66103723645,0.709135055541992,14.4257572740316,137.57597309351,516.201656132936,1821.52079823613,4551.16909605265,286.130356878042,1425.84143899381,1085.34622177482,40.9025265276432,140.142693936825,35.4292819499969,548.282644957304,267.865819513798,228.746822208166,67.3996474742889,37.0888613760471,42.2926920950413,0.662864923477173,65.4050053954124,0,28.8836608678102,2.55104398727417,0,46.0198374390602,482.916353106499,66.0006513297558,141.868696630001,0.53149676322937,29.7662926614285,24.024337798357,0,97.2478887140751,43.573815792799,2638.59289479256,6.48474457859993,0,0,13.0593909025192,741.267285734415,1745.00815567374,731.072826206684,1981.53807318211,0,1.75966393947601,129.225793555379,788.829714238644,97.8097083568573,943.424003869295,0,0,40.3259498775005,120.405588746071,339.584639161825
707.679508417845,103.16923302412,22565.2169926465,0,8.13467815518379,97.0090736299753,59.3658130019903,761.467424675822,36.0736954510212,0.74230283498764,29.7302623987198,5.16498193144798,0,877.235809415579,23.6598847955465,280.459198504686,0,4.35790379345417,4408.11825056374,3.47069945931435,850.261405199766,215.424097269773,13213.8350663632,19.5640120655298,0,6252.13461825252,27591.74146384,144.50158059597,946.92919908464,2219.79481595755,0,63.3557409346104,472.041132241488,4863.65948279202,663.934883713722,3362.58201803267,754.038367658854,2406.07509456575,1672.47316843271,10.5655482113361,57.8313339948654,11.4609533548355,44.0995068848133,89.3024643063545,34.9344294965267,5.99623334407806,1.97010952234268,1.96548235416412,0,2.32364213466644,6.01990181207657,99.7551426589489,0,0.510157585144043,0,2.86542919278145,0.571087300777435,0.746543347835541,0,0,0,0,0.46840426325798,0,111.765845894814,10.7285331487656,0,0,0,20.5767286121845,78.1633327007294,56.8429431915283,10.45101749897,0,2.80088949203491,511.060828641057,10.2103550434113,3.79976090788841,43.2519078552723,0,0,3.13580524921417,3.28411135077477,201.4545609653
0.827445209026337,0,5.56515920162201,1.99235126376152,5.37044256925583,15.148423820734,45.6296946108341,2.233972042799,15.1933657228947,3.53990477323532,3514.03221827745,29.5125665664673,0.534629762172699,13.3040539622307,8.56304770708084,3.3461646437645,4.35790379345417,0,782.551681995392,32.9517056047916,1.27815681695938,0.730552494525909,24.696485042572,6.63999915122986,0,285.752083301544,68.5144344866276,27.724239051342,98.1120276749134,1.1973731815815,0,119.376823097467,0,413.870133578777,227.663285970688,1664.55560564995,1569.55861487985,3771.98849898577,225.790162593126,14.197151273489,79.5147939026356,30.2253744006157,2.80611217021942,27.7679518461227,0,2.58210897445679,1.95667034387589,0,0,0,0,0,0,0,0,0.819610893726349,0,12.5576963424683,0,1.13328504562378,0,0,0,0,2.89487910270691,0,0,0,0,0,0,0,11.3717523962259,0,2.55796146392822,5.62098038196564,0.332158088684082,0,0,0,0,0,0,104.932069182396
4.5167832672596,37.721090555191,345.566969931126,0.677001297473907,5.54822206497192,22.2012485265732,81.6666951328516,9.93648904561996,16.5022261291742,10.089718490839,489.89827644825,53.7503598481417,0.484711557626724,32.4614681303501,11.0824006795883,22.8558394908905,4408.11825056374,782.551681995392,0,46.3625141233206,10.5475162267685,12.0172218978405,168.03513365984,13.5361190736294,7.92216503620148,8774.4667879045,2224.80405554175,63.5930870324373,443.483886241913,19.0276383459568,0,321.123119652271,0,2225.57778778672,779.90148255229,4955.14154803753,5151.8353099227,9604.67896720767,1856.42951622605,14.1386108696461,72.5605600774288,19.7983196973801,9.95053192973137,34.5228976011276,3.64810159802437,4.86075821518898,0,0,0,0,2.00360581278801,2.51846957206726,0,0.929793059825897,0.738374471664429,0,0,17.580226868391,0,6.49231824278831,1.97335588932037,1.78921687602997,0,0.809418916702271,4.55945694446564,3.55820918083191,0,0,0,0,3.35347509384155,3.14799177646637,13.8150133341551,0,0.753666162490845,57.497720181942,4.68485760688782,0,2.61875116825104,0,0,0,0,365.854393750429
10.37441650033,0,1.39223331212997,31848.4593592286,80.748656257987,4387.00690701604,6126.83347085118,2394.73013372719,747.179094135761,15895.4543956816,395.809510082006,29409.8744957298,16.8615842461586,824.516020521522,262.577686309814,3.38496105372906,3.47069945931435,32.9517056047916,46.3625141233206,0,1.28208008408546,6.24450999498367,6.14593589305878,685.913443773985,0,24.6087860167027,5.71785742044449,13840.7224155217,672.110131829977,16.4543808698654,0.437889724969864,910.029928892851,7.51161450147629,748.342405870557,182.500918239355,1997.68604893982,16.1589253842831,893.90111336112,16.6111014783382,671.630998194218,604.721419334412,67.1799311935902,124.236177325249,0.875273108482361,35.3120050430298,0,265.785377681255,10.3012838661671,0,2.22792914509773,0,0,50.6985120475292,0.587806224822998,352.488701879978,182.318366736174,119.322658210993,1669.64052939415,81.1529474556446,45.4212046265602,600.281686425209,0,61.9020332694054,30.7047246396542,12.1740753650665,0,0,0,312.99145501852,0,0.749655723571777,1.00296711921692,2199.19187808037,0,0,1.0741500556469,427.026387870312,20.7092166543007,1.5108537375927,0,0,2.19844141602516,10.8684011995792,13.9612058997154
772.037345975637,5.04370951652527,1279.34995993972,0,7.41452291607857,206.186857193708,1457.07056504488,1436.9584620893,368.18541303277,0.719134509563446,14.6459111869335,5.83773753046989,0,847.032963469625,203.837225794792,12487.1723892391,850.261405199766,1.27815681695938,10.5475162267685,1.28208008408546,0,1716.26343625784,24563.1704869866,134.170816928148,0,24.1048750579357,3223.54855883121,7383.0605392158,304.45433101058,31490.3066968918,0,23.3766366541386,147.119812369347,2808.62438723445,1010.97930109501,2538.74411302805,67.2464170753956,3655.34028288722,1195.4455871582,17.2829571515322,140.050516188145,9.42053973674774,199.977786332369,81.3664774298668,101.534405469894,25.1072128415108,9.95810213685036,6.84914633631706,0,33.627408862114,0,5.42447316646576,0,1.95236909389496,5.18413600325584,98.7995284497738,17.591223180294,11.8756903409958,0,2.77180528640747,2.33319440484047,0,36.5982256531715,16.6703633666039,1101.69011473656,1.3864238858223,0,0,5.10326147079468,211.377730488777,646.865814775229,377.217640131712,272.648008882999,0,0,15.7048540264368,138.10365948081,34.5326777398586,465.339008271694,0,0,22.9938493967056,26.3605189621449,153.279574245214
212.641877770424,14605.8574716151,981.170149624348,0.358275026082993,12.7417143434286,94.566788226366,180.202024012804,468.31791228056,22982.0357447565,1.97867864370346,24.2040844410658,8.41864128410816,22.3606324791908,341.032154127955,179.430800408125,12846.9956793785,215.424097269773,0.730552494525909,12.0172218978405,6.24450999498367,1716.26343625784,0,5373.18339070678,8086.92568960786,857.625495970249,134.43961815536,38155.8233948052,777.748090714216,508.501594856381,4869.29597884417,0.534525811672211,55.6552122533321,447.689506798983,747.696759462357,697.781317979097,2037.78447937965,198.223116010427,836.660299018025,338.4129293859,161.356807857752,153.895979523659,18.7722197771072,1637.04847508669,333.480029881001,705.963961750269,270.84287199378,129.601203709841,72.7662088572979,4.98368376493454,149.937599241734,105.262124300003,516.232577234507,1.44942569732666,0,71.9910879433155,1131.94357913733,144.233339011669,940.31173402071,7.49389436841011,23.4310027658939,20.8536988794804,1.47031188011169,197.772833108902,79.3721076846123,5943.05967524648,47.4378106296062,0,0,6.69141161441803,1149.12762606144,7578.16393652558,2382.34262251854,5484.29197284579,0,28.3351688981056,6133.06202785671,2038.402672261,203.523609310389,1358.4186680913,0,0.827850311994553,114.983987361193,243.18198633194,527.565232515335
1258.94154369831,43.2332634925842,45645.6559927166,0.677537441253662,122.662209436297,328.548888683319,1503.90805052221,2031.91589914262,1197.54828394949,7.71849542856216,106.218609020114,47.5980285406113,6.50026273727417,1340.41465471685,710.789959937334,25275.0495279729,13213.8350663632,24.696485042572,168.03513365984,6.14593589305878,24563.1704869866,5373.18339070678,0,293.464572772384,0.771090924739838,423.848916500807,25790.2153300047,7617.61533883214,850.12746527791,8466.89876559377,2.19059997797012,47.0835782885551,446.213468849659,9174.72596144676,9279.53273865581,21315.8671893775,753.090488255024,24644.1451229453,16230.1536337733,113.458882272243,713.123907625675,81.7471656501293,861.288035988808,450.994921684265,416.204668551683,140.956105977297,38.73937946558,33.6826362907887,0,176.259709089994,0,117.650210261345,1.4907061457634,2.58365297317505,17.3353441357613,384.964538693428,88.2477368414402,38.5815595984459,1.31193906068802,11.1879982352257,5.48740527033806,0,250.245668798685,40.8791337609291,5270.99356088042,1.97902792692184,0,1.15775349736214,2.78394800424576,1438.04486367106,2943.95375064015,2490.53599397838,817.145555794239,0,6.61382186412811,740.178694471717,409.554314106703,197.370944023132,2238.12838664651,0,0,102.774153530598,182.146269053221,1576.89800484478
135.648375123739,354.745076388121,42.7802799344063,4233.1505330503,19.0766958743334,916.058951228857,3195.40482121706,431.21973516047,53287.3801183105,357.046206504107,64.0639531761408,1963.53570073843,3.81762227416039,266.52598708868,353.683018296957,272.250718712807,19.5640120655298,6.63999915122986,13.5361190736294,685.913443773985,134.170816928148,8086.92568960786,293.464572772384,0,16.8761652112007,28.1094856411219,233.078335002065,98280.3243419677,299.029433369637,1102.81251010299,1.36543247103691,192.298353090882,222.071949213743,565.811975076795,735.512490555644,1738.01799818873,48.8905846476555,1135.35215584934,203.434972018003,7801.97378322482,387.664130911231,317.867047458887,1276.34968787432,8.38385185599327,460.140503421426,20.7839583158493,1924.25575974584,170.93560063839,5.13279461860657,46.2344914376736,1.33656078577042,0.401746153831482,290.359094768763,1.34565341472626,2222.26735794544,2072.18817380071,1338.16622188687,18772.0287587643,426.275861531496,297.492614537477,3049.05225390196,0,475.417610272765,276.36883226037,329.717876702547,3.94055670499802,0.638393402099609,0,1593.04178723693,18.2673383355141,44.2746108472347,15.0317350029945,20928.2764501572,0,1.97710743546486,8.77121135592461,5703.26887115836,309.008870065212,81.519569426775,0,0,38.5830444693565,130.910428851843,377.437042474747
0,6217.11376065016,0,0,0,0,0,0,280.883573830128,0,650.723523080349,0,12547.8696447313,0,0,0.676938414573669,0,0,7.92216503620148,0,0,857.625495970249,0.771090924739838,16.8761652112007,0,951.940363049507,5632.2559594512,0,0,0,108.7943533957,0,0,2.05034285783768,0,0,2.93436634540558,25.8190668821335,0,0,0,593.738782584667,1.20617750287056,1622.69472765923,18.1760420501232,0,1.51611196994781,1.32122623920441,1209.51794666052,0,241.348707139492,0,0,0,0,0,0,2.59488308429718,0,5652.68096342683,0,5113.11631682515,0.887234091758728,0,0,0,1.52926087379456,0,0,0,17.1935294866562,0,0,571.569400012493,809.607385456562,13738.4049457908,0,0,0,243.655508339405,0,0,77.9213334321976,0
24.9480117857456,847.606079488993,17279.6842217445,0.849680304527283,5.42794325947762,15.3451575040817,43.0037646144629,25.6032085716724,80.92314478755,4.42416577041149,2163.06956374645,35.4424830675125,6.39085385203362,39.2479244470596,18.2363197505474,79.0060532987118,6252.13461825252,285.752083301544,8774.4667879045,24.6087860167027,24.1048750579357,134.43961815536,423.848916500807,28.1094856411219,951.940363049507,0,38378.1304629594,65.1327171474695,147.842309653759,74.0594311356544,0,124.723714947701,17.159914702177,2273.89556315541,1645.60658285022,12625.307159096,11478.0679785609,12683.3903378546,4122.26178759336,16.0809002220631,143.694528669119,114.186721384525,701.920290350914,8539.28292238712,291.97068464756,104.293083041906,15.8615683317184,5.59523171186447,136.474528193474,19.4615126252174,244.730918705463,74.1126998364925,0,1.16716337203979,0.49656680226326,8.36150902509689,5.12133350968361,6.62119469046593,0,693.896073520184,0,1233.22668471932,21.1353684663773,4.36316937208176,33.1354830265045,542.844526678324,27.1333893835545,13.5648844838142,0,11.4528654813766,6.23281380534172,201.138606786728,11.2523689568043,43.7156447768211,2394.32838666439,18672.5205257386,2.56172320246696,9.36059075593948,51.9121798574924,195.953544050455,0,2.70049613714218,128.95139375329,691.295520782471
80.7299018204212,46063.3046059906,20762.8385751098,0,91.8060845732689,38.2756766527891,78.4700116962194,109.853837400675,1779.69505563378,13.3364019691944,290.351023420691,55.418359041214,2202.39450138807,75.5301955789328,165.070596039295,22461.4190870523,27591.74146384,68.5144344866276,2224.80405554175,5.71785742044449,3223.54855883121,38155.8233948052,25790.2153300047,233.078335002065,5632.2559594512,38378.1304629594,0,1623.24156269431,72.1097521781921,395.267812550068,123.664795696735,27.6514627635479,26.1016392707825,12205.5037275255,9303.78786188364,45351.4515503645,9971.56894108653,30307.7009608746,22914.0443387926,119.44477134943,414.249779567122,118.974252671003,5004.17828443646,18263.5975571424,2936.4147285521,1259.06733459234,92.969068467617,15.808905929327,59.74304240942,53.9921388924122,2382.50756910443,3659.82244722545,0,6.95871630311012,2.64147308468819,84.2268174737692,20.8102090358734,73.3188036680222,0.422990471124649,539.97251662612,3.47037184238434,1210.19153806567,61.6791413724422,65.1595004200935,9842.06955964863,2074.84171164036,56.410138964653,32.8001492023468,2.12780413031578,1880.00124703348,7087.99110789597,9427.83212181926,141.194369465113,87.9017606079578,6676.69852630794,100039.891570121,45.7350695729256,28.8539558947086,943.060193568468,275.360539615154,0,18.4673864841461,748.817869335413,3321.22570052743
890.631503999233,7.29842355847359,470.811281859875,10026.2378182411,110.631849512458,6984.99148446321,52733.9674053639,4116.74866254628,6588.15008425713,6947.36970725656,348.746291011572,634.828825131059,25.8886865079403,2320.02368557453,1764.40233898163,3872.04369604588,144.50158059597,27.724239051342,63.5930870324373,13840.7224155217,7383.0605392158,777.748090714216,7617.61533883214,98280.3243419677,0,65.1327171474695,1623.24156269431,0,1340.00750905275,31578.6930021644,0.298698633909225,1017.34096066654,1371.14421415329,4526.84078909457,3449.96351380646,9358.93418547511,180.94287365675,8451.45606809855,1480.20385581255,2147.39884093404,2368.39514839649,363.827792912722,1115.44595247507,14.7318623960018,382.533589690924,31.398498237133,1107.5354912281,164.4404078722,0.79368132352829,40.3416977822781,0,4.87232664227486,974.645016878843,0,1926.40316729248,1798.34393572807,1154.84620001912,7334.62528759241,336.332766860723,362.537518292665,2281.84479114413,0,437.115965276957,200.308099538088,619.084116965532,1.4439640045166,0,0,1175.07341450453,73.6993447542191,121.946302175522,74.4307408630848,13047.4754345268,0,0,20.7687357068062,4589.28134602308,266.817493587732,191.905799895525,0,0,48.0917889773846,98.1574689745903,490.188755095005
14624.2561314702,0,128.181688696146,49.7047683000565,4.05972465872765,447.713103532791,2070.28100848198,847.99227976799,298.115791723132,194.360652685165,1405.47305890918,624.858460783958,51.1550257503986,12390.0000243932,176.115997314453,162.685245275497,946.92919908464,98.1120276749134,443.483886241913,672.110131829977,304.45433101058,508.501594856381,850.12746527791,299.029433369637,0,147.842309653759,72.1097521781921,1340.00750905275,0,2857.57816877961,0,891.312513321638,10670.0360479355,5543.17662201822,78.9132936894894,580.230921313167,1.93132355809212,2769.09329223633,68.3026403486729,135.689694315195,471.578680604696,16.2642376720905,83.6573155522346,0.750720173120499,26.010808378458,0.419753849506378,28.3762420415878,7.20640647411346,0,2.51172822713852,0,0.773870438337326,7.65364781022072,0,102.833646550775,110.657421499491,65.299235701561,227.093495190144,5.1934617459774,11.853196516633,88.7718481421471,0,21.2362886965275,16.5039881467819,119.820587903261,0.366766810417175,0,0,25.9437841176987,9.44895642995834,20.1578748822212,15.3286111354828,649.278710722923,0,0,2.23159968852997,283.950205400586,20.198195964098,31.881277859211,0,0,4.2109032869339,8.51371654868126,21.200365126133
9306.32509073615,2.31572389602661,1472.30413231254,2.36728268861771,12.834309309721,288.594415426254,15907.4601371288,4122.39982020855,796.450062155724,2.38656103610992,32.9576469808817,11.1535661816597,2.81458985805511,4259.04381000996,543.552097737789,2135.66103723645,2219.79481595755,1.1973731815815,19.0276383459568,16.4543808698654,31490.3066968918,4869.29597884417,8466.89876559377,1102.81251010299,0,74.0594311356544,395.267812550068,31578.6930021644,2857.57816877961,0,0,102.797278627753,2710.59639418125,17330.0727114975,1174.87788307667,3263.5429726541,49.1874493658543,6805.76482754946,1068.4474594295,125.345526367426,499.655280381441,35.0841822326183,472.87886801362,41.4216416925192,211.229593187571,19.5995328426361,60.7993158698082,42.3704160153866,0.571940004825592,51.4654240906239,0,2.27946537733078,1.53104615211487,0.428254872560501,34.6086986064911,289.897844702005,58.868595957756,52.5318068861961,4.74552693963051,18.5200650393963,18.1858266592026,0,45.5626958906651,47.0233654081821,1601.43597081304,6.62892514467239,0,0,10.9802560508251,260.851706504822,603.611692070961,411.688822180033,1443.86236834526,0,0,9.22847467660904,853.257120400667,99.830185085535,624.922798246145,0,0,46.3354036808014,40.3674869537354,215.395148664713
0,13.512387752533,1.19132113456726,0,0,0,0.332534283399582,1.48015367984772,3.72951915860176,0,24.239511936903,1.28337115049362,1497.59467995167,0,0,0.709135055541992,0,0,0,0.437889724969864,0,0.534525811672211,2.19059997797012,1.36543247103691,108.7943533957,0,123.664795696735,0.298698633909225,0,0,0,1.950350522995,0,3.77519941329956,10.6257658302784,46.7606019377708,33.8132903277874,56.4286719858646,5.82543563842773,0,11.1632180213928,39.1144515573978,0,1333.81888207793,1.36364763975143,0,0,0,47.6421513557434,0,0,0,0,0,0,0,0,0.613067626953125,0,398.193706125021,0,759.747505366802,0,0,0,0,10.2531765699387,0,0,0,0,0,0,29.3004973530769,273.694174528122,1842.38969552517,0,0,0,104.451321691275,0,0,2.13185542821884,3.55772691965103
53.0986418426037,0,23.4128191769123,49.6654363870621,1155.15115660429,3577.04945713282,1612.11337220669,689.080291390419,627.519210219383,242.687954217196,1714.85984446108,1491.10833843052,64.2299523353577,1467.53351730108,1146.97602313757,14.4257572740316,63.3557409346104,119.376823097467,321.123119652271,910.029928892851,23.3766366541386,55.6552122533321,47.0835782885551,192.298353090882,0,124.723714947701,27.6514627635479,1017.34096066654,891.312513321638,102.797278627753,1.950350522995,0,10.0422065854073,3938.93622200191,22.9902929365635,3431.6521601826,10.8824397623539,1491.88515584171,87.440285012126,2287.28749762475,4744.25896643102,60.7243500649929,126.044782355428,1.78476205468178,40.8850202560425,3.20464313030243,66.2599213719368,6.33185234665871,0,1.98661121726036,0,0.791370004415512,16.6245596706867,0,225.59847317636,178.784839436412,106.004570260644,437.201560869813,11.2281908988953,41.6871356070042,170.291152894497,0.533356428146362,22.0666591674089,19.0598338842392,32.7991531044245,0.405952364206314,0,0,67.503727555275,0.672681510448456,2.45683881640434,0.40898585319519,1014.92666368186,0,0,1.34915421903133,500.271883189678,10.7528946399689,3.0509198307991,0,0,3.52944007515907,4.89621371030807,3.18282270431519
371.940399438143,0,55.8056584894657,5.61110964417458,0.75235304236412,22.6083961427212,1661.70788350701,54.8066709935665,49.1481665670872,1.51724648475647,2.11270201206207,5.14426198601723,1.90323150157928,498.404542922974,42.4072893857956,137.57597309351,472.041132241488,0,0,7.51161450147629,147.119812369347,447.689506798983,446.213468849659,222.071949213743,0,17.159914702177,26.1016392707825,1371.14421415329,10670.0360479355,2710.59639418125,0,10.0422065854073,0,3059.2066527307,16.0650466382504,88.2031401693821,0.471378654241562,178.828970938921,22.2320234775543,10.5194394290447,32.9706479907036,6.18327507376671,33.1803839504719,0.543935596942902,15.7379601895809,0,4.60288622975349,1.74212735891342,0,2.46378064155579,0,0,0,0,11.434417873621,24.439757168293,6.61291420459747,20.8665119111538,1.14247727394104,6.37577614188194,5.56405326724052,0,1.96394273638725,3.46079170703888,95.602944880724,0.598341226577759,0,0,7.2684069275856,12.5611260533333,12.5818759202957,9.78554007411003,173.809340655804,0,0,0.313378393650055,99.1590189933777,13.3023892939091,18.9312134385109,0,0,4.7578467130661,4.24240133166313,9.82374295592308
1269.6203019321,74.0371559858322,5134.91109061241,186.636626183987,2273.19235658646,374.588724732399,5309.51957647502,677.954447001219,437.93508118391,287.00199136138,7939.83086583018,486.417776465416,301.604647368193,1361.9492226094,457.228028029203,516.201656132936,4863.65948279202,413.870133578777,2225.57778778672,748.342405870557,2808.62438723445,747.696759462357,9174.72596144676,565.811975076795,2.05034285783768,2273.89556315541,12205.5037275255,4526.84078909457,5543.17662201822,17330.0727114975,3.77519941329956,3938.93622200191,3059.2066527307,0,1074.9821446538,3358.67015312612,567.682590395212,28714.0469818413,1964.16038608551,218.197915077209,663.655094116926,43.2694573402405,154.199301570654,48.2684481143951,72.3377765417099,11.222079962492,53.3526690304279,19.9661421179771,4.82260471582413,11.6550830006599,0.355423003435135,24.0529652237892,20.1453870236874,0,158.361130207777,198.794321298599,110.756932646036,372.731209456921,18.6049748063087,39.4481168687344,102.665348887444,6.01912614703178,45.1236136853695,19.1891226768494,214.821978241205,8.08073201775551,0,0,73.2852747738361,44.6433913111687,71.8365487456322,76.543436601758,1024.67280232906,0,2.11804109811783,238.790912345052,499.089029818773,21.8268432319164,87.8961670994759,0.809338212013245,0,8.23702168464661,16.9875307679176,208.684860378504
