0,0.000218291492262206,0.0134269927503086,4.30851663054407e-05,0,0.00687245512123472,0.430299991781481,0.0507246050655112,0.00168589252506457,0.00314345328789838,0.00128033947328586,0.000628978547883707,0.000850200518862999,0.457068876164286,0.000199859864187526,0.00173900668365487,0.150900781700567,0.00235148495002726,0.0205658864823279,0.000427352817269611,0.0180431256731039,0.000298329445953387,0.0937707030697108,0.011787915067296,0.00010527722525661,0.0357682951777385,0.0101891370775125,0.0170565602418849,0.546322932985714,0.748672698985541,0.000134224599511957,0.00375272201936256,0.00196737555427482,0.0157244983424392,3.51539888440311e-05,0.00398739109873808,0.00273493125401579,0.00487458716021004,0.00154570203523672,0.000329160096026784,0.00019629295995748,0.00045133458714205,0.00185846753535136,0.000272794142819828,0.00116840443890537,0.000125699635511005,0.00040211579659093,0.000178670914378702,0,0,0.000209046699329477,0.000238699500619537,5.45555238727838e-05,0,1.81209504849046e-05,2.31401198692828e-05,0.000157022985657468,0.000296975036974222,0.00010567855879958,0,0,0.000195652519467062,0.000235254833053905,0,0.000241918662464288,0.000520809135140921,0,8.21456962475272e-05,2.83286579462528e-05,0.000179110959104982,0.000444028077979481,0.000824159235569875,0.0043861705711236,0,0.000519369746105032,0.00158409315523829,0.00214333009155197,0.000661744361873263,0.000128392692902738,0,8.17030446194885e-05,0.0001064714129493,0.00082200630962262,0.000146508698411786
0.000218291492262206,0,0.0167523115217853,0.00154059036443357,0.000893253582786245,0.000186735038017326,0.0011954094432101,0.000818947171439687,0.124977948937945,0.000515619643815593,0.00244710780960361,0.0011073078439576,0.14158552483378,0.000796005411509926,0.0055620771429014,0.0679256373514571,0.023639909155933,0.000385036845373401,0.00475580196688079,0.000247777565183249,0.00863427936934581,0.231824119190046,0.019514546290701,0.170405049410664,0.195408081325594,0.0374160539772956,1.86176328165452,0.00627484112678586,0.00119375118922314,0.00088579047933095,0.00386879603631566,2.72501126480877e-05,0.000178217702909481,0.00851153430968224,0.00142388536972375,0.0259175976011102,0.0153381622210073,0.0185096800051664,0.00756328898872786,0.00672582248455206,0.000138272812787819,0.0142579835027188,0.0585857176275638,0.0210785740954916,0.0196409544934444,0.0182641110975375,0.00256572063063607,6.57020501855134e-05,0.00616621158425765,0.000214813941987598,0.399998084319526,0.0342799608463892,6.1982983686358e-05,0.000125455130213481,5.51789003457249e-05,0.00212854687770754,0.000243954436222744,0.00372926282430859,0.000355626052916416,0.0063898708369131,0.000230271130030301,0.0277789211629945,0.00132988914418883,0.000283296392398748,0.00817950300199251,0.0415543965337291,0.000780570226648067,0.0105558815489932,0.000115350347418567,0.00393244808957972,0.0966829723905576,0.0580727392126202,0.0113048626987964,0.0109240454377942,0.050287729602303,0.692970803768679,0.00214883386857023,0.000842513044575497,0.00428350298821493,0.0100836207961678,8.21539398114502e-05,0,0.012332279379138,0.00441730044963462
0.0134269927503086,0.0167523115217853,0,0.000330937110809147,0.000187182027216017,0.0130074218530232,0.406343760491873,0.138596179152218,0.00217472542793379,0.00461512494839111,0.00307227244858906,0.000608644889992037,0.000390330543019205,0.111969744703426,0.00160377361713027,0.0176478162354434,1.45075314869759,0.00637234975864473,0.0659244427730857,0.000201178857665205,0.237568986922261,0.0108652732328889,3.12908659863104,0.00718308685918161,8.58248963309886e-05,1.19502971602347,1.1703823251417,0.0743486381403266,0.0248386528947895,0.158980368198771,6.35344447947981e-05,0.00200681875240141,0.00313552530294709,0.34205226557747,0.0564934103301897,0.767502403570069,0.212395609659483,0.518532829001766,0.436309224616036,0.00877575599319233,0.00511077288097274,0.00488666835089694,0.112238703229151,0.0151706409978422,0.0490729076733334,0.0396295772789208,0.00566347366939046,0.000847319981059878,0.00116099707868217,0.000136857779538095,0.017761644938374,0.0812331661912464,0.000248834791721267,5.39253758490084e-05,5.23309430020986e-05,0.0229849359874258,0.00197459779250445,0.000585407649227569,0.000749228510486368,0.000110090458120769,0.000246915174762699,0.00191668195482696,0.00315603889809127,0.000581880615772587,0.138679538630061,0.016542325832136,0.000202192721574801,0.00530005921992286,0.000185901048875973,0.0263219999789494,0.051642572684377,0.594621916045467,0.0304909386151573,8.70857271276177e-05,0.016640603183233,0.63954060977338,0.0273223222487185,0.00170995278970803,0.00753741569802031,4.85358578526556e-05,0.000139508812627226,0.000265283452509016,0.024216466029299,0.0429133375607432
4.30851663054407e-05,0.00154059036443357,0.000330937110809147,0,0.0118512690502611,0.0179547799768812,0.00853201592886589,0.0116337808397556,0.255764567036549,0.195748539433048,0.00127824299242886,0.277348895406617,0.00106131333605491,0.00990561312031833,0.0913906503867585,8.60740254642962e-05,0.000123319247939989,0.00128932273468477,0.000729526445022235,1.38580722326148,0.00017063412397424,0.00462732592723102,7.80322188809751e-05,0.208288937117365,0.00131871700659209,0.001168538232253,0.00447852345752087,0.174964982915356,0.0137646945750106,0.000109988383530995,7.59331529190571e-05,0.00276140456225214,0.00140402301031702,0.0113188923857983,0.00347052711270683,0.0376456287085412,0.00124955802884644,0.0128905569421826,0.00498441288120878,0.117238547371791,0.00408232213541254,0.0022149624232866,0.0484828870998183,0.000706019070238773,0.0126617275436217,0.00147964775397052,0.0388915062338533,0.00332687049705344,0.0016672732872506,0,2.32319920860082e-05,0,0.152275277851721,0.00323076927972306,0.00693946222364069,0.00648968180913364,0.00374904276696669,0.0441517502490249,0.141696030385061,0.000217284032263452,0.0315440927439561,0.00390876850088982,0.00436024735693957,0.0040687432636808,4.31995997020483e-05,0,4.14567536420703e-05,8.02603439174293e-05,0.0261985194823653,9.77252866106094e-05,0.000545797949419076,7.67585250440063e-05,0.0956977921338274,6.8126428133869e-05,0.000185119776112551,0.00040642469277707,0.332263482927536,0.00870672873228227,0.000168306080781797,0,0.00217559473231118,0.000506341138440941,0.00998179846119357,0.000763319962460043
0,0.000893253582786245,0.000187182027216017,0.0118512690502611,0,0.143414120227719,0.00316331732856784,0.00365537191444935,0.0214353714465151,0.00756748025900726,8.42970862443031e-05,0.0444132073074072,0.000198006766817486,0.0011081697664727,0.22272312509443,2.17792691980898e-05,0.000320303471347207,0,0.00013727531394378,0.00539330700309093,0,0.00192990363597093,0.00018957337278378,0.025355265824847,0.000508119368033711,0.000282829482343751,0.00284637517803923,0.00715629164362481,0.000975051244570857,0,0,0.0177077260899512,2.55074816502392e-05,0.040791626116041,0.0093891260045128,0.024940953187909,0.00106696666989364,0.000972754094762691,0.00118572106429157,0.783690254757054,0.255258760429218,0.00416068817431217,0.00182901923780274,0.000808042889365874,0.0001082646881724,0.000175856466039848,0.000902908361153287,5.01694145696639e-05,0.00133771838801334,0,3.13809591878414e-05,4.98735762668254e-05,0.00128617801194616,0.000133034742124307,0,3.42873669307709e-05,5.78200173269393e-05,0.000534187856686214,0.00103397823608448,0,0.00057393267654318,0.000768195907731788,8.20235918172598e-05,6.518572670002e-05,6.57563708106816e-05,0,0,0,0.000528731425305139,0.000101873030058753,0.000149227008166266,2.88797837155402e-05,0.00158174262206897,0,0,0.000183011639760009,0.00257375197909678,0.000222638820632136,0,0,0.00013049850135304,0,0.000234292008618879,0.00268419008079051
0.00687245512123472,0.000186735038017326,0.0130074218530232,0.0179547799768812,0.143414120227719,0,0.482289170327721,0.825358384408767,0.0167012444291684,1.32641056865201,0.0329502379001797,0.335475663771282,0.014894948449625,0.144943377466021,0.156413816517207,0.000629407294582574,0.0208442960571924,0.0257031256355179,0.0204254945214253,0.0276478790877497,0.00469331232587979,0.000543609219986628,0.0124604434232159,0.0162248586699025,3.03439150681794e-05,0.0363162262383265,0.00976903607096849,0.0438332307965105,0.0447007576650554,0.00700761873722271,0.00260761306237132,0.0787097572138266,0.000644276260091774,0.0933173567928627,0.0359342542404543,0.187515433827135,0.0153721640769768,0.076904698306527,0.0277277015811559,0.421820911269872,0.105040884391771,0.0527454943115008,0.0131501517223669,0.00426044681232603,0.00756177628675577,0.00123316767459887,0.00420916985830503,0.00136112681677977,0.007487297439175,3.4177316151613e-05,0.000154397531883645,0.00034319956544939,0.00113813664275293,0,0.00011409959838582,0.00020629787981506,0.000142487417308277,0.00323734529112848,0.00329609736302157,0.000125930327426076,0.00251157530580661,0.00613591322748601,0.000829481349026103,0.000350383984712917,0.000307935672591573,6.89077779127838e-05,0,0,0.000605642256477383,0.000149952944571894,0.000621707353957172,0.000650896678194134,0.0218220751788763,2.31166533940852e-05,0.000143672749672472,0.00124055120070688,0.0130396224808302,0.00226955703034205,0.000319933892890155,0.000186548214417305,0.000364898885300839,0.000326439036964542,0.00390817271630684,0.00271157701073414
0.430299991781481,0.0011954094432101,0.406343760491873,0.00853201592886589,0.00316331732856784,0.482289170327721,0,1.1486732024634,0.0160147108248607,2.09282126400269,0.0191451567134178,0.00753392041093253,0.00629892616135542,2.05700474879891,0.020801512721867,0.00903292417215082,0.0532721052663496,0.0156171649183344,0.0203059393155788,0.00295615122840478,0.805449773329232,0.00157182864297659,0.0683987393663023,0.320542353700043,0,0.0948450786735591,0.118452588306997,4.41189734968592,0.259110711221461,0.866883633218978,0.00145855368579511,0.0252985920625141,0.0154308910694288,0.136210139603126,0.0212020340056893,0.155762027907339,0.0156211901577436,0.133713152839249,0.054216215114022,0.0458481692966266,0.0265234854454614,0.010787582596607,0.0194550706422732,0.00131682628497437,0.00911417332378667,0.00298086272152007,0.00664770380633566,0.00218515041934893,0.00107917973871271,6.36413219544232e-05,0.000811272132974507,0.00442172611002585,0.00845094895229124,0.000231334911603901,0.00129830547005334,0.00178515067717503,0.00215549850301047,0.0066790368241061,0.0199569971349914,0.000129782109055969,0.0018649511732128,0.00196454220953102,0.00314574375915555,0.000372542446226495,0.00890039467054674,0.000738389874674462,0,0.000181991909594893,0.00209409575259013,0.00177477862737181,0.00359333267312553,0.024670966553315,0.0466720272708405,0,0.000925619629698881,0.0361708585476834,0.0458135867118763,0.00586510327984161,0.00046202840912531,0,0.000497735460750916,0.000401584350459614,0.0072053941495013,0.00278117615817461
0.0507246050655112,0.000818947171439687,0.138596179152218,0.0116337808397556,0.00365537191444935,0.825358384408767,1.1486732024634,0,0.024141916430637,1.48044652799888,0.0139999963003275,0.136900302996993,0.00532011056808215,0.814630849383448,0.00264342078196412,0.0039672311238597,0.20563483464699,0.0111807418154874,0.0361509077003822,0.0259161290900464,0.0683054087682302,0.00159516634681799,0.119154404067836,0.0724846610924824,7.54522798099904e-05,0.147635205078731,0.0485381920047751,0.142977919514676,0.0542366159105326,0.0784331835764086,0.000892466597798288,0.0169213533068622,0.000868525364231015,0.0455989792789392,0.0022000869986479,0.136862177456925,0.0157449882182649,0.0333295182080484,0.0177541376599949,0.0435001317489415,0.0214411074775552,0.0272896725682789,0.0273528774928445,0.00340813454464796,0.0128107138652963,0.00392032200757954,0.00891557248271137,0.00244117760797623,0.00590550531067571,0.000165585049328881,0.000659143846587728,0.00110107478689884,0.00119582313410678,0,0.000172382433774805,0.000281747453910962,0.000416123435365248,0.00827116273588082,0.00270132762190711,9.51211428781984e-05,0.00248889040707495,0.00528461246675284,0.00170856722868878,0.000606485490384061,0.00261113662141041,0.000610386181210944,6.14772069639445e-05,8.30714093871117e-05,0.00048801634102597,0.000977030933613434,0.00211439026336175,0.00573321357063529,0.0604041742487201,4.98575047320128e-05,0.000307665060495275,0.00941894871215079,0.0262661812019248,0.00746231462629277,0.000528724107380248,6.14434712720634e-05,0.000116478162288103,0.00138402882799676,0.0105709316549404,0.00058283093754165
0.00168589252506457,0.124977948937945,0.00217472542793379,0.255764567036549,0.0214353714465151,0.0167012444291684,0.0160147108248607,0.024141916430637,0,0.0815192221010476,0.00382632406736007,0.117056494824847,0.057436665337866,0.0259357706198804,0.106247899328581,0.0499440362585639,0.00339386100915985,0.00270675356823132,0.00282410320876807,0.0485191441495901,0.0059883594608121,0.437927681918292,0.00701889975002253,1.65651603665491,0.0900435288154604,0.0101626976909677,0.358987012593383,0.255988754026967,0.0472155778311781,0.00848222874363774,0.00135170892789525,0.00803580153280702,0.00863556638831607,0.0293538432073293,0.0103198826402056,0.0850844987220073,0.0101941039257683,0.0364238469244052,0.0136545105953791,0.196283210118746,0.0116147590797445,0.00848809018786797,0.134351051587375,0.00843552855440389,0.0508746439462947,0.0184767693788013,0.0384996656873106,0.0101239225368466,0.00494734643203447,0.000947223339902543,0.00259132553833721,0.00164297066502467,0.0521869239486324,0.00256440238842272,0.00598864754234708,0.0115331735593131,0.00926256304131725,0.327794757446338,0.0635421640721242,0.00272982876839995,0.0141618332643009,0.0191956232072569,0.0212448081340305,0.00911364809556648,0.192036271931304,0.00278487635442502,0.00229129235711584,0.00281442721190633,0.00967840449826206,0.0750750483452638,0.204808849657456,0.0905604177821204,0.621242405421374,0.00392629844611164,0.0172597803632054,0.034528524359031,0.338271240995335,0.0661245072020454,0.0193788955299272,0.0040083168837034,0.00479388064810813,0.00588277234119877,0.0449805084065938,0.0366307486710706
0.00314345328789838,0.000515619643815593,0.00461512494839111,0.195748539433048,0.00756748025900726,1.32641056865201,2.09282126400269,1.48044652799888,0.0815192221010476,0,0.053624201747206,0.36025931073671,0.0200047998663883,0.409488244704792,0.0462865926535273,0.000985785793218327,0.00564273670170919,0.044195956991945,0.0379483306233369,0.559618803878543,0.00151715661282796,0.000673094915303252,0.00329076745501628,0.0551686580234326,0.00012271434646647,0.0465224489579591,0.0145378889029907,0.154660441579181,0.228005248044112,0.00241613098703204,0.00400564100803207,0.0727631413239752,0.00349304944481229,0.239039532547959,0.0273689306427511,0.464564695098132,0.0200340600397923,0.203607982145196,0.0535303393324559,0.144886072276916,0.0865198796653328,0.0349282855885845,0.109156419750324,0.00224342418725354,0.0495485019988765,0.00721948216484027,0.0661204233262372,0.0172124742553123,0.00375908135567251,0.000369694243305167,4.1056709018755e-05,5.18815605106561e-05,0.11181859411273,0.00185596289127566,0.00588912193286924,0.009573693977701,0.007920717754898,0.0350487537564206,0.18334659859803,0.000377646027496701,0.0437229239059657,0.0122251005600012,0.013866831898989,0.00495981745915912,0.000231268306281146,0,0,0,0.0256609371213552,0.000278064609396279,0.000626615121158472,0.000242408558737497,0.167195670646277,4.17075713037193e-05,0,0.0010411923128516,0.363779607993877,0.0280020595220941,0.000313696082667714,0,0.00260965167117176,0.00214845652898593,0.0384992163106316,0.00481279637813006
0.00128033947328586,0.00244710780960361,0.00307227244858906,0.00127824299242886,8.42970862443031e-05,0.0329502379001797,0.0191451567134178,0.0139999963003275,0.00382632406736007,0.053624201747206,0,0.0303611504131587,0.421863764199594,0.0209591859318886,0.000677934084950853,0.000945002928040303,0.0165318206457965,0.654022145778016,0.141461930063642,0.00674199736543651,0.00151073392982245,0.000786237847587186,0.0103836681816616,0.00457752787264658,0.0090950262842726,0.24867337853286,0.0218516816575274,0.00787615514663785,0.0342559009610107,0.00186843109062395,0.0195832959209331,0.0460971360478549,0.00158338427267828,0.5645136783711,0.00234575099985866,0.0595137743514864,0.137046905604899,0.323022080149936,0.0336526965878022,0.00267276082333987,0.00303829032602304,0.04583598743216,0.00117561933886639,0.118325386019309,0.00219962959782652,0.000165040700922918,7.39042233675601e-05,0,0.0583207590496516,2.57212301569998e-05,0.00171296556311147,7.03935840405824e-05,0,0,2.11095076019347e-05,2.80627307168841e-05,2.04286688529879e-05,0.00133305108206966,6.80015017397135e-05,0.0594545596126557,0.000493274297670848,0.229382211111922,0,4.88678178745152e-05,6.84514800113796e-05,0.000221637039436099,0.00715376750155148,0.00562851612236424,4.79925324449301e-05,0,0.000661491143653251,6.80359785240679e-05,0.00414228160824119,0.0120668951293339,0.0463346362341655,0.11306514938164,0.000516273495173531,0.00154454385591949,4.29071064871967e-05,0.071866928656302,0.00298667880507842,0,0.00663818652532552,0.00140754434171932
0.000628978547883707,0.0011073078439576,0.000608644889992037,0.277348895406617,0.0444132073074072,0.335475663771282,0.00753392041093253,0.136900302996993,0.117056494824847,0.36025931073671,0.0303611504131587,0,0.0133643148660069,0.0678003237205002,0.229926725544396,6.64830657462539e-05,0.00201297844421156,0.0238941908334737,0.018494469940948,0.70323617120044,0.000122795190936568,0.00352240806435916,0.000935188448604637,0.108434254303652,0.00070063640952748,0.0266057655613523,0.00960926846532059,0.0518805582324925,0.0345019676110478,0.000545545441775968,0.00216251879499425,0.0521516381339685,0.000199024862219792,0.0852483010138138,0.0069344908474552,0.0788033314947292,0.00840053710602984,0.070588931490059,0.0140591600258395,0.353585666797485,0.0215950323508312,0.0247136320549372,0.00600918598588596,0.00100503781937965,0.00184645223214471,0.000508427296315725,0.00473703242534139,0.000292597190125618,0.00206657678467085,0,0,0,0.00949895425830406,0.000139882750451767,0.00100326179853307,0.000477121681529331,0.000596516333324243,0.00279258535817544,0.0070844692158583,9.63850601070107e-05,0.0144529255978628,0.0015573633839594,0.000439432020084929,0.000769765264043776,0.000167401865136427,0,4.16248537587225e-05,2.40513482838214e-05,0.00206018305585765,0,0,0,0.00694330742989129,0,0.000225466982087991,0.000494946822773845,0.01781726592363,0.000426556905750158,2.06551801346362e-05,0,0.000129898207730958,6.11901833021702e-05,0.000710427621565728,0.000558645965925535
0.000850200518862999,0.14158552483378,0.000390330543019205,0.00106131333605491,0.000198006766817486,0.014894948449625,0.00629892616135542,0.00532011056808215,0.057436665337866,0.0200047998663883,0.421863764199594,0.0133643148660069,0,0.00688523153658326,0.00221781546801209,0.00860526991188492,0.000772418548019653,0.00577935941252726,0.000423399827110952,0.00255804648584122,0.000112095008636141,0.0578861899940953,0.000645828776167146,0.0534417110475015,0.220149769207463,0.0168883391731286,0.0966505126971655,0.00488835025590565,0.0100182134275996,0.000207270222202438,0.061537063423466,0.0209551671269058,0,0.160816084506161,0.000963309977017102,0.0237481034839141,0.0921350791304669,0.184317378502366,0.0122684716601265,0.0046887778484104,0.00102376748287838,0.0837333095542321,0.00337472664813957,0.19704125958702,0.00763738915258598,0.000986073127848313,0.000441860516182441,0.000132834943593514,0.144011085282364,2.03364754961908e-05,0.0103357278003299,0.000109271452125478,0,0,0.000162513883651042,4.10794620108068e-05,0.000283021140482318,0.0025152510329273,0.000162219027659011,0.2228899233877,0.000269255045541877,1.04498269030556,0.000120648923196593,0.000303624121550632,0.000124830373274169,0.000767245392697432,0.0208924600450138,0.0182153971696948,0.000120120931137452,0,0.0016224511672969,0.000173739908842438,0.00462145654023324,0.209638145504802,0.213416907608632,0.65504277836272,0.000186240825243741,0.00581922373572521,4.61483877625913e-05,0.285253445238181,0.0110863071640047,0,0.029315761417873,0.000278038211973006
0.457068876164286,0.000796005411509926,0.111969744703426,0.00990561312031833,0.0011081697664727,0.144943377466021,2.05700474879891,0.814630849383448,0.0259357706198804,0.409488244704792,0.0209591859318886,0.0678003237205002,0.00688523153658326,0,0.0024120494580167,0.00927674464355749,0.348786167738431,0.0177830697256047,0.0750680990804545,0.0168394053151959,0.0974174447981059,0.00283201181487774,0.222123642760809,0.103722725249077,7.21508319976238e-05,0.169320441992052,0.0464936415055955,0.202794609897105,0.5069735409276,0.389850379177776,0.000766654984667694,0.0208759089637932,0.00253373773143836,0.0537201942070361,0.00200512545055296,0.0628546619238916,0.011529346460422,0.027274333494392,0.0124378854939687,0.0122133713548173,0.00558811625377638,0.0111650928530564,0.0347448867396322,0.00163129597518434,0.0172334474527584,0.00380092818987694,0.00878934630681062,0.00280641592816105,0.00219468403781533,0.000168399177980786,0.000539350212402045,0.00154924279633992,0.0013075838272095,0,0.000271890338408124,0.000486541135426784,0.000539707712504901,0.0103790123713699,0.00397070547290544,0.000200941811245456,0.00126726950248991,0.00326363627463205,0.0023481019733241,0.00106514575773378,0.00279610324131806,0.000710459527776388,0,9.35162054087611e-05,0.000415640381119314,0.000806266205895444,0.00292397781758215,0.00393089782875046,0.0726639724589765,0,0.00100087058229321,0.0100169092559714,0.0320228553916741,0.00947671829595525,0.000941393118915423,8.79985350863101e-05,0.000249337124543363,0.00154826031261064,0.0110064605981713,0.00125740823396298
0.000199859864187526,0.0055620771429014,0.00160377361713027,0.0913906503867585,0.22272312509443,0.156413816517207,0.020801512721867,0.00264342078196412,0.106247899328581,0.0462865926535273,0.000677934084950853,0.229926725544396,0.00221781546801209,0.0024120494580167,0,0.00872448660558014,0.00043505547959345,0.000184021889753956,0.000561979716651,0.0316547699642223,0.00950837808319396,0.0159865540466027,0.0183780025710007,0.196819459930099,0.00389662156658181,0.00126092524813835,0.0252084545383784,0.0772870419506496,0.00476335786092623,0.00891404656749644,9.68107784985961e-05,0.0078762446052181,0.000950446276959544,0.00251924678266854,0.0341500497247587,0.029266674422626,0.00416387633524158,0.0078097960874592,0.00422466419106499,0.307095882608463,0.00494003699192383,0.00275526949505582,0.0136655494424086,0.00100307382406004,0.00378468967094591,0.00126735499985824,0.00707406675365437,0.00174896044778808,0.000752810653612037,5.14747777583243e-05,0.000139228060642147,0.000128969379096741,0.00738218984126681,0.000494870132780966,0.000904786263324344,0.000369505253099504,0.000691807488628299,0.00514359546991136,0.00732719559791546,0.000114517349306756,0.00361351207189233,0.00212927604731072,0.00130210322022944,0.000498296143706863,0.000678738545189953,0.000142398040102878,0,2.5073599616468e-05,0.00166048286907392,0.000543098191679512,0.000848325037594021,0.000386034703138697,0.0262907705833442,0.000321093199830437,0.000102635535745132,0.00163853294662296,0.025219068778655,0.00420282542376628,0.000395078277839953,0,0.000457790519769966,0.000401363071872077,0.00452086758075921,0.0658355671521508
0.00173900668365487,0.0679256373514571,0.0176478162354434,8.60740254642962e-05,2.17792691980898e-05,0.000629407294582574,0.00903292417215082,0.0039672311238597,0.0499440362585639,0.000985785793218327,0.000945002928040303,6.64830657462539e-05,0.00860526991188492,0.00927674464355749,0.00872448660558014,0,0.00966864445279511,0.000621566152591056,0.00337099044932618,0.000112016067756513,0.031352594797613,0.913193379178008,0.233158599067889,0.0934990366051671,0.0204684992559474,0.00661233710360811,1.30922392604964,0.00522635656498932,0.0447858737282326,0.147271166765995,0.000306129422437701,0.0008191377281114,0.0187864526360853,0.0502591118136676,0.0606220091277532,0.275759812987255,0.0335629686407734,0.0823590200211133,0.0599567973133537,0.0103386355289612,0.00366382193947002,0.00652366131026667,0.0900493247834438,0.00981673567716807,0.0299404158452061,0.0188401868420449,0.00974216361032605,0.00202861073060886,0.00521491675060373,0.00103449658231649,0.00609029830860121,0.00697919725526453,0.000591475380180519,0.000548466921305432,0.000720854631368019,0.003278272980307,0.000969947882722144,0.0173772335648762,0.00149037254490042,0.000557858780406672,0.000988553052857227,0.00638727090723591,0.00432808614943967,0.00340525664862154,0.149086201529249,0.00291833053163924,2.97052822621465e-05,0.000935874690063029,0.000753449260261862,0.118928402198623,0.112397433520398,0.101869113948844,0.312743984938834,0.000567389868986804,0.00275798164357091,0.126330493539151,0.119113763376163,0.0220451372650292,0.0366037322321449,0.000440197376797646,0.000612920688407073,0.00542409158918121,0.0259165399415417,0.0201160689478067
0.150900781700567,0.023639909155933,1.45075314869759,0.000123319247939989,0.000320303471347207,0.0208442960571924,0.0532721052663496,0.20563483464699,0.00339386100915985,0.00564273670170919,0.0165318206457965,0.00201297844421156,0.000772418548019653,0.348786167738431,0.00043505547959345,0.00966864445279511,0,0.0294514035441929,0.575594008221789,0.000726688586879959,0.125000758212337,0.00356278788712216,0.580702005653327,0.0104671347822428,0.00018929074045819,1.38567622671402,0.991245679947421,0.0129566501162724,0.456171650096249,0.313552257776116,7.85720916696487e-05,0.00511173584636064,0.0233341928402367,0.482310735644974,0.00946773678702206,0.200506939635265,0.125339333911487,0.200127450208538,0.130268622843631,0.00260508196129432,0.00171009103106362,0.00162471075534165,0.0458822930230736,0.0109861091380759,0.0196326271293999,0.013617095141056,0.00435465722375759,0.000322953196626091,0.000172587748358595,5.23329628423689e-05,0.0259271617046335,0.0543162981093209,0.000431185628385311,0,9.92075209633113e-05,0.00171442022155855,0.000187959728204343,0.00055312674512138,0.000616016336292733,0,0.00028776689905647,0.000689371147122432,0.000527080810383142,9.45895325440407e-05,0.00261033443676114,0.0374742002990916,0.00038194835702228,0.00778142327929213,0.000346479344299087,0.00190592203175445,0.0033499120923112,0.0460531969555674,0.0046324411727155,0.000190511560979998,0.0242465812301519,0.248992500839398,0.00335653558304108,0.000746617111313333,0.00353635402389598,3.31322362645447e-05,0,0.000125651266875583,0.0119375268361432,0.0108886453234211
0.00235148495002726,0.000385036845373401,0.00637234975864473,0.00128932273468477,0,0.0257031256355179,0.0156171649183344,0.0111807418154874,0.00270675356823132,0.044195956991945,0.654022145778016,0.0238941908334737,0.00577935941252726,0.0177830697256047,0.000184021889753956,0.000621566152591056,0.0294514035441929,0,0.23583316841552,0.00459290820358732,0.00224190762142873,0.000295536942670476,0.0123225214755737,0.00479853983690954,6.74341838264464e-05,0.166765523901665,0.0196841841640634,0.00668787145868297,0.0315914309091847,0.0046902043584216,0.00193746622019234,0.0329743596784047,0.00204668925863559,0.245340763001219,0.00574204806280612,0.146480011656504,0.15715170364492,0.315148119216815,0.0784022446483655,0.00262222810780233,0.00434544998241642,0.000804925784673428,0.00272862608575314,0.00833994065986108,0.000976183328714283,0.000811963208971445,0.000136592259183026,3.53590999906719e-05,0.0029908485575199,9.72773979290932e-05,0.000231663724162432,0.000356984180436051,2.09376468042612e-05,0,0,0,0,0.00117968259777258,0,0.00341472867649092,0.000247085989312175,0.0221860658931323,2.33225303362817e-05,0,0.000389518998807934,0.0031755660323099,0.00344789783514498,0.00786160001199422,0,0.000112592113123494,0.000106931377078763,0.000661085690508002,0.00131658414245403,0.000776753895394598,0.0299275098941589,0.0399174049315758,8.73037478145183e-05,0.000161519991457039,0.000255852514584473,0.0103449455724498,5.08416697240235e-05,0,0.000746144737517748,0.00471445081746304
0.0205658864823279,0.00475580196688079,0.0659244427730857,0.000729526445022235,0.00013727531394378,0.0204254945214253,0.0203059393155788,0.0361509077003822,0.00282410320876807,0.0379483306233369,0.141461930063642,0.018494469940948,0.000423399827110952,0.0750680990804545,0.000561979716651,0.00337099044932618,0.575594008221789,0.23583316841552,0,0.00430901340081325,0.028290212896516,0.000415321282684672,0.163528934572812,0.00506691490052995,0.000234896674686554,0.376937380442803,0.236895222582486,0.00798557838467369,0.197117242019683,0.0739369239232713,0.000170004855089575,0.0185612140732288,0.0323570695189471,0.960494220096393,0.00933357055798768,0.284949187946112,0.232169289048648,0.397458891685391,0.135353397853345,0.0015651418949182,0.00266411884664987,0.00119501103189647,0.0156945027364741,0.00960050534616743,0.00691089046847262,0.00551176681759014,0.001112728169604,8.50006096885442e-05,0.000800244533113147,3.77394643117279e-05,0.00544682687929479,0.0102646780980603,0.000167853706311133,0,0,9.017594469451e-05,1.89350027856052e-05,0.000908486558387088,0.000303196107225501,0.000542296169779963,0.00041140038473635,0.00166997927162006,0.000491874230129716,8.75344571670593e-05,0.00105096730586311,0.0238039085579936,0.00108627992337136,0.0145672758264575,5.80175344554129e-05,0.00076623234544268,0.000719939425757208,0.00636501338926795,0.00288014099460288,0.000174213167589623,0.0518709947436399,0.0995738176521882,0.00111359767596541,0.000407264552533311,0.000827627001970716,0.00128835214331,8.84838591095837e-05,5.93622017013608e-05,0.00421094696899348,0.0107832197764981
0.000427352817269611,0.000247777565183249,0.000201178857665205,1.38580722326148,0.00539330700309093,0.0276478790877497,0.00295615122840478,0.0259161290900464,0.0485191441495901,0.559618803878543,0.00674199736543651,0.70323617120044,0.00255804648584122,0.0168394053151959,0.0316547699642223,0.000112016067756513,0.000726688586879959,0.00459290820358732,0.00430901340081325,0,0.000102253068091535,0.000807766098592721,0.00051692844509208,0.0385686785448704,9.90064872783958e-05,0.00553717453511536,0.00261084065668591,0.0429955520696066,0.0147760236155832,6.03914222095011e-05,0.000435770279268265,0.00878837395861074,0.000102390838635439,0.0204357640534364,0.00156090540201357,0.0534273862720078,0.0026753585544427,0.0154245882305215,0.00459492139000969,0.0579930722512742,0.00624745720916517,0.00559339599853999,0.0363328977659647,0.000696576181834819,0.0164028467271451,0.00271445918911257,0.0262871844920847,0.00502011542234215,0.00254495967335554,0.000131472007691539,0.000237154270500362,0,0.0425539147312428,0.00105414759377483,0.00412826931220927,0.00448688006856185,0.00385919975630096,0.0106845765291565,0.0640317370880621,0.000375217089649952,0.0230942843925593,0.0057038792182341,0.00678236974966541,0.00255122881144588,0.00011153228113684,0,7.5063623307681e-05,0.000358399498497784,0.0107199434513055,9.70791266300439e-05,7.24131220613839e-05,0.000109218395716882,0.05785691907485,0,0.000388393229934874,0.000108066267201734,0.140372831493861,0.0117260629213061,0.000143575195746785,0,0.0017441984491169,0.000495931468749404,0.0121491549247599,0.00219934559084705
0.0180431256731039,0.00863427936934581,0.237568986922261,0.00017063412397424,0,0.00469331232587979,0.805449773329232,0.0683054087682302,0.0059883594608121,0.00151715661282796,0.00151073392982245,0.000122795190936568,0.000112095008636141,0.0974174447981059,0.00950837808319396,0.031352594797613,0.125000758212337,0.00224190762142873,0.028290212896516,0.000102253068091535,0,0.0397328629097023,1.31998439990353,0.0051825656955559,0.000138027496647942,0.0247642329073886,0.652258569024942,0.443201295262025,0.0458016622825912,2.79657596887196,7.32340955845357e-05,0.00041699986004287,0.0180151809431993,0.616050263192288,0.060671684469049,0.324758668852288,0.0388657116994789,0.235112031302951,0.118562557321858,0.0108846643839043,0.003674515639391,0.0075203669325164,0.0431854789696563,0.0077825156161759,0.0161940528972863,0.0107690872447515,0.00501021594977166,0.00108765194855455,0.00610148382364367,0.000896641354793646,0.00179695863287952,0.00375832296813529,0.000531553704521129,0.000189555048909098,0.000430572515316564,0.0019524125266933,0.000309351657636532,0.00571601530788894,0.000448658096799901,0.000140623244238567,0.000336129384864056,0.00396120477783545,0.00233221098316936,0.00188029606249584,0.0641050721683948,0.00134155272781391,1.78933420957714e-05,0.000473778160008198,0.000239439283829436,0.0618848256002897,0.0303656385607235,0.0518561681177608,0.129234308068735,0,0.00135614708513995,0.0566436222749561,0.0567340851139843,0.0101402422591689,0.0219027392350982,2.55219489378154e-05,0.000180466886597156,0.00298413467239888,0.012954266496957,0.0135730708798059
0.000298329445953387,0.231824119190046,0.0108652732328889,0.00462732592723102,0.00192990363597093,0.000543609219986628,0.00157182864297659,0.00159516634681799,0.437927681918292,0.000673094915303252,0.000786237847587186,0.00352240806435916,0.0578861899940953,0.00283201181487774,0.0159865540466027,0.913193379178008,0.00356278788712216,0.000295536942670476,0.000415321282684672,0.000807766098592721,0.0397328629097023,0,0.110646843545401,1.11078223264452,0.0960105170075433,0.00410495351564264,1.59042980337563,0.0558387512352197,0.00977476160901097,0.00470073223672199,0.000849963635192968,0.000519810447642679,0.00201325180125625,0.00666608885602184,0.00359978016165862,0.0211790758414596,0.00498292141226257,0.0109423638385639,0.00624953755164372,0.0249455342713763,0.000792825194801205,0.00381662023448379,0.0441141800458747,0.0090130171902585,0.0152124138070804,0.0122199166908068,0.00262818776858209,0.000596545719820494,0.00200379782116828,0.000174137096626925,0.00435485442119911,0.00264170971714626,0.000147012070216468,0.000225767096930337,0.000120799991264462,0.00505566276272725,0.000840750004472182,0.0123966387412304,0.000701753756102548,0.00229479302366313,0.000406259328890079,0.0125839198060102,0.00156203538203562,0.000640686646463351,0.222550422763003,0.00345624214259779,4.33473037913382e-05,0.00191759834327948,0.000307935466248178,0.0546037769384673,0.128155877288248,0.132526599295611,0.180219028597284,0.00446066354014876,0.00821696698624761,0.200891319393176,0.0364040051630099,0.00490932741601684,0.0103605162842344,0.00448832727975615,5.49073437198042e-05,0.000545668123095866,0.007693086877241,0.00827171349982262
0.0937707030697108,0.019514546290701,3.12908659863104,7.80322188809751e-05,0.00018957337278378,0.0124604434232159,0.0683987393663023,0.119154404067836,0.00701889975002253,0.00329076745501628,0.0103836681816616,0.000935188448604637,0.000645828776167146,0.222123642760809,0.0183780025710007,0.233158599067889,0.580702005653327,0.0123225214755737,0.163528934572812,0.00051692844509208,1.31998439990353,0.110646843545401,0,0.0122392788505753,0.000517554890559734,0.323700865622264,3.15904681136522,0.0314475657828046,0.243648640245419,0.76846226362212,0.000237661716860524,0.00280216059697639,0.0305151611906774,1.34646233834469,0.202754505792711,1.21623780867955,0.224130634322897,0.990887959153034,0.613049759738695,0.0215090796799859,0.0101759420132134,0.0115525024672795,0.0675848923976228,0.012702087999168,0.0265586125123049,0.0195755042766532,0.00385633875427668,0.000491548919596403,0.00555860842325222,0.000183446711901105,0.00645832316118862,0.0271763475757305,0.000127675643794298,7.07945499435602e-05,6.76185676337956e-05,0.00522849756661339,0.0005094329297395,0.00271824527652751,0.000182971158673498,0.00018086552169165,0.000232145945769176,0.00446722603896809,0.00109328128262213,0.000831633808521036,0.168537986543855,0.00614222924476119,4.5106713994655e-05,0.00225329565524728,5.32276401916713e-05,0.115434643804407,0.0705066661756738,0.235036338922257,0.0981287799382647,2.75634697957456e-05,0.00720493263779635,0.260349757543807,0.0488151102211307,0.00466171657629636,0.0232979486709427,0.000163074934246981,2.36505480368078e-05,0.00161671434430513,0.0193157906935329,0.0481036948308292
0.011787915067296,0.170405049410664,0.00718308685918161,0.208288937117365,0.025355265824847,0.0162248586699025,0.320542353700043,0.0724846610924824,1.65651603665491,0.0551686580234326,0.00457752787264658,0.108434254303652,0.0534417110475015,0.103722725249077,0.196819459930099,0.0934990366051671,0.0104671347822428,0.00479853983690954,0.00506691490052995,0.0385686785448704,0.0051825656955559,1.11078223264452,0.0122392788505753,0,0.0993909980193161,0.0137311213305996,0.34175418771788,0.697745629062035,0.229413778916507,0.146241963010904,0.00154332533859684,0.00777587577200546,0.0509304109819862,0.0966340749565938,0.05332048011387,0.252059074622539,0.0252131463832017,0.113225256006579,0.0553099270498399,0.206914934084783,0.0175401793877362,0.00980051759204556,0.195871454959964,0.00646615328560536,0.092060566188273,0.0187647525853133,0.0709206241097699,0.0217441459166304,0.00818159166650364,0.00128072098333173,0.00523965227400575,0.00184073568021176,0.0916273524513503,0.0015896302392773,0.0115534589546473,0.0160670213398667,0.0186294333442653,0.174476089430357,0.143644918352967,0.00353887955515445,0.0213429855073936,0.0269704971966132,0.0317695086182728,0.00909175541161069,0.0166364516631195,0.00296504744340677,0.00130267471586989,0.00279077553043398,0.0200817038301037,0.0114257853539433,0.0423201840507662,0.00829510418305708,0.600740844000184,0.00441935171513202,0.00928012703174605,0.0378721373600378,0.503619906233341,0.087879789188319,0.010301065219733,0.00237577485597822,0.00761644179747029,0.00855153201644732,0.0695655387529417,0.0251087377561049
0.00010527722525661,0.195408081325594,8.58248963309886e-05,0.00131871700659209,0.000508119368033711,3.03439150681794e-05,0,7.54522798099904e-05,0.0900435288154604,0.00012271434646647,0.0090950262842726,0.00070063640952748,0.220149769207463,7.21508319976238e-05,0.00389662156658181,0.0204684992559474,0.00018929074045819,6.74341838264464e-05,0.000234896674686554,9.90064872783958e-05,0.000138027496647942,0.0960105170075433,0.000517554890559734,0.0993909980193161,0,0.00789298638406336,0.100970290354263,0.00313966269870994,2.09078171056509e-05,3.00811759895682e-05,0.01066112566776,5.14410217227279e-05,0,0.001595752238543,0,0.000665432985456115,0.00265217866115756,0.00769948934222667,0.000211783734020448,0.00575940792585223,0,0.0262185076850865,0.00452983823341421,0.0184131030413431,0.00259842473487256,0.000764307651274111,0.000200322560187283,5.42889412851689e-05,0.0268131418891064,0,0.0601861334447917,0.000195947886958212,6.71911229326845e-05,0.000141391797820777,0,5.55624345912336e-05,7.24819942552326e-05,0.00162417484085866,6.0367705797234e-05,0.0323425627093452,6.65847058524015e-05,0.138103308252977,6.9645343657753e-05,2.42037357869178e-05,0.000631315351951681,0.0010487135535583,0.000429543518589288,0.00321974967348855,6.2023098585999e-05,0.000209097799835193,0.000842579216867742,0.000223608647664472,0.00221932874251444,0.183296881637852,0.0262342967575887,0.245866269827095,0.000106744002745315,0.000908705805509378,0.000404609956387818,0.0224540199217749,0.00230458957447343,4.85953821094841e-05,0.00525186902067785,0.000169949633528459
