0,3.23102306572258e-05,0.0239137882313218,0.000122392457683325,0.000849127332602481,0.000641120153543991,0.214851517598223,0.0840248997646005,0.000625603259813547,0.00370746763749338,0.00237266361446684,0.00050031687812494,0.000230972027978092,0.702684691150072,0.000413332028833973,0.000113800536457086,0.0450329725161741,0.00283166399862333,0.0164259749031404,0.000806768798266463,0.0136006028276744,3.57396320493579e-05,0.0163287917182328,0.00361340041133101,9.0654057886934e-05,0.0315910949311632,0.0233336582539916,0.0124058416091947,1.00477980261534,0.75587410128544,0,0.000402535666797584,0.00409540192235756,0.0290984881226781,0.00449989191824197,0.0125105623957232,0.00302630839277038,0.0317969913807864,0.00718093098388531,0.000924281362940563,0.0011616183853139,0.0003190541142317,5.39251875248909e-05,0.000260871023289693,0,0.000154250793290198,0.000115584357844019,5.61372362201929e-05,0,0,4.62235199169874e-05,0,5.91998042711734e-05,0,0,0.000223789760129964,0,8.15072341773031e-05,3.40162827983021e-05,0,0,0,0,0,0.000196412706554675,0,0,0,0.0001380988110775,0.000288963537933648,0.000130679135008299,0,0.000707808986699027,0,0.000159233171731585,0.00199898145962877,0.00109796552704165,0,0,0,0,0,0.000298092658038998,0.000890329228497091
3.23102306572258e-05,0,0.00179990838558979,8.40996549174067e-05,3.23888550960123e-05,2.88423144853413e-05,0.00016094654299137,0.00018480282280789,0.252863574046317,0.000104801883252293,0.0312667793168456,0.000341666081671947,0.204658984439047,0.000639052412547022,0.00543637749513869,0.0376018439342753,0.00325042971675231,0.000200790676837814,0.00460920073487118,3.68597526420236e-05,0.0040471125139914,0.146528002274774,0.00919778851466421,0.0854743342366217,0.423048144327747,0.0325852533775725,2.40448894987562,0.0147590033307948,0.000882502631640509,0.000542164131480807,0.00735628202118491,9.41434227417472e-05,0,0.00887830696167864,0.000845054270807269,0.0194656302275444,0.0238896840566197,0.00930537137870178,0.00506608791508605,0.00118299347500316,0.000128920138650405,0.0154757959415159,0.0040195587753356,0.0167149120344934,0.00316392478618443,0.00286753114771296,0.00011954143548646,0.000283791406619525,0.00351338257728399,3.08740885111034e-05,0.146773721482863,0.0044091942610646,0.000184529340994155,5.93175321290016e-05,0,0.000271801566207361,7.5004884691179e-05,0.00186850669351782,0.000327666533432883,0.00982761651417944,0,0.0224919562217401,0.000111538491183973,0.000198692015618563,0.0025284650680109,0.00143811761069169,0.000765390426091684,0.000655605764567542,0,0.000308322849036848,0.0021928188981701,0.00164702997703622,0.00129529895873832,0.026063383248754,0.0539244540559026,0.952524721708999,0.00113554031204524,0.000114233388471115,0.000165732278148419,0.0105035888072059,0,0,0.000906104517105229,0.000845322092798714
0.0239137882313218,0.00179990838558979,0,0.000308883728985625,0.0042783915895504,0.00177087301963041,0.104122548644983,0.0742752608279393,0.0015284872958274,0.0109343549190499,0.0111827708103354,0.00180613563172753,0.00170707533832279,0.108422118394393,0.00220487131871318,0.00230718791135472,1.48810496324137,0.00929127835676492,0.109416645626649,0.00331536179037876,0.811987097108689,0.00122671370083226,2.10434659123224,0.0041338281441056,0.000228613070465183,3.01329212163616,2.1443531944293,0.0956428713085966,0.100589103006117,0.32887536794833,0.000122219606532669,0.00161309442667174,0.0132184370256987,0.132642006286335,0.106228932338575,1.08581601355096,0.445355597110843,0.51908172954479,0.395932743351004,0.0083444909814561,0.00695478244616614,0.00309618726436978,0.0166522355688696,0.0234435600702833,0.0076532393384184,0.0185556726531336,0.000902308866568671,0.000183697600342441,0.000127921082278633,0,0.0033638714231413,0.0354501145285509,0,0.00142263093303766,9.37715892985586e-05,0.001081329681112,8.42252039032996e-05,0.000558242795893443,0,0,6.31665666958809e-05,6.82084643438816e-05,0.000291451467425448,0.00495037004496614,0.00290232497192276,0.00415420325781303,7.61403587735295e-05,0.000661007060931408,0,0.00188027826870285,0.0116437743140013,0.0232557412307964,0.00223735684837199,0.000641872536734408,0.0316593796076354,0.69308835431564,0.00495710599539883,3.65584603984773e-05,0.000514862945735407,3.34760052246451e-05,0,3.3877383917588e-05,0.000836584653276353,0.117044079471772
0.000122392457683325,8.40996549174067e-05,0.000308883728985625,0,0.00271503537913141,0.00549551006125408,0.0158571861457003,0.0204339615720439,0.172256918629196,0.633953438469935,0.00117347733456096,0.0881852392604745,0.00243855092526785,0.00880378773105641,0.0388916893321447,5.40296276837468e-05,0.000354913655436176,0.00140293059542826,0.00259607393771102,1.87807108727036,0.000220625710665536,0.000246524164542353,0.000517331432360422,0.669937664444533,0,0.00319265763819607,0.000362161582109767,0.558269775677693,0.00500210469689578,0.00205896371434099,0,0.00487186283647067,0.000219947913626254,0.00577211835149639,0.00855254850361212,0.0382818634889258,0.00183449863389932,0.0132320643895323,0.00132607139257611,0.0381931996671224,0.00800367211831726,0.00838615957945581,0.0183408417253159,4.02072843047976e-05,0.00426379974135219,0.000765078236246806,0.0776711759258761,0.00292493669946474,0.00494309335715475,9.21334883442521e-05,0.00068261948553949,0,0.174619193795327,0.00616962927337272,0.010603306788399,0.0309226043745573,0.0228388834380974,0.0825452536987068,0.147422451008706,9.27979332674321e-05,0.0452903666582045,0.000609053261926335,0.00773909492210555,0.0167696958601536,0,0,3.22496274658084e-05,0,0.122695921745959,0,0.000175783551679015,0,0.120883129003701,0.000120737768207467,0.000237804284241056,0.000288706868990779,0.159082549868415,0.00248057593436137,0.000187823259834731,0,0.000235417276400059,0,0.00421455128187313,0.00220935967552263
0.000849127332602481,3.23888550960123e-05,0.0042783915895504,0.00271503537913141,0,0.151848793708346,0.0290327042813364,0.0376015779981508,0.0066352185991867,0.0439355700903615,0.000328918540324241,0.0715508418854825,0.000951749657826945,0.00710139737949968,0.208984273409445,0.00578186030951886,0.00351354087460588,0.000179180886668211,0.00119814407960614,0.0160981932785094,0.0844975087227798,0.000349591421103322,0.100906359282683,0.00889592994014721,0,0.00260910395705783,0.0120710368470176,0.048388653190203,0.00985009227715204,0.0444854762056884,0,0.0579134265051521,0.00270617704642675,0.144287437057952,0.304366921602243,0.0662314684950639,0.00567426563937628,0.00733893773121117,0.00547931640560099,1.00703394732073,0.660927289045838,0.0033963501645674,0.00318531192854079,0.00321743393456615,0.00164482678014305,0.0221172216042872,0.00251033576868117,9.6673674287796e-05,0.000564319574722481,8.84412006455897e-05,0,0.00200975323875568,0.000581882536417651,0.000194498878072214,0.000848979324251102,0.00439754252173244,0.00045954874052673,0.00139072849168843,0.00244926849182688,0,0.00152493462226172,4.63370406698585e-05,0.000345370077739262,0.000348092798783899,0.00213857031666232,0.000318054913476706,0,0,0.00044179553283459,0.00205434102116064,0.000391528327554846,0.00586928956148161,0.0057584184428683,0,0.00380201258997513,0.00856003782126247,0.00816340200831512,5.03349321171999e-05,0.000766904215313247,0,0,0,0.000562533971868718,0.123726330076945
0.000641120153543991,2.88423144853413e-05,0.00177087301963041,0.00549551006125408,0.151848793708346,0,0.444118998612556,0.950756281475576,0.00738408894581601,1.32702297680742,0.00736613663810349,1.15633550329455,0.00276579571975223,0.107752065776812,0.220224156673592,0,0.00274017629644744,0.00889764690765987,0.0103449448345261,0.131541945963102,0.00177421025565883,9.83490883091924e-05,0.00188008900673307,0.00636812784879319,7.65291805687307e-05,0.0161256564444595,0.00410448253858548,0.0238827717387496,0.0242257170424396,0.0179323656574168,0.000141460430100167,0.0429614463775461,0.000215816505460453,0.0227965734687241,0.277397836638917,0.0611943728419922,0.00267351969851264,0.0216759573972665,0.00227483137144504,0.250685073596718,0.0364031760501104,0.00318892574729029,0.00336524315482151,0.000643169202466929,0.000482076841306597,0.00124208068257408,0.00406400512882154,5.2117602880919e-05,0.0010280690162551,0,0,0.000257146891316128,0.00443964397396744,0.000660842570679939,0.000675145501387346,0.00948243871046612,0.00218482335961625,0.00284013376498003,0.0101642274416023,3.70100400270223e-05,0.00153356468065005,0.000399252638894499,0.000427107256635708,0.00130724885386619,0.00109006389533531,0,0,0,0.00292430739963904,0,0.00069429312891705,0.000271713701242375,0.0130303714264006,0,0.000201569653196418,0.000347768465199423,0.0224131953652431,5.65417535822511e-05,0,0,0,0,0.000650679473454648,0.0229492013368472
0.214851517598223,0.00016094654299137,0.104122548644983,0.0158571861457003,0.0290327042813364,0.444118998612556,0,1.75786127738582,0.193032688989067,2.24324576441574,0.0257764961214745,0.0495734591677648,0.0285948890185322,0.782754457374546,0.032958989385131,0.000685986948750723,0.0602409146863945,0.0306240098382178,0.0633428142508094,0.0447656458702514,0.116769074790444,0.000589180959457129,0.0795866153541391,0.227920906588958,0.000159077124566674,0.115905206779417,0.06042434799436,3.1864173849426,0.206733278208565,2.28001509234929,0.000500509998458665,0.0520675114944204,0.00888938571508422,0.127731869025972,0.196459953265175,0.489532478222934,0.0255753509016396,0.274522327500765,0.0511230807353951,0.155809420985641,0.087096102183253,0.0142189257056873,0.05629141100127,0.0011631041775181,0.0160576574224173,0.0082574803142238,0.0273537418179131,0.00789930805830439,0.00524696817228409,0,0.000419692216378569,0.00110747223370627,0.0567175067046108,0.0022188622417207,0.0103806226927693,0.134208049577356,0.0593349721517153,0.059117731463482,0.138239477195522,0.000722479854723913,0.0129018604187115,0.00284603478500245,0.0250758507505325,0.00759687531836093,0.00395700584621776,0,3.61768422154069e-05,0,0.0349981767518708,0.000763753844493126,0.00459409167487434,0.000418131613673919,0.174217660623443,3.54493751265228e-05,0.000142349095503062,0.0171485749313518,0.350027459657279,0.0101943039260979,0.000213344100496924,0,0.00128107728690818,0.000119194067224896,0.0136230439120183,0.0358905116099241
0.0840248997646005,0.00018480282280789,0.0742752608279393,0.0204339615720439,0.0376015779981508,0.950756281475576,1.75786127738582,0,0.0405789882917683,1.21245653298566,0.0199003534081458,0.30575979348063,0.0106415373886517,2.86017452613465,0.0250308723915209,0.000920399846591322,0.0964155401084512,0.0221560925663416,0.0393521580958888,0.256592781167874,0.0504433442096212,0.000827055129620131,0.0658923704711293,0.0447882506607349,0.000184994039504367,0.094540741451793,0.051784305612855,0.145662622929041,0.253740830031573,0.954974893853207,0.000473422373268646,0.142937512524228,0.00480479000169875,0.0823213767399953,0.0361174705151356,0.231540501031622,0.0151516130709112,0.109800269228254,0.0259810678816923,0.141348063169154,0.0293588915220313,0.0163356990226732,0.0340847682918445,0.000888067676348212,0.00485325497117758,0.00210594501293834,0.0160813650952473,0.00342880225285075,0.00518590476045758,0,8.79655423381986e-05,0.000318002238034809,0.0181170930644253,0.00098024404428808,0.00368940865057141,0.0875149347730268,0.0168970274079671,0.0187317785392448,0.0435796026017805,0,0.00527592517813704,0.00104601944476447,0.0043060342416155,0.00289190486812,0.00664945105977543,0,0,0,0.0108215074251425,0.00148981424096582,0.00621123841658294,0.000292243593763643,0.0914609398472171,0,0,0.00390356428917539,0.182040899939272,0.00173986280883901,0,0,0,3.15866530302107e-05,0.00535781655831443,0.00496011642555776
0.000625603259813547,0.252863574046317,0.0015284872958274,0.172256918629196,0.0066352185991867,0.00738408894581601,0.193032688989067,0.0405789882917683,0,0.132778604495933,0.00778690534912892,0.144661209667768,0.0470854546211235,0.0169445154183709,0.117505667105529,0.0453427909888019,0.0014246017084841,0.002608837478941,0.00418093942536439,0.0865786013738241,0.0121140404966954,0.871785004171763,0.0125879574691289,2.83255833583233,0.0678517522377062,0.011159146392203,0.510073374271728,0.570921611104091,0.0122373141185179,0.058930214464895,0.00249878022411525,0.00682126063875376,0.000577391778404152,0.0107088660616076,0.0216658465667675,0.072778262866408,0.00510594389724181,0.0161716774413631,0.00295035948170648,0.0667196503365661,0.00888019341065971,0.00446689996776439,0.0397268295556779,0.00483390565361461,0.00902684861580569,0.0031601675860105,0.0660645485338601,0.00501301601241086,0.00274066529798581,0.000224497073542357,0.00249687553398009,0.000309098755586028,0.120998570955262,0.00654755131038054,0.00800737628542317,0.0743385426435441,0.0336561222010514,0.405061842294216,0.131161601308909,0.00454231199314971,0.0386372188926037,0.00685264565061888,0.0176839204607798,0.0166926851793102,0.0879943306800144,8.02248024091777e-05,0.00258207519579672,0.000800515660885119,0.0525857491825027,0.0127210830178994,0.113478259402805,0.00967432638687294,0.406943505131379,0.0032946175132071,0.00794838346893887,0.0193335381227865,0.372446310511102,0.00783081279779241,0.00165802719168318,0.00244789908138461,0.00171399579496408,0.000245012676567221,0.00971868263301138,0.00776520870689819
0.00370746763749338,0.000104801883252293,0.0109343549190499,0.633953438469935,0.0439355700903615,1.32702297680742,2.24324576441574,1.21245653298566,0.132778604495933,0,0.0426972587716925,0.719880067792838,0.0482472466483638,0.421282304887069,0.064205536758672,0.000999062706863807,0.0184816417532231,0.0578383332712568,0.0880064389879708,1.28673994061801,0.00564432037923783,0.000336048803557133,0.0108396791353777,0.15431908516584,0.000237092817034435,0.125600957626157,0.0289953898459372,0.721607465710478,0.207284484785793,0.0615149918970891,0.00091875019053671,0.115423339329323,0.00277991770496344,0.182446738767658,0.277423683263659,0.526495091549111,0.0173745104038611,0.299872725899755,0.0191106977467574,0.251330507250105,0.159985856027658,0.0301821595108399,0.03242514696723,0.00054758758955859,0.00457595471657,0.00547636023465684,0.127079264550995,0.00439862178853716,0.00963095008632086,0,0.000115138920055604,0,0.163196607413593,0.0109529821539075,0.0172223012137621,0.0673351032737376,0.0286648531473135,0.0991677701448827,0.226298247418009,0,0.0438849281906296,0.000590162121194512,0.00793980089930283,0.0235945769637276,0.00066610409964248,0,0,0,0.103433274907702,0,0.000895034226777759,0,0.171806342030893,0.00012797032362113,0,0.00155332462187472,0.26113994525471,0.000837130937192043,0,0,3.63922219993829e-05,3.58942775863767e-05,0.0055856891183326,0.020501273916368
0.00237266361446684,0.0312667793168456,0.0111827708103354,0.00117347733456096,0.000328918540324241,0.00736613663810349,0.0257764961214745,0.0199003534081458,0.00778690534912892,0.0426972587716925,0,0.019012242052541,0.690655238803381,0.0590545840397801,0.000266321851983779,0.000507573354506547,0.0380424357997211,1.49167022187507,0.221106365149962,0.0233393764581998,0.00772530673313307,0.0133014857551273,0.0163653856746911,0.00453556218859155,0.0628705514036466,0.686266909423904,0.0669218093109847,0.0104084447776387,0.0735033500377779,0.0217654369020861,0.0554086509343449,0.014578833427942,0.00174564716055433,0.552649962219049,0.00575458315580542,0.115582962806666,0.130870034208292,0.356595800909913,0.0599404575465184,0.00641173196607784,0.00338661543236986,0.171613415204004,0.000805909313823348,0.154327511066353,0.00395837891733001,0.000681388036597645,0.00177060096832121,0.000205413161217821,0.0906985581575579,0,0.0104205669019588,8.6139723203945e-05,4.66765145011068e-05,0,4.95090245476484e-05,0.000429519778102648,0.000334427313337183,0.00397579638516315,0.000192757691940057,0.105822085775275,0.000591892962824142,0.201886727898865,0,0.000173508805124938,0.00104107062764769,0,0.000757358534063854,6.85029305929542e-05,0.000328565992036933,0.000133304435139942,0.00297654380547747,9.30342397334572e-05,0.00206790532062419,0.0383383591664901,0.0464730602159366,0.109662485696822,0.00106090907558329,0.000116902652183175,0,0.0697806376689274,0.000208823248577428,0,0.000914997384055278,0.00762425877144492
0.00050031687812494,0.000341666081671947,0.00180613563172753,0.0881852392604745,0.0715508418854825,1.15633550329455,0.0495734591677648,0.30575979348063,0.144661209667768,0.719880067792838,0.019012242052541,0,0.00998049401200806,0.122263519061401,0.431179644925387,0,0.0052236891343673,0.0263528341422572,0.0342358359970765,1.57957114785244,0.000836089134501474,0.00183642413520995,0.00213110736560961,0.151543178577826,0.000209735164121604,0.052388932924843,0.00930827046496258,0.0908882364619125,0.0548274155057574,0.00722543332474213,0.00038403848790366,0.0515426803599241,3.80302874132037e-05,0.0601750432910672,0.619280547156314,0.112694530901466,0.00575466969688732,0.0685474628500146,0.00259084494162029,0.359235044555777,0.0377506376615162,0.022832252704161,0.0133094308017578,0.000436059924894977,0.00309961725662249,0.00176090469092885,0.0961324697094378,0.00194886509483284,0.0106171312908625,0,0.00013763762885406,8.47965505250215e-05,0.0802844935850938,0.00736485021025203,0.00828298756176095,0.0176822403087675,0.0104703065464948,0.0387933593890507,0.0566073925827871,0.000577209191381782,0.153311874485059,0.000705160203191668,0.00474697766687898,0.0170386574839104,0.000229304945979238,0,0.000530775074097383,0,0.0905964998931558,0,0.000273638656118041,0.000204060619178438,0.0625890010312095,3.68127014819384e-05,0.000685035605480575,0.000348219180749917,0.0655901717541757,0.00198222051785442,0.000119893330717349,0,0.000589906782798564,0,0.00247880180442054,0.0348173995065484
0.000230972027978092,0.204658984439047,0.00170707533832279,0.00243855092526785,0.000951749657826945,0.00276579571975223,0.0285948890185322,0.0106415373886517,0.0470854546211235,0.0482472466483638,0.690655238803381,0.00998049401200806,0,0.00922427500586321,0.000876920778504501,0.0033064071207459,0.00209774179355816,0.00622828679203282,0.000807291689878928,0.0177364614774546,0.00888869040102821,0.0917685841695237,0.0120941433514268,0.0127580573352961,0.758867694965732,0.0854755297430269,0.244585548854814,0.0172851467610238,0.00926567346729733,0.0191770794123824,0.0827019311319215,0.0164141786761862,0.000435118097589791,0.0844074040985841,0.00442796635227679,0.0807714986900101,0.108073634619172,0.1125509666279,0.0300348001598272,0.0158438892683977,0.173177893451981,0.280610278070446,0.00392742095993725,0.292673282492328,0.0123839472396948,0.0021475534608878,0.00474550477364969,0.000205358095678281,0.19852526238444,0,0.0186451566760375,0,0.00105153894656144,8.48587419318794e-05,8.83447704236271e-05,0.00421348726193664,0.000829768887798606,0.00513930985135347,0.0013957364814921,0.252785280278428,0.000457270859746098,0.458862763986899,0.000687240435014784,0.000118896828817964,0.000290825717205727,0.000256917975049782,0.00242181960426679,0.00012805379045105,0.000555711253783518,0.000174099785643554,0.00653212733058529,0.00010362974693799,0.00572426293466107,0.147202547044222,0.127784894894834,0.377252555531387,0.00952307049699216,0.000422313309405256,9.27079780776501e-05,0.201444147043475,0.000437383288195861,3.55758548288762e-05,0.00243060925498345,0.00308890389716842
0.702684691150072,0.000639052412547022,0.108422118394393,0.00880378773105641,0.00710139737949968,0.107752065776812,0.782754457374546,2.86017452613465,0.0169445154183709,0.421282304887069,0.0590545840397801,0.122263519061401,0.00922427500586321,0,0.00279274446605306,0.000618951447037429,0.184423267754439,0.0765288990858656,0.135433504709635,0.117746979591082,0.0703874893710441,0.00102448937190358,0.0788324450659466,0.0373730695477682,0.000229189645980817,0.225564330226374,0.113746689409761,0.1239612650734,2.30410237783508,1.68804882347343,0.000581968830937439,0.0535628600931061,0.0213676906866476,0.188006178048888,0.0205695960836098,0.170722060623619,0.0185683000654194,0.169694744272657,0.0348501067755168,0.0373093341222846,0.0157103619744229,0.0106583745625459,0.0129159291176287,0.000852993748687986,0.00187233371963913,0.00102241682627724,0.00450453873452679,0.000516023564711165,0.00206635390069245,3.03067090960622e-05,8.38874426791904e-05,0.000402650549195301,0.00161499610475076,0.000123008121069038,0.000145665802458608,0.0314200354518991,0.00217772080685556,0.00600660359421627,0.00746156420077794,0,0.00169038046631076,0,0.000808901529483518,0.0010793920782661,0.0061179059721856,0,0,0,0.00141544089515092,0.00125547747750875,0.00405842000151832,0.000100780110820055,0.0436574376008674,0,0.00043303462548548,0.00664526141408177,0.0694784318916342,0.00017815119661932,3.56889890789687e-05,0,0,0,0.000740415467293436,0.00358272305273418
0.000413332028833973,0.00543637749513869,0.00220487131871318,0.0388916893321447,0.208984273409445,0.220224156673592,0.032958989385131,0.0250308723915209,0.117505667105529,0.064205536758672,0.000266321851983779,0.431179644925387,0.000876920778504501,0.00279274446605306,0,0.000879465568330355,0.00141772201011572,0.000373381999890054,0.000452612661620843,0.071452045497952,0.0176315129386107,0.0146395748207582,0.0113918360896183,0.123245295653623,0.000618663695718813,0.00202830480347736,0.0155254332316753,0.0657149477789367,0.00430194866734816,0.021150149285925,0,0.00826318004626469,0.000911272181424594,0.00440377670048612,0.4174712669441,0.0258926646782682,0.00474417695446045,0.00329698198393781,0.00332266873202832,0.976994919660155,0.0197806397923353,0.00443275360678959,0.00340621239603497,0.00182488813346843,0.00129367390558471,0.00815094205835384,0.0506563984774598,0.000230642389976174,0.00253166962474354,0.000119992426475716,0,0.0011513672454212,0.0187830441078568,0.00317722396473343,0.00257449583410542,0.00420120186684803,0.0033963366769532,0.0192889066922229,0.0182570547067207,0.000163156219359273,0.0185911113594507,0.000323076064366365,0.00109948066013782,0.0105254613703967,0.000901599111969191,0.000185886505517918,0.000314783500648499,7.15565291139364e-05,0.0106524573871516,0.00126950318798761,0.000431011807662034,0.00364082908301876,0.0229719502995309,5.7036486023891e-05,0.00146062977156386,0.00438783860979957,0.0147682507074227,0.000812922788799998,0.00026781417253089,0,8.88490565919933e-05,0,0.000590964614248037,0.0510362878535934
0.000113800536457086,0.0376018439342753,0.00230718791135472,5.40296276837468e-05,0.00578186030951886,0,0.000685986948750723,0.000920399846591322,0.0453427909888019,0.000999062706863807,0.000507573354506547,0,0.0033064071207459,0.000618951447037429,0.000879465568330355,0,0.00111939249029061,0.000247944588908815,0.000553802625318324,0.000775696202816822,1.28458912781029,0.877736751844226,0.852206755266627,0.388598231240982,0.00466859314636032,0.00171290209205845,1.19833969181657,0.477255651116821,0.00110797165082814,0.00151963931206782,0.00020279982712335,6.33458862148762e-05,0.000394413601894498,0.000988075325824891,0.0304674172134861,0.393280228357012,0.253675828396331,0.0199251171520606,0.0309149038820067,0.00364464350115287,0.000994631368099306,0.001304222368293,0.0658853048604819,0.01169430265744,0.0154129507896422,0.0218695368185478,0.00306250643932788,0.000597575077890694,0.000320320323989528,0.00031623495630126,0.003054067486572,0.0149025256377119,0,0.000188421455071879,0.000142147769759774,0.0153505856520065,0.0051260285963155,0.0010433855860397,0.00104310620672667,0.000247706834168011,0.000605703026965392,0.000809100698363594,0.00492886912863095,0.00203805919622715,1.04782698105783,0.00092868278105893,0,8.61105666782498e-05,0.000139619855000639,0.0879322490488305,0.279837699576743,0.56885334697228,0.0938551154833098,0.000580965620771438,0.00194899808732913,0.443901352387393,0.190462374937323,0.00337181935077242,0.00456143754559543,0.000238262858681381,0.000360204887359374,0,0.00187566508482362,0.0197333535630372
0.0450329725161741,0.00325042971675231,1.48810496324137,0.000354913655436176,0.00351354087460588,0.00274017629644744,0.0602409146863945,0.0964155401084512,0.0014246017084841,0.0184816417532231,0.0380424357997211,0.0052236891343673,0.00209774179355816,0.184423267754439,0.00141772201011572,0.00111939249029061,0,0.0622101592442017,1.01900702547168,0.00518504764612058,0.759316057111913,0.000632328254891628,1.23492234202677,0.00297200290428165,0.000756335379021713,1.66352849743801,1.03337467832285,0.08750791675331,0.216356073415009,0.682342105081114,0.000263454216831279,0.00202206486050121,0.0277802477739618,0.352787050111574,0.0275558558047411,0.190460145313857,0.0803951871723184,0.32992833870332,0.115429798279434,0.00705950102474198,0.00501620821882483,0.00120782844649332,0.00130390892342473,0.00228999812031349,0.00127917703266985,0.00223873376452051,0.000119670283073652,0.000100549923981356,5.30007039765716e-05,0,0.0017868282985842,0.000666635931908297,0,6.76136276826024e-05,0,0.000483775705384505,0,0.000608862038566018,8.6540033461046e-05,0,5.3548116302669e-05,0.000269566967074084,0,0.000682108686577177,0.000787128966112146,0.000247166749845743,0,0.000203651859170938,4.00712042288303e-05,0.000168198268054336,0.000324578031933975,0.000196444599697745,0.0010176501808034,0.000600102281840122,0.0194448386060036,0.0937832171013736,0.00216074767061323,0,0,5.29810500881553e-05,0,0,0.000158688389401406,0.0169954265172882
0.00283166399862333,0.000200790676837814,0.00929127835676492,0.00140293059542826,0.000179180886668211,0.00889764690765987,0.0306240098382178,0.0221560925663416,0.002608837478941,0.0578383332712568,1.49167022187507,0.0263528341422572,0.00622828679203282,0.0765288990858656,0.000373381999890054,0.000247944588908815,0.0622101592442017,0,0.316190755377039,0.0231167251375614,0.00867745013066983,0.000121484018442875,0.0122857824332449,0.00384343458809572,0.000431090816382319,0.446428388561296,0.0221886168484572,0.0109983716385903,0.0815247980252897,0.0260886996116761,0.000940308966782108,0.0138422476589701,0.00246085263093456,0.346545235085895,0.00971078255509067,0.0964351350018833,0.0991593475363073,0.397793024918875,0.130623396656274,0.00406643585590212,0.00104772614774068,0.00193060252978932,0.000514795210012829,0.00121582611747629,0.000282375682482254,0.00136631072995616,8.35151294394495e-05,0,0.000482717580726027,0,0.000237435453968883,0,0,0,0,0,0,0.000687969821289879,0,0.000376419029881007,0.000319549528606403,0.00143810721509972,0,0.000113205499880576,0.000265549128529322,0,0.000109639545279765,6.08244353815198e-05,0,0,0.000368359134171975,0,0.000507183213270826,0.000230380616531092,0.00397414052951512,0.00657699589837373,0,0,0,0.00103127262894361,0,0,5.21272698929429e-05,0.00534441581838589
0.0164259749031404,0.00460920073487118,0.109416645626649,0.00259607393771102,0.00119814407960614,0.0103449448345261,0.0633428142508094,0.0393521580958888,0.00418093942536439,0.0880064389879708,0.221106365149962,0.0342358359970765,0.000807291689878928,0.135433504709635,0.000452612661620843,0.000553802625318324,1.01900702547168,0.316190755377039,0,0.0363239012870799,0.0922321056299492,0.000368107802965754,0.120015034264928,0.00692233735935842,0.000979206077748655,2.23930048693413,0.390160587844151,0.0290591859412506,0.189211530990621,0.137328540045367,0.00042879657809329,0.00651340859674806,0.0150619624964077,0.443455155372023,0.0117502904459191,0.13593278485181,0.0493834450546917,0.422107115637259,0.127641876949609,0.00335173016693373,0.00244504247488899,0.00123383006995665,0.000792848083266536,0.00171141718836638,0.000726158503761309,0.000939417766898347,0.000522081611483127,0,0.000508095333172792,0,0.0020713382938351,0.000729375675144982,0,0.000238502139441776,0,0.000490762473907668,0,0.00136173905736385,0,0,0.000432802435051918,5.01481224409103e-05,0,0.000638169962286508,0.000883406703843817,0.000125812989503074,0.00012173115142926,0.000251655486494136,0,0,0.00124576480484623,7.44923420238018e-05,0.00167235332588498,0.0011534592139228,0.0165421730984776,0.0883680227106644,0.000600226007154859,0,9.236367074039e-05,4.15659926183939e-05,0,0,8.52704473571061e-05,0.00815885472538093
0.000806768798266463,3.68597526420236e-05,0.00331536179037876,1.87807108727036,0.0160981932785094,0.131541945963102,0.0447656458702514,0.256592781167874,0.0865786013738241,1.28673994061801,0.0233393764581998,1.57957114785244,0.0177364614774546,0.117746979591082,0.071452045497952,0.000775696202816822,0.00518504764612058,0.0231167251375614,0.0363239012870799,0,0.0015255990338657,0.000154286080549621,0.003166696213243,0.56022209201799,0.000248352202735663,0.0550101417868556,0.0104905736571097,0.381378344413256,0.0659617887158253,0.0107055894931877,0.000330317522671616,0.051965305603727,0.000522932563988471,0.0565757278162126,0.0329003047446381,0.233710711969542,0.0109933261469106,0.0835067901733126,0.00674092120050898,0.154332304156169,0.0502658477287171,0.0141634749517125,0.0148689836160357,0.000277961611951089,0.00331305382901981,0.00140608878515516,0.0809785869387212,0.00357524235365157,0.0047473220230844,0,6.67937175699591e-05,0,0.122432155634712,0.00573296527351155,0.00867861117835271,0.0311625347350595,0.0159964693167978,0.0610110845347646,0.121458574092001,3.55755571773112e-05,0.0375608387705162,0.000341615734131843,0.0050441650621084,0.0149887980535393,0.000430864239124167,0,0,0,0.0682164906827086,0,0.000334998679950428,0,0.100335481069009,0,0.000102508322453767,0.000108359170417232,0.125392226565156,0.00139507412679371,0,0,0.00013335097984811,0,0.00286211789197576,0.00804625763196315
0.0136006028276744,0.0040471125139914,0.811987097108689,0.000220625710665536,0.0844975087227798,0.00177421025565883,0.116769074790444,0.0504433442096212,0.0121140404966954,0.00564432037923783,0.00772530673313307,0.000836089134501474,0.00888869040102821,0.0703874893710441,0.0176315129386107,1.28458912781029,0.759316057111913,0.00867745013066983,0.0922321056299492,0.0015255990338657,0,0.0586561091377698,5.562367878906,0.046709950576596,0.000683567625723392,0.330471919033181,0.420344239528934,0.965069890206309,0.0752778916884715,1.53984733742767,0.000160970792708802,0.00124541850724179,0.0126317482539278,0.489319232745063,0.399890484283302,1.78617383020846,0.263962263811621,1.08260440876023,0.479801471034772,0.0376701919305647,0.0206965917516236,0.00827930618610195,0.0269291367002995,0.00612311728910614,0.00402168384979933,0.0119749398881861,0.00288224986211629,0.00116326786144481,0.000174001231877589,0.000136391366193652,0.00113402533665998,0.00416280579231672,2.94640686217367e-05,0.0021684517149911,0.000345428697327339,0.0109836603188292,0.00280150737699703,0.00030860905656563,0.000737997112744331,0,0.000537977500064563,0.000277942837689686,0.0029361066475345,0.00533374867933308,0.292844077083913,0.000253421506540453,0,0,7.54006502087114e-05,0.046441219797177,0.0494063714910105,0.0647420250946289,0.0478721238555082,0.000166581418089009,0.00258068441663763,0.0988486747592619,0.121702443646618,0.00167202189530983,0.00346989727406326,0,0.000130194993631304,0,0.000693785246495819,0.129451371890228
3.57396320493579e-05,0.146528002274774,0.00122671370083226,0.000246524164542353,0.000349591421103322,9.83490883091924e-05,0.000589180959457129,0.000827055129620131,0.871785004171763,0.000336048803557133,0.0133014857551273,0.00183642413520995,0.0917685841695237,0.00102448937190358,0.0146395748207582,0.877736751844226,0.000632328254891628,0.000121484018442875,0.000368107802965754,0.000154286080549621,0.0586561091377698,0,0.113847859086504,1.21691550352572,0.087871526543561,0.00493571746252098,1.46590534036645,0.26075363172038,0.000555573318938469,0.0017217832795165,0.00423842869272948,0,0,0.00236918004715371,0.00120793548999274,0.0197756827076131,0.0103821968430628,0.00408028630958372,0.00271738331465129,0.00261664624335903,0.000269406197467178,0.00329867491053337,0.0326598259633485,0.0108901974430718,0.00998849896212667,0.0126351578725972,0.000837969970307103,0.000291945273593187,0.00141540637201193,8.90872555888654e-05,0.00960130681146548,0.0117072633728403,0.000343066861035114,0,0.000186764637609458,0.00563568978329966,0.000998724048242446,0.0030893455432313,0.000660044795625848,0.00545674406580194,0.000378557165473116,0.0100093571532178,0.00112929579101032,0.001170691491393,0.211387695794654,0.00123481159820529,0.000150310712884891,2.79939830907941e-05,0.000360234023893547,0.0198614223338028,0.202063947754844,0.11795239797453,0.0329393722944449,0.00534032467092619,0.00844862367290912,0.417237368950148,0.0519645217805347,0.000638899490723545,0.00143512834933437,0.00550218106144975,0,0,0.00073742312724157,0.00483504052572999
0.0163287917182328,0.00919778851466421,2.10434659123224,0.000517331432360422,0.100906359282683,0.00188008900673307,0.0795866153541391,0.0658923704711293,0.0125879574691289,0.0108396791353777,0.0163653856746911,0.00213110736560961,0.0120941433514268,0.0788324450659466,0.0113918360896183,0.852206755266627,1.23492234202677,0.0122857824332449,0.120015034264928,0.003166696213243,5.562367878906,0.113847859086504,0,0.0627760055848655,0.00120253365607903,0.789076072657093,2.2426817150842,0.704402068468952,0.0571549782775936,0.52814187250063,0.00017738744269486,0.00135400340860936,0.00836180347380185,0.390299353043772,0.505551986957032,4.0648188402426,1.84632585697252,1.76970232938516,1.27493268537789,0.0512452731623416,0.022105942560255,0.0133322665520855,0.062551702044815,0.0216601699449273,0.0213759666329673,0.0599125924398915,0.00288688509220287,0.00172668763992863,0,0.000181064427993285,0.00364777650600332,0.0485072672789108,0,0.00450215658240461,0.000733803082243287,0.00703640657077859,0.0016817342458867,0.00114794104267275,0.000252307641073215,4.3077947062397e-05,0.000681755751787091,7.20922752757073e-05,0.00274653886298327,0.0118465930664331,0.575021247851874,0.00225131859041973,0,0.000222962808558655,0.000151247222444952,0.0479140596957452,0.132751358078076,0.405782264556973,0.0305883528355757,0.000151673783793068,0.00723012631700257,0.738635238683063,0.0731464443781191,0.0011723267468872,0.00265632443201539,0,0,4.60827218415856e-05,0.00175220887375744,0.444090366315684
0.00361340041133101,0.0854743342366217,0.0041338281441056,0.669937664444533,0.00889592994014721,0.00636812784879319,0.227920906588958,0.0447882506607349,2.83255833583233,0.15431908516584,0.00453556218859155,0.151543178577826,0.0127580573352961,0.0373730695477682,0.123245295653623,0.388598231240982,0.00297200290428165,0.00384343458809572,0.00692233735935842,0.56022209201799,0.046709950576596,1.21691550352572,0.0627760055848655,0,0.0143984055367058,0.0113934426350641,0.221057951982962,1.33489683500941,0.0377791393448833,0.101704250505293,0.000479414927811169,0.0102461379314544,0.00416811490998919,0.0196279879788101,0.0531509347966666,0.247919563402562,0.0177522097530725,0.0402657397380366,0.0118351548032477,0.0816265409234161,0.0145899284344558,0.0082325777802709,0.171717147836205,0.00592856131302287,0.0448821077671051,0.0119374512888597,0.121408725722456,0.0184447079097754,0.00945046521702272,0.000591897081077886,0.00215373575941794,0.00372402394159546,0.182796629155325,0.0109257655323045,0.0227277379580433,0.318735149739466,0.112337721452123,0.290555763969109,0.283154349800789,0.00412918156549778,0.064255578154146,0.00605171542329946,0.0598656074850667,0.0314796189978973,0.211402929921619,0.000120774152779376,0.000657106888048625,0.000278634260062552,0.094938576055308,0.0372199200252857,0.172369079629751,0.0324308984484388,0.949036938181435,0.000963751439842198,0.00128734884092479,0.0575918071808644,1.18091175828563,0.027158297049814,0.00251991193922446,0,0.00805421665488958,0.00067729469895553,0.0330058860262922,0.0175260874686657
9.0654057886934e-05,0.423048144327747,0.000228613070465183,0,0,7.65291805687307e-05,0.000159077124566674,0.000184994039504367,0.0678517522377062,0.000237092817034435,0.0628705514036466,0.000209735164121604,0.758867694965732,0.000229189645980817,0.000618663695718813,0.00466859314636032,0.000756335379021713,0.000431090816382319,0.000979206077748655,0.000248352202735663,0.000683567625723392,0.087871526543561,0.00120253365607903,0.0143984055367058,0,0.0499223194366752,1.00301669978981,0.00236602809033943,0.000162250025833243,0.000212425565537346,0.0573072201604965,0,3.93837579477668e-05,0.0259319429698256,0.000762024715470638,0.0204391582174078,0.0261916130912206,0.00906102105461169,0.00301566024788571,0.0011268395391974,0,0.0480048867624937,0.00261449374274699,0.0249489886636543,0.00230557502637478,0.00224978413662721,0.00098813700189471,7.93667551344393e-05,0.0329816392209585,0,0.00927630445501269,0,3.97297045899153e-05,0,5.82087933767795e-05,3.66901290116966e-05,0.000193161676194835,0.00102873801702425,0.000255400722852176,0.030428007859725,8.11309048627138e-05,0.0696048944534779,0.000491384108094925,7.1242280142188e-05,0.000323467111884463,0,0.000588015491426397,0.000253893701871801,0,5.16543015560389e-05,0.00181263037110722,2.77594381000757e-05,0.000356276102164578,0.141569400247068,0.104568573695493,0.294428187585035,0.000396547472628361,0.000171389810305488,0,0.0274893190048974,7.14161530817986e-05,0,0.00046901761212337,0.00177348892374623
0.0315910949311632,0.0325852533775725,3.01329212163616,0.00319265763819607,0.00260910395705783,0.0161256564444595,0.115905206779417,0.094540741451793,0.011159146392203,0.125600957626157,0.686266909423904,0.052388932924843,0.0854755297430269,0.225564330226374,0.00202830480347736,0.00171290209205845,1.66352849743801,0.446428388561296,2.23930048693413,0.0550101417868556,0.330471919033181,0.00493571746252098,0.789076072657093,0.0113934426350641,0.0499223194366752,0,2.49579648128459,0.0667574932289957,0.261251418035979,0.324257096801793,0.067279057314369,0.0175351408053498,0.0245907039576392,0.569439628404552,0.101907587913356,1.26733445171994,1.02942513312088,1.428652566792,0.959000821348027,0.0105420065059013,0.00896734477823109,0.00923312719228512,0.0161365661295548,0.114809747889491,0.0240094997402617,0.0284828947250658,0.0014843029467997,0.00044712197649368,0.00776041492182118,0,0.0218410168162819,0.00505505450467601,0,0.00211530938662283,0,0.000227404556242811,0.000117226754754496,0.00136413010571378,0,0.0513841699506097,0.000218865883548796,0.0825619335393143,0.000577066780656856,0.00374162564464098,0.00135831727496327,0.00359268363138864,0.010731299558058,0.00326680501760491,0,0.000361414305642843,0.00202054988289467,0.00126295626629026,0.000839398817768595,0.11527108531823,0.831863756834742,2.03215016214515,0.000292281728704459,0.000613862962476933,0.000189769656729483,0.171064461153864,0.000196381364289129,0,0.00554548440849171,0.0929705173224553
0.0233336582539916,2.40448894987562,2.1443531944293,0.000362161582109767,0.0120710368470176,0.00410448253858548,0.06042434799436,0.051784305612855,0.510073374271728,0.0289953898459372,0.0669218093109847,0.00930827046496258,0.244585548854814,0.113746689409761,0.0155254332316753,1.19833969181657,1.03337467832285,0.0221886168484572,0.390160587844151,0.0104905736571097,0.420344239528934,1.46590534036645,2.2426817150842,0.221057951982962,1.00301669978981,2.49579648128459,0,0.287752669700555,0.154220313427857,0.226222260858465,0.0691660867514961,0.00201025374874747,0.019674351761474,0.247022678647128,0.305977899262039,3.84655109310923,1.87239264760089,1.3398956451544,1.14247221712095,0.0158247812329687,0.013880206663276,0.0101188732797196,0.266730938199625,0.361580016676666,0.138558296678133,0.179983009494279,0.00420813022014091,0.00243042618372196,0.0115645016945062,0.000560041588709843,0.465269357043131,0.341789299575174,0.000383966864940494,0.00341627688174101,0.000651527116252291,0.00812419685685536,0.00135265813682052,0.0108652617631736,0.000535440804584259,0.0476435957667861,0.000453248514223534,0.101727595193151,0.00453899661896236,0.0144502187375506,0.188968154133754,0.0664646834408701,0.0116462234977002,0.0241594028726389,7.54373835216344e-05,0.0422030896800652,0.351147134729969,0.619425656981189,0.0177599622791151,0.343625742646799,2.31816749414254,14.9089643880437,0.0380504656059668,0.00276471713932314,0.00933666866332128,0.150620517147989,0.000449822968974066,0.000469454831174541,0.0263490804250509,0.346947709809646
