0,0,0.00525608401027072,0.00163151348346781,7.7594959678182e-05,0.00162611806919365,0.947811305189414,0.0695094466616866,0.000526046623530802,0.00742154505783023,8.38764988113287e-05,0.00011216505219495,0,1.1860898325073,5.84804384126544e-05,0.00130754368468835,0.0301164708779834,0,0,0.000800316102657428,0.0526941408301338,0.00054823898202484,0.0662842457560169,0.0134023779585684,0.000149474380637097,0.00020916436269612,0.00644707623328325,0.0291337470823438,0.283455196465427,0.567664991046379,0,0.000168925377121425,0.00162135949578602,0.0291557107307626,0.00252345789483138,0.00886947047725548,0.000481263678128197,0.00989618547320053,0.00314266818406803,0.000207949908980137,0.000471620874649608,0.000340004470413566,0.00306738337586224,0,0.000393266281245724,0.000179491798557079,0.000150390498039544,0.000128831296650446,0.000227406841085565,0,0,7.79340568257809e-05,0,0,0,0.000271328028151989,0.000137746454418433,0.000233917661119687,5.84954685469329e-05,0,0.000104772990765167,0.000129894503291023,0,0.000124266441211009,7.62109803665578e-05,0,0,0,0,0,0,0.000185924916134861,0.00258537292452073,0,0,0.000147907386341536,0.0019520288233293,0.000150097112914431,0,0,0,0.000149659289505029,3.32517146376997e-05,0.000572351683257687
0,0,0.0172117979269478,0.000190112709671688,6.57003982743144e-05,0,0.000121582848710006,0.000135213680873466,0.34504293337568,8.13569389167578e-05,0.0358526633890585,0.000185986398430199,0.0218249930912343,0.000381365474620306,0.00129770493315083,0.0144462393699146,0.0345770568990405,0.0003067646149243,0.00377751280011495,0.000172606400680196,0.000191839844799292,1.25133527023273,0.00145987764633146,0.219913321213557,0.306380159767815,0.127305489803852,4.56462652689468,0.00381730897722926,0.000536383747134206,0.000154363629621577,0.00213293706812629,0,6.2078513238734e-05,0.00207001746480008,0.00031923725599705,0.00357879679223965,0.0093149954953237,0.00149320828247726,6.25791831204504e-05,0.00172959118796282,0,0.00202859344722703,0.00251165434144688,0.0090943900488058,0.00278536750484866,0.000849449461651246,0.000409200847928524,0,0.00294343831442941,0,0.344797167036911,0.209210582044898,0,0,0,0.00200556678083033,9.62598298296692e-05,0,0,0.0138073048521227,0,0.0257897850554777,8.5450405904406e-05,0,0.000993265787664868,0.00827067844886721,0.000646099813824347,0.00347234634028761,0,0.00064973491009157,0.00388861284853546,0.00906156163538147,0.00103983968458755,0.0143388211238915,0.104157861568574,0.657816788023892,0.000733245857848218,4.11401236366868e-05,0.00021491067037872,0.000374747523155952,0,0,0.00250664997188934,0.000192004034624702
0.00525608401027072,0.0172117979269478,0,0.000963004779498176,0.000753135986287594,0.00132121398849025,0.0427584579877894,0.0390775839986876,0.024139882655027,0.00110210121764772,0.000496953266199777,5.34235480415136e-05,0.000107099444636178,0.0534740639575919,0.000503533533484527,0.447592167672586,0.134927043712656,0.000137603259373444,0.00121235859169722,0.000253798426564247,0.182406933723366,0.0807208867839798,2.36399850004699,0.0843287464366972,0.000307548503910148,0.0238946451162424,2.19785692077429,0.102220385078957,0.0126949001363828,0.0362593034252514,0,0.000106833860663849,0.000463512564675737,0.192331404499145,0.0540350478549341,1.73562508342231,1.2223009965579,0.330645828994999,0.0420930671804439,0.00442368901510625,0.0132866448204627,0.00368795023509581,0.036001125823698,0.0101054981707928,0.0325689909605014,0.0139552909447033,0.000453483614456373,0.000787673164406669,0.000960656443164209,0.00020864380098558,0.00567312015379001,0.585671718736873,0,0.000345371142639828,3.40056836426944e-05,0.0054338549987406,0.000133976645674762,0.00034426079933095,2.74125945456147e-05,0.00040728845321373,0,0.000219762878572029,0.000324352157752249,0.000138253192952692,0.0158236931990209,0.00979910626401478,0,0.00142334071537726,3.12626212492704e-05,0.0101668672515348,0.0102661015846058,0.130104283018473,0.00223457214950091,0,0.00156976407792471,0.47713918909578,0.0109516908268062,0.00028078187376928,0.00250074402163792,0,3.62543697510213e-05,0,0.0287002061074653,0.0354921506390473
0.00163151348346781,0.000190112709671688,0.000963004779498176,0,0.001416822380276,0.0211742780562663,0.0164556437184493,0.060375384452515,0.415180317271487,0.222066196623135,0.00103636308439998,0.128561703630464,0.000240904724043882,0.0770490762742391,0.00975853371056301,0.00100350831865621,0.00131789342692879,0.000156883223378697,0.00119574784795964,2.13691297701302,0.00395509611024414,0.00013332802064116,0.00485558762491114,0.337779339003666,0.000166083358684614,0.00158677968955518,0.00048612934668476,0.212518663713867,0.130708212319668,0.00562900993871844,0,0.000761104381046229,0.00701010972187645,0.0748772455530063,0.0387445679759347,0.0967604867335636,0.00217384687805425,0.0436788147128972,0.00945224827731433,0.0233872435387593,0.0107126537456998,0.00312973874446464,0.0138025616039373,5.46028693628401e-05,0.00347000528198294,0.000756895416159975,0.0314829631193814,0.00123603837959027,0.000508894507127533,0.000141515027179062,0,0,0.0471535407897768,0.000208111351101565,0.0031216833955175,0.0339638861526489,0.0046057947557384,0.0673663002551233,0.0594678764217624,6.33250904200137e-05,0.0333374245323176,0.000300424375062346,0.00179898106817691,0.0035520753057142,0,0.000173302426026231,0,0,0.0355016194132112,0,0.000153367896528768,0,0.159589719337211,0,0,0,0.0819195024391262,0.000996321062760688,2.92413052266508e-05,0,0.000176271073465276,0,0.0122049176307087,0.00703499833020858
7.7594959678182e-05,6.57003982743144e-05,0.000753135986287594,0.001416822380276,0,0.195973295260232,0.0019059089554645,0.0330547263756873,0.0136676431295103,0.00555848244374971,0.00027991188925243,0.0204303008373434,0,0.00310148235808387,0.336837556760466,0.0140392020462023,0.00096989246067837,0,4.27148531059563e-05,0.00386677132539979,0.0183982201716009,0,0.0203524702281863,0.018267056808362,0,0.000184246738996946,0.000817224388148016,0.0149879201049866,0.00520840654496773,0.00980124135820229,0,0.0859038111996241,0.000538981776229978,0.26827804728673,0.268959527661739,0.0288891246059691,0.00686061573482344,0.00444729289042056,0.00288010796080177,0.537346031275122,0.444405673551964,0.000452339481161034,0.00365686610818017,0.00849787087229213,0.00803263987032638,0.0155356130340578,0.000673172832309168,0.000747806146839702,0.000254348598655191,0.000247867850983393,0.000117022240601725,0.00135668607530776,5.99222090017676e-05,0,0.000129572010886234,0.00279750177077174,0.00035702425681259,0.000699674887097919,0.000569039106001541,0.000281467171943521,2.41297026512325e-05,0,0.000678090027571642,0.000254447854624012,0.00301791947968948,0.00105767972835012,0.000111076059223259,0.00144545115310884,4.30359910087824e-05,0.00351838202343666,0.000364882786949533,0.00484892447661878,0.00325144391437689,0,0.00157265358858658,0.00473607012321254,0.00529043057126358,0.000353886146665495,0.00226595986142518,0,0,7.34339127176106e-05,0.000563909761869165,0.0983389860297173
0.00162611806919365,0,0.00132121398849025,0.0211742780562663,0.195973295260232,0,0.0273559137626066,2.36673516974263,0.0314013931898685,1.19867250552265,0.0393911582936197,0.145109395987394,0.00999459791866807,0.585834286583673,0.476036906752195,0.00107348834811917,0.00397000209474278,0.006730215416962,0.0128027992789778,0.292476057620693,0.00693956643244732,0.000124550927741977,0.00879285830308264,0.0260876694853909,0.00267459996730995,0.0162619125728845,0.00165171915281441,0.0640615277457112,0.441699453320465,0.0163175115478283,0.000163609433412417,0.126019130096902,0.000325859656758477,0.305297835301955,0.524510003588615,0.248889887465463,0.0216975856954221,0.155378098052502,0.036118158815659,0.539572860262981,0.185426201024421,0.0199372395632206,0.00462648178363873,0.000569311053714341,0.00241169542480727,0.00174664409193483,0.00740611588001723,0.000459546931229567,0.00152966105532201,0,0,0.000139371905148697,0.00538571415347868,0,0.000614844422229302,0.00584238949700984,0.000908920880306073,0.0100716385121367,0.0102702793765969,0.000549463101079828,0.00685258638263898,0.00195658176398897,0.000385935428792131,0.000816961115294659,0.000140633780945894,0,0,0,0.00619208933041566,0.000117235073978868,4.14253817500234e-05,0.000382443783957767,0.0295858940718446,0.000198501270939141,2.01613928543106e-05,0.000625318473887363,0.0158735621638431,0.000673055215582493,0.000104102376843452,0,8.27274264213325e-05,0.000243004385911274,0.00514985646580416,0.0380066049271325
0.947811305189414,0.000121582848710006,0.0427584579877894,0.0164556437184493,0.0019059089554645,0.0273559137626066,0,0.613297736604496,0.0323097588743326,0.794895533427848,0.00103243968118063,0.00252198946715989,0.000487634679697225,2.50954036948394,0.00658727525296168,0.00414552342476544,0.044968516415192,0.000110613078358653,0.00163715461407302,0.00762039394113868,0.37659213190468,0.00094468352230708,0.237225257088441,0.395904883079982,9.58282951793786e-05,0.00283170900309709,0.0128539890863888,3.14562580499761,0.246369413428402,1.46245872775597,0,0.001183729390745,0.0196790180153348,0.100911774480888,0.0389445801575318,0.114233060103707,0.00926390028052467,0.0660296049912883,0.0194127050573059,0.0134715242110451,0.0068890623585861,0.00198206531312066,0.00759090089204725,0.000461761858795229,0.00286748874084788,0.000935568345718016,0.00403476104159044,0.000815643492066681,0.000196491938630761,0,0,0.00011807390011307,0.00340919278302864,2.43610104676455e-05,0.00074528590969415,0.0079439676557286,0.00208324819643379,0.0117025223577859,0.00752467778783742,0,0.00135647971209624,6.67059756938874e-05,0.000718141397693235,0.000949789104605028,0.000380332821674001,0,0,0,0.00181856019329065,0.000360903064264199,0.000417074001849157,0.00089298174701665,0.0328101317790749,0,0,0.000845964427270208,0.0249753492978297,0.00114055917342922,0.000353797939562684,0,0.000119650095346963,0,0.00560343585322431,0.00916577146534935
0.0695094466616866,0.000135213680873466,0.0390775839986876,0.060375384452515,0.0330547263756873,2.36673516974263,0.613297736604496,0,0.0403876780352121,1.02230570787865,0.0140761165711849,0.126960129483925,0.00304778757344309,1.27915681877071,0.0823865890616154,0.0104264521878837,0.105023123185003,0.000849499280717182,0.0017615908493613,0.221444781926701,0.237224151494354,0.00100691855066636,0.293777111465615,0.172002391621814,0.00141165655892201,0.00247954148722188,0.0414401144223677,0.425394168332147,0.179746991857021,0.526096659446457,0,0.0494276449957655,0.00524198830940554,0.255964389537021,0.0155590451960138,0.206590048968105,0.0100007664246124,0.0604623922284947,0.017723987264937,0.78927113514624,0.502933702568856,0.00803380412039462,0.0153573741135348,0.000239844734345466,0.00331564243845624,0.0021275149895135,0.0232780724873776,0.00142991165111099,0.00149186442182064,0,0,0.000260979321138051,0.0125573493131666,0.000146640361018127,0.00133393068662914,0.029865113880738,0.00282033014170922,0.0219012015053034,0.0278104431190939,0.000251478043764532,0.00994083793410776,0.00046965828354333,0.00181242821294296,0.0027388040472661,0.000234869629286581,2.04542639943033e-05,0,0,0.00894996841037758,0.00010095615177835,0.000214238515711024,0.000256707720211038,0.0966854217622357,0,3.2429028845635e-05,0.000717672359060476,0.0700275239132823,0.00150508673498279,0.000116670423229444,0,0,0.000381472601213032,0.0116976204321143,0.00447613062541557
0.000526046623530802,0.34504293337568,0.024139882655027,0.415180317271487,0.0136676431295103,0.0314013931898685,0.0323097588743326,0.0403876780352121,0,0.120879549273616,0.000541807514036947,0.368205380087373,0.000346838994647983,0.0131385133293527,0.373602299813064,0.00670954666516316,0.0144352547484168,3.62321922001362e-05,0.00120703668817957,0.189983164141315,0.0018471595008683,0.928541752561077,0.00703656451180296,2.51810566739741,0.00175531028256707,0.00405868510060932,0.392849361661936,0.356734694784989,0.0398134784835362,0.00372370817987751,0,0.000801347877596212,0.00375303950143459,0.0469650794042416,0.0207668770088675,0.0868251033969999,0.00303261979999637,0.0252030326290472,0.0061655430209034,0.28743479079356,0.00675247246985603,0.00171397774829845,0.0457421323768237,0.0012825264543011,0.0217969730122335,0.00772837003758574,0.0271036864337532,0.00522408324833938,8.40816865086437e-05,0.000667990367512322,0.000882517752535669,0.00283972340254739,0.0548584419571938,0.000467242717955696,0.00573711629834488,0.0580107905611949,0.013547509641438,0.611822723292461,0.0935723680269161,0.00200176326917533,0.0549010133395169,0.000175198409498495,0.00862125736614062,0.0164087757228692,0.000333149147317761,0.000280683923927352,0.000203982176055926,0.0010598594050022,0.0415144573353057,0.000214679079568148,0.0238304190038606,0.000137871039573956,0.823257531348563,0.000200190015611118,0.00166517298059638,0.00285579914824414,0.287629008733826,0.0155106801504427,0.000688487068536866,0.000108850922099054,0.000593264209128508,0.00116305442033089,0.0236951274850805,0.019659691706803
0.00742154505783023,8.13569389167578e-05,0.00110210121764772,0.222066196623135,0.00555848244374971,1.19867250552265,0.794895533427848,1.02230570787865,0.120879549273616,0,0.00800337052569972,0.431549017562474,0.00217874241579785,0.465331519425774,0.00727910804535272,0.00152156276140641,0.00309980204276786,0.00146365060671095,0.00515660839686265,1.70932028939476,0.00493235558615975,0.000110714726474691,0.00841697201384535,0.0562062418647037,0.000636995582094893,0.00677080726239174,0.000876370628372284,1.28268068801463,0.260120760500429,0.016147507099462,3.17004857774824e-05,0.00698115206750143,0.0024729508120408,0.16451471536757,0.0609729032031021,0.233016358488126,0.00917101777798248,0.0860628178043767,0.0194690245547311,0.0449631994132783,0.0330135869607454,0.00860317349267474,0.00815981342104979,0.000157761881545615,0.00218605177278905,0.00109602391080426,0.0188153742027473,0.00107238566016514,0.00120278659480872,0,0,0,0.0262816870790957,0.000176585414670754,0.00157174312139233,0.0197457433071942,0.0022950021129134,0.0393664363398229,0.0420082579280435,0,0.0242637168311241,0.000506940444546113,0.000336471793844747,0.00179561490101812,3.09783451498568e-05,0,0,0,0.02185759033713,0,0,3.53463672665834e-05,0.091839018603945,0,0,0,0.0508320272164096,0.000429165246613017,0,0,0,0,0.00625929969845291,0.00870525233549861
8.38764988113287e-05,0.0358526633890585,0.000496953266199777,0.00103636308439998,0.00027991188925243,0.0393911582936197,0.00103243968118063,0.0140761165711849,0.000541807514036947,0.00800337052569972,0,0.0111436240258157,1.42301907464218,0.015453596355935,0.000873254378919368,0.00126011458425149,0.00172436176790418,0.83608698550401,0.786776242427956,0.00454691464975288,0.000938236296140109,0.0012852076691674,0.00350408867291948,0.00547803442644372,1.15527923357288,0.985749443520499,0.281035358077165,0.00454061000910501,0.0321706094316188,0.00247932776858095,0.0665430283337781,0.0048098978210945,0.000241924683371794,1.72811458129812,0.00767212187403889,0.189249689863643,0.755807738997447,0.595698755187669,0.0727567665360316,0.0120726173142441,0.0026085644483188,0.48395500706066,0.00186148617213377,0.111870922275165,0.00336710967931309,0.000700015466941416,0.000409305006710699,0,0.0487772017682226,0,0.00901396725668014,6.49395261468172e-05,0,0,0,0.000175152750688586,0,0.000714691123218817,0.000142735764816651,0.270258381918831,0.000178387860107482,0.562307223768326,0,0,0.000342498730146477,0.000352822874718574,0.00331010623216871,0.0107094642019688,7.25659188348949e-05,0,0.000100253220891058,5.76917844824016e-05,0.00174076031197803,0.150191573106997,0.0399554101736597,0.297281410060942,0.000207045370150718,3.57288907146066e-05,0,0.0162986261720135,0,0,0.00109791117950764,0.00846830345378669
0.00011216505219495,0.000185986398430199,5.34235480415136e-05,0.128561703630464,0.0204303008373434,0.145109395987394,0.00252198946715989,0.126960129483925,0.368205380087373,0.431549017562474,0.0111436240258157,0,0.00212548469265912,0.121225917638091,0.699417406636757,0.000246962586527922,0.000806218170809474,0.00248526736369362,0.00471858833312533,0.906135137115593,0.000413057160972539,0.000258077167651606,0.00131412371735401,0.0481929627423308,0.000822360888162637,0.00699253897003533,0.00138102850007347,0.0158644320877325,0.177903220741981,0.00228961950835781,0.000115708574454483,0.00882052285676207,0,0.130775319034442,0.0458892466526817,0.112890654500264,0.00660657421869446,0.0688361101184652,0.0147495959950133,0.537589982501443,0.0324564830487879,0.00730295331952306,0.00377236050443056,0.000161539672175851,0.00118300750408649,0.000571033905229488,0.0198920874386331,0.000251304161993828,0.0012794276150359,0,0,0.000125752291163993,0.0221204872581403,0,0.00145799244082481,0.00688205984224577,0.00198968766649038,0.0288411661710028,0.0303086879152979,0.000635910173715895,0.0523111683018224,0.0010571686336408,0.00133921495917976,0.00102919969192654,0,0,0,3.81425696745068e-05,0.0264580055141734,0,0,0,0.0358878497581994,0,2.5006263758862e-05,0.000144558965577203,0.0201745286353567,0.00066306055845032,0.000126840575440908,0,4.53904008328021e-05,0.000213353970298075,0.00305720891101328,0.02810605728278
0,0.0218249930912343,0.000107099444636178,0.000240904724043882,0,0.00999459791866807,0.000487634679697225,0.00304778757344309,0.000346838994647983,0.00217874241579785,1.42301907464218,0.00212548469265912,0,0.00382933213166321,0.000193773541476202,0.000276558118205344,0.000153571918386895,0.0284336038520047,0.00362679286059179,0.000989600265897311,6.0691084784612e-05,0.000334701762123737,0.000457437454060453,0.00107848395695152,0.872975482640521,0.385066592310026,0.455594658402096,0.00124343449243218,0.00761201549388901,0.000637863546952566,0.807769980533346,0.00102565943256549,0.000154640480147732,0.10498083341936,0.000898011344173247,0.0110541300227835,0.1948572034547,0.150404015613575,0.0099115200995202,0.00362206877860914,0.000553582141548282,0.206662608760237,0.000210845660026056,0.0685675233531541,0.00140526857770338,0.00023142722059856,0.000179259627245665,0,0.0223176589185091,4.25262048451066e-05,0.00581239467992261,0,0,0,4.41067876978576e-05,6.69764794108451e-05,0,9.1035752797526e-05,2.96705178735763e-05,0.160394895983086,6.45453805882037e-05,0.405553006881434,0,0,0,9.76643443585487e-05,0.00189058575170818,0.00446439836358124,7.66778384930313e-05,0,0,0,0.000367216985669267,0.127985222438373,0.0213586124146089,0.171564646439737,0.000351112445921427,0,0,0.00815400712102399,0,0,0.000519235597486683,0.000324070602750528
1.1860898325073,0.000381365474620306,0.0534740639575919,0.0770490762742391,0.00310148235808387,0.585834286583673,2.50954036948394,1.27915681877071,0.0131385133293527,0.465331519425774,0.015453596355935,0.121225917638091,0.00382933213166321,0,0.0119553032062851,0.0154979052546757,0.30012242700077,0.00181540979345699,0.00197466168763038,0.123078069983157,0.370351021104389,0.00325700834993658,0.639074757747766,0.234942144594209,0.00206760053987298,0.00498117144747477,0.079640735771319,0.479015090598588,1.29400941277479,1.77103052895731,0.000167201620992467,0.160651726227676,0.00851636946886205,0.403744589943815,0.0166039911292659,0.175517437768142,0.0139105379168628,0.104628269368198,0.0262654496699616,0.253666399317796,0.0533739429191611,0.00917825600427058,0.0147769041187575,0.000488250777333695,0.00441158677468895,0.00234021705736697,0.00855563333033319,0.000961255244294364,0.00149363765718067,0.000440723707704878,0,0.000682112632337862,0.0014733400437571,0,6.95229334256351e-05,0.00897134808462526,0.000293785641667878,0.00956393464851561,0.00347566264726166,0.000120928984656313,0.00271565082805791,0.00090874066623869,0.000445148456847551,0.00120442588080904,0.000604367261263611,0,0,0,0.00121540710637699,8.35817809530345e-05,0.000911363175538689,0.000586881263754675,0.0456719113342958,0,0,0.00178054258609721,0.0402849683161678,0.00153955205435399,0.000233588546167802,0,0,0.000415128083210787,0.00697463951443042,0.00470032781083474
5.84804384126544e-05,0.00129770493315083,0.000503533533484527,0.00975853371056301,0.336837556760466,0.476036906752195,0.00658727525296168,0.0823865890616154,0.373602299813064,0.00727910804535272,0.000873254378919368,0.699417406636757,0.000193773541476202,0.0119553032062851,0,0.00105086547810758,0.00110144591201694,9.85033978555801e-05,0.00019055833114239,0.0386244897297735,0.00214772172794914,0.00280315178666793,0.00157726216783312,0.14220697762688,0,0.000536219337202227,0.00347411346224815,0.0350851267950483,0.0155257559386936,0.00257472975119885,0,0.00160530642953151,0.000633033080934513,0.00964993415742194,0.517514386628971,0.0162723026635616,0.00114683397149635,0.00752307934007128,0.00260940852556686,1.09803043865019,0.0240085808338718,0.00110783437214876,0.00422749833343388,0.00116871740437401,0.00200977026482115,0.00100722627416224,0.00380285324611428,8.28480351460935e-05,0.000311227853691495,0.000281757228863811,0,0.000247310628225982,0.00118389679993132,7.64567208851337e-05,9.03584026473017e-05,0.00215163481155666,0.00074216902410906,0.00353309536631243,0.00323183075256383,4.39252554098189e-05,0.00175175444159594,0,0.000498798845267755,0.000521823313017511,0.000121156282179416,0,0,7.48344629094958e-05,0.0021784387219453,0.000269091653499001,0.000134073345021129,0.00030674801018149,0.00909685243783318,0,0,0.000252551000400487,0.00779118234016899,0.00019477707263031,5.56816551947415e-05,0,4.73503796852946e-05,0,0.00228363131806847,0.041547909269521
0.00130754368468835,0.0144462393699146,0.447592167672586,0.00100350831865621,0.0140392020462023,0.00107348834811917,0.00414552342476544,0.0104264521878837,0.00670954666516316,0.00152156276140641,0.00126011458425149,0.000246962586527922,0.000276558118205344,0.0154979052546757,0.00105086547810758,0,0.30870108466824,0.000167101293515843,0.00336406306093606,0.000323767520842615,0.527169688208432,1.57407106417301,1.79591619535834,0.207027232222949,0.000185217525066108,0.0252669047350848,1.55118926271905,0.0554537929507461,0.00626980968795054,0.0158486076372217,0,0,0.00028758017475121,0.318283824481867,0.164845369147365,1.64376415794535,0.316567305432708,0.464526424928024,0.284866691911178,0.0539687306890286,0.0189438509996279,0.00787824217498044,0.0893589417788472,0.0184568128087324,0.0320400380909533,0.0280732386532136,0.00543823163403856,0.00249904232695968,0.00134348714544511,0.000398348297628272,0.00217857368839086,0.0144333962991614,0.000358468521136567,0.00186245804906076,0.000424137787634521,0.0323386118390091,0.000613543918938634,0.017112595502073,0.000976310523934336,0.000470154265880754,0.00101306003671531,0.000238336358541092,0.00083277349380666,0.00595499281766484,0.965322027128946,0.00258483543637316,0.000134013625997096,0.0017924583502943,5.79726936769366e-05,0.233132243950862,0.259029101106967,0.374905513437972,0.208415444991758,0,0.0011440738109344,0.107530072311954,0.360685480111709,0.00425018989362625,0.0290088543557065,0,3.88362028733254e-05,0.001010666772035,0.0243797331411683,0.145695556113094
0.0301164708779834,0.0345770568990405,0.134927043712656,0.00131789342692879,0.00096989246067837,0.00397000209474278,0.044968516415192,0.105023123185003,0.0144352547484168,0.00309980204276786,0.00172436176790418,0.000806218170809474,0.000153571918386895,0.30012242700077,0.00110144591201694,0.30870108466824,0,0.00018017165211718,0.223355923263988,0.000930338364508575,0.303505937118041,0.141129489797279,1.43436089110645,0.167081003913331,2.51592644305587e-05,0.271539222279414,3.6146026297134,0.166642525528458,0.248390060168623,0.165674880068016,0,0.000357618588086271,0.00888738922241962,1.02033335575715,0.142333631987326,1.03465104898936,0.162166890815236,0.613676297636015,0.136975562558586,0.00788135989987299,0.0328430903940005,0.00212155970152808,0.0139264413130692,0.00520683181549846,0.00929030601329259,0.0102937079648446,0.00114332898723641,0.00100724833803171,0.00104552771724195,0.000111594988275182,0.001129672911752,0.226973641366572,0,0.00145570935278539,0,0.00244808019439724,3.35600476594716e-05,0.000286212214844048,0.000132884730848837,6.32632356366366e-05,0,8.19450757627127e-05,0.000233872010775416,0.000551975225726124,0.00941388306379847,0.00235403100368326,0,0.00026640468683686,0,0.00475741588169862,0.00436569208310044,0.0316473262859704,0.00379921278021428,0,0.00147050008367953,0.121033853274916,0.00822302612166939,0.000121425208869088,0.000453612355030417,0,3.6531094501993e-05,0.000331898250242722,0.00702587772109915,0.0936941030466652
0,0.0003067646149243,0.000137603259373444,0.000156883223378697,0,0.006730215416962,0.000110613078358653,0.000849499280717182,3.62321922001362e-05,0.00146365060671095,0.83608698550401,0.00248526736369362,0.0284336038520047,0.00181540979345699,9.85033978555801e-05,0.000167101293515843,0.00018017165211718,0,0.0983936324366429,0.00116324544380768,0.000340609807015693,0.000197368786360681,0.000817538234718404,0.00147949158456439,0.00334658130229265,0.664569698716252,0.140263259834093,0.00111302360461792,0.00565836880987794,0.000572202083353418,0.00760201526153,0.000378135495377594,0,0.338223444816906,0.00253520476472749,0.0994803997922974,0.487099986028705,0.192367649048757,0.0229424714786572,0.00214886514287469,0.000341438423591352,0.00417800008612384,0.000446298191976008,0.00350126546996618,9.05701403291079e-05,0.000132210200965199,0,0,0.000147307013021601,0,0.000623187201330418,0,0,0,0,0,0,0.000425052659378913,0,0.00256850322661418,0,0.0111664159328348,0,0,0,4.0617135916382e-05,0.000937764663394215,0.00675231915716513,0,0,3.78133628099888e-05,0.000135018719665968,0,0.00314899152168049,0.0223069876900654,0.0627279140173789,0,0,0,0.000567756970724988,0,0,0.000284355753804052,0.00336148110445733
0,0.00377751280011495,0.00121235859169722,0.00119574784795964,4.27148531059563e-05,0.0128027992789778,0.00163715461407302,0.0017615908493613,0.00120703668817957,0.00515660839686265,0.786776242427956,0.00471858833312533,0.00362679286059179,0.00197466168763038,0.00019055833114239,0.00336406306093606,0.223355923263988,0.0983936324366429,0,0.00275914760733125,0.00364697106257358,0.00259723503109006,0.0102214576570609,0.00612048967337149,0.000659071654176682,0.790434071632988,0.413568721340285,0.00555868304065287,0.00896594365565683,0.00249922406242301,7.07042429623425e-05,0.000140938565656274,0.000133112519378901,1.31154631798103,0.0201576642538704,0.628810200557833,0.793787990008768,0.680820903525421,0.0730330832190996,0.00316953826913381,0.0031050191489524,0.00104784579738833,0.00251936007650617,0.00193013800115968,0.000560936845330184,0.000986016166628981,0.000172475531603068,0.000111964714098412,0.000118975200231546,0,0.0005345422896222,0.00819701289696396,0,0,0,6.56378493086814e-05,0,8.19853141460184e-05,0,0.00164022278838127,0,0.0043207214303321,0,0,9.93630857387605e-05,0.000511259201491454,0.00152458462142256,0.0113933492884093,0,0.000197038399144453,0.000105470675376105,0.000425962258240664,0.000634285763049638,0.00144023322696686,0.0847389130215465,0.0980550569585443,0.000134434409288057,0,0,0.000370374368444288,0,0,0.000456970835390577,0.018652271931151
0.000800316102657428,0.000172606400680196,0.000253798426564247,2.13691297701302,0.00386677132539979,0.292476057620693,0.00762039394113868,0.221444781926701,0.189983164141315,1.70932028939476,0.00454691464975288,0.906135137115593,0.000989600265897311,0.123078069983157,0.0386244897297735,0.000323767520842615,0.000930338364508575,0.00116324544380768,0.00275914760733125,0,0.000978050778380951,9.02413325589179e-05,0.0025590305485821,0.0928814087322817,0.000433666539629102,0.00466562982430766,0.000376829286247408,0.314019441325743,0.121977184337899,0.00372001650412831,0,0.00442967153341862,0.000265525484450402,0.0917313112479441,0.0203486063299313,0.13335025410637,0.00542914214461172,0.0465635851693799,0.0106604550592706,0.0755267376855523,0.0191357224502792,0.00604842959692268,0.00548626420379984,0.00017374876344797,0.00172917547196045,0.000705309946631822,0.0133197010212077,0.000808549367856109,0.000485615177739734,0.000111892591706407,0,0,0.0228155628733552,4.79945808187366e-05,0.00121116761440275,0.0118374815688594,0.00178221441158842,0.0335483265541379,0.0358993726684523,0.000184392565645748,0.0261662565113316,0.000291415988859272,0.000607927679725751,0.00136179889451618,4.81016348488569e-05,0,0,0,0.0184148058643084,0,0,0,0.0626184829064579,0,0,0,0.0332046588331663,0.000407896825351506,0,0,0,0.000156877604614306,0.00406381710174243,0.00333728700733154
0.0526941408301338,0.000191839844799292,0.182406933723366,0.00395509611024414,0.0183982201716009,0.00693956643244732,0.37659213190468,0.237224151494354,0.0018471595008683,0.00493235558615975,0.000938236296140109,0.000413057160972539,6.0691084784612e-05,0.370351021104389,0.00214772172794914,0.527169688208432,0.303505937118041,0.000340609807015693,0.00364697106257358,0.000978050778380951,0,0.0141948431114624,3.77483105622613,0.123231524047779,5.73913317595482e-05,0.00790202951274808,0.109227189129118,1.58782288677681,0.18556032082765,1.76099388486808,0,0.000586729636934969,0.0127207773932788,1.15965344125986,0.199849915537054,1.02830097266401,0.103038261842415,0.754959081752549,0.381755418126831,0.06696643271665,0.0237931113104957,0.00398846429753811,0.0238164246717453,0.00391174770819517,0.0058649340816455,0.0095513013562539,0.00124417428270413,0.00114766236312794,0.000666273420174479,0,0.000106429483777911,0.00174863168569609,0.00014466084831233,0.000933290615217605,0,0.00421654881288687,0.000168961624561447,0.00168902464753225,0.000170651735829154,3.32782072448373e-05,4.8877179135114e-05,9.58314395589353e-05,0.000126987674354053,0.00132138460736248,0.0619861814549211,0.000299953564692646,0,4.54091897100269e-05,0.0001994747466622,0.0271227845752201,0.0102057599613275,0.0185690174365722,0.0246765870466383,0,0.000178514757591354,0.00586714620103835,0.06112550621721,0.00102789525816143,0.00531506313397784,0,0,0.000182212576974463,0.00566712957135346,0.137516367692795
0.00054823898202484,1.25133527023273,0.0807208867839798,0.00013332802064116,0,0.000124550927741977,0.00094468352230708,0.00100691855066636,0.928541752561077,0.000110714726474691,0.0012852076691674,0.000258077167651606,0.000334701762123737,0.00325700834993658,0.00280315178666793,1.57407106417301,0.141129489797279,0.000197368786360681,0.00259723503109006,9.02413325589179e-05,0.0141948431114624,0,0.127185177168382,1.54961951380913,0.0171164612676058,0.0264847675777077,3.10768137005613,0.0374972238514562,0.00253718542392245,0.00362628015015513,0,0,6.13736425111323e-05,0.0582065543764113,0.0117810449965083,0.12789572007371,0.00927630670096397,0.0297370576470419,0.0124366892818062,0.00198985217559126,0.00136630049713272,0.000503961843936395,0.0401024319382429,0.00978484658496519,0.0177643118888983,0.00921631904291109,0.00218736892677884,0.000219354123742247,0.000255507367827988,0.000158018269417119,0.0140926532018963,0.0461595231567724,0.000220037281319636,0.000532142083119321,3.04828707506686e-05,0.00709834959879777,0.000273110262484431,0.029665158452773,0.000216434639886939,0.000511159565778333,0.00160202369485611,0.000630220082702252,0.000213346411693373,0.0052928762067948,0.363574246917389,0.00269934885634588,0.000179421456367653,0.00152625174001945,0.000124103692962688,0.0491182515948759,0.439997373178781,0.137047527049524,0.140135273236311,0.000547191572263402,0.00294776295620203,0.436683668681914,0.126440304570449,0.0011628708151711,0.00587806082139104,0,4.70991050586998e-05,0.000722991385470825,0.0138746640581569,0.0148641033753585
0.0662842457560169,0.00145987764633146,2.36399850004699,0.00485558762491114,0.0203524702281863,0.00879285830308264,0.237225257088441,0.293777111465615,0.00703656451180296,0.00841697201384535,0.00350408867291948,0.00131412371735401,0.000457437454060453,0.639074757747766,0.00157726216783312,1.79591619535834,1.43436089110645,0.000817538234718404,0.0102214576570609,0.0025590305485821,3.77483105622613,0.127185177168382,0,0.290827789922705,0.000190189938052341,0.0305781510506353,1.90225724093848,0.692272435916084,0.414387601723183,0.811536595895933,4.14152471728384e-05,0.00101160181134611,0.0166385700333018,1.76520387739804,0.341959763322981,3.46435509689976,1.11304323164403,1.301949756729,0.678326502757411,0.0947965321432822,0.0611692331711137,0.0166472558714687,0.0675600229447259,0.0166334713807326,0.0333821808569191,0.0328842629603779,0.00307554293680412,0.00301746144275704,0.00296508784416814,9.91791588847517e-05,0.000560017622248238,0.0362647591680754,7.30055950094819e-05,0.00299706103714703,3.28618212477475e-05,0.0219727371705955,0.000489296123898393,0.00136145947567437,0.000930627258008424,0.000604140243106538,0.00027717659347651,0.000431667497907508,0.000763950542807794,0.00175839092313088,0.434547478391534,0.00367035798053603,3.21423605990052e-05,0.00111669613109563,9.69195980606671e-05,0.0920000639361172,0.0590959534318741,0.355499598673155,0.0371557170351907,0,0.00151236788447061,0.151393088201788,0.103321230591047,0.00135038925448996,0.00947863447622891,0,0,0.000238360301782036,0.0286552611321842,0.290680118690152
0.0134023779585684,0.219913321213557,0.0843287464366972,0.337779339003666,0.018267056808362,0.0260876694853909,0.395904883079982,0.172002391621814,2.51810566739741,0.0562062418647037,0.00547803442644372,0.0481929627423308,0.00107848395695152,0.234942144594209,0.14220697762688,0.207027232222949,0.167081003913331,0.00147949158456439,0.00612048967337149,0.0928814087322817,0.123231524047779,1.54961951380913,0.290827789922705,0,0.0015065986518423,0.0126673884551811,0.7739048999111,1.99413386172024,0.387758588138786,0.14332482544141,0,0.00391498248987297,0.0641417275771389,0.581457278149451,0.343573634515135,1.65358703667422,0.0788604387710848,0.549334119866416,0.180326546120187,0.208736847450586,0.0499566228341061,0.0263212184196326,0.2876310218019,0.0136047952325506,0.10219490082113,0.0404899157659536,0.0752110625084916,0.0176913863667236,0.00550506718961396,0.00394192141387287,0.00379376975519613,0.00475106580234741,0.0603659318719057,0.00115780559219414,0.0109924535354023,0.130661791217823,0.0260867897315286,0.305267291679373,0.111458701262766,0.00315765140420359,0.0557254771451891,0.00279669507898722,0.0203537435229188,0.0209393731905787,0.108992272147894,0.000301540772511246,0.000256897183591819,0.00140240602404932,0.0436445127682315,0.0401813158565013,0.145943272615414,0.0227146259409922,1.09240087779561,6.14260157807708e-05,0.00109118240559521,0.0144085666358522,0.820269069016406,0.0594236588309665,0.0148707603219668,5.10815681917548e-05,0.00160954443397235,0.00833311733581877,0.105760844337895,0.156565753609892
0.000149474380637097,0.306380159767815,0.000307548503910148,0.000166083358684614,0,0.00267459996730995,9.58282951793786e-05,0.00141165655892201,0.00175531028256707,0.000636995582094893,1.15527923357288,0.000822360888162637,0.872975482640521,0.00206760053987298,0,0.000185217525066108,2.51592644305587e-05,0.00334658130229265,0.000659071654176682,0.000433666539629102,5.73913317595482e-05,0.0171164612676058,0.000190189938052341,0.0015065986518423,0,0.105160292758245,0.757991665060812,0.00142769859566054,0.00343328329461684,0.000399641595452249,0.0225900234575193,0.000244798655961156,0.000110114624055147,0.0613765035071091,0.000242144818965769,0.00405567504290091,0.0687031867093292,0.0252749888454298,0.00194482597131117,0.00304316885720061,0.000129774175141668,0.0846676157147376,0.000817959910529402,0.0646574853698988,0.00207021778112783,0.000413908724262697,0.00173880628084041,4.05046856471926e-05,0.0222048347051903,0,0.0277403541538106,0,0.000198359991546928,0,0,0.000191573832707592,0.000108795261743403,0.00033087325990752,0.000283596857798168,0.207118463778681,0.000101715928210509,0.356509673264188,0.000199952791523632,0,0.000382578989859929,0.00121008462719601,0.00552615909266345,0.0168297479402481,2.6762912516731e-05,0,7.99503926349341e-05,4.71903210908711e-05,0.00138019737525043,0.357867930331991,0.041634413981053,0.321079535713516,0.000602079230501399,8.14257887352701e-05,0,0.00591763519880897,0,0,0.00134159017995893,5.93831027081072e-05
0.00020916436269612,0.127305489803852,0.0238946451162424,0.00158677968955518,0.000184246738996946,0.0162619125728845,0.00283170900309709,0.00247954148722188,0.00405868510060932,0.00677080726239174,0.985749443520499,0.00699253897003533,0.385066592310026,0.00498117144747477,0.000536219337202227,0.0252669047350848,0.271539222279414,0.664569698716252,0.790434071632988,0.00466562982430766,0.00790202951274808,0.0264847675777077,0.0305781510506353,0.0126673884551811,0.105160292758245,0,3.58444096013531,0.0107957339811823,0.014607076691704,0.00435825152566289,0.0603186832201554,0.000333736500487581,0.000273115109666454,1.14336298258955,0.0501060610664721,1.79851436403312,4.63202252620292,1.06162044950594,0.126194545630647,0.00501341121611492,0.0101647289162176,0.0121163849927006,0.0102333820683017,0.0670596105199701,0.00820196660572938,0.00535705407471922,0.000143117390907124,0.000216373435748256,0.00962540739461417,6.98515017392278e-05,0.0360836203410881,0.211622081066921,0,0.00018499551735692,0,0.00247115459973185,0,0.000443457590928751,0,0.0576163763056733,0,0.265534948592653,0.000328132251035821,0,0.000862736434141453,0.0342734968374221,0.0362651343288378,0.139939713612265,0,0.000908153963713567,0.000672575516293663,0.00502329489116127,0.000867123673254777,0.118742437085012,0.898365261174745,1.72772219332311,0.0010029444370704,0.000169462282349396,0.000403839622735155,0.012993361654276,0,0,0.0114609801083682,0.03680407880547
0.00644707623328325,4.56462652689468,2.19785692077429,0.00048612934668476,0.000817224388148016,0.00165171915281441,0.0128539890863888,0.0414401144223677,0.392849361661936,0.000876370628372284,0.281035358077165,0.00138102850007347,0.455594658402096,0.079640735771319,0.00347411346224815,1.55118926271905,3.6146026297134,0.140263259834093,0.413568721340285,0.000376829286247408,0.109227189129118,3.10768137005613,1.90225724093848,0.7739048999111,0.757991665060812,3.58444096013531,0,0.108017784261151,0.0294193677559463,0.0364019631081766,0.00254701860990815,0.000246906476284119,0.000820227022701935,0.219291509707307,0.070809423721086,1.08990805233153,0.617669267294912,0.188117329916294,0.0718604482394928,0.00849552590044425,0.018190513122404,0.0117205180120552,0.110027673939832,0.0828231598675119,0.0801451385588569,0.0354290898990353,0.00361935461548259,0.0026438064850717,0.0139084424636265,0.000532140617354697,0.277266624278345,1.69294418758623,0.000453439114229393,0.000418926172020435,0.000185090818663761,0.0293572101434211,0.000281817833151627,0.000651558633302879,0.000684672002496368,0.0870136308459498,0.000143775487779451,0.331452408762201,0.00153809213827608,0.000846011931589042,0.141653871655659,0.141022913149281,0.0563694950822406,0.192689227855275,0.000318666739770376,0.0429526550481668,0.0924694899927175,0.389081034249986,0.0154215208883829,0.295447760573081,1.68811589346128,4.67978611329128,0.0572407226932669,0.000969199156430024,0.00632590782589251,0.011890752815249,0,6.67641757407188e-05,0.0885763847183165,0.0560397651139022
