0,0.000368773282328874,0.0155033803391641,8.98491376231608e-05,0.0013460891621575,0.00134176786477685,0.494390444494261,0.116572586245515,0.000962578357769489,0.0139192193246543,0.00614025611488453,0.00242063757040134,0.00102010081715283,0.770201897495241,0.00124838647257221,0.000185363376839787,0.207633889612144,0.00288637561340314,0.0344745570577952,0.00124173068162882,0.0357785910348784,0,0.0524644762630976,0.00323155114837069,0.000353475785079598,0.162901289599285,0.0600527444688923,0.00266852542090249,0.993150184048862,1.21247830281338,0,0.0136330461408518,0.0308206488711561,0.0808909116807823,0.00214150443143389,0.0229209323714005,0.0070668900162521,0.0556206565967298,0.0192831763740735,0.00350425197268504,0.00382936278842398,0.00303189598940301,0.000408402011522889,0.000244374528432756,0.000256665377634108,9.99040092204807e-05,0.000170107963241041,2.98822378058136e-05,6.14922403001189e-05,0,0,0.000280497896775544,2.33169564630389e-05,0,0,4.36087119591833e-05,0,0,2.57708416090608e-05,0.00029018451078248,0,0,0,0,0.000393779890179157,5.19029460174441e-05,0,5.27382828840614e-05,0,0.000121187455374271,0,0.000483568569744646,0.000146018785127878,4.66176539866924e-05,0.00278976073180974,0.00657396895945013,0.000144504257947802,0,0.000169096956372469,0,0,0,0,0.000128766363810956
0.000368773282328874,0,0.016975137872377,0,0.000297701914712846,4.30787370154858e-05,0.000407112056326389,6.14630649014414e-05,0.21856252786854,7.11709587494134e-05,0.018947905931072,0.000179156276402474,0.052197995703955,0.000462543290679753,0.0152061743959695,0.134469786339547,0.0193547090018906,0.000253852839654803,0.00602133988601884,9.71904406609532e-05,0.00694461345816224,0.74167477064035,0.0149252560074011,0.0571140034591919,0.58171219272353,0.0704195479179377,1.35554832548476,0.00134377812135565,0.000285540870284766,0.00036574505281648,0.00175957103758225,2.6188938881129e-05,0.000140197912471652,0.0056039706939345,0.000940963292039155,0.0110239795668963,0.0040853902345474,0.0070324440681586,0.00669969099895811,0.0130522711587672,6.95625220365527e-05,0.000406277681782156,0.00728875259859631,0.00415796472100139,0.00365467089586583,0.00600885444045803,0.000497273173121274,2.9652415112257e-05,0.000320456185478568,4.15991858425736e-05,0.194126386414192,0.00778712210518815,0,0,6.77082027211785e-05,0.000451075520532817,4.03461928538084e-05,0.00244262749250412,0,0.00793722929542039,0,0.00163306104070908,4.32294748654365e-05,0.000217104337252736,0.0179087252629134,0.0021533411896334,8.26473651754854e-05,0.0013092813158578,0,0.00213470913862643,0.00848517917167043,0.00401500883771777,0.00337257207013351,0.00777352570049796,0.0511823126072442,0.703590531617223,0.00140444294907284,3.58423927770853e-05,0.000770874677838803,0.00306619326381788,0,0,0.00170141374910069,0.000669346046833038
0.0155033803391641,0.016975137872377,0,0,0.00571998253330377,0.00231176526440752,0.0214480425540763,0.0208126797916636,6.59583641217947e-05,0.00332374596629781,0.000795087888842794,0.000109255271317363,0.00582485749369231,0.0444110065531453,0.00253858516741312,0.00081925375933069,0.271302943648858,0.0016368871852637,0.0155355032266594,9.69131440804003e-05,0.319329918215143,0.000433681514713824,2.23131375924299,0.000340017335151017,0.00214958751882917,1.61574475375708,0.500150520371751,0.00905814053304216,0.0039830746515879,0.043260881038201,6.82241347343922e-05,0.00074614722555432,0.000795824576379805,0.0756907633594929,0.0298743069808003,0.188135363161175,0.229010875241648,0.160887501738482,0.135189775839116,0.00465924436640165,0.00119477698630709,0.00784415162365061,0.0129712945042585,0.0269005247681337,0.00617212925202101,0.0118930212251187,0.000419743171642721,0,0.000245729476297736,0,0.00749352872432719,0.0224518251966947,0,0,0.000105342341288209,0.00193374986457574,0.000231402457576454,0.000951716362381848,0,0,3.32753495987356e-05,7.64791700574162e-05,0.000364786388898909,0.000121710800758004,0.0086511993084316,0.00929227528240146,0,0.00281997284100729,0,0.00363691654237711,0.00228935991245079,0.0075642775415883,0.000952309444334593,0.000597023777073682,0.243039131960855,0.578771447522549,0.000677619934646606,0.000119877094429135,0.00200393357699648,4.43292103200555e-05,0,0,0.00196342210476023,0.00381722974367875
8.98491376231608e-05,0,0,0,0.000240807461992919,0.0137979171456785,0.0135108268583846,0.0225167329653592,0.241049443824726,0.913922935149808,0.00190202963205346,0.0920658941425527,0.000868900022423897,0.00620363852049587,0.00456270576886281,0.000160270244101196,8.68763226963283e-05,0.000218660447429478,0,2.07704601681206,0.00185229497277555,0.000274949921511829,0.000264312237521529,0.383380947989946,9.94452707555293e-05,0.000836094009147492,3.18281336890459e-05,0.975766315405679,0.00529017867714408,0.000345286721162319,3.00450672672987e-05,0.0077575330002191,0.000358057908759833,0.0103351227374004,5.15733064858913e-05,0.0443842641167964,0.000338912037103683,0.0126505726685573,0.00166270268971142,0.0260342559382421,0.00656663886982775,0.00205793871113238,0.00840481509383716,0,0.00265002913737422,0.000245266391993105,0.0603084193880107,0.0022109430190689,0.000660107522137165,0,0,2.32784963974356e-05,0.104633417312134,0.000578817938445449,0.0119904449253389,0.00304465257391223,0.00383520533077467,0.0202120737171925,0.0201215638539449,0.000433102268453687,0.0348826256030675,0,0.00396901444239023,0.0150951312999668,0,0,0.000350496434978366,9.67947476492526e-05,0.060363910285326,0.000231498193264723,0.000291554488522649,0,0.0837430918289641,0,0.000461622491788357,0.000113061718015075,0.0923040888254062,0.00149593436678925,0,2.28381528582275e-05,0.000347712526602954,0,0.00193232667389589,0
0.0013460891621575,0.000297701914712846,0.00571998253330377,0.000240807461992919,0,0.0151661538004828,0.00401189925195265,0.00290161009802893,0.00051400330986613,0.00144200942755326,0,0.0061590221338889,0.000736757835793166,0.00385279574474558,0.0762005600319722,0.00247259634342822,0.00158045860532627,0.000878969622272967,0.000356247441798389,0.000623633228266209,0.0407734007437699,0.00133744550658452,0.15119170545449,0.002207256029614,3.36690379431248e-05,0.00547468914088368,0.108676466416437,0.00265887353667951,0.00082859778656888,0.00379491339936105,3.86561331464053e-05,0.14246988048144,0.000342122633889377,0.00337965368770593,0.727993627236885,0.0307894489226423,0.0572686632612006,0.0169759167482094,0.143374606251952,0.432135921737899,0.0375705588812267,0.00740682462245605,0.00265706984290823,0.000463886042288334,0.000636835341365099,0.00191066950399643,0.00105758584909868,0.000176056995078743,0.000113928464756012,0,0,0.00145571200164026,0,4.69963493893743e-05,0.000393064818988234,8.6916416042566e-05,0.000143652169695377,0,0,0,0.000481466080002755,0,2.04868401983082e-05,0.000175573379862011,0.000608695606758833,0.0002449923168329,0,0.000138303380802155,0.000155756176516563,0.000231956968663156,0.000206142685072184,0.00126377562846375,9.65166836730241e-05,0,0.00125408871488524,0.0073300542872957,0.000381607529742658,0,8.10578958573342e-05,0,0,0.000131085232459068,8.13983199655412e-05,0.202717334843317
0.00134176786477685,4.30787370154858e-05,0.00231176526440752,0.0137979171456785,0.0151661538004828,0,0.423307814069417,0.411838766919651,0.0502207172074158,2.769406066358,0.00287591491876084,0.638721635152824,0.0158614270611827,0.0492415902532751,0.0402202087055883,0.00550088895462331,0.00262072372873735,0.000693496840252968,0.00111322746682307,0.142281630349816,0.0919550296219858,0.00108736711281741,0.00704754758871016,0.0198458648290906,0,0.00900025705913454,0.00353691710729924,0.0492613989762828,0.0184049511502278,0.0251636507564724,0,0.20752831932664,0.00138732229821116,0.0856770036263385,0.15524353450712,0.300687304478629,0.00267244673893571,0.0505491675875548,0.0113799501758344,0.660733880873765,0.141025445149957,0.00918786147962092,0.022706959441445,0.000365485244239509,0.00534881842359328,0.000563975375512511,0.0973059627726152,0.00342642063708493,0.00147427001743132,0,0,0.000186842398632795,0.024781811382954,0.000549701249640733,0.0169785695160506,0.0140472902289532,0.00579104778227299,0.00423729948321846,0.00984737715092143,0,0.0317790206797689,0,0.00531411519481439,0.0189589882705855,0.00509706934993735,4.41587212648392e-05,0,0,0.0312396029569106,0.0060941486518065,0.000784050124963907,0.00372148875750685,0.053650806026606,0,0.000192329835816294,0.00301960202958175,0.0662934770188745,0.00226625796835515,0.00331291267848474,0,0.00109310031975111,0,0.00279019928202322,0.015970681468667
0.494390444494261,0.000407112056326389,0.0214480425540763,0.0135108268583846,0.00401189925195265,0.423307814069417,0,0.431491710653024,0.11236570891836,2.8836006793262,0.0182353621454936,0.00632572638337591,0.0116260479733302,1.66994751217212,0.00848269445527464,0.00880241921418544,0.0293427021297259,0.00368246446320748,0.0058242215689008,0.0056401096153768,1.45262684655459,0.00571176664747134,0.0801885605184285,0.462703189691067,0.000908159804602536,0.0641139501353767,0.0280604957746639,2.99793904370538,0.0948819512096529,0.88381371999766,0.000215201698684007,0.035224627607076,0.0271286120558747,0.131732326136529,0.00680178429570618,0.461219298060504,0.010509219141174,0.254811261116378,0.0876534318423142,0.0561408439523332,0.100114968692265,0.0187024625394717,0.0300827507346342,0.000979364097871036,0.0101143603932166,0.00247748560594222,0.0631610520339256,0.0106897424447418,0.00325528937838522,0,0.000190173944363594,0.00496445431214795,0.0083529743253361,8.5543588268727e-05,0.00938175898989747,0.0381166169240032,0.00709274961106957,0.00333787872311283,0.00596359604939809,0.000599374478279292,0.00580020395146027,0,0.00496014264619857,0.00477111077331892,0.0154573267948656,0.000220217792825997,0,2.19654311006963e-05,0.0190618302038778,0.0264816420563326,0.00322509022052858,0.0079184468820539,0.0620471357617727,5.85276964213252e-05,0.00125789519851643,0.0198230320931431,0.162077352666268,0.00260061783278039,0.00874887089386975,0,0.00149970788113245,0.000626636878546536,0.0054734759149954,0.000209479021896303
0.116572586245515,6.14630649014414e-05,0.0208126797916636,0.0225167329653592,0.00290161009802893,0.411838766919651,0.431491710653024,0,0.0374726671024743,1.43802864059539,0.00393746933407512,0.603746544532633,0.0108854218949689,1.66460160460446,0.00604435849997234,0.0143417779540733,0.134706053985163,0.00269394022785175,0.0333953695026272,0.268375260100893,0.184959228612266,0.00315009603702146,0.0476661223954631,0.0248463515793494,0.000288509487105847,0.143234995998367,0.0567953117277121,0.0376778627792203,0.151306335146537,0.308234268883334,1.89321293901503e-05,0.0727284563508624,0.0158537755456247,0.104203398135828,0.00990215619949203,0.0882552003222029,0.0104690711354348,0.111399617689931,0.0443695214979168,0.0730188272936527,0.00992896699355997,0.00608677888741735,0.0114890921824227,0.000493711029093802,0.00184760129151386,0.000243927440429419,0.0358222829589978,0.000909136803941904,0.00117429175476709,0,0,0.000862710684939411,0.00409306872591004,0,0.00239171345892575,0.0236566045454474,0.00129133838001156,0.00103135727443611,0.00178124825620669,0,0.00506849030798122,0,6.7641402363956e-05,0.00288745396642372,0.0137199449560385,0.000148585838565528,0,0,0.00570804294100599,0.0131241399818088,0.00240174789194468,0.00494435981632567,0.0344160918733435,0,0.000904841975556465,0.00660191435623131,0.0718102332476729,0.00046526557964468,0.00697374723690965,0,0,0.000285130984556794,0.000731623981296658,0.00169856919800019
0.000962578357769489,0.21856252786854,6.59583641217947e-05,0.241049443824726,0.00051400330986613,0.0502207172074158,0.11236570891836,0.0374726671024743,0,0.448598864212806,0.00987374920190105,0.182211441451769,0.0152002805386497,0.0128908772565746,0.0507420341448307,0.0132368756961885,0.00172704737872153,0.000460865538029194,0.000774202388643086,0.217053674746428,0.0113551064733645,1.22692722949866,0.00214850666869485,2.00565160188059,0.121673050490312,0.0267178928828513,0.285096949555241,0.720025757192537,0.0142997576424131,0.00438670176512286,0.0010514204260436,0.0202363824217653,0.00340001742245418,0.0344282590056405,0.00247324255419439,0.119195555074426,0.00139184445217642,0.0435614982685652,0.0103911622908197,0.0757772243385133,0.0229403848237845,0.00636455348776466,0.018244629921507,0.000499681375654161,0.00853316928819987,0.00109475565172643,0.0573979457068106,0.00842971474848005,0.00237873531045985,0,9.14673350344898e-05,0.000720418939523606,0.0639047826709949,0.000597885135630012,0.0201170759947693,0.0259694001226751,0.0148026884052681,0.162397806838872,0.0159282544742325,0.00861365291766146,0.0521964516566637,0.000789889072455707,0.00752969843393021,0.0143277882775663,0.0107165032965351,0,0.0036427932051093,0.000869625098484635,0.0483273541707312,0.00482990498995158,0.0200673394375207,0.00337231141824204,0.229736222318227,0.00070905074204332,0.00580702899829096,0.0120757440365293,0.19335280750786,0.00400165122029793,0.00133531899776838,0.00128653960247585,0.00253081222072291,0.000230577827315807,0.00598770363474816,0.0021498294823789
0.0139192193246543,7.11709587494134e-05,0.00332374596629781,0.913922935149808,0.00144200942755326,2.769406066358,2.8836006793262,1.43802864059539,0.448598864212806,0,0.0650276237835762,0.392498247277188,0.023463018774275,0.442778705827545,0.0154947608421919,0.00463904391047225,0.00620804815660915,0.0147286692492627,0.00314995042471802,1.33715071241615,0.157255296059643,0.00385379536789435,0.0145791754626056,0.14919213166777,0.00235237038559031,0.0539109242087469,0.0171865052990886,0.900583559705957,0.14517120249553,0.0533889907427739,0.000694523080130875,0.158538539168314,0.0134876783534797,0.315517517384669,0.000459058341732741,0.729910279790507,0.00570924178232908,0.489265877143325,0.0542906896544159,0.148627502963588,0.21304330085958,0.0645477865275682,0.0434461138387681,0.000117533385962725,0.0113874963919842,0.00183681200584051,0.17139288049314,0.0119237730473879,0.0010160357827349,0,0,0.000827098789917859,0.119837218903235,0.000743350240674528,0.0370353743960694,0.0411644211119308,0.0195283185300416,0.052358772425098,0.0477096408666154,0.00110478476837584,0.105929650937884,0.000217503686679125,0.00648725618641818,0.0367445530227953,0.00112080095219353,0.000116590820939451,0,0,0.162478255560038,0.00113308209609663,0.00195547477253249,0.000297844779575616,0.275502435454364,3.83576983031631e-05,0.000508940184012994,0.00345230313066101,0.323301698142257,0.00318775258600444,0.000581243423795909,0,0.00127869035121247,0.000344930998385251,0.00852156446816161,3.70117273260951e-05
0.00614025611488453,0.018947905931072,0.000795087888842794,0.00190202963205346,0,0.00287591491876084,0.0182353621454936,0.00393746933407512,0.00987374920190105,0.0650276237835762,0,0.0219133380190632,2.64362021506088,0.0089788619897398,0.000969193380304662,0.00490700221309909,0.0467627099672491,1.46431667598543,0.291120985035524,0.0192764477626154,0.00800338683770524,0.013493064818628,0.0147271041950279,0.00591792763923928,0.32461962135114,2.8796845711812,0.470631033011021,0.00722030190362587,0.0925927245778261,0.0133513491924375,0.102479904972746,0.00124881181496227,0.00876136627864083,1.7001106150797,0.00212914897941747,0.0287338624249364,0.188553229543583,0.173977992815199,0.0365482301564355,0.00218096766580016,0.00171570818428367,0.0942594801569959,0.00185659603676382,0.00200800827567544,0.0147516108035586,0.000195921216798246,0.00270871496244556,0.000180120482394159,0.00692787905970397,0.000485995866887569,0.000953847434534845,4.59634060845375e-05,0,0.000110829803094029,0.00131866520868576,0.00381423301432252,0.00209943510493982,0.000809466267674088,0.0029795823861582,0.717509802679531,0.0024411181708931,0.151103080950072,0.00850639931383661,0.000411218353650808,0.00121436255721837,0,0.00279097745611948,0.000288551312222004,0.00261826643545171,0.000465763475807667,0.000699814720616758,0.000608345413744718,0.00204511952231982,0.0338041810223358,0.0831605884071295,0.036028230718387,0.00424864945812926,0.00745878313489668,0.00146555355981034,0.0955570181891925,0.00391601382919315,0,0.074131971762735,0.000254885721403837
0.00242063757040134,0.000179156276402474,0.000109255271317363,0.0920658941425527,0.0061590221338889,0.638721635152824,0.00632572638337591,0.603746544532633,0.182211441451769,0.392498247277188,0.0219133380190632,0,0.00962473858791947,0.0842604022797375,0.0686453955787165,0.00181678233033046,0.00113381869129995,0.00333192597946021,0.000672851637492597,0.790693480266536,0.00369421516844651,0.00248236703240252,0.0014509935564791,0.0259091509812944,0.000861527994833052,0.0109770798908952,0.00282164660894555,0.0292739534041287,0.0580831810565887,0.00501598960382188,0.00045942369594109,0.194402215146356,0.000829075947941483,0.151203807306859,0.0399627550463951,0.123358545611283,0.00103000878377486,0.10453941488959,0.00890004345090002,0.456201469103635,0.0279571887226477,0.0259661898069943,0.0177189062800868,3.79586197223068e-05,0.00382212020858276,0.000759284327517985,0.107833309254405,0.003542835588992,0.000856201093131455,0,0,0,0.0513235637907987,0.000693154212447019,0.0252374213265495,0.00869779267865411,0.00944841637145678,0.00821655501787256,0.0165557831999244,0.00112636301552865,0.0750756963085624,0,0.00576475639401737,0.0241975549134103,0.000158093977677763,0,0.000484991356208056,4.0994174375236e-05,0.0481131075349503,0.00126765540864122,0.000213189552342057,0.000281528710249603,0.0868306267789329,0.000115765466372192,0.000316730042429358,9.82566774476769e-05,0.0626589087267561,0.00207341410259995,0.000535377595970005,6.39569510599971e-05,0.00168870270562625,0.000532283557148814,0.00309444341722324,0.00332451556156701
0.00102010081715283,0.052197995703955,0.00582485749369231,0.000868900022423897,0.000736757835793166,0.0158614270611827,0.0116260479733302,0.0108854218949689,0.0152002805386497,0.023463018774275,2.64362021506088,0.00962473858791947,0,0.00457726730903727,0.00235845694540268,0.0350813546057371,0.00350612058525783,0.00132991742682609,0.00140159343452278,0.00601434167655924,0.119094622876061,0.0307357032256967,0.127234429006866,0.0172883859266934,0.947968944974168,0.556270904796196,0.298417486465299,0.0125549564088049,0.00879553794638817,0.0641301491881474,1.36517557212078,0.0175970454452669,0.00073082395694226,0.069912837815509,0.0366913796881192,0.104575377028922,0.0719252939801252,0.211370008290115,0.0508863262342893,0.151916863300324,0.0109433012836231,0.195928262439529,0.0499895090384198,0.00647707318846914,0.088917624236393,0.0107657559861881,0.116839731084104,0.0387109487878487,0.0449934795499989,0.000593834751493156,0.000472553462504923,0.00780659134383951,0.00119700864679748,3.06453656120002e-05,0.0261112801028591,0.012304825023699,0.00858096914395021,0.00222218119427875,0.00766753832415945,0.451506049442467,0.00732614876858521,0.151129697834128,0.0160320513975869,0.00320343495065156,0.0393356877204306,0.000248030616874635,0.00185938421300823,0.000313986055043936,0.0105826580783374,0.0453313618611144,0.000731171308130143,0.0434886044080358,0.0107051275420541,0.0377026192171063,0.0592745735181373,0.0711685997627965,0.0281534748340376,0.00960347429998339,0.0230467931166509,0.0863794017188365,0.0257538330677309,0.00188416497056609,0.0604108856872756,0.00731426522181994
0.770201897495241,0.000462543290679753,0.0444110065531453,0.00620363852049587,0.00385279574474558,0.0492415902532751,1.66994751217212,1.66460160460446,0.0128908772565746,0.442778705827545,0.0089788619897398,0.0842604022797375,0.00457726730903727,0,0.00492643805362373,0.00545324946815419,0.349303241293486,0.00455742046246904,0.0815267971586576,0.0653909171200628,0.199928069225348,0.00175532413654488,0.113131054264136,0.0232806089474476,0.000342186967910766,0.31226111137889,0.122204021070394,0.0354071398083849,1.12148775199635,1.29483098623575,4.98877854930162e-05,0.0679980775416393,0.0909233441812538,0.210928917357789,0.00386831113517383,0.0663907127584507,0.0166228609624762,0.148138852373437,0.0611662506583387,0.015065005518679,0.00934905673303043,0.00728912533744909,0.00244627199204019,0.000923057860091719,0.000852154439276247,0.000734707003681001,0.00819342309610096,0.000188889859538823,0.000911320791514877,0,0.000121829898925304,0.001676929696668,0.000598478133456498,0,0.00073834705273253,0.0040419423884196,0.00022359370182389,0.000622574363812804,0.000378486568465173,0.000135955708142042,0.000750185329308508,0,0,0.000690810889730307,0.00177949301300782,0.000124271575503766,0,0,0.00117012339893413,0.00310249850698754,0.000679357929909527,0.00161045620075842,0.00777266953109581,0,0.00418280149639168,0.0129607785253238,0.0163615870721892,0.000291396339354038,0.00125908452639019,0,0,6.05882358835935e-05,0.000315411480199427,0.000493806128705442
0.00124838647257221,0.0152061743959695,0.00253858516741312,0.00456270576886281,0.0762005600319722,0.0402202087055883,0.00848269445527464,0.00604435849997234,0.0507420341448307,0.0154947608421919,0.000969193380304662,0.0686453955787165,0.00235845694540268,0.00492643805362373,0,0.00167950380850437,0.00144891371927264,0.000319413237303912,0.000548052536966086,0.0163260892441739,0.0469410284650714,0.0838693539344638,0.14846827350295,0.0549604721872912,0.00961581700379302,0.00507160734405035,0.0934799347246679,0.0274347563674114,0.00125250533343598,0.00473286997358903,8.71729477989671e-05,0.0146803051442977,0.000271028381877721,0.0033743831875346,0.412802056675782,0.0329916262989519,0.0343186393362816,0.012039379874197,0.0682461608923442,0.134327169390721,0.00501047350830844,0.00863762783178971,0.00191717331981823,0.000156325081401825,0.000691504851384579,0.000375084165849745,0.00248531199743229,0,0.000257183123491645,0,8.91927660458086e-05,0.000935843843652369,0.000980865956866893,3.66594557777047e-05,0.000213203816873431,0.000792758643938181,0,0.000115650451406479,0.00013146610283345,0,0.00112431469489324,0,0.000131474667297482,0.000532149564529091,0.00185392043582347,0,0,3.89803516635895e-05,0.000273323188362509,0.000735568390963377,0.00180515214724964,0.00098738115230477,0.0024597987176134,0,0.000953488859672251,0.00704889711145701,0.00420352110780651,0.000152763688355148,0.000170497143648804,0.000134533461317837,3.98323824639321e-05,0,0.000164430390441925,0.0415862570146688
0.000185363376839787,0.134469786339547,0.00081925375933069,0.000160270244101196,0.00247259634342822,0.00550088895462331,0.00880241921418544,0.0143417779540733,0.0132368756961885,0.00463904391047225,0.00490700221309909,0.00181678233033046,0.0350813546057371,0.00545324946815419,0.00167950380850437,0,0.0130518557432763,0.000119561025900245,0.002305902876466,0.00238222963435564,0.0567136900956051,0.917525100975152,1.07681120034965,0.261518647159055,0.0537429621813333,0.021895419399811,1.4448181207797,0.0112075994884734,0.00831477971708068,0.0281384869296467,0.000607220417840481,0.0201569186047298,0.00512200182613429,0.0376476384850515,0.00384522316629728,0.240100325000268,0.0148394730983785,0.0761680640957928,0.0370778748491471,0.02837318553016,0.0269438949267346,0.0154638265008116,0.0593249019877783,0.00893391160750229,0.016731138694815,0.00761954208282766,0.0484064235617786,0.0120235592285425,0.00752772417108115,0.00148316795387018,0.00306427655769634,0.021709997743989,0.000124585239252627,0.000278826338690608,0.00423006151801059,0.0478706278562253,0.00460562642031735,0.0363750139883312,0.000218182045989246,0.00177984707583007,0.000653731937311947,0.000358304616210103,0.00647173683384809,0.00867025616013754,0.536756743134377,0.00239482450766712,0.000219126962444186,0.000557255039206147,0.000781456760524272,0.189293401645846,0.118236098141654,0.155850571827226,0.271065243474547,0.00104751212501082,0.0119665980165026,0.291597296399769,0.24594640650183,0.0186016165294894,0.0636640057365764,0.000774268294389308,0.00166223025508035,0.0065269988820774,0.00894145932766557,0.000897963042775986
0.207633889612144,0.0193547090018906,0.271302943648858,8.68763226963283e-05,0.00158045860532627,0.00262072372873735,0.0293427021297259,0.134706053985163,0.00172704737872153,0.00620804815660915,0.0467627099672491,0.00113381869129995,0.00350612058525783,0.349303241293486,0.00144891371927264,0.0130518557432763,0,0.0299160291469295,0.705395075119159,0.000662859552814156,0.29540207189642,0.010620540929022,1.05024674166815,0.00189643318775061,0.000754559039403412,1.37107522539542,2.16925133314906,0.00728629104975282,0.2092010695823,0.518359978390908,0.000505050020397514,0.0122474933914081,0.0804637203780573,0.394471298545925,0.00549271667286974,0.119093486453347,0.103233863020277,0.149371508018478,0.0635724691861453,0.00714077788604115,0.0176324496448541,0.00615858198732826,0.00430203344086632,0.00915669940639262,0.00178186147921813,0.00320984782598212,0.000415464602196664,0,0.000212147966602504,0,0.00718973095077202,0.0046908966310583,0,0,0,0.00038047924060297,0,0.000672465973973035,0,0,0,7.90203167095183e-05,0.000333457983683914,0,0.00298866733322975,0.00205319521275947,0,0.00173465735026819,0,0.0013844933248325,0.00118842747241622,0.00193560115739748,0.000780083561363754,0.000438287786735505,0.0885101867612113,0.241014065575014,0.000459117726667583,9.32634020417926e-05,0.000511000716293753,6.10148155452907e-05,0,4.97499620504975e-05,0.00119327574492112,0.000779891507258955
0.00288637561340314,0.000253852839654803,0.0016368871852637,0.000218660447429478,0.000878969622272967,0.000693496840252968,0.00368246446320748,0.00269394022785175,0.000460865538029194,0.0147286692492627,1.46431667598543,0.00333192597946021,0.00132991742682609,0.00455742046246904,0.000319413237303912,0.000119561025900245,0.0299160291469295,0,0.0596532985312122,0.00508878632108706,0.00721706961662712,0,0.0125946086584712,0.000606222089415431,0.00359798569799387,0.546754776908264,0.108286717526472,0.00153639363149727,0.0130524303010362,0.0046463918738479,0.000317599353995413,0.000425000104915112,0.0014610179846282,0.137520675983365,0.00741846879922265,0.0793396047135934,0.472518166095703,0.218235085690377,0.0839311695910041,0.000141155357584328,0.000601614549344212,0.00782359396555299,0.000192184016274989,0.000268731665111184,7.94406033163072e-05,0.000147510944981068,0,0,4.3482830342412e-05,0,8.47031853595379e-05,0,0,0,0,0,0,0,0,0.00621480983379268,7.86062677574155e-05,0.00351100942303678,0,0,0,0,0.000349012496928573,0.000472139645413012,0,0,0.000177292383107901,0,0,0.00245589585400987,0.0465653183628851,0.0233601132015159,0,0,9.9886773595691e-05,0.0190698356550428,0,0,3.88533497312069e-05,0.00100866367717338
0.0344745570577952,0.00602133988601884,0.0155355032266594,0,0.000356247441798389,0.00111322746682307,0.0058242215689008,0.0333953695026272,0.000774202388643086,0.00314995042471802,0.291120985035524,0.000672851637492597,0.00140159343452278,0.0815267971586576,0.000548052536966086,0.002305902876466,0.705395075119159,0.0596532985312122,0,0.000243974056638897,0.0538500825455712,0.000684007518749655,0.136806011171541,0.00065662032845521,0.000328738104272545,1.68014466973271,0.516770368787081,0.00166897506392205,0.0379564075770577,0.0606897946215425,0.000380982377216637,0.00286003665687495,0.0153511554795289,0.375246474403456,0.00527478257570612,0.0678309303519841,0.114706020167206,0.142097145334271,0.0981059798039241,0.00126214318088407,0.00268894096306625,0.00459678921072984,0.000898669822400275,0.00213683368381247,0.000288035216059983,0.000210717586204886,0,0,4.38132208547592e-05,0,0.00262331636476666,0.00028182157018897,0,6.8497348113358e-05,0,0,0,0.000194497886591912,0,0,0,7.21341306036115e-05,2.29307266300917e-05,0,0.000493347952450156,0.000175827613535106,0,0.000261976164026528,0,0.000286289571462631,2.8774963817209e-05,7.87301016178133e-05,6.96664713207781e-05,0.000108695569024623,0.0259742478842669,0.0481049725190797,0.000129643398578405,0,0,0.000203626841958761,0,0,0.00020305119876495,0.000930561428329465
0.00124173068162882,9.71904406609532e-05,9.69131440804003e-05,2.07704601681206,0.000623633228266209,0.142281630349816,0.0056401096153768,0.268375260100893,0.217053674746428,1.33715071241615,0.0192764477626154,0.790693480266536,0.00601434167655924,0.0653909171200628,0.0163260892441739,0.00238222963435564,0.000662859552814156,0.00508878632108706,0.000243974056638897,0,0.00450357418128976,0.00132597955233377,0.00222083676219675,0.136832689126134,0.000591769361433625,0.0118047163728025,0.00383702464946055,0.160541195706573,0.0327143142494256,0.00654140840609306,8.089356648612e-05,0.0771502048343511,0.00072542055163705,0.0864686560140108,0,0.139845910654634,0.00163722420943972,0.0847691991279854,0.00750097577202678,0.142861225324601,0.0398105091244161,0.0186425891531781,0.0226975456776378,0,0.00580394295146484,0.000963607839586347,0.123527318324516,0.00531532198812127,0.000720245110040159,0,0,7.73944453414381e-05,0.091075510659314,0.000955246347606064,0.0311297600841588,0.0185505671305969,0.0113869731061045,0.0230740393338975,0.0247865545181477,0.000318050863757253,0.0771195039946499,0,0.00779230887100089,0.0296321634972999,0.00056810960891211,0,0,0,0.0837692496390759,0.000967612598562148,0.000513518367095918,0.000399445843294561,0.158410108283628,0,0.000145748284307956,0.000369026496227503,0.162550069007479,0.00232068364147663,0.000549709340125084,6.9631349631548e-05,0.00224731240748882,0.000230047971379995,0.00505598303678459,3.26232561496794e-05
0.0357785910348784,0.00694461345816224,0.319329918215143,0.00185229497277555,0.0407734007437699,0.0919550296219858,1.45262684655459,0.184959228612266,0.0113551064733645,0.157255296059643,0.00800338683770524,0.00369421516844651,0.119094622876061,0.199928069225348,0.0469410284650714,0.0567136900956051,0.29540207189642,0.00721706961662712,0.0538500825455712,0.00450357418128976,0,0.0522122234352181,3.74848899276918,0.0430719181221835,0.00178272450183299,0.521334039984845,0.695089221369883,0.854735609338991,0.0358917056703653,2.46598643340205,9.23373052476347e-05,0.0272029758207569,0.040149487258089,0.964047221178662,0.105024107240538,1.46161536696167,0.182917543424634,1.03217045991976,0.628395194147364,0.135716934018002,0.126565631381199,0.0571674441512382,0.0768435679081392,0.0116957324271529,0.022671070188287,0.01572912055544,0.0574372782623112,0.0106883143788424,0.0187776846477017,0.00117658761180425,0.00206897511462801,0.0446498285019403,0.0012575134253236,0.000304512707271457,0.00399776316086498,0.0505432087827075,0.00497503072759584,0.0171819460023518,0.00103877450450483,0.000101952910532295,0.000498669322336942,2.58011250121892e-05,0.00603160054071686,0.00629343539519057,0.365930751727846,0.00476982798321786,2.07258613806665e-05,0.000876915788289488,0.0024420011314325,0.18227436071152,0.0380223107358836,0.150583754654479,0.174062132764963,0.000987155281493751,0.0286639434455569,0.346601714497603,0.184118515009395,0.023827420691785,0.0788419069305963,9.20619907639322e-05,0.00140136774017173,0.00733697411775151,0.0120941364672107,0.00903205436978127
0,0.74167477064035,0.000433681514713824,0.000274949921511829,0.00133744550658452,0.00108736711281741,0.00571176664747134,0.00315009603702146,1.22692722949866,0.00385379536789435,0.013493064818628,0.00248236703240252,0.0307357032256967,0.00175532413654488,0.0838693539344638,0.917525100975152,0.010620540929022,0,0.000684007518749655,0.00132597955233377,0.0522122234352181,0,0.106006611566653,0.940230428637925,0.302919192879382,0.0502463680562465,1.26609476991076,0.0283777155263345,0.0012949161099683,0.00358950141860184,0.00219545699896604,0.00420670905410862,0.000298853041055381,0.0076065257266749,0.00100919981180108,0.0286796632012505,0.00229953607975757,0.0123402789172858,0.00872016837302497,0.0965814775183123,0.00373199604373631,0.00146419886227229,0.032231043119372,0.00319071632145036,0.016170500792857,0.00943578002800092,0.0435153294220407,0.0113755103158219,0.00302315607902116,0.000301436148246407,0.00233990794753674,0.0285469670698465,0.00355146570228836,7.82204195704458e-05,0.0101458921644412,0.0403038915912049,0.0118540152867597,0.0701287172045968,0.00485171722917765,0.00942906022723006,0.00305907930687851,0.00229369508245754,0.00708865246298929,0.00354236990292877,0.295540738023516,0.000675955740687549,0.0050973208402735,0.00074227453044975,0.00916254434531588,0.0450815146729945,0.334187795316693,0.0390292867848039,0.24771318609531,0.00261754811821812,0.0139804002690522,0.505180363763541,0.223394318444051,0.00850269343085392,0.0132110138627916,0.00336788661272707,0.00177832748671115,0.00247563883952385,0.00703776110862052,0.001226729680215
0.0524644762630976,0.0149252560074011,2.23131375924299,0.000264312237521529,0.15119170545449,0.00704754758871016,0.0801885605184285,0.0476661223954631,0.00214850666869485,0.0145791754626056,0.0147271041950279,0.0014509935564791,0.127234429006866,0.113131054264136,0.14846827350295,1.07681120034965,1.05024674166815,0.0125946086584712,0.136806011171541,0.00222083676219675,3.74848899276918,0.106006611566653,0,0.00775161209938324,0.00471904301574314,1.67269695601369,3.36048803832833,0.0423352316152028,0.0599364267566869,0.997719899121592,0.000423948575861543,0.00972335974445716,0.0305912844092551,1.08023727640555,0.467651082545784,3.44962811625924,0.691671827649161,1.83661884292077,1.49123226644603,0.250576807119909,0.135111372383366,0.0807350405795815,0.112545876936197,0.0309711127998362,0.0610123824270207,0.0812072551363547,0.0335173189059881,0.00350096738377249,0.0160920452485866,0.00128222531014556,0.00428967916251388,0.313810950768536,7.03338798535767e-05,0.000445273859442651,0.000722700437643827,0.017720360968871,0.00372195091129292,0.0378533450636756,0.000412272708115726,0.000661023546350121,0.00033831498685351,0.000144973185949981,0.00673786149170187,0.00491384107920751,0.346109236328647,0.0332177868367163,0.000576962478295862,0.00309566226726004,0.000377166670474321,0.109465498572613,0.0631987147713186,0.2175892161547,0.0538539456687484,0.000910794756142555,0.149885213192047,1.53304060868935,0.0338169323376684,0.0183265507086602,0.0536257385421186,0.000183633654676765,0.000452191313844532,0.0109631466610594,0.017317578426599,0.0454749506755256
0.00323155114837069,0.0571140034591919,0.000340017335151017,0.383380947989946,0.002207256029614,0.0198458648290906,0.462703189691067,0.0248463515793494,2.00565160188059,0.14919213166777,0.00591792763923928,0.0259091509812944,0.0172883859266934,0.0232806089474476,0.0549604721872912,0.261518647159055,0.00189643318775061,0.000606222089415431,0.00065662032845521,0.136832689126134,0.0430719181221835,0.940230428637925,0.00775161209938324,0,0.0231974541818932,0.00906425274110567,0.0898294587890527,1.32642026226133,0.0344230486290736,0.0452022872484134,0,0.0258771091925434,0.0253270159709392,0.0522658401768606,0.001101893584651,0.387636469636391,0.00366479056930864,0.112702544212462,0.0457179147183963,0.148337869666554,0.0716967920648077,0.013804287182274,0.143026543675966,0.00249672192153946,0.0659657108622617,0.012800190564024,0.258414417288416,0.0645961406604932,0.0129098435802132,0.000184940720334589,0.000381982894976407,0.00170363331592768,0.079224966048762,0.0011821044726615,0.0751473317612441,0.266733890050681,0.0660495199085481,0.0364736055642278,0.0407817643840477,0.0103636953242047,0.0625352781308012,0.000584678383275449,0.0509594037752825,0.0323232853783564,0.104995290804524,0.00011635324837032,0.000863647383694679,0.000306493503243029,0.124392267338491,0.0965810016796457,0.0706126620034079,0.0236020236921989,0.527969152126259,0.000242706331294656,0.00205823465296561,0.0177089058012487,0.975218648439902,0.0175065875248575,0.0475894867526067,0.000121063818492442,0.0153985270607812,0.00207207687870246,0.0406971330466212,0.000317569456341982
0.000353475785079598,0.58171219272353,0.00214958751882917,9.94452707555293e-05,3.36690379431248e-05,0,0.000908159804602536,0.000288509487105847,0.121673050490312,0.00235237038559031,0.32461962135114,0.000861527994833052,0.947968944974168,0.000342186967910766,0.00961581700379302,0.0537429621813333,0.000754559039403412,0.00359798569799387,0.000328738104272545,0.000591769361433625,0.00178272450183299,0.302919192879382,0.00471904301574314,0.0231974541818932,0,0.956679665295778,1.07240363667045,0.000861722693785516,0.00227207802847478,0.00035381369155547,0.353654976139133,3.33835359740556e-05,0,0.0200911942829518,4.41752018051148e-05,0.00374147805651396,0.0260574022004639,0.00830015185873613,0.00256985133150402,0.00618321635903144,0,0.00820327808164352,0.00297391717991987,0.00267768634014589,0.0225916679629619,0.000597341751780599,0.00162715026580283,0.000733551689492017,0.0123148894938978,0.00114708352976191,0.0228710637851623,0,0.000535168392418534,0,0.00174709055136728,0.00619399193827936,0.00246172047951821,0.00323661363096568,0.00489085928998712,0.949419150873882,0.00348168732662177,0.284545297105658,0.0142297601424515,0.000272720226703405,0.00103822516000184,0.000228733822701126,0.00224020969679463,0.000811552793944446,0.00544923519675499,0.000391775120274246,0.0019558576106407,0.000443990002374351,0.00154596419024542,0.350518371080179,0.233413306480073,0.35341795406765,0.00354478928809917,0.0100459798554466,0.00131792466570363,0.0860816771864698,0.00722557742264698,0,0.133979605589093,0
0.162901289599285,0.0704195479179377,1.61574475375708,0.000836094009147492,0.00547468914088368,0.00900025705913454,0.0641139501353767,0.143234995998367,0.0267178928828513,0.0539109242087469,2.8796845711812,0.0109770798908952,0.556270904796196,0.31226111137889,0.00507160734405035,0.021895419399811,1.37107522539542,0.546754776908264,1.68014466973271,0.0118047163728025,0.521334039984845,0.0502463680562465,1.67269695601369,0.00906425274110567,0.956679665295778,0,4.13411387767926,0.0169022772786552,0.0918594427243519,0.210856152508989,0.116969259219441,0.00709242707507764,0.0195293460379691,0.702959123415025,0.0517273299855663,0.687194145112742,1.60929962716849,0.823049865029021,0.552813556112837,0.00723004845656989,0.00705055373405231,0.0763702121765451,0.0206080542765672,0.0275530726016076,0.00907265920780738,0.016703624342543,0.000923153956907365,4.05863138331771e-05,0.00177282460928044,0.000160176824962973,0.0207777933235708,0.00937620898124039,0,0,0.000339137663743347,0.00125185386580425,0.000237964968908101,0.00299652665502247,0.000236994215430856,0.585215831247499,0.000549760330900282,0.260946826800148,0.00170984316790939,0.000128207531506896,0.0109611722566321,0.00467865090328635,0.0124025681985358,0.0158561705834233,0.000277220643262833,0.00372895754056042,0.00519861636766142,0.00638480737823463,0.00259293583684072,0.251909394794372,1.68292584715518,1.46011603108482,0.00136923676629582,0.00151584215155041,0.00256012828056553,0.711169048041933,0.00049706805892697,6.0859151179254e-05,0.0132212125102776,0.00844253566495881
