0,9.5818356020981e-05,0.0198019776468266,0.000217094729806638,0,0.00203042389932045,0.249293210301683,0.0757177194949507,0.000258184261074167,0.00445366880977807,0.00118929254969421,0.000894686823501855,0.000674284551082641,0.874048095826507,5.3045791196388e-05,0,0.040212199494887,0.0015150745867636,0.00803572827552907,0.000195490040167683,0.0103090112941058,0.000502313166318115,0.0410342989534794,9.26143479816971e-05,9.68127525928113e-05,0.012685361372266,0.00999588843843951,0.00176883936382865,0.253442142249086,0.777974777641204,0.000196025821492529,0.000891896482067038,0.00152956257547194,0.00983408690343432,0.000463655466744536,0.0032146513745507,0.000115879809664849,0.00457235837031938,0.00133496211825854,0.000511189939637402,0.000425169628595212,0.000118570381260389,6.3794865907073e-05,3.66240170227289e-05,0,7.04357163048983e-05,0.000202419542112553,0.000129808555471659,0,0,0.000121291590682596,0.00024263567263915,0,0,0,4.1495565290618e-05,0,9.60329677990078e-05,0,0,0,0,4.4633550074929e-05,0,0.000273917558417362,0,0,0,0,0.000290488368669868,0.000397928713096457,4.14243205514014e-05,0.000983894438221553,0,0,0.0014789302354674,0.00165400081026587,0.000128413146715999,0.000215882639025956,0,0,0,0.000117505994860682,0
9.5818356020981e-05,0,0.00660495602179637,0.00026375822183131,0.000568084585595489,0.000391816000472594,0.00299452274300828,0.00153018873893393,0.294804516673475,0.00253880497002957,0.0602509984700632,0.00099053812313939,0.147960827613047,0.0020523357548365,0.00392479155956547,0.0648170193033718,0.0051273508564265,0.000858644986615008,0.00179494951645468,0.000270178593959987,0.0390431386301925,0.338798104559957,0.0228248282318716,0.12818826613231,0.17949616297277,0.0370657877352157,1.7678495558862,0.0336093162092721,0.00198703616686539,0.0140049217705943,0.0136739055904726,0.00103874163928817,0.000632405820992362,0.0373898173873254,0.00736312670754378,0.0559336946053561,0.0252669645754369,0.0263714577857806,0.0203943128521602,0.00155832876549876,0.00040448788017438,0.0360359353459615,0.00768571901448122,0.00598595268681606,0.00373038637269938,0.00164510603160155,0.000235955226717109,0.000202606286960805,0.00874451767353945,0,0.115343753887382,0.00436869648353214,0,0,0,0.000233473266580516,9.47199444115517e-05,0.00145280551314522,0,0.0106950643841026,0,0.0191338283419244,0.000222889223680452,0,0.00798489727560028,0.00218156103760961,0.000341175534258964,0.000407053754828134,0,0.000927009405937396,0.00345306812082931,0.00415989715207055,0.00367783591168226,0.0104664288709398,0.0354667753342568,0.415276148888113,0.00214133820471563,0.000700724519419098,0.000515430267501631,0.0102185078912844,0.000342688437379617,0,0.00280816748988026,0.00181082358764577
0.0198019776468266,0.00660495602179637,0,0.00141613363836732,0.000553693141692039,0.00698179551983159,0.463625589323937,0.174382967461404,0.00118869866509679,0.0227548065068685,0.00215177673932956,0.000818918890190802,0.00241158341647774,0.209138833766836,0.00134190646852499,0.012152595594981,1.70931632190601,0.0124114664088344,0.20492763870445,0.000761693930506764,0.343358495073387,0.00958829606557258,1.91034156269583,0.00661634529435337,0.000187650745053041,2.27405860335558,2.3166399670211,0.327434655794466,0.0547477532261886,0.19920408474048,4.8525859432602e-05,0.00144833302229542,0.00412300479024791,0.250059583588153,0.0268629067239154,0.437264868226102,0.101185590593103,0.18277263136765,0.213191774549028,0.00475750906213475,0.00340002743484042,0.000238840004618007,0.0296060581173165,0.00523470431140624,0.0132503145854946,0.00951827616589509,0.000506918017405695,0.000335710875840693,0.000205933982747442,0,0.0393326763706144,0.111898960346973,3.90846480543554e-05,0.000232084136769354,0,0.00301585500499766,0.000412755332609219,0.000394648592051765,7.9209398218882e-05,0.000851034647002759,2.93734508382857e-05,0.000170401497260785,0.00163797546302307,7.92673259793762e-05,0.0195233228924412,0.0130977241874759,0.000685871731055892,0.00294546346727604,0,0.00252860145266633,0.00955783246754977,0.0281852382648513,0.00460006306550793,0.000920078747806729,0.094550406209924,0.884484381246608,0.00573515237671586,0.000359804111706871,0.00186508571043335,0.000436945238332638,0,0,0.004329563925069,0.0116873474153873
0.000217094729806638,0.00026375822183131,0.00141613363836732,0,0.0049656888535213,0.0123388632982979,0.0143503761729753,0.0146099078534159,0.327318790177146,1.01316998756635,0.00241105056181676,0.475883119459892,0.00675295797033101,0.0112407947074751,0.0610503532968624,0,0.000708262335247883,0.000781944518157008,0.000409761375227901,2.05045687747713,0.000434869509670219,0.000284668401412207,0.00153860692113914,0.421040347648914,0.00110294283100716,0.00300066785077346,0.00162650610869386,0.532661078564301,0.00964344943648529,0.0008523827771931,0,0.00413975742004104,0.000483541357853258,0.020480972558081,0.00496748547191187,0.0465106073016784,0.00106572239981923,0.0222068078829844,0.00500041598210476,0.0436248243572068,0.00963833422919094,0.00038896618677102,0.016346589416515,0.000109281939980394,0.00892325444548883,0.00230880912200553,0.0528707424509039,0.00511066240262373,0.000486416287332824,0,0.000506250354113475,0,0.0847909590767008,0.00168039759385617,0.00560967287923815,0.0345010813183569,0.00838273464124318,0.0358158211524812,0.120934780910009,0.000215813234969631,0.0421694520852658,0,0.00222028629397491,0.00772478641628026,0.000106596510888663,0,4.06759019593775e-05,2.44399117053568e-05,0.055052298030088,0.000221407342319131,0.000524226096845632,0,0.186310494852481,0,0.000202588941979951,0.000599662799380144,0.143549622890264,0.000889186099545987,0.000100427987618715,0,0.000812304603545591,0,0.00519584952493537,0.00065078131660921
0,0.000568084585595489,0.000553693141692039,0.0049656888535213,0,0.1293525099584,0.00540636033387975,0.00819456185087908,0.0272390824243118,0.0128093764693851,0.0004251554055354,0.0677360538661538,0.00265289440733983,0.000961652084691865,0.339604453830362,0.00424338649561689,6.98087959470868e-05,0.000510842542004812,0.000286391820297826,0.00755626169158097,0.0112732833265279,0.00089368494134001,0.0103850085383312,0.0230603188013385,0.000368357591783226,0.000899048890929402,0.00325504133223679,0.0190695443326387,0.000330632767411238,0.00173857641998601,4.37977352449477e-05,0.258578944103882,8.4783749490392e-05,0.0912798501433376,0.0813222164375227,0.0117627902410993,0.00324391728694647,0.00161019882324089,0.00682539978746411,0.983702345785819,0.272159425880294,0.000225320708738053,0.000934964378867046,0.00400129377397087,0.00153672245676091,0.00645634231056552,0.00261976546100056,0.00030847640821681,0.000403780614776242,0,0,0.000287603094947356,0.00112422304708448,0,0.000317870661339277,0.00110663142788669,0.000185083012165189,0.000213349403036529,0.00174675023672862,0.000159191150489074,0.000680188360458732,0,0.00028942495855608,0.000579477096350282,0.000835064733055083,0,0.000343359705251086,5.36045909299255e-05,0.00128045747288513,0.000679466290617031,0.000335014027084231,0.00211225307633924,0.00246040015426684,0,0.00219507607074002,0.00411492700932517,0.0031247209725837,0.000279171806377912,0.000187727329747152,0,0,0,0.000105259378723747,0.114145396481241
0.00203042389932045,0.000391816000472594,0.00698179551983159,0.0123388632982979,0.1293525099584,0,0.230379570486991,1.02362519584829,0.0198940025835749,1.23508050217573,0.0179888723846491,1.04898030704272,0.0253122048817261,0.129992172083724,0.244549376072035,0.000416821129071745,0.00538084355906002,0.00994827512771625,0.00445204381587045,0.0355181693111065,0.0030579721572729,0.00106828626266582,0.00831307452596298,0.0110105814263165,0.00189412092098159,0.0177077244110275,0.0078406602300138,0.118542902859501,0.0394240103075461,0.00854396341891697,0.00131520091092821,0.207788072608798,0.000782936747154712,0.0329865975600867,0.257502582796088,0.126223925282733,0.00295145334996783,0.0344245057750063,0.014291781398584,0.492411982433873,0.135092415928299,0.00397251815016999,0.00561126148291084,0.000117920718925405,0.000801145407574361,0.000793536772623144,0.00418845173815754,0.000478527243320402,0.000845206987928395,0,8.23875445538519e-05,2.6041099593848e-05,0.00136603671111228,0.000290512073769555,0.000199760174370122,0.00388562766342125,0.000231415545457035,0.00156148628477707,0.00299641159518839,0.000238368487039578,0.00297971443598669,0.000332953309092063,0.000214495652656016,0.000520911481096417,0.000211613996676159,0,0,0,0.000971616874917917,0,0.000457641867983565,0.000312084596432886,0.013091196713491,3.89042830700457e-05,0,0.000158730990735826,0.0143631802198516,0.000213497905997446,0.000286393965932947,0,0,3.85179195628107e-05,0.0009867034716924,0.0259424685361538
0.249293210301683,0.00299452274300828,0.463625589323937,0.0143503761729753,0.00540636033387975,0.230379570486991,0,1.41717402831072,0.101178582112918,2.1498138845155,0.0336894127574092,0.0242116188137043,0.0752887823263382,1.49159170606137,0.0587194696547493,0.00558792063659739,0.134562861407702,0.0266690488890077,0.0447950698340726,0.00578899722393193,0.30421605585081,0.0125408691825816,0.675944050030253,0.0610691284663835,0.00736959912339057,0.279914981035503,0.200462932622552,2.59040263849784,0.411891584549775,1.94575491323812,0.00240552662200111,0.0392605087406394,0.0548653835889059,0.383281086846799,0.170252936911807,0.7440746156395,0.0431065964316107,0.366175706548486,0.148351986807843,0.136799032878395,0.102567813422713,0.00605088068939669,0.102455296174308,0.000823050878838671,0.0271042398139417,0.0137536046300856,0.0359967006350827,0.0127214181693634,0.00331183601309842,0.000225969287285972,0.003539737196901,0.0106684961010817,0.0173455638873593,0.000828224095067901,0.00428722437047349,0.0708323693040867,0.0157835664938675,0.025836511257795,0.0442792194191832,0.000506408350083772,0.0080542845266446,0.000226968424877739,0.0126410192534106,0.00428507227211925,0.00499698311290084,0.000789878848672691,0,9.86397236029297e-05,0.0148328049290679,0.00422770771890602,0.00733572290148171,0.00397067484995515,0.180903290983434,9.08465267348972e-05,0.00504631852397523,0.0677466940312339,0.270389073141656,0.00641556703366904,0.0113671107240251,0,0.0024358406705723,0.00049877622942296,0.0168224454055376,0.0145270907891294
0.0757177194949507,0.00153018873893393,0.174382967461404,0.0146099078534159,0.00819456185087908,1.02362519584829,1.41717402831072,0,0.0348342923340232,1.52279509546575,0.0359808352934234,0.283469110123863,0.0664783059687188,2.06598490121602,0.0252863014417378,0.00175000429861791,0.228460191469661,0.01680225030603,0.0576243608578823,0.0379497773412435,0.052143922214727,0.0100225118366399,0.2224004162539,0.0166574777972343,0.00547947388837912,0.140706826404989,0.103617348429378,0.137596873768746,0.174269563996586,0.340293614346178,0.00237993252972436,0.0724391769181087,0.00890779301196266,0.11848175969804,0.128823853383908,0.265800279063697,0.0084890095328353,0.099916660946395,0.0433491318451707,0.128586065850613,0.0287495618021825,0.0111650833943596,0.0279914058111836,0.000928180260155956,0.00658500539086472,0.00265009297354185,0.00943701778924802,0.00236307424385571,0.00218470687436539,0.000268653194379565,0.00136748947502028,0.00131376266625664,0.00264503857240598,0.000258544460118759,0.000247712565647483,0.0209240129600238,0.00145439070310804,0.00931748311831839,0.00515792073139883,0.000484568178087121,0.00305824102422124,0.000440798932839817,0.00305728678920007,0.000689029452173084,0.00299822160953812,5.95628617030203e-05,0,0,0.00123827563563449,0.00475021415501835,0.0047505288547513,0.00113169844862534,0.061797356315987,2.09861894729615e-05,0.000359262597718862,0.00869012627952656,0.086941302773098,0.00201502783307287,0.0114342648471777,0,8.49410258611797e-05,0.000259824000190025,0.0058737734922201,0.0107181553626498
0.000258184261074167,0.294804516673475,0.00118869866509679,0.327318790177146,0.0272390824243118,0.0198940025835749,0.101178582112918,0.0348342923340232,0,0.30999133322999,0.0290886552015883,0.29770502324478,0.118983576878203,0.0282567378344379,0.196412852693771,0.0108401262201667,0.000958541593874173,0.00175323384366416,0.000539116089381027,0.152319487855388,0.00702314054622121,0.674571926099646,0.00468129590076026,2.66733420824254,0.0703970793311069,0.0105333070430379,0.343109033948942,0.981338673826817,0.0222501527795235,0.0468813884365978,0.019023686579256,0.00738953140234087,0.00220001340751549,0.0299680682424933,0.00553120625689808,0.0790825252367,0.00940118894065247,0.0302172987725909,0.00977257623065731,0.130466332037036,0.00903598024831078,0.0057831861704938,0.0974818924374069,0.0042763605788764,0.0271067158044738,0.010628765184657,0.0759760678949182,0.00971470728645392,0.00783669349914835,0.000731457530671638,0.0028371273157982,0.00102577620028293,0.0951508046484238,0.00578226081159684,0.0156000985525959,0.0784178774876525,0.0254219105122444,0.407244051130323,0.175166892479758,0.0141383725285222,0.0681244645484305,0.0140748627688183,0.0256522728426453,0.0206505842641657,0.0257847288332322,0.000464853841256523,0.00113035367290953,0.0008320948208281,0.0837027842770821,0.0256731810235825,0.125516659785868,0.0118194478141215,0.709694754015498,0.00385473868555678,0.00637579787096932,0.0211485752679205,0.512377507085488,0.0162532499447814,0.0326146936612573,0.00395674315335158,0.00422743623682775,0.00139523393905123,0.0216694298041241,0.0170505028916189
0.00445366880977807,0.00253880497002957,0.0227548065068685,1.01316998756635,0.0128093764693851,1.23508050217573,2.1498138845155,1.52279509546575,0.30999133322999,0,0.106765069818472,0.834903620179004,0.102899012304324,0.578657798620568,0.0866613672610267,0.000507219867460811,0.017601505117273,0.0660812397482878,0.0302941601834282,0.809250574262707,0.00687321395420647,0.00347354409889292,0.0201966325002716,0.185204468682374,0.00878978560981707,0.111181071650464,0.0394132536726528,1.07170718565789,0.24928590872072,0.0133245386509671,0.00656656458720461,0.113757393588109,0.00230474648695426,0.398679673533338,0.0432412072673158,0.644808431340496,0.0143070967292769,0.445698650043304,0.0838385243706439,0.198881875387728,0.160352986210508,0.0155143209374577,0.0527355009586278,0.000270155678664639,0.0165005030834386,0.00530901026203753,0.127407429268667,0.00792053241887091,0.00382745099170213,3.37702367482513e-05,0.00039985956970402,0.000215511591141203,0.142147666237595,0.00453642876901697,0.00668669072066497,0.0943737709537492,0.0123293005206746,0.0560063718938774,0.235296853195673,0.000575601802888322,0.0587414548479861,0.000231815851204762,0.00379994213069343,0.0185987670092963,0.000252911101687491,0,3.57882855609834e-05,0,0.093178225935553,0.000500245351056397,0.00154842454010214,0.000310799034103531,0.342819642958555,0.000134674928327224,0.000117064726788452,0.00127455505663614,0.330222624091019,0.00143875883199933,0.00102808616516731,0,0.000457781117070305,0,0.0132611723614154,0.00293759549348828
0.00118929254969421,0.0602509984700632,0.00215177673932956,0.00241105056181676,0.0004251554055354,0.0179888723846491,0.0336894127574092,0.0359808352934234,0.0290886552015883,0.106765069818472,0,0.0401799113084304,0.436081893297186,0.0797788290303617,0.00107547624646963,0.00219713066994246,0.00913183469839006,1.00084339849663,0.0593344613650691,0.00832196700980692,0.00265991641950575,0.0449315148302012,0.00981757368966329,0.00823358426893321,0.137551773134966,0.356717857184934,0.0522852885167968,0.0129014964108198,0.118180538818612,0.010336069479595,0.050270451820762,0.0720007029366905,0.000122654110669223,0.707585052219983,0.00365686703866943,0.083627564525024,0.279809497519083,0.358379023367823,0.0665251544043991,0.0060117540851807,0.00100692361457926,0.0905012129462099,0.00107731201941033,0.0202462423398333,0.00558013389857374,0.000575085639425706,0.000749050431107572,0.00074808118102835,0.0750081904122679,0,0.0106840499241643,0,0,0,0,0.000138415645711452,0.000534220557388032,0.0039388878974653,0.000342268680506131,0.114095780487787,0.000388850993808117,0.253679219201997,0.000893600065894236,9.01783939478753e-05,0.000343131355265355,0,5.20032933463872e-05,0,0,0,0.00391381227444105,0.000257719524843552,0.00256611218082701,0.0277437147018873,0.00873043477986455,0.0357631386230151,0.000787303950504366,0.00419797776794013,0,0.0774195769349115,0.0040750736929731,0,0.0235235809345526,0.00169628125458828
0.000894686823501855,0.00099053812313939,0.000818918890190802,0.475883119459892,0.0677360538661538,1.04898030704272,0.0242116188137043,0.283469110123863,0.29770502324478,0.834903620179004,0.0401799113084304,0,0.025390787829082,0.194297457571737,0.500296669444583,0.000358504337287209,0.000809271065997364,0.0249816718051737,0.00956314112205979,1.56106010399927,0.000774023857838099,0.000279183131294578,0.001329321833682,0.0794414050930421,0.00410705684163647,0.0386038863382821,0.0141936726823775,0.100021549288203,0.0709206074778578,0.00135968965915311,0.00311816134917437,0.0652927610976565,8.34290156582117e-05,0.0894074867413286,0.129531578788226,0.0821744231848796,0.00448305482289316,0.0757430589959926,0.0173553852491173,0.324885577396226,0.0193534969453477,0.00526154390099333,0.00564709167197983,0.000400767294025204,0.00216251700114016,0.00081576438752629,0.0436229311940114,0.000894675305521908,0.00150285652205354,0,7.14929505875319e-05,0,0.0221523282261426,0.00150063820957495,0.00177470093841769,0.00716062588798298,0.00245844826473095,0.00799867956535572,0.0417832589190816,0.000392198662868938,0.0534365709604039,7.26178162545294e-05,0.000769542525567503,0.00688542898913933,0,0,0,3.61702656541347e-05,0.023891276036262,5.23604384808659e-05,0,8.2636245164728e-05,0.0512281332738325,0,0,9.64157947379229e-05,0.0305838229849794,0.000294774424011448,0.000266131031008196,4.38631705344677e-05,0.000355956476754096,0,0.000886568444442181,0.0273778169271985
0.000674284551082641,0.147960827613047,0.00241158341647774,0.00675295797033101,0.00265289440733983,0.0253122048817261,0.0752887823263382,0.0664783059687188,0.118983576878203,0.102899012304324,0.436081893297186,0.025390787829082,0,0.0751180417726561,0.00767964959191075,0.0107089497477121,0.00205670479886904,0.00444692028930368,0.00128101272069305,0.00735262124359377,0.0160194988667184,0.132179003197193,0.0172153783451131,0.0467076412996346,0.623528885359509,0.0273471294152576,0.247515087709283,0.108197793685309,0.0360057351257469,0.01614535067138,0.101363499301274,0.103586870042269,0.000638627849118504,0.646471433939139,0.0376333998576615,0.227697751114819,0.158580658004481,0.336310058101175,0.102888938047216,0.275586688372917,0.102184067263435,0.252124837573635,0.0520933543008175,0.0488272052897915,0.13496252268167,0.125022418665616,0.07785018941455,0.158393089930003,0.213460018547973,6.57121466556012e-05,0.0312053639613022,0.000140178127003356,0.00291095351075301,0.0029125456334428,0.0169413669557463,0.0119388079009958,0.0283397399652385,0.0105419925432975,0.0307067935263694,0.278424393116862,0.00924892585729707,0.606279131045985,0.0245901718251624,0.00210187436282232,0.00452712334913757,0.000112190999976927,0.000315378152926952,0.00012268196004779,0.0043843484771003,0.0031752980855198,0.0108922618320668,0.00343297921929075,0.0221297808940551,0.13670263089207,0.020779162894636,0.0873619384048306,0.0315541062862397,0.0257566083279979,0.00264186958121964,0.148102648383892,0.0560919036736393,0.000198855962484348,0.0848810615770332,0.0094837653932409
0.874048095826507,0.0020523357548365,0.209138833766836,0.0112407947074751,0.000961652084691865,0.129992172083724,1.49159170606137,2.06598490121602,0.0282567378344379,0.578657798620568,0.0797788290303617,0.194297457571737,0.0751180417726561,0,0.00614949927476403,0.00191469253776899,0.414079982267574,0.0407876296776801,0.0901372417566034,0.0289425854084506,0.0806211244747977,0.0112901548043229,0.348963325317778,0.0126657962448325,0.00646343264958241,0.195187364595908,0.136222766494645,0.0935401209599106,1.30579995921187,1.53314693392649,0.00542705079866903,0.0705959837195668,0.0114396217016915,0.199047316496896,0.0094156046885906,0.21932339255921,0.0106090452928692,0.0965429448470905,0.0430655736936574,0.0430339393094269,0.016795637188734,0.0177203394818583,0.0175370079880619,0.000701677503916732,0.00285684711324824,0.00194918991007622,0.00684428672965655,0.000903852520411903,0.00218483266386984,0.000261285550671309,0.000970025114221773,0.00216992749612163,0.000406118975320524,4.26516808826447e-05,0.000108964934457564,0.00815184518665051,0.00137795207233976,0.00626933211218904,0.000641143641401535,0.000869998000571129,0.00271699768745363,0.00225481398818707,0.00320818600990148,0.00040300250831666,0.00609235032058426,2.48570293160081e-05,0,0,0.000361838678399801,0.00820636169664023,0.00683566361735817,0.00268267902812331,0.0408245381997772,0.000387069465068227,0.00091818881403345,0.0143257973456562,0.0627877310768744,0.00255211037373101,0.0107675161922605,0.000238255016288915,5.85575241471887e-05,0.000920699071104406,0.00316743467504599,0.00061736190217292
5.3045791196388e-05,0.00392479155956547,0.00134190646852499,0.0610503532968624,0.339604453830362,0.244549376072035,0.0587194696547493,0.0252863014417378,0.196412852693771,0.0866613672610267,0.00107547624646963,0.500296669444583,0.00767964959191075,0.00614949927476403,0,0.0101488659480857,0.000763574614793668,0.00115037936158024,0.000617928531938922,0.0597427317849615,0.0423189735537263,0.00521798373669978,0.024199537826119,0.261809189458679,0.00153941821473828,0.0132745067772628,0.0190831451429082,0.191936160374481,0.00358320998689561,0.016540846967011,0.00036281312802426,0.0501320993791428,0.000591533975158081,0.0068959404446328,0.12789473660448,0.0247733526901078,0.0138413391390477,0.00770238700576986,0.0137291214063878,0.315425883190146,0.00932956070755113,0.000485138552842033,0.0088481178598277,0.0112196922280888,0.00450290576515986,0.0188413126595981,0.0198900125030217,0.00225362038321573,0.00121147337088415,0,0.000477417934604991,0.00105978161663055,0.00651639610587031,0.000404609180957508,0.000622191299021995,0.00472297318467207,0.00127285346925881,0.00268049343109557,0.0115976564864838,0.000725246715573215,0.0070549764380594,0.00117395267802538,0.00164931467953616,0.00387633892157683,0.00364129935452061,0.000104031992065692,0.000938355570534772,0.000810844678744908,0.00765131300059704,0.00151675617234605,0.00181981270185673,0.00495634975945634,0.0174923340811792,0.000445262051344788,0.00610917041283139,0.0126396630386953,0.0198225996465491,0.000798262152240718,0.00117443552710218,0.00167375465047684,0.000534489613011855,5.24284669613004e-05,0.00070734816524573,0.171481018986
0,0.0648170193033718,0.012152595594981,0,0.00424338649561689,0.000416821129071745,0.00558792063659739,0.00175000429861791,0.0108401262201667,0.000507219867460811,0.00219713066994246,0.000358504337287209,0.0107089497477121,0.00191469253776899,0.0101488659480857,0,0.0153659553630052,0.00117872416905297,0.0057932716099144,6.7556528463602e-05,0.500821254957251,0.790612712811784,0.506520666954427,0.503138356669408,0.00569556383788076,0.0192832548473826,1.18169236353012,0.353909964601811,0.00522625353441472,0.0535682416529239,0.00120178047299584,0.000973807416998375,0.00173514072284376,0.071680019442044,0.132759455109549,0.676648855793392,0.122825655528929,0.195333238778644,0.269818897698257,0.00560744780296296,0.00264931903549405,0.00028599335523299,0.0804196938620561,0.0142919686502234,0.0205033634672252,0.0218747742132895,0.00349386603000792,0.000891575463899387,0.000997151514673019,0.000516639229779568,0.00614858768259549,0.0161892169835807,0.000124408031359649,0.00167442112248085,5.68693524741172e-05,0.00954572985248901,0.00175208983401754,0.00353844475669219,0.000930293636158556,0.000811147395390891,8.88828691143393e-05,0.00103256481649096,0.00702478483329372,0.000793893533824959,0.692182425342,0.00297001581640472,0.000251972816326174,0.000897763504112119,9.53950954876898e-05,0.120149313065918,0.320699199124818,0.444911352889504,0.0927405890392335,0.000562745762753594,0.00582823131393681,0.282818343664352,0.103864238451102,0.00557262719226032,0.0260870788959246,0.000334917225592932,0.000289062036880419,0.00116707056653478,0.00651874689705734,0.0275453710832841
0.040212199494887,0.0051273508564265,1.70931632190601,0.000708262335247883,6.98087959470868e-05,0.00538084355906002,0.134562861407702,0.228460191469661,0.000958541593874173,0.017601505117273,0.00913183469839006,0.000809271065997364,0.00205670479886904,0.414079982267574,0.000763574614793668,0.0153659553630052,0,0.0285759811033204,0.725581763601376,0.00022047407440927,0.179892123377176,0.00299510358925239,1.01153243579167,0.0117689693674925,0.000571666374601519,1.14511294993959,1.57740998707979,0.0932759315180734,0.357148421045533,0.367144734216614,0.000303362585273906,0.0029637007537152,0.0310189759269063,0.4220610552974,0.00463069947052636,0.067179938835527,0.0171350770270376,0.0665897517422295,0.0443726174549085,0.00306439746348479,0.00224612133800441,0.000582694998364237,0.00371661494714138,0.00124274853893767,0.00173318639149611,0.000769918075336991,0.00024026618502829,0,0,0,0.00813698358099941,0.00683733250025415,0,0,0,0.000142102658594501,0,0.000401648121120828,0,0,0,0.000270417516354361,3.18104930469752e-05,9.39640314539076e-05,0.00412704971832466,0.00107700608650556,9.52415136460897e-05,0.00025940403270205,0,0.00126250768619503,0.00350742509253636,0.00374811680439763,0.00151136725616392,0.0011533150204318,0.0179989442811192,0.126023732955949,0.00189713776952534,5.69174822730005e-05,0.000404956554457188,0.000475196899495328,0,4.20390121053576e-05,0.000699536030624759,0.00115334255388863
0.0015150745867636,0.000858644986615008,0.0124114664088344,0.000781944518157008,0.000510842542004812,0.00994827512771625,0.0266690488890077,0.01680225030603,0.00175323384366416,0.0660812397482878,1.00084339849663,0.0249816718051737,0.00444692028930368,0.0407876296776801,0.00115037936158024,0.00117872416905297,0.0285759811033204,0,0.0672581715222095,0.00371994965024763,0.00471264364086308,0.000817163802345076,0.0240274549867988,0.00107410664018295,0.00106893135071733,0.647645168387643,0.0919818740532443,0.0100887194034247,0.0642982525930005,0.0102046515639539,0.0087400270040264,0.0294465679052204,0.000561456490537745,0.412961462483187,0.0156132831974078,0.275263108229172,0.316871016862054,0.395429303906932,0.176081138904257,0.00223034545704392,0.00143754219326199,0.000991795728589035,0.00118116229285483,0.00252881690251452,0.000695462404129768,0.00118152957381166,0.000137798321476364,0,0.000491358551609802,0,0.00231884814286998,0.000362229684201431,0,0.00026074920332002,0,0,0,0.000356558173832768,0,0.00439299900877266,9.14089376293864e-05,0.0145986805850863,0,5.79422928936005e-05,0.000269626068783146,0,0.000124885134609878,0.000121146104335475,0,0,0.000378579305360883,0.000107522549894917,0.000182620786167577,0.00394096229662374,0.0301889450929828,0.072833476802769,5.67106500677168e-05,0,0,0.0342159456226255,8.94695357776523e-05,0,0.000287961525707787,0.00691265228980742
0.00803572827552907,0.00179494951645468,0.20492763870445,0.000409761375227901,0.000286391820297826,0.00445204381587045,0.0447950698340726,0.0576243608578823,0.000539116089381027,0.0302941601834282,0.0593344613650691,0.00956314112205979,0.00128101272069305,0.0901372417566034,0.000617928531938922,0.0057932716099144,0.725581763601376,0.0672581715222095,0,0.00166854901716729,0.0400730292284255,0.0013056110890879,0.144383827223635,0.00250036695233909,0.000422680301339254,0.975124762489159,0.348008781781481,0.0222626099004559,0.0881521520559503,0.0581785063380708,0.000629683361046618,0.0056780095040295,0.00807088409893843,0.757455517817142,0.012850802683273,0.271664435020721,0.135325427894298,0.231833610716617,0.160016831956063,0.00214192154103731,0.00102015099219367,0.000203518037090218,0.00110113530234719,0.00103041401911998,0.00037280205335458,0.000604153120062906,9.80284391771377e-05,8.20234535289883e-05,0,0,0.00185170573384497,0.00163758059156798,2.79390060031504e-05,0,0,0,0,0.000413720118100023,0,0.000571353454122245,0.000154360400003117,0.000758009686326707,0,9.22565271257278e-05,0.00106702007906349,7.57761012042642e-05,6.15277895922243e-05,7.46892119625865e-05,0,0.00020308393868627,0.00101896799034559,0.000725133883247727,0.000104157498556927,0.00113560253484327,0.0173384045348005,0.0542209951175503,0.000118301553802264,0,0,0.00250165585159178,0,8.81483686298967e-05,0.000123793190620428,0.00677967883477469
0.000195490040167683,0.000270178593959987,0.000761693930506764,2.05045687747713,0.00755626169158097,0.0355181693111065,0.00578899722393193,0.0379497773412435,0.152319487855388,0.809250574262707,0.00832196700980692,1.56106010399927,0.00735262124359377,0.0289425854084506,0.0597427317849615,6.7556528463602e-05,0.00022047407440927,0.00371994965024763,0.00166854901716729,0,0.00016949961091001,0.00015191603235918,0.000414357286169139,0.0878148955242422,0.00160703304831334,0.00729226692773782,0.00298521272251861,0.178034157551024,0.0142662092036326,0.000625030053268915,0.000356685630701941,0.0080012578377437,5.75866571629703e-05,0.0197495316571785,0.00209415480643334,0.0328583361852439,0.000436332056182531,0.0221918687053837,0.00531739629262443,0.0486407499596781,0.00826114681031014,0.00130995985489402,0.00496247045349183,0,0.00329108319106264,0.000947506173406336,0.0350930638102359,0.00148218641885891,0.000284284995283443,0,0.000101991532554829,0,0.0401958725586633,0.00124054900405725,0.00207510274248034,0.013223859538477,0.00271699754485008,0.0122008460979062,0.0562495253929561,0.000168856644360703,0.0483689684029637,0,0.0010844884119978,0.00545091549368009,0,0,0,0,0.0269243862191662,0,0.00021858999396371,0,0.0726927605008948,0,0,0.000125607404096564,0.0559924383873055,0.000573525365595898,0,0,0.000344020473112642,0,0.00165130741511982,0.000149102475064588
0.0103090112941058,0.0390431386301925,0.343358495073387,0.000434869509670219,0.0112732833265279,0.0030579721572729,0.30421605585081,0.052143922214727,0.00702314054622121,0.00687321395420647,0.00265991641950575,0.000774023857838099,0.0160194988667184,0.0806211244747977,0.0423189735537263,0.500821254957251,0.179892123377176,0.00471264364086308,0.0400730292284255,0.00016949961091001,0,0.102801621515873,4.26481444012692,0.0597968136392963,0.00300993320124603,0.0938615638382662,0.544462722861302,3.20023795949498,0.0590675572099504,2.30155317023306,0.00070283178540757,0.00241064016412469,0.0274150739021945,1.1777938559964,0.359014198896612,0.937069558958127,0.131145656989973,1.05443821511739,0.528584705195634,0.0223195706025775,0.0159901022614496,0.000466659893421152,0.0344571820976421,0.003429309187201,0.0078344306482867,0.00694350023953036,0.0039721302553199,0.000776000152328094,0.000320846854704661,0.000526558711563346,0.00300647760322833,0.00737907073346029,3.00912337975443e-05,0.000985108095447501,0.000134499765082049,0.00422327148885101,0.00183266571221425,0.00110164698147629,0.00036438122530483,0.000130879670565558,0.000135346382680273,0.000401620168628916,0.00626181033597006,0.00115735854660586,0.16540111030399,0.000787034640388031,7.1968145143941e-05,0.000214190472259268,3.45318121642292e-05,0.0779060065831011,0.0921126297311103,0.0961015245378805,0.0436647544513163,6.57560378378629e-05,0.00338977668059598,0.0767871627134726,0.0786644540843002,0.00651709366106288,0.0259274899911946,0,0.00023252362778182,0.00280802546550883,0.00435089139777262,0.0462144029061958
0.000502313166318115,0.338798104559957,0.00958829606557258,0.000284668401412207,0.00089368494134001,0.00106828626266582,0.0125408691825816,0.0100225118366399,0.674571926099646,0.00347354409889292,0.0449315148302012,0.000279183131294578,0.132179003197193,0.0112901548043229,0.00521798373669978,0.790612712811784,0.00299510358925239,0.000817163802345076,0.0013056110890879,0.00015191603235918,0.102801621515873,0,0.147314337952809,1.33958663635832,0.0732876815497685,0.00723375026280179,0.6399977799643,0.238773308868772,0.0167076441921689,0.0744457445974577,0.018564488860347,0.00128298373665736,0.00321815034379614,0.0335631380191056,0.0240520413128714,0.128225190630394,0.0226149113184942,0.0435235250025933,0.0407413761928332,0.00350393503052876,0.00181432955762911,0.00970701396692631,0.0414592917755977,0.00916865541398964,0.00929362116787747,0.00852645253966171,0.00168503546973464,0.00077253115176953,0.007819667836189,0.000459981371550238,0.0321520880901968,0.0115959629924071,7.19568553296894e-05,0.000177686749019134,0.00017255070185968,0.00533656507649538,0.00111551038633131,0.00445394157748229,0.00036020963674494,0.0141434234194165,0,0.0165774932982002,0.00250865680230866,0.000640394077593219,0.328235628395045,0.00234822778489673,0.000330436174141654,0.000718042249829284,7.68366504712224e-05,0.0557363817845291,0.419501074659448,0.150554472868968,0.0520699074013325,0.00548652645061566,0.00437179295312891,0.420879508036359,0.0591660912840596,0.00412772375270522,0.0114239853199224,0.00567075288487236,0.000425566604001308,0.00111812115039226,0.00408705955520738,0.010489050051927
0.0410342989534794,0.0228248282318716,1.91034156269583,0.00153860692113914,0.0103850085383312,0.00831307452596298,0.675944050030253,0.2224004162539,0.00468129590076026,0.0201966325002716,0.00981757368966329,0.001329321833682,0.0172153783451131,0.348963325317778,0.024199537826119,0.506520666954427,1.01153243579167,0.0240274549867988,0.144383827223635,0.000414357286169139,4.26481444012692,0.147314337952809,0,0.0762386144866876,0.00254754732303809,0.538813144685617,4.23980018996775,1.5749474093823,0.198327621829397,0.978397335373778,0.00067480800707199,0.00829539200247963,0.0294023991067334,1.39868547240891,0.403552147734926,1.76820666070556,0.259658136768089,1.36130916431547,1.35988803104671,0.0174842397736006,0.0180945527861272,0.0018707229696205,0.102564018779243,0.0173696510175992,0.0340826906286726,0.0356775591237138,0.0035976773836497,0.0014895064439472,0.000786621739454989,0.000242657139959875,0.0131617909347512,0.114330104195936,0.00010815317355752,0.00207790247600509,0,0.0211950296658281,0.00396151673626371,0.00111395716150524,0.000609525643417183,0.00112683178398095,0.000132992572685552,0.000313646822834533,0.0111611469283577,0.000953165106140889,0.459532797533377,0.0121711656413456,0.000947240522716771,0.00193238267518557,0,0.0657625285815583,0.180562430635954,0.492063314723506,0.0494110942858353,0.000544718066253209,0.0195266321035154,1.23657447963293,0.0942971567692212,0.00204100878687237,0.0159058191996446,0.000394239991164574,4.40937231967449e-05,0.000670797207318297,0.00990336441555354,0.079983697330114
9.26143479816971e-05,0.12818826613231,0.00661634529435337,0.421040347648914,0.0230603188013385,0.0110105814263165,0.0610691284663835,0.0166574777972343,2.66733420824254,0.185204468682374,0.00823358426893321,0.0794414050930421,0.0467076412996346,0.0126657962448325,0.261809189458679,0.503138356669408,0.0117689693674925,0.00107410664018295,0.00250036695233909,0.0878148955242422,0.0597968136392963,1.33958663635832,0.0762386144866876,0,0.0213927507803961,0.0152431467336987,0.507496608784744,1.59737789412135,0.0183692504847503,0.0259969029064922,0.00309962686813791,0.00573655362344192,0.00495622801331132,0.0489910112099943,0.0580869914832916,0.321153200990828,0.0606840682920754,0.0599767600404696,0.0492144570329257,0.10217003084097,0.0111280350878641,0.00185957178138771,0.286227469296352,0.00714925102277347,0.0804276638434623,0.0353752997963765,0.0782913036570273,0.030989841694639,0.00773401397022735,0.00220942155680653,0.00722462564888081,0.00559463648769285,0.0546057597953404,0.00218453059442464,0.0163468727193315,0.177202254380607,0.0424712300356338,0.203776865401629,0.12837641892088,0.00479892855610408,0.0252372537333482,0.00251756171679534,0.0580334493571093,0.0113372963583326,0.134593847432775,0.00150302876521655,0.000426111426391939,0.000311076279559573,0.0384776480626121,0.0694521596221147,0.148490226965613,0.0737419007150849,0.860780074224819,0.00196065199162381,0.00441597734586382,0.0628498232606475,1.0348735247023,0.0350465498501117,0.0824489097863542,0.000370237668359566,0.0105043592484728,0.00576101356765679,0.0489143900927395,0.0238942797257879
9.68127525928113e-05,0.17949616297277,0.000187650745053041,0.00110294283100716,0.000368357591783226,0.00189412092098159,0.00736959912339057,0.00547947388837912,0.0703970793311069,0.00878978560981707,0.137551773134966,0.00410705684163647,0.623528885359509,0.00646343264958241,0.00153941821473828,0.00569556383788076,0.000571666374601519,0.00106893135071733,0.000422680301339254,0.00160703304831334,0.00300993320124603,0.0732876815497685,0.00254754732303809,0.0213927507803961,0,0.0381052026848972,0.899258468413396,0.0183147790989152,0.00488524721354158,0.00255912469846802,0.0674167123851018,0.00501664520636828,0.000118402109058076,0.0739157734133871,0.000777969893635962,0.0203717404832751,0.0176022913082576,0.0413730529300825,0.00408999846542013,0.0425891441772441,0.00472884559055007,0.155560366896674,0.015001078079146,0.00808654147414559,0.00725989281934474,0.00300330613293393,0.0664994120219697,0.0117700307548296,0.018082742620256,0.00032607562269966,0.0477459759702978,7.39410610264775e-05,0.00193688807125865,0.000609391901021808,0.00374120589137544,0.00660976611889885,0.005762340438947,0.00440759969159072,0.00505587842978228,0.0684516799728748,0.00256110879227587,0.211224792477463,0.00613207551750908,0.00176987078906059,0.00421176502029954,0.00010417346796189,0.000121094977667904,8.18507057687518e-05,0.00224124748833444,0.00399712556840623,0.00331469065776987,0.00230182388181331,0.0127751154986801,0.191498896235095,0.0278460176345481,0.158502476113187,0.0180538245991205,0.00414853822555139,0.00281015469902744,0.0734009771503495,0.00769702203162874,0.000159280527819583,0.0150782985547811,0.00155028497248944
0.012685361372266,0.0370657877352157,2.27405860335558,0.00300066785077346,0.000899048890929402,0.0177077244110275,0.279914981035503,0.140706826404989,0.0105333070430379,0.111181071650464,0.356717857184934,0.0386038863382821,0.0273471294152576,0.195187364595908,0.0132745067772628,0.0192832548473826,1.14511294993959,0.647645168387643,0.975124762489159,0.00729226692773782,0.0938615638382662,0.00723375026280179,0.538813144685617,0.0152431467336987,0.0381052026848972,0,2.89564705821561,0.130432952623996,0.149250513041363,0.120958337985005,0.0530271659405062,0.036325309090094,0.0069663626596713,0.853311396224669,0.0573092014697879,0.988402655793853,0.761764918862327,0.795514404611675,0.550074480909559,0.00624162584836132,0.00358331062990746,0.00693310245662644,0.0208674723921267,0.0377455847783389,0.0117136763021312,0.00875229188219478,0.000606363637611449,0.000466291754649049,0.00566469857169768,0,0.0665465209680296,0.00886765525415944,5.57356015083015e-05,0.000281711948767507,0,0.000306213138320098,3.43110530757606e-05,0.00457765849494255,0,0.0525119831845211,0.000221591259229067,0.188432008926594,0.000158620499302643,0.00029652696254428,0.00744325877493704,0.00293780462709565,0.00215412691841822,0.00181887681442914,0,0.000244641725201526,0.00780406829440456,0.00552115747098053,0.00377355183666212,0.0894530980538185,0.376866062270496,1.36420124706844,0.00096834801297286,0.00082379960018903,2.5997256677407e-05,0.266272890064805,0.000842359934154209,0,0.00595316357134503,0.0315354155292513
