0,13.9299400746822,405.628890872002,20.3684520125389,7.28423714637756,113.911921828985,6814.35462015867,1097.8404096365,18.8892461955547,149.630395799875,37.6259788274765,31.9070701301098,0,9548.82937839627,11.421572893858,6.22441509366035,1285.94470947981,18.0373739898205,353.049275547266,12.4590829014778,392.672555744648,6.43168193101883,1282.02450758219,134.216240912676,0,375.584014594555,360.576546311378,433.049989134073,8108.03644409776,9193.58126080036,1.80827480554581,40.7121278941631,10.4769518971443,1120.7987575829,46.5612992048264,141.685388207436,4.67419737577438,171.144711881876,65.0538241267204,20.539498925209,29.4595007002354,6.95599889755249,85.0377921164036,3.2841879427433,7.01163038611412,2.72649532556534,12.0894893407822,10.5018001198769,0,0,3.89141225814819,2.77195018529892,10.2295967340469,0.741721749305725,0.599296748638153,3.12907388806343,3.6469124853611,11.4602893590927,10.6005820631981,3.81283074617386,4.40407451987267,0,4.91603422164917,0.412503510713577,0,0.571505784988403,0,0,5.01659226417542,1.23204457759857,1.50075328350067,0.51723974943161,179.622397631407,0,0.515813827514648,23.9892693459988,69.0456630885601,5.17796260118484,3.02920323610306,0,0,0.817320287227631,14.059744566679,5.73029205203056
13.9299400746822,0,1592.99250367284,4.32610481977463,5.89845806360245,35.5469564497471,47.4922467470169,43.7294648587704,2299.81394648552,20.549258351326,187.906732678413,44.3641749024391,1354.85102617741,84.2836410999298,218.638020604849,561.347481906414,1123.56595164537,25.7511131465435,278.621900469065,9.63864779472351,90.2374525368214,3313.30498230457,196.694504648447,2887.17511948943,4300.42683327198,958.065389961004,26957.5234371722,128.316975057125,58.278988301754,50.4711908996105,97.8139691650867,22.7179016470909,2.52089148759842,1844.00747650862,192.056553810835,1649.5478681922,523.439655423164,917.83900398016,870.626693278551,161.585382670164,8.20598521828651,916.067445844412,656.464025914669,267.599884033203,303.229047566652,343.200262784958,12.7031044363976,6.0032684803009,77.3776344656944,2.87361994385719,2056.76054441929,387.124711841345,4.41565248370171,6.4883987903595,3.19857284426689,50.9838388264179,8.66846087574959,58.7000112533569,15.1489143967628,505.831848829985,14.4671791791916,555.627658188343,22.5833549201488,1.38667106628418,34.7740581035614,315.256037652493,8.99251961708069,66.9147167801857,2.76689395308495,36.7370209991932,68.7981486022472,254.899971753359,112.058045268059,114.751816570759,246.020654886961,4270.72906330228,41.6794976890087,12.2202787399292,41.5821787416935,139.609597027302,0.54387640953064,0,320.837923943996,229.14050874114
405.628890872002,1592.99250367284,0,15.7131795287132,3.64045208692551,111.542401909828,2041.90773183107,631.964611411095,54.1247920393944,44.647645264864,20.3476346731186,11.5838809609413,1.33441519737244,1611.44911980629,24.438586384058,45.3529798984528,31950.1135217547,66.3567100167274,3206.5723746419,5.02461212873459,5481.91757261753,51.7647653520107,31338.692939803,143.980224847794,12.0688591301441,36530.8101328313,69618.5243586153,1990.73564100266,403.751580357552,3685.60003811121,0,24.8519566953182,8.68290230631828,2871.46927464008,158.881988227367,1724.41887053847,869.771410912275,1248.64834192395,1030.96349042654,30.21152561903,26.7799718976021,0,3325.74795806408,1245.74002176523,1308.25453522801,1641.59437721968,27.669773042202,5.80371570587158,0.915256083011627,2.86615383625031,1379.91063165665,862.207934886217,2.12903821468353,0.934763669967651,0.854816526174545,86.1695192754269,9.38129910826683,27.6755469739437,1.50411522388458,29.5502182841301,2.54210397601128,5.55351811647415,26.5346866548061,11.1827805936337,90.8718994557858,1315.89670097828,11.7523652613163,146.917507618666,0.622235357761383,64.5247586667538,60.8890735507011,661.931332200766,112.268139123917,4.79040056467056,186.499392062426,5670.20502597094,50.7774164378643,9.79494917392731,75.1917967200279,0,0,1.46422380208969,801.477782189846,417.641312867403
20.3684520125389,4.32610481977463,15.7131795287132,0,11.0833631455898,474.057476133108,729.352208584547,463.210281461477,1214.13177761436,5950.2048124969,24.4505476951599,4839.38163614273,2.21879783272743,533.053576380014,333.410012543201,0,5.85773360729218,6.14047485589981,5.9005081653595,26740.4914658964,4.31429633498192,3.08033901453018,5.41378715634346,2457.54443579912,0,17.1957609951496,15.0788816213608,15121.5848070085,143.0602658391,15.5218965411186,0,82.2448693811893,3.61942541599274,594.322734311223,130.777635961771,936.210915446281,37.7745120227337,102.872448921204,86.3907786905766,376.413857758045,81.9157559722662,5.94113975763321,166.613927036524,2.13054627180099,25.9716126024723,21.8137574493885,256.915964394808,67.2231723666191,7.00429013371468,2.38044631481171,0.397291868925095,0,1227.77401798964,8.72230717539787,225.357717067003,13.2352433204651,135.023648500443,357.581327140331,1005.10814070702,39.061136752367,1192.06113103032,14.2147091627121,74.8371860384941,209.840172231197,0,0,1.98680472373962,1.39273715019226,539.863030910492,1.37428462505341,3.10939326882362,0,924.342988014221,0,10.4669434726238,1.78354728221893,544.367476299405,74.7427029907703,2.34371748566628,0,4.59582808613777,1.04098463058472,74.0559442639351,14.5445185899734
7.28423714637756,5.89845806360245,3.64045208692551,11.0833631455898,0,2124.08733355999,120.705663710833,493.247144758701,87.0820050239563,180.890605121851,6.31491440534592,93.3052591979504,0,96.5433459877968,5772.76760083437,57.5105143785477,11.6375627219677,2.23533391952515,2.57866632938385,27.9709425568581,68.0842699110508,17.1642800569534,142.918702602386,89.6796936690807,0.576412558555603,10.2744227051735,37.3422730863094,165.009919553995,33.7563212811947,33.8313760757446,0,2571.04280111194,1.35839283466339,1828.74568390846,3056.69057160616,1663.4462493062,49.000019133091,16.2849735319614,126.359792768955,5112.94740861654,4199.45206698775,5.94222033023834,60.2869499921799,23.1051450371742,1.9513897895813,26.2139077186584,9.84608107805252,0,0,0,0,0,1.41133666038513,4.52430713176727,20.3352933526039,6.95515328645706,6.97862306237221,23.3872474133968,6.39910531044006,15.0652703642845,21.506596326828,5.4519310593605,0.465031296014786,6.52817684412003,12.789175093174,0.99611622095108,0,1.45142066478729,2.6743129491806,8.9979253411293,5.87248146533966,25.4456720948219,59.7459306716919,0,5.77352076768875,13.8546594977379,33.7723548412323,1.26330596208572,1.52172720432281,0,0,1.59411418437958,6.10957837104797,2157.76437050104
113.911921828985,35.5469564497471,111.542401909828,474.057476133108,2124.08733355999,0,5278.97497084737,16193.7850346267,2213.12923848629,27798.4680730402,635.44039940834,7310.21008586884,57.7273080348969,1897.85439443588,2049.47082233429,4.25198656320572,176.381646901369,245.678140133619,156.233086854219,634.513775348663,64.8260982334614,47.8410089015961,176.917366564274,647.812977939844,9.26770034432411,673.849367395043,371.904305130243,2658.70438379049,682.589672982693,319.394001692533,54.650461435318,1350.75924062729,2.27100604772568,3644.1666764915,6170.77762797475,3979.65163487196,236.629430353642,296.316610842943,592.944036751986,4325.69930207729,925.66331449151,41.8489025831223,135.436633765697,9.86951124668121,40.8237903416157,37.1236397624016,783.637517273426,46.7316250503063,27.2845604419708,0,13.2753118276596,2.93384566903114,290.841206908226,32.0053249597549,397.457232624292,17.9349941909313,129.961459040642,613.107555299997,211.997722148895,142.509784966707,797.406232297421,67.8068743646145,60.5442954301834,342.309457927942,1.55389094352722,3.9545504450798,0.429871648550034,1.18563687801361,176.760062605143,1.34427845478058,4.64507901668549,0.59293931722641,765.672699391842,0.872549176216125,12.2572980523109,60.1395606100559,331.05231103301,51.1084720492363,0.709174335002899,2.24206858873367,18.2828517854214,0,60.0429832339287,658.251454621553
6814.35462015867,47.4922467470169,2041.90773183107,729.352208584547,120.705663710833,5278.97497084737,0,7968.33030754328,669.617567032576,25169.1702260971,288.129054576159,450.880894809961,23.9851904511452,18598.1438908875,483.854790478945,14.7381485700607,1404.51218147576,122.93399015069,482.485333055258,491.401720196009,1973.8321133554,67.4407945275307,3518.8830306828,3811.96681979299,9.22874930500984,1269.4182138443,2636.38940703869,38263.0750329196,2675.22382573783,13793.6848020554,38.7242206335068,420.185612440109,87.3596875667572,4473.40610587597,1000.97699189186,3656.16924676299,185.371673613787,1589.54631847143,962.902294963598,737.983989775181,518.086675137281,18.3147915303707,914.128782063723,17.0869069993496,102.008288413286,86.4626010358334,238.291578739882,196.573167681694,7.01213407516479,3.86057510972023,11.297637462616,4.01883992552757,394.377734005451,8.80698725581169,65.4971937835217,130.154760271311,211.94010424614,285.583479553461,286.283644974232,104.174919128418,230.777498632669,50.8759160637856,121.728571087122,67.2315041124821,17.481004357338,3.05109396576881,0,0,155.678938537836,1.79874655604362,40.581782579422,18.8813674449921,2568.96168494225,3.43954980373383,0.754144459962845,57.0826104283333,1079.71981549263,172.110804200172,12.3733623921871,1.96663439273834,23.048198133707,7.27345168590546,246.098219871521,167.550047725439
1097.8404096365,43.7294648587704,631.964611411095,463.210281461477,493.247144758701,16193.7850346267,7968.33030754328,0,1087.78517410159,10404.8182803988,750.073134869337,3257.06363263726,37.5479460954666,15339.0157660842,437.102428644896,5.20850330591202,1488.94210210443,282.53320223093,618.230512410402,718.814287215471,381.100041568279,28.2258873581886,1195.50231972337,947.520179331303,6.45879191160202,1163.82339574397,881.953190729022,2253.12523347139,2610.48944959044,3296.20942944288,51.417385160923,1004.9835228622,11.9518562853336,5144.94776332378,179.211706697941,4156.6403003633,248.357472062111,693.37266677618,588.416764572263,783.021888703108,992.611991286278,43.4140738546848,274.723048716784,10.2128782570362,41.4398347437382,11.394021064043,365.104796737432,39.0050525963306,15.5369168221951,2.92532646656036,12.2667193710804,4.32468044757843,131.994238644838,12.8969741761684,152.263193041086,74.5484484732151,54.1024141311646,346.143720239401,103.180532932281,95.5792802870274,310.876516789198,45.3749878704548,9.93085834383965,153.477797091007,3.12346923351288,2.2535440325737,0,0,73.8371835052967,1.57717740535736,11.5451959967613,0.608322560787201,1479.55087339878,4.27350628376007,7.12857574224472,78.8900760710239,483.364591270685,37.956623673439,3.72561851143837,0.396668255329132,1.29617181420326,3.67098617553711,71.8342765271664,14.8266386389732
18.8892461955547,2299.81394648552,54.1247920393944,1214.13177761436,87.0820050239563,2213.12923848629,669.617567032576,1087.78517410159,0,1189.02145293355,141.200423002243,2533.55104735494,348.811542183161,616.816194534302,2134.74468162656,77.5547145903111,137.551662042737,26.4022791087627,40.9376160800457,716.610827177763,84.2882308065891,8809.95141217113,49.5881561934948,24050.0741079152,1036.98475950956,214.338420808315,5357.83087366819,3056.00438168645,518.884422749281,195.517430305481,65.4462539851665,163.0911231637,24.9950719773769,1461.24165531993,2757.1853877902,1931.65763345361,217.757980525494,288.833108723164,313.071275174618,1925.67576083541,149.063207983971,186.809023678303,1029.55416113138,64.1894944012165,124.652227073908,91.3742069005966,952.846064329147,164.235257893801,27.7662112414837,5.58070823550224,21.6987410485744,4.05147299170494,1858.2102329433,62.3947503566742,548.209582805634,138.634401917458,255.213702082634,5591.76314026117,962.454840987921,221.242274820805,2531.43980175257,236.067785024643,179.115187972784,712.798853754997,102.350360810757,7.38667997717857,12.0532515347004,12.3642260730267,992.067260324955,49.0391180217266,325.227832794189,24.2457550466061,4922.21209749579,17.3109840750694,75.7039742469788,198.078852653503,1560.67455172539,250.420148998499,59.1381152570248,29.1559625566006,39.0818218290806,24.4030827879906,292.0177308321,807.377409011126
149.630395799875,20.549258351326,44.647645264864,5950.2048124969,180.890605121851,27798.4680730402,25169.1702260971,10404.8182803988,1189.02145293355,0,764.392692565918,15972.867509976,35.881462842226,6921.80151119828,615.681101471186,0,69.1274445056915,224.566865116358,139.496803313494,5766.54326483607,23.922071993351,5.02489292621613,60.4655047357082,750.183113008738,7.13653925061226,787.164847359061,244.269705668092,13649.8547482193,2192.85371387005,159.603015244007,66.2360925078392,986.430453896523,7.99355429410934,6729.25707623363,1199.66131159663,9529.65210518241,501.272662311792,1102.32340675592,981.173247754574,1863.15946909785,1089.04633167386,37.1230071485043,264.698326021433,3.84949818253517,23.3059797286987,14.6520213484764,317.46448636055,44.3103413581848,3.68118059635162,0,2.46649169921875,0,792.261924952269,13.2404801249504,207.975845292211,9.91867810487747,105.922795593739,411.977768629789,412.338831990957,61.0370038151741,994.245298177004,20.8841479718685,49.5341748893261,202.536966532469,0,0,0,0,294.890919953585,0,1.23060417175293,0,1160.17158570886,0,0,1.28560170531273,610.593770205975,40.296121776104,0.581283211708069,0.957915842533112,5.30083224177361,2.24538445472717,53.8330364227295,57.2285877466202
37.6259788274765,187.906732678413,20.3476346731186,24.4505476951599,6.31491440534592,635.44039940834,288.129054576159,750.073134869337,141.200423002243,764.392692565918,0,463.840116918087,3991.39559909701,1018.30912697315,39.5394278168678,7.36684855818748,92.4528974592686,8143.64791995287,967.764771044254,70.4777227640152,45.9927202761173,60.0414708256721,113.376492530107,93.6611333489418,582.871663302183,9169.22476005554,1315.96295309067,137.444601386786,752.717282682657,129.902478575706,1153.80191767216,1021.68377843499,4.01095217466354,20426.1255013049,76.7133991122246,750.817774295807,1803.62936270237,4445.56639316678,1037.88527569175,90.8529542684555,62.8427918255329,4914.37475788593,26.4412355720997,286.031613260508,104.183701246977,31.764101177454,26.4027275145054,0.834496736526489,202.282010108232,0.779844641685486,250.279751211405,1.70553910732269,3.15111076831818,0.95331871509552,1.36950010061264,0,4.01195472478867,59.737374484539,1.11992147564888,3899.98171132803,10.521973669529,6907.5457611382,11.6408601999283,9.87297227978706,3.71814119815826,7.69875374436378,589.287212848663,36.0613452494144,0,0.356792688369751,122.619306057692,5.23113870620728,17.2194157838821,427.462873727083,1840.90036517382,1614.8904184103,1.47717127203941,57.8838545084,0,2813.37109547853,25.1635653674603,0,923.598299443722,42.0229776203632
31.9070701301098,44.3641749024391,11.5838809609413,4839.38163614273,93.3052591979504,7310.21008586884,450.880894809961,3257.06363263726,2533.55104735494,15972.867509976,463.840116918087,0,35.1504124701023,1602.82937774062,1292.42064133286,17.0326632857323,20.2266102433205,141.811444997787,67.1650619804859,16123.8368282169,8.96634101867676,74.6446975469589,31.7031046152115,1227.10535955429,9.39334934949875,477.485708326101,245.174458771944,1917.04555979371,807.803481966257,69.1049272716045,34.0365007817745,469.695642650127,0,3340.75161620975,10312.933486104,2260.66076040268,167.82885029912,370.069871008396,475.563570529222,797.171537458897,326.179671555758,39.7751398086548,177.06895455718,7.40706020593643,42.953965306282,67.0250031650066,1332.49014976621,107.494702398777,43.37507802248,2.12247186899185,3.00304418802261,0,885.947090089321,54.9070463180542,830.038411706686,29.774632692337,303.300045758486,1204.27443528175,413.640771716833,164.450766742229,2516.32625630498,94.411692917347,116.551163643599,871.948721647263,6.81823951005936,0,3.07881388068199,3.78911161422729,394.773387283087,0,6.00290739536285,0,548.687160104513,2.33110567927361,11.5048409998417,23.7663219869137,408.52469599247,120.200122624636,1.124691426754,6.30322256684303,37.0535359084606,0,95.6068513095379,2386.0751901269
0,1354.85102617741,1.33441519737244,2.21879783272743,0,57.7273080348969,23.9851904511452,37.5479460954666,348.811542183161,35.881462842226,3991.39559909701,35.1504124701023,0,73.3088539838791,33.107039809227,25.032833725214,2.07437267899513,23.5279500484467,5.60215181112289,6.53725436329842,1.42769759893417,576.48980307579,3.88013339042664,315.343172281981,5965.80327519774,189.884394347668,2978.0232553184,7.40208423137665,34.5555335283279,6.53860834240913,1468.71033090353,49.1482275426388,0,7762.27501034737,9.05771586298943,108.929022938013,721.084877640009,2355.73277440667,127.893327653408,16.2850448489189,5.13196676969528,4906.84468859434,10.2119884192944,419.551129519939,90.7545864880085,14.8656753003597,6.81517827510834,7.32433810830116,327.754732251167,0,215.492437064648,0,1.44081032276154,0,3.20022070407867,0,3.42318215966225,59.1897327899933,0.68629515171051,6170.90804854035,6.7871915102005,10629.4577617943,13.8650133907795,2.25118806958199,9.03011167049408,0.997909545898438,353.026404678822,8.7454314827919,0,0,127.218227207661,2.31812652945518,15.4002108573914,754.608572214842,1360.01508113742,1341.58384937048,2.57544767856598,66.0961611866951,0.450526624917984,2821.37865298986,37.2633195519447,0,1218.41139551997,3.06118807196617
9548.82937839627,84.2836410999298,1611.44911980629,533.053576380014,96.5433459877968,1897.85439443588,18598.1438908875,15339.0157660842,616.816194534302,6921.80151119828,1018.30912697315,1602.82937774062,73.3088539838791,0,194.380626142025,9.3952009677887,4181.27558514476,425.325426459312,1695.07108227909,696.298548579216,989.672894626856,31.1400437057018,3203.09083242714,1288.56171116233,13.8084091544151,2481.96045841277,2149.39089994133,3249.68698979914,15582.8238687217,11797.88504529,67.5742979347706,966.446998387575,61.0820457935333,7624.4693069905,333.279512286186,2033.83388951421,122.297321915627,1392.19123472273,661.457866191864,295.112853229046,395.841228365898,29.7657533288002,641.011591017246,26.3334776759148,69.7550273835659,22.9551291763783,179.389887839556,38.7467931210995,2.72513556480408,2.86120933294296,35.1238533854485,7.73007649183273,114.670453250408,7.2446300983429,78.9749113023281,89.8211352825165,42.4551844894886,214.610066741705,72.4170610010624,49.0453651845455,186.305567324162,35.1930946409702,31.2586419284344,78.4619826376438,9.18971294164658,14.73306620121,1.04397070407867,4.42016607522964,59.9359228014946,0.418181627988815,16.4301467835903,4.99676439166069,1742.14207151532,0.719374537467957,29.1072504520416,205.919778048992,723.542710721493,49.119558095932,9.16249385476112,3.94120454788208,1.4926050901413,10.103467643261,120.49354994297,45.7992955744267
11.421572893858,218.638020604849,24.438586384058,333.410012543201,5772.76760083437,2049.47082233429,483.854790478945,437.102428644896,2134.74468162656,615.681101471186,39.5394278168678,1292.42064133286,33.107039809227,194.380626142025,0,219.611264616251,40.8126700520515,12.4319294095039,20.8947794735432,166.847239792347,455.460348218679,517.716558128595,464.242689669132,1852.79913055897,51.124952852726,59.8364410102367,649.604762226343,1435.09800949693,144.594616323709,97.041838824749,5.03952237963676,1087.81404298544,13.7889822125435,566.907640039921,10449.4220117927,807.690712809563,70.233612537384,97.236311852932,204.275901198387,11704.526124835,427.782507300377,16.9015670716763,508.771584898233,41.161848962307,59.1864515244961,52.320281714201,251.624009251595,11.8246804475784,10.8665681183338,0.681900501251221,0.851043879985809,3.60151261091232,37.9681302309036,14.0026875138283,107.044172823429,32.9865177869797,33.6386752426624,171.193416416645,30.0329238176346,48.2401420474052,166.623903930187,25.0854025483131,15.2145370543003,83.0536733865738,89.624102294445,0.542438566684723,0,2.1072878241539,25.6463930010796,27.5843663215637,48.3132733106613,36.1045250296593,910.845831781626,1.4818594455719,8.32896149158478,37.4414779543877,327.698445469141,29.7240419983864,33.1818242967129,0,3.3550611436367,3.57399493455887,74.2842375338078,2902.8717367053
6.22441509366035,561.347481906414,45.3529798984528,0,57.5105143785477,4.25198656320572,14.7381485700607,5.20850330591202,77.5547145903111,0,7.36684855818748,17.0326632857323,25.032833725214,9.3952009677887,219.611264616251,0,96.8970176279545,3.54364222288132,44.3837506771088,0,9177.02712759376,9134.51560553908,6983.74006098509,6501.56060254574,109.460159868002,128.626618087292,10370.3077049255,6224.76373451948,15.9675289094448,212.694140523672,5.35985845327377,0.606786251068115,3.00707656145096,1003.57727348804,3273.70021566749,12834.4815879166,2390.44677785039,2268.38610756397,3620.39341878891,66.1990222930908,22.5198789834976,17.0813919603825,7849.75025436282,1671.1877669394,857.225618928671,954.18459135294,134.833397209644,46.7318727970123,2.05293247103691,8.67197960615158,42.3312625288963,41.355594843626,0,38.1552161574364,0,63.7469807863235,11.2012897729874,321.891746073961,4.53889325261116,55.0250405371189,4.41673630475998,18.5996441245079,20.5540892183781,34.0333576798439,9148.89804622531,18.6127797961235,0.924665331840515,4.16515663266182,0,879.888355493546,4326.40474671125,4729.3340549767,1158.78308820724,3.41062763333321,20.675613462925,1433.42239832878,767.945180296898,113.977111697197,459.033998042345,2.02917313575745,0.866288840770721,21.2658734321594,300.489075601101,2132.8251427114
1285.94470947981,1123.56595164537,31950.1135217547,5.85773360729218,11.6375627219677,176.381646901369,1404.51218147576,1488.94210210443,137.551662042737,69.1274445056915,92.4528974592686,20.2266102433205,2.07437267899513,4181.27558514476,40.8126700520515,96.8970176279545,0,461.536410480738,9021.69944629073,3.74255695939064,3792.16598021984,341.095830917358,8307.60515013337,228.719970911741,33.8925516307354,17699.0664909631,33187.0255720019,1755.56646306813,3086.70040810108,7400.69635854661,1.08145695924759,79.9880867302418,32.8927220106125,6153.20344859362,69.4212375283241,407.555032253265,118.01357203722,646.908363729715,357.718968868256,42.6611747443676,54.8550700247288,1.74193328619003,883.852008312941,322.114178776741,378.913935631514,443.41035374999,10.11136084795,3.60879331827164,0,0.959372878074646,559.740098446608,386.541637986898,0,0,0,45.5814473628998,0,22.6577813625336,0.365143001079559,3.1041904091835,3.27592396736145,5.84192073345184,7.90200191736221,2.2800971865654,30.5482621788979,335.814272671938,3.30965667963028,60.1893216371536,0.523966073989868,22.2897444367409,98.8377924561501,251.153948992491,49.7808274328709,6.15232354402542,106.749008625746,2384.2815015018,16.6393106281757,3.23519092798233,31.1937968730927,3.91951811313629,0,0.49469655752182,201.396104633808,48.8180209994316
18.0373739898205,25.7511131465435,66.3567100167274,6.14047485589981,2.23533391952515,245.678140133619,122.93399015069,282.53320223093,26.4022791087627,224.566865116358,8143.64791995287,141.811444997787,23.5279500484467,425.325426459312,12.4319294095039,3.54364222288132,461.536410480738,0,8473.67496073246,31.8906164765358,53.599829107523,0.5170578956604,116.389643669128,17.9966341257095,190.841600507498,18317.2816540897,1989.04698762298,51.2063692212105,279.095404028893,91.492672175169,294.924224734306,305.394241660833,2.82633483409882,4667.71394601464,49.6117012500763,403.495257198811,1308.46661263704,3204.58899468184,1048.8117338419,28.1132773160934,26.0229917168617,24.0585669875145,31.9449949264526,68.0693559646606,23.4159229099751,17.9269099831581,4.02957880496979,0.65583199262619,1.47354179620743,0,37.5493388473988,2.26053437590599,0.813645660877228,0,0.534071564674377,0,0.837133765220642,10.4340953230858,0,93.9393883943558,1.53134083747864,285.610677659512,3.12200599908829,0,0,6.92632019519806,129.548837035894,62.7479719519615,0,0,14.6293430924416,3.19092845916748,0.619817018508911,72.2808937430382,968.32036113739,1650.92789229751,0.684086084365845,2.73318600654602,0,572.262173950672,0.665177762508392,0,26.0908400118351,22.788394510746
353.049275547266,278.621900469065,3206.5723746419,5.9005081653595,2.57866632938385,156.233086854219,482.485333055258,618.230512410402,40.9376160800457,139.496803313494,967.764771044254,67.1650619804859,5.60215181112289,1695.07108227909,20.8947794735432,44.3837506771088,9021.69944629073,8473.67496073246,0,9.22860637307167,1202.39578980207,46.2687561511993,1940.4105143249,76.806705892086,70.415548145771,35057.5761566162,7717.20682299137,487.62631867826,1266.09510195255,1540.61345644295,5.91713321208954,203.192139744759,27.7335772514343,7145.9691401422,81.3584355711937,739.360912561417,357.892307847738,1686.65427827835,939.702397882938,35.6326738297939,32.4161585867405,0.621928334236145,263.387253016233,169.800216376781,112.703012496233,168.175324440002,3.19785434007645,0,0,1.02932369709015,122.702293097973,47.1753109693527,0,3.62566184997559,0.352094948291779,6.94169813394547,0,3.36947172880173,0,11.2670566439629,0.606396019458771,27.4975638389587,2.87329971790314,1.25158536434174,4.53280359506607,89.602956533432,63.1008063554764,93.9319749772549,0,7.2078643143177,12.7421963512897,53.4128875732422,5.90142130851746,34.659481048584,832.922966241837,2307.39737024903,3.45084124803543,0,13.18567943573,181.339808136225,0.787054598331451,0,57.4133217334747,54.2077277898788
12.4590829014778,9.63864779472351,5.02461212873459,26740.4914658964,27.9709425568581,634.513775348663,491.401720196009,718.814287215471,716.610827177763,5766.54326483607,70.4777227640152,16123.8368282169,6.53725436329842,696.298548579216,166.847239792347,0,3.74255695939064,31.8906164765358,9.22860637307167,0,2.42645227909088,10.7563485205173,9.18868082761765,2911.59717649221,1.55203288793564,80.1283462941647,53.6410908848047,5967.62320381403,254.478270441294,17.2147948741913,7.09891882538795,125.780055403709,0.615667581558228,861.530792027712,158.737129867077,1292.09134191275,74.6280410885811,144.248808354139,149.387001901865,315.291952013969,137.447880238295,6.05874267220497,109.305963426828,0.703665852546692,18.4831575453281,17.5973470211029,223.667878806591,48.1732987463474,4.57793593406677,1.86079180240631,0.673495233058929,0,1475.75656437874,8.69226264953613,150.131103843451,14.9197085499763,93.9120887368917,261.414462178946,261.983263760805,24.3258256316185,858.081846833229,20.6119011342525,41.1743596792221,165.397697210312,0,0,0,0,479.190838724375,0,0.426810443401337,0,669.521157205105,0,1.22509789466858,0,359.062432408333,35.8986304104328,0.527685105800629,0,8.92745092511177,0,54.4774717986584,17.9860756993294
392.672555744648,90.2374525368214,5481.91757261753,4.31429633498192,68.0842699110508,64.8260982334614,1973.8321133554,381.100041568279,84.2882308065891,23.922071993351,45.9927202761173,8.96634101867676,1.42769759893417,989.672894626856,455.460348218679,9177.02712759376,3792.16598021984,53.599829107523,1202.39578980207,2.42645227909088,0,240.264321476221,45806.5127840489,730.778869539499,7.3360398709774,1868.16848245263,5605.28942149878,22701.7304696888,671.792459279299,32984.7289269269,0.945808082818985,25.9606064558029,95.7628332972527,17072.0882072598,2852.63082996011,5270.18749701977,454.942382082343,6839.44965048134,4098.11619767547,156.227907150984,55.6277341842651,2.61392426490784,1209.86876314878,179.139590024948,121.120987415314,132.521982312202,24.9634045064449,14.5540243983269,0,4.33097040653229,42.9744176864624,15.100776642561,0.969061017036438,11.6625603437424,0.878054916858673,3.49921491742134,5.09055975079536,99.279012709856,4.70408618450165,11.8232162594795,2.01120150089264,0.96718043088913,6.14131706953049,5.80629754066467,389.686144649982,25.4003645777702,0,2.37049984931946,0,150.548262566328,257.144629597664,178.608875662088,452.39253821969,1.80585664510727,2.53582054376602,275.479855656624,288.852431803942,51.645495980978,131.753492176533,0,0.797742545604706,8.19145593047142,74.1256556808949,624.755500555038
6.43168193101883,3313.30498230457,51.7647653520107,3.08033901453018,17.1642800569534,47.8410089015961,67.4407945275307,28.2258873581886,8809.95141217113,5.02489292621613,60.0414708256721,74.6446975469589,576.48980307579,31.1400437057018,517.716558128595,9134.51560553908,341.095830917358,0.5170578956604,46.2687561511993,10.7563485205173,240.264321476221,0,874.824768036604,11355.8537843227,1559.06287229061,157.697726115584,21018.7823690474,639.656725287437,52.441943526268,49.281123816967,73.6145139336586,2.57483416795731,7.78634104132652,645.5506323874,383.723183304071,2220.53991824389,479.478038161993,559.41267478466,563.781980663538,266.939853817225,17.5475982427597,276.35944467783,1642.05246645212,295.672915577888,261.957793295383,294.922820776701,46.4631477594376,20.7219245731831,24.9288374781609,1.43699657917023,237.799118548632,83.638325959444,13.2428764998913,5.39248186349869,11.0652537643909,76.6385131180286,16.0721250772476,594.734489381313,13.8398391902447,205.750240385532,43.615548402071,217.129880338907,11.7891658246517,13.7665853500366,2166.33178025484,44.5444897413254,6.10131621360779,7.29548496007919,16.0225395858288,205.931842923164,2777.20695438981,1393.90554890037,655.044333964586,33.9840353429317,49.3465560972691,1871.73861145973,279.302147209644,8.47262254357338,93.1272088587284,59.5965953469276,0,5.34542971849442,162.262114495039,407.409833103418
1282.02450758219,196.694504648447,31338.692939803,5.41378715634346,142.918702602386,176.917366564274,3518.8830306828,1195.50231972337,49.5881561934948,60.4655047357082,113.376492530107,31.7031046152115,3.88013339042664,3203.09083242714,464.242689669132,6983.74006098509,8307.60515013337,116.389643669128,1940.4105143249,9.18868082761765,45806.5127840489,874.824768036604,0,627.100133806467,16.5576998889446,5366.431396842,81031.5550366938,9014.33194890618,1630.30759301782,21570.6247027665,2.83928015828133,52.8331489264965,21.7347837388515,22760.3195062727,5889.26141348481,14433.4160402417,1489.93827208877,18283.9249332845,15517.0187444091,221.732410162687,122.967031568289,0,1896.99204993248,445.744090914726,637.96700528264,695.91411164403,47.486322671175,16.6742208302021,0,0,70.7624706923962,63.2334474623203,1.93426352739334,41.7848113179207,5.1127382516861,41.9992710351944,6.79219630360603,23.7345720827579,1.73939299583435,22.3815383315086,11.9066788256168,1.42114078998566,0.46585088968277,13.1690782308578,1710.98608019948,84.9671818315983,1.87507778406143,8.9863902926445,1.08685004711151,127.249189585447,810.379455983639,1700.01432615519,187.011608123779,1.62087202072144,22.6963422596455,2133.46943259239,135.464186757803,7.68160408735275,36.3487166166306,0,0,1.14106345176697,121.047534376383,2435.67849230766
134.216240912676,2887.17511948943,143.980224847794,2457.54443579912,89.6796936690807,647.812977939844,3811.96681979299,947.520179331303,24050.0741079152,750.183113008738,93.6611333489418,1227.10535955429,315.343172281981,1288.56171116233,1852.79913055897,6501.56060254574,228.719970911741,17.9966341257095,76.806705892086,2911.59717649221,730.778869539499,11355.8537843227,627.100133806467,0,824.46983101964,245.191648393869,7606.69741274416,21890.6165206283,2154.82935100794,1394.83567205071,37.7880922853947,106.582013636827,286.156917780638,3173.0120023787,1961.26175865531,7265.77533718944,696.802683979273,1450.96829010546,1112.32954634726,1491.01728019118,257.644591212273,154.295191198587,12075.7264679372,459.39560469985,1252.93413349986,817.026474922895,1289.29241231084,1268.02369502187,53.7683946788311,47.7260774374008,83.7401741445065,13.075774282217,2736.18271681666,35.8726311028004,358.862638115883,1050.23236045241,830.017934888601,4279.80667224526,1800.7711391449,636.175405919552,1946.35479047894,422.693974494934,686.042505681515,500.709290593863,1097.61034566164,16.0628142952919,3.24799066781998,5.93628054857254,1191.05976900458,376.6590962708,1378.35175555944,404.263035476208,24271.9301764667,12.5439028739929,32.8433739542961,476.337971061468,9305.73921215534,1376.44307646155,688.787407904863,15.1738499999046,178.900322973728,162.391363590956,2088.00633564591,1606.0443354547
0,4300.42683327198,12.0688591301441,0,0.576412558555603,9.26770034432411,9.22874930500984,6.45879191160202,1036.98475950956,7.13653925061226,582.871663302183,9.39334934949875,5965.80327519774,13.8084091544151,51.124952852726,109.460159868002,33.8925516307354,190.841600507498,70.415548145771,1.55203288793564,7.3360398709774,1559.06287229061,16.5576998889446,824.46983101964,0,1280.87012040615,21274.4101177752,23.008000433445,15.6679593622684,3.25273045897484,1683.3377405107,9.116963326931,1.37866550683975,1061.48618584871,10.393627345562,164.544146120548,308.437142252922,237.359768986702,171.304185271263,30.452671200037,1.57789081335068,884.105441182852,129.547257065773,218.140142738819,93.7645700275898,61.0992855131626,5.44318145513535,0,174.705426335335,0,429.073922276497,8.70651066303253,0,0,2.42695945501328,3.11525452136993,1.53162896633148,73.388527482748,1.19852012395859,1126.63752686977,8.50138938426971,2911.79200097919,13.1457901895046,1.81177181005478,6.80535560846329,57.0398312211037,38.5733631253242,41.8250826895237,0.596160769462585,2.32352685928345,128.138093858957,8.98912712931633,24.2436602115631,1354.54407945275,595.486102700233,4200.78929817677,7.296695291996,13.0998117923737,9.508769094944,882.443999350071,10.8689260482788,0,434.617632329464,12.2339830994606
375.584014594555,958.065389961004,36530.8101328313,17.1957609951496,10.2744227051735,673.849367395043,1269.4182138443,1163.82339574397,214.338420808315,787.164847359061,9169.22476005554,477.485708326101,189.884394347668,2481.96045841277,59.8364410102367,128.626618087292,17699.0664909631,18317.2816540897,35057.5761566162,80.1283462941647,1868.16848245263,157.697726115584,5366.431396842,245.191648393869,1280.87012040615,0,39368.2779183239,950.50658261776,1684.38550239801,1765.81437194347,1212.95821028948,854.330892086029,29.6382087320089,14121.1394830495,715.286619573832,7464.98649787903,7185.58040371537,9449.57087783515,7402.85163471103,100.315444409847,99.1899448335171,75.9453062415123,2118.79390090704,1577.14674848318,895.165299803019,1315.40532287955,39.2007156312466,6.0406602025032,20.0434091091156,4.21927225589752,823.09118694067,159.349248111248,1.12420606613159,16.8130779266357,2.77603748440742,52.8364172875881,10.7304239571095,93.7473009675741,0.674153208732605,397.899584501982,7.05809733271599,1327.20029038191,59.1892595887184,3.60799950361252,46.9499892294407,949.457786917686,869.138919323683,870.218686550856,0,67.4103705883026,167.881079256535,244.794357180595,39.726783901453,628.120036780834,5118.28397244215,16724.4082105458,26.9610975384712,33.7023991048336,103.862423300743,2683.95302680135,11.5426833033562,0.364681661128998,544.405070960522,645.869890362024
360.576546311378,26957.5234371722,69618.5243586153,15.0788816213608,37.3422730863094,371.904305130243,2636.38940703869,881.953190729022,5357.83087366819,244.269705668092,1315.96295309067,245.174458771944,2978.0232553184,2149.39089994133,649.604762226343,10370.3077049255,33187.0255720019,1989.04698762298,7717.20682299137,53.6410908848047,5605.28942149878,21018.7823690474,81031.5550366938,7606.69741274416,21274.4101177752,39368.2779183239,0,6067.72553272545,1166.87882643938,2890.28459183872,1560.95543473959,342.725587129593,33.0811598002911,27634.4429949671,3930.51485031843,26439.502102524,7540.96561703086,23804.7049520314,20927.8857143521,384.238047540188,218.101046144962,406.866901427507,15246.8184033334,6001.81374579668,6509.16861376166,7789.04270726442,229.68332439661,74.8148534595966,46.4910537302494,26.2831686735153,6546.20392164588,2585.46897733212,12.5357191860676,100.548468470573,17.8342714011669,811.794132530689,145.710347503424,289.903014406562,39.5813267230988,1341.44206348062,50.2712356448174,3105.02896699309,264.36906516552,27.4992533624172,3482.89159938693,3833.04997250438,701.629008322954,1593.90225687623,1.19679391384125,716.808592945337,5393.68646210432,9867.76842853427,663.143947035074,1764.56146484613,8204.58421400189,59212.5836450458,592.545571118593,120.756353318691,611.319428473711,3844.38615715504,14.2241269648075,5.73066100478172,2588.38719281554,4683.9362488389
433.049989134073,128.316975057125,1990.73564100266,15121.5848070085,165.009919553995,2658.70438379049,38263.0750329196,2253.12523347139,3056.00438168645,13649.8547482193,137.444601386786,1917.04555979371,7.40208423137665,3249.68698979914,1435.09800949693,6224.76373451948,1755.56646306813,51.2063692212105,487.62631867826,5967.62320381403,22701.7304696888,639.656725287437,9014.33194890618,21890.6165206283,23.008000433445,950.50658261776,6067.72553272545,0,5398.75906197727,43548.9523522258,7.2766549885273,243.58239479363,1127.62581494451,9748.24209278822,4573.0198225677,12130.4822960198,1044.20394077897,6004.87217988074,4314.1943898052,1250.27155151963,455.271331399679,24.4212514460087,5935.61215466261,215.851692080498,595.864539682865,398.680441737175,772.927735060453,675.552322417498,36.1522322595119,25.3352854847908,30.5188499689102,16.6556599140167,1636.91763392091,39.5803256034851,284.559958532453,495.782772749662,409.954005867243,1232.30586856604,979.062902867794,325.975306034088,1492.10939353704,144.324003517628,327.062128335238,310.34721827507,499.548323482275,9.21532961726189,0,0,703.297769024968,142.117979258299,349.889597266912,281.075063109398,10677.564370811,1.02332866191864,3.12156015634537,371.687465339899,4456.54877790809,635.353225708008,332.065561980009,1.36981856822968,54.8807840943336,62.8519407510757,1010.99044412374,1075.04184520245
8108.03644409776,58.278988301754,403.751580357552,143.0602658391,33.7563212811947,682.589672982693,2675.22382573783,2610.48944959044,518.884422749281,2192.85371387005,752.717282682657,807.803481966257,34.5555335283279,15582.8238687217,144.594616323709,15.9675289094448,3086.70040810108,279.095404028893,1266.09510195255,254.478270441294,671.792459279299,52.441943526268,1630.30759301782,2154.82935100794,15.6679593622684,1684.38550239801,1166.87882643938,5398.75906197727,0,17723.598706156,57.3209955990314,923.705627262592,7981.75229078531,11040.9336957037,363.301113069057,962.817991644144,90.1519302427769,1477.91132023931,586.079826772213,223.791410893202,335.294004917145,18.9206486642361,1041.1115604043,21.923809915781,110.062392801046,41.7180970311165,144.381037026644,40.6124440133572,5.82610142230988,1.51963803172112,28.2821866571903,6.99532121419907,30.6460552513599,1.47612977027893,24.4130190908909,141.811895489693,15.0189145505428,207.855447798967,38.9881893396378,45.9202501475811,77.5526552498341,23.8057460486889,13.845313757658,50.3663144111633,4.67903882265091,16.5140779614449,2.7001348733902,4.58400949835777,17.7721530497074,2.9268878698349,20.4525192677975,2.82490807771683,2160.19475546479,0.762659132480621,11.4534112215042,145.803542971611,781.767802715302,47.7661488056183,20.0267533063889,4.43783169984818,0.810415506362915,18.3658266067505,139.429011285305,71.1956321597099
